Cobbity2/QGIS/1mHCPmag.asc
NCOLS 600
NROWS 419
XLLCORNER 150.66
YLLCORNER -34.028
CELLSIZE 1e-05
NODATA_VALUE -9999
[rows 200 to 224 of 419, columns 456 to 512 of 600]
0.0987737 0.098780442 0.098790485 0.098803762 0.098820209 0.098839763 0.09886236 0.098887939 0.098916438 0.098947799 0.098981963 0.099018871 0.099058467 0.099100694 0.099145498 0.099192825 0.099242621 0.099294833 0.099349411 0.099406303 0.099465459 0.09952683 0.099590369 0.099656026 0.099723756 0.099793512 0.099865249 0.099938922 0.10001449 0.1000919 0.10017113 0.10025211 0.10033482 0.10041922 0.10050526 0.1005929 0.10068211 0.10077284 0.10086507 0.10095875 0.10105386 0.10115034 0.10124817 0.10134731 0.10144774 0.10154941 0.10165229 0.10175636 0.10186158 0.10196791 0.10207534 0.10218382 0.10229334 0.10240385 0.10251533 0.10262776 0.10274111
0.099429543 0.099429835 0.099433485 0.099440424 0.099450587 0.099463912 0.099480333 0.09949979 0.099522221 0.099547566 0.099575766 0.099606762 0.099640498 0.099676916 0.099715962 0.099757581 0.099801719 0.099848324 0.099897343 0.099948725 0.10000242 0.10005838 0.10011655 0.10017689 0.10023935 0.10030389 0.10037045 0.10043899 0.10050947 0.10058185 0.10065607 0.10073211 0.10080992 0.10088945 0.10097067 0.10105354 0.10113802 0.10122407 0.10131165 0.10140073 0.10149127 0.10158324 0.10167659 0.1017713 0.10186732 0.10196464 0.10206321 0.102163 0.10226398 0.10236612 0.10246938 0.10257375 0.10267918 0.10278565 0.10289313 0.10300159 0.103111
0.10008303 0.10007694 0.10007427 0.10007493 0.10007888 0.10008604 0.10009635 0.10010974 0.10012616 0.10014555 0.10016785 0.10019299 0.10022092 0.10025159 0.10028493 0.10032089 0.10035943 0.10040047 0.10044399 0.10048991 0.10053819 0.10058878 0.10064164 0.10069671 0.10075394 0.1008133 0.10087472 0.10093818 0.10100362 0.101071 0.10114027 0.1012114 0.10128434 0.10135905 0.10143549 0.10151363 0.10159341 0.10167481 0.10175778 0.10184229 0.1019283 0.10201578 0.10210469 0.10219499 0.10228665 0.10237964 0.10247393 0.10256947 0.10266624 0.10276421 0.10286335 0.10296362 0.10306499 0.10316744 0.10327094 0.10337545 0.10348096
0.1007341 0.1007217 0.10071276 0.10070722 0.10070502 0.10070607 0.10071033 0.10071773 0.10072821 0.1007417 0.10075815 0.10077749 0.10079968 0.10082464 0.10085234 0.1008827 0.10091568 0.10095123 0.10098928 0.10102979 0.10107271 0.10111799 0.10116557 0.10121542 0.10126747 0.10132169 0.10137803 0.10143644 0.10149688 0.1015593 0.10162366 0.10168992 0.10175804 0.10182797 0.10189967 0.1019731 0.10204823 0.10212501 0.10220341 0.10228338 0.1023649 0.10244793 0.10253242 0.10261835 0.10270568 0.10279437 0.1028844 0.10297573 0.10306832 0.10316215 0.10325718 0.10335338 0.10345073 0.10354919 0.10364873 0.10374932 0.10385094
0.10138268 0.10136404 0.10134892 0.10133724 0.10132894 0.10132397 0.10132224 0.1013237 0.10132829 0.10133595 0.10134661 0.10136021 0.10137671 0.10139603 0.10141813 0.10144295 0.10147043 0.10150052 0.10153317 0.10156832 0.10160593 0.10164594 0.1016883 0.10173297 0.10177989 0.10182902 0.10188031 0.10193372 0.10198921 0.10204671 0.1021062 0.10216763 0.10223096 0.10229614 0.10236314 0.10243191 0.10250242 0.10257462 0.10264848 0.10272396 0.10280102 0.10287962 0.10295974 0.10304132 0.10312435 0.10320878 0.10329458 0.10338172 0.10347016 0.10355988 0.10365083 0.103743 0.10383634 0.10393083 0.10402645 0.10412315 0.10422091
0.10202873 0.10200391 0.10198266 0.10196492 0.1019506 0.10193965 0.101932 0.10192759 0.10192635 0.10192823 0.10193317 0.10194109 0.10195195 0.10196569 0.10198225 0.10200158 0.10202362 0.10204831 0.1020756 0.10210545 0.10213779 0.10217258 0.10220977 0.1022493 0.10229114 0.10233523 0.10238152 0.10242997 0.10248054 0.10253317 0.10258783 0.10264448 0.10270306 0.10276353 0.10282587 0.10289002 0.10295594 0.1030236 0.10309295 0.10316397 0.1032366 0.10331082 0.10338659 0.10346387 0.10354262 0.10362282 0.10370442 0.10378741 0.10387173 0.10395736 0.10404427 0.10413242 0.10422179 0.10431234 0.10440405 0.10449688 0.10459081
0.10267216 0.10264125 0.10261395 0.10259019 0.10256992 0.10255306 0.10253956 0.10252934 0.10252234 0.1025185 0.10251777 0.10252007 0.10252536 0.10253357 0.10254465 0.10255854 0.10257518 0.10259453 0.10261652 0.1026411 0.10266823 0.10269785 0.10272991 0.10276437 0.10280116 0.10284025 0.10288159 0.10292513 0.10297083 0.10301863 0.10306851 0.1031204 0.10317428 0.10323009 0.1032878 0.10334736 0.10340874 0.10347189 0.10353678 0.10360336 0.10367161 0.10374147 0.10381293 0.10388593 0.10396045 0.10403644 0.10411389 0.10419274 0.10427297 0.10435455 0.10443744 0.10452161 0.10460703 0.10469367 0.1047815 0.10487049 0.10496061
0.10331294 0.10327599 0.1032427 0.10321301 0.10318685 0.10316416 0.10314486 0.10312889 0.10311619 0.1031067 0.10310036 0.1030971 0.10309687 0.10309961 0.10310526 0.10311377 0.10312508 0.10313913 0.10315587 0.10317525 0.10319721 0.10322171 0.1032487 0.10327812 0.10330992 0.10334406 0.10338049 0.10341916 0.10346003 0.10350305 0.10354817 0.10359536 0.10364457 0.10369576 0.10374888 0.10380389 0.10386076 0.10391945 0.1039799 0.10404209 0.10410598 0.10417153 0.10423871 0.10430747 0.10437778 0.10444961 0.10452292 0.10459767 0.10467384 0.1047514 0.1048303 0.10491051 0.10499202 0.10507477 0.10515875 0.10524393 0.10533027
0.10395099 0.10390808 0.10386888 0.10383332 0.10380134 0.10377287 0.10374784 0.10372619 0.10370785 0.10369277 0.10368088 0.10367212 0.10366643 0.10366376 0.10366404 0.10366722 0.10367324 0.10368205 0.1036936 0.10370782 0.10372468 0.10374411 0.10376606 0.10379049 0.10381735 0.10384658 0.10387815 0.103912 0.10394808 0.10398636 0.10402678 0.10406931 0.10411389 0.10416049 0.10420907 0.10425957 0.10431197 0.10436622 0.10442229 0.10448012 0.10453969 0.10460096 0.10466389 0.10472844 0.10479458 0.10486227 0.10493148 0.10500217 0.10507431 0.10514786 0.1052228 0.1052991 0.10537671 0.10545561 0.10553576 0.10561715 0.10569973
0.10458626 0.10453746 0.10449241 0.10445106 0.10441332 0.10437914 0.10434845 0.10432118 0.10429727 0.10427666 0.10425928 0.10424508 0.10423399 0.10422596 0.10422093 0.10421884 0.10421963 0.10422326 0.10422966 0.10423878 0.10425057 0.10426498 0.10428196 0.10430145 0.10432341 0.10434778 0.10437453 0.1044036 0.10443495 0.10446852 0.10450429 0.10454219 0.10458219 0.10462425 0.10466831 0.10471435 0.10476232 0.10481218 0.10486388 0.1049174 0.10497268 0.1050297 0.10508842 0.10514879 0.10521079 0.10527438 0.10533952 0.10540618 0.10547432 0.10554391 0.10561492 0.10568731 0.10576106 0.10583613 0.10591249 0.10599011 0.10606897
0.10521869 0.10516407 0.10511326 0.10506617 0.10502275 0.10498293 0.10494664 0.10491381 0.10488439 0.10485831 0.10483551 0.10481592 0.1047995 0.10478617 0.10477588 0.10476857 0.10476419 0.10476268 0.10476399 0.10476806 0.10477485 0.10478429 0.10479633 0.10481093 0.10482804 0.10484761 0.10486958 0.10489392 0.10492057 0.1049495 0.10498064 0.10501396 0.10504942 0.10508697 0.10512657 0.10516818 0.10521176 0.10525726 0.10530464 0.10535387 0.10540491 0.10545772 0.10551226 0.10556849 0.10562639 0.1056859 0.105747 0.10580966 0.10587383 0.10593949 0.1060066 0.10607512 0.10614504 0.10621631 0.1062889 0.10636279 0.10643794
0.10584824 0.10578787 0.10573135 0.10567861 0.10562957 0.10558417 0.10554235 0.10550403 0.10546916 0.10543768 0.10540951 0.1053846 0.10536289 0.10534432 0.10532883 0.10531637 0.10530687 0.10530029 0.10529656 0.10529563 0.10529745 0.10530197 0.10530914 0.1053189 0.10533121 0.10534601 0.10536326 0.10538291 0.10540491 0.10542922 0.10545579 0.10548458 0.10551554 0.10554863 0.1055838 0.10562102 0.10566024 0.10570142 0.10574452 0.10578951 0.10583634 0.10588497 0.10593536 0.10598749 0.10604131 0.10609679 0.10615389 0.10621257 0.1062728 0.10633456 0.1063978 0.10646249 0.10652859 0.10659609 0.10666494 0.10673512 0.10680659
0.10647485 0.1064088 0.10634665 0.10628831 0.10623372 0.10618282 0.10613553 0.10609179 0.10605153 0.1060147 0.10598123 0.10595106 0.10592413 0.10590038 0.10587975 0.10586218 0.10584762 0.10583601 0.1058273 0.10582143 0.10581835 0.105818 0.10582034 0.10582531 0.10583286 0.10584294 0.10585552 0.10587052 0.10588792 0.10590767 0.10592971 0.105954 0.1059805 0.10600917 0.10603995 0.10607282 0.10610773 0.10614463 0.10618348 0.10622426 0.10626691 0.1063114 0.10635769 0.10640575 0.10645553 0.106507 0.10656013 0.10661487 0.1066712 0.10672908 0.10678848 0.10684936 0.10691169 0.10697545 0.10704059 0.10710708 0.10717491
0.10709846 0.10702681 0.10695909 0.10689523 0.10683516 0.10677882 0.10672613 0.10667703 0.10663145 0.10658934 0.10655063 0.10651526 0.10648317 0.10645429 0.10642858 0.10640597 0.1063864 0.10636982 0.10635618 0.10634541 0.10633748 0.10633231 0.10632987 0.1063301 0.10633294 0.10633836 0.1063463 0.10635672 0.10636956 0.10638477 0.10640233 0.10642217 0.10644425 0.10646854 0.10649498 0.10652354 0.10655417 0.10658683 0.10662148 0.10665808 0.1066966 0.10673698 0.1067792 0.10682322 0.10686899 0.10691649 0.10696568 0.10701652 0.10706898 0.10712301 0.1071786 0.10723571 0.10729429 0.10735433 0.10741579 0.10747863 0.10754283
0.10771903 0.10764185 0.10756864 0.10749933 0.10743384 0.10737212 0.1073141 0.1072597 0.10720887 0.10716154 0.10711766 0.10707714 0.10703995 0.10700601 0.10697527 0.10694767 0.10692315 0.10690166 0.10688314 0.10686754 0.1068548 0.10684487 0.10683769 0.10683323 0.10683142 0.10683222 0.10683557 0.10684144 0.10684977 0.10686051 0.10687362 0.10688905 0.10690676 0.10692671 0.10694885 0.10697313 0.10699953 0.10702799 0.10705847 0.10709094 0.10712535 0.10716167 0.10719985 0.10723986 0.10728167 0.10732523 0.10737051 0.10741748 0.10746609 0.10751632 0.10756813 0.10762148 0.10767635 0.10773271 0.10779051 0.10784973 0.10791034
0.1083365 0.10825387 0.10817523 0.10810054 0.10802971 0.10796269 0.10789939 0.10783977 0.10778375 0.10773126 0.10768226 0.10763667 0.10759443 0.10755549 0.10751978 0.10748725 0.10745783 0.10743148 0.10740814 0.10738775 0.10737026 0.10735562 0.10734377 0.10733466 0.10732824 0.10732447 0.10732329 0.10732465 0.10732851 0.10733482 0.10734353 0.1073546 0.10736798 0.10738363 0.10740151 0.10742156 0.10744376 0.10746806 0.10749441 0.10752278 0.10755313 0.10758541 0.1076196 0.10765564 0.10769351 0.10773317 0.10777458 0.1078177 0.10786251 0.10790896 0.10795702 0.10800666 0.10805784 0.10811054 0.10816471 0.10822034 0.10827738
0.10895084 0.10886281 0.10877883 0.10869883 0.10862272 0.10855046 0.10848197 0.10841718 0.10835603 0.10829845 0.10824439 0.10819378 0.10814656 0.10810268 0.10806206 0.10802465 0.1079904 0.10795925 0.10793114 0.10790602 0.10788383 0.10786452 0.10784805 0.10783435 0.10782337 0.10781507 0.1078094 0.10780631 0.10780575 0.10780767 0.10781202 0.10781877 0.10782787 0.10783926 0.10785292 0.10786879 0.10788683 0.107907 0.10792926 0.10795357 0.10797989 0.10800818 0.1080384 0.10807052 0.10810449 0.10814028 0.10817785 0.10821716 0.10825819 0.10830089 0.10834524 0.10839119 0.10843871 0.10848778 0.10853836 0.10859042 0.10864392
0.10956199 0.10946865 0.10937939 0.10929414 0.10921283 0.1091354 0.10906177 0.10899188 0.10892567 0.10886307 0.10880402 0.10874845 0.10869631 0.10864753 0.10860206 0.10855984 0.10852081 0.10848491 0.10845209 0.10842229 0.10839546 0.10837154 0.10835049 0.10833224 0.10831676 0.10830399 0.10829387 0.10828637 0.10828143 0.10827901 0.10827906 0.10828153 0.10828638 0.10829357 0.10830304 0.10831476 0.10832869 0.10834477 0.10836298 0.10838327 0.1084056 0.10842994 0.10845623 0.10848445 0.10851455 0.1085465 0.10858027 0.10861581 0.10865309 0.10869208 0.10873274 0.10877504 0.10881894 0.10886441 0.10891142 0.10895994 0.10900993
0.1101699 0.11007132 0.10997685 0.10988643 0.10979999 0.10971745 0.10963876 0.10956384 0.10949263 0.10942506 0.10936108 0.10930062 0.10924362 0.10919002 0.10913975 0.10909277 0.10904901 0.10900842 0.10897094 0.10893652 0.1089051 0.10887662 0.10885104 0.10882831 0.10880837 0.10879117 0.10877666 0.1087648 0.10875553 0.10874881 0.10874459 0.10874283 0.10874348 0.1087465 0.10875183 0.10875945 0.1087693 0.10878134 0.10879554 0.10881185 0.10883022 0.10885063 0.10887304 0.10889739 0.10892367 0.10895182 0.10898181 0.10901361 0.10904718 0.10908249 0.1091195 0.10915817 0.10919847 0.10924038 0.10928385 0.10932886 0.10937537
0.11077454 0.11067079 0.11057119 0.11047567 0.11038416 0.11029659 0.11021289 0.110133 0.11005686 0.1099844 0.10991555 0.10985025 0.10978845 0.10973008 0.10967508 0.1096234 0.10957498 0.10952975 0.10948767 0.10944867 0.10941271 0.10937973 0.10934968 0.1093225 0.10929815 0.10927657 0.10925772 0.10924154 0.10922799 0.10921703 0.10920859 0.10920264 0.10919913 0.10919802 0.10919926 0.10920281 0.10920862 0.10921666 0.10922689 0.10923925 0.10925371 0.10927024 0.10928879 0.10930932 0.1093318 0.10935619 0.10938244 0.10941054 0.10944043 0.10947208 0.10950547 0.10954055 0.10957729 0.10961566 0.10965562 0.10969715 0.1097402
0.11137586 0.11126701 0.11116235 0.1110618 0.11096529 0.11087275 0.11078412 0.11069934 0.11061832 0.11054102 0.11046737 0.11039731 0.11033076 0.11026769 0.11020802 0.11015169 0.11009865 0.11004885 0.11000221 0.1099587 0.10991826 0.10988083 0.10984635 0.10981479 0.10978607 0.10976017 0.10973702 0.10971657 0.10969879 0.10968361 0.109671 0.10966091 0.10965329 0.10964809 0.10964528 0.1096448 0.10964662 0.1096507 0.10965699 0.10966545 0.10967604 0.10968872 0.10970345 0.10972019 0.10973891 0.10975956 0.10978212 0.10980654 0.10983278 0.10986082 0.10989062 0.10992214 0.10995534 0.1099902 0.11002669 0.11006477 0.1101044
0.11197382 0.11185995 0.1117503 0.11164478 0.11154334 0.11144591 0.11135242 0.11126279 0.11117698 0.11109491 0.11101651 0.11094174 0.11087052 0.1108028 0.11073851 0.1106776 0.11062 0.11056567 0.11051455 0.11046658 0.1104217 0.11037987 0.11034102 0.11030512 0.1102721 0.11024191 0.11021451 0.11018985 0.11016787 0.11014854 0.1101318 0.11011761 0.11010591 0.11009668 0.11008985 0.1100854 0.11008326 0.11008342 0.11008581 0.1100904 0.11009715 0.11010603 0.11011698 0.11012997 0.11014496 0.11016192 0.11018081 0.11020159 0.11022422 0.11024867 0.11027491 0.1103029 0.11033261 0.11036399 0.11039703 0.11043168 0.11046792
0.11256838 0.11244956 0.11233498 0.11222458 0.11211829 0.11201602 0.11191773 0.11182334 0.11173279 0.11164601 0.11156294 0.11148351 0.11140768 0.11133536 0.11126652 0.11120108 0.11113899 0.11108019 0.11102463 0.11097225 0.110923 0.11087682 0.11083365 0.11079346 0.11075618 0.11072176 0.11069016 0.11066133 0.11063521 0.11061177 0.11059094 0.11057269 0.11055697 0.11054374 0.11053295 0.11052455 0.11051851 0.11051478 0.11051331 0.11051408 0.11051703 0.11052213 0.11052934 0.11053862 0.11054992 0.11056322 0.11057847 0.11059565 0.1106147 0.1106356 0.11065832 0.11068281 0.11070904 0.11073698 0.1107666 0.11079786 0.11083074
0.1131595 0.1130358 0.11291638 0.11280116 0.11269007 0.11258305 0.11248002 0.11238093 0.11228571 0.11219428 0.1121066 0.11202259 0.11194219 0.11186536 0.11179201 0.1117221 0.11165558 0.11159237 0.11153242 0.11147569 0.11142211 0.11137164 0.11132421 0.11127977 0.11123828 0.11119969 0.11116394 0.11113098 0.11110077 0.11107325 0.11104839 0.11102613 0.11100643 0.11098924 0.11097452 0.11096223 0.11095231 0.11094474 0.11093946 0.11093644 0.11093563 0.110937 0.1109405 0.1109461 0.11095375 0.11096343 0.11097508 0.11098868 0.11100419 0.11102158 0.1110408 0.11106182 0.11108462 0.11110915 0.11113538 0.11116328 0.11119281
0.11374714 0.11361864 0.11349444 0.11337447 0.11325867 0.11314695 0.11303926 0.11293553 0.1128357 0.1127397 0.11264746 0.11255893 0.11247404 0.11239273 0.11231495 0.11224063 0.11216972 0.11210216 0.11203789 0.11197686 0.11191901 0.11186429 0.11181264 0.11176402 0.11171838 0.11167565 0.1116358 0.11159876 0.1115645 0.11153297 0.11150411 0.11147789 0.11145425 0.11143315 0.11141455 0.1113984 0.11138465 0.11137328 0.11136422 0.11135745 0.11135292 0.1113506 0.11135043 0.11135238 0.11135642 0.11136251 0.1113706 0.11138066 0.11139266 0.11140656 0.11142232 0.11143991 0.1114593 0.11148045 0.11150332 0.11152789 0.11155412
