Cobbity2/QGIS/1mHCPmag.asc
NCOLS 600
NROWS 419
XLLCORNER 150.66
YLLCORNER -34.028
CELLSIZE 1e-05
NODATA_VALUE -9999
[rows 300 to 324 of 419, columns 342 to 398 of 600]
0.21307585 0.21224472 0.2114151 0.2105872 0.20976122 0.20893733 0.20811573 0.20729658 0.20648005 0.20566631 0.20485552 0.20404782 0.20324335 0.20244227 0.20164469 0.20085076 0.20006058 0.19927428 0.19849197 0.19771376 0.19693974 0.19617002 0.19540468 0.19464382 0.19388752 0.19313585 0.19238889 0.19164671 0.19090938 0.19017696 0.18944951 0.18872707 0.18800972 0.18729748 0.18659042 0.18588856 0.18519195 0.18450062 0.1838146 0.18313393 0.18245863 0.18178872 0.18112423 0.18046518 0.17981158 0.17916345 0.17852079 0.17788363 0.17725196 0.1766258 0.17600514 0.17538999 0.17478036 0.17417623 0.17357761 0.1729845 0.17239688
0.2130476 0.21222305 0.21140003 0.21057871 0.2097593 0.20894196 0.20812687 0.2073142 0.20650412 0.20569678 0.20489233 0.20409092 0.20329269 0.20249778 0.20170631 0.2009184 0.20013419 0.19935378 0.19857728 0.1978048 0.19703643 0.19627227 0.19551242 0.19475695 0.19400596 0.19325951 0.19251768 0.19178055 0.19104817 0.19032061 0.18959792 0.18888017 0.1881674 0.18745966 0.18675699 0.18605945 0.18536705 0.18467985 0.18399788 0.18332116 0.18264971 0.18198358 0.18132277 0.18066731 0.18001722 0.17937251 0.17873319 0.17809927 0.17747077 0.17684769 0.17623003 0.1756178 0.17501101 0.17440964 0.1738137 0.17322318 0.17263809
0.21301475 0.21219674 0.21138024 0.21056544 0.20975253 0.20894168 0.20813305 0.20732681 0.20652312 0.20572212 0.20492396 0.20412879 0.20333675 0.20254796 0.20176255 0.20098064 0.20020235 0.19942778 0.19865706 0.19789027 0.19712753 0.19636891 0.19561451 0.19486441 0.19411871 0.19337746 0.19264074 0.19190863 0.19118119 0.19045848 0.18974055 0.18902747 0.18831928 0.18761603 0.18691776 0.18622453 0.18553636 0.18485329 0.18417536 0.18350259 0.18283501 0.18217266 0.18151554 0.18086369 0.18021711 0.17957583 0.17893986 0.17830921 0.1776839 0.17706391 0.17644928 0.17583999 0.17523605 0.17463746 0.17404423 0.17345634 0.17287379
0.21297739 0.21216584 0.21135581 0.21054748 0.20974102 0.20893659 0.20813436 0.20733449 0.20653713 0.20574242 0.20495051 0.20416154 0.20337563 0.20259291 0.20181352 0.20103756 0.20026515 0.1994964 0.19873142 0.1979703 0.19721314 0.19646003 0.19571106 0.19496631 0.19422587 0.1934898 0.19275818 0.19203108 0.19130856 0.19059068 0.1898775 0.18916908 0.18846546 0.1877667 0.18707283 0.18638391 0.18569996 0.18502102 0.18434713 0.18367833 0.18301462 0.18235605 0.18170264 0.1810544 0.18041136 0.17977352 0.17914092 0.17851355 0.17789143 0.17727456 0.17666297 0.17605664 0.17545558 0.17485979 0.17426928 0.17368404 0.17310407
0.21293558 0.21213044 0.21132682 0.21052489 0.20972483 0.20892677 0.20813089 0.20733734 0.20654626 0.20575779 0.20497207 0.20418924 0.20340943 0.20263275 0.20185933 0.20108928 0.20032272 0.19955974 0.19880046 0.19804498 0.19729337 0.19654574 0.19580218 0.19506275 0.19432755 0.19359664 0.1928701 0.19214799 0.19143037 0.19071732 0.19000888 0.18930511 0.18860606 0.18791177 0.1872223 0.18653768 0.18585795 0.18518315 0.18451331 0.18384846 0.18318864 0.18253386 0.18188415 0.18123954 0.18060003 0.17996566 0.17933643 0.17871236 0.17809345 0.17747972 0.17687118 0.17626782 0.17566966 0.1750767 0.17448893 0.17390637 0.17332899
0.21288938 0.2120906 0.21129334 0.21049777 0.20970404 0.20891231 0.20812273 0.20733544 0.20655059 0.20576831 0.20498874 0.20421201 0.20343824 0.20266755 0.20190007 0.20113589 0.20037514 0.1996179 0.1988643 0.19811441 0.19736833 0.19662615 0.19588796 0.19515383 0.19442385 0.19369808 0.19297659 0.19225946 0.19154674 0.19083849 0.19013478 0.18943565 0.18874115 0.18805134 0.18736626 0.18668594 0.18601043 0.18533976 0.18467397 0.18401309 0.18335714 0.18270617 0.18206017 0.18141919 0.18078324 0.18015233 0.17952649 0.17890573 0.17829005 0.17767947 0.177074 0.17647364 0.17587839 0.17528827 0.17470327 0.17412339 0.17354864
0.21283888 0.21204641 0.21125546 0.21046619 0.20967875 0.20889329 0.20810995 0.20732888 0.20655021 0.20577408 0.20500061 0.20422993 0.20346217 0.20269743 0.20193584 0.2011775 0.20042251 0.19967098 0.19892301 0.19817869 0.19743811 0.19670136 0.19596852 0.19523966 0.19451487 0.19379422 0.19307777 0.1923656 0.19165775 0.1909543 0.1902553 0.1895608 0.18887086 0.18818551 0.1875048 0.18682878 0.18615749 0.18549095 0.18482921 0.1841723 0.18352024 0.18287306 0.18223079 0.18159345 0.18096106 0.18033363 0.17971119 0.17909374 0.17848131 0.17787389 0.1772715 0.17667415 0.17608185 0.17549458 0.17491237 0.1743352 0.17376308
0.21278414 0.21199793 0.21121324 0.21043023 0.20964903 0.20886979 0.20809265 0.20731775 0.20654522 0.20577519 0.20500777 0.20424311 0.2034813 0.20272248 0.20196674 0.20121419 0.20046494 0.19971908 0.19897671 0.19823793 0.19750282 0.19677146 0.19604394 0.19532034 0.19460072 0.19388516 0.19317373 0.1924665 0.19176352 0.19106485 0.19037055 0.18968067 0.18899526 0.18831437 0.18763804 0.18696631 0.18629923 0.18563683 0.18497913 0.18432619 0.18367802 0.18303465 0.1823961 0.1817624 0.18113358 0.18050964 0.1798906 0.17927649 0.17866731 0.17806307 0.17746378 0.17686945 0.1762801 0.17569571 0.1751163 0.17454186 0.1739724
0.21272522 0.21194524 0.21116677 0.21038996 0.20961496 0.2088419 0.20807091 0.20730214 0.2065357 0.20577172 0.20501032 0.20425162 0.20349574 0.20274278 0.20199285 0.20124606 0.20050251 0.19976229 0.1990255 0.19829222 0.19756254 0.19683656 0.19611433 0.19539595 0.19468148 0.193971 0.19326457 0.19256226 0.19186412 0.19117022 0.1904806 0.18979533 0.18911445 0.18843801 0.18776605 0.18709861 0.18643574 0.18577746 0.18512382 0.18447484 0.18383056 0.183191 0.18255618 0.18192614 0.18130088 0.18068044 0.18006482 0.17945405 0.17884813 0.17824708 0.1776509 0.17705962 0.17647322 0.17589173 0.17531513 0.17474345 0.17417666
0.21266221 0.2118884 0.21111611 0.21034547 0.20957662 0.20880969 0.20804481 0.20728212 0.20652173 0.20576376 0.20500833 0.20425556 0.20350556 0.20275843 0.20201429 0.20127322 0.20053533 0.19980071 0.19906946 0.19834165 0.19761739 0.19689674 0.19617979 0.1954666 0.19475726 0.19405184 0.19335038 0.19265297 0.19195967 0.19127051 0.19058557 0.1899049 0.18922854 0.18855653 0.18788893 0.18722578 0.18656711 0.18591296 0.18526336 0.18461835 0.18397796 0.1833422 0.18271112 0.18208473 0.18146306 0.18084611 0.18023392 0.1796265 0.17902385 0.178426 0.17783295 0.17724472 0.1766613 0.17608272 0.17550896 0.17494003 0.17437595
0.21259517 0.2118275 0.21106134 0.21029682 0.20953408 0.20877324 0.20801444 0.20725778 0.20650339 0.2057514 0.2050019 0.20425502 0.20351086 0.20276953 0.20203112 0.20129574 0.20056348 0.19983443 0.19910869 0.19838633 0.19766744 0.19695211 0.1962404 0.19553239 0.19482815 0.19412776 0.19343127 0.19273874 0.19205024 0.19136583 0.19068555 0.19000946 0.1893376 0.18867003 0.18800678 0.1873479 0.18669343 0.1860434 0.18539784 0.1847568 0.18412029 0.18348835 0.18286101 0.18223828 0.18162018 0.18100675 0.18039799 0.17979392 0.17919456 0.17859992 0.17801001 0.17742484 0.17684441 0.17626875 0.17569784 0.17513169 0.17457032
0.21252417 0.2117626 0.21100253 0.2102441 0.20948743 0.20873264 0.20797986 0.2072292 0.20648079 0.20573472 0.20499112 0.20425009 0.20351173 0.20277615 0.20204345 0.20131372 0.20058706 0.19986354 0.19914328 0.19842633 0.1977128 0.19700275 0.19629626 0.1955934 0.19489425 0.19419886 0.19350731 0.19281965 0.19213594 0.19145625 0.19078061 0.19010909 0.18944173 0.18877858 0.18811968 0.18746507 0.18681479 0.18616887 0.18552736 0.18489028 0.18425766 0.18362953 0.18300592 0.18238685 0.18177235 0.18116242 0.1805571 0.1799564 0.17936033 0.17876891 0.17818214 0.17760005 0.17702263 0.17644989 0.17588185 0.1753185 0.17475985
0.21244929 0.21169378 0.21093977 0.21018738 0.20943674 0.20868797 0.20794117 0.20719647 0.20645398 0.20571381 0.20497606 0.20424084 0.20350825 0.2027784 0.20205136 0.20132725 0.20060615 0.19988814 0.19917332 0.19846176 0.19775355 0.19704876 0.19634746 0.19564973 0.19495563 0.19426523 0.1935786 0.19289579 0.19221686 0.19154187 0.19087087 0.1902039 0.18954103 0.18888228 0.18822772 0.18757736 0.18693127 0.18628947 0.18565199 0.18501887 0.18439014 0.18376582 0.18314595 0.18253054 0.18191963 0.18131322 0.18071134 0.18011401 0.17952124 0.17893305 0.17834944 0.17777043 0.17719602 0.17662623 0.17606107 0.17550053 0.17494461
0.21237058 0.2116211 0.21087311 0.21012674 0.20938209 0.20863929 0.20789845 0.20715967 0.20642307 0.20568875 0.20495682 0.20422737 0.20350052 0.20277634 0.20205494 0.20133641 0.20062084 0.19990831 0.1991989 0.1984927 0.19778978 0.19709022 0.19639409 0.19570146 0.1950124 0.19432697 0.19364524 0.19296725 0.19229308 0.19162278 0.19095639 0.19029397 0.18963557 0.18898122 0.18833098 0.18768488 0.18704296 0.18640526 0.18577182 0.18514266 0.18451781 0.1838973 0.18328117 0.18266943 0.18206211 0.18145922 0.18086079 0.18026683 0.17967737 0.17909241 0.17851196 0.17793605 0.17736467 0.17679784 0.17623556 0.17567784 0.17512468
0.21228813 0.21154464 0.21080264 0.21006224 0.20932356 0.20858669 0.20785176 0.20711887 0.20638812 0.20565962 0.20493347 0.20420976 0.2034886 0.20277008 0.20205428 0.2013413 0.20063122 0.19992413 0.19922011 0.19851924 0.19782159 0.19712723 0.19643624 0.19574869 0.19506464 0.19438416 0.1937073 0.19303413 0.1923647 0.19169906 0.19103728 0.19037939 0.18972544 0.18907548 0.18842955 0.1877877 0.18714995 0.18651635 0.18588693 0.18526172 0.18464076 0.18402406 0.18341166 0.18280359 0.18219986 0.1816005 0.18100552 0.18041494 0.17982879 0.17924707 0.1786698 0.17809698 0.17752864 0.17696477 0.17640539 0.17585051 0.17530012
0.212202 0.21146448 0.21072844 0.20999398 0.20926121 0.20853025 0.20780119 0.20707415 0.20634922 0.2056265 0.2049061 0.20418809 0.20347259 0.20275969 0.20204946 0.20134199 0.20063738 0.1999357 0.19923704 0.19854146 0.19784905 0.19715987 0.196474 0.1957915 0.19511244 0.19443688 0.19376488 0.1930965 0.19243179 0.19177081 0.19111361 0.19046023 0.18981073 0.18916515 0.18852353 0.1878859 0.18725232 0.18662281 0.18599741 0.18537615 0.18475906 0.18414617 0.18353751 0.1829331 0.18233297 0.18173713 0.1811456 0.18055841 0.17997558 0.1793971 0.17882301 0.17825331 0.17768801 0.17712712 0.17657065 0.17601861 0.17547099
0.21211227 0.21138068 0.21065056 0.20992201 0.20919513 0.20847004 0.20774683 0.2070256 0.20630645 0.20558948 0.20487478 0.20416245 0.20345258 0.20274525 0.20204055 0.20133858 0.2006394 0.1999431 0.19924976 0.19855946 0.19787225 0.19718823 0.19650745 0.19582998 0.19515588 0.19448522 0.19381806 0.19315445 0.19249445 0.1918381 0.19118547 0.1905366 0.18989153 0.18925031 0.18861298 0.18797958 0.18735015 0.18672472 0.18610333 0.18548602 0.1848728 0.18426372 0.18365879 0.18305805 0.18246151 0.18186919 0.18128112 0.18069732 0.1801178 0.17954258 0.17897167 0.17840509 0.17784284 0.17728494 0.17673139 0.1761822 0.17563738
0.212019 0.21129332 0.21056909 0.20984642 0.2091254 0.20840614 0.20768873 0.20697328 0.20625988 0.20554862 0.2048396 0.20413291 0.20342863 0.20272685 0.20202766 0.20133114 0.20063736 0.19994642 0.19925837 0.19857331 0.19789129 0.19721239 0.19653667 0.19586421 0.19519505 0.19452928 0.19386693 0.19320807 0.19255275 0.19190103 0.19125295 0.19060856 0.18996791 0.18933103 0.18869799 0.1880688 0.18744351 0.18682216 0.18620478 0.18559141 0.18498206 0.18437678 0.18377558 0.1831785 0.18258555 0.18199676 0.18141215 0.18083174 0.18025555 0.17968358 0.17911586 0.1785524 0.17799321 0.1774383 0.17688768 0.17634135 0.17579933
0.21192228 0.21120247 0.2104841 0.20976727 0.20905208 0.20833862 0.20762699 0.20691728 0.2062096 0.20550402 0.20480064 0.20409955 0.20340083 0.20270457 0.20201085 0.20131975 0.20063135 0.19994572 0.19926295 0.19858309 0.19790623 0.19723243 0.19656176 0.19589427 0.19523004 0.19456912 0.19391156 0.19325743 0.19260678 0.19195966 0.19131612 0.1906762 0.19003995 0.18940742 0.18877864 0.18815365 0.1875325 0.18691522 0.18630184 0.18569239 0.18508691 0.18448542 0.18388795 0.18329453 0.18270518 0.18211992 0.18153877 0.18096175 0.18038888 0.17982018 0.17925565 0.17869532 0.17813919 0.17758728 0.17703959 0.17649614 0.17595693
0.21182216 0.2111082 0.21039566 0.20968465 0.20897525 0.20826756 0.20756167 0.20685768 0.20615567 0.20545574 0.20475797 0.20406245 0.20336926 0.20267848 0.2019902 0.20130449 0.20062144 0.1999411 0.19926357 0.1985889 0.19791717 0.19724844 0.19658278 0.19592025 0.19526091 0.19460483 0.19395205 0.19330263 0.19265663 0.19201409 0.19137507 0.1907396 0.19010774 0.18947953 0.18885501 0.18823422 0.18761719 0.18700397 0.18639458 0.18578906 0.18518743 0.18458973 0.18399599 0.18340623 0.18282046 0.18223873 0.18166104 0.18108741 0.18051787 0.17995243 0.1793911 0.1788339 0.17828085 0.17773194 0.1771872 0.17664662 0.17611023
0.21171873 0.21101059 0.21030385 0.20959862 0.20889498 0.20819303 0.20749285 0.20679454 0.20609819 0.20540387 0.20471168 0.20402169 0.203334 0.20264868 0.2019658 0.20128546 0.20060771 0.19993264 0.19926031 0.1985908 0.19792417 0.19726049 0.19659982 0.19594223 0.19528776 0.19463649 0.19398846 0.19334374 0.19270236 0.19206439 0.19142987 0.19079884 0.19017136 0.18954746 0.18892718 0.18831057 0.18769766 0.18708848 0.18648308 0.18588147 0.1852837 0.18468979 0.18409976 0.18351365 0.18293148 0.18235326 0.18177903 0.1812088 0.18064259 0.18008041 0.17952229 0.17896823 0.17841824 0.17787235 0.17733056 0.17679287 0.1762593
0.21161205 0.2109097 0.21020874 0.20950926 0.20881136 0.20811511 0.20742061 0.20672795 0.20603721 0.20534848 0.20466183 0.20397735 0.20329512 0.20261522 0.20193773 0.20126271 0.20059025 0.19992041 0.19925327 0.19858889 0.19792733 0.19726867 0.19661297 0.19596028 0.19531067 0.19466418 0.19402089 0.19338083 0.19274407 0.19211064 0.19148061 0.19085401 0.19023088 0.18961128 0.18899523 0.18838279 0.18777398 0.18716884 0.18656741 0.18596971 0.18537578 0.18478565 0.18419934 0.18361688 0.18303829 0.1824636 0.18189283 0.18132599 0.18076311 0.1802042 0.17964927 0.17909835 0.17855145 0.17800857 0.17746973 0.17693494 0.17640421
0.21150219 0.21080561 0.21011039 0.20941664 0.20872444 0.20803387 0.20734502 0.20665798 0.20597282 0.20528964 0.20460851 0.2039295 0.20325271 0.2025782 0.20190605 0.20123634 0.20056913 0.19990449 0.1992425 0.19858322 0.19792672 0.19727306 0.19662229 0.19597449 0.1953297 0.19468799 0.1940494 0.193414 0.19278182 0.19215293 0.19152736 0.19090516 0.19028638 0.18967106 0.18905923 0.18845094 0.18784622 0.18724511 0.18664765 0.18605385 0.18546376 0.1848774 0.1842948 0.18371599 0.18314098 0.18256981 0.18200249 0.18143905 0.18087949 0.18032385 0.17977213 0.17922436 0.17868053 0.17814068 0.1776048 0.17707291 0.17654501
0.21138924 0.21069839 0.21000889 0.20932084 0.20863431 0.20794939 0.20726616 0.2065847 0.2059051 0.20522743 0.20455178 0.20387822 0.20320683 0.20253768 0.20187085 0.20120641 0.20054442 0.19988496 0.1992281 0.1985739 0.19792242 0.19727372 0.19662787 0.19598493 0.19534494 0.19470798 0.19407408 0.1934433 0.1928157 0.19219131 0.1915702 0.19095239 0.19033794 0.18972688 0.18911926 0.18851511 0.18791447 0.18731738 0.18672387 0.18613396 0.1855477 0.18496511 0.18438621 0.18381104 0.18323961 0.18267196 0.18210809 0.18154804 0.18099181 0.18043944 0.17989093 0.1793463 0.17880556 0.17826873 0.17773581 0.17720682 0.17668177
0.21127325 0.21058811 0.20990431 0.20922192 0.20854103 0.20786173 0.20718409 0.20650819 0.20583411 0.20516193 0.20449173 0.20382358 0.20315756 0.20249375 0.2018322 0.201173 0.20051621 0.1998619 0.19921013 0.19856098 0.19791449 0.19727074 0.19662978 0.19599167 0.19535647 0.19472423 0.194095 0.19346883 0.19284578 0.19222588 0.1916092 0.19099576 0.19038562 0.18977882 0.18917539 0.18857537 0.1879788 0.18738571 0.18679614 0.18621012 0.18562768 0.18504885 0.18447365 0.18390211 0.18333426 0.18277011 0.1822097 0.18165303 0.18110014 0.18055103 0.18000573 0.17946424 0.17892659 0.17839279 0.17786284 0.17733676 0.17681456
