Cobbity2/QGIS/1mHCPmag.asc
NCOLS 600
NROWS 419
XLLCORNER 150.66
YLLCORNER -34.028
CELLSIZE 1e-05
NODATA_VALUE -9999
[rows 150 to 174 of 419, columns 456 to 512 of 600]
0.064752503 0.06515545 0.06555753 0.065958719 0.066358991 0.066758321 0.067156686 0.067554063 0.067950428 0.06834576 0.068740038 0.06913324 0.069525346 0.069916337 0.070306192 0.070694894 0.071082425 0.071468766 0.0718539 0.072237811 0.072620484 0.073001901 0.073382049 0.073760913 0.074138478 0.074514731 0.074889658 0.075263247 0.075635486 0.076006363 0.076375866 0.076743985 0.077110709 0.077476027 0.07783993 0.078202408 0.078563454 0.078923057 0.079281211 0.079637906 0.079993136 0.080346894 0.080699172 0.081049965 0.081399267 0.081747071 0.082093372 0.082438165 0.082781446 0.08312321 0.083463453 0.08380217 0.08413936 0.084475017 0.084809139 0.085141724 0.085472769
0.065417989 0.065811902 0.066205056 0.066597425 0.066988982 0.067379703 0.067769561 0.068158534 0.068546596 0.068933726 0.0693199 0.069705097 0.070089295 0.070472473 0.070854612 0.071235691 0.071615692 0.071994596 0.072372384 0.07274904 0.073124546 0.073498885 0.073872042 0.074244002 0.074614748 0.074984266 0.075352543 0.075719565 0.076085318 0.07644979 0.076812969 0.077174841 0.077535398 0.077894626 0.078252516 0.078609057 0.078964239 0.079318054 0.079670492 0.080021544 0.080371203 0.08071946 0.081066307 0.081411738 0.081755746 0.082098324 0.082439466 0.082779167 0.08311742 0.08345422 0.083789563 0.084123444 0.084455859 0.084786803 0.085116273 0.085444266 0.085770778
0.066085801 0.066470711 0.06685497 0.067238549 0.067621421 0.06800356 0.068384939 0.068765534 0.069145319 0.06952427 0.069902364 0.070279579 0.07065589 0.071031278 0.071405721 0.071779197 0.072151687 0.072523171 0.072893631 0.073263047 0.073631402 0.073998679 0.074364859 0.074729928 0.075093868 0.075456664 0.075818302 0.076178767 0.076538045 0.076896121 0.077252984 0.077608619 0.077963016 0.078316161 0.078668044 0.079018654 0.079367979 0.07971601 0.080062737 0.08040815 0.08075224 0.081094999 0.081436418 0.081776489 0.082115205 0.082452558 0.082788542 0.083123149 0.083456374 0.08378821 0.084118652 0.084447695 0.084775333 0.085101562 0.085426377 0.085749775 0.086071751
0.066755819 0.06713176 0.067507155 0.067881975 0.068256192 0.068629778 0.069002706 0.06937495 0.069746483 0.070117282 0.070487321 0.070856577 0.071225025 0.071592644 0.071959412 0.072325305 0.072690304 0.073054388 0.073417537 0.073779731 0.074140952 0.074501181 0.0748604 0.075218592 0.075575741 0.075931828 0.07628684 0.076640759 0.076993572 0.077345264 0.07769582 0.078045227 0.078393473 0.078740544 0.079086427 0.079431112 0.079774586 0.080116839 0.08045786 0.080797639 0.081136165 0.081473429 0.081809423 0.082144137 0.082477563 0.082809693 0.083140519 0.083470035 0.083798232 0.084125104 0.084450645 0.084774848 0.085097709 0.085419221 0.08573938 0.08605818 0.086375617
0.067427925 0.06779493 0.068161495 0.068527587 0.06889318 0.069258243 0.069622749 0.06998667 0.07034998 0.070712652 0.071074662 0.071435983 0.071796592 0.072156466 0.07251558 0.072873912 0.073231441 0.073588144 0.073944001 0.074298992 0.074653096 0.075006294 0.075358568 0.075709899 0.07606027 0.076409662 0.07675806 0.077105447 0.077451807 0.077797125 0.078141386 0.078484576 0.07882668 0.079167684 0.079507577 0.079846345 0.080183975 0.080520457 0.080855778 0.081189928 0.081522895 0.08185467 0.082185242 0.082514602 0.082842742 0.083169651 0.083495323 0.083819747 0.084142918 0.084464827 0.084785467 0.085104832 0.085422915 0.085739709 0.08605521 0.086369412 0.086682308
0.068102002 0.068460107 0.068817873 0.069175272 0.069532271 0.069888843 0.070244956 0.070600584 0.070955698 0.071310271 0.071664277 0.07201769 0.072370485 0.072722636 0.07307412 0.073424914 0.073774993 0.074124337 0.074472922 0.074820728 0.075167734 0.075513919 0.075859265 0.076203751 0.076547359 0.076890072 0.077231871 0.077572739 0.077912659 0.078251616 0.078589593 0.078926575 0.079262548 0.079597496 0.079931407 0.080264266 0.080596061 0.080926779 0.081256407 0.081584934 0.081912348 0.082238639 0.082563795 0.082887806 0.083210662 0.083532355 0.083852874 0.084172211 0.084490357 0.084807305 0.085123045 0.085437572 0.085750878 0.086062955 0.086373798 0.0866834 0.086991755
0.068777935 0.069127174 0.069476178 0.069824915 0.070173354 0.070521465 0.070869217 0.071216581 0.071563529 0.071910031 0.072256061 0.072601592 0.072946598 0.073291052 0.07363493 0.073978207 0.07432086 0.074662865 0.075004199 0.075344841 0.075684768 0.076023959 0.076362394 0.076700052 0.077036915 0.077372963 0.077708178 0.078042541 0.078376035 0.078708644 0.079040349 0.079371136 0.079700989 0.080029892 0.080357831 0.080684791 0.081010759 0.081335721 0.081659664 0.081982576 0.082304444 0.082625256 0.082945001 0.083263668 0.083581247 0.083897727 0.084213097 0.08452735 0.084840475 0.085152463 0.085463306 0.085772997 0.086081526 0.086388887 0.086695072 0.087000074 0.087303888
0.069455608 0.069796017 0.070136293 0.070476404 0.070816317 0.071156 0.071495423 0.071834554 0.072173364 0.072511825 0.072849907 0.073187583 0.073524826 0.073861609 0.074197906 0.074533691 0.074868941 0.07520363 0.075537735 0.075871232 0.0762041 0.076536316 0.07686786 0.077198709 0.077528843 0.077858243 0.078186889 0.078514763 0.078841846 0.07916812 0.079493567 0.079818172 0.080141916 0.080464785 0.080786763 0.081107835 0.081427986 0.081747201 0.082065468 0.082382772 0.082699101 0.083014442 0.083328783 0.083642112 0.083954418 0.08426569 0.084575917 0.084885089 0.085193196 0.085500229 0.085806178 0.086111034 0.086414789 0.086717435 0.087018963 0.087319367 0.087618639
0.070134907 0.070466524 0.070798109 0.071129628 0.071461049 0.071792338 0.072123463 0.072454393 0.072785098 0.073115546 0.07344571 0.073775559 0.074105067 0.074434205 0.074762946 0.075091264 0.075419134 0.075746531 0.076073429 0.076399805 0.076725635 0.077050896 0.077375567 0.077699625 0.07802305 0.078345819 0.078667914 0.078989314 0.079310001 0.079629955 0.079949159 0.080267594 0.080585243 0.080902091 0.081218119 0.081533313 0.081847657 0.082161136 0.082473736 0.082785441 0.08309624 0.083406117 0.083715061 0.084023059 0.084330099 0.084636169 0.084941258 0.085245355 0.085548448 0.085850529 0.086151587 0.086451612 0.086750596 0.087048529 0.087345403 0.08764121 0.087935941
0.070815719 0.071138581 0.071461512 0.071784477 0.07210744 0.072430369 0.072753231 0.073075992 0.073398622 0.07372109 0.074043364 0.074365416 0.074687217 0.075008737 0.075329949 0.075650827 0.075971342 0.07629147 0.076611185 0.076930461 0.077249275 0.077567604 0.077885422 0.078202709 0.078519442 0.0788356 0.079151161 0.079466104 0.079780411 0.080094061 0.080407036 0.080719316 0.081030884 0.081341723 0.081651814 0.081961143 0.082269691 0.082577444 0.082884387 0.083190504 0.083495781 0.083800204 0.084103759 0.084406433 0.084708214 0.085009089 0.085309045 0.085608072 0.085906158 0.086203291 0.086499462 0.08679466 0.087088876 0.0873821 0.087674322 0.087965534 0.088255727
0.071497931 0.071812079 0.072126394 0.07244084 0.072755383 0.073069987 0.073384619 0.073699245 0.074013833 0.074328351 0.074642768 0.074957052 0.075271174 0.075585105 0.075898816 0.076212279 0.076525466 0.07683835 0.077150906 0.077463106 0.077774927 0.078086344 0.078397332 0.078707868 0.07901793 0.079327494 0.079636539 0.079945044 0.080252988 0.080560351 0.080867112 0.081173253 0.081478754 0.081783598 0.082087766 0.082391241 0.082694006 0.082996045 0.083297342 0.08359788 0.083897646 0.084196623 0.084494798 0.084792158 0.085088687 0.085384374 0.085679205 0.085973168 0.086266251 0.086558443 0.086849733 0.087140109 0.08742956 0.087718078 0.088005652 0.088292272 0.088577929
0.072181434 0.072486906 0.072792643 0.07309861 0.073404768 0.073711084 0.074017522 0.074324047 0.074630626 0.074937227 0.075243817 0.075550365 0.075856839 0.07616321 0.076469447 0.076775523 0.077081408 0.077387075 0.077692496 0.077997645 0.078302496 0.078607024 0.078911204 0.079215011 0.079518421 0.079821412 0.080123961 0.080426046 0.080727645 0.081028737 0.081329301 0.081629318 0.081928768 0.082227631 0.08252589 0.082823526 0.083120521 0.083416858 0.08371252 0.084007491 0.084301756 0.084595298 0.084888103 0.085180156 0.085471443 0.085761949 0.086051663 0.08634057 0.086628658 0.086915914 0.087202328 0.087487887 0.087772579 0.088056396 0.088339325 0.088621357 0.088902482
0.072866116 0.073162953 0.073460153 0.073757678 0.074055491 0.074353555 0.074651834 0.074950293 0.075248898 0.075547615 0.075846411 0.076145254 0.076444111 0.076742951 0.077041744 0.077340461 0.077639072 0.077937547 0.07823586 0.078533983 0.078831889 0.079129552 0.079426945 0.079724045 0.080020826 0.080317265 0.080613338 0.080909022 0.081204294 0.081499134 0.081793519 0.082087429 0.082380843 0.082673742 0.082966106 0.083257916 0.083549154 0.083839802 0.084129843 0.084419259 0.084708034 0.084996152 0.085283597 0.085570354 0.085856407 0.086141743 0.086426347 0.086710205 0.086993305 0.087275633 0.087557177 0.087837925 0.088117865 0.088396985 0.088675274 0.088952722 0.089229319
0.073551869 0.073840113 0.074128815 0.074417939 0.074707444 0.074997294 0.075287451 0.075577881 0.075868547 0.076159414 0.076450449 0.076741619 0.07703289 0.077324231 0.07761561 0.077906997 0.078198361 0.078489674 0.078780905 0.079072028 0.079363013 0.079653835 0.079944467 0.080234882 0.080525056 0.080814964 0.081104581 0.081393884 0.08168285 0.081971456 0.08225968 0.0825475 0.082834896 0.083121846 0.083408331 0.083694331 0.083979827 0.0842648 0.084549233 0.084833106 0.085116404 0.085399109 0.085681205 0.085962676 0.086243506 0.08652368 0.086803184 0.087082002 0.087360122 0.08763753 0.087914211 0.088190155 0.088465348 0.088739777 0.089013433 0.089286302 0.089558375
0.074238585 0.074518277 0.074798524 0.075079286 0.075360523 0.075642197 0.075924271 0.076206708 0.07648947 0.076772523 0.077055831 0.077339361 0.077623079 0.077906952 0.078190948 0.078475035 0.078759182 0.079043359 0.079327537 0.079611686 0.079895777 0.080179784 0.080463678 0.080747433 0.081031022 0.081314422 0.081597605 0.081880548 0.082163227 0.082445619 0.082727701 0.08300945 0.083290844 0.083571863 0.083852485 0.084132691 0.08441246 0.084691773 0.084970611 0.085248956 0.085526789 0.085804094 0.086080852 0.086357049 0.086632666 0.086907689 0.087182102 0.08745589 0.087729039 0.088001534 0.088273362 0.088544508 0.088814961 0.089084707 0.089353734 0.089622031 0.089889584
0.074926155 0.07519734 0.075469173 0.075741615 0.076014625 0.076288163 0.076562192 0.076836672 0.077111568 0.077386842 0.077662459 0.077938384 0.078214581 0.078491019 0.078767662 0.07904448 0.07932144 0.079598511 0.079875663 0.080152866 0.08043009 0.080707307 0.080984489 0.081261608 0.081538637 0.081815551 0.082092323 0.082368928 0.082645342 0.08292154 0.083197498 0.083473195 0.083748607 0.084023712 0.084298489 0.084572917 0.084846974 0.085120642 0.085393901 0.085666731 0.085939113 0.086211031 0.086482465 0.086753399 0.087023815 0.087293698 0.087563031 0.087831799 0.088099986 0.088367577 0.088634559 0.088900917 0.089166637 0.089431707 0.089696113 0.089959843 0.090222884
0.075614475 0.075877195 0.076140659 0.076404822 0.076669646 0.076935088 0.077201111 0.077467675 0.077734741 0.078002273 0.078270234 0.078538588 0.0788073 0.079076335 0.079345659 0.079615239 0.079885043 0.080155038 0.080425193 0.080695478 0.080965862 0.081236316 0.081506812 0.08177732 0.082047814 0.082318266 0.082588649 0.082858939 0.083129109 0.083399134 0.083668991 0.083938655 0.084208103 0.084477313 0.084746262 0.085014929 0.085283293 0.085551331 0.085819026 0.086086356 0.086353302 0.086619846 0.086885969 0.087151653 0.087416881 0.087681635 0.087945899 0.088209657 0.088472892 0.08873559 0.088997736 0.089259314 0.08952031 0.089780711 0.090040503 0.090299674 0.090558209
0.076303438 0.07655774 0.076812877 0.077068805 0.077325484 0.077582873 0.077840929 0.078099615 0.078358891 0.078618718 0.07887906 0.079139879 0.079401139 0.079662806 0.079924844 0.080187218 0.080449897 0.080712847 0.080976035 0.081239431 0.081503004 0.081766723 0.082030559 0.082294483 0.082558466 0.082822481 0.0830865 0.083350497 0.083614446 0.08387832 0.084142096 0.084405748 0.084669253 0.084932587 0.085195727 0.085458651 0.085721337 0.085983764 0.086245911 0.086507756 0.086769281 0.087030466 0.087291292 0.08755174 0.087811791 0.08807143 0.088330637 0.088589396 0.088847691 0.089105506 0.089362824 0.089619632 0.089875913 0.090131655 0.090386841 0.090641459 0.090895496
0.076992942 0.07723887 0.077485725 0.077733463 0.07798204 0.078231416 0.078481547 0.078732395 0.078983919 0.07923608 0.07948884 0.079742161 0.079996006 0.080250339 0.080505124 0.080760326 0.081015912 0.081271848 0.0815281 0.081784638 0.082041428 0.08229844 0.082555644 0.08281301 0.083070509 0.083328112 0.083585792 0.08384352 0.084101271 0.084359017 0.084616734 0.084874395 0.085131977 0.085389455 0.085646805 0.085904005 0.086161033 0.086417865 0.08667448 0.086930858 0.087186977 0.087442818 0.087698361 0.087953587 0.088208476 0.088463011 0.088717174 0.088970947 0.089224313 0.089477255 0.089729758 0.089981805 0.090233381 0.090484472 0.090735062 0.090985136 0.091234682
0.077682882 0.077920484 0.078159102 0.078398693 0.078639213 0.078880618 0.079122867 0.079365918 0.07960973 0.079854264 0.08009948 0.08034534 0.080591805 0.08083884 0.081086407 0.081334471 0.081582998 0.081831952 0.0820813 0.082331009 0.082581046 0.082831381 0.083081981 0.083332817 0.083583859 0.083835076 0.084086441 0.084337926 0.084589502 0.084841144 0.085092824 0.085344516 0.085596196 0.085847839 0.08609942 0.086350915 0.086602302 0.086853558 0.08710466 0.087355587 0.087606317 0.08785683 0.088107106 0.088357124 0.088606865 0.088856311 0.089105442 0.089354241 0.08960269 0.089850772 0.09009847 0.090345768 0.090592649 0.090839099 0.091085101 0.091330641 0.091575705
0.078373156 0.078602479 0.078832908 0.079064398 0.079296904 0.079530383 0.079764791 0.080000087 0.080236228 0.080473174 0.080710885 0.080949322 0.081188445 0.081428218 0.081668603 0.081909564 0.082151064 0.082393069 0.082635545 0.082878457 0.083121773 0.083365459 0.083609485 0.083853819 0.084098431 0.08434329 0.084588366 0.084833632 0.08507906 0.08532462 0.085570287 0.085816033 0.086061833 0.086307662 0.086553494 0.086799305 0.087045071 0.087290769 0.087536376 0.08778187 0.088027228 0.08827243 0.088517454 0.08876228 0.089006888 0.089251259 0.089495373 0.089739211 0.089982757 0.09022599 0.090468896 0.090711455 0.090953652 0.091195471 0.091436896 0.091677911 0.091918502
0.079063664 0.079284755 0.079507042 0.079730477 0.079955015 0.080180612 0.080407223 0.080634806 0.080863317 0.081092717 0.081322963 0.081554015 0.081785835 0.082018383 0.082251622 0.082485514 0.082720023 0.082955113 0.083190749 0.083426896 0.083663521 0.083900591 0.084138072 0.084375933 0.084614143 0.08485267 0.085091486 0.085330559 0.085569863 0.085809367 0.086049044 0.086288868 0.086528811 0.086768848 0.087008952 0.0872491 0.087489265 0.087729425 0.087969556 0.088209635 0.088449639 0.088689546 0.088929336 0.089168986 0.089408477 0.089647787 0.089886898 0.09012579 0.090364445 0.090602844 0.090840969 0.091078802 0.091316327 0.091553526 0.091790384 0.092026885 0.092263012
0.079754305 0.079967215 0.080181406 0.080396833 0.08061345 0.080831209 0.081050068 0.081269981 0.081490905 0.081712799 0.08193562 0.082159328 0.082383882 0.082609243 0.082835373 0.083062233 0.083289786 0.083517996 0.083746826 0.083976241 0.084206208 0.084436691 0.084667658 0.084899076 0.085130913 0.085363138 0.085595719 0.085828627 0.086061832 0.086295306 0.086529019 0.086762944 0.086997053 0.087231321 0.08746572 0.087700225 0.087934811 0.088169453 0.088404127 0.08863881 0.088873478 0.08910811 0.089342682 0.089577173 0.089811562 0.090045828 0.090279951 0.090513912 0.09074769 0.090981267 0.091214625 0.091447745 0.091680609 0.091913201 0.092145504 0.0923775 0.092609175
0.080444981 0.080649758 0.080855904 0.081063371 0.081272112 0.08148208 0.081693231 0.081905518 0.082118898 0.082333329 0.082548766 0.08276517 0.082982498 0.083200711 0.083419769 0.083639634 0.083860267 0.084081631 0.08430369 0.084526407 0.084749748 0.084973677 0.085198161 0.085423166 0.08564866 0.085874611 0.086100986 0.086327756 0.086554891 0.086782359 0.087010133 0.087238184 0.087466484 0.087695006 0.087923722 0.088152607 0.088381635 0.08861078 0.088840018 0.089069324 0.089298676 0.08952805 0.089757422 0.089986771 0.090216076 0.090445314 0.090674465 0.090903509 0.091132426 0.091361196 0.0915898 0.091818219 0.092046436 0.092274433 0.092502192 0.092729696 0.092956928
0.081135592 0.081332287 0.081530437 0.081729993 0.081930907 0.082133131 0.082336619 0.082541325 0.082747205 0.082954215 0.083162311 0.083371452 0.083581594 0.083792698 0.084004723 0.08421763 0.08443138 0.084645935 0.084861257 0.08507731 0.085294058 0.085511466 0.085729499 0.085948122 0.086167304 0.08638701 0.086607209 0.086827869 0.08704896 0.08727045 0.087492312 0.087714514 0.087937029 0.088159829 0.088382886 0.088606173 0.088829665 0.089053334 0.089277157 0.089501108 0.089725163 0.089949297 0.090173489 0.090397714 0.090621952 0.090846179 0.091070374 0.091294518 0.091518588 0.091742565 0.09196643 0.092190164 0.092413746 0.09263716 0.092860388 0.093083411 0.093306213
