Cobbity2/QGIS/1mHCPmag.asc
NCOLS 600
NROWS 419
XLLCORNER 150.66
YLLCORNER -34.028
CELLSIZE 1e-05
NODATA_VALUE -9999
[rows 300 to 324 of 419, columns 57 to 113 of 600]
0.20037517 0.20083219 0.20129317 0.20175817 0.20222719 0.20270027 0.20317744 0.20365873 0.20414417 0.20463378 0.20512759 0.20562564 0.20612794 0.20663452 0.20714542 0.20766065 0.20818025 0.20870423 0.20923263 0.20976547 0.21030277 0.21084457 0.21139087 0.2119417 0.21249709 0.21305706 0.21362163 0.21419081 0.21476463 0.2153431 0.21592625 0.21651409 0.21710663 0.21770389 0.21830589 0.21891263 0.21952413 0.2201404 0.22076144 0.22138726 0.22201788 0.22265329 0.22329349 0.2239385 0.2245883 0.2252429 0.22590229 0.22656646 0.22723541 0.22790913 0.22858761 0.22927083 0.22995877 0.23065142 0.23134875 0.23205074 0.23275736
0.2004433 0.20089855 0.20135772 0.20182085 0.20228795 0.20275906 0.20323421 0.20371342 0.20419672 0.20468414 0.2051757 0.20567143 0.20617136 0.20667551 0.20718391 0.20769658 0.20821355 0.20873484 0.20926048 0.20979048 0.21032488 0.21086369 0.21140694 0.21195465 0.21250683 0.21306352 0.21362472 0.21419045 0.21476074 0.2153356 0.21591505 0.21649909 0.21708776 0.21768105 0.21827897 0.21888156 0.2194888 0.22010071 0.22071729 0.22133856 0.22196451 0.22259515 0.22323047 0.22387049 0.22451519 0.22516458 0.22581864 0.22647737 0.22714077 0.2278088 0.22848147 0.22915876 0.22984065 0.23052711 0.23121813 0.23191367 0.23261371
0.20050774 0.20096119 0.20141851 0.20187974 0.2023449 0.20281401 0.2032871 0.20376421 0.20424534 0.20473054 0.20521982 0.20571321 0.20621074 0.20671243 0.2072183 0.20772838 0.2082427 0.20876127 0.20928411 0.20981126 0.21034272 0.21087853 0.21141871 0.21196326 0.21251222 0.21306559 0.2136234 0.21418567 0.21475241 0.21532363 0.21589936 0.21647959 0.21706436 0.21765366 0.21824751 0.21884591 0.21944888 0.22005642 0.22066854 0.22128523 0.22190651 0.22253238 0.22316282 0.22379785 0.22443745 0.22508163 0.22573036 0.22638365 0.22704149 0.22770385 0.22837073 0.2290421 0.22971794 0.23039824 0.23108296 0.23177208 0.23246556
0.20056852 0.20102015 0.2014756 0.2019349 0.20239808 0.20286516 0.20333618 0.20381114 0.20429008 0.20477303 0.20526001 0.20575103 0.20624613 0.20674533 0.20724865 0.20775612 0.20826775 0.20878358 0.20930361 0.20982787 0.21035638 0.21088916 0.21142623 0.21196761 0.21251332 0.21306336 0.21361777 0.21417655 0.21473972 0.21530729 0.21587927 0.21645568 0.21703653 0.21762183 0.21821158 0.2188058 0.21940448 0.22000764 0.22061528 0.2212274 0.221844 0.22246508 0.22309064 0.22372068 0.22435518 0.22499415 0.22563756 0.22628542 0.2269377 0.2275944 0.22825549 0.22892096 0.22959077 0.23026492 0.23094337 0.23162609 0.23231304
0.20062571 0.20107548 0.20152903 0.20198638 0.20244755 0.20291258 0.20338148 0.20385428 0.20433101 0.20481168 0.20529632 0.20578495 0.2062776 0.20677429 0.20727503 0.20777986 0.20828879 0.20880184 0.20931903 0.20984038 0.21036592 0.21089565 0.2114296 0.21196778 0.21251022 0.21305691 0.21360789 0.21416316 0.21472274 0.21528664 0.21585487 0.21642744 0.21700436 0.21758564 0.21817129 0.21876131 0.2193557 0.21995447 0.22055763 0.22116516 0.22177708 0.22239338 0.22301405 0.22363909 0.2242685 0.22490225 0.22554035 0.22618278 0.22682953 0.22748057 0.22813589 0.22879546 0.22945927 0.23012729 0.23079949 0.23147583 0.23215629
0.20067933 0.20112723 0.20157885 0.20203422 0.20249336 0.20295631 0.20342307 0.20389369 0.20436817 0.20484654 0.20532882 0.20581503 0.2063052 0.20679935 0.2072975 0.20779966 0.20830586 0.20881612 0.20933045 0.20984887 0.21037141 0.21089807 0.21142888 0.21196384 0.21250299 0.21304632 0.21359385 0.2141456 0.21470158 0.21526179 0.21582625 0.21639497 0.21696795 0.2175452 0.21812672 0.21871253 0.21930263 0.219897 0.22049567 0.22109862 0.22170585 0.22231736 0.22293315 0.2235532 0.22417751 0.22480606 0.22543885 0.22607586 0.22671708 0.22736247 0.22801204 0.22866574 0.22932356 0.22998547 0.23065144 0.23132143 0.23199542
0.20072945 0.20117544 0.20162511 0.20207847 0.20253556 0.2029964 0.20346101 0.20392941 0.20440161 0.20487766 0.20535756 0.20584133 0.206329 0.20682059 0.20731611 0.20781559 0.20831904 0.20882648 0.20933793 0.2098534 0.21037292 0.21089649 0.21142414 0.21195587 0.21249171 0.21303165 0.21357573 0.21412394 0.21467629 0.21523281 0.21579348 0.21635833 0.21692736 0.21750058 0.21807798 0.21865957 0.21924536 0.21983533 0.2204295 0.22102786 0.22163041 0.22223713 0.22284803 0.2234631 0.22408232 0.22470568 0.22533317 0.22596477 0.22660046 0.22724023 0.22788406 0.22853191 0.22918376 0.22983959 0.23049935 0.23116302 0.23183057
0.20077611 0.20122017 0.20166786 0.20211919 0.2025742 0.20303291 0.20349533 0.20396149 0.20443141 0.20490511 0.2053826 0.20586391 0.20634906 0.20683806 0.20733094 0.20782771 0.20832839 0.20883299 0.20934154 0.20985404 0.21037052 0.21089099 0.21141546 0.21194394 0.21247645 0.213013 0.2135536 0.21409825 0.21464698 0.21519978 0.21575666 0.21631764 0.21688271 0.21745187 0.21802514 0.21860251 0.21918398 0.21976956 0.22035923 0.220953 0.22155086 0.2221528 0.22275882 0.2233689 0.22398303 0.22460121 0.22522341 0.22584961 0.2264798 0.22711396 0.22775206 0.22839408 0.22903998 0.22968975 0.23034334 0.23100072 0.23166186
0.20081936 0.20126146 0.20170714 0.20215643 0.20260934 0.20306589 0.20352611 0.20399 0.20445761 0.20492893 0.205404 0.20588282 0.20636543 0.20685183 0.20734204 0.20783608 0.20833397 0.20883572 0.20934135 0.20985087 0.21036429 0.21088163 0.21140291 0.21192812 0.21245729 0.21299043 0.21352754 0.21406863 0.21461371 0.21516279 0.21571587 0.21627296 0.21683406 0.21739917 0.2179683 0.21854144 0.2191186 0.21969976 0.22028494 0.22087412 0.22146729 0.22206445 0.22266559 0.2232707 0.22387976 0.22449276 0.22510968 0.2257305 0.2263552 0.22698376 0.22761616 0.22825237 0.22889235 0.22953608 0.23018353 0.23083465 0.23148941
0.20085923 0.20129936 0.20174302 0.20219023 0.20264101 0.20309539 0.20355338 0.20401499 0.20448026 0.20494919 0.20542181 0.20589813 0.20637817 0.20686195 0.20734948 0.20784077 0.20833585 0.20883473 0.20933742 0.20984394 0.21035429 0.21086849 0.21138656 0.21190849 0.21243431 0.21296402 0.21349763 0.21403514 0.21457657 0.21512191 0.21567118 0.21622438 0.2167815 0.21734255 0.21790754 0.21847645 0.21904929 0.21962605 0.22020673 0.22079132 0.22137981 0.2219722 0.22256847 0.2231686 0.2237726 0.22438043 0.22499208 0.22560754 0.22622677 0.22684975 0.22747647 0.22810689 0.22874097 0.2293787 0.23002003 0.23066492 0.23131334
0.20089579 0.20133392 0.20177553 0.20222064 0.20266928 0.20312146 0.2035772 0.20403651 0.20449942 0.20496594 0.20543609 0.20590989 0.20638735 0.20686848 0.20735331 0.20784184 0.2083341 0.20883009 0.20932982 0.20983332 0.21034058 0.21085163 0.21136647 0.21188512 0.21240757 0.21293384 0.21346394 0.21399787 0.21453563 0.21507724 0.21562268 0.21617198 0.21672512 0.21728211 0.21784295 0.21840763 0.21897615 0.21954851 0.22012469 0.22070469 0.22128851 0.22187613 0.22246753 0.22306271 0.22366165 0.22426433 0.22487073 0.22548083 0.22609461 0.22671204 0.22733309 0.22795775 0.22858596 0.22921771 0.22985295 0.23049165 0.23113376
0.20092907 0.20136518 0.20180472 0.20224772 0.20269419 0.20314415 0.20359762 0.20405461 0.20451515 0.20497924 0.2054469 0.20591816 0.20639301 0.20687149 0.2073536 0.20783935 0.20832876 0.20882185 0.20931862 0.20981908 0.21032325 0.21083113 0.21134273 0.21185807 0.21237715 0.21289997 0.21342655 0.21395688 0.21449097 0.21502883 0.21557046 0.21611585 0.21666501 0.21721793 0.21777462 0.21833507 0.21889927 0.21946722 0.22003891 0.22061433 0.22119348 0.22177633 0.22236289 0.22295312 0.22354701 0.22414455 0.22474571 0.22535048 0.22595883 0.22657072 0.22718614 0.22780505 0.22842743 0.22905323 0.22968241 0.23031495 0.2309508
0.20095912 0.20139319 0.20183065 0.20227151 0.20271579 0.20316352 0.2036147 0.20406935 0.20452749 0.20498913 0.20545429 0.20592299 0.20639523 0.20687103 0.2073504 0.20783336 0.20831992 0.20881009 0.20930387 0.20980129 0.21030234 0.21080704 0.2113154 0.21182742 0.21234312 0.21286248 0.21338553 0.21391226 0.21444268 0.21497678 0.21551458 0.21605606 0.21660123 0.21715009 0.21770263 0.21825884 0.21881873 0.21938228 0.21994948 0.22052033 0.22109481 0.22167291 0.22225462 0.22283992 0.22342878 0.2240212 0.22461714 0.22521659 0.22581952 0.22642591 0.22703571 0.22764891 0.22826547 0.22888535 0.22950852 0.23013493 0.23076455
0.20098599 0.201418 0.20185335 0.20229206 0.20273414 0.20317961 0.20362848 0.20408078 0.20453651 0.20499568 0.20545833 0.20592444 0.20639405 0.20686716 0.20734379 0.20782394 0.20830762 0.20879486 0.20928565 0.20978 0.21027794 0.21077945 0.21128455 0.21179325 0.21230554 0.21282145 0.21334096 0.21386408 0.21439081 0.21492116 0.21545512 0.21599269 0.21653388 0.21707867 0.21762706 0.21817904 0.21873462 0.21929377 0.21985649 0.22042277 0.2209926 0.22156596 0.22214283 0.2227232 0.22330705 0.22389436 0.22448511 0.22507926 0.2256768 0.22627769 0.22688192 0.22748943 0.2281002 0.2287142 0.22933138 0.2299517 0.23057512
0.20100972 0.20143965 0.20187288 0.20230942 0.20274927 0.20319247 0.20363902 0.20408894 0.20454225 0.20499894 0.20545905 0.20592258 0.20638954 0.20685994 0.2073338 0.20781113 0.20829193 0.20877622 0.20926401 0.2097553 0.21025009 0.21074841 0.21125024 0.21175561 0.2122645 0.21277693 0.2132929 0.21381241 0.21433546 0.21486204 0.21539217 0.21592583 0.21646302 0.21700375 0.21754799 0.21809575 0.21864701 0.21920178 0.21976003 0.22032175 0.22088693 0.22145556 0.22202761 0.22260307 0.22318192 0.22376414 0.2243497 0.22493858 0.22553075 0.22612618 0.22672485 0.2273267 0.22793172 0.22853987 0.22915109 0.22976536 0.23038263
0.20103036 0.2014582 0.20188929 0.20232363 0.20276125 0.20320216 0.20364637 0.2040939 0.20454476 0.20499897 0.20545652 0.20591744 0.20638174 0.20684943 0.20732051 0.20779501 0.20827292 0.20875425 0.20923902 0.20972723 0.21021888 0.21071399 0.21121255 0.21171457 0.21222006 0.21272901 0.21324143 0.21375732 0.21427668 0.21479951 0.2153258 0.21585555 0.21638875 0.21692541 0.21746551 0.21800905 0.21855601 0.21910639 0.21966017 0.22021734 0.22077789 0.2213418 0.22190904 0.22247961 0.22305348 0.22363063 0.22421103 0.22479466 0.22538148 0.22597147 0.2265646 0.22716083 0.22776013 0.22836245 0.22896777 0.22957602 0.23018718
0.20104796 0.20147369 0.20190261 0.20233475 0.20277012 0.20320873 0.20365058 0.20409571 0.20454411 0.2049958 0.20545079 0.2059091 0.20637072 0.20683568 0.20730398 0.20777563 0.20825063 0.208729 0.20921074 0.20969586 0.21018436 0.21067625 0.21117154 0.21167021 0.21217228 0.21267776 0.21318663 0.2136989 0.21421456 0.21473362 0.21525608 0.21578192 0.21631114 0.21684373 0.21737969 0.21791901 0.21846168 0.21900768 0.21955701 0.22010964 0.22066557 0.22122477 0.22178722 0.22235292 0.22292182 0.22349392 0.22406918 0.22464757 0.22522908 0.22581366 0.22640128 0.22699192 0.22758552 0.22818206 0.2287815 0.22938378 0.22998886
0.20106255 0.20148615 0.20191291 0.20234283 0.20277592 0.20321221 0.2036517 0.20409441 0.20454034 0.20498951 0.20544192 0.2058976 0.20635654 0.20681875 0.20728425 0.20775304 0.20822513 0.20870053 0.20917924 0.20966126 0.2101466 0.21063527 0.21112727 0.21162259 0.21212125 0.21262323 0.21312855 0.2136372 0.21414917 0.21466447 0.21518309 0.21570502 0.21623026 0.21675879 0.21729062 0.21782573 0.21836411 0.21890575 0.21945062 0.21999873 0.22055005 0.22110455 0.22166223 0.22222307 0.22278703 0.22335409 0.22392423 0.22449742 0.22507363 0.22565283 0.22623498 0.22682005 0.227408 0.22799879 0.22859238 0.22918872 0.22978778
0.20107419 0.20149565 0.20192022 0.2023479 0.20277872 0.20321267 0.20364978 0.20409005 0.2045335 0.20498014 0.20542996 0.205883 0.20633924 0.2067987 0.20726139 0.20772732 0.20819649 0.2086689 0.20914456 0.20962348 0.21010566 0.2105911 0.21107981 0.21157178 0.21206701 0.21256551 0.21306727 0.2135723 0.21408058 0.21459211 0.2151069 0.21562492 0.21614618 0.21667067 0.21719837 0.21772928 0.21826337 0.21880065 0.2193411 0.21988469 0.22043141 0.22098124 0.22153416 0.22209015 0.22264919 0.22321124 0.22377629 0.2243443 0.22491524 0.22548908 0.22606578 0.22664532 0.22722765 0.22781272 0.22840051 0.22899096 0.22958403
0.20108292 0.20150222 0.20192459 0.20235002 0.20277854 0.20321015 0.20364487 0.2040827 0.20452365 0.20496774 0.20541497 0.20586535 0.20631888 0.20677559 0.20723546 0.20769851 0.20816475 0.20863417 0.20910679 0.2095826 0.2100616 0.21054381 0.21102922 0.21151783 0.21200964 0.21250465 0.21300286 0.21350426 0.21400885 0.21451663 0.21502758 0.2155417 0.21605899 0.21657943 0.21710301 0.21762972 0.21815955 0.21869249 0.21922851 0.21976759 0.22030973 0.22085491 0.22140309 0.22195426 0.22250839 0.22306545 0.22362543 0.22418828 0.22475398 0.2253225 0.22589379 0.22646783 0.22704456 0.22762397 0.22820599 0.22879058 0.2293777
0.20108878 0.20150592 0.20192607 0.20234924 0.20277545 0.2032047 0.20363701 0.20407239 0.20451083 0.20495236 0.20539698 0.2058447 0.20629552 0.20674946 0.2072065 0.20766668 0.20812997 0.2085964 0.20906596 0.20953866 0.21001449 0.21049346 0.21097557 0.21146082 0.21194921 0.21244073 0.21293538 0.21343316 0.21393406 0.21443808 0.21494521 0.21545544 0.21596876 0.21648516 0.21700463 0.21752715 0.21805272 0.21858132 0.21911293 0.21964753 0.22018511 0.22072564 0.2212691 0.22181546 0.22236471 0.22291681 0.22347174 0.22402947 0.22458995 0.22515317 0.22571908 0.22628765 0.22685884 0.2274326 0.2280089 0.22858768 0.2291689
0.20109182 0.20150678 0.2019247 0.2023456 0.20276948 0.20319637 0.20362626 0.20405917 0.2044951 0.20493407 0.20537607 0.20582112 0.20626921 0.20672037 0.20717459 0.20763187 0.20809222 0.20855565 0.20902215 0.20949172 0.20996438 0.21044011 0.21091893 0.21140081 0.21188577 0.21237381 0.2128649 0.21335906 0.21385628 0.21435654 0.21485985 0.21536619 0.21587555 0.21638792 0.21690329 0.21742164 0.21794296 0.21846724 0.21899445 0.21952458 0.22005761 0.22059351 0.22113227 0.22167385 0.22221824 0.2227654 0.22331531 0.22386793 0.22442324 0.22498119 0.22554175 0.22610489 0.22667056 0.22723872 0.22780933 0.22838234 0.2289577
0.20109208 0.20150484 0.20192053 0.20233914 0.2027607 0.2031852 0.20361267 0.2040431 0.20447651 0.2049129 0.20535227 0.20579464 0.20624001 0.20668838 0.20713976 0.20759415 0.20805155 0.20851197 0.20897541 0.20944186 0.20991134 0.21038383 0.21085934 0.21133786 0.2118194 0.21230395 0.21279149 0.21328204 0.21377557 0.21427209 0.21477158 0.21527403 0.21577944 0.21628778 0.21679906 0.21731325 0.21783034 0.21835031 0.21887314 0.21939881 0.21992731 0.22045861 0.22099268 0.22152951 0.22206906 0.22261131 0.22315622 0.22370377 0.22425392 0.22480663 0.22536188 0.22591962 0.22647981 0.22704241 0.22760737 0.22817465 0.2287442
0.20108961 0.20150017 0.2019136 0.20232992 0.20274913 0.20317125 0.20359628 0.20402423 0.2044551 0.2048889 0.20532565 0.20576533 0.20620796 0.20665354 0.20710207 0.20755356 0.20800801 0.20846542 0.20892579 0.20938912 0.20985542 0.21032467 0.21079688 0.21127204 0.21175015 0.21223121 0.21271521 0.21320214 0.213692 0.21418477 0.21468045 0.21517903 0.21568049 0.21618483 0.21669203 0.21720206 0.21771493 0.2182306 0.21874907 0.21927031 0.21979429 0.220321 0.22085042 0.2213825 0.22191724 0.2224546 0.22299455 0.22353705 0.22408207 0.22462959 0.22517955 0.22573193 0.22628667 0.22684375 0.2274031 0.2279647 0.22852848
0.20108445 0.20149278 0.20190396 0.20231797 0.20273483 0.20315456 0.20357714 0.2040026 0.20443093 0.20486214 0.20529624 0.20573323 0.20617312 0.2066159 0.20706159 0.20751017 0.20796166 0.20841606 0.20887336 0.20933357 0.20979668 0.21026269 0.2107316 0.2112034 0.21167809 0.21215567 0.21263612 0.21311944 0.21360563 0.21409467 0.21458655 0.21508126 0.21557879 0.21607912 0.21658225 0.21708815 0.21759681 0.2181082 0.21862232 0.21913913 0.21965863 0.22018077 0.22070555 0.22123292 0.22176287 0.22229536 0.22283037 0.22336786 0.22390779 0.22445013 0.22499485 0.2255419 0.22609124 0.22664283 0.22719662 0.22775257 0.22831063
