Cobbity2/QGIS/1mPRPcon.asc
NCOLS 600
NROWS 420
XLLCORNER 150.66
YLLCORNER -34.0283
CELLSIZE 1e-05
NODATA_VALUE -9999
[rows 52 to 77 of 420, columns 420 to 479 of 600]
20.724365 20.687922 20.651808 20.616021 20.580558 20.545417 20.510598 20.476096 20.441911 20.40804 20.37448 20.341229 20.308286 20.275647 20.24331 20.211272 20.179532 20.148086 20.116933 20.08607 20.055494 20.025203 19.995194 19.965465 19.936014 19.906838 19.877934 19.8493 19.820934 19.792834 19.764996 19.737419 19.710099 19.683036 19.656226 19.629667 19.603356 19.577292 19.551473 19.525895 19.500556 19.475455 19.450589 19.425956 19.401554 19.377381 19.353433 19.329711 19.30621 19.28293 19.259867 19.237021 19.214388 19.191968 19.169757 19.147755 19.125958 19.104366 19.082975 19.061785
20.71725 20.681207 20.645483 20.610077 20.574988 20.540214 20.505752 20.471601 20.437759 20.404223 20.370991 20.338061 20.305431 20.273099 20.241062 20.209318 20.177865 20.1467 20.115821 20.085226 20.054912 20.024878 19.995119 19.965636 19.936424 19.907482 19.878807 19.850397 19.822249 19.794362 19.766733 19.739359 19.712239 19.68537 19.65875 19.632377 19.606247 19.580361 19.554713 19.529304 19.504131 19.47919 19.454482 19.430002 19.405749 19.381722 19.357917 19.334333 19.310968 19.287819 19.264886 19.242165 19.219655 19.197354 19.17526 19.153371 19.131684 19.110199 19.088914 19.067825
20.709775 20.674127 20.638792 20.603767 20.56905 20.534641 20.500536 20.466734 20.433234 20.400032 20.367128 20.334519 20.302203 20.270177 20.238441 20.206991 20.175825 20.144941 20.114338 20.084012 20.053961 20.024184 19.994678 19.96544 19.936469 19.907762 19.879318 19.851133 19.823205 19.795533 19.768114 19.740946 19.714027 19.687354 19.660926 19.63474 19.608794 19.583086 19.557613 19.532375 19.507368 19.482591 19.458041 19.433716 19.409615 19.385736 19.362075 19.338632 19.315405 19.292391 19.269588 19.246995 19.22461 19.20243 19.180455 19.158681 19.137107 19.115732 19.094553 19.073569
20.701946 20.666693 20.631744 20.597097 20.562751 20.528705 20.494956 20.461503 20.428343 20.395476 20.362899 20.33061 20.298608 20.26689 20.235454 20.204298 20.17342 20.142818 20.11249 20.082434 20.052648 20.023129 19.993875 19.964885 19.936156 19.907686 19.879473 19.851514 19.823808 19.796353 19.769145 19.742184 19.715468 19.688993 19.662758 19.636761 19.611 19.585473 19.560177 19.535111 19.510273 19.48566 19.461272 19.437104 19.413157 19.389427 19.365913 19.342613 19.319526 19.296648 19.273978 19.251515 19.229257 19.207201 19.185346 19.163689 19.142231 19.120967 19.099898 19.07902
20.693771 20.65891 20.624345 20.590075 20.556099 20.522414 20.48902 20.455914 20.423095 20.390561 20.358311 20.326342 20.294653 20.263242 20.232107 20.201245 20.170656 20.140336 20.110285 20.080499 20.050978 20.021718 19.992718 19.963976 19.93549 19.907258 19.879277 19.851547 19.824063 19.796826 19.769832 19.74308 19.716567 19.690292 19.664252 19.638446 19.612872 19.587527 19.56241 19.537518 19.51285 19.488404 19.464178 19.44017 19.416378 19.392801 19.369435 19.34628 19.323334 19.300595 19.27806 19.255729 19.233599 19.211669 19.189936 19.1684 19.147058 19.125908 19.10495 19.084181
20.685258 20.650786 20.616604 20.582708 20.549099 20.515775 20.482734 20.449975 20.417496 20.385295 20.353371 20.321722 20.290346 20.259242 20.228407 20.19784 20.167539 20.137502 20.107728 20.078213 20.048957 20.019958 19.991212 19.96272 19.934478 19.906485 19.878738 19.851236 19.823977 19.796959 19.770179 19.743637 19.71733 19.691256 19.665413 19.639799 19.614413 19.589252 19.564315 19.5396 19.515104 19.490827 19.466766 19.442918 19.419284 19.39586 19.372645 19.349637 19.326834 19.304235 19.281837 19.25964 19.237641 19.215838 19.19423 19.172816 19.151593 19.130559 19.109714 19.089055
20.676414 20.642329 20.608527 20.575004 20.541761 20.508796 20.476107 20.443693 20.411552 20.379683 20.348085 20.316755 20.285692 20.254895 20.224361 20.194089 20.164077 20.134323 20.104825 20.075583 20.046593 20.017854 19.989364 19.961122 19.933125 19.905371 19.87786 19.850588 19.823554 19.796756 19.770193 19.743862 19.717762 19.69189 19.666246 19.640826 19.61563 19.590655 19.565899 19.541362 19.51704 19.492933 19.469038 19.445353 19.421878 19.39861 19.375547 19.352687 19.33003 19.307573 19.285314 19.263253 19.241386 19.219713 19.198232 19.176941 19.155838 19.134923 19.114192 19.093646
20.667245 20.633545 20.60012 20.566969 20.53409 20.501482 20.469144 20.437074 20.405271 20.373734 20.34246 20.311449 20.280699 20.250208 20.219975 20.189997 20.160274 20.130804 20.101584 20.072613 20.04389 20.015412 19.987179 19.959187 19.931436 19.903924 19.876648 19.849607 19.8228 19.796224 19.769878 19.74376 19.717868 19.6922 19.666755 19.641531 19.616526 19.591738 19.567166 19.542808 19.518662 19.494726 19.470999 19.447479 19.424165 19.401054 19.378145 19.355436 19.332926 19.310613 19.288495 19.266571 19.244839 19.223297 19.201944 19.180779 19.159799 19.139003 19.11839 19.097957
20.657759 20.624441 20.591392 20.55861 20.526093 20.493841 20.461853 20.430126 20.39866 20.367453 20.336504 20.305811 20.275373 20.245188 20.215255 20.185572 20.156138 20.126951 20.098009 20.069311 20.040855 20.012639 19.984663 19.956923 19.929418 19.902148 19.875109 19.8483 19.82172 19.795367 19.76924 19.743335 19.717653 19.69219 19.666946 19.641919 19.617107 19.592508 19.56812 19.543943 19.519974 19.496212 19.472655 19.449301 19.426149 19.403197 19.380444 19.357887 19.335526 19.313358 19.291383 19.269598 19.248002 19.226594 19.205371 19.184333 19.163477 19.142803 19.122309 19.101993
20.647961 20.615023 20.582348 20.549933 20.517777 20.485879 20.454239 20.422854 20.391723 20.360846 20.330221 20.299845 20.269719 20.23984 20.210208 20.18082 20.151674 20.122771 20.094107 20.065682 20.037494 20.00954 19.981821 19.954333 19.927076 19.900048 19.873247 19.846672 19.82032 19.794191 19.768283 19.742594 19.717122 19.691866 19.666824 19.641995 19.617377 19.592968 19.568767 19.544772 19.520982 19.497394 19.474008 19.450822 19.427834 19.405043 19.382447 19.360044 19.337834 19.315813 19.293982 19.272338 19.25088 19.229607 19.208516 19.187607 19.166878 19.146327 19.125953 19.105755
20.637857 20.605298 20.572994 20.540944 20.509147 20.477603 20.446309 20.415265 20.384469 20.35392 20.323618 20.29356 20.263745 20.234172 20.204839 20.175745 20.146889 20.118269 20.089884 20.061732 20.033811 20.006121 19.97866 19.951425 19.924416 19.897631 19.871069 19.844727 19.818605 19.792701 19.767013 19.74154 19.71628 19.691232 19.666394 19.641764 19.617341 19.593124 19.56911 19.545299 19.521689 19.498278 19.475065 19.452048 19.429225 19.406596 19.384159 19.361912 19.339853 19.317982 19.296297 19.274795 19.253477 19.23234 19.211383 19.190605 19.170003 19.149578 19.129326 19.109248
20.627454 20.59527 20.563336 20.53165 20.50021 20.469017 20.438069 20.407364 20.376902 20.346681 20.316701 20.286959 20.257455 20.228187 20.199154 20.170355 20.141788 20.113452 20.085345 20.057466 20.029814 20.002387 19.975184 19.948203 19.921443 19.894902 19.868579 19.842472 19.81658 19.790902 19.765436 19.74018 19.715133 19.690293 19.665659 19.64123 19.617004 19.59298 19.569155 19.545529 19.5221 19.498867 19.475828 19.452981 19.430326 19.407861 19.385584 19.363493 19.341589 19.319868 19.29833 19.276973 19.255796 19.234798 19.213976 19.19333 19.172858 19.152559 19.132432 19.112474
20.616757 20.584947 20.55338 20.522056 20.490972 20.460129 20.429525 20.399158 20.369029 20.339135 20.309476 20.28005 20.250857 20.221894 20.19316 20.164655 20.136377 20.108324 20.080496 20.052891 20.025507 19.998344 19.9714 19.944673 19.918162 19.891865 19.865782 19.839911 19.814251 19.788799 19.763555 19.738517 19.713684 19.689054 19.664626 19.640399 19.616371 19.59254 19.568906 19.545466 19.52222 19.499166 19.476302 19.453628 19.431141 19.408841 19.386725 19.364794 19.343044 19.321476 19.300086 19.278875 19.257841 19.236982 19.216298 19.195786 19.175445 19.155274 19.135272 19.115438
20.605772 20.574333 20.543132 20.512168 20.481438 20.450944 20.420682 20.390653 20.360855 20.331288 20.301949 20.272839 20.243955 20.215296 20.186862 20.158651 20.130661 20.102892 20.075343 20.048011 20.020897 19.993997 19.967312 19.940839 19.914578 19.888527 19.862685 19.83705 19.811621 19.786397 19.761376 19.736557 19.711939 19.68752 19.663299 19.639274 19.615445 19.59181 19.568367 19.545115 19.522052 19.499178 19.476492 19.45399 19.431674 19.40954 19.387588 19.365816 19.344223 19.322808 19.301569 19.280506 19.259616 19.238898 19.218352 19.197976 19.177768 19.157727 19.137852 19.118143
20.594504 20.563435 20.532598 20.501991 20.471615 20.441467 20.411547 20.381854 20.352387 20.323145 20.294126 20.26533 20.236755 20.2084 20.180265 20.152347 20.124647 20.097161 20.069891 20.042833 20.015987 19.989352 19.962926 19.936708 19.910697 19.884892 19.859291 19.833893 19.808697 19.783701 19.758904 19.734305 19.709903 19.685695 19.661682 19.637861 19.614232 19.590793 19.567542 19.544479 19.521602 19.49891 19.476401 19.454074 19.431929 19.409963 19.388175 19.366565 19.34513 19.32387 19.302783 19.281868 19.261124 19.240549 19.220143 19.199903 19.17983 19.159921 19.140175 19.120591
20.582958 20.552257 20.521781 20.491532 20.461506 20.431704 20.402125 20.372767 20.343629 20.314711 20.286011 20.257529 20.229263 20.201212 20.173375 20.145751 20.118338 20.091137 20.064145 20.037361 20.010784 19.984413 19.958247 19.932285 19.906524 19.880965 19.855606 19.830445 19.805482 19.780715 19.756143 19.731765 19.707579 19.683585 19.65978 19.636165 19.612736 19.589494 19.566437 19.543564 19.520873 19.498364 19.476034 19.453883 19.43191 19.410113 19.388492 19.367044 19.345768 19.324664 19.303731 19.282966 19.262369 19.241939 19.221674 19.201573 19.181635 19.161858 19.142243 19.122786
20.57114 20.540804 20.510689 20.480794 20.451118 20.421661 20.39242 20.363396 20.334587 20.305993 20.277611 20.249442 20.221484 20.193736 20.166197 20.138866 20.111742 20.084824 20.05811 20.0316 20.005293 19.979186 19.95328 19.927573 19.902064 19.876752 19.851635 19.826712 19.801983 19.777446 19.753099 19.728943 19.704974 19.681193 19.657598 19.634188 19.610962 19.587918 19.565056 19.542373 19.51987 19.497544 19.475395 19.453421 19.431622 19.409995 19.388541 19.367257 19.346142 19.325196 19.304417 19.283803 19.263355 19.24307 19.222948 19.202987 19.183186 19.163544 19.14406 19.124733
20.559054 20.529082 20.499325 20.469784 20.440456 20.411342 20.382439 20.353748 20.325267 20.296994 20.268931 20.241074 20.213423 20.185978 20.158737 20.131699 20.104863 20.078228 20.051793 20.025557 19.999518 19.973677 19.948031 19.92258 19.897322 19.872257 19.847383 19.822699 19.798204 19.773897 19.749776 19.725842 19.702092 19.678525 19.65514 19.631937 19.608914 19.586069 19.563402 19.540912 19.518597 19.496456 19.474488 19.452693 19.431068 19.409613 19.388327 19.367208 19.346255 19.325467 19.304844 19.284384 19.264085 19.243947 19.223969 19.204149 19.184487 19.164981 19.14563 19.126433
20.546705 20.517095 20.487696 20.458506 20.429526 20.400753 20.372187 20.343827 20.315673 20.287722 20.259975 20.23243 20.205086 20.177943 20.150999 20.124253 20.097705 20.071353 20.045197 20.019235 19.993466 19.967889 19.942504 19.917309 19.892303 19.867485 19.842854 19.818409 19.794149 19.770073 19.746179 19.722467 19.698936 19.675584 19.652411 19.629415 19.606596 19.583951 19.561481 19.539183 19.517058 19.495103 19.473318 19.451701 19.430253 19.40897 19.387853 19.3669 19.346111 19.325483 19.305017 19.284711 19.264563 19.244573 19.224741 19.205063 19.185541 19.166172 19.146955 19.12789
20.534098 20.504848 20.475805 20.446966 20.41833 20.389898 20.361668 20.333639 20.30581 20.27818 20.250749 20.223515 20.196478 20.169636 20.142989 20.116536 20.090275 20.064206 20.038328 20.01264 19.98714 19.961829 19.936704 19.911765 19.887011 19.862441 19.838054 19.813848 19.789823 19.765978 19.742312 19.718824 19.695512 19.672376 19.649415 19.626627 19.604012 19.581569 19.559296 19.537192 19.515257 19.493489 19.471888 19.450451 19.429179 19.408071 19.387124 19.366339 19.345714 19.325247 19.304939 19.284788 19.264793 19.244953 19.225266 19.205733 19.186351 19.16712 19.14804 19.129107
20.521237 20.492347 20.463657 20.435167 20.406876 20.378783 20.350888 20.323188 20.295684 20.268374 20.241258 20.214335 20.187604 20.161063 20.134712 20.108551 20.082577 20.056791 20.031191 20.005777 19.980547 19.9555 19.930636 19.905954 19.881452 19.85713 19.832986 19.809021 19.785232 19.761619 19.738181 19.714916 19.691825 19.668905 19.646157 19.623578 19.601168 19.578926 19.556851 19.534942 19.513198 19.491619 19.470202 19.448947 19.427853 19.406919 19.386144 19.365527 19.345067 19.324763 19.304614 19.284619 19.264778 19.245088 19.225549 19.206161 19.186922 19.16783 19.148886 19.130089
20.508128 20.479595 20.451258 20.423115 20.395167 20.367413 20.33985 20.31248 20.285299 20.258309 20.231508 20.204894 20.178468 20.152228 20.126173 20.100303 20.074617 20.049113 20.023791 19.99865 19.97369 19.948908 19.924305 19.899879 19.87563 19.851556 19.827657 19.803931 19.780379 19.756998 19.733788 19.710748 19.687878 19.665175 19.64264 19.620271 19.598067 19.576028 19.554152 19.532438 19.510887 19.489495 19.468264 19.447191 19.426276 19.405518 19.384915 19.364468 19.344174 19.324034 19.304045 19.284208 19.264521 19.244983 19.225594 19.206351 19.187255 19.168305 19.149499 19.130837
20.494774 20.466597 20.438611 20.410815 20.383209 20.355791 20.328561 20.301518 20.274661 20.247989 20.221502 20.195197 20.169076 20.143136 20.117377 20.091798 20.066398 20.041177 20.016133 19.991266 19.966574 19.942058 19.917715 19.893546 19.869549 19.845724 19.82207 19.798585 19.775269 19.752121 19.72914 19.706325 19.683676 19.661191 19.638869 19.616711 19.594714 19.572877 19.551201 19.529684 19.508325 19.487124 19.466079 19.445189 19.424453 19.403872 19.383443 19.363166 19.34304 19.323064 19.303237 19.283558 19.264027 19.244642 19.225402 19.206307 19.187356 19.168547 19.149881 19.131355
20.48118 20.453357 20.425721 20.398271 20.371005 20.343923 20.317025 20.290309 20.263774 20.23742 20.211245 20.185249 20.159432 20.133791 20.108328 20.083039 20.057926 20.032987 20.008221 19.983627 19.959205 19.934953 19.910872 19.88696 19.863216 19.839639 19.816229 19.792985 19.769906 19.746991 19.724239 19.70165 19.679223 19.656956 19.634849 19.612901 19.591112 19.56948 19.548004 19.526684 19.505519 19.484508 19.463649 19.442943 19.422389 19.401985 19.38173 19.361625 19.341667 19.321856 19.302192 19.282673 19.263298 19.244067 19.224978 19.206032 19.187226 19.168561 19.150035 19.131647
20.467349 20.43988 20.412593 20.385487 20.358561 20.331814 20.305246 20.278856 20.252642 20.226605 20.200743 20.175055 20.149541 20.1242 20.099031 20.074033 20.049205 20.024548 20.000059 19.975739 19.951586 19.9276 19.903779 19.880124 19.856633 19.833305 19.81014 19.787137 19.764295 19.741614 19.719092 19.696729 19.674524 19.652475 19.630584 19.608847 19.587266 19.565838 19.544564 19.523441 19.502471 19.481651 19.46098 19.440459 19.420086 19.39986 19.379781 19.359848 19.34006 19.320415 19.300914 19.281555 19.262338 19.243262 19.224326 19.205529 19.18687 19.168349 19.149964 19.131715
20.453288 20.42617 20.399231 20.372467 20.34588 20.319467 20.293229 20.267164 20.241271 20.21555 20.189999 20.164619 20.139408 20.114365 20.08949 20.064783 20.040241 20.015865 19.991654 19.967607 19.943723 19.920002 19.896442 19.873044 19.849806 19.826727 19.803807 19.781046 19.758441 19.735994 19.713702 19.691565 19.669582 19.647753 19.626077 19.604553 19.58318 19.561957 19.540885 19.519961 19.499185 19.478557 19.458075 19.43774 19.417549 19.397502 19.377599 19.357839 19.338221 19.318744 19.299407 19.28021 19.261152 19.242231 19.223448 19.204801 19.18629 19.167914 19.149672 19.131563
