Cobbity2/QGIS/1mPRPcon.asc
NCOLS 600
NROWS 420
XLLCORNER 150.66
YLLCORNER -34.0283
CELLSIZE 1e-05
NODATA_VALUE -9999
[rows 130 to 155 of 420, columns 60 to 119 of 600]
18.363557 18.366778 18.370017 18.373274 18.37655 18.379845 18.383159 18.386493 18.389848 18.393223 18.39662 18.400039 18.403481 18.406946 18.410434 18.413947 18.417486 18.42105 18.424641 18.428259 18.431905 18.43558 18.439284 18.443019 18.446785 18.450584 18.454416 18.458282 18.462183 18.466121 18.470096 18.474109 18.478162 18.482256 18.486393 18.490572 18.494797 18.499067 18.503386 18.507753 18.512172 18.516643 18.521168 18.525749 18.530387 18.535086 18.539845 18.544669 18.549558 18.554516 18.559543 18.564644 18.569819 18.575073 18.580407 18.585824 18.591327 18.59692 18.602605 18.608385
18.353144 18.35624 18.359352 18.36248 18.365625 18.368787 18.371966 18.375163 18.378379 18.381613 18.384867 18.388141 18.391435 18.39475 18.398086 18.401445 18.404826 18.408231 18.411659 18.415113 18.418592 18.422097 18.425629 18.429188 18.432776 18.436394 18.440042 18.443721 18.447432 18.451176 18.454954 18.458768 18.462618 18.466505 18.470431 18.474397 18.478404 18.482454 18.486547 18.490686 18.494871 18.499105 18.503389 18.507724 18.512113 18.516557 18.521058 18.525617 18.530238 18.534922 18.539672 18.544489 18.549375 18.554335 18.559369 18.564481 18.569673 18.574948 18.58031 18.585762
18.342692 18.345663 18.348647 18.351646 18.354659 18.357688 18.360732 18.363791 18.366867 18.36996 18.37307 18.376198 18.379344 18.382508 18.385692 18.388895 18.392119 18.395364 18.39863 18.401918 18.405229 18.408563 18.411922 18.415305 18.418714 18.42215 18.425613 18.429104 18.432624 18.436174 18.439755 18.443367 18.447013 18.450693 18.454407 18.458158 18.461947 18.465774 18.469641 18.473549 18.477501 18.481496 18.485537 18.489625 18.493763 18.49795 18.502191 18.506485 18.510836 18.515245 18.519714 18.524245 18.528841 18.533504 18.538237 18.543041 18.54792 18.552876 18.557912 18.563032
18.332204 18.335048 18.337904 18.340773 18.343655 18.346549 18.349457 18.352379 18.355316 18.358266 18.361232 18.364213 18.367211 18.370224 18.373254 18.376302 18.379367 18.382451 18.385554 18.388676 18.391819 18.394982 18.398166 18.401373 18.404602 18.407855 18.411133 18.414435 18.417763 18.421118 18.4245 18.427911 18.431351 18.434822 18.438325 18.44186 18.445428 18.449032 18.452672 18.456349 18.460064 18.46382 18.467617 18.471457 18.475342 18.479272 18.48325 18.487278 18.491357 18.495488 18.499675 18.50392 18.508223 18.512588 18.517016 18.521511 18.526074 18.530709 18.535417 18.540202
18.32168 18.324398 18.327126 18.329864 18.332614 18.335374 18.338146 18.34093 18.343726 18.346534 18.349355 18.35219 18.355037 18.357899 18.360776 18.363667 18.366574 18.369496 18.372435 18.375391 18.378365 18.381356 18.384366 18.387395 18.390444 18.393513 18.396604 18.399717 18.402852 18.406011 18.409194 18.412403 18.415637 18.418898 18.422188 18.425506 18.428854 18.432233 18.435644 18.439088 18.442567 18.446082 18.449634 18.453224 18.456855 18.460526 18.464241 18.468 18.471806 18.475659 18.479563 18.483518 18.487527 18.491591 18.495714 18.499897 18.504143 18.508453 18.512832 18.51728
18.311123 18.313714 18.316314 18.318922 18.321539 18.324165 18.3268 18.329445 18.3321 18.334766 18.337442 18.340129 18.342827 18.345537 18.348259 18.350994 18.353741 18.356502 18.359277 18.362066 18.364869 18.367688 18.370523 18.373374 18.376242 18.379127 18.382031 18.384954 18.387896 18.390858 18.393841 18.396846 18.399874 18.402924 18.406 18.4091 18.412226 18.41538 18.418562 18.421773 18.425014 18.428287 18.431592 18.434932 18.438307 18.441719 18.445169 18.448658 18.452189 18.455762 18.459381 18.463045 18.466758 18.470521 18.474336 18.478206 18.482132 18.486117 18.490163 18.494273
18.300536 18.303 18.30547 18.307947 18.310431 18.312923 18.315421 18.317927 18.320441 18.322964 18.325494 18.328033 18.330582 18.33314 18.335707 18.338284 18.340872 18.343471 18.346081 18.348702 18.351336 18.353982 18.356641 18.359313 18.362 18.364701 18.367417 18.370148 18.372896 18.375661 18.378444 18.381245 18.384065 18.386905 18.389765 18.392647 18.395551 18.398478 18.40143 18.404406 18.407409 18.410439 18.413497 18.416585 18.419704 18.422854 18.426038 18.429257 18.432512 18.435804 18.439136 18.442509 18.445924 18.449384 18.45289 18.456444 18.460049 18.463707 18.467419 18.471188
18.289919 18.292256 18.294597 18.296943 18.299294 18.30165 18.304012 18.306379 18.308751 18.31113 18.313515 18.315906 18.318304 18.320709 18.323122 18.325542 18.32797 18.330406 18.33285 18.335304 18.337767 18.34024 18.342723 18.345216 18.34772 18.350236 18.352764 18.355305 18.357858 18.360426 18.363007 18.365603 18.368215 18.370843 18.373488 18.376151 18.378832 18.381532 18.384253 18.386994 18.389757 18.392543 18.395354 18.398189 18.40105 18.403938 18.406855 18.409802 18.41278 18.41579 18.418834 18.421913 18.42503 18.428185 18.431381 18.434619 18.437901 18.441229 18.444606 18.448033
18.279276 18.281485 18.283697 18.285912 18.28813 18.29035 18.292574 18.294802 18.297033 18.299268 18.301507 18.30375 18.305997 18.308249 18.310506 18.312769 18.315036 18.317309 18.319589 18.321874 18.324166 18.326465 18.328772 18.331086 18.333408 18.335738 18.338078 18.340426 18.342785 18.345154 18.347534 18.349925 18.352328 18.354744 18.357173 18.359616 18.362073 18.364546 18.367034 18.36954 18.372063 18.374605 18.377166 18.379748 18.382351 18.384976 18.387625 18.390299 18.392999 18.395726 18.398481 18.401266 18.404083 18.406932 18.409816 18.412736 18.415694 18.418692 18.421732 18.424815
18.268608 18.27069 18.272772 18.274855 18.276939 18.279025 18.281111 18.283199 18.285288 18.287379 18.289472 18.291566 18.293663 18.295762 18.297864 18.299968 18.302075 18.304185 18.306298 18.308415 18.310536 18.312661 18.314791 18.316925 18.319064 18.321209 18.32336 18.325516 18.32768 18.32985 18.332028 18.334214 18.336408 18.338611 18.340823 18.343046 18.345279 18.347523 18.34978 18.352049 18.354331 18.356628 18.35894 18.361267 18.363611 18.365973 18.368354 18.370754 18.373174 18.375617 18.378083 18.380573 18.383089 18.385631 18.388203 18.390804 18.393436 18.396102 18.398803 18.401541
18.257917 18.259871 18.261824 18.263775 18.265726 18.267675 18.269624 18.271572 18.27352 18.275466 18.277413 18.279359 18.281304 18.28325 18.285196 18.287142 18.289088 18.291035 18.292982 18.294931 18.29688 18.298831 18.300784 18.302738 18.304694 18.306653 18.308614 18.310579 18.312546 18.314518 18.316493 18.318473 18.320458 18.322448 18.324443 18.326445 18.328454 18.33047 18.332493 18.334526 18.336567 18.338618 18.34068 18.342752 18.344837 18.346935 18.349046 18.351171 18.353313 18.355471 18.357646 18.35984 18.362054 18.364289 18.366546 18.368828 18.371134 18.373467 18.375828 18.37822
18.247206 18.249032 18.250854 18.252674 18.254491 18.256305 18.258116 18.259924 18.261729 18.263532 18.265332 18.267129 18.268924 18.270716 18.272506 18.274294 18.276079 18.277862 18.279644 18.281423 18.283201 18.284978 18.286753 18.288527 18.2903 18.292073 18.293845 18.295617 18.297389 18.299161 18.300934 18.302707 18.304482 18.306259 18.308037 18.309818 18.311602 18.313389 18.31518 18.316975 18.318775 18.32058 18.322391 18.324208 18.326033 18.327866 18.329707 18.331558 18.333419 18.335292 18.337176 18.339073 18.340985 18.342912 18.344854 18.346815 18.348794 18.350794 18.352814 18.354858
18.236475 18.238173 18.239866 18.241554 18.243238 18.244916 18.246589 18.248257 18.24992 18.251579 18.253232 18.25488 18.256524 18.258163 18.259797 18.261426 18.26305 18.26467 18.266285 18.267896 18.269502 18.271104 18.272702 18.274296 18.275886 18.277472 18.279055 18.280634 18.28221 18.283783 18.285353 18.28692 18.288485 18.290048 18.29161 18.293169 18.294728 18.296286 18.297844 18.299401 18.300959 18.302518 18.304078 18.30564 18.307205 18.308772 18.310344 18.311919 18.3135 18.315086 18.316679 18.31828 18.319888 18.321506 18.323134 18.324773 18.326424 18.328089 18.329769 18.331465
18.225728 18.227298 18.228862 18.230418 18.231967 18.23351 18.235045 18.236573 18.238094 18.239608 18.241115 18.242615 18.244107 18.245592 18.24707 18.248541 18.250005 18.251461 18.25291 18.254352 18.255786 18.257214 18.258635 18.260048 18.261455 18.262855 18.264248 18.265634 18.267014 18.268388 18.269755 18.271116 18.272471 18.27382 18.275164 18.276503 18.277836 18.279165 18.280489 18.281809 18.283125 18.284437 18.285747 18.287053 18.288357 18.28966 18.290961 18.292261 18.293561 18.294861 18.296162 18.297465 18.29877 18.300079 18.301391 18.302708 18.304032 18.305362 18.3067 18.308046
18.214967 18.216409 18.217842 18.219267 18.220683 18.222089 18.223487 18.224875 18.226254 18.227624 18.228984 18.230335 18.231676 18.233008 18.23433 18.235642 18.236945 18.238238 18.239521 18.240794 18.242057 18.24331 18.244553 18.245787 18.24701 18.248223 18.249427 18.250621 18.251805 18.252979 18.254143 18.255298 18.256443 18.257579 18.258705 18.259823 18.260931 18.26203 18.263121 18.264203 18.265277 18.266343 18.267402 18.268452 18.269496 18.270533 18.271563 18.272588 18.273607 18.274621 18.27563 18.276635 18.277637 18.278636 18.279633 18.280628 18.281623 18.282618 18.283614 18.284612
18.204193 18.205507 18.206811 18.208103 18.209385 18.210656 18.211916 18.213165 18.214402 18.215627 18.216841 18.218044 18.219234 18.220412 18.221578 18.222732 18.223874 18.225004 18.22612 18.227225 18.228316 18.229395 18.230461 18.231514 18.232555 18.233582 18.234596 18.235597 18.236585 18.23756 18.238522 18.23947 18.240406 18.241328 18.242237 18.243133 18.244016 18.244887 18.245744 18.246589 18.247421 18.24824 18.249048 18.249843 18.250626 18.251398 18.252158 18.252907 18.253645 18.254373 18.25509 18.255798 18.256496 18.257186 18.257867 18.25854 18.259206 18.259866 18.260519 18.261168
18.193408 18.194594 18.195769 18.19693 18.198078 18.199214 18.200336 18.201445 18.20254 18.203622 18.204689 18.205743 18.206782 18.207808 18.208818 18.209814 18.210795 18.211761 18.212712 18.213648 18.214568 18.215473 18.216362 18.217235 18.218092 18.218933 18.219758 18.220567 18.221359 18.222135 18.222894 18.223637 18.224363 18.225072 18.225764 18.226439 18.227097 18.227738 18.228363 18.22897 18.229561 18.230134 18.230691 18.23123 18.231753 18.23226 18.23275 18.233223 18.233681 18.234122 18.234548 18.234958 18.235353 18.235733 18.236099 18.23645 18.236788 18.237112 18.237424 18.237724
18.182615 18.183674 18.184718 18.185748 18.186763 18.187763 18.188748 18.189718 18.190671 18.191609 18.19253 18.193436 18.194325 18.195197 18.196052 18.19689 18.19771 18.198513 18.199299 18.200066 18.200815 18.201546 18.202258 18.202951 18.203626 18.204281 18.204917 18.205534 18.206131 18.206708 18.207265 18.207802 18.208318 18.208814 18.209289 18.209744 18.210177 18.21059 18.210982 18.211352 18.211701 18.212029 18.212335 18.21262 18.212883 18.213124 18.213344 18.213543 18.21372 18.213876 18.21401 18.214123 18.214215 18.214286 18.214337 18.214367 18.214376 18.214366 18.214335 18.214286
18.171815 18.172746 18.173662 18.174561 18.175443 18.176308 18.177155 18.177985 18.178797 18.179591 18.180367 18.181124 18.181863 18.182582 18.183282 18.183962 18.184623 18.185263 18.185883 18.186482 18.18706 18.187617 18.188153 18.188667 18.189159 18.189629 18.190077 18.190501 18.190903 18.191282 18.191637 18.191968 18.192276 18.192559 18.192818 18.193052 18.193262 18.193446 18.193605 18.193739 18.193847 18.193929 18.193986 18.194016 18.194019 18.193997 18.193948 18.193872 18.193769 18.193639 18.193483 18.193299 18.193089 18.192851 18.192587 18.192296 18.191977 18.191633 18.191261 18.190863
18.161011 18.161815 18.162602 18.163369 18.164118 18.164848 18.165559 18.16625 18.166921 18.167572 18.168202 18.168811 18.1694 18.169966 18.170511 18.171034 18.171535 18.172013 18.172468 18.172899 18.173307 18.173691 18.174051 18.174386 18.174696 18.17498 18.17524 18.175473 18.17568 18.175861 18.176014 18.176141 18.17624 18.176311 18.176354 18.176369 18.176355 18.176311 18.176239 18.176136 18.176004 18.175841 18.175648 18.175424 18.175169 18.174883 18.174565 18.174215 18.173833 18.173418 18.172972 18.172492 18.17198 18.171435 18.170856 18.170244 18.169599 18.168921 18.168209 18.167464
18.150204 18.150882 18.151539 18.152176 18.152793 18.153388 18.153962 18.154515 18.155045 18.155553 18.156038 18.156499 18.156938 18.157353 18.157743 18.158109 18.15845 18.158766 18.159056 18.15932 18.159558 18.159769 18.159953 18.16011 18.160238 18.160338 18.16041 18.160452 18.160465 18.160449 18.160401 18.160324 18.160215 18.160074 18.159902 18.159697 18.15946 18.15919 18.158886 18.158548 18.158176 18.157769 18.157327 18.15685 18.156337 18.155787 18.155201 18.154578 18.153918 18.15322 18.152483 18.151709 18.150896 18.150043 18.149152 18.14822 18.147249 18.146238 18.145187 18.144094
18.139397 18.139948 18.140477 18.140984 18.141468 18.141929 18.142367 18.142781 18.143171 18.143536 18.143876 18.144191 18.14448 18.144743 18.144979 18.145189 18.145371 18.145525 18.145651 18.145748 18.145817 18.145855 18.145864 18.145843 18.14579 18.145706 18.145591 18.145443 18.145262 18.145049 18.144801 18.14452 18.144203 18.143852 18.143465 18.143042 18.142582 18.142086 18.141551 18.140979 18.140368 18.139718 18.139028 18.138298 18.137528 18.136716 18.135863 18.134968 18.13403 18.133049 18.132024 18.130955 18.129842 18.128684 18.12748 18.12623 18.124934 18.123592 18.122202 18.120764
18.128591 18.129016 18.129417 18.129794 18.130147 18.130474 18.130776 18.131052 18.131301 18.131524 18.13172 18.131888 18.132028 18.13214 18.132223 18.132276 18.1323 18.132293 18.132255 18.132186 18.132086 18.131953 18.131787 18.131588 18.131355 18.131088 18.130786 18.130448 18.130075 18.129665 18.129218 18.128733 18.12821 18.127649 18.127048 18.126407 18.125726 18.125004 18.12424 18.123434 18.122585 18.121692 18.120756 18.119774 18.118747 18.117675 18.116555 18.115389 18.114175 18.112912 18.1116 18.110238 18.108826 18.107363 18.105848 18.104282 18.102662 18.100989 18.099262 18.09748
18.117789 18.118088 18.118362 18.118609 18.11883 18.119024 18.11919 18.119329 18.119439 18.11952 18.119572 18.119594 18.119585 18.119546 18.119476 18.119374 18.11924 18.119072 18.118872 18.118637 18.118368 18.118064 18.117724 18.117348 18.116936 18.116486 18.115998 18.115472 18.114906 18.114301 18.113655 18.112968 18.11224 18.111469 18.110655 18.109798 18.108896 18.107949 18.106956 18.105917 18.104831 18.103697 18.102515 18.101283 18.100001 18.098668 18.097284 18.095848 18.094358 18.092815 18.091217 18.089563 18.087854 18.086087 18.084263 18.082381 18.080439 18.078437 18.076374 18.07425
18.106993 18.107166 18.107313 18.107431 18.107521 18.107582 18.107613 18.107614 18.107585 18.107525 18.107434 18.10731 18.107154 18.106965 18.106742 18.106485 18.106193 18.105866 18.105503 18.105103 18.104667 18.104192 18.103679 18.103127 18.102536 18.101904 18.101231 18.100517 18.09976 18.09896 18.098116 18.097228 18.096295 18.095316 18.09429 18.093217 18.092095 18.090925 18.089705 18.088434 18.087112 18.085738 18.08431 18.082829 18.081294 18.079702 18.078054 18.076349 18.074586 18.072763 18.070881 18.068937 18.066932 18.064864 18.062732 18.060535 18.058273 18.055944 18.053547 18.051082
18.096204 18.096252 18.096272 18.096262 18.096221 18.096149 18.096046 18.095911 18.095743 18.095543 18.095308 18.09504 18.094736 18.094398 18.094023 18.093612 18.093163 18.092677 18.092152 18.091588 18.090985 18.090341 18.089655 18.088928 18.088158 18.087345 18.086488 18.085587 18.084639 18.083646 18.082605 18.081517 18.08038 18.079193 18.077957 18.076669 18.075329 18.073936 18.072489 18.070988 18.069432 18.067818 18.066148 18.064419 18.06263 18.060782 18.058872 18.056899 18.054864 18.052764 18.050598 18.048366 18.046067 18.043698 18.04126 18.038752 18.036171 18.033517 18.030788 18.027984
