Cobbity2/QGIS/1mPRPcon.asc
NCOLS 600
NROWS 420
XLLCORNER 150.66
YLLCORNER -34.0283
CELLSIZE 1e-05
NODATA_VALUE -9999
[rows 338 to 363 of 420, columns 420 to 479 of 600]
17.219135 17.225427 17.231664 17.237844 17.243969 17.250039 17.256052 17.26201 17.267912 17.273758 17.279549 17.285283 17.290963 17.296586 17.302155 17.307667 17.313125 17.318527 17.323874 17.329166 17.334404 17.339586 17.344714 17.349787 17.354806 17.359771 17.364681 17.369538 17.374341 17.37909 17.383786 17.388428 17.393018 17.397554 17.402038 17.406469 17.410848 17.415175 17.41945 17.423673 17.427845 17.431966 17.436035 17.440054 17.444022 17.447939 17.451807 17.455624 17.459392 17.463111 17.46678 17.4704 17.473972 17.477495 17.48097 17.484398 17.487777 17.491109 17.494394 17.497632
17.218056 17.224304 17.230498 17.236637 17.242721 17.24875 17.254724 17.260644 17.266508 17.272317 17.278071 17.28377 17.289415 17.295004 17.300539 17.306019 17.311445 17.316816 17.322133 17.327395 17.332604 17.337758 17.342858 17.347904 17.352897 17.357836 17.362721 17.367553 17.372333 17.377059 17.381732 17.386352 17.390921 17.395436 17.3999 17.404312 17.408672 17.41298 17.417237 17.421443 17.425598 17.429702 17.433756 17.437759 17.441713 17.445616 17.44947 17.453274 17.457029 17.460736 17.464393 17.468002 17.471563 17.475076 17.478541 17.481959 17.485329 17.488653 17.491929 17.49516
17.217017 17.223222 17.229373 17.23547 17.241513 17.247502 17.253437 17.259317 17.265143 17.270915 17.276633 17.282297 17.287907 17.293462 17.298964 17.304411 17.309805 17.315145 17.320431 17.325664 17.330843 17.335969 17.341041 17.34606 17.351027 17.35594 17.3608 17.365608 17.370363 17.375066 17.379716 17.384315 17.388861 17.393356 17.3978 17.402192 17.406532 17.410822 17.415061 17.41925 17.423388 17.427475 17.431513 17.435501 17.43944 17.443329 17.447169 17.45096 17.454702 17.458396 17.462041 17.465639 17.469189 17.472691 17.476146 17.479554 17.482915 17.48623 17.489498 17.49272
17.216017 17.222179 17.228287 17.234343 17.240345 17.246293 17.252189 17.25803 17.263819 17.269554 17.275235 17.280863 17.286438 17.29196 17.297428 17.302843 17.308205 17.313513 17.318769 17.323972 17.329122 17.334219 17.339263 17.344255 17.349195 17.354082 17.358917 17.3637 17.368431 17.373111 17.377739 17.382315 17.38684 17.391314 17.395737 17.400109 17.40443 17.408701 17.412922 17.417093 17.421214 17.425285 17.429307 17.433279 17.437202 17.441077 17.444903 17.44868 17.452409 17.45609 17.459724 17.46331 17.466848 17.47034 17.473784 17.477182 17.480534 17.483839 17.487099 17.490313
17.215056 17.221174 17.22724 17.233254 17.239215 17.245124 17.250979 17.256783 17.262533 17.268231 17.273876 17.279469 17.285009 17.290496 17.295931 17.301313 17.306643 17.31192 17.317145 17.322318 17.327439 17.332507 17.337524 17.342488 17.347401 17.352263 17.357072 17.361831 17.366538 17.371193 17.375798 17.380352 17.384855 17.389308 17.39371 17.398063 17.402365 17.406617 17.410819 17.414972 17.419075 17.42313 17.427135 17.431092 17.435 17.43886 17.442671 17.446435 17.450151 17.453819 17.45744 17.461014 17.464541 17.468022 17.471456 17.474844 17.478186 17.481482 17.484733 17.487938
17.214132 17.220207 17.226231 17.232203 17.238123 17.243992 17.249808 17.255573 17.261285 17.266946 17.272555 17.278112 17.283617 17.28907 17.294472 17.299821 17.305119 17.310365 17.315559 17.320702 17.325793 17.330833 17.335822 17.340759 17.345645 17.35048 17.355265 17.359998 17.364681 17.369313 17.373895 17.378426 17.382908 17.387339 17.391721 17.396053 17.400335 17.404568 17.408752 17.412887 17.416973 17.42101 17.424999 17.42894 17.432833 17.436677 17.440474 17.444224 17.447926 17.451582 17.45519 17.458752 17.462268 17.465737 17.46916 17.472538 17.47587 17.479157 17.482398 17.485595
17.213245 17.219278 17.225259 17.231189 17.237069 17.242897 17.248674 17.2544 17.260075 17.265699 17.271272 17.276793 17.282263 17.287682 17.29305 17.298367 17.303632 17.308847 17.314011 17.319124 17.324185 17.329197 17.334157 17.339067 17.343926 17.348735 17.353494 17.358202 17.362861 17.367469 17.372028 17.376537 17.380996 17.385406 17.389767 17.394078 17.398341 17.402555 17.40672 17.410837 17.414905 17.418925 17.422898 17.426822 17.430699 17.434529 17.438312 17.442047 17.445736 17.449378 17.452974 17.456523 17.460027 17.463485 17.466897 17.470264 17.473586 17.476863 17.480096 17.483284
17.212395 17.218384 17.224324 17.230212 17.236051 17.241839 17.247577 17.253265 17.258902 17.264489 17.270025 17.275511 17.280946 17.286331 17.291666 17.296949 17.302183 17.307366 17.312499 17.317582 17.322614 17.327597 17.332529 17.337411 17.342244 17.347026 17.351759 17.356443 17.361077 17.365661 17.370197 17.374683 17.37912 17.383509 17.387848 17.392139 17.396382 17.400577 17.404723 17.408821 17.412872 17.416875 17.420831 17.424739 17.4286 17.432415 17.436182 17.439904 17.443578 17.447207 17.45079 17.454327 17.457819 17.461265 17.464666 17.468023 17.471334 17.474602 17.477825 17.481003
17.211581 17.217527 17.223424 17.229271 17.235069 17.240818 17.246517 17.252166 17.257765 17.263315 17.268815 17.274265 17.279666 17.285016 17.290317 17.295568 17.30077 17.305922 17.311024 17.316076 17.321079 17.326033 17.330937 17.335792 17.340597 17.345353 17.350061 17.354719 17.359328 17.363889 17.368401 17.372864 17.377279 17.381646 17.385965 17.390235 17.394458 17.398633 17.40276 17.40684 17.410873 17.414859 17.418797 17.422689 17.426535 17.430334 17.434086 17.437793 17.441454 17.445069 17.448639 17.452164 17.455643 17.459077 17.462467 17.465813 17.469114 17.472371 17.475584 17.478754
17.210801 17.216705 17.22256 17.228366 17.234123 17.239832 17.245491 17.251102 17.256664 17.262177 17.267641 17.273055 17.278421 17.283737 17.289005 17.294223 17.299393 17.304513 17.309584 17.314606 17.31958 17.324505 17.32938 17.334207 17.338986 17.343716 17.348397 17.35303 17.357615 17.362152 17.36664 17.371081 17.375473 17.379818 17.384116 17.388365 17.392568 17.396723 17.400832 17.404893 17.408908 17.412876 17.416798 17.420673 17.424502 17.428286 17.432023 17.435715 17.439362 17.442964 17.44652 17.450032 17.453499 17.456921 17.4603 17.463634 17.466925 17.470172 17.473375 17.476535
17.210056 17.215917 17.22173 17.227495 17.233212 17.23888 17.244501 17.250074 17.255598 17.261074 17.266501 17.27188 17.277211 17.282494 17.287728 17.292913 17.29805 17.303139 17.30818 17.313172 17.318116 17.323011 17.327859 17.332658 17.33741 17.342113 17.346769 17.351376 17.355936 17.360449 17.364914 17.369331 17.373702 17.378025 17.382301 17.38653 17.390712 17.394848 17.398937 17.402979 17.406976 17.410926 17.414831 17.41869 17.422503 17.42627 17.429993 17.43367 17.437302 17.44089 17.444433 17.447932 17.451386 17.454797 17.458164 17.461487 17.464766 17.468003 17.471196 17.474347
17.209345 17.215163 17.220934 17.226658 17.232334 17.237963 17.243545 17.249079 17.254566 17.260005 17.265396 17.27074 17.276036 17.281284 17.286485 17.291638 17.296743 17.3018 17.30681 17.311772 17.316686 17.321553 17.326372 17.331143 17.335868 17.340545 17.345174 17.349757 17.354292 17.35878 17.363221 17.367616 17.371964 17.376265 17.380519 17.384727 17.388889 17.393005 17.397075 17.401099 17.405077 17.40901 17.412897 17.416739 17.420535 17.424287 17.427994 17.431657 17.435274 17.438848 17.442378 17.445863 17.449305 17.452703 17.456058 17.45937 17.462638 17.465864 17.469048 17.472188
17.208666 17.214442 17.220171 17.225854 17.23149 17.23708 17.242623 17.248119 17.253568 17.25897 17.264326 17.269634 17.274895 17.280109 17.285276 17.290396 17.295469 17.300495 17.305474 17.310406 17.31529 17.320128 17.324919 17.329663 17.33436 17.33901 17.343614 17.348171 17.352681 17.357145 17.361563 17.365934 17.370259 17.374538 17.378771 17.382958 17.3871 17.391195 17.395246 17.399251 17.40321 17.407125 17.410995 17.41482 17.4186 17.422336 17.426027 17.429675 17.433278 17.436837 17.440353 17.443825 17.447254 17.45064 17.453983 17.457283 17.460541 17.463756 17.466929 17.47006
17.20802 17.213753 17.219441 17.225083 17.230679 17.236229 17.241733 17.247191 17.252603 17.257969 17.263288 17.268561 17.273787 17.278968 17.284101 17.289188 17.294229 17.299224 17.304171 17.309073 17.313928 17.318737 17.323499 17.328215 17.332885 17.337509 17.342086 17.346618 17.351103 17.355543 17.359937 17.364285 17.368587 17.372844 17.377055 17.381222 17.385342 17.389418 17.393449 17.397435 17.401376 17.405273 17.409125 17.412933 17.416696 17.420416 17.424092 17.427724 17.431312 17.434858 17.438359 17.441818 17.445234 17.448608 17.451938 17.455227 17.458473 17.461677 17.464839 17.46796
17.207406 17.213097 17.218743 17.224344 17.2299 17.235411 17.240877 17.246297 17.251671 17.257 17.262283 17.267521 17.272713 17.277859 17.282959 17.288014 17.293022 17.297985 17.302902 17.307773 17.312599 17.317379 17.322112 17.326801 17.331443 17.33604 17.340592 17.345098 17.349558 17.353974 17.358343 17.362668 17.366948 17.371182 17.375372 17.379517 17.383617 17.387673 17.391684 17.395651 17.399573 17.403452 17.407286 17.411077 17.414824 17.418527 17.422187 17.425804 17.429378 17.432908 17.436396 17.439841 17.443244 17.446605 17.449923 17.4532 17.456434 17.459627 17.462779 17.46589
17.206822 17.212472 17.218077 17.223637 17.229153 17.234625 17.240052 17.245434 17.250771 17.256063 17.261311 17.266513 17.27167 17.276782 17.281849 17.286871 17.291848 17.296779 17.301665 17.306506 17.311302 17.316053 17.320758 17.325419 17.330034 17.334604 17.33913 17.34361 17.348046 17.352436 17.356782 17.361084 17.365341 17.369553 17.373721 17.377844 17.381924 17.385959 17.389951 17.393898 17.397802 17.401662 17.405479 17.409252 17.412982 17.416669 17.420313 17.423915 17.427473 17.430989 17.434463 17.437895 17.441284 17.444632 17.447938 17.451202 17.454425 17.457607 17.460748 17.463848
17.20627 17.211877 17.217441 17.222961 17.228437 17.23387 17.239258 17.244602 17.249902 17.255158 17.26037 17.265537 17.270659 17.275738 17.280771 17.28576 17.290705 17.295605 17.30046 17.305271 17.310037 17.314759 17.319436 17.324069 17.328657 17.3332 17.337699 17.342154 17.346565 17.350931 17.355253 17.359531 17.363765 17.367955 17.372101 17.376203 17.380262 17.384277 17.388248 17.392177 17.396061 17.399903 17.403702 17.407458 17.411171 17.414842 17.41847 17.422055 17.425599 17.4291 17.43256 17.435977 17.439353 17.442688 17.445981 17.449234 17.452445 17.455615 17.458745 17.461835
17.205747 17.211313 17.216835 17.222315 17.227752 17.233145 17.238495 17.243802 17.249065 17.254284 17.25946 17.264592 17.26968 17.274724 17.279725 17.284681 17.289594 17.294462 17.299287 17.304067 17.308804 17.313497 17.318145 17.32275 17.327311 17.331827 17.3363 17.34073 17.345115 17.349457 17.353755 17.358009 17.36222 17.366388 17.370512 17.374593 17.37863 17.382625 17.386577 17.390485 17.394351 17.398175 17.401956 17.405694 17.40939 17.413044 17.416656 17.420226 17.423754 17.427241 17.430686 17.434089 17.437452 17.440773 17.444054 17.447294 17.450493 17.453652 17.456771 17.45985
17.205254 17.210778 17.216259 17.221699 17.227096 17.23245 17.237762 17.243031 17.248257 17.25344 17.25858 17.263677 17.268731 17.273742 17.278709 17.283633 17.288513 17.293351 17.298144 17.302895 17.307602 17.312265 17.316885 17.321462 17.325996 17.330486 17.334932 17.339336 17.343696 17.348013 17.352287 17.356518 17.360706 17.364851 17.368953 17.373013 17.377029 17.381004 17.384935 17.388825 17.392672 17.396476 17.400239 17.40396 17.407639 17.411276 17.414871 17.418426 17.421938 17.42541 17.428841 17.43223 17.435579 17.438887 17.442155 17.445382 17.44857 17.451717 17.454824 17.457892
17.204789 17.210272 17.215713 17.221112 17.22647 17.231785 17.237059 17.24229 17.24748 17.252627 17.257731 17.262793 17.267812 17.272789 17.277723 17.282615 17.287463 17.292269 17.297032 17.301752 17.30643 17.311064 17.315656 17.320205 17.324711 17.329174 17.333595 17.337973 17.342308 17.3466 17.35085 17.355058 17.359222 17.363345 17.367425 17.371463 17.375459 17.379412 17.383324 17.387193 17.391021 17.394807 17.398552 17.402255 17.405917 17.409537 17.413116 17.416654 17.420152 17.423608 17.427024 17.4304 17.433735 17.43703 17.440284 17.443499 17.446674 17.44981 17.452906 17.455962
17.204352 17.209794 17.215194 17.220554 17.225872 17.231149 17.236385 17.241579 17.246731 17.251842 17.256911 17.261938 17.266923 17.271867 17.276768 17.281626 17.286443 17.291218 17.29595 17.30064 17.305288 17.309894 17.314457 17.318978 17.323457 17.327893 17.332287 17.336639 17.340949 17.345217 17.349443 17.353627 17.357768 17.361868 17.365926 17.369943 17.373917 17.37785 17.381742 17.385592 17.3894 17.393168 17.396894 17.400579 17.404224 17.407827 17.41139 17.414912 17.418394 17.421835 17.425236 17.428597 17.431918 17.4352 17.438441 17.441644 17.444806 17.44793 17.451014 17.45406
17.203943 17.209344 17.214704 17.220024 17.225303 17.230541 17.235739 17.240896 17.246012 17.251087 17.25612 17.261113 17.266063 17.270973 17.275841 17.280668 17.285452 17.290196 17.294897 17.299557 17.304176 17.308752 17.313287 17.31778 17.322232 17.326641 17.331009 17.335336 17.33962 17.343864 17.348065 17.352225 17.356344 17.360421 17.364457 17.368452 17.372405 17.376318 17.380189 17.384019 17.387808 17.391557 17.395265 17.398932 17.402559 17.406146 17.409692 17.413198 17.416664 17.42009 17.423476 17.426823 17.43013 17.433398 17.436626 17.439815 17.442966 17.446077 17.44915 17.452184
17.203562 17.208921 17.214241 17.219521 17.224761 17.229961 17.235121 17.240241 17.245321 17.250359 17.255358 17.260315 17.265232 17.270108 17.274943 17.279737 17.284491 17.289203 17.293874 17.298504 17.303092 17.30764 17.312146 17.316612 17.321036 17.325419 17.32976 17.334061 17.338321 17.342539 17.346717 17.350853 17.354948 17.359003 17.363017 17.36699 17.370922 17.374813 17.378664 17.382475 17.386245 17.389975 17.393664 17.397314 17.400923 17.404492 17.408022 17.411512 17.414962 17.418373 17.421744 17.425076 17.428369 17.431623 17.434838 17.438014 17.441152 17.444252 17.447313 17.450335
17.203206 17.208525 17.213805 17.219045 17.224247 17.229409 17.234531 17.239614 17.244657 17.24966 17.254623 17.259546 17.264429 17.269271 17.274074 17.278836 17.283557 17.288238 17.292878 17.297478 17.302038 17.306556 17.311034 17.315472 17.319869 17.324225 17.32854 17.332815 17.337049 17.341243 17.345396 17.349509 17.353581 17.357613 17.361605 17.365556 17.369467 17.373338 17.377168 17.380959 17.38471 17.388421 17.392092 17.395723 17.399315 17.402867 17.40638 17.409853 17.413288 17.416683 17.420039 17.423357 17.426635 17.429875 17.433077 17.43624 17.439365 17.442452 17.445501 17.448513
17.202877 17.208155 17.213395 17.218596 17.223759 17.228883 17.233968 17.239014 17.24402 17.248988 17.253916 17.258804 17.263653 17.268462 17.273232 17.277962 17.282651 17.287301 17.291911 17.296481 17.301011 17.305501 17.30995 17.31436 17.31873 17.323059 17.327348 17.331597 17.335807 17.339976 17.344105 17.348194 17.352243 17.356252 17.360221 17.364151 17.36804 17.37189 17.3757 17.379471 17.383202 17.386894 17.390547 17.39416 17.397734 17.401269 17.404765 17.408222 17.41164 17.41502 17.418361 17.421664 17.424928 17.428154 17.431343 17.434493 17.437605 17.44068 17.443717 17.446716
17.202573 17.207811 17.213011 17.218173 17.223297 17.228383 17.233431 17.23844 17.243411 17.248342 17.253235 17.25809 17.262905 17.267681 17.272417 17.277115 17.281773 17.286392 17.290971 17.295511 17.300012 17.304473 17.308894 17.313276 17.317618 17.321921 17.326184 17.330408 17.334591 17.338736 17.342841 17.346906 17.350932 17.354918 17.358865 17.362773 17.366641 17.37047 17.37426 17.378011 17.381722 17.385395 17.389029 17.392624 17.39618 17.399698 17.403177 17.406618 17.41002 17.413384 17.41671 17.419998 17.423248 17.42646 17.429634 17.432771 17.435871 17.438933 17.441958 17.444945
