Cobbity2/QGIS/1mPRPcon.asc
NCOLS 600
NROWS 420
XLLCORNER 150.66
YLLCORNER -34.0283
CELLSIZE 1e-05
NODATA_VALUE -9999
[rows 156 to 181 of 420, columns 120 to 179 of 600]
18.00174 17.998431 17.995035 17.991552 17.987979 17.984316 17.98056 17.97671 17.972766 17.968724 17.964584 17.960345 17.956004 17.95156 17.947012 17.942357 17.937595 17.932724 17.927742 17.922647 17.917439 17.912114 17.906673 17.901113 17.895432 17.889629 17.883703 17.877652 17.871474 17.865167 17.858731 17.852164 17.845464 17.838629 17.831659 17.824552 17.817306 17.80992 17.802392 17.794722 17.786908 17.778949 17.770843 17.762589 17.754186 17.745632 17.736927 17.728068 17.719056 17.709887 17.700562 17.691078 17.681434 17.671628 17.661659 17.651523 17.641218 17.630742 17.62009 17.609259
17.978464 17.974807 17.971056 17.967209 17.963266 17.959223 17.95508 17.950835 17.946486 17.942031 17.937468 17.932796 17.928012 17.923116 17.918104 17.912975 17.907728 17.90236 17.896868 17.891252 17.885509 17.879637 17.873634 17.867498 17.861227 17.854819 17.848271 17.841581 17.834748 17.827769 17.820642 17.813364 17.805934 17.798349 17.790607 17.782706 17.774643 17.766415 17.758022 17.749459 17.740725 17.731816 17.722732 17.713468 17.704022 17.694391 17.684573 17.674563 17.66436 17.65396 17.643358 17.632552 17.621537 17.610309 17.598862 17.587192 17.575292 17.563156 17.550777 17.538145
17.955283 17.951281 17.947177 17.942971 17.938659 17.934241 17.929714 17.925076 17.920326 17.915461 17.910479 17.905378 17.900156 17.894811 17.88934 17.883742 17.878013 17.872152 17.866156 17.860023 17.85375 17.847336 17.840777 17.83407 17.827214 17.820205 17.813042 17.80572 17.798238 17.790593 17.782781 17.7748 17.766647 17.758318 17.749812 17.741124 17.732251 17.72319 17.713937 17.70449 17.694844 17.684995 17.67494 17.664675 17.654195 17.643496 17.632573 17.621422 17.610037 17.598413 17.586544 17.574423 17.562045 17.549402 17.536486 17.523288 17.509799 17.496009 17.481905 17.467475
17.932206 17.927861 17.923408 17.918845 17.914169 17.909378 17.904471 17.899445 17.894297 17.889026 17.883629 17.878103 17.872447 17.866657 17.860732 17.854668 17.848463 17.842114 17.835619 17.828974 17.822178 17.815226 17.808116 17.800845 17.79341 17.785807 17.778034 17.770087 17.761963 17.753658 17.745169 17.736492 17.727624 17.71856 17.709297 17.69983 17.690157 17.680271 17.670169 17.659846 17.649297 17.638518 17.627502 17.616246 17.604742 17.592985 17.580969 17.568686 17.55613 17.543294 17.530168 17.516745 17.503014 17.488967 17.474591 17.459876 17.444807 17.42937 17.413549 17.397327
17.909239 17.904555 17.899756 17.894839 17.889803 17.884644 17.87936 17.873949 17.868408 17.862735 17.856927 17.850981 17.844895 17.838666 17.832291 17.825766 17.81909 17.812259 17.80527 17.79812 17.790805 17.783322 17.775667 17.767838 17.759831 17.751641 17.743266 17.734701 17.725942 17.716986 17.707828 17.698463 17.688888 17.679098 17.669087 17.658852 17.648387 17.637686 17.626745 17.615557 17.604117 17.592418 17.580454 17.568217 17.555702 17.5429 17.529802 17.516401 17.502688 17.488652 17.474283 17.45957 17.444501 17.429062 17.41324 17.397019 17.380383 17.363311 17.345785 17.32778
17.88639 17.881371 17.87623 17.870963 17.86557 17.860046 17.85439 17.848598 17.842669 17.836598 17.830384 17.824023 17.817512 17.810848 17.804028 17.797049 17.789908 17.7826 17.775123 17.767473 17.759646 17.751638 17.743447 17.735067 17.726494 17.717725 17.708755 17.69958 17.690195 17.680596 17.670777 17.660735 17.650462 17.639955 17.629207 17.618213 17.606967 17.595463 17.583694 17.571653 17.559334 17.546728 17.533828 17.520626 17.507113 17.493279 17.479116 17.464611 17.449755 17.434535 17.418939 17.402952 17.38656 17.369747 17.352495 17.334786 17.316597 17.297907 17.27869 17.258917
17.863667 17.858317 17.852837 17.847225 17.841478 17.835594 17.82957 17.823402 17.817088 17.810625 17.804009 17.797238 17.790308 17.783215 17.775956 17.768528 17.760927 17.753149 17.74519 17.737047 17.728715 17.72019 17.711468 17.702545 17.693415 17.684075 17.674519 17.664743 17.654741 17.644508 17.634039 17.623327 17.612368 17.601155 17.589681 17.57794 17.565926 17.55363 17.541046 17.528165 17.51498 17.501482 17.487661 17.473508 17.459013 17.444164 17.42895 17.41336 17.397378 17.380993 17.364188 17.346946 17.329251 17.311083 17.292421 17.273242 17.253522 17.233233 17.212344 17.190822
17.841077 17.835399 17.829584 17.823631 17.817536 17.811296 17.804908 17.798369 17.791676 17.784825 17.777814 17.770637 17.763293 17.755777 17.748086 17.740215 17.73216 17.723919 17.715486 17.706856 17.698027 17.688992 17.679748 17.670289 17.660611 17.650708 17.640575 17.630207 17.619598 17.608741 17.597632 17.586263 17.574628 17.56272 17.550532 17.538057 17.525287 17.512213 17.498828 17.485123 17.471087 17.456712 17.441986 17.426899 17.411439 17.395593 17.379348 17.362691 17.345604 17.328074 17.310081 17.291606 17.27263 17.25313 17.233081 17.212457 17.191229 17.169365 17.146829 17.123583
17.818627 17.812625 17.806481 17.80019 17.793751 17.78716 17.780413 17.773508 17.766441 17.759208 17.751806 17.744231 17.736478 17.728545 17.720427 17.71212 17.70362 17.694921 17.686021 17.676913 17.667594 17.658058 17.648299 17.638314 17.628096 17.61764 17.60694 17.59599 17.584784 17.573314 17.561576 17.549561 17.537262 17.524673 17.511784 17.498588 17.485077 17.47124 17.45707 17.442555 17.427685 17.41245 17.396837 17.380835 17.364429 17.347606 17.330351 17.312648 17.294479 17.275826 17.256669 17.236987 17.216755 17.195949 17.17454 17.152499 17.129791 17.106381 17.082227 17.057285
17.796324 17.790003 17.783533 17.77691 17.770132 17.763194 17.756094 17.748828 17.741392 17.733783 17.725996 17.718028 17.709874 17.70153 17.692992 17.684256 17.675316 17.666169 17.656809 17.647231 17.63743 17.6274 17.617137 17.606635 17.595887 17.584887 17.57363 17.562109 17.550317 17.538247 17.525891 17.513243 17.500294 17.487036 17.473461 17.459559 17.445321 17.430737 17.415797 17.40049 17.384805 17.368728 17.352248 17.33535 17.31802 17.300242 17.282 17.263275 17.244048 17.224299 17.204005 17.183142 17.161684 17.139601 17.116864 17.093436 17.069282 17.044359 17.018621 16.992018
17.774175 17.767539 17.760748 17.753798 17.746685 17.739407 17.731959 17.724337 17.716539 17.708559 17.700393 17.692038 17.683489 17.674742 17.665791 17.656633 17.647262 17.637673 17.627861 17.617821 17.607547 17.597034 17.586275 17.575265 17.563997 17.552465 17.540662 17.528581 17.516215 17.503556 17.490596 17.477328 17.463742 17.449831 17.435583 17.420991 17.406043 17.390729 17.375038 17.358958 17.342476 17.325578 17.308251 17.29048 17.272249 17.25354 17.234335 17.214615 17.194357 17.173541 17.152139 17.130127 17.107474 17.084148 17.060116 17.035339 17.009775 16.983377 16.956096 16.927872
17.752187 17.745241 17.738133 17.730861 17.723419 17.715805 17.708015 17.700044 17.691888 17.683544 17.675006 17.666271 17.657334 17.64819 17.638834 17.629261 17.619467 17.609445 17.59919 17.588697 17.577959 17.566972 17.555727 17.54422 17.532443 17.520389 17.508052 17.495423 17.482495 17.46926 17.45571 17.441836 17.427628 17.413078 17.398175 17.382909 17.367268 17.351243 17.334819 17.317985 17.300727 17.28303 17.264879 17.246259 17.227151 17.207537 17.187397 17.166709 17.145451 17.123598 17.101122 17.077994 17.054182 17.029651 17.004363 16.978276 16.951344 16.923515 16.894734 16.864938
17.730365 17.723114 17.715696 17.708106 17.700341 17.692397 17.68427 17.675955 17.667449 17.658747 17.649844 17.640736 17.631418 17.621884 17.612131 17.602152 17.591942 17.581495 17.570806 17.559869 17.548678 17.537226 17.525506 17.513512 17.501237 17.488674 17.475814 17.46265 17.449174 17.435377 17.42125 17.406785 17.391971 17.376798 17.361256 17.345334 17.329019 17.312301 17.295165 17.277598 17.259586 17.241113 17.222163 17.202719 17.182761 17.16227 17.141224 17.1196 17.097373 17.074517 17.051002 17.026795 17.001864 16.976168 16.949667 16.922316 16.894062 16.864852 16.834622 16.803305
17.708717 17.701167 17.693442 17.685541 17.677458 17.66919 17.660732 17.65208 17.64323 17.634177 17.624915 17.615441 17.605749 17.595835 17.585691 17.575314 17.564698 17.553836 17.542722 17.531351 17.519715 17.507809 17.495625 17.483156 17.470394 17.457333 17.443963 17.430278 17.416267 17.401922 17.387234 17.372193 17.356789 17.341011 17.324848 17.308288 17.291319 17.273928 17.256102 17.237825 17.219082 17.199858 17.180134 17.159892 17.139113 17.117774 17.095854 17.073327 17.050167 17.026344 17.001828 16.976584 16.950575 16.92376 16.896093 16.867526 16.838003 16.807465 16.775844 16.743065
17.687249 17.679404 17.671379 17.663172 17.654777 17.646191 17.637409 17.628426 17.619238 17.609841 17.600228 17.590396 17.580338 17.57005 17.559525 17.548759 17.537744 17.526476 17.514947 17.503152 17.491083 17.478733 17.466096 17.453163 17.439928 17.426381 17.412515 17.398321 17.38379 17.368913 17.353679 17.338079 17.322101 17.305736 17.28897 17.271792 17.254189 17.236147 17.217652 17.198689 17.17924 17.15929 17.13882 17.11781 17.09624 17.074086 17.051324 17.02793 17.003873 16.979124 16.953648 16.92741 16.90037 16.872484 16.843703 16.813974 16.783239 16.751433 16.718483 16.684308
17.665967 17.657832 17.649513 17.641006 17.632305 17.623407 17.614307 17.605 17.595482 17.585747 17.575791 17.565607 17.555192 17.544538 17.533641 17.522494 17.511091 17.499426 17.487493 17.475283 17.462791 17.45001 17.436931 17.423547 17.40985 17.395831 17.381483 17.366795 17.351758 17.336364 17.3206 17.304458 17.287925 17.270991 17.253642 17.235867 17.217651 17.19898 17.17984 17.160215 17.140087 17.119438 17.09825 17.076503 17.054173 17.031237 17.007671 16.983446 16.958532 16.932898 16.906508 16.879323 16.851301 16.822396 16.792556 16.761725 16.72984 16.696832 16.662622 16.627124
17.644876 17.636458 17.62785 17.619048 17.610048 17.600844 17.591433 17.581809 17.571967 17.561903 17.551611 17.541085 17.530319 17.519309 17.508048 17.49653 17.484748 17.472696 17.460368 17.447755 17.434852 17.42165 17.408141 17.394319 17.380173 17.365696 17.350879 17.335712 17.320186 17.30429 17.288014 17.271347 17.254278 17.236794 17.218882 17.20053 17.181724 17.162448 17.142688 17.122426 17.101645 17.080327 17.058452 17.035998 17.012942 16.98926 16.964926 16.939911 16.914182 16.887708 16.86045 16.832369 16.803419 16.773551 16.742713 16.710843 16.677875 16.643736 16.608342 16.571602
17.623982 17.615286 17.606396 17.597306 17.588012 17.57851 17.568794 17.55886 17.548702 17.538316 17.527695 17.516835 17.505728 17.49437 17.482754 17.470874 17.458724 17.446295 17.433583 17.420578 17.407274 17.393664 17.379738 17.36549 17.350909 17.335988 17.320717 17.305086 17.289086 17.272706 17.255935 17.238762 17.221174 17.203161 17.184707 17.165801 17.146427 17.126571 17.106215 17.085344 17.063939 17.041981 17.01945 16.996323 16.972577 16.948186 16.923123 16.897359 16.870861 16.843593 16.815518 16.786593 16.756771 16.726002 16.694229 16.661388 16.627411 16.592218 16.555723 16.517827
17.603291 17.594323 17.585156 17.575784 17.566204 17.55641 17.546397 17.53616 17.525694 17.514993 17.504052 17.492865 17.481426 17.469729 17.457768 17.445536 17.433026 17.420232 17.407146 17.393761 17.380069 17.366062 17.351732 17.337071 17.322069 17.306718 17.291009 17.27493 17.258472 17.241625 17.224376 17.206716 17.18863 17.170108 17.151134 17.131696 17.111779 17.091366 17.070443 17.04899 17.02699 17.004423 16.981268 16.957503 16.933103 16.908042 16.882292 16.855823 16.828601 16.80059 16.77175 16.742037 16.711405 16.679798 16.647158 16.61342 16.578511 16.542348 16.504841 16.465884
17.582808 17.573574 17.564136 17.55449 17.544629 17.53455 17.524246 17.513714 17.502947 17.49194 17.480687 17.469183 17.45742 17.445394 17.433097 17.420523 17.407664 17.394515 17.381066 17.367312 17.353244 17.338853 17.324132 17.309072 17.293664 17.277898 17.261765 17.245254 17.228356 17.211059 17.193352 17.175223 17.15666 17.137649 17.118178 17.098232 17.077795 17.056853 17.035388 17.013382 16.990818 16.967674 16.94393 16.919562 16.894546 16.868855 16.842461 16.815332 16.787435 16.758732 16.729183 16.698742 16.667361 16.634985 16.601552 16.566994 16.531236 16.494193 16.455769 16.415855
17.562537 17.553044 17.543342 17.533427 17.523293 17.512936 17.502349 17.491529 17.480469 17.469164 17.457608 17.445794 17.433718 17.421371 17.408748 17.395842 17.382645 17.369151 17.355352 17.341241 17.326808 17.312047 17.296948 17.281503 17.265703 17.249537 17.232996 17.21607 17.198749 17.18102 17.162874 17.144296 17.125276 17.105799 17.085853 17.065422 17.044492 17.023046 17.001068 16.978539 16.955441 16.931753 16.907454 16.882521 16.856928 16.830649 16.803655 16.775914 16.747392 16.718052 16.687851 16.656744 16.624681 16.591606 16.557455 16.522161 16.485643 16.447815 16.408576 16.367815
17.542484 17.532738 17.522778 17.512601 17.502201 17.491573 17.480711 17.469611 17.458266 17.446671 17.43482 17.422706 17.410324 17.397667 17.384728 17.3715 17.357976 17.344149 17.330011 17.315554 17.300771 17.285652 17.270189 17.254373 17.238195 17.221645 17.204713 17.187389 17.169661 17.15152 17.132953 17.113947 17.094491 17.07457 17.054172 17.033282 17.011883 16.989961 16.967498 16.944476 16.920877 16.896679 16.871861 16.8464 16.820271 16.793446 16.765898 16.737594 16.7085 16.678577 16.647784 16.616075 16.583399 16.549699 16.514912 16.478967 16.441783 16.403271 16.363327 16.321837
17.522654 17.51266 17.50245 17.492017 17.481358 17.470466 17.459337 17.447964 17.436343 17.424466 17.412329 17.399925 17.387247 17.374289 17.361044 17.347505 17.333665 17.319516 17.30505 17.290261 17.275139 17.259675 17.243862 17.22769 17.211149 17.194231 17.176924 17.159218 17.141103 17.122567 17.103599 17.084186 17.064315 17.043974 17.023148 17.001822 16.979982 16.957611 16.934693 16.911209 16.88714 16.862466 16.837166 16.811216 16.784591 16.757266 16.72921 16.700393 16.670779 16.640332 16.609009 16.576764 16.543547 16.5093 16.47396 16.437454 16.399702 16.360612 16.32008 16.277986
17.503049 17.492816 17.482361 17.47168 17.460769 17.449621 17.438232 17.426595 17.414705 17.402555 17.390141 17.377455 17.364491 17.351242 17.337701 17.323862 17.309716 17.295257 17.280477 17.265367 17.249919 17.234125 17.217975 17.201461 17.184574 17.167302 17.149637 17.131568 17.113083 17.094172 17.074823 17.055023 17.03476 17.01402 16.99279 16.971055 16.9488 16.926008 16.902664 16.878748 16.854244 16.829129 16.803384 16.776984 16.749907 16.722125 16.693609 16.66433 16.634252 16.603339 16.571549 16.538837 16.505152 16.470438 16.434631 16.397659 16.359441 16.319885 16.278884 16.23632
17.483676 17.473208 17.462516 17.451594 17.440438 17.429042 17.4174 17.405507 17.393357 17.380943 17.36826 17.355302 17.342061 17.328531 17.314706 17.300577 17.286137 17.271379 17.256296 17.240878 17.225118 17.209006 17.192535 17.175694 17.158475 17.140867 17.122861 17.104445 17.085609 17.066342 17.046632 17.026466 17.005833 16.984718 16.963108 16.940989 16.918346 16.895162 16.871422 16.847107 16.8222 16.79668 16.770527 16.743718 16.71623 16.688036 16.65911 16.62942 16.598933 16.567614 16.535422 16.502312 16.468236 16.433136 16.396951 16.35961 16.321032 16.281125 16.239784 16.196888
17.464537 17.453842 17.442919 17.431764 17.42037 17.408733 17.396846 17.384705 17.372303 17.359634 17.346692 17.333471 17.319963 17.306163 17.292062 17.277655 17.262933 17.247888 17.232514 17.216801 17.200741 17.184327 17.167548 17.150395 17.13286 17.114932 17.096601 17.077857 17.058689 17.039085 17.019034 16.998524 16.977542 16.956076 16.934111 16.911634 16.888629 16.865082 16.840976 16.816294 16.791017 16.765128 16.738605 16.711427 16.683571 16.655012 16.625723 16.595675 16.564837 16.533172 16.500643 16.467206 16.432814 16.397413 16.360941 16.32333 16.284501 16.244363 16.202813 16.15973
