Cobbity2/QGIS/Ave14_5.asc
NCOLS 399
NROWS 219
XLLCORNER 150.661
YLLCORNER -34.0267
CELLSIZE 1e-05
NODATA_VALUE -9999
[rows 182 to 207 of 219, columns 0 to 59 of 399]
4.8002869 4.8002612 4.8002355 4.8002097 4.800184 4.8001583 4.8001326 4.8001069 4.8000812 4.8000555 4.8000299 4.8000042 4.7999787 4.7999531 4.7999276 4.7999022 4.7998768 4.7998515 4.7998262 4.799801 4.7997759 4.7997509 4.7997259 4.7997011 4.7996763 4.7996516 4.7996271 4.7996026 4.7995782 4.799554 4.7995298 4.7995058 4.7994818 4.799458 4.7994342 4.7994106 4.799387 4.7993635 4.7993401 4.7993168 4.7992934 4.7992701 4.7992468 4.7992234 4.7991999 4.7991764 4.7991526 4.7991286 4.7991043 4.7990797 4.7990546 4.7990289 4.7990025 4.7989753 4.7989471 4.7989178 4.7988871 4.7988548 4.7988205 4.7987841
4.8002338 4.8002072 4.8001806 4.800154 4.8001274 4.8001007 4.800074 4.8000473 4.8000206 4.7999938 4.7999671 4.7999404 4.7999136 4.7998869 4.7998601 4.7998334 4.7998067 4.79978 4.7997533 4.7997267 4.7997 4.7996734 4.7996468 4.7996203 4.7995937 4.7995673 4.7995408 4.7995144 4.799488 4.7994616 4.7994353 4.799409 4.7993827 4.7993564 4.7993301 4.7993038 4.7992775 4.7992512 4.7992248 4.7991983 4.7991717 4.799145 4.7991182 4.7990911 4.7990638 4.7990363 4.7990083 4.79898 4.7989512 4.7989218 4.7988917 4.7988608 4.798829 4.7987961 4.798762 4.7987265 4.7986894 4.7986503 4.7986091 4.7985653
4.800181 4.8001537 4.8001262 4.8000987 4.8000712 4.8000435 4.8000159 4.7999882 4.7999604 4.7999326 4.7999048 4.799877 4.799849 4.7998211 4.7997931 4.7997651 4.7997371 4.799709 4.7996809 4.7996528 4.7996247 4.7995965 4.7995683 4.7995401 4.7995119 4.7994836 4.7994553 4.7994269 4.7993985 4.7993701 4.7993416 4.7993131 4.7992845 4.7992558 4.799227 4.7991981 4.7991691 4.7991399 4.7991106 4.7990811 4.7990513 4.7990213 4.798991 4.7989604 4.7989294 4.7988979 4.7988659 4.7988333 4.7988001 4.7987661 4.7987312 4.7986953 4.7986583 4.7986199 4.7985802 4.7985387 4.7984954 4.7984499 4.798402 4.7983513
4.8001287 4.8001005 4.8000722 4.8000438 4.8000154 4.7999868 4.7999582 4.7999295 4.7999008 4.7998719 4.799843 4.799814 4.799785 4.7997559 4.7997267 4.7996974 4.7996681 4.7996387 4.7996092 4.7995796 4.79955 4.7995203 4.7994905 4.7994606 4.7994307 4.7994006 4.7993705 4.7993402 4.7993099 4.7992794 4.7992488 4.7992181 4.7991872 4.7991561 4.7991249 4.7990935 4.7990618 4.7990299 4.7989977 4.7989652 4.7989323 4.7988991 4.7988655 4.7988313 4.7987967 4.7987614 4.7987255 4.7986888 4.7986513 4.7986128 4.7985732 4.7985325 4.7984905 4.7984469 4.7984017 4.7983546 4.7983053 4.7982537 4.7981995 4.7981422
4.8000768 4.8000478 4.8000186 4.7999894 4.79996 4.7999306 4.799901 4.7998713 4.7998416 4.7998117 4.7997817 4.7997517 4.7997215 4.7996912 4.7996608 4.7996303 4.7995996 4.7995689 4.7995381 4.7995071 4.799476 4.7994448 4.7994134 4.7993819 4.7993503 4.7993185 4.7992865 4.7992544 4.7992222 4.7991897 4.799157 4.7991241 4.799091 4.7990576 4.799024 4.79899 4.7989558 4.7989211 4.7988862 4.7988507 4.7988149 4.7987785 4.7987416 4.7987041 4.7986659 4.7986269 4.7985872 4.7985465 4.7985048 4.798462 4.798418 4.7983726 4.7983257 4.7982772 4.7982267 4.7981742 4.7981194 4.798062 4.7980017 4.7979383
4.8000253 4.7999955 4.7999655 4.7999354 4.7999052 4.7998748 4.7998443 4.7998137 4.7997829 4.799752 4.799721 4.7996898 4.7996585 4.7996271 4.7995955 4.7995637 4.7995319 4.7994998 4.7994676 4.7994352 4.7994027 4.79937 4.7993371 4.799304 4.7992707 4.7992372 4.7992035 4.7991695 4.7991354 4.7991009 4.7990662 4.7990312 4.7989959 4.7989602 4.7989242 4.7988878 4.798851 4.7988138 4.7987761 4.7987378 4.798699 4.7986596 4.7986195 4.7985787 4.798537 4.7984945 4.7984511 4.7984065 4.7983609 4.7983139 4.7982656 4.7982158 4.7981643 4.7981109 4.7980554 4.7979978 4.7979376 4.7978747 4.7978088 4.7977395
4.7999743 4.7999436 4.7999128 4.7998819 4.7998508 4.7998195 4.7997881 4.7997565 4.7997248 4.7996929 4.7996608 4.7996286 4.7995962 4.7995636 4.7995308 4.7994979 4.7994647 4.7994314 4.7993979 4.7993641 4.7993301 4.799296 4.7992615 4.7992269 4.799192 4.7991568 4.7991213 4.7990856 4.7990495 4.7990132 4.7989765 4.7989394 4.7989019 4.7988641 4.7988258 4.798787 4.7987477 4.7987079 4.7986675 4.7986265 4.7985848 4.7985424 4.7984992 4.7984552 4.7984103 4.7983643 4.7983173 4.7982691 4.7982195 4.7981686 4.7981162 4.7980621 4.7980061 4.7979481 4.797888 4.7978254 4.7977602 4.7976921 4.7976208 4.797546
4.7999237 4.7998923 4.7998607 4.7998289 4.7997969 4.7997648 4.7997325 4.7997 4.7996673 4.7996344 4.7996013 4.799568 4.7995345 4.7995008 4.7994668 4.7994327 4.7993983 4.7993637 4.7993289 4.7992938 4.7992584 4.7992228 4.7991868 4.7991506 4.7991141 4.7990773 4.7990402 4.7990027 4.7989648 4.7989265 4.7988879 4.7988488 4.7988092 4.7987692 4.7987286 4.7986875 4.7986459 4.7986035 4.7985606 4.7985169 4.7984724 4.7984271 4.798381 4.7983338 4.7982857 4.7982364 4.7981859 4.7981341 4.7980809 4.7980262 4.7979698 4.7979116 4.7978514 4.797789 4.7977244 4.7976572 4.7975872 4.7975142 4.7974379 4.7973579
4.7998737 4.7998415 4.7998091 4.7997764 4.7997436 4.7997106 4.7996774 4.7996439 4.7996103 4.7995764 4.7995423 4.799508 4.7994734 4.7994386 4.7994035 4.7993682 4.7993326 4.7992968 4.7992606 4.7992242 4.7991875 4.7991504 4.799113 4.7990753 4.7990373 4.7989988 4.79896 4.7989208 4.7988811 4.798841 4.7988005 4.7987594 4.7987178 4.7986756 4.7986329 4.7985895 4.7985455 4.7985008 4.7984553 4.798409 4.7983619 4.7983138 4.7982647 4.7982146 4.7981634 4.7981109 4.7980571 4.7980019 4.7979451 4.7978867 4.7978265 4.7977644 4.7977002 4.7976337 4.7975648 4.7974932 4.7974187 4.797341 4.79726 4.7971753
4.7998241 4.7997911 4.7997579 4.7997245 4.7996909 4.799657 4.7996229 4.7995885 4.7995539 4.7995191 4.799484 4.7994487 4.799413 4.7993771 4.799341 4.7993045 4.7992677 4.7992306 4.7991932 4.7991555 4.7991174 4.799079 4.7990402 4.799001 4.7989614 4.7989214 4.7988809 4.79884 4.7987986 4.7987567 4.7987143 4.7986713 4.7986277 4.7985835 4.7985386 4.7984931 4.7984468 4.7983997 4.7983518 4.798303 4.7982532 4.7982024 4.7981506 4.7980976 4.7980434 4.7979878 4.7979308 4.7978723 4.7978122 4.7977503 4.7976865 4.7976207 4.7975526 4.7974822 4.7974092 4.7973335 4.7972547 4.7971728 4.7970873 4.7969981
4.7997751 4.7997414 4.7997074 4.7996732 4.7996387 4.799604 4.799569 4.7995337 4.7994982 4.7994624 4.7994264 4.79939 4.7993534 4.7993164 4.7992791 4.7992415 4.7992036 4.7991653 4.7991267 4.7990876 4.7990483 4.7990085 4.7989683 4.7989276 4.7988865 4.798845 4.7988029 4.7987604 4.7987173 4.7986736 4.7986294 4.7985845 4.798539 4.7984928 4.7984459 4.7983982 4.7983497 4.7983003 4.79825 4.7981988 4.7981465 4.7980932 4.7980386 4.7979829 4.7979258 4.7978673 4.7978072 4.7977456 4.7976822 4.797617 4.7975497 4.7974804 4.7974087 4.7973346 4.7972578 4.7971781 4.7970954 4.7970094 4.7969198 4.7968263
4.7997266 4.7996921 4.7996574 4.7996224 4.7995871 4.7995515 4.7995157 4.7994796 4.7994432 4.7994065 4.7993694 4.7993321 4.7992944 4.7992564 4.7992181 4.7991793 4.7991403 4.7991008 4.799061 4.7990207 4.79898 4.7989389 4.7988973 4.7988553 4.7988127 4.7987697 4.7987261 4.7986819 4.7986372 4.7985918 4.7985458 4.7984991 4.7984518 4.7984036 4.7983547 4.7983049 4.7982543 4.7982027 4.7981502 4.7980966 4.7980419 4.797986 4.7979289 4.7978705 4.7978107 4.7977493 4.7976864 4.7976217 4.7975553 4.7974869 4.7974164 4.7973436 4.7972685 4.7971909 4.7971105 4.7970272 4.7969407 4.7968508 4.7967574 4.7966601
4.7996787 4.7996435 4.799608 4.7995722 4.7995361 4.7994997 4.7994631 4.7994261 4.7993888 4.7993512 4.7993132 4.7992749 4.7992362 4.7991972 4.7991578 4.799118 4.7990778 4.7990372 4.7989962 4.7989547 4.7989127 4.7988703 4.7988274 4.798784 4.79874 4.7986955 4.7986504 4.7986047 4.7985584 4.7985113 4.7984636 4.7984152 4.798366 4.798316 4.7982651 4.7982134 4.7981607 4.798107 4.7980522 4.7979964 4.7979393 4.7978811 4.7978215 4.7977605 4.7976981 4.797634 4.7975683 4.7975008 4.7974314 4.79736 4.7972864 4.7972105 4.7971321 4.7970511 4.7969674 4.7968806 4.7967906 4.7966972 4.7966002 4.7964993
4.7996313 4.7995954 4.7995592 4.7995226 4.7994858 4.7994486 4.7994111 4.7993733 4.7993351 4.7992966 4.7992577 4.7992184 4.7991788 4.7991388 4.7990984 4.7990575 4.7990162 4.7989745 4.7989323 4.7988896 4.7988465 4.7988028 4.7987586 4.7987138 4.7986685 4.7986225 4.798576 4.7985287 4.7984808 4.7984322 4.7983828 4.7983327 4.7982817 4.7982299 4.7981772 4.7981235 4.7980688 4.7980131 4.7979562 4.7978982 4.7978389 4.7977784 4.7977164 4.797653 4.797588 4.7975214 4.797453 4.7973828 4.7973106 4.7972363 4.7971598 4.7970809 4.7969995 4.7969154 4.7968285 4.7967385 4.7966452 4.7965486 4.7964482 4.7963439
4.7995846 4.7995479 4.799511 4.7994737 4.7994361 4.7993981 4.7993598 4.7993212 4.7992821 4.7992427 4.799203 4.7991628 4.7991222 4.7990812 4.7990398 4.7989979 4.7989555 4.7989127 4.7988694 4.7988256 4.7987812 4.7987363 4.7986908 4.7986448 4.7985981 4.7985507 4.7985028 4.7984541 4.7984047 4.7983545 4.7983035 4.7982517 4.798199 4.7981455 4.7980909 4.7980354 4.7979788 4.7979211 4.7978622 4.7978021 4.7977407 4.7976779 4.7976137 4.797548 4.7974806 4.7974115 4.7973406 4.7972678 4.797193 4.797116 4.7970367 4.796955 4.7968707 4.7967837 4.7966938 4.7966008 4.7965045 4.7964048 4.7963013 4.7961939
4.7995384 4.7995011 4.7994634 4.7994254 4.799387 4.7993483 4.7993092 4.7992697 4.7992299 4.7991896 4.799149 4.7991079 4.7990664 4.7990244 4.798982 4.7989391 4.7988958 4.7988519 4.7988075 4.7987625 4.798717 4.7986709 4.7986242 4.7985768 4.7985289 4.7984802 4.7984308 4.7983807 4.7983298 4.7982782 4.7982257 4.7981723 4.798118 4.7980627 4.7980064 4.7979491 4.7978907 4.7978311 4.7977703 4.7977081 4.7976447 4.7975798 4.7975134 4.7974455 4.7973758 4.7973044 4.7972311 4.7971559 4.7970786 4.796999 4.7969171 4.7968328 4.7967458 4.7966561 4.7965634 4.7964676 4.7963685 4.7962658 4.7961595 4.7960493
4.7994929 4.7994548 4.7994165 4.7993777 4.7993387 4.7992992 4.7992593 4.7992191 4.7991784 4.7991373 4.7990958 4.7990539 4.7990114 4.7989686 4.7989252 4.7988813 4.7988369 4.798792 4.7987465 4.7987005 4.7986538 4.7986066 4.7985587 4.7985101 4.7984609 4.7984109 4.7983602 4.7983087 4.7982564 4.7982033 4.7981493 4.7980944 4.7980385 4.7979816 4.7979237 4.7978646 4.7978044 4.797743 4.7976804 4.7976163 4.7975509 4.797484 4.7974156 4.7973455 4.7972737 4.7972001 4.7971246 4.797047 4.7969673 4.7968854 4.7968011 4.7967142 4.7966247 4.7965324 4.7964372 4.7963387 4.796237 4.7961318 4.7960228 4.7959099
4.7994479 4.7994092 4.7993702 4.7993308 4.799291 4.7992508 4.7992102 4.7991691 4.7991277 4.7990858 4.7990434 4.7990006 4.7989573 4.7989135 4.7988692 4.7988244 4.7987791 4.7987331 4.7986866 4.7986395 4.7985918 4.7985434 4.7984943 4.7984446 4.7983941 4.7983429 4.7982909 4.7982381 4.7981845 4.7981299 4.7980745 4.7980181 4.7979607 4.7979022 4.7978427 4.797782 4.7977201 4.797657 4.7975926 4.7975267 4.7974595 4.7973907 4.7973203 4.7972482 4.7971743 4.7970986 4.797021 4.7969412 4.7968593 4.7967751 4.7966885 4.7965994 4.7965075 4.7964128 4.7963152 4.7962143 4.7961102 4.7960025 4.7958911 4.7957759
4.7994036 4.7993643 4.7993246 4.7992845 4.799244 4.7992031 4.7991618 4.79912 4.7990778 4.7990351 4.7989919 4.7989483 4.7989041 4.7988594 4.7988142 4.7987685 4.7987222 4.7986753 4.7986277 4.7985796 4.7985308 4.7984813 4.7984312 4.7983803 4.7983286 4.7982762 4.798223 4.7981689 4.7981139 4.7980581 4.7980013 4.7979434 4.7978846 4.7978246 4.7977636 4.7977013 4.7976378 4.797573 4.7975069 4.7974393 4.7973703 4.7972997 4.7972274 4.7971535 4.7970777 4.797 4.7969203 4.7968385 4.7967546 4.7966683 4.7965795 4.7964882 4.7963941 4.7962972 4.7961974 4.7960943 4.7959879 4.795878 4.7957645 4.795647
4.79936 4.7993201 4.7992797 4.7992389 4.7991978 4.7991562 4.7991141 4.7990716 4.7990286 4.7989852 4.7989412 4.7988968 4.7988518 4.7988063 4.7987602 4.7987135 4.7986663 4.7986184 4.7985699 4.7985208 4.798471 4.7984205 4.7983692 4.7983172 4.7982645 4.7982109 4.7981564 4.7981011 4.7980449 4.7979877 4.7979296 4.7978704 4.7978102 4.7977488 4.7976863 4.7976225 4.7975575 4.7974911 4.7974234 4.7973542 4.7972835 4.7972111 4.7971371 4.7970614 4.7969838 4.7969042 4.7968227 4.796739 4.796653 4.7965648 4.796474 4.7963807 4.7962846 4.7961857 4.7960837 4.7959786 4.7958702 4.7957583 4.7956427 4.7955233
4.799317 4.7992765 4.7992355 4.7991941 4.7991522 4.79911 4.7990672 4.799024 4.7989803 4.7989361 4.7988914 4.7988461 4.7988003 4.798754 4.7987071 4.7986596 4.7986114 4.7985627 4.7985132 4.7984631 4.7984123 4.7983608 4.7983085 4.7982554 4.7982016 4.7981469 4.7980913 4.7980348 4.7979774 4.797919 4.7978596 4.7977991 4.7977375 4.7976748 4.7976108 4.7975457 4.7974792 4.7974113 4.797342 4.7972713 4.797199 4.797125 4.7970493 4.7969719 4.7968926 4.7968113 4.796728 4.7966425 4.7965547 4.7964646 4.796372 4.7962768 4.7961789 4.7960781 4.7959742 4.7958673 4.795757 4.7956432 4.7955258 4.7954046
4.7992747 4.7992336 4.799192 4.79915 4.7991075 4.7990645 4.7990211 4.7989772 4.7989328 4.7988879 4.7988424 4.7987964 4.7987498 4.7987027 4.7986549 4.7986066 4.7985576 4.7985079 4.7984576 4.7984066 4.7983548 4.7983023 4.798249 4.7981949 4.79814 4.7980842 4.7980276 4.7979699 4.7979114 4.7978518 4.7977911 4.7977294 4.7976666 4.7976025 4.7975373 4.7974707 4.7974029 4.7973336 4.7972629 4.7971906 4.7971168 4.7970413 4.7969641 4.7968851 4.7968042 4.7967213 4.7966363 4.7965491 4.7964597 4.7963679 4.7962735 4.7961766 4.7960769 4.7959744 4.7958689 4.7957602 4.7956482 4.7955328 4.7954137 4.7952909
4.7992331 4.7991914 4.7991492 4.7991066 4.7990635 4.7990199 4.7989758 4.7989312 4.7988861 4.7988405 4.7987943 4.7987476 4.7987003 4.7986523 4.7986038 4.7985546 4.7985048 4.7984543 4.7984031 4.7983512 4.7982985 4.7982451 4.7981908 4.7981357 4.7980798 4.798023 4.7979653 4.7979066 4.7978469 4.7977862 4.7977244 4.7976615 4.7975974 4.7975321 4.7974656 4.7973978 4.7973286 4.797258 4.7971859 4.7971123 4.7970371 4.7969601 4.7968815 4.7968009 4.7967185 4.7966341 4.7965476 4.7964589 4.7963679 4.7962745 4.7961786 4.79608 4.7959788 4.7958747 4.7957676 4.7956573 4.7955438 4.7954269 4.7953064 4.7951821
4.7991922 4.7991499 4.7991071 4.7990639 4.7990202 4.798976 4.7989313 4.7988861 4.7988403 4.798794 4.7987471 4.7986997 4.7986516 4.798603 4.7985537 4.7985037 4.7984531 4.7984018 4.7983497 4.7982969 4.7982434 4.798189 4.7981339 4.7980779 4.798021 4.7979632 4.7979044 4.7978447 4.7977839 4.7977221 4.7976593 4.7975952 4.79753 4.7974636 4.7973959 4.7973268 4.7972564 4.7971845 4.7971112 4.7970362 4.7969597 4.7968814 4.7968013 4.7967194 4.7966356 4.7965498 4.7964618 4.7963717 4.7962792 4.7961844 4.796087 4.7959871 4.7958844 4.7957788 4.7956703 4.7955587 4.7954438 4.7953255 4.7952037 4.7950782
4.799152 4.7991091 4.7990658 4.799022 4.7989777 4.7989329 4.7988876 4.7988418 4.7987954 4.7987484 4.7987009 4.7986527 4.798604 4.7985546 4.7985045 4.7984538 4.7984024 4.7983503 4.7982975 4.7982439 4.7981895 4.7981343 4.7980782 4.7980213 4.7979635 4.7979047 4.797845 4.7977843 4.7977226 4.7976598 4.7975958 4.7975307 4.7974644 4.7973969 4.797328 4.7972578 4.7971862 4.7971132 4.7970386 4.7969624 4.7968846 4.7968051 4.7967238 4.7966406 4.7965555 4.7964683 4.7963791 4.7962876 4.7961938 4.7960976 4.795999 4.7958977 4.7957937 4.7956868 4.795577 4.7954641 4.795348 4.7952285 4.7951056 4.794979
4.7991125 4.7990691 4.7990252 4.7989809 4.798936 4.7988907 4.7988448 4.7987983 4.7987513 4.7987037 4.7986555 4.7986067 4.7985573 4.7985072 4.7984564 4.798405 4.7983529 4.7983 4.7982464 4.798192 4.7981368 4.7980808 4.7980239 4.7979661 4.7979074 4.7978477 4.7977871 4.7977255 4.7976628 4.797599 4.7975341 4.797468 4.7974006 4.797332 4.7972621 4.7971909 4.7971182 4.797044 4.7969683 4.796891 4.796812 4.7967313 4.7966488 4.7965644 4.7964781 4.7963897 4.7962992 4.7962065 4.7961116 4.7960142 4.7959143 4.7958118 4.7957066 4.7955986 4.7954877 4.7953737 4.7952565 4.795136 4.795012 4.7948845
