Cobbity2/QGIS/Ave14-Ave13.asc
NCOLS 800
NROWS 439
XLLCORNER 150.66
YLLCORNER -34.0271
CELLSIZE 1e-05
NODATA_VALUE -9999
[rows 208 to 233 of 439, columns 720 to 779 of 800]
4.7901994 4.7902129 4.7902264 4.7902399 4.7902534 4.7902668 4.7902802 4.7902935 4.7903068 4.7903201 4.7903334 4.7903466 4.7903597 4.7903729 4.790386 4.7903991 4.7904121 4.7904251 4.790438 4.790451 4.7904639 4.7904767 4.7904896 4.7905024 4.7905151 4.7905279 4.7905405 4.7905532 4.7905658 4.7905784 4.790591 4.7906035 4.790616 4.7906285 4.7906409 4.7906533 4.7906657 4.790678 4.7906903 4.7907026 4.7907148 4.790727 4.7907392 4.7907513 4.7907634 4.7907755 4.7907876 4.7907996 4.7908116 4.7908235 4.7908354 4.7908473 4.7908592 4.790871 4.7908828 4.7908946 4.7909063 4.790918 4.7909297 4.7909413
4.7901772 4.7901909 4.7902045 4.7902181 4.7902317 4.7902452 4.7902587 4.7902721 4.7902855 4.7902989 4.7903122 4.7903255 4.7903388 4.790352 4.7903652 4.7903784 4.7903915 4.7904046 4.7904176 4.7904306 4.7904436 4.7904566 4.7904695 4.7904824 4.7904952 4.790508 4.7905208 4.7905336 4.7905463 4.7905589 4.7905716 4.7905842 4.7905968 4.7906093 4.7906218 4.7906343 4.7906467 4.7906592 4.7906715 4.7906839 4.7906962 4.7907085 4.7907207 4.7907329 4.7907451 4.7907573 4.7907694 4.7907815 4.7907936 4.7908056 4.7908176 4.7908295 4.7908415 4.7908534 4.7908652 4.7908771 4.7908889 4.7909007 4.7909124 4.7909241
4.7901552 4.7901689 4.7901826 4.7901963 4.79021 4.7902236 4.7902372 4.7902507 4.7902642 4.7902777 4.7902911 4.7903045 4.7903178 4.7903312 4.7903444 4.7903577 4.7903709 4.7903841 4.7903972 4.7904103 4.7904234 4.7904364 4.7904494 4.7904624 4.7904753 4.7904882 4.7905011 4.7905139 4.7905267 4.7905395 4.7905522 4.7905649 4.7905776 4.7905902 4.7906028 4.7906153 4.7906279 4.7906404 4.7906528 4.7906652 4.7906776 4.79069 4.7907023 4.7907146 4.7907269 4.7907391 4.7907513 4.7907635 4.7907756 4.7907877 4.7907997 4.7908118 4.7908238 4.7908358 4.7908477 4.7908596 4.7908715 4.7908833 4.7908951 4.7909069
4.7901331 4.790147 4.7901608 4.7901746 4.7901883 4.790202 4.7902157 4.7902293 4.7902429 4.7902565 4.79027 4.7902835 4.7902969 4.7903104 4.7903237 4.7903371 4.7903504 4.7903636 4.7903769 4.7903901 4.7904032 4.7904163 4.7904294 4.7904425 4.7904555 4.7904685 4.7904814 4.7904943 4.7905072 4.7905201 4.7905329 4.7905456 4.7905584 4.7905711 4.7905838 4.7905964 4.790609 4.7906216 4.7906341 4.7906466 4.7906591 4.7906715 4.7906839 4.7906963 4.7907086 4.7907209 4.7907332 4.7907454 4.7907576 4.7907698 4.790782 4.7907941 4.7908061 4.7908182 4.7908302 4.7908422 4.7908541 4.790866 4.7908779 4.7908898
4.7901111 4.7901251 4.790139 4.7901529 4.7901667 4.7901805 4.7901943 4.790208 4.7902217 4.7902354 4.790249 4.7902625 4.7902761 4.7902896 4.7903031 4.7903165 4.7903299 4.7903432 4.7903565 4.7903698 4.7903831 4.7903963 4.7904095 4.7904226 4.7904357 4.7904488 4.7904618 4.7904748 4.7904878 4.7905007 4.7905136 4.7905264 4.7905393 4.790552 4.7905648 4.7905775 4.7905902 4.7906028 4.7906155 4.790628 4.7906406 4.7906531 4.7906656 4.790678 4.7906904 4.7907028 4.7907151 4.7907275 4.7907397 4.790752 4.7907642 4.7907764 4.7907885 4.7908006 4.7908127 4.7908248 4.7908368 4.7908488 4.7908607 4.7908727
4.7900892 4.7901032 4.7901172 4.7901312 4.7901452 4.7901591 4.7901729 4.7901867 4.7902005 4.7902143 4.790228 4.7902416 4.7902553 4.7902689 4.7902824 4.7902959 4.7903094 4.7903229 4.7903363 4.7903496 4.790363 4.7903763 4.7903895 4.7904028 4.7904159 4.7904291 4.7904422 4.7904553 4.7904683 4.7904813 4.7904943 4.7905072 4.7905202 4.790533 4.7905458 4.7905586 4.7905714 4.7905841 4.7905968 4.7906095 4.7906221 4.7906347 4.7906473 4.7906598 4.7906723 4.7906847 4.7906971 4.7907095 4.7907219 4.7907342 4.7907465 4.7907587 4.7907709 4.7907831 4.7907953 4.7908074 4.7908195 4.7908316 4.7908436 4.7908556
4.7900673 4.7900814 4.7900955 4.7901096 4.7901236 4.7901376 4.7901516 4.7901655 4.7901794 4.7901932 4.790207 4.7902208 4.7902345 4.7902482 4.7902618 4.7902754 4.790289 4.7903025 4.790316 4.7903295 4.7903429 4.7903563 4.7903696 4.7903829 4.7903962 4.7904095 4.7904227 4.7904358 4.7904489 4.790462 4.7904751 4.7904881 4.7905011 4.790514 4.7905269 4.7905398 4.7905527 4.7905655 4.7905782 4.790591 4.7906037 4.7906163 4.790629 4.7906416 4.7906541 4.7906667 4.7906791 4.7906916 4.790704 4.7907164 4.7907288 4.7907411 4.7907534 4.7907657 4.7907779 4.7907901 4.7908022 4.7908144 4.7908265 4.7908385
4.7900454 4.7900596 4.7900738 4.790088 4.7901021 4.7901162 4.7901303 4.7901443 4.7901583 4.7901722 4.7901861 4.7901999 4.7902137 4.7902275 4.7902413 4.790255 4.7902686 4.7902822 4.7902958 4.7903094 4.7903229 4.7903363 4.7903498 4.7903632 4.7903765 4.7903898 4.7904031 4.7904164 4.7904296 4.7904428 4.7904559 4.790469 4.7904821 4.7904951 4.7905081 4.790521 4.790534 4.7905468 4.7905597 4.7905725 4.7905853 4.790598 4.7906107 4.7906234 4.790636 4.7906486 4.7906612 4.7906737 4.7906862 4.7906987 4.7907111 4.7907235 4.7907359 4.7907482 4.7907605 4.7907728 4.790785 4.7907972 4.7908094 4.7908215
4.7900236 4.7900379 4.7900522 4.7900665 4.7900807 4.7900949 4.790109 4.7901231 4.7901372 4.7901512 4.7901652 4.7901791 4.7901931 4.7902069 4.7902207 4.7902345 4.7902483 4.790262 4.7902757 4.7902893 4.7903029 4.7903164 4.79033 4.7903434 4.7903569 4.7903703 4.7903837 4.790397 4.7904103 4.7904235 4.7904367 4.7904499 4.7904631 4.7904762 4.7904892 4.7905023 4.7905153 4.7905282 4.7905412 4.7905541 4.7905669 4.7905797 4.7905925 4.7906053 4.790618 4.7906307 4.7906433 4.7906559 4.7906685 4.790681 4.7906935 4.790706 4.7907184 4.7907308 4.7907432 4.7907555 4.7907678 4.7907801 4.7907923 4.7908045
4.7900018 4.7900162 4.7900306 4.790045 4.7900593 4.7900736 4.7900878 4.790102 4.7901162 4.7901303 4.7901444 4.7901584 4.7901724 4.7901863 4.7902003 4.7902141 4.790228 4.7902418 4.7902555 4.7902693 4.7902829 4.7902966 4.7903102 4.7903237 4.7903373 4.7903508 4.7903642 4.7903776 4.790391 4.7904043 4.7904176 4.7904309 4.7904441 4.7904573 4.7904705 4.7904836 4.7904966 4.7905097 4.7905227 4.7905357 4.7905486 4.7905615 4.7905743 4.7905872 4.7906 4.7906127 4.7906254 4.7906381 4.7906507 4.7906634 4.7906759 4.7906885 4.790701 4.7907134 4.7907259 4.7907383 4.7907507 4.790763 4.7907753 4.7907876
4.78998 4.7899946 4.7900091 4.7900235 4.7900379 4.7900523 4.7900666 4.7900809 4.7900952 4.7901094 4.7901236 4.7901377 4.7901518 4.7901658 4.7901798 4.7901938 4.7902077 4.7902216 4.7902355 4.7902493 4.790263 4.7902768 4.7902904 4.7903041 4.7903177 4.7903313 4.7903448 4.7903583 4.7903718 4.7903852 4.7903986 4.7904119 4.7904252 4.7904385 4.7904517 4.7904649 4.7904781 4.7904912 4.7905043 4.7905173 4.7905303 4.7905433 4.7905562 4.7905691 4.790582 4.7905948 4.7906076 4.7906203 4.7906331 4.7906457 4.7906584 4.790671 4.7906836 4.7906961 4.7907086 4.7907211 4.7907335 4.7907459 4.7907583 4.7907706
4.7899583 4.789973 4.7899876 4.7900021 4.7900166 4.7900311 4.7900455 4.7900599 4.7900742 4.7900885 4.7901028 4.790117 4.7901312 4.7901453 4.7901594 4.7901735 4.7901875 4.7902015 4.7902154 4.7902293 4.7902432 4.790257 4.7902707 4.7902845 4.7902982 4.7903118 4.7903255 4.790339 4.7903526 4.7903661 4.7903795 4.790393 4.7904063 4.7904197 4.790433 4.7904463 4.7904595 4.7904727 4.7904858 4.790499 4.7905121 4.7905251 4.7905381 4.7905511 4.790564 4.7905769 4.7905898 4.7906026 4.7906154 4.7906282 4.7906409 4.7906536 4.7906662 4.7906788 4.7906914 4.7907039 4.7907164 4.7907289 4.7907414 4.7907538
4.7899367 4.7899514 4.7899661 4.7899807 4.7899954 4.7900099 4.7900244 4.7900389 4.7900534 4.7900677 4.7900821 4.7900964 4.7901107 4.7901249 4.7901391 4.7901532 4.7901673 4.7901814 4.7901954 4.7902094 4.7902233 4.7902372 4.7902511 4.7902649 4.7902787 4.7902924 4.7903061 4.7903198 4.7903334 4.790347 4.7903605 4.790374 4.7903875 4.7904009 4.7904143 4.7904277 4.790441 4.7904543 4.7904675 4.7904807 4.7904938 4.790507 4.7905201 4.7905331 4.7905461 4.7905591 4.790572 4.7905849 4.7905978 4.7906106 4.7906234 4.7906362 4.7906489 4.7906616 4.7906742 4.7906868 4.7906994 4.7907119 4.7907244 4.7907369
4.7899151 4.7899299 4.7899447 4.7899594 4.7899741 4.7899888 4.7900034 4.790018 4.7900325 4.790047 4.7900614 4.7900758 4.7900902 4.7901045 4.7901188 4.790133 4.7901472 4.7901614 4.7901755 4.7901895 4.7902036 4.7902175 4.7902315 4.7902454 4.7902592 4.7902731 4.7902869 4.7903006 4.7903143 4.790328 4.7903416 4.7903552 4.7903687 4.7903822 4.7903957 4.7904091 4.7904225 4.7904359 4.7904492 4.7904624 4.7904757 4.7904889 4.790502 4.7905152 4.7905282 4.7905413 4.7905543 4.7905673 4.7905802 4.7905931 4.790606 4.7906188 4.7906316 4.7906443 4.7906571 4.7906697 4.7906824 4.790695 4.7907076 4.7907201
4.7898935 4.7899084 4.7899233 4.7899381 4.7899529 4.7899677 4.7899824 4.7899971 4.7900117 4.7900263 4.7900408 4.7900553 4.7900697 4.7900842 4.7900985 4.7901128 4.7901271 4.7901414 4.7901555 4.7901697 4.7901838 4.7901979 4.7902119 4.7902259 4.7902398 4.7902537 4.7902676 4.7902814 4.7902952 4.790309 4.7903227 4.7903363 4.79035 4.7903635 4.7903771 4.7903906 4.7904041 4.7904175 4.7904309 4.7904442 4.7904575 4.7904708 4.7904841 4.7904972 4.7905104 4.7905235 4.7905366 4.7905497 4.7905627 4.7905756 4.7905886 4.7906015 4.7906143 4.7906272 4.7906399 4.7906527 4.7906654 4.7906781 4.7906907 4.7907033
4.789872 4.789887 4.789902 4.7899169 4.7899318 4.7899467 4.7899615 4.7899762 4.7899909 4.7900056 4.7900202 4.7900348 4.7900493 4.7900638 4.7900783 4.7900927 4.7901071 4.7901214 4.7901357 4.7901499 4.7901641 4.7901783 4.7901924 4.7902065 4.7902205 4.7902345 4.7902484 4.7902623 4.7902762 4.79029 4.7903038 4.7903175 4.7903312 4.7903449 4.7903585 4.7903721 4.7903857 4.7903992 4.7904126 4.7904261 4.7904395 4.7904528 4.7904661 4.7904794 4.7904926 4.7905058 4.790519 4.7905321 4.7905452 4.7905582 4.7905712 4.7905842 4.7905971 4.79061 4.7906229 4.7906357 4.7906485 4.7906612 4.7906739 4.7906866
4.7898505 4.7898656 4.7898807 4.7898957 4.7899107 4.7899257 4.7899406 4.7899554 4.7899702 4.789985 4.7899997 4.7900144 4.790029 4.7900436 4.7900581 4.7900726 4.7900871 4.7901015 4.7901159 4.7901302 4.7901445 4.7901587 4.7901729 4.7901871 4.7902012 4.7902152 4.7902293 4.7902433 4.7902572 4.7902711 4.790285 4.7902988 4.7903126 4.7903263 4.79034 4.7903537 4.7903673 4.7903809 4.7903944 4.7904079 4.7904214 4.7904348 4.7904482 4.7904616 4.7904749 4.7904881 4.7905014 4.7905146 4.7905277 4.7905408 4.7905539 4.7905669 4.7905799 4.7905929 4.7906058 4.7906187 4.7906316 4.7906444 4.7906572 4.7906699
4.7898291 4.7898443 4.7898595 4.7898746 4.7898897 4.7899047 4.7899197 4.7899346 4.7899495 4.7899644 4.7899792 4.789994 4.7900087 4.7900234 4.790038 4.7900526 4.7900671 4.7900816 4.7900961 4.7901105 4.7901249 4.7901392 4.7901535 4.7901677 4.7901819 4.790196 4.7902102 4.7902242 4.7902383 4.7902522 4.7902662 4.7902801 4.790294 4.7903078 4.7903216 4.7903353 4.790349 4.7903627 4.7903763 4.7903899 4.7904034 4.7904169 4.7904303 4.7904438 4.7904571 4.7904705 4.7904838 4.7904971 4.7905103 4.7905235 4.7905366 4.7905497 4.7905628 4.7905758 4.7905888 4.7906018 4.7906147 4.7906276 4.7906404 4.7906532
4.7898077 4.789823 4.7898383 4.7898535 4.7898687 4.7898838 4.7898989 4.7899139 4.7899289 4.7899439 4.7899588 4.7899736 4.7899884 4.7900032 4.7900179 4.7900326 4.7900472 4.7900618 4.7900763 4.7900908 4.7901053 4.7901197 4.7901341 4.7901484 4.7901627 4.7901769 4.7901911 4.7902052 4.7902194 4.7902334 4.7902474 4.7902614 4.7902754 4.7902893 4.7903031 4.7903169 4.7903307 4.7903445 4.7903582 4.7903718 4.7903854 4.790399 4.7904125 4.790426 4.7904395 4.7904529 4.7904663 4.7904796 4.7904929 4.7905062 4.7905194 4.7905326 4.7905457 4.7905588 4.7905719 4.7905849 4.7905979 4.7906108 4.7906237 4.7906366
4.7897864 4.7898018 4.7898172 4.7898325 4.7898477 4.789863 4.7898781 4.7898933 4.7899083 4.7899234 4.7899384 4.7899533 4.7899682 4.7899831 4.7899979 4.7900126 4.7900273 4.790042 4.7900566 4.7900712 4.7900858 4.7901003 4.7901147 4.7901291 4.7901435 4.7901578 4.7901721 4.7901863 4.7902005 4.7902146 4.7902287 4.7902428 4.7902568 4.7902708 4.7902847 4.7902986 4.7903125 4.7903263 4.7903401 4.7903538 4.7903675 4.7903811 4.7903948 4.7904083 4.7904218 4.7904353 4.7904488 4.7904622 4.7904756 4.7904889 4.7905022 4.7905154 4.7905286 4.7905418 4.7905549 4.790568 4.7905811 4.7905941 4.7906071 4.79062
4.7897651 4.7897806 4.7897961 4.7898115 4.7898268 4.7898422 4.7898574 4.7898726 4.7898878 4.7899029 4.789918 4.7899331 4.789948 4.789963 4.7899779 4.7899927 4.7900075 4.7900223 4.790037 4.7900517 4.7900663 4.7900809 4.7900954 4.7901099 4.7901243 4.7901387 4.7901531 4.7901674 4.7901817 4.7901959 4.7902101 4.7902242 4.7902383 4.7902524 4.7902664 4.7902804 4.7902943 4.7903082 4.790322 4.7903358 4.7903496 4.7903633 4.790377 4.7903907 4.7904043 4.7904178 4.7904313 4.7904448 4.7904583 4.7904717 4.790485 4.7904983 4.7905116 4.7905249 4.7905381 4.7905512 4.7905644 4.7905774 4.7905905 4.7906035
4.7897439 4.7897595 4.789775 4.7897905 4.789806 4.7898214 4.7898368 4.7898521 4.7898673 4.7898826 4.7898977 4.7899129 4.7899279 4.789943 4.7899579 4.7899729 4.7899878 4.7900026 4.7900174 4.7900322 4.7900469 4.7900615 4.7900761 4.7900907 4.7901052 4.7901197 4.7901342 4.7901486 4.7901629 4.7901772 4.7901915 4.7902057 4.7902199 4.790234 4.7902481 4.7902622 4.7902762 4.7902901 4.7903041 4.7903179 4.7903318 4.7903456 4.7903593 4.790373 4.7903867 4.7904003 4.7904139 4.7904275 4.790441 4.7904545 4.7904679 4.7904813 4.7904946 4.7905079 4.7905212 4.7905345 4.7905476 4.7905608 4.7905739 4.790587
4.7897227 4.7897384 4.7897541 4.7897697 4.7897852 4.7898007 4.7898162 4.7898316 4.7898469 4.7898622 4.7898775 4.7898927 4.7899079 4.789923 4.789938 4.7899531 4.789968 4.789983 4.7899979 4.7900127 4.7900275 4.7900422 4.7900569 4.7900716 4.7900862 4.7901008 4.7901153 4.7901298 4.7901442 4.7901586 4.7901729 4.7901872 4.7902015 4.7902157 4.7902299 4.790244 4.7902581 4.7902721 4.7902861 4.7903001 4.790314 4.7903278 4.7903417 4.7903555 4.7903692 4.7903829 4.7903966 4.7904102 4.7904238 4.7904373 4.7904508 4.7904643 4.7904777 4.7904911 4.7905044 4.7905177 4.790531 4.7905442 4.7905574 4.7905705
4.7897016 4.7897174 4.7897331 4.7897488 4.7897645 4.7897801 4.7897956 4.7898111 4.7898265 4.7898419 4.7898573 4.7898726 4.7898878 4.789903 4.7899182 4.7899333 4.7899484 4.7899634 4.7899784 4.7899933 4.7900082 4.790023 4.7900378 4.7900525 4.7900672 4.7900818 4.7900964 4.790111 4.7901255 4.79014 4.7901544 4.7901688 4.7901831 4.7901974 4.7902116 4.7902258 4.79024 4.7902541 4.7902682 4.7902822 4.7902962 4.7903102 4.7903241 4.7903379 4.7903517 4.7903655 4.7903793 4.7903929 4.7904066 4.7904202 4.7904338 4.7904473 4.7904608 4.7904743 4.7904877 4.790501 4.7905144 4.7905276 4.7905409 4.7905541
4.7896805 4.7896964 4.7897122 4.789728 4.7897438 4.7897595 4.7897751 4.7897907 4.7898062 4.7898217 4.7898371 4.7898525 4.7898679 4.7898832 4.7898984 4.7899136 4.7899287 4.7899438 4.7899589 4.7899739 4.7899889 4.7900038 4.7900186 4.7900335 4.7900482 4.790063 4.7900777 4.7900923 4.7901069 4.7901214 4.7901359 4.7901504 4.7901648 4.7901792 4.7901935 4.7902078 4.790222 4.7902362 4.7902503 4.7902644 4.7902785 4.7902925 4.7903065 4.7903204 4.7903343 4.7903482 4.790362 4.7903757 4.7903895 4.7904032 4.7904168 4.7904304 4.7904439 4.7904575 4.7904709 4.7904844 4.7904978 4.7905111 4.7905244 4.7905377
4.7896595 4.7896755 4.7896914 4.7897073 4.7897231 4.7897389 4.7897546 4.7897703 4.7897859 4.7898015 4.789817 4.7898325 4.7898479 4.7898633 4.7898787 4.7898939 4.7899092 4.7899244 4.7899395 4.7899546 4.7899696 4.7899846 4.7899996 4.7900145 4.7900293 4.7900441 4.7900589 4.7900736 4.7900883 4.7901029 4.7901175 4.790132 4.7901465 4.790161 4.7901754 4.7901897 4.790204 4.7902183 4.7902325 4.7902467 4.7902608 4.7902749 4.790289 4.790303 4.7903169 4.7903309 4.7903447 4.7903586 4.7903724 4.7903861 4.7903998 4.7904135 4.7904271 4.7904407 4.7904543 4.7904678 4.7904812 4.7904947 4.790508 4.7905214
