Cobbity2/QGIS/Ave14-Ave30.asc
NCOLS 700
NROWS 440
XLLCORNER 150.66
YLLCORNER -34.0281
CELLSIZE 1e-05
NODATA_VALUE -9999
[rows 26 to 51 of 440, columns 420 to 479 of 700]
4.5109145 4.5116059 4.5122984 4.512992 4.5136862 4.5143811 4.5150763 4.5157717 4.5164671 4.5171623 4.5178573 4.5185517 4.5192455 4.5199385 4.5206306 4.5213216 4.5220115 4.5227 4.5233871 4.5240727 4.5247567 4.5254389 4.5261192 4.5267976 4.527474 4.5281482 4.5288202 4.52949 4.5301574 4.5308224 4.5314849 4.5321449 4.5328022 4.5334569 4.5341088 4.5347579 4.5354043 4.5360477 4.5366883 4.5373259 4.5379605 4.5385921 4.5392206 4.539846 4.5404683 4.5410875 4.5417035 4.5423163 4.5429259 4.5435323 4.5441355 4.5447353 4.5453319 4.5459252 4.5465153 4.547102 4.5476854 4.5482654 4.5488422 4.5494156
4.509912 4.5106192 4.5113274 4.5120363 4.5127458 4.5134556 4.5141656 4.5148756 4.5155853 4.5162947 4.5170036 4.5177118 4.5184192 4.5191256 4.5198309 4.5205349 4.5212376 4.5219387 4.5226383 4.5233361 4.5240321 4.5247261 4.5254181 4.526108 4.5267957 4.5274811 4.5281641 4.5288447 4.5295227 4.5301981 4.5308709 4.531541 4.5322083 4.5328727 4.5335343 4.5341929 4.5348486 4.5355012 4.5361508 4.5367973 4.5374406 4.5380808 4.5387177 4.5393515 4.539982 4.5406092 4.5412331 4.5418537 4.5424709 4.5430848 4.5436953 4.5443024 4.5449062 4.5455065 4.5461034 4.5466969 4.547287 4.5478737 4.5484569 4.5490366
4.5089056 4.5096288 4.5103528 4.5110774 4.5118023 4.5125273 4.5132523 4.5139771 4.5147014 4.5154252 4.5161483 4.5168705 4.5175916 4.5183116 4.5190302 4.5197474 4.520463 4.5211769 4.521889 4.5225992 4.5233074 4.5240134 4.5247172 4.5254187 4.5261178 4.5268145 4.5275086 4.5282 4.5288888 4.5295747 4.5302579 4.5309382 4.5316155 4.5322898 4.5329611 4.5336293 4.5342944 4.5349562 4.5356149 4.5362703 4.5369224 4.5375712 4.5382167 4.5388588 4.5394975 4.5401328 4.5407646 4.541393 4.5420179 4.5426394 4.5432573 4.5438717 4.5444826 4.54509 4.5456939 4.5462942 4.546891 4.5474842 4.5480739 4.54866
4.5078952 4.5086348 4.5093749 4.5101153 4.5108559 4.5115964 4.5123366 4.5130764 4.5138156 4.514554 4.5152914 4.5160277 4.5167628 4.5174965 4.5182287 4.5189592 4.5196879 4.5204147 4.5211395 4.5218622 4.5225827 4.5233009 4.5240166 4.5247298 4.5254405 4.5261485 4.5268538 4.5275562 4.5282558 4.5289524 4.529646 4.5303366 4.531024 4.5317083 4.5323894 4.5330672 4.5337417 4.5344129 4.5350807 4.5357451 4.5364061 4.5370636 4.5377176 4.5383681 4.539015 4.5396584 4.5402983 4.5409345 4.5415671 4.5421961 4.5428215 4.5434433 4.5440614 4.5446759 4.5452867 4.5458938 4.5464973 4.5470971 4.5476933 4.5482858
4.5068811 4.5076373 4.5083938 4.5091504 4.5099069 4.5106631 4.5114188 4.5121738 4.512928 4.5136811 4.5144331 4.5151838 4.515933 4.5166806 4.5174265 4.5181704 4.5189124 4.5196523 4.52039 4.5211253 4.5218583 4.5225887 4.5233165 4.5240416 4.5247639 4.5254834 4.5261999 4.5269134 4.5276239 4.5283313 4.5290354 4.5297364 4.530434 4.5311283 4.5318193 4.5325068 4.5331908 4.5338713 4.5345484 4.5352218 4.5358917 4.5365579 4.5372205 4.5378795 4.5385347 4.5391863 4.5398341 4.5404783 4.5411186 4.5417553 4.5423881 4.5430172 4.5436426 4.5442641 4.5448819 4.5454959 4.5461061 4.5467126 4.5473152 4.5479141
4.5058636 4.5066366 4.5074097 4.5081827 4.5089554 4.5097275 4.5104988 4.5112693 4.5120387 4.5128069 4.5135736 4.5143388 4.5151024 4.515864 4.5166238 4.5173814 4.5181368 4.5188899 4.5196406 4.5203887 4.5211342 4.521877 4.522617 4.523354 4.5240881 4.5248192 4.5255471 4.5262718 4.5269933 4.5277115 4.5284263 4.5291377 4.5298456 4.53055 4.5312509 4.5319481 4.5326418 4.5333317 4.534018 4.5347006 4.5353794 4.5360544 4.5367257 4.5373931 4.5380567 4.5387165 4.5393724 4.5400244 4.5406725 4.5413168 4.5419572 4.5425937 4.5432263 4.5438549 4.5444797 4.5451006 4.5457176 4.5463306 4.5469398 4.5475451
4.5048426 4.5056328 4.5064228 4.5072125 4.5080015 4.5087898 4.5095771 4.5103632 4.511148 4.5119314 4.5127131 4.513493 4.5142711 4.515047 4.5158207 4.5165922 4.5173612 4.5181276 4.5188915 4.5196525 4.5204107 4.521166 4.5219183 4.5226674 4.5234134 4.5241561 4.5248955 4.5256315 4.5263641 4.5270932 4.5278187 4.5285406 4.5292589 4.5299735 4.5306844 4.5313914 4.5320947 4.5327942 4.5334898 4.5341815 4.5348693 4.5355532 4.5362331 4.5369091 4.5375811 4.5382491 4.538913 4.539573 4.540229 4.5408809 4.5415288 4.5421727 4.5428126 4.5434484 4.5440802 4.544708 4.5453317 4.5459514 4.5465672 4.5471789
4.5038185 4.5046261 4.5054333 4.5062398 4.5070455 4.5078502 4.5086536 4.5094557 4.5102561 4.5110549 4.5118518 4.5126466 4.5134393 4.5142297 4.5150176 4.515803 4.5165857 4.5173657 4.5181428 4.5189169 4.519688 4.5204559 4.5212205 4.5219819 4.5227399 4.5234944 4.5242453 4.5249927 4.5257365 4.5264766 4.5272129 4.5279454 4.5286741 4.529399 4.5301199 4.5308369 4.5315499 4.5322589 4.5329638 4.5336648 4.5343616 4.5350544 4.535743 4.5364276 4.537108 4.5377842 4.5384563 4.5391243 4.5397881 4.5404477 4.5411032 4.5417545 4.5424016 4.5430446 4.5436835 4.5443181 4.5449487 4.5455751 4.5461973 4.5468155
4.5027914 4.5036167 4.5044413 4.505265 4.5060876 4.5069089 4.5077287 4.5085469 4.5093632 4.5101776 4.5109898 4.5117997 4.5126072 4.5134122 4.5142145 4.5150141 4.5158107 4.5166043 4.5173948 4.5181821 4.5189661 4.5197468 4.520524 4.5212976 4.5220677 4.5228341 4.5235967 4.5243556 4.5251106 4.5258618 4.526609 4.5273522 4.5280914 4.5288265 4.5295576 4.5302845 4.5310073 4.5317259 4.5324403 4.5331505 4.5338564 4.5345581 4.5352555 4.5359487 4.5366375 4.5373221 4.5380023 4.5386783 4.53935 4.5400173 4.5406804 4.5413391 4.5419936 4.5426437 4.5432896 4.5439312 4.5445685 4.5452016 4.5458304 4.546455
4.5017616 4.5026049 4.5034472 4.5042883 4.505128 4.5059662 4.5068026 4.5076371 4.5084695 4.5092996 4.5101274 4.5109526 4.5117751 4.5125949 4.5134117 4.5142255 4.5150362 4.5158436 4.5166477 4.5174483 4.5182454 4.5190389 4.5198287 4.5206148 4.5213971 4.5221755 4.5229499 4.5237203 4.5244867 4.525249 4.5260072 4.5267611 4.5275109 4.5282564 4.5289976 4.5297346 4.5304672 4.5311954 4.5319193 4.5326388 4.5333538 4.5340645 4.5347707 4.5354725 4.5361699 4.5368628 4.5375512 4.5382352 4.5389147 4.5395898 4.5402605 4.5409267 4.5415885 4.5422458 4.5428988 4.5435473 4.5441914 4.5448312 4.5454666 4.5460976
4.5007292 4.5015907 4.502451 4.5033098 4.5041669 4.5050222 4.5058754 4.5067264 4.5075751 4.5084212 4.5092647 4.5101054 4.5109432 4.5117779 4.5126094 4.5134376 4.5142625 4.5150838 4.5159016 4.5167157 4.517526 4.5183325 4.519135 4.5199336 4.5207282 4.5215187 4.5223049 4.523087 4.5238649 4.5246384 4.5254076 4.5261724 4.5269328 4.5276887 4.5284402 4.5291872 4.5299297 4.5306676 4.531401 4.5321298 4.5328541 4.5335737 4.5342888 4.5349993 4.5357051 4.5364064 4.537103 4.5377951 4.5384825 4.5391654 4.5398437 4.5405174 4.5411865 4.541851 4.5425111 4.5431665 4.5438175 4.5444639 4.5451059 4.5457433
4.4996945 4.5005746 4.5014531 4.5023298 4.5032045 4.5040771 4.5049474 4.5058152 4.5066803 4.5075427 4.5084021 4.5092584 4.5101116 4.5109614 4.5118077 4.5126505 4.5134897 4.5143251 4.5151567 4.5159844 4.516808 4.5176276 4.5184431 4.5192543 4.5200612 4.5208639 4.5216621 4.5224559 4.5232453 4.5240301 4.5248104 4.5255861 4.5263572 4.5271236 4.5278854 4.5286425 4.5293949 4.5301426 4.5308856 4.5316238 4.5323572 4.5330859 4.5338099 4.534529 4.5352435 4.5359531 4.536658 4.5373581 4.5380535 4.5387441 4.53943 4.5401112 4.5407877 4.5414595 4.5421266 4.542789 4.5434468 4.5440999 4.5447484 4.5453924
4.4986578 4.4995566 4.5004536 4.5013485 4.5022411 4.5031313 4.5040188 4.5049036 4.5057854 4.5066642 4.5075397 4.5084118 4.5092805 4.5101456 4.511007 4.5118645 4.5127182 4.5135678 4.5144133 4.5152547 4.5160918 4.5169246 4.517753 4.518577 4.5193964 4.5202113 4.5210216 4.5218272 4.5226281 4.5234244 4.5242158 4.5250025 4.5257843 4.5265613 4.5273335 4.5281008 4.5288631 4.5296206 4.5303732 4.5311208 4.5318635 4.5326013 4.5333341 4.534062 4.534785 4.5355031 4.5362162 4.5369244 4.5376277 4.5383262 4.5390197 4.5397084 4.5403922 4.5410713 4.5417454 4.5424148 4.5430794 4.5437393 4.5443943 4.5450447
4.4976192 4.4985371 4.4994528 4.5003662 4.5012769 4.5021849 4.5030899 4.5039919 4.5048906 4.5057859 4.5066777 4.5075659 4.5084503 4.5093308 4.5102073 4.5110798 4.511948 4.512812 4.5136716 4.5145268 4.5153775 4.5162236 4.5170651 4.5179018 4.5187339 4.5195611 4.5203835 4.521201 4.5220137 4.5228213 4.523624 4.5244217 4.5252144 4.526002 4.5267845 4.527562 4.5283344 4.5291017 4.5298639 4.530621 4.531373 4.5321199 4.5328616 4.5335983 4.5343299 4.5350564 4.5357778 4.5364941 4.5372054 4.5379116 4.5386128 4.5393091 4.5400003 4.5406865 4.5413678 4.5420441 4.5427155 4.5433821 4.5440437 4.5447006
4.4965791 4.4975164 4.4984511 4.4993831 4.5003121 4.5012381 4.5021609 4.5030803 4.5039961 4.5049082 4.5058165 4.5067208 4.5076211 4.5085172 4.5094091 4.5102965 4.5111795 4.512058 4.5129318 4.5138009 4.5146653 4.5155248 4.5163794 4.5172291 4.5180738 4.5189135 4.5197481 4.5205776 4.521402 4.5222212 4.5230352 4.5238439 4.5246475 4.5254457 4.5262388 4.5270265 4.527809 4.5285861 4.529358 4.5301246 4.5308859 4.5316419 4.5323926 4.5331381 4.5338783 4.5346132 4.5353429 4.5360673 4.5367866 4.5375007 4.5382095 4.5389133 4.5396119 4.5403053 4.5409937 4.541677 4.5423553 4.5430285 4.5436967 4.54436
4.4955377 4.4964946 4.4974485 4.4983995 4.4993471 4.5002914 4.5012321 4.502169 4.5031021 4.5040312 4.5049562 4.5058769 4.5067932 4.5077051 4.5086124 4.509515 4.5104129 4.5113059 4.5121941 4.5130773 4.5139554 4.5148285 4.5156964 4.5165591 4.5174166 4.5182687 4.5191156 4.5199572 4.5207933 4.5216241 4.5224494 4.5232694 4.5240838 4.5248928 4.5256963 4.5264944 4.5272869 4.528074 4.5288556 4.5296317 4.5304023 4.5311675 4.5319272 4.5326814 4.5334303 4.5341737 4.5349117 4.5356443 4.5363715 4.5370934 4.5378099 4.5385212 4.5392272 4.5399279 4.5406233 4.5413136 4.5419987 4.5426786 4.5433534 4.5440231
4.4944953 4.495472 4.4964455 4.4974156 4.4983821 4.4993449 4.5003037 4.5012585 4.502209 4.5031553 4.5040971 4.5050343 4.5059669 4.5068946 4.5078175 4.5087354 4.5096483 4.5105561 4.5114587 4.5123561 4.5132481 4.5141348 4.515016 4.5158919 4.5167622 4.517627 4.5184862 4.5193399 4.5201879 4.5210303 4.5218671 4.5226982 4.5235236 4.5243433 4.5251574 4.5259658 4.5267685 4.5275655 4.5283568 4.5291425 4.5299225 4.5306968 4.5314655 4.5322286 4.5329861 4.5337379 4.5344842 4.535225 4.5359602 4.5366899 4.5374142 4.5381329 4.5388463 4.5395542 4.5402568 4.540954 4.5416459 4.5423325 4.5430139 4.54369
4.4934521 4.494449 4.4954423 4.4964318 4.4974174 4.4983988 4.499376 4.5003488 4.5013171 4.5022807 4.5032395 4.5041934 4.5051423 4.5060861 4.5070247 4.5079581 4.5088862 4.5098088 4.5107259 4.5116376 4.5125436 4.513444 4.5143387 4.5152277 4.516111 4.5169884 4.5178601 4.5187259 4.5195859 4.52044 4.5212882 4.5221306 4.522967 4.5237976 4.5246222 4.525441 4.5262538 4.5270608 4.5278619 4.5286571 4.5294465 4.53023 4.5310077 4.5317796 4.5325458 4.5333061 4.5340608 4.5348097 4.5355529 4.5362904 4.5370224 4.5377487 4.5384694 4.5391846 4.5398942 4.5405984 4.5412971 4.5419904 4.5426783 4.5433608
4.4924086 4.4934259 4.4944392 4.4954484 4.4964532 4.4974536 4.4984494 4.4994404 4.5004265 4.5014076 4.5023836 4.5033543 4.5043198 4.5052798 4.5062343 4.5071833 4.5081266 4.5090642 4.509996 4.510922 4.5118421 4.5127563 4.5136646 4.5145669 4.5154631 4.5163533 4.5172375 4.5181155 4.5189875 4.5198534 4.5207131 4.5215667 4.5224142 4.5232556 4.5240909 4.52492 4.5257431 4.5265601 4.5273709 4.5281758 4.5289745 4.5297673 4.530554 4.5313348 4.5321096 4.5328784 4.5336414 4.5343985 4.5351497 4.535895 4.5366346 4.5373685 4.5380966 4.538819 4.5395357 4.5402468 4.5409523 4.5416523 4.5423467 4.5430357
4.4913649 4.4924029 4.4934365 4.4944656 4.4954899 4.4965095 4.497524 4.4985334 4.4995376 4.5005364 4.5015297 4.5025175 4.5034996 4.504476 4.5054465 4.5064112 4.5073698 4.5083225 4.5092691 4.5102096 4.5111439 4.512072 4.5129939 4.5139095 4.5148188 4.5157219 4.5166186 4.5175089 4.5183929 4.5192706 4.5201419 4.5210069 4.5218655 4.5227177 4.5235636 4.5244032 4.5252365 4.5260635 4.5268842 4.5276986 4.5285068 4.5293088 4.5301045 4.5308942 4.5316776 4.532455 4.5332263 4.5339915 4.5347507 4.5355039 4.5362512 4.5369925 4.537728 4.5384576 4.5391814 4.5398994 4.5406118 4.5413184 4.5420193 4.5427147
4.4903214 4.4913804 4.4924345 4.4934837 4.4945278 4.4955667 4.4966002 4.4976283 4.4986507 4.4996673 4.5006782 4.5016831 4.502682 4.5036749 4.5046616 4.505642 4.5066162 4.5075841 4.5085456 4.5095006 4.5104492 4.5113913 4.5123269 4.5132559 4.5141784 4.5150943 4.5160036 4.5169063 4.5178024 4.5186919 4.5195748 4.5204512 4.5213209 4.522184 4.5230406 4.5238907 4.5247342 4.5255712 4.5264017 4.5272258 4.5280434 4.5288546 4.5296595 4.5304579 4.5312501 4.5320359 4.5328155 4.5335889 4.5343561 4.5351171 4.5358721 4.5366209 4.5373637 4.5381006 4.5388314 4.5395564 4.5402755 4.5409887 4.5416962 4.5423979
4.4892785 4.4903587 4.4914336 4.4925032 4.4935673 4.4946257 4.4956784 4.4967252 4.497766 4.4988007 4.4998293 4.5008515 4.5018674 4.5028768 4.5038798 4.5048762 4.505866 4.5068492 4.5078256 4.5087953 4.5097583 4.5107144 4.5116638 4.5126063 4.513542 4.5144708 4.5153928 4.5163079 4.5172162 4.5181176 4.5190121 4.5198998 4.5207807 4.5216548 4.5225221 4.5233826 4.5242364 4.5250835 4.5259238 4.5267575 4.5275846 4.528405 4.5292189 4.5300262 4.5308271 4.5316214 4.5324093 4.5331908 4.533966 4.5347349 4.5354975 4.5362538 4.537004 4.537748 4.5384859 4.5392178 4.5399436 4.5406635 4.5413775 4.5420855
4.4882366 4.4893381 4.4904341 4.4915242 4.4926085 4.4936867 4.4947588 4.4958246 4.496884 4.4979369 4.4989832 4.5000229 4.5010559 4.5020821 4.5031015 4.5041139 4.5051195 4.506118 4.5071095 4.508094 4.5090714 4.5100417 4.5110049 4.511961 4.5129099 4.5138517 4.5147864 4.515714 4.5166344 4.5175477 4.5184539 4.5193531 4.5202452 4.5211302 4.5220082 4.5228793 4.5237433 4.5246004 4.5254506 4.526294 4.5271305 4.5279602 4.5287831 4.5295993 4.5304087 4.5312116 4.5320078 4.5327975 4.5335806 4.5343573 4.5351275 4.5358914 4.5366488 4.5374 4.538145 4.5388837 4.5396163 4.5403428 4.5410632 4.5417776
4.4871958 4.4883191 4.4894363 4.4905473 4.4916519 4.4927501 4.4938418 4.4949267 4.4960048 4.4970761 4.4981404 4.4991977 4.500248 4.501291 4.5023269 4.5033555 4.5043769 4.5053909 4.5063975 4.5073969 4.5083888 4.5093733 4.5103504 4.5113201 4.5122823 4.5132372 4.5141846 4.5151247 4.5160573 4.5169826 4.5179005 4.5188111 4.5197144 4.5206104 4.5214992 4.5223807 4.5232551 4.5241223 4.5249823 4.5258353 4.5266812 4.5275202 4.5283521 4.5291772 4.5299953 4.5308066 4.5316112 4.532409 4.5332001 4.5339845 4.5347624 4.5355337 4.5362985 4.5370568 4.5378088 4.5385544 4.5392937 4.5400267 4.5407536 4.5414743
4.4861568 4.487302 4.4884406 4.4895727 4.4906979 4.4918163 4.4929276 4.4940319 4.495129 4.4962187 4.4973012 4.4983762 4.4994438 4.5005039 4.5015563 4.5026012 4.5036385 4.5046681 4.50569 4.5067042 4.5077107 4.5087095 4.5097006 4.5106839 4.5116595 4.5126275 4.5135877 4.5145403 4.5154852 4.5164225 4.5173521 4.5182742 4.5191887 4.5200957 4.5209952 4.5218873 4.5227719 4.5236492 4.5245191 4.5253817 4.5262371 4.5270852 4.5279262 4.5287601 4.5295869 4.5304067 4.5312195 4.5320254 4.5328245 4.5336167 4.5344021 4.5351809 4.535953 4.5367185 4.5374774 4.5382298 4.5389758 4.5397154 4.5404487 4.5411757
4.4851197 4.4862871 4.4874475 4.4886007 4.4897468 4.4908855 4.4920168 4.4931405 4.4942567 4.4953651 4.4964658 4.4975587 4.4986438 4.4997209 4.5007901 4.5018514 4.5029046 4.5039499 4.5049871 4.5060163 4.5070375 4.5080506 4.5090557 4.5100527 4.5110418 4.5120228 4.5129959 4.513961 4.5149182 4.5158675 4.5168089 4.5177425 4.5186682 4.5195862 4.5204965 4.5213991 4.522294 4.5231813 4.5240611 4.5249333 4.5257981 4.5266555 4.5275055 4.5283482 4.5291837 4.5300119 4.530833 4.531647 4.532454 4.533254 4.534047 4.5348332 4.5356125 4.5363851 4.537151 4.5379102 4.5386629 4.539409 4.5401487 4.5408819
