Cobbity2/QGIS/Ave14-Ave13.asc
NCOLS 800
NROWS 439
XLLCORNER 150.66
YLLCORNER -34.0271
CELLSIZE 1e-05
NODATA_VALUE -9999
[rows 182 to 207 of 439, columns 180 to 239 of 800]
4.8486835 4.8490137 4.8493487 4.8496887 4.8500336 4.8503836 4.8507386 4.8510988 4.8514642 4.8518348 4.8522106 4.8525917 4.8529781 4.8533697 4.8537665 4.8541684 4.8545754 4.8549875 4.8554044 4.8558261 4.8562523 4.8566829 4.8571177 4.8575562 4.8579983 4.8584435 4.8588914 4.8593414 4.8597931 4.8602458 4.8606989 4.8611514 4.8616026 4.8620515 4.862497 4.862938 4.8633731 4.8638011 4.8642204 4.8646294 4.8650262 4.8654091 4.8657759 4.8661245 4.8664526 4.8667578 4.8670376 4.8672894 4.8675107 4.8676989 4.8678515 4.8679663 4.8680413 4.8680747 4.8680652 4.868012 4.8679146 4.867773 4.8675878 4.8673598
4.8490301 4.8493685 4.8497121 4.8500609 4.850415 4.8507746 4.8511396 4.8515101 4.8518862 4.852268 4.8526555 4.8530488 4.8534478 4.8538525 4.854263 4.8546792 4.8551011 4.8555287 4.8559618 4.8564003 4.856844 4.8572929 4.8577466 4.858205 4.8586677 4.8591343 4.8596045 4.8600778 4.8605535 4.8610313 4.8615102 4.8619896 4.8624686 4.8629462 4.8634213 4.8638929 4.8643594 4.8648197 4.865272 4.8657146 4.8661458 4.8665635 4.8669655 4.8673494 4.8677129 4.8680532 4.8683675 4.868653 4.8689066 4.8691255 4.8693068 4.8694478 4.8695461 4.8695996 4.8696069 4.869567 4.8694793 4.8693441 4.869162 4.8689343
4.8493763 4.8497229 4.850075 4.8504327 4.8507961 4.8511653 4.8515403 4.8519213 4.8523083 4.8527014 4.8531007 4.8535062 4.853918 4.8543361 4.8547605 4.8551912 4.8556283 4.8560716 4.8565212 4.8569769 4.8574386 4.8579061 4.8583794 4.8588581 4.859342 4.8598307 4.8603239 4.8608212 4.861322 4.8618256 4.8623316 4.862839 4.863347 4.8638548 4.8643611 4.8648648 4.8653646 4.865859 4.8663464 4.866825 4.867293 4.8677481 4.8681882 4.8686105 4.8690126 4.8693913 4.8697437 4.8700664 4.8703561 4.8706093 4.8708227 4.870993 4.8711173 4.8711933 4.8712191 4.8711935 4.871116 4.8709869 4.8708073 4.8705789
4.8497216 4.8500766 4.8504373 4.850804 4.8511767 4.8515555 4.8519406 4.8523321 4.8527301 4.8531346 4.8535458 4.8539637 4.8543885 4.8548201 4.8552586 4.8557041 4.8561565 4.8566159 4.8570822 4.8575554 4.8580354 4.8585221 4.8590154 4.859515 4.8600206 4.8605322 4.8610491 4.8615712 4.8620978 4.8626284 4.8631624 4.863699 4.8642374 4.8647767 4.8653157 4.8658533 4.8663881 4.8669187 4.8674435 4.8679605 4.8684678 4.8689632 4.8694443 4.8699084 4.8703526 4.8707737 4.8711681 4.8715323 4.8718622 4.8721539 4.8724034 4.8726068 4.8727606 4.8728618 4.872908 4.8728979 4.872831 4.8727077 4.8725295 4.8722986
4.8500661 4.8504294 4.8507987 4.8511744 4.8515564 4.851945 4.8523403 4.8527424 4.8531514 4.8535674 4.8539906 4.8544211 4.8548589 4.8553042 4.855757 4.8562174 4.8566854 4.8571611 4.8576445 4.8581356 4.8586342 4.8591405 4.8596541 4.8601751 4.8607031 4.861238 4.8617794 4.862327 4.8628804 4.8634389 4.864002 4.864569 4.8651391 4.8657113 4.8662846 4.8668578 4.8674296 4.8679984 4.8685627 4.8691206 4.8696701 4.8702088 4.8707342 4.8712436 4.8717338 4.8722014 4.8726425 4.8730529 4.8734281 4.8737634 4.8740539 4.874295 4.8744823 4.874612 4.8746811 4.8746879 4.8746319 4.8745136 4.8743352 4.8740996
4.8504096 4.8507811 4.8511592 4.8515438 4.8519353 4.8523336 4.8527391 4.8531518 4.8535719 4.8539995 4.8544348 4.8548779 4.8553289 4.855788 4.8562553 4.8567308 4.8572146 4.8577068 4.8582075 4.8587167 4.8592344 4.8597605 4.860295 4.8608378 4.8613888 4.8619476 4.8625142 4.8630881 4.863669 4.8642564 4.8648497 4.8654482 4.8660512 4.8666578 4.867267 4.8678775 4.8684882 4.8690974 4.8697036 4.8703049 4.8708992 4.8714844 4.8720576 4.8726162 4.8731567 4.8736755 4.8741683 4.8746305 4.8750569 4.8754418 4.8757795 4.876064 4.8762898 4.8764522 4.8765472 4.8765726 4.8765277 4.8764134 4.8762324 4.8759888
4.8507519 4.8511317 4.8515184 4.8519121 4.8523129 4.8527211 4.8531368 4.8535602 4.8539914 4.8544307 4.8548781 4.8553339 4.8557982 4.8562712 4.856753 4.8572438 4.8577436 4.8582526 4.8587708 4.8592984 4.8598354 4.8603817 4.8609375 4.8615026 4.8620769 4.8626603 4.8632527 4.8638536 4.8644629 4.86508 4.8657045 4.8663357 4.8669729 4.8676153 4.8682619 4.8689116 4.869563 4.8702147 4.8708651 4.8715125 4.8721546 4.8727893 4.8734141 4.8740258 4.8746213 4.8751965 4.8757469 4.8762673 4.8767518 4.8771937 4.8775859 4.877921 4.878192 4.8783924 4.8785172 4.8785633 4.8785296 4.8784176 4.8782307 4.8779745
4.8510928 4.8514809 4.8518762 4.8522789 4.8526892 4.8531072 4.8535331 4.8539672 4.8544096 4.8548605 4.8553202 4.8557888 4.8562665 4.8567535 4.85725 4.8577561 4.858272 4.8587979 4.8593339 4.8598801 4.8604366 4.8610035 4.8615809 4.8621687 4.8627668 4.8633753 4.863994 4.8646227 4.8652611 4.8659089 4.8665655 4.8672305 4.8679032 4.8685828 4.8692684 4.8699588 4.8706529 4.8713492 4.8720462 4.8727421 4.873435 4.8741226 4.8748024 4.8754716 4.8761268 4.8767641 4.8773786 4.8779648 4.8785157 4.8790236 4.8794797 4.8798746 4.8801991 4.8804447 4.8806044 4.8806738 4.8806515 4.8805392 4.8803418 4.8800667
4.8514321 4.8518286 4.8522325 4.8526442 4.8530639 4.8534917 4.8539278 4.8543726 4.8548262 4.8552888 4.8557608 4.8562422 4.8567333 4.8572344 4.8577456 4.8582672 4.8587994 4.8593423 4.8598962 4.8604613 4.8610376 4.8616253 4.8622245 4.8628353 4.8634578 4.8640918 4.8647374 4.8653945 4.8660627 4.8667419 4.8674317 4.8681315 4.8688409 4.869559 4.8702851 4.871018 4.8717566 4.8724996 4.8732454 4.8739925 4.8747388 4.8754825 4.8762211 4.8769519 4.8776719 4.8783772 4.8790631 4.8797234 4.8803507 4.8809356 4.8814675 4.8819344 4.8823238 4.8826241 4.8828257 4.8829221 4.8829111 4.8827949 4.8825803 4.8822774
4.8517698 4.8521745 4.8525871 4.8530077 4.8534368 4.8538743 4.8543208 4.8547762 4.855241 4.8557153 4.8561995 4.8566938 4.8571984 4.8577135 4.8582396 4.8587767 4.8593252 4.8598853 4.8604573 4.8610413 4.8616376 4.8622463 4.8628677 4.8635019 4.8641489 4.864809 4.865482 4.8661679 4.8668667 4.8675781 4.8683018 4.8690375 4.8697847 4.8705426 4.8713106 4.8720876 4.8728725 4.8736641 4.874461 4.8752616 4.8760641 4.8768667 4.8776675 4.8784641 4.8792538 4.8800333 4.8807981 4.8815422 4.8822575 4.8829334 4.8835565 4.8841113 4.8845811 4.8849495 4.8852027 4.8853311 4.8853313 4.8852062 4.8849649 4.8846218
4.8521057 4.8525186 4.8529397 4.8533693 4.8538077 4.854255 4.8547116 4.8551778 4.8556537 4.8561397 4.8566362 4.8571432 4.8576613 4.8581906 4.8587315 4.8592842 4.8598491 4.8604264 4.8610165 4.8616196 4.862236 4.8628659 4.8635097 4.8641674 4.8648394 4.8655258 4.8662266 4.8669419 4.8676718 4.8684161 4.8691746 4.869947 4.870733 4.871532 4.8723433 4.8731659 4.8739989 4.874841 4.8756909 4.8765472 4.8774082 4.8782725 4.8791384 4.8800043 4.8808682 4.8817277 4.8825794 4.8834178 4.8842349 4.8850186 4.8857529 4.8864175 4.8869894 4.887445 4.887764 4.8879319 4.887943 4.8878013 4.8875198 4.8871186
4.8524395 4.8528606 4.8532903 4.8537288 4.8541764 4.8546335 4.8551002 4.855577 4.8560641 4.8565617 4.8570704 4.8575903 4.8581218 4.8586652 4.8592209 4.8597892 4.8603705 4.8609651 4.8615733 4.8621956 4.8628322 4.8634834 4.8641497 4.8648313 4.8655284 4.8662413 4.8669703 4.8677154 4.8684768 4.8692546 4.8700486 4.8708586 4.8716844 4.8725255 4.8733813 4.874251 4.8751336 4.876028 4.8769328 4.8778467 4.8787683 4.8796962 4.8806295 4.8815672 4.8825088 4.8834532 4.8843991 4.8853427 4.8862771 4.8871899 4.8880618 4.8888664 4.8895714 4.8901424 4.8905481 4.8907665 4.8907882 4.8906188 4.890277 4.8897921
4.8527713 4.8532004 4.8536386 4.8540859 4.8545428 4.8550095 4.8554863 4.8559737 4.8564718 4.8569811 4.8575019 4.8580346 4.8585795 4.859137 4.8597075 4.8602913 4.860889 4.8615008 4.8621273 4.8627687 4.8634255 4.8640982 4.864787 4.8654924 4.8662148 4.8669546 4.8677119 4.8684872 4.8692806 4.8700922 4.8709222 4.8717706 4.872637 4.8735212 4.8744228 4.8753408 4.8762745 4.8772227 4.8781841 4.8791572 4.8801409 4.8811339 4.8821357 4.8831464 4.8841669 4.8851991 4.8862445 4.8873034 4.8883721 4.8894394 4.8904839 4.8914711 4.8923552 4.893084 4.893609 4.8938947 4.8939262 4.8937118 4.8932798 4.8926735
4.8531007 4.8535379 4.8539845 4.8544406 4.8549066 4.8553829 4.8558698 4.8563676 4.8568767 4.8573975 4.8579304 4.8584758 4.859034 4.8596055 4.8601908 4.8607902 4.8614041 4.8620332 4.8626778 4.8633383 4.8640154 4.8647094 4.8654208 4.8661501 4.8668979 4.8676645 4.8684504 4.8692559 4.8700815 4.8709275 4.8717939 4.8726811 4.8735889 4.8745171 4.8754653 4.8764329 4.8774191 4.8784225 4.8794419 4.8804758 4.8815225 4.882581 4.883651 4.8847335 4.8858315 4.8869502 4.8880964 4.8892772 4.8904963 4.8917482 4.8930115 4.8942428 4.8953757 4.8963292 4.8970243 4.8974033 4.8974428 4.8971561 4.8965877 4.8958037
4.8534278 4.853873 4.8543278 4.8547926 4.8552677 4.8557535 4.8562503 4.8567585 4.8572786 4.8578108 4.8583557 4.8589137 4.8594851 4.8600706 4.8606704 4.8612852 4.8619155 4.8625616 4.8632242 4.8639039 4.864601 4.8653163 4.8660503 4.8668035 4.8675766 4.86837 4.8691844 4.8700204 4.8708783 4.8717587 4.8726619 4.8735882 4.8745379 4.8755107 4.8765065 4.8775248 4.8785646 4.8796247 4.8807035 4.8817991 4.8829095 4.8840332 4.8851694 4.8863197 4.8874889 4.8886863 4.8899265 4.8912277 4.892608 4.8940762 4.8956187 4.8971843 4.8986764 4.8999634 4.9009116 4.9014246 4.9014666 4.901062 4.9002839 4.8992358
4.8537524 4.8542054 4.8546685 4.8551418 4.8556259 4.8561211 4.8566277 4.8571462 4.8576771 4.8582207 4.8587775 4.8593479 4.8599325 4.8605317 4.8611461 4.8617762 4.8624225 4.8630857 4.8637662 4.8644648 4.8651819 4.8659184 4.8666747 4.8674517 4.8682499 4.8690701 4.869913 4.8707791 4.8716693 4.8725842 4.8735242 4.8744899 4.8754816 4.8764996 4.8775436 4.8786134 4.8797079 4.880826 4.8819656 4.8831242 4.8842988 4.8854865 4.8866854 4.8878961 4.889124 4.8903826 4.8916958 4.8930992 4.8946359 4.896346 4.8982425 4.9002774 4.9023108 4.904118 4.9054582 4.9061668 4.9061958 4.9055952 4.9044867 4.9030386
4.8540744 4.8545352 4.8550063 4.8554881 4.8559811 4.8564855 4.8570019 4.8575306 4.8580721 4.8586269 4.8591955 4.8597783 4.8603758 4.8609887 4.8616175 4.8622627 4.862925 4.8636049 4.8643032 4.8650205 4.8657575 4.8665149 4.8672934 4.8680938 4.868917 4.8697637 4.8706347 4.8715309 4.8724531 4.8734022 4.8743788 4.8753838 4.8764177 4.8774808 4.8785735 4.8796953 4.8808456 4.8820229 4.8832248 4.8844478 4.8856875 4.8869385 4.8881956 4.889456 4.8907229 4.8920112 4.8933543 4.8948103 4.8964632 4.898413 4.9007428 4.9034487 4.9063416 4.9090121 4.9109839 4.9119717 4.911946 4.9110125 4.9093679 4.9072968
4.8543936 4.854862 4.8553412 4.8558314 4.8563331 4.8568467 4.8573726 4.8579114 4.8584635 4.8590293 4.8596095 4.8602045 4.8608149 4.8614413 4.8620842 4.8627444 4.8634224 4.864119 4.8648348 4.8655706 4.8663271 4.8671051 4.8679055 4.8687292 4.8695769 4.8704497 4.8713485 4.8722743 4.8732281 4.8742109 4.8752237 4.8762675 4.8773432 4.8784513 4.8795925 4.8807668 4.8819735 4.8832112 4.8844772 4.8857669 4.8870736 4.8883883 4.8897001 4.8909983 4.8922776 4.893547 4.894844 4.8962506 4.8979068 4.9000146 4.9028155 4.906479 4.9108262 4.9150596 4.9180862 4.9194126 4.9192305 4.9177358 4.9151828 4.9121016
4.85471 4.855186 4.855673 4.8561715 4.8566818 4.8572044 4.8577398 4.8582885 4.8588509 4.8594277 4.8600193 4.8606263 4.8612494 4.861889 4.862546 4.8632209 4.8639145 4.8646274 4.8653605 4.8661145 4.8668902 4.8676886 4.8685105 4.8693569 4.8702288 4.8711272 4.8720533 4.8730081 4.8739927 4.8750086 4.8760568 4.8771386 4.8782552 4.8794076 4.8805968 4.8818231 4.8830865 4.8843856 4.8857176 4.887077 4.8884548 4.8898371 4.8912041 4.8925313 4.8937936 4.8949788 4.8961114 4.8972861 4.8987028 4.9007005 4.903813 4.9087409 4.9157206 4.9231867 4.9280323 4.9294075 4.9288977 4.9265482 4.922316 4.9174949
4.8550236 4.855507 4.8560017 4.8565083 4.857027 4.8575585 4.8581033 4.8586617 4.8592344 4.8598219 4.8604247 4.8610436 4.8616791 4.8623319 4.8630026 4.863692 4.8644009 4.8651299 4.8658799 4.8666518 4.8674465 4.8682648 4.8691078 4.8699765 4.870872 4.8717954 4.8727479 4.8737309 4.8747456 4.8757934 4.8768758 4.8779944 4.8791506 4.8803459 4.8815816 4.8828589 4.8841782 4.8855389 4.8869386 4.8883716 4.8898271 4.8912863 4.8927183 4.8940769 4.8953014 4.8963294 4.8971328 4.8977839 4.8985228 4.8997906 4.9024306 4.9084282 4.9202873 4.9357599 4.9439772 4.9429382 4.9424788 4.9392903 4.9312354 4.9232405
4.8553341 4.8558248 4.8563272 4.8568417 4.8573688 4.857909 4.8584629 4.8590309 4.8596137 4.8602117 4.8608257 4.8614562 4.8621039 4.8627696 4.8634539 4.8641575 4.8648813 4.8656262 4.8663928 4.8671823 4.8679954 4.8688332 4.8696968 4.8705873 4.8715057 4.8724534 4.8734316 4.8744417 4.8754853 4.8765638 4.8776789 4.8788324 4.8800261 4.881262 4.8825419 4.8838677 4.8852407 4.8866616 4.8881292 4.8896393 4.8911813 4.8927334 4.8942543 4.8956715 4.8968688 4.8976862 4.8979608 4.8976546 4.8970347 4.8965725 4.8965936 4.9007121 4.9201907 4.9561973 4.97233 4.9580273 4.9637392 4.9608004 4.9412398 4.9281752
4.8556417 4.8561395 4.8566494 4.8571717 4.857707 4.8582558 4.8588186 4.8593961 4.8599887 4.8605971 4.861222 4.8618639 4.8625237 4.863202 4.8638995 4.8646172 4.8653557 4.866116 4.866899 4.8677056 4.8685368 4.8693937 4.8702773 4.8711888 4.8721295 4.8731006 4.8741035 4.8751397 4.8762108 4.8773183 4.8784642 4.8796503 4.8808788 4.882152 4.8834722 4.8848422 4.8862643 4.887741 4.8892735 4.8908609 4.8924966 4.8941621 4.8958132 4.8973558 4.8986061 4.8992458 4.8988152 4.8969005 4.89378 4.8908151 4.8863634 4.8790223 4.9055369 4.9598681 4.9823875 4.9628381 4.9882541 4.9854225 4.9443343 4.9299089
4.8559462 4.8564511 4.8569682 4.8574982 4.8580416 4.8585988 4.8591704 4.8597571 4.8603594 4.860978 4.8616135 4.8622667 4.8629382 4.8636289 4.8643395 4.8650709 4.8658238 4.8665993 4.8673982 4.8682216 4.8690704 4.8699458 4.8708489 4.8717809 4.872743 4.8737367 4.8747632 4.8758242 4.8769212 4.8780559 4.8792302 4.8804461 4.8817059 4.883012 4.8843671 4.8857746 4.8872379 4.8887613 4.8903492 4.8920059 4.8937338 4.8955276 4.8973589 4.8991391 4.90064 4.9013543 4.9002959 4.8959076 4.8872556 4.8795792 4.8800624 4.8742818 4.8971418 4.9327035 4.9490696 4.9515114 4.9638298 4.9570712 4.9332092 4.928824
4.8562476 4.8567594 4.8572837 4.8578212 4.8583724 4.8589379 4.8595181 4.8601138 4.8607256 4.8613542 4.8620002 4.8626644 4.8633475 4.8640503 4.8647737 4.8655185 4.8662856 4.8670759 4.8678904 4.8687301 4.8695961 4.8704895 4.8714115 4.8723633 4.8733462 4.8743614 4.8754105 4.8764949 4.8776162 4.878776 4.8799761 4.8812185 4.8825053 4.8838388 4.8852218 4.8866576 4.8881501 4.8897047 4.8913284 4.8930313 4.8948276 4.8967364 4.8987747 4.9009204 4.9029999 4.9044294 4.9036863 4.8971304 4.8771879 4.8461306 4.8625999 4.8878707 4.9044012 4.9215798 4.9326735 4.9383532 4.9412394 4.9369055 4.9293678 4.9241459
4.856546 4.8570644 4.8575958 4.8581407 4.8586996 4.8592731 4.8598618 4.8604664 4.8610875 4.8617258 4.8623821 4.863057 4.8637515 4.8644662 4.8652021 4.86596 4.8667409 4.8675457 4.8683755 4.8692312 4.8701139 4.8710249 4.8719652 4.8729362 4.873939 4.8749749 4.8760454 4.8771518 4.8782957 4.8794784 4.8807017 4.881967 4.8832761 4.8846308 4.8860331 4.8874855 4.8889909 4.8905539 4.8921812 4.8938847 4.8956864 4.8976312 4.8998068 4.9023525 4.9053578 4.9085122 4.9104368 4.9069963 4.8853742 4.8343579 4.8578618 4.8949069 4.9103023 4.9202717 4.9274198 4.9320862 4.9342841 4.932563 4.9226994 4.89667
4.8568412 4.8573663 4.8579045 4.8584566 4.859023 4.8596044 4.8602014 4.8608146 4.8614448 4.8620927 4.862759 4.8634446 4.8641501 4.8648765 4.8656247 4.8663955 4.8671899 4.8680089 4.8688536 4.8697249 4.870624 4.8715521 4.8725102 4.8734997 4.8745217 4.8755775 4.8766684 4.8777956 4.8789604 4.880164 4.8814077 4.8826923 4.8840188 4.885388 4.8868003 4.8882559 4.8897548 4.891297 4.8928833 4.894517 4.8962096 4.8980009 4.9000244 4.9026634 4.9066369 4.9124656 4.9197705 4.927777 4.9336003 4.9192779 4.9072334 4.9124565 4.9180363 4.9228082 4.9272411 4.9313845 4.9351776 4.9381058 4.9367606 4.9224657
