Cobbity2/QGIS/Ave14-Ave30.asc
NCOLS 700
NROWS 440
XLLCORNER 150.66
YLLCORNER -34.0281
CELLSIZE 1e-05
NODATA_VALUE -9999
[rows 182 to 207 of 440, columns 0 to 59 of 700]
4.7453 4.7455314 4.7457644 4.745999 4.7462351 4.7464729 4.7467122 4.7469533 4.7471959 4.7474403 4.7476863 4.747934 4.7481835 4.7484347 4.7486877 4.7489425 4.749199 4.7494574 4.7497176 4.7499797 4.7502437 4.7505095 4.7507773 4.751047 4.7513187 4.7515924 4.7518681 4.7521458 4.7524255 4.7527073 4.7529912 4.7532773 4.7535654 4.7538558 4.7541483 4.754443 4.75474 4.7550393 4.7553408 4.7556447 4.7559509 4.7562594 4.7565704 4.7568838 4.7571997 4.757518 4.7578389 4.7581623 4.7584883 4.7588168 4.7591481 4.7594819 4.7598185 4.7601579 4.7605 4.7608448 4.7611926 4.7615432 4.7618967 4.7622531
4.7453943 4.7456263 4.7458599 4.7460951 4.7463318 4.7465702 4.7468102 4.7470519 4.7472952 4.7475403 4.747787 4.7480354 4.7482856 4.7485375 4.7487912 4.7490467 4.7493039 4.7495631 4.749824 4.7500869 4.7503516 4.7506182 4.7508868 4.7511573 4.7514298 4.7517043 4.7519807 4.7522593 4.7525399 4.7528225 4.7531073 4.7533942 4.7536833 4.7539745 4.754268 4.7545636 4.7548616 4.7551618 4.7554643 4.7557691 4.7560763 4.7563859 4.7566979 4.7570123 4.7573292 4.7576487 4.7579706 4.7582951 4.7586222 4.7589519 4.7592843 4.7596193 4.7599571 4.7602977 4.760641 4.7609871 4.7613361 4.761688 4.7620428 4.7624005
4.745487 4.7457196 4.7459538 4.7461896 4.746427 4.746666 4.7469066 4.7471489 4.7473929 4.7476386 4.7478859 4.748135 4.7483859 4.7486385 4.7488929 4.749149 4.749407 4.7496669 4.7499286 4.7501921 4.7504576 4.750725 4.7509943 4.7512656 4.7515389 4.7518141 4.7520914 4.7523708 4.7526522 4.7529357 4.7532213 4.7535091 4.753799 4.7540912 4.7543855 4.7546821 4.7549809 4.7552821 4.7555855 4.7558913 4.7561995 4.7565101 4.7568231 4.7571385 4.7574565 4.7577769 4.7580999 4.7584255 4.7587537 4.7590845 4.759418 4.7597542 4.7600931 4.7604348 4.7607794 4.7611267 4.7614769 4.7618301 4.7621861 4.7625452
4.7455781 4.7458113 4.7460461 4.7462825 4.7465205 4.7467601 4.7470013 4.7472443 4.7474889 4.7477352 4.7479832 4.7482329 4.7484844 4.7487377 4.7489928 4.7492496 4.7495083 4.7497689 4.7500313 4.7502956 4.7505618 4.7508299 4.7510999 4.751372 4.751646 4.7519221 4.7522001 4.7524803 4.7527625 4.7530468 4.7533333 4.7536219 4.7539127 4.7542057 4.7545009 4.7547983 4.7550981 4.7554001 4.7557045 4.7560112 4.7563204 4.7566319 4.7569459 4.7572623 4.7575813 4.7579027 4.7582268 4.7585534 4.7588827 4.7592146 4.7595492 4.7598865 4.7602266 4.7605694 4.7609151 4.7612636 4.7616151 4.7619694 4.7623268 4.7626871
4.7456677 4.7459015 4.7461368 4.7463738 4.7466124 4.7468526 4.7470944 4.747338 4.7475832 4.7478301 4.7480787 4.7483291 4.7485813 4.7488352 4.7490909 4.7493484 4.7496078 4.749869 4.7501321 4.7503971 4.750664 4.7509328 4.7512036 4.7514764 4.7517512 4.752028 4.7523068 4.7525878 4.7528708 4.7531559 4.7534432 4.7537326 4.7540242 4.754318 4.7546141 4.7549124 4.755213 4.755516 4.7558212 4.7561289 4.7564389 4.7567514 4.7570663 4.7573838 4.7577037 4.7580262 4.7583512 4.7586789 4.7590092 4.7593421 4.7596778 4.7600162 4.7603574 4.7607014 4.7610482 4.7613979 4.7617505 4.7621061 4.7624646 4.7628262
4.7457557 4.74599 4.7462259 4.7464635 4.7467026 4.7469434 4.7471858 4.74743 4.7476758 4.7479233 4.7481726 4.7484236 4.7486763 4.7489309 4.7491872 4.7494454 4.7497054 4.7499673 4.7502311 4.7504968 4.7507644 4.7510339 4.7513054 4.7515789 4.7518544 4.7521319 4.7524115 4.7526932 4.752977 4.7532629 4.7535509 4.7538411 4.7541336 4.7544282 4.7547251 4.7550243 4.7553257 4.7556295 4.7559357 4.7562442 4.7565552 4.7568686 4.7571844 4.7575028 4.7578237 4.7581471 4.7584732 4.7588018 4.7591331 4.7594671 4.7598039 4.7601433 4.7604856 4.7608307 4.7611786 4.7615295 4.7618832 4.7622399 4.7625997 4.7629625
4.7458421 4.746077 4.7463135 4.7465515 4.7467912 4.7470326 4.7472756 4.7475203 4.7477667 4.7480148 4.7482646 4.7485162 4.7487696 4.7490248 4.7492818 4.7495406 4.7498012 4.7500638 4.7503282 4.7505945 4.7508628 4.751133 4.7514052 4.7516794 4.7519556 4.7522339 4.7525142 4.7527966 4.7530811 4.7533678 4.7536566 4.7539476 4.7542408 4.7545362 4.7548339 4.7551339 4.7554362 4.7557408 4.7560479 4.7563573 4.7566691 4.7569834 4.7573001 4.7576194 4.7579412 4.7582656 4.7585926 4.7589223 4.7592546 4.7595896 4.7599273 4.7602678 4.7606112 4.7609573 4.7613063 4.7616583 4.7620132 4.762371 4.7627319 4.7630959
4.745927 4.7461624 4.7463994 4.746638 4.7468782 4.7471201 4.7473637 4.7476089 4.7478559 4.7481046 4.748355 4.7486072 4.7488611 4.7491169 4.7493745 4.7496339 4.7498952 4.7501584 4.7504234 4.7506904 4.7509593 4.7512302 4.7515031 4.7517779 4.7520548 4.7523338 4.7526148 4.7528979 4.7531832 4.7534706 4.7537601 4.7540519 4.7543458 4.754642 4.7549405 4.7552413 4.7555444 4.7558499 4.7561577 4.756468 4.7567807 4.7570958 4.7574135 4.7577336 4.7580564 4.7583817 4.7587096 4.7590402 4.7593735 4.7597095 4.7600482 4.7603897 4.7607341 4.7610812 4.7614313 4.7617843 4.7621403 4.7624993 4.7628613 4.7632264
4.7460103 4.7462461 4.7464836 4.7467228 4.7469635 4.7472059 4.74745 4.7476958 4.7479433 4.7481926 4.7484436 4.7486963 4.7489509 4.7492072 4.7494654 4.7497254 4.7499873 4.7502511 4.7505168 4.7507844 4.7510539 4.7513254 4.751599 4.7518745 4.752152 4.7524317 4.7527134 4.7529972 4.7532831 4.7535712 4.7538615 4.754154 4.7544487 4.7547457 4.7550449 4.7553465 4.7556504 4.7559566 4.7562653 4.7565764 4.7568899 4.7572059 4.7575244 4.7578454 4.758169 4.7584952 4.7588241 4.7591556 4.7594898 4.7598267 4.7601664 4.7605089 4.7608543 4.7612025 4.7615536 4.7619077 4.7622647 4.7626248 4.7629879 4.7633541
4.7460919 4.7463283 4.7465663 4.7468059 4.7470472 4.7472901 4.7475348 4.7477811 4.7480291 4.7482789 4.7485304 4.7487837 4.7490388 4.7492957 4.7495545 4.7498151 4.7500776 4.7503419 4.7506082 4.7508764 4.7511466 4.7514187 4.7516929 4.751969 4.7522472 4.7525275 4.7528099 4.7530944 4.753381 4.7536698 4.7539608 4.754254 4.7545494 4.7548471 4.7551471 4.7554494 4.7557541 4.7560611 4.7563705 4.7566824 4.7569967 4.7573135 4.7576328 4.7579547 4.7582792 4.7586063 4.758936 4.7592684 4.7596035 4.7599414 4.760282 4.7606255 4.7609718 4.761321 4.7616731 4.7620282 4.7623863 4.7627474 4.7631116 4.7634789
4.746172 4.7464089 4.7466473 4.7468874 4.7471292 4.7473726 4.7476178 4.7478646 4.7481131 4.7483634 4.7486155 4.7488693 4.749125 4.7493824 4.7496417 4.7499029 4.7501659 4.7504309 4.7506977 4.7509665 4.7512373 4.75151 4.7517848 4.7520616 4.7523404 4.7526213 4.7529043 4.7531895 4.7534768 4.7537662 4.7540579 4.7543518 4.7546479 4.7549463 4.755247 4.75555 4.7558554 4.7561632 4.7564734 4.756786 4.7571011 4.7574188 4.7577389 4.7580616 4.7583869 4.7587148 4.7590454 4.7593787 4.7597147 4.7600534 4.760395 4.7607394 4.7610866 4.7614368 4.7617898 4.7621459 4.762505 4.7628671 4.7632324 4.7636007
4.7462505 4.7464878 4.7467267 4.7469673 4.7472095 4.7474535 4.7476991 4.7479464 4.7481954 4.7484462 4.7486988 4.7489532 4.7492093 4.7494673 4.7497272 4.7499889 4.7502524 4.7505179 4.7507853 4.7510547 4.7513261 4.7515994 4.7518747 4.7521521 4.7524316 4.7527131 4.7529967 4.7532825 4.7535704 4.7538605 4.7541528 4.7544474 4.7547442 4.7550433 4.7553447 4.7556484 4.7559545 4.756263 4.756574 4.7568873 4.7572032 4.7575216 4.7578425 4.758166 4.7584921 4.7588208 4.7591522 4.7594863 4.7598232 4.7601628 4.7605053 4.7608505 4.7611987 4.7615498 4.7619038 4.7622608 4.7626209 4.762984 4.7633502 4.7637196
4.7463273 4.7465651 4.7468045 4.7470455 4.7472882 4.7475326 4.7477787 4.7480265 4.748276 4.7485273 4.7487804 4.7490352 4.7492919 4.7495504 4.7498107 4.7500729 4.7503371 4.7506031 4.750871 4.751141 4.7514129 4.7516868 4.7519627 4.7522406 4.7525207 4.7528028 4.753087 4.7533734 4.7536619 4.7539527 4.7542456 4.7545408 4.7548383 4.755138 4.7554401 4.7557445 4.7560513 4.7563605 4.7566721 4.7569862 4.7573028 4.7576219 4.7579436 4.7582679 4.7585947 4.7589243 4.7592565 4.7595914 4.7599291 4.7602696 4.7606128 4.760959 4.761308 4.76166 4.7620149 4.7623729 4.7627339 4.763098 4.7634652 4.7638356
4.7464026 4.7466408 4.7468806 4.7471221 4.7473652 4.74761 4.7478566 4.7481048 4.7483548 4.7486066 4.7488601 4.7491155 4.7493726 4.7496316 4.7498924 4.7501552 4.7504198 4.7506863 4.7509548 4.7512253 4.7514977 4.7517721 4.7520486 4.7523271 4.7526077 4.7528904 4.7531752 4.7534622 4.7537513 4.7540427 4.7543362 4.754632 4.7549301 4.7552305 4.7555332 4.7558383 4.7561457 4.7564556 4.7567679 4.7570827 4.7574 4.7577199 4.7580423 4.7583673 4.7586949 4.7590252 4.7593582 4.7596939 4.7600323 4.7603736 4.7607177 4.7610647 4.7614146 4.7617674 4.7621233 4.7624821 4.762844 4.763209 4.7635772 4.7639485
4.7464762 4.7467148 4.7469551 4.7471969 4.7474405 4.7476858 4.7479327 4.7481814 4.7484319 4.7486841 4.7489381 4.7491939 4.7494515 4.749711 4.7499723 4.7502355 4.7505006 4.7507677 4.7510367 4.7513076 4.7515806 4.7518555 4.7521325 4.7524116 4.7526927 4.7529759 4.7532613 4.7535489 4.7538386 4.7541305 4.7544246 4.754721 4.7550197 4.7553207 4.7556241 4.7559298 4.7562379 4.7565484 4.7568614 4.7571768 4.7574948 4.7578153 4.7581384 4.7584641 4.7587925 4.7591235 4.7594572 4.7597937 4.7601329 4.760475 4.7608199 4.7611677 4.7615184 4.7618721 4.7622287 4.7625885 4.7629512 4.7633171 4.7636862 4.7640585
4.7465482 4.7467872 4.7470279 4.7472702 4.7475141 4.7477598 4.7480072 4.7482563 4.7485072 4.7487598 4.7490143 4.7492705 4.7495286 4.7497885 4.7500503 4.750314 4.7505796 4.7508471 4.7511165 4.751388 4.7516614 4.7519369 4.7522144 4.752494 4.7527756 4.7530594 4.7533453 4.7536334 4.7539236 4.7542161 4.7545108 4.7548078 4.7551071 4.7554087 4.7557126 4.7560189 4.7563276 4.7566388 4.7569524 4.7572685 4.7575871 4.7579083 4.7582321 4.7585585 4.7588875 4.7592192 4.7595537 4.7598909 4.7602309 4.7605737 4.7609194 4.7612679 4.7616194 4.7619739 4.7623314 4.7626919 4.7630555 4.7634223 4.7637923 4.7641654
4.7466186 4.746858 4.747099 4.7473417 4.7475861 4.7478321 4.7480799 4.7483295 4.7485807 4.7488338 4.7490887 4.7493453 4.7496038 4.7498642 4.7501264 4.7503905 4.7506566 4.7509246 4.7511945 4.7514664 4.7517403 4.7520163 4.7522943 4.7525743 4.7528565 4.7531408 4.7534272 4.7537158 4.7540066 4.7542996 4.7545948 4.7548924 4.7551922 4.7554943 4.7557989 4.7561058 4.7564151 4.7567268 4.757041 4.7573578 4.757677 4.7579988 4.7583232 4.7586503 4.75898 4.7593124 4.7596475 4.7599854 4.7603261 4.7606696 4.7610161 4.7613654 4.7617176 4.7620729 4.7624311 4.7627925 4.7631569 4.7635245 4.7638953 4.7642693
4.7466873 4.7469271 4.7471685 4.7474115 4.7476563 4.7479027 4.7481509 4.7484008 4.7486525 4.748906 4.7491612 4.7494183 4.7496772 4.749938 4.7502007 4.7504652 4.7507317 4.7510001 4.7512705 4.7515428 4.7518172 4.7520936 4.7523721 4.7526526 4.7529353 4.75322 4.7535069 4.753796 4.7540873 4.7543808 4.7546766 4.7549747 4.755275 4.7555777 4.7558828 4.7561902 4.7565001 4.7568124 4.7571272 4.7574446 4.7577644 4.7580868 4.7584119 4.7587395 4.7590699 4.7594029 4.7597387 4.7600773 4.7604187 4.7607629 4.76111 4.76146 4.761813 4.762169 4.762528 4.7628901 4.7632553 4.7636237 4.7639953 4.7643701
4.7467544 4.7469945 4.7472363 4.7474797 4.7477248 4.7479716 4.7482202 4.7484705 4.7487225 4.7489764 4.749232 4.7494895 4.7497488 4.75001 4.750273 4.750538 4.7508049 4.7510737 4.7513445 4.7516173 4.7518921 4.752169 4.7524479 4.7527288 4.7530119 4.7532972 4.7535846 4.7538741 4.7541659 4.7544599 4.7547562 4.7550547 4.7553556 4.7556588 4.7559644 4.7562724 4.7565828 4.7568957 4.757211 4.7575289 4.7578493 4.7581723 4.758498 4.7588262 4.7591572 4.7594909 4.7598273 4.7601665 4.7605085 4.7608534 4.7612012 4.7615519 4.7619056 4.7622622 4.762622 4.7629848 4.7633508 4.7637199 4.7640923 4.7644679
4.7468199 4.7470603 4.7473024 4.7475462 4.7477916 4.7480388 4.7482877 4.7485383 4.7487908 4.749045 4.749301 4.7495588 4.7498185 4.75008 4.7503435 4.7506088 4.7508761 4.7511454 4.7514166 4.7516898 4.751965 4.7522423 4.7525216 4.752803 4.7530865 4.7533722 4.75366 4.7539501 4.7542423 4.7545368 4.7548335 4.7551325 4.7554339 4.7557376 4.7560437 4.7563522 4.7566631 4.7569765 4.7572924 4.7576108 4.7579318 4.7582553 4.7585815 4.7589104 4.7592419 4.7595762 4.7599132 4.760253 4.7605956 4.7609411 4.7612896 4.7616409 4.7619953 4.7623526 4.7627131 4.7630766 4.7634433 4.7638131 4.7641862 4.7645626
4.7468837 4.7471244 4.7473669 4.7476109 4.7478567 4.7481042 4.7483535 4.7486044 4.7488572 4.7491117 4.7493681 4.7496263 4.7498863 4.7501483 4.7504121 4.7506778 4.7509454 4.7512151 4.7514866 4.7517602 4.7520359 4.7523135 4.7525933 4.7528751 4.753159 4.7534451 4.7537334 4.7540238 4.7543165 4.7546114 4.7549086 4.7552081 4.7555099 4.7558141 4.7561206 4.7564296 4.756741 4.7570549 4.7573713 4.7576902 4.7580117 4.7583358 4.7586625 4.7589919 4.759324 4.7596588 4.7599964 4.7603368 4.76068 4.7610261 4.7613751 4.7617271 4.7620821 4.7624401 4.7628012 4.7631654 4.7635327 4.7639033 4.7642771 4.7646542
4.7469459 4.7471869 4.7474296 4.747674 4.7479201 4.7481679 4.7484175 4.7486688 4.7489219 4.7491767 4.7494334 4.749692 4.7499523 4.7502146 4.7504788 4.7507448 4.7510128 4.7512828 4.7515548 4.7518287 4.7521047 4.7523827 4.7526629 4.7529451 4.7532294 4.7535159 4.7538046 4.7540954 4.7543885 4.7546838 4.7549814 4.7552814 4.7555836 4.7558882 4.7561952 4.7565047 4.7568165 4.7571309 4.7574478 4.7577672 4.7580891 4.7584137 4.758741 4.7590709 4.7594035 4.7597388 4.7600769 4.7604179 4.7607617 4.7611083 4.7614579 4.7618105 4.7621661 4.7625247 4.7628864 4.7632512 4.7636192 4.7639904 4.7643649 4.7647426
4.7470064 4.7472477 4.7474907 4.7477354 4.7479818 4.7482299 4.7484797 4.7487313 4.7489847 4.7492399 4.7494969 4.7497558 4.7500165 4.7502791 4.7505435 4.7508099 4.7510783 4.7513486 4.7516209 4.7518952 4.7521715 4.7524499 4.7527304 4.753013 4.7532977 4.7535845 4.7538736 4.7541648 4.7544583 4.754754 4.755052 4.7553524 4.755655 4.7559601 4.7562675 4.7565773 4.7568896 4.7572044 4.7575218 4.7578416 4.7581641 4.7584891 4.7588168 4.7591472 4.7594803 4.7598161 4.7601548 4.7604962 4.7608405 4.7611878 4.7615379 4.761891 4.7622471 4.7626063 4.7629686 4.763334 4.7637026 4.7640744 4.7644495 4.7648279
4.7470652 4.7473068 4.7475501 4.7477951 4.7480417 4.7482901 4.7485402 4.7487921 4.7490458 4.7493013 4.7495586 4.7498177 4.7500787 4.7503416 4.7506064 4.7508731 4.7511418 4.7514124 4.751685 4.7519597 4.7522363 4.7525151 4.7527959 4.7530788 4.7533638 4.753651 4.7539404 4.754232 4.7545259 4.754822 4.7551204 4.7554211 4.7557241 4.7560295 4.7563374 4.7566476 4.7569603 4.7572756 4.7575933 4.7579136 4.7582365 4.758562 4.7588901 4.7592209 4.7595545 4.7598908 4.7602299 4.7605719 4.7609167 4.7612644 4.761615 4.7619687 4.7623253 4.7626851 4.7630479 4.7634139 4.763783 4.7641554 4.7645311 4.7649101
4.7471224 4.7473643 4.7476078 4.747853 4.7480999 4.7483486 4.748599 4.7488511 4.7491051 4.7493608 4.7496184 4.7498778 4.7501391 4.7504023 4.7506674 4.7509344 4.7512033 4.7514743 4.7517472 4.7520221 4.7522991 4.7525781 4.7528593 4.7531425 4.7534279 4.7537154 4.7540051 4.7542971 4.7545913 4.7548877 4.7551864 4.7554875 4.7557909 4.7560967 4.7564049 4.7567155 4.7570286 4.7573442 4.7576623 4.757983 4.7583063 4.7586322 4.7589608 4.7592921 4.759626 4.7599628 4.7603024 4.7606448 4.76099 4.7613382 4.7616893 4.7620435 4.7624006 4.7627608 4.7631242 4.7634907 4.7638604 4.7642333 4.7646095 4.7649891
4.747178 4.74742 4.7476638 4.7479093 4.7481564 4.7484053 4.748656 4.7489084 4.7491626 4.7494186 4.7496764 4.7499361 4.7501976 4.7504611 4.7507264 4.7509937 4.7512629 4.7515341 4.7518073 4.7520825 4.7523598 4.7526391 4.7529206 4.7532041 4.7534898 4.7537776 4.7540677 4.7543599 4.7546544 4.7549512 4.7552502 4.7555516 4.7558554 4.7561615 4.75647 4.756781 4.7570945 4.7574104 4.7577289 4.75805 4.7583736 4.7586999 4.7590289 4.7593605 4.7596949 4.7600321 4.7603721 4.7607149 4.7610606 4.7614092 4.7617608 4.7621153 4.762473 4.7628337 4.7631975 4.7635645 4.7639347 4.7643081 4.7646849 4.7650649
