Cobbity2/QGIS/Ave14+Ave30.asc
NCOLS 800
NROWS 439
XLLCORNER 150.66
YLLCORNER -34.0271
CELLSIZE 1e-05
NODATA_VALUE -9999
[rows 260 to 285 of 439, columns 660 to 719 of 800]
4.8383789 4.8383253 4.838272 4.838219 4.8381662 4.8381137 4.8380615 4.8380095 4.8379578 4.8379063 4.8378551 4.8378042 4.8377535 4.837703 4.8376528 4.8376029 4.8375532 4.8375037 4.8374545 4.8374055 4.8373568 4.8373083 4.83726 4.837212 4.8371641 4.8371166 4.8370692 4.8370221 4.8369752 4.8369285 4.836882 4.8368358 4.8367898 4.836744 4.8366984 4.836653 4.8366078 4.8365629 4.8365181 4.8364736 4.8364293 4.8363851 4.8363412 4.8362975 4.836254 4.8362106 4.8361675 4.8361246 4.8360818 4.8360393 4.835997 4.8359548 4.8359128 4.835871 4.8358295 4.835788 4.8357468 4.8357058 4.8356649 4.8356243
4.8383721 4.8383186 4.8382653 4.8382123 4.8381596 4.8381071 4.8380549 4.838003 4.8379513 4.8378999 4.8378487 4.8377978 4.8377471 4.8376967 4.8376466 4.8375966 4.837547 4.8374975 4.8374483 4.8373994 4.8373507 4.8373022 4.837254 4.837206 4.8371582 4.8371106 4.8370633 4.8370162 4.8369693 4.8369227 4.8368762 4.83683 4.836784 4.8367383 4.8366927 4.8366473 4.8366022 4.8365573 4.8365126 4.8364681 4.8364237 4.8363796 4.8363357 4.836292 4.8362486 4.8362053 4.8361622 4.8361192 4.8360765 4.836034 4.8359917 4.8359496 4.8359076 4.8358659 4.8358243 4.8357829 4.8357417 4.8357007 4.8356599 4.8356192
4.8383651 4.8383116 4.8382584 4.8382054 4.8381527 4.8381003 4.8380481 4.8379962 4.8379446 4.8378932 4.8378421 4.8377912 4.8377406 4.8376902 4.83764 4.8375902 4.8375405 4.8374911 4.837442 4.8373931 4.8373444 4.8372959 4.8372477 4.8371997 4.837152 4.8371045 4.8370572 4.8370101 4.8369633 4.8369167 4.8368703 4.8368241 4.8367781 4.8367324 4.8366868 4.8366415 4.8365964 4.8365515 4.8365068 4.8364623 4.836418 4.836374 4.8363301 4.8362864 4.836243 4.8361997 4.8361566 4.8361137 4.8360711 4.8360286 4.8359863 4.8359442 4.8359022 4.8358605 4.835819 4.8357776 4.8357364 4.8356954 4.8356546 4.835614
4.8383578 4.8383043 4.8382512 4.8381982 4.8381456 4.8380932 4.8380411 4.8379892 4.8379376 4.8378863 4.8378352 4.8377843 4.8377337 4.8376834 4.8376333 4.8375835 4.8375339 4.8374845 4.8374354 4.8373865 4.8373379 4.8372894 4.8372413 4.8371933 4.8371456 4.8370981 4.8370509 4.8370038 4.836957 4.8369104 4.8368641 4.8368179 4.836772 4.8367263 4.8366808 4.8366355 4.8365904 4.8365455 4.8365009 4.8364564 4.8364122 4.8363681 4.8363243 4.8362806 4.8362372 4.8361939 4.8361509 4.836108 4.8360654 4.8360229 4.8359806 4.8359386 4.8358967 4.835855 4.8358135 4.8357721 4.835731 4.83569 4.8356492 4.8356086
4.8383503 4.8382969 4.8382437 4.8381908 4.8381382 4.8380859 4.8380338 4.837982 4.8379304 4.8378791 4.837828 4.8377772 4.8377267 4.8376764 4.8376263 4.8375765 4.837527 4.8374776 4.8374286 4.8373797 4.8373311 4.8372827 4.8372346 4.8371867 4.837139 4.8370916 4.8370443 4.8369973 4.8369506 4.836904 4.8368577 4.8368115 4.8367656 4.83672 4.8366745 4.8366292 4.8365842 4.8365393 4.8364947 4.8364503 4.8364061 4.8363621 4.8363182 4.8362746 4.8362312 4.836188 4.836145 4.8361022 4.8360595 4.8360171 4.8359749 4.8359328 4.8358909 4.8358493 4.8358078 4.8357665 4.8357254 4.8356844 4.8356437 4.8356031
4.8383425 4.8382891 4.838236 4.8381832 4.8381306 4.8380783 4.8380263 4.8379745 4.837923 4.8378717 4.8378207 4.8377699 4.8377194 4.8376692 4.8376192 4.8375694 4.8375199 4.8374706 4.8374215 4.8373727 4.8373242 4.8372758 4.8372277 4.8371798 4.8371322 4.8370848 4.8370376 4.8369906 4.8369439 4.8368974 4.8368511 4.836805 4.8367591 4.8367135 4.836668 4.8366228 4.8365778 4.836533 4.8364884 4.836444 4.8363998 4.8363558 4.836312 4.8362685 4.8362251 4.8361819 4.8361389 4.8360961 4.8360535 4.8360111 4.8359689 4.8359269 4.835885 4.8358434 4.8358019 4.8357607 4.8357196 4.8356786 4.8356379 4.8355974
4.8383345 4.8382811 4.8382281 4.8381753 4.8381228 4.8380705 4.8380185 4.8379668 4.8379153 4.8378641 4.8378131 4.8377624 4.8377119 4.8376617 4.8376117 4.837562 4.8375125 4.8374633 4.8374143 4.8373655 4.837317 4.8372687 4.8372206 4.8371728 4.8371252 4.8370778 4.8370306 4.8369837 4.836937 4.8368905 4.8368443 4.8367982 4.8367524 4.8367068 4.8366614 4.8366162 4.8365712 4.8365264 4.8364819 4.8364375 4.8363934 4.8363494 4.8363057 4.8362621 4.8362188 4.8361756 4.8361326 4.8360899 4.8360473 4.8360049 4.8359628 4.8359208 4.835879 4.8358373 4.8357959 4.8357547 4.8357136 4.8356727 4.835632 4.8355915
4.8383262 4.8382729 4.8382199 4.8381672 4.8381147 4.8380625 4.8380105 4.8379588 4.8379074 4.8378562 4.8378053 4.8377546 4.8377042 4.837654 4.8376041 4.8375544 4.837505 4.8374558 4.8374068 4.8373581 4.8373096 4.8372613 4.8372133 4.8371655 4.837118 4.8370706 4.8370235 4.8369766 4.8369299 4.8368835 4.8368373 4.8367913 4.8367455 4.8366999 4.8366545 4.8366094 4.8365644 4.8365197 4.8364752 4.8364308 4.8363867 4.8363428 4.8362991 4.8362556 4.8362122 4.8361691 4.8361262 4.8360835 4.8360409 4.8359986 4.8359564 4.8359145 4.8358727 4.8358311 4.8357897 4.8357485 4.8357075 4.8356666 4.8356259 4.8355855
4.8383177 4.8382644 4.8382115 4.8381588 4.8381064 4.8380542 4.8380023 4.8379507 4.8378993 4.8378481 4.8377973 4.8377466 4.8376963 4.8376461 4.8375962 4.8375466 4.8374972 4.837448 4.8373991 4.8373504 4.837302 4.8372538 4.8372058 4.837158 4.8371105 4.8370632 4.8370161 4.8369693 4.8369227 4.8368763 4.8368301 4.8367841 4.8367383 4.8366928 4.8366475 4.8366024 4.8365574 4.8365127 4.8364683 4.836424 4.8363799 4.836336 4.8362923 4.8362488 4.8362056 4.8361625 4.8361196 4.8360769 4.8360344 4.8359921 4.83595 4.835908 4.8358663 4.8358247 4.8357834 4.8357422 4.8357012 4.8356603 4.8356197 4.8355792
4.8383089 4.8382557 4.8382028 4.8381502 4.8380978 4.8380457 4.8379938 4.8379423 4.8378909 4.8378398 4.837789 4.8377384 4.8376881 4.837638 4.8375882 4.8375386 4.8374892 4.8374401 4.8373912 4.8373426 4.8372942 4.837246 4.8371981 4.8371504 4.8371029 4.8370556 4.8370086 4.8369618 4.8369152 4.8368688 4.8368227 4.8367767 4.836731 4.8366855 4.8366402 4.8365951 4.8365503 4.8365056 4.8364612 4.8364169 4.8363729 4.836329 4.8362854 4.8362419 4.8361987 4.8361556 4.8361128 4.8360701 4.8360277 4.8359854 4.8359433 4.8359014 4.8358597 4.8358182 4.8357768 4.8357357 4.8356947 4.8356539 4.8356133 4.8355729
4.8382999 4.8382468 4.8381939 4.8381413 4.838089 4.838037 4.8379852 4.8379336 4.8378823 4.8378313 4.8377805 4.83773 4.8376797 4.8376297 4.8375799 4.8375303 4.837481 4.8374319 4.8373831 4.8373345 4.8372862 4.837238 4.8371901 4.8371425 4.837095 4.8370478 4.8370008 4.8369541 4.8369075 4.8368612 4.8368151 4.8367692 4.8367235 4.836678 4.8366328 4.8365878 4.8365429 4.8364983 4.8364539 4.8364097 4.8363657 4.8363219 4.8362782 4.8362348 4.8361916 4.8361486 4.8361058 4.8360632 4.8360207 4.8359785 4.8359365 4.8358946 4.8358529 4.8358114 4.8357701 4.835729 4.8356881 4.8356473 4.8356067 4.8355663
4.8382906 4.8382376 4.8381848 4.8381322 4.83808 4.838028 4.8379762 4.8379247 4.8378735 4.8378225 4.8377718 4.8377213 4.8376711 4.8376211 4.8375713 4.8375218 4.8374726 4.8374236 4.8373748 4.8373262 4.8372779 4.8372298 4.837182 4.8371344 4.837087 4.8370398 4.8369929 4.8369461 4.8368996 4.8368533 4.8368073 4.8367614 4.8367158 4.8366704 4.8366252 4.8365802 4.8365354 4.8364908 4.8364464 4.8364022 4.8363583 4.8363145 4.8362709 4.8362276 4.8361844 4.8361414 4.8360986 4.8360561 4.8360137 4.8359715 4.8359294 4.8358876 4.835846 4.8358045 4.8357633 4.8357222 4.8356813 4.8356405 4.8356 4.8355596
4.8382811 4.8382281 4.8381754 4.8381229 4.8380707 4.8380187 4.8379671 4.8379156 4.8378644 4.8378135 4.8377628 4.8377124 4.8376622 4.8376123 4.8375626 4.8375131 4.8374639 4.837415 4.8373662 4.8373177 4.8372695 4.8372214 4.8371736 4.837126 4.8370787 4.8370316 4.8369847 4.836938 4.8368915 4.8368453 4.8367993 4.8367535 4.8367079 4.8366625 4.8366173 4.8365724 4.8365276 4.8364831 4.8364388 4.8363946 4.8363507 4.836307 4.8362634 4.8362201 4.836177 4.836134 4.8360913 4.8360488 4.8360064 4.8359642 4.8359223 4.8358805 4.8358389 4.8357974 4.8357562 4.8357152 4.8356743 4.8356336 4.8355931 4.8355528
4.8382714 4.8382184 4.8381658 4.8381133 4.8380612 4.8380093 4.8379576 4.8379063 4.8378551 4.8378043 4.8377536 4.8377033 4.8376531 4.8376033 4.8375536 4.8375042 4.8374551 4.8374061 4.8373575 4.837309 4.8372608 4.8372128 4.8371651 4.8371175 4.8370702 4.8370232 4.8369763 4.8369297 4.8368833 4.8368371 4.8367911 4.8367453 4.8366998 4.8366545 4.8366093 4.8365644 4.8365197 4.8364752 4.8364309 4.8363868 4.8363429 4.8362993 4.8362558 4.8362125 4.8361694 4.8361265 4.8360838 4.8360413 4.835999 4.8359568 4.8359149 4.8358731 4.8358316 4.8357902 4.835749 4.835708 4.8356672 4.8356265 4.835586 4.8355457
4.8382614 4.8382085 4.8381559 4.8381035 4.8380514 4.8379996 4.837948 4.8378967 4.8378456 4.8377948 4.8377442 4.8376939 4.8376438 4.837594 4.8375444 4.8374951 4.837446 4.8373971 4.8373485 4.8373001 4.8372519 4.837204 4.8371563 4.8371088 4.8370616 4.8370145 4.8369677 4.8369211 4.8368748 4.8368286 4.8367827 4.836737 4.8366915 4.8366462 4.8366011 4.8365563 4.8365116 4.8364671 4.8364229 4.8363788 4.836335 4.8362914 4.8362479 4.8362047 4.8361616 4.8361188 4.8360761 4.8360336 4.8359913 4.8359493 4.8359074 4.8358656 4.8358241 4.8357828 4.8357416 4.8357006 4.8356599 4.8356192 4.8355788 4.8355385
4.8382512 4.8381983 4.8381458 4.8380935 4.8380414 4.8379897 4.8379381 4.8378869 4.8378359 4.8377851 4.8377346 4.8376843 4.8376343 4.8375846 4.837535 4.8374857 4.8374367 4.8373879 4.8373393 4.8372909 4.8372428 4.837195 4.8371473 4.8370999 4.8370527 4.8370057 4.8369589 4.8369124 4.8368661 4.83682 4.8367741 4.8367284 4.836683 4.8366378 4.8365927 4.8365479 4.8365033 4.8364589 4.8364147 4.8363707 4.8363269 4.8362833 4.8362399 4.8361967 4.8361537 4.8361108 4.8360682 4.8360258 4.8359836 4.8359415 4.8358997 4.835858 4.8358165 4.8357752 4.8357341 4.8356931 4.8356524 4.8356118 4.8355714 4.8355312
4.8382407 4.8381879 4.8381354 4.8380832 4.8380312 4.8379795 4.837928 4.8378768 4.8378259 4.8377752 4.8377247 4.8376745 4.8376246 4.8375749 4.8375254 4.8374762 4.8374272 4.8373784 4.8373299 4.8372816 4.8372335 4.8371857 4.8371381 4.8370907 4.8370436 4.8369967 4.83695 4.8369035 4.8368572 4.8368112 4.8367653 4.8367197 4.8366743 4.8366291 4.8365841 4.8365394 4.8364948 4.8364504 4.8364063 4.8363623 4.8363186 4.836275 4.8362316 4.8361885 4.8361455 4.8361027 4.8360602 4.8360178 4.8359756 4.8359336 4.8358918 4.8358501 4.8358087 4.8357674 4.8357264 4.8356855 4.8356447 4.8356042 4.8355639 4.8355237
4.83823 4.8381773 4.8381248 4.8380727 4.8380208 4.8379691 4.8379177 4.8378666 4.8378157 4.837765 4.8377147 4.8376645 4.8376146 4.837565 4.8375155 4.8374664 4.8374174 4.8373687 4.8373203 4.837272 4.837224 4.8371763 4.8371287 4.8370814 4.8370343 4.8369874 4.8369408 4.8368943 4.8368481 4.8368021 4.8367564 4.8367108 4.8366654 4.8366203 4.8365754 4.8365306 4.8364861 4.8364418 4.8363977 4.8363538 4.8363101 4.8362665 4.8362232 4.8361801 4.8361372 4.8360945 4.8360519 4.8360096 4.8359675 4.8359255 4.8358837 4.8358421 4.8358007 4.8357595 4.8357185 4.8356776 4.8356369 4.8355964 4.8355561 4.835516
4.838219 4.8381664 4.838114 4.8380619 4.8380101 4.8379585 4.8379072 4.8378561 4.8378053 4.8377547 4.8377043 4.8376543 4.8376044 4.8375548 4.8375055 4.8374564 4.8374075 4.8373588 4.8373104 4.8372623 4.8372143 4.8371666 4.8371191 4.8370718 4.8370248 4.836978 4.8369314 4.836885 4.8368388 4.8367929 4.8367472 4.8367017 4.8366564 4.8366113 4.8365664 4.8365217 4.8364772 4.836433 4.8363889 4.836345 4.8363014 4.8362579 4.8362147 4.8361716 4.8361287 4.836086 4.8360435 4.8360012 4.8359591 4.8359172 4.8358755 4.835834 4.8357926 4.8357514 4.8357104 4.8356696 4.835629 4.8355885 4.8355482 4.8355081
4.8382078 4.8381553 4.838103 4.8380509 4.8379991 4.8379476 4.8378964 4.8378454 4.8377946 4.8377441 4.8376938 4.8376438 4.837594 4.8375445 4.8374952 4.8374461 4.8373973 4.8373487 4.8373004 4.8372523 4.8372044 4.8371567 4.8371093 4.8370621 4.8370151 4.8369683 4.8369218 4.8368755 4.8368294 4.8367835 4.8367378 4.8366923 4.8366471 4.836602 4.8365572 4.8365126 4.8364682 4.836424 4.8363799 4.8363361 4.8362925 4.8362491 4.8362059 4.8361629 4.83612 4.8360774 4.836035 4.8359927 4.8359507 4.8359088 4.8358671 4.8358256 4.8357843 4.8357432 4.8357022 4.8356614 4.8356208 4.8355804 4.8355402 4.8355001
4.8381964 4.8381439 4.8380917 4.8380397 4.837988 4.8379365 4.8378853 4.8378344 4.8377837 4.8377333 4.8376831 4.8376331 4.8375834 4.8375339 4.8374847 4.8374357 4.8373869 4.8373384 4.8372901 4.8372421 4.8371942 4.8371466 4.8370993 4.8370521 4.8370052 4.8369585 4.836912 4.8368657 4.8368197 4.8367739 4.8367282 4.8366828 4.8366376 4.8365926 4.8365479 4.8365033 4.8364589 4.8364148 4.8363708 4.836327 4.8362835 4.8362401 4.8361969 4.836154 4.8361112 4.8360686 4.8360262 4.835984 4.835942 4.8359002 4.8358585 4.8358171 4.8357758 4.8357347 4.8356938 4.8356531 4.8356125 4.8355722 4.835532 4.835492
4.8381847 4.8381323 4.8380801 4.8380282 4.8379766 4.8379252 4.8378741 4.8378232 4.8377726 4.8377222 4.8376721 4.8376222 4.8375725 4.8375231 4.837474 4.837425 4.8373764 4.8373279 4.8372797 4.8372317 4.8371839 4.8371364 4.837089 4.837042 4.8369951 4.8369484 4.836902 4.8368558 4.8368098 4.836764 4.8367185 4.8366731 4.836628 4.836583 4.8365383 4.8364938 4.8364495 4.8364054 4.8363615 4.8363177 4.8362742 4.8362309 4.8361878 4.8361449 4.8361022 4.8360596 4.8360173 4.8359751 4.8359332 4.8358914 4.8358498 4.8358084 4.8357672 4.8357261 4.8356853 4.8356446 4.8356041 4.8355638 4.8355236 4.8354836
4.8381728 4.8381204 4.8380684 4.8380165 4.837965 4.8379137 4.8378626 4.8378118 4.8377612 4.8377109 4.8376609 4.8376111 4.8375615 4.8375121 4.837463 4.8374142 4.8373655 4.8373172 4.837269 4.8372211 4.8371734 4.8371259 4.8370786 4.8370316 4.8369848 4.8369382 4.8368918 4.8368457 4.8367997 4.836754 4.8367085 4.8366632 4.8366181 4.8365733 4.8365286 4.8364841 4.8364399 4.8363958 4.8363519 4.8363083 4.8362648 4.8362216 4.8361785 4.8361356 4.836093 4.8360505 4.8360082 4.8359661 4.8359242 4.8358824 4.8358409 4.8357995 4.8357584 4.8357174 4.8356765 4.8356359 4.8355955 4.8355552 4.8355151 4.8354752
4.8381606 4.8381084 4.8380564 4.8380046 4.8379531 4.8379019 4.8378509 4.8378002 4.8377497 4.8376994 4.8376495 4.8375997 4.8375502 4.8375009 4.8374519 4.8374031 4.8373545 4.8373062 4.8372581 4.8372102 4.8371626 4.8371152 4.837068 4.837021 4.8369743 4.8369278 4.8368814 4.8368354 4.8367895 4.8367438 4.8366984 4.8366531 4.8366081 4.8365633 4.8365187 4.8364743 4.83643 4.836386 4.8363422 4.8362986 4.8362552 4.836212 4.836169 4.8361262 4.8360836 4.8360411 4.8359989 4.8359568 4.835915 4.8358733 4.8358318 4.8357905 4.8357494 4.8357084 4.8356677 4.8356271 4.8355867 4.8355464 4.8355064 4.8354665
4.8381482 4.838096 4.8380441 4.8379925 4.837941 4.8378899 4.837839 4.8377883 4.8377379 4.8376877 4.8376378 4.8375881 4.8375387 4.8374895 4.8374405 4.8373918 4.8373433 4.837295 4.837247 4.8371992 4.8371516 4.8371043 4.8370572 4.8370102 4.8369636 4.8369171 4.8368709 4.8368248 4.836779 4.8367334 4.836688 4.8366428 4.8365979 4.8365531 4.8365086 4.8364642 4.8364201 4.8363761 4.8363324 4.8362888 4.8362455 4.8362023 4.8361594 4.8361166 4.836074 4.8360316 4.8359894 4.8359474 4.8359056 4.835864 4.8358226 4.8357813 4.8357402 4.8356993 4.8356586 4.8356181 4.8355777 4.8355375 4.8354975 4.8354577
4.8381356 4.8380835 4.8380317 4.8379801 4.8379287 4.8378776 4.8378268 4.8377762 4.8377259 4.8376758 4.8376259 4.8375763 4.837527 4.8374778 4.8374289 4.8373803 4.8373319 4.8372837 4.8372357 4.837188 4.8371405 4.8370932 4.8370461 4.8369993 4.8369527 4.8369063 4.8368601 4.8368141 4.8367684 4.8367228 4.8366775 4.8366324 4.8365875 4.8365428 4.8364983 4.836454 4.8364099 4.836366 4.8363223 4.8362788 4.8362355 4.8361924 4.8361495 4.8361068 4.8360643 4.836022 4.8359798 4.8359379 4.8358961 4.8358545 4.8358131 4.8357719 4.8357309 4.8356901 4.8356494 4.8356089 4.8355686 4.8355285 4.8354885 4.8354487
