Cobbity2/QGIS/Ave14+Ave30.asc
NCOLS 800
NROWS 439
XLLCORNER 150.66
YLLCORNER -34.0271
CELLSIZE 1e-05
NODATA_VALUE -9999
[rows 364 to 389 of 439, columns 60 to 119 of 800]
4.7794018 4.7792338 4.7790642 4.7788931 4.7787203 4.7785459 4.7783699 4.7781923 4.7780129 4.7778319 4.777649 4.7774644 4.7772781 4.7770898 4.7768998 4.7767078 4.7765139 4.7763181 4.7761203 4.7759204 4.7757185 4.7755145 4.7753084 4.7751002 4.7748897 4.774677 4.774462 4.7742447 4.774025 4.773803 4.7735785 4.7733514 4.7731219 4.7728898 4.772655 4.7724175 4.7721773 4.7719343 4.7716885 4.7714397 4.771188 4.7709333 4.7706754 4.7704144 4.7701503 4.7698828 4.7696119 4.7693377 4.7690599 4.7687786 4.7684936 4.7682049 4.7679124 4.7676159 4.7673155 4.7670109 4.7667022 4.7663892 4.7660718 4.76575
4.779471 4.7793038 4.7791351 4.7789649 4.7787931 4.7786197 4.7784447 4.778268 4.7780896 4.7779096 4.7777278 4.7775443 4.777359 4.7771719 4.7769829 4.7767921 4.7765994 4.7764047 4.7762081 4.7760095 4.7758089 4.7756062 4.7754014 4.7751944 4.7749853 4.774774 4.7745604 4.7743446 4.7741264 4.7739058 4.7736828 4.7734574 4.7732294 4.7729989 4.7727658 4.77253 4.7722915 4.7720503 4.7718062 4.7715593 4.7713095 4.7710567 4.7708008 4.7705419 4.7702797 4.7700144 4.7697457 4.7694737 4.7691982 4.7689192 4.7686365 4.7683503 4.7680602 4.7677663 4.7674685 4.7671667 4.7668607 4.7665506 4.7662361 4.7659173
4.7795414 4.7793752 4.7792075 4.7790382 4.7788673 4.7786949 4.7785209 4.7783452 4.7781679 4.7779889 4.7778082 4.7776258 4.7774416 4.7772556 4.7770678 4.7768782 4.7766866 4.7764932 4.7762978 4.7761005 4.7759011 4.7756997 4.7754963 4.7752907 4.775083 4.774873 4.7746609 4.7744465 4.7742298 4.7740108 4.7737894 4.7735655 4.7733392 4.7731103 4.7728789 4.7726449 4.7724082 4.7721688 4.7719266 4.7716816 4.7714337 4.7711828 4.770929 4.7706721 4.7704121 4.7701489 4.7698825 4.7696127 4.7693395 4.7690629 4.7687827 4.768499 4.7682115 4.7679203 4.7676252 4.7673261 4.767023 4.7667158 4.7664043 4.7660885
4.7796133 4.779448 4.7792812 4.7791129 4.7789431 4.7787716 4.7785986 4.778424 4.7782477 4.7780698 4.7778902 4.7777089 4.7775258 4.777341 4.7771544 4.7769659 4.7767756 4.7765834 4.7763893 4.7761932 4.7759952 4.7757952 4.7755931 4.7753889 4.7751826 4.7749741 4.7747635 4.7745506 4.7743354 4.7741179 4.7738981 4.7736759 4.7734512 4.7732241 4.7729944 4.7727622 4.7725273 4.7722897 4.7720494 4.7718064 4.7715605 4.7713117 4.7710599 4.7708051 4.7705473 4.7702863 4.7700222 4.7697547 4.769484 4.7692098 4.7689322 4.768651 4.7683661 4.7680776 4.7677853 4.7674891 4.7671889 4.7668847 4.7665763 4.7662637
4.7796866 4.7795222 4.7793564 4.7791891 4.7790202 4.7788498 4.7786778 4.7785043 4.7783291 4.7781523 4.7779738 4.7777936 4.7776117 4.777428 4.7772426 4.7770554 4.7768663 4.7766754 4.7764826 4.7762878 4.7760911 4.7758924 4.7756917 4.775489 4.7752841 4.7750772 4.774868 4.7746567 4.7744431 4.7742272 4.774009 4.7737885 4.7735656 4.7733402 4.7731123 4.7728818 4.7726488 4.7724132 4.7721748 4.7719337 4.7716899 4.7714431 4.7711935 4.7709409 4.7706853 4.7704266 4.7701648 4.7698998 4.7696315 4.7693598 4.7690847 4.7688062 4.7685241 4.7682383 4.7679489 4.7676556 4.7673584 4.7670573 4.7667521 4.7664428
4.7797611 4.7795978 4.7794329 4.7792666 4.7790988 4.7789294 4.7787585 4.778586 4.7784119 4.7782362 4.7780589 4.7778799 4.7776991 4.7775167 4.7773325 4.7771465 4.7769587 4.7767691 4.7765776 4.7763842 4.7761889 4.7759916 4.7757923 4.775591 4.7753876 4.7751822 4.7749746 4.7747648 4.7745528 4.7743386 4.7741221 4.7739033 4.7736821 4.7734584 4.7732324 4.7730038 4.7727727 4.772539 4.7723026 4.7720636 4.7718218 4.7715772 4.7713298 4.7710794 4.7708261 4.7705697 4.7703103 4.7700477 4.7697819 4.7695128 4.7692404 4.7689646 4.7686852 4.7684023 4.7681158 4.7678255 4.7675315 4.7672335 4.7669316 4.7666256
4.779837 4.7796747 4.7795108 4.7793455 4.7791788 4.7790105 4.7788406 4.7786692 4.7784963 4.7783217 4.7781455 4.7779677 4.7777882 4.7776069 4.777424 4.7772393 4.7770528 4.7768645 4.7766743 4.7764823 4.7762884 4.7760925 4.7758947 4.7756949 4.775493 4.7752891 4.7750831 4.7748749 4.7746646 4.774452 4.7742372 4.7740202 4.7738007 4.773579 4.7733547 4.7731281 4.7728989 4.7726672 4.7724329 4.7721959 4.7719562 4.7717138 4.7714686 4.7712205 4.7709695 4.7707156 4.7704586 4.7701985 4.7699353 4.7696689 4.7693991 4.7691261 4.7688496 4.7685696 4.7682861 4.7679989 4.767708 4.7674133 4.7671147 4.7668121
4.7799143 4.7797529 4.7795901 4.7794258 4.7792601 4.7790929 4.7789242 4.7787539 4.7785821 4.7784087 4.7782337 4.778057 4.7778788 4.7776988 4.7775171 4.7773337 4.7771485 4.7769616 4.7767728 4.7765822 4.7763897 4.7761952 4.7759989 4.7758006 4.7756003 4.7753979 4.7751935 4.774987 4.7747784 4.7745675 4.7743545 4.7741392 4.7739216 4.7737016 4.7734793 4.7732546 4.7730274 4.7727977 4.7725655 4.7723306 4.7720931 4.771853 4.77161 4.7713643 4.7711157 4.7708642 4.7706097 4.7703522 4.7700916 4.7698278 4.7695609 4.7692906 4.769017 4.76874 4.7684596 4.7681755 4.7678878 4.7675965 4.7673013 4.7670022
4.7799928 4.7798325 4.7796707 4.7795075 4.7793429 4.7791768 4.7790092 4.77884 4.7786694 4.7784971 4.7783233 4.7781479 4.7779709 4.7777922 4.7776118 4.7774297 4.7772459 4.7770603 4.7768729 4.7766837 4.7764927 4.7762997 4.7761049 4.7759081 4.7757094 4.7755087 4.7753059 4.775101 4.7748941 4.774685 4.7744737 4.7742602 4.7740445 4.7738265 4.7736061 4.7733833 4.7731582 4.7729306 4.7727004 4.7724678 4.7722325 4.7719946 4.7717539 4.7715106 4.7712644 4.7710154 4.7707634 4.7705085 4.7702506 4.7699896 4.7697255 4.7694581 4.7691875 4.7689136 4.7686362 4.7683554 4.768071 4.767783 4.7674913 4.7671959
4.7800726 4.7799133 4.7797526 4.7795905 4.779427 4.779262 4.7790955 4.7789276 4.7787581 4.7785871 4.7784145 4.7782403 4.7780645 4.7778871 4.7777081 4.7775273 4.7773448 4.7771607 4.7769747 4.7767869 4.7765974 4.776406 4.7762127 4.7760175 4.7758203 4.7756212 4.7754201 4.775217 4.7750118 4.7748044 4.774595 4.7743833 4.7741695 4.7739534 4.773735 4.7735143 4.7732912 4.7730657 4.7728377 4.7726072 4.7723742 4.7721386 4.7719003 4.7716594 4.7714157 4.7711692 4.7709199 4.7706676 4.7704124 4.7701542 4.769893 4.7696286 4.769361 4.7690901 4.768816 4.7685384 4.7682574 4.7679728 4.7676847 4.7673929
4.7801537 4.7799955 4.7798359 4.7796748 4.7795124 4.7793486 4.7791833 4.7790165 4.7788482 4.7786784 4.7785071 4.7783342 4.7781597 4.7779836 4.7778059 4.7776265 4.7774454 4.7772626 4.7770781 4.7768918 4.7767038 4.7765139 4.7763222 4.7761286 4.7759331 4.7757356 4.7755362 4.7753348 4.7751313 4.7749258 4.7747182 4.7745084 4.7742965 4.7740824 4.773866 4.7736473 4.7734263 4.773203 4.7729772 4.7727489 4.7725182 4.772285 4.7720491 4.7718106 4.7715694 4.7713255 4.7710789 4.7708293 4.7705769 4.7703216 4.7700633 4.7698019 4.7695373 4.7692696 4.7689987 4.7687245 4.7684469 4.7681659 4.7678813 4.7675932
4.7802361 4.7800789 4.7799204 4.7797605 4.7795992 4.7794365 4.7792724 4.7791068 4.7789397 4.7787712 4.7786011 4.7784295 4.7782563 4.7780815 4.7779052 4.7777272 4.7775475 4.7773662 4.7771832 4.7769984 4.7768118 4.7766235 4.7764334 4.7762414 4.7760475 4.7758518 4.7756541 4.7754544 4.7752528 4.7750491 4.7748434 4.7746355 4.7744255 4.7742134 4.7739991 4.7737825 4.7735636 4.7733424 4.7731189 4.7728929 4.7726645 4.7724337 4.7722003 4.7719643 4.7717257 4.7714844 4.7712404 4.7709936 4.7707441 4.7704916 4.7702363 4.7699779 4.7697165 4.769452 4.7691844 4.7689136 4.7686395 4.768362 4.7680811 4.7677968
4.7803196 4.7801636 4.7800062 4.7798474 4.7796873 4.7795257 4.7793628 4.7791984 4.7790326 4.7788653 4.7786965 4.7785262 4.7783544 4.778181 4.778006 4.7778294 4.7776512 4.7774713 4.7772898 4.7771065 4.7769215 4.7767348 4.7765463 4.7763559 4.7761638 4.7759697 4.7757738 4.7755759 4.7753761 4.7751743 4.7749704 4.7747645 4.7745565 4.7743464 4.7741341 4.7739197 4.773703 4.773484 4.7732627 4.7730391 4.7728131 4.7725846 4.7723537 4.7721203 4.7718843 4.7716457 4.7714044 4.7711605 4.7709138 4.7706643 4.7704119 4.7701567 4.7698985 4.7696372 4.769373 4.7691056 4.768835 4.7685611 4.768284 4.7680035
4.7804044 4.7802495 4.7800932 4.7799356 4.7797766 4.7796163 4.7794545 4.7792914 4.7791268 4.7789608 4.7787933 4.7786244 4.7784539 4.7782818 4.7781083 4.7779331 4.7777564 4.777578 4.7773979 4.7772162 4.7770328 4.7768477 4.7766608 4.7764721 4.7762817 4.7760894 4.7758952 4.7756991 4.7755012 4.7753012 4.7750993 4.7748954 4.7746894 4.7744814 4.7742712 4.7740589 4.7738444 4.7736277 4.7734087 4.7731874 4.7729638 4.7727378 4.7725094 4.7722786 4.7720452 4.7718093 4.7715708 4.7713297 4.7710859 4.7708394 4.7705901 4.770338 4.7700831 4.7698252 4.7695643 4.7693004 4.7690334 4.7687632 4.7684899 4.7682133
4.7804904 4.7803366 4.7801815 4.780025 4.7798672 4.7797081 4.7795476 4.7793857 4.7792224 4.7790577 4.7788915 4.7787239 4.7785548 4.7783842 4.778212 4.7780383 4.777863 4.7776861 4.7775076 4.7773275 4.7771457 4.7769622 4.776777 4.77659 4.7764012 4.7762107 4.7760183 4.7758241 4.775628 4.77543 4.7752301 4.7750281 4.7748242 4.7746182 4.7744102 4.7742001 4.7739878 4.7737734 4.7735567 4.7733378 4.7731167 4.7728932 4.7726673 4.7724391 4.7722084 4.7719753 4.7717396 4.7715014 4.7712606 4.7710171 4.7707709 4.770522 4.7702703 4.7700157 4.7697583 4.7694979 4.7692345 4.7689681 4.7686986 4.768426
4.7805776 4.7804249 4.7802709 4.7801157 4.7799591 4.7798012 4.7796419 4.7794813 4.7793193 4.7791559 4.7789911 4.7788248 4.7786571 4.7784879 4.7783172 4.7781449 4.7779711 4.7777958 4.7776188 4.7774403 4.7772601 4.7770782 4.7768947 4.7767094 4.7765225 4.7763337 4.7761432 4.7759508 4.7757566 4.7755606 4.7753626 4.7751627 4.7749608 4.774757 4.7745511 4.7743432 4.7741332 4.773921 4.7737068 4.7734903 4.7732716 4.7730506 4.7728274 4.7726018 4.7723739 4.7721435 4.7719107 4.7716754 4.7714375 4.7711971 4.7709541 4.7707084 4.77046 4.7702088 4.7699549 4.7696981 4.7694384 4.7691758 4.7689102 4.7686415
4.780666 4.7805144 4.7803616 4.7802075 4.7800522 4.7798955 4.7797375 4.7795782 4.7794175 4.7792554 4.7790919 4.7789271 4.7787607 4.778593 4.7784237 4.7782529 4.7780807 4.7779069 4.7777315 4.7775546 4.777376 4.7771958 4.777014 4.7768305 4.7766453 4.7764583 4.7762696 4.7760792 4.7758869 4.7756928 4.7754968 4.775299 4.7750992 4.7748975 4.7746939 4.7744882 4.7742804 4.7740707 4.7738588 4.7736447 4.7734286 4.7732102 4.7729895 4.7727666 4.7725414 4.7723139 4.772084 4.7718516 4.7716168 4.7713795 4.7711397 4.7708972 4.7706522 4.7704045 4.770154 4.7699009 4.7696449 4.7693861 4.7691244 4.7688597
4.7807555 4.7806051 4.7804535 4.7803006 4.7801465 4.7799911 4.7798343 4.7796763 4.7795169 4.7793562 4.7791941 4.7790306 4.7788657 4.7786994 4.7785316 4.7783624 4.7781916 4.7780194 4.7778456 4.7776703 4.7774934 4.7773149 4.7771348 4.7769531 4.7767696 4.7765845 4.7763977 4.7762092 4.7760189 4.7758267 4.7756328 4.775437 4.7752394 4.7750399 4.7748384 4.774635 4.7744296 4.7742222 4.7740127 4.7738011 4.7735875 4.7733717 4.7731537 4.7729335 4.7727111 4.7724864 4.7722594 4.77203 4.7717983 4.7715641 4.7713275 4.7710884 4.7708467 4.7706025 4.7703556 4.7701061 4.7698539 4.7695989 4.7693412 4.7690806
4.7808461 4.7806969 4.7805465 4.7803949 4.780242 4.7800878 4.7799324 4.7797757 4.7796176 4.7794583 4.7792976 4.7791355 4.778972 4.7788072 4.7786409 4.7784732 4.778304 4.7781333 4.7779612 4.7777875 4.7776123 4.7774355 4.7772571 4.7770772 4.7768956 4.7767123 4.7765274 4.7763408 4.7761524 4.7759623 4.7757705 4.7755768 4.7753813 4.7751839 4.7749847 4.7747836 4.7745805 4.7743755 4.7741685 4.7739594 4.7737483 4.7735352 4.7733199 4.7731024 4.7728828 4.772661 4.7724369 4.7722106 4.771982 4.771751 4.7715176 4.7712818 4.7710435 4.7708028 4.7705595 4.7703137 4.7700653 4.7698142 4.7695605 4.769304
4.7809378 4.7807898 4.7806406 4.7804902 4.7803386 4.7801857 4.7800316 4.7798762 4.7797195 4.7795616 4.7794023 4.7792416 4.7790796 4.7789162 4.7787515 4.7785853 4.7784177 4.7782486 4.7780781 4.7779061 4.7777326 4.7775575 4.7773809 4.7772027 4.777023 4.7768416 4.7766586 4.7764739 4.7762876 4.7760995 4.7759097 4.7757182 4.7755248 4.7753297 4.7751328 4.7749339 4.7747332 4.7745306 4.7743261 4.7741196 4.7739111 4.7737005 4.773488 4.7732733 4.7730565 4.7728376 4.7726165 4.7723932 4.7721677 4.7719399 4.7717098 4.7714774 4.7712426 4.7710054 4.7707657 4.7705236 4.770279 4.7700319 4.7697821 4.7695298
4.7810307 4.7808839 4.7807359 4.7805868 4.7804364 4.7802848 4.780132 4.779978 4.7798227 4.7796661 4.7795082 4.779349 4.7791884 4.7790266 4.7788633 4.7786987 4.7785327 4.7783652 4.7781964 4.778026 4.7778542 4.7776809 4.7775061 4.7773298 4.7771519 4.7769724 4.7767913 4.7766086 4.7764243 4.7762383 4.7760506 4.7758612 4.77567 4.7754771 4.7752825 4.775086 4.7748877 4.7746875 4.7744854 4.7742815 4.7740756 4.7738677 4.7736579 4.773446 4.7732321 4.7730161 4.772798 4.7725778 4.7723554 4.7721309 4.7719041 4.771675 4.7714437 4.7712101 4.7709741 4.7707357 4.770495 4.7702518 4.7700061 4.769758
4.7811246 4.780979 4.7808323 4.7806844 4.7805353 4.7803851 4.7802336 4.7800809 4.779927 4.7797718 4.7796153 4.7794576 4.7792985 4.7791382 4.7789765 4.7788134 4.778649 4.7784832 4.778316 4.7781473 4.7779773 4.7778057 4.7776327 4.7774582 4.7772822 4.7771046 4.7769255 4.7767448 4.7765625 4.7763785 4.776193 4.7760057 4.7758168 4.7756262 4.7754338 4.7752397 4.7750438 4.7748461 4.7746465 4.7744451 4.7742419 4.7740367 4.7738296 4.7736206 4.7734095 4.7731965 4.7729814 4.7727643 4.7725451 4.7723238 4.7721003 4.7718747 4.7716469 4.7714168 4.7711845 4.77095 4.7707131 4.7704739 4.7702323 4.7699883
4.7812195 4.7810752 4.7809297 4.7807831 4.7806353 4.7804864 4.7803363 4.780185 4.7800324 4.7798786 4.7797236 4.7795674 4.7794098 4.779251 4.7790908 4.7789294 4.7787666 4.7786024 4.7784369 4.77827 4.7781016 4.7779319 4.7777607 4.777588 4.7774139 4.7772382 4.7770611 4.7768824 4.7767021 4.7765203 4.7763369 4.7761518 4.7759651 4.7757767 4.7755867 4.7753949 4.7752015 4.7750062 4.7748093 4.7746105 4.7744099 4.7742074 4.7740031 4.7737969 4.7735888 4.7733787 4.7731667 4.7729527 4.7727367 4.7725186 4.7722985 4.7720763 4.771852 4.7716256 4.771397 4.7711662 4.7709332 4.770698 4.7704605 4.7702208
4.7813155 4.7811724 4.7810282 4.7808829 4.7807364 4.7805888 4.7804401 4.7802901 4.780139 4.7799867 4.7798331 4.7796783 4.7795223 4.779365 4.7792064 4.7790466 4.7788854 4.7787229 4.7785591 4.7783939 4.7782273 4.7780594 4.77789 4.7777192 4.777547 4.7773733 4.7771981 4.7770214 4.7768432 4.7766635 4.7764822 4.7762993 4.7761149 4.7759288 4.7757411 4.7755518 4.7753608 4.775168 4.7749736 4.7747774 4.7745795 4.7743798 4.7741782 4.7739749 4.7737697 4.7735626 4.7733537 4.7731428 4.77293 4.7727153 4.7724986 4.7722798 4.7720591 4.7718363 4.7716114 4.7713844 4.7711553 4.7709241 4.7706908 4.7704552
4.7814125 4.7812707 4.7811278 4.7809837 4.7808386 4.7806923 4.7805449 4.7803964 4.7802467 4.7800958 4.7799437 4.7797904 4.7796359 4.7794802 4.7793232 4.779165 4.7790054 4.7788446 4.7786825 4.778519 4.7783542 4.7781881 4.7780206 4.7778517 4.7776814 4.7775096 4.7773364 4.7771618 4.7769857 4.7768081 4.776629 4.7764483 4.7762662 4.7760824 4.7758971 4.7757101 4.7755216 4.7753314 4.7751395 4.7749459 4.7747507 4.7745537 4.774355 4.7741546 4.7739523 4.7737483 4.7735424 4.7733347 4.7731251 4.7729137 4.7727003 4.7724851 4.7722679 4.7720487 4.7718276 4.7716044 4.7713793 4.7711521 4.7709229 4.7706916
4.7815105 4.78137 4.7812283 4.7810856 4.7809418 4.7807969 4.7806509 4.7805037 4.7803555 4.780206 4.7800554 4.7799037 4.7797507 4.7795965 4.7794411 4.7792845 4.7791267 4.7789675 4.7788071 4.7786454 4.7784824 4.7783181 4.7781524 4.7779854 4.777817 4.7776473 4.7774761 4.7773035 4.7771295 4.7769541 4.7767771 4.7765987 4.7764188 4.7762374 4.7760544 4.7758699 4.7756838 4.7754962 4.7753069 4.775116 4.7749234 4.7747292 4.7745334 4.7743358 4.7741365 4.7739355 4.7737327 4.7735282 4.7733219 4.7731138 4.7729038 4.772692 4.7724784 4.7722629 4.7720455 4.7718262 4.771605 4.7713819 4.7711568 4.7709298
