Cobbity2/QGIS/Ave14.asc
NCOLS 700
NROWS 419
XLLCORNER 150.66
YLLCORNER -34.028
CELLSIZE 1e-05
NODATA_VALUE -9999
[rows 130 to 155 of 419, columns 360 to 419 of 700]
4.8432428 4.842512 4.8418093 4.8411332 4.8404821 4.8398548 4.8392499 4.8386662 4.8381027 4.8375582 4.8370319 4.8365228 4.8360301 4.835553 4.8350908 4.8346427 4.8342082 4.8337866 4.8333773 4.8329798 4.8325935 4.8322181 4.8318531 4.8314979 4.8311523 4.8308158 4.8304881 4.8301688 4.8298576 4.8295543 4.8292584 4.8289697 4.8286881 4.8284131 4.8281446 4.8278823 4.8276261 4.8273757 4.8271309 4.8268915 4.8266574 4.8264283 4.8262042 4.8259848 4.8257701 4.8255598 4.8253538 4.825152 4.8249543 4.8247605 4.8245706 4.8243843 4.8242017 4.8240225 4.8238468 4.8236744 4.8235051 4.823339 4.823176 4.8230159
4.8429554 4.8422357 4.8415435 4.8408771 4.8402353 4.8396165 4.8390197 4.8384436 4.8378872 4.8373495 4.8368295 4.8363265 4.8358395 4.8353678 4.8349107 4.8344675 4.8340376 4.8336204 4.8332153 4.8328218 4.8324394 4.8320676 4.8317061 4.8313543 4.8310119 4.8306785 4.8303538 4.8300373 4.8297289 4.8294281 4.8291348 4.8288486 4.8285693 4.8282965 4.8280302 4.8277701 4.8275159 4.8272674 4.8270246 4.826787 4.8265547 4.8263274 4.826105 4.8258872 4.825674 4.8254653 4.8252608 4.8250605 4.8248641 4.8246717 4.8244831 4.8242982 4.8241168 4.8239389 4.8237643 4.8235931 4.823425 4.82326 4.823098 4.822939
4.8426507 4.8419431 4.8412621 4.8406063 4.8399743 4.8393649 4.8387767 4.8382088 4.8376601 4.8371297 4.8366166 4.83612 4.8356392 4.8351733 4.8347217 4.8342838 4.8338589 4.8334464 4.8330458 4.8326566 4.8322784 4.8319105 4.8315527 4.8312046 4.8308656 4.8305355 4.8302139 4.8299005 4.829595 4.8292971 4.8290064 4.8287228 4.828446 4.8281757 4.8279117 4.8276538 4.8274018 4.8271554 4.8269146 4.826679 4.8264486 4.8262231 4.8260025 4.8257865 4.8255749 4.8253678 4.8251649 4.8249661 4.8247713 4.8245803 4.8243931 4.8242095 4.8240295 4.8238528 4.8236796 4.8235095 4.8233426 4.8231788 4.823018 4.82286
4.8423295 4.8416349 4.8409659 4.8403214 4.8397 4.8391004 4.8385215 4.8379624 4.8374219 4.8368993 4.8363935 4.8359039 4.8354296 4.8349699 4.8345242 4.8340919 4.8336723 4.8332648 4.8328691 4.8324845 4.8321106 4.831747 4.8313932 4.8310488 4.8307135 4.8303869 4.8300687 4.8297585 4.8294561 4.8291612 4.8288734 4.8285925 4.8283184 4.8280506 4.8277891 4.8275336 4.8272838 4.8270397 4.826801 4.8265675 4.8263391 4.8261156 4.8258968 4.8256826 4.8254728 4.8252674 4.8250662 4.824869 4.8246757 4.8244863 4.8243005 4.8241184 4.8239397 4.8237645 4.8235925 4.8234237 4.8232581 4.8230955 4.8229359 4.8227791
4.8419929 4.8413118 4.8406557 4.8400231 4.8394128 4.8388237 4.8382547 4.8377048 4.8371731 4.8366586 4.8361606 4.8356783 4.835211 4.8347579 4.8343185 4.833892 4.8334781 4.833076 4.8326853 4.8323056 4.8319364 4.8315771 4.8312276 4.8308872 4.8305558 4.8302329 4.8299183 4.8296115 4.8293123 4.8290205 4.8287358 4.8284578 4.8281864 4.8279214 4.8276625 4.8274095 4.8271621 4.8269203 4.8266839 4.8264526 4.8262262 4.8260048 4.8257879 4.8255757 4.8253678 4.8251641 4.8249646 4.8247691 4.8245775 4.8243896 4.8242054 4.8240248 4.8238476 4.8236737 4.8235032 4.8233358 4.8231714 4.8230101 4.8228517 4.8226961
4.8416416 4.8409749 4.8403321 4.839712 4.8391135 4.8385354 4.8379767 4.8374366 4.836914 4.8364082 4.8359184 4.8354438 4.8349838 4.8345376 4.8341048 4.8336846 4.8332765 4.8328801 4.8324948 4.8321202 4.8317558 4.8314012 4.8310561 4.83072 4.8303927 4.8300737 4.8297627 4.8294595 4.8291638 4.8288753 4.8285937 4.8283188 4.8280504 4.8277882 4.827532 4.8272816 4.8270368 4.8267974 4.8265633 4.8263343 4.8261102 4.8258908 4.825676 4.8254658 4.8252598 4.825058 4.8248603 4.8246666 4.8244767 4.8242905 4.8241079 4.8239288 4.8237531 4.8235808 4.8234116 4.8232456 4.8230827 4.8229227 4.8227655 4.8226112
4.8412767 4.8406249 4.8399961 4.839389 4.8388027 4.8382361 4.8376883 4.8371583 4.8366453 4.8361486 4.8356673 4.8352008 4.8347484 4.8343095 4.8338835 4.8334698 4.8330679 4.8326774 4.8322977 4.8319284 4.8315691 4.8312195 4.830879 4.8305473 4.8302242 4.8299093 4.8296023 4.8293028 4.8290107 4.8287256 4.8284474 4.8281756 4.8279103 4.827651 4.8273976 4.82715 4.8269078 4.826671 4.8264394 4.8262127 4.8259909 4.8257737 4.8255611 4.8253529 4.825149 4.8249492 4.8247534 4.8245615 4.8243733 4.8241888 4.8240079 4.8238305 4.8236564 4.8234856 4.8233179 4.8231534 4.8229918 4.8228332 4.8226774 4.8225244
4.8408992 4.8402628 4.8396483 4.8390548 4.8384812 4.8379265 4.8373899 4.8368705 4.8363674 4.8358801 4.8354077 4.8349496 4.8345051 4.8340737 4.8336549 4.833248 4.8328526 4.8324682 4.8320943 4.8317306 4.8313767 4.831032 4.8306964 4.8303694 4.8300507 4.82974 4.829437 4.8291415 4.8288531 4.8285716 4.8282968 4.8280284 4.8277662 4.82751 4.8272596 4.8270148 4.8267754 4.8265412 4.8263121 4.8260879 4.8258685 4.8256537 4.8254433 4.8252373 4.8250354 4.8248376 4.8246438 4.8244538 4.8242675 4.8240848 4.8239056 4.8237298 4.8235574 4.8233882 4.8232221 4.823059 4.8228989 4.8227417 4.8225873 4.8224357
4.84051 4.8398894 4.8392898 4.8387102 4.8381496 4.8376073 4.8370822 4.8365737 4.8360809 4.8356033 4.8351401 4.8346906 4.8342544 4.8338308 4.8334194 4.8330195 4.8326308 4.8322527 4.831885 4.831527 4.8311785 4.8308392 4.8305086 4.8301864 4.8298723 4.829566 4.8292672 4.8289757 4.8286912 4.8284134 4.8281422 4.8278772 4.8276183 4.8273653 4.827118 4.8268761 4.8266396 4.8264081 4.8261817 4.8259601 4.8257431 4.8255307 4.8253226 4.8251188 4.8249191 4.8247234 4.8245316 4.8243436 4.8241592 4.8239784 4.823801 4.823627 4.8234562 4.8232886 4.8231241 4.8229626 4.8228041 4.8226483 4.8224954 4.8223451
4.8401101 4.8395057 4.8389213 4.8383559 4.8378088 4.837279 4.8367658 4.8362685 4.8357863 4.8353187 4.8348649 4.8344244 4.8339967 4.8335811 4.8331773 4.8327847 4.8324028 4.8320314 4.8316698 4.8313179 4.8309751 4.8306411 4.8303157 4.8299984 4.8296891 4.8293874 4.829093 4.8288056 4.8285251 4.8282512 4.8279836 4.8277222 4.8274668 4.827217 4.8269729 4.826734 4.8265004 4.8262719 4.8260482 4.8258292 4.8256148 4.8254048 4.8251991 4.8249976 4.8248002 4.8246067 4.824417 4.8242309 4.8240485 4.8238696 4.8236941 4.8235219 4.8233529 4.823187 4.8230241 4.8228643 4.8227073 4.822553 4.8224016 4.8222528
4.8397006 4.8391126 4.8385437 4.8379928 4.8374594 4.8369424 4.8364414 4.8359555 4.8354842 4.8350268 4.8345827 4.8341513 4.8337323 4.833325 4.832929 4.8325438 4.8321691 4.8318044 4.8314493 4.8311034 4.8307665 4.8304381 4.830118 4.8298059 4.8295014 4.8292044 4.8289144 4.8286314 4.828355 4.8280851 4.8278213 4.8275636 4.8273116 4.8270653 4.8268244 4.8265887 4.8263581 4.8261325 4.8259116 4.8256954 4.8254836 4.8252762 4.825073 4.8248738 4.8246787 4.8244874 4.8242999 4.8241159 4.8239356 4.8237586 4.823585 4.8234146 4.8232474 4.8230833 4.8229222 4.8227639 4.8226085 4.8224559 4.8223059 4.8221586
4.8392824 4.8387111 4.8381578 4.8376217 4.8371021 4.8365982 4.8361096 4.8356353 4.835175 4.834728 4.8342938 4.8338719 4.8334617 4.8330629 4.8326749 4.8322973 4.8319298 4.831572 4.8312235 4.8308839 4.830553 4.8302304 4.8299157 4.8296089 4.8293094 4.8290172 4.8287318 4.8284532 4.8281811 4.8279152 4.8276554 4.8274014 4.8271531 4.8269102 4.8266727 4.8264402 4.8262128 4.8259901 4.8257722 4.8255587 4.8253496 4.8251448 4.8249442 4.8247475 4.8245547 4.8243657 4.8241804 4.8239986 4.8238203 4.8236454 4.8234738 4.8233053 4.82314 4.8229776 4.8228182 4.8226617 4.822508 4.8223569 4.8222085 4.8220627
4.8388564 4.8383019 4.8377644 4.8372432 4.8367376 4.8362471 4.8357709 4.8353085 4.8348594 4.834423 4.8339989 4.8335865 4.8331853 4.8327951 4.8324153 4.8320455 4.8316854 4.8313347 4.8309929 4.8306597 4.8303349 4.8300181 4.8297091 4.8294076 4.8291133 4.8288259 4.8285453 4.8282713 4.8280035 4.8277418 4.8274859 4.8272358 4.8269912 4.8267519 4.8265178 4.8262887 4.8260644 4.8258449 4.8256299 4.8254193 4.825213 4.8250109 4.8248128 4.8246186 4.8244283 4.8242417 4.8240586 4.8238791 4.8237029 4.8235301 4.8233605 4.823194 4.8230305 4.82287 4.8227124 4.8225576 4.8224056 4.8222562 4.8221094 4.8219651
4.8384236 4.837886 4.8373644 4.8368582 4.8363668 4.8358896 4.8354261 4.8349757 4.8345379 4.8341123 4.8336983 4.8332955 4.8329036 4.8325221 4.8321506 4.8317887 4.8314362 4.8310926 4.8307576 4.830431 4.8301125 4.8298017 4.8294984 4.8292023 4.8289132 4.8286309 4.8283551 4.8280857 4.8278223 4.8275649 4.8273132 4.827067 4.8268261 4.8265905 4.8263599 4.8261342 4.8259132 4.8256968 4.8254849 4.8252772 4.8250738 4.8248744 4.824679 4.8244874 4.8242996 4.8241153 4.8239346 4.8237573 4.8235834 4.8234127 4.8232451 4.8230806 4.8229191 4.8227605 4.8226047 4.8224517 4.8223014 4.8221537 4.8220086 4.8218659
4.8379849 4.8374642 4.8369585 4.8364674 4.8359902 4.8355265 4.8350757 4.8346374 4.834211 4.8337962 4.8333925 4.8329996 4.8326169 4.8322442 4.8318811 4.8315273 4.8311824 4.8308461 4.8305181 4.8301981 4.8298859 4.8295812 4.8292837 4.8289932 4.8287095 4.8284323 4.8281614 4.8278967 4.8276378 4.8273847 4.8271372 4.826895 4.8266581 4.8264262 4.8261992 4.8259769 4.8257593 4.8255461 4.8253373 4.8251326 4.8249321 4.8247355 4.8245428 4.8243539 4.8241685 4.8239868 4.8238085 4.8236335 4.8234618 4.8232932 4.8231278 4.8229653 4.8228058 4.8226492 4.8224953 4.8223441 4.8221955 4.8220496 4.8219061 4.8217651
4.8375412 4.8370373 4.8365476 4.8360716 4.8356086 4.8351584 4.8347204 4.8342942 4.8338793 4.8334754 4.8330821 4.8326989 4.8323257 4.8319619 4.8316073 4.8312616 4.8309244 4.8305955 4.8302745 4.8299613 4.8296555 4.829357 4.8290654 4.8287805 4.8285022 4.8282302 4.8279643 4.8277044 4.8274501 4.8272015 4.8269582 4.8267201 4.8264871 4.826259 4.8260356 4.8258169 4.8256027 4.8253928 4.8251871 4.8249856 4.824788 4.8245943 4.8244043 4.8242181 4.8240354 4.8238561 4.8236802 4.8235076 4.8233382 4.8231718 4.8230086 4.8228482 4.8226907 4.822536 4.822384 4.8222347 4.822088 4.8219438 4.821802 4.8216627
4.8370933 4.8366062 4.8361324 4.8356714 4.8352227 4.8347859 4.8343607 4.8339466 4.8335432 4.8331503 4.8327674 4.8323942 4.8320303 4.8316755 4.8313295 4.8309919 4.8306625 4.8303411 4.8300272 4.8297208 4.8294216 4.8291292 4.8288436 4.8285645 4.8282917 4.8280249 4.8277641 4.827509 4.8272594 4.8270153 4.8267763 4.8265424 4.8263134 4.8260891 4.8258695 4.8256544 4.8254436 4.825237 4.8250346 4.8248361 4.8246416 4.8244508 4.8242637 4.8240801 4.8239001 4.8237234 4.8235499 4.8233797 4.8232126 4.8230486 4.8228875 4.8227293 4.8225738 4.8224211 4.8222711 4.8221237 4.8219788 4.8218364 4.8216964 4.8215587
4.8366422 4.8361717 4.8357136 4.8352675 4.834833 4.8344096 4.8339972 4.8335952 4.8332034 4.8328214 4.8324489 4.8320856 4.8317312 4.8313854 4.831048 4.8307187 4.8303971 4.8300832 4.8297765 4.8294769 4.8291843 4.8288982 4.8286186 4.8283453 4.828078 4.8278166 4.8275609 4.8273107 4.8270659 4.8268263 4.8265917 4.826362 4.826137 4.8259167 4.8257008 4.8254893 4.8252821 4.8250789 4.8248797 4.8246845 4.824493 4.8243051 4.8241209 4.8239401 4.8237627 4.8235886 4.8234177 4.82325 4.8230853 4.8229235 4.8227646 4.8226086 4.8224552 4.8223046 4.8221566 4.8220111 4.8218681 4.8217275 4.8215892 4.8214533
4.8361884 4.8357344 4.8352919 4.8348606 4.8344401 4.8340302 4.8336304 4.8332405 4.8328602 4.8324891 4.832127 4.8317737 4.8314288 4.8310921 4.8307633 4.8304422 4.8301285 4.8298221 4.8295226 4.82923 4.8289439 4.8286642 4.8283907 4.8281232 4.8278615 4.8276055 4.8273549 4.8271097 4.8268697 4.8266346 4.8264045 4.826179 4.8259582 4.8257418 4.8255298 4.825322 4.8251183 4.8249185 4.8247227 4.8245306 4.8243422 4.8241574 4.8239761 4.8237981 4.8236235 4.823452 4.8232837 4.8231184 4.8229561 4.8227967 4.82264 4.8224862 4.822335 4.8221865 4.8220404 4.8218969 4.8217558 4.8216171 4.8214806 4.8213465
4.8357329 4.8352951 4.834868 4.8344514 4.8340448 4.8336481 4.8332609 4.832883 4.8325141 4.832154 4.8318023 4.8314588 4.8311234 4.8307957 4.8304756 4.8301627 4.8298569 4.8295581 4.8292659 4.8289801 4.8287007 4.8284274 4.82816 4.8278984 4.8276423 4.8273917 4.8271464 4.8269062 4.8266709 4.8264405 4.8262148 4.8259937 4.825777 4.8255646 4.8253565 4.8251524 4.8249523 4.8247561 4.8245636 4.8243748 4.8241895 4.8240077 4.8238293 4.8236542 4.8234823 4.8233135 4.8231478 4.8229851 4.8228252 4.8226681 4.8225138 4.8223622 4.8222132 4.8220667 4.8219228 4.8217812 4.8216421 4.8215052 4.8213706 4.8212382
4.8352763 4.8348545 4.8344426 4.8340404 4.8336476 4.8332639 4.8328892 4.8325232 4.8321657 4.8318164 4.831475 4.8311415 4.8308154 4.8304968 4.8301852 4.8298806 4.8295828 4.8292914 4.8290065 4.8287277 4.8284549 4.828188 4.8279268 4.827671 4.8274207 4.8271755 4.8269354 4.8267002 4.8264698 4.8262441 4.8260229 4.8258061 4.8255936 4.8253853 4.825181 4.8249807 4.8247843 4.8245915 4.8244025 4.8242169 4.8240349 4.8238562 4.8236807 4.8235085 4.8233394 4.8231733 4.8230102 4.82285 4.8226926 4.822538 4.822386 4.8222366 4.8220898 4.8219455 4.8218036 4.8216641 4.8215269 4.821392 4.8212592 4.8211287
4.8348192 4.8344131 4.8340161 4.8336281 4.8332489 4.8328782 4.8325159 4.8321616 4.8318153 4.8314767 4.8311457 4.8308219 4.8305053 4.8301956 4.8298926 4.8295962 4.8293063 4.8290225 4.8287448 4.828473 4.8282069 4.8279463 4.8276912 4.8274414 4.8271967 4.826957 4.8267222 4.8264921 4.8262666 4.8260456 4.8258289 4.8256165 4.8254082 4.8252039 4.8250036 4.8248071 4.8246143 4.8244251 4.8242395 4.8240573 4.8238784 4.8237028 4.8235304 4.8233611 4.8231948 4.8230315 4.822871 4.8227134 4.8225585 4.8224063 4.8222567 4.8221096 4.821965 4.8218228 4.8216831 4.8215456 4.8214104 4.8212774 4.8211465 4.8210178
4.8343624 4.8339716 4.8335893 4.8332153 4.8328494 4.8324915 4.8321413 4.8317987 4.8314635 4.8311355 4.8308146 4.8305006 4.8301932 4.8298925 4.829598 4.8293099 4.8290277 4.8287515 4.828481 4.8282161 4.8279567 4.8277026 4.8274536 4.8272097 4.8269707 4.8267365 4.8265069 4.8262819 4.8260613 4.825845 4.8256329 4.8254249 4.8252208 4.8250207 4.8248243 4.8246316 4.8244425 4.8242569 4.8240747 4.8238958 4.8237202 4.8235477 4.8233784 4.823212 4.8230486 4.822888 4.8227303 4.8225752 4.8224229 4.8222731 4.8221259 4.8219811 4.8218388 4.8216988 4.8215611 4.8214257 4.8212925 4.8211615 4.8210326 4.8209057
4.8339063 4.8335305 4.8331626 4.8328023 4.8324495 4.8321041 4.8317659 4.8314347 4.8311105 4.8307931 4.8304822 4.8301778 4.8298797 4.8295877 4.8293018 4.8290218 4.8287474 4.8284787 4.8282154 4.8279574 4.8277046 4.8274569 4.8272141 4.8269761 4.8267428 4.8265141 4.8262898 4.8260699 4.8258542 4.8256426 4.8254351 4.8252315 4.8250317 4.8248356 4.8246432 4.8244544 4.824269 4.824087 4.8239082 4.8237327 4.8235604 4.8233911 4.8232248 4.8230614 4.8229008 4.8227431 4.822588 4.8224356 4.8222858 4.8221385 4.8219937 4.8218512 4.8217112 4.8215734 4.8214379 4.8213046 4.8211734 4.8210444 4.8209174 4.8207924
4.8334515 4.8330904 4.8327365 4.8323896 4.8320497 4.8317166 4.8313901 4.8310703 4.8307569 4.8304497 4.8301488 4.8298539 4.8295649 4.8292818 4.8290042 4.8287322 4.8284657 4.8282044 4.8279482 4.8276971 4.827451 4.8272096 4.8269729 4.8267408 4.8265132 4.82629 4.826071 4.8258561 4.8256454 4.8254385 4.8252356 4.8250364 4.8248409 4.8246489 4.8244605 4.8242755 4.8240939 4.8239155 4.8237402 4.8235681 4.823399 4.8232329 4.8230697 4.8229093 4.8227516 4.8225967 4.8224443 4.8222946 4.8221473 4.8220025 4.8218601 4.8217201 4.8215823 4.8214468 4.8213134 4.8211822 4.8210531 4.820926 4.820801 4.8206779
4.8329985 4.8326517 4.8323115 4.8319777 4.8316504 4.8313293 4.8310144 4.8307057 4.8304029 4.8301059 4.8298148 4.8295293 4.8292493 4.8289748 4.8287056 4.8284416 4.8281827 4.8279288 4.8276797 4.8274355 4.8271959 4.8269609 4.8267303 4.8265041 4.8262821 4.8260643 4.8258506 4.8256409 4.825435 4.8252329 4.8250345 4.8248398 4.8246485 4.8244607 4.8242763 4.8240952 4.8239173 4.8237425 4.8235708 4.8234021 4.8232363 4.8230733 4.8229132 4.8227558 4.822601 4.8224489 4.8222993 4.8221522 4.8220076 4.8218653 4.8217253 4.8215876 4.8214522 4.8213189 4.8211877 4.8210587 4.8209316 4.8208066 4.8206835 4.8205623
