Cobbity2/QGIS/Ave14.asc
NCOLS 700
NROWS 419
XLLCORNER 150.66
YLLCORNER -34.028
CELLSIZE 1e-05
NODATA_VALUE -9999
[rows 390 to 415 of 419, columns 360 to 419 of 700]
4.8007948 4.8008405 4.800886 4.8009313 4.8009765 4.8010214 4.8010662 4.8011108 4.8011552 4.8011994 4.8012434 4.8012872 4.8013308 4.8013742 4.8014174 4.8014605 4.8015033 4.8015459 4.8015883 4.8016305 4.8016725 4.8017143 4.801756 4.8017974 4.8018386 4.8018796 4.8019203 4.8019609 4.8020013 4.8020415 4.8020814 4.8021212 4.8021607 4.8022001 4.8022392 4.8022782 4.8023169 4.8023554 4.8023937 4.8024318 4.8024697 4.8025073 4.8025448 4.8025821 4.8026191 4.802656 4.8026926 4.802729 4.8027652 4.8028012 4.802837 4.8028726 4.802908 4.8029432 4.8029782 4.8030129 4.8030475 4.8030818 4.803116 4.8031499
4.8007922 4.8008376 4.8008828 4.8009279 4.8009728 4.8010174 4.8010619 4.8011062 4.8011503 4.8011943 4.801238 4.8012815 4.8013249 4.8013681 4.801411 4.8014538 4.8014964 4.8015388 4.8015809 4.8016229 4.8016647 4.8017063 4.8017477 4.8017889 4.8018298 4.8018706 4.8019112 4.8019516 4.8019918 4.8020317 4.8020715 4.8021111 4.8021504 4.8021896 4.8022285 4.8022673 4.8023058 4.8023441 4.8023823 4.8024202 4.8024579 4.8024954 4.8025327 4.8025698 4.8026067 4.8026434 4.8026799 4.8027162 4.8027523 4.8027881 4.8028238 4.8028592 4.8028945 4.8029295 4.8029644 4.802999 4.8030334 4.8030677 4.8031017 4.8031355
4.80079 4.8008351 4.80088 4.8009247 4.8009693 4.8010137 4.8010579 4.8011019 4.8011458 4.8011894 4.8012329 4.8012762 4.8013193 4.8013622 4.8014049 4.8014474 4.8014898 4.8015319 4.8015739 4.8016156 4.8016572 4.8016985 4.8017397 4.8017807 4.8018214 4.801862 4.8019024 4.8019425 4.8019825 4.8020223 4.8020618 4.8021012 4.8021404 4.8021794 4.8022181 4.8022567 4.802295 4.8023332 4.8023712 4.8024089 4.8024465 4.8024838 4.802521 4.8025579 4.8025946 4.8026312 4.8026675 4.8027036 4.8027396 4.8027753 4.8028108 4.8028461 4.8028812 4.8029161 4.8029509 4.8029854 4.8030197 4.8030538 4.8030877 4.8031214
4.800788 4.8008328 4.8008774 4.8009219 4.8009662 4.8010103 4.8010542 4.801098 4.8011415 4.8011849 4.8012281 4.8012711 4.801314 4.8013566 4.8013991 4.8014414 4.8014835 4.8015254 4.8015671 4.8016086 4.8016499 4.801691 4.801732 4.8017727 4.8018133 4.8018536 4.8018938 4.8019338 4.8019735 4.8020131 4.8020525 4.8020917 4.8021306 4.8021694 4.802208 4.8022464 4.8022846 4.8023225 4.8023603 4.8023979 4.8024353 4.8024725 4.8025095 4.8025462 4.8025828 4.8026192 4.8026554 4.8026914 4.8027271 4.8027627 4.8027981 4.8028333 4.8028682 4.802903 4.8029376 4.802972 4.8030062 4.8030401 4.8030739 4.8031075
4.8007863 4.8008308 4.8008751 4.8009193 4.8009633 4.8010071 4.8010508 4.8010942 4.8011375 4.8011807 4.8012236 4.8012664 4.8013089 4.8013513 4.8013936 4.8014356 4.8014774 4.8015191 4.8015606 4.8016019 4.8016429 4.8016839 4.8017246 4.8017651 4.8018054 4.8018456 4.8018855 4.8019253 4.8019648 4.8020042 4.8020434 4.8020824 4.8021212 4.8021598 4.8021981 4.8022363 4.8022743 4.8023122 4.8023498 4.8023872 4.8024244 4.8024614 4.8024982 4.8025348 4.8025713 4.8026075 4.8026435 4.8026793 4.802715 4.8027504 4.8027856 4.8028207 4.8028555 4.8028902 4.8029246 4.8029589 4.8029929 4.8030268 4.8030604 4.8030939
4.8007849 4.8008291 4.8008731 4.800917 4.8009607 4.8010042 4.8010476 4.8010908 4.8011338 4.8011767 4.8012194 4.8012619 4.8013042 4.8013463 4.8013883 4.8014301 4.8014717 4.8015131 4.8015543 4.8015954 4.8016363 4.8016769 4.8017174 4.8017577 4.8017979 4.8018378 4.8018775 4.8019171 4.8019564 4.8019956 4.8020346 4.8020734 4.802112 4.8021504 4.8021886 4.8022266 4.8022644 4.802302 4.8023395 4.8023767 4.8024138 4.8024506 4.8024873 4.8025237 4.80256 4.8025961 4.8026319 4.8026676 4.8027031 4.8027384 4.8027735 4.8028084 4.8028431 4.8028776 4.8029119 4.802946 4.8029799 4.8030136 4.8030472 4.8030805
4.8007837 4.8008276 4.8008714 4.8009149 4.8009584 4.8010016 4.8010447 4.8010876 4.8011304 4.801173 4.8012154 4.8012576 4.8012997 4.8013416 4.8013833 4.8014248 4.8014662 4.8015074 4.8015484 4.8015892 4.8016298 4.8016703 4.8017106 4.8017507 4.8017906 4.8018303 4.8018698 4.8019091 4.8019483 4.8019873 4.802026 4.8020646 4.802103 4.8021413 4.8021793 4.8022171 4.8022547 4.8022922 4.8023295 4.8023665 4.8024034 4.8024401 4.8024766 4.8025129 4.802549 4.8025849 4.8026206 4.8026561 4.8026915 4.8027266 4.8027616 4.8027963 4.8028309 4.8028652 4.8028994 4.8029334 4.8029672 4.8030008 4.8030342 4.8030674
4.8007828 4.8008264 4.8008699 4.8009132 4.8009563 4.8009993 4.8010421 4.8010848 4.8011272 4.8011696 4.8012117 4.8012537 4.8012955 4.8013371 4.8013786 4.8014199 4.801461 4.8015019 4.8015427 4.8015833 4.8016237 4.8016639 4.801704 4.8017438 4.8017835 4.801823 4.8018623 4.8019015 4.8019404 4.8019792 4.8020178 4.8020562 4.8020944 4.8021324 4.8021702 4.8022079 4.8022453 4.8022826 4.8023197 4.8023566 4.8023933 4.8024298 4.8024661 4.8025023 4.8025382 4.802574 4.8026095 4.8026449 4.8026801 4.8027151 4.8027499 4.8027845 4.8028189 4.8028532 4.8028872 4.8029211 4.8029547 4.8029882 4.8030215 4.8030546
4.8007822 4.8008255 4.8008686 4.8009117 4.8009545 4.8009972 4.8010397 4.8010821 4.8011243 4.8011664 4.8012083 4.80125 4.8012915 4.8013329 4.8013741 4.8014152 4.8014561 4.8014968 4.8015373 4.8015776 4.8016178 4.8016578 4.8016976 4.8017373 4.8017768 4.801816 4.8018552 4.8018941 4.8019328 4.8019714 4.8020098 4.802048 4.802086 4.8021238 4.8021615 4.8021989 4.8022362 4.8022733 4.8023102 4.8023469 4.8023835 4.8024198 4.802456 4.8024919 4.8025277 4.8025633 4.8025987 4.8026339 4.802669 4.8027038 4.8027385 4.802773 4.8028072 4.8028413 4.8028752 4.802909 4.8029425 4.8029758 4.803009 4.803042
4.8007818 4.8008248 4.8008677 4.8009104 4.800953 4.8009954 4.8010376 4.8010797 4.8011217 4.8011635 4.8012051 4.8012465 4.8012878 4.801329 4.8013699 4.8014107 4.8014514 4.8014918 4.8015321 4.8015722 4.8016122 4.801652 4.8016916 4.801731 4.8017702 4.8018093 4.8018482 4.8018869 4.8019255 4.8019638 4.802002 4.80204 4.8020778 4.8021155 4.8021529 4.8021902 4.8022273 4.8022642 4.802301 4.8023375 4.8023739 4.80241 4.802446 4.8024819 4.8025175 4.8025529 4.8025882 4.8026232 4.8026581 4.8026928 4.8027273 4.8027617 4.8027958 4.8028298 4.8028635 4.8028971 4.8029305 4.8029637 4.8029968 4.8030296
4.8007816 4.8008244 4.8008669 4.8009094 4.8009517 4.8009938 4.8010358 4.8010776 4.8011193 4.8011608 4.8012022 4.8012434 4.8012844 4.8013253 4.801366 4.8014066 4.8014469 4.8014872 4.8015272 4.8015671 4.8016068 4.8016464 4.8016858 4.801725 4.801764 4.8018029 4.8018415 4.80188 4.8019184 4.8019565 4.8019945 4.8020323 4.80207 4.8021074 4.8021447 4.8021818 4.8022187 4.8022554 4.802292 4.8023283 4.8023645 4.8024005 4.8024364 4.802472 4.8025075 4.8025428 4.8025779 4.8026128 4.8026475 4.8026821 4.8027164 4.8027506 4.8027846 4.8028184 4.8028521 4.8028855 4.8029188 4.8029519 4.8029848 4.8030175
4.8007817 4.8008242 4.8008665 4.8009086 4.8009506 4.8009925 4.8010342 4.8010757 4.8011171 4.8011584 4.8011995 4.8012404 4.8012812 4.8013218 4.8013623 4.8014026 4.8014428 4.8014827 4.8015226 4.8015622 4.8016017 4.801641 4.8016802 4.8017192 4.801758 4.8017966 4.8018351 4.8018734 4.8019115 4.8019495 4.8019873 4.8020249 4.8020623 4.8020996 4.8021367 4.8021736 4.8022103 4.8022469 4.8022832 4.8023194 4.8023555 4.8023913 4.802427 4.8024624 4.8024977 4.8025329 4.8025678 4.8026026 4.8026371 4.8026715 4.8027058 4.8027398 4.8027737 4.8028073 4.8028408 4.8028742 4.8029073 4.8029402 4.802973 4.8030056
4.8007821 4.8008242 4.8008662 4.8009081 4.8009498 4.8009914 4.8010328 4.8010741 4.8011152 4.8011562 4.801197 4.8012377 4.8012783 4.8013186 4.8013589 4.8013989 4.8014388 4.8014786 4.8015182 4.8015576 4.8015968 4.8016359 4.8016749 4.8017136 4.8017522 4.8017907 4.8018289 4.801867 4.801905 4.8019427 4.8019803 4.8020177 4.8020549 4.802092 4.8021289 4.8021656 4.8022022 4.8022386 4.8022748 4.8023108 4.8023466 4.8023823 4.8024178 4.8024531 4.8024882 4.8025232 4.802558 4.8025926 4.802627 4.8026613 4.8026953 4.8027292 4.802763 4.8027965 4.8028298 4.802863 4.802896 4.8029289 4.8029615 4.802994
4.8007826 4.8008245 4.8008662 4.8009077 4.8009492 4.8009905 4.8010316 4.8010727 4.8011135 4.8011543 4.8011948 4.8012353 4.8012755 4.8013157 4.8013556 4.8013955 4.8014351 4.8014746 4.801514 4.8015532 4.8015922 4.8016311 4.8016698 4.8017083 4.8017467 4.8017849 4.801823 4.8018609 4.8018986 4.8019362 4.8019735 4.8020108 4.8020478 4.8020847 4.8021214 4.8021579 4.8021943 4.8022305 4.8022665 4.8023024 4.802338 4.8023735 4.8024089 4.802444 4.802479 4.8025138 4.8025484 4.8025829 4.8026171 4.8026512 4.8026852 4.8027189 4.8027525 4.8027859 4.8028191 4.8028521 4.802885 4.8029177 4.8029502 4.8029826
4.8007834 4.8008249 4.8008664 4.8009077 4.8009488 4.8009899 4.8010307 4.8010715 4.8011121 4.8011526 4.8011929 4.801233 4.8012731 4.8013129 4.8013527 4.8013922 4.8014317 4.8014709 4.8015101 4.801549 4.8015878 4.8016265 4.801665 4.8017033 4.8017414 4.8017795 4.8018173 4.801855 4.8018925 4.8019298 4.801967 4.8020041 4.8020409 4.8020776 4.8021141 4.8021505 4.8021866 4.8022227 4.8022585 4.8022942 4.8023297 4.802365 4.8024002 4.8024351 4.80247 4.8025046 4.8025391 4.8025734 4.8026075 4.8026414 4.8026752 4.8027088 4.8027422 4.8027755 4.8028086 4.8028415 4.8028742 4.8029068 4.8029392 4.8029714
4.8007844 4.8008256 4.8008668 4.8009078 4.8009487 4.8009894 4.8010301 4.8010705 4.8011109 4.8011511 4.8011911 4.801231 4.8012708 4.8013104 4.8013499 4.8013893 4.8014284 4.8014675 4.8015064 4.8015451 4.8015837 4.8016221 4.8016603 4.8016985 4.8017364 4.8017742 4.8018118 4.8018493 4.8018866 4.8019238 4.8019608 4.8019976 4.8020342 4.8020707 4.8021071 4.8021432 4.8021792 4.8022151 4.8022507 4.8022862 4.8023215 4.8023567 4.8023917 4.8024265 4.8024612 4.8024957 4.80253 4.8025641 4.8025981 4.8026319 4.8026655 4.802699 4.8027322 4.8027654 4.8027983 4.8028311 4.8028637 4.8028961 4.8029283 4.8029604
4.8007856 4.8008266 4.8008674 4.8009082 4.8009488 4.8009892 4.8010296 4.8010698 4.8011099 4.8011498 4.8011896 4.8012293 4.8012688 4.8013082 4.8013474 4.8013865 4.8014254 4.8014642 4.8015029 4.8015414 4.8015797 4.8016179 4.801656 4.8016939 4.8017316 4.8017692 4.8018066 4.8018439 4.801881 4.8019179 4.8019547 4.8019913 4.8020278 4.8020641 4.8021002 4.8021362 4.802172 4.8022077 4.8022432 4.8022785 4.8023137 4.8023486 4.8023835 4.8024181 4.8024526 4.8024869 4.8025211 4.8025551 4.8025889 4.8026225 4.802656 4.8026893 4.8027225 4.8027554 4.8027882 4.8028209 4.8028533 4.8028856 4.8029177 4.8029497
4.800787 4.8008277 4.8008683 4.8009087 4.8009491 4.8009893 4.8010293 4.8010693 4.8011091 4.8011488 4.8011883 4.8012277 4.801267 4.8013061 4.8013451 4.801384 4.8014227 4.8014612 4.8014996 4.8015379 4.801576 4.801614 4.8016518 4.8016895 4.801727 4.8017644 4.8018016 4.8018387 4.8018756 4.8019123 4.8019489 4.8019853 4.8020216 4.8020577 4.8020937 4.8021295 4.8021651 4.8022006 4.8022359 4.802271 4.802306 4.8023408 4.8023755 4.80241 4.8024443 4.8024784 4.8025124 4.8025463 4.8025799 4.8026134 4.8026468 4.8026799 4.8027129 4.8027457 4.8027784 4.8028109 4.8028432 4.8028754 4.8029074 4.8029392
4.8007886 4.800829 4.8008693 4.8009095 4.8009496 4.8009895 4.8010293 4.801069 4.8011085 4.8011479 4.8011872 4.8012264 4.8012654 4.8013043 4.801343 4.8013816 4.8014201 4.8014584 4.8014966 4.8015347 4.8015726 4.8016103 4.8016479 4.8016854 4.8017227 4.8017598 4.8017968 4.8018337 4.8018704 4.8019069 4.8019433 4.8019795 4.8020156 4.8020515 4.8020873 4.8021229 4.8021584 4.8021936 4.8022288 4.8022637 4.8022986 4.8023332 4.8023677 4.802402 4.8024362 4.8024702 4.802504 4.8025377 4.8025712 4.8026045 4.8026377 4.8026707 4.8027036 4.8027363 4.8027688 4.8028011 4.8028333 4.8028654 4.8028972 4.8029289
4.8007904 4.8008306 4.8008706 4.8009105 4.8009503 4.8009899 4.8010295 4.8010689 4.8011082 4.8011473 4.8011864 4.8012253 4.801264 4.8013027 4.8013412 4.8013795 4.8014178 4.8014559 4.8014938 4.8015316 4.8015693 4.8016068 4.8016442 4.8016814 4.8017185 4.8017555 4.8017923 4.8018289 4.8018654 4.8019017 4.8019379 4.801974 4.8020099 4.8020456 4.8020812 4.8021166 4.8021518 4.802187 4.8022219 4.8022567 4.8022913 4.8023258 4.8023601 4.8023943 4.8024283 4.8024621 4.8024958 4.8025293 4.8025627 4.8025959 4.8026289 4.8026618 4.8026945 4.802727 4.8027594 4.8027916 4.8028237 4.8028556 4.8028873 4.8029188
4.8007924 4.8008323 4.800872 4.8009117 4.8009512 4.8009906 4.8010298 4.801069 4.801108 4.8011469 4.8011857 4.8012243 4.8012629 4.8013012 4.8013395 4.8013776 4.8014156 4.8014535 4.8014912 4.8015288 4.8015662 4.8016035 4.8016407 4.8016777 4.8017146 4.8017513 4.8017879 4.8018243 4.8018606 4.8018968 4.8019328 4.8019686 4.8020043 4.8020398 4.8020752 4.8021105 4.8021456 4.8021805 4.8022153 4.8022499 4.8022843 4.8023186 4.8023528 4.8023868 4.8024206 4.8024543 4.8024878 4.8025212 4.8025544 4.8025874 4.8026203 4.802653 4.8026856 4.802718 4.8027502 4.8027823 4.8028142 4.802846 4.8028776 4.802909
4.8007946 4.8008342 4.8008737 4.800913 4.8009523 4.8009914 4.8010304 4.8010693 4.801108 4.8011467 4.8011852 4.8012236 4.8012619 4.8013 4.8013381 4.8013759 4.8014137 4.8014513 4.8014888 4.8015262 4.8015634 4.8016005 4.8016374 4.8016742 4.8017109 4.8017474 4.8017838 4.80182 4.8018561 4.801892 4.8019278 4.8019635 4.801999 4.8020343 4.8020695 4.8021046 4.8021395 4.8021742 4.8022088 4.8022433 4.8022776 4.8023117 4.8023457 4.8023795 4.8024132 4.8024467 4.80248 4.8025132 4.8025463 4.8025792 4.8026119 4.8026445 4.8026769 4.8027091 4.8027412 4.8027732 4.802805 4.8028366 4.802868 4.8028993
4.800797 4.8008363 4.8008755 4.8009146 4.8009535 4.8009924 4.8010311 4.8010698 4.8011083 4.8011467 4.8011849 4.8012231 4.8012611 4.801299 4.8013368 4.8013745 4.801412 4.8014494 4.8014866 4.8015238 4.8015608 4.8015976 4.8016343 4.8016709 4.8017074 4.8017437 4.8017798 4.8018159 4.8018518 4.8018875 4.8019231 4.8019585 4.8019939 4.802029 4.802064 4.8020989 4.8021336 4.8021682 4.8022026 4.8022369 4.802271 4.8023049 4.8023388 4.8023724 4.8024059 4.8024393 4.8024725 4.8025055 4.8025384 4.8025711 4.8026037 4.8026362 4.8026684 4.8027005 4.8027325 4.8027643 4.8027959 4.8028274 4.8028587 4.8028899
4.8007996 4.8008386 4.8008775 4.8009163 4.800955 4.8009936 4.8010321 4.8010705 4.8011087 4.8011468 4.8011849 4.8012228 4.8012606 4.8012982 4.8013358 4.8013732 4.8014105 4.8014476 4.8014846 4.8015215 4.8015583 4.801595 4.8016315 4.8016678 4.8017041 4.8017402 4.8017761 4.8018119 4.8018476 4.8018832 4.8019186 4.8019538 4.8019889 4.8020239 4.8020587 4.8020934 4.8021279 4.8021623 4.8021966 4.8022307 4.8022646 4.8022984 4.802332 4.8023655 4.8023989 4.8024321 4.8024651 4.802498 4.8025307 4.8025633 4.8025958 4.802628 4.8026602 4.8026921 4.8027239 4.8027556 4.8027871 4.8028184 4.8028496 4.8028807
4.8008023 4.8008411 4.8008797 4.8009182 4.8009567 4.800995 4.8010332 4.8010713 4.8011093 4.8011472 4.801185 4.8012226 4.8012602 4.8012976 4.8013349 4.8013721 4.8014091 4.8014461 4.8014829 4.8015195 4.8015561 4.8015925 4.8016288 4.8016649 4.801701 4.8017369 4.8017726 4.8018082 4.8018437 4.801879 4.8019142 4.8019493 4.8019842 4.802019 4.8020536 4.8020881 4.8021225 4.8021567 4.8021908 4.8022247 4.8022584 4.8022921 4.8023255 4.8023589 4.8023921 4.8024251 4.802458 4.8024907 4.8025233 4.8025557 4.802588 4.8026201 4.8026521 4.8026839 4.8027156 4.8027471 4.8027785 4.8028097 4.8028407 4.8028717
4.8008052 4.8008437 4.8008821 4.8009203 4.8009585 4.8009966 4.8010345 4.8010724 4.8011101 4.8011478 4.8011853 4.8012227 4.80126 4.8012972 4.8013342 4.8013712 4.801408 4.8014447 4.8014813 4.8015177 4.801554 4.8015902 4.8016263 4.8016622 4.8016981 4.8017337 4.8017693 4.8018047 4.80184 4.8018751 4.8019101 4.801945 4.8019797 4.8020143 4.8020488 4.8020831 4.8021172 4.8021513 4.8021852 4.8022189 4.8022525 4.8022859 4.8023193 4.8023524 4.8023854 4.8024183 4.802451 4.8024836 4.802516 4.8025483 4.8025804 4.8026124 4.8026442 4.8026759 4.8027074 4.8027388 4.8027701 4.8028011 4.8028321 4.8028628
