Cobbity2/QGIS/Ave14_5.asc
NCOLS 399
NROWS 219
XLLCORNER 150.661
YLLCORNER -34.0267
CELLSIZE 1e-05
NODATA_VALUE -9999
[rows 78 to 103 of 219, columns 180 to 239 of 399]
4.8388299 4.8342792 4.8318088 4.8321184 4.8365332 4.8490903 4.8524592 4.8336573 4.8193205 4.8061959 4.7902116 4.7630675 4.7289883 4.7619335 4.784181 4.7961788 4.8046469 4.8111344 4.8159411 4.8183363 4.8183575 4.8239202 4.8314245 4.839259 4.8478342 4.8577392 4.8700966 4.8872075 4.9141733 4.9541752 4.9679968 4.9371062 4.9120706 4.8986535 4.8910159 4.8860687 4.8824962 4.8797172 4.8774472 4.8755291 4.8738654 4.872391 4.8710595 4.8698373 4.8686993 4.8676265 4.8666048 4.8656233 4.864674 4.8637508 4.8628492 4.8619659 4.8610985 4.8602454 4.8594055 4.8585782 4.8577629 4.8569596 4.8561682 4.8553889
4.8362227 4.8318105 4.830723 4.83211 4.8374476 4.8531455 4.8585329 4.8337025 4.8173017 4.8036318 4.7883553 4.7701822 4.7570261 4.7711618 4.787184 4.7974834 4.8045923 4.8097134 4.8131076 4.814022 4.8101687 4.8175071 4.8280745 4.8373576 4.8470656 4.8582688 4.8722903 4.8917301 4.9236356 4.9808204 5.0022276 4.9493984 4.9151262 4.8984126 4.8893146 4.8836865 4.8798208 4.8769455 4.8746775 4.8728086 4.8712163 4.8698226 4.8685752 4.8674376 4.8663833 4.8653927 4.8644515 4.8635487 4.8626762 4.8618278 4.8609991 4.8601867 4.8593883 4.8586022 4.8578271 4.8570625 4.8563079 4.8555631 4.8548281 4.854103
4.8313274 4.8296399 4.8299633 4.832367 4.8367399 4.840686 4.8382947 4.8270489 4.8141662 4.800609 4.7833421 4.7620022 4.7636027 4.7786126 4.790194 4.7983831 4.8040244 4.8076911 4.8094122 4.8096831 4.811806 4.817533 4.8264621 4.8362536 4.8468934 4.8592371 4.8745033 4.8940949 4.9188391 4.9473144 4.9566155 4.9331295 4.9103084 4.895935 4.8870813 4.8813317 4.8773495 4.8744194 4.8721482 4.8703098 4.8687677 4.8674352 4.8662547 4.8651866 4.8642027 4.8632827 4.8624114 4.8615777 4.8607732 4.8599917 4.8592285 4.8584802 4.8577444 4.8570192 4.8563035 4.8555966 4.8548979 4.8542073 4.8535247 4.8528502
4.8271706 4.8278787 4.8296852 4.8341491 4.8438216 4.8493242 4.8363323 4.8233835 4.811312 4.797991 4.779379 4.74605 4.7537571 4.7799381 4.7918843 4.7987099 4.8028855 4.8049761 4.8045091 4.798764 4.8013027 4.8143295 4.825089 4.8356936 4.8472128 4.8606636 4.8775279 4.8996875 4.9255132 4.9387677 4.9318565 4.9177205 4.9033106 4.8921473 4.8843078 4.8788471 4.8749397 4.872035 4.8697881 4.867984 4.8664858 4.8652045 4.8640799 4.8630705 4.8621469 4.8612878 4.8604776 4.8597048 4.8589606 4.8582388 4.8575344 4.856844 4.8561649 4.8554953 4.8548339 4.8541799 4.8535328 4.8528922 4.8522582 4.8516307
4.8250879 4.8268458 4.8296731 4.835502 4.8513031 4.8654687 4.8387664 4.8215783 4.8089294 4.795762 4.7810877 4.7703057 4.7733067 4.7848695 4.793439 4.798548 4.8010744 4.8012872 4.799694 4.7973872 4.8003289 4.8123617 4.8240852 4.8355659 4.8479461 4.8624019 4.8808097 4.9076835 4.9513184 4.9741619 4.9380462 4.9127527 4.8981796 4.8883213 4.8813195 4.8762663 4.8725469 4.8697365 4.8675487 4.8657929 4.8643416 4.8631083 4.8620337 4.8610759 4.8602051 4.8593994 4.8586431 4.8579241 4.8572337 4.8565652 4.8559137 4.8552755 4.8546478 4.8540288 4.853417 4.8528116 4.8522119 4.8516176 4.8510285 4.8504448
4.8239921 4.8264895 4.830044 4.835197 4.8413841 4.8426752 4.8314177 4.8185362 4.8064268 4.7921979 4.7703329 4.7583604 4.7770783 4.7881701 4.7945434 4.7978963 4.7985325 4.7958023 4.7882659 4.7866334 4.7992204 4.8116647 4.8237342 4.8359168 4.8491175 4.86443 4.8831266 4.9074059 4.9417668 4.9591743 4.9309465 4.9074023 4.893601 4.8846255 4.8782954 4.8736563 4.8701744 4.8675021 4.8654022 4.8637103 4.8623123 4.8611281 4.860101 4.8591906 4.8583672 4.8576093 4.8569009 4.85623 4.8555876 4.854967 4.8543631 4.853772 4.853191 4.852618 4.8520516 4.8514906 4.8509345 4.8503829 4.8498355 4.8492923
4.8234551 4.8267794 4.8317501 4.8401828 4.8464544 4.837953 4.8265971 4.8155516 4.8041903 4.7909062 4.7716649 4.7609864 4.7794858 4.7901036 4.7950487 4.7967588 4.7954503 4.7902623 4.7765602 4.7689958 4.7935837 4.8104645 4.8237793 4.8367403 4.8508363 4.8674014 4.8874907 4.9089627 4.9229736 4.9241675 4.9131333 4.8994041 4.8886764 4.8809405 4.8752899 4.8710643 4.8678385 4.865328 4.8633352 4.86172 4.8603821 4.8592493 4.8582692 4.8574036 4.8566241 4.8559097 4.8552446 4.854617 4.8540178 4.8534403 4.8528793 4.8523309 4.8517923 4.8512612 4.8507361 4.8502159 4.8496998 4.8491875 4.8486785 4.8481729
4.8235661 4.8275193 4.8337633 4.8483124 4.867963 4.8429546 4.8250752 4.8132269 4.8017998 4.7888487 4.7784756 4.779308 4.7861248 4.792152 4.795198 4.7952058 4.7915462 4.7836351 4.7773506 4.7814901 4.7955808 4.8107274 4.8244312 4.8380343 4.8530353 4.8713389 4.8965309 4.9319321 4.9471061 4.9236723 4.905376 4.8931206 4.8840973 4.8773902 4.8723597 4.8685272 4.8655578 4.8632182 4.8613429 4.8598126 4.85854 4.8574611 4.8565283 4.8557061 4.8549679 4.8542936 4.8536681 4.8530797 4.8525197 4.8519812 4.8514591 4.8509494 4.8504492 4.8499563 4.8494689 4.848986 4.8485068 4.8480306 4.8475572 4.8470865
4.8241994 4.8287636 4.8348321 4.8424911 4.8472303 4.8357736 4.8222083 4.8108914 4.7992605 4.782628 4.7607685 4.7769631 4.7886012 4.793431 4.795025 4.7935133 4.7871884 4.7696497 4.7469475 4.7738425 4.7961181 4.8117465 4.8256752 4.8397717 4.8554833 4.8745585 4.9009513 4.943535 4.9636599 4.9261209 4.90155 4.8885 4.8801013 4.8740761 4.8695531 4.8660738 4.8633483 4.8611788 4.8594246 4.8579834 4.8567793 4.8557559 4.8548704 4.8540905 4.8533917 4.852755 4.852166 4.8516136 4.8510892 4.8505861 4.8500992 4.8496247 4.8491595 4.8487013 4.8482485 4.8477998 4.8473543 4.8469114 4.8464708 4.8460323
4.8252126 4.8313331 4.8407316 4.8480117 4.8410762 4.829968 4.8189899 4.8084566 4.797604 4.7859624 4.7765543 4.7829899 4.7907025 4.7941556 4.7945803 4.7920166 4.7853639 4.771058 4.7548014 4.7761163 4.7976945 4.8133443 4.8274045 4.8419668 4.8585034 4.8780336 4.8995113 4.9188745 4.9250938 4.9106654 4.894834 4.8838875 4.8763881 4.8709676 4.8668833 4.8637202 4.8612218 4.8592161 4.8575817 4.8562302 4.8550956 4.8541281 4.8532897 4.8525511 4.8518898 4.8512885 4.8507334 4.8502141 4.8497222 4.8492515 4.8487967 4.8483542 4.8479208 4.8474944 4.8470731 4.8466556 4.8462411 4.8458289 4.8454186 4.8450099
4.8264523 4.8343961 4.851497 4.876765 4.8495915 4.8288693 4.8165204 4.8057638 4.7938996 4.781076 4.7819837 4.788351 4.7926472 4.7945092 4.7938156 4.7901682 4.7827849 4.7743802 4.7759458 4.787052 4.8015355 4.8156037 4.829507 4.8445393 4.8625064 4.8860644 4.9148335 4.9267729 4.9138788 4.8998872 4.8882412 4.8793672 4.8728619 4.8680313 4.8643489 4.8614739 4.8591856 4.8573346 4.8558158 4.8545521 4.8534861 4.8525738 4.8517815 4.8510829 4.8504576 4.8498895 4.8493661 4.8488773 4.8484154 4.8479741 4.8475487 4.8471353 4.846731 4.8463335 4.845941 4.8455522 4.8451662 4.8447822 4.8443998 4.8440186
4.8280762 4.8362529 4.8472875 4.8570664 4.8426627 4.8260252 4.8138661 4.8030206 4.7908453 4.7735155 4.7784372 4.7894599 4.7935096 4.7943939 4.7926765 4.7877753 4.7773659 4.757761 4.7697179 4.7896614 4.804339 4.8179178 4.8317704 4.8471173 4.8659936 4.8936592 4.9408008 4.9616396 4.9205293 4.8960763 4.8834622 4.8753609 4.8695836 4.86527 4.8619518 4.8593398 4.8572448 4.8555381 4.8541285 4.8529488 4.8519489 4.85109 4.8503422 4.849682 4.8490909 4.8485542 4.8480602 4.8475997 4.8471653 4.8467511 4.8463524 4.8459657 4.8455879 4.8452168 4.8448506 4.8444881 4.8441281 4.8437701 4.8434134 4.8430577
4.8312349 4.8428226 4.8516055 4.846171 4.8344653 4.8220731 4.8106318 4.7994059 4.7888065 4.7838144 4.7862246 4.7912351 4.7938839 4.7938755 4.7911694 4.7851126 4.7757804 4.7688124 4.776315 4.7921291 4.8065919 4.8201782 4.8341601 4.8496641 4.8678464 4.8903186 4.9194325 4.9315068 4.9091436 4.8901655 4.8789339 4.8716849 4.8665431 4.862687 4.8596962 4.8573221 4.8554032 4.8538291 4.8525208 4.85142 4.8504826 4.8496745 4.848969 4.8483453 4.8477864 4.8472791 4.8468125 4.8463781 4.845969 4.8455796 4.8452054 4.8448429 4.8444893 4.8441423 4.8438003 4.8434618 4.8431258 4.8427916 4.8424585 4.8421264
4.8354373 4.8573891 4.8888876 4.8585577 4.8334247 4.8190777 4.807142 4.7939659 4.7747954 4.7725623 4.7863277 4.7919627 4.793847 4.7930307 4.7893188 4.7813657 4.7648228 4.7567006 4.7781824 4.7947015 4.80892 4.8225764 4.8368477 4.8529201 4.8717749 4.8912561 4.9020033 4.9014813 4.8929361 4.8825314 4.8742563 4.8682077 4.8637185 4.8602837 4.8575863 4.8554246 4.8536636 4.8522093 4.8509934 4.8499652 4.8490858 4.8483251 4.8476594 4.8470698 4.8465411 4.8460611 4.8456199 4.8452097 4.8448238 4.844457 4.8441052 4.8437649 4.8434334 4.8431085 4.8427884 4.8424719 4.8421579 4.8418455 4.8415343 4.8412238
4.8376981 4.8551283 4.8752575 4.8535419 4.8306164 4.8159582 4.8036522 4.7910915 4.7763298 4.7747861 4.7866949 4.7921464 4.7934986 4.7919045 4.7871734 4.7787531 4.7663483 4.7619954 4.7803943 4.7971093 4.8113989 4.825227 4.8398818 4.856836 4.8790214 4.9098371 4.9203448 4.8994526 4.8857879 4.8768698 4.8701722 4.8650662 4.8611399 4.8580705 4.8556271 4.8536501 4.8520276 4.8506793 4.8495461 4.8485835 4.8477571 4.84704 4.846411 4.8458529 4.8453522 4.8448975 4.8444797 4.8440916 4.843727 4.843381 4.8430496 4.8427295 4.8424182 4.8421134 4.8418134 4.841517 4.8412231 4.8409309 4.8406398 4.8403493
4.8430784 4.8535125 4.8516713 4.8399728 4.8254203 4.8121693 4.7989874 4.7843743 4.7769524 4.7823577 4.7887342 4.7924324 4.7930303 4.7905544 4.7841417 4.7718246 4.7591549 4.7683491 4.7846029 4.7999485 4.8141482 4.8282385 4.8433245 4.8604357 4.8812599 4.908745 4.9181667 4.8967681 4.8817726 4.8729623 4.8668982 4.8623575 4.8588388 4.856057 4.8538216 4.8519994 4.8504949 4.8492385 4.8481779 4.8472735 4.8464946 4.845817 4.8452214 4.8446924 4.8442172 4.8437857 4.8433894 4.8430215 4.8426764 4.8423493 4.8420365 4.8417349 4.8414419 4.8411554 4.8408739 4.8405959 4.8403204 4.8400466 4.839774 4.8395019
4.8587983 4.8900784 4.8632448 4.8373074 4.8216333 4.8085449 4.7942922 4.7713414 4.7550901 4.7789479 4.7891067 4.7925576 4.7925489 4.7892641 4.7814141 4.763563 4.7325593 4.7588532 4.7856868 4.8026387 4.8171805 4.831764 4.8478042 4.8660488 4.8843749 4.8960693 4.8966289 4.8875516 4.8774381 4.8697949 4.8642313 4.8600501 4.8568092 4.8542395 4.8521663 4.8504694 4.8490631 4.8478845 4.8468865 4.8460331 4.8452963 4.844654 4.8440885 4.8435856 4.8431337 4.8427233 4.8423466 4.8419972 4.8416697 4.8413599 4.841064 4.8407791 4.8405028 4.840233 4.8399682 4.839707 4.8394484 4.8391916 4.8389359 4.8386808
4.8613627 4.8944716 4.8640578 4.8348866 4.8183728 4.8052767 4.7923045 4.7790936 4.7732818 4.7828633 4.7900311 4.7927423 4.7921507 4.7881323 4.7797928 4.7679212 4.7602535 4.7714823 4.7900027 4.8059691 4.8205988 4.8357896 4.853543 4.8769594 4.907285 4.9192302 4.9006777 4.8849469 4.8745821 4.8673043 4.8620251 4.8580706 4.855017 4.8526003 4.8506506 4.8490531 4.847727 4.8466136 4.8456689 4.8448596 4.8441596 4.8435485 4.8430099 4.8425304 4.8420995 4.8417081 4.8413491 4.8410163 4.8407049 4.8404106 4.8401301 4.8398604 4.8395992 4.8393447 4.8390951 4.8388492 4.8386061 4.8383647 4.8381246 4.8378851
4.8542208 4.8574365 4.8456238 4.8288222 4.8145384 4.8014852 4.7867725 4.7729191 4.7784424 4.7864054 4.7912157 4.7930592 4.7919223 4.7870617 4.7758421 4.754127 4.7549418 4.7775095 4.794777 4.809819 4.8243821 4.8400121 4.8587819 4.8856617 4.9310844 4.9513273 4.9102905 4.8852736 4.8728503 4.8653296 4.8601506 4.8563382 4.8534163 4.8511131 4.8492586 4.8477402 4.8464796 4.8454205 4.844521 4.8437496 4.8430816 4.8424978 4.8419829 4.8415243 4.8411121 4.8407378 4.8403946 4.8400769 4.8397799 4.8394997 4.839233 4.838977 4.8387296 4.8384888 4.8382531 4.8380213 4.8377922 4.837565 4.8373391 4.837114
4.8845041 4.8662843 4.8407277 4.8240777 4.8106945 4.7979366 4.7826729 4.7639725 4.7758977 4.7872042 4.7919611 4.7934372 4.7919787 4.7868322 4.7757696 4.7532653 4.7545347 4.7810972 4.799106 4.8139039 4.8285272 4.8445715 4.8631734 4.8848994 4.909339 4.918364 4.8995697 4.8817945 4.8706525 4.8634551 4.858451 4.8547721 4.8519602 4.849749 4.8479719 4.8465185 4.8453124 4.844299 4.8434381 4.8426992 4.842059 4.8414992 4.8410051 4.840565 4.8401693 4.8398102 4.8394812 4.8391769 4.8388929 4.8386253 4.838371 4.8381275 4.8378925 4.8376642 4.837441 4.8372219 4.8370056 4.8367914 4.8365786 4.8363667
4.9136545 4.8770638 4.8388622 4.8202506 4.8067878 4.7939544 4.7816307 4.7766172 4.7815253 4.7884129 4.792592 4.7939224 4.7923059 4.786853 4.7769941 4.7702683 4.7758967 4.7896598 4.8042503 4.8183088 4.8331139 4.8502522 4.871173 4.8936938 4.9048961 4.9000728 4.8887893 4.8771513 4.8680888 4.8615647 4.8568373 4.8533135 4.8506095 4.8484821 4.8467729 4.8453758 4.8442167 4.8432428 4.8424152 4.8417046 4.8410886 4.8405496 4.8400738 4.8396499 4.8392689 4.8389232 4.8386068 4.8383145 4.8380419 4.8377856 4.8375425 4.8373101 4.8370863 4.8368692 4.8366575 4.8364498 4.8362453 4.8360429 4.8358421 4.8356423
4.8616066 4.8506858 4.8309063 4.8155716 4.8025257 4.7879394 4.7656542 4.7602478 4.7795483 4.7887574 4.7931775 4.79461 4.7930359 4.7869752 4.7708202 4.7559423 4.7790346 4.7957516 4.8093115 4.8228573 4.8379453 4.8565834 4.8830548 4.9235467 4.9414625 4.9095126 4.8871829 4.8744058 4.8658556 4.8597628 4.8552935 4.8519303 4.8493366 4.8472912 4.8456464 4.844301 4.8431843 4.8422456 4.8414474 4.8407617 4.8401669 4.8396463 4.8391864 4.8387768 4.8384086 4.8380748 4.8377694 4.8374876 4.8372253 4.836979 4.8367459 4.8365234 4.8363096 4.8361027 4.8359013 4.8357041 4.8355101 4.8353185 4.8351286 4.8349399
4.8560062 4.8386341 4.8236061 4.8107109 4.7984136 4.7847462 4.7678683 4.7644291 4.7798648 4.7891802 4.7938971 4.7955928 4.794387 4.7896898 4.7809174 4.775401 4.7876761 4.8015323 4.8141528 4.827399 4.8427856 4.8618819 4.8876492 4.9261068 4.9434223 4.9100482 4.8856599 4.8722665 4.8638695 4.8580531 4.8538065 4.8506023 4.8481225 4.846161 4.8445801 4.8432848 4.8422081 4.8413018 4.8405303 4.8398669 4.8392909 4.8387863 4.8383405 4.8379433 4.8375864 4.8372629 4.8369672 4.8366947 4.8364414 4.8362039 4.8359796 4.835766 4.8355611 4.8353633 4.8351711 4.8349834 4.834799 4.8346173 4.8344374 4.8342588
4.8769039 4.8364326 4.8185495 4.8061812 4.7938521 4.7788558 4.7658133 4.7707253 4.7818022 4.7900581 4.7949062 4.7969043 4.795961 4.7910838 4.7839467 4.7877361 4.7968559 4.8074043 4.8188241 4.8319078 4.8480972 4.8684708 4.8907213 4.9070077 4.9094153 4.8961764 4.8808058 4.8695556 4.8618229 4.856358 4.8523489 4.849313 4.8469541 4.8450809 4.8435656 4.8423203 4.8412824 4.8404068 4.8396599 4.8390166 4.8384574 4.8379671 4.8375336 4.8371472 4.8368 4.8364855 4.8361983 4.8359338 4.8356884 4.8354587 4.8352422 4.8350364 4.8348395 4.8346499 4.834466 4.8342867 4.8341111 4.8339382 4.8337674 4.8335981
4.8487433 4.8270251 4.812968 4.8018852 4.7894965 4.7692337 4.7359749 4.7593499 4.7812237 4.7910016 4.7962509 4.7986326 4.7980981 4.792841 4.7812412 4.7896432 4.8021834 4.8123245 4.8230517 4.8361111 4.8539813 4.8807393 4.9170238 4.9324871 4.9112415 4.8909781 4.876765 4.8667445 4.8596974 4.8546417 4.8509021 4.8480523 4.8458243 4.8440447 4.8425977 4.8414028 4.840403 4.8395567 4.8388329 4.838208 4.8376639 4.8371862 4.8367635 4.8363864 4.8360477 4.8357409 4.8354609 4.8352034 4.8349648 4.8347419 4.8345322 4.8343333 4.8341435 4.833961 4.8337846 4.833613 4.8334452 4.8332805 4.833118 4.8329571
4.8222889 4.8155431 4.8070673 4.797973 4.7870302 4.7730332 4.7603905 4.7693177 4.7835831 4.7926082 4.7980356 4.8008403 4.801043 4.7988206 4.7968468 4.8002596 4.8080546 4.8167941 4.8267088 4.8393034 4.8578395 4.8904233 4.9499795 4.9784226 4.9252194 4.8906158 4.8738097 4.8640236 4.857529 4.8529062 4.8494659 4.8468203 4.8447328 4.8430514 4.8416741 4.8405297 4.8395671 4.8387488 4.8380466 4.8374386 4.8369079 4.8364413 4.8360279 4.8356589 4.8353273 4.8350271 4.8347533 4.8345018 4.834269 4.834052 4.8338482 4.8336554 4.8334718 4.8332958 4.833126 4.8329612 4.8328005 4.8326431 4.8324881 4.832335
