Cobbity2/QGIS/Ave14-Ave13.asc
NCOLS 800
NROWS 439
XLLCORNER 150.66
YLLCORNER -34.0271
CELLSIZE 1e-05
NODATA_VALUE -9999
[rows 78 to 103 of 439, columns 360 to 419 of 800]
4.8031245 4.8030178 4.802912 4.802807 4.8027029 4.8025997 4.8024974 4.8023959 4.8022952 4.8021955 4.8020965 4.8019984 4.8019012 4.8018048 4.8017092 4.8016145 4.8015206 4.8014275 4.8013353 4.8012439 4.8011532 4.8010634 4.8009744 4.8008863 4.8007989 4.8007123 4.8006264 4.8005414 4.8004572 4.8003737 4.800291 4.8002091 4.8001279 4.8000475 4.7999678 4.7998889 4.7998107 4.7997333 4.7996566 4.7995806 4.7995054 4.7994308 4.799357 4.7992839 4.7992115 4.7991398 4.7990688 4.7989984 4.7989288 4.7988598 4.7987915 4.7987239 4.7986569 4.7985906 4.798525 4.79846 4.7983956 4.7983319 4.7982688 4.7982063
4.8030886 4.8029813 4.8028749 4.8027694 4.8026647 4.802561 4.8024581 4.802356 4.8022549 4.8021546 4.8020552 4.8019566 4.8018589 4.801762 4.801666 4.8015709 4.8014766 4.8013831 4.8012905 4.8011986 4.8011077 4.8010175 4.8009282 4.8008396 4.8007519 4.800665 4.8005789 4.8004935 4.800409 4.8003253 4.8002423 4.8001601 4.8000787 4.799998 4.7999181 4.799839 4.7997606 4.799683 4.7996061 4.7995299 4.7994545 4.7993797 4.7993058 4.7992325 4.7991599 4.7990881 4.7990169 4.7989464 4.7988766 4.7988076 4.7987391 4.7986714 4.7986043 4.7985379 4.7984722 4.7984071 4.7983426 4.7982788 4.7982157 4.7981532
4.803052 4.8029441 4.8028371 4.802731 4.8026257 4.8025214 4.802418 4.8023154 4.8022137 4.8021129 4.802013 4.801914 4.8018158 4.8017185 4.8016221 4.8015265 4.8014318 4.8013379 4.8012449 4.8011527 4.8010613 4.8009708 4.8008811 4.8007923 4.8007042 4.800617 4.8005306 4.800445 4.8003601 4.8002761 4.8001929 4.8001104 4.8000288 4.7999479 4.7998678 4.7997884 4.7997098 4.7996319 4.7995548 4.7994785 4.7994029 4.799328 4.7992538 4.7991804 4.7991077 4.7990357 4.7989644 4.7988938 4.7988239 4.7987547 4.7986861 4.7986183 4.7985511 4.7984846 4.7984188 4.7983536 4.7982891 4.7982252 4.798162 4.7980994
4.8030146 4.8029061 4.8027985 4.8026918 4.802586 4.8024811 4.8023771 4.802274 4.8021718 4.8020705 4.8019701 4.8018706 4.801772 4.8016743 4.8015774 4.8014814 4.8013862 4.801292 4.8011986 4.801106 4.8010143 4.8009234 4.8008334 4.8007442 4.8006558 4.8005683 4.8004816 4.8003957 4.8003106 4.8002263 4.8001428 4.8000601 4.7999782 4.799897 4.7998167 4.7997371 4.7996583 4.7995803 4.799503 4.7994264 4.7993506 4.7992756 4.7992013 4.7991277 4.7990548 4.7989827 4.7989112 4.7988405 4.7987705 4.7987011 4.7986325 4.7985646 4.7984973 4.7984307 4.7983648 4.7982995 4.7982349 4.798171 4.7981077 4.7980451
4.8029764 4.8028673 4.8027591 4.8026518 4.8025454 4.80244 4.8023354 4.8022318 4.8021291 4.8020274 4.8019265 4.8018265 4.8017274 4.8016292 4.8015319 4.8014355 4.8013399 4.8012453 4.8011515 4.8010585 4.8009665 4.8008753 4.8007849 4.8006954 4.8006067 4.8005188 4.8004318 4.8003456 4.8002603 4.8001757 4.800092 4.800009 4.7999269 4.7998455 4.7997649 4.7996851 4.7996061 4.7995279 4.7994504 4.7993737 4.7992977 4.7992225 4.799148 4.7990743 4.7990013 4.798929 4.7988574 4.7987866 4.7987164 4.798647 4.7985783 4.7985102 4.7984429 4.7983762 4.7983102 4.7982449 4.7981802 4.7981162 4.7980529 4.7979902
4.8029374 4.8028277 4.8027189 4.802611 4.8025041 4.8023981 4.802293 4.8021889 4.8020857 4.8019834 4.801882 4.8017816 4.801682 4.8015834 4.8014856 4.8013888 4.8012929 4.8011978 4.8011036 4.8010103 4.8009179 4.8008263 4.8007356 4.8006458 4.8005568 4.8004687 4.8003814 4.8002949 4.8002092 4.8001244 4.8000404 4.7999572 4.7998748 4.7997933 4.7997125 4.7996325 4.7995533 4.7994748 4.7993972 4.7993203 4.7992441 4.7991687 4.7990941 4.7990202 4.7989471 4.7988747 4.798803 4.798732 4.7986618 4.7985922 4.7985234 4.7984553 4.7983878 4.7983211 4.798255 4.7981896 4.7981249 4.7980608 4.7979974 4.7979346
4.8028976 4.8027873 4.8026778 4.8025694 4.8024619 4.8023553 4.8022497 4.8021451 4.8020414 4.8019386 4.8018367 4.8017358 4.8016358 4.8015368 4.8014386 4.8013413 4.801245 4.8011496 4.801055 4.8009613 4.8008686 4.8007767 4.8006856 4.8005955 4.8005062 4.8004177 4.8003301 4.8002434 4.8001575 4.8000724 4.7999881 4.7999047 4.7998221 4.7997403 4.7996593 4.7995791 4.7994997 4.7994211 4.7993432 4.7992662 4.7991899 4.7991143 4.7990395 4.7989655 4.7988922 4.7988197 4.7987479 4.7986768 4.7986064 4.7985368 4.7984679 4.7983996 4.7983321 4.7982653 4.7981991 4.7981337 4.7980689 4.7980048 4.7979413 4.7978785
4.802857 4.802746 4.802636 4.8025269 4.8024189 4.8023118 4.8022056 4.8021005 4.8019962 4.801893 4.8017907 4.8016893 4.8015888 4.8014893 4.8013907 4.8012931 4.8011963 4.8011005 4.8010056 4.8009116 4.8008184 4.8007262 4.8006348 4.8005444 4.8004548 4.800366 4.8002782 4.8001911 4.800105 4.8000196 4.7999351 4.7998515 4.7997686 4.7996866 4.7996054 4.799525 4.7994454 4.7993666 4.7992886 4.7992113 4.7991349 4.7990592 4.7989843 4.7989101 4.7988367 4.798764 4.7986921 4.7986209 4.7985505 4.7984807 4.7984117 4.7983434 4.7982758 4.7982089 4.7981427 4.7980772 4.7980123 4.7979482 4.7978847 4.7978218
4.8028155 4.8027039 4.8025933 4.8024836 4.802375 4.8022674 4.8021607 4.802055 4.8019503 4.8018465 4.8017437 4.8016419 4.801541 4.8014411 4.8013421 4.801244 4.8011469 4.8010507 4.8009554 4.800861 4.8007675 4.800675 4.8005833 4.8004925 4.8004026 4.8003136 4.8002254 4.8001381 4.8000517 4.7999661 4.7998814 4.7997975 4.7997144 4.7996322 4.7995508 4.7994702 4.7993904 4.7993114 4.7992332 4.7991558 4.7990792 4.7990034 4.7989283 4.798854 4.7987805 4.7987077 4.7986357 4.7985644 4.7984938 4.798424 4.7983549 4.7982865 4.7982188 4.7981519 4.7980856 4.79802 4.7979551 4.7978909 4.7978274 4.7977645
4.8027731 4.8026609 4.8025497 4.8024395 4.8023303 4.8022221 4.8021149 4.8020087 4.8019035 4.8017993 4.801696 4.8015937 4.8014924 4.801392 4.8012926 4.8011941 4.8010966 4.801 4.8009044 4.8008096 4.8007158 4.8006229 4.8005309 4.8004398 4.8003496 4.8002603 4.8001719 4.8000843 4.7999977 4.7999118 4.7998269 4.7997427 4.7996595 4.799577 4.7994954 4.7994146 4.7993347 4.7992555 4.7991772 4.7990996 4.7990229 4.7989469 4.7988717 4.7987973 4.7987236 4.7986507 4.7985786 4.7985072 4.7984366 4.7983666 4.7982975 4.798229 4.7981612 4.7980942 4.7980279 4.7979623 4.7978973 4.7978331 4.7977695 4.7977066
4.8027299 4.8026171 4.8025053 4.8023945 4.8022847 4.802176 4.8020683 4.8019616 4.8018558 4.8017511 4.8016474 4.8015446 4.8014429 4.8013421 4.8012423 4.8011434 4.8010455 4.8009485 4.8008525 4.8007574 4.8006633 4.8005701 4.8004778 4.8003864 4.8002959 4.8002063 4.8001176 4.8000298 4.7999429 4.7998568 4.7997716 4.7996873 4.7996038 4.7995211 4.7994393 4.7993584 4.7992782 4.7991989 4.7991204 4.7990427 4.7989658 4.7988897 4.7988144 4.7987398 4.7986661 4.798593 4.7985208 4.7984493 4.7983786 4.7983086 4.7982393 4.7981708 4.798103 4.7980359 4.7979695 4.7979039 4.7978389 4.7977746 4.797711 4.7976481
4.8026857 4.8025723 4.8024599 4.8023486 4.8022383 4.802129 4.8020207 4.8019135 4.8018073 4.8017021 4.8015979 4.8014947 4.8013925 4.8012913 4.8011911 4.8010918 4.8009936 4.8008962 4.8007999 4.8007044 4.80061 4.8005164 4.8004238 4.8003321 4.8002413 4.8001515 4.8000625 4.7999744 4.7998873 4.799801 4.7997156 4.799631 4.7995473 4.7994645 4.7993825 4.7993013 4.799221 4.7991416 4.7990629 4.798985 4.798908 4.7988318 4.7987563 4.7986817 4.7986078 4.7985347 4.7984623 4.7983908 4.79832 4.7982499 4.7981806 4.798112 4.7980441 4.797977 4.7979105 4.7978448 4.7977798 4.7977155 4.7976519 4.797589
4.8026407 4.8025267 4.8024137 4.8023018 4.8021909 4.8020811 4.8019723 4.8018646 4.8017579 4.8016522 4.8015476 4.8014439 4.8013413 4.8012397 4.8011391 4.8010394 4.8009408 4.8008431 4.8007463 4.8006506 4.8005558 4.8004619 4.800369 4.800277 4.800186 4.8000959 4.8000066 4.7999183 4.7998309 4.7997444 4.7996587 4.799574 4.7994901 4.7994071 4.7993249 4.7992436 4.7991631 4.7990835 4.7990046 4.7989267 4.7988495 4.7987731 4.7986976 4.7986228 4.7985488 4.7984756 4.7984032 4.7983315 4.7982606 4.7981905 4.7981211 4.7980525 4.7979845 4.7979174 4.7978509 4.7977851 4.7977201 4.7976558 4.7975921 4.7975292
4.8025947 4.8024801 4.8023665 4.802254 4.8021426 4.8020323 4.801923 4.8018148 4.8017076 4.8016015 4.8014963 4.8013923 4.8012892 4.8011872 4.8010862 4.8009861 4.8008871 4.800789 4.800692 4.8005959 4.8005008 4.8004066 4.8003134 4.8002211 4.8001298 4.8000394 4.7999499 4.7998614 4.7997737 4.799687 4.7996011 4.7995162 4.7994321 4.7993489 4.7992665 4.799185 4.7991044 4.7990246 4.7989457 4.7988675 4.7987902 4.7987138 4.7986381 4.7985632 4.7984891 4.7984158 4.7983433 4.7982716 4.7982006 4.7981304 4.798061 4.7979923 4.7979243 4.7978571 4.7977906 4.7977248 4.7976598 4.7975954 4.7975318 4.7974688
4.8025478 4.8024326 4.8023184 4.8022054 4.8020934 4.8019826 4.8018728 4.801764 4.8016564 4.8015498 4.8014442 4.8013397 4.8012362 4.8011338 4.8010324 4.800932 4.8008326 4.8007342 4.8006368 4.8005403 4.8004449 4.8003504 4.8002569 4.8001644 4.8000728 4.7999821 4.7998924 4.7998036 4.7997158 4.7996288 4.7995427 4.7994576 4.7993733 4.7992899 4.7992074 4.7991258 4.799045 4.798965 4.7988859 4.7988077 4.7987303 4.7986537 4.7985779 4.7985029 4.7984287 4.7983554 4.7982828 4.798211 4.79814 4.7980697 4.7980002 4.7979314 4.7978634 4.7977962 4.7977296 4.7976638 4.7975988 4.7975344 4.7974707 4.7974078
4.8024999 4.8023841 4.8022694 4.8021558 4.8020433 4.8019319 4.8018216 4.8017124 4.8016042 4.8014972 4.8013912 4.8012862 4.8011823 4.8010795 4.8009777 4.8008769 4.8007771 4.8006784 4.8005807 4.8004839 4.8003882 4.8002934 4.8001996 4.8001068 4.800015 4.7999241 4.7998341 4.7997451 4.799657 4.7995698 4.7994835 4.7993982 4.7993137 4.7992302 4.7991475 4.7990657 4.7989848 4.7989047 4.7988255 4.7987471 4.7986695 4.7985928 4.798517 4.7984419 4.7983676 4.7982942 4.7982215 4.7981497 4.7980786 4.7980083 4.7979387 4.7978699 4.7978019 4.7977346 4.797668 4.7976022 4.7975371 4.7974727 4.7974091 4.7973461
4.8024511 4.8023347 4.8022194 4.8021052 4.8019922 4.8018803 4.8017694 4.8016597 4.8015511 4.8014436 4.8013372 4.8012318 4.8011275 4.8010243 4.8009221 4.8008209 4.8007208 4.8006218 4.8005237 4.8004266 4.8003306 4.8002355 4.8001415 4.8000484 4.7999563 4.7998651 4.7997749 4.7996857 4.7995974 4.79951 4.7994235 4.799338 4.7992534 4.7991696 4.7990868 4.7990048 4.7989238 4.7988436 4.7987642 4.7986857 4.7986081 4.7985313 4.7984553 4.7983801 4.7983058 4.7982323 4.7981596 4.7980876 4.7980165 4.7979461 4.7978765 4.7978077 4.7977396 4.7976723 4.7976058 4.7975399 4.7974748 4.7974104 4.7973468 4.7972838
4.8024012 4.8022842 4.8021684 4.8020537 4.8019401 4.8018277 4.8017164 4.8016062 4.8014971 4.8013891 4.8012823 4.8011765 4.8010718 4.8009681 4.8008656 4.8007641 4.8006636 4.8005642 4.8004658 4.8003685 4.8002721 4.8001768 4.8000824 4.7999891 4.7998967 4.7998053 4.7997149 4.7996254 4.7995369 4.7994493 4.7993627 4.799277 4.7991922 4.7991083 4.7990253 4.7989432 4.798862 4.7987817 4.7987022 4.7986236 4.7985458 4.7984689 4.7983929 4.7983176 4.7982432 4.7981696 4.7980969 4.7980249 4.7979537 4.7978833 4.7978137 4.7977448 4.7976767 4.7976094 4.7975428 4.797477 4.7974119 4.7973475 4.7972838 4.7972209
4.8023504 4.8022328 4.8021164 4.8020011 4.801887 4.8017741 4.8016623 4.8015516 4.8014421 4.8013337 4.8012264 4.8011202 4.8010151 4.8009111 4.8008081 4.8007063 4.8006055 4.8005057 4.800407 4.8003094 4.8002127 4.8001171 4.8000225 4.7999289 4.7998363 4.7997447 4.799654 4.7995644 4.7994756 4.7993879 4.799301 4.7992152 4.7991302 4.7990461 4.798963 4.7988808 4.7987994 4.798719 4.7986394 4.7985607 4.7984829 4.7984059 4.7983297 4.7982544 4.7981799 4.7981063 4.7980334 4.7979614 4.7978902 4.7978197 4.7977501 4.7976812 4.7976131 4.7975458 4.7974792 4.7974133 4.7973482 4.7972839 4.7972202 4.7971573
4.8022985 4.8021804 4.8020634 4.8019476 4.801833 4.8017195 4.8016072 4.8014961 4.8013861 4.8012773 4.8011695 4.8010629 4.8009575 4.8008531 4.8007498 4.8006476 4.8005464 4.8004464 4.8003473 4.8002494 4.8001525 4.8000566 4.7999617 4.7998679 4.799775 4.7996832 4.7995923 4.7995024 4.7994135 4.7993256 4.7992386 4.7991525 4.7990674 4.7989832 4.7988999 4.7988176 4.7987361 4.7986555 4.7985758 4.798497 4.7984191 4.798342 4.7982658 4.7981904 4.7981159 4.7980422 4.7979693 4.7978972 4.797826 4.7977555 4.7976858 4.7976169 4.7975488 4.7974814 4.7974149 4.797349 4.7972839 4.7972196 4.797156 4.7970931
4.8022456 4.8021269 4.8020093 4.801893 4.8017779 4.8016639 4.8015512 4.8014396 4.8013291 4.8012199 4.8011117 4.8010047 4.8008988 4.8007941 4.8006904 4.8005879 4.8004864 4.800386 4.8002867 4.8001885 4.8000913 4.7999951 4.7999 4.7998059 4.7997128 4.7996208 4.7995297 4.7994396 4.7993505 4.7992624 4.7991752 4.799089 4.7990037 4.7989194 4.798836 4.7987535 4.7986719 4.7985913 4.7985115 4.7984326 4.7983546 4.7982774 4.7982011 4.7981257 4.7980511 4.7979773 4.7979044 4.7978323 4.797761 4.7976905 4.7976208 4.7975519 4.7974838 4.7974164 4.7973499 4.797284 4.797219 4.7971546 4.7970911 4.7970282
4.8021917 4.8020724 4.8019543 4.8018374 4.8017218 4.8016073 4.8014941 4.801382 4.8012712 4.8011615 4.8010529 4.8009455 4.8008393 4.8007341 4.8006301 4.8005272 4.8004255 4.8003248 4.8002252 4.8001266 4.8000292 4.7999328 4.7998374 4.7997431 4.7996498 4.7995575 4.7994662 4.7993759 4.7992867 4.7991984 4.799111 4.7990247 4.7989393 4.7988548 4.7987713 4.7986887 4.798607 4.7985262 4.7984463 4.7983674 4.7982893 4.798212 4.7981357 4.7980602 4.7979856 4.7979118 4.7978388 4.7977667 4.7976953 4.7976248 4.7975551 4.7974862 4.7974181 4.7973508 4.7972842 4.7972184 4.7971533 4.797089 4.7970255 4.7969627
4.8021366 4.8020168 4.8018981 4.8017807 4.8016646 4.8015497 4.801436 4.8013235 4.8012122 4.801102 4.8009931 4.8008853 4.8007787 4.8006732 4.8005689 4.8004656 4.8003635 4.8002626 4.8001627 4.8000639 4.7999661 4.7998695 4.7997739 4.7996793 4.7995858 4.7994933 4.7994018 4.7993114 4.7992219 4.7991335 4.799046 4.7989595 4.7988739 4.7987893 4.7987057 4.798623 4.7985412 4.7984603 4.7983804 4.7983013 4.7982232 4.7981459 4.7980695 4.7979939 4.7979192 4.7978454 4.7977724 4.7977003 4.7976289 4.7975584 4.7974887 4.7974198 4.7973517 4.7972844 4.7972178 4.797152 4.797087 4.7970227 4.7969592 4.7968964
4.8020805 4.8019601 4.8018409 4.801723 4.8016064 4.801491 4.8013768 4.8012638 4.8011521 4.8010416 4.8009322 4.8008241 4.8007171 4.8006113 4.8005066 4.8004031 4.8003007 4.8001994 4.8000992 4.8000001 4.7999021 4.7998052 4.7997094 4.7996146 4.7995209 4.7994282 4.7993366 4.7992459 4.7991563 4.7990677 4.7989801 4.7988934 4.7988078 4.798723 4.7986393 4.7985565 4.7984746 4.7983936 4.7983136 4.7982345 4.7981563 4.7980789 4.7980025 4.7979269 4.7978522 4.7977783 4.7977053 4.7976331 4.7975618 4.7974913 4.7974216 4.7973527 4.7972846 4.7972173 4.7971507 4.797085 4.79702 4.7969558 4.7968923 4.7968296
4.8020233 4.8019023 4.8017826 4.8016642 4.8015471 4.8014312 4.8013166 4.8012032 4.801091 4.8009801 4.8008704 4.8007618 4.8006545 4.8005483 4.8004433 4.8003395 4.8002368 4.8001352 4.8000348 4.7999354 4.7998372 4.7997401 4.799644 4.799549 4.7994551 4.7993622 4.7992704 4.7991796 4.7990898 4.7990011 4.7989133 4.7988265 4.7987407 4.7986559 4.798572 4.7984891 4.7984072 4.7983261 4.798246 4.7981669 4.7980886 4.7980112 4.7979347 4.7978591 4.7977843 4.7977105 4.7976374 4.7975652 4.7974939 4.7974234 4.7973537 4.7972848 4.7972167 4.7971494 4.7970829 4.7970172 4.7969523 4.7968881 4.7968247 4.796762
4.8019649 4.8018434 4.8017232 4.8016043 4.8014867 4.8013703 4.8012553 4.8011414 4.8010289 4.8009175 4.8008074 4.8006985 4.8005909 4.8004844 4.800379 4.8002749 4.8001719 4.8000701 4.7999693 4.7998698 4.7997713 4.7996739 4.7995777 4.7994825 4.7993884 4.7992953 4.7992033 4.7991124 4.7990224 4.7989335 4.7988456 4.7987587 4.7986728 4.7985879 4.7985039 4.798421 4.7983389 4.7982578 4.7981776 4.7980984 4.7980201 4.7979426 4.7978661 4.7977905 4.7977157 4.7976418 4.7975688 4.7974966 4.7974253 4.7973548 4.7972851 4.7972162 4.7971482 4.7970809 4.7970145 4.7969488 4.7968839 4.7968198 4.7967564 4.7966938
