Cobbity2/QGIS/Ave14+Ave30.asc
NCOLS 800
NROWS 439
XLLCORNER 150.66
YLLCORNER -34.0271
CELLSIZE 1e-05
NODATA_VALUE -9999
[rows 130 to 155 of 439, columns 60 to 119 of 800]
4.7946698 4.7946438 4.7946181 4.7945926 4.7945674 4.7945424 4.7945177 4.7944932 4.7944691 4.7944452 4.7944216 4.7943983 4.7943753 4.7943527 4.7943303 4.7943083 4.7942866 4.7942653 4.7942443 4.7942237 4.7942035 4.7941836 4.7941641 4.794145 4.7941264 4.7941081 4.7940903 4.7940729 4.7940559 4.7940394 4.7940234 4.7940078 4.7939927 4.7939781 4.7939641 4.7939505 4.7939375 4.793925 4.7939131 4.7939017 4.793891 4.7938808 4.7938712 4.7938623 4.793854 4.7938463 4.7938393 4.793833 4.7938274 4.7938225 4.7938183 4.7938149 4.7938122 4.7938103 4.7938092 4.7938089 4.7938094 4.7938108 4.7938131 4.7938162
4.7945535 4.7945267 4.7945001 4.7944738 4.7944477 4.7944218 4.7943963 4.7943709 4.7943459 4.7943211 4.7942967 4.7942725 4.7942486 4.794225 4.7942017 4.7941788 4.7941562 4.7941339 4.794112 4.7940904 4.7940692 4.7940483 4.7940279 4.7940078 4.7939881 4.7939688 4.79395 4.7939315 4.7939135 4.793896 4.7938789 4.7938623 4.7938461 4.7938305 4.7938153 4.7938006 4.7937865 4.7937729 4.7937599 4.7937474 4.7937355 4.7937241 4.7937134 4.7937033 4.7936938 4.793685 4.7936768 4.7936692 4.7936624 4.7936563 4.7936508 4.7936461 4.7936422 4.793639 4.7936367 4.7936351 4.7936343 4.7936344 4.7936353 4.7936372
4.7944369 4.7944092 4.7943818 4.7943546 4.7943277 4.794301 4.7942745 4.7942483 4.7942224 4.7941967 4.7941714 4.7941463 4.7941215 4.794097 4.7940728 4.7940489 4.7940253 4.7940021 4.7939792 4.7939566 4.7939344 4.7939126 4.7938911 4.7938701 4.7938494 4.7938291 4.7938092 4.7937897 4.7937707 4.7937521 4.7937339 4.7937162 4.793699 4.7936822 4.7936659 4.7936502 4.7936349 4.7936202 4.793606 4.7935924 4.7935793 4.7935668 4.7935549 4.7935436 4.7935329 4.7935228 4.7935134 4.7935047 4.7934966 4.7934892 4.7934825 4.7934766 4.7934714 4.7934669 4.7934632 4.7934603 4.7934583 4.793457 4.7934566 4.7934571
4.79432 4.7942915 4.7942632 4.7942352 4.7942074 4.7941798 4.7941525 4.7941254 4.7940986 4.794072 4.7940457 4.7940197 4.793994 4.7939685 4.7939434 4.7939186 4.7938941 4.7938699 4.793846 4.7938225 4.7937993 4.7937764 4.793754 4.7937319 4.7937101 4.7936888 4.7936679 4.7936474 4.7936273 4.7936076 4.7935883 4.7935695 4.7935512 4.7935334 4.793516 4.7934991 4.7934827 4.7934668 4.7934515 4.7934367 4.7934224 4.7934088 4.7933956 4.7933831 4.7933712 4.79336 4.7933493 4.7933393 4.79333 4.7933213 4.7933134 4.7933061 4.7932996 4.7932939 4.7932889 4.7932847 4.7932812 4.7932786 4.7932769 4.793276
4.7942028 4.7941735 4.7941444 4.7941155 4.7940868 4.7940583 4.7940301 4.7940021 4.7939744 4.7939469 4.7939197 4.7938928 4.7938661 4.7938398 4.7938137 4.7937879 4.7937624 4.7937372 4.7937124 4.7936878 4.7936637 4.7936398 4.7936163 4.7935932 4.7935705 4.7935481 4.7935261 4.7935045 4.7934833 4.7934626 4.7934422 4.7934224 4.7934029 4.7933839 4.7933654 4.7933474 4.7933299 4.7933128 4.7932963 4.7932803 4.7932649 4.79325 4.7932357 4.793222 4.7932089 4.7931963 4.7931844 4.7931732 4.7931626 4.7931526 4.7931434 4.7931349 4.793127 4.7931199 4.7931136 4.793108 4.7931033 4.7930993 4.7930962 4.7930939
4.7940854 4.7940552 4.7940252 4.7939955 4.7939659 4.7939366 4.7939074 4.7938786 4.7938499 4.7938216 4.7937934 4.7937655 4.7937379 4.7937106 4.7936836 4.7936568 4.7936304 4.7936042 4.7935784 4.7935528 4.7935276 4.7935028 4.7934783 4.7934541 4.7934303 4.7934069 4.7933838 4.7933612 4.7933389 4.7933171 4.7932956 4.7932746 4.7932541 4.793234 4.7932143 4.7931951 4.7931764 4.7931582 4.7931405 4.7931234 4.7931067 4.7930906 4.7930751 4.7930601 4.7930458 4.793032 4.7930188 4.7930063 4.7929944 4.7929832 4.7929726 4.7929627 4.7929536 4.7929451 4.7929374 4.7929305 4.7929244 4.792919 4.7929145 4.7929108
4.7939678 4.7939367 4.7939058 4.7938752 4.7938447 4.7938145 4.7937845 4.7937547 4.7937252 4.7936958 4.7936668 4.793638 4.7936094 4.7935811 4.7935531 4.7935254 4.7934979 4.7934708 4.793444 4.7934174 4.7933912 4.7933653 4.7933398 4.7933146 4.7932897 4.7932652 4.7932411 4.7932173 4.793194 4.793171 4.7931485 4.7931264 4.7931047 4.7930834 4.7930626 4.7930423 4.7930224 4.793003 4.7929841 4.7929657 4.7929479 4.7929306 4.7929138 4.7928976 4.7928819 4.7928669 4.7928524 4.7928386 4.7928254 4.7928129 4.792801 4.7927898 4.7927793 4.7927695 4.7927604 4.7927521 4.7927445 4.7927378 4.7927318 4.7927267
4.7938498 4.7938179 4.7937862 4.7937546 4.7937233 4.7936922 4.7936612 4.7936305 4.7936001 4.7935698 4.7935398 4.7935101 4.7934805 4.7934513 4.7934223 4.7933936 4.7933652 4.793337 4.7933092 4.7932816 4.7932544 4.7932274 4.7932008 4.7931746 4.7931487 4.7931231 4.7930979 4.793073 4.7930486 4.7930245 4.7930008 4.7929776 4.7929547 4.7929323 4.7929104 4.7928888 4.7928678 4.7928472 4.7928271 4.7928075 4.7927884 4.7927698 4.7927518 4.7927343 4.7927174 4.7927011 4.7926853 4.7926702 4.7926557 4.7926418 4.7926286 4.792616 4.7926041 4.7925929 4.7925825 4.7925727 4.7925638 4.7925556 4.7925482 4.7925416
4.7937317 4.7936989 4.7936662 4.7936338 4.7936016 4.7935695 4.7935377 4.7935061 4.7934747 4.7934435 4.7934125 4.7933818 4.7933513 4.7933211 4.7932912 4.7932615 4.793232 4.7932029 4.793174 4.7931454 4.7931171 4.7930892 4.7930615 4.7930342 4.7930072 4.7929805 4.7929542 4.7929283 4.7929027 4.7928775 4.7928527 4.7928283 4.7928043 4.7927807 4.7927575 4.7927348 4.7927126 4.7926908 4.7926695 4.7926486 4.7926283 4.7926085 4.7925892 4.7925704 4.7925522 4.7925346 4.7925175 4.792501 4.7924852 4.7924699 4.7924553 4.7924414 4.7924281 4.7924155 4.7924037 4.7923925 4.7923821 4.7923724 4.7923636 4.7923555
4.7936133 4.7935796 4.7935461 4.7935127 4.7934796 4.7934467 4.7934139 4.7933813 4.793349 4.7933169 4.793285 4.7932533 4.7932218 4.7931906 4.7931597 4.793129 4.7930985 4.7930683 4.7930384 4.7930088 4.7929795 4.7929505 4.7929217 4.7928933 4.7928653 4.7928375 4.7928101 4.792783 4.7927563 4.79273 4.792704 4.7926785 4.7926533 4.7926285 4.7926042 4.7925803 4.7925568 4.7925338 4.7925112 4.7924892 4.7924676 4.7924465 4.7924259 4.7924058 4.7923863 4.7923673 4.7923489 4.7923311 4.7923139 4.7922973 4.7922813 4.792266 4.7922513 4.7922373 4.792224 4.7922114 4.7921995 4.7921884 4.792178 4.7921685
4.7934946 4.7934601 4.7934257 4.7933914 4.7933574 4.7933235 4.7932898 4.7932563 4.793223 4.79319 4.7931571 4.7931244 4.793092 4.7930598 4.7930278 4.7929961 4.7929647 4.7929335 4.7929025 4.7928719 4.7928415 4.7928114 4.7927816 4.7927521 4.7927229 4.7926941 4.7926655 4.7926373 4.7926095 4.792582 4.7925549 4.7925282 4.7925018 4.7924759 4.7924503 4.7924252 4.7924005 4.7923762 4.7923524 4.7923291 4.7923062 4.7922838 4.7922619 4.7922406 4.7922197 4.7921994 4.7921797 4.7921605 4.7921419 4.7921239 4.7921065 4.7920898 4.7920737 4.7920582 4.7920435 4.7920294 4.792016 4.7920034 4.7919916 4.7919805
4.7933758 4.7933403 4.793305 4.7932699 4.7932349 4.7932001 4.7931655 4.793131 4.7930968 4.7930628 4.7930289 4.7929953 4.7929619 4.7929287 4.7928957 4.792863 4.7928305 4.7927982 4.7927663 4.7927345 4.7927031 4.7926719 4.792641 4.7926105 4.7925802 4.7925502 4.7925205 4.7924912 4.7924622 4.7924336 4.7924053 4.7923774 4.7923498 4.7923227 4.7922959 4.7922695 4.7922436 4.7922181 4.792193 4.7921684 4.7921442 4.7921206 4.7920974 4.7920747 4.7920525 4.7920308 4.7920097 4.7919892 4.7919692 4.7919498 4.791931 4.7919128 4.7918952 4.7918783 4.7918621 4.7918465 4.7918317 4.7918175 4.7918041 4.7917915
4.7932567 4.7932204 4.7931841 4.7931481 4.7931122 4.7930765 4.7930409 4.7930055 4.7929703 4.7929353 4.7929005 4.7928658 4.7928314 4.7927972 4.7927633 4.7927295 4.792696 4.7926627 4.7926297 4.7925969 4.7925643 4.7925321 4.7925001 4.7924684 4.792437 4.7924059 4.7923751 4.7923446 4.7923145 4.7922847 4.7922552 4.7922261 4.7921973 4.792169 4.792141 4.7921134 4.7920862 4.7920594 4.7920331 4.7920071 4.7919817 4.7919567 4.7919322 4.7919081 4.7918846 4.7918616 4.7918391 4.7918171 4.7917957 4.7917749 4.7917547 4.791735 4.791716 4.7916976 4.7916799 4.7916628 4.7916465 4.7916308 4.7916158 4.7916016
4.7931375 4.7931002 4.793063 4.7930261 4.7929892 4.7929526 4.7929161 4.7928797 4.7928435 4.7928075 4.7927717 4.7927361 4.7927007 4.7926655 4.7926305 4.7925957 4.7925611 4.7925268 4.7924927 4.7924588 4.7924252 4.7923919 4.7923588 4.792326 4.7922935 4.7922612 4.7922293 4.7921977 4.7921663 4.7921353 4.7921047 4.7920744 4.7920444 4.7920148 4.7919855 4.7919567 4.7919282 4.7919002 4.7918725 4.7918453 4.7918185 4.7917922 4.7917663 4.791741 4.791716 4.7916916 4.7916677 4.7916444 4.7916216 4.7915993 4.7915776 4.7915565 4.791536 4.7915161 4.7914969 4.7914783 4.7914604 4.7914431 4.7914266 4.7914108
4.793018 4.7929798 4.7929417 4.7929038 4.7928661 4.7928284 4.792791 4.7927537 4.7927165 4.7926795 4.7926428 4.7926061 4.7925697 4.7925335 4.7924974 4.7924616 4.792426 4.7923906 4.7923554 4.7923205 4.7922858 4.7922513 4.7922171 4.7921832 4.7921495 4.7921161 4.792083 4.7920502 4.7920177 4.7919856 4.7919537 4.7919221 4.791891 4.7918601 4.7918296 4.7917995 4.7917698 4.7917404 4.7917115 4.7916829 4.7916548 4.7916271 4.7915999 4.7915732 4.7915469 4.7915211 4.7914958 4.791471 4.7914467 4.791423 4.7913998 4.7913772 4.7913552 4.7913338 4.791313 4.7912929 4.7912734 4.7912546 4.7912365 4.791219
4.7928983 4.7928592 4.7928202 4.7927814 4.7927427 4.7927041 4.7926657 4.7926274 4.7925893 4.7925513 4.7925135 4.7924759 4.7924384 4.7924012 4.7923641 4.7923272 4.7922905 4.7922541 4.7922178 4.7921818 4.792146 4.7921104 4.7920751 4.79204 4.7920052 4.7919707 4.7919364 4.7919024 4.7918687 4.7918353 4.7918023 4.7917695 4.7917371 4.791705 4.7916732 4.7916418 4.7916108 4.7915801 4.7915499 4.79152 4.7914905 4.7914615 4.7914329 4.7914048 4.7913771 4.7913498 4.7913231 4.7912969 4.7912711 4.7912459 4.7912213 4.7911972 4.7911737 4.7911507 4.7911284 4.7911067 4.7910856 4.7910652 4.7910455 4.7910264
4.7927785 4.7927384 4.7926985 4.7926587 4.7926191 4.7925795 4.7925401 4.7925009 4.7924618 4.7924228 4.792384 4.7923454 4.7923069 4.7922686 4.7922305 4.7921925 4.7921548 4.7921172 4.7920799 4.7920428 4.7920059 4.7919692 4.7919327 4.7918965 4.7918605 4.7918248 4.7917894 4.7917542 4.7917193 4.7916847 4.7916504 4.7916164 4.7915827 4.7915493 4.7915163 4.7914836 4.7914513 4.7914193 4.7913877 4.7913565 4.7913257 4.7912953 4.7912653 4.7912357 4.7912066 4.791178 4.7911498 4.7911221 4.7910949 4.7910682 4.7910421 4.7910164 4.7909914 4.7909669 4.790943 4.7909197 4.790897 4.7908749 4.7908536 4.7908329
4.7926584 4.7926175 4.7925766 4.7925359 4.7924953 4.7924548 4.7924144 4.7923741 4.792334 4.7922941 4.7922543 4.7922146 4.7921751 4.7921357 4.7920966 4.7920576 4.7920187 4.7919801 4.7919417 4.7919034 4.7918654 4.7918276 4.79179 4.7917526 4.7917155 4.7916786 4.791642 4.7916056 4.7915695 4.7915337 4.7914981 4.7914629 4.7914279 4.7913933 4.791359 4.791325 4.7912913 4.791258 4.7912251 4.7911925 4.7911603 4.7911285 4.7910971 4.7910662 4.7910356 4.7910055 4.7909759 4.7909467 4.790918 4.7908898 4.7908621 4.790835 4.7908083 4.7907823 4.7907568 4.7907319 4.7907075 4.7906839 4.7906608 4.7906384
4.7925382 4.7924963 4.7924545 4.7924129 4.7923713 4.7923298 4.7922884 4.7922472 4.7922061 4.7921651 4.7921243 4.7920836 4.792043 4.7920026 4.7919624 4.7919223 4.7918824 4.7918427 4.7918032 4.7917638 4.7917246 4.7916857 4.791647 4.7916084 4.7915701 4.791532 4.7914942 4.7914566 4.7914193 4.7913822 4.7913454 4.7913089 4.7912727 4.7912368 4.7912011 4.7911658 4.7911309 4.7910962 4.7910619 4.791028 4.7909944 4.7909612 4.7909284 4.790896 4.790864 4.7908324 4.7908013 4.7907707 4.7907404 4.7907107 4.7906815 4.7906528 4.7906246 4.7905969 4.7905698 4.7905433 4.7905173 4.790492 4.7904672 4.7904432
4.7924179 4.792375 4.7923323 4.7922896 4.7922471 4.7922046 4.7921623 4.7921201 4.7920779 4.7920359 4.7919941 4.7919523 4.7919107 4.7918693 4.791828 4.7917868 4.7917458 4.791705 4.7916644 4.7916239 4.7915836 4.7915435 4.7915036 4.7914639 4.7914244 4.7913851 4.7913461 4.7913073 4.7912687 4.7912304 4.7911924 4.7911546 4.791117 4.7910798 4.7910429 4.7910062 4.7909699 4.7909339 4.7908983 4.7908629 4.790828 4.7907933 4.7907591 4.7907253 4.7906918 4.7906588 4.7906262 4.790594 4.7905623 4.790531 4.7905002 4.7904699 4.7904401 4.7904108 4.7903821 4.7903539 4.7903263 4.7902992 4.7902728 4.790247
4.7922973 4.7922536 4.7922099 4.7921663 4.7921227 4.7920793 4.792036 4.7919927 4.7919496 4.7919066 4.7918637 4.7918209 4.7917782 4.7917357 4.7916933 4.7916511 4.791609 4.7915671 4.7915253 4.7914837 4.7914422 4.791401 4.7913599 4.791319 4.7912783 4.7912379 4.7911976 4.7911576 4.7911178 4.7910782 4.7910389 4.7909998 4.790961 4.7909225 4.7908842 4.7908462 4.7908085 4.7907712 4.7907341 4.7906974 4.790661 4.790625 4.7905893 4.790554 4.7905191 4.7904845 4.7904504 4.7904167 4.7903834 4.7903506 4.7903182 4.7902863 4.7902549 4.790224 4.7901936 4.7901638 4.7901345 4.7901057 4.7900776 4.79005
4.7921767 4.7921319 4.7920873 4.7920427 4.7919982 4.7919538 4.7919094 4.7918652 4.791821 4.791777 4.791733 4.7916892 4.7916455 4.7916019 4.7915584 4.7915151 4.7914719 4.7914288 4.7913859 4.7913432 4.7913006 4.7912582 4.7912159 4.7911739 4.791132 4.7910903 4.7910488 4.7910075 4.7909665 4.7909256 4.790885 4.7908447 4.7908045 4.7907647 4.7907251 4.7906858 4.7906467 4.790608 4.7905695 4.7905314 4.7904936 4.7904561 4.790419 4.7903822 4.7903458 4.7903097 4.7902741 4.7902388 4.790204 4.7901696 4.7901356 4.7901021 4.7900691 4.7900365 4.7900045 4.7899729 4.7899419 4.7899114 4.7898815 4.7898522
4.7920559 4.7920102 4.7919646 4.791919 4.7918735 4.7918281 4.7917827 4.7917375 4.7916923 4.7916472 4.7916022 4.7915573 4.7915125 4.7914679 4.7914233 4.7913789 4.7913346 4.7912904 4.7912463 4.7912024 4.7911587 4.7911151 4.7910717 4.7910284 4.7909853 4.7909424 4.7908997 4.7908572 4.7908148 4.7907727 4.7907308 4.7906891 4.7906477 4.7906065 4.7905656 4.7905249 4.7904845 4.7904443 4.7904045 4.7903649 4.7903257 4.7902867 4.7902481 4.7902098 4.7901719 4.7901344 4.7900972 4.7900604 4.7900239 4.7899879 4.7899524 4.7899172 4.7898825 4.7898483 4.7898146 4.7897813 4.7897486 4.7897164 4.7896847 4.7896536
4.7919349 4.7918883 4.7918417 4.7917951 4.7917487 4.7917022 4.7916559 4.7916096 4.7915634 4.7915173 4.7914712 4.7914253 4.7913794 4.7913336 4.791288 4.7912424 4.791197 4.7911517 4.7911065 4.7910614 4.7910165 4.7909717 4.7909271 4.7908826 4.7908383 4.7907942 4.7907502 4.7907064 4.7906628 4.7906194 4.7905762 4.7905333 4.7904905 4.790448 4.7904057 4.7903636 4.7903218 4.7902802 4.790239 4.790198 4.7901573 4.7901169 4.7900768 4.790037 4.7899975 4.7899584 4.7899197 4.7898813 4.7898433 4.7898057 4.7897685 4.7897317 4.7896954 4.7896595 4.789624 4.789589 4.7895545 4.7895206 4.7894871 4.7894542
4.7918139 4.7917663 4.7917187 4.7916712 4.7916237 4.7915762 4.7915289 4.7914815 4.7914343 4.7913871 4.79134 4.791293 4.7912461 4.7911992 4.7911524 4.7911058 4.7910592 4.7910128 4.7909664 4.7909202 4.7908741 4.7908281 4.7907823 4.7907366 4.7906911 4.7906457 4.7906005 4.7905554 4.7905105 4.7904658 4.7904213 4.790377 4.7903329 4.790289 4.7902454 4.7902019 4.7901587 4.7901157 4.790073 4.7900306 4.7899884 4.7899465 4.7899049 4.7898636 4.7898227 4.789782 4.7897417 4.7897017 4.7896621 4.7896229 4.789584 4.7895456 4.7895075 4.7894699 4.7894328 4.789396 4.7893598 4.789324 4.7892888 4.789254
4.7916927 4.7916441 4.7915956 4.791547 4.7914985 4.7914501 4.7914017 4.7913534 4.7913051 4.7912568 4.7912087 4.7911606 4.7911125 4.7910646 4.7910167 4.7909689 4.7909212 4.7908736 4.7908261 4.7907787 4.7907314 4.7906843 4.7906372 4.7905903 4.7905436 4.7904969 4.7904504 4.7904041 4.7903579 4.7903119 4.7902661 4.7902205 4.790175 4.7901297 4.7900847 4.7900398 4.7899952 4.7899508 4.7899067 4.7898628 4.7898191 4.7897757 4.7897326 4.7896898 4.7896473 4.7896051 4.7895632 4.7895216 4.7894804 4.7894395 4.789399 4.7893588 4.7893191 4.7892798 4.7892408 4.7892024 4.7891643 4.7891268 4.7890897 4.7890531
