Cobbity2/QGIS/Ave14-Ave30.asc
NCOLS 700
NROWS 440
XLLCORNER 150.66
YLLCORNER -34.0281
CELLSIZE 1e-05
NODATA_VALUE -9999
[rows 0 to 25 of 440, columns 120 to 179 of 700]
4.7091227 4.7089973 4.7088693 4.7087385 4.708605 4.7084687 4.7083294 4.7081873 4.7080422 4.707894 4.7077428 4.7075885 4.707431 4.7072703 4.7071063 4.706939 4.7067682 4.706594 4.7064163 4.706235 4.7060501 4.7058614 4.7056691 4.7054728 4.7052727 4.7050686 4.7048605 4.7046483 4.7044319 4.7042113 4.7039863 4.703757 4.7035232 4.7032848 4.7030418 4.7027941 4.7025416 4.7022843 4.702022 4.7017546 4.7014821 4.7012044 4.7009214 4.700633 4.7003392 4.7000397 4.6997346 4.6994236 4.6991069 4.6987841 4.6984553 4.6981203 4.697779 4.6974314 4.6970772 4.6967165 4.6963491 4.6959749 4.6955938 4.6952056
4.7095146 4.7093914 4.7092657 4.7091372 4.7090059 4.7088718 4.7087349 4.708595 4.7084522 4.7083064 4.7081575 4.7080055 4.7078504 4.707692 4.7075303 4.7073653 4.7071969 4.7070251 4.7068497 4.7066708 4.7064882 4.7063019 4.7061119 4.705918 4.7057203 4.7055185 4.7053128 4.7051029 4.7048889 4.7046706 4.7044479 4.7042209 4.7039894 4.7037534 4.7035127 4.7032673 4.7030171 4.702762 4.7025019 4.7022368 4.7019665 4.701691 4.7014101 4.7011239 4.7008321 4.7005347 4.7002317 4.6999228 4.699608 4.6992872 4.6989603 4.6986272 4.6982877 4.6979419 4.6975895 4.6972305 4.6968647 4.6964921 4.6961125 4.6957258
4.709909 4.7097882 4.7096647 4.7095385 4.7094096 4.7092778 4.7091432 4.7090057 4.7088653 4.7087218 4.7085753 4.7084257 4.7082729 4.7081169 4.7079576 4.707795 4.707629 4.7074596 4.7072866 4.7071101 4.70693 4.7067461 4.7065585 4.7063671 4.7061717 4.7059724 4.7057691 4.7055616 4.70535 4.7051341 4.7049139 4.7046893 4.7044602 4.7042265 4.7039882 4.7037452 4.7034973 4.7032446 4.7029868 4.702724 4.702456 4.7021828 4.7019042 4.7016202 4.7013306 4.7010354 4.7007345 4.7004277 4.700115 4.6997963 4.6994714 4.6991403 4.6988028 4.6984588 4.6981083 4.6977511 4.697387 4.6970161 4.6966381 4.696253
4.7103061 4.7101876 4.7100665 4.7099426 4.709816 4.7096867 4.7095544 4.7094193 4.7092813 4.7091402 4.7089961 4.708849 4.7086986 4.7085451 4.7083882 4.7082281 4.7080646 4.7078976 4.7077271 4.7075531 4.7073754 4.707194 4.7070089 4.70682 4.7066271 4.7064303 4.7062295 4.7060245 4.7058154 4.705602 4.7053843 4.7051621 4.7049355 4.7047043 4.7044684 4.7042278 4.7039824 4.7037321 4.7034768 4.7032163 4.7029507 4.7026799 4.7024036 4.7021219 4.7018347 4.7015417 4.7012431 4.7009385 4.700628 4.7003114 4.6999886 4.6996596 4.6993241 4.6989822 4.6986336 4.6982783 4.6979162 4.697547 4.6971708 4.6967874
4.7107057 4.7105896 4.7104709 4.7103495 4.7102253 4.7100983 4.7099685 4.7098359 4.7097003 4.7095617 4.7094201 4.7092754 4.7091275 4.7089765 4.7088221 4.7086645 4.7085035 4.7083391 4.7081711 4.7079996 4.7078245 4.7076457 4.7074631 4.7072768 4.7070865 4.7068922 4.706694 4.7064916 4.706285 4.7060742 4.705859 4.7056394 4.7054153 4.7051867 4.7049534 4.7047153 4.7044724 4.7042246 4.7039717 4.7037138 4.7034507 4.7031823 4.7029085 4.7026292 4.7023443 4.7020537 4.7017574 4.7014552 4.701147 4.7008326 4.7005121 4.7001852 4.6998519 4.6995121 4.6991656 4.6988123 4.6984521 4.6980849 4.6977105 4.6973289
4.711108 4.7109943 4.710878 4.710759 4.7106373 4.7105128 4.7103855 4.7102553 4.7101222 4.7099862 4.7098471 4.7097049 4.7095596 4.7094111 4.7092594 4.7091043 4.7089459 4.708784 4.7086187 4.7084498 4.7082773 4.7081011 4.7079212 4.7077374 4.7075498 4.7073582 4.7071625 4.7069628 4.7067588 4.7065506 4.7063381 4.7061212 4.7058997 4.7056737 4.705443 4.7052075 4.7049672 4.704722 4.7044718 4.7042164 4.7039559 4.70369 4.7034187 4.7031419 4.7028596 4.7025715 4.7022776 4.7019778 4.7016719 4.70136 4.7010418 4.7007172 4.7003862 4.7000485 4.6997042 4.6993531 4.6989949 4.6986298 4.6982574 4.6978777
4.7115128 4.7114016 4.7112877 4.7111713 4.7110521 4.7109301 4.7108053 4.7106777 4.7105472 4.7104137 4.7102772 4.7101376 4.7099949 4.709849 4.7096999 4.7095475 4.7093917 4.7092325 4.7090698 4.7089036 4.7087338 4.7085603 4.708383 4.7082019 4.708017 4.7078281 4.7076352 4.7074381 4.7072369 4.7070314 4.7068216 4.7066074 4.7063886 4.7061653 4.7059373 4.7057046 4.705467 4.7052245 4.7049769 4.7047242 4.7044663 4.7042031 4.7039344 4.7036603 4.7033805 4.703095 4.7028036 4.7025063 4.702203 4.7018935 4.7015777 4.7012556 4.7009269 4.7005916 4.7002496 4.6999007 4.6995448 4.6991817 4.6988115 4.6984338
4.7119202 4.7118115 4.7117002 4.7115862 4.7114696 4.7113502 4.711228 4.711103 4.710975 4.7108442 4.7107103 4.7105734 4.7104333 4.7102901 4.7101437 4.709994 4.7098409 4.7096844 4.7095245 4.709361 4.7091939 4.7090231 4.7088486 4.7086703 4.7084882 4.708302 4.7081119 4.7079176 4.7077192 4.7075165 4.7073095 4.7070981 4.7068821 4.7066616 4.7064364 4.7062065 4.7059716 4.7057319 4.7054871 4.7052372 4.704982 4.7047215 4.7044556 4.7041841 4.7039071 4.7036242 4.7033355 4.7030409 4.7027402 4.7024332 4.70212 4.7018004 4.7014742 4.7011414 4.7008017 4.7004552 4.7001016 4.6997408 4.6993728 4.6989973
4.7123301 4.712224 4.7121152 4.7120039 4.7118898 4.7117731 4.7116535 4.7115311 4.7114059 4.7112777 4.7111465 4.7110123 4.7108749 4.7107345 4.7105908 4.7104438 4.7102935 4.7101398 4.7099826 4.7098219 4.7096577 4.7094897 4.7093181 4.7091426 4.7089633 4.70878 4.7085927 4.7084013 4.7082058 4.708006 4.7078018 4.7075933 4.7073802 4.7071626 4.7069403 4.7067132 4.7064812 4.7062443 4.7060024 4.7057553 4.705503 4.7052454 4.7049823 4.7047136 4.7044394 4.7041593 4.7038734 4.7035815 4.7032835 4.7029792 4.7026687 4.7023517 4.7020281 4.7016978 4.7013607 4.7010166 4.7006655 4.7003071 4.6999414 4.6995683
4.7127426 4.712639 4.7125329 4.7124242 4.7123128 4.7121987 4.7120819 4.7119622 4.7118396 4.7117142 4.7115857 4.7114543 4.7113197 4.711182 4.7110411 4.710897 4.7107495 4.7105986 4.7104443 4.7102865 4.7101251 4.7099601 4.7097913 4.7096188 4.7094423 4.709262 4.7090776 4.7088892 4.7086966 4.7084997 4.7082986 4.708093 4.7078829 4.7076682 4.7074488 4.7072247 4.7069958 4.7067618 4.7065229 4.7062787 4.7060294 4.7057747 4.7055145 4.7052488 4.7049774 4.7047002 4.7044172 4.7041281 4.7038329 4.7035315 4.7032237 4.7029095 4.7025886 4.702261 4.7019266 4.7015851 4.7012365 4.7008807 4.7005175 4.7001467
4.7131576 4.7130567 4.7129533 4.7128472 4.7127385 4.7126272 4.712513 4.7123961 4.7122763 4.7121536 4.712028 4.7118994 4.7117676 4.7116328 4.7114948 4.7113535 4.7112089 4.711061 4.7109096 4.7107547 4.7105962 4.7104341 4.7102684 4.7100988 4.7099254 4.709748 4.7095667 4.7093812 4.7091917 4.7089978 4.7087997 4.7085972 4.7083901 4.7081785 4.7079622 4.7077411 4.7075152 4.7072844 4.7070484 4.7068074 4.7065611 4.7063094 4.7060523 4.7057896 4.7055212 4.705247 4.7049669 4.7046808 4.7043886 4.7040901 4.7037852 4.7034738 4.7031558 4.702831 4.7024993 4.7021606 4.7018148 4.7014616 4.701101 4.7007328
4.7135751 4.7134769 4.7133762 4.7132729 4.713167 4.7130584 4.712947 4.7128329 4.7127159 4.7125961 4.7124733 4.7123475 4.7122187 4.7120868 4.7119517 4.7118133 4.7116717 4.7115267 4.7113783 4.7112264 4.711071 4.7109119 4.7107492 4.7105827 4.7104123 4.710238 4.7100598 4.7098775 4.709691 4.7095003 4.7093053 4.7091059 4.708902 4.7086935 4.7084803 4.7082624 4.7080397 4.707812 4.7075792 4.7073413 4.7070981 4.7068496 4.7065956 4.706336 4.7060707 4.7057997 4.7055227 4.7052397 4.7049505 4.704655 4.7043532 4.7040448 4.7037297 4.7034079 4.7030791 4.7027433 4.7024002 4.7020499 4.701692 4.7013265
4.7139951 4.7138997 4.7138017 4.7137012 4.7135981 4.7134923 4.7133838 4.7132725 4.7131585 4.7130415 4.7129216 4.7127988 4.7126729 4.7125439 4.7124118 4.7122765 4.7121379 4.7119959 4.7118506 4.7117018 4.7115494 4.7113934 4.7112338 4.7110704 4.7109032 4.7107321 4.710557 4.7103779 4.7101946 4.7100071 4.7098153 4.7096191 4.7094184 4.7092131 4.7090032 4.7087886 4.7085691 4.7083446 4.7081151 4.7078804 4.7076405 4.7073952 4.7071445 4.7068881 4.7066261 4.7063583 4.7060845 4.7058047 4.7055187 4.7052264 4.7049277 4.7046224 4.7043104 4.7039917 4.7036659 4.7033331 4.702993 4.7026456 4.7022906 4.7019279
4.7144177 4.714325 4.7142299 4.7141322 4.7140319 4.713929 4.7138234 4.713715 4.7136039 4.7134899 4.713373 4.7132531 4.7131302 4.7130043 4.7128752 4.712743 4.7126074 4.7124686 4.7123263 4.7121807 4.7120315 4.7118787 4.7117222 4.711562 4.711398 4.7112301 4.7110583 4.7108824 4.7107024 4.7105182 4.7103297 4.7101368 4.7099394 4.7097375 4.7095309 4.7093196 4.7091034 4.7088823 4.7086562 4.7084249 4.7081883 4.7079464 4.707699 4.707446 4.7071873 4.7069228 4.7066524 4.7063758 4.7060932 4.7058041 4.7055087 4.7052067 4.7048979 4.7045824 4.7042598 4.7039301 4.7035931 4.7032487 4.7028968 4.7025371
4.7148426 4.7147528 4.7146606 4.7145658 4.7144684 4.7143684 4.7142657 4.7141603 4.7140522 4.7139412 4.7138273 4.7137105 4.7135907 4.7134678 4.7133418 4.7132127 4.7130803 4.7129446 4.7128056 4.7126631 4.7125171 4.7123676 4.7122144 4.7120575 4.7118968 4.7117322 4.7115637 4.7113911 4.7112145 4.7110336 4.7108485 4.710659 4.7104651 4.7102666 4.7100634 4.7098555 4.7096428 4.7094252 4.7092025 4.7089746 4.7087415 4.708503 4.7082591 4.7080096 4.7077544 4.7074933 4.7072263 4.7069532 4.706674 4.7063884 4.7060963 4.7057977 4.7054923 4.70518 4.7048608 4.7045344 4.7042006 4.7038595 4.7035107 4.7031541
4.7152701 4.7151832 4.7150938 4.7150019 4.7149075 4.7148105 4.7147108 4.7146084 4.7145033 4.7143954 4.7142846 4.7141709 4.7140542 4.7139345 4.7138117 4.7136857 4.7135566 4.7134241 4.7132883 4.7131491 4.7130064 4.7128602 4.7127103 4.7125568 4.7123994 4.7122383 4.7120731 4.711904 4.7117308 4.7115534 4.7113718 4.7111857 4.7109953 4.7108003 4.7106007 4.7103963 4.7101872 4.709973 4.7097539 4.7095296 4.7093001 4.7090652 4.7088249 4.7085789 4.7083273 4.7080698 4.7078063 4.7075368 4.7072611 4.7069791 4.7066905 4.7063954 4.7060935 4.7057847 4.7054689 4.7051459 4.7048156 4.7044778 4.7041323 4.7037791
4.7157 4.715616 4.7155296 4.7154407 4.7153493 4.7152553 4.7151586 4.7150593 4.7149573 4.7148525 4.7147448 4.7146343 4.7145208 4.7144043 4.7142847 4.714162 4.7140361 4.713907 4.7137745 4.7136387 4.7134993 4.7133565 4.71321 4.7130599 4.712906 4.7127483 4.7125867 4.7124211 4.7122514 4.7120775 4.7118994 4.711717 4.7115301 4.7113387 4.7111427 4.710942 4.7107365 4.710526 4.7103106 4.71009 4.7098641 4.7096329 4.7093962 4.709154 4.708906 4.7086522 4.7083925 4.7081267 4.7078546 4.7075763 4.7072914 4.7069999 4.7067016 4.7063965 4.7060843 4.7057648 4.7054381 4.7051037 4.7047618 4.7044119
4.7161323 4.7160513 4.7159679 4.715882 4.7157937 4.7157027 4.7156092 4.715513 4.7154141 4.7153125 4.715208 4.7151007 4.7149905 4.7148772 4.714761 4.7146416 4.714519 4.7143933 4.7142642 4.7141317 4.7139958 4.7138564 4.7137135 4.7135668 4.7134165 4.7132623 4.7131043 4.7129422 4.7127762 4.7126059 4.7124315 4.7122527 4.7120695 4.7118819 4.7116896 4.7114926 4.7112908 4.7110841 4.7108724 4.7106556 4.7104335 4.7102061 4.7099733 4.7097348 4.7094907 4.7092407 4.7089848 4.7087228 4.7084546 4.70818 4.7078989 4.7076112 4.7073167 4.7070153 4.7067068 4.7063911 4.706068 4.7057374 4.7053991 4.7050528
4.7165671 4.7164891 4.7164087 4.7163259 4.7162406 4.7161528 4.7160625 4.7159695 4.7158738 4.7157754 4.7156742 4.7155701 4.7154632 4.7153533 4.7152404 4.7151244 4.7150052 4.7148829 4.7147573 4.7146283 4.7144959 4.7143601 4.7142206 4.7140776 4.7139308 4.7137803 4.7136259 4.7134675 4.7133052 4.7131387 4.712968 4.7127929 4.7126135 4.7124297 4.7122412 4.7120481 4.7118501 4.7116473 4.7114395 4.7112265 4.7110084 4.7107849 4.710556 4.7103215 4.7100813 4.7098352 4.7095833 4.7093252 4.7090609 4.7087903 4.7085131 4.7082294 4.7079388 4.7076413 4.7073367 4.7070249 4.7067056 4.7063788 4.7060442 4.7057018
4.7170042 4.7169293 4.716852 4.7167723 4.7166902 4.7166056 4.7165184 4.7164287 4.7163362 4.7162411 4.7161432 4.7160425 4.7159389 4.7158324 4.7157229 4.7156104 4.7154947 4.7153759 4.7152538 4.7151284 4.7149996 4.7148673 4.7147315 4.7145921 4.7144491 4.7143022 4.7141516 4.713997 4.7138384 4.7136757 4.7135088 4.7133377 4.7131621 4.7129821 4.7127976 4.7126084 4.7124144 4.7122156 4.7120117 4.7118028 4.7115887 4.7113692 4.7111443 4.7109139 4.7106777 4.7104358 4.7101879 4.7099339 4.7096737 4.7094071 4.7091341 4.7088544 4.7085679 4.7082744 4.7079739 4.7076661 4.7073508 4.707028 4.7066974 4.7063588
4.7174437 4.7173719 4.7172978 4.7172213 4.7171423 4.717061 4.716977 4.7168906 4.7168015 4.7167097 4.7166151 4.7165178 4.7164177 4.7163146 4.7162086 4.7160996 4.7159875 4.7158722 4.7157537 4.7156319 4.7155067 4.7153782 4.7152461 4.7151105 4.7149712 4.7148281 4.7146813 4.7145305 4.7143758 4.714217 4.714054 4.7138868 4.7137153 4.7135393 4.7133588 4.7131736 4.7129837 4.7127889 4.7125892 4.7123844 4.7121744 4.7119591 4.7117383 4.7115121 4.7112801 4.7110424 4.7107987 4.7105489 4.7102929 4.7100306 4.7097618 4.7094863 4.709204 4.7089147 4.7086184 4.7083148 4.7080037 4.707685 4.7073585 4.7070241
4.7178855 4.7178169 4.717746 4.7176727 4.717597 4.7175189 4.7174383 4.7173552 4.7172694 4.717181 4.7170899 4.7169961 4.7168994 4.7167999 4.7166974 4.716592 4.7164834 4.7163718 4.716257 4.7161389 4.7160175 4.7158926 4.7157644 4.7156325 4.7154971 4.7153579 4.715215 4.7150682 4.7149174 4.7147626 4.7146036 4.7144405 4.714273 4.7141011 4.7139247 4.7137437 4.7135579 4.7133673 4.7131718 4.7129712 4.7127655 4.7125545 4.712338 4.7121161 4.7118884 4.711655 4.7114157 4.7111702 4.7109186 4.7106606 4.7103962 4.7101251 4.7098471 4.7095623 4.7092703 4.708971 4.7086642 4.7083499 4.7080277 4.7076975
4.7183297 4.7182643 4.7181966 4.7181266 4.7180542 4.7179794 4.7179022 4.7178224 4.7177401 4.7176552 4.7175676 4.7174773 4.7173841 4.7172882 4.7171893 4.7170875 4.7169827 4.7168747 4.7167636 4.7166493 4.7165317 4.7164107 4.7162863 4.7161583 4.7160268 4.7158916 4.7157527 4.7156099 4.7154631 4.7153124 4.7151576 4.7149986 4.7148352 4.7146675 4.7144954 4.7143186 4.7141371 4.7139508 4.7137596 4.7135634 4.713362 4.7131554 4.7129434 4.7127259 4.7125027 4.7122737 4.7120388 4.7117979 4.7115508 4.7112973 4.7110374 4.7107708 4.7104974 4.710217 4.7099296 4.7096348 4.7093325 4.7090226 4.7087049 4.7083792
4.7187761 4.718714 4.7186496 4.7185829 4.7185139 4.7184425 4.7183687 4.7182924 4.7182135 4.7181321 4.7180481 4.7179613 4.7178718 4.7177795 4.7176843 4.7175862 4.7174851 4.7173809 4.7172736 4.7171631 4.7170494 4.7169323 4.7168118 4.7166879 4.7165604 4.7164292 4.7162943 4.7161556 4.716013 4.7158665 4.7157159 4.7155611 4.715402 4.7152386 4.7150708 4.7148983 4.7147213 4.7145394 4.7143526 4.7141609 4.713964 4.7137619 4.7135544 4.7133414 4.7131228 4.7128985 4.7126682 4.7124319 4.7121895 4.7119407 4.7116854 4.7114235 4.7111547 4.7108791 4.7105963 4.7103062 4.7100086 4.7097034 4.7093903 4.7090692
4.7192249 4.719166 4.719105 4.7190417 4.7189761 4.7189081 4.7188378 4.718765 4.7186896 4.7186118 4.7185313 4.7184482 4.7183624 4.7182738 4.7181823 4.718088 4.7179907 4.7178903 4.7177869 4.7176804 4.7175706 4.7174575 4.717341 4.7172211 4.7170977 4.7169706 4.7168399 4.7167054 4.7165671 4.7164248 4.7162785 4.716128 4.7159733 4.7158143 4.7156509 4.7154829 4.7153103 4.715133 4.7149508 4.7147636 4.7145714 4.7143739 4.7141711 4.7139628 4.7137489 4.7135293 4.7133038 4.7130723 4.7128346 4.7125906 4.7123402 4.7120831 4.7118192 4.7115484 4.7112704 4.7109852 4.7106925 4.7103921 4.7100839 4.7097676
4.7196759 4.7196204 4.7195627 4.7195028 4.7194407 4.7193762 4.7193094 4.7192401 4.7191684 4.7190942 4.7190174 4.7189379 4.7188558 4.718771 4.7186833 4.7185928 4.7184994 4.718403 4.7183035 4.7182009 4.7180952 4.7179861 4.7178738 4.717758 4.7176387 4.7175159 4.7173894 4.7172592 4.7171252 4.7169873 4.7168453 4.7166993 4.7165491 4.7163946 4.7162357 4.7160723 4.7159043 4.7157316 4.7155541 4.7153717 4.7151841 4.7149914 4.7147934 4.71459 4.7143809 4.7141662 4.7139456 4.713719 4.7134863 4.7132472 4.7130018 4.7127497 4.7124908 4.712225 4.7119521 4.7116718 4.7113841 4.7110888 4.7107856 4.7104744
