Cobbity2/QGIS/Ave14-Ave30.asc
NCOLS 700
NROWS 440
XLLCORNER 150.66
YLLCORNER -34.0281
CELLSIZE 1e-05
NODATA_VALUE -9999
[rows 312 to 337 of 440, columns 180 to 239 of 700]
4.777726 4.7775167 4.7772908 4.7770479 4.7767879 4.7765103 4.776215 4.7759018 4.7755703 4.7752204 4.7748518 4.7744644 4.774058 4.7736325 4.7731877 4.7727235 4.7722399 4.7717367 4.771214 4.7706718 4.77011 4.7695287 4.768928 4.7683081 4.7676689 4.7670108 4.7663339 4.7656385 4.7649249 4.7641934 4.7634444 4.7626784 4.7618958 4.7610971 4.7602831 4.7594542 4.7586113 4.757755 4.7568864 4.7560063 4.7551156 4.7542155 4.7533072 4.7523917 4.7514705 4.7505448 4.7496162 4.748686 4.7477559 4.7468273 4.7459019 4.7449812 4.7440669 4.7431606 4.7422637 4.7413777 4.740504 4.7396439 4.7387985 4.7379688
4.7769008 4.7766891 4.7764611 4.7762168 4.7759556 4.7756775 4.7753821 4.7750693 4.7747387 4.7743903 4.7740238 4.7736391 4.773236 4.7728144 4.7723741 4.7719151 4.7714374 4.7709408 4.7704254 4.7698912 4.7693381 4.7687664 4.7681759 4.767567 4.7669397 4.7662942 4.7656307 4.7649496 4.764251 4.7635355 4.7628032 4.7620548 4.7612906 4.7605112 4.7597172 4.7589092 4.758088 4.7572542 4.7564088 4.7555526 4.7546865 4.7538117 4.7529291 4.7520399 4.7511453 4.7502466 4.7493452 4.7484423 4.7475394 4.7466379 4.7457394 4.7448451 4.7439567 4.7430754 4.7422027 4.74134 4.7404883 4.739649 4.738823 4.7380112
4.7760914 4.7758775 4.7756479 4.7754023 4.7751403 4.7748618 4.7745666 4.7742544 4.773925 4.7735783 4.7732141 4.7728322 4.7724325 4.7720149 4.7715793 4.7711256 4.7706538 4.7701638 4.7696556 4.7691294 4.768585 4.7680226 4.7674423 4.7668442 4.7662285 4.7655954 4.764945 4.7642778 4.763594 4.7628939 4.7621779 4.7614465 4.7607002 4.7599394 4.7591648 4.7583769 4.7575765 4.7567643 4.7559411 4.7551078 4.7542652 4.7534143 4.7525562 4.7516919 4.7508226 4.7499495 4.7490737 4.7481966 4.7473194 4.7464435 4.7455702 4.7447008 4.7438367 4.7429791 4.7421293 4.7412884 4.7404577 4.7396381 4.7388305 4.7380359
4.7752974 4.7750817 4.7748506 4.774604 4.7743415 4.7740629 4.773768 4.7734566 4.7731286 4.7727838 4.7724219 4.772043 4.7716468 4.7712333 4.7708024 4.7703541 4.7698882 4.7694048 4.7689039 4.7683856 4.7678498 4.7672967 4.7667263 4.7661389 4.7655346 4.7649136 4.7642761 4.7636225 4.7629529 4.7622679 4.7615677 4.7608529 4.7601237 4.7593809 4.758625 4.7578565 4.7570761 4.7562846 4.7554827 4.7546712 4.753851 4.753023 4.7521882 4.7513476 4.7505023 4.7496533 4.7488019 4.7479491 4.7470962 4.7462445 4.745395 4.7445491 4.7437079 4.7428727 4.7420444 4.7412244 4.7404135 4.7396126 4.7388228 4.7380447
4.7745184 4.7743011 4.7740689 4.7738215 4.7735586 4.7732801 4.7729858 4.7726754 4.7723489 4.7720061 4.7716468 4.771271 4.7708784 4.7704692 4.770043 4.7696 4.7691401 4.7686633 4.7681696 4.7676591 4.7671318 4.7665878 4.7660273 4.7654504 4.7648572 4.7642481 4.7636232 4.7629827 4.7623272 4.7616567 4.7609719 4.760273 4.7595606 4.7588351 4.7580971 4.7573473 4.7565862 4.7558145 4.755033 4.7542424 4.7534436 4.7526374 4.7518248 4.7510068 4.7501842 4.7493582 4.7485298 4.7477001 4.7468702 4.7460413 4.7452144 4.7443907 4.7435712 4.7427571 4.7419494 4.741149 4.7403569 4.739574 4.7388011 4.7380388
4.7737541 4.7735355 4.7733023 4.7730543 4.7727912 4.772513 4.7722194 4.7719103 4.7715855 4.7712448 4.7708882 4.7705155 4.7701267 4.7697217 4.7693004 4.7688628 4.7684088 4.7679386 4.767452 4.7669493 4.7664304 4.7658954 4.7653445 4.7647779 4.7641957 4.7635981 4.7629854 4.7623579 4.7617159 4.7610597 4.7603897 4.7597063 4.75901 4.7583012 4.7575806 4.7568487 4.7561061 4.7553534 4.7545915 4.7538209 4.7530426 4.7522572 4.7514658 4.7506692 4.7498683 4.7490641 4.7482576 4.7474498 4.7466417 4.7458344 4.7450288 4.7442261 4.7434273 4.7426332 4.7418449 4.7410633 4.7402892 4.7395235 4.7387668 4.7380198
4.773004 4.7727843 4.7725503 4.772302 4.772039 4.7717612 4.7714685 4.7711608 4.7708377 4.7704994 4.7701455 4.7697761 4.7693911 4.7689904 4.7685739 4.7681417 4.7676937 4.76723 4.7667505 4.7662555 4.7657448 4.7652187 4.7646773 4.7641208 4.7635493 4.762963 4.7623623 4.7617473 4.7611185 4.760476 4.7598204 4.759152 4.7584713 4.7577788 4.7570749 4.7563602 4.7556354 4.754901 4.7541578 4.7534064 4.7526476 4.7518821 4.7511109 4.7503347 4.7495544 4.748771 4.7479853 4.7471983 4.7464109 4.7456241 4.7448388 4.7440561 4.7432768 4.7425018 4.741732 4.7409683 4.7402114 4.739462 4.7387209 4.7379886
4.7722678 4.7720472 4.7718126 4.7715641 4.7713014 4.7710242 4.7707326 4.7704263 4.7701052 4.7697693 4.7694183 4.7690522 4.7686711 4.7682747 4.7678631 4.7674363 4.7669942 4.7665369 4.7660645 4.765577 4.7650745 4.7645572 4.7640251 4.7634784 4.7629174 4.7623422 4.7617531 4.7611503 4.7605343 4.7599052 4.7592636 4.7586097 4.757944 4.7572671 4.7565793 4.7558812 4.7551735 4.7544567 4.7537314 4.7529984 4.7522583 4.7515119 4.7507599 4.7500032 4.7492426 4.7484789 4.747713 4.7469457 4.746178 4.7454108 4.7446448 4.7438811 4.7431204 4.7423635 4.7416114 4.7408647 4.7401243 4.7393906 4.7386645 4.7379464
4.7715451 4.7713237 4.7710889 4.7708403 4.770578 4.7703016 4.7700112 4.7697065 4.7693875 4.769054 4.768706 4.7683433 4.767966 4.767574 4.7671673 4.7667459 4.7663097 4.7658588 4.7653934 4.7649134 4.7644189 4.7639101 4.7633871 4.7628501 4.7622993 4.7617349 4.7611571 4.7605663 4.7599627 4.7593466 4.7587185 4.7580786 4.7574275 4.7567656 4.7560934 4.7554113 4.75472 4.7540201 4.753312 4.7525966 4.7518744 4.7511462 4.7504127 4.7496746 4.7489327 4.7481879 4.7474408 4.7466924 4.7459434 4.7451948 4.7444472 4.7437015 4.7429585 4.742219 4.7414837 4.7407534 4.7400287 4.7393101 4.7385985 4.7378941
4.7708356 4.7706136 4.7703786 4.7701302 4.7698684 4.7695929 4.7693038 4.7690009 4.768684 4.7683531 4.7680081 4.7676489 4.7672755 4.7668879 4.7664861 4.76607 4.7656397 4.7651952 4.7647366 4.7642639 4.7637774 4.763277 4.7627629 4.7622354 4.7616946 4.7611407 4.760574 4.7599947 4.7594031 4.7587997 4.7581846 4.7575584 4.7569213 4.7562739 4.7556167 4.75495 4.7542746 4.7535908 4.7528993 4.7522007 4.7514957 4.7507849 4.750069 4.7493487 4.7486248 4.7478979 4.7471688 4.7464384 4.7457073 4.7449763 4.7442463 4.7435178 4.7427918 4.7420688 4.7413497 4.740635 4.7399253 4.7392213 4.7385235 4.7378324
4.7701388 4.7699165 4.7696814 4.7694333 4.7691722 4.7688978 4.7686101 4.768309 4.7679943 4.7676661 4.7673241 4.7669685 4.7665991 4.7662159 4.7658189 4.7654081 4.7649836 4.7645454 4.7640936 4.7636282 4.7631494 4.7626572 4.7621519 4.7616337 4.7611026 4.760559 4.760003 4.7594349 4.7588551 4.7582639 4.7576615 4.7570484 4.7564249 4.7557916 4.7551488 4.754497 4.7538367 4.7531685 4.7524929 4.7518105 4.751122 4.7504278 4.7497288 4.7490255 4.7483187 4.747609 4.7468971 4.7461838 4.7454698 4.7447557 4.7440424 4.7433305 4.7426206 4.7419135 4.7412097 4.74051 4.7398149 4.7391248 4.7384405 4.7377622
4.7694545 4.769232 4.768997 4.7687493 4.768489 4.7682158 4.7679296 4.7676304 4.7673181 4.7669925 4.7666537 4.7663016 4.7659361 4.7655573 4.7651652 4.7647597 4.764341 4.763909 4.7634638 4.7630056 4.7625344 4.7620503 4.7615536 4.7610444 4.7605228 4.7599892 4.7594437 4.7588866 4.7583181 4.7577387 4.7571486 4.7565482 4.7559379 4.7553181 4.7546892 4.7540517 4.7534061 4.7527529 4.7520926 4.7514257 4.7507529 4.7500748 4.7493919 4.7487049 4.7480145 4.7473212 4.7466258 4.7459288 4.7452311 4.7445333 4.7438359 4.7431397 4.7424453 4.7417534 4.7410644 4.7403791 4.7396979 4.7390213 4.7383499 4.737684
4.7687824 4.7685597 4.768325 4.7680779 4.7678185 4.7675465 4.767262 4.7669648 4.7666548 4.766332 4.7659964 4.7656478 4.7652863 4.7649119 4.7645246 4.7641244 4.7637113 4.7632855 4.7628469 4.7623957 4.7619319 4.7614558 4.7609675 4.7604671 4.7599548 4.7594309 4.7588956 4.7583491 4.7577917 4.7572238 4.7566456 4.7560575 4.7554599 4.7548531 4.7542377 4.753614 4.7529824 4.7523436 4.751698 4.7510461 4.7503884 4.7497256 4.7490582 4.7483868 4.7477121 4.7470345 4.7463548 4.7456736 4.7449915 4.7443091 4.743627 4.7429459 4.7422664 4.741589 4.7409142 4.7402427 4.739575 4.7389114 4.7382524 4.7375986
4.768122 4.7678994 4.767665 4.7674186 4.7671602 4.7668896 4.7666068 4.7663116 4.7660041 4.7656841 4.7653517 4.7650067 4.7646492 4.7642792 4.7638966 4.7635016 4.7630942 4.7626744 4.7622423 4.7617979 4.7613415 4.7608732 4.7603931 4.7599013 4.7593981 4.7588836 4.7583582 4.757822 4.7572754 4.7567186 4.7561519 4.7555757 4.7549904 4.7543962 4.7537938 4.7531833 4.7525654 4.7519404 4.7513089 4.7506714 4.7500283 4.7493802 4.7487276 4.7480712 4.7474115 4.746749 4.7460844 4.7454182 4.744751 4.7440834 4.743416 4.7427494 4.7420841 4.7414207 4.7407596 4.7401014 4.7394465 4.7387955 4.7381486 4.7375064
4.7674731 4.7672507 4.7670168 4.7667712 4.7665139 4.7662447 4.7659637 4.7656706 4.7653656 4.7650485 4.7647192 4.7643778 4.7640243 4.7636587 4.7632809 4.762891 4.7624891 4.7620753 4.7616495 4.761212 4.7607628 4.760302 4.7598299 4.7593465 4.7588521 4.7583469 4.7578311 4.757305 4.7567687 4.7562227 4.7556672 4.7551025 4.7545291 4.7539472 4.7533572 4.7527596 4.7521547 4.7515431 4.7509252 4.7503014 4.7496723 4.7490383 4.7484 4.747758 4.7471126 4.7464646 4.7458144 4.7451627 4.7445098 4.7438565 4.7432032 4.7425504 4.7418988 4.7412488 4.7406008 4.7399554 4.739313 4.7386741 4.7380389 4.737408
4.7668354 4.7666133 4.7663799 4.7661352 4.7658791 4.7656115 4.7653323 4.7650414 4.7647389 4.7644246 4.7640986 4.7637608 4.7634113 4.76305 4.7626769 4.7622921 4.7618957 4.7614877 4.7610682 4.7606373 4.7601952 4.7597418 4.7592775 4.7588024 4.7583166 4.7578204 4.757314 4.7567975 4.7562714 4.7557359 4.7551912 4.7546376 4.7540756 4.7535055 4.7529276 4.7523423 4.7517501 4.7511514 4.7505465 4.749936 4.7493203 4.7486999 4.7480754 4.7474471 4.7468156 4.7461815 4.7455451 4.7449072 4.7442681 4.7436284 4.7429886 4.7423492 4.7417107 4.7410736 4.7404383 4.7398052 4.7391749 4.7385476 4.7379238 4.7373037
4.7662086 4.7659868 4.7657542 4.7655104 4.7652556 4.7649895 4.7647122 4.7644236 4.7641237 4.7638123 4.7634895 4.7631553 4.7628097 4.7624527 4.7620843 4.7617046 4.7613135 4.7609113 4.760498 4.7600736 4.7596383 4.7591923 4.7587356 4.7582685 4.7577911 4.7573036 4.7568063 4.7562993 4.755783 4.7552576 4.7547234 4.7541807 4.7536297 4.753071 4.7525048 4.7519314 4.7513514 4.750765 4.7501727 4.749575 4.7489723 4.7483649 4.7477535 4.7471385 4.7465203 4.7458995 4.7452765 4.7446518 4.744026 4.7433994 4.7427726 4.742146 4.7415202 4.7408954 4.7402723 4.7396512 4.7390324 4.7384164 4.7378036 4.7371942
4.7655923 4.7653711 4.7651392 4.7648965 4.764643 4.7643786 4.7641032 4.7638169 4.7635195 4.7632111 4.7628915 4.7625609 4.7622192 4.7618665 4.7615027 4.7611279 4.7607422 4.7603457 4.7599384 4.7595204 4.7590919 4.7586529 4.7582037 4.7577444 4.7572752 4.7567962 4.7563078 4.75581 4.7553032 4.7547876 4.7542636 4.7537313 4.7531911 4.7526434 4.7520884 4.7515266 4.7509582 4.7503838 4.7498037 4.7492183 4.748628 4.7480332 4.7474345 4.7468322 4.7462268 4.7456188 4.7450086 4.7443967 4.7437835 4.7431695 4.7425552 4.741941 4.7413273 4.7407146 4.7401032 4.7394935 4.738886 4.738281 4.7376787 4.7370796
4.7649864 4.7647657 4.7645346 4.7642931 4.764041 4.7637783 4.763505 4.7632209 4.7629261 4.7626206 4.7623043 4.7619773 4.7616395 4.761291 4.7609317 4.7605619 4.7601814 4.7597904 4.7593891 4.7589773 4.7585554 4.7581234 4.7576815 4.7572299 4.7567686 4.7562979 4.7558181 4.7553292 4.7548317 4.7543256 4.7538114 4.7532892 4.7527594 4.7522223 4.7516782 4.7511275 4.7505705 4.7500076 4.7494392 4.7488656 4.7482873 4.7477047 4.7471181 4.7465281 4.745935 4.7453393 4.7447414 4.7441418 4.7435409 4.742939 4.7423367 4.7417344 4.7411324 4.7405312 4.7399312 4.7393326 4.738736 4.7381415 4.7375496 4.7369604
4.7643905 4.7641705 4.7639403 4.7637 4.7634493 4.7631884 4.7629171 4.7626353 4.7623432 4.7620406 4.7617276 4.7614041 4.7610701 4.7607258 4.7603711 4.760006 4.7596307 4.7592452 4.7588497 4.7584441 4.7580286 4.7576035 4.7571687 4.7567244 4.7562709 4.7558083 4.7553368 4.7548566 4.754368 4.7538713 4.7533665 4.7528542 4.7523344 4.7518076 4.7512741 4.7507341 4.750188 4.7496362 4.7490791 4.7485169 4.7479502 4.7473792 4.7468044 4.7462262 4.7456449 4.7450611 4.7444751 4.7438873 4.7432981 4.742708 4.7421173 4.7415264 4.7409357 4.7403457 4.7397565 4.7391687 4.7385826 4.7379983 4.7374164 4.736837
4.7638044 4.7635851 4.7633559 4.7631168 4.7628677 4.7626085 4.7623393 4.7620599 4.7617704 4.7614707 4.7611609 4.7608409 4.7605108 4.7601706 4.7598203 4.7594601 4.7590898 4.7587097 4.7583199 4.7579203 4.7575112 4.7570926 4.7566648 4.7562278 4.7557818 4.755327 4.7548637 4.754392 4.7539121 4.7534243 4.7529288 4.7524259 4.7519159 4.751399 4.7508756 4.750346 4.7498105 4.7492695 4.7487232 4.7481721 4.7476165 4.7470567 4.7464932 4.7459264 4.7453566 4.7447842 4.7442096 4.7436332 4.7430553 4.7424764 4.7418969 4.7413171 4.7407373 4.740158 4.7395795 4.7390021 4.7384261 4.7378518 4.7372795 4.7367095
4.7632278 4.7630093 4.7627811 4.7625433 4.7622957 4.7620384 4.7617712 4.7614942 4.7612074 4.7609106 4.760604 4.7602876 4.7599613 4.7596251 4.7592793 4.7589237 4.7585584 4.7581836 4.7577993 4.7574056 4.7570027 4.7565906 4.7561696 4.7557396 4.755301 4.7548539 4.7543985 4.7539349 4.7534635 4.7529844 4.7524978 4.7520041 4.7515035 4.7509963 4.7504828 4.7499632 4.7494379 4.7489072 4.7483714 4.747831 4.7472861 4.7467372 4.7461846 4.7456287 4.7450699 4.7445085 4.7439449 4.7433795 4.7428126 4.7422446 4.7416758 4.7411067 4.7405375 4.7399686 4.7394002 4.7388329 4.7382667 4.7377021 4.7371392 4.7365784
4.7626604 4.7624428 4.7622157 4.7619792 4.7617333 4.7614778 4.7612128 4.7609381 4.7606539 4.7603601 4.7600567 4.7597437 4.7594211 4.7590891 4.7587475 4.7583965 4.7580362 4.7576665 4.7572877 4.7568998 4.7565029 4.7560972 4.7556827 4.7552597 4.7548282 4.7543885 4.7539408 4.7534852 4.753022 4.7525513 4.7520735 4.7515887 4.7510972 4.7505993 4.7500953 4.7495854 4.74907 4.7485493 4.7480237 4.7474934 4.7469589 4.7464205 4.7458785 4.7453332 4.744785 4.7442342 4.7436812 4.7431264 4.74257 4.7420125 4.7414542 4.7408953 4.7403363 4.7397774 4.739219 4.7386613 4.7381047 4.7375494 4.7369957 4.7364438
4.7621021 4.7618853 4.7616594 4.7614243 4.76118 4.7609264 4.7606635 4.7603913 4.7601097 4.7598188 4.7595185 4.759209 4.7588901 4.7585621 4.7582248 4.7578783 4.7575228 4.7571582 4.7567848 4.7564025 4.7560115 4.755612 4.755204 4.7547876 4.7543632 4.7539307 4.7534905 4.7530426 4.7525873 4.7521249 4.7516555 4.7511793 4.7506967 4.7502078 4.749713 4.7492125 4.7487066 4.7481956 4.7476797 4.7471594 4.746635 4.7461066 4.7455747 4.7450397 4.7445017 4.7439612 4.7434184 4.7428738 4.7423277 4.7417803 4.741232 4.7406831 4.7401339 4.7395848 4.7390359 4.7384877 4.7379403 4.7373941 4.7368492 4.736306
4.7615525 4.7613367 4.761112 4.7608784 4.7606357 4.760384 4.7601232 4.7598534 4.7595744 4.7592864 4.7589893 4.7586832 4.758368 4.7580439 4.7577108 4.7573688 4.757018 4.7566584 4.7562902 4.7559135 4.7555283 4.7551347 4.754733 4.7543233 4.7539056 4.7534802 4.7530472 4.7526068 4.7521593 4.7517048 4.7512436 4.7507758 4.7503017 4.7498216 4.7493357 4.7488442 4.7483475 4.7478459 4.7473396 4.7468288 4.746314 4.7457955 4.7452734 4.7447482 4.7442201 4.7436895 4.7431567 4.7426219 4.7420856 4.741548 4.7410094 4.7404701 4.7399305 4.7393907 4.7388512 4.7383121 4.7377737 4.7372362 4.7367 4.7361652
4.7610115 4.7607967 4.7605733 4.7603411 4.7601001 4.7598503 4.7595917 4.7593242 4.7590479 4.7587628 4.7584688 4.758166 4.7578545 4.7575342 4.7572052 4.7568676 4.7565215 4.7561668 4.7558038 4.7554324 4.7550529 4.7546652 4.7542696 4.7538663 4.7534552 4.7530366 4.7526107 4.7521777 4.7517377 4.7512909 4.7508376 4.7503779 4.7499121 4.7494405 4.7489632 4.7484805 4.7479928 4.7475002 4.747003 4.7465016 4.7459961 4.745487 4.7449744 4.7444587 4.7439402 4.7434191 4.7428959 4.7423707 4.7418439 4.7413157 4.7407865 4.7402566 4.7397261 4.7391955 4.7386649 4.7381347 4.737605 4.7370761 4.7365482 4.7360216
