Cobbity2/QGIS/Ave14_5.asc
NCOLS 399
NROWS 219
XLLCORNER 150.661
YLLCORNER -34.0267
CELLSIZE 1e-05
NODATA_VALUE -9999
[rows 0 to 25 of 219, columns 300 to 359 of 399]
4.8314054 4.8312136 4.831024 4.8308366 4.8306512 4.830468 4.8302869 4.8301078 4.8299308 4.8297559 4.829583 4.8294121 4.8292432 4.8290763 4.8289113 4.8287483 4.8285872 4.828428 4.8282706 4.8281151 4.8279614 4.8278095 4.8276594 4.827511 4.8273644 4.8272195 4.8270763 4.8269348 4.8267949 4.8266567 4.8265201 4.826385 4.8262516 4.8261196 4.8259892 4.8258603 4.8257329 4.825607 4.8254825 4.8253594 4.8252377 4.8251174 4.8249985 4.8248809 4.8247647 4.8246497 4.8245361 4.8244237 4.8243126 4.8242027 4.8240941 4.8239867 4.8238804 4.8237753 4.8236714 4.8235686 4.8234669 4.8233664 4.8232669 4.8231685
4.8314977 4.8313028 4.8311102 4.8309198 4.8307317 4.8305457 4.830362 4.8301804 4.8300009 4.8298236 4.8296484 4.8294752 4.8293042 4.8291351 4.8289681 4.8288031 4.82864 4.8284789 4.8283197 4.8281625 4.8280071 4.8278535 4.8277018 4.8275519 4.8274038 4.8272574 4.8271128 4.8269699 4.8268287 4.8266892 4.8265513 4.826415 4.8262804 4.8261473 4.8260158 4.8258858 4.8257574 4.8256304 4.8255049 4.8253809 4.8252582 4.8251371 4.8250173 4.8248988 4.8247818 4.824666 4.8245516 4.8244385 4.8243266 4.8242161 4.8241067 4.8239986 4.8238917 4.823786 4.8236814 4.823578 4.8234758 4.8233747 4.8232747 4.8231757
4.8315886 4.8313906 4.831195 4.8310017 4.8308108 4.8306221 4.8304357 4.8302515 4.8300696 4.8298899 4.8297123 4.8295369 4.8293637 4.8291925 4.8290235 4.8288565 4.8286915 4.8285285 4.8283675 4.8282085 4.8280514 4.8278962 4.8277429 4.8275915 4.8274419 4.8272941 4.827148 4.8270038 4.8268613 4.8267204 4.8265813 4.8264439 4.826308 4.8261738 4.8260412 4.8259102 4.8257807 4.8256527 4.8255262 4.8254012 4.8252777 4.8251556 4.825035 4.8249157 4.8247978 4.8246813 4.8245661 4.8244522 4.8243397 4.8242284 4.8241184 4.8240096 4.823902 4.8237957 4.8236906 4.8235866 4.8234838 4.8233821 4.8232815 4.8231821
4.831678 4.8314769 4.8312783 4.8310821 4.8308884 4.830697 4.8305079 4.8303212 4.8301368 4.8299547 4.8297748 4.8295972 4.8294217 4.8292485 4.8290774 4.8289084 4.8287415 4.8285767 4.8284139 4.8282532 4.8280944 4.8279376 4.8277827 4.8276297 4.8274786 4.8273294 4.827182 4.8270364 4.8268925 4.8267504 4.8266101 4.8264714 4.8263344 4.8261991 4.8260654 4.8259333 4.8258028 4.8256738 4.8255464 4.8254205 4.8252961 4.8251731 4.8250516 4.8249315 4.8248128 4.8246955 4.8245796 4.824465 4.8243517 4.8242397 4.824129 4.8240196 4.8239114 4.8238045 4.8236988 4.8235942 4.8234908 4.8233886 4.8232875 4.8231876
4.8317659 4.8315617 4.8313601 4.831161 4.8309644 4.8307703 4.8305786 4.8303893 4.8302025 4.830018 4.8298358 4.8296559 4.8294783 4.829303 4.8291298 4.8289589 4.8287901 4.8286234 4.8284589 4.8282964 4.828136 4.8279775 4.8278211 4.8276666 4.827514 4.8273634 4.8272146 4.8270676 4.8269225 4.8267791 4.8266376 4.8264977 4.8263596 4.8262232 4.8260884 4.8259553 4.8258237 4.8256938 4.8255654 4.8254386 4.8253133 4.8251895 4.8250671 4.8249462 4.8248267 4.8247087 4.824592 4.8244767 4.8243627 4.8242501 4.8241387 4.8240287 4.8239199 4.8238123 4.823706 4.8236009 4.823497 4.8233942 4.8232926 4.8231922
4.8318522 4.8316449 4.8314402 4.8312382 4.8310388 4.830842 4.8306477 4.8304559 4.8302665 4.8300796 4.8298952 4.8297131 4.8295333 4.8293559 4.8291807 4.8290078 4.8288372 4.8286687 4.8285023 4.8283381 4.828176 4.828016 4.827858 4.827702 4.827548 4.8273959 4.8272458 4.8270975 4.8269511 4.8268065 4.8266638 4.8265228 4.8263835 4.826246 4.8261102 4.825976 4.8258435 4.8257126 4.8255833 4.8254555 4.8253293 4.8252047 4.8250815 4.8249598 4.8248396 4.8247208 4.8246033 4.8244873 4.8243727 4.8242594 4.8241474 4.8240367 4.8239273 4.8238192 4.8237123 4.8236066 4.8235022 4.8233989 4.8232968 4.8231959
4.8319367 4.8317263 4.8315187 4.8313138 4.8311115 4.830912 4.830715 4.8305207 4.8303289 4.8301396 4.8299529 4.8297686 4.8295867 4.8294072 4.82923 4.8290552 4.8288826 4.8287123 4.8285443 4.8283784 4.8282146 4.828053 4.8278935 4.827736 4.8275805 4.8274271 4.8272756 4.827126 4.8269783 4.8268325 4.8266886 4.8265464 4.8264061 4.8262675 4.8261306 4.8259955 4.825862 4.8257301 4.8255999 4.8254713 4.8253442 4.8252187 4.8250947 4.8249723 4.8248513 4.8247317 4.8246136 4.8244969 4.8243816 4.8242676 4.824155 4.8240437 4.8239337 4.823825 4.8237176 4.8236114 4.8235064 4.8234026 4.8233001 4.8231987
4.8320195 4.8318059 4.8315953 4.8313875 4.8311824 4.8309802 4.8307806 4.8305838 4.8303895 4.8301979 4.8300089 4.8298224 4.8296383 4.8294568 4.8292776 4.8291009 4.8289265 4.8287544 4.8285846 4.828417 4.8282517 4.8280885 4.8279274 4.8277685 4.8276116 4.8274568 4.8273039 4.8271531 4.8270042 4.8268572 4.8267121 4.8265688 4.8264273 4.8262877 4.8261498 4.8260136 4.8258792 4.8257464 4.8256153 4.8254858 4.8253579 4.8252316 4.8251068 4.8249836 4.8248618 4.8247416 4.8246228 4.8245054 4.8243894 4.8242748 4.8241616 4.8240497 4.8239391 4.8238299 4.8237219 4.8236152 4.8235097 4.8234054 4.8233024 4.8232005
4.8321003 4.8318837 4.83167 4.8314593 4.8312515 4.8310465 4.8308444 4.830645 4.8304483 4.8302544 4.8300631 4.8298744 4.8296883 4.8295047 4.8293236 4.8291449 4.8289687 4.8287948 4.8286233 4.8284541 4.8282871 4.8281224 4.8279598 4.8277994 4.8276411 4.827485 4.8273308 4.8271787 4.8270286 4.8268804 4.8267341 4.8265897 4.8264472 4.8263065 4.8261676 4.8260305 4.8258951 4.8257614 4.8256294 4.8254991 4.8253704 4.8252432 4.8251177 4.8249937 4.8248712 4.8247503 4.8246308 4.8245127 4.8243961 4.8242809 4.8241671 4.8240546 4.8239435 4.8238337 4.8237252 4.823618 4.823512 4.8234073 4.8233037 4.8232014
4.8321791 4.8319594 4.8317428 4.8315292 4.8313186 4.8311109 4.8309062 4.8307043 4.8305053 4.830309 4.8301155 4.8299246 4.8297364 4.8295508 4.8293677 4.8291872 4.8290091 4.8288335 4.8286603 4.8284894 4.8283209 4.8281546 4.8279906 4.8278288 4.8276691 4.8275116 4.8273562 4.8272028 4.8270515 4.8269021 4.8267547 4.8266092 4.8264657 4.826324 4.8261841 4.826046 4.8259097 4.8257751 4.8256423 4.8255111 4.8253816 4.8252537 4.8251274 4.8250026 4.8248795 4.8247578 4.8246377 4.824519 4.8244017 4.8242859 4.8241715 4.8240585 4.8239468 4.8238365 4.8237275 4.8236198 4.8235133 4.8234081 4.8233042 4.8232014
4.8322559 4.8320331 4.8318135 4.831597 4.8313837 4.8311734 4.8309661 4.8307617 4.8305603 4.8303617 4.8301659 4.8299729 4.8297826 4.829595 4.82941 4.8292276 4.8290478 4.8288704 4.8286956 4.8285231 4.828353 4.8281852 4.8280197 4.8278565 4.8276955 4.8275367 4.82738 4.8272254 4.8270728 4.8269224 4.8267739 4.8266273 4.8264827 4.82634 4.8261992 4.8260602 4.8259229 4.8257875 4.8256538 4.8255218 4.8253915 4.8252628 4.8251358 4.8250104 4.8248865 4.8247642 4.8246434 4.8245241 4.8244062 4.8242898 4.8241749 4.8240613 4.8239491 4.8238383 4.8237287 4.8236205 4.8235136 4.823408 4.8233036 4.8232004
4.8323304 4.8321046 4.831882 4.8316627 4.8314466 4.8312337 4.8310238 4.830817 4.8306132 4.8304123 4.8302144 4.8300193 4.8298269 4.8296374 4.8294505 4.8292662 4.8290846 4.8289056 4.828729 4.828555 4.8283833 4.8282141 4.8280472 4.8278826 4.8277202 4.8275601 4.8274022 4.8272464 4.8270927 4.8269411 4.8267915 4.8266439 4.8264983 4.8263546 4.8262128 4.8260729 4.8259348 4.8257985 4.825664 4.8255312 4.8254001 4.8252707 4.825143 4.8250168 4.8248923 4.8247693 4.8246479 4.824528 4.8244096 4.8242926 4.8241771 4.824063 4.8239503 4.8238389 4.823729 4.8236203 4.8235129 4.8234068 4.823302 4.8231984
4.8324027 4.8321738 4.8319483 4.8317262 4.8315074 4.8312918 4.8310794 4.8308702 4.8306641 4.8304609 4.8302608 4.8300636 4.8298692 4.8296777 4.829489 4.8293029 4.8291196 4.8289388 4.8287607 4.828585 4.8284119 4.8282412 4.8280729 4.8279069 4.8277433 4.8275819 4.8274227 4.8272658 4.8271109 4.8269582 4.8268076 4.826659 4.8265124 4.8263678 4.8262251 4.8260842 4.8259453 4.8258082 4.8256728 4.8255393 4.8254074 4.8252773 4.8251489 4.8250221 4.8248969 4.8247733 4.8246512 4.8245307 4.8244118 4.8242942 4.8241782 4.8240636 4.8239504 4.8238386 4.8237281 4.823619 4.8235112 4.8234047 4.8232995 4.8231955
4.8324726 4.8322406 4.8320123 4.8317873 4.8315658 4.8313477 4.8311328 4.8309212 4.8307127 4.8305074 4.8303051 4.8301058 4.8299095 4.8297161 4.8295255 4.8293377 4.8291526 4.8289702 4.8287904 4.8286133 4.8284386 4.8282665 4.8280968 4.8279295 4.8277646 4.827602 4.8274416 4.8272835 4.8271276 4.8269738 4.8268221 4.8266725 4.826525 4.8263794 4.8262358 4.8260941 4.8259543 4.8258164 4.8256803 4.825546 4.8254134 4.8252826 4.8251535 4.825026 4.8249002 4.824776 4.8246534 4.8245323 4.8244127 4.8242947 4.8241781 4.824063 4.8239494 4.8238371 4.8237262 4.8236166 4.8235084 4.8234015 4.8232959 4.8231915
4.83254 4.832305 4.8320738 4.8318461 4.8316219 4.8314012 4.8311839 4.8309699 4.8307592 4.8305516 4.8303472 4.8301459 4.8299476 4.8297523 4.8295599 4.8293703 4.8291836 4.8289996 4.8288183 4.8286396 4.8284635 4.82829 4.8281189 4.8279504 4.8277842 4.8276203 4.8274588 4.8272996 4.8271426 4.8269878 4.8268351 4.8266845 4.826536 4.8263895 4.8262451 4.8261025 4.8259619 4.8258232 4.8256864 4.8255513 4.8254181 4.8252865 4.8251568 4.8250287 4.8249022 4.8247774 4.8246542 4.8245326 4.8244126 4.824294 4.8241769 4.8240614 4.8239472 4.8238345 4.8237231 4.8236132 4.8235046 4.8233973 4.8232913 4.8231866
4.8326048 4.8323669 4.8321328 4.8319024 4.8316756 4.8314523 4.8312326 4.8310163 4.8308033 4.8305936 4.8303871 4.8301838 4.8299836 4.8297864 4.8295922 4.829401 4.8292126 4.829027 4.8288441 4.828664 4.8284865 4.8283116 4.8281392 4.8279694 4.8278019 4.8276369 4.8274743 4.827314 4.8271559 4.8270001 4.8268464 4.8266949 4.8265455 4.8263981 4.8262528 4.8261095 4.8259681 4.8258286 4.825691 4.8255552 4.8254213 4.8252891 4.8251587 4.82503 4.824903 4.8247776 4.8246539 4.8245317 4.8244111 4.8242921 4.8241746 4.8240585 4.8239439 4.8238308 4.823719 4.8236087 4.8234997 4.823392 4.8232857 4.8231806
4.8326669 4.8324261 4.8321892 4.8319561 4.8317267 4.831501 4.8312788 4.8310602 4.830845 4.8306332 4.8304247 4.8302194 4.8300173 4.8298183 4.8296224 4.8294295 4.8292394 4.8290523 4.8288679 4.8286863 4.8285075 4.8283312 4.8281576 4.8279865 4.8278179 4.8276517 4.827488 4.8273266 4.8271675 4.8270107 4.8268561 4.8267036 4.8265533 4.8264051 4.826259 4.8261149 4.8259727 4.8258325 4.8256942 4.8255578 4.8254232 4.8252904 4.8251593 4.82503 4.8249024 4.8247765 4.8246522 4.8245296 4.8244085 4.824289 4.824171 4.8240545 4.8239395 4.8238259 4.8237138 4.8236031 4.8234937 4.8233857 4.823279 4.8231736
4.8327262 4.8324825 4.8322429 4.8320071 4.8317752 4.831547 4.8313225 4.8311016 4.8308843 4.8306704 4.8304599 4.8302527 4.8300488 4.829848 4.8296503 4.8294558 4.8292642 4.8290755 4.8288897 4.8287067 4.8285265 4.8283489 4.828174 4.8280017 4.827832 4.8276647 4.8274999 4.8273374 4.8271774 4.8270196 4.826864 4.8267107 4.8265596 4.8264105 4.8262636 4.8261187 4.8259758 4.8258349 4.8256959 4.8255588 4.8254236 4.8252902 4.8251586 4.8250287 4.8249006 4.8247741 4.8246493 4.8245262 4.8244046 4.8242847 4.8241662 4.8240493 4.8239339 4.82382 4.8237074 4.8235963 4.8234866 4.8233783 4.8232713 4.8231656
4.8327826 4.8325361 4.8322937 4.8320554 4.8318209 4.8315904 4.8313636 4.8311405 4.830921 4.8307051 4.8304926 4.8302836 4.8300778 4.8298753 4.829676 4.8294798 4.8292867 4.8290965 4.8289093 4.8287249 4.8285434 4.8283646 4.8281885 4.828015 4.8278441 4.8276758 4.8275099 4.8273465 4.8271854 4.8270267 4.8268703 4.8267161 4.8265642 4.8264143 4.8262666 4.826121 4.8259774 4.8258358 4.8256961 4.8255584 4.8254226 4.8252886 4.8251564 4.825026 4.8248973 4.8247704 4.8246451 4.8245215 4.8243995 4.8242791 4.8241603 4.8240429 4.8239271 4.8238128 4.8236999 4.8235885 4.8234785 4.8233698 4.8232625 4.8231565
4.8328361 4.8325868 4.8323417 4.8321008 4.8318639 4.831631 4.831402 4.8311767 4.8309552 4.8307372 4.8305229 4.830312 4.8301045 4.8299003 4.8296993 4.8295016 4.8293069 4.8291154 4.8289268 4.8287411 4.8285582 4.8283782 4.8282009 4.8280263 4.8278544 4.827685 4.8275181 4.8273537 4.8271917 4.8270321 4.8268748 4.8267198 4.8265671 4.8264165 4.826268 4.8261217 4.8259774 4.8258351 4.8256949 4.8255565 4.8254201 4.8252856 4.8251528 4.8250219 4.8248927 4.8247653 4.8246396 4.8245155 4.8243931 4.8242723 4.8241531 4.8240354 4.8239192 4.8238045 4.8236913 4.8235795 4.8234692 4.8233602 4.8232526 4.8231464
4.8328864 4.8326344 4.8323867 4.8321433 4.831904 4.8316688 4.8314376 4.8312102 4.8309866 4.8307668 4.8305505 4.8303378 4.8301286 4.8299228 4.8297203 4.829521 4.8293249 4.8291319 4.828942 4.828755 4.828571 4.8283898 4.8282113 4.8280356 4.8278626 4.8276922 4.8275244 4.827359 4.8271962 4.8270357 4.8268776 4.8267218 4.8265682 4.8264169 4.8262678 4.8261208 4.8259758 4.8258329 4.8256921 4.8255532 4.8254162 4.8252811 4.8251478 4.8250164 4.8248868 4.8247589 4.8246327 4.8245082 4.8243854 4.8242642 4.8241446 4.8240266 4.82391 4.823795 4.8236815 4.8235694 4.8234588 4.8233495 4.8232417 4.8231352
4.8329335 4.8326789 4.8324286 4.8321828 4.8319412 4.8317037 4.8314703 4.8312409 4.8310153 4.8307936 4.8305755 4.8303611 4.8301502 4.8299428 4.8297388 4.829538 4.8293405 4.8291462 4.828955 4.8287668 4.8285815 4.8283992 4.8282196 4.8280429 4.8278689 4.8276975 4.8275287 4.8273625 4.8271987 4.8270374 4.8268785 4.826722 4.8265677 4.8264157 4.8262659 4.8261182 4.8259726 4.8258292 4.8256877 4.8255482 4.8254107 4.8252751 4.8251414 4.8250095 4.8248794 4.8247511 4.8246245 4.8244997 4.8243764 4.8242549 4.8241349 4.8240165 4.8238997 4.8237844 4.8236705 4.8235582 4.8234473 4.8233378 4.8232296 4.8231229
4.8329774 4.8327201 4.8324674 4.8322191 4.8319752 4.8317356 4.8315001 4.8312687 4.8310413 4.8308177 4.8305979 4.8303818 4.8301693 4.8299603 4.8297548 4.8295526 4.8293538 4.8291581 4.8289657 4.8287762 4.8285898 4.8284064 4.8282258 4.8280481 4.827873 4.8277007 4.8275311 4.827364 4.8271994 4.8270373 4.8268777 4.8267204 4.8265654 4.8264127 4.8262623 4.826114 4.8259678 4.8258238 4.8256818 4.8255418 4.8254038 4.8252677 4.8251335 4.8250012 4.8248707 4.8247419 4.824615 4.8244897 4.8243662 4.8242442 4.8241239 4.8240052 4.8238881 4.8237725 4.8236584 4.8235458 4.8234346 4.8233249 4.8232165 4.8231095
4.8330178 4.832758 4.8325029 4.8322523 4.8320062 4.8317644 4.8315269 4.8312936 4.8310643 4.8308389 4.8306174 4.8303997 4.8301856 4.8299752 4.8297682 4.8295647 4.8293646 4.8291677 4.828974 4.8287834 4.8285959 4.8284114 4.8282298 4.8280511 4.8278752 4.827702 4.8275314 4.8273635 4.8271982 4.8270354 4.826875 4.826717 4.8265614 4.826408 4.8262569 4.8261081 4.8259614 4.8258168 4.8256743 4.8255338 4.8253953 4.8252588 4.8251241 4.8249914 4.8248605 4.8247314 4.8246041 4.8244785 4.8243545 4.8242323 4.8241117 4.8239927 4.8238753 4.8237594 4.8236451 4.8235322 4.8234208 4.8233108 4.8232023 4.8230951
4.8330548 4.8327925 4.832535 4.8322822 4.8320339 4.8317901 4.8315507 4.8313155 4.8310844 4.8308573 4.8306342 4.8304149 4.8301993 4.8299874 4.8297791 4.8295743 4.8293729 4.8291748 4.8289799 4.8287883 4.8285997 4.8284142 4.8282316 4.828052 4.8278752 4.8277011 4.8275298 4.8273611 4.827195 4.8270315 4.8268704 4.8267117 4.8265555 4.8264016 4.8262499 4.8261005 4.8259533 4.8258082 4.8256652 4.8255242 4.8253853 4.8252483 4.8251133 4.8249802 4.8248489 4.8247194 4.8245917 4.8244658 4.8243416 4.8242191 4.8240982 4.8239789 4.8238613 4.8237451 4.8236305 4.8235174 4.8234058 4.8232956 4.8231869 4.8230795
4.8330881 4.8328235 4.8325637 4.8323087 4.8320584 4.8318126 4.8315713 4.8313343 4.8311014 4.8308727 4.830648 4.8304272 4.8302102 4.829997 4.8297873 4.8295813 4.8293786 4.8291794 4.8289835 4.8287907 4.8286012 4.8284147 4.8282312 4.8280507 4.827873 4.8276982 4.8275261 4.8273566 4.8271898 4.8270256 4.8268639 4.8267046 4.8265478 4.8263933 4.8262411 4.8260912 4.8259434 4.8257979 4.8256544 4.8255131 4.8253737 4.8252364 4.8251009 4.8249675 4.8248358 4.824706 4.824578 4.8244518 4.8243273 4.8242045 4.8240834 4.8239639 4.823846 4.8237296 4.8236148 4.8235015 4.8233897 4.8232793 4.8231704 4.8230629
