Cobbity2/QGIS/Ave14.asc
NCOLS 700
NROWS 419
XLLCORNER 150.66
YLLCORNER -34.028
CELLSIZE 1e-05
NODATA_VALUE -9999
[rows 104 to 129 of 419, columns 240 to 299 of 700]
4.8242449 4.8297721 4.8343235 4.8301589 4.8289959 4.8303978 4.8336309 4.8388644 4.8467105 4.8586917 4.8807892 4.9221239 4.8967653 4.8675419 4.8563871 4.8538446 4.8584571 4.8698119 4.8775044 4.8652516 4.8533319 4.8445283 4.8377004 4.8319671 4.8264992 4.8199982 4.8081759 4.8027773 4.8181467 4.8270398 4.8360281 4.8559989 4.8847749 4.8786488 4.8790083 4.8835867 4.8923857 4.9067111 4.9268893 4.9567535 5.0085903 4.9829883 4.9407408 4.9150009 4.9012859 4.8979511 4.9061973 4.9277891 4.9394903 4.9235907 4.8982846 4.8793904 4.8652917 4.8537753 4.8438137 4.8345057 4.8187036 4.8146553 4.8265827 4.837617
4.8225116 4.8309321 4.8379355 4.8318971 4.8295044 4.8303827 4.833444 4.8387275 4.8468253 4.8584195 4.871698 4.8806028 4.8728754 4.8581738 4.8488832 4.8450711 4.8468455 4.8556622 4.8567182 4.8483021 4.841442 4.8357122 4.8306848 4.8259775 4.8211979 4.8160867 4.8114479 4.8110357 4.8162676 4.8191121 4.8152159 4.8017874 4.822551 4.8461499 4.8588856 4.8699745 4.8827615 4.8995779 4.9241218 4.9670942 5.0380341 4.9954113 4.9423138 4.9136077 4.899394 4.8962362 4.9065069 4.9437316 4.9742994 4.9194152 4.8903772 4.8727706 4.8593679 4.8474259 4.8350325 4.8198199 4.8007869 4.7974593 4.816879 4.8352324
4.8223352 4.8310648 4.8331679 4.8303865 4.8289424 4.8297891 4.8328161 4.8382412 4.847084 4.8625501 4.8855311 4.8772806 4.8600175 4.8485596 4.8402827 4.8345237 4.8315492 4.8369635 4.8390982 4.8329119 4.8301952 4.8273462 4.8239509 4.8201132 4.8157001 4.8098697 4.8045661 4.8094857 4.8129348 4.8118064 4.8018942 4.7766778 4.7981188 4.8264369 4.8446184 4.8593863 4.8743289 4.8919511 4.9157097 4.9553755 5.0256217 4.9844111 4.9325226 4.9070343 4.8943948 4.8908427 4.8964584 4.9127443 4.9207382 4.8998188 4.8801207 4.8657343 4.8535552 4.8414389 4.827191 4.8073808 4.7744368 4.7672188 4.8108471 4.836807
4.8229898 4.8351979 4.8367587 4.8297974 4.8279095 4.8287236 4.8318012 4.8373877 4.846299 4.8616152 4.887909 4.8758027 4.8527111 4.8404341 4.8317995 4.8233183 4.8095925 4.7837577 4.7954915 4.8147922 4.8198048 4.8197515 4.8176194 4.8143019 4.8102125 4.8056317 4.8014785 4.8063679 4.8089659 4.8063786 4.7962973 4.7770225 4.7933244 4.8165954 4.8351534 4.8513258 4.8671325 4.884288 4.9042986 4.9250314 4.9348174 4.9318043 4.9130218 4.896961 4.8873769 4.8838609 4.8855239 4.889192 4.8886094 4.8808303 4.8699385 4.8591387 4.848444 4.8366103 4.8215399 4.7991854 4.7609462 4.7812101 4.8169345 4.8442617
4.8242765 4.8331979 4.8321481 4.8281551 4.8264141 4.8272302 4.8304568 4.8365724 4.8462427 4.8568705 4.8610106 4.8547154 4.8427251 4.832654 4.8242812 4.8150984 4.7989392 4.7632894 4.7789655 4.8046181 4.8121438 4.8133646 4.8118088 4.8082924 4.8028303 4.7980402 4.8000638 4.8038636 4.8052058 4.8022783 4.7936519 4.7821768 4.7911228 4.8104491 4.8286919 4.8453824 4.8615217 4.878113 4.8959796 4.91702 4.924533 4.9096866 4.8972247 4.886808 4.8798966 4.8773728 4.8809691 4.8903551 4.8829951 4.8717134 4.8626306 4.8538316 4.844469 4.8333034 4.8179864 4.7963879 4.77975 4.7960573 4.8286108 4.8566949
4.8282989 4.8494678 4.8352563 4.8265271 4.8244244 4.82526 4.8286416 4.8357026 4.8505882 4.876219 4.8663846 4.8459942 4.8342183 4.8254244 4.8178792 4.810316 4.8019504 4.7955195 4.7965137 4.8032612 4.8073737 4.808229 4.806671 4.8026045 4.7934261 4.7757206 4.7869949 4.7990416 4.8014243 4.7985376 4.7904393 4.7735155 4.7832052 4.8053103 4.8240087 4.8412291 4.8578035 4.8745839 4.8920765 4.9049683 4.9039947 4.8952575 4.8858217 4.8780693 4.8727433 4.8707035 4.8751534 4.8933758 4.8798147 4.865632 4.8572508 4.849764 4.8416949 4.8317552 4.817092 4.7858846 4.7687735 4.812858 4.8425122 4.870474
4.8229506 4.8327635 4.8285192 4.8233059 4.8218001 4.8227571 4.8260263 4.8326687 4.8469861 4.8741661 4.8629075 4.8391302 4.8268426 4.8186495 4.8119236 4.8059527 4.8012478 4.7999975 4.7999994 4.8019402 4.8037198 4.8039061 4.8021956 4.7982816 4.791131 4.7804848 4.7873498 4.796328 4.7980543 4.7945539 4.7857189 4.7737216 4.780402 4.8009133 4.8206071 4.8387126 4.8560935 4.873754 4.8947778 4.9198781 4.9004075 4.8860726 4.8773215 4.8707787 4.8661615 4.8633791 4.8607253 4.8573071 4.862164 4.8582677 4.852511 4.8464928 4.8398354 4.8316621 4.8209419 4.8098571 4.8078703 4.8297106 4.8552817 4.881134
4.8215549 4.8236239 4.8212342 4.8192567 4.8187055 4.819824 4.8228367 4.8280999 4.8349379 4.8408062 4.8379406 4.8279738 4.8190208 4.8118043 4.8056257 4.8002854 4.7967363 4.7968082 4.7974707 4.7989133 4.8000528 4.7999344 4.7980337 4.7937561 4.787641 4.7865404 4.7910885 4.7949869 4.7951313 4.7904566 4.7790854 4.756764 4.7690242 4.7966973 4.8184637 4.8378733 4.8566523 4.8758851 4.8932102 4.8995076 4.8905486 4.8789881 4.8706648 4.8646365 4.8604062 4.8577232 4.8551784 4.8520551 4.8543836 4.8523818 4.8483581 4.8436759 4.8384115 4.8320116 4.8223174 4.8100383 4.8245859 4.8436244 4.8658459 4.8901257
4.8256103 4.825087 4.8178163 4.815711 4.8154737 4.8166254 4.8195829 4.8257165 4.8353106 4.8329346 4.8253457 4.8182291 4.8112103 4.8046544 4.7985583 4.792752 4.7860617 4.7847162 4.7912673 4.7945794 4.7961257 4.7961131 4.794156 4.7889341 4.7760268 4.7758342 4.7888774 4.7931579 4.7925534 4.7868939 4.772477 4.7449731 4.7639396 4.7945113 4.8179679 4.8388332 4.8596483 4.8836502 4.9177982 4.9084842 4.8853783 4.8732806 4.8651151 4.8592509 4.8552363 4.8534912 4.8558754 4.8556603 4.8511242 4.8480441 4.8447381 4.8410229 4.8368211 4.8320569 4.8272896 4.8254715 4.8354135 4.8526071 4.8743364 4.9017657
4.8152688 4.8161775 4.8136852 4.8123117 4.812186 4.8131623 4.8156695 4.8215822 4.833147 4.8290416 4.8179099 4.8103701 4.8036786 4.7970625 4.7904503 4.7843723 4.7809575 4.7813204 4.7857762 4.7898277 4.7920701 4.7923976 4.790597 4.7865586 4.7808381 4.7814251 4.7884423 4.7914877 4.790416 4.7848804 4.771716 4.74295 4.7639796 4.7955845 4.8193993 4.8417052 4.8650996 4.8894759 4.9096835 4.9024021 4.8815849 4.8686825 4.8602583 4.8542353 4.8499209 4.8477291 4.8512373 4.8521241 4.8467902 4.8439748 4.8413314 4.8383102 4.8345559 4.8289803 4.8220762 4.8281494 4.8413185 4.8578432 4.8799125 4.9067724
4.8169424 4.8123226 4.8099926 4.8089991 4.8088721 4.8095323 4.8110074 4.813303 4.8161407 4.8149947 4.8093369 4.8028875 4.7961402 4.7888082 4.780607 4.7708625 4.7621562 4.7696611 4.7789101 4.7847952 4.788056 4.788828 4.7866295 4.7807068 4.77723 4.7830096 4.7880523 4.7899078 4.7883687 4.7834314 4.7758403 4.7707189 4.7794561 4.7997786 4.8223282 4.8463442 4.8751515 4.9162541 4.9296368 4.8971002 4.8770525 4.8643477 4.8557381 4.8493657 4.8442233 4.8394095 4.8327428 4.8380852 4.8405815 4.8397607 4.8379504 4.8354912 4.8321503 4.8259488 4.812154 4.8236938 4.8420423 4.859122 4.8822626 4.923104
4.8157861 4.8099538 4.8069325 4.8058187 4.8055765 4.8060443 4.8073181 4.8090903 4.8088375 4.806254 4.8016794 4.7956629 4.7884511 4.7797705 4.7693096 4.7567219 4.7407556 4.7551706 4.7711914 4.7797493 4.7843176 4.7857768 4.7833973 4.7724631 4.7611691 4.7790568 4.7867199 4.7881665 4.7857803 4.7796287 4.7707581 4.7694566 4.7813435 4.8023423 4.8256975 4.8519433 4.8837493 4.9302844 4.9473063 4.8975292 4.8732253 4.8601004 4.8513797 4.8446293 4.8385041 4.8326662 4.8305639 4.8329314 4.8355367 4.8357962 4.8345818 4.8324444 4.8295404 4.8262673 4.8246461 4.8303751 4.8419316 4.8565975 4.8777745 4.9036656
4.8082988 4.8058425 4.8037344 4.8026069 4.8022077 4.8025494 4.8041945 4.8079219 4.8066504 4.8008788 4.7952921 4.7888311 4.7806925 4.7698581 4.7547911 4.7375862 4.7363089 4.7498443 4.7649643 4.7752555 4.7810911 4.7835352 4.7828163 4.7784155 4.7753559 4.7818554 4.7862528 4.7864923 4.7826861 4.7734412 4.752596 4.736409 4.7764921 4.8035169 4.8291193 4.8593326 4.8998985 4.9288162 4.9122779 4.8868581 4.8677906 4.8556197 4.8471307 4.8401551 4.8329333 4.8217449 4.8142831 4.8270539 4.8314987 4.8322644 4.8312354 4.8289956 4.8253279 4.8195887 4.8207612 4.8296156 4.8387612 4.8495867 4.8656036 4.9011139
4.8104569 4.8031184 4.8005248 4.7992395 4.798571 4.7985057 4.7992688 4.8004045 4.7990126 4.794687 4.7891885 4.7823272 4.7731911 4.7600529 4.7378046 4.6891251 4.6761312 4.7333786 4.7588663 4.7715405 4.7784646 4.7818032 4.7824299 4.7816439 4.7823449 4.7845837 4.7861524 4.7850978 4.7798242 4.767194 4.7464229 4.7485987 4.7769624 4.8051044 4.8320872 4.8651744 4.9252925 4.9982382 4.917922 4.8795921 4.861885 4.8509883 4.8430481 4.8360661 4.8287573 4.8209564 4.8179198 4.8247732 4.8285369 4.8291682 4.8278873 4.8252349 4.8211746 4.8135485 4.8146184 4.8255587 4.8328677 4.8388391 4.8421881 4.8332241
4.8042544 4.7993881 4.7970576 4.7956032 4.7945067 4.7937991 4.7935447 4.793235 4.7917132 4.7883833 4.7833089 4.7762274 4.7663073 4.751958 4.7305515 4.6985563 4.69253 4.731722 4.755912 4.7690262 4.7764116 4.7802582 4.7814527 4.7800993 4.7822492 4.7849467 4.7858089 4.7841841 4.7783783 4.7633703 4.7188036 4.7296936 4.778781 4.8077285 4.8344682 4.8653585 4.8991434 4.9188352 4.8942598 4.8698413 4.8556213 4.8464302 4.8393091 4.8323074 4.823145 4.8119302 4.8166321 4.8235588 4.826386 4.826458 4.8244402 4.8205697 4.8158483 4.8139206 4.8165724 4.8217181 4.8256946 4.8269656 4.8237523 4.8243281
4.7954462 4.7947502 4.793301 4.7916362 4.7898388 4.7882506 4.7873904 4.7869441 4.7857197 4.7828638 4.7779982 4.7706867 4.7600518 4.7442934 4.7198475 4.6952864 4.7125695 4.7372378 4.7556957 4.7676201 4.7747879 4.7785396 4.7800825 4.7810593 4.7827511 4.7847112 4.7853468 4.7838045 4.7787712 4.7683141 4.7569532 4.7632206 4.7872127 4.8112376 4.8365987 4.8715042 4.9190825 4.8966371 4.8737134 4.8592792 4.8493635 4.8422536 4.8362675 4.8297921 4.820224 4.803993 4.812925 4.8223705 4.8248271 4.8241799 4.8210649 4.8143922 4.8014195 4.7947212 4.8079908 4.8156053 4.81761 4.8152478 4.8046613 4.7936875
4.7911515 4.7909612 4.7896147 4.7873927 4.7842995 4.780894 4.7796605 4.7806396 4.7805444 4.7781945 4.7734132 4.7657965 4.7544206 4.7376304 4.7112528 4.6763169 4.7084926 4.7385444 4.7558207 4.7667937 4.7734869 4.776438 4.7756112 4.7771783 4.781549 4.7840248 4.7847806 4.7837125 4.7798925 4.7688848 4.7501604 4.7737857 4.7942412 4.8141242 4.8363991 4.8642404 4.8976022 4.8818024 4.8613324 4.8506939 4.8438833 4.8388303 4.834239 4.828731 4.8215637 4.8173559 4.8197534 4.823215 4.8240505 4.8225136 4.8185835 4.8103406 4.7895946 4.773713 4.8003107 4.8092837 4.808862 4.802613 4.79245 4.797481
4.7886133 4.7879763 4.7861549 4.7830907 4.7781516 4.7702911 4.7683078 4.7742507 4.7761603 4.7743418 4.7695868 4.7616074 4.7491854 4.7300931 4.7056582 4.6994909 4.718727 4.7406037 4.756107 4.7662507 4.7725124 4.77501 4.7716963 4.7732173 4.7801566 4.7831157 4.7839535 4.7834154 4.7819151 4.7795478 4.7757316 4.7840184 4.7987365 4.8157752 4.8366042 4.8610017 4.8661253 4.8584302 4.849817 4.8435791 4.8394448 4.8364459 4.8336145 4.8292223 4.8184779 4.8119253 4.8221169 4.8245028 4.8238786 4.8214753 4.8172867 4.8108735 4.8019884 4.7973572 4.8026332 4.8040786 4.7994195 4.7886385 4.7655959 4.777482
4.7865339 4.7854262 4.7828441 4.7789302 4.7734458 4.7646834 4.7624752 4.7705072 4.7729196 4.7712766 4.7665243 4.7583111 4.745002 4.7213644 4.6697617 4.6582461 4.7151944 4.7416803 4.7565156 4.7658681 4.7717408 4.774838 4.7754836 4.7770542 4.7802771 4.7821869 4.7825683 4.7818196 4.7815083 4.7872596 4.7871909 4.789646 4.8007731 4.8157162 4.8352524 4.8656903 4.8658925 4.8480128 4.8412806 4.8378862 4.8360815 4.8352293 4.8348682 4.8343183 4.8307865 4.8259778 4.8271688 4.8263653 4.8241353 4.8208931 4.8163124 4.8100671 4.8050364 4.8042589 4.8028707 4.7982496 4.7881557 4.7709791 4.7603072 4.7766313
4.7853844 4.7832115 4.7794332 4.7740491 4.7680664 4.7651017 4.7662267 4.7693376 4.7705814 4.7688673 4.7641817 4.7560562 4.7431449 4.7230934 4.695669 4.6920559 4.7223423 4.7440942 4.7572946 4.7655886 4.7708616 4.7742107 4.7764154 4.7782916 4.7800221 4.7809234 4.7804263 4.7779834 4.7731495 4.7722304 4.779658 4.7884403 4.8000313 4.814201 4.8312827 4.8437618 4.8437482 4.8379349 4.8344967 4.8333897 4.8336938 4.8350703 4.8376041 4.8427024 4.8538512 4.8445578 4.8336924 4.8285179 4.8246184 4.8207451 4.8159435 4.8081952 4.8000272 4.8035156 4.8001861 4.791166 4.7753621 4.7442074 4.7011324 4.758486
4.7849774 4.781193 4.7758279 4.7674558 4.7539231 4.7491676 4.7606353 4.7668957 4.7685275 4.766955 4.7624454 4.7546037 4.7421618 4.7220905 4.6954523 4.7070207 4.7307449 4.7474572 4.7583942 4.7652503 4.769438 4.7723382 4.7749487 4.7772512 4.7788242 4.7792289 4.7778897 4.7734467 4.7598902 4.7311928 4.764342 4.7844911 4.7972515 4.8112627 4.835489 4.857937 4.8363268 4.8297856 4.828759 4.8297662 4.832097 4.8357727 4.8411761 4.8482061 4.8547719 4.8482228 4.8371862 4.8300169 4.8250249 4.8210765 4.8174469 4.8126584 4.8072366 4.8039473 4.7963501 4.7828988 4.7612773 4.7341482 4.7302763 4.7598699
4.784629 4.7791626 4.7724414 4.7625181 4.7430272 4.7342777 4.7555971 4.764661 4.7668591 4.7654825 4.761183 4.7537005 4.742055 4.7234705 4.694697 4.7100546 4.7358889 4.7505297 4.75947 4.7645305 4.7665834 4.7679762 4.7714667 4.7750516 4.7770768 4.7773156 4.7754595 4.7706362 4.7619487 4.7548824 4.7675738 4.7821497 4.7928705 4.8028223 4.8168242 4.8305662 4.824376 4.8221959 4.8237198 4.8267794 4.8310786 4.8371577 4.8466424 4.862341 4.868545 4.8518181 4.8390027 4.8306311 4.8250392 4.8215508 4.8208606 4.8225081 4.8156807 4.8044102 4.7918019 4.7739397 4.7435333 4.6769099 4.6901072 4.7558934
4.7837648 4.7767468 4.7686906 4.759637 4.7519279 4.7508677 4.7584316 4.7640601 4.7657782 4.7644168 4.7602618 4.7529978 4.7417599 4.7265135 4.7183813 4.7278131 4.7423086 4.7534192 4.7603402 4.7633376 4.7611298 4.7574228 4.7656807 4.7724364 4.7752286 4.7753771 4.7730829 4.767678 4.7565476 4.755992 4.7699991 4.7800536 4.7873487 4.7914258 4.7880283 4.7981271 4.8092737 4.814598 4.819218 4.8242846 4.8304054 4.8386074 4.8512675 4.877098 4.8937524 4.8577989 4.8399225 4.8303167 4.8243232 4.8212306 4.823773 4.8385935 4.8247346 4.803618 4.7865092 4.7650424 4.7347458 4.7034839 4.7141664 4.758659
4.7822725 4.7736671 4.7629525 4.7479995 4.7412174 4.7516722 4.759557 4.7638172 4.7650858 4.7636824 4.7595994 4.7523614 4.7405977 4.718805 4.7021547 4.7301552 4.7464287 4.7557313 4.7609323 4.7624591 4.7584721 4.7516568 4.7630178 4.7708259 4.7737041 4.7735293 4.770537 4.7645606 4.7579771 4.7594894 4.7693321 4.7767433 4.7807306 4.7822392 4.7819633 4.7884832 4.8000819 4.808542 4.8154653 4.8222328 4.8299319 4.8399953 4.8541668 4.86898 4.868786 4.8529691 4.8384826 4.8288654 4.822621 4.8191841 4.8194533 4.8232471 4.8148636 4.7982738 4.7798575 4.754863 4.7114153 4.6637485 4.7209788 4.7640922
4.7801362 4.7702383 4.7578277 4.7359668 4.7229226 4.7471184 4.7588292 4.763402 4.7645963 4.7632202 4.7591831 4.7517961 4.7403315 4.7276443 4.7246688 4.7377101 4.7500824 4.7575394 4.7610621 4.7613161 4.7600586 4.7608109 4.765705 4.7705168 4.7726436 4.7719064 4.7677751 4.7576367 4.7399295 4.7538286 4.7669482 4.772271 4.7718137 4.76438 4.7656923 4.7813369 4.7940665 4.8041116 4.8125456 4.8205803 4.8295033 4.8413565 4.861695 4.8996285 4.8803267 4.8510399 4.835981 4.8263864 4.8199774 4.8162778 4.8149285 4.8122522 4.8043977 4.7910141 4.7721636 4.7455573 4.710666 4.6870384 4.7278478 4.7686612
4.7770719 4.7659871 4.7541441 4.743941 4.7416769 4.751042 4.7590997 4.7631467 4.7642833 4.7630224 4.7591371 4.7512979 4.7356188 4.7106013 4.7225993 4.7425583 4.7533194 4.758958 4.760529 4.7571523 4.7504399 4.7573161 4.7657167 4.7702803 4.7719358 4.7707238 4.7659968 4.7559619 4.7408239 4.7528216 4.7644885 4.7671285 4.7625483 4.7438801 4.7386834 4.7716008 4.7891901 4.8008943 4.8103909 4.8192731 4.8289219 4.8411554 4.8587108 4.8817106 4.8701098 4.8466868 4.8324352 4.8229538 4.8164528 4.813605 4.817867 4.8134766 4.799544 4.7845083 4.7637781 4.73051 4.6752175 4.6866485 4.7374243 4.7741446
