Cobbity2/QGIS/Ave14.asc
NCOLS 700
NROWS 419
XLLCORNER 150.66
YLLCORNER -34.028
CELLSIZE 1e-05
NODATA_VALUE -9999
[rows 234 to 259 of 419, columns 480 to 539 of 700]
4.8108395 4.8108323 4.8108251 4.8108178 4.8108104 4.810803 4.8107956 4.8107881 4.8107806 4.810773 4.8107654 4.8107577 4.81075 4.8107422 4.8107345 4.8107266 4.8107188 4.8107109 4.810703 4.8106951 4.8106871 4.8106791 4.8106711 4.8106631 4.810655 4.8106469 4.8106388 4.8106307 4.8106226 4.8106144 4.8106062 4.8105981 4.8105899 4.8105817 4.8105735 4.8105652 4.810557 4.8105488 4.8105405 4.8105323 4.810524 4.8105157 4.8105075 4.8104992 4.8104909 4.8104827 4.8104744 4.8104661 4.8104579 4.8104496 4.8104413 4.8104331 4.8104248 4.8104165 4.8104083 4.8104 4.8103918 4.8103836 4.8103754 4.8103671
4.81078 4.8107733 4.8107665 4.8107597 4.8107529 4.810746 4.810739 4.810732 4.8107249 4.8107178 4.8107106 4.8107034 4.8106961 4.8106888 4.8106814 4.810674 4.8106666 4.8106592 4.8106517 4.8106441 4.8106366 4.810629 4.8106214 4.8106137 4.8106061 4.8105984 4.8105906 4.8105829 4.8105751 4.8105674 4.8105596 4.8105517 4.8105439 4.8105361 4.8105282 4.8105203 4.8105124 4.8105045 4.8104966 4.8104887 4.8104808 4.8104728 4.8104649 4.810457 4.810449 4.8104411 4.8104331 4.8104251 4.8104172 4.8104092 4.8104012 4.8103933 4.8103853 4.8103773 4.8103694 4.8103614 4.8103535 4.8103455 4.8103376 4.8103296
4.8107207 4.8107145 4.8107082 4.8107019 4.8106955 4.8106891 4.8106825 4.810676 4.8106694 4.8106627 4.8106559 4.8106492 4.8106423 4.8106355 4.8106285 4.8106216 4.8106146 4.8106075 4.8106004 4.8105933 4.8105862 4.810579 4.8105718 4.8105645 4.8105572 4.8105499 4.8105426 4.8105352 4.8105278 4.8105204 4.810513 4.8105055 4.810498 4.8104905 4.810483 4.8104755 4.810468 4.8104604 4.8104528 4.8104452 4.8104376 4.81043 4.8104224 4.8104148 4.8104071 4.8103995 4.8103919 4.8103842 4.8103765 4.8103689 4.8103612 4.8103535 4.8103459 4.8103382 4.8103305 4.8103228 4.8103152 4.8103075 4.8102998 4.8102921
4.8106615 4.8106558 4.8106501 4.8106442 4.8106383 4.8106323 4.8106263 4.8106202 4.810614 4.8106078 4.8106015 4.8105951 4.8105887 4.8105823 4.8105758 4.8105693 4.8105627 4.810556 4.8105494 4.8105426 4.8105359 4.8105291 4.8105223 4.8105154 4.8105085 4.8105016 4.8104946 4.8104876 4.8104806 4.8104735 4.8104665 4.8104594 4.8104523 4.8104451 4.8104379 4.8104308 4.8104236 4.8104163 4.8104091 4.8104018 4.8103946 4.8103873 4.81038 4.8103727 4.8103654 4.810358 4.8103507 4.8103433 4.810336 4.8103286 4.8103212 4.8103139 4.8103065 4.8102991 4.8102917 4.8102843 4.8102769 4.8102695 4.8102621 4.8102547
4.8106026 4.8105974 4.8105921 4.8105867 4.8105813 4.8105758 4.8105702 4.8105645 4.8105588 4.810553 4.8105472 4.8105413 4.8105353 4.8105293 4.8105232 4.8105171 4.8105109 4.8105047 4.8104984 4.8104921 4.8104857 4.8104793 4.8104729 4.8104664 4.8104599 4.8104533 4.8104468 4.8104401 4.8104335 4.8104268 4.8104201 4.8104133 4.8104066 4.8103998 4.810393 4.8103861 4.8103792 4.8103724 4.8103655 4.8103585 4.8103516 4.8103446 4.8103376 4.8103306 4.8103236 4.8103166 4.8103096 4.8103025 4.8102955 4.8102884 4.8102813 4.8102742 4.8102671 4.81026 4.8102529 4.8102458 4.8102387 4.8102316 4.8102244 4.8102173
4.8105439 4.8105392 4.8105344 4.8105295 4.8105245 4.8105194 4.8105143 4.8105091 4.8105038 4.8104984 4.810493 4.8104876 4.810482 4.8104764 4.8104708 4.8104651 4.8104593 4.8104535 4.8104476 4.8104417 4.8104357 4.8104297 4.8104237 4.8104176 4.8104114 4.8104052 4.810399 4.8103928 4.8103865 4.8103802 4.8103738 4.8103674 4.810361 4.8103545 4.8103481 4.8103416 4.810335 4.8103285 4.8103219 4.8103153 4.8103087 4.810302 4.8102954 4.8102887 4.810282 4.8102753 4.8102685 4.8102618 4.810255 4.8102483 4.8102415 4.8102347 4.8102279 4.8102211 4.8102142 4.8102074 4.8102006 4.8101937 4.8101868 4.81018
4.8104855 4.8104812 4.8104768 4.8104724 4.8104679 4.8104632 4.8104586 4.8104538 4.810449 4.810444 4.8104391 4.810434 4.8104289 4.8104237 4.8104185 4.8104132 4.8104078 4.8104024 4.8103969 4.8103914 4.8103858 4.8103802 4.8103746 4.8103688 4.8103631 4.8103573 4.8103514 4.8103455 4.8103396 4.8103336 4.8103276 4.8103216 4.8103155 4.8103094 4.8103033 4.8102971 4.8102909 4.8102847 4.8102784 4.8102722 4.8102659 4.8102595 4.8102532 4.8102468 4.8102404 4.810234 4.8102276 4.8102211 4.8102147 4.8102082 4.8102017 4.8101952 4.8101887 4.8101821 4.8101756 4.810169 4.8101625 4.8101559 4.8101493 4.8101427
4.8104272 4.8104234 4.8104195 4.8104155 4.8104114 4.8104073 4.810403 4.8103987 4.8103943 4.8103898 4.8103853 4.8103806 4.8103759 4.8103712 4.8103664 4.8103615 4.8103565 4.8103515 4.8103464 4.8103413 4.8103361 4.8103309 4.8103256 4.8103202 4.8103148 4.8103094 4.8103039 4.8102984 4.8102928 4.8102872 4.8102816 4.8102759 4.8102701 4.8102644 4.8102586 4.8102527 4.8102469 4.810241 4.8102351 4.8102291 4.8102231 4.8102171 4.8102111 4.810205 4.8101989 4.8101928 4.8101867 4.8101806 4.8101744 4.8101682 4.810162 4.8101558 4.8101495 4.8101433 4.810137 4.8101307 4.8101244 4.8101181 4.8101118 4.8101055
4.8103692 4.8103658 4.8103624 4.8103588 4.8103552 4.8103515 4.8103477 4.8103438 4.8103398 4.8103358 4.8103317 4.8103274 4.8103232 4.8103188 4.8103144 4.8103099 4.8103054 4.8103007 4.8102961 4.8102913 4.8102865 4.8102817 4.8102767 4.8102718 4.8102667 4.8102617 4.8102566 4.8102514 4.8102462 4.8102409 4.8102356 4.8102303 4.8102249 4.8102195 4.810214 4.8102085 4.810203 4.8101974 4.8101918 4.8101862 4.8101805 4.8101748 4.8101691 4.8101633 4.8101575 4.8101517 4.8101459 4.8101401 4.8101342 4.8101283 4.8101224 4.8101164 4.8101105 4.8101045 4.8100985 4.8100925 4.8100865 4.8100804 4.8100744 4.8100683
4.8103113 4.8103085 4.8103055 4.8103024 4.8102992 4.8102959 4.8102926 4.8102891 4.8102856 4.8102819 4.8102782 4.8102744 4.8102706 4.8102666 4.8102626 4.8102585 4.8102544 4.8102501 4.8102458 4.8102415 4.8102371 4.8102326 4.810228 4.8102234 4.8102188 4.8102141 4.8102093 4.8102045 4.8101996 4.8101947 4.8101898 4.8101848 4.8101797 4.8101746 4.8101695 4.8101643 4.8101591 4.8101539 4.8101486 4.8101433 4.8101379 4.8101326 4.8101271 4.8101217 4.8101162 4.8101107 4.8101052 4.8100996 4.8100941 4.8100884 4.8100828 4.8100772 4.8100715 4.8100658 4.8100601 4.8100543 4.8100486 4.8100428 4.810037 4.8100312
4.8102538 4.8102513 4.8102488 4.8102461 4.8102434 4.8102405 4.8102376 4.8102346 4.8102315 4.8102283 4.810225 4.8102216 4.8102181 4.8102146 4.810211 4.8102073 4.8102035 4.8101997 4.8101958 4.8101918 4.8101878 4.8101837 4.8101795 4.8101753 4.810171 4.8101666 4.8101622 4.8101578 4.8101532 4.8101487 4.8101441 4.8101394 4.8101347 4.8101299 4.8101251 4.8101203 4.8101154 4.8101105 4.8101055 4.8101005 4.8100955 4.8100904 4.8100853 4.8100802 4.810075 4.8100698 4.8100646 4.8100593 4.810054 4.8100487 4.8100433 4.810038 4.8100326 4.8100272 4.8100217 4.8100162 4.8100108 4.8100053 4.8099997 4.8099942
4.8101964 4.8101944 4.8101923 4.8101901 4.8101878 4.8101854 4.8101829 4.8101803 4.8101776 4.8101748 4.8101719 4.8101689 4.8101659 4.8101627 4.8101595 4.8101562 4.8101528 4.8101494 4.8101459 4.8101423 4.8101386 4.8101349 4.8101311 4.8101272 4.8101233 4.8101193 4.8101152 4.8101111 4.810107 4.8101028 4.8100985 4.8100942 4.8100898 4.8100854 4.8100809 4.8100764 4.8100718 4.8100672 4.8100626 4.8100579 4.8100532 4.8100484 4.8100436 4.8100387 4.8100339 4.810029 4.810024 4.810019 4.810014 4.810009 4.8100039 4.8099988 4.8099937 4.8099886 4.8099834 4.8099782 4.809973 4.8099678 4.8099625 4.8099572
4.8101393 4.8101377 4.8101361 4.8101343 4.8101324 4.8101304 4.8101284 4.8101262 4.8101239 4.8101215 4.810119 4.8101165 4.8101138 4.8101111 4.8101082 4.8101053 4.8101023 4.8100993 4.8100961 4.8100929 4.8100896 4.8100863 4.8100828 4.8100793 4.8100757 4.8100721 4.8100684 4.8100646 4.8100608 4.810057 4.810053 4.810049 4.810045 4.8100409 4.8100368 4.8100326 4.8100283 4.810024 4.8100197 4.8100153 4.8100109 4.8100064 4.8100019 4.8099974 4.8099928 4.8099882 4.8099836 4.8099789 4.8099742 4.8099694 4.8099646 4.8099598 4.809955 4.8099501 4.8099452 4.8099403 4.8099353 4.8099303 4.8099253 4.8099203
4.8100824 4.8100813 4.8100801 4.8100787 4.8100773 4.8100757 4.810074 4.8100723 4.8100704 4.8100684 4.8100664 4.8100642 4.8100619 4.8100596 4.8100572 4.8100546 4.810052 4.8100493 4.8100466 4.8100437 4.8100408 4.8100378 4.8100347 4.8100316 4.8100283 4.8100251 4.8100217 4.8100183 4.8100148 4.8100113 4.8100077 4.810004 4.8100003 4.8099966 4.8099927 4.8099889 4.8099849 4.809981 4.8099769 4.8099729 4.8099688 4.8099646 4.8099604 4.8099562 4.8099519 4.8099476 4.8099432 4.8099388 4.8099344 4.8099299 4.8099254 4.8099209 4.8099163 4.8099117 4.8099071 4.8099024 4.8098977 4.809893 4.8098883 4.8098835
4.8100257 4.8100251 4.8100243 4.8100234 4.8100223 4.8100212 4.8100199 4.8100186 4.8100171 4.8100155 4.8100139 4.8100121 4.8100102 4.8100083 4.8100062 4.8100041 4.8100019 4.8099996 4.8099972 4.8099947 4.8099921 4.8099895 4.8099868 4.809984 4.8099811 4.8099782 4.8099752 4.8099721 4.809969 4.8099658 4.8099625 4.8099592 4.8099558 4.8099523 4.8099488 4.8099453 4.8099417 4.809938 4.8099343 4.8099305 4.8099267 4.8099229 4.809919 4.809915 4.809911 4.809907 4.8099029 4.8098988 4.8098947 4.8098905 4.8098862 4.809882 4.8098777 4.8098734 4.809869 4.8098646 4.8098602 4.8098557 4.8098512 4.8098467
4.8099693 4.8099691 4.8099687 4.8099682 4.8099676 4.8099669 4.8099661 4.8099651 4.809964 4.8099629 4.8099616 4.8099602 4.8099588 4.8099572 4.8099555 4.8099537 4.8099519 4.8099499 4.8099479 4.8099458 4.8099436 4.8099413 4.809939 4.8099365 4.809934 4.8099314 4.8099288 4.809926 4.8099232 4.8099204 4.8099174 4.8099144 4.8099114 4.8099082 4.8099051 4.8099018 4.8098985 4.8098952 4.8098918 4.8098883 4.8098848 4.8098813 4.8098776 4.809874 4.8098703 4.8098665 4.8098628 4.8098589 4.8098551 4.8098511 4.8098472 4.8098432 4.8098392 4.8098351 4.809831 4.8098269 4.8098227 4.8098185 4.8098143 4.80981
4.8099132 4.8099134 4.8099134 4.8099133 4.8099131 4.8099128 4.8099124 4.8099118 4.8099112 4.8099104 4.8099095 4.8099085 4.8099075 4.8099063 4.809905 4.8099036 4.8099021 4.8099005 4.8098989 4.8098971 4.8098953 4.8098933 4.8098913 4.8098892 4.8098871 4.8098848 4.8098825 4.8098801 4.8098776 4.8098751 4.8098725 4.8098698 4.8098671 4.8098643 4.8098614 4.8098585 4.8098555 4.8098525 4.8098494 4.8098462 4.809843 4.8098397 4.8098364 4.8098331 4.8098297 4.8098262 4.8098227 4.8098191 4.8098155 4.8098119 4.8098082 4.8098045 4.8098008 4.809797 4.8097931 4.8097893 4.8097854 4.8097814 4.8097774 4.8097734
4.8098573 4.8098579 4.8098584 4.8098587 4.8098589 4.809859 4.809859 4.8098588 4.8098585 4.8098582 4.8098577 4.8098571 4.8098563 4.8098555 4.8098546 4.8098536 4.8098525 4.8098513 4.80985 4.8098486 4.8098471 4.8098455 4.8098439 4.8098421 4.8098403 4.8098384 4.8098364 4.8098343 4.8098322 4.80983 4.8098277 4.8098254 4.8098229 4.8098205 4.8098179 4.8098153 4.8098126 4.8098099 4.8098071 4.8098042 4.8098013 4.8097983 4.8097953 4.8097922 4.8097891 4.8097859 4.8097827 4.8097795 4.8097761 4.8097728 4.8097694 4.8097659 4.8097624 4.8097589 4.8097553 4.8097517 4.8097481 4.8097444 4.8097407 4.8097369
4.8098016 4.8098027 4.8098035 4.8098043 4.8098049 4.8098054 4.8098057 4.809806 4.8098061 4.8098061 4.809806 4.8098058 4.8098054 4.809805 4.8098045 4.8098038 4.8098031 4.8098022 4.8098013 4.8098002 4.8097991 4.8097979 4.8097966 4.8097952 4.8097937 4.8097921 4.8097904 4.8097887 4.8097869 4.809785 4.8097831 4.809781 4.8097789 4.8097768 4.8097745 4.8097722 4.8097698 4.8097674 4.8097649 4.8097623 4.8097597 4.8097571 4.8097543 4.8097515 4.8097487 4.8097458 4.8097429 4.8097399 4.8097368 4.8097337 4.8097306 4.8097274 4.8097242 4.8097209 4.8097176 4.8097143 4.8097109 4.8097074 4.809704 4.8097005
4.8097462 4.8097477 4.809749 4.8097501 4.8097511 4.809752 4.8097528 4.8097534 4.8097539 4.8097543 4.8097546 4.8097547 4.8097548 4.8097547 4.8097545 4.8097542 4.8097538 4.8097533 4.8097527 4.8097521 4.8097513 4.8097504 4.8097494 4.8097484 4.8097472 4.809746 4.8097446 4.8097432 4.8097418 4.8097402 4.8097386 4.8097368 4.8097351 4.8097332 4.8097313 4.8097293 4.8097272 4.8097251 4.8097229 4.8097206 4.8097183 4.8097159 4.8097134 4.8097109 4.8097084 4.8097058 4.8097031 4.8097004 4.8096976 4.8096948 4.8096919 4.809689 4.809686 4.809683 4.80968 4.8096769 4.8096737 4.8096706 4.8096673 4.8096641
4.8096911 4.8096929 4.8096946 4.8096962 4.8096976 4.8096989 4.8097 4.809701 4.8097019 4.8097027 4.8097033 4.8097038 4.8097043 4.8097046 4.8097047 4.8097048 4.8097048 4.8097046 4.8097044 4.8097041 4.8097036 4.8097031 4.8097025 4.8097017 4.8097009 4.8097 4.809699 4.8096979 4.8096968 4.8096955 4.8096942 4.8096928 4.8096913 4.8096898 4.8096881 4.8096864 4.8096847 4.8096828 4.8096809 4.809679 4.8096769 4.8096748 4.8096727 4.8096705 4.8096682 4.8096658 4.8096635 4.809661 4.8096585 4.809656 4.8096533 4.8096507 4.809648 4.8096452 4.8096424 4.8096396 4.8096367 4.8096338 4.8096308 4.8096278
4.8096362 4.8096385 4.8096405 4.8096425 4.8096443 4.809646 4.8096475 4.8096489 4.8096501 4.8096513 4.8096523 4.8096532 4.809654 4.8096546 4.8096552 4.8096556 4.8096559 4.8096561 4.8096563 4.8096563 4.8096562 4.809656 4.8096557 4.8096553 4.8096548 4.8096542 4.8096535 4.8096528 4.8096519 4.809651 4.80965 4.8096489 4.8096477 4.8096465 4.8096452 4.8096438 4.8096423 4.8096408 4.8096391 4.8096375 4.8096357 4.8096339 4.809632 4.8096301 4.8096281 4.809626 4.8096239 4.8096217 4.8096195 4.8096172 4.8096149 4.8096125 4.80961 4.8096076 4.809605 4.8096024 4.8095998 4.8095971 4.8095944 4.8095916
4.8095816 4.8095843 4.8095867 4.8095891 4.8095912 4.8095933 4.8095952 4.809597 4.8095986 4.8096001 4.8096015 4.8096028 4.8096039 4.8096049 4.8096058 4.8096066 4.8096073 4.8096078 4.8096083 4.8096086 4.8096089 4.809609 4.809609 4.809609 4.8096088 4.8096086 4.8096082 4.8096078 4.8096073 4.8096066 4.8096059 4.8096052 4.8096043 4.8096034 4.8096023 4.8096012 4.8096001 4.8095988 4.8095975 4.8095961 4.8095946 4.8095931 4.8095915 4.8095898 4.8095881 4.8095863 4.8095845 4.8095826 4.8095806 4.8095786 4.8095765 4.8095744 4.8095722 4.80957 4.8095677 4.8095653 4.8095629 4.8095605 4.809558 4.8095555
4.8095273 4.8095303 4.8095332 4.8095359 4.8095384 4.8095409 4.8095432 4.8095453 4.8095473 4.8095492 4.8095509 4.8095526 4.8095541 4.8095554 4.8095567 4.8095578 4.8095588 4.8095597 4.8095605 4.8095612 4.8095618 4.8095622 4.8095626 4.8095629 4.809563 4.8095631 4.8095631 4.809563 4.8095627 4.8095624 4.809562 4.8095616 4.809561 4.8095604 4.8095596 4.8095588 4.809558 4.809557 4.809556 4.8095548 4.8095537 4.8095524 4.8095511 4.8095497 4.8095483 4.8095468 4.8095452 4.8095435 4.8095418 4.8095401 4.8095383 4.8095364 4.8095344 4.8095325 4.8095304 4.8095283 4.8095262 4.809524 4.8095218 4.8095195
4.8094732 4.8094766 4.8094799 4.8094829 4.8094859 4.8094887 4.8094913 4.8094939 4.8094962 4.8094985 4.8095006 4.8095026 4.8095044 4.8095061 4.8095077 4.8095092 4.8095106 4.8095118 4.8095129 4.809514 4.8095149 4.8095157 4.8095164 4.8095169 4.8095174 4.8095178 4.8095181 4.8095183 4.8095184 4.8095184 4.8095183 4.8095181 4.8095179 4.8095175 4.8095171 4.8095166 4.809516 4.8095153 4.8095146 4.8095137 4.8095128 4.8095119 4.8095108 4.8095097 4.8095085 4.8095073 4.809506 4.8095046 4.8095032 4.8095017 4.8095001 4.8094985 4.8094968 4.8094951 4.8094933 4.8094914 4.8094895 4.8094876 4.8094856 4.8094836
4.8094194 4.8094232 4.8094268 4.8094303 4.8094336 4.8094368 4.8094398 4.8094427 4.8094454 4.809448 4.8094505 4.8094528 4.809455 4.8094571 4.809459 4.8094608 4.8094625 4.8094641 4.8094656 4.8094669 4.8094681 4.8094693 4.8094703 4.8094712 4.809472 4.8094727 4.8094733 4.8094738 4.8094742 4.8094745 4.8094747 4.8094748 4.8094749 4.8094748 4.8094747 4.8094745 4.8094742 4.8094738 4.8094733 4.8094728 4.8094721 4.8094714 4.8094707 4.8094698 4.8094689 4.8094679 4.8094669 4.8094658 4.8094646 4.8094634 4.8094621 4.8094607 4.8094593 4.8094578 4.8094562 4.8094546 4.809453 4.8094513 4.8094495 4.8094477
