Cobbity2/QGIS/Ave14+Ave30.asc
NCOLS 800
NROWS 439
XLLCORNER 150.66
YLLCORNER -34.0271
CELLSIZE 1e-05
NODATA_VALUE -9999
[rows 312 to 337 of 439, columns 240 to 299 of 800]
4.7407024 4.7546274 4.7798602 4.779658 4.755322 4.7437087 4.7352914 4.7251514 4.7097062 4.6844772 4.6535093 4.6555498 4.6948228 4.7398363 4.7756839 4.7987855 4.7995082 4.8078907 4.8194513 4.8331138 4.8491498 4.8680203 4.8908265 4.9202636 4.9625464 5.0096443 4.9935514 4.9658313 4.9501106 4.9444932 4.9484113 4.9656031 5.0039713 4.9853029 4.9502651 4.9320943 4.920067 4.9103477 4.900325 4.8912318 4.8956395 4.9035505 4.9109806 4.9188999 4.9287935 4.9444195 4.9747416 4.9852187 4.9597352 4.9542506 4.9600004 4.9737241 4.9969907 5.0333935 5.0717172 5.0677471 5.0403945 5.0171656 4.9985931 4.9839826
4.7429124 4.7566184 4.7801098 4.7801456 4.7565961 4.7437752 4.7339114 4.7219663 4.7033833 4.6663224 4.5770563 4.6018576 4.6990387 4.7502773 4.7823102 4.7966419 4.8015646 4.809984 4.821707 4.8357237 4.8520438 4.8711807 4.8942982 4.9242379 4.9718224 5.0488362 5.0049287 4.9591169 4.9445976 4.9428399 4.9501742 4.9671603 4.9945414 4.9800793 4.948736 4.9305086 4.9186419 4.9090864 4.8977022 4.8814714 4.8927591 4.9051566 4.9132414 4.9211183 4.9304841 4.9442296 4.9700915 4.9801045 4.9609131 4.95718 4.964196 4.9795927 5.0066869 5.0587245 5.1384823 5.1127529 5.0479644 5.0142437 4.9944207 4.9804282
4.7445923 4.755283 4.7623162 4.7604245 4.7513721 4.7417076 4.7314736 4.717993 4.6977957 4.6664621 4.6196893 4.6393582 4.7125014 4.7658052 4.8093047 4.8152322 4.8086454 4.8138644 4.8246695 4.8385259 4.8549164 4.8742586 4.8977153 4.9266134 4.957693 4.9779207 4.967473 4.9480462 4.9400453 4.942461 4.9550089 4.9762418 4.9824217 4.9644782 4.943793 4.9281803 4.9170929 4.9084379 4.9011792 4.8968403 4.900592 4.908154 4.9155127 4.9229805 4.9307079 4.9375959 4.943659 4.9514505 4.9537518 4.9578636 4.9678672 4.9848384 5.0105574 5.0500595 5.0978802 5.0847068 5.0394936 5.0095559 4.9906435 4.9772866
4.7473149 4.7631103 4.77252 4.7586959 4.7483037 4.7391637 4.7283192 4.7127277 4.6870708 4.6465023 4.632295 4.6772872 4.7297787 4.778205 4.8334448 4.832283 4.8139938 4.8172748 4.8275983 4.8413048 4.8576991 4.8772262 4.9016672 4.9363963 4.9860715 4.9807676 4.9517576 4.9390952 4.9362457 4.9424869 4.9620902 5.0140512 5.0318521 4.9699356 4.9412611 4.9257515 4.9152064 4.9063993 4.8973324 4.8970136 4.9041387 4.910899 4.9179094 4.9252383 4.9319413 4.9341034 4.9305298 4.9412874 4.9501808 4.9590059 4.9722456 4.9923123 5.0189589 5.0440894 5.0548968 5.0457225 5.0238864 5.0029 4.9866523 4.9742955
4.7485066 4.7632554 4.7722365 4.7572589 4.7460803 4.7365793 4.7248357 4.7071972 4.6749112 4.5929981 4.5378478 4.6702401 4.7399321 4.7832239 4.8078252 4.8135375 4.8134696 4.8194837 4.8301787 4.8439219 4.860327 4.8798498 4.9039135 4.937304 4.9909489 4.9818062 4.9448726 4.9332931 4.9333327 4.9416898 4.9593628 4.9896666 4.9971276 4.9610224 4.9370272 4.9229211 4.9131681 4.9049089 4.895108 4.8953685 4.9054108 4.9130325 4.9205107 4.9286947 4.9366594 4.9397071 4.9380422 4.9434731 4.9512069 4.9616664 4.9778666 5.0043325 5.0472365 5.0921534 5.0808886 5.0446244 5.0177465 4.9980416 4.9830817 4.9714965
4.7504133 4.7583653 4.7583222 4.7517225 4.7433181 4.733822 4.7210303 4.7017522 4.6728639 4.6352032 4.6287503 4.6943735 4.7544902 4.807395 4.8258313 4.8121145 4.8136143 4.8212917 4.8324923 4.8463651 4.8628403 4.882527 4.9065205 4.9327985 4.9479755 4.9446581 4.9331268 4.9281983 4.9312341 4.9421275 4.9620574 4.9773554 4.9659274 4.9473472 4.9313262 4.91966 4.9105897 4.9029083 4.8992107 4.9017134 4.9079858 4.9152139 4.9233221 4.9334519 4.9476669 4.9609154 4.9534946 4.9497882 4.9545216 4.9652531 4.983304 5.0147294 5.0776334 5.1715298 5.1311952 5.0547884 5.0164803 4.9948029 4.9800224 4.968897
4.7593554 4.7771065 4.7631537 4.7500425 4.741002 4.7310484 4.7167426 4.6927348 4.6493297 4.6087264 4.6545369 4.7151213 4.7651445 4.808278 4.8236588 4.8125994 4.8147809 4.8231448 4.8346693 4.8486581 4.8652245 4.8852814 4.9120749 4.9547464 4.9661149 4.9358702 4.9254906 4.9242953 4.9298347 4.9431525 4.9730469 5.0093616 4.9669056 4.9408378 4.9266418 4.9166341 4.9075097 4.8944131 4.8862118 4.9000458 4.9094514 4.9172138 4.9258848 4.9371161 4.9551669 4.9786992 4.9623562 4.9539622 4.9578354 4.9690468 4.9876065 5.0161383 5.0613393 5.1135062 5.0945283 5.0442409 5.011489 4.9911165 4.9770098 4.9663813
4.7607346 4.7833009 4.764124 4.7483524 4.7388325 4.7284375 4.7129683 4.6853597 4.6190208 4.5012319 4.6306413 4.7253719 4.7789229 4.8078425 4.8108246 4.8111956 4.8161212 4.8250576 4.8367578 4.8508158 4.8674602 4.8873916 4.9116122 4.9419317 4.9498656 4.9287177 4.9206384 4.9217542 4.9293057 4.94283 4.9597086 4.968826 4.9523268 4.9344665 4.9227528 4.9144938 4.9070646 4.8958507 4.8884509 4.9014798 4.9111159 4.9190782 4.9281152 4.9392938 4.9509769 4.9581255 4.9559033 4.9547605 4.9605549 4.9733171 4.9936347 5.020825 5.0468538 5.0585934 5.0488706 5.0257447 5.0036798 4.9866924 4.9738621 4.9638759
4.7491866 4.75522 4.7516362 4.7442233 4.7363631 4.7259432 4.7097789 4.6842073 4.6491757 4.627105 4.6777977 4.7434501 4.8029502 4.8484784 4.8189727 4.8128685 4.8178621 4.8269952 4.8387379 4.8528158 4.869693 4.8907461 4.9169886 4.9343625 4.9281768 4.9196087 4.9166902 4.920263 4.9303717 4.9501654 4.9755768 4.9617619 4.9420948 4.9286794 4.9193838 4.9129909 4.9086786 4.9057866 4.9041558 4.9075313 4.913574 4.9208029 4.9300701 4.943687 4.9612448 4.9583692 4.9530309 4.954977 4.9630614 4.9783084 5.0039486 5.0452543 5.0876384 5.0761148 5.0424425 5.0169198 4.9975273 4.9825052 4.9707658 4.9614079
4.7467938 4.7467478 4.7447373 4.7406254 4.7340782 4.7235777 4.7053657 4.6707089 4.617767 4.6404685 4.705459 4.7590816 4.8003982 4.8219389 4.8158036 4.8141956 4.8196772 4.8288705 4.8405499 4.8545308 4.8714166 4.8937033 4.9315111 4.9690816 4.9305904 4.9153119 4.9140614 4.9195313 4.9310805 4.9535118 4.9917558 4.9652592 4.9375581 4.924377 4.9164167 4.9113688 4.9091491 4.9097918 4.9088016 4.910749 4.9154729 4.9219703 4.9304266 4.943037 4.9619378 4.9579001 4.9518229 4.9554664 4.965542 4.9829141 5.0127356 5.0709186 5.1543503 5.1157173 5.0482074 5.0136406 4.9932582 4.9788921 4.9678593 4.9590209
4.748826 4.745538 4.7419453 4.7384132 4.7323992 4.7218772 4.7027477 4.6607551 4.5569487 4.6078858 4.7164344 4.7799034 4.8264965 4.8228036 4.8146471 4.8154355 4.8214134 4.8306039 4.8421456 4.8559145 4.8723016 4.8918756 4.9146934 4.9300436 4.9183738 4.9108995 4.9123888 4.9198483 4.9324129 4.9469382 4.9537193 4.9449615 4.9306791 4.9203938 4.9134449 4.9088121 4.9072278 4.9084799 4.9089795 4.9118248 4.916607 4.9226729 4.9294517 4.93577 4.9418718 4.9461329 4.9492259 4.9561662 4.9683046 4.9868459 5.0139665 5.0543024 5.0975883 5.0804343 5.0372663 5.0080241 4.9890758 4.9755338 4.9651111 4.9567223
4.7404051 4.7411 4.7398181 4.7370047 4.7312802 4.7206846 4.7023842 4.6757089 4.6535292 4.6793894 4.7387469 4.7973439 4.8631484 4.8365434 4.8171291 4.8170082 4.8230268 4.8321338 4.8434912 4.8570542 4.873464 4.8940536 4.9133148 4.911714 4.9071752 4.9068698 4.9117011 4.9216238 4.9388062 4.9673761 4.9592771 4.937726 4.925471 4.9169643 4.9103308 4.9038584 4.8984251 4.9016085 4.9071648 4.9120573 4.9174773 4.9235845 4.9294231 4.9315556 4.9321385 4.9402365 4.9478523 4.9576491 4.9722206 4.993401 5.0207168 5.0452208 5.0536733 5.042914 5.0213143 5.0007641 4.9846599 4.9722671 4.962474 4.9545026
4.7348499 4.7378948 4.7383443 4.7361969 4.7306387 4.7193407 4.696152 4.6494792 4.6387563 4.7026687 4.756522 4.7989714 4.8220945 4.8211873 4.816333 4.8181333 4.8243929 4.8334006 4.8445321 4.8577893 4.8738892 4.8963202 4.9267756 4.9125859 4.9028079 4.9048241 4.9124296 4.9245244 4.9409763 4.9623837 4.9551503 4.9342236 4.9222724 4.9145471 4.9080704 4.8987108 4.8816972 4.8921292 4.9052663 4.9122763 4.9185665 4.925429 4.9317705 4.9336986 4.93444 4.9406821 4.9488101 4.9602836 4.9775701 5.0048246 5.048422 5.0927212 5.0771153 5.040482 5.0144832 4.9953929 4.9807152 4.9691983 4.959954 4.9523579
4.7326071 4.7368037 4.7378282 4.7359784 4.7306183 4.7194688 4.6950262 4.6291654 4.6055962 4.7099153 4.7745998 4.8332126 4.8394602 4.8199326 4.8162129 4.8190443 4.825487 4.8343566 4.8452284 4.8581752 4.873315 4.8888798 4.8998373 4.8996646 4.8989179 4.9042947 4.9150693 4.9316919 4.9523739 4.9566524 4.9437031 4.9299804 4.9199557 4.9131792 4.9079381 4.9018303 4.8939803 4.8981966 4.906616 4.9131808 4.9200317 4.9287928 4.9401318 4.9468636 4.9434229 4.9444218 4.9513971 4.9637863 4.983038 5.0143928 5.0739231 5.1559244 5.1135369 5.0464723 5.0120275 4.9916764 4.9773606 4.9663708 4.957555 4.950283
4.7350697 4.7375006 4.738082 4.7361657 4.7309353 4.7207273 4.7039162 4.6858666 4.6928386 4.7373542 4.7868864 4.8401861 4.8440613 4.8211371 4.8168701 4.8198782 4.826305 4.8349421 4.8454551 4.8582541 4.8751756 4.8969385 4.8978054 4.8929757 4.8962752 4.9050168 4.9191532 4.9420141 4.9877661 4.9926663 4.9478391 4.928485 4.9185047 4.9125276 4.9088719 4.9070413 4.9057487 4.9058645 4.9092465 4.9143415 4.9211931 4.9315788 4.951257 4.9690912 4.9513245 4.9475614 4.954341 4.9679723 4.9885317 5.0171644 5.0563566 5.0945908 5.0769119 5.0357641 5.0069355 4.9878848 4.9742078 4.9636933 4.9552478 4.9482644
4.7375668 4.7388137 4.738708 4.7364563 4.7309609 4.7196894 4.6954747 4.6673943 4.70774 4.7551962 4.7985125 4.8256343 4.8254725 4.8186616 4.8171178 4.8204718 4.8268081 4.8350993 4.8449487 4.8565986 4.8723547 4.8971616 4.896741 4.8895965 4.895127 4.9070482 4.924563 4.9469497 4.9706424 4.970619 4.9439935 4.9268 4.9174151 4.912161 4.9095128 4.909486 4.9094105 4.9086689 4.9107567 4.9149626 4.9212605 4.930219 4.9429374 4.9525416 4.9476678 4.9482814 4.957111 4.973343 4.9979061 5.0295587 5.0554346 5.059564 5.044907 5.0217424 5.0004121 4.9837987 4.9710777 4.9610845 4.9529962 4.9462836
4.7396855 4.7401359 4.739367 4.736592 4.7306204 4.7190758 4.6936175 4.6565016 4.7114349 4.7673479 4.8275151 4.8800992 4.8358635 4.8191395 4.8172714 4.8207566 4.8269783 4.8348629 4.8438132 4.8531653 4.8616205 4.8703946 4.8785077 4.8845713 4.8947312 4.9104048 4.9344478 4.9710969 4.9874034 4.9606275 4.9387102 4.9246395 4.9164027 4.9119039 4.9098018 4.9092975 4.9092027 4.9094307 4.9112102 4.9147828 4.9205205 4.9286391 4.9356978 4.938632 4.9416774 4.9478077 4.9597437 4.9796801 5.0127122 5.0680736 5.1223925 5.0937957 5.0465851 5.0164371 4.9955848 4.9800333 4.9680377 4.9585229 4.9507763 4.9443248
4.7418693 4.7413712 4.7398732 4.7363439 4.7292562 4.716608 4.7016886 4.7043821 4.7339967 4.7746032 4.8197861 4.8523216 4.8299576 4.8177899 4.8168619 4.8206584 4.8268262 4.8343432 4.8425102 4.8502088 4.8533354 4.853092 4.8678601 4.8809367 4.8951034 4.9139259 4.9428646 5.0026377 5.0402589 4.9687159 4.9369017 4.9228497 4.9155442 4.9117725 4.9101175 4.9096181 4.9093556 4.9096279 4.9109263 4.9135927 4.9184403 4.9280026 4.9398364 4.9358559 4.9384703 4.9475264 4.9622697 4.9850257 5.022702 5.0954178 5.1864805 5.1270919 5.0519007 5.0139381 4.9918325 4.9765883 4.9650888 4.9559918 4.9485706 4.942375
4.744099 4.7424278 4.740148 4.7357137 4.7267483 4.7062194 4.6581389 4.6772413 4.7377976 4.7794685 4.8130524 4.8228664 4.8178218 4.8145364 4.8158053 4.8201806 4.8263734 4.8336087 4.8412274 4.8481906 4.852522 4.8551677 4.8661234 4.8801152 4.896588 4.9177444 4.9447305 4.9723139 4.9800434 4.9539397 4.9324946 4.9209252 4.9150007 4.9121009 4.9105186 4.9100159 4.9098305 4.9096487 4.9100917 4.9111223 4.9128551 4.9176869 4.9264235 4.9295353 4.9358958 4.9477798 4.9651866 4.9896126 5.0227814 5.0665053 5.1039859 5.0818115 5.0384022 5.0077697 4.9874897 4.9730708 4.9621321 4.9534569 4.9463618 4.9404239
4.7456766 4.7431071 4.7401491 4.7348678 4.7250735 4.7063697 4.6702553 4.6876245 4.7432185 4.7859408 4.8365538 4.8361903 4.8150155 4.8120831 4.8145641 4.8194202 4.8256133 4.8326054 4.8399816 4.8467817 4.851189 4.8568538 4.8669324 4.8809966 4.8991015 4.9240667 4.963404 4.996539 4.9670404 4.9426006 4.9276213 4.9191038 4.9151361 4.9139148 4.912914 4.9115154 4.9107464 4.9097451 4.909035 4.9078405 4.9034875 4.8946302 4.9026341 4.9195026 4.9331893 4.9487297 4.969583 4.9986309 5.0350966 5.0632811 5.0650773 5.0474857 5.0224798 4.9999702 4.9825783 4.9693764 4.9591129 4.9508936 4.9441379 4.9384652
4.745846 4.7432826 4.7398633 4.7335295 4.7215759 4.7029029 4.6962253 4.7186468 4.7522865 4.7837747 4.810055 4.8155344 4.8097579 4.8097943 4.8132944 4.8184412 4.8244656 4.8309962 4.8380389 4.845999 4.8499907 4.8547633 4.8668065 4.8822829 4.9017606 4.927925 4.9715568 5.017833 4.9679501 4.9373902 4.9240481 4.9178077 4.9162081 4.9189168 4.922846 4.9182647 4.9129511 4.9100671 4.908182 4.9054659 4.8970953 4.873934 4.8856818 4.9134247 4.931906 4.9505345 4.9752323 5.0134468 5.0770303 5.1363304 5.0980596 5.0466122 5.015222 4.993757 4.977843 4.9656473 4.9560496 4.9483 4.9418961 4.9364978
4.7451574 4.7431349 4.7394784 4.7321079 4.7159437 4.6729323 4.644096 4.7152876 4.7570419 4.7855623 4.8020186 4.8036698 4.8049208 4.8077668 4.8120788 4.8172716 4.8228365 4.8283206 4.8333696 4.8391578 4.8460418 4.8536704 4.8669458 4.8840005 4.905215 4.9316536 4.956352 4.9626341 4.9474278 4.9306332 4.9209949 4.9169566 4.9175022 4.9247008 4.9395839 4.9264897 4.9150225 4.9103254 4.9076332 4.9047542 4.9000146 4.8939274 4.8996732 4.9159161 4.9331659 4.9530809 4.979795 5.0213454 5.0979417 5.1826461 5.1193138 5.0473999 5.0104073 4.9885141 4.9733519 4.9619427 4.952965 4.9456851 4.9396416 4.934526
4.74455 4.7429865 4.7392408 4.7315161 4.7170364 4.6914902 4.6819296 4.7262529 4.7626943 4.7902024 4.8088576 4.8031023 4.8031764 4.8065451 4.8110291 4.815934 4.8207168 4.8246542 4.8257149 4.8215122 4.8328312 4.8503643 4.8671881 4.8862296 4.91003 4.9460463 4.9959839 4.9684015 4.9391451 4.9254093 4.9185871 4.9165729 4.9184528 4.9233712 4.9281985 4.9224655 4.9146951 4.9100989 4.9070944 4.9037468 4.8986297 4.898484 4.9071266 4.9196829 4.9357355 4.9564455 4.9838954 5.0192823 5.061837 5.0930138 5.0711566 5.0313504 5.0023285 4.9827593 4.9687887 4.9582138 4.9498619 4.943059 4.9373843 4.9325585
4.7442916 4.7430486 4.7392205 4.7304778 4.7129024 4.6946322 4.7109709 4.7412908 4.7699718 4.7922803 4.8019193 4.8021975 4.8029467 4.805985 4.810132 4.8144242 4.818072 4.8202764 4.8198091 4.8125481 4.8255778 4.8480361 4.8679613 4.8890334 4.9137226 4.9451106 4.9814668 4.9607447 4.9339213 4.9218079 4.916975 4.917015 4.921683 4.9292177 4.9278281 4.9200919 4.913782 4.9095718 4.9066195 4.9030172 4.8945101 4.8935001 4.9080729 4.9219227 4.9384418 4.9611475 4.9935298 5.0342421 5.0627227 5.0598308 5.0396371 5.0147863 4.9931311 4.9765721 4.9640919 4.9544449 4.9467494 4.9404372 4.9351393 4.9306083
4.7443439 4.7434378 4.7398233 4.7305074 4.7043312 4.6509653 4.7018292 4.748106 4.7790507 4.8134704 4.8227494 4.8063777 4.8034948 4.8056765 4.8092789 4.8127525 4.8147957 4.8136393 4.8094642 4.8135666 4.8285801 4.848707 4.8699939 4.8933657 4.9218331 4.9520343 4.9560941 4.9415844 4.9271814 4.9187666 4.9159753 4.9180093 4.9262229 4.9455249 4.9399845 4.9216612 4.9133036 4.9089013 4.9062008 4.9040198 4.9017556 4.9031615 4.9117652 4.9240203 4.9406609 4.9658566 5.0088226 5.0837334 5.1451426 5.0934943 5.0377396 5.0060206 4.9853961 4.9705733 4.9594042 4.9506839 4.9436585 4.9378452 4.9329277 4.9286928
4.7446381 4.7441076 4.7412201 4.7345217 4.7217989 4.7081304 4.7272312 4.7567344 4.782923 4.8144702 4.8234022 4.8064669 4.80323 4.8051936 4.8083799 4.8110516 4.8114464 4.8052491 4.779621 4.7814533 4.8228345 4.8495606 4.8730273 4.8985814 4.9335892 4.9952115 4.9827579 4.9395039 4.9231543 4.9164848 4.9155487 4.9194342 4.9269614 4.9348791 4.9314023 4.9199105 4.9122224 4.9078169 4.9051899 4.9032096 4.9025995 4.9066895 4.9143095 4.9254251 4.9413504 4.9663007 5.0115246 5.0991847 5.1773296 5.1056118 5.0341652 4.9984401 4.9782578 4.9647754 4.9548058 4.9469928 4.940635 4.9353179 4.9307767 4.9268326
