Cobbity2/QGIS/Ave14-Ave13.asc
NCOLS 800
NROWS 439
XLLCORNER 150.66
YLLCORNER -34.0271
CELLSIZE 1e-05
NODATA_VALUE -9999
[rows 182 to 207 of 439, columns 480 to 539 of 800]
4.7882495 4.7882508 4.7882524 4.7882542 4.7882563 4.7882587 4.7882612 4.7882641 4.7882671 4.7882704 4.7882739 4.7882777 4.7882816 4.7882858 4.7882902 4.7882947 4.7882995 4.7883045 4.7883096 4.788315 4.7883205 4.7883262 4.7883321 4.7883382 4.7883444 4.7883508 4.7883573 4.788364 4.7883709 4.7883779 4.788385 4.7883923 4.7883998 4.7884074 4.7884151 4.7884229 4.7884309 4.788439 4.7884472 4.7884556 4.788464 4.7884726 4.7884813 4.7884901 4.788499 4.788508 4.7885171 4.7885263 4.7885357 4.7885451 4.7885546 4.7885642 4.7885738 4.7885836 4.7885935 4.7886034 4.7886134 4.7886235 4.7886337 4.788644
4.7881638 4.7881657 4.7881678 4.7881702 4.7881729 4.7881758 4.7881789 4.7881823 4.7881859 4.7881897 4.7881937 4.788198 4.7882025 4.7882072 4.7882121 4.7882171 4.7882224 4.7882279 4.7882336 4.7882394 4.7882454 4.7882516 4.788258 4.7882645 4.7882712 4.7882781 4.7882851 4.7882923 4.7882996 4.7883071 4.7883147 4.7883224 4.7883303 4.7883383 4.7883465 4.7883548 4.7883632 4.7883717 4.7883803 4.7883891 4.788398 4.788407 4.7884161 4.7884253 4.7884346 4.788444 4.7884535 4.7884632 4.7884729 4.7884827 4.7884926 4.7885025 4.7885126 4.7885228 4.788533 4.7885433 4.7885537 4.7885642 4.7885747 4.7885853
4.7880779 4.7880803 4.788083 4.788086 4.7880892 4.7880926 4.7880963 4.7881002 4.7881044 4.7881088 4.7881133 4.7881181 4.7881232 4.7881284 4.7881338 4.7881394 4.7881452 4.7881512 4.7881573 4.7881637 4.7881702 4.7881769 4.7881837 4.7881907 4.7881979 4.7882053 4.7882127 4.7882204 4.7882282 4.7882361 4.7882442 4.7882524 4.7882607 4.7882692 4.7882778 4.7882865 4.7882953 4.7883043 4.7883134 4.7883226 4.7883319 4.7883413 4.7883508 4.7883604 4.7883702 4.78838 4.7883899 4.7883999 4.78841 4.7884202 4.7884305 4.7884409 4.7884513 4.7884618 4.7884724 4.7884831 4.7884939 4.7885047 4.7885156 4.7885266
4.7879917 4.7879947 4.787998 4.7880015 4.7880053 4.7880093 4.7880136 4.788018 4.7880227 4.7880276 4.7880328 4.7880381 4.7880437 4.7880494 4.7880553 4.7880614 4.7880678 4.7880743 4.7880809 4.7880878 4.7880948 4.788102 4.7881093 4.7881168 4.7881245 4.7881323 4.7881403 4.7881484 4.7881566 4.788165 4.7881736 4.7881822 4.788191 4.7881999 4.788209 4.7882181 4.7882274 4.7882368 4.7882463 4.7882559 4.7882657 4.7882755 4.7882854 4.7882955 4.7883056 4.7883158 4.7883262 4.7883366 4.7883471 4.7883577 4.7883683 4.7883791 4.7883899 4.7884008 4.7884118 4.7884229 4.788434 4.7884452 4.7884565 4.7884679
4.7879053 4.7879089 4.7879128 4.7879169 4.7879212 4.7879258 4.7879306 4.7879356 4.7879409 4.7879463 4.787952 4.7879579 4.787964 4.7879702 4.7879767 4.7879834 4.7879902 4.7879972 4.7880044 4.7880117 4.7880192 4.7880269 4.7880348 4.7880428 4.7880509 4.7880592 4.7880677 4.7880762 4.788085 4.7880938 4.7881028 4.7881119 4.7881212 4.7881306 4.78814 4.7881497 4.7881594 4.7881692 4.7881792 4.7881892 4.7881994 4.7882096 4.78822 4.7882304 4.788241 4.7882516 4.7882623 4.7882732 4.7882841 4.7882951 4.7883061 4.7883173 4.7883285 4.7883398 4.7883512 4.7883626 4.7883741 4.7883857 4.7883973 4.788409
4.7878186 4.7878228 4.7878273 4.787832 4.7878369 4.7878421 4.7878474 4.787853 4.7878588 4.7878649 4.7878711 4.7878775 4.7878841 4.7878909 4.7878979 4.7879051 4.7879125 4.78792 4.7879277 4.7879355 4.7879436 4.7879517 4.7879601 4.7879686 4.7879772 4.787986 4.7879949 4.788004 4.7880132 4.7880225 4.788032 4.7880416 4.7880513 4.7880611 4.788071 4.7880811 4.7880913 4.7881015 4.7881119 4.7881224 4.788133 4.7881437 4.7881544 4.7881653 4.7881763 4.7881873 4.7881985 4.7882097 4.788221 4.7882324 4.7882438 4.7882554 4.788267 4.7882787 4.7882904 4.7883022 4.7883141 4.7883261 4.7883381 4.7883502
4.7877318 4.7877366 4.7877416 4.7877469 4.7877524 4.7877581 4.7877641 4.7877703 4.7877766 4.7877832 4.78779 4.7877969 4.7878041 4.7878115 4.787819 4.7878267 4.7878346 4.7878426 4.7878508 4.7878592 4.7878677 4.7878764 4.7878853 4.7878943 4.7879034 4.7879127 4.7879221 4.7879316 4.7879413 4.7879511 4.787961 4.7879711 4.7879812 4.7879915 4.7880019 4.7880124 4.788023 4.7880338 4.7880446 4.7880555 4.7880665 4.7880776 4.7880888 4.7881001 4.7881115 4.788123 4.7881345 4.7881461 4.7881578 4.7881696 4.7881815 4.7881934 4.7882054 4.7882175 4.7882296 4.7882418 4.7882541 4.7882664 4.7882788 4.7882913
4.7876447 4.7876501 4.7876558 4.7876616 4.7876677 4.787674 4.7876806 4.7876873 4.7876942 4.7877014 4.7877087 4.7877162 4.7877239 4.7877318 4.7877399 4.7877481 4.7877565 4.7877651 4.7877738 4.7877827 4.7877918 4.787801 4.7878103 4.7878198 4.7878295 4.7878392 4.7878491 4.7878591 4.7878693 4.7878796 4.78789 4.7879005 4.7879111 4.7879219 4.7879327 4.7879437 4.7879547 4.7879659 4.7879772 4.7879885 4.788 4.7880115 4.7880231 4.7880348 4.7880466 4.7880585 4.7880705 4.7880825 4.7880946 4.7881068 4.7881191 4.7881314 4.7881438 4.7881563 4.7881688 4.7881814 4.788194 4.7882067 4.7882195 4.7882323
4.7875574 4.7875635 4.7875697 4.7875762 4.7875828 4.7875897 4.7875968 4.7876041 4.7876117 4.7876194 4.7876273 4.7876353 4.7876436 4.787652 4.7876606 4.7876694 4.7876784 4.7876875 4.7876967 4.7877061 4.7877157 4.7877254 4.7877353 4.7877453 4.7877554 4.7877657 4.787776 4.7877866 4.7877972 4.7878079 4.7878188 4.7878298 4.7878409 4.7878521 4.7878634 4.7878748 4.7878863 4.7878979 4.7879097 4.7879214 4.7879333 4.7879453 4.7879574 4.7879695 4.7879817 4.787994 4.7880064 4.7880188 4.7880314 4.788044 4.7880566 4.7880693 4.7880821 4.788095 4.7881079 4.7881209 4.7881339 4.788147 4.7881601 4.7881733
4.78747 4.7874766 4.7874834 4.7874905 4.7874978 4.7875053 4.7875129 4.7875208 4.7875289 4.7875372 4.7875456 4.7875543 4.7875631 4.7875721 4.7875812 4.7875906 4.7876001 4.7876097 4.7876195 4.7876294 4.7876395 4.7876497 4.7876601 4.7876706 4.7876812 4.787692 4.7877029 4.7877139 4.787725 4.7877362 4.7877476 4.787759 4.7877706 4.7877823 4.787794 4.7878059 4.7878179 4.7878299 4.7878421 4.7878543 4.7878666 4.787879 4.7878915 4.7879041 4.7879167 4.7879295 4.7879423 4.7879551 4.787968 4.787981 4.7879941 4.7880072 4.7880204 4.7880337 4.788047 4.7880603 4.7880737 4.7880872 4.7881007 4.7881142
4.7873823 4.7873895 4.787397 4.7874046 4.7874125 4.7874206 4.7874289 4.7874373 4.787446 4.7874549 4.7874639 4.7874731 4.7874825 4.787492 4.7875017 4.7875116 4.7875216 4.7875318 4.7875421 4.7875526 4.7875632 4.7875739 4.7875848 4.7875958 4.7876069 4.7876182 4.7876296 4.7876411 4.7876527 4.7876644 4.7876762 4.7876882 4.7877002 4.7877123 4.7877246 4.7877369 4.7877493 4.7877618 4.7877744 4.7877871 4.7877999 4.7878127 4.7878256 4.7878386 4.7878517 4.7878648 4.787878 4.7878913 4.7879047 4.7879181 4.7879315 4.7879451 4.7879586 4.7879723 4.787986 4.7879997 4.7880135 4.7880273 4.7880412 4.7880552
4.7872944 4.7873023 4.7873103 4.7873186 4.7873271 4.7873358 4.7873446 4.7873537 4.7873629 4.7873724 4.787382 4.7873917 4.7874017 4.7874118 4.787422 4.7874325 4.787443 4.7874537 4.7874646 4.7874756 4.7874867 4.787498 4.7875094 4.7875209 4.7875325 4.7875443 4.7875562 4.7875682 4.7875803 4.7875925 4.7876048 4.7876172 4.7876297 4.7876423 4.787655 4.7876678 4.7876807 4.7876937 4.7877067 4.7877198 4.787733 4.7877463 4.7877597 4.7877731 4.7877866 4.7878002 4.7878138 4.7878275 4.7878412 4.7878551 4.7878689 4.7878829 4.7878968 4.7879109 4.7879249 4.7879391 4.7879533 4.7879675 4.7879818 4.7879961
4.7872063 4.7872148 4.7872235 4.7872324 4.7872415 4.7872508 4.7872602 4.7872699 4.7872797 4.7872897 4.7872999 4.7873103 4.7873208 4.7873314 4.7873422 4.7873532 4.7873643 4.7873756 4.787387 4.7873985 4.7874102 4.787422 4.7874339 4.7874459 4.7874581 4.7874703 4.7874827 4.7874952 4.7875078 4.7875205 4.7875333 4.7875462 4.7875592 4.7875722 4.7875854 4.7875987 4.787612 4.7876254 4.7876389 4.7876525 4.7876661 4.7876799 4.7876937 4.7877075 4.7877214 4.7877354 4.7877495 4.7877636 4.7877778 4.787792 4.7878063 4.7878206 4.787835 4.7878494 4.7878639 4.7878784 4.787893 4.7879076 4.7879222 4.7879369
4.7871181 4.7871272 4.7871365 4.787146 4.7871557 4.7871656 4.7871757 4.7871859 4.7871964 4.787207 4.7872177 4.7872286 4.7872397 4.7872509 4.7872623 4.7872738 4.7872855 4.7872973 4.7873092 4.7873213 4.7873335 4.7873458 4.7873583 4.7873708 4.7873835 4.7873963 4.7874091 4.7874221 4.7874352 4.7874484 4.7874617 4.7874751 4.7874885 4.7875021 4.7875157 4.7875294 4.7875432 4.7875571 4.7875711 4.7875851 4.7875992 4.7876134 4.7876276 4.7876419 4.7876562 4.7876707 4.7876851 4.7876997 4.7877142 4.7877289 4.7877436 4.7877583 4.7877731 4.7877879 4.7878028 4.7878177 4.7878327 4.7878477 4.7878627 4.7878778
4.7870297 4.7870394 4.7870494 4.7870595 4.7870698 4.7870803 4.787091 4.7871018 4.7871128 4.787124 4.7871354 4.7871469 4.7871585 4.7871703 4.7871823 4.7871944 4.7872066 4.7872189 4.7872314 4.787244 4.7872567 4.7872696 4.7872825 4.7872956 4.7873088 4.7873221 4.7873355 4.787349 4.7873626 4.7873762 4.78739 4.7874039 4.7874178 4.7874318 4.787446 4.7874601 4.7874744 4.7874887 4.7875032 4.7875176 4.7875322 4.7875468 4.7875615 4.7875762 4.787591 4.7876058 4.7876207 4.7876357 4.7876507 4.7876657 4.7876808 4.787696 4.7877112 4.7877264 4.7877417 4.787757 4.7877723 4.7877877 4.7878031 4.7878186
4.7869411 4.7869515 4.786962 4.7869728 4.7869837 4.7869948 4.7870061 4.7870176 4.7870292 4.787041 4.7870529 4.787065 4.7870772 4.7870896 4.7871021 4.7871147 4.7871275 4.7871404 4.7871535 4.7871666 4.7871799 4.7871933 4.7872067 4.7872203 4.787234 4.7872478 4.7872617 4.7872757 4.7872898 4.787304 4.7873183 4.7873326 4.787347 4.7873616 4.7873761 4.7873908 4.7874055 4.7874203 4.7874352 4.7874501 4.7874651 4.7874802 4.7874953 4.7875105 4.7875257 4.787541 4.7875563 4.7875717 4.7875871 4.7876026 4.7876181 4.7876336 4.7876492 4.7876649 4.7876805 4.7876962 4.787712 4.7877277 4.7877435 4.7877594
4.7868523 4.7868633 4.7868745 4.7868859 4.7868975 4.7869092 4.7869211 4.7869332 4.7869454 4.7869578 4.7869703 4.786983 4.7869958 4.7870087 4.7870218 4.787035 4.7870484 4.7870618 4.7870754 4.7870891 4.7871029 4.7871168 4.7871308 4.787145 4.7871592 4.7871735 4.7871879 4.7872024 4.787217 4.7872317 4.7872465 4.7872613 4.7872762 4.7872912 4.7873063 4.7873214 4.7873366 4.7873519 4.7873672 4.7873826 4.787398 4.7874135 4.7874291 4.7874447 4.7874604 4.7874761 4.7874918 4.7875076 4.7875235 4.7875394 4.7875553 4.7875712 4.7875872 4.7876033 4.7876193 4.7876354 4.7876516 4.7876677 4.7876839 4.7877001
4.7867634 4.7867751 4.7867869 4.7867989 4.7868111 4.7868235 4.786836 4.7868487 4.7868615 4.7868745 4.7868876 4.7869009 4.7869143 4.7869278 4.7869414 4.7869552 4.7869691 4.7869831 4.7869973 4.7870115 4.7870259 4.7870403 4.7870549 4.7870695 4.7870843 4.7870991 4.787114 4.7871291 4.7871441 4.7871593 4.7871746 4.7871899 4.7872053 4.7872208 4.7872363 4.7872519 4.7872676 4.7872833 4.7872991 4.787315 4.7873309 4.7873468 4.7873628 4.7873789 4.787395 4.7874111 4.7874273 4.7874435 4.7874598 4.7874761 4.7874925 4.7875088 4.7875252 4.7875417 4.7875582 4.7875747 4.7875912 4.7876077 4.7876243 4.7876409
4.7866743 4.7866866 4.7866991 4.7867118 4.7867246 4.7867376 4.7867507 4.786764 4.7867775 4.786791 4.7868048 4.7868186 4.7868326 4.7868467 4.7868609 4.7868753 4.7868898 4.7869043 4.786919 4.7869338 4.7869487 4.7869637 4.7869788 4.786994 4.7870093 4.7870246 4.7870401 4.7870556 4.7870712 4.7870869 4.7871026 4.7871185 4.7871344 4.7871503 4.7871663 4.7871824 4.7871986 4.7872148 4.787231 4.7872473 4.7872637 4.7872801 4.7872966 4.787313 4.7873296 4.7873462 4.7873628 4.7873794 4.7873961 4.7874129 4.7874296 4.7874464 4.7874632 4.7874801 4.7874969 4.7875138 4.7875308 4.7875477 4.7875647 4.7875816
4.7865851 4.786598 4.7866112 4.7866245 4.786638 4.7866516 4.7866653 4.7866793 4.7866933 4.7867075 4.7867218 4.7867363 4.7867508 4.7867655 4.7867804 4.7867953 4.7868103 4.7868255 4.7868407 4.7868561 4.7868715 4.7868871 4.7869027 4.7869184 4.7869342 4.7869501 4.7869661 4.7869821 4.7869982 4.7870144 4.7870307 4.787047 4.7870634 4.7870798 4.7870963 4.7871129 4.7871295 4.7871462 4.7871629 4.7871797 4.7871965 4.7872133 4.7872302 4.7872472 4.7872642 4.7872812 4.7872982 4.7873153 4.7873324 4.7873496 4.7873668 4.787384 4.7874012 4.7874184 4.7874357 4.787453 4.7874703 4.7874877 4.787505 4.7875224
4.7864957 4.7865093 4.7865231 4.7865371 4.7865512 4.7865654 4.7865798 4.7865944 4.786609 4.7866238 4.7866388 4.7866538 4.786669 4.7866843 4.7866997 4.7867152 4.7867308 4.7867465 4.7867623 4.7867782 4.7867942 4.7868103 4.7868265 4.7868427 4.7868591 4.7868755 4.786892 4.7869085 4.7869252 4.7869419 4.7869586 4.7869754 4.7869923 4.7870093 4.7870263 4.7870433 4.7870604 4.7870775 4.7870947 4.787112 4.7871292 4.7871465 4.7871639 4.7871813 4.7871987 4.7872162 4.7872337 4.7872512 4.7872687 4.7872863 4.7873039 4.7873215 4.7873391 4.7873568 4.7873745 4.7873922 4.7874099 4.7874276 4.7874454 4.7874631
4.7864062 4.7864205 4.7864349 4.7864495 4.7864643 4.7864792 4.7864942 4.7865094 4.7865247 4.7865401 4.7865556 4.7865713 4.786587 4.7866029 4.7866189 4.786635 4.7866512 4.7866675 4.7866839 4.7867003 4.7867169 4.7867335 4.7867502 4.786767 4.7867839 4.7868008 4.7868179 4.7868349 4.7868521 4.7868693 4.7868865 4.7869039 4.7869212 4.7869387 4.7869561 4.7869737 4.7869912 4.7870089 4.7870265 4.7870442 4.787062 4.7870797 4.7870975 4.7871154 4.7871332 4.7871511 4.7871691 4.787187 4.787205 4.787223 4.787241 4.787259 4.7872771 4.7872952 4.7873132 4.7873313 4.7873495 4.7873676 4.7873857 4.7874039
4.7863165 4.7863315 4.7863466 4.7863619 4.7863773 4.7863928 4.7864085 4.7864243 4.7864402 4.7864562 4.7864724 4.7864886 4.786505 4.7865215 4.7865381 4.7865547 4.7865715 4.7865884 4.7866053 4.7866223 4.7866395 4.7866566 4.7866739 4.7866912 4.7867087 4.7867261 4.7867437 4.7867613 4.7867789 4.7867966 4.7868144 4.7868322 4.7868501 4.786868 4.786886 4.786904 4.7869221 4.7869402 4.7869583 4.7869765 4.7869947 4.7870129 4.7870311 4.7870494 4.7870677 4.7870861 4.7871044 4.7871228 4.7871412 4.7871597 4.7871781 4.7871966 4.787215 4.7872335 4.787252 4.7872705 4.787289 4.7873075 4.7873261 4.7873446
4.7862268 4.7862424 4.7862582 4.7862741 4.7862901 4.7863063 4.7863226 4.7863391 4.7863556 4.7863723 4.786389 4.7864059 4.7864229 4.78644 4.7864571 4.7864744 4.7864918 4.7865092 4.7865267 4.7865443 4.786562 4.7865797 4.7865975 4.7866154 4.7866334 4.7866514 4.7866694 4.7866876 4.7867057 4.786724 4.7867423 4.7867606 4.786779 4.7867974 4.7868158 4.7868343 4.7868529 4.7868714 4.78689 4.7869087 4.7869273 4.786946 4.7869647 4.7869835 4.7870022 4.787021 4.7870398 4.7870587 4.7870775 4.7870963 4.7871152 4.7871341 4.787153 4.7871719 4.7871908 4.7872097 4.7872286 4.7872475 4.7872664 4.7872854
4.7861369 4.7861532 4.7861696 4.7861862 4.7862029 4.7862198 4.7862367 4.7862538 4.786271 4.7862882 4.7863056 4.7863231 4.7863407 4.7863584 4.7863761 4.786394 4.7864119 4.7864299 4.786448 4.7864662 4.7864844 4.7865027 4.7865211 4.7865395 4.786558 4.7865766 4.7865952 4.7866138 4.7866325 4.7866513 4.7866701 4.7866889 4.7867078 4.7867267 4.7867456 4.7867646 4.7867837 4.7868027 4.7868218 4.7868409 4.78686 4.7868792 4.7868983 4.7869175 4.7869367 4.786956 4.7869752 4.7869945 4.7870137 4.787033 4.7870523 4.7870716 4.7870909 4.7871102 4.7871295 4.7871488 4.7871682 4.7871875 4.7872068 4.7872261
4.7860469 4.7860639 4.786081 4.7860982 4.7861156 4.7861331 4.7861507 4.7861684 4.7861862 4.7862041 4.7862221 4.7862402 4.7862584 4.7862767 4.7862951 4.7863135 4.7863321 4.7863507 4.7863693 4.7863881 4.7864069 4.7864257 4.7864446 4.7864636 4.7864827 4.7865017 4.7865209 4.78654 4.7865593 4.7865785 4.7865978 4.7866172 4.7866366 4.786656 4.7866754 4.7866949 4.7867144 4.7867339 4.7867535 4.7867731 4.7867927 4.7868123 4.7868319 4.7868516 4.7868712 4.7868909 4.7869106 4.7869303 4.78695 4.7869697 4.7869894 4.7870091 4.7870288 4.7870486 4.7870683 4.787088 4.7871077 4.7871275 4.7871472 4.7871669
