Cobbity2/QGIS/Ave14_5.asc
NCOLS 399
NROWS 219
XLLCORNER 150.661
YLLCORNER -34.0267
CELLSIZE 1e-05
NODATA_VALUE -9999
[rows 182 to 207 of 219, columns 240 to 299 of 399]
4.8081532 4.8081885 4.8082256 4.8082643 4.8083044 4.8083458 4.8083885 4.8084321 4.8084768 4.8085222 4.8085684 4.8086153 4.8086628 4.8087107 4.8087591 4.8088078 4.8088568 4.808906 4.8089553 4.8090048 4.8090543 4.8091038 4.8091533 4.8092027 4.809252 4.8093011 4.80935 4.8093987 4.8094471 4.8094953 4.8095431 4.8095906 4.8096377 4.8096845 4.8097308 4.8097767 4.8098222 4.8098672 4.8099117 4.8099558 4.8099994 4.8100424 4.810085 4.810127 4.8101685 4.8102095 4.8102499 4.8102897 4.810329 4.8103677 4.8104059 4.8104435 4.8104805 4.8105169 4.8105528 4.8105881 4.8106228 4.810657 4.8106905 4.8107235
4.8080113 4.808047 4.8080844 4.8081234 4.8081639 4.8082058 4.8082488 4.8082929 4.8083379 4.8083838 4.8084305 4.8084778 4.8085257 4.8085741 4.808623 4.8086722 4.8087216 4.8087713 4.8088212 4.8088712 4.8089212 4.8089713 4.8090213 4.8090712 4.809121 4.8091706 4.8092201 4.8092693 4.8093183 4.809367 4.8094154 4.8094635 4.8095112 4.8095585 4.8096054 4.8096519 4.809698 4.8097436 4.8097887 4.8098334 4.8098776 4.8099212 4.8099644 4.810007 4.8100491 4.8100907 4.8101317 4.8101722 4.8102121 4.8102515 4.8102902 4.8103285 4.8103661 4.8104032 4.8104397 4.8104757 4.810511 4.8105458 4.81058 4.8106137
4.8078717 4.8079077 4.8079454 4.8079848 4.8080257 4.8080679 4.8081113 4.8081558 4.8082012 4.8082476 4.8082947 4.8083424 4.8083908 4.8084397 4.808489 4.8085386 4.8085886 4.8086387 4.8086891 4.8087396 4.8087901 4.8088406 4.8088911 4.8089416 4.8089919 4.8090421 4.8090921 4.8091418 4.8091913 4.8092406 4.8092895 4.8093381 4.8093864 4.8094342 4.8094817 4.8095288 4.8095754 4.8096216 4.8096673 4.8097126 4.8097573 4.8098016 4.8098453 4.8098885 4.8099313 4.8099734 4.810015 4.8100561 4.8100967 4.8101366 4.810176 4.8102149 4.8102531 4.8102909 4.810328 4.8103646 4.8104005 4.810436 4.8104708 4.8105051
4.8077343 4.8077706 4.8078087 4.8078484 4.8078896 4.8079322 4.8079759 4.8080208 4.8080667 4.8081134 4.8081609 4.8082091 4.8082579 4.8083072 4.808357 4.8084071 4.8084575 4.8085081 4.8085589 4.8086099 4.8086609 4.8087119 4.8087629 4.8088138 4.8088647 4.8089153 4.8089658 4.8090161 4.8090661 4.8091159 4.8091654 4.8092145 4.8092633 4.8093117 4.8093597 4.8094073 4.8094545 4.8095012 4.8095475 4.8095933 4.8096386 4.8096835 4.8097278 4.8097716 4.8098149 4.8098576 4.8098998 4.8099415 4.8099826 4.8100232 4.8100632 4.8101026 4.8101415 4.8101798 4.8102176 4.8102547 4.8102913 4.8103274 4.8103628 4.8103977
4.807599 4.8076356 4.807674 4.807714 4.8077556 4.8077985 4.8078427 4.8078879 4.8079342 4.8079813 4.8080292 4.8080778 4.8081271 4.8081768 4.808227 4.8082775 4.8083284 4.8083794 4.8084307 4.8084821 4.8085336 4.8085851 4.8086365 4.8086879 4.8087393 4.8087904 4.8088414 4.8088922 4.8089427 4.808993 4.8090429 4.8090926 4.8091419 4.8091908 4.8092394 4.8092875 4.8093352 4.8093825 4.8094293 4.8094757 4.8095215 4.8095669 4.8096118 4.8096562 4.8097 4.8097433 4.8097861 4.8098283 4.80987 4.8099112 4.8099517 4.8099918 4.8100312 4.8100701 4.8101085 4.8101462 4.8101834 4.81022 4.8102561 4.8102916
4.8074656 4.8075026 4.8075413 4.8075817 4.8076236 4.8076669 4.8077114 4.8077571 4.8078037 4.8078512 4.8078995 4.8079486 4.8079982 4.8080483 4.8080989 4.8081499 4.8082011 4.8082527 4.8083044 4.8083562 4.8084081 4.8084601 4.808512 4.8085639 4.8086157 4.8086673 4.8087187 4.80877 4.808821 4.8088718 4.8089222 4.8089724 4.8090222 4.8090716 4.8091207 4.8091693 4.8092175 4.8092653 4.8093127 4.8093596 4.809406 4.8094519 4.8094973 4.8095422 4.8095866 4.8096304 4.8096738 4.8097166 4.8097588 4.8098005 4.8098416 4.8098822 4.8099223 4.8099617 4.8100006 4.810039 4.8100767 4.810114 4.8101506 4.8101867
4.8073342 4.8073715 4.8074106 4.8074513 4.8074936 4.8075372 4.8075821 4.8076281 4.8076752 4.8077231 4.8077718 4.8078212 4.8078712 4.8079217 4.8079728 4.8080241 4.8080758 4.8081278 4.8081799 4.8082322 4.8082845 4.8083369 4.8083893 4.8084416 4.8084938 4.8085459 4.8085978 4.8086496 4.808701 4.8087523 4.8088032 4.8088538 4.8089041 4.808954 4.8090036 4.8090527 4.8091014 4.8091497 4.8091976 4.809245 4.8092919 4.8093383 4.8093843 4.8094297 4.8094746 4.809519 4.8095629 4.8096062 4.809649 4.8096912 4.8097329 4.809774 4.8098146 4.8098546 4.8098941 4.809933 4.8099713 4.8100091 4.8100463 4.8100829
4.8072046 4.8072423 4.8072817 4.8073228 4.8073655 4.8074095 4.8074547 4.8075011 4.8075485 4.8075968 4.8076459 4.8076957 4.8077461 4.8077971 4.8078485 4.8079003 4.8079524 4.8080047 4.8080573 4.80811 4.8081627 4.8082155 4.8082683 4.8083211 4.8083738 4.8084263 4.8084787 4.8085308 4.8085828 4.8086344 4.8086858 4.8087369 4.8087877 4.8088381 4.8088881 4.8089377 4.8089869 4.8090357 4.809084 4.8091319 4.8091793 4.8092263 4.8092727 4.8093186 4.8093641 4.809409 4.8094534 4.8094972 4.8095405 4.8095833 4.8096255 4.8096672 4.8097083 4.8097488 4.8097888 4.8098283 4.8098672 4.8099055 4.8099432 4.8099804
4.8070768 4.8071148 4.8071546 4.8071961 4.8072391 4.8072835 4.8073292 4.8073759 4.8074237 4.8074724 4.8075219 4.8075721 4.8076229 4.8076742 4.807726 4.8077782 4.8078307 4.8078834 4.8079364 4.8079895 4.8080427 4.8080959 4.8081491 4.8082023 4.8082554 4.8083084 4.8083612 4.8084138 4.8084661 4.8085183 4.8085701 4.8086216 4.8086728 4.8087237 4.8087742 4.8088243 4.8088739 4.8089232 4.808972 4.8090204 4.8090683 4.8091157 4.8091626 4.809209 4.809255 4.8093004 4.8093452 4.8093896 4.8094334 4.8094767 4.8095194 4.8095616 4.8096032 4.8096443 4.8096848 4.8097248 4.8097642 4.8098031 4.8098413 4.8098791
4.8069507 4.8069891 4.8070293 4.8070712 4.8071146 4.8071594 4.8072054 4.8072525 4.8073007 4.8073498 4.8073996 4.8074502 4.8075014 4.8075531 4.8076053 4.8076579 4.8077108 4.8077639 4.8078173 4.8078708 4.8079244 4.807978 4.8080317 4.8080852 4.8081387 4.8081921 4.8082453 4.8082984 4.8083512 4.8084037 4.808456 4.8085079 4.8085596 4.8086109 4.8086618 4.8087123 4.8087625 4.8088122 4.8088615 4.8089103 4.8089587 4.8090065 4.8090539 4.8091008 4.8091473 4.8091931 4.8092385 4.8092834 4.8093277 4.8093714 4.8094147 4.8094573 4.8094995 4.8095411 4.8095821 4.8096226 4.8096625 4.8097018 4.8097406 4.8097789
4.8068262 4.806865 4.8069056 4.8069479 4.8069917 4.8070369 4.8070833 4.8071309 4.8071794 4.8072289 4.8072791 4.8073301 4.8073817 4.8074338 4.8074864 4.8075393 4.8075926 4.8076462 4.8076999 4.8077538 4.8078078 4.8078618 4.8079158 4.8079698 4.8080237 4.8080775 4.8081311 4.8081846 4.8082378 4.8082908 4.8083434 4.8083958 4.8084479 4.8084996 4.808551 4.808602 4.8086525 4.8087027 4.8087524 4.8088017 4.8088505 4.8088988 4.8089467 4.8089941 4.8090409 4.8090873 4.8091331 4.8091784 4.8092232 4.8092675 4.8093112 4.8093544 4.809397 4.8094391 4.8094806 4.8095216 4.809562 4.8096018 4.8096411 4.8096799
4.8067033 4.8067425 4.8067836 4.8068263 4.8068705 4.8069161 4.806963 4.8070109 4.8070599 4.8071097 4.8071604 4.8072117 4.8072637 4.8073162 4.8073691 4.8074225 4.8074762 4.8075301 4.8075842 4.8076385 4.8076929 4.8077473 4.8078017 4.8078561 4.8079104 4.8079645 4.8080186 4.8080724 4.808126 4.8081794 4.8082325 4.8082853 4.8083378 4.8083899 4.8084417 4.8084931 4.8085441 4.8085947 4.8086448 4.8086945 4.8087438 4.8087926 4.8088409 4.8088887 4.808936 4.8089828 4.8090291 4.8090749 4.8091201 4.8091648 4.809209 4.8092527 4.8092958 4.8093383 4.8093803 4.8094218 4.8094626 4.809503 4.8095428 4.809582
4.8065818 4.8066216 4.8066631 4.8067063 4.806751 4.806797 4.8068442 4.8068926 4.806942 4.8069922 4.8070433 4.807095 4.8071474 4.8072002 4.8072536 4.8073073 4.8073614 4.8074157 4.8074702 4.8075248 4.8075796 4.8076344 4.8076892 4.8077439 4.8077986 4.8078532 4.8079076 4.8079618 4.8080158 4.8080696 4.8081231 4.8081763 4.8082291 4.8082817 4.8083339 4.8083857 4.8084371 4.8084881 4.8085387 4.8085888 4.8086385 4.8086877 4.8087364 4.8087846 4.8088324 4.8088796 4.8089264 4.8089726 4.8090183 4.8090635 4.8091081 4.8091522 4.8091958 4.8092388 4.8092812 4.8093232 4.8093645 4.8094053 4.8094456 4.8094853
4.8064619 4.8065021 4.8065441 4.8065878 4.8066329 4.8066794 4.8067271 4.8067759 4.8068257 4.8068763 4.8069278 4.8069799 4.8070327 4.8070859 4.8071397 4.8071938 4.8072482 4.8073029 4.8073578 4.8074128 4.8074679 4.8075231 4.8075783 4.8076334 4.8076884 4.8077434 4.8077982 4.8078528 4.8079071 4.8079613 4.8080152 4.8080688 4.808122 4.808175 4.8082275 4.8082797 4.8083315 4.8083829 4.8084339 4.8084845 4.8085345 4.8085842 4.8086333 4.808682 4.8087302 4.8087778 4.808825 4.8088716 4.8089178 4.8089634 4.8090085 4.809053 4.809097 4.8091405 4.8091834 4.8092257 4.8092676 4.8093088 4.8093496 4.8093897
4.8063433 4.8063841 4.8064266 4.8064708 4.8065164 4.8065634 4.8066115 4.8066608 4.806711 4.8067621 4.8068139 4.8068664 4.8069196 4.8069733 4.8070274 4.8070818 4.8071367 4.8071917 4.807247 4.8073024 4.8073578 4.8074134 4.8074689 4.8075244 4.8075798 4.8076351 4.8076903 4.8077452 4.8078 4.8078545 4.8079088 4.8079627 4.8080164 4.8080697 4.8081227 4.8081752 4.8082274 4.8082792 4.8083306 4.8083815 4.808432 4.808482 4.8085316 4.8085807 4.8086292 4.8086773 4.8087249 4.808772 4.8088185 4.8088646 4.8089101 4.808955 4.8089995 4.8090434 4.8090867 4.8091295 4.8091718 4.8092135 4.8092547 4.8092953
4.8062261 4.8062674 4.8063106 4.8063553 4.8064014 4.8064488 4.8064975 4.8065472 4.8065978 4.8066493 4.8067016 4.8067545 4.8068081 4.8068621 4.8069166 4.8069715 4.8070267 4.8070821 4.8071377 4.8071935 4.8072493 4.8073052 4.8073611 4.807417 4.8074727 4.8075284 4.8075839 4.8076392 4.8076944 4.8077492 4.8078039 4.8078582 4.8079122 4.8079659 4.8080192 4.8080722 4.8081247 4.8081769 4.8082287 4.80828 4.8083308 4.8083812 4.8084312 4.8084807 4.8085296 4.8085781 4.8086261 4.8086736 4.8087205 4.808767 4.8088129 4.8088583 4.8089031 4.8089474 4.8089912 4.8090345 4.8090771 4.8091193 4.8091609 4.8092019
4.8061102 4.8061522 4.8061959 4.8062412 4.8062878 4.8063358 4.8063849 4.8064351 4.8064862 4.8065381 4.8065908 4.8066442 4.8066981 4.8067526 4.8068074 4.8068627 4.8069182 4.806974 4.80703 4.8070861 4.8071424 4.8071986 4.8072549 4.8073111 4.8073672 4.8074232 4.8074791 4.8075347 4.8075902 4.8076454 4.8077004 4.8077551 4.8078095 4.8078635 4.8079172 4.8079705 4.8080234 4.808076 4.8081281 4.8081798 4.808231 4.8082818 4.8083321 4.808382 4.8084313 4.8084802 4.8085286 4.8085765 4.8086238 4.8086706 4.808717 4.8087627 4.808808 4.8088527 4.8088969 4.8089406 4.8089837 4.8090262 4.8090682 4.8091097
4.8059956 4.8060382 4.8060826 4.8061284 4.8061757 4.8062241 4.8062738 4.8063244 4.806376 4.8064284 4.8064815 4.8065353 4.8065897 4.8066445 4.8066998 4.8067554 4.8068113 4.8068675 4.8069238 4.8069803 4.8070369 4.8070935 4.8071501 4.8072066 4.8072631 4.8073195 4.8073757 4.8074317 4.8074875 4.8075431 4.8075984 4.8076534 4.8077081 4.8077625 4.8078166 4.8078702 4.8079235 4.8079764 4.8080289 4.8080809 4.8081325 4.8081837 4.8082344 4.8082846 4.8083343 4.8083836 4.8084323 4.8084806 4.8085283 4.8085755 4.8086222 4.8086684 4.8087141 4.8087592 4.8088038 4.8088478 4.8088913 4.8089343 4.8089767 4.8090186
4.8058822 4.8059256 4.8059706 4.8060171 4.8060649 4.8061139 4.806164 4.8062152 4.8062673 4.8063201 4.8063737 4.8064279 4.8064827 4.8065379 4.8065936 4.8066496 4.8067059 4.8067624 4.8068192 4.806876 4.8069329 4.8069899 4.8070468 4.8071037 4.8071605 4.8072172 4.8072737 4.8073301 4.8073862 4.8074422 4.8074978 4.8075532 4.8076082 4.8076629 4.8077173 4.8077713 4.807825 4.8078782 4.807931 4.8079834 4.8080354 4.8080869 4.8081379 4.8081885 4.8082386 4.8082882 4.8083373 4.8083859 4.808434 4.8084816 4.8085287 4.8085753 4.8086213 4.8086668 4.8087118 4.8087562 4.8088001 4.8088434 4.8088863 4.8089286
4.8057701 4.8058142 4.8058599 4.805907 4.8059554 4.806005 4.8060557 4.8061074 4.80616 4.8062133 4.8062673 4.806322 4.8063772 4.8064328 4.8064889 4.8065453 4.806602 4.8066589 4.8067159 4.8067731 4.8068304 4.8068877 4.806945 4.8070022 4.8070593 4.8071164 4.8071732 4.8072299 4.8072864 4.8073426 4.8073986 4.8074543 4.8075097 4.8075647 4.8076194 4.8076738 4.8077277 4.8077813 4.8078345 4.8078872 4.8079395 4.8079913 4.8080427 4.8080937 4.8081441 4.8081941 4.8082435 4.8082925 4.808341 4.8083889 4.8084364 4.8084833 4.8085297 4.8085755 4.8086209 4.8086657 4.80871 4.8087537 4.8087969 4.8088396
4.8056593 4.8057041 4.8057505 4.8057983 4.8058473 4.8058975 4.8059488 4.806001 4.8060541 4.8061079 4.8061624 4.8062175 4.8062731 4.8063292 4.8063856 4.8064424 4.8064995 4.8065567 4.8066142 4.8066717 4.8067293 4.806787 4.8068446 4.8069021 4.8069596 4.807017 4.8070741 4.8071312 4.807188 4.8072445 4.8073008 4.8073568 4.8074125 4.8074679 4.8075229 4.8075776 4.8076319 4.8076858 4.8077392 4.8077923 4.8078449 4.8078971 4.8079488 4.8080001 4.8080509 4.8081012 4.808151 4.8082003 4.8082491 4.8082974 4.8083452 4.8083925 4.8084392 4.8084855 4.8085312 4.8085763 4.808621 4.8086651 4.8087087 4.8087517
4.8055496 4.8055953 4.8056424 4.8056908 4.8057405 4.8057914 4.8058432 4.805896 4.8059495 4.8060038 4.8060588 4.8061144 4.8061704 4.8062269 4.8062838 4.806341 4.8063984 4.806456 4.8065138 4.8065717 4.8066297 4.8066876 4.8067456 4.8068035 4.8068613 4.8069189 4.8069765 4.8070338 4.8070909 4.8071478 4.8072044 4.8072607 4.8073167 4.8073724 4.8074277 4.8074827 4.8075373 4.8075915 4.8076453 4.8076987 4.8077516 4.8078041 4.8078562 4.8079077 4.8079588 4.8080095 4.8080596 4.8081093 4.8081584 4.8082071 4.8082552 4.8083028 4.8083499 4.8083965 4.8084425 4.8084881 4.8085331 4.8085775 4.8086215 4.8086649
4.8054412 4.8054876 4.8055355 4.8055847 4.8056351 4.8056865 4.8057389 4.8057923 4.8058464 4.8059012 4.8059566 4.8060127 4.8060692 4.8061261 4.8061833 4.8062409 4.8062987 4.8063567 4.8064149 4.8064731 4.8065314 4.8065897 4.806648 4.8067062 4.8067643 4.8068223 4.8068801 4.8069378 4.8069952 4.8070524 4.8071093 4.8071659 4.8072222 4.8072782 4.8073338 4.8073891 4.807444 4.8074985 4.8075526 4.8076063 4.8076596 4.8077124 4.8077647 4.8078166 4.8078681 4.807919 4.8079695 4.8080194 4.8080689 4.8081179 4.8081663 4.8082143 4.8082617 4.8083086 4.808355 4.8084009 4.8084462 4.808491 4.8085353 4.8085791
4.8053339 4.8053812 4.8054299 4.8054798 4.8055309 4.805583 4.805636 4.8056899 4.8057446 4.8057999 4.8058558 4.8059123 4.8059693 4.8060266 4.8060843 4.8061423 4.8062005 4.8062588 4.8063173 4.8063759 4.8064346 4.8064932 4.8065518 4.8066103 4.8066688 4.8067271 4.8067852 4.8068431 4.8069008 4.8069583 4.8070155 4.8070724 4.807129 4.8071853 4.8072413 4.8072968 4.807352 4.8074068 4.8074612 4.8075152 4.8075688 4.8076219 4.8076745 4.8077267 4.8077785 4.8078297 4.8078805 4.8079308 4.8079806 4.8080298 4.8080786 4.8081269 4.8081747 4.8082219 4.8082686 4.8083148 4.8083605 4.8084056 4.8084503 4.8084943
4.8052279 4.805276 4.8053255 4.8053762 4.8054279 4.8054807 4.8055344 4.8055889 4.8056441 4.8056999 4.8057564 4.8058133 4.8058707 4.8059285 4.8059866 4.806045 4.8061035 4.8061623 4.8062212 4.8062801 4.8063391 4.806398 4.806457 4.8065158 4.8065745 4.8066331 4.8066916 4.8067498 4.8068078 4.8068656 4.8069231 4.8069803 4.8070372 4.8070937 4.80715 4.8072058 4.8072613 4.8073164 4.8073711 4.8074254 4.8074792 4.8075326 4.8075855 4.807638 4.8076901 4.8077416 4.8077927 4.8078433 4.8078934 4.807943 4.807992 4.8080406 4.8080887 4.8081363 4.8081833 4.8082298 4.8082758 4.8083213 4.8083662 4.8084106
4.805123 4.805172 4.8052223 4.8052738 4.8053263 4.8053797 4.805434 4.8054891 4.8055449 4.8056013 4.8056582 4.8057157 4.8057735 4.8058317 4.8058903 4.805949 4.806008 4.8060671 4.8061263 4.8061856 4.8062449 4.8063042 4.8063635 4.8064226 4.8064817 4.8065406 4.8065993 4.8066578 4.8067161 4.8067741 4.8068319 4.8068894 4.8069466 4.8070034 4.8070599 4.8071161 4.8071718 4.8072272 4.8072822 4.8073367 4.8073908 4.8074445 4.8074978 4.8075505 4.8076028 4.8076547 4.8077061 4.8077569 4.8078073 4.8078572 4.8079066 4.8079555 4.8080038 4.8080517 4.808099 4.8081459 4.8081922 4.808238 4.8082832 4.808328
