Cobbity2/QGIS/Ave22_6.asc
NCOLS 399
NROWS 219
XLLCORNER 150.661
YLLCORNER -34.0267
CELLSIZE 1e-05
NODATA_VALUE -9999
[rows 150 to 174 of 219, columns 112 to 167 of 399]
-0.054134939 -0.028085995 -0.013640585 -0.0039770109 0.0029016345 0.0078355321 0.011243708 0.013231928 0.014287062 0.015741574 0.017355916 0.017851264 0.016030655 0.010592249 -0.00045112534 -0.02065751 -0.059188438 -0.14235188 -0.11893991 -0.032403883 0.012152307 0.040575579 0.060831056 0.074887546 0.082045219 0.082399245 0.090956649 0.1097192 0.12677165 0.1414737 0.1551231 0.16850917 0.18239473 0.19875699 0.21992721 0.21907354 0.22046183 0.23790856 0.26265681 0.2672106 0.25331395 0.24086387 0.23352516 0.22997818 0.22876821 0.22881937 0.22901529 0.22742049 0.21984718 0.21710253 0.23332134 0.24604022 0.25711921 0.27024419 0.28675183 0.30223474
-0.05287018 -0.028087201 -0.013937271 -0.0047076292 0.0016597881 0.006146389 0.0095799343 0.012538765 0.013261873 0.014339831 0.015752492 0.015730783 0.013109305 0.0064425765 -0.0066429479 -0.030146211 -0.065411586 -0.087120686 -0.0656338 -0.020021713 0.017308951 0.044021173 0.063292784 0.076012732 0.078653131 0.061173063 0.071406603 0.10522669 0.12717859 0.14372313 0.15828557 0.17210861 0.18582914 0.20056593 0.21742226 0.21903387 0.22384926 0.24480053 0.29144072 0.28849175 0.25322219 0.23950538 0.23308502 0.23014733 0.22926213 0.2294964 0.22994658 0.22965697 0.22905431 0.23126943 0.23859375 0.24838164 0.25989963 0.27580882 0.30262983 0.32635036
-0.044070892 -0.026331256 -0.014029117 -0.0057186392 -0.00023321508 0.0031759669 0.0056428182 0.0091672464 0.011172332 0.012061591 0.013452546 0.013238281 0.010106631 0.0025532349 -0.012163464 -0.041034047 -0.10667519 -0.15139668 -0.063206764 -0.010591845 0.023478192 0.048262001 0.066513497 0.0787407 0.08281314 0.075589681 0.084215714 0.10946774 0.12992811 0.14668396 0.1616932 0.1757855 0.18902848 0.20026289 0.20775054 0.21472674 0.22589406 0.24427621 0.26536016 0.26538623 0.24900808 0.23837763 0.23290714 0.23049054 0.22994587 0.23046656 0.23118234 0.23036856 0.22757845 0.23400114 0.24200413 0.2512485 0.26290555 0.27935498 0.30935751 0.34323508
-0.041820181 -0.0252386 -0.014259603 -0.0070384164 -0.0027929748 -0.0014764154 -0.0032626328 -0.0035597388 0.0026139725 0.0078172663 0.010486304 0.010463312 0.0070664208 -0.0010273632 -0.016219901 -0.042249071 -0.08430748 -0.10508412 -0.047768553 -0.0013874158 0.029860478 0.052873087 0.070251481 0.082624671 0.089602264 0.093576302 0.10222412 0.11752551 0.13435873 0.1504146 0.16560251 0.18006067 0.19339754 0.20372588 0.206269 0.21462596 0.22946294 0.25278998 0.27616745 0.26256043 0.24675912 0.23769591 0.23296486 0.23097265 0.23074282 0.23163093 0.23297515 0.23348346 0.23333093 0.23781012 0.24509524 0.25427047 0.26628431 0.28225892 0.29792885 0.30127325
-0.040753342 -0.024606976 -0.014714975 -0.0086657858 -0.0057792849 -0.0066931383 -0.015644541 -0.026438499 -0.0083696658 0.0029736242 0.0072552482 0.0075156268 0.0039398992 -0.0046051378 -0.020904167 -0.050381275 -0.082643067 -0.062596772 -0.025022263 0.00924649 0.036364487 0.057402813 0.07370764 0.085822167 0.091486945 0.094370579 0.1075195 0.12291529 0.13878214 0.15453256 0.17007064 0.18541932 0.19951494 0.20792792 0.2103852 0.21882693 0.23405944 0.26185313 0.30197979 0.26976014 0.24702577 0.23760423 0.23322553 0.23151996 0.23149411 0.23269452 0.23509898 0.23793235 0.23834912 0.2416028 0.24822199 0.25744175 0.27031381 0.29199979 0.32460701 0.3046111
-0.037121492 -0.023692289 -0.01530522 -0.01063382 -0.0091804901 -0.010868611 -0.016455275 -0.021236013 -0.0096703317 1.0272327e-05 0.0042774871 0.0044481702 0.00058864203 -0.0083220043 -0.025006667 -0.059207427 -0.11825361 -0.06774833 -0.01489389 0.017800401 0.042333438 0.06143531 0.075961037 0.086504488 0.092334695 0.096953532 0.11106426 0.12702755 0.14290758 0.15875231 0.17491153 0.19232012 0.21274221 0.22991616 0.2252579 0.22618903 0.23906496 0.25810122 0.26826731 0.25867348 0.24548305 0.23751696 0.23357171 0.23204823 0.23198125 0.23293869 0.23543159 0.23943761 0.23958279 0.24383546 0.25111889 0.26070473 0.27326988 0.29122542 0.31451816 0.29888482
-0.033990197 -0.022799836 -0.01606757 -0.013057822 -0.013803013 -0.018358756 -0.022097841 -0.017559461 -0.0092030676 -0.0021402412 0.0014059255 0.0011219662 -0.0033060597 -0.012917548 -0.029427459 -0.050447069 -0.0594835 -0.03756912 -0.0032488868 0.025276248 0.047706887 0.064981726 0.076830783 0.083180191 0.090065765 0.10126527 0.11542987 0.131073 0.14692546 0.16289581 0.1794522 0.19810036 0.22512813 0.26275311 0.23862465 0.23220007 0.24738714 0.28266364 0.29209593 0.26063847 0.2451186 0.23756529 0.23397455 0.23254798 0.23212833 0.2317319 0.23116659 0.23384714 0.23898694 0.24575052 0.25423466 0.26470878 0.27833131 0.29329008 0.2949064 0.28456572
-0.031704196 -0.022105626 -0.017032526 -0.015850556 -0.019458824 -0.032395154 -0.05185313 -0.032168186 -0.013558524 -0.0049729458 -0.0017197455 -0.0027052487 -0.0081323852 -0.019271641 -0.040566533 -0.082249447 -0.075056091 -0.02760531 0.0055293624 0.031719539 0.052660234 0.068435917 0.076916926 0.071259242 0.07411965 0.099233481 0.1183409 0.13488925 0.15087903 0.16692664 0.18349049 0.20094464 0.2188281 0.23277191 0.231222 0.23456371 0.25140922 0.28485865 0.2934219 0.26073937 0.24477482 0.23763884 0.23444879 0.23313596 0.23227144 0.22979997 0.22056702 0.22140366 0.23728796 0.24797239 0.25802588 0.26958144 0.28579467 0.31520625 0.30834086 0.28277567
-0.028889363 -0.021459098 -0.018194718 -0.018863585 -0.024047462 -0.036358139 -0.054266493 -0.035089163 -0.016193112 -0.0076955265 -0.0051375205 -0.0072574593 -0.014338073 -0.027444554 -0.047569613 -0.075932946 -0.067400606 -0.022344978 0.011430423 0.037156809 0.057488768 0.072609166 0.080202688 0.073779867 0.076622746 0.10205894 0.12202177 0.13883927 0.15485637 0.1709523 0.18768351 0.20579945 0.22360096 0.22605488 0.22694609 0.23662943 0.25677928 0.27518293 0.26963821 0.2544869 0.24334922 0.23757837 0.23505018 0.23399769 0.23292564 0.23024886 0.22403543 0.22568886 0.23971869 0.25166216 0.26310209 0.27571617 0.28934846 0.30079067 0.29643489 0.28020705
-0.025943069 -0.020930005 -0.019602245 -0.022598477 -0.030984476 -0.040187828 -0.037750147 -0.0270751 -0.01613792 -0.0099928083 -0.0088733153 -0.012697116 -0.022476795 -0.041154729 -0.071360378 -0.083934585 -0.05264284 -0.015355385 0.016568543 0.042129832 0.06256275 0.078296313 0.08830419 0.092072098 0.097746513 0.11139888 0.12737269 0.14318159 0.15892404 0.17503889 0.19184177 0.20969761 0.22925182 0.22835426 0.22674994 0.23910937 0.27262626 0.32220044 0.28031048 0.25269037 0.2420574 0.23755501 0.23591559 0.23534255 0.23395363 0.22934349 0.22590621 0.23399242 0.24526473 0.25715229 0.27003654 0.28575003 0.30697233 0.31224703 0.29380584 0.27880745
-0.023715182 -0.020703153 -0.02113151 -0.026529737 -0.042654642 -0.073237817 -0.051956611 -0.027716625 -0.016872849 -0.012446133 -0.013095939 -0.019067004 -0.031939435 -0.057038066 -0.11663424 -0.16452235 -0.070133542 -0.014013296 0.020755019 0.046870669 0.067722534 0.084733383 0.097594299 0.10128947 0.10703202 0.11868115 0.13274007 0.14760358 0.16299329 0.17931594 0.1970987 0.21454356 0.22343444 0.22395814 0.22648156 0.23724322 0.2610558 0.28662759 0.26742956 0.24842609 0.2405248 0.23766928 0.23720683 0.23760328 0.23653931 0.22701273 0.21259573 0.23514126 0.25080782 0.26401243 0.27877425 0.29667626 0.32261777 0.33011094 0.29865666 0.27997636
-0.022323684 -0.020874083 -0.02266225 -0.028723329 -0.041398078 -0.060875384 -0.046726407 -0.026956085 -0.017846532 -0.015266073 -0.017989853 -0.026594444 -0.042936688 -0.068765293 -0.09948511 -0.10728472 -0.057451469 -0.0093628505 0.025322873 0.051662713 0.072422005 0.08879031 0.10022157 0.10317834 0.11145051 0.1238854 0.13754546 0.15184091 0.16681214 0.18328402 0.20386101 0.23396859 0.24514094 0.22786978 0.22721067 0.23419588 0.2441699 0.25104865 0.24831033 0.24241156 0.23892765 0.2380254 0.23895364 0.24108219 0.24349317 0.2426259 0.2383707 0.24629506 0.2583519 0.27233906 0.29040093 0.31391124 0.32828256 0.31749258 0.29804731 0.2810461
-0.021665812 -0.021507298 -0.024625869 -0.032514712 -0.042646562 -0.041324563 -0.033000964 -0.023840853 -0.018694774 -0.018537368 -0.023712413 -0.035564648 -0.057833068 -0.10024042 -0.14929111 -0.10484635 -0.046977884 -0.0030529747 0.030671462 0.056969193 0.077546313 0.092371542 0.10114468 0.10745804 0.1167121 0.12884758 0.14215075 0.15595576 0.17022981 0.18564837 0.20454179 0.23086911 0.2407046 0.22858839 0.2300059 0.23700703 0.24217376 0.2431212 0.24142056 0.23922902 0.23816608 0.23871842 0.24084995 0.24476224 0.25227956 0.26554733 0.25924332 0.25767654 0.26669442 0.28152032 0.30366008 0.34572209 0.39418372 0.33550421 0.30080395 0.28202962
-0.02173058 -0.022605726 -0.026679448 -0.037316915 -0.059809337 -0.046815436 -0.029936578 -0.022574446 -0.020160625 -0.022495671 -0.03043499 -0.045815408 -0.072402672 -0.12357055 -0.20770654 -0.12600831 -0.044809498 0.0026148128 0.036535465 0.062936673 0.084163096 0.10015923 0.10592227 0.1114688 0.12153395 0.1337221 0.14683617 0.16026587 0.17374939 0.18727652 0.2010995 0.21444082 0.22241901 0.22704434 0.23727636 0.25306133 0.25799076 0.24875124 0.24184378 0.23888782 0.23838568 0.23965653 0.24243841 0.2468212 0.25400041 0.26496864 0.26246653 0.26400776 0.27430419 0.29105751 0.31453908 0.34353763 0.3627122 0.33073946 0.30100144 0.28219515
-0.022578889 -0.024345351 -0.028754468 -0.035335072 -0.041971934 -0.036949264 -0.027362581 -0.022584573 -0.022488664 -0.027336042 -0.038438411 -0.058506284 -0.091463919 -0.12896393 -0.13234285 -0.089918683 -0.03419274 0.009752014 0.043078092 0.069068984 0.089513513 0.10478143 0.10811725 0.11444339 0.12586356 0.13858382 0.15182585 0.16520678 0.17838444 0.19082109 0.20173487 0.21088782 0.21916286 0.22930983 0.24788232 0.28903061 0.29965918 0.26027962 0.24455326 0.23974784 0.2391197 0.24064543 0.24359866 0.24750784 0.25118411 0.25480489 0.26023128 0.26822697 0.28154925 0.30186339 0.33402997 0.37398042 0.35469811 0.3225724 0.29896016 0.28141192
-0.024359355 -0.027038912 -0.03312816 -0.043054793 -0.038521635 -0.03067081 -0.025473403 -0.02347377 -0.025676102 -0.033148445 -0.047771849 -0.073540623 -0.12371787 -0.22482173 -0.18392596 -0.083479643 -0.024500846 0.017881874 0.050502787 0.07594712 0.094419249 0.1047552 0.11059123 0.11906346 0.1307912 0.14380792 0.15731815 0.17104243 0.18484773 0.19823225 0.20872313 0.21472882 0.22143415 0.2324324 0.25028386 0.28159174 0.28982631 0.25938369 0.24507811 0.24038254 0.2398812 0.24152619 0.2443932 0.24780399 0.24974762 0.25087383 0.26038176 0.27239754 0.2889172 0.31250595 0.3485204 0.40559001 0.3680387 0.3222048 0.29755576 0.28039069
-0.027401337 -0.030780116 -0.036022548 -0.04469446 -0.038926262 -0.029648931 -0.025526766 -0.025379265 -0.029728206 -0.040003374 -0.058675612 -0.089163973 -0.1336798 -0.19476606 -0.16227641 -0.073689342 -0.014884107 0.026763888 0.058875718 0.084300287 0.10361875 0.11099001 0.11474247 0.12424889 0.13627749 0.14950487 0.16332839 0.17757629 0.19257408 0.20968146 0.22529037 0.22321511 0.22530147 0.23611617 0.25320429 0.26515118 0.26078726 0.25087505 0.24345969 0.2404618 0.24047473 0.2422395 0.24480428 0.24728018 0.24977499 0.25389874 0.26322435 0.27724698 0.29701546 0.32610429 0.36256794 0.37174405 0.34769597 0.31794748 0.29579155 0.27934931
-0.032312707 -0.037484435 -0.04273835 -0.04034697 -0.03469313 -0.02928139 -0.026754104 -0.028176602 -0.03457113 -0.047835851 -0.071790916 -0.11505975 -0.18186807 -0.18092786 -0.1161137 -0.053909277 -0.0029247502 0.036771272 0.068238518 0.092682294 0.10847029 0.11292241 0.11915003 0.12979979 0.14217735 0.15563019 0.16977594 0.1844313 0.19962812 0.2164909 0.23427333 0.22790161 0.22891366 0.24003974 0.26072854 0.27953658 0.25798618 0.24694386 0.24201481 0.24037136 0.24094681 0.24283783 0.24497486 0.24500786 0.24372249 0.25397932 0.26642748 0.28236137 0.30500776 0.34256148 0.42313774 0.42789727 0.35009409 0.31491601 0.29374916 0.27817683
-0.039541186 -0.04648009 -0.058054133 -0.048604352 -0.036268249 -0.030496124 -0.028903039 -0.031702817 -0.040081341 -0.056312904 -0.084652908 -0.1369826 -0.25591775 -0.24825093 -0.11223336 -0.039736906 0.0094127181 0.047823963 0.079521113 0.10585979 0.12181201 0.12348877 0.12731765 0.13651368 0.14858206 0.16216618 0.1766753 0.19186077 0.2074164 0.2205624 0.22575188 0.22708022 0.2327987 0.24495667 0.25740383 0.26024015 0.25208499 0.24468386 0.24115045 0.240356 0.24137439 0.24340141 0.24540789 0.24526432 0.24385628 0.25537586 0.26971399 0.2872986 0.31160103 0.34555091 0.38627889 0.38636956 0.34100559 0.31067534 0.29126095 0.27671497
-0.050991407 -0.059462878 -0.056071785 -0.047843997 -0.038076109 -0.032607657 -0.031754804 -0.035830269 -0.046188863 -0.065720401 -0.099370018 -0.14651101 -0.17834833 -0.15666485 -0.085081682 -0.023990206 0.022240381 0.059562057 0.091750593 0.12357365 0.15236302 0.1388088 0.13578754 0.14350702 0.15528946 0.16907757 0.18408812 0.20000899 0.21752382 0.23810732 0.23495736 0.23062401 0.23794866 0.25634036 0.2835891 0.26558196 0.25007459 0.24338792 0.24066924 0.24041737 0.24175042 0.24388418 0.24574927 0.24675012 0.25073359 0.25991925 0.27362213 0.29205037 0.31901616 0.36475129 0.3994708 0.3595869 0.32781 0.30498857 0.28828703 0.27485863
-0.066125561 -0.091945444 -0.073829497 -0.05074443 -0.040057576 -0.035131267 -0.035135929 -0.040498617 -0.052775258 -0.075607444 -0.11968409 -0.21531885 -0.24126843 -0.13068123 -0.060317553 -0.0072974653 0.03562728 0.071887135 0.10326605 0.12873122 0.14372463 0.14103685 0.14201993 0.15011812 0.16208501 0.1763475 0.19224666 0.20920929 0.22511496 0.23634186 0.23548529 0.23455624 0.24279436 0.25910519 0.27985277 0.26458707 0.24908593 0.24261485 0.2403539 0.24044987 0.24197862 0.24414502 0.24544824 0.2425703 0.25025143 0.26278918 0.27733704 0.29607015 0.32214228 0.3664492 0.40623209 0.35262102 0.31939411 0.29980579 0.28527673 0.27259475
-0.082287236 -0.083312806 -0.070754841 -0.052599625 -0.042245989 -0.038026744 -0.039060686 -0.045826189 -0.060031908 -0.084872279 -0.12481828 -0.19416823 -0.21031361 -0.11091917 -0.041220579 0.008424366 0.049138298 0.085266988 0.11985359 0.15014882 0.15148764 0.14533635 0.14788522 0.15650086 0.1689021 0.18392558 0.20138572 0.2223416 0.24657823 0.25031982 0.2395315 0.23926647 0.25005828 0.26805665 0.26798739 0.25626328 0.24679222 0.2417333 0.23997542 0.24030527 0.24189799 0.24399089 0.24573877 0.24739652 0.25397273 0.26599228 0.28114794 0.30027269 0.32521778 0.34894833 0.34854055 0.33064685 0.31070482 0.29523674 0.28266638 0.27065789
-0.13420154 -0.10068769 -0.06870734 -0.053024763 -0.044382064 -0.041370125 -0.043715589 -0.052140723 -0.068760447 -0.098812152 -0.14821273 -0.16520711 -0.12645562 -0.073052945 -0.020684383 0.023658739 0.062350264 0.098159091 0.13485106 0.17876315 0.16974493 0.1522328 0.15371071 0.16267801 0.17566953 0.19164051 0.21061718 0.23467508 0.27471736 0.27861493 0.24695566 0.24359054 0.25727516 0.29682612 0.28519552 0.25577313 0.24514434 0.2407646 0.23940382 0.23981979 0.24127005 0.2429997 0.24303512 0.24633236 0.2565535 0.26948689 0.2855155 0.30536462 0.33231389 0.37127758 0.34577825 0.32024607 0.30422701 0.29164974 0.28075187 0.26987297
-0.11415259 -0.094880496 -0.068243115 -0.053975149 -0.046950908 -0.045450746 -0.049462916 -0.05998925 -0.079121994 -0.11186557 -0.18219118 -0.20916198 -0.11094344 -0.049328376 -0.0025759321 0.037896326 0.075142718 0.11127858 0.14354277 0.16073831 0.15959376 0.15509341 0.15876715 0.16852779 0.18229096 0.19950299 0.22055725 0.2440439 0.26015504 0.25825956 0.2465741 0.24560748 0.25494373 0.2681146 0.26489718 0.25099056 0.24308725 0.23961057 0.23856016 0.23882068 0.23964426 0.24079765 0.24190008 0.24565909 0.25807565 0.27307991 0.29095279 0.31298244 0.33647859 0.34407626 0.33145793 0.31368869 0.30002448 0.28920648 0.27952054 0.26921708
-0.10201079 -0.081717823 -0.065919678 -0.055391081 -0.050378896 -0.050674041 -0.056797424 -0.070348333 -0.094567942 -0.12923421 -0.14802053 -0.13366681 -0.08152709 -0.029836626 0.012987066 0.05061506 0.086791308 0.12726462 0.17850662 0.18949706 0.16361069 0.15831807 0.16336732 0.17400991 0.18858867 0.20717845 0.23258073 0.273701 0.29744151 0.26131417 0.246676 0.24763901 0.26156375 0.26706054 0.25425448 0.24584357 0.24075629 0.23828415 0.23744295 0.23724738 0.2364143 0.23321452 0.23408434 0.24580919 0.26032557 0.2773122 0.29765975 0.32450042 0.36963462 0.36432993 0.32772584 0.30957159 0.29732097 0.28776084 0.27908656 0.2688911
