Cobbity2/QGIS/Ave22_6.asc
NCOLS 399
NROWS 219
XLLCORNER 150.661
YLLCORNER -34.0267
CELLSIZE 1e-05
NODATA_VALUE -9999
[rows 25 to 49 of 219, columns 168 to 223 of 399]
0.12061983 0.12863277 0.13698465 0.14540871 0.1536958 0.1617 0.16931943 0.17646419 0.1830295 0.18890396 0.19402161 0.19841491 0.20221834 0.20562514 0.20883415 0.21201145 0.21527223 0.21867833 0.22224514 0.22595261 0.22975724 0.23360349 0.23743264 0.24118659 0.24480506 0.24822101 0.25136287 0.25416997 0.25661337 0.25870529 0.26049033 0.26202723 0.26337185 0.2645668 0.26563849 0.26659939 0.26745307 0.26819952 0.2688393 0.26937607 0.26981725 0.27017337 0.27045661 0.27067902 0.27085084 0.2709793 0.27106798 0.27111677 0.27112228 0.27107861 0.27097829 0.27081328 0.27057585 0.27025929 0.26985849 0.26937024
0.11663754 0.12609659 0.13588697 0.1456392 0.15510212 0.16413576 0.17267254 0.18065037 0.18792988 0.19428741 0.19955264 0.20376223 0.20715698 0.21006524 0.21279798 0.21559341 0.21860075 0.2218875 0.2254569 0.22926728 0.23325009 0.23732681 0.24142378 0.2454778 0.24942436 0.25317541 0.25661139 0.25961477 0.2621282 0.26417811 0.26584876 0.26724127 0.26844303 0.26951301 0.27048061 0.27135288 0.27212464 0.27278776 0.27333762 0.27377628 0.27411287 0.27436186 0.27454042 0.27466535 0.2747506 0.27480553 0.2748341 0.27483497 0.27480231 0.27472698 0.27459795 0.27440369 0.27413336 0.27377775 0.27332996 0.2727857
0.11173028 0.1231251 0.13481127 0.14624152 0.15712659 0.16736156 0.17697237 0.18602029 0.19435042 0.20145145 0.20684592 0.21059622 0.21320362 0.21524695 0.21720548 0.21940558 0.22202371 0.22511742 0.22866107 0.23257665 0.23675761 0.24109055 0.24548394 0.24988755 0.25426459 0.25851976 0.26243628 0.26575067 0.2683417 0.27028196 0.27174237 0.2729008 0.27389372 0.27479949 0.27564447 0.27642081 0.27710583 0.27767725 0.27812238 0.27844167 0.27864783 0.27876218 0.27880988 0.27881507 0.27879706 0.27876799 0.27873195 0.27868546 0.27861888 0.27851833 0.27836776 0.2781509 0.27785283 0.27746119 0.27696694 0.27636463
0.10578598 0.11979448 0.1340081 0.14753136 0.16011387 0.17170376 0.18246571 0.19287016 0.20298406 0.21150882 0.21693202 0.21958695 0.22072473 0.22132898 0.22209152 0.2234184 0.22548132 0.22829499 0.23177756 0.23579561 0.24019039 0.24478986 0.24946213 0.25420704 0.25911726 0.26419944 0.26902808 0.27288584 0.27552869 0.27720912 0.27828493 0.27906459 0.27975603 0.28045392 0.28116527 0.28184889 0.28244999 0.2829234 0.28324525 0.28341554 0.28345443 0.28339513 0.28327563 0.28313112 0.28298851 0.28286332 0.28275905 0.28266844 0.28257591 0.28246065 0.28229955 0.28206992 0.28175157 0.28132826 0.28078846 0.28012562
0.097599088 0.11642119 0.13395448 0.1499769 0.16461473 0.17779237 0.18947286 0.20124012 0.21485818 0.22697277 0.2316465 0.23153923 0.23008404 0.2284077 0.22743387 0.22756415 0.22888816 0.23132587 0.2346986 0.23879512 0.24340899 0.2482788 0.25310119 0.25795327 0.26329055 0.2698774 0.2768469 0.2816624 0.28413526 0.28523137 0.28561082 0.28578155 0.28604865 0.28650096 0.28708855 0.28770342 0.28823616 0.28860743 0.28877996 0.28875726 0.28857437 0.28828477 0.28794677 0.28761202 0.2873177 0.28708297 0.28690906 0.28678209 0.28667729 0.28656364 0.28640822 0.2861798 0.28585145 0.28540223 0.28481795 0.28409116
0.090744326 0.11444328 0.13538526 0.15407753 0.17134865 0.18729501 0.19908747 0.21006409 0.23028237 0.25458415 0.2531001 0.24675679 0.24139664 0.23631148 0.23309286 0.23172662 0.23213603 0.2341019 0.23728889 0.24136267 0.24614239 0.25141995 0.25615024 0.2602518 0.26440313 0.27418584 0.2877073 0.29337153 0.29475611 0.29472508 0.29385489 0.29306044 0.2927613 0.29296328 0.29348232 0.2940886 0.29458686 0.29485164 0.29483356 0.29454905 0.29406126 0.29345761 0.29282815 0.29224831 0.29176853 0.29141072 0.2911704 0.29102231 0.29092741 0.29083991 0.29071337 0.29050531 0.29018045 0.28971243 0.28908439 0.28828857
0.086738102 0.11493849 0.13891885 0.16001734 0.17996147 0.20378872 0.21658557 0.21644711 0.23977157 0.28651482 0.26974582 0.26666884 0.25296023 0.24420916 0.2388164 0.23575371 0.23510348 0.2365219 0.23941638 0.24316032 0.24762296 0.25391093 0.25912647 0.26087374 0.25812621 0.27593225 0.30808538 0.30799543 0.3082239 0.30629206 0.30305773 0.30080815 0.29983786 0.29987415 0.30046478 0.30117854 0.3016978 0.30184321 0.3015629 0.3009049 0.29998295 0.29894015 0.29791516 0.29701684 0.29631114 0.29581939 0.29552476 0.2953827 0.29533239 0.29530692 0.29524152 0.2950793 0.2947749 0.29429606 0.29362371 0.29275088
0.089460422 0.11929243 0.14448259 0.16815058 0.18693921 0.21385068 0.23225215 0.21667092 0.23033029 0.25326885 0.2586897 0.26739269 0.25634767 0.25148069 0.24450998 0.23947518 0.23765609 0.23852218 0.2410659 0.24393385 0.24587966 0.25179952 0.26009742 0.26179888 0.26600235 0.28402607 0.31266369 0.31810561 0.32960277 0.31992874 0.31286953 0.30875738 0.30717805 0.30731973 0.30826153 0.3092738 0.30988554 0.30987 0.30919804 0.30798214 0.30642272 0.30475284 0.30318454 0.30187159 0.30089496 0.30026687 0.29994586 0.29985559 0.29990253 0.2999902 0.30002959 0.29994591 0.29968219 0.29920036 0.29848036 0.29751787
0.1023525 0.12584307 0.14944536 0.17645285 0.19844187 0.1964789 0.2060797 0.20864546 0.21912441 0.23355604 0.24596134 0.25623511 0.26048445 0.26220915 0.25033096 0.24257446 0.2396134 0.24008194 0.2425053 0.24462469 0.2412228 0.24277178 0.25555585 0.26324959 0.27269009 0.28686835 0.30416754 0.32508403 0.33938236 0.33315331 0.32285893 0.31642754 0.3146918 0.31554186 0.31731317 0.31889549 0.31966105 0.31937255 0.3180758 0.31599671 0.31347747 0.3108974 0.30857823 0.30672963 0.30543936 0.30469178 0.30439938 0.30443477 0.30465663 0.30492826 0.30512972 0.30516487 0.3049643 0.30448521 0.30370892 0.30263686
0.10443871 0.13062582 0.15078817 0.1691433 0.18369799 0.18556932 0.19188667 0.20040614 0.21165956 0.22526193 0.24036194 0.25886892 0.28971617 0.27506864 0.25427225 0.24435227 0.24073716 0.2411307 0.244025 0.24785582 0.24834888 0.24849942 0.25597857 0.26483093 0.27523813 0.28807523 0.30340075 0.32196101 0.35207644 0.35784325 0.33084996 0.32294311 0.32249513 0.32514723 0.32846138 0.33093428 0.33183914 0.33101496 0.32869071 0.32524584 0.32124762 0.31733056 0.31397563 0.31145005 0.30982204 0.30901035 0.30884556 0.3091213 0.30962911 0.31017982 0.3106158 0.3108169 0.31070181 0.31022576 0.30937557 0.30816308
0.11510824 0.13572559 0.15214401 0.1616578 0.16783401 0.17598421 0.18456312 0.19462546 0.20652502 0.22044979 0.23716743 0.26019129 0.29083189 0.27496553 0.2542596 0.24426088 0.24086521 0.24144696 0.24476577 0.25087654 0.25452403 0.25294666 0.25813826 0.26656866 0.27700163 0.28935491 0.30360313 0.31965069 0.33562167 0.33804919 0.33055855 0.32811988 0.33139057 0.33745474 0.34326376 0.34686531 0.34771065 0.34575271 0.34180182 0.33615029 0.32979905 0.32391074 0.31914681 0.315804 0.3138671 0.3131174 0.31324723 0.3139343 0.31488106 0.31583384 0.3165918 0.31701008 0.31699827 0.31651488 0.31555883 0.31415926
0.12450555 0.14017234 0.15386349 0.16135506 0.16379612 0.17089397 0.17993082 0.19050661 0.20270962 0.21677751 0.23341556 0.25518359 0.28528846 0.2696241 0.25032836 0.24239462 0.2401133 0.24095924 0.24366267 0.24769217 0.25086831 0.25365969 0.25962924 0.26813958 0.27858557 0.29078748 0.30461783 0.31930868 0.32929608 0.32989225 0.33047459 0.33416165 0.34310321 0.35498542 0.36475711 0.36880047 0.36954769 0.36459149 0.35893653 0.34926017 0.33902661 0.33030172 0.32367478 0.31943587 0.31733882 0.31689751 0.31758697 0.31892834 0.32051564 0.32202211 0.32320147 0.32388651 0.32398393 0.32346439 0.32234887 0.32069345
0.12924364 0.14282053 0.15493617 0.16353027 0.1637329 0.16845783 0.17682275 0.18738856 0.19969798 0.21382715 0.23028342 0.24865931 0.25616878 0.25078731 0.24350025 0.23959733 0.23898408 0.24011418 0.24146304 0.24296311 0.24695859 0.25300163 0.26042158 0.26940703 0.28002032 0.29226088 0.30618394 0.32288704 0.34736973 0.33823964 0.33432366 0.3431366 0.35943519 0.38136533 0.40205318 0.39617622 0.40295554 0.38502701 0.38582607 0.36365871 0.34859269 0.33580433 0.32681724 0.32182493 0.31995622 0.32025611 0.32189762 0.3242183 0.32669706 0.32893333 0.33063787 0.33162777 0.3318176 0.33120387 0.32984409 0.32783448
0.13272947 0.14389681 0.15462699 0.16249097 0.1634342 0.16646536 0.17423377 0.18476829 0.1971744 0.21148737 0.22815741 0.24924516 0.25720051 0.24340949 0.23823423 0.23712376 0.23822191 0.23979189 0.23866757 0.23245413 0.24012377 0.25162549 0.26089181 0.27047395 0.28130325 0.29358187 0.30720937 0.32132598 0.33448867 0.33525591 0.33904967 0.35584288 0.38216502 0.40985463 0.46687296 0.41487068 0.4080998 0.3880504 0.39859042 0.37245925 0.35948022 0.3384198 0.32731631 0.3222951 0.32145855 0.32318196 0.32630658 0.33000835 0.33366951 0.33682497 0.3391498 0.34045632 0.34068365 0.33987443 0.33814309 0.33564323
0.13444382 0.14324709 0.15233653 0.16906561 0.16387291 0.16315163 0.17139968 0.18226067 0.19480413 0.20969962 0.22820623 0.24352334 0.24203972 0.23646419 0.23432545 0.23551115 0.2384532 0.24134801 0.2403849 0.22882891 0.23949468 0.25240357 0.26191036 0.27160805 0.28251968 0.29479796 0.30799075 0.32120051 0.32551607 0.33062517 0.34495973 0.37138711 0.41521141 0.44395381 0.42032761 0.39695237 0.37766693 0.36734408 0.36248859 0.36422672 0.34976565 0.33526726 0.32350666 0.32015709 0.32176156 0.32584217 0.33108323 0.33661423 0.3417671 0.34602642 0.34903918 0.35062769 0.35077993 0.34961411 0.34732938 0.34415839
0.13483445 0.14104784 0.1432772 0.13847231 0.14408319 0.15672611 0.16821945 0.1797071 0.19201864 0.20681606 0.23092646 0.26649358 0.24197156 0.23142064 0.23132971 0.23480686 0.23990036 0.24524439 0.24977151 0.25255321 0.2510399 0.25621081 0.26380256 0.27295314 0.28375977 0.29623162 0.30968535 0.31928554 0.32310143 0.33171161 0.35253913 0.38963954 0.42651835 0.42638384 0.39483152 0.37322629 0.35789197 0.34717311 0.33934622 0.33353825 0.33753426 0.3216046 0.31230033 0.31517151 0.3212308 0.3286736 0.33665782 0.34445796 0.35140085 0.35692169 0.36063947 0.36240432 0.36228887 0.36052909 0.3574455 0.35337492
0.13497409 0.13944079 0.13699661 0.11191299 0.12745228 0.15212616 0.1657492 0.17726078 0.18846615 0.20000324 0.21280998 0.22810336 0.22709758 0.2255005 0.22888794 0.23493009 0.24245635 0.25056411 0.25677393 0.25720191 0.25765862 0.26024395 0.26603844 0.27441613 0.28499618 0.29759173 0.31297845 0.32663676 0.32290992 0.33342062 0.35795316 0.40450248 0.47888428 0.41189828 0.37709463 0.35688554 0.34241504 0.33087181 0.31995195 0.30537788 0.2711846 0.26418867 0.29422039 0.30907529 0.32091244 0.33236272 0.34356318 0.35400846 0.36300227 0.36989325 0.37425656 0.37599477 0.37531981 0.37264407 0.3684536 0.36321474
0.13545282 0.13963751 0.14066443 0.14304505 0.1436104 0.15314958 0.16465298 0.17511757 0.18458528 0.19287165 0.19539456 0.20094376 0.21259672 0.21974171 0.22711117 0.23583379 0.24596055 0.25775448 0.27350582 0.27437225 0.26443293 0.2638483 0.26812676 0.27585032 0.28644914 0.29911603 0.31098844 0.31792192 0.32158573 0.33376444 0.35844093 0.39719103 0.41471269 0.38838795 0.36218874 0.34368621 0.32962597 0.31738713 0.3044537 0.28696596 0.26047093 0.258399 0.28511737 0.30536134 0.32210257 0.33760019 0.35227052 0.36564804 0.376899 0.38519438 0.39003511 0.3914262 0.38980391 0.38582534 0.38018309 0.37349256
0.13652138 0.13999149 0.13984325 0.14355502 0.1449519 0.1537769 0.16423017 0.17325426 0.18028955 0.18548737 0.1913586 0.19643372 0.20615077 0.21620856 0.22635927 0.23750269 0.25017029 0.2643959 0.27770975 0.27787893 0.2688141 0.26655938 0.26972102 0.27701302 0.28836828 0.30520379 0.32405078 0.32112391 0.32046283 0.33210127 0.35524481 0.38919704 0.40282365 0.37141545 0.34870678 0.3320528 0.3185346 0.30592162 0.29189203 0.27315657 0.24401764 0.24955813 0.28082533 0.30473621 0.32542558 0.34473107 0.36295946 0.37946587 0.3930965 0.40268834 0.40765979 0.40828158 0.40532113 0.3996833 0.39227716 0.38388659
0.13861095 0.14100531 0.1319713 0.10332504 0.1348455 0.15371571 0.16435193 0.17178781 0.17560817 0.17150668 0.17110196 0.1891786 0.20263527 0.21455503 0.22660372 0.23985925 0.2552893 0.27424137 0.29699079 0.2836006 0.27155218 0.26822592 0.27057517 0.27742662 0.28892481 0.30888579 0.34239867 0.32676843 0.31821405 0.32829353 0.34991314 0.38977201 0.38753935 0.35586845 0.33638456 0.3214399 0.30858421 0.29577338 0.28063213 0.26096145 0.2410578 0.2485874 0.28005468 0.30685398 0.33078687 0.35356561 0.37530716 0.39502493 0.4109859 0.42134557 0.42559507 0.42513215 0.42088519 0.4135117 0.40417326 0.3939317
0.14236176 0.14638579 0.14286522 0.12844676 0.14308759 0.15706669 0.16552954 0.17098798 0.17277419 0.16590584 0.16247607 0.18500853 0.20092153 0.21417071 0.22753308 0.24260416 0.26116817 0.28308231 0.29603477 0.28603817 0.27328008 0.26885624 0.27058109 0.27700319 0.28750347 0.30077899 0.31221325 0.31197031 0.31252836 0.32266919 0.34098185 0.36010569 0.35886532 0.34099838 0.3248739 0.31159904 0.29948774 0.28660948 0.27008744 0.24204534 0.20761959 0.24982845 0.28330749 0.31127623 0.33757868 0.36334803 0.38838016 0.41125667 0.42930767 0.4386099 0.43840363 0.43835704 0.43506487 0.42643092 0.4151646 0.40304999
0.14764434 0.1549383 0.16211067 0.16716672 0.15973093 0.16290169 0.16743001 0.17049537 0.17029159 0.16894117 0.17527873 0.18769309 0.20133961 0.21472758 0.22875176 0.24497142 0.26706739 0.30753142 0.335006 0.29058267 0.27330605 0.26824228 0.26967582 0.2760875 0.28793811 0.30476685 0.30740096 0.30276611 0.30581717 0.3162965 0.33349262 0.3554211 0.3455246 0.32793715 0.31419931 0.30242419 0.29108652 0.278279 0.26152522 0.24026663 0.22613669 0.25523988 0.28803096 0.31680582 0.34474638 0.37284913 0.40069791 0.42662938 0.44731367 0.45431498 0.42623961 0.44531347 0.44784636 0.4377897 0.4245048 0.41060504
0.15377333 0.16395476 0.17336943 0.17248957 0.16821697 0.16768293 0.16905548 0.16977701 0.1663569 0.15777629 0.17442201 0.18925445 0.20250169 0.21582835 0.2300118 0.2461374 0.26622678 0.29528309 0.31191233 0.28488605 0.27050703 0.26625233 0.26775156 0.2739765 0.28681905 0.31331759 0.3129977 0.29728427 0.29896659 0.30971312 0.32904958 0.35233981 0.33280552 0.31653377 0.30429069 0.29381822 0.28325272 0.27049253 0.25190961 0.2189342 0.23045095 0.26480476 0.29400134 0.32236995 0.35110096 0.38063715 0.41044529 0.43904349 0.46439833 0.48469859 0.48058822 0.47088232 0.46088041 0.44687004 0.43137427 0.41594892
0.16033651 0.17288646 0.18940678 0.18651913 0.1743957 0.17087724 0.16969301 0.16791397 0.16556905 0.1676088 0.17775746 0.19090934 0.20396593 0.21729346 0.23149411 0.24728596 0.2654454 0.28162914 0.28070766 0.2725665 0.26569565 0.263259 0.26496552 0.27038959 0.2791337 0.28928462 0.29119955 0.2877242 0.29069955 0.30174857 0.32152227 0.33521693 0.32101323 0.30547312 0.29472094 0.28564606 0.27587158 0.26301587 0.24537502 0.22987051 0.24043091 0.27056674 0.29901773 0.32691914 0.35564019 0.38549022 0.41591003 0.44560383 0.4731502 0.50028314 0.5093495 0.48479448 0.46890827 0.4518836 0.43482924 0.41849959
0.16753632 0.18398841 0.19492459 0.18678689 0.17763082 0.17253716 0.16913821 0.16322739 0.14944301 0.16262938 0.17929951 0.1926733 0.20571689 0.21915813 0.23353594 0.2493705 0.26723289 0.28680657 0.27799864 0.26680463 0.26153253 0.25996009 0.26176544 0.26723289 0.27657938 0.28189313 0.27860157 0.27731031 0.28016311 0.28985463 0.31839768 0.34372079 0.30736009 0.29327017 0.28511089 0.2778601 0.26898233 0.25546058 0.22904981 0.20422462 0.24497771 0.27575408 0.30295979 0.32994944 0.35784539 0.38683522 0.41631466 0.44494757 0.47054061 0.48868893 0.50255727 0.48216467 0.46835465 0.45132637 0.43419341 0.41791897
