Cobbity2/QGIS/Ave22_6.asc
NCOLS 399
NROWS 219
XLLCORNER 150.661
YLLCORNER -34.0267
CELLSIZE 1e-05
NODATA_VALUE -9999
[rows 125 to 149 of 219, columns 56 to 111 of 399]
0.070241138 0.069541632 0.068834145 0.068118688 0.067395279 0.066663947 0.065924728 0.065177665 0.064422811 0.063660225 0.062889978 0.062112142 0.061326803 0.060534047 0.05973397 0.058926672 0.058112254 0.057290825 0.056462493 0.055627367 0.054785561 0.053937186 0.053082359 0.052221199 0.051353834 0.050480407 0.049601087 0.048716084 0.047825676 0.046930243 0.046030323 0.045126691 0.044220479 0.043313349 0.042407752 0.041507313 0.040617405 0.039746033 0.038905245 0.038113559 0.037400682 0.036818104 0.036465011 0.036547658 0.037469486 0.039762952 0.042201345 0.036380995 0.022442859 0.0047299639 -0.02411756 -0.092209231 -0.13527967 -0.038504489 0.0099132446 0.038098881
0.06992407 0.069212134 0.068491873 0.067763302 0.067026442 0.066281326 0.065527997 0.064766508 0.063996923 0.063219315 0.06243377 0.061640383 0.060839258 0.060030513 0.059214271 0.058390667 0.057559843 0.05672195 0.055877148 0.055025602 0.054167486 0.053302984 0.05243229 0.051555613 0.050673181 0.049785251 0.048892127 0.047994174 0.047091858 0.046185791 0.045276801 0.044366046 0.043455171 0.042546551 0.041643656 0.040751588 0.039877892 0.039033734 0.03823557 0.037507376 0.036883302 0.036410608 0.036155061 0.036223707 0.036832368 0.03805566 0.037085828 0.030585511 0.019934265 0.0056642989 -0.014456032 -0.044583807 -0.053858425 -0.012897236 0.023377746 0.052982056
0.069602602 0.068877637 0.068143964 0.067401595 0.066650553 0.065890874 0.065122603 0.064345802 0.06356054 0.062766904 0.061964992 0.061154915 0.060336799 0.059510782 0.058677016 0.057835666 0.056986909 0.056130938 0.055267957 0.054398182 0.053521845 0.052639195 0.051750498 0.050856043 0.049956152 0.049051187 0.048141572 0.047227816 0.046310555 0.045390607 0.044469069 0.043547446 0.04262786 0.041713368 0.040808444 0.039919735 0.039057221 0.038235998 0.037478924 0.036820249 0.036309526 0.036012208 0.035997396 0.03631522 0.037172564 0.040004615 0.040018679 0.030115401 0.01911904 0.0062548177 -0.008873014 -0.018486584 -0.01074584 0.011377101 0.038984089 0.067969525
0.069277043 0.068538447 0.067790714 0.067033854 0.066267887 0.065492849 0.064708787 0.063915764 0.063113856 0.062303157 0.061483775 0.060655833 0.059819473 0.058974853 0.058122147 0.057261547 0.056393262 0.055517518 0.05463456 0.05374465 0.052848073 0.051945132 0.051036159 0.050121516 0.049201605 0.048276881 0.04734787 0.046415204 0.045479658 0.044542225 0.043604212 0.042667404 0.041734303 0.040808511 0.039895339 0.039002784 0.038143123 0.037335562 0.036610664 0.036017765 0.035636848 0.03559398 0.036060916 0.037133663 0.038336265 0.038471295 0.035981753 0.028406877 0.018234002 0.0046319474 -0.019902455 -0.047030382 -0.011273433 0.022331006 0.052331252 0.10003739
0.068947747 0.068194913 0.067432468 0.066660416 0.065878772 0.065087567 0.064286848 0.063476676 0.06265713 0.061828306 0.060990319 0.0601433 0.059287404 0.058422803 0.057549688 0.056668274 0.055778795 0.054881507 0.053976689 0.053064644 0.052145698 0.051220205 0.050288552 0.049351161 0.048408502 0.047461104 0.046509579 0.045554648 0.044597192 0.043638321 0.042679485 0.041722636 0.040770499 0.039826987 0.03889789 0.037992023 0.037123181 0.036313612 0.035600408 0.035047913 0.034773333 0.035002669 0.036192641 0.039213652 0.044581983 0.045966897 0.037462282 0.027634153 0.017644989 0.0053564491 -0.015946199 -0.038952897 -0.0039719406 0.031166099 0.061264959 0.086483411
0.068615111 0.067847432 0.067069621 0.066281671 0.065483591 0.064675404 0.06385715 0.063028886 0.06219069 0.061342656 0.060484901 0.059617562 0.058740799 0.057854793 0.05695975 0.056055899 0.055143496 0.05422282 0.053294178 0.052357902 0.051414356 0.050463934 0.049507066 0.048544223 0.047575926 0.046602761 0.045625395 0.044644611 0.04366135 0.042676779 0.041692396 0.040710194 0.039732915 0.038764466 0.037810606 0.036880122 0.035986898 0.035153713 0.034419564 0.033854833 0.033595969 0.03393612 0.035602935 0.040733455 0.055212089 0.066312257 0.043146613 0.027428866 0.016479206 0.0058614865 -0.0025995897 -0.0015672518 0.015168473 0.040994347 0.079401185 0.12790359
0.068279581 0.067496453 0.066702622 0.065898069 0.065082789 0.064256797 0.063420121 0.062572811 0.061714938 0.06084659 0.059967881 0.059078948 0.058179952 0.057271079 0.056352541 0.055424579 0.054487461 0.053541482 0.052586969 0.05162428 0.050653803 0.049675962 0.048691219 0.047700079 0.046703099 0.045700898 0.044694174 0.043683735 0.042670534 0.041655729 0.040640777 0.039627568 0.038618646 0.037617568 0.036629487 0.035662175 0.034727837 0.033846457 0.033052243 0.032406625 0.032026468 0.032153196 0.033353917 0.03717799 0.046982295 0.052868592 0.038006752 0.024763548 0.013131008 -0.0030001153 -0.020241664 -0.0047411083 0.020876077 0.045143684 0.073681469 0.10015127
0.067941652 0.067142476 0.066331976 0.065510115 0.064676874 0.063832251 0.062976262 0.062108944 0.061230354 0.060340572 0.059439704 0.05852788 0.057605256 0.056672016 0.055728376 0.054774576 0.053810893 0.052837631 0.051855129 0.050863757 0.049863921 0.048856065 0.047840668 0.046818255 0.045789398 0.044754729 0.04371495 0.042670857 0.04162337 0.040573578 0.039522805 0.038472715 0.037425467 0.036383959 0.035352236 0.034336172 0.033344695 0.032392027 0.031501873 0.030715095 0.030102335 0.029777585 0.029881908 0.030480563 0.031766818 0.032666681 0.028446508 0.02082595 0.010235406 -0.011631025 -0.054432729 -0.017863717 0.022195068 0.048908308 0.077871501 0.075085646
0.067601869 0.066786056 0.065958244 0.065118378 0.064266418 0.063402342 0.062526148 0.061637855 0.060737503 0.059825157 0.058900909 0.057964875 0.057017203 0.056058068 0.055087678 0.054106272 0.053114122 0.052111536 0.051098853 0.05007645 0.049044739 0.048004168 0.046955224 0.045898432 0.044834365 0.043763643 0.042686944 0.041605021 0.040518717 0.039428996 0.038336983 0.037244022 0.03615175 0.035062214 0.033978028 0.032902628 0.031840689 0.030798909 0.029787559 0.028823565 0.02793531 0.027160534 0.026475214 0.025453336 0.023971382 0.024817531 0.022912481 0.017797743 0.010205711 -0.00086906296 -0.011352091 0.0033316862 0.027834056 0.050779168 0.08006621 0.072936225
0.067260831 0.066427804 0.065582051 0.064723492 0.063852062 0.062967717 0.06207043 0.061160197 0.060237036 0.05930099 0.058352131 0.057390557 0.056416397 0.055429811 0.054430994 0.053420172 0.052397608 0.0513636 0.050318483 0.049262626 0.048196436 0.047120356 0.046034862 0.044940468 0.043837725 0.042727219 0.041609579 0.040485482 0.039355658 0.038220903 0.037082093 0.035940194 0.034796266 0.033651446 0.032506865 0.031363452 0.030221515 0.02907992 0.027934753 0.026778034 0.02560087 0.024420589 0.023382474 0.022901987 0.023074832 0.0221766 0.019582926 0.015009149 0.0081154912 0.0012702892 0.0036403393 0.015991819 0.033899975 0.055980721 0.066991063 0.052990748
0.066919189 0.066068388 0.065204079 0.064326154 0.06343452 0.062529101 0.061609843 0.060676712 0.059729698 0.058768817 0.057794113 0.056805658 0.055803557 0.054787946 0.053758998 0.052716919 0.051661951 0.050594377 0.049514511 0.048422709 0.047319359 0.046204884 0.045079737 0.043944402 0.04279939 0.041645231 0.04048248 0.039311707 0.038133494 0.036948435 0.035757122 0.034560121 0.033357923 0.032150825 0.030938675 0.029720338 0.028492584 0.027247805 0.025969373 0.024622591 0.023139674 0.021415335 0.01945865 0.018127268 0.018531993 0.018467534 0.016514824 0.01204443 0.002279098 -0.018421577 -0.0083802537 0.016880161 0.036653355 0.067962267 0.092392567 0.049516073
0.06657765 0.065708536 0.064825078 0.063927134 0.063014577 0.062087296 0.061145203 0.060188229 0.059216329 0.058229484 0.057227704 0.056211028 0.055179526 0.054133305 0.053072503 0.051997299 0.050907906 0.049804576 0.048687599 0.047557298 0.046414034 0.045258194 0.044090195 0.042910473 0.041719478 0.040517666 0.039305486 0.038083374 0.036851734 0.035610919 0.034361208 0.033102758 0.031835524 0.030559103 0.029272417 0.027973065 0.026655939 0.025310229 0.023912627 0.022410814 0.020678773 0.018380956 0.014621407 0.0092096267 0.010949568 0.014431401 0.013672828 0.0098251009 0.002044189 -0.012067224 -0.0035532494 0.01849219 0.035909251 0.050694011 0.053977401 0.036070013
0.066236975 0.065349036 0.064445861 0.063527269 0.062593095 0.061643188 0.060677418 0.059695675 0.058697872 0.057683948 0.056653872 0.055607638 0.054545279 0.053466855 0.052372469 0.051262255 0.050136388 0.048995081 0.047838582 0.046667175 0.045481176 0.044280927 0.043066787 0.04183913 0.040598325 0.039344728 0.03807866 0.036800388 0.035510101 0.034207872 0.032893626 0.031567077 0.030227653 0.028874351 0.027505488 0.0261182 0.024707385 0.02326336 0.021766279 0.020171859 0.018370916 0.016051285 0.012146317 0.0051613444 0.0075936815 0.011983913 0.011095889 0.006832673 0.0013533195 0.00054404339 0.0082468005 0.02167499 0.039389262 0.06253113 0.044874801 0.024603605
0.065897984 0.064990737 0.064067307 0.06312747 0.062171015 0.061197745 0.060207484 0.059200071 0.058175373 0.057133278 0.056073702 0.054996592 0.053901925 0.052789715 0.051660008 0.050512891 0.049348486 0.048166953 0.046968488 0.045753322 0.044521711 0.043273935 0.042010284 0.040731047 0.039436495 0.038126858 0.036802302 0.03546289 0.034108551 0.032739024 0.031353811 0.02995211 0.028532734 0.027094028 0.025633744 0.024148873 0.022635376 0.021087662 0.019497432 0.017850542 0.016118885 0.014254052 0.012251672 0.010462921 0.010580679 0.011044743 0.0087095839 0.0011005594 -0.015224839 -0.014947397 0.0064398084 0.021778846 0.035623875 0.048876796 0.035462755 0.014880155
0.065561553 0.064634551 0.063690365 0.06272872 0.061749356 0.060752023 0.059736491 0.058702544 0.05764999 0.056578659 0.05548841 0.054379126 0.053250724 0.052103155 0.050936402 0.049750489 0.048545474 0.047321451 0.04607855 0.044816933 0.043536783 0.042238302 0.040921692 0.039587141 0.038234799 0.03686475 0.035476969 0.034071281 0.032647301 0.031204365 0.029741452 0.028257096 0.026749293 0.025215438 0.023652296 0.022056135 0.020423207 0.018751158 0.017043033 0.015318461 0.013640667 0.012158968 0.011149804 0.010878463 0.010780812 0.010169827 0.0074239385 -0.0013743252 -0.027588569 -0.029195786 0.0048473743 0.022883482 0.037901608 0.036457276 0.022320863 0.0023280303
0.065228614 0.064281451 0.063316048 0.062332077 0.061329218 0.060307165 0.059265624 0.058204319 0.05712299 0.056021401 0.054899339 0.053756619 0.052593084 0.051408609 0.050203105 0.048976516 0.047728823 0.046460041 0.045170218 0.043859431 0.042527775 0.041175355 0.03980227 0.038408587 0.036994316 0.035559364 0.034103493 0.032626244 0.031126866 0.029604204 0.028056587 0.026481681 0.024876337 0.023236454 0.021556902 0.019831652 0.018054388 0.016220379 0.014331943 0.01241726 0.010605301 0.0093859013 0.009863986 0.010353676 0.0095568299 0.0091224433 0.0075671235 0.0035539852 -0.0033622501 -0.0019621852 0.010781385 0.024096403 0.044843378 0.039011537 0.015105446 -0.0099199229
0.064900155 0.063932473 0.062945441 0.061938671 0.060911783 0.059864403 0.058796168 0.057706732 0.056595759 0.055462937 0.054307973 0.053130599 0.051930574 0.050707686 0.049461755 0.048192636 0.046900215 0.045584413 0.044245179 0.042882487 0.041496327 0.040086691 0.038653553 0.037196842 0.035716404 0.034211952 0.032682998 0.031128767 0.029548081 0.027939212 0.026299696 0.024626098 0.022913718 0.021156257 0.019345442 0.017470685 0.01551891 0.013474695 0.011320256 0.0090316031 0.0065737118 0.0041140815 0.0034059671 0.005387829 0.0068569317 0.0076353892 0.0076505334 0.0072467811 0.0071119658 0.0089464124 0.014989069 0.022895344 0.027329381 0.022062903 0.0065544974 -0.016328144
0.064577222 0.063588711 0.062579692 0.06154971 0.060498314 0.059425058 0.058329504 0.057211223 0.056069799 0.05490483 0.053715933 0.052502746 0.051264929 0.050002171 0.048714186 0.047400723 0.046061556 0.044696494 0.043305369 0.041888035 0.040444356 0.03897419 0.037477369 0.035953661 0.034402729 0.032824068 0.031216918 0.02958015 0.027912115 0.026210436 0.024471732 0.022691244 0.020862331 0.01897578 0.017018863 0.014974013 0.012816948 0.010513868 0.0080161598 0.0052388185 0.0019062764 -0.0032699272 -0.0096442314 -0.0025467123 0.0032311808 0.0055728327 0.0067823035 0.0079145705 0.0083782533 0.010894515 0.016804695 0.02855897 0.033228484 0.015790456 -0.0013561442 -0.023902242
0.064260911 0.063251324 0.06222002 0.061166472 0.060090156 0.058990543 0.057867113 0.056719346 0.055546734 0.054348776 0.053124988 0.051874899 0.050598059 0.04929404 0.047962436 0.046602869 0.045214988 0.043798466 0.042352999 0.040878298 0.03937408 0.037840049 0.036275869 0.034681128 0.033055287 0.031397598 0.029707008 0.027982013 0.026220459 0.024419271 0.022574065 0.020678608 0.018724025 0.016697643 0.014581219 0.01234815 0.009958876 0.0073531088 0.0044383932 0.0010914729 -0.0027275035 -0.0067715261 -0.010025849 -0.0050875542 0.00024016269 0.002911331 0.0044160342 0.0062725518 0.0081025172 0.011276153 0.016792435 0.023323103 0.023752336 0.0098689915 -0.0096030174 -0.043982432
0.063952374 0.062921525 0.061867705 0.06079031 0.059688733 0.058562359 0.057410573 0.05623276 0.055028306 0.053796604 0.052537052 0.05124906 0.049932051 0.048585464 0.047208755 0.045801403 0.044362906 0.042892783 0.041390568 0.039855807 0.038288044 0.036686802 0.035051555 0.033381687 0.031676429 0.029934776 0.028155363 0.026336294 0.024474897 0.022567384 0.020608345 0.018590021 0.016501199 0.014325508 0.012038675 0.0096039428 0.0069639389 0.0040248182 0.00062019935 -0.0035793301 -0.0091535396 -0.015132614 -0.013589562 -0.0073148508 -0.0026770064 -0.0005441433 -0.00058383272 -0.0001276799 0.0046088565 0.011075202 0.019714811 0.026567769 0.017025315 0.0037874437 -0.015104756 -0.051434142
0.063652812 0.062600584 0.061524091 0.060422645 0.059295548 0.058142093 0.056961562 0.055753235 0.054516383 0.053250278 0.051954191 0.050627397 0.049269176 0.047878817 0.04645562 0.044998897 0.043507974 0.041982189 0.040420891 0.038823431 0.03718915 0.035517363 0.033807322 0.032058178 0.030268909 0.028438228 0.026564442 0.024645253 0.022677477 0.020656626 0.018576305 0.016427295 0.014196148 0.01186294 0.0093975559 0.0067532779 0.0038552078 0.00057813152 -0.0033024053 -0.0082774444 -0.016031989 -0.031153407 -0.027640622 -0.012163029 -0.0059755936 -0.0043658389 -0.0081149074 -0.015894469 -0.0021699881 0.010349869 0.021928823 0.033542151 0.015988127 -0.00070447435 -0.018334872 -0.038470453
0.063363469 0.062289825 0.061190582 0.060064965 0.05891218 0.057731418 0.056521853 0.055282647 0.054012949 0.052711897 0.051378621 0.050012246 0.048611894 0.047176684 0.045705737 0.044198178 0.042653135 0.041069738 0.039447118 0.037784401 0.036080691 0.034335057 0.032546496 0.030713888 0.028835927 0.026911014 0.024937106 0.022911498 0.020830499 0.018688961 0.016479582 0.014191837 0.011810318 0.0093120388 0.0066618836 0.0038045385 0.00064950051 -0.0029574764 -0.0072821633 -0.012707025 -0.019282305 -0.025484558 -0.022959421 -0.014036004 -0.0090074383 -0.007620545 -0.010030451 -0.014986493 -0.0023098702 0.012716389 0.023533515 0.020623742 0.0088846496 -0.0071098808 -0.028693575 -0.05361001
0.063085637 0.061990618 0.060868636 0.059718821 0.058540278 0.057332089 0.056093311 0.054822979 0.053520108 0.052183693 0.050812708 0.049406113 0.047962853 0.046481859 0.044962051 0.043402341 0.04180163 0.040158811 0.038472763 0.036742346 0.034966389 0.033143672 0.031272892 0.029352614 0.027381201 0.025356705 0.0232767 0.02113805 0.01893656 0.016666455 0.014319608 0.011884367 0.0093437065 0.0066722341 0.0038310827 0.00075868533 -0.0026471632 -0.0065684358 -0.011370204 -0.017912918 -0.027771164 -0.033651221 -0.023824318 -0.015957526 -0.012344418 -0.012059741 -0.012381828 -0.0086759801 0.00097379481 0.019725718 0.054304103 0.028483043 0.0042772355 -0.013997979 -0.04118999 -0.09312924
0.062820642 0.061704379 0.060559763 0.059385824 0.05818156 0.056945936 0.055677886 0.05437631 0.053040078 0.051668027 0.050258965 0.048811671 0.047324893 0.045797355 0.044227752 0.042614755 0.04095701 0.039253136 0.037501721 0.035701319 0.033850435 0.031947507 0.029990875 0.027978733 0.025909054 0.023779479 0.021587148 0.019328452 0.01699866 0.014591369 0.012097668 0.009504888 0.0067946327 0.00393963 0.00089840025 -0.0023943293 -0.0060460787 -0.010244562 -0.015347815 -0.022257165 -0.034495855 -0.045544651 -0.028015349 -0.018641201 -0.016269122 -0.019999061 -0.029020439 -0.018396008 -0.001967108 0.013316563 0.029903673 0.017077297 -0.0031170939 -0.021348061 -0.040972223 -0.059365415
0.062569846 0.061432562 0.060265516 0.059067634 0.0578378 0.056574859 0.055277611 0.053944814 0.052575182 0.051167385 0.04972005 0.048231757 0.046701043 0.0451264 0.043506275 0.041839072 0.040123145 0.038356803 0.036538301 0.034665836 0.032737534 0.030751428 0.028705434 0.026597296 0.024424519 0.02218425 0.019873111 0.017486938 0.015020393 0.012466376 0.0098151431 0.0070529656 0.0041600599 0.0011073185 -0.0021490819 -0.005677172 -0.0095875221 -0.014071553 -0.019463569 -0.026056132 -0.032115254 -0.032492914 -0.026062372 -0.020722646 -0.019780879 -0.025272913 -0.042464135 -0.025858231 -0.0041153895 0.011490579 0.011119524 0.0011883986 -0.014114168 -0.036012852 -0.060868041 -0.061826908
