Cobbity2/QGIS/Ave22_6.asc
NCOLS 399
NROWS 219
XLLCORNER 150.661
YLLCORNER -34.0267
CELLSIZE 1e-05
NODATA_VALUE -9999
[rows 175 to 199 of 219, columns 336 to 391 of 399]
0.19920287 0.19901943 0.19883748 0.19865699 0.19847796 0.19830034 0.19812414 0.19794932 0.19777587 0.19760378 0.19743301 0.19726356 0.19709541 0.19692854 0.19676293 0.19659857 0.19643545 0.19627354 0.19611284 0.19595332 0.19579498 0.1956378 0.19548176 0.19532686 0.19517307 0.19502039 0.19486881 0.1947183 0.19456887 0.19442049 0.19427315 0.19412685 0.19398158 0.19383731 0.19369404 0.19355176 0.19341047 0.19327013 0.19313076 0.19299234 0.19285485 0.19271829 0.19258265 0.19244793 0.1923141 0.19218116 0.19204911 0.19191792 0.19178761 0.19165815 0.19152954 0.19140177 0.19127483 0.19114871 0.19102341 0.19089892
0.19915971 0.19897657 0.19879492 0.19861474 0.19843601 0.1982587 0.19808281 0.19790831 0.19773518 0.1975634 0.19739295 0.19722382 0.19705599 0.19688945 0.19672416 0.19656013 0.19639733 0.19623575 0.19607537 0.19591618 0.19575817 0.19560131 0.1954456 0.19529102 0.19513756 0.1949852 0.19483394 0.19468376 0.19453465 0.19438659 0.19423958 0.19409359 0.19394863 0.19380468 0.19366173 0.19351977 0.19337878 0.19323876 0.1930997 0.19296158 0.1928244 0.19268815 0.19255281 0.19241838 0.19228485 0.19215221 0.19202045 0.19188956 0.19175954 0.19163037 0.19150205 0.19137456 0.1912479 0.19112207 0.19099705 0.19087284
0.19911586 0.19893302 0.19875168 0.19857181 0.19839339 0.1982164 0.19804082 0.19786664 0.19769383 0.19752237 0.19735225 0.19718344 0.19701594 0.19684972 0.19668476 0.19652106 0.19635859 0.19619733 0.19603728 0.19587842 0.19572074 0.19556421 0.19540883 0.19525458 0.19510144 0.19494942 0.19479848 0.19464862 0.19449984 0.1943521 0.19420541 0.19405975 0.19391511 0.19377148 0.19362884 0.1934872 0.19334652 0.19320682 0.19306807 0.19293026 0.19279339 0.19265744 0.19252241 0.19238828 0.19225506 0.19212272 0.19199125 0.19186066 0.19173093 0.19160206 0.19147402 0.19134682 0.19122045 0.1910949 0.19097016 0.19084623
0.19907133 0.19888879 0.19870776 0.1985282 0.1983501 0.19817343 0.19799817 0.19782431 0.19765182 0.19748069 0.19731089 0.19714241 0.19697524 0.19680935 0.19664472 0.19648135 0.19631921 0.19615829 0.19599857 0.19584004 0.19568269 0.19552649 0.19537144 0.19521752 0.19506472 0.19491302 0.19476242 0.19461289 0.19446443 0.19431702 0.19417066 0.19402532 0.193881 0.19373769 0.19359538 0.19345405 0.1933137 0.19317431 0.19303587 0.19289838 0.19276182 0.19262618 0.19249146 0.19235764 0.19222471 0.19209267 0.19196151 0.19183122 0.19170179 0.1915732 0.19144546 0.19131856 0.19119248 0.19106721 0.19094276 0.19081911
0.19902609 0.19884387 0.19866315 0.1984839 0.19830612 0.19812977 0.19795484 0.1977813 0.19760914 0.19743834 0.19726888 0.19710073 0.19693389 0.19676833 0.19660404 0.196441 0.1962792 0.19611861 0.19595923 0.19580104 0.19564402 0.19548816 0.19533344 0.19517986 0.19502739 0.19487603 0.19472575 0.19457656 0.19442843 0.19428135 0.19413531 0.1939903 0.19384631 0.19370333 0.19356134 0.19342033 0.1932803 0.19314123 0.19300311 0.19286593 0.19272968 0.19259436 0.19245995 0.19232644 0.19219382 0.19206209 0.19193123 0.19180124 0.1916721 0.19154382 0.19141637 0.19128976 0.19116397 0.191039 0.19091483 0.19079146
0.19898014 0.19879823 0.19861783 0.19843891 0.19826145 0.19808543 0.19791083 0.19773762 0.19756579 0.19739533 0.1972262 0.19705839 0.19689188 0.19672666 0.19656271 0.19640001 0.19623855 0.1960783 0.19591926 0.1957614 0.19560472 0.1954492 0.19529483 0.19514158 0.19498945 0.19483842 0.19468848 0.19453962 0.19439183 0.19424508 0.19409938 0.1939547 0.19381104 0.19366838 0.19352672 0.19338604 0.19324633 0.19310758 0.19296978 0.19283292 0.19269699 0.19256198 0.19242788 0.19229468 0.19216238 0.19203095 0.1919004 0.19177071 0.19164188 0.1915139 0.19138675 0.19126043 0.19113494 0.19101026 0.19088638 0.1907633
0.19893347 0.19875188 0.19857181 0.19839322 0.19821609 0.1980404 0.19786613 0.19769326 0.19752177 0.19735164 0.19718285 0.19701538 0.19684921 0.19668434 0.19652073 0.19635837 0.19619725 0.19603735 0.19587865 0.19572114 0.1955648 0.19540962 0.19525559 0.19510268 0.19495089 0.19480021 0.19465061 0.19450208 0.19435463 0.19420822 0.19406285 0.1939185 0.19377518 0.19363285 0.19349152 0.19335116 0.19321178 0.19307336 0.19293588 0.19279934 0.19266374 0.19252904 0.19239526 0.19226238 0.19213039 0.19199927 0.19186903 0.19173965 0.19161112 0.19148344 0.1913566 0.19123058 0.19110538 0.19098099 0.19085741 0.19073462
0.19888607 0.19870481 0.19852507 0.19834681 0.19817001 0.19799466 0.19782073 0.1976482 0.19747705 0.19730727 0.19713882 0.1969717 0.19680588 0.19664135 0.19647809 0.19631608 0.1961553 0.19599575 0.1958374 0.19568024 0.19552425 0.19536941 0.19521573 0.19506317 0.19491172 0.19476138 0.19461212 0.19446394 0.19431682 0.19417076 0.19402572 0.19388172 0.19373873 0.19359673 0.19345573 0.19331571 0.19317666 0.19303857 0.19290142 0.1927652 0.19262992 0.19249555 0.19236209 0.19222952 0.19209785 0.19196705 0.19183712 0.19170805 0.19157983 0.19145245 0.19132591 0.1912002 0.1910753 0.19095121 0.19082792 0.19070543
0.19883793 0.19865701 0.1984776 0.19829968 0.19812323 0.19794822 0.19777463 0.19760245 0.19743165 0.19726221 0.19709412 0.19692734 0.19676188 0.1965977 0.19643479 0.19627313 0.19611271 0.19595351 0.19579551 0.1956387 0.19548306 0.19532858 0.19517524 0.19502303 0.19487193 0.19472193 0.19457303 0.19442519 0.19427842 0.19413269 0.19398801 0.19384434 0.19370169 0.19356003 0.19341937 0.19327969 0.19314097 0.1930032 0.19286638 0.1927305 0.19259554 0.1924615 0.19232836 0.19219612 0.19206476 0.19193428 0.19180466 0.1916759 0.191548 0.19142093 0.1912947 0.19116929 0.19104469 0.1909209 0.19079791 0.19067571
0.19878904 0.19860846 0.1984294 0.19825182 0.19807572 0.19790106 0.19772783 0.197556 0.19738555 0.19721646 0.19704872 0.19688231 0.1967172 0.19655337 0.19639082 0.19622952 0.19606945 0.19591061 0.19575297 0.19559651 0.19544123 0.1952871 0.19513412 0.19498226 0.19483152 0.19468188 0.19453332 0.19438583 0.19423941 0.19409403 0.19394969 0.19380637 0.19366406 0.19352275 0.19338242 0.19324308 0.1931047 0.19296727 0.19283078 0.19269523 0.1925606 0.19242689 0.19229408 0.19216216 0.19203112 0.19190096 0.19177166 0.19164322 0.19151563 0.19138888 0.19126295 0.19113785 0.19101356 0.19089007 0.19076739 0.19064549
0.1987394 0.19855917 0.19838045 0.19820323 0.19802748 0.19785318 0.1976803 0.19750883 0.19733874 0.19717002 0.19700264 0.19683658 0.19667183 0.19650837 0.19634618 0.19618524 0.19602554 0.19586706 0.19570978 0.19555368 0.19539876 0.19524499 0.19509237 0.19494087 0.19479048 0.1946412 0.194493 0.19434586 0.19419979 0.19405477 0.19391077 0.1937678 0.19362584 0.19348487 0.1933449 0.19320589 0.19306785 0.19293076 0.19279461 0.1926594 0.1925251 0.19239172 0.19225923 0.19212764 0.19199693 0.1918671 0.19173812 0.19161 0.19148273 0.19135629 0.19123068 0.19110588 0.1909819 0.19085873 0.19073634 0.19061475
0.19868899 0.19850912 0.19833076 0.1981539 0.19797851 0.19780457 0.19763206 0.19746095 0.19729123 0.19712287 0.19695586 0.19679017 0.19662579 0.1964627 0.19630087 0.1961403 0.19598097 0.19582285 0.19566593 0.19551021 0.19535565 0.19520225 0.19504999 0.19489885 0.19474883 0.1945999 0.19445206 0.19430528 0.19415957 0.1940149 0.19387126 0.19372864 0.19358703 0.19344641 0.19330678 0.19316812 0.19303043 0.19289368 0.19275787 0.192623 0.19248904 0.19235599 0.19222384 0.19209258 0.1919622 0.19183269 0.19170404 0.19157624 0.19144929 0.19132317 0.19119787 0.19107339 0.19094973 0.19082686 0.19070478 0.19058349
0.19863781 0.1984583 0.19828031 0.19810382 0.1979288 0.19775523 0.19758309 0.19741235 0.197243 0.19707502 0.19690838 0.19674306 0.19657905 0.19641633 0.19625488 0.19609469 0.19593572 0.19577798 0.19562144 0.19546608 0.19531189 0.19515886 0.19500696 0.1948562 0.19470654 0.19455798 0.1944105 0.19426409 0.19411873 0.19397442 0.19383114 0.19368888 0.19354762 0.19340736 0.19326808 0.19312977 0.19299243 0.19285603 0.19272056 0.19258603 0.19245241 0.1923197 0.19218789 0.19205696 0.19192691 0.19179773 0.19166941 0.19154194 0.19141531 0.19128951 0.19116454 0.19104038 0.19091703 0.19079447 0.19067271 0.19055173
0.19858585 0.19840671 0.1982291 0.19805298 0.19787834 0.19770514 0.19753338 0.19736302 0.19719405 0.19702645 0.19686019 0.19669525 0.19653162 0.19636928 0.19620821 0.19604839 0.19588981 0.19573244 0.19557628 0.19542129 0.19526748 0.19511482 0.19496331 0.19481291 0.19466362 0.19451543 0.19436832 0.19422228 0.19407729 0.19393334 0.19379042 0.19364852 0.19350763 0.19336772 0.1932288 0.19309084 0.19295385 0.1928178 0.19268268 0.1925485 0.19241522 0.19228286 0.19215138 0.19202079 0.19189108 0.19176224 0.19163425 0.19150711 0.1913808 0.19125533 0.19113068 0.19100684 0.19088381 0.19076157 0.19064012 0.19051945
0.1985331 0.19835434 0.19817711 0.19800138 0.19782712 0.19765431 0.19748293 0.19731296 0.19714438 0.19697716 0.19681128 0.19664674 0.19648349 0.19632154 0.19616085 0.19600142 0.19584322 0.19568624 0.19553045 0.19537585 0.19522242 0.19507015 0.194919 0.19476899 0.19462007 0.19447226 0.19432552 0.19417985 0.19403523 0.19389165 0.1937491 0.19360757 0.19346703 0.19332749 0.19318893 0.19305133 0.19291469 0.19277899 0.19264423 0.1925104 0.19237747 0.19224545 0.19211432 0.19198407 0.1918547 0.19172619 0.19159854 0.19147173 0.19134576 0.19122062 0.19109629 0.19097278 0.19085006 0.19072814 0.19060701 0.19048666
0.19847955 0.19830119 0.19812435 0.19794901 0.19777514 0.19760272 0.19743174 0.19726216 0.19709397 0.19692715 0.19676167 0.19659751 0.19643466 0.1962731 0.19611281 0.19595376 0.19579595 0.19563936 0.19548397 0.19532975 0.19517671 0.19502482 0.19487406 0.19472442 0.19457589 0.19442846 0.1942821 0.1941368 0.19399256 0.19384936 0.19370718 0.19356601 0.19342585 0.19328667 0.19314847 0.19301123 0.19287495 0.19273962 0.19260521 0.19247173 0.19233916 0.19220748 0.1920767 0.1919468 0.19181777 0.19168961 0.19156229 0.19143582 0.19131018 0.19118537 0.19106138 0.19093819 0.1908158 0.19069421 0.19057339 0.19045336
0.1984252 0.19824724 0.1980708 0.19789586 0.19772239 0.19755038 0.1973798 0.19721062 0.19704283 0.19687641 0.19671133 0.19654757 0.19638512 0.19622396 0.19606407 0.19590542 0.19574801 0.19559181 0.19543681 0.19528299 0.19513034 0.19497884 0.19482847 0.19467922 0.19453108 0.19438403 0.19423805 0.19409314 0.19394927 0.19380645 0.19366464 0.19352385 0.19338406 0.19324525 0.19310742 0.19297056 0.19283464 0.19269967 0.19256562 0.1924325 0.19230028 0.19216896 0.19203853 0.19190898 0.1917803 0.19165248 0.1915255 0.19139937 0.19127407 0.1911496 0.19102593 0.19090308 0.19078102 0.19065975 0.19053926 0.19041955
0.19837004 0.19819249 0.19801646 0.19784193 0.19766887 0.19749727 0.1973271 0.19715833 0.19699095 0.19682494 0.19666027 0.19649692 0.19633488 0.19617412 0.19601463 0.19585639 0.19569938 0.19554358 0.19538898 0.19523556 0.19508331 0.1949322 0.19478223 0.19463338 0.19448563 0.19433896 0.19419338 0.19404885 0.19390537 0.19376293 0.19362151 0.19348109 0.19334168 0.19320325 0.19306579 0.19292929 0.19279375 0.19265914 0.19252546 0.19239269 0.19226084 0.19212988 0.1919998 0.19187061 0.19174228 0.1916148 0.19148818 0.19136239 0.19123743 0.19111329 0.19098997 0.19086745 0.19074572 0.19062478 0.19050462 0.19038523
0.19831406 0.19813693 0.19796132 0.19778721 0.19761457 0.19744339 0.19727364 0.19710529 0.19693833 0.19677273 0.19660847 0.19644554 0.19628391 0.19612357 0.19596449 0.19580666 0.19565006 0.19549468 0.19534048 0.19518747 0.19503562 0.19488492 0.19473534 0.19458689 0.19443953 0.19429327 0.19414807 0.19400394 0.19386085 0.1937188 0.19357776 0.19343773 0.1932987 0.19316065 0.19302357 0.19288745 0.19275227 0.19261804 0.19248472 0.19235233 0.19222084 0.19209024 0.19196052 0.19183168 0.19170371 0.19157659 0.19145031 0.19132487 0.19120026 0.19107646 0.19095348 0.19083129 0.1907099 0.19058929 0.19046946 0.1903504
0.19825726 0.19808056 0.19790538 0.1977317 0.19755949 0.19738874 0.19721941 0.19705149 0.19688495 0.19671978 0.19655595 0.19639344 0.19623223 0.19607231 0.19591365 0.19575624 0.19560006 0.19544509 0.19529131 0.19513871 0.19498727 0.19483697 0.19468781 0.19453975 0.1943928 0.19424694 0.19410214 0.19395841 0.19381571 0.19367405 0.19353341 0.19339377 0.19325512 0.19311745 0.19298076 0.19284501 0.19271022 0.19257636 0.19244342 0.19231139 0.19218027 0.19205004 0.19192069 0.19179221 0.19166459 0.19153783 0.1914119 0.19128681 0.19116255 0.1910391 0.19091646 0.19079462 0.19067357 0.1905533 0.1904338 0.19031507
0.19819963 0.19802337 0.19784863 0.19767539 0.19750362 0.1973333 0.19716441 0.19699693 0.19683083 0.19666609 0.19650269 0.19634061 0.19617983 0.19602034 0.19586211 0.19570512 0.19554936 0.19539481 0.19524145 0.19508927 0.19493825 0.19478837 0.19463961 0.19449197 0.19434543 0.19419997 0.19405558 0.19391225 0.19376996 0.19362869 0.19348845 0.1933492 0.19321094 0.19307367 0.19293736 0.192802 0.19266759 0.1925341 0.19240154 0.19226989 0.19213914 0.19200928 0.1918803 0.19175218 0.19162493 0.19149852 0.19137296 0.19124823 0.19112432 0.19100122 0.19087892 0.19075743 0.19063672 0.19051679 0.19039763 0.19027923
0.19814116 0.19796535 0.19779106 0.19761827 0.19744695 0.19727708 0.19710864 0.1969416 0.19677594 0.19661164 0.19644869 0.19628705 0.19612671 0.19596765 0.19580985 0.1956533 0.19549797 0.19534385 0.19519092 0.19503916 0.19488856 0.1947391 0.19459077 0.19444355 0.19429742 0.19415237 0.19400839 0.19386547 0.19372358 0.19358272 0.19344287 0.19330403 0.19316617 0.19302929 0.19289337 0.1927584 0.19262437 0.19249128 0.1923591 0.19222783 0.19209745 0.19196796 0.19183935 0.19171161 0.19158472 0.19145868 0.19133348 0.1912091 0.19108555 0.19096281 0.19084086 0.19071971 0.19059935 0.19047976 0.19036094 0.19024289
0.19808186 0.19790651 0.19773268 0.19756035 0.19738949 0.19722007 0.19705209 0.1968855 0.1967203 0.19655645 0.19639394 0.19623275 0.19607286 0.19591424 0.19575689 0.19560078 0.19544588 0.1952922 0.1951397 0.19498838 0.19483821 0.19468917 0.19454127 0.19439447 0.19424876 0.19410413 0.19396057 0.19381806 0.19367658 0.19353613 0.19339669 0.19325825 0.19312079 0.19298431 0.19284879 0.19271421 0.19258058 0.19244787 0.19231608 0.19218519 0.1920552 0.19192609 0.19179786 0.19167048 0.19154397 0.1914183 0.19129346 0.19116945 0.19104625 0.19092387 0.19080228 0.19068148 0.19056147 0.19044223 0.19032376 0.19020604
0.19802171 0.19784683 0.19767347 0.19750161 0.19733122 0.19716227 0.19699475 0.19682863 0.19666389 0.1965005 0.19633845 0.19617772 0.19601828 0.19586012 0.19570321 0.19554755 0.1953931 0.19523986 0.1950878 0.19493692 0.19478718 0.19463858 0.19449111 0.19434474 0.19419946 0.19405526 0.19391212 0.19377002 0.19362897 0.19348893 0.1933499 0.19321187 0.19307482 0.19293874 0.19280362 0.19266944 0.19253621 0.19240389 0.19227249 0.19214199 0.19201239 0.19188366 0.19175581 0.19162881 0.19150267 0.19137737 0.1912529 0.19112926 0.19100643 0.19088441 0.19076318 0.19064274 0.19052308 0.19040419 0.19028606 0.19016869
0.1979607 0.19778631 0.19761344 0.19744206 0.19727215 0.19710368 0.19693663 0.19677098 0.19660671 0.1964438 0.19628221 0.19612194 0.19596297 0.19580527 0.19564882 0.19549361 0.19533962 0.19518682 0.19503522 0.19488478 0.19473549 0.19458733 0.19444029 0.19429436 0.19414951 0.19400574 0.19386303 0.19372136 0.19358073 0.19344111 0.1933025 0.19316488 0.19302824 0.19289257 0.19275786 0.19262409 0.19249125 0.19235934 0.19222833 0.19209823 0.19196901 0.19184067 0.1917132 0.19158659 0.19146083 0.19133591 0.19121181 0.19108854 0.19096608 0.19084442 0.19072356 0.19060348 0.19048417 0.19036564 0.19024786 0.19013084
