Cobbity2/QGIS/Ave6Ave22.asc
NCOLS 399
NROWS 219
XLLCORNER 150.661
YLLCORNER -34.0267
CELLSIZE 1e-05
NODATA_VALUE -9999
[rows 0 to 25 of 219, columns 300 to 359 of 399]
6.7466573 6.7465782 6.7465001 6.7464229 6.7463467 6.7462714 6.7461969 6.7461234 6.7460507 6.7459789 6.7459079 6.7458378 6.7457684 6.7456999 6.7456322 6.7455652 6.745499 6.7454335 6.7453688 6.7453049 6.7452416 6.7451791 6.7451172 6.7450561 6.7449956 6.7449358 6.7448766 6.7448181 6.7447602 6.744703 6.7446464 6.7445904 6.744535 6.7444802 6.7444259 6.7443723 6.7443192 6.7442667 6.7442147 6.7441633 6.7441124 6.7440621 6.7440122 6.7439629 6.7439141 6.7438658 6.743818 6.7437707 6.7437239 6.7436776 6.7436317 6.7435863 6.7435413 6.7434968 6.7434528 6.7434091 6.743366 6.7433232 6.7432809 6.743239
6.7466266 6.7465474 6.7464692 6.7463919 6.7463156 6.7462402 6.7461657 6.7460921 6.7460194 6.7459475 6.7458765 6.7458063 6.7457369 6.7456684 6.7456006 6.7455336 6.7454674 6.745402 6.7453373 6.7452733 6.7452101 6.7451475 6.7450857 6.7450245 6.7449641 6.7449043 6.7448451 6.7447867 6.7447288 6.7446716 6.744615 6.7445591 6.7445037 6.7444489 6.7443947 6.7443411 6.7442881 6.7442356 6.7441837 6.7441324 6.7440815 6.7440313 6.7439815 6.7439322 6.7438835 6.7438353 6.7437875 6.7437403 6.7436935 6.7436473 6.7436015 6.7435561 6.7435112 6.7434668 6.7434228 6.7433793 6.7433362 6.7432935 6.7432513 6.7432095
6.746595 6.7465157 6.7464374 6.7463601 6.7462837 6.7462082 6.7461337 6.74606 6.7459873 6.7459153 6.7458443 6.7457741 6.7457047 6.7456361 6.7455684 6.7455014 6.7454352 6.7453697 6.745305 6.745241 6.7451778 6.7451153 6.7450535 6.7449923 6.7449319 6.7448721 6.744813 6.7447546 6.7446968 6.7446396 6.7445831 6.7445272 6.7444718 6.7444171 6.744363 6.7443094 6.7442565 6.7442041 6.7441522 6.7441009 6.7440502 6.7439999 6.7439502 6.7439011 6.7438524 6.7438042 6.7437566 6.7437094 6.7436627 6.7436165 6.7435708 6.7435255 6.7434807 6.7434364 6.7433925 6.743349 6.743306 6.7432634 6.7432213 6.7431795
6.7465624 6.7464831 6.7464047 6.7463273 6.7462509 6.7461754 6.7461008 6.7460271 6.7459543 6.7458824 6.7458113 6.7457411 6.7456717 6.7456031 6.7455353 6.7454683 6.7454021 6.7453367 6.745272 6.7452081 6.7451449 6.7450824 6.7450206 6.7449595 6.7448991 6.7448394 6.7447803 6.7447219 6.7446642 6.744607 6.7445505 6.7444947 6.7444394 6.7443848 6.7443307 6.7442772 6.7442243 6.7441719 6.7441202 6.7440689 6.7440182 6.7439681 6.7439185 6.7438694 6.7438208 6.7437727 6.7437251 6.743678 6.7436314 6.7435853 6.7435397 6.7434945 6.7434498 6.7434055 6.7433617 6.7433183 6.7432754 6.7432329 6.7431908 6.7431492
6.7465289 6.7464495 6.7463711 6.7462937 6.7462172 6.7461416 6.746067 6.7459933 6.7459205 6.7458486 6.7457775 6.7457073 6.7456379 6.7455693 6.7455015 6.7454346 6.7453684 6.745303 6.7452383 6.7451744 6.7451112 6.7450488 6.744987 6.744926 6.7448656 6.744806 6.7447469 6.7446886 6.7446309 6.7445738 6.7445174 6.7444616 6.7444064 6.7443518 6.7442978 6.7442444 6.7441916 6.7441393 6.7440876 6.7440364 6.7439858 6.7439357 6.7438862 6.7438372 6.7437887 6.7437407 6.7436932 6.7436462 6.7435997 6.7435536 6.7435081 6.743463 6.7434184 6.7433742 6.7433305 6.7432872 6.7432444 6.743202 6.74316 6.7431184
6.7464944 6.746415 6.7463366 6.7462591 6.7461826 6.746107 6.7460324 6.7459587 6.7458859 6.7458139 6.7457429 6.7456727 6.7456033 6.7455347 6.745467 6.7454001 6.7453339 6.7452685 6.7452039 6.74514 6.7450769 6.7450145 6.7449528 6.7448918 6.7448315 6.7447719 6.7447129 6.7446547 6.744597 6.74454 6.7444837 6.7444279 6.7443728 6.7443183 6.7442644 6.744211 6.7441583 6.7441061 6.7440545 6.7440034 6.7439529 6.7439029 6.7438534 6.7438045 6.7437561 6.7437082 6.7436608 6.7436139 6.7435674 6.7435215 6.743476 6.743431 6.7433865 6.7433425 6.7432988 6.7432557 6.7432129 6.7431706 6.7431287 6.7430873
6.746459 6.7463796 6.7463011 6.7462236 6.7461471 6.7460715 6.7459969 6.7459232 6.7458504 6.7457785 6.7457074 6.7456372 6.7455679 6.7454994 6.7454317 6.7453648 6.7452987 6.7452333 6.7451688 6.745105 6.7450419 6.7449795 6.7449179 6.744857 6.7447967 6.7447372 6.7446783 6.7446201 6.7445625 6.7445056 6.7444493 6.7443937 6.7443386 6.7442842 6.7442304 6.7441771 6.7441244 6.7440723 6.7440208 6.7439698 6.7439194 6.7438695 6.7438201 6.7437713 6.743723 6.7436752 6.7436279 6.7435811 6.7435347 6.7434889 6.7434435 6.7433987 6.7433542 6.7433103 6.7432667 6.7432237 6.743181 6.7431388 6.7430971 6.7430557
6.7464226 6.7463432 6.7462647 6.7461872 6.7461107 6.7460352 6.7459605 6.7458869 6.7458141 6.7457422 6.7456712 6.745601 6.7455317 6.7454633 6.7453956 6.7453288 6.7452627 6.7451974 6.7451329 6.7450692 6.7450062 6.7449439 6.7448823 6.7448215 6.7447613 6.7447018 6.744643 6.7445849 6.7445274 6.7444706 6.7444144 6.7443588 6.7443039 6.7442495 6.7441958 6.7441426 6.74409 6.744038 6.7439866 6.7439357 6.7438854 6.7438356 6.7437863 6.7437376 6.7436894 6.7436417 6.7435945 6.7435478 6.7435016 6.7434558 6.7434106 6.7433658 6.7433215 6.7432776 6.7432342 6.7431913 6.7431487 6.7431067 6.743065 6.7430238
6.7463853 6.7463058 6.7462273 6.7461499 6.7460734 6.7459979 6.7459233 6.7458497 6.7457769 6.7457051 6.7456341 6.745564 6.7454948 6.7454263 6.7453588 6.745292 6.745226 6.7451608 6.7450963 6.7450327 6.7449697 6.7449075 6.744846 6.7447853 6.7447252 6.7446658 6.7446071 6.7445491 6.7444917 6.7444349 6.7443788 6.7443234 6.7442685 6.7442143 6.7441606 6.7441076 6.7440551 6.7440032 6.7439519 6.7439011 6.7438508 6.7438012 6.743752 6.7437034 6.7436553 6.7436077 6.7435606 6.743514 6.7434679 6.7434223 6.7433772 6.7433325 6.7432883 6.7432445 6.7432013 6.7431584 6.743116 6.743074 6.7430325 6.7429914
6.7463469 6.7462675 6.7461891 6.7461116 6.7460352 6.7459597 6.7458852 6.7458116 6.7457389 6.7456671 6.7455962 6.7455262 6.745457 6.7453886 6.7453211 6.7452544 6.7451885 6.7451234 6.745059 6.7449954 6.7449326 6.7448705 6.7448091 6.7447484 6.7446884 6.7446291 6.7445705 6.7445126 6.7444553 6.7443987 6.7443427 6.7442873 6.7442326 6.7441784 6.7441249 6.7440719 6.7440196 6.7439678 6.7439166 6.7438659 6.7438158 6.7437662 6.7437172 6.7436687 6.7436207 6.7435732 6.7435262 6.7434798 6.7434338 6.7433883 6.7433433 6.7432987 6.7432546 6.743211 6.7431679 6.7431251 6.7430829 6.743041 6.7429996 6.7429586
6.7463076 6.7462282 6.7461498 6.7460724 6.745996 6.7459206 6.7458462 6.7457726 6.7457 6.7456283 6.7455575 6.7454875 6.7454184 6.7453502 6.7452827 6.7452161 6.7451503 6.7450853 6.745021 6.7449575 6.7448947 6.7448327 6.7447714 6.7447109 6.744651 6.7445918 6.7445333 6.7444755 6.7444183 6.7443618 6.7443059 6.7442507 6.744196 6.744142 6.7440886 6.7440357 6.7439835 6.7439318 6.7438807 6.7438302 6.7437802 6.7437308 6.7436818 6.7436335 6.7435856 6.7435382 6.7434914 6.743445 6.7433992 6.7433538 6.7433089 6.7432645 6.7432206 6.7431771 6.743134 6.7430914 6.7430493 6.7430075 6.7429663 6.7429254
6.7462673 6.7461879 6.7461096 6.7460323 6.745956 6.7458806 6.7458062 6.7457328 6.7456603 6.7455886 6.7455179 6.745448 6.745379 6.7453109 6.7452435 6.745177 6.7451113 6.7450464 6.7449822 6.7449188 6.7448562 6.7447943 6.7447331 6.7446727 6.7446129 6.7445538 6.7444954 6.7444377 6.7443807 6.7443243 6.7442685 6.7442134 6.7441589 6.744105 6.7440517 6.743999 6.7439469 6.7438953 6.7438444 6.7437939 6.7437441 6.7436948 6.743646 6.7435977 6.74355 6.7435028 6.7434561 6.7434098 6.7433641 6.7433189 6.7432741 6.7432298 6.743186 6.7431427 6.7430997 6.7430573 6.7430153 6.7429737 6.7429325 6.7428918
6.746226 6.7461467 6.7460684 6.7459912 6.745915 6.7458397 6.7457654 6.7456921 6.7456196 6.7455481 6.7454775 6.7454077 6.7453388 6.7452708 6.7452036 6.7451372 6.7450716 6.7450067 6.7449427 6.7448794 6.7448169 6.7447551 6.7446941 6.7446338 6.7445741 6.7445152 6.7444569 6.7443993 6.7443424 6.7442862 6.7442305 6.7441755 6.7441212 6.7440674 6.7440142 6.7439617 6.7439097 6.7438583 6.7438074 6.7437572 6.7437074 6.7436583 6.7436096 6.7435615 6.7435139 6.7434668 6.7434202 6.7433742 6.7433286 6.7432835 6.7432389 6.7431947 6.743151 6.7431078 6.743065 6.7430227 6.7429808 6.7429394 6.7428984 6.7428578
6.7461836 6.7461045 6.7460263 6.7459492 6.7458731 6.7457979 6.7457237 6.7456505 6.7455782 6.7455068 6.7454362 6.7453666 6.7452978 6.7452299 6.7451628 6.7450965 6.745031 6.7449664 6.7449025 6.7448393 6.7447769 6.7447153 6.7446544 6.7445942 6.7445347 6.7444759 6.7444178 6.7443603 6.7443035 6.7442474 6.7441919 6.7441371 6.7440828 6.7440292 6.7439762 6.7439238 6.7438719 6.7438207 6.74377 6.7437198 6.7436703 6.7436212 6.7435727 6.7435247 6.7434773 6.7434304 6.7433839 6.743338 6.7432926 6.7432476 6.7432031 6.7431591 6.7431156 6.7430725 6.7430299 6.7429877 6.742946 6.7429047 6.7428638 6.7428233
6.7461403 6.7460612 6.7459832 6.7459062 6.7458302 6.7457552 6.7456811 6.745608 6.7455358 6.7454645 6.7453941 6.7453246 6.745256 6.7451882 6.7451212 6.7450551 6.7449898 6.7449252 6.7448615 6.7447985 6.7447362 6.7446747 6.744614 6.7445539 6.7444946 6.7444359 6.7443779 6.7443206 6.744264 6.744208 6.7441527 6.744098 6.7440439 6.7439904 6.7439376 6.7438853 6.7438336 6.7437825 6.743732 6.743682 6.7436325 6.7435837 6.7435353 6.7434875 6.7434402 6.7433934 6.7433471 6.7433013 6.7432561 6.7432113 6.7431669 6.7431231 6.7430797 6.7430368 6.7429943 6.7429523 6.7429107 6.7428695 6.7428288 6.7427885
6.746096 6.746017 6.7459392 6.7458623 6.7457864 6.7457115 6.7456376 6.7455646 6.7454926 6.7454214 6.7453512 6.7452818 6.7452134 6.7451457 6.7450789 6.7450129 6.7449477 6.7448833 6.7448197 6.7447569 6.7446948 6.7446335 6.7445729 6.744513 6.7444538 6.7443953 6.7443375 6.7442803 6.7442239 6.744168 6.7441129 6.7440583 6.7440044 6.7439511 6.7438984 6.7438462 6.7437947 6.7437438 6.7436934 6.7436436 6.7435943 6.7435456 6.7434974 6.7434497 6.7434026 6.743356 6.7433098 6.7432642 6.7432191 6.7431744 6.7431303 6.7430866 6.7430433 6.7430006 6.7429583 6.7429164 6.742875 6.742834 6.7427934 6.7427532
6.7460506 6.7459718 6.7458941 6.7458174 6.7457417 6.7456669 6.7455932 6.7455204 6.7454485 6.7453775 6.7453074 6.7452382 6.7451699 6.7451024 6.7450358 6.7449699 6.7449049 6.7448407 6.7447773 6.7447146 6.7446527 6.7445915 6.7445311 6.7444713 6.7444123 6.744354 6.7442963 6.7442394 6.7441831 6.7441274 6.7440724 6.744018 6.7439643 6.7439111 6.7438586 6.7438066 6.7437553 6.7437045 6.7436543 6.7436046 6.7435555 6.743507 6.7434589 6.7434114 6.7433645 6.743318 6.7432721 6.7432266 6.7431816 6.7431372 6.7430932 6.7430496 6.7430066 6.7429639 6.7429218 6.7428801 6.7428388 6.742798 6.7427576 6.7427176
6.7460043 6.7459257 6.7458481 6.7457715 6.745696 6.7456214 6.7455478 6.7454752 6.7454035 6.7453327 6.7452628 6.7451938 6.7451256 6.7450583 6.7449918 6.7449262 6.7448614 6.7447973 6.7447341 6.7446716 6.7446098 6.7445488 6.7444886 6.744429 6.7443702 6.744312 6.7442545 6.7441978 6.7441416 6.7440862 6.7440313 6.7439771 6.7439235 6.7438706 6.7438182 6.7437664 6.7437153 6.7436647 6.7436146 6.7435651 6.7435162 6.7434678 6.74342 6.7433727 6.7433259 6.7432796 6.7432338 6.7431885 6.7431437 6.7430994 6.7430556 6.7430122 6.7429693 6.7429269 6.7428849 6.7428433 6.7428022 6.7427616 6.7427213 6.7426815
6.7459569 6.7458785 6.7458011 6.7457247 6.7456494 6.745575 6.7455016 6.7454291 6.7453576 6.745287 6.7452173 6.7451485 6.7450805 6.7450134 6.7449471 6.7448817 6.744817 6.7447532 6.7446901 6.7446278 6.7445662 6.7445054 6.7444454 6.744386 6.7443273 6.7442694 6.7442121 6.7441555 6.7440996 6.7440443 6.7439896 6.7439356 6.7438822 6.7438294 6.7437773 6.7437257 6.7436747 6.7436243 6.7435744 6.7435251 6.7434764 6.7434282 6.7433805 6.7433334 6.7432867 6.7432406 6.743195 6.7431499 6.7431053 6.7430612 6.7430175 6.7429743 6.7429316 6.7428894 6.7428475 6.7428062 6.7427652 6.7427247 6.7426847 6.742645
6.7459085 6.7458303 6.7457531 6.7456769 6.7456018 6.7455276 6.7454544 6.7453822 6.7453109 6.7452405 6.745171 6.7451023 6.7450346 6.7449677 6.7449016 6.7448363 6.7447719 6.7447083 6.7446454 6.7445833 6.7445219 6.7444613 6.7444015 6.7443423 6.7442838 6.7442261 6.744169 6.7441126 6.7440569 6.7440018 6.7439473 6.7438935 6.7438403 6.7437877 6.7437357 6.7436843 6.7436335 6.7435833 6.7435337 6.7434845 6.743436 6.743388 6.7433405 6.7432936 6.7432471 6.7432012 6.7431558 6.7431109 6.7430664 6.7430225 6.742979 6.742936 6.7428935 6.7428514 6.7428098 6.7427686 6.7427278 6.7426875 6.7426476 6.7426081
6.7458591 6.7457811 6.7457041 6.7456282 6.7455533 6.7454793 6.7454064 6.7453343 6.7452632 6.7451931 6.7451238 6.7450554 6.7449878 6.7449211 6.7448553 6.7447903 6.744726 6.7446626 6.7445999 6.7445381 6.7444769 6.7444165 6.7443569 6.7442979 6.7442397 6.7441821 6.7441253 6.7440691 6.7440135 6.7439586 6.7439044 6.7438508 6.7437978 6.7437454 6.7436936 6.7436424 6.7435918 6.7435418 6.7434923 6.7434434 6.7433951 6.7433473 6.7433 6.7432532 6.743207 6.7431613 6.7431161 6.7430713 6.7430271 6.7429833 6.74294 6.7428972 6.7428549 6.742813 6.7427715 6.7427305 6.74269 6.7426498 6.7426101 6.7425708
6.7458086 6.7457309 6.7456542 6.7455785 6.7455038 6.7454301 6.7453574 6.7452856 6.7452147 6.7451448 6.7450757 6.7450076 6.7449403 6.7448738 6.7448082 6.7447434 6.7446794 6.7446162 6.7445537 6.7444921 6.7444312 6.744371 6.7443116 6.7442528 6.7441948 6.7441375 6.7440808 6.7440249 6.7439696 6.7439149 6.7438609 6.7438075 6.7437547 6.7437025 6.7436509 6.7436 6.7435496 6.7434998 6.7434505 6.7434018 6.7433537 6.743306 6.743259 6.7432124 6.7431664 6.7431209 6.7430758 6.7430313 6.7429873 6.7429437 6.7429006 6.742858 6.7428158 6.7427741 6.7427329 6.7426921 6.7426517 6.7426117 6.7425722 6.7425331
6.7457572 6.7456797 6.7456032 6.7455278 6.7454534 6.7453799 6.7453075 6.7452359 6.7451653 6.7450956 6.7450268 6.7449589 6.7448919 6.7448256 6.7447603 6.7446957 6.744632 6.744569 6.7445068 6.7444454 6.7443847 6.7443248 6.7442656 6.7442071 6.7441493 6.7440922 6.7440358 6.74398 6.7439249 6.7438705 6.7438167 6.7437635 6.743711 6.743659 6.7436077 6.7435569 6.7435067 6.7434571 6.7434081 6.7433596 6.7433117 6.7432643 6.7432174 6.7431711 6.7431253 6.7430799 6.7430351 6.7429908 6.742947 6.7429036 6.7428607 6.7428183 6.7427764 6.7427348 6.7426938 6.7426532 6.742613 6.7425732 6.7425339 6.742495
6.7457047 6.7456275 6.7455513 6.7454762 6.745402 6.7453288 6.7452566 6.7451854 6.745115 6.7450456 6.7449771 6.7449094 6.7448426 6.7447767 6.7447116 6.7446473 6.7445838 6.7445211 6.7444591 6.7443979 6.7443375 6.7442778 6.7442189 6.7441606 6.7441031 6.7440462 6.7439901 6.7439346 6.7438797 6.7438255 6.7437719 6.743719 6.7436667 6.7436149 6.7435638 6.7435133 6.7434634 6.743414 6.7433652 6.7433169 6.7432692 6.743222 6.7431754 6.7431292 6.7430836 6.7430385 6.7429939 6.7429498 6.7429062 6.742863 6.7428204 6.7427782 6.7427364 6.7426951 6.7426543 6.7426139 6.7425739 6.7425343 6.7424952 6.7424565
6.7456512 6.7455743 6.7454984 6.7454236 6.7453497 6.7452768 6.7452049 6.7451339 6.7450639 6.7449947 6.7449265 6.7448591 6.7447926 6.7447269 6.7446621 6.744598 6.7445348 6.7444724 6.7444107 6.7443498 6.7442896 6.7442302 6.7441715 6.7441135 6.7440562 6.7439996 6.7439437 6.7438884 6.7438338 6.7437799 6.7437265 6.7436738 6.7436218 6.7435703 6.7435194 6.7434691 6.7434194 6.7433703 6.7433217 6.7432736 6.7432262 6.7431792 6.7431328 6.7430869 6.7430415 6.7429966 6.7429522 6.7429084 6.7428649 6.742822 6.7427796 6.7427376 6.742696 6.7426549 6.7426143 6.7425741 6.7425343 6.742495 6.7424561 6.7424176
6.7455967 6.7455201 6.7454445 6.74537 6.7452964 6.7452239 6.7451523 6.7450816 6.7450118 6.744943 6.744875 6.744808 6.7447417 6.7446763 6.7446118 6.744548 6.7444851 6.7444229 6.7443615 6.7443009 6.744241 6.7441818 6.7441234 6.7440657 6.7440087 6.7439523 6.7438967 6.7438417 6.7437873 6.7437336 6.7436805 6.7436281 6.7435763 6.743525 6.7434744 6.7434244 6.7433749 6.743326 6.7432776 6.7432299 6.7431826 6.7431359 6.7430897 6.743044 6.7429989 6.7429542 6.7429101 6.7428664 6.7428232 6.7427805 6.7427383 6.7426965 6.7426552 6.7426143 6.7425739 6.7425339 6.7424944 6.7424552 6.7424165 6.7423782
