Cobbity2/QGIS/Ave6Ave22.asc
NCOLS 399
NROWS 219
XLLCORNER 150.661
YLLCORNER -34.0267
CELLSIZE 1e-05
NODATA_VALUE -9999
[rows 78 to 103 of 219, columns 60 to 119 of 399]
6.7514823 6.7516431 6.7518067 6.7519732 6.7521429 6.7523158 6.752492 6.7526717 6.752855 6.7530422 6.7532332 6.7534285 6.7536281 6.7538323 6.7540413 6.7542555 6.754475 6.7547002 6.7549315 6.7551693 6.7554139 6.7556659 6.7559257 6.756194 6.7564715 6.7567588 6.7570568 6.7573666 6.7576891 6.7580256 6.7583776 6.7587468 6.7591352 6.7595451 6.7599793 6.7604411 6.7609347 6.761465 6.762038 6.7626615 6.7633451 6.7641012 6.7649458 6.7659001 6.7669924 6.7682614 6.7697612 6.7715696 6.7738016 6.7766328 6.780347 6.7855434 6.7941736 6.807975 6.8027024 6.7868266 6.7784397 6.7756496 6.7771624 6.775524
6.7514522 6.7516149 6.7517805 6.7519493 6.7521213 6.7522966 6.7524755 6.7526581 6.7528445 6.7530349 6.7532295 6.7534285 6.7536322 6.7538408 6.7540546 6.7542738 6.7544988 6.75473 6.7549677 6.7552124 6.7554645 6.7557247 6.7559933 6.7562712 6.7565591 6.7568578 6.7571682 6.7574914 6.7578286 6.7581813 6.758551 6.7589396 6.7593493 6.7597827 6.760243 6.7607337 6.7612594 6.7618256 6.7624389 6.7631079 6.7638431 6.7646583 6.765571 6.7666046 6.7677901 6.7691699 6.7708031 6.7727745 6.775211 6.7783053 6.7823167 6.7873338 6.792427 6.7953169 6.7918114 6.783801 6.7781177 6.7779464 6.7873638 6.7882497
6.7514237 6.7515884 6.7517562 6.7519273 6.7521017 6.7522797 6.7524614 6.752647 6.7528366 6.7530305 6.7532289 6.7534319 6.7536399 6.7538531 6.7540719 6.7542965 6.7545273 6.7547647 6.7550092 6.7552612 6.7555213 6.7557899 6.7560679 6.7563559 6.7566548 6.7569654 6.7572889 6.7576263 6.757979 6.7583487 6.758737 6.759146 6.7595782 6.7600365 6.7605241 6.7610452 6.7616047 6.7622086 6.7628642 6.7635807 6.7643699 6.7652467 6.7662305 6.7673469 6.7686304 6.770128 6.7719053 6.7740574 6.7767301 6.7801775 6.7849201 6.7919525 6.8003611 6.7987931 6.7895558 6.782042 6.7772914 6.776731 6.7819673 6.7814013
6.7513968 6.7515636 6.7517336 6.7519071 6.7520842 6.752265 6.7524497 6.7526384 6.7528314 6.753029 6.7532312 6.7534385 6.753651 6.7538691 6.754093 6.7543233 6.7545602 6.7548042 6.7550557 6.7553154 6.7555837 6.7558614 6.7561491 6.7564477 6.7567581 6.7570813 6.7574183 6.7577707 6.7581397 6.7585272 6.758935 6.7593655 6.7598213 6.7603056 6.760822 6.7613749 6.7619698 6.7626131 6.7633128 6.7640791 6.7649246 6.7658656 6.7669235 6.7681267 6.7695134 6.7711367 6.7730715 6.775426 6.7783608 6.7821378 6.7873488 6.7960119 6.8111741 6.8081972 6.7910926 6.7815668 6.7763418 6.773877 6.7731398 6.7707751
6.7513713 6.7515403 6.7517128 6.7518888 6.7520686 6.7522523 6.7524401 6.7526322 6.7528287 6.7530301 6.7532364 6.7534481 6.7536653 6.7538884 6.7541179 6.754354 6.7545972 6.754848 6.7551069 6.7553746 6.7556516 6.7559386 6.7562365 6.7565462 6.7568686 6.7572048 6.7575561 6.757924 6.7583101 6.7587162 6.7591444 6.7595974 6.7600778 6.7605893 6.7611357 6.7617219 6.7623538 6.7630382 6.7637841 6.7646022 6.7655063 6.7665143 6.7676494 6.768943 6.7704379 6.7721948 6.7743013 6.7768883 6.7801495 6.7843349 6.7895861 6.7955858 6.8012401 6.7987217 6.7887577 6.7808712 6.7756868 6.7721937 6.7694645 6.766472
6.7513473 6.7515186 6.7516936 6.7518723 6.7520549 6.7522416 6.7524326 6.7526281 6.7528284 6.7530337 6.7532443 6.7534605 6.7536826 6.753911 6.7541461 6.7543883 6.7546381 6.754896 6.7551626 6.7554386 6.7557245 6.7560213 6.7563298 6.7566509 6.7569857 6.7573356 6.7577017 6.7580858 6.7584895 6.758915 6.7593645 6.7598408 6.760347 6.7608868 6.7614645 6.7620855 6.7627559 6.7634834 6.7642773 6.7651495 6.7661147 6.7671923 6.7684076 6.769795 6.7714023 6.7732982 6.7755857 6.7784291 6.7821115 6.7871443 6.7942165 6.80199 6.8021478 6.79474 6.7868564 6.7804806 6.7757547 6.7719929 6.7685649 6.7651554
6.7513246 6.7514984 6.7516759 6.7518574 6.7520429 6.7522328 6.7524271 6.7526262 6.7528304 6.7530398 6.7532548 6.7534757 6.7537028 6.7539367 6.7541776 6.7544261 6.7546827 6.754948 6.7552225 6.755507 6.7558022 6.756109 6.7564284 6.7567614 6.7571091 6.757473 6.7578545 6.7582553 6.7586774 6.759123 6.7595945 6.7600951 6.760628 6.7611972 6.7618076 6.7624647 6.7631753 6.7639477 6.7647918 6.7657204 6.7667494 6.7678995 6.7691982 6.7706827 6.7724054 6.7744425 6.7769102 6.779997 6.7840517 6.7898987 6.7999906 6.8181624 6.8185967 6.7984151 6.7872404 6.7811706 6.777151 6.7735171 6.7695088 6.7653645
6.7513031 6.7514795 6.7516597 6.751844 6.7520326 6.7522257 6.7524235 6.7526263 6.7528344 6.753048 6.7532676 6.7534933 6.7537257 6.7539652 6.7542121 6.7544671 6.7547307 6.7550035 6.7552861 6.7555795 6.7558842 6.7562014 6.756532 6.7568772 6.7572383 6.7576166 6.7580139 6.7584321 6.7588731 6.7593394 6.7598337 6.7603594 6.7609199 6.7615198 6.7621641 6.7628588 6.7636113 6.7644305 6.7653271 6.7663147 6.7674105 6.7686365 6.7700221 6.7716072 6.7734483 6.7756282 6.7782734 6.7815812 6.7858594 6.7916048 6.7999753 6.8125156 6.8123294 6.797085 6.7875442 6.7831242 6.7811074 6.778115 6.7726326 6.7667125
6.7512829 6.7514618 6.7516448 6.7518321 6.7520238 6.7522203 6.7524217 6.7526283 6.7528404 6.7530584 6.7532826 6.7535133 6.7537511 6.7539963 6.7542494 6.7545111 6.7547818 6.7550623 6.7553533 6.7556557 6.7559702 6.756298 6.7566401 6.7569979 6.7573726 6.7577658 6.7581794 6.7586153 6.7590758 6.7595635 6.7600814 6.7606329 6.7612221 6.7618536 6.762533 6.7632668 6.764063 6.764931 6.7658826 6.7669322 6.7680983 6.7694043 6.7708813 6.7725718 6.7745355 6.7768613 6.7796881 6.7832437 6.787889 6.7939742 6.800568 6.8035078 6.8002212 6.7931515 6.7877118 6.7867635 6.7906586 6.7898979 6.7788688 6.7688663
6.7512638 6.7514454 6.7516313 6.7518215 6.7520165 6.7522164 6.7524214 6.752632 6.7528483 6.7530707 6.7532997 6.7535355 6.7537787 6.7540298 6.7542893 6.7545577 6.7548358 6.7551242 6.7554237 6.7557353 6.7560598 6.7563984 6.7567523 6.7571229 6.7575115 6.75792 6.7583502 6.7588043 6.7592848 6.7597945 6.7603365 6.7609147 6.7615334 6.7621977 6.7629135 6.7636879 6.7645295 6.7654486 6.7664578 6.7675728 6.7688132 6.7702043 6.771779 6.7735819 6.7756755 6.7781522 6.7811601 6.7849667 6.7901544 6.7981885 6.8110852 6.8151077 6.8015546 6.7924213 6.7884075 6.7905339 6.804658 6.809341 6.785424 6.7704371
6.7512458 6.7514301 6.7516189 6.7518123 6.7520105 6.7522139 6.7524227 6.7526372 6.7528578 6.7530848 6.7533186 6.7535597 6.7538085 6.7540655 6.7543314 6.7546068 6.7548923 6.7551887 6.7554969 6.7558179 6.7561526 6.7565023 6.7568681 6.7572517 6.7576546 6.7580786 6.7585258 6.7589985 6.7594994 6.7600316 6.7605984 6.761204 6.7618531 6.7625511 6.7633045 6.764121 6.7650099 6.7659823 6.767052 6.768236 6.7695557 6.7710382 6.772719 6.7746452 6.7768818 6.7795225 6.7827107 6.7866856 6.7919316 6.7998765 6.8139997 6.8191175 6.8023531 6.7925736 6.7891208 6.7905412 6.7983621 6.7993742 6.7829009 6.7697732
6.7512287 6.7514159 6.7516076 6.7518042 6.7520058 6.7522128 6.7524254 6.752644 6.7528689 6.7531005 6.7533393 6.7535857 6.7538401 6.7541033 6.7543757 6.754658 6.7549511 6.7552557 6.7555727 6.7559032 6.7562482 6.756609 6.7569871 6.7573839 6.7578012 6.7582409 6.7587054 6.7591971 6.7597188 6.7602739 6.7608661 6.7614998 6.76218 6.7629127 6.7637049 6.7645649 6.7655029 6.7665309 6.7676642 6.7689212 6.7703256 6.7719073 6.773705 6.7757702 6.7781721 6.7810086 6.7844234 6.7886265 6.7938229 6.799696 6.804523 6.8043254 6.7978511 6.7924415 6.7907536 6.7915465 6.7914706 6.78703 6.7778483 6.7682186
6.7512125 6.7514025 6.7515973 6.7517971 6.7520022 6.7522129 6.7524294 6.7526521 6.7528814 6.7531177 6.7533615 6.7536133 6.7538735 6.7541428 6.7544218 6.7547112 6.7550119 6.7553248 6.7556507 6.7559908 6.7563462 6.7567183 6.7571087 6.7575188 6.7579507 6.7584065 6.7588885 6.7593994 6.7599423 6.7605207 6.7611388 6.7618011 6.7625132 6.7632814 6.7641135 6.7650184 6.7660072 6.7670932 6.7682929 6.7696271 6.7711219 6.7728112 6.7747388 6.7769629 6.779562 6.7826449 6.7863759 6.7910531 6.7973098 6.8057307 6.8102112 6.8033902 6.7965846 6.7933989 6.795166 6.8019661 6.8025545 6.7899076 6.7772033 6.7675553
6.7511971 6.7513901 6.751588 6.7517911 6.7519997 6.752214 6.7524345 6.7526614 6.7528952 6.7531363 6.7533852 6.7536423 6.7539083 6.7541838 6.7544695 6.7547661 6.7550745 6.7553957 6.7557305 6.7560803 6.7564462 6.7568297 6.7572324 6.7576561 6.7581027 6.7585746 6.7590743 6.7596046 6.7601689 6.7607711 6.7614153 6.7621068 6.7628514 6.7636561 6.764529 6.7654801 6.7665214 6.7676674 6.7689364 6.7703516 6.7719424 6.7737476 6.7758184 6.7782241 6.7810596 6.7844547 6.7885882 6.7937483 6.8007839 6.8127254 6.8223038 6.8073946 6.7974616 6.7949931 6.8005906 6.8225286 6.8331357 6.7989526 6.7781974 6.7671376
6.7511824 6.7513784 6.7515795 6.751786 6.7519981 6.7522162 6.7524407 6.7526718 6.7529101 6.753156 6.75341 6.7536727 6.7539445 6.7542263 6.7545187 6.7548225 6.7551386 6.7554681 6.7558119 6.7561714 6.7565479 6.7569428 6.7573579 6.7577951 6.7582566 6.7587447 6.7592621 6.759812 6.760398 6.7610241 6.7616949 6.762416 6.7631937 6.7640354 6.7649502 6.7659486 6.7670438 6.7682517 6.7695926 6.7710921 6.7727836 6.7747117 6.7769372 6.779545 6.7826579 6.7864544 6.7911775 6.7970259 6.8036434 6.8096414 6.8114948 6.8043568 6.7976777 6.7959593 6.8005769 6.8157346 6.8212235 6.7954842 6.7765775 6.7657622
6.7511684 6.7513675 6.7515718 6.7517816 6.7519973 6.7522193 6.7524478 6.7526832 6.7529261 6.7531769 6.753436 6.7537041 6.7539819 6.7542699 6.754569 6.7548801 6.755204 6.7555418 6.7558946 6.7562638 6.7566508 6.7570572 6.7574847 6.7579355 6.7584117 6.758916 6.7594513 6.7600209 6.7606287 6.7612788 6.7619765 6.7627275 6.7635388 6.7644182 6.7653756 6.7664224 6.7675729 6.7688444 6.7702592 6.7718456 6.7736412 6.775697 6.7780839 6.7809057 6.7843209 6.7885919 6.7941953 6.8019936 6.8125542 6.8196523 6.8130477 6.8038598 6.7984102 6.7975138 6.8000199 6.8022188 6.7981866 6.7859128 6.772775 6.7627805
6.751155 6.7513571 6.7515647 6.751778 6.7519973 6.7522231 6.7524557 6.7526955 6.752943 6.7531986 6.7534629 6.7537366 6.7540202 6.7543146 6.7546204 6.7549387 6.7552703 6.7556164 6.7559783 6.7563572 6.7567546 6.7571724 6.7576123 6.7580766 6.7585676 6.7590881 6.7596413 6.7602306 6.7608601 6.7615344 6.7622591 6.7630403 6.7638855 6.7648032 6.7658039 6.7669001 6.768107 6.7694437 6.7709341 6.7726096 6.7745114 6.7766968 6.7792468 6.782282 6.7859909 6.7906964 6.7970631 6.8069266 6.8257745 6.8482313 6.826065 6.8065902 6.8001969 6.8019164 6.8102202 6.8128427 6.7988433 6.7827709 6.7693385 6.7575898
6.7511421 6.7513473 6.7515582 6.751775 6.751998 6.7522277 6.7524644 6.7527085 6.7529606 6.7532211 6.7534907 6.7537699 6.7540594 6.7543601 6.7546726 6.7549981 6.7553375 6.7556919 6.7560626 6.7564511 6.756859 6.7572881 6.7577403 6.758218 6.7587237 6.7592604 6.7598312 6.7604402 6.7610914 6.76179 6.7625417 6.7633533 6.7642326 6.7651891 6.7662338 6.7673802 6.7686447 6.770048 6.7716159 6.7733822 6.7753919 6.7777075 6.7804186 6.78366 6.7876417 6.7926958 6.7993361 6.808434 6.8221583 6.8352873 6.8211659 6.8061581 6.8014472 6.8073033 6.832837 6.8527755 6.8108366 6.7829877 6.7669783 6.7534625
6.7511297 6.751338 6.7515522 6.7517725 6.7519993 6.7522328 6.7524737 6.7527222 6.7529789 6.7532444 6.7535192 6.7538039 6.7540993 6.7544063 6.7547255 6.7550581 6.7554052 6.7557678 6.7561474 6.7565455 6.7569637 6.757404 6.7578684 6.7583593 6.7588796 6.7594322 6.7600206 6.760649 6.7613219 6.7620446 6.7628234 6.7636653 6.7645791 6.7655745 6.7666638 6.7678613 6.7691847 6.7706563 6.7723037 6.7741632 6.7762829 6.7787295 6.7815995 6.78504 6.7892897 6.7947499 6.8020291 6.8113224 6.8191224 6.8187331 6.8113705 6.8037447 6.8012285 6.8065907 6.8260876 6.8389451 6.8058452 6.7801656 6.764649 6.7537254
6.7511176 6.7513292 6.7515467 6.7517705 6.752001 6.7522385 6.7524836 6.7527365 6.7529979 6.7532682 6.7535482 6.7538385 6.7541398 6.754453 6.7547789 6.7551187 6.7554733 6.7558441 6.7562325 6.75664 6.7570684 6.7575197 6.7579961 6.7585001 6.7590347 6.759603 6.7602089 6.7608565 6.7615507 6.7622974 6.763103 6.7639753 6.7649235 6.7659582 6.7670925 6.768342 6.7697258 6.7712676 6.7729974 6.7749537 6.7771877 6.7797693 6.7827991 6.7864311 6.7909244 6.7967888 6.8052716 6.8196275 6.8384774 6.8275788 6.8104267 6.8026864 6.8011052 6.8039724 6.8078029 6.8050833 6.7909572 6.7745666 6.7605677 6.7488482
6.7511058 6.7513206 6.7515415 6.751769 6.7520032 6.7522447 6.7524939 6.7527512 6.7530173 6.7532926 6.7535778 6.7538736 6.7541808 6.7545002 6.7548327 6.7551795 6.7555417 6.7559205 6.7563175 6.7567344 6.7571728 6.757635 6.7581231 6.75864 6.7591887 6.7597725 6.7603953 6.7610618 6.7617772 6.7625475 6.7633797 6.7642822 6.7652647 6.7663388 6.7675186 6.7688209 6.7702664 6.771881 6.773697 6.7757558 6.7781119 6.7808389 6.7840397 6.7878676 6.7925644 6.7985506 6.8067658 6.8201707 6.83883 6.8273638 6.8093688 6.8024206 6.8033821 6.811225 6.8151968 6.8019488 6.7850777 6.7703499 6.7571852 6.7423372
6.7510943 6.7513124 6.7515367 6.7517677 6.7520058 6.7522513 6.7525047 6.7527664 6.7530371 6.7533174 6.7536078 6.7539091 6.7542221 6.7545477 6.7548868 6.7552406 6.7556102 6.755997 6.7564025 6.7568285 6.7572768 6.7577496 6.7582493 6.7587788 6.7593411 6.75994 6.7605795 6.7612645 6.7620006 6.762794 6.7636524 6.7645847 6.7656013 6.7667148 6.7679403 6.7692962 6.7708051 6.7724952 6.774402 6.7765712 6.779062 6.7819538 6.7853552 6.7894231 6.7943955 6.8006098 6.8082048 6.8156628 6.8189241 6.8138761 6.8055967 6.8018651 6.8065748 6.8293493 6.8540011 6.813207 6.7838762 6.767195 6.7557029 6.7486702
6.751083 6.7513043 6.7515321 6.7517668 6.7520086 6.7522581 6.7525157 6.752782 6.7530574 6.7533425 6.7536381 6.7539449 6.7542637 6.7545954 6.7549411 6.7553017 6.7556787 6.7560734 6.7564873 6.7569222 6.7573801 6.7578633 6.7583743 6.758916 6.7594917 6.7601053 6.760761 6.761464 6.7622202 6.7630362 6.7639203 6.7648818 6.765932 6.7670846 6.7683558 6.7697657 6.7713393 6.7731077 6.7751106 6.7773994 6.7800416 6.7831269 6.7867776 6.791167 6.796574 6.8035888 6.8136337 6.8263395 6.8237134 6.8111751 6.8033993 6.8007494 6.8048669 6.8214847 6.8361243 6.8059036 6.7795805 6.7624163 6.7479849 6.7433331
6.7510718 6.7512965 6.7515277 6.751766 6.7520118 6.7522653 6.7525271 6.7527978 6.7530779 6.753368 6.7536688 6.7539811 6.7543056 6.7546434 6.7549955 6.755363 6.7557472 6.7561496 6.7565717 6.7570154 6.7574827 6.7579761 6.758498 6.7590516 6.7596403 6.760268 6.7609395 6.7616599 6.7624355 6.7632735 6.7641824 6.7651724 6.7662556 6.7674466 6.7687631 6.7702272 6.7718662 6.773715 6.7758186 6.7782362 6.7810474 6.7843609 6.7883271 6.7931517 6.7991094 6.8066653 6.817549 6.834995 6.8305768 6.8115548 6.8025285 6.7999876 6.8018968 6.8051168 6.8027933 6.7895775 6.7731107 6.7581542 6.7417148 6.7362633
6.7510607 6.7512887 6.7515235 6.7517655 6.7520151 6.7522727 6.7525388 6.7528139 6.7530987 6.7533937 6.7536997 6.7540174 6.7543477 6.7546916 6.7550501 6.7554243 6.7558157 6.7562256 6.7566558 6.7571081 6.7575846 6.7580878 6.7586203 6.7591854 6.7597866 6.7604281 6.7611146 6.7618517 6.762646 6.7635051 6.764438 6.7654556 6.7665707 6.7677992 6.7691602 6.7706778 6.7723822 6.7743122 6.7765192 6.779072 6.7820663 6.7856393 6.7899949 6.7954394 6.8023748 6.8109175 6.8193779 6.8237008 6.8192053 6.8087524 6.8018368 6.8009831 6.8069433 6.8120139 6.7999669 6.7833653 6.7682361 6.7545216 6.7457317 6.7453958
6.7510496 6.751281 6.7515194 6.7517651 6.7520186 6.7522802 6.7525506 6.7528303 6.7531197 6.7534197 6.7537309 6.754054 6.7543901 6.7547399 6.7551047 6.7554857 6.7558841 6.7563015 6.7567395 6.7572002 6.7576857 6.7581985 6.7587413 6.7593175 6.7599307 6.7605853 6.7612862 6.7620394 6.7628515 6.7637307 6.7646865 6.7657305 6.7668763 6.7681409 6.769545 6.7711147 6.7728832 6.7748937 6.7772039 6.7798933 6.7830753 6.78692 6.7917012 6.79791 6.806549 6.8196204 6.8371945 6.8388277 6.8210401 6.8078743 6.801369 6.8023175 6.8177659 6.8430918 6.809553 6.7819853 6.7649675 6.7470618 6.7305526 6.7439771
