Cobbity2/QGIS/Ave6Ave22.asc
NCOLS 399
NROWS 219
XLLCORNER 150.661
YLLCORNER -34.0267
CELLSIZE 1e-05
NODATA_VALUE -9999
[rows 156 to 181 of 219, columns 60 to 119 of 399]
6.7473395 6.7477566 6.7481982 6.7486664 6.7491634 6.7496916 6.7502539 6.7508532 6.7514932 6.7521778 6.7529114 6.7536993 6.7545473 6.7554623 6.756452 6.7575258 6.7586944 6.7599705 6.7613694 6.7629091 6.7646119 6.7665046 6.7686208 6.7710027 6.7737043 6.7767967 6.7803762 6.784577 6.789595 6.7957299 6.8034655 6.8136319 6.8277195 6.8481463 6.8766547 6.9039053 6.8667423 6.8218018 6.7902811 6.76341 6.7317013 6.7277912 6.7528067 6.7602009 6.7565797 6.7534688 6.7498542 6.7459618 6.7433764 6.7423214 6.7399373 6.7381717 6.7370029 6.7359985 6.7351007 6.7344282 6.7342448 6.7348136 6.7348688 6.7320898
6.747074 6.747485 6.7479203 6.7483819 6.7488719 6.7493929 6.7499475 6.7505389 6.7511706 6.7518465 6.752571 6.7533494 6.7541875 6.7550922 6.7560714 6.7571343 6.7582918 6.7595569 6.7609448 6.7624742 6.7641674 6.7660519 6.7681617 6.7705397 6.7732405 6.7763358 6.7799217 6.7841322 6.7891621 6.7953108 6.8030702 6.8133211 6.8278788 6.8514874 6.8936417 6.8907768 6.8450739 6.8107682 6.784137 6.7633338 6.7524903 6.7540492 6.7657521 6.7789314 6.7631459 6.7541932 6.7481564 6.7435038 6.7425965 6.7440186 6.7397898 6.7377033 6.7366827 6.7359404 6.7353798 6.735189 6.7359551 6.7396074 6.7459135 6.7381697
6.7467954 6.7471992 6.747627 6.7480807 6.7485624 6.7490746 6.7496199 6.7502014 6.7508226 6.7514872 6.7521999 6.7529656 6.7537901 6.7546803 6.7556441 6.7566906 6.7578307 6.7590774 6.760446 6.7619551 6.7636275 6.7654907 6.7675792 6.7699362 6.7726166 6.7756918 6.7792569 6.7834427 6.7884373 6.7945267 6.8021775 6.8122148 6.8262192 6.8476199 6.8861392 6.8820445 6.832714 6.8017464 6.7771314 6.7475862 6.7369566 6.7587704 6.7676649 6.7698719 6.7620185 6.7529781 6.7447285 6.7375699 6.7352642 6.7366621 6.7362199 6.7360477 6.7359662 6.7358097 6.7357407 6.7360644 6.7372866 6.7407865 6.7467199 6.7390616
6.7465037 6.7468994 6.7473186 6.7477631 6.7482351 6.7487369 6.7492711 6.7498407 6.7504491 6.7511001 6.7517979 6.7525476 6.7533548 6.7542263 6.7551696 6.7561939 6.75731 6.7585304 6.7598707 6.7613492 6.7629885 6.7648165 6.7668677 6.7691855 6.7718251 6.7748577 6.7783776 6.7825119 6.7874402 6.7934294 6.8009055 6.8106115 6.8240178 6.843918 6.8601073 6.843 6.8173026 6.7949101 6.7759415 6.7512013 6.7413156 6.7677075 6.782119 6.7709246 6.7602293 6.7503721 6.738733 6.7226108 6.7115916 6.7218689 6.7303755 6.7337955 6.735149 6.735769 6.7363093 6.7372984 6.7392983 6.7414045 6.7400919 6.7353282
6.7461991 6.7465857 6.7469951 6.7474293 6.7478901 6.74838 6.7489014 6.7494571 6.7500505 6.7506852 6.7513654 6.7520958 6.7528819 6.7537302 6.754648 6.7556443 6.7567293 6.7579155 6.7592179 6.7606546 6.762248 6.7640257 6.7660222 6.768281 6.770858 6.7738251 6.777277 6.7813405 6.7861907 6.7920821 6.799412 6.8088556 6.8216269 6.8409396 6.8620872 6.8319058 6.8073958 6.7906154 6.7792249 6.7740021 6.7694307 6.7765524 6.7915428 6.7732909 6.759135 6.747669 6.7330341 6.7036183 6.669488 6.7067678 6.7258329 6.7321316 6.7346657 6.73603 6.7372342 6.7390013 6.7429307 6.7506588 6.7440545 6.7348503
6.745882 6.7462584 6.746657 6.7470796 6.7475279 6.7480043 6.7485111 6.7490511 6.7496274 6.7502433 6.7509029 6.7516107 6.752372 6.7531927 6.75408 6.7550422 6.7560892 6.7572329 6.7584877 6.7598711 6.7614048 6.7631159 6.7650385 6.7672165 6.7697062 6.7725816 6.7759407 6.7799154 6.7846874 6.7905162 6.7978049 6.807299 6.8207148 6.839114 6.8369706 6.8175943 6.800148 6.7878126 6.7805485 6.7797409 6.7778288 6.7796165 6.7762289 6.7675282 6.7566055 6.7452021 6.731756 6.713388 6.6993821 6.7136523 6.7260846 6.7318811 6.7348145 6.7367769 6.7387334 6.7412324 6.7443163 6.747924 6.7428185 6.7342747
6.7455526 6.745918 6.7463047 6.7467144 6.747149 6.7476104 6.7481011 6.7486234 6.7491804 6.7497752 6.7504115 6.7510936 6.7518263 6.7526152 6.753467 6.7543893 6.7553914 6.7564843 6.7576815 6.7589996 6.7604592 6.7620862 6.7639141 6.7659861 6.7683592 6.7711099 6.7743422 6.7782002 6.7828866 6.7886936 6.7960592 6.805715 6.8194825 6.844554 6.8379013 6.8101721 6.79507 6.785766 6.781 6.7794287 6.7842152 6.8003376 6.7782661 6.7646475 6.7537756 6.7421019 6.7283934 6.7167239 6.7161522 6.7220512 6.7283048 6.7326398 6.7355836 6.738098 6.7410955 6.7458005 6.7512731 6.7476252 6.7401657 6.7330477
6.7452115 6.7455649 6.7459387 6.7463345 6.746754 6.7471991 6.747672 6.7481749 6.7487106 6.749282 6.7498925 6.7505458 6.7512465 6.7519997 6.7528111 6.7536879 6.7546383 6.7556724 6.7568023 6.7580431 6.7594138 6.7609385 6.7626487 6.7645861 6.7668071 6.7693897 6.7724442 6.7761305 6.7806865 6.7864758 6.7940678 6.804364 6.8185257 6.830248 6.8193453 6.8030796 6.7915842 6.7846255 6.7809796 6.7797826 6.7805644 6.7850971 6.7737217 6.7617197 6.750894 6.7384598 6.7193002 6.692567 6.7085729 6.7233033 6.7297633 6.7337155 6.7368234 6.7399979 6.7440622 6.7509701 6.7651146 6.7553081 6.740686 6.7322017
6.7448591 6.7451996 6.7455595 6.7459404 6.7463437 6.7467712 6.7472248 6.7477068 6.7482193 6.7487652 6.7493474 6.7499694 6.7506349 6.7513485 6.7521153 6.7529414 6.7538339 6.7548016 6.7558549 6.7570069 6.7582741 6.7596779 6.7612465 6.7630179 6.7650452 6.7674041 6.7702065 6.7736235 6.777927 6.7835703 6.7913534 6.8027834 6.8208835 6.8446955 6.8172464 6.7986455 6.7897318 6.7865479 6.7835204 6.7786315 6.7760691 6.7731946 6.7668522 6.7580194 6.7479636 6.7361885 6.7205652 6.7029373 6.712808 6.7249777 6.7310475 6.7349548 6.7384548 6.7426396 6.7483886 6.7541244 6.755824 6.7496644 6.7392548 6.7310611
6.744496 6.7448228 6.745168 6.745533 6.745919 6.7463277 6.7467608 6.7472203 6.7477081 6.7482266 6.7487784 6.7493665 6.749994 6.7506648 6.7513831 6.7521539 6.7529831 6.7538776 6.754846 6.7558986 6.7570489 6.7583141 6.7597173 6.7612903 6.7630786 6.765149 6.7676041 6.7706083 6.7744375 6.779584 6.7869939 6.7986852 6.8202321 6.8440882 6.8104307 6.7945207 6.7888336 6.7926944 6.7958823 6.7779357 6.7754412 6.7699616 6.7630322 6.7547206 6.744743 6.7326744 6.7209972 6.7176014 6.721816 6.7277977 6.7325135 6.7363696 6.7403971 6.7458988 6.7560433 6.7730774 6.7631637 6.7473408 6.7372493 6.7295108
6.7441228 6.7444353 6.744765 6.7451131 6.745481 6.7458698 6.7462813 6.7467169 6.7471786 6.7476681 6.7481878 6.7487399 6.7493271 6.7499523 6.7506189 6.7513307 6.7520919 6.7529077 6.7537842 6.7547287 6.7557505 6.7568618 6.7580785 6.7594232 6.7609287 6.7626445 6.7646488 6.7670712 6.7701374 6.7742625 6.7802694 6.7899271 6.8060732 6.8151327 6.799304 6.7900743 6.788861 6.7886952 6.7788132 6.7713137 6.7716503 6.7671211 6.7602457 6.751867 6.741359 6.7254582 6.7000909 6.7061124 6.722132 6.7292852 6.7338526 6.7379366 6.7426405 6.7489508 6.7587349 6.7758334 6.764713 6.7461481 6.7353479 6.727706
6.7437403 6.7440377 6.7443512 6.7446819 6.7450307 6.7453988 6.7457876 6.7461984 6.7466326 6.7470919 6.7475779 6.7480924 6.7486374 6.749215 6.7498275 6.7504774 6.7511674 6.7519005 6.75268 6.75351 6.754395 6.7553409 6.7563552 6.7574484 6.7586359 6.7599419 6.7614054 6.7630934 6.7651248 6.767718 6.7712887 6.7766987 6.7871785 6.7992509 6.7847742 6.7864056 6.7941428 6.7945703 6.7723268 6.765729 6.7700561 6.7650991 6.7578534 6.7492891 6.7390638 6.7245858 6.7026469 6.7078067 6.7231887 6.7304238 6.7351165 6.7396975 6.7455316 6.7541198 6.7632091 6.7614429 6.752982 6.7420308 6.732851 6.7256141
6.7433491 6.743631 6.7439278 6.7442402 6.7445693 6.744916 6.7452813 6.7456664 6.7460723 6.7465003 6.7469516 6.7474273 6.7479289 6.7484575 6.7490143 6.7496006 6.7502173 6.7508653 6.7515453 6.7522573 6.7530012 6.7537758 6.7545793 6.7554084 6.7562585 6.7571229 6.7579923 6.7588534 6.7596861 6.7604521 6.761052 6.7611022 6.7585798 6.7544653 6.7681627 6.7834334 6.8056312 6.8326489 6.7898336 6.7782747 6.7713294 6.7638895 6.7555534 6.7463133 6.7363521 6.7268429 6.7203223 6.7211486 6.7266521 6.7317694 6.7364084 6.7416607 6.7487878 6.7609179 6.7842994 6.7687342 6.7494724 6.7384544 6.7301237 6.7233114
6.7429502 6.7432161 6.7434955 6.7437893 6.7440981 6.7444227 6.744764 6.7451228 6.7454998 6.7458958 6.7463116 6.7467479 6.7472053 6.7476842 6.7481847 6.7487068 6.7492498 6.7498124 6.7503925 6.7509867 6.7515897 6.7521936 6.7527871 6.7533533 6.7538669 6.7542902 6.7545643 6.7545946 6.7542217 6.753161 6.7508727 6.7462791 6.7364616 6.7253624 6.7528214 6.7778908 6.8124904 6.8396152 6.7929462 6.7827409 6.772257 6.7627007 6.75293 6.7419411 6.7288133 6.7170557 6.7165965 6.722325 6.7277768 6.7326369 6.7376532 6.7439142 6.7527593 6.7627548 6.7681342 6.7597572 6.7454766 6.7351554 6.7273504 6.7209125
6.7425443 6.7427937 6.7430555 6.7433302 6.7436183 6.7439205 6.7442374 6.7445694 6.744917 6.7452807 6.7456609 6.7460575 6.7464706 6.7468998 6.7473443 6.7478028 6.748273 6.7487519 6.7492346 6.7497143 6.7501814 6.750622 6.751016 6.7513344 6.7515343 6.7515509 6.7512839 6.7505719 6.7491442 6.7465221 6.7418005 6.7331087 6.7164248 6.702446 6.7360559 6.7662636 6.7919207 6.866564 6.8022489 6.7849824 6.7724777 6.7612352 6.7499455 6.7366053 6.7150891 6.6809171 6.6950695 6.7173686 6.7269727 6.7329598 6.7388466 6.7463905 6.7583598 6.7800659 6.7678629 6.7513648 6.7403347 6.7315667 6.7244883 6.7185061
6.7421322 6.742365 6.7426088 6.7428641 6.7431313 6.7434108 6.743703 6.7440081 6.7443263 6.7446577 6.7450022 6.7453594 6.7457287 6.746109 6.7464986 6.7468951 6.747295 6.7476934 6.7480834 6.7484554 6.748796 6.7490865 6.7493001 6.7493987 6.7493265 6.749 6.748292 6.7470004 6.7447924 6.7410884 6.7347979 6.7236133 6.7022698 6.6844513 6.7194286 6.751811 6.7628463 6.7778389 6.8147722 6.7891976 6.7732208 6.7595723 6.7466308 6.732463 6.7113025 6.6748864 6.6915094 6.7160457 6.7265353 6.7331747 6.7401584 6.7497392 6.7601658 6.7674844 6.7597213 6.7455876 6.735575 6.7278944 6.7215895 6.716182
6.7417147 6.7419307 6.7421564 6.7423922 6.7426384 6.7428951 6.7431625 6.7434407 6.7437296 6.744029 6.7443382 6.7446567 6.7449832 6.7453159 6.7456526 6.7459898 6.7463229 6.7466458 6.7469498 6.7472233 6.7474503 6.7476086 6.7476675 6.7475832 6.7472933 6.7467059 6.745684 6.7440158 6.7413634 6.7371598 6.7303907 6.7190485 6.6978018 6.6534378 6.7035827 6.7383117 6.7567826 6.7722887 6.8060608 6.8043757 6.7752389 6.7573947 6.7418793 6.726632 6.7138744 6.7067975 6.710449 6.7196861 6.7269853 6.7332828 6.7411214 6.7552668 6.7796401 6.7644408 6.7492039 6.7389827 6.7308027 6.7242108 6.7187282 6.7140252
6.7412928 6.7414918 6.7416993 6.7419156 6.7421407 6.7423747 6.7426175 6.7428691 6.7431291 6.7433969 6.7436717 6.7439525 6.7442375 6.7445246 6.7448108 6.745092 6.745363 6.7456163 6.7458425 6.7460286 6.746157 6.7462041 6.7461374 6.7459117 6.7454637 6.7447033 6.7434993 6.7416573 6.7388809 6.7347028 6.7283516 6.7184829 6.7028757 6.679456 6.6881787 6.7253767 6.7443268 6.7474618 6.7718365 6.7957489 6.7781762 6.753074 6.7342363 6.7111909 6.6915098 6.7048426 6.7152161 6.7217238 6.7271227 6.7328727 6.7407144 6.7514274 6.7659344 6.7562134 6.741889 6.7328616 6.7260671 6.7205464 6.7159602 6.7121198
6.7408673 6.7410493 6.7412386 6.7414354 6.7416395 6.741851 6.7420696 6.7422949 6.7425265 6.7427635 6.7430049 6.7432493 6.7434946 6.7437384 6.7439772 6.7442064 6.7444202 6.7446109 6.7447683 6.7448788 6.7449248 6.7448824 6.7447197 6.7443937 6.7438453 6.7429933 6.741724 6.7398774 6.7372241 6.7334307 6.7280041 6.7201872 6.7086057 6.6912863 6.6920018 6.7109555 6.7300519 6.7387043 6.7385372 6.7568356 6.7646649 6.7452353 6.7251187 6.6983452 6.662654 6.6987991 6.7152461 6.7218875 6.726296 6.7314561 6.7410671 6.7552196 6.7486869 6.7412354 6.7334833 6.7268053 6.7213684 6.7169142 6.7133212 6.7105473
6.7404389 6.740604 6.7407753 6.7409527 6.7411361 6.7413253 6.74152 6.7417197 6.7419236 6.7421308 6.74234 6.7425495 6.7427572 6.7429602 6.7431548 6.7433363 6.7434986 6.7436336 6.7437313 6.7437784 6.7437576 6.7436466 6.7434157 6.7430264 6.7424273 6.7415506 6.7403057 6.7385729 6.7361933 6.7329597 6.7286082 6.7228205 6.7152983 6.7058733 6.688981 6.7012652 6.7096515 6.719713 6.7263191 6.7260835 6.727404 6.739342 6.726856 6.6902471 6.7009052 6.7090294 6.7171995 6.7215926 6.7244032 6.7276593 6.7345005 6.7475584 6.7402676 6.7315568 6.7257578 6.720849 6.7166651 6.7132754 6.7108109 6.7093993
6.7400086 6.7401568 6.7403102 6.7404684 6.7406315 6.7407989 6.7409702 6.7411449 6.741322 6.7415004 6.7416788 6.7418553 6.7420275 6.7421924 6.7423463 6.7424844 6.7426005 6.742687 6.7427339 6.7427288 6.7426558 6.7424947 6.7422195 6.7417974 6.7411863 6.7403332 6.7391714 6.7376187 6.7355767 6.732934 6.7295781 6.7254229 6.7204497 6.7146916 6.7093 6.7042854 6.7021863 6.6878683 6.7113557 6.7143482 6.7196497 6.7371018 6.734024 6.7166492 6.7147785 6.7169209 6.7194085 6.7209153 6.7215986 6.722118 6.7220774 6.723919 6.7253585 6.7222584 6.7185418 6.7149921 6.711867 6.7094914 6.7083245 6.7089375
6.7395769 6.7397085 6.7398442 6.7399837 6.7401267 6.7402728 6.7404214 6.7405718 6.7407231 6.740874 6.741023 6.7411681 6.7413071 6.7414367 6.7415534 6.7416523 6.7417276 6.741772 6.7417762 6.7417291 6.7416164 6.7414207 6.7411201 6.7406881 6.740092 6.7392928 6.7382447 6.7368961 6.735193 6.7330869 6.7305488 6.7275939 6.7243165 6.7209549 6.7179374 6.7152437 6.7138305 6.7119897 6.7174027 6.722291 6.7265885 6.7304614 6.7292629 6.7243597 6.7214709 6.720643 6.7203216 6.7195754 6.7181052 6.7164576 6.7175682 6.7169368 6.7149666 6.713688 6.7115651 6.7090778 6.7067773 6.7052456 6.7053579 6.7090823
6.7391447 6.73926 6.7393783 6.7394993 6.7396228 6.7397481 6.7398747 6.7400017 6.7401281 6.7402527 6.7403738 6.7404895 6.7405974 6.7406945 6.7407772 6.7408409 6.7408803 6.7408884 6.7408572 6.7407766 6.7406345 6.7404162 6.7401042 6.7396778 6.7391128 6.7383822 6.7374566 6.736307 6.7349086 6.7332486 6.7313376 6.7292252 6.7270185 6.7248941 6.7230632 6.7217136 6.7210694 6.7213886 6.7233066 6.7257511 6.727795 6.7288176 6.7279881 6.7257793 6.7235656 6.7217889 6.7200358 6.7177012 6.7141001 6.7081171 6.6984409 6.6979323 6.7042352 6.705584 6.70466 6.7028896 6.7011045 6.7000706 6.700802 6.7054331
6.7387127 6.7388118 6.7389131 6.7390161 6.7391205 6.7392257 6.739331 6.7394354 6.7395381 6.7396376 6.7397323 6.7398204 6.7398994 6.7399666 6.7400183 6.7400506 6.7400583 6.7400353 6.7399746 6.7398675 6.7397038 6.7394717 6.7391574 6.7387456 6.7382192 6.7375603 6.7367518 6.7357795 6.7346358 6.7333258 6.7318744 6.7303343 6.7287917 6.7273646 6.7261842 6.7253774 6.7250599 6.7253333 6.726179 6.7272256 6.7279878 6.7280637 6.7272224 6.725629 6.7236807 6.7215574 6.7190828 6.7158008 6.7108314 6.701903 6.6841778 6.6843902 6.6953761 6.697839 6.697581 6.6961141 6.6944629 6.6935095 6.6945823 6.6976466
6.7382815 6.7383648 6.7384495 6.738535 6.7386208 6.7387065 6.7387912 6.738874 6.7389539 6.7390296 6.7390995 6.7391616 6.7392138 6.7392534 6.739277 6.739281 6.7392607 6.739211 6.7391256 6.7389972 6.7388176 6.7385775 6.7382664 6.7378731 6.7373862 6.7367947 6.7360893 6.7352651 6.7343236 6.733277 6.7321519 6.7309927 6.7298621 6.7288369 6.727997 6.7274134 6.7271345 6.7271656 6.7274233 6.7277055 6.7277546 6.7273511 6.7263853 6.7248956 6.7229929 6.7207131 6.7179273 6.7143126 6.7092898 6.7020583 6.6934794 6.6882439 6.6862717 6.6901887 6.6898057 6.6882848 6.6861394 6.6849859 6.6849454 6.6957284
6.7378517 6.7379196 6.737988 6.7380564 6.7381244 6.7381912 6.7382561 6.7383182 6.7383764 6.7384295 6.7384759 6.7385138 6.738541 6.7385551 6.7385531 6.7385316 6.7384866 6.7384135 6.738307 6.7381613 6.7379696 6.7377248 6.7374191 6.7370447 6.7365941 6.736061 6.7354414 6.734735 6.7339475 6.7330923 6.7321927 6.7312823 6.7304043 6.7296068 6.7289356 6.7284251 6.7280869 6.7278963 6.7277778 6.7276055 6.7272314 6.726528 6.7254228 6.7239045 6.7219876 6.7196541 6.7168074 6.7132538 6.708717 6.7029573 6.6958018 6.6852462 6.68046 6.683517 6.6794607 6.6798654 6.6729953 6.6779229 6.6730369 6.6853585
