Cobbity2/QGIS/Ave6Ave22.asc
NCOLS 399
NROWS 219
XLLCORNER 150.661
YLLCORNER -34.0267
CELLSIZE 1e-05
NODATA_VALUE -9999
[rows 156 to 181 of 219, columns 300 to 359 of 399]
6.7333919 6.7334321 6.7334718 6.733511 6.7335495 6.7335876 6.7336251 6.7336621 6.7336986 6.7337345 6.73377 6.733805 6.7338395 6.7338736 6.7339071 6.7339402 6.7339729 6.7340052 6.7340369 6.7340683 6.7340993 6.7341298 6.7341599 6.7341897 6.734219 6.734248 6.7342765 6.7343047 6.7343326 6.73436 6.7343872 6.7344139 6.7344403 6.7344664 6.7344922 6.7345176 6.7345427 6.7345675 6.7345919 6.7346161 6.7346399 6.7346635 6.7346867 6.7347097 6.7347324 6.7347548 6.7347769 6.7347988 6.7348204 6.7348417 6.7348628 6.7348836 6.7349041 6.7349245 6.7349445 6.7349643 6.7349839 6.7350033 6.7350224 6.7350413
6.7332948 6.733336 6.7333766 6.7334166 6.7334561 6.733495 6.7335334 6.7335713 6.7336086 6.7336454 6.7336817 6.7337175 6.7337528 6.7337876 6.733822 6.7338559 6.7338893 6.7339223 6.7339548 6.7339869 6.7340186 6.7340499 6.7340807 6.7341111 6.7341412 6.7341708 6.7342 6.7342289 6.7342574 6.7342855 6.7343133 6.7343407 6.7343677 6.7343944 6.7344208 6.7344468 6.7344725 6.7344978 6.7345229 6.7345476 6.734572 6.7345962 6.73462 6.7346435 6.7346667 6.7346897 6.7347123 6.7347347 6.7347568 6.7347787 6.7348002 6.7348215 6.7348426 6.7348634 6.734884 6.7349043 6.7349243 6.7349442 6.7349638 6.7349831
6.7331983 6.7332404 6.7332819 6.7333228 6.7333632 6.733403 6.7334422 6.7334809 6.7335191 6.7335567 6.7335938 6.7336304 6.7336665 6.7337021 6.7337373 6.7337719 6.7338061 6.7338398 6.7338731 6.7339059 6.7339383 6.7339703 6.7340018 6.734033 6.7340637 6.734094 6.7341239 6.7341534 6.7341825 6.7342113 6.7342397 6.7342677 6.7342954 6.7343227 6.7343497 6.7343763 6.7344026 6.7344285 6.7344541 6.7344794 6.7345044 6.7345291 6.7345535 6.7345775 6.7346013 6.7346248 6.734648 6.7346709 6.7346935 6.7347158 6.7347379 6.7347597 6.7347813 6.7348026 6.7348236 6.7348444 6.7348649 6.7348852 6.7349053 6.7349251
6.7331023 6.7331453 6.7331877 6.7332295 6.7332708 6.7333114 6.7333515 6.733391 6.73343 6.7334685 6.7335064 6.7335438 6.7335807 6.7336171 6.733653 6.7336884 6.7337233 6.7337578 6.7337918 6.7338253 6.7338584 6.7338911 6.7339233 6.7339551 6.7339865 6.7340175 6.7340481 6.7340783 6.734108 6.7341374 6.7341665 6.7341951 6.7342234 6.7342513 6.7342789 6.7343061 6.734333 6.7343595 6.7343857 6.7344116 6.7344371 6.7344623 6.7344872 6.7345119 6.7345362 6.7345602 6.7345839 6.7346073 6.7346304 6.7346533 6.7346759 6.7346982 6.7347202 6.734742 6.7347635 6.7347848 6.7348058 6.7348265 6.734847 6.7348673
6.7330069 6.7330508 6.7330941 6.7331368 6.7331789 6.7332204 6.7332613 6.7333017 6.7333415 6.7333807 6.7334194 6.7334576 6.7334953 6.7335325 6.7335691 6.7336053 6.733641 6.7336761 6.7337109 6.7337451 6.7337789 6.7338123 6.7338452 6.7338777 6.7339098 6.7339414 6.7339726 6.7340035 6.7340339 6.7340639 6.7340936 6.7341228 6.7341517 6.7341802 6.7342084 6.7342362 6.7342637 6.7342908 6.7343175 6.734344 6.7343701 6.7343959 6.7344213 6.7344465 6.7344713 6.7344958 6.7345201 6.734544 6.7345676 6.734591 6.7346141 6.7346369 6.7346594 6.7346816 6.7347036 6.7347254 6.7347468 6.7347681 6.734789 6.7348098
6.732912 6.7329568 6.733001 6.7330445 6.7330875 6.7331298 6.7331716 6.7332128 6.7332534 6.7332935 6.733333 6.7333719 6.7334104 6.7334483 6.7334857 6.7335226 6.733559 6.7335949 6.7336304 6.7336654 6.7336999 6.7337339 6.7337675 6.7338007 6.7338334 6.7338657 6.7338976 6.733929 6.7339601 6.7339908 6.734021 6.7340509 6.7340804 6.7341095 6.7341383 6.7341667 6.7341947 6.7342224 6.7342497 6.7342767 6.7343033 6.7343297 6.7343557 6.7343813 6.7344067 6.7344318 6.7344565 6.7344809 6.7345051 6.734529 6.7345525 6.7345758 6.7345988 6.7346215 6.734644 6.7346662 6.7346881 6.7347098 6.7347312 6.7347524
6.7328177 6.7328634 6.7329084 6.7329528 6.7329966 6.7330398 6.7330824 6.7331244 6.7331658 6.7332067 6.733247 6.7332867 6.7333259 6.7333646 6.7334028 6.7334404 6.7334775 6.7335142 6.7335503 6.733586 6.7336212 6.7336559 6.7336902 6.733724 6.7337574 6.7337904 6.7338229 6.733855 6.7338867 6.733918 6.7339488 6.7339793 6.7340094 6.7340391 6.7340685 6.7340974 6.734126 6.7341543 6.7341822 6.7342097 6.7342369 6.7342638 6.7342903 6.7343165 6.7343424 6.734368 6.7343932 6.7344182 6.7344428 6.7344672 6.7344912 6.734515 6.7345385 6.7345617 6.7345846 6.7346073 6.7346297 6.7346518 6.7346737 6.7346953
6.732724 6.7327705 6.7328164 6.7328617 6.7329063 6.7329504 6.7329938 6.7330366 6.7330788 6.7331204 6.7331615 6.733202 6.733242 6.7332814 6.7333203 6.7333586 6.7333965 6.7334339 6.7334707 6.7335071 6.7335429 6.7335784 6.7336133 6.7336478 6.7336818 6.7337154 6.7337486 6.7337813 6.7338136 6.7338455 6.733877 6.7339081 6.7339388 6.7339691 6.733999 6.7340285 6.7340577 6.7340865 6.734115 6.734143 6.7341708 6.7341982 6.7342253 6.734252 6.7342784 6.7343045 6.7343302 6.7343557 6.7343808 6.7344057 6.7344302 6.7344545 6.7344784 6.7345021 6.7345255 6.7345486 6.7345715 6.734594 6.7346164 6.7346384
6.7326309 6.7326783 6.7327251 6.7327712 6.7328166 6.7328615 6.7329057 6.7329493 6.7329923 6.7330347 6.7330765 6.7331178 6.7331585 6.7331987 6.7332383 6.7332774 6.7333159 6.733354 6.7333915 6.7334286 6.7334651 6.7335012 6.7335368 6.733572 6.7336067 6.7336409 6.7336747 6.733708 6.733741 6.7337735 6.7338055 6.7338372 6.7338685 6.7338994 6.7339299 6.73396 6.7339897 6.7340191 6.7340481 6.7340767 6.734105 6.7341329 6.7341605 6.7341878 6.7342147 6.7342413 6.7342675 6.7342935 6.7343191 6.7343445 6.7343695 6.7343942 6.7344186 6.7344428 6.7344666 6.7344902 6.7345135 6.7345365 6.7345593 6.7345818
6.7325384 6.7325867 6.7326343 6.7326812 6.7327275 6.7327731 6.7328181 6.7328625 6.7329063 6.7329495 6.7329921 6.7330341 6.7330755 6.7331164 6.7331568 6.7331966 6.7332358 6.7332746 6.7333128 6.7333505 6.7333878 6.7334245 6.7334608 6.7334966 6.7335319 6.7335668 6.7336012 6.7336351 6.7336687 6.7337018 6.7337345 6.7337667 6.7337986 6.7338301 6.7338611 6.7338918 6.7339221 6.733952 6.7339815 6.7340107 6.7340395 6.734068 6.7340961 6.7341239 6.7341513 6.7341784 6.7342051 6.7342316 6.7342577 6.7342835 6.734309 6.7343342 6.7343591 6.7343837 6.734408 6.7344321 6.7344558 6.7344793 6.7345025 6.7345254
6.7324466 6.7324957 6.7325441 6.7325918 6.7326389 6.7326854 6.7327312 6.7327763 6.7328209 6.7328648 6.7329082 6.7329509 6.7329931 6.7330347 6.7330758 6.7331163 6.7331562 6.7331957 6.7332346 6.733273 6.7333109 6.7333483 6.7333852 6.7334216 6.7334575 6.733493 6.7335281 6.7335627 6.7335968 6.7336305 6.7336638 6.7336966 6.7337291 6.7337611 6.7337927 6.7338239 6.7338548 6.7338852 6.7339153 6.733945 6.7339744 6.7340034 6.734032 6.7340603 6.7340882 6.7341158 6.734143 6.73417 6.7341966 6.7342229 6.7342488 6.7342745 6.7342999 6.7343249 6.7343497 6.7343742 6.7343984 6.7344223 6.7344459 6.7344692
6.7323554 6.7324053 6.7324545 6.7325031 6.732551 6.7325982 6.7326448 6.7326907 6.732736 6.7327807 6.7328248 6.7328683 6.7329112 6.7329535 6.7329952 6.7330364 6.7330771 6.7331172 6.7331568 6.7331959 6.7332344 6.7332724 6.73331 6.7333471 6.7333836 6.7334198 6.7334554 6.7334906 6.7335253 6.7335596 6.7335935 6.7336269 6.7336599 6.7336925 6.7337247 6.7337565 6.7337879 6.7338189 6.7338495 6.7338797 6.7339096 6.7339391 6.7339682 6.733997 6.7340254 6.7340535 6.7340812 6.7341087 6.7341357 6.7341625 6.7341889 6.7342151 6.7342409 6.7342664 6.7342916 6.7343165 6.7343412 6.7343655 6.7343896 6.7344134
6.7322648 6.7323156 6.7323656 6.732415 6.7324636 6.7325116 6.732559 6.7326057 6.7326517 6.7326971 6.732742 6.7327862 6.7328298 6.7328728 6.7329153 6.7329571 6.7329985 6.7330393 6.7330795 6.7331192 6.7331584 6.7331971 6.7332353 6.733273 6.7333102 6.7333469 6.7333831 6.7334189 6.7334543 6.7334891 6.7335236 6.7335576 6.7335911 6.7336243 6.733657 6.7336894 6.7337213 6.7337528 6.733784 6.7338147 6.7338451 6.7338751 6.7339047 6.733934 6.733963 6.7339915 6.7340198 6.7340477 6.7340752 6.7341024 6.7341294 6.7341559 6.7341822 6.7342082 6.7342338 6.7342592 6.7342843 6.734309 6.7343335 6.7343577
6.7321749 6.7322265 6.7322773 6.7323275 6.7323769 6.7324257 6.7324738 6.7325212 6.732568 6.7326142 6.7326597 6.7327046 6.7327489 6.7327926 6.7328358 6.7328784 6.7329204 6.7329618 6.7330027 6.7330431 6.7330829 6.7331222 6.733161 6.7331993 6.7332371 6.7332745 6.7333113 6.7333477 6.7333836 6.7334191 6.7334541 6.7334886 6.7335228 6.7335565 6.7335898 6.7336226 6.7336551 6.7336871 6.7337188 6.7337501 6.733781 6.7338115 6.7338416 6.7338714 6.7339008 6.7339299 6.7339586 6.733987 6.734015 6.7340427 6.7340701 6.7340971 6.7341238 6.7341502 6.7341763 6.7342021 6.7342276 6.7342528 6.7342777 6.7343023
6.7320857 6.7321381 6.7321897 6.7322406 6.7322908 6.7323403 6.7323892 6.7324374 6.7324849 6.7325318 6.732578 6.7326236 6.7326686 6.732713 6.7327569 6.7328001 6.7328428 6.7328849 6.7329264 6.7329674 6.7330079 6.7330478 6.7330872 6.7331262 6.7331646 6.7332025 6.7332399 6.7332769 6.7333134 6.7333494 6.733385 6.7334201 6.7334548 6.733489 6.7335229 6.7335563 6.7335893 6.7336218 6.733654 6.7336858 6.7337172 6.7337482 6.7337789 6.7338091 6.733839 6.7338686 6.7338978 6.7339266 6.7339551 6.7339832 6.7340111 6.7340386 6.7340657 6.7340926 6.7341191 6.7341453 6.7341713 6.7341969 6.7342222 6.7342472
6.7319972 6.7320504 6.7321028 6.7321544 6.7322054 6.7322556 6.7323052 6.7323541 6.7324024 6.7324499 6.7324969 6.7325432 6.7325889 6.732634 6.7326785 6.7327224 6.7327657 6.7328084 6.7328506 6.7328922 6.7329333 6.7329739 6.7330139 6.7330535 6.7330925 6.733131 6.733169 6.7332065 6.7332436 6.7332802 6.7333163 6.733352 6.7333872 6.733422 6.7334564 6.7334903 6.7335238 6.7335569 6.7335896 6.7336219 6.7336538 6.7336853 6.7337164 6.7337472 6.7337776 6.7338076 6.7338372 6.7338665 6.7338955 6.7339241 6.7339524 6.7339803 6.7340079 6.7340352 6.7340622 6.7340888 6.7341152 6.7341412 6.734167 6.7341924
6.7319094 6.7319633 6.7320165 6.7320689 6.7321206 6.7321716 6.7322219 6.7322715 6.7323204 6.7323687 6.7324164 6.7324634 6.7325097 6.7325555 6.7326006 6.7326452 6.7326891 6.7327325 6.7327753 6.7328176 6.7328593 6.7329005 6.7329411 6.7329812 6.7330208 6.7330599 6.7330985 6.7331366 6.7331743 6.7332114 6.7332481 6.7332843 6.7333201 6.7333554 6.7333903 6.7334247 6.7334588 6.7334924 6.7335256 6.7335584 6.7335908 6.7336228 6.7336544 6.7336856 6.7337165 6.7337469 6.7337771 6.7338068 6.7338362 6.7338653 6.733894 6.7339224 6.7339504 6.7339782 6.7340056 6.7340326 6.7340594 6.7340859 6.734112 6.7341379
6.7318223 6.731877 6.7319309 6.731984 6.7320365 6.7320882 6.7321392 6.7321895 6.7322391 6.7322881 6.7323364 6.7323841 6.7324311 6.7324775 6.7325233 6.7325685 6.7326131 6.7326571 6.7327006 6.7327435 6.7327858 6.7328275 6.7328688 6.7329095 6.7329497 6.7329893 6.7330285 6.7330672 6.7331054 6.7331431 6.7331803 6.733217 6.7332533 6.7332892 6.7333246 6.7333596 6.7333941 6.7334282 6.7334619 6.7334952 6.7335281 6.7335606 6.7335927 6.7336244 6.7336557 6.7336866 6.7337172 6.7337474 6.7337773 6.7338068 6.733836 6.7338648 6.7338933 6.7339214 6.7339492 6.7339767 6.7340039 6.7340308 6.7340573 6.7340836
6.7317359 6.7317913 6.731846 6.7318999 6.731953 6.7320054 6.7320571 6.7321081 6.7321585 6.7322081 6.7322571 6.7323054 6.7323531 6.7324002 6.7324466 6.7324924 6.7325377 6.7325823 6.7326264 6.7326698 6.7327128 6.7327551 6.7327969 6.7328382 6.732879 6.7329192 6.7329589 6.7329982 6.7330369 6.7330751 6.7331129 6.7331502 6.733187 6.7332234 6.7332593 6.7332948 6.7333298 6.7333645 6.7333987 6.7334324 6.7334658 6.7334988 6.7335313 6.7335635 6.7335953 6.7336267 6.7336577 6.7336884 6.7337187 6.7337486 6.7337782 6.7338075 6.7338364 6.733865 6.7338932 6.7339211 6.7339487 6.733976 6.7340029 6.7340296
6.7316503 6.7317064 6.7317618 6.7318164 6.7318702 6.7319233 6.7319757 6.7320274 6.7320784 6.7321288 6.7321784 6.7322274 6.7322757 6.7323234 6.7323705 6.7324169 6.7324628 6.732508 6.7325527 6.7325968 6.7326403 6.7326832 6.7327256 6.7327675 6.7328088 6.7328496 6.7328899 6.7329296 6.7329689 6.7330077 6.733046 6.7330838 6.7331212 6.733158 6.7331945 6.7332305 6.733266 6.7333011 6.7333358 6.73337 6.7334039 6.7334373 6.7334704 6.733503 6.7335352 6.7335671 6.7335986 6.7336297 6.7336604 6.7336908 6.7337208 6.7337505 6.7337799 6.7338088 6.7338375 6.7338658 6.7338938 6.7339215 6.7339488 6.7339759
6.7315654 6.7316222 6.7316783 6.7317336 6.7317881 6.7318419 6.731895 6.7319474 6.731999 6.73205 6.7321003 6.7321499 6.7321989 6.7322472 6.7322949 6.732342 6.7323884 6.7324343 6.7324795 6.7325242 6.7325683 6.7326118 6.7326548 6.7326972 6.7327391 6.7327804 6.7328213 6.7328616 6.7329014 6.7329407 6.7329795 6.7330178 6.7330557 6.7330931 6.73313 6.7331665 6.7332025 6.7332381 6.7332733 6.733308 6.7333424 6.7333763 6.7334098 6.7334428 6.7334755 6.7335079 6.7335398 6.7335713 6.7336025 6.7336333 6.7336638 6.7336939 6.7337236 6.733753 6.7337821 6.7338108 6.7338392 6.7338673 6.733895 6.7339225
6.7314812 6.7315388 6.7315955 6.7316515 6.7317067 6.7317612 6.731815 6.731868 6.7319203 6.7319719 6.7320229 6.7320731 6.7321227 6.7321717 6.73222 6.7322676 6.7323147 6.7323611 6.7324069 6.7324522 6.7324969 6.7325409 6.7325845 6.7326275 6.7326699 6.7327118 6.7327531 6.732794 6.7328343 6.7328742 6.7329135 6.7329523 6.7329907 6.7330286 6.733066 6.733103 6.7331395 6.7331756 6.7332112 6.7332464 6.7332812 6.7333156 6.7333495 6.7333831 6.7334162 6.733449 6.7334814 6.7335133 6.7335449 6.7335762 6.7336071 6.7336376 6.7336677 6.7336975 6.733727 6.7337561 6.7337849 6.7338134 6.7338415 6.7338694
6.7313978 6.7314561 6.7315135 6.7315702 6.7316261 6.7316812 6.7317356 6.7317893 6.7318422 6.7318945 6.731946 6.7319969 6.7320471 6.7320967 6.7321456 6.7321938 6.7322415 6.7322885 6.7323349 6.7323807 6.732426 6.7324706 6.7325147 6.7325582 6.7326012 6.7326436 6.7326855 6.7327269 6.7327677 6.7328081 6.7328479 6.7328873 6.7329262 6.7329645 6.7330025 6.7330399 6.7330769 6.7331135 6.7331496 6.7331852 6.7332205 6.7332553 6.7332897 6.7333237 6.7333573 6.7333905 6.7334233 6.7334557 6.7334877 6.7335194 6.7335507 6.7335816 6.7336122 6.7336424 6.7336722 6.7337018 6.733731 6.7337598 6.7337883 6.7338165
6.7313152 6.7313741 6.7314322 6.7314895 6.7315461 6.7316019 6.7316569 6.7317112 6.7317648 6.7318177 6.7318699 6.7319214 6.7319722 6.7320223 6.7320718 6.7321207 6.7321689 6.7322165 6.7322635 6.7323098 6.7323556 6.7324008 6.7324454 6.7324895 6.732533 6.732576 6.7326184 6.7326603 6.7327016 6.7327425 6.7327828 6.7328227 6.7328621 6.7329009 6.7329393 6.7329773 6.7330147 6.7330517 6.7330883 6.7331244 6.7331601 6.7331954 6.7332303 6.7332647 6.7332987 6.7333323 6.7333656 6.7333984 6.7334309 6.7334629 6.7334946 6.733526 6.7335569 6.7335876 6.7336178 6.7336477 6.7336773 6.7337065 6.7337354 6.733764
6.7312333 6.7312929 6.7313517 6.7314097 6.7314669 6.7315233 6.731579 6.7316339 6.7316881 6.7317416 6.7317944 6.7318464 6.7318978 6.7319486 6.7319987 6.7320481 6.7320969 6.732145 6.7321926 6.7322395 6.7322858 6.7323316 6.7323767 6.7324213 6.7324654 6.7325088 6.7325518 6.7325942 6.732636 6.7326774 6.7327182 6.7327586 6.7327984 6.7328378 6.7328766 6.732915 6.732953 6.7329905 6.7330275 6.7330641 6.7331002 6.7331359 6.7331712 6.7332061 6.7332405 6.7332746 6.7333082 6.7333415 6.7333744 6.7334068 6.7334389 6.7334707 6.733502 6.7335331 6.7335637 6.733594 6.733624 6.7336536 6.7336829 6.7337118
6.7311523 6.7312125 6.7312719 6.7313305 6.7313883 6.7314454 6.7315017 6.7315572 6.731612 6.7316661 6.7317195 6.7317722 6.7318242 6.7318755 6.7319261 6.7319761 6.7320254 6.7320742 6.7321222 6.7321697 6.7322166 6.7322629 6.7323086 6.7323537 6.7323982 6.7324422 6.7324856 6.7325285 6.7325709 6.7326128 6.7326541 6.7326949 6.7327352 6.7327751 6.7328144 6.7328533 6.7328917 6.7329296 6.7329671 6.7330041 6.7330407 6.7330768 6.7331126 6.7331478 6.7331827 6.7332172 6.7332513 6.7332849 6.7333182 6.7333511 6.7333836 6.7334157 6.7334475 6.7334789 6.7335099 6.7335406 6.733571 6.733601 6.7336306 6.7336599
