Cobbity2/QGIS/AveAve14.asc
NCOLS 399
NROWS 219
XLLCORNER 150.661
YLLCORNER -34.0267
CELLSIZE 1e-05
NODATA_VALUE -9999
[rows 156 to 181 of 219, columns 60 to 119 of 399]
4.8052228 4.8054256 4.8056406 4.8058684 4.8061098 4.8063659 4.8066375 4.8069256 4.8072313 4.8075559 4.8079006 4.8082668 4.8086559 4.8090697 4.8095098 4.8099782 4.810477 4.8110085 4.8115751 4.8121797 4.8128254 4.8135154 4.8142538 4.8150448 4.8158933 4.816805 4.8177863 4.8188444 4.8199877 4.8212246 4.8225624 4.8240013 4.8255157 4.8269919 4.8281392 4.8287285 4.8302801 4.8331097 4.8374129 4.845713 4.8652498 4.8616849 4.8180898 4.7945257 4.7915862 4.7957729 4.7979919 4.7971917 4.7946794 4.7930267 4.7922521 4.789978 4.7864598 4.7818701 4.7761447 4.7689482 4.7596221 4.7480053 4.7391313 4.7404506
4.8050947 4.8052947 4.8055066 4.8057313 4.8059696 4.8062223 4.8064903 4.8067747 4.8070765 4.8073969 4.8077371 4.8080986 4.8084826 4.8088908 4.8093248 4.8097864 4.8102776 4.8108006 4.8113574 4.8119507 4.8125831 4.8132575 4.8139769 4.8147449 4.8155651 4.8164414 4.817378 4.8183791 4.819449 4.820591 4.8218067 4.8230936 4.8244449 4.8258496 4.8270658 4.8276448 4.8295667 4.8330298 4.8387648 4.8464149 4.8470205 4.8315357 4.797763 4.7653515 4.7904655 4.7976268 4.7984758 4.7969229 4.7934353 4.791611 4.7917595 4.7891625 4.7852301 4.7802422 4.7740325 4.766054 4.7547106 4.7349453 4.711412 4.7307995
4.8049624 4.8051593 4.8053681 4.8055895 4.8058243 4.8060734 4.8063376 4.8066181 4.8069158 4.8072318 4.8075675 4.807924 4.8083028 4.8087054 4.8091334 4.8095885 4.8100726 4.8105875 4.8111354 4.8117186 4.8123394 4.8130002 4.8137038 4.8144527 4.8152499 4.8160978 4.8169991 4.8179556 4.8189682 4.8200358 4.821154 4.8223125 4.8234924 4.8247174 4.8263143 4.8270996 4.8293266 4.834083 4.8433999 4.8671688 4.8753663 4.8303914 4.8020599 4.7877301 4.7948402 4.7989121 4.7989686 4.797433 4.7951632 4.7932974 4.7915294 4.7883283 4.783978 4.77857 4.7718497 4.7632352 4.7515674 4.7329284 4.7097024 4.7302212
4.804826 4.8050196 4.805225 4.8054428 4.805674 4.8059192 4.8061795 4.8064558 4.8067492 4.8070607 4.8073916 4.8077431 4.8081167 4.8085137 4.8089358 4.8093845 4.8098618 4.8103693 4.8109092 4.8114835 4.8120943 4.8127439 4.8134346 4.8141687 4.8149483 4.8157752 4.8166508 4.817575 4.8185459 4.8195575 4.8205964 4.8216345 4.8226005 4.8231793 4.8231059 4.8257368 4.829548 4.835671 4.8461402 4.866591 4.8715139 4.8194189 4.7871738 4.795116 4.7993248 4.8002404 4.7994575 4.7982325 4.7972025 4.794733 4.791427 4.7874815 4.7826819 4.7768384 4.7695401 4.7599577 4.7472215 4.7354196 4.7342567 4.7426847
4.8046855 4.8048756 4.8050773 4.8052914 4.8055186 4.8057598 4.8060159 4.8062878 4.8065766 4.8068834 4.8072094 4.8075558 4.807924 4.8083154 4.8087316 4.8091742 4.809645 4.8101457 4.8106783 4.8112449 4.8118473 4.8124879 4.8131688 4.8138919 4.8146591 4.815472 4.816331 4.8172351 4.8181797 4.8191537 4.8201317 4.821058 4.8218245 4.8222998 4.8222833 4.8251934 4.8301537 4.8380654 4.8533873 4.8687141 4.8449154 4.8084428 4.7737205 4.7940686 4.8007956 4.801018 4.799751 4.7988903 4.7999141 4.7959391 4.791231 4.7865813 4.7813267 4.7750495 4.7671859 4.7563803 4.7379465 4.7100396 4.7269879 4.7462386
4.8045409 4.8047273 4.8049251 4.8051352 4.8053583 4.8055952 4.8058468 4.8061141 4.8063981 4.8066999 4.8070207 4.8073618 4.8077245 4.8081103 4.8085207 4.8089572 4.8094218 4.8099161 4.8104421 4.8110018 4.8115974 4.8122308 4.8129042 4.8136197 4.8143792 4.8151841 4.8160348 4.8169298 4.8178634 4.8188206 4.8197648 4.8206019 4.8210535 4.8204893 4.8216966 4.825615 4.8310926 4.839942 4.8599422 4.9001934 4.8420288 4.8094153 4.8008019 4.8014437 4.8024542 4.8015035 4.7998492 4.7985384 4.7978343 4.7948263 4.7903853 4.7854708 4.7798624 4.7731685 4.764828 4.7540794 4.7393633 4.7209704 4.7326367 4.7493723
4.8043922 4.8045747 4.8047684 4.8049743 4.805193 4.8054253 4.8056722 4.8059346 4.8062135 4.8065101 4.8068256 4.8071611 4.8075181 4.8078981 4.8083025 4.808733 4.8091915 4.8096796 4.8101995 4.8107531 4.8113426 4.8119703 4.8126382 4.8133488 4.8141039 4.8149054 4.8157541 4.816649 4.817585 4.8185472 4.8194965 4.82033 4.8207328 4.8195249 4.8207843 4.8260829 4.8323297 4.8419222 4.8543197 4.8503412 4.8160824 4.7772801 4.8000194 4.8042192 4.803508 4.8016894 4.7998326 4.7985125 4.7966194 4.7934322 4.7891976 4.7841669 4.7782664 4.7711245 4.7619668 4.7494557 4.7366834 4.7376437 4.7454659 4.7542232
4.8042395 4.8044178 4.8046073 4.8048086 4.8050226 4.8052501 4.805492 4.8057492 4.8060228 4.8063139 4.8066237 4.8069534 4.8073045 4.8076784 4.8080766 4.808501 4.8089532 4.8094353 4.8099491 4.810497 4.8110811 4.8117037 4.8123674 4.8130744 4.8138272 4.8146279 4.8154781 4.8163779 4.8173246 4.818307 4.8192941 4.8202031 4.8208409 4.821141 4.8229264 4.8272499 4.833998 4.8458962 4.8809767 4.854854 4.8166542 4.7979108 4.8034583 4.8053814 4.8038459 4.8014963 4.7997528 4.8004173 4.7975834 4.7927893 4.7880528 4.7827656 4.7765496 4.7689482 4.7590918 4.7436627 4.7175059 4.7314347 4.7492344 4.7576714
4.8040829 4.8042568 4.8044416 4.8046382 4.8048472 4.8050696 4.8053062 4.8055579 4.8058258 4.806111 4.8064148 4.8067384 4.8070832 4.8074506 4.8078425 4.8082603 4.8087061 4.8091818 4.8096896 4.8102316 4.8108103 4.8114282 4.8120878 4.8127917 4.8135426 4.8143429 4.8151945 4.8160988 4.817055 4.8180578 4.8190866 4.82007 4.8207656 4.8205989 4.8232307 4.8284315 4.8363528 4.8479117 4.8522238 4.8261196 4.803973 4.8081683 4.8078903 4.8063442 4.8037372 4.8008476 4.7988828 4.7990152 4.7963206 4.7916404 4.7867638 4.7812654 4.7747017 4.7664745 4.7560007 4.7448954 4.7368261 4.7424511 4.7534361 4.7604539
4.8039224 4.8040916 4.8042716 4.8044631 4.8046669 4.8048838 4.8051147 4.8053606 4.8056225 4.8059015 4.8061988 4.8065158 4.8068538 4.8072145 4.8075994 4.8080103 4.8084492 4.8089181 4.8094192 4.809955 4.8105278 4.8111404 4.8117955 4.8124957 4.8132436 4.8140417 4.8148916 4.8157942 4.8167485 4.8177513 4.8187924 4.8198246 4.8205365 4.8203136 4.8237192 4.8297663 4.8396077 4.864721 4.8765037 4.8124425 4.7895924 4.808024 4.8091171 4.8066161 4.8031594 4.7993637 4.7962272 4.7949799 4.7933013 4.7898704 4.7852739 4.7796742 4.772781 4.7636933 4.7495793 4.7299562 4.7376936 4.7500741 4.7577381 4.7630357
4.803758 4.8039223 4.8040972 4.8042834 4.8044816 4.8046927 4.8049177 4.8051573 4.8054127 4.8056851 4.8059755 4.8062854 4.8066162 4.8069694 4.8073468 4.8077501 4.8081814 4.8086428 4.8091366 4.8096652 4.8102313 4.8108376 4.8114868 4.8121817 4.8129247 4.8137175 4.8145607 4.8154523 4.8163865 4.8173514 4.8183314 4.8193368 4.8204928 4.8214048 4.8240743 4.8312492 4.8426367 4.8535978 4.8362794 4.8170397 4.8126563 4.8118368 4.8098642 4.8064573 4.8022876 4.7971356 4.7909403 4.7912537 4.7912768 4.7882838 4.7837751 4.7780408 4.7708562 4.7616538 4.7484609 4.7279799 4.7380554 4.7535105 4.7609019 4.7652901
4.8035899 4.803749 4.8039185 4.804099 4.8042914 4.8044964 4.804715 4.804948 4.8051965 4.8054617 4.8057447 4.806047 4.8063699 4.8067151 4.8070842 4.8074791 4.8079019 4.8083548 4.8088401 4.8093604 4.8099184 4.8105168 4.8111585 4.8118461 4.8125816 4.8133659 4.8141977 4.8150707 4.8159697 4.8168605 4.8176711 4.8182681 4.8187974 4.82028 4.8233343 4.8324681 4.8487618 4.8904388 4.8220266 4.8098609 4.8166659 4.8139365 4.8101942 4.8060287 4.8015375 4.7964881 4.7910958 4.7908625 4.7901704 4.7869865 4.7823627 4.776389 4.7686411 4.7583152 4.7480714 4.7466199 4.7513211 4.7585214 4.7638098 4.7673091
4.8034181 4.8035718 4.8037356 4.8039102 4.8040964 4.8042949 4.8045067 4.8047326 4.8049738 4.8052313 4.8055064 4.8058004 4.8061147 4.8064511 4.8068111 4.8071966 4.8076099 4.8080531 4.8085286 4.809039 4.8095872 4.8101759 4.8108079 4.8114857 4.8122112 4.8129845 4.8138024 4.8146553 4.8155195 4.8163393 4.8169776 4.817029 4.8146586 4.8103927 4.8215313 4.8319266 4.8486848 4.8741903 4.8299534 4.8225346 4.8186685 4.8144485 4.8098764 4.8051651 4.8005041 4.7963607 4.7933343 4.7914802 4.7892808 4.7858242 4.7810646 4.7748211 4.7664932 4.7535443 4.7317686 4.7436862 4.7564493 4.7624822 4.766398 4.7691364
4.8032428 4.8033907 4.8035486 4.8037169 4.8038966 4.8040882 4.8042928 4.8045113 4.8047446 4.8049939 4.8052604 4.8055455 4.8058505 4.8061771 4.806527 4.8069022 4.8073047 4.8077368 4.8082009 4.8086997 4.8092361 4.8098127 4.8104326 4.8110982 4.8118112 4.8125715 4.8133757 4.8142133 4.8150592 4.8158575 4.8164791 4.8166176 4.8156064 4.8144662 4.8205764 4.8290739 4.8451677 4.8556556 4.8220285 4.8238282 4.8192081 4.8141543 4.8089725 4.8036057 4.7980186 4.7933061 4.7914983 4.7904482 4.788279 4.7848032 4.779962 4.7734253 4.7645786 4.754797 4.7473235 4.7519809 4.760546 4.7655211 4.7685917 4.7707647
4.803064 4.8032061 4.8033576 4.8035194 4.8036922 4.8038766 4.8040736 4.8042841 4.804509 4.8047495 4.8050068 4.8052822 4.8055771 4.8058931 4.8062319 4.8065955 4.8069859 4.8074053 4.8078564 4.8083416 4.8088638 4.809426 4.810031 4.8106814 4.8113793 4.812125 4.8129162 4.813745 4.8145931 4.8154227 4.8161599 4.8166662 4.8167419 4.8169939 4.8194498 4.8233957 4.8280232 4.8666105 4.8323145 4.8249791 4.8191953 4.8134306 4.8076207 4.8014847 4.7937862 4.7842206 4.7864258 4.7888162 4.7873592 4.784032 4.7792005 4.7725034 4.762017 4.7451819 4.7520912 4.7601308 4.7649314 4.768241 4.7704903 4.7721958
4.8028821 4.8030179 4.8031629 4.8033178 4.8034833 4.8036601 4.8038491 4.8040511 4.8042672 4.8044983 4.8047457 4.8050107 4.8052946 4.805599 4.8059257 4.8062764 4.8066532 4.8070584 4.8074944 4.8079639 4.8084695 4.8090144 4.8096015 4.8102337 4.8109134 4.811642 4.8124194 4.8132424 4.8141031 4.8149872 4.8158756 4.8167543 4.8175784 4.8179434 4.8184001 4.8175948 4.8078165 4.812344 4.8397488 4.8277458 4.8196307 4.8125085 4.8058088 4.7992589 4.7919094 4.7825528 4.7852793 4.788009 4.7867696 4.7836192 4.7788863 4.7723212 4.7646367 4.7558704 4.7587309 4.7650002 4.7684188 4.7705695 4.7721125 4.7734256
4.802697 4.8028263 4.8029645 4.8031122 4.8032702 4.803439 4.8036195 4.8038126 4.8040193 4.8042404 4.8044773 4.8047311 4.8050032 4.805295 4.8056084 4.8059449 4.8063067 4.806696 4.807115 4.8075664 4.8080529 4.8085776 4.8091435 4.8097536 4.8104112 4.8111187 4.8118786 4.8126926 4.8135623 4.8144928 4.8155015 4.8166541 4.818265 4.8212609 4.8181621 4.8141585 4.8058721 4.8071862 4.8369618 4.8375964 4.8205371 4.8112382 4.8029025 4.7955113 4.7903484 4.7881004 4.7880124 4.788027 4.7865586 4.7837048 4.7793264 4.77181 4.7612427 4.7646777 4.7672941 4.7695455 4.7712668 4.7724694 4.773439 4.7744462
4.802509 4.8026316 4.8027628 4.802903 4.803053 4.8032135 4.8033851 4.8035689 4.8037655 4.8039762 4.8042018 4.8044437 4.8047031 4.8049814 4.8052803 4.8056014 4.8059467 4.8063182 4.8067183 4.8071493 4.8076141 4.8081154 4.8086564 4.8092405 4.8098711 4.8105519 4.8112874 4.8120832 4.8129478 4.8138978 4.8149676 4.8162329 4.8178316 4.8198954 4.8191847 4.8132458 4.7957836 4.7714961 4.8143155 4.8282713 4.8220231 4.8089762 4.7977123 4.7871249 4.7796916 4.7846862 4.7876499 4.7878839 4.7866394 4.7844062 4.7814425 4.7767195 4.7679052 4.7695641 4.7720301 4.7729219 4.7734723 4.7739247 4.7744474 4.7752522
4.8023184 4.802434 4.8025578 4.8026903 4.8028321 4.8029838 4.8031462 4.8033202 4.8035064 4.8037059 4.8039197 4.8041489 4.8043948 4.8046586 4.804942 4.8052464 4.8055737 4.8059259 4.806305 4.8067133 4.8071536 4.8076284 4.8081409 4.8086944 4.8092926 4.8099399 4.8106418 4.8114063 4.8122458 4.8131822 4.8142575 4.815555 4.8172549 4.8195877 4.8219668 4.8180525 4.8085516 4.7986733 4.785326 4.8124406 4.8276247 4.8033305 4.7886986 4.7773602 4.7686763 4.7813041 4.7868241 4.787757 4.7869823 4.785553 4.7843853 4.7856027 4.7808338 4.7767496 4.7757701 4.7753214 4.7750232 4.7749088 4.7751022 4.7758366
4.8021253 4.8022338 4.80235 4.8024744 4.8026077 4.8027504 4.8029032 4.8030669 4.8032422 4.80343 4.8036314 4.8038473 4.8040788 4.8043273 4.8045941 4.8048806 4.8051886 4.8055197 4.805876 4.8062596 4.8066728 4.8071181 4.8075983 4.8081167 4.8086768 4.809283 4.8099413 4.8106599 4.8114521 4.8123409 4.8133689 4.8146243 4.8163172 4.8192026 4.8262449 4.8238366 4.8211343 4.8085578 4.7907282 4.8022687 4.795289 4.7856442 4.7778726 4.7655463 4.7785528 4.7840916 4.787245 4.7879786 4.7875691 4.787006 4.786647 4.7860955 4.783702 4.7803303 4.7782149 4.7768641 4.7759381 4.7753899 4.7753345 4.7760604
4.8019301 4.8020312 4.8021396 4.8022557 4.8023802 4.8025135 4.8026564 4.8028094 4.8029734 4.8031491 4.8033374 4.8035394 4.8037559 4.8039882 4.8042374 4.804505 4.8047923 4.805101 4.8054328 4.8057896 4.8061733 4.8065863 4.8070309 4.8075099 4.8080265 4.8085846 4.8091893 4.809848 4.810572 4.8113805 4.8123081 4.8134231 4.8148719 4.8169491 4.81963 4.8245376 4.8259128 4.8295887 4.8163237 4.8094722 4.7908814 4.7822607 4.7789227 4.7814342 4.784307 4.7869729 4.7882468 4.7884436 4.7882512 4.7887835 4.7916658 4.7903189 4.785315 4.78196 4.7794726 4.7776068 4.7762235 4.7753219 4.7750552 4.7757375
4.8017329 4.8018265 4.8019269 4.8020345 4.8021499 4.8022736 4.8024062 4.8025483 4.8027005 4.8028637 4.8030385 4.8032259 4.8034268 4.8036421 4.803873 4.8041206 4.8043863 4.8046713 4.8049771 4.8053054 4.8056577 4.8060358 4.8064418 4.8068778 4.8073462 4.80785 4.8083929 4.80898 4.8096189 4.8103217 4.8111083 4.8120118 4.8130819 4.8143583 4.8158137 4.8173863 4.8174077 4.8166832 4.8119926 4.8055787 4.7983846 4.7925258 4.7890804 4.7884635 4.7886703 4.7890882 4.7891555 4.7888834 4.7887096 4.78953 4.7927531 4.7916594 4.7863654 4.7827052 4.779896 4.7776449 4.775876 4.7746275 4.7741251 4.7750035
4.8015342 4.80162 4.8017122 4.8018112 4.8019173 4.8020312 4.8021532 4.802284 4.8024242 4.8025744 4.8027353 4.8029077 4.8030924 4.8032902 4.803502 4.8037289 4.803972 4.8042323 4.8045109 4.8048092 4.8051285 4.8054699 4.805835 4.8062252 4.8066419 4.8070869 4.807562 4.8080697 4.808613 4.809196 4.809824 4.8105014 4.811224 4.8119575 4.8126024 4.8129132 4.8124579 4.8109969 4.8081724 4.8042986 4.8001038 4.7963233 4.7935614 4.7919537 4.7910364 4.7903872 4.7897501 4.7891367 4.7888507 4.7894308 4.790961 4.7902645 4.7864962 4.7828267 4.7796792 4.7770355 4.7748707 4.7731962 4.7721758 4.7727174
4.8013341 4.8014121 4.801496 4.8015861 4.8016828 4.8017866 4.8018979 4.8020172 4.802145 4.802282 4.8024286 4.8025856 4.8027536 4.8029334 4.8031257 4.8033313 4.8035511 4.8037858 4.8040364 4.8043038 4.8045888 4.8048922 4.8052149 4.8055574 4.8059202 4.8063038 4.8067082 4.8071329 4.807577 4.8080378 4.8085101 4.8089819 4.8094272 4.8097929 4.8099813 4.8098348 4.8091646 4.8078266 4.8057681 4.8031438 4.8002873 4.7975704 4.7952853 4.7935214 4.7921587 4.7910222 4.790008 4.7891607 4.7887369 4.7893728 4.7925003 4.7919908 4.7868072 4.782658 4.7788799 4.7757441 4.773149 4.770989 4.7691087 4.7670283
4.8011331 4.8012031 4.8012786 4.8013597 4.8014468 4.8015404 4.8016408 4.8017484 4.8018637 4.8019871 4.8021193 4.8022606 4.8024117 4.8025731 4.8027454 4.8029292 4.8031252 4.803334 4.803556 4.8037919 4.804042 4.8043067 4.8045862 4.8048802 4.8051885 4.8055101 4.8058433 4.8061855 4.8065324 4.8068772 4.8072084 4.8075072 4.8077423 4.807864 4.8077987 4.8074514 4.8067254 4.8055554 4.8039415 4.8019769 4.7998335 4.7977065 4.7957512 4.7940339 4.7925329 4.7911919 4.7899847 4.7889674 4.7883231 4.7883937 4.7892643 4.7895689 4.78872 4.7823917 4.7772309 4.7735819 4.7704971 4.768035 4.7658893 4.7640564
4.8009314 4.8009934 4.8010603 4.8011324 4.8012099 4.8012931 4.8013824 4.8014782 4.8015808 4.8016906 4.8018081 4.8019335 4.8020675 4.8022103 4.8023625 4.8025244 4.8026964 4.8028789 4.8030721 4.8032763 4.8034914 4.8037173 4.8039536 4.8041996 4.8044538 4.8047144 4.8049784 4.8052415 4.8054974 4.8057368 4.8059459 4.8061045 4.8061835 4.8061424 4.8059296 4.8054871 4.8047626 4.803727 4.8023903 4.80081 4.7990816 4.7973133 4.7955943 4.7939745 4.7924638 4.7910548 4.7897538 4.7886084 4.7877252 4.7872616 4.7874541 4.7898182 4.7912881 4.7796098 4.773914 4.770608 4.7655053 4.7657225 4.7623953 4.7656408
