Cobbity2/QGIS/AveAve14.asc
NCOLS 399
NROWS 219
XLLCORNER 150.661
YLLCORNER -34.0267
CELLSIZE 1e-05
NODATA_VALUE -9999
[rows 156 to 181 of 219, columns 300 to 359 of 399]
4.8144572 4.8144636 4.8144695 4.8144748 4.8144796 4.8144839 4.8144877 4.814491 4.8144938 4.8144961 4.814498 4.8144994 4.8145004 4.8145009 4.814501 4.8145007 4.8144999 4.8144988 4.8144973 4.8144954 4.8144931 4.8144905 4.8144875 4.8144841 4.8144805 4.8144765 4.8144721 4.8144675 4.8144625 4.8144573 4.8144518 4.814446 4.8144399 4.8144335 4.8144269 4.8144201 4.814413 4.8144056 4.8143981 4.8143903 4.8143823 4.8143741 4.8143657 4.8143571 4.8143483 4.8143393 4.8143301 4.8143208 4.8143113 4.8143016 4.8142918 4.8142818 4.8142717 4.8142615 4.8142511 4.8142406 4.8142299 4.8142191 4.8142083 4.8141973
4.8143148 4.8143225 4.8143296 4.8143361 4.8143422 4.8143477 4.8143527 4.8143572 4.8143613 4.8143648 4.8143679 4.8143705 4.8143726 4.8143743 4.8143756 4.8143764 4.8143768 4.8143768 4.8143765 4.8143757 4.8143745 4.814373 4.8143711 4.8143688 4.8143662 4.8143633 4.81436 4.8143564 4.8143525 4.8143483 4.8143438 4.814339 4.814334 4.8143286 4.814323 4.8143171 4.814311 4.8143046 4.814298 4.8142912 4.8142841 4.8142768 4.8142693 4.8142616 4.8142537 4.8142456 4.8142373 4.8142288 4.8142202 4.8142114 4.8142024 4.8141933 4.814184 4.8141745 4.814165 4.8141552 4.8141454 4.8141354 4.8141253 4.8141151
4.8141738 4.8141827 4.814191 4.8141988 4.8142061 4.8142128 4.814219 4.8142247 4.8142299 4.8142346 4.8142389 4.8142426 4.814246 4.8142488 4.8142512 4.8142532 4.8142547 4.8142559 4.8142566 4.8142569 4.8142568 4.8142564 4.8142556 4.8142544 4.8142528 4.814251 4.8142487 4.8142462 4.8142433 4.8142401 4.8142366 4.8142328 4.8142287 4.8142244 4.8142197 4.8142148 4.8142096 4.8142042 4.8141985 4.8141926 4.8141864 4.8141801 4.8141735 4.8141666 4.8141596 4.8141524 4.814145 4.8141374 4.8141296 4.8141216 4.8141135 4.8141051 4.8140967 4.814088 4.8140792 4.8140703 4.8140612 4.814052 4.8140427 4.8140332
4.8140343 4.8140444 4.8140539 4.8140629 4.8140713 4.8140792 4.8140866 4.8140934 4.8140998 4.8141057 4.8141111 4.814116 4.8141204 4.8141244 4.8141279 4.814131 4.8141336 4.8141358 4.8141377 4.8141391 4.8141401 4.8141407 4.8141409 4.8141408 4.8141403 4.8141394 4.8141382 4.8141367 4.8141348 4.8141326 4.8141301 4.8141273 4.8141242 4.8141208 4.8141171 4.8141131 4.8141089 4.8141044 4.8140996 4.8140946 4.8140894 4.8140839 4.8140782 4.8140722 4.8140661 4.8140597 4.8140531 4.8140464 4.8140394 4.8140323 4.8140249 4.8140174 4.8140098 4.8140019 4.8139939 4.8139858 4.8139775 4.813969 4.8139604 4.8139517
4.8138962 4.8139074 4.8139181 4.8139282 4.8139378 4.8139469 4.8139554 4.8139634 4.8139709 4.8139779 4.8139844 4.8139904 4.8139959 4.814001 4.8140056 4.8140098 4.8140135 4.8140168 4.8140197 4.8140221 4.8140242 4.8140259 4.8140271 4.814028 4.8140285 4.8140287 4.8140285 4.814028 4.8140271 4.8140259 4.8140243 4.8140225 4.8140203 4.8140179 4.8140151 4.8140121 4.8140087 4.8140052 4.8140013 4.8139972 4.8139928 4.8139882 4.8139834 4.8139783 4.813973 4.8139675 4.8139618 4.8139559 4.8139497 4.8139434 4.8139369 4.8139302 4.8139233 4.8139162 4.813909 4.8139016 4.8138941 4.8138864 4.8138786 4.8138706
4.8137595 4.8137719 4.8137837 4.8137949 4.8138056 4.8138158 4.8138254 4.8138346 4.8138432 4.8138512 4.8138588 4.8138659 4.8138726 4.8138787 4.8138844 4.8138896 4.8138944 4.8138988 4.8139027 4.8139062 4.8139093 4.8139119 4.8139142 4.8139161 4.8139177 4.8139188 4.8139196 4.81392 4.8139201 4.8139199 4.8139193 4.8139184 4.8139171 4.8139156 4.8139138 4.8139117 4.8139093 4.8139066 4.8139036 4.8139004 4.8138969 4.8138932 4.8138892 4.813885 4.8138805 4.8138758 4.8138709 4.8138658 4.8138605 4.813855 4.8138493 4.8138433 4.8138372 4.813831 4.8138245 4.8138179 4.8138111 4.8138041 4.813797 4.8137898
4.8136242 4.8136377 4.8136506 4.813663 4.8136748 4.813686 4.8136967 4.8137069 4.8137166 4.8137258 4.8137344 4.8137426 4.8137503 4.8137575 4.8137642 4.8137705 4.8137763 4.8137817 4.8137866 4.8137912 4.8137952 4.8137989 4.8138022 4.8138051 4.8138076 4.8138097 4.8138115 4.8138129 4.8138139 4.8138146 4.813815 4.813815 4.8138147 4.8138141 4.8138131 4.8138119 4.8138104 4.8138086 4.8138065 4.8138042 4.8138015 4.8137987 4.8137955 4.8137922 4.8137885 4.8137847 4.8137806 4.8137763 4.8137718 4.813767 4.8137621 4.813757 4.8137516 4.8137461 4.8137404 4.8137345 4.8137285 4.8137223 4.8137159 4.8137094
4.8134903 4.8135049 4.8135189 4.8135323 4.8135452 4.8135575 4.8135693 4.8135806 4.8135913 4.8136015 4.8136112 4.8136204 4.8136291 4.8136374 4.8136451 4.8136524 4.8136592 4.8136656 4.8136716 4.8136771 4.8136821 4.8136868 4.8136911 4.8136949 4.8136984 4.8137015 4.8137042 4.8137065 4.8137085 4.8137101 4.8137114 4.8137123 4.8137129 4.8137132 4.8137132 4.8137128 4.8137122 4.8137113 4.8137101 4.8137086 4.8137068 4.8137047 4.8137024 4.8136999 4.8136971 4.813694 4.8136908 4.8136873 4.8136835 4.8136796 4.8136754 4.813671 4.8136665 4.8136617 4.8136568 4.8136516 4.8136463 4.8136408 4.8136351 4.8136293
4.8133579 4.8133735 4.8133885 4.813403 4.8134169 4.8134303 4.8134431 4.8134554 4.8134671 4.8134784 4.8134891 4.8134993 4.813509 4.8135183 4.813527 4.8135353 4.8135432 4.8135505 4.8135574 4.8135639 4.81357 4.8135756 4.8135808 4.8135856 4.81359 4.813594 4.8135977 4.8136009 4.8136038 4.8136064 4.8136085 4.8136104 4.8136119 4.813613 4.8136139 4.8136144 4.8136146 4.8136146 4.8136142 4.8136135 4.8136126 4.8136114 4.8136099 4.8136082 4.8136062 4.8136039 4.8136014 4.8135987 4.8135958 4.8135926 4.8135892 4.8135856 4.8135818 4.8135777 4.8135735 4.8135691 4.8135645 4.8135597 4.8135548 4.8135497
4.8132268 4.8132434 4.8132595 4.813275 4.8132899 4.8133043 4.8133181 4.8133314 4.8133442 4.8133564 4.8133681 4.8133794 4.8133901 4.8134003 4.81341 4.8134193 4.8134281 4.8134364 4.8134443 4.8134517 4.8134587 4.8134653 4.8134714 4.8134772 4.8134825 4.8134874 4.813492 4.8134962 4.8134999 4.8135034 4.8135064 4.8135092 4.8135115 4.8135136 4.8135153 4.8135167 4.8135177 4.8135185 4.813519 4.8135191 4.813519 4.8135186 4.8135179 4.813517 4.8135158 4.8135143 4.8135126 4.8135107 4.8135085 4.8135061 4.8135034 4.8135006 4.8134975 4.8134942 4.8134907 4.813487 4.8134831 4.8134791 4.8134748 4.8134704
4.8130971 4.8131147 4.8131318 4.8131483 4.8131642 4.8131796 4.8131944 4.8132087 4.8132224 4.8132356 4.8132483 4.8132605 4.8132722 4.8132834 4.8132941 4.8133043 4.813314 4.8133233 4.8133321 4.8133405 4.8133484 4.8133559 4.813363 4.8133696 4.8133758 4.8133817 4.8133871 4.8133922 4.8133969 4.8134012 4.8134051 4.8134087 4.8134119 4.8134148 4.8134174 4.8134196 4.8134215 4.8134231 4.8134244 4.8134253 4.813426 4.8134264 4.8134266 4.8134264 4.813426 4.8134253 4.8134244 4.8134232 4.8134217 4.8134201 4.8134182 4.813416 4.8134137 4.8134111 4.8134083 4.8134054 4.8134022 4.8133988 4.8133952 4.8133915
4.8129688 4.8129874 4.8130054 4.8130229 4.8130398 4.8130561 4.8130719 4.8130871 4.8131018 4.813116 4.8131296 4.8131428 4.8131554 4.8131675 4.8131791 4.8131903 4.8132009 4.8132111 4.8132209 4.8132302 4.813239 4.8132474 4.8132554 4.8132629 4.81327 4.8132767 4.8132831 4.813289 4.8132945 4.8132997 4.8133045 4.8133089 4.813313 4.8133167 4.8133201 4.8133232 4.8133259 4.8133283 4.8133304 4.8133322 4.8133337 4.8133348 4.8133357 4.8133364 4.8133367 4.8133368 4.8133366 4.8133362 4.8133355 4.8133346 4.8133334 4.813332 4.8133303 4.8133285 4.8133264 4.8133241 4.8133216 4.813319 4.8133161 4.813313
4.8128418 4.8128614 4.8128804 4.8128988 4.8129166 4.8129339 4.8129506 4.8129668 4.8129824 4.8129975 4.8130121 4.8130261 4.8130397 4.8130527 4.8130652 4.8130773 4.8130889 4.8131 4.8131106 4.8131208 4.8131305 4.8131398 4.8131486 4.8131571 4.8131651 4.8131727 4.8131798 4.8131866 4.813193 4.813199 4.8132046 4.8132099 4.8132148 4.8132194 4.8132236 4.8132274 4.813231 4.8132342 4.813237 4.8132396 4.8132419 4.8132438 4.8132455 4.8132469 4.813248 4.8132488 4.8132494 4.8132497 4.8132497 4.8132495 4.8132491 4.8132484 4.8132475 4.8132463 4.8132449 4.8132433 4.8132415 4.8132395 4.8132373 4.8132349
4.8127163 4.8127367 4.8127566 4.8127759 4.8127947 4.8128129 4.8128305 4.8128476 4.8128641 4.8128801 4.8128956 4.8129106 4.812925 4.812939 4.8129524 4.8129654 4.8129778 4.8129898 4.8130013 4.8130124 4.813023 4.8130331 4.8130428 4.8130521 4.813061 4.8130694 4.8130774 4.813085 4.8130923 4.8130991 4.8131056 4.8131116 4.8131174 4.8131227 4.8131277 4.8131324 4.8131367 4.8131407 4.8131443 4.8131477 4.8131507 4.8131534 4.8131559 4.813158 4.8131599 4.8131614 4.8131627 4.8131637 4.8131645 4.813165 4.8131653 4.8131653 4.8131651 4.8131646 4.8131639 4.813163 4.8131619 4.8131605 4.813159 4.8131572
4.812592 4.8126134 4.8126342 4.8126544 4.812674 4.8126931 4.8127117 4.8127296 4.8127471 4.812764 4.8127803 4.8127962 4.8128115 4.8128263 4.8128406 4.8128544 4.8128678 4.8128806 4.812893 4.8129049 4.8129163 4.8129273 4.8129379 4.812948 4.8129577 4.812967 4.8129758 4.8129843 4.8129923 4.813 4.8130072 4.8130141 4.8130206 4.8130268 4.8130326 4.813038 4.8130431 4.8130478 4.8130523 4.8130564 4.8130602 4.8130636 4.8130668 4.8130697 4.8130723 4.8130746 4.8130766 4.8130783 4.8130798 4.813081 4.813082 4.8130827 4.8130831 4.8130833 4.8130833 4.8130831 4.8130826 4.8130819 4.813081 4.8130799
4.8124692 4.8124914 4.8125131 4.8125341 4.8125547 4.8125746 4.812594 4.8126128 4.8126311 4.8126489 4.8126661 4.8126828 4.812699 4.8127147 4.8127299 4.8127445 4.8127587 4.8127724 4.8127856 4.8127984 4.8128106 4.8128225 4.8128339 4.8128448 4.8128553 4.8128654 4.812875 4.8128843 4.8128931 4.8129016 4.8129096 4.8129173 4.8129246 4.8129315 4.8129381 4.8129443 4.8129502 4.8129557 4.8129609 4.8129657 4.8129702 4.8129744 4.8129784 4.812982 4.8129853 4.8129883 4.812991 4.8129934 4.8129956 4.8129975 4.8129992 4.8130005 4.8130017 4.8130026 4.8130032 4.8130036 4.8130038 4.8130038 4.8130035 4.813003
4.8123476 4.8123707 4.8123932 4.8124151 4.8124365 4.8124573 4.8124776 4.8124972 4.8125164 4.812535 4.8125531 4.8125706 4.8125876 4.8126041 4.8126201 4.8126356 4.8126506 4.8126652 4.8126792 4.8126928 4.8127059 4.8127185 4.8127307 4.8127424 4.8127537 4.8127646 4.8127751 4.8127851 4.8127947 4.812804 4.8128128 4.8128213 4.8128293 4.812837 4.8128443 4.8128513 4.8128579 4.8128642 4.8128701 4.8128757 4.8128809 4.8128859 4.8128905 4.8128948 4.8128988 4.8129025 4.8129059 4.8129091 4.8129119 4.8129145 4.8129168 4.8129189 4.8129207 4.8129223 4.8129236 4.8129246 4.8129255 4.8129261 4.8129264 4.8129266
4.8122274 4.8122513 4.8122747 4.8122974 4.8123196 4.8123412 4.8123623 4.8123828 4.8124028 4.8124222 4.8124411 4.8124595 4.8124773 4.8124946 4.8125114 4.8125278 4.8125436 4.8125589 4.8125737 4.8125881 4.812602 4.8126154 4.8126284 4.812641 4.8126531 4.8126647 4.8126759 4.8126868 4.8126972 4.8127072 4.8127167 4.8127259 4.8127348 4.8127432 4.8127513 4.812759 4.8127663 4.8127733 4.8127799 4.8127863 4.8127922 4.8127979 4.8128032 4.8128082 4.8128129 4.8128173 4.8128214 4.8128253 4.8128288 4.8128321 4.812835 4.8128378 4.8128402 4.8128424 4.8128444 4.8128461 4.8128475 4.8128488 4.8128498 4.8128506
4.8121085 4.8121332 4.8121574 4.8121809 4.8122039 4.8122264 4.8122482 4.8122696 4.8122903 4.8123106 4.8123303 4.8123494 4.8123681 4.8123862 4.8124038 4.8124209 4.8124375 4.8124536 4.8124692 4.8124844 4.8124991 4.8125133 4.812527 4.8125404 4.8125532 4.8125656 4.8125776 4.8125892 4.8126004 4.8126111 4.8126214 4.8126314 4.8126409 4.8126501 4.8126589 4.8126673 4.8126754 4.8126831 4.8126905 4.8126975 4.8127042 4.8127105 4.8127165 4.8127222 4.8127276 4.8127327 4.8127375 4.812742 4.8127462 4.8127501 4.8127537 4.8127571 4.8127602 4.8127631 4.8127657 4.812768 4.8127701 4.8127719 4.8127736 4.8127749
4.8119909 4.8120164 4.8120413 4.8120657 4.8120895 4.8121127 4.8121353 4.8121575 4.812179 4.8122 4.8122205 4.8122404 4.8122599 4.8122788 4.8122972 4.812315 4.8123324 4.8123493 4.8123657 4.8123816 4.8123971 4.812412 4.8124265 4.8124406 4.8124542 4.8124674 4.8124801 4.8124925 4.8125043 4.8125158 4.8125269 4.8125376 4.8125478 4.8125577 4.8125673 4.8125764 4.8125852 4.8125936 4.8126016 4.8126093 4.8126167 4.8126237 4.8126305 4.8126368 4.8126429 4.8126487 4.8126541 4.8126593 4.8126641 4.8126687 4.812673 4.812677 4.8126807 4.8126842 4.8126874 4.8126904 4.8126931 4.8126955 4.8126978 4.8126998
4.8118746 4.8119009 4.8119266 4.8119517 4.8119762 4.8120002 4.8120236 4.8120465 4.8120688 4.8120906 4.8121118 4.8121326 4.8121527 4.8121724 4.8121915 4.8122102 4.8122283 4.812246 4.8122631 4.8122798 4.812296 4.8123117 4.8123269 4.8123417 4.8123561 4.81237 4.8123835 4.8123965 4.8124091 4.8124213 4.8124331 4.8124445 4.8124555 4.8124661 4.8124763 4.8124861 4.8124956 4.8125047 4.8125135 4.8125218 4.8125299 4.8125376 4.812545 4.812552 4.8125588 4.8125652 4.8125713 4.8125771 4.8125826 4.8125878 4.8125927 4.8125973 4.8126017 4.8126058 4.8126096 4.8126132 4.8126165 4.8126196 4.8126224 4.812625
4.8117596 4.8117866 4.8118131 4.8118389 4.8118642 4.8118889 4.8119131 4.8119367 4.8119598 4.8119823 4.8120043 4.8120257 4.8120467 4.8120671 4.8120869 4.8121063 4.8121252 4.8121436 4.8121615 4.8121789 4.8121958 4.8122122 4.8122282 4.8122437 4.8122588 4.8122734 4.8122876 4.8123014 4.8123147 4.8123276 4.8123401 4.8123522 4.8123639 4.8123752 4.8123861 4.8123966 4.8124067 4.8124165 4.8124259 4.812435 4.8124437 4.8124521 4.8124601 4.8124678 4.8124752 4.8124823 4.812489 4.8124954 4.8125016 4.8125074 4.812513 4.8125182 4.8125232 4.8125279 4.8125323 4.8125365 4.8125404 4.8125441 4.8125475 4.8125507
4.8116459 4.8116736 4.8117008 4.8117274 4.8117534 4.8117788 4.8118037 4.8118281 4.8118518 4.8118751 4.8118978 4.81192 4.8119416 4.8119628 4.8119834 4.8120035 4.8120231 4.8120421 4.8120607 4.8120789 4.8120965 4.8121137 4.8121304 4.8121466 4.8121624 4.8121777 4.8121926 4.812207 4.812221 4.8122346 4.8122478 4.8122606 4.812273 4.8122849 4.8122965 4.8123077 4.8123185 4.812329 4.8123391 4.8123488 4.8123582 4.8123672 4.8123759 4.8123842 4.8123922 4.8123999 4.8124073 4.8124143 4.8124211 4.8124276 4.8124337 4.8124396 4.8124452 4.8124505 4.8124555 4.8124603 4.8124648 4.8124691 4.812473 4.8124768
4.8115335 4.8115619 4.8115897 4.811617 4.8116437 4.8116699 4.8116955 4.8117205 4.811745 4.811769 4.8117924 4.8118153 4.8118376 4.8118595 4.8118808 4.8119016 4.8119219 4.8119417 4.811961 4.8119798 4.8119981 4.812016 4.8120334 4.8120503 4.8120668 4.8120828 4.8120984 4.8121135 4.8121282 4.8121425 4.8121563 4.8121698 4.8121828 4.8121954 4.8122077 4.8122195 4.812231 4.8122421 4.8122528 4.8122632 4.8122732 4.8122829 4.8122922 4.8123012 4.8123098 4.8123181 4.8123261 4.8123338 4.8123412 4.8123483 4.812355 4.8123615 4.8123677 4.8123736 4.8123792 4.8123846 4.8123896 4.8123945 4.812399 4.8124033
4.8114223 4.8114514 4.8114799 4.8115079 4.8115353 4.8115621 4.8115884 4.8116141 4.8116393 4.811664 4.8116881 4.8117117 4.8117347 4.8117572 4.8117792 4.8118007 4.8118217 4.8118422 4.8118622 4.8118817 4.8119007 4.8119192 4.8119373 4.8119549 4.811972 4.8119887 4.812005 4.8120208 4.8120361 4.8120511 4.8120656 4.8120797 4.8120934 4.8121067 4.8121196 4.8121321 4.8121442 4.8121559 4.8121673 4.8121783 4.8121889 4.8121992 4.8122092 4.8122188 4.812228 4.8122369 4.8122456 4.8122538 4.8122618 4.8122695 4.8122768 4.8122839 4.8122907 4.8122972 4.8123034 4.8123093 4.8123149 4.8123203 4.8123255 4.8123303
4.8113123 4.8113421 4.8113713 4.8113999 4.811428 4.8114555 4.8114825 4.8115089 4.8115347 4.81156 4.8115848 4.8116091 4.8116328 4.811656 4.8116787 4.8117008 4.8117225 4.8117436 4.8117643 4.8117844 4.8118041 4.8118233 4.8118421 4.8118603 4.8118781 4.8118955 4.8119124 4.8119288 4.8119448 4.8119604 4.8119756 4.8119903 4.8120047 4.8120186 4.8120321 4.8120453 4.812058 4.8120704 4.8120824 4.812094 4.8121053 4.8121162 4.8121267 4.8121369 4.8121468 4.8121563 4.8121655 4.8121744 4.812183 4.8121912 4.8121992 4.8122068 4.8122142 4.8122212 4.812228 4.8122345 4.8122407 4.8122467 4.8122523 4.8122578
