Cobbity2/QGIS/AveAve14.asc
NCOLS 399
NROWS 219
XLLCORNER 150.661
YLLCORNER -34.0267
CELLSIZE 1e-05
NODATA_VALUE -9999
[rows 156 to 181 of 219, columns 120 to 179 of 399]
4.7483388 4.7563676 4.7619241 4.7654884 4.767832 4.7695074 4.7709326 4.772202 4.7724861 4.7711114 4.7692187 4.767851 4.7670542 4.7668962 4.7676793 4.7691512 4.7683527 4.7647078 4.7597837 4.7544174 4.7487534 4.7424099 4.7348149 4.7248896 4.7084855 4.6827061 4.7039047 4.7187233 4.7209252 4.7124666 4.7103242 4.725275 4.7344958 4.7403648 4.7440411 4.7456811 4.7448759 4.7406617 4.7335433 4.7316326 4.7413024 4.7559534 4.7689826 4.7809107 4.793364 4.8052957 4.8082297 4.8044214 4.7998218 4.7972946 4.7966533 4.7974066 4.7997594 4.8047957 4.8035517 4.7996605 4.7982653 4.7975349 4.7966011 4.7950589
4.7486741 4.7576016 4.762907 4.7663371 4.7687137 4.7705599 4.7723749 4.7749535 4.7744846 4.7715605 4.7696518 4.768362 4.7676803 4.7678871 4.7701228 4.777181 4.7767542 4.7663321 4.7594039 4.7535896 4.7476098 4.7408054 4.7325124 4.722146 4.7108916 4.7043124 4.7117751 4.7200843 4.7208434 4.7121405 4.7100457 4.7258092 4.7354456 4.7411482 4.7444413 4.7455406 4.7438487 4.7369385 4.7176098 4.7180199 4.7430977 4.7588376 4.7713981 4.7832653 4.7971933 4.8184169 4.81484 4.8022983 4.7978891 4.7962546 4.7961862 4.7973019 4.79934 4.8017382 4.8012543 4.7990102 4.7976777 4.7966946 4.7951163 4.791635
4.7494809 4.7586994 4.7638767 4.767227 4.7696889 4.7717879 4.7736733 4.7751139 4.7745396 4.7719702 4.7699858 4.7687 4.768129 4.768517 4.7706562 4.7767419 4.7761837 4.7660209 4.7586976 4.7525916 4.7462916 4.7389429 4.7294982 4.7156119 4.6955312 4.6990559 4.7144697 4.7211096 4.7204042 4.7170294 4.7210156 4.7295869 4.7370954 4.7421237 4.7449203 4.745479 4.7432276 4.7368637 4.7239348 4.7254138 4.7463181 4.7616532 4.7739622 4.7855174 4.7969413 4.8071062 4.8064297 4.7997395 4.7964155 4.7953692 4.7957815 4.797524 4.8003424 4.801334 4.7996593 4.7980425 4.7968541 4.7957281 4.7938486 4.7889697
4.7530788 4.7603162 4.7649593 4.768163 4.7707616 4.7735223 4.7770515 4.7784009 4.7752468 4.7722755 4.7701604 4.7688637 4.7684658 4.7692617 4.7710488 4.7715488 4.7688672 4.7633313 4.7573324 4.7513673 4.7448453 4.7369568 4.7266427 4.7115181 4.6850134 4.6916834 4.7145978 4.7216314 4.7164387 4.7010081 4.7178505 4.7314903 4.7388023 4.7432185 4.7454627 4.7454166 4.7421812 4.7342067 4.7285744 4.7382567 4.7519925 4.7649816 4.7768765 4.7891884 4.8033756 4.8078735 4.8014312 4.7972458 4.795102 4.7945338 4.7952822 4.7977695 4.803595 4.8056672 4.7998317 4.7972187 4.7958482 4.79451 4.7926883 4.7909775
4.755944 4.7620147 4.7660947 4.7690857 4.7717324 4.7750985 4.7821524 4.7876593 4.7777079 4.7726285 4.7701253 4.7687924 4.7686297 4.7706459 4.7769691 4.7773391 4.7682927 4.7616495 4.7558995 4.7500506 4.7433714 4.7348269 4.7230161 4.7086326 4.701389 4.7074734 4.7183419 4.723715 4.7210445 4.7143887 4.7238516 4.7344439 4.7406928 4.7443768 4.7460384 4.7454119 4.7412273 4.7280837 4.71151 4.7375797 4.7553843 4.7681512 4.7797709 4.7921803 4.8099431 4.8154314 4.8012303 4.7959141 4.7940388 4.7936739 4.7944055 4.7964368 4.8000748 4.8011808 4.7980893 4.7959864 4.7945649 4.7927819 4.7892877 4.7852033
4.7582897 4.763611 4.7672062 4.7699454 4.7724601 4.7753391 4.7790369 4.7807279 4.7761133 4.7721435 4.7697269 4.7683834 4.7682248 4.7703764 4.778114 4.7788553 4.7675101 4.7601882 4.7544614 4.7487355 4.7420759 4.7330116 4.7177614 4.6875306 4.6756783 4.7066918 4.7207911 4.7263693 4.7279092 4.7287996 4.7328345 4.738286 4.7426787 4.7455081 4.7465849 4.7453994 4.7411402 4.7348172 4.7334417 4.745328 4.7592768 4.7713452 4.7828688 4.7946051 4.8028134 4.8029469 4.7980552 4.7945758 4.7930835 4.7927755 4.793251 4.7943609 4.7957433 4.7962454 4.7954875 4.7943576 4.7929849 4.7909408 4.7870147 4.7810183
4.7607508 4.765157 4.7682738 4.7707527 4.7731882 4.7763258 4.779337 4.7773559 4.7740724 4.7711653 4.7689907 4.7676388 4.7672837 4.7680911 4.769534 4.7685218 4.7635408 4.7580617 4.7528213 4.7473715 4.7410975 4.7327961 4.7190728 4.6928052 4.6833183 4.7101196 4.7228818 4.7274628 4.7300283 4.7330759 4.7369008 4.7409052 4.7442742 4.7464694 4.7470435 4.7451456 4.7381815 4.7235981 4.7340517 4.7504778 4.7631251 4.7745545 4.7862777 4.8018203 4.8158557 4.8027503 4.7961677 4.7933937 4.7922037 4.7918817 4.7920675 4.792584 4.7932381 4.7936382 4.7934746 4.7926664 4.7909846 4.7881196 4.7854827 4.7864604
4.7629666 4.766614 4.7692916 4.7715067 4.7737722 4.7771357 4.7821248 4.7776195 4.7730586 4.7701585 4.768023 4.766638 4.7664333 4.768095 4.7682764 4.7645809 4.7603581 4.7557799 4.7509388 4.745736 4.7399698 4.7333381 4.7252868 4.716407 4.7141313 4.7203066 4.7245248 4.7243458 4.725729 4.7319269 4.7377545 4.7421487 4.7453171 4.7471858 4.7474104 4.7452725 4.7390332 4.7266929 4.7370382 4.7541244 4.7665865 4.7777007 4.788823 4.7999985 4.8070352 4.800183 4.794832 4.7924541 4.7914304 4.7910235 4.7908572 4.7908901 4.7913414 4.7919022 4.7919531 4.791085 4.7886652 4.7827427 4.7726914 4.7796387
4.7648968 4.7679625 4.770273 4.7722764 4.7743706 4.776413 4.7769818 4.7749079 4.7717713 4.7690452 4.7668295 4.7652654 4.7651168 4.7687506 4.7698204 4.762971 4.7580436 4.753547 4.7487636 4.7434807 4.7376527 4.7316487 4.7266392 4.7239095 4.723805 4.7250081 4.723771 4.7139636 4.7115457 4.7279856 4.7373697 4.7426841 4.7459704 4.7476658 4.7475412 4.7447754 4.739071 4.7388411 4.7474352 4.7589206 4.770073 4.7810976 4.7937165 4.8064287 4.8029626 4.7970212 4.7935065 4.7916725 4.7907871 4.7902364 4.7894543 4.7884443 4.7891149 4.7904668 4.7907696 4.7897002 4.7868106 4.7807137 4.7698732 4.7778514
4.7666527 4.7692308 4.7712425 4.7731065 4.7755521 4.7797534 4.7781041 4.7737294 4.7705713 4.7678363 4.765402 4.7633155 4.7619368 4.7623489 4.7625518 4.7595031 4.7555435 4.7511877 4.7462283 4.7403878 4.7332765 4.7248675 4.7185519 4.7198409 4.7238055 4.7253278 4.7231497 4.7158528 4.7148082 4.7284635 4.7376883 4.7431785 4.7464628 4.747967 4.7474542 4.7436417 4.7311487 4.7311636 4.7501489 4.7626033 4.773332 4.7840874 4.7969703 4.814426 4.8053769 4.7960983 4.7926303 4.7910873 4.7903224 4.7896885 4.7882659 4.7850562 4.7867543 4.7894996 4.789945 4.7883745 4.7842366 4.7790285 4.7790652 4.7854524
4.7682677 4.7704583 4.7722496 4.7739526 4.7758639 4.7784003 4.7769514 4.7727897 4.769477 4.7665772 4.7638406 4.7611033 4.7578751 4.7559857 4.757508 4.7561912 4.7529762 4.7486946 4.7434016 4.7367035 4.7273725 4.7117144 4.6919753 4.7047696 4.719885 4.7235721 4.7196157 4.7155662 4.722709 4.7315569 4.7388365 4.7438567 4.7469245 4.7481234 4.7470595 4.7434255 4.7396604 4.7428734 4.7546204 4.7660156 4.7765168 4.7872352 4.797678 4.8019504 4.7989543 4.7944978 4.7919188 4.7906779 4.7900574 4.7895417 4.788605 4.7870578 4.7878889 4.789502 4.7896085 4.7873716 4.7798366 4.7638006 4.7695364 4.7866588
4.7697751 4.7716921 4.7733973 4.7752486 4.7774702 4.7773232 4.7746753 4.7715132 4.7683382 4.7652751 4.7622494 4.7592711 4.7564833 4.7551636 4.7554685 4.7538252 4.7506088 4.7461658 4.7404337 4.732949 4.7225486 4.7049779 4.675659 4.6972791 4.717863 4.7222085 4.7148014 4.702817 4.7215291 4.7331608 4.7400407 4.7446238 4.7473924 4.7482167 4.7460228 4.7371638 4.7297202 4.7457419 4.7585692 4.76936 4.7797242 4.7912378 4.8080533 4.8094303 4.7979202 4.7934588 4.791392 4.7904216 4.7899495 4.789548 4.7890144 4.7888351 4.7893099 4.7899094 4.7897845 4.7878211 4.7811234 4.7674309 4.7725733 4.7894143
4.771203 4.7729821 4.774761 4.7767664 4.7800281 4.7796081 4.7744033 4.7705934 4.7672343 4.7639444 4.7605155 4.7568653 4.7542276 4.7541676 4.7537723 4.7518091 4.7483907 4.7436418 4.7373887 4.7290251 4.7176064 4.7052895 4.7016002 4.7098775 4.7195509 4.7221503 4.7197456 4.7191127 4.7268608 4.7352483 4.7412687 4.7453893 4.7478535 4.7484626 4.7462802 4.7378454 4.7301468 4.7479894 4.7618017 4.7725873 4.782969 4.7935985 4.8027042 4.8031539 4.796556 4.7927871 4.791051 4.7903046 4.7899856 4.7895845 4.7883894 4.7882145 4.7895783 4.7901515 4.7901343 4.7892999 4.7870773 4.7845302 4.7875617 4.7959843
4.7725509 4.7743675 4.776679 4.7794025 4.779839 4.7775271 4.7735961 4.7697152 4.7661566 4.7626531 4.7588489 4.7537626 4.7478689 4.7511388 4.7520086 4.7499595 4.7462606 4.741121 4.7343088 4.7249798 4.7099801 4.6828589 4.6917795 4.7128368 4.720893 4.7204008 4.7122784 4.7207579 4.7303925 4.7372728 4.7424275 4.7460556 4.7481932 4.7485883 4.7466402 4.7438152 4.7464232 4.7551326 4.765635 4.7758732 4.786785 4.8011002 4.8109994 4.8010913 4.7951853 4.7922175 4.7908209 4.7903006 4.7902283 4.7901465 4.789393 4.7891877 4.7899046 4.7901066 4.7899601 4.7898104 4.7901618 4.7916366 4.7952548 4.8012964
4.7737773 4.7757029 4.7789967 4.7865573 4.7885596 4.7786637 4.7729576 4.7687819 4.7650641 4.7614421 4.7577315 4.7538095 4.750445 4.75121 4.7508347 4.7482944 4.744184 4.7385636 4.7311309 4.7213322 4.7085464 4.6919374 4.6982152 4.7150909 4.7221103 4.7215601 4.7146394 4.7227693 4.7324977 4.7388206 4.7433559 4.7464978 4.7482337 4.7482533 4.7450566 4.7364926 4.7469345 4.7589358 4.7690632 4.7790032 4.7895732 4.8030546 4.813505 4.8010252 4.7944739 4.7917895 4.7906449 4.7903377 4.7906611 4.791553 4.7919015 4.7909032 4.7901978 4.7894926 4.7883644 4.7874261 4.7888268 4.7928303 4.7980929 4.80444
4.7748508 4.7767865 4.7797483 4.7851263 4.7863194 4.7779492 4.7720466 4.7677293 4.7639173 4.7601961 4.7563856 4.7530927 4.7522068 4.751599 4.7498697 4.7467087 4.7421129 4.7359207 4.727575 4.7157131 4.7000829 4.6976946 4.7087634 4.7183074 4.7232946 4.7240842 4.7248965 4.7290534 4.7349459 4.7400901 4.7439906 4.7466006 4.7477599 4.7471403 4.7451712 4.7447496 4.7516089 4.7620728 4.7721721 4.7822514 4.7930698 4.8022138 4.8016372 4.7971956 4.7934403 4.7913856 4.7904492 4.7902485 4.7908881 4.7934561 4.7958234 4.7920119 4.7899283 4.7880938 4.7846046 4.77884 4.7810601 4.7904718 4.7986793 4.8062863
4.7757971 4.77799 4.7815749 4.7827693 4.7796392 4.7751363 4.770568 4.7664991 4.7627044 4.7589654 4.755076 4.7510008 4.7513403 4.7510982 4.7487961 4.7451103 4.7400143 4.7332126 4.7240214 4.7102001 4.6825886 4.6802307 4.7085003 4.7193196 4.7232357 4.7221334 4.7241407 4.7309146 4.7364391 4.7409332 4.7442675 4.7462791 4.7466265 4.7440937 4.7360546 4.7406608 4.7539718 4.764913 4.7752604 4.7856936 4.7974223 4.8119952 4.803356 4.7959713 4.7927399 4.7910509 4.7901886 4.7898363 4.7900696 4.7916882 4.7930974 4.7909285 4.7888706 4.7862263 4.780899 4.7678033 4.7717065 4.7883365 4.7990482 4.8077734
4.7766075 4.7789491 4.7840934 4.786076 4.7783744 4.7732142 4.769026 4.7651681 4.7614132 4.7576549 4.7542903 4.7523305 4.7516497 4.7503467 4.7475781 4.7434609 4.7378752 4.7303732 4.7201894 4.7075228 4.6972956 4.6993762 4.7119498 4.7191376 4.721011 4.7223939 4.7259502 4.7317899 4.7371687 4.7413244 4.744149 4.7454607 4.7448975 4.7418352 4.734375 4.7396111 4.7552337 4.7674361 4.7785528 4.7900283 4.8009846 4.8041012 4.8000051 4.7951828 4.7923686 4.7908233 4.7898846 4.7891024 4.7880749 4.7873946 4.7886057 4.788779 4.78722 4.7836869 4.7785768 4.775672 4.7797899 4.7905618 4.8005403 4.8095572
4.7775001 4.7801541 4.7815326 4.7802187 4.7759 4.7714372 4.7674905 4.7637924 4.7600844 4.7560043 4.7513695 4.7502261 4.7509385 4.7493607 4.7462426 4.741771 4.7357447 4.7274882 4.7150022 4.6929227 4.6799029 4.702024 4.7139212 4.717588 4.7123477 4.7104804 4.7235619 4.7318283 4.7374548 4.7413638 4.7436446 4.7440458 4.7417944 4.7359224 4.7345694 4.745007 4.7578954 4.7701974 4.7820497 4.7954497 4.8163778 4.8144064 4.8001701 4.7948225 4.7922028 4.7907074 4.7896279 4.788402 4.7859054 4.7820372 4.7857683 4.7872271 4.7855273 4.7798855 4.7663353 4.7676976 4.7828902 4.7935203 4.8028488 4.8118569
4.7783487 4.7846173 4.7868433 4.7787279 4.7736805 4.7695883 4.7658628 4.7623417 4.7588704 4.755132 4.7508856 4.7498374 4.7502248 4.748275 4.7448419 4.740072 4.7336927 4.7250675 4.7126735 4.6906727 4.6761143 4.7024971 4.7142616 4.7160076 4.7101857 4.7081756 4.7224713 4.7317582 4.7375516 4.7411713 4.7428029 4.7421071 4.73793 4.7245873 4.715296 4.7424615 4.7597815 4.7731507 4.7857188 4.7982405 4.808506 4.8075552 4.7992551 4.7945963 4.7921848 4.7907135 4.7894681 4.7880084 4.7861824 4.7846686 4.7860445 4.7864243 4.7842467 4.7787703 4.7668821 4.7685309 4.7849603 4.7962594 4.8055399 4.8145942
4.7777041 4.7817113 4.7829447 4.77664 4.7716376 4.7676498 4.7640204 4.7606066 4.7574508 4.7546374 4.7523259 4.7509169 4.7495282 4.7470659 4.7433944 4.7383836 4.731649 4.7224286 4.7102671 4.7006896 4.7017426 4.7097307 4.7143716 4.7119338 4.708538 4.714925 4.7242861 4.7322185 4.737683 4.7408677 4.7416785 4.7394696 4.7335779 4.7274511 4.7300737 4.7461002 4.7624562 4.7765269 4.7902812 4.8071414 4.8164801 4.8045038 4.7980306 4.7944036 4.7923126 4.7908896 4.789371 4.7869958 4.784481 4.7852378 4.786361 4.785724 4.7825363 4.7762713 4.7738658 4.7802129 4.7899397 4.7996329 4.8086052 4.817578
4.778044 4.7788531 4.7764553 4.7730727 4.7692263 4.7654739 4.7617968 4.758202 4.7549506 4.7525795 4.7511767 4.7500178 4.7483553 4.7457377 4.7419448 4.73675 4.7296904 4.7194699 4.7011703 4.6797234 4.701042 4.7122243 4.7134506 4.7038245 4.6866931 4.7096523 4.7244259 4.732697 4.7378861 4.7405693 4.7404597 4.7360948 4.7222975 4.7002192 4.7245614 4.7486897 4.7657588 4.7804485 4.7945233 4.8082432 4.8143111 4.8040659 4.797715 4.7944734 4.7926607 4.7913932 4.7897428 4.7857361 4.7777889 4.7827898 4.7860438 4.7847755 4.7803151 4.7695303 4.7644064 4.7819819 4.7936866 4.8032227 4.8120396 4.8208346
4.7775125 4.7787302 4.7738018 4.7702442 4.7667563 4.7630662 4.7591178 4.7548033 4.7502888 4.7474888 4.7477701 4.7480489 4.746906 4.7444022 4.7405631 4.7352018 4.7278998 4.7181513 4.7052023 4.6940704 4.705784 4.7133675 4.7122238 4.7058756 4.7021231 4.7134214 4.7254479 4.7333674 4.7382188 4.7403827 4.7394641 4.7341349 4.7203153 4.6975542 4.7243854 4.7515437 4.769627 4.7852741 4.8021298 4.8189467 4.8121964 4.802942 4.7976323 4.7947624 4.7932573 4.7923963 4.7914565 4.7889645 4.7846847 4.7858143 4.7863694 4.7833042 4.7768291 4.7715452 4.7748412 4.786088 4.7973816 4.807071 4.815926 4.8247196
4.7694916 4.7720326 4.7704552 4.7676374 4.764306 4.760505 4.7561428 4.7507964 4.743134 4.7370777 4.7426003 4.7458191 4.7454865 4.7431749 4.7393142 4.733756 4.7257786 4.7139803 4.7026427 4.7063072 4.7123911 4.7141024 4.7076786 4.6918363 4.6993481 4.7159273 4.7269533 4.7343095 4.7387356 4.7403552 4.7385224 4.731552 4.7204213 4.7219901 4.7380909 4.7572689 4.7743508 4.7904235 4.8079569 4.8296351 4.8163623 4.8032863 4.7977913 4.7951821 4.7940251 4.7937957 4.7944971 4.7956353 4.7932026 4.789924 4.7869551 4.7812986 4.7671238 4.746919 4.7717739 4.7895116 4.8014938 4.8114053 4.8203334 4.8292366
4.7659282 4.7683464 4.7675937 4.7651918 4.7618787 4.7578513 4.7530681 4.7474206 4.740277 4.7341133 4.7407145 4.7444471 4.7443618 4.7421312 4.7382509 4.7326038 4.7243171 4.7093751 4.6852594 4.7029512 4.7143564 4.7142106 4.7052682 4.6824386 4.6942537 4.7167409 4.7284431 4.735463 4.7394534 4.7405494 4.7378736 4.7276762 4.6978576 4.708197 4.7422202 4.7626035 4.7795908 4.7968596 4.8154308 4.8195261 4.8105804 4.8024834 4.7978552 4.7956166 4.7948086 4.7951048 4.7973214 4.8039308 4.7993589 4.7921782 4.7871877 4.7802531 4.768786 4.757433 4.775982 4.7937328 4.806235 4.8163694 4.825271 4.8338362
4.7667034 4.7668877 4.7655745 4.7630114 4.7594994 4.7551172 4.7496716 4.7428921 4.7377714 4.7390586 4.7421212 4.7439757 4.7435688 4.7412801 4.737358 4.7316807 4.7240301 4.715247 4.7082385 4.7124513 4.7166648 4.7135245 4.7041535 4.6999144 4.7081277 4.7208064 4.730539 4.7368704 4.7403593 4.7409391 4.7378546 4.7303691 4.7202634 4.7272702 4.7494159 4.7681355 4.7849476 4.8031204 4.8309433 4.8333467 4.8106862 4.8018965 4.7978397 4.7960074 4.7955239 4.7960266 4.7974641 4.7996785 4.7973269 4.7923114 4.7867761 4.7774777 4.7615888 4.7681209 4.785061 4.7996555 4.8118219 4.8220628 4.8308811 4.8387541
