Cobbity2/QGIS/AveAve14.asc
NCOLS 399
NROWS 219
XLLCORNER 150.661
YLLCORNER -34.0267
CELLSIZE 1e-05
NODATA_VALUE -9999
[rows 130 to 155 of 219, columns 0 to 59 of 399]
4.8033841 4.803391 4.8033985 4.8034068 4.8034159 4.8034257 4.8034363 4.8034478 4.8034602 4.8034735 4.8034877 4.8035029 4.8035192 4.8035365 4.803555 4.8035746 4.8035954 4.8036174 4.8036408 4.8036656 4.8036917 4.8037193 4.8037485 4.8037793 4.8038118 4.803846 4.803882 4.8039199 4.8039598 4.8040017 4.8040458 4.8040922 4.8041409 4.804192 4.8042458 4.8043021 4.8043613 4.8044234 4.8044886 4.804557 4.8046287 4.8047039 4.8047828 4.8048655 4.8049523 4.8050434 4.8051388 4.805239 4.8053441 4.8054543 4.8055699 4.8056913 4.8058187 4.8059524 4.8060928 4.8062403 4.8063953 4.8065582 4.8067294 4.8069094
4.803338 4.8033446 4.8033519 4.8033599 4.8033687 4.8033782 4.8033886 4.8033999 4.803412 4.803425 4.803439 4.803454 4.80347 4.8034871 4.8035054 4.8035248 4.8035454 4.8035673 4.8035905 4.803615 4.803641 4.8036685 4.8036976 4.8037282 4.8037606 4.8037947 4.8038306 4.8038685 4.8039084 4.8039503 4.8039944 4.8040408 4.8040896 4.8041408 4.8041946 4.8042512 4.8043105 4.8043729 4.8044383 4.804507 4.804579 4.8046546 4.804734 4.8048172 4.8049046 4.8049962 4.8050924 4.8051933 4.8052992 4.8054104 4.805527 4.8056495 4.8057781 4.8059131 4.806055 4.8062041 4.8063608 4.8065255 4.8066987 4.806881
4.8032917 4.803298 4.803305 4.8033128 4.8033213 4.8033306 4.8033407 4.8033517 4.8033635 4.8033763 4.80339 4.8034048 4.8034206 4.8034374 4.8034554 4.8034746 4.803495 4.8035167 4.8035397 4.803564 4.8035899 4.8036172 4.8036461 4.8036766 4.8037088 4.8037428 4.8037786 4.8038164 4.8038562 4.8038981 4.8039422 4.8039886 4.8040374 4.8040887 4.8041426 4.8041992 4.8042587 4.8043212 4.8043869 4.8044558 4.8045282 4.8046041 4.8046839 4.8047676 4.8048554 4.8049476 4.8050444 4.805146 4.8052527 4.8053647 4.8054823 4.8056058 4.8057355 4.8058718 4.806015 4.8061656 4.8063238 4.8064903 4.8066655 4.8068499
4.8032452 4.8032512 4.803258 4.8032654 4.8032736 4.8032827 4.8032925 4.8033032 4.8033148 4.8033273 4.8033407 4.8033552 4.8033707 4.8033873 4.8034051 4.803424 4.8034442 4.8034656 4.8034884 4.8035126 4.8035382 4.8035653 4.803594 4.8036244 4.8036564 4.8036903 4.803726 4.8037637 4.8038034 4.8038452 4.8038892 4.8039356 4.8039843 4.8040356 4.8040896 4.8041463 4.8042059 4.8042686 4.8043344 4.8044035 4.8044761 4.8045523 4.8046324 4.8047165 4.8048048 4.8048975 4.8049948 4.8050971 4.8052044 4.8053172 4.8054356 4.8055601 4.8056908 4.8058283 4.8059727 4.8061247 4.8062844 4.8064526 4.8066295 4.8068159
4.8031986 4.8032043 4.8032107 4.8032179 4.8032258 4.8032345 4.803244 4.8032544 4.8032657 4.8032779 4.8032911 4.8033053 4.8033206 4.8033369 4.8033544 4.803373 4.8033929 4.8034141 4.8034367 4.8034606 4.803486 4.8035129 4.8035414 4.8035715 4.8036034 4.8036371 4.8036726 4.8037102 4.8037497 4.8037915 4.8038354 4.8038817 4.8039304 4.8039817 4.8040356 4.8040924 4.804152 4.8042147 4.8042807 4.8043499 4.8044227 4.8044992 4.8045796 4.804664 4.8047526 4.8048458 4.8049436 4.8050464 4.8051544 4.8052678 4.805387 4.8055123 4.805644 4.8057825 4.8059281 4.8060813 4.8062425 4.8064121 4.8065908 4.8067789
4.8031517 4.8031571 4.8031632 4.8031701 4.8031777 4.8031861 4.8031953 4.8032054 4.8032164 4.8032283 4.8032412 4.8032551 4.80327 4.8032861 4.8033033 4.8033216 4.8033413 4.8033622 4.8033844 4.8034081 4.8034333 4.8034599 4.8034882 4.8035181 4.8035498 4.8035832 4.8036186 4.803656 4.8036954 4.8037369 4.8037807 4.8038269 4.8038756 4.8039268 4.8039807 4.8040374 4.804097 4.8041598 4.8042258 4.8042952 4.8043681 4.8044447 4.8045253 4.80461 4.8046989 4.8047924 4.8048907 4.8049939 4.8051024 4.8052165 4.8053364 4.8054624 4.805595 4.8057344 4.805881 4.8060354 4.8061978 4.8063688 4.806549 4.8067389
4.8031047 4.8031098 4.8031156 4.8031221 4.8031294 4.8031374 4.8031464 4.8031561 4.8031668 4.8031784 4.8031909 4.8032045 4.8032191 4.8032349 4.8032518 4.8032698 4.8032892 4.8033098 4.8033318 4.8033551 4.80338 4.8034064 4.8034344 4.8034641 4.8034955 4.8035287 4.8035639 4.803601 4.8036402 4.8036816 4.8037253 4.8037713 4.8038198 4.8038709 4.8039247 4.8039813 4.8040409 4.8041037 4.8041697 4.8042391 4.8043121 4.8043889 4.8044696 4.8045544 4.8046436 4.8047374 4.804836 4.8049396 4.8050486 4.8051631 4.8052836 4.8054103 4.8055436 4.8056838 4.8058314 4.8059868 4.8061503 4.8063226 4.8065042 4.8066956
4.8030575 4.8030623 4.8030677 4.8030739 4.8030808 4.8030886 4.8030971 4.8031065 4.8031169 4.8031281 4.8031404 4.8031536 4.8031679 4.8031833 4.8031999 4.8032176 4.8032366 4.8032569 4.8032786 4.8033017 4.8033262 4.8033523 4.80338 4.8034094 4.8034406 4.8034735 4.8035084 4.8035453 4.8035843 4.8036255 4.8036689 4.8037147 4.8037631 4.803814 4.8038677 4.8039242 4.8039837 4.8040464 4.8041123 4.8041817 4.8042547 4.8043316 4.8044123 4.8044973 4.8045867 4.8046807 4.8047795 4.8048834 4.8049928 4.8051078 4.8052287 4.805356 4.8054899 4.8056308 4.8057792 4.8059354 4.8061 4.8062734 4.8064562 4.8066489
4.8030101 4.8030145 4.8030196 4.8030255 4.803032 4.8030394 4.8030476 4.8030567 4.8030667 4.8030776 4.8030895 4.8031024 4.8031163 4.8031314 4.8031476 4.803165 4.8031836 4.8032036 4.8032249 4.8032477 4.8032719 4.8032977 4.8033251 4.8033541 4.803385 4.8034177 4.8034523 4.8034889 4.8035276 4.8035685 4.8036117 4.8036573 4.8037054 4.8037561 4.8038096 4.803866 4.8039253 4.8039879 4.8040537 4.804123 4.804196 4.8042728 4.8043536 4.8044386 4.8045281 4.8046222 4.8047212 4.8048253 4.8049349 4.8050502 4.8051716 4.8052993 4.8054337 4.8055753 4.8057243 4.8058813 4.8060467 4.806221 4.8064049 4.8065988
4.8029626 4.8029666 4.8029713 4.8029768 4.802983 4.80299 4.8029979 4.8030066 4.8030162 4.8030267 4.8030382 4.8030508 4.8030643 4.803079 4.8030949 4.8031119 4.8031302 4.8031498 4.8031708 4.8031932 4.803217 4.8032425 4.8032695 4.8032982 4.8033287 4.8033611 4.8033954 4.8034317 4.8034701 4.8035107 4.8035536 4.8035989 4.8036467 4.8036972 4.8037505 4.8038066 4.8038658 4.8039281 4.8039938 4.804063 4.8041359 4.8042126 4.8042933 4.8043783 4.8044678 4.8045619 4.804661 4.8047653 4.804875 4.8049906 4.8051122 4.8052402 4.8053751 4.805517 4.8056666 4.8058242 4.8059903 4.8061655 4.8063502 4.8065451
4.8029148 4.8029185 4.8029229 4.8029279 4.8029338 4.8029404 4.8029479 4.8029562 4.8029654 4.8029756 4.8029867 4.8029988 4.803012 4.8030263 4.8030418 4.8030584 4.8030763 4.8030955 4.8031161 4.8031381 4.8031616 4.8031867 4.8032133 4.8032417 4.8032718 4.8033038 4.8033377 4.8033737 4.8034117 4.803452 4.8034946 4.8035396 4.8035871 4.8036373 4.8036902 4.8037461 4.803805 4.8038671 4.8039326 4.8040016 4.8040743 4.8041508 4.8042314 4.8043163 4.8044057 4.8044998 4.8045989 4.8047032 4.804813 4.8049287 4.8050505 4.8051787 4.8053138 4.8054562 4.8056061 4.8057642 4.8059309 4.8061066 4.8062921 4.8064878
4.8028669 4.8028702 4.8028742 4.8028789 4.8028843 4.8028906 4.8028976 4.8029056 4.8029144 4.8029241 4.8029348 4.8029466 4.8029593 4.8029732 4.8029883 4.8030045 4.803022 4.8030408 4.803061 4.8030826 4.8031057 4.8031303 4.8031566 4.8031845 4.8032142 4.8032458 4.8032794 4.8033149 4.8033526 4.8033925 4.8034347 4.8034793 4.8035265 4.8035763 4.8036289 4.8036845 4.8037431 4.8038049 4.8038701 4.8039388 4.8040112 4.8040875 4.8041679 4.8042526 4.8043419 4.8044359 4.8045348 4.8046391 4.8047489 4.8048646 4.8049864 4.8051148 4.80525 4.8053925 4.8055428 4.8057011 4.8058682 4.8060444 4.8062304 4.8064267
4.8028188 4.8028217 4.8028253 4.8028296 4.8028346 4.8028405 4.8028471 4.8028546 4.802863 4.8028723 4.8028826 4.8028939 4.8029063 4.8029198 4.8029344 4.8029502 4.8029672 4.8029856 4.8030053 4.8030265 4.8030491 4.8030733 4.8030992 4.8031267 4.803156 4.8031871 4.8032202 4.8032553 4.8032926 4.8033321 4.8033738 4.8034181 4.8034648 4.8035143 4.8035665 4.8036217 4.8036799 4.8037414 4.8038062 4.8038746 4.8039467 4.8040227 4.8041028 4.8041873 4.8042763 4.80437 4.8044688 4.8045729 4.8046826 4.8047981 4.8049199 4.8050483 4.8051835 4.8053261 4.8054764 4.805635 4.8058023 4.8059787 4.8061651 4.8063618
4.8027706 4.802773 4.8027762 4.8027801 4.8027847 4.8027901 4.8027964 4.8028034 4.8028114 4.8028203 4.8028301 4.802841 4.8028529 4.8028659 4.8028801 4.8028954 4.802912 4.8029299 4.8029492 4.8029699 4.8029921 4.8030158 4.8030412 4.8030682 4.803097 4.8031277 4.8031604 4.803195 4.8032318 4.8032708 4.8033121 4.8033559 4.8034022 4.8034512 4.803503 4.8035577 4.8036155 4.8036765 4.803741 4.8038089 4.8038807 4.8039563 4.8040361 4.8041202 4.8042088 4.8043023 4.8044008 4.8045046 4.8046141 4.8047294 4.804851 4.8049792 4.8051143 4.8052568 4.8054071 4.8055657 4.805733 4.8059096 4.8060961 4.806293
4.8027221 4.8027242 4.8027269 4.8027304 4.8027346 4.8027396 4.8027453 4.802752 4.8027595 4.8027679 4.8027773 4.8027877 4.8027992 4.8028117 4.8028254 4.8028403 4.8028564 4.8028738 4.8028926 4.8029128 4.8029345 4.8029577 4.8029826 4.8030091 4.8030374 4.8030676 4.8030997 4.8031339 4.8031701 4.8032086 4.8032495 4.8032927 4.8033385 4.803387 4.8034383 4.8034925 4.8035499 4.8036104 4.8036744 4.8037419 4.8038131 4.8038883 4.8039676 4.8040513 4.8041396 4.8042326 4.8043307 4.8044342 4.8045433 4.8046583 4.8047796 4.8049075 4.8050424 4.8051847 4.8053348 4.8054932 4.8056604 4.8058369 4.8060233 4.8062203
4.8026736 4.8026752 4.8026775 4.8026805 4.8026842 4.8026888 4.8026941 4.8027003 4.8027073 4.8027153 4.8027242 4.8027341 4.8027451 4.8027571 4.8027703 4.8027847 4.8028003 4.8028172 4.8028355 4.8028551 4.8028763 4.802899 4.8029233 4.8029494 4.8029771 4.8030068 4.8030384 4.803072 4.8031077 4.8031456 4.8031859 4.8032286 4.8032739 4.8033218 4.8033725 4.8034262 4.803483 4.803543 4.8036064 4.8036734 4.8037441 4.8038187 4.8038975 4.8039807 4.8040684 4.804161 4.8042586 4.8043616 4.8044703 4.8045849 4.8047057 4.8048332 4.8049677 4.8051097 4.8052594 4.8054175 4.8055844 4.8057606 4.8059468 4.8061435
4.8026248 4.802626 4.8026278 4.8026304 4.8026337 4.8026377 4.8026426 4.8026483 4.8026548 4.8026623 4.8026707 4.8026801 4.8026906 4.8027021 4.8027148 4.8027287 4.8027437 4.8027601 4.8027778 4.802797 4.8028176 4.8028397 4.8028635 4.802889 4.8029162 4.8029452 4.8029762 4.8030092 4.8030444 4.8030817 4.8031214 4.8031635 4.8032081 4.8032555 4.8033056 4.8033587 4.8034148 4.8034742 4.803537 4.8036034 4.8036735 4.8037475 4.8038257 4.8039083 4.8039954 4.8040874 4.8041845 4.8042869 4.804395 4.804509 4.8046293 4.8047563 4.8048903 4.8050317 4.8051809 4.8053385 4.805505 4.8056808 4.8058665 4.8060628
4.8025759 4.8025766 4.802578 4.8025801 4.8025829 4.8025865 4.8025909 4.802596 4.8026021 4.8026091 4.802617 4.8026259 4.8026358 4.8026468 4.8026589 4.8026722 4.8026868 4.8027026 4.8027197 4.8027383 4.8027583 4.8027799 4.8028031 4.8028279 4.8028545 4.802883 4.8029133 4.8029457 4.8029802 4.8030169 4.803056 4.8030974 4.8031414 4.8031881 4.8032376 4.80329 4.8033454 4.8034042 4.8034663 4.8035319 4.8036014 4.8036747 4.8037522 4.8038341 4.8039206 4.8040119 4.8041082 4.80421 4.8043173 4.8044307 4.8045503 4.8046766 4.80481 4.8049507 4.8050993 4.8052563 4.8054221 4.8055972 4.8057823 4.805978
4.8025269 4.8025271 4.802528 4.8025296 4.8025319 4.802535 4.8025389 4.8025436 4.8025491 4.8025556 4.8025629 4.8025713 4.8025807 4.8025911 4.8026027 4.8026154 4.8026294 4.8026446 4.8026612 4.8026791 4.8026985 4.8027195 4.802742 4.8027662 4.8027922 4.80282 4.8028497 4.8028814 4.8029153 4.8029513 4.8029896 4.8030304 4.8030737 4.8031196 4.8031684 4.80322 4.8032748 4.8033328 4.8033941 4.8034591 4.8035277 4.8036003 4.8036771 4.8037581 4.8038438 4.8039343 4.8040299 4.8041308 4.8042374 4.80435 4.8044688 4.8045943 4.8047268 4.8048668 4.8050146 4.8051707 4.8053357 4.80551 4.8056943 4.8058891
4.8024777 4.8024774 4.8024779 4.802479 4.8024808 4.8024834 4.8024867 4.8024909 4.8024959 4.8025018 4.8025086 4.8025164 4.8025252 4.8025351 4.802546 4.8025582 4.8025715 4.8025862 4.8026021 4.8026194 4.8026382 4.8026585 4.8026804 4.8027039 4.8027292 4.8027563 4.8027854 4.8028164 4.8028495 4.8028848 4.8029224 4.8029624 4.8030049 4.8030501 4.8030981 4.8031489 4.8032029 4.8032601 4.8033206 4.8033847 4.8034525 4.8035243 4.8036002 4.8036804 4.8037652 4.8038548 4.8039495 4.8040495 4.8041552 4.8042668 4.8043847 4.8045093 4.8046409 4.8047799 4.8049267 4.8050819 4.8052458 4.8054191 4.8056024 4.8057961
4.8024283 4.8024276 4.8024275 4.8024281 4.8024294 4.8024315 4.8024343 4.8024379 4.8024424 4.8024477 4.802454 4.8024612 4.8024694 4.8024787 4.8024891 4.8025006 4.8025133 4.8025273 4.8025426 4.8025592 4.8025774 4.802597 4.8026182 4.802641 4.8026656 4.802692 4.8027203 4.8027505 4.8027829 4.8028174 4.8028542 4.8028934 4.8029351 4.8029795 4.8030266 4.8030767 4.8031297 4.803186 4.8032457 4.8033089 4.8033758 4.8034466 4.8035215 4.8036008 4.8036846 4.8037733 4.803867 4.803966 4.8040706 4.8041812 4.8042981 4.8044216 4.8045521 4.8046899 4.8048357 4.8049897 4.8051525 4.8053246 4.8055066 4.8056991
4.8023789 4.8023776 4.8023771 4.8023771 4.8023779 4.8023794 4.8023817 4.8023847 4.8023886 4.8023934 4.802399 4.8024057 4.8024133 4.8024219 4.8024317 4.8024426 4.8024546 4.802468 4.8024826 4.8024986 4.802516 4.8025349 4.8025554 4.8025775 4.8026013 4.8026269 4.8026544 4.8026839 4.8027154 4.8027492 4.8027851 4.8028235 4.8028644 4.8029078 4.8029541 4.8030032 4.8030554 4.8031107 4.8031694 4.8032316 4.8032975 4.8033673 4.8034412 4.8035195 4.8036022 4.8036898 4.8037824 4.8038803 4.8039838 4.8040932 4.8042089 4.8043311 4.8044604 4.804597 4.8047414 4.8048941 4.8050556 4.8052263 4.8054069 4.8055979
4.8023293 4.8023275 4.8023264 4.802326 4.8023262 4.8023271 4.8023288 4.8023313 4.8023346 4.8023388 4.8023439 4.8023499 4.8023569 4.8023649 4.802374 4.8023842 4.8023956 4.8024082 4.8024222 4.8024374 4.8024541 4.8024723 4.802492 4.8025133 4.8025364 4.8025612 4.8025879 4.8026165 4.8026472 4.8026801 4.8027152 4.8027526 4.8027926 4.8028351 4.8028804 4.8029286 4.8029797 4.8030341 4.8030917 4.8031529 4.8032177 4.8032864 4.8033592 4.8034363 4.8035179 4.8036043 4.8036957 4.8037923 4.8038946 4.8040027 4.8041171 4.804238 4.8043659 4.8045011 4.8046441 4.8047953 4.8049552 4.8051244 4.8053033 4.8054927
4.8022796 4.8022773 4.8022756 4.8022746 4.8022743 4.8022747 4.8022758 4.8022777 4.8022804 4.802284 4.8022884 4.8022938 4.8023001 4.8023075 4.8023159 4.8023255 4.8023362 4.8023481 4.8023613 4.8023758 4.8023917 4.8024091 4.8024281 4.8024486 4.8024708 4.8024948 4.8025206 4.8025484 4.8025782 4.8026102 4.8026443 4.8026808 4.8027198 4.8027614 4.8028056 4.8028528 4.8029029 4.8029561 4.8030127 4.8030727 4.8031364 4.803204 4.8032756 4.8033514 4.8034317 4.8035168 4.8036069 4.8037022 4.8038031 4.8039098 4.8040227 4.8041422 4.8042685 4.8044022 4.8045436 4.8046931 4.8048514 4.8050188 4.8051959 4.8053834
4.8022298 4.8022269 4.8022247 4.8022232 4.8022223 4.8022221 4.8022226 4.8022239 4.802226 4.8022289 4.8022327 4.8022374 4.8022431 4.8022498 4.8022575 4.8022664 4.8022763 4.8022875 4.8023 4.8023137 4.8023289 4.8023455 4.8023636 4.8023833 4.8024046 4.8024278 4.8024527 4.8024796 4.8025084 4.8025394 4.8025726 4.8026081 4.8026461 4.8026866 4.8027298 4.8027758 4.8028248 4.8028769 4.8029323 4.8029912 4.8030536 4.8031199 4.8031902 4.8032647 4.8033437 4.8034274 4.803516 4.8036099 4.8037093 4.8038145 4.8039258 4.8040436 4.8041683 4.8043003 4.8044399 4.8045876 4.804744 4.8049095 4.8050847 4.8052701
4.8021798 4.8021765 4.8021737 4.8021716 4.8021701 4.8021693 4.8021692 4.8021699 4.8021713 4.8021736 4.8021768 4.8021808 4.8021858 4.8021918 4.8021988 4.8022069 4.8022161 4.8022266 4.8022382 4.8022512 4.8022655 4.8022813 4.8022986 4.8023174 4.8023379 4.8023601 4.8023841 4.80241 4.8024379 4.8024679 4.8025 4.8025345 4.8025714 4.8026108 4.8026529 4.8026978 4.8027456 4.8027965 4.8028506 4.8029082 4.8029693 4.8030343 4.8031032 4.8031763 4.8032538 4.803336 4.8034231 4.8035154 4.8036132 4.8037167 4.8038264 4.8039424 4.8040653 4.8041954 4.8043331 4.8044789 4.8046332 4.8047966 4.8049696 4.8051527
