Cobbity2/QGIS/AveS24.asc
NCOLS 600
NROWS 419
XLLCORNER 150.66
YLLCORNER -34.028
CELLSIZE 1e-05
NODATA_VALUE -9999
[rows 364 to 389 of 419, columns 240 to 299 of 600]
2.7626966 2.7629875 2.7632781 2.7635682 2.7638577 2.7641466 2.7644347 2.764722 2.7650082 2.7652934 2.7655773 2.7658599 2.766141 2.7664206 2.7666986 2.7669748 2.7672491 2.7675215 2.7677918 2.76806 2.7683259 2.7685894 2.7688505 2.7691091 2.7693651 2.7696184 2.7698689 2.7701165 2.7703612 2.7706029 2.7708415 2.771077 2.7713093 2.7715383 2.771764 2.7719864 2.7722053 2.7724208 2.7726328 2.7728412 2.773046 2.7732473 2.7734449 2.7736389 2.7738292 2.7740158 2.7741987 2.7743778 2.7745533 2.774725 2.774893 2.7750573 2.7752178 2.7753746 2.7755278 2.7756772 2.775823 2.7759651 2.7761036 2.7762385
2.7626628 2.762949 2.7632348 2.7635202 2.7638051 2.7640893 2.7643727 2.7646553 2.7649369 2.7652175 2.7654968 2.7657748 2.7660515 2.7663267 2.7666002 2.766872 2.7671421 2.7674102 2.7676763 2.7679403 2.7682021 2.7684617 2.7687189 2.7689736 2.7692258 2.7694753 2.7697222 2.7699663 2.7702076 2.7704459 2.7706812 2.7709135 2.7711427 2.7713688 2.7715916 2.7718111 2.7720273 2.7722402 2.7724497 2.7726557 2.7728582 2.7730573 2.7732528 2.7734448 2.7736332 2.773818 2.7739992 2.7741768 2.7743507 2.774521 2.7746877 2.7748508 2.7750103 2.7751661 2.7753183 2.775467 2.775612 2.7757535 2.7758915 2.7760259
2.7626295 2.762911 2.7631923 2.7634731 2.7637534 2.764033 2.7643119 2.76459 2.7648671 2.7651431 2.765418 2.7656916 2.7659639 2.7662347 2.7665039 2.7667715 2.7670373 2.7673013 2.7675633 2.7678233 2.7680812 2.7683368 2.7685901 2.7688411 2.7690896 2.7693355 2.7695788 2.7698195 2.7700573 2.7702924 2.7705245 2.7707537 2.7709798 2.7712029 2.7714229 2.7716397 2.7718533 2.7720636 2.7722706 2.7724742 2.7726745 2.7728714 2.7730648 2.7732548 2.7734413 2.7736244 2.7738039 2.7739799 2.7741524 2.7743213 2.7744867 2.7746486 2.7748069 2.7749617 2.775113 2.7752608 2.7754052 2.775546 2.7756834 2.7758173
2.7625967 2.7628737 2.7631505 2.7634268 2.7637026 2.7639778 2.7642523 2.7645259 2.7647986 2.7650703 2.7653408 2.7656101 2.7658781 2.7661447 2.7664097 2.7666732 2.7669349 2.7671948 2.7674528 2.7677088 2.7679628 2.7682146 2.7684642 2.7687115 2.7689564 2.7691988 2.7694386 2.7696759 2.7699104 2.7701422 2.7703712 2.7705973 2.7708205 2.7710407 2.7712579 2.771472 2.771683 2.7718907 2.7720953 2.7722967 2.7724947 2.7726894 2.7728808 2.7730689 2.7732535 2.7734348 2.7736127 2.7737871 2.7739581 2.7741256 2.7742898 2.7744504 2.7746077 2.7747615 2.7749118 2.7750588 2.7752023 2.7753425 2.7754793 2.7756127
2.7625644 2.7628371 2.7631095 2.7633814 2.7636529 2.7639237 2.7641938 2.7644631 2.7647316 2.764999 2.7652653 2.7655304 2.7657942 2.7660566 2.7663175 2.7665769 2.7668346 2.7670906 2.7673447 2.7675969 2.7678471 2.7680952 2.7683411 2.7685847 2.7688261 2.769065 2.7693015 2.7695354 2.7697667 2.7699954 2.7702213 2.7704444 2.7706647 2.7708821 2.7710965 2.771308 2.7715163 2.7717217 2.7719238 2.7721229 2.7723187 2.7725114 2.7727007 2.7728869 2.7730697 2.7732492 2.7734254 2.7735983 2.7737678 2.773934 2.7740968 2.7742563 2.7744124 2.7745651 2.7747146 2.7748607 2.7750034 2.7751429 2.7752791 2.775412
2.7625326 2.762801 2.7630691 2.7633368 2.763604 2.7638706 2.7641365 2.7644016 2.7646658 2.7649291 2.7651912 2.7654522 2.765712 2.7659704 2.7662273 2.7664827 2.7667365 2.7669886 2.7672389 2.7674873 2.7677338 2.7679783 2.7682206 2.7684607 2.7686986 2.7689342 2.7691673 2.769398 2.7696262 2.7698517 2.7700746 2.7702948 2.7705123 2.7707269 2.7709386 2.7711474 2.7713533 2.7715562 2.771756 2.7719528 2.7721465 2.772337 2.7725244 2.7727086 2.7728896 2.7730674 2.773242 2.7734133 2.7735814 2.7737462 2.7739077 2.774066 2.774221 2.7743727 2.7745212 2.7746664 2.7748084 2.7749471 2.7750827 2.775215
2.7625013 2.7627655 2.7630295 2.763293 2.7635561 2.7638185 2.7640803 2.7643413 2.7646014 2.7648606 2.7651187 2.7653757 2.7656315 2.7658859 2.766139 2.7663905 2.7666405 2.7668888 2.7671354 2.7673802 2.767623 2.7678639 2.7681027 2.7683394 2.7685739 2.7688062 2.7690361 2.7692636 2.7694887 2.7697112 2.7699311 2.7701485 2.7703631 2.770575 2.7707841 2.7709903 2.7711937 2.7713942 2.7715918 2.7717863 2.7719779 2.7721663 2.7723518 2.7725341 2.7727133 2.7728894 2.7730623 2.7732321 2.7733987 2.7735621 2.7737224 2.7738794 2.7740333 2.774184 2.7743315 2.7744759 2.7746171 2.7747551 2.77489 2.7750217
2.7624705 2.7627307 2.7629905 2.76325 2.763509 2.7637674 2.7640252 2.7642822 2.7645383 2.7647935 2.7650477 2.7653008 2.7655526 2.7658032 2.7660525 2.7663002 2.7665465 2.7667911 2.7670341 2.7672752 2.7675146 2.767752 2.7679874 2.7682207 2.7684519 2.7686809 2.7689077 2.7691321 2.7693541 2.7695737 2.7697907 2.7700052 2.7702171 2.7704263 2.7706328 2.7708366 2.7710376 2.7712357 2.7714309 2.7716233 2.7718127 2.7719992 2.7721827 2.7723632 2.7725406 2.772715 2.7728863 2.7730546 2.7732197 2.7733818 2.7735407 2.7736966 2.7738494 2.773999 2.7741456 2.774289 2.7744294 2.7745667 2.7747009 2.7748321
2.7624402 2.7626964 2.7629523 2.7632078 2.7634628 2.7637173 2.7639711 2.7642242 2.7644764 2.7647277 2.7649781 2.7652273 2.7654754 2.7657223 2.7659678 2.7662119 2.7664545 2.7666955 2.7669349 2.7671726 2.7674084 2.7676424 2.7678745 2.7681046 2.7683325 2.7685584 2.768782 2.7690034 2.7692224 2.7694391 2.7696533 2.769865 2.7700742 2.7702808 2.7704848 2.7706861 2.7708846 2.7710805 2.7712735 2.7714637 2.771651 2.7718355 2.7720171 2.7721957 2.7723714 2.7725441 2.7727138 2.7728806 2.7730443 2.773205 2.7733627 2.7735173 2.773669 2.7738176 2.7739632 2.7741057 2.7742453 2.7743818 2.7745154 2.7746459
2.7624103 2.7626626 2.7629147 2.7631663 2.7634175 2.7636681 2.7639181 2.7641673 2.7644157 2.7646633 2.7649099 2.7651554 2.7653998 2.7656429 2.7658848 2.7661253 2.7663644 2.7666019 2.7668378 2.767072 2.7673045 2.7675352 2.767764 2.7679908 2.7682157 2.7684384 2.768659 2.7688774 2.7690935 2.7693073 2.7695188 2.7697278 2.7699343 2.7701384 2.7703398 2.7705387 2.7707349 2.7709285 2.7711193 2.7713074 2.7714927 2.7716752 2.7718549 2.7720317 2.7722056 2.7723767 2.7725448 2.77271 2.7728723 2.7730317 2.7731881 2.7733416 2.7734921 2.7736396 2.7737842 2.7739259 2.7740646 2.7742004 2.7743333 2.7744632
2.7623809 2.7626295 2.7628777 2.7631256 2.763373 2.7636198 2.763866 2.7641115 2.7643563 2.7646001 2.764843 2.7650849 2.7653257 2.7655652 2.7658036 2.7660405 2.7662761 2.7665102 2.7667427 2.7669736 2.7672028 2.7674302 2.7676558 2.7678795 2.7681012 2.7683209 2.7685386 2.768754 2.7689673 2.7691783 2.769387 2.7695934 2.7697974 2.7699989 2.7701979 2.7703944 2.7705883 2.7707796 2.7709683 2.7711543 2.7713376 2.7715181 2.7716959 2.7718709 2.7720432 2.7722126 2.7723792 2.7725429 2.7727038 2.7728618 2.7730169 2.7731692 2.7733186 2.7734651 2.7736087 2.7737495 2.7738873 2.7740224 2.7741545 2.7742838
2.762352 2.7625969 2.7628414 2.7630856 2.7633293 2.7635724 2.763815 2.7640568 2.7642979 2.7645382 2.7647775 2.7650158 2.765253 2.7654891 2.765724 2.7659575 2.7661897 2.7664204 2.7666496 2.7668772 2.7671032 2.7673274 2.7675499 2.7677705 2.7679892 2.7682059 2.7684206 2.7686333 2.7688437 2.769052 2.7692581 2.7694618 2.7696632 2.7698623 2.7700589 2.770253 2.7704447 2.7706338 2.7708203 2.7710043 2.7711856 2.7713642 2.7715402 2.7717134 2.771884 2.7720518 2.7722168 2.772379 2.7725385 2.7726952 2.7728491 2.7730002 2.7731484 2.7732939 2.7734365 2.7735763 2.7737134 2.7738476 2.7739791 2.7741077
2.7623236 2.7625648 2.7628057 2.7630463 2.7632864 2.7635259 2.7637649 2.7640032 2.7642407 2.7644775 2.7647133 2.7649481 2.7651819 2.7654145 2.765646 2.7658762 2.766105 2.7663325 2.7665584 2.7667828 2.7670057 2.7672268 2.7674462 2.7676638 2.7678795 2.7680933 2.7683052 2.768515 2.7687227 2.7689284 2.7691318 2.769333 2.7695319 2.7697285 2.7699228 2.7701146 2.770304 2.770491 2.7706754 2.7708573 2.7710367 2.7712134 2.7713876 2.7715591 2.7717279 2.7718941 2.7720576 2.7722184 2.7723765 2.7725318 2.7726844 2.7728343 2.7729815 2.7731259 2.7732675 2.7734065 2.7735426 2.7736761 2.7738068 2.7739348
2.7622956 2.7625333 2.7627706 2.7630077 2.7632442 2.7634803 2.7637158 2.7639506 2.7641847 2.7644179 2.7646503 2.7648817 2.7651121 2.7653415 2.7655696 2.7657965 2.7660221 2.7662463 2.7664691 2.7666904 2.7669101 2.7671282 2.7673446 2.7675592 2.7677721 2.7679831 2.7681921 2.7683992 2.7686042 2.7688072 2.7690081 2.7692068 2.7694032 2.7695975 2.7697894 2.769979 2.7701662 2.770351 2.7705334 2.7707133 2.7708907 2.7710656 2.771238 2.7714078 2.771575 2.7717396 2.7719015 2.7720609 2.7722176 2.7723716 2.772523 2.7726717 2.7728177 2.772961 2.7731017 2.7732397 2.773375 2.7735077 2.7736377 2.773765
2.762268 2.7625023 2.7627362 2.7629697 2.7632029 2.7634355 2.7636675 2.763899 2.7641296 2.7643595 2.7645886 2.7648167 2.7650438 2.7652698 2.7654947 2.7657184 2.7659408 2.7661619 2.7663816 2.7665998 2.7668165 2.7670316 2.7672451 2.7674568 2.7676668 2.767875 2.7680813 2.7682857 2.7684882 2.7686886 2.7688869 2.7690831 2.7692772 2.7694691 2.7696587 2.7698461 2.7700312 2.7702139 2.7703942 2.7705722 2.7707477 2.7709208 2.7710913 2.7712594 2.771425 2.771588 2.7717485 2.7719064 2.7720617 2.7722144 2.7723645 2.7725121 2.772657 2.7727993 2.772939 2.773076 2.7732105 2.7733424 2.7734716 2.7735983
2.7622409 2.7624718 2.7627023 2.7629325 2.7631622 2.7633915 2.7636202 2.7638483 2.7640757 2.7643023 2.764528 2.7647529 2.7649768 2.7651996 2.7654213 2.7656419 2.7658612 2.7660792 2.7662959 2.7665111 2.7667248 2.766937 2.7671476 2.7673565 2.7675638 2.7677692 2.7679728 2.7681746 2.7683744 2.7685723 2.7687682 2.768962 2.7691537 2.7693433 2.7695307 2.7697159 2.7698988 2.7700795 2.7702578 2.7704339 2.7706075 2.7707788 2.7709476 2.771114 2.7712779 2.7714394 2.7715984 2.7717548 2.7719088 2.7720602 2.7722091 2.7723555 2.7724993 2.7726405 2.7727792 2.7729154 2.773049 2.77318 2.7733085 2.7734345
2.7622142 2.7624418 2.762669 2.7628959 2.7631224 2.7633483 2.7635738 2.7637986 2.7640227 2.7642461 2.7644687 2.7646904 2.7649111 2.7651308 2.7653494 2.7655669 2.7657832 2.7659982 2.7662118 2.7664241 2.766635 2.7668443 2.7670521 2.7672582 2.7674627 2.7676655 2.7678665 2.7680657 2.768263 2.7684584 2.7686519 2.7688433 2.7690327 2.76922 2.7694052 2.7695883 2.7697691 2.7699478 2.7701241 2.7702983 2.7704701 2.7706395 2.7708066 2.7709714 2.7711337 2.7712937 2.7714512 2.7716062 2.7717588 2.771909 2.7720566 2.7722018 2.7723445 2.7724847 2.7726224 2.7727576 2.7728904 2.7730206 2.7731484 2.7732736
2.762188 2.7624123 2.7626363 2.7628599 2.7630832 2.763306 2.7635282 2.7637498 2.7639708 2.764191 2.7644105 2.764629 2.7648467 2.7650633 2.7652789 2.7654934 2.7657067 2.7659187 2.7661295 2.7663389 2.7665469 2.7667535 2.7669585 2.7671619 2.7673638 2.7675639 2.7677623 2.767959 2.7681538 2.7683468 2.7685379 2.768727 2.7689141 2.7690992 2.7692822 2.7694632 2.769642 2.7698186 2.7699931 2.7701653 2.7703353 2.770503 2.7706684 2.7708315 2.7709923 2.7711507 2.7713067 2.7714604 2.7716117 2.7717605 2.771907 2.772051 2.7721926 2.7723317 2.7724685 2.7726028 2.7727346 2.7728641 2.7729911 2.7731156
2.7621621 2.7623833 2.7626041 2.7628246 2.7630447 2.7632643 2.7634835 2.763702 2.7639198 2.764137 2.7643534 2.7645689 2.7647835 2.7649971 2.7652098 2.7654213 2.7656317 2.7658409 2.7660488 2.7662554 2.7664606 2.7666644 2.7668668 2.7670675 2.7672668 2.7674643 2.7676602 2.7678544 2.7680468 2.7682374 2.7684261 2.768613 2.7687978 2.7689808 2.7691617 2.7693405 2.7695173 2.769692 2.7698646 2.7700349 2.7702031 2.7703691 2.7705329 2.7706943 2.7708535 2.7710104 2.771165 2.7713173 2.7714673 2.7716148 2.7717601 2.7719029 2.7720434 2.7721816 2.7723173 2.7724507 2.7725817 2.7727103 2.7728365 2.7729604
2.7621367 2.7623547 2.7625725 2.7627899 2.7630069 2.7632235 2.7634395 2.763655 2.7638698 2.764084 2.7642973 2.7645099 2.7647215 2.7649323 2.765142 2.7653506 2.7655582 2.7657645 2.7659697 2.7661735 2.766376 2.7665772 2.7667768 2.766975 2.7671717 2.7673667 2.7675601 2.7677519 2.7679419 2.7681302 2.7683166 2.7685012 2.7686839 2.7688647 2.7690435 2.7692203 2.7693951 2.7695679 2.7697385 2.7699071 2.7700735 2.7702378 2.7703999 2.7705598 2.7707174 2.7708729 2.771026 2.7711769 2.7713255 2.7714719 2.7716159 2.7717576 2.771897 2.7720341 2.7721689 2.7723013 2.7724314 2.7725592 2.7726847 2.7728078
2.7621117 2.7623267 2.7625414 2.7627558 2.7629698 2.7631833 2.7633964 2.7636089 2.7638208 2.7640319 2.7642424 2.764452 2.7646608 2.7648686 2.7650755 2.7652813 2.7654861 2.7656897 2.7658921 2.7660933 2.7662931 2.7664916 2.7666887 2.7668843 2.7670785 2.767271 2.767462 2.7676514 2.7678391 2.768025 2.7682092 2.7683916 2.7685722 2.7687508 2.7689276 2.7691024 2.7692753 2.7694461 2.769615 2.7697817 2.7699464 2.770109 2.7702694 2.7704277 2.7705839 2.7707378 2.7708896 2.7710391 2.7711865 2.7713315 2.7714744 2.7716149 2.7717533 2.7718893 2.7720231 2.7721546 2.7722839 2.7724108 2.7725355 2.772658
2.762087 2.7622991 2.7625108 2.7627223 2.7629333 2.7631439 2.7633541 2.7635636 2.7637726 2.7639809 2.7641885 2.7643952 2.7646012 2.7648062 2.7650103 2.7652134 2.7654154 2.7656163 2.765816 2.7660145 2.7662118 2.7664077 2.7666023 2.7667954 2.7669871 2.7671772 2.7673658 2.7675529 2.7677382 2.7679219 2.7681039 2.7682842 2.7684626 2.7686392 2.768814 2.7689868 2.7691577 2.7693267 2.7694937 2.7696587 2.7698217 2.7699826 2.7701415 2.7702982 2.7704528 2.7706053 2.7707557 2.7709039 2.7710499 2.7711938 2.7713354 2.7714749 2.7716121 2.7717471 2.7718799 2.7720105 2.7721389 2.772265 2.772389 2.7725107
2.7620628 2.7622719 2.7624808 2.7626893 2.7628975 2.7631052 2.7633125 2.7635192 2.7637253 2.7639308 2.7641355 2.7643395 2.7645427 2.764745 2.7649464 2.7651467 2.7653461 2.7655443 2.7657414 2.7659374 2.7661321 2.7663255 2.7665175 2.7667082 2.7668975 2.7670853 2.7672715 2.7674563 2.7676394 2.7678209 2.7680007 2.7681788 2.7683551 2.7685297 2.7687025 2.7688734 2.7690425 2.7692096 2.7693748 2.7695381 2.7696994 2.7698586 2.7700159 2.7701711 2.7703242 2.7704753 2.7706243 2.7707712 2.7709159 2.7710585 2.771199 2.7713373 2.7714735 2.7716075 2.7717393 2.771869 2.7719965 2.7721218 2.7722449 2.7723659
2.7620389 2.7622452 2.7624512 2.7626569 2.7628623 2.7630672 2.7632717 2.7634756 2.7636789 2.7638816 2.7640836 2.7642849 2.7644853 2.7646849 2.7648836 2.7650814 2.7652781 2.7654737 2.7656683 2.7658617 2.7660539 2.7662448 2.7664344 2.7666227 2.7668096 2.766995 2.767179 2.7673615 2.7675424 2.7677217 2.7678994 2.7680754 2.7682498 2.7684223 2.7685932 2.7687622 2.7689294 2.7690947 2.7692582 2.7694197 2.7695793 2.769737 2.7698927 2.7700463 2.770198 2.7703477 2.7704953 2.7706408 2.7707843 2.7709257 2.771065 2.7712022 2.7713373 2.7714703 2.7716012 2.7717299 2.7718565 2.771981 2.7721034 2.7722236
2.7620155 2.7622189 2.7624222 2.7626251 2.7628277 2.7630299 2.7632316 2.7634327 2.7636334 2.7638333 2.7640327 2.7642312 2.764429 2.764626 2.7648221 2.7650172 2.7652114 2.7654045 2.7655965 2.7657874 2.7659772 2.7661657 2.7663529 2.7665388 2.7667234 2.7669066 2.7670883 2.7672686 2.7674473 2.7676245 2.7678001 2.7679741 2.7681464 2.768317 2.7684859 2.768653 2.7688184 2.768982 2.7691437 2.7693035 2.7694615 2.7696176 2.7697717 2.7699239 2.7700741 2.7702224 2.7703686 2.7705129 2.7706551 2.7707953 2.7709334 2.7710695 2.7712036 2.7713355 2.7714654 2.7715932 2.771719 2.7718427 2.7719643 2.7720838
2.7619923 2.7621931 2.7623936 2.7625938 2.7627937 2.7629932 2.7631922 2.7633907 2.7635886 2.763786 2.7639826 2.7641786 2.7643738 2.7645682 2.7647617 2.7649543 2.7651459 2.7653366 2.7655261 2.7657146 2.7659019 2.7660881 2.766273 2.7664566 2.7666389 2.7668198 2.7669993 2.7671774 2.767354 2.7675291 2.7677027 2.7678746 2.768045 2.7682137 2.7683807 2.768546 2.7687095 2.7688713 2.7690313 2.7691895 2.7693459 2.7695004 2.769653 2.7698037 2.7699525 2.7700994 2.7702443 2.7703872 2.7705282 2.7706672 2.7708042 2.7709392 2.7710722 2.7712031 2.7713321 2.771459 2.7715838 2.7717067 2.7718275 2.7719463
