Cobbity2/QGIS/AveS24.asc
NCOLS 600
NROWS 419
XLLCORNER 150.66
YLLCORNER -34.028
CELLSIZE 1e-05
NODATA_VALUE -9999
[rows 0 to 25 of 419, columns 180 to 239 of 600]
2.7441595 2.7442273 2.7442972 2.7443691 2.7444431 2.7445192 2.7445975 2.744678 2.7447607 2.7448457 2.744933 2.7450226 2.7451146 2.7452091 2.7453059 2.7454053 2.7455072 2.7456116 2.7457186 2.7458283 2.7459406 2.7460556 2.7461733 2.7462938 2.746417 2.7465431 2.746672 2.7468038 2.7469385 2.7470761 2.7472166 2.7473601 2.7475066 2.7476561 2.7478087 2.7479643 2.7481229 2.7482847 2.7484495 2.7486174 2.7487885 2.7489626 2.7491399 2.7493203 2.7495038 2.7496904 2.7498802 2.7500731 2.750269 2.7504681 2.7506702 2.7508754 2.7510836 2.7512948 2.751509 2.7517262 2.7519463 2.7521693 2.7523952 2.7526238
2.7439957 2.7440629 2.7441321 2.7442034 2.7442768 2.7443524 2.7444302 2.7445102 2.7445924 2.7446769 2.7447638 2.7448531 2.7449448 2.7450389 2.7451355 2.7452346 2.7453363 2.7454406 2.7455476 2.7456572 2.7457695 2.7458845 2.7460023 2.7461229 2.7462464 2.7463727 2.7465019 2.7466341 2.7467692 2.7469073 2.7470483 2.7471925 2.7473397 2.7474899 2.7476433 2.7477998 2.7479594 2.7481222 2.7482881 2.7484572 2.7486295 2.748805 2.7489837 2.7491656 2.7493507 2.7495391 2.7497306 2.7499253 2.7501231 2.7503242 2.7505284 2.7507358 2.7509463 2.7511598 2.7513765 2.7515962 2.7518189 2.7520446 2.7522732 2.7525047
2.7438298 2.7438963 2.7439648 2.7440355 2.7441083 2.7441833 2.7442605 2.7443399 2.7444216 2.7445057 2.7445922 2.744681 2.7447723 2.7448661 2.7449624 2.7450613 2.7451627 2.7452669 2.7453737 2.7454832 2.7455954 2.7457105 2.7458284 2.7459491 2.7460727 2.7461993 2.7463288 2.7464612 2.7465968 2.7467353 2.7468769 2.7470217 2.7471695 2.7473205 2.7474747 2.747632 2.7477926 2.7479564 2.7481235 2.7482938 2.7484673 2.7486442 2.7488243 2.7490077 2.7491944 2.7493844 2.7495777 2.7497742 2.749974 2.7501771 2.7503834 2.750593 2.7508058 2.7510217 2.7512408 2.7514631 2.7516884 2.7519169 2.7521483 2.7523828
2.7436617 2.7437275 2.7437953 2.7438653 2.7439374 2.7440118 2.7440883 2.7441672 2.7442484 2.744332 2.7444179 2.7445063 2.7445972 2.7446906 2.7447866 2.7448851 2.7449864 2.7450903 2.7451969 2.7453063 2.7454185 2.7455335 2.7456514 2.7457722 2.745896 2.7460227 2.7461525 2.7462853 2.7464211 2.7465601 2.7467023 2.7468476 2.7469961 2.7471478 2.7473027 2.747461 2.7476225 2.7477873 2.7479554 2.7481269 2.7483017 2.7484799 2.7486615 2.7488464 2.7490347 2.7492263 2.7494214 2.7496198 2.7498216 2.7500267 2.7502351 2.7504469 2.750662 2.7508804 2.751102 2.7513269 2.7515549 2.7517861 2.7520204 2.7522578
2.7434914 2.7435564 2.7436235 2.7436927 2.7437642 2.7438378 2.7439138 2.743992 2.7440726 2.7441556 2.744241 2.744329 2.7444194 2.7445124 2.744608 2.7447062 2.7448071 2.7449108 2.7450172 2.7451264 2.7452385 2.7453535 2.7454714 2.7455922 2.7457161 2.745843 2.745973 2.7461061 2.7462423 2.7463817 2.7465243 2.7466702 2.7468193 2.7469717 2.7471274 2.7472865 2.7474489 2.7476147 2.747784 2.7479566 2.7481327 2.7483122 2.7484951 2.7486816 2.7488715 2.7490648 2.7492616 2.7494619 2.7496657 2.7498728 2.7500835 2.7502975 2.7505149 2.7507357 2.7509599 2.7511874 2.7514181 2.7516522 2.7518894 2.7521298
2.7433188 2.743383 2.7434493 2.7435178 2.7435885 2.7436615 2.7437367 2.7438143 2.7438943 2.7439767 2.7440615 2.7441489 2.7442388 2.7443314 2.7444265 2.7445244 2.744625 2.7447283 2.7448345 2.7449436 2.7450555 2.7451704 2.7452882 2.7454091 2.745533 2.74566 2.7457902 2.7459235 2.7460601 2.7461999 2.7463429 2.7464893 2.746639 2.7467921 2.7469486 2.7471085 2.7472718 2.7474386 2.7476089 2.7477827 2.74796 2.7481409 2.7483253 2.7485132 2.7487047 2.7488997 2.7490983 2.7493005 2.7495062 2.7497155 2.7499283 2.7501446 2.7503644 2.7505877 2.7508144 2.7510445 2.7512781 2.751515 2.7517552 2.7519987
2.743144 2.7432074 2.7432728 2.7433405 2.7434104 2.7434826 2.7435572 2.743634 2.7437133 2.7437951 2.7438793 2.7439661 2.7440555 2.7441476 2.7442423 2.7443397 2.7444399 2.7445429 2.7446488 2.7447576 2.7448693 2.7449841 2.7451018 2.7452227 2.7453467 2.7454738 2.7456041 2.7457377 2.7458745 2.7460146 2.7461581 2.746305 2.7464553 2.746609 2.7467662 2.7469269 2.7470911 2.7472589 2.7474303 2.7476052 2.7477837 2.7479659 2.7481517 2.7483411 2.7485342 2.748731 2.7489314 2.7491355 2.7493432 2.7495545 2.7497695 2.7499881 2.7502103 2.7504361 2.7506654 2.7508983 2.7511346 2.7513744 2.7516177 2.7518643
2.7429669 2.7430294 2.743094 2.7431608 2.7432299 2.7433013 2.743375 2.7434512 2.7435297 2.7436108 2.7436944 2.7437806 2.7438694 2.7439609 2.7440551 2.744152 2.7442518 2.7443545 2.74446 2.7445685 2.74468 2.7447946 2.7449122 2.745033 2.745157 2.7452841 2.7454146 2.7455483 2.7456854 2.7458259 2.7459698 2.7461171 2.7462679 2.7464223 2.7465802 2.7467416 2.7469067 2.7470755 2.7472479 2.7474239 2.7476037 2.7477872 2.7479744 2.7481653 2.74836 2.7485585 2.7487607 2.7489666 2.7491764 2.7493898 2.749607 2.7498279 2.7500526 2.7502809 2.7505129 2.7507485 2.7509877 2.7512304 2.7514767 2.7517265
2.7427875 2.742849 2.7429127 2.7429786 2.7430469 2.7431174 2.7431903 2.7432657 2.7433435 2.7434238 2.7435067 2.7435922 2.7436804 2.7437713 2.7438649 2.7439614 2.7440607 2.7441629 2.7442681 2.7443763 2.7444875 2.7446018 2.7447193 2.74484 2.7449639 2.7450911 2.7452216 2.7453555 2.7454928 2.7456335 2.7457778 2.7459255 2.7460769 2.7462318 2.7463904 2.7465526 2.7467186 2.7468882 2.7470616 2.7472388 2.7474198 2.7476046 2.7477932 2.7479856 2.7481819 2.7483821 2.7485861 2.748794 2.7490057 2.7492213 2.7494407 2.749664 2.7498911 2.7501219 2.7503566 2.750595 2.7508371 2.7510828 2.7513323 2.7515853
2.7426057 2.7426663 2.742729 2.742794 2.7428613 2.7429309 2.743003 2.7430775 2.7431545 2.743234 2.7433162 2.743401 2.7434885 2.7435787 2.7436717 2.7437676 2.7438664 2.7439682 2.7440729 2.7441807 2.7442916 2.7444057 2.744523 2.7446435 2.7447673 2.7448945 2.745025 2.745159 2.7452965 2.7454375 2.7455821 2.7457302 2.745882 2.7460375 2.7461968 2.7463597 2.7465265 2.7466971 2.7468715 2.7470497 2.7472319 2.747418 2.747608 2.7478019 2.7479998 2.7482017 2.7484075 2.7486173 2.7488311 2.7490488 2.7492705 2.7494961 2.7497257 2.7499591 2.7501965 2.7504377 2.7506827 2.7509316 2.7511842 2.7514404
2.7424216 2.7424811 2.7425428 2.7426068 2.7426732 2.7427419 2.742813 2.7428866 2.7429627 2.7430414 2.7431228 2.7432068 2.7432936 2.7433831 2.7434755 2.7435708 2.743669 2.7437702 2.7438745 2.7439819 2.7440924 2.7442062 2.7443232 2.7444435 2.7445672 2.7446943 2.7448248 2.7449589 2.7450965 2.7452377 2.7453826 2.7455311 2.7456834 2.7458394 2.7459992 2.7461629 2.7463304 2.7465019 2.7466773 2.7468566 2.74704 2.7472273 2.7474187 2.7476141 2.7478136 2.7480172 2.7482248 2.7484366 2.7486524 2.7488723 2.7490962 2.7493242 2.7495563 2.7497924 2.7500325 2.7502765 2.7505246 2.7507765 2.7510323 2.7512919
2.7422351 2.7422935 2.7423542 2.7424171 2.7424825 2.7425502 2.7426203 2.742693 2.7427682 2.742846 2.7429265 2.7430097 2.7430957 2.7431845 2.7432762 2.7433708 2.7434684 2.743569 2.7436728 2.7437797 2.7438898 2.7440032 2.7441199 2.74424 2.7443635 2.7444904 2.7446209 2.744755 2.7448927 2.7450341 2.7451792 2.745328 2.7454807 2.7456372 2.7457976 2.745962 2.7461303 2.7463026 2.7464789 2.7466594 2.7468439 2.7470325 2.7472252 2.7474221 2.7476232 2.7478285 2.748038 2.7482516 2.7484695 2.7486915 2.7489178 2.7491482 2.7493828 2.7496215 2.7498644 2.7501114 2.7503624 2.7506175 2.7508765 2.7511395
2.7420462 2.7421035 2.742163 2.7422249 2.7422891 2.7423558 2.7424249 2.7424966 2.7425708 2.7426477 2.7427273 2.7428096 2.7428947 2.7429827 2.7430737 2.7431676 2.7432645 2.7433645 2.7434677 2.7435741 2.7436837 2.7437967 2.743913 2.7440328 2.7441561 2.7442829 2.7444133 2.7445473 2.744685 2.7448265 2.7449718 2.745121 2.745274 2.745431 2.7455919 2.7457569 2.745926 2.7460991 2.7462764 2.7464578 2.7466435 2.7468333 2.7470274 2.7472258 2.7474285 2.7476354 2.7478467 2.7480623 2.7482822 2.7485065 2.748735 2.7489679 2.749205 2.7494464 2.7496921 2.749942 2.7501961 2.7504544 2.7507168 2.7509832
2.7418548 2.7419109 2.7419693 2.74203 2.7420931 2.7421587 2.7422267 2.7422973 2.7423706 2.7424465 2.7425251 2.7426065 2.7426907 2.7427778 2.742868 2.7429611 2.7430573 2.7431566 2.7432592 2.7433649 2.7434741 2.7435866 2.7437025 2.7438219 2.7439449 2.7440714 2.7442017 2.7443357 2.7444734 2.744615 2.7447604 2.7449098 2.7450631 2.7452205 2.745382 2.7455476 2.7457173 2.7458913 2.7460695 2.7462519 2.7464387 2.7466298 2.7468252 2.747025 2.7472293 2.7474379 2.747651 2.7478686 2.7480905 2.7483169 2.7485478 2.7487831 2.7490228 2.749267 2.7495155 2.7497684 2.7500256 2.7502871 2.7505529 2.7508228
2.741661 2.7417159 2.741773 2.7418325 2.7418945 2.7419589 2.7420258 2.7420953 2.7421674 2.7422422 2.7423198 2.7424002 2.7424835 2.7425697 2.742659 2.7427513 2.7428467 2.7429453 2.7430471 2.7431523 2.7432608 2.7433727 2.7434882 2.7436072 2.7437298 2.7438561 2.7439862 2.74412 2.7442577 2.7443993 2.7445448 2.7446944 2.744848 2.7450058 2.7451677 2.7453339 2.7455043 2.745679 2.7458581 2.7460415 2.7462293 2.7464216 2.7466184 2.7468197 2.7470255 2.7472358 2.7474507 2.7476702 2.7478942 2.7481229 2.7483561 2.7485938 2.7488362 2.749083 2.7493344 2.7495903 2.7498507 2.7501155 2.7503847 2.7506582
2.7414647 2.7415182 2.7415741 2.7416324 2.7416931 2.7417563 2.741822 2.7418903 2.7419613 2.742035 2.7421115 2.7421909 2.7422731 2.7423584 2.7424467 2.7425381 2.7426326 2.7427304 2.7428315 2.7429359 2.7430438 2.7431552 2.7432701 2.7433886 2.7435109 2.7436368 2.7437666 2.7439003 2.7440378 2.7441794 2.744325 2.7444747 2.7446286 2.7447867 2.744949 2.7451157 2.7452867 2.7454622 2.7456421 2.7458264 2.7460154 2.7462088 2.7464069 2.7466096 2.746817 2.747029 2.7472457 2.7474671 2.7476932 2.747924 2.7481596 2.7483998 2.7486448 2.7488944 2.7491487 2.7494077 2.7496713 2.7499394 2.7502121 2.7504892
2.7412658 2.7413181 2.7413726 2.7414296 2.741489 2.7415509 2.7416153 2.7416824 2.7417522 2.7418247 2.7419001 2.7419783 2.7420595 2.7421437 2.742231 2.7423214 2.7424151 2.742512 2.7426123 2.7427159 2.7428231 2.7429338 2.7430481 2.7431662 2.7432879 2.7434135 2.7435429 2.7436763 2.7438137 2.7439552 2.7441008 2.7442506 2.7444047 2.744563 2.7447258 2.7448929 2.7450645 2.7452407 2.7454214 2.7456067 2.7457966 2.7459912 2.7461906 2.7463947 2.7466036 2.7468173 2.7470358 2.7472591 2.7474873 2.7477204 2.7479583 2.748201 2.7484486 2.748701 2.7489583 2.7492203 2.7494871 2.7497587 2.7500349 2.7503157
2.7410645 2.7411153 2.7411685 2.741224 2.7412821 2.7413426 2.7414058 2.7414716 2.7415401 2.7416114 2.7416855 2.7417626 2.7418426 2.7419257 2.7420119 2.7421013 2.742194 2.74229 2.7423893 2.7424922 2.7425986 2.7427086 2.7428222 2.7429396 2.7430609 2.743186 2.743315 2.7434481 2.7435853 2.7437266 2.7438722 2.744022 2.7441762 2.7443348 2.7444979 2.7446654 2.7448376 2.7450144 2.7451958 2.745382 2.745573 2.7457687 2.7459693 2.7461748 2.7463852 2.7466005 2.7468208 2.7470461 2.7472764 2.7475116 2.7477519 2.7479972 2.7482474 2.7485027 2.7487629 2.7490281 2.7492982 2.7495731 2.749853 2.7501376
2.7408606 2.7409099 2.7409616 2.7410157 2.7410723 2.7411315 2.7411933 2.7412577 2.7413249 2.7413949 2.7414678 2.7415436 2.7416224 2.7417043 2.7417894 2.7418777 2.7419693 2.7420643 2.7421627 2.7422646 2.7423701 2.7424793 2.7425923 2.742709 2.7428296 2.7429542 2.7430828 2.7432156 2.7433525 2.7434936 2.743639 2.7437888 2.7439431 2.7441018 2.7442652 2.7444331 2.7446058 2.7447831 2.7449653 2.7451523 2.7453443 2.7455411 2.7457429 2.7459498 2.7461617 2.7463786 2.7466007 2.7468279 2.7470603 2.7472977 2.7475404 2.7477882 2.7480411 2.7482992 2.7485625 2.7488308 2.7491042 2.7493827 2.7496661 2.7499546
2.7406541 2.7407019 2.7407521 2.7408047 2.7408598 2.7409175 2.7409778 2.7410408 2.7411066 2.7411752 2.7412467 2.7413212 2.7413988 2.7414794 2.7415633 2.7416504 2.7417409 2.7418348 2.7419322 2.7420331 2.7421378 2.7422461 2.7423582 2.7424742 2.7425942 2.7427182 2.7428463 2.7429785 2.7431151 2.7432559 2.7434012 2.7435509 2.7437052 2.743864 2.7440276 2.7441958 2.7443689 2.7445469 2.7447297 2.7449175 2.7451104 2.7453083 2.7455113 2.7457195 2.7459329 2.7461514 2.7463753 2.7466044 2.7468388 2.7470785 2.7473235 2.7475739 2.7478295 2.7480905 2.7483568 2.7486283 2.7489051 2.7491871 2.7494743 2.7497666
2.740445 2.7404912 2.7405398 2.7405908 2.7406444 2.7407006 2.7407594 2.7408209 2.7408852 2.7409523 2.7410224 2.7410955 2.7411717 2.7412511 2.7413337 2.7414195 2.7415088 2.7416015 2.7416978 2.7417977 2.7419013 2.7420087 2.74212 2.7422352 2.7423544 2.7424777 2.7426052 2.742737 2.7428731 2.7430136 2.7431586 2.7433081 2.7434623 2.7436213 2.743785 2.7439535 2.744127 2.7443054 2.7444889 2.7446774 2.7448712 2.7450701 2.7452743 2.7454838 2.7456986 2.7459187 2.7461443 2.7463753 2.7466118 2.7468537 2.7471012 2.7473541 2.7476124 2.7478763 2.7481456 2.7484204 2.7487006 2.7489862 2.7492771 2.7495734
2.7402332 2.7402778 2.7403248 2.7403742 2.7404261 2.7404807 2.7405379 2.7405978 2.7406606 2.7407262 2.7407948 2.7408665 2.7409412 2.7410192 2.7411004 2.7411849 2.7412729 2.7413644 2.7414595 2.7415583 2.7416608 2.7417672 2.7418775 2.7419918 2.7421102 2.7422327 2.7423596 2.7424907 2.7426263 2.7427664 2.7429111 2.7430604 2.7432145 2.7433734 2.7435372 2.7437059 2.7438797 2.7440586 2.7442427 2.7444319 2.7446265 2.7448264 2.7450317 2.7452424 2.7454587 2.7456804 2.7459077 2.7461406 2.7463792 2.7466233 2.7468731 2.7471286 2.7473897 2.7476565 2.7479289 2.7482069 2.7484906 2.7487798 2.7490746 2.7493748
2.7400189 2.7400617 2.740107 2.7401547 2.7402049 2.7402578 2.7403133 2.7403716 2.7404328 2.7404968 2.7405638 2.7406339 2.7407072 2.7407836 2.7408634 2.7409465 2.7410332 2.7411234 2.7412172 2.7413147 2.7414161 2.7415214 2.7416306 2.7417439 2.7418614 2.7419832 2.7421092 2.7422397 2.7423747 2.7425143 2.7426586 2.7428077 2.7429615 2.7431204 2.7432842 2.743453 2.7436271 2.7438064 2.7439909 2.7441808 2.7443762 2.744577 2.7447834 2.7449954 2.745213 2.7454363 2.7456653 2.7459001 2.7461406 2.746387 2.7466392 2.7468972 2.7471611 2.7474308 2.7477063 2.7479877 2.7482748 2.7485678 2.7488664 2.7491707
2.7398019 2.7398429 2.7398864 2.7399323 2.7399808 2.7400319 2.7400857 2.7401423 2.7402017 2.7402641 2.7403295 2.7403979 2.7404696 2.7405445 2.7406227 2.7407044 2.7407895 2.7408783 2.7409708 2.741067 2.7411671 2.7412712 2.7413793 2.7414916 2.7416081 2.7417289 2.7418542 2.7419839 2.7421182 2.7422573 2.7424011 2.7425497 2.7427033 2.742862 2.7430257 2.7431947 2.7433689 2.7435485 2.7437335 2.743924 2.7441201 2.7443218 2.7445292 2.7447424 2.7449613 2.7451861 2.7454168 2.7456535 2.745896 2.7461446 2.7463992 2.7466598 2.7469264 2.7471991 2.7474778 2.7477625 2.7480532 2.7483498 2.7486524 2.7489608
2.7395822 2.7396214 2.7396629 2.739707 2.7397537 2.7398029 2.7398549 2.7399097 2.7399674 2.740028 2.7400916 2.7401584 2.7402283 2.7403016 2.7403782 2.7404583 2.7405419 2.7406292 2.7407202 2.7408151 2.7409139 2.7410167 2.7411236 2.7412347 2.7413501 2.7414699 2.7415942 2.7417231 2.7418567 2.741995 2.7421383 2.7422865 2.7424397 2.7425981 2.7427617 2.7429307 2.743105 2.7432849 2.7434703 2.7436613 2.7438581 2.7440606 2.744269 2.7444833 2.7447035 2.7449298 2.7451622 2.7454006 2.7456452 2.745896 2.7461529 2.7464161 2.7466855 2.7469612 2.747243 2.7475311 2.7478254 2.7481258 2.7484324 2.748745
2.7393598 2.739397 2.7394367 2.7394788 2.7395236 2.7395709 2.739621 2.7396739 2.7397297 2.7397885 2.7398503 2.7399152 2.7399834 2.7400549 2.7401299 2.7402083 2.7402903 2.740376 2.7404655 2.7405588 2.7406562 2.7407576 2.7408632 2.7409731 2.7410873 2.741206 2.7413293 2.7414573 2.74159 2.7417276 2.7418702 2.7420178 2.7421706 2.7423287 2.7424921 2.7426609 2.7428353 2.7430153 2.7432011 2.7433926 2.7435899 2.7437932 2.7440025 2.7442179 2.7444394 2.7446671 2.7449011 2.7451414 2.7453879 2.7456409 2.7459002 2.746166 2.7464382 2.7467168 2.7470018 2.7472933 2.7475912 2.7478955 2.7482061 2.748523
