Cobbity2/QGIS/AveS24.asc
NCOLS 600
NROWS 419
XLLCORNER 150.66
YLLCORNER -34.028
CELLSIZE 1e-05
NODATA_VALUE -9999
[rows 234 to 259 of 419, columns 360 to 419 of 600]
2.8008363 2.8005802 2.8003282 2.8000802 2.7998361 2.7995957 2.7993589 2.7991256 2.7988957 2.7986692 2.7984458 2.7982256 2.7980083 2.797794 2.7975826 2.7973739 2.797168 2.7969646 2.7967638 2.7965655 2.7963696 2.796176 2.7959848 2.7957957 2.7956089 2.7954242 2.7952415 2.7950609 2.7948823 2.7947055 2.7945307 2.7943577 2.7941865 2.7940171 2.7938494 2.7936834 2.7935191 2.7933563 2.7931952 2.7930356 2.7928775 2.7927209 2.7925658 2.7924121 2.7922598 2.7921089 2.7919594 2.7918112 2.7916643 2.7915187 2.7913744 2.7912313 2.7910894 2.7909488 2.7908093 2.790671 2.7905338 2.7903978 2.7902629 2.7901291
2.800732 2.8004758 2.8002237 2.7999756 2.7997314 2.799491 2.7992543 2.7990211 2.7987914 2.798565 2.7983418 2.7981218 2.7979048 2.7976908 2.7974797 2.7972714 2.7970657 2.7968628 2.7966624 2.7964645 2.796269 2.796076 2.7958852 2.7956967 2.7955104 2.7953262 2.7951441 2.794964 2.794786 2.7946098 2.7944356 2.7942632 2.7940927 2.7939239 2.7937568 2.7935914 2.7934277 2.7932657 2.7931052 2.7929462 2.7927888 2.7926329 2.7924785 2.7923255 2.7921739 2.7920237 2.7918748 2.7917273 2.7915811 2.7914362 2.7912926 2.7911502 2.791009 2.790869 2.7907303 2.7905926 2.7904562 2.7903209 2.7901866 2.7900535
2.8006283 2.8003719 2.8001196 2.7998714 2.7996272 2.7993868 2.7991501 2.798917 2.7986874 2.7984611 2.7982381 2.7980183 2.7978016 2.7975879 2.797377 2.797169 2.7969638 2.7967612 2.7965612 2.7963637 2.7961687 2.7959761 2.7957858 2.7955977 2.7954119 2.7952283 2.7950467 2.7948672 2.7946897 2.7945142 2.7943405 2.7941688 2.7939988 2.7938306 2.7936642 2.7934995 2.7933364 2.7931749 2.7930151 2.7928568 2.7927001 2.7925448 2.7923911 2.7922387 2.7920878 2.7919383 2.7917901 2.7916433 2.7914978 2.7913536 2.7912106 2.7910689 2.7909284 2.7907891 2.7906511 2.7905141 2.7903783 2.7902437 2.7901102 2.7899777
2.8005251 2.8002684 2.800016 2.7997677 2.7995234 2.799283 2.7990463 2.7988132 2.7985837 2.7983575 2.7981347 2.7979151 2.7976986 2.7974851 2.7972746 2.7970669 2.7968619 2.7966597 2.7964601 2.796263 2.7960684 2.7958763 2.7956864 2.7954989 2.7953136 2.7951304 2.7949494 2.7947705 2.7945935 2.7944185 2.7942455 2.7940743 2.7939049 2.7937373 2.7935715 2.7934074 2.793245 2.7930842 2.792925 2.7927674 2.7926113 2.7924567 2.7923036 2.7921519 2.7920016 2.7918528 2.7917053 2.7915592 2.7914143 2.7912708 2.7911285 2.7909875 2.7908477 2.7907091 2.7905717 2.7904354 2.7903003 2.7901663 2.7900335 2.7899017
2.8004222 2.8001653 2.7999127 2.7996642 2.7994198 2.7991794 2.7989427 2.7987096 2.7984802 2.7982541 2.7980315 2.797812 2.7975957 2.7973825 2.7971722 2.7969648 2.7967602 2.7965584 2.7963591 2.7961624 2.7959683 2.7957765 2.7955872 2.7954001 2.7952153 2.7950326 2.7948521 2.7946737 2.7944973 2.7943229 2.7941504 2.7939798 2.793811 2.793644 2.7934788 2.7933153 2.7931535 2.7929933 2.7928348 2.7926778 2.7925223 2.7923684 2.7922159 2.7920649 2.7919154 2.7917672 2.7916203 2.7914749 2.7913307 2.7911878 2.7910462 2.7909059 2.7907667 2.7906288 2.7904921 2.7903565 2.7902221 2.7900888 2.7899566 2.7898255
2.8003196 2.8000624 2.7998096 2.799561 2.7993165 2.7990759 2.7988392 2.7986062 2.7983768 2.7981509 2.7979283 2.7977091 2.797493 2.79728 2.79707 2.7968629 2.7966586 2.796457 2.7962582 2.7960619 2.7958681 2.7956768 2.7954879 2.7953013 2.7951169 2.7949348 2.7947548 2.7945769 2.794401 2.7942272 2.7940552 2.7938852 2.793717 2.7935506 2.793386 2.7932231 2.7930619 2.7929024 2.7927445 2.7925881 2.7924333 2.79228 2.7921282 2.7919778 2.7918289 2.7916814 2.7915352 2.7913904 2.7912469 2.7911047 2.7909638 2.7908241 2.7906856 2.7905484 2.7904123 2.7902774 2.7901436 2.790011 2.7898795 2.7897491
2.8002171 2.7999596 2.7997066 2.7994578 2.7992132 2.7989726 2.7987358 2.7985029 2.7982735 2.7980477 2.7978253 2.7976062 2.7973903 2.7971775 2.7969677 2.7967609 2.7965569 2.7963557 2.7961572 2.7959613 2.795768 2.7955771 2.7953886 2.7952024 2.7950186 2.7948369 2.7946574 2.79448 2.7943047 2.7941314 2.79396 2.7937905 2.7936229 2.7934571 2.7932931 2.7931308 2.7929702 2.7928113 2.792654 2.7924983 2.7923441 2.7921915 2.7920403 2.7918906 2.7917423 2.7915954 2.7914499 2.7913058 2.7911629 2.7910214 2.7908811 2.7907421 2.7906043 2.7904677 2.7903323 2.7901981 2.790065 2.789933 2.7898022 2.7896724
2.8001147 2.7998569 2.7996036 2.7993547 2.7991099 2.7988692 2.7986325 2.7983995 2.7981702 2.7979445 2.7977222 2.7975032 2.7972875 2.797075 2.7968655 2.7966589 2.7964553 2.7962544 2.7960562 2.7958607 2.7956677 2.7954772 2.7952892 2.7951035 2.7949201 2.7947389 2.7945599 2.7943831 2.7942083 2.7940355 2.7938647 2.7936958 2.7935287 2.7933635 2.7932001 2.7930384 2.7928784 2.7927201 2.7925634 2.7924083 2.7922548 2.7921028 2.7919522 2.7918032 2.7916555 2.7915093 2.7913645 2.791221 2.7910788 2.7909379 2.7907983 2.7906599 2.7905228 2.7903869 2.7902521 2.7901185 2.7899861 2.7898548 2.7897246 2.7895955
2.8000121 2.7997541 2.7995006 2.7992515 2.7990066 2.7987658 2.798529 2.798296 2.7980668 2.7978411 2.797619 2.7974002 2.7971847 2.7969723 2.7967631 2.7965568 2.7963535 2.7961529 2.7959551 2.7957599 2.7955674 2.7953773 2.7951897 2.7950045 2.7948215 2.7946408 2.7944623 2.794286 2.7941117 2.7939395 2.7937692 2.7936008 2.7934344 2.7932697 2.7931069 2.7929458 2.7927864 2.7926287 2.7924727 2.7923182 2.7921653 2.7920139 2.791864 2.7917156 2.7915686 2.791423 2.7912788 2.791136 2.7909944 2.7908542 2.7907152 2.7905775 2.7904411 2.7903058 2.7901717 2.7900388 2.789907 2.7897763 2.7896468 2.7895183
2.7999094 2.7996511 2.7993973 2.7991481 2.7989031 2.7986622 2.7984254 2.7981924 2.7979632 2.7977377 2.7975156 2.797297 2.7970817 2.7968696 2.7966606 2.7964546 2.7962515 2.7960513 2.7958538 2.7956591 2.7954669 2.7952772 2.79509 2.7949053 2.7947228 2.7945426 2.7943646 2.7941887 2.794015 2.7938433 2.7936735 2.7935058 2.7933399 2.7931758 2.7930136 2.7928531 2.7926943 2.7925372 2.7923817 2.7922279 2.7920756 2.7919248 2.7917756 2.7916278 2.7914814 2.7913365 2.7911929 2.7910507 2.7909099 2.7907703 2.790632 2.7904949 2.7903591 2.7902245 2.7900911 2.7899588 2.7898277 2.7896977 2.7895688 2.7894409
2.7998064 2.7995478 2.7992938 2.7990444 2.7987993 2.7985583 2.7983215 2.7980885 2.7978594 2.7976339 2.797412 2.7971936 2.7969784 2.7967666 2.7965578 2.7963521 2.7961494 2.7959495 2.7957524 2.795558 2.7953662 2.795177 2.7949902 2.7948059 2.7946239 2.7944441 2.7942666 2.7940913 2.7939181 2.7937469 2.7935777 2.7934105 2.7932451 2.7930817 2.79292 2.7927601 2.7926019 2.7924454 2.7922906 2.7921373 2.7919857 2.7918355 2.7916869 2.7915398 2.7913941 2.7912498 2.7911068 2.7909653 2.7908251 2.7906861 2.7905485 2.7904121 2.7902769 2.7901429 2.7900102 2.7898786 2.7897481 2.7896187 2.7894905 2.7893633
2.7997029 2.7994441 2.7991899 2.7989403 2.7986951 2.7984541 2.7982173 2.7979843 2.7977553 2.7975299 2.7973081 2.7970898 2.7968749 2.7966633 2.7964548 2.7962494 2.7960469 2.7958474 2.7956506 2.7954566 2.7952652 2.7950764 2.7948901 2.7947062 2.7945247 2.7943455 2.7941685 2.7939936 2.7938209 2.7936503 2.7934817 2.793315 2.7931502 2.7929873 2.7928262 2.7926669 2.7925093 2.7923534 2.7921992 2.7920466 2.7918955 2.791746 2.791598 2.7914515 2.7913065 2.7911628 2.7910205 2.7908796 2.79074 2.7906017 2.7904647 2.790329 2.7901945 2.7900612 2.789929 2.7897981 2.7896682 2.7895395 2.7894119 2.7892854
2.7995989 2.7993398 2.7990855 2.7988358 2.7985905 2.7983495 2.7981126 2.7978797 2.7976507 2.7974255 2.7972039 2.7969858 2.7967711 2.7965597 2.7963514 2.7961463 2.7959442 2.795745 2.7955486 2.795355 2.795164 2.7949756 2.7947898 2.7946063 2.7944253 2.7942465 2.79407 2.7938957 2.7937235 2.7935534 2.7933853 2.7932192 2.793055 2.7928927 2.7927322 2.7925735 2.7924165 2.7922612 2.7921076 2.7919556 2.7918052 2.7916563 2.7915089 2.791363 2.7912186 2.7910756 2.790934 2.7907937 2.7906547 2.7905171 2.7903808 2.7902457 2.7901118 2.7899791 2.7898476 2.7897173 2.7895882 2.7894601 2.7893331 2.7892073
2.7994943 2.799235 2.7989805 2.7987307 2.7984853 2.7982443 2.7980074 2.7977746 2.7975457 2.7973206 2.7970992 2.7968813 2.7966668 2.7964556 2.7962477 2.7960429 2.7958411 2.7956423 2.7954462 2.795253 2.7950624 2.7948745 2.7946891 2.7945061 2.7943255 2.7941473 2.7939713 2.7937975 2.7936259 2.7934563 2.7932888 2.7931232 2.7929596 2.7927978 2.7926379 2.7924798 2.7923234 2.7921687 2.7920157 2.7918643 2.7917145 2.7915663 2.7914195 2.7912743 2.7911305 2.7909881 2.7908471 2.7907075 2.7905692 2.7904322 2.7902965 2.7901621 2.7900288 2.7898968 2.789766 2.7896363 2.7895078 2.7893804 2.7892541 2.7891289
2.799389 2.7991295 2.7988749 2.7986249 2.7983795 2.7981385 2.7979017 2.797669 2.7974402 2.7972152 2.796994 2.7967763 2.796562 2.7963512 2.7961435 2.795939 2.7957376 2.7955391 2.7953435 2.7951506 2.7949605 2.794773 2.794588 2.7944055 2.7942255 2.7940477 2.7938722 2.793699 2.7935279 2.7933588 2.7931919 2.7930269 2.7928638 2.7927027 2.7925433 2.7923858 2.79223 2.792076 2.7919236 2.7917728 2.7916236 2.791476 2.7913299 2.7911853 2.7910421 2.7909004 2.79076 2.7906211 2.7904834 2.7903471 2.790212 2.7900782 2.7899456 2.7898143 2.7896841 2.7895551 2.7894272 2.7893004 2.7891748 2.7890502
2.7992828 2.7990231 2.7987684 2.7985184 2.798273 2.798032 2.7977953 2.7975626 2.797334 2.7971092 2.7968882 2.7966707 2.7964567 2.7962462 2.7960388 2.7958347 2.7956336 2.7954355 2.7952403 2.7950479 2.7948582 2.7946711 2.7944866 2.7943046 2.794125 2.7939478 2.7937728 2.7936001 2.7934295 2.7932611 2.7930946 2.7929302 2.7927678 2.7926072 2.7924485 2.7922915 2.7921364 2.7919829 2.7918311 2.791681 2.7915324 2.7913854 2.79124 2.791096 2.7909535 2.7908124 2.7906727 2.7905343 2.7903973 2.7902616 2.7901272 2.7899941 2.7898621 2.7897314 2.7896019 2.7894735 2.7893463 2.7892202 2.7890952 2.7889712
2.7991756 2.7989159 2.7986611 2.7984111 2.7981657 2.7979247 2.7976881 2.7974556 2.7972272 2.7970026 2.7967817 2.7965645 2.7963509 2.7961406 2.7959336 2.7957298 2.7955291 2.7953314 2.7951366 2.7949446 2.7947554 2.7945688 2.7943847 2.7942032 2.7940241 2.7938474 2.793673 2.7935008 2.7933308 2.7931629 2.7929971 2.7928332 2.7926713 2.7925114 2.7923532 2.7921969 2.7920424 2.7918895 2.7917384 2.7915888 2.7914409 2.7912946 2.7911497 2.7910064 2.7908645 2.7907241 2.790585 2.7904473 2.7903109 2.7901759 2.7900421 2.7899096 2.7897784 2.7896483 2.7895194 2.7893917 2.7892651 2.7891396 2.7890153 2.788892
2.7990674 2.7988076 2.7985528 2.7983028 2.7980575 2.7978166 2.7975801 2.7973478 2.7971195 2.7968952 2.7966746 2.7964577 2.7962443 2.7960344 2.7958277 2.7956243 2.795424 2.7952267 2.7950324 2.7948408 2.794652 2.7944659 2.7942824 2.7941014 2.7939228 2.7937467 2.7935728 2.7934011 2.7932317 2.7930644 2.7928991 2.7927358 2.7925746 2.7924152 2.7922577 2.7921019 2.791948 2.7917958 2.7916453 2.7914964 2.7913491 2.7912034 2.7910592 2.7909165 2.7907752 2.7906354 2.790497 2.79036 2.7902243 2.7900899 2.7899568 2.7898249 2.7896943 2.7895649 2.7894366 2.7893096 2.7891836 2.7890588 2.7889351 2.7888124
2.798958 2.7986982 2.7984434 2.7981935 2.7979483 2.7977076 2.7974712 2.7972391 2.7970111 2.796787 2.7965667 2.7963501 2.7961371 2.7959275 2.7957212 2.7955182 2.7953183 2.7951215 2.7949276 2.7947365 2.7945482 2.7943626 2.7941796 2.7939991 2.7938211 2.7936454 2.7934721 2.793301 2.7931321 2.7929654 2.7928007 2.7926381 2.7924774 2.7923186 2.7921617 2.7920066 2.7918533 2.7917017 2.7915518 2.7914035 2.7912569 2.7911118 2.7909683 2.7908262 2.7906856 2.7905465 2.7904087 2.7902723 2.7901373 2.7900035 2.7898711 2.7897399 2.7896099 2.7894812 2.7893536 2.7892271 2.7891019 2.7889777 2.7888546 2.7887326
2.7988474 2.7985876 2.7983329 2.7980831 2.797838 2.7975975 2.7973614 2.7971295 2.7969017 2.7966779 2.796458 2.7962417 2.7960291 2.7958199 2.795614 2.7954114 2.795212 2.7950156 2.7948221 2.7946316 2.7944438 2.7942587 2.7940762 2.7938962 2.7937188 2.7935437 2.7933709 2.7932004 2.7930321 2.792866 2.7927019 2.7925399 2.7923798 2.7922216 2.7920653 2.7919109 2.7917582 2.7916072 2.791458 2.7913104 2.7911644 2.7910199 2.790877 2.7907356 2.7905957 2.7904572 2.7903201 2.7901844 2.79005 2.7899169 2.7897851 2.7896545 2.7895252 2.7893971 2.7892702 2.7891444 2.7890198 2.7888963 2.7887738 2.7886525
2.7987354 2.7984757 2.7982211 2.7979715 2.7977266 2.7974863 2.7972505 2.7970189 2.7967914 2.796568 2.7963484 2.7961325 2.7959202 2.7957114 2.795506 2.7953039 2.7951049 2.794909 2.7947161 2.794526 2.7943387 2.7941542 2.7939722 2.7937928 2.7936159 2.7934414 2.7932692 2.7930993 2.7929316 2.7927661 2.7926026 2.7924412 2.7922817 2.7921242 2.7919686 2.7918147 2.7916627 2.7915124 2.7913638 2.7912168 2.7910715 2.7909277 2.7907854 2.7906447 2.7905054 2.7903676 2.7902311 2.7900961 2.7899623 2.7898299 2.7896988 2.7895689 2.7894402 2.7893128 2.7891865 2.7890614 2.7889374 2.7888145 2.7886928 2.7885721
2.798622 2.7983624 2.798108 2.7978586 2.797614 2.797374 2.7971385 2.7969072 2.7966801 2.796457 2.7962378 2.7960224 2.7958105 2.7956022 2.7953972 2.7951956 2.7949971 2.7948017 2.7946093 2.7944198 2.794233 2.794049 2.7938676 2.7936888 2.7935125 2.7933386 2.793167 2.7929977 2.7928306 2.7926657 2.7925029 2.7923421 2.7921832 2.7920264 2.7918714 2.7917182 2.7915668 2.7914171 2.7912692 2.7911229 2.7909782 2.790835 2.7906935 2.7905534 2.7904148 2.7902776 2.7901418 2.7900074 2.7898743 2.7897426 2.7896121 2.7894829 2.7893549 2.7892281 2.7891025 2.788978 2.7888547 2.7887325 2.7886114 2.7884913
2.798507 2.7982477 2.7979936 2.7977444 2.7975001 2.7972605 2.7970253 2.7967944 2.7965677 2.796345 2.7961263 2.7959113 2.7956999 2.795492 2.7952876 2.7950865 2.7948885 2.7946936 2.7945018 2.7943128 2.7941266 2.7939432 2.7937624 2.7935842 2.7934085 2.7932352 2.7930642 2.7928956 2.7927291 2.7925648 2.7924026 2.7922424 2.7920843 2.791928 2.7917737 2.7916212 2.7914704 2.7913214 2.7911741 2.7910285 2.7908845 2.790742 2.7906011 2.7904617 2.7903238 2.7901872 2.7900521 2.7899184 2.789786 2.7896549 2.7895251 2.7893965 2.7892692 2.7891431 2.7890182 2.7888944 2.7887717 2.7886501 2.7885297 2.7884103
2.7983904 2.7981314 2.7978776 2.7976288 2.7973849 2.7971456 2.7969108 2.7966804 2.7964541 2.7962319 2.7960137 2.7957991 2.7955883 2.795381 2.7951771 2.7949765 2.7947791 2.7945848 2.7943935 2.7942051 2.7940195 2.7938367 2.7936565 2.7934789 2.7933038 2.7931312 2.7929608 2.7927928 2.792627 2.7924634 2.7923018 2.7921423 2.7919848 2.7918292 2.7916755 2.7915237 2.7913736 2.7912253 2.7910787 2.7909337 2.7907904 2.7906486 2.7905084 2.7903696 2.7902324 2.7900965 2.7899621 2.789829 2.7896973 2.7895669 2.7894378 2.7893099 2.7891832 2.7890578 2.7889335 2.7888104 2.7886884 2.7885675 2.7884477 2.7883289
2.7982721 2.7980135 2.7977601 2.7975117 2.7972682 2.7970294 2.7967951 2.7965651 2.7963394 2.7961177 2.7958999 2.795686 2.7954757 2.7952689 2.7950656 2.7948656 2.7946688 2.7944751 2.7942844 2.7940966 2.7939117 2.7937295 2.7935499 2.793373 2.7931985 2.7930265 2.7928568 2.7926895 2.7925243 2.7923613 2.7922005 2.7920416 2.7918848 2.7917299 2.7915769 2.7914257 2.7912763 2.7911287 2.7909828 2.7908385 2.7906958 2.7905547 2.7904152 2.7902771 2.7901406 2.7900054 2.7898717 2.7897393 2.7896082 2.7894785 2.78935 2.7892228 2.7890969 2.7889721 2.7888485 2.788726 2.7886047 2.7884844 2.7883653 2.7882472
2.7981521 2.7978939 2.797641 2.7973931 2.7971501 2.7969118 2.796678 2.7964486 2.7962234 2.7960023 2.7957851 2.7955717 2.795362 2.7951558 2.7949531 2.7947537 2.7945575 2.7943645 2.7941744 2.7939873 2.793803 2.7936215 2.7934426 2.7932663 2.7930925 2.7929212 2.7927522 2.7925855 2.792421 2.7922588 2.7920986 2.7919404 2.7917843 2.7916301 2.7914778 2.7913273 2.7911786 2.7910316 2.7908864 2.7907428 2.7906008 2.7904604 2.7903216 2.7901842 2.7900483 2.7899139 2.7897808 2.7896491 2.7895188 2.7893897 2.789262 2.7891354 2.7890101 2.788886 2.7887631 2.7886413 2.7885207 2.7884011 2.7882826 2.7881652
