Cobbity2/QGIS/AveS24.asc
NCOLS 600
NROWS 419
XLLCORNER 150.66
YLLCORNER -34.028
CELLSIZE 1e-05
NODATA_VALUE -9999
[rows 234 to 259 of 419, columns 0 to 59 of 600]
2.7384023 2.7383225 2.7382422 2.7381612 2.7380796 2.7379974 2.7379145 2.737831 2.7377468 2.7376619 2.7375764 2.7374902 2.7374033 2.7373157 2.7372274 2.7371384 2.7370486 2.7369581 2.7368669 2.7367749 2.7366822 2.7365886 2.7364943 2.7363992 2.7363033 2.7362065 2.7361089 2.7360105 2.7359112 2.7358111 2.7357101 2.7356081 2.7355053 2.7354016 2.7352969 2.7351913 2.7350847 2.7349772 2.7348687 2.7347591 2.7346486 2.734537 2.7344244 2.7343107 2.7341959 2.73408 2.733963 2.7338449 2.7337256 2.7336052 2.7334835 2.7333607 2.7332366 2.7331113 2.7329848 2.7328569 2.7327277 2.7325972 2.7324653 2.7323321
2.7384224 2.7383428 2.7382626 2.7381818 2.7381003 2.7380183 2.7379355 2.7378522 2.7377681 2.7376834 2.7375981 2.737512 2.7374253 2.7373379 2.7372497 2.7371609 2.7370713 2.736981 2.7368899 2.7367981 2.7367055 2.7366121 2.736518 2.7364231 2.7363273 2.7362307 2.7361333 2.7360351 2.735936 2.735836 2.7357352 2.7356334 2.7355308 2.7354272 2.7353228 2.7352173 2.7351109 2.7350036 2.7348952 2.7347859 2.7346755 2.7345641 2.7344517 2.7343382 2.7342236 2.7341079 2.7339911 2.7338732 2.7337541 2.7336339 2.7335124 2.7333898 2.7332659 2.7331408 2.7330144 2.7328867 2.7327577 2.7326274 2.7324957 2.7323627
2.7384431 2.7383637 2.7382836 2.7382029 2.7381216 2.7380397 2.7379572 2.737874 2.7377901 2.7377056 2.7376204 2.7375345 2.7374479 2.7373607 2.7372727 2.737184 2.7370946 2.7370045 2.7369136 2.7368219 2.7367295 2.7366364 2.7365424 2.7364476 2.7363521 2.7362557 2.7361585 2.7360604 2.7359615 2.7358617 2.7357611 2.7356595 2.7355571 2.7354537 2.7353494 2.7352442 2.735138 2.7350308 2.7349227 2.7348136 2.7347034 2.7345922 2.73448 2.7343667 2.7342523 2.7341368 2.7340202 2.7339025 2.7337836 2.7336636 2.7335424 2.7334199 2.7332963 2.7331714 2.7330452 2.7329177 2.7327889 2.7326588 2.7325274 2.7323945
2.7384643 2.7383851 2.7383052 2.7382247 2.7381435 2.7380618 2.7379794 2.7378963 2.7378127 2.7377283 2.7376433 2.7375576 2.7374712 2.7373841 2.7372963 2.7372078 2.7371186 2.7370286 2.7369379 2.7368465 2.7367543 2.7366613 2.7365675 2.7364729 2.7363775 2.7362814 2.7361843 2.7360865 2.7359878 2.7358882 2.7357877 2.7356864 2.7355842 2.735481 2.7353769 2.7352719 2.7351659 2.735059 2.734951 2.7348421 2.7347322 2.7346212 2.7345092 2.7343961 2.7342819 2.7341667 2.7340503 2.7339328 2.7338142 2.7336943 2.7335733 2.7334511 2.7333277 2.733203 2.7330771 2.7329498 2.7328213 2.7326914 2.7325602 2.7324275
2.7384861 2.738407 2.7383273 2.7382469 2.738166 2.7380844 2.7380022 2.7379193 2.7378358 2.7377516 2.7376668 2.7375813 2.7374951 2.7374082 2.7373206 2.7372323 2.7371432 2.7370535 2.736963 2.7368717 2.7367797 2.7366869 2.7365933 2.7364989 2.7364038 2.7363078 2.736211 2.7361133 2.7360148 2.7359154 2.7358152 2.7357141 2.7356121 2.7355091 2.7354053 2.7353005 2.7351947 2.735088 2.7349803 2.7348716 2.7347618 2.7346511 2.7345393 2.7344265 2.7343125 2.7341975 2.7340814 2.7339641 2.7338457 2.7337261 2.7336054 2.7334834 2.7333602 2.7332358 2.7331101 2.7329831 2.7328548 2.7327251 2.7325941 2.7324618
2.7385084 2.7384295 2.7383499 2.7382698 2.738189 2.7381076 2.7380256 2.7379429 2.7378596 2.7377756 2.7376909 2.7376056 2.7375196 2.7374329 2.7373455 2.7372574 2.7371685 2.737079 2.7369887 2.7368976 2.7368058 2.7367132 2.7366198 2.7365257 2.7364307 2.7363349 2.7362383 2.7361409 2.7360426 2.7359435 2.7358435 2.7357426 2.7356408 2.7355381 2.7354344 2.7353298 2.7352243 2.7351178 2.7350104 2.7349019 2.7347924 2.7346819 2.7345704 2.7344578 2.7343441 2.7342293 2.7341134 2.7339964 2.7338782 2.7337589 2.7336384 2.7335167 2.7333938 2.7332696 2.7331442 2.7330174 2.7328894 2.73276 2.7326293 2.7324972
2.7385313 2.7384525 2.7383732 2.7382932 2.7382126 2.7381314 2.7380495 2.7379671 2.7378839 2.7378001 2.7377157 2.7376305 2.7375447 2.7374582 2.737371 2.7372831 2.7371945 2.7371051 2.737015 2.7369242 2.7368326 2.7367402 2.7366471 2.7365531 2.7364584 2.7363628 2.7362665 2.7361692 2.7360712 2.7359723 2.7358725 2.7357718 2.7356703 2.7355678 2.7354644 2.7353601 2.7352548 2.7351486 2.7350413 2.7349331 2.7348239 2.7347136 2.7346024 2.73449 2.7343766 2.7342621 2.7341464 2.7340297 2.7339118 2.7337928 2.7336725 2.7335511 2.7334284 2.7333045 2.7331794 2.7330529 2.7329252 2.7327961 2.7326656 2.7325338
2.7385547 2.7384761 2.7383969 2.7383172 2.7382368 2.7381557 2.7380741 2.7379918 2.7379089 2.7378253 2.737741 2.7376561 2.7375705 2.7374842 2.7373972 2.7373095 2.7372211 2.7371319 2.7370421 2.7369514 2.7368601 2.7367679 2.736675 2.7365813 2.7364868 2.7363915 2.7362953 2.7361983 2.7361005 2.7360019 2.7359023 2.7358019 2.7357006 2.7355984 2.7354952 2.7353912 2.7352861 2.7351801 2.7350732 2.7349652 2.7348563 2.7347463 2.7346353 2.7345232 2.73441 2.7342958 2.7341805 2.734064 2.7339464 2.7338276 2.7337077 2.7335865 2.7334642 2.7333406 2.7332157 2.7330895 2.7329621 2.7328333 2.7327032 2.7325717
2.7385786 2.7385003 2.7384213 2.7383417 2.7382615 2.7381807 2.7380992 2.7380171 2.7379344 2.737851 2.737767 2.7376823 2.7375969 2.7375108 2.737424 2.7373365 2.7372483 2.7371594 2.7370698 2.7369794 2.7368882 2.7367963 2.7367036 2.7366102 2.7365159 2.7364208 2.7363249 2.7362282 2.7361306 2.7360322 2.7359329 2.7358328 2.7357317 2.7356297 2.7355269 2.7354231 2.7353183 2.7352126 2.7351059 2.7349982 2.7348895 2.7347798 2.7346691 2.7345573 2.7344444 2.7343305 2.7342155 2.7340993 2.733982 2.7338635 2.7337439 2.733623 2.733501 2.7333777 2.7332531 2.7331273 2.7330001 2.7328717 2.7327419 2.7326107
2.7386031 2.7385249 2.7384462 2.7383668 2.7382868 2.7382062 2.7381249 2.7380431 2.7379605 2.7378774 2.7377935 2.737709 2.7376239 2.737538 2.7374515 2.7373642 2.7372763 2.7371876 2.7370982 2.737008 2.7369171 2.7368254 2.736733 2.7366397 2.7365457 2.7364509 2.7363553 2.7362588 2.7361615 2.7360633 2.7359643 2.7358644 2.7357636 2.7356619 2.7355593 2.7354558 2.7353513 2.7352459 2.7351395 2.7350321 2.7349237 2.7348143 2.7347039 2.7345924 2.7344798 2.7343662 2.7342514 2.7341356 2.7340186 2.7339004 2.7337811 2.7336606 2.7335388 2.7334159 2.7332917 2.7331662 2.7330394 2.7329112 2.7327818 2.7326509
2.7386281 2.7385502 2.7384716 2.7383924 2.7383126 2.7382322 2.7381512 2.7380696 2.7379873 2.7379043 2.7378207 2.7377364 2.7376515 2.7375659 2.7374796 2.7373925 2.7373048 2.7372164 2.7371272 2.7370373 2.7369466 2.7368552 2.736763 2.73667 2.7365763 2.7364817 2.7363863 2.7362901 2.7361931 2.7360952 2.7359965 2.7358968 2.7357963 2.7356949 2.7355926 2.7354894 2.7353852 2.7352801 2.7351739 2.7350669 2.7349588 2.7348497 2.7347395 2.7346284 2.7345161 2.7344028 2.7342884 2.7341728 2.7340562 2.7339384 2.7338194 2.7336992 2.7335778 2.7334552 2.7333313 2.7332062 2.7330797 2.7329519 2.7328228 2.7326924
2.7386537 2.7385759 2.7384976 2.7384186 2.738339 2.7382589 2.7381781 2.7380966 2.7380146 2.7379318 2.7378485 2.7377644 2.7376797 2.7375943 2.7375083 2.7374215 2.737334 2.7372458 2.7371569 2.7370672 2.7369768 2.7368857 2.7367937 2.736701 2.7366076 2.7365133 2.7364182 2.7363222 2.7362255 2.7361279 2.7360294 2.7359301 2.7358299 2.7357287 2.7356267 2.7355238 2.7354199 2.7353151 2.7352093 2.7351025 2.7349947 2.7348859 2.7347761 2.7346653 2.7345534 2.7344404 2.7343263 2.7342111 2.7340948 2.7339773 2.7338587 2.7337388 2.7336178 2.7334956 2.733372 2.7332473 2.7331212 2.7329938 2.7328651 2.732735
2.7386798 2.7386022 2.7385241 2.7384454 2.738366 2.7382861 2.7382055 2.7381243 2.7380425 2.73796 2.7378768 2.737793 2.7377086 2.7376234 2.7375376 2.7374511 2.7373639 2.7372759 2.7371873 2.7370979 2.7370077 2.7369168 2.7368252 2.7367328 2.7366395 2.7365455 2.7364507 2.7363551 2.7362586 2.7361613 2.7360631 2.7359641 2.7358642 2.7357634 2.7356616 2.735559 2.7354555 2.7353509 2.7352455 2.735139 2.7350316 2.7349231 2.7348136 2.7347031 2.7345916 2.7344789 2.7343652 2.7342504 2.7341344 2.7340173 2.733899 2.7337796 2.7336589 2.733537 2.7334139 2.7332895 2.7331638 2.7330368 2.7329085 2.7327788
2.7387064 2.7386291 2.7385512 2.7384727 2.7383935 2.7383138 2.7382335 2.7381525 2.7380709 2.7379887 2.7379058 2.7378223 2.737738 2.7376532 2.7375676 2.7374813 2.7373944 2.7373067 2.7372183 2.7371292 2.7370393 2.7369487 2.7368573 2.7367652 2.7366722 2.7365785 2.736484 2.7363886 2.7362925 2.7361955 2.7360976 2.7359989 2.7358993 2.7357988 2.7356974 2.7355951 2.7354918 2.7353877 2.7352825 2.7351764 2.7350693 2.7349612 2.7348521 2.7347419 2.7346307 2.7345184 2.7344051 2.7342906 2.734175 2.7340583 2.7339404 2.7338213 2.7337011 2.7335796 2.7334568 2.7333329 2.7332076 2.733081 2.7329531 2.7328239
2.7387336 2.7386565 2.7385788 2.7385005 2.7384216 2.7383421 2.7382621 2.7381813 2.7381 2.738018 2.7379354 2.7378521 2.7377681 2.7376835 2.7375982 2.7375122 2.7374255 2.7373381 2.73725 2.7371611 2.7370716 2.7369812 2.7368901 2.7367983 2.7367056 2.7366122 2.736518 2.736423 2.7363271 2.7362304 2.7361328 2.7360344 2.7359352 2.735835 2.7357339 2.735632 2.7355291 2.7354252 2.7353204 2.7352147 2.7351079 2.7350002 2.7348914 2.7347816 2.7346708 2.7345589 2.7344459 2.7343318 2.7342166 2.7341003 2.7339828 2.7338641 2.7337443 2.7336232 2.7335009 2.7333773 2.7332525 2.7331264 2.7329989 2.7328701
2.7387612 2.7386844 2.7386069 2.7385289 2.7384503 2.738371 2.7382912 2.7382107 2.7381296 2.7380479 2.7379655 2.7378825 2.7377988 2.7377145 2.7376294 2.7375437 2.7374573 2.7373702 2.7372823 2.7371938 2.7371045 2.7370144 2.7369236 2.7368321 2.7367398 2.7366466 2.7365527 2.736458 2.7363625 2.7362661 2.7361689 2.7360708 2.7359718 2.735872 2.7357713 2.7356697 2.7355671 2.7354636 2.7353592 2.7352538 2.7351474 2.73504 2.7349317 2.7348222 2.7347118 2.7346003 2.7344877 2.734374 2.7342592 2.7341433 2.7340262 2.733908 2.7337885 2.7336679 2.733546 2.7334229 2.7332985 2.7331728 2.7330458 2.7329175
2.7387894 2.7387128 2.7386356 2.7385578 2.7384795 2.7384005 2.7383209 2.7382407 2.7381598 2.7380784 2.7379963 2.7379135 2.7378301 2.737746 2.7376613 2.7375758 2.7374897 2.7374029 2.7373153 2.7372271 2.7371381 2.7370483 2.7369578 2.7368666 2.7367746 2.7366818 2.7365882 2.7364938 2.7363986 2.7363025 2.7362056 2.7361079 2.7360093 2.7359098 2.7358095 2.7357082 2.735606 2.7355029 2.7353988 2.7352938 2.7351878 2.7350808 2.7349728 2.7348638 2.7347537 2.7346426 2.7345304 2.7344172 2.7343028 2.7341873 2.7340707 2.7339529 2.7338339 2.7337137 2.7335923 2.7334696 2.7333457 2.7332205 2.7330939 2.7329661
2.7388182 2.7387418 2.7386648 2.7385873 2.7385092 2.7384305 2.7383511 2.7382712 2.7381906 2.7381094 2.7380276 2.7379451 2.737862 2.7377782 2.7376937 2.7376086 2.7375227 2.7374362 2.737349 2.737261 2.7371723 2.7370829 2.7369927 2.7369018 2.7368101 2.7367176 2.7366244 2.7365303 2.7364354 2.7363397 2.7362432 2.7361458 2.7360476 2.7359484 2.7358484 2.7357475 2.7356457 2.735543 2.7354393 2.7353347 2.735229 2.7351225 2.7350149 2.7349062 2.7347966 2.7346859 2.7345742 2.7344613 2.7343474 2.7342323 2.7341161 2.7339988 2.7338802 2.7337605 2.7336396 2.7335174 2.7333939 2.7332692 2.7331432 2.7330158
2.7388474 2.7387713 2.7386946 2.7386173 2.7385395 2.738461 2.7383819 2.7383023 2.738222 2.7381411 2.7380595 2.7379773 2.7378945 2.737811 2.7377268 2.7376419 2.7375564 2.7374702 2.7373832 2.7372956 2.7372072 2.7371181 2.7370283 2.7369377 2.7368463 2.7367542 2.7366612 2.7365675 2.736473 2.7363777 2.7362815 2.7361845 2.7360866 2.7359878 2.7358882 2.7357877 2.7356862 2.7355839 2.7354806 2.7353764 2.7352712 2.735165 2.7350578 2.7349496 2.7348404 2.7347301 2.7346188 2.7345064 2.7343929 2.7342783 2.7341626 2.7340457 2.7339277 2.7338084 2.7336879 2.7335663 2.7334433 2.7333191 2.7331936 2.7330668
2.7388772 2.7388013 2.7387249 2.7386479 2.7385703 2.7384921 2.7384133 2.7383339 2.7382539 2.7381733 2.738092 2.7380101 2.7379276 2.7378444 2.7377605 2.7376759 2.7375907 2.7375048 2.7374182 2.7373308 2.7372428 2.737154 2.7370645 2.7369742 2.7368832 2.7367914 2.7366989 2.7366055 2.7365113 2.7364163 2.7363205 2.7362239 2.7361264 2.736028 2.7359288 2.7358286 2.7357276 2.7356256 2.7355228 2.7354189 2.7353141 2.7352084 2.7351016 2.7349939 2.7348851 2.7347753 2.7346644 2.7345525 2.7344395 2.7343253 2.7342101 2.7340937 2.7339761 2.7338574 2.7337374 2.7336162 2.7334938 2.7333701 2.7332451 2.7331189
2.7389075 2.7388319 2.7387557 2.738679 2.7386017 2.7385237 2.7384452 2.7383661 2.7382864 2.7382061 2.7381251 2.7380435 2.7379612 2.7378783 2.7377948 2.7377105 2.7376256 2.73754 2.7374537 2.7373667 2.737279 2.7371906 2.7371014 2.7370115 2.7369208 2.7368294 2.7367372 2.7366442 2.7365504 2.7364557 2.7363603 2.736264 2.7361669 2.736069 2.7359701 2.7358704 2.7357697 2.7356682 2.7355657 2.7354623 2.735358 2.7352527 2.7351464 2.7350391 2.7349307 2.7348214 2.734711 2.7345995 2.734487 2.7343733 2.7342586 2.7341427 2.7340256 2.7339074 2.7337879 2.7336673 2.7335454 2.7334223 2.7332978 2.7331721
2.7389383 2.7388629 2.738787 2.7387106 2.7386336 2.7385559 2.7384777 2.7383989 2.7383195 2.7382394 2.7381587 2.7380774 2.7379955 2.7379129 2.7378297 2.7377458 2.7376612 2.7375759 2.7374899 2.7374033 2.7373159 2.7372278 2.737139 2.7370494 2.7369591 2.736868 2.7367762 2.7366836 2.7365901 2.7364959 2.7364008 2.736305 2.7362083 2.7361107 2.7360122 2.7359129 2.7358127 2.7357116 2.7356096 2.7355066 2.7354027 2.7352978 2.735192 2.7350851 2.7349773 2.7348684 2.7347585 2.7346475 2.7345354 2.7344223 2.734308 2.7341926 2.7340761 2.7339584 2.7338395 2.7337194 2.7335981 2.7334755 2.7333517 2.7332265
2.7389696 2.7388945 2.7388189 2.7387427 2.738666 2.7385886 2.7385107 2.7384322 2.7383531 2.7382733 2.738193 2.738112 2.7380304 2.7379481 2.7378652 2.7377816 2.7376973 2.7376124 2.7375268 2.7374405 2.7373534 2.7372657 2.7371772 2.737088 2.7369981 2.7369074 2.7368159 2.7367237 2.7366306 2.7365368 2.7364421 2.7363466 2.7362503 2.7361532 2.7360552 2.7359563 2.7358565 2.7357558 2.7356542 2.7355517 2.7354482 2.7353438 2.7352384 2.7351321 2.7350247 2.7349163 2.7348069 2.7346964 2.7345849 2.7344722 2.7343585 2.7342436 2.7341276 2.7340105 2.7338922 2.7337726 2.7336519 2.7335299 2.7334066 2.7332821
2.7390014 2.7389266 2.7388513 2.7387754 2.7386989 2.7386219 2.7385443 2.7384661 2.7383872 2.7383078 2.7382278 2.7381471 2.7380658 2.7379839 2.7379013 2.737818 2.7377341 2.7376495 2.7375642 2.7374783 2.7373916 2.7373042 2.7372161 2.7371273 2.7370377 2.7369474 2.7368563 2.7367645 2.7366718 2.7365784 2.7364841 2.7363891 2.7362932 2.7361964 2.7360989 2.7360004 2.7359011 2.7358008 2.7356997 2.7355976 2.7354946 2.7353907 2.7352858 2.7351799 2.735073 2.7349651 2.7348562 2.7347463 2.7346352 2.7345231 2.7344099 2.7342956 2.7341802 2.7340636 2.7339458 2.7338269 2.7337067 2.7335853 2.7334627 2.7333387
2.7390337 2.7389592 2.7388842 2.7388086 2.7387324 2.7386557 2.7385784 2.7385005 2.738422 2.7383429 2.7382631 2.7381828 2.7381018 2.7380202 2.737938 2.7378551 2.7377715 2.7376873 2.7376023 2.7375167 2.7374304 2.7373434 2.7372557 2.7371672 2.7370781 2.7369881 2.7368974 2.736806 2.7367137 2.7366207 2.7365269 2.7364322 2.7363368 2.7362405 2.7361433 2.7360453 2.7359464 2.7358466 2.735746 2.7356444 2.7355419 2.7354384 2.735334 2.7352286 2.7351222 2.7350149 2.7349065 2.734797 2.7346866 2.734575 2.7344624 2.7343486 2.7342337 2.7341177 2.7340006 2.7338822 2.7337627 2.7336419 2.7335199 2.7333966
2.7390665 2.7389923 2.7389176 2.7388423 2.7387665 2.73869 2.738613 2.7385354 2.7384572 2.7383785 2.7382991 2.7382191 2.7381384 2.7380572 2.7379752 2.7378927 2.7378095 2.7377256 2.737641 2.7375558 2.7374699 2.7373833 2.7372959 2.7372078 2.737119 2.7370295 2.7369392 2.7368482 2.7367564 2.7366637 2.7365703 2.7364761 2.7363811 2.7362852 2.7361885 2.736091 2.7359926 2.7358933 2.7357931 2.735692 2.7355899 2.735487 2.7353831 2.7352782 2.7351723 2.7350655 2.7349576 2.7348487 2.7347388 2.7346278 2.7345158 2.7344026 2.7342883 2.7341729 2.7340563 2.7339386 2.7338197 2.7336995 2.7335781 2.7334555
