Cobbity2/QGIS/Chipper.asc
NCOLS 600
NROWS 399
XLLCORNER 150.659
YLLCORNER -34.0278
CELLSIZE 1e-05
NODATA_VALUE -9999
[rows 0 to 25 of 399, columns 180 to 239 of 600]
4.7144615 4.7144894 4.7145179 4.7145467 4.714576 4.7146058 4.714636 4.7146667 4.7146979 4.7147296 4.7147617 4.7147944 4.7148276 4.7148612 4.7148955 4.7149302 4.7149655 4.7150013 4.7150377 4.7150747 4.7151122 4.7151503 4.715189 4.7152283 4.7152682 4.7153087 4.7153499 4.7153917 4.7154341 4.7154772 4.7155209 4.7155654 4.7156105 4.7156563 4.7157028 4.71575 4.715798 4.7158467 4.7158961 4.7159463 4.7159973 4.716049 4.7161016 4.716155 4.7162091 4.7162641 4.71632 4.7163767 4.7164343 4.7164927 4.716552 4.7166123 4.7166735 4.7167355 4.7167986 4.7168626 4.7169275 4.7169935 4.7170605 4.7171284
4.7143985 4.7144262 4.7144543 4.7144828 4.7145118 4.7145413 4.7145712 4.7146016 4.7146325 4.7146638 4.7146957 4.714728 4.7147609 4.7147943 4.7148282 4.7148626 4.7148976 4.7149331 4.7149692 4.7150059 4.7150431 4.7150809 4.7151193 4.7151583 4.7151979 4.7152381 4.715279 4.7153204 4.7153626 4.7154054 4.7154488 4.7154929 4.7155378 4.7155833 4.7156295 4.7156764 4.7157241 4.7157725 4.7158217 4.7158716 4.7159223 4.7159738 4.7160261 4.7160792 4.7161331 4.7161878 4.7162434 4.7162999 4.7163572 4.7164154 4.7164745 4.7165345 4.7165955 4.7166574 4.7167202 4.716784 4.7168488 4.7169145 4.7169813 4.7170491
4.7143351 4.7143625 4.7143903 4.7144185 4.7144472 4.7144764 4.714506 4.7145361 4.7145666 4.7145977 4.7146292 4.7146613 4.7146938 4.7147269 4.7147605 4.7147946 4.7148293 4.7148645 4.7149002 4.7149366 4.7149735 4.715011 4.7150491 4.7150877 4.715127 4.7151669 4.7152075 4.7152486 4.7152905 4.715333 4.7153761 4.7154199 4.7154644 4.7155097 4.7155556 4.7156022 4.7156496 4.7156977 4.7157466 4.7157962 4.7158466 4.7158978 4.7159499 4.7160027 4.7160563 4.7161108 4.7161661 4.7162223 4.7162794 4.7163374 4.7163962 4.716456 4.7165167 4.7165784 4.716641 4.7167045 4.7167691 4.7168347 4.7169012 4.7169688
4.7142714 4.7142984 4.7143259 4.7143538 4.7143822 4.714411 4.7144403 4.7144701 4.7145004 4.7145311 4.7145623 4.714594 4.7146263 4.714659 4.7146923 4.7147261 4.7147604 4.7147953 4.7148308 4.7148668 4.7149034 4.7149405 4.7149783 4.7150167 4.7150556 4.7150952 4.7151354 4.7151763 4.7152178 4.71526 4.7153028 4.7153463 4.7153905 4.7154354 4.715481 4.7155274 4.7155744 4.7156223 4.7156708 4.7157202 4.7157703 4.7158212 4.7158729 4.7159255 4.7159788 4.716033 4.7160881 4.716144 4.7162008 4.7162585 4.7163171 4.7163766 4.7164371 4.7164985 4.7165609 4.7166242 4.7166886 4.7167539 4.7168203 4.7168877
4.7142073 4.714234 4.7142611 4.7142888 4.7143168 4.7143453 4.7143743 4.7144037 4.7144337 4.7144641 4.714495 4.7145264 4.7145583 4.7145907 4.7146236 4.7146571 4.7146911 4.7147257 4.7147608 4.7147965 4.7148327 4.7148696 4.714907 4.714945 4.7149837 4.7150229 4.7150628 4.7151034 4.7151446 4.7151864 4.7152289 4.7152721 4.715316 4.7153606 4.7154059 4.7154519 4.7154986 4.7155461 4.7155944 4.7156434 4.7156932 4.7157439 4.7157953 4.7158475 4.7159006 4.7159545 4.7160093 4.7160649 4.7161214 4.7161789 4.7162372 4.7162965 4.7163567 4.7164178 4.71648 4.7165431 4.7166072 4.7166723 4.7167384 4.7168056
4.7141428 4.7141692 4.714196 4.7142233 4.714251 4.7142792 4.7143078 4.714337 4.7143666 4.7143966 4.7144272 4.7144583 4.7144898 4.7145219 4.7145545 4.7145877 4.7146213 4.7146556 4.7146903 4.7147257 4.7147616 4.7147981 4.7148352 4.7148729 4.7149112 4.7149501 4.7149897 4.7150299 4.7150707 4.7151122 4.7151544 4.7151973 4.7152408 4.7152851 4.71533 4.7153757 4.7154222 4.7154694 4.7155173 4.715566 4.7156155 4.7156658 4.7157169 4.7157688 4.7158216 4.7158752 4.7159297 4.715985 4.7160413 4.7160984 4.7161565 4.7162155 4.7162754 4.7163363 4.7163982 4.716461 4.7165249 4.7165898 4.7166557 4.7167227
4.7140779 4.714104 4.7141305 4.7141574 4.7141848 4.7142127 4.714241 4.7142698 4.714299 4.7143288 4.714359 4.7143897 4.7144209 4.7144527 4.7144849 4.7145177 4.7145511 4.714585 4.7146194 4.7146544 4.71469 4.7147261 4.7147629 4.7148002 4.7148382 4.7148768 4.714916 4.7149558 4.7149963 4.7150375 4.7150793 4.7151218 4.7151651 4.715209 4.7152536 4.715299 4.7153451 4.7153919 4.7154395 4.7154879 4.7155371 4.7155871 4.7156378 4.7156894 4.7157419 4.7157952 4.7158494 4.7159044 4.7159604 4.7160172 4.716075 4.7161337 4.7161933 4.7162539 4.7163155 4.7163781 4.7164417 4.7165064 4.716572 4.7166388
4.7140127 4.7140384 4.7140646 4.7140912 4.7141182 4.7141458 4.7141737 4.7142022 4.7142311 4.7142605 4.7142903 4.7143207 4.7143516 4.714383 4.7144149 4.7144474 4.7144803 4.7145139 4.714548 4.7145826 4.7146178 4.7146536 4.71469 4.714727 4.7147646 4.7148029 4.7148417 4.7148812 4.7149214 4.7149622 4.7150037 4.7150458 4.7150887 4.7151322 4.7151765 4.7152215 4.7152673 4.7153138 4.7153611 4.7154091 4.715458 4.7155076 4.715558 4.7156093 4.7156614 4.7157144 4.7157683 4.715823 4.7158786 4.7159352 4.7159926 4.716051 4.7161104 4.7161707 4.716232 4.7162944 4.7163577 4.716422 4.7164875 4.7165539
4.7139471 4.7139725 4.7139983 4.7140246 4.7140513 4.7140784 4.7141061 4.7141341 4.7141627 4.7141917 4.7142213 4.7142513 4.7142818 4.7143129 4.7143444 4.7143765 4.7144091 4.7144423 4.714476 4.7145103 4.7145452 4.7145806 4.7146167 4.7146533 4.7146905 4.7147284 4.7147669 4.714806 4.7148458 4.7148863 4.7149274 4.7149692 4.7150117 4.7150549 4.7150988 4.7151435 4.7151889 4.715235 4.7152819 4.7153296 4.7153781 4.7154274 4.7154775 4.7155285 4.7155803 4.7156329 4.7156864 4.7157408 4.7157961 4.7158523 4.7159095 4.7159676 4.7160266 4.7160867 4.7161477 4.7162097 4.7162727 4.7163368 4.716402 4.7164682
4.7138811 4.7139062 4.7139316 4.7139576 4.7139839 4.7140107 4.714038 4.7140657 4.7140939 4.7141226 4.7141518 4.7141814 4.7142116 4.7142423 4.7142735 4.7143052 4.7143375 4.7143703 4.7144036 4.7144375 4.714472 4.7145071 4.7145428 4.714579 4.7146159 4.7146534 4.7146915 4.7147303 4.7147697 4.7148098 4.7148505 4.714892 4.7149341 4.7149769 4.7150205 4.7150648 4.7151098 4.7151556 4.7152021 4.7152495 4.7152976 4.7153465 4.7153963 4.7154469 4.7154983 4.7155506 4.7156038 4.7156578 4.7157128 4.7157687 4.7158255 4.7158833 4.715942 4.7160017 4.7160624 4.7161242 4.7161869 4.7162507 4.7163155 4.7163815
4.7138148 4.7138395 4.7138646 4.7138902 4.7139162 4.7139426 4.7139695 4.7139969 4.7140247 4.714053 4.7140818 4.7141111 4.7141409 4.7141712 4.7142021 4.7142334 4.7142653 4.7142977 4.7143307 4.7143643 4.7143984 4.7144331 4.7144683 4.7145042 4.7145407 4.7145778 4.7146156 4.714654 4.714693 4.7147327 4.7147731 4.7148141 4.7148559 4.7148983 4.7149415 4.7149854 4.7150301 4.7150755 4.7151217 4.7151686 4.7152164 4.715265 4.7153143 4.7153646 4.7154156 4.7154676 4.7155204 4.7155741 4.7156287 4.7156842 4.7157407 4.7157982 4.7158566 4.7159159 4.7159763 4.7160377 4.7161002 4.7161636 4.7162282 4.7162938
4.7137481 4.7137724 4.7137972 4.7138224 4.713848 4.7138741 4.7139007 4.7139277 4.7139551 4.7139831 4.7140115 4.7140404 4.7140698 4.7140998 4.7141302 4.7141612 4.7141927 4.7142247 4.7142573 4.7142905 4.7143242 4.7143585 4.7143934 4.7144289 4.714465 4.7145017 4.7145391 4.7145771 4.7146157 4.714655 4.714695 4.7147357 4.714777 4.7148191 4.7148619 4.7149054 4.7149497 4.7149947 4.7150405 4.7150871 4.7151345 4.7151827 4.7152317 4.7152815 4.7153322 4.7153838 4.7154362 4.7154896 4.7155438 4.715599 4.7156551 4.7157122 4.7157702 4.7158293 4.7158893 4.7159504 4.7160125 4.7160757 4.7161399 4.7162052
4.713681 4.713705 4.7137294 4.7137542 4.7137795 4.7138052 4.7138314 4.713858 4.7138851 4.7139127 4.7139407 4.7139693 4.7139983 4.7140278 4.7140579 4.7140885 4.7141196 4.7141512 4.7141834 4.7142162 4.7142495 4.7142835 4.714318 4.7143531 4.7143888 4.7144251 4.714462 4.7144996 4.7145379 4.7145768 4.7146164 4.7146566 4.7146976 4.7147393 4.7147817 4.7148248 4.7148687 4.7149133 4.7149587 4.7150049 4.7150518 4.7150996 4.7151483 4.7151977 4.715248 4.7152992 4.7153513 4.7154042 4.7154581 4.7155129 4.7155687 4.7156254 4.7156831 4.7157418 4.7158014 4.7158622 4.7159239 4.7159868 4.7160507 4.7161157
4.7136136 4.7136372 4.7136613 4.7136857 4.7137106 4.713736 4.7137617 4.713788 4.7138147 4.7138419 4.7138695 4.7138977 4.7139263 4.7139555 4.7139851 4.7140153 4.714046 4.7140773 4.7141091 4.7141415 4.7141744 4.7142079 4.714242 4.7142767 4.714312 4.7143479 4.7143845 4.7144216 4.7144595 4.714498 4.7145371 4.714577 4.7146176 4.7146588 4.7147008 4.7147435 4.714787 4.7148312 4.7148762 4.714922 4.7149685 4.7150159 4.7150641 4.7151132 4.7151631 4.7152139 4.7152655 4.7153181 4.7153716 4.715426 4.7154814 4.7155377 4.715595 4.7156534 4.7157127 4.715773 4.7158345 4.7158969 4.7159605 4.7160252
4.7135459 4.7135691 4.7135928 4.7136168 4.7136413 4.7136663 4.7136917 4.7137175 4.7137439 4.7137706 4.7137979 4.7138257 4.7138539 4.7138827 4.7139119 4.7139417 4.713972 4.7140029 4.7140343 4.7140662 4.7140987 4.7141318 4.7141655 4.7141998 4.7142347 4.7142702 4.7143063 4.7143431 4.7143805 4.7144186 4.7144573 4.7144968 4.7145369 4.7145777 4.7146193 4.7146616 4.7147046 4.7147484 4.714793 4.7148383 4.7148845 4.7149315 4.7149793 4.7150279 4.7150774 4.7151278 4.715179 4.7152312 4.7152843 4.7153383 4.7153933 4.7154492 4.7155062 4.7155641 4.715623 4.715683 4.7157441 4.7158062 4.7158694 4.7159337
4.7134778 4.7135006 4.7135239 4.7135476 4.7135717 4.7135962 4.7136212 4.7136467 4.7136726 4.713699 4.7137259 4.7137532 4.7137811 4.7138094 4.7138383 4.7138676 4.7138975 4.713928 4.713959 4.7139905 4.7140226 4.7140553 4.7140885 4.7141224 4.7141568 4.7141919 4.7142276 4.714264 4.7143009 4.7143386 4.7143769 4.7144159 4.7144556 4.714496 4.7145372 4.714579 4.7146216 4.714665 4.7147091 4.714754 4.7147998 4.7148463 4.7148937 4.7149419 4.714991 4.7150409 4.7150918 4.7151435 4.7151962 4.7152498 4.7153043 4.7153599 4.7154164 4.7154739 4.7155325 4.7155921 4.7156527 4.7157145 4.7157773 4.7158413
4.7134093 4.7134318 4.7134546 4.7134779 4.7135017 4.7135258 4.7135504 4.7135755 4.713601 4.713627 4.7136534 4.7136804 4.7137078 4.7137357 4.7137642 4.7137931 4.7138226 4.7138526 4.7138832 4.7139143 4.7139459 4.7139782 4.714011 4.7140444 4.7140785 4.7141131 4.7141484 4.7141843 4.7142208 4.714258 4.7142959 4.7143345 4.7143737 4.7144137 4.7144544 4.7144958 4.714538 4.7145809 4.7146246 4.7146691 4.7147143 4.7147604 4.7148074 4.7148552 4.7149038 4.7149533 4.7150037 4.715055 4.7151073 4.7151604 4.7152146 4.7152697 4.7153258 4.7153829 4.715441 4.7155002 4.7155605 4.7156218 4.7156843 4.7157478
4.7133405 4.7133626 4.713385 4.7134079 4.7134313 4.713455 4.7134792 4.7135039 4.713529 4.7135545 4.7135806 4.7136071 4.7136341 4.7136616 4.7136896 4.7137181 4.7137472 4.7137768 4.7138069 4.7138376 4.7138688 4.7139006 4.713933 4.713966 4.7139996 4.7140338 4.7140686 4.714104 4.7141401 4.7141769 4.7142143 4.7142524 4.7142912 4.7143308 4.714371 4.7144119 4.7144537 4.7144961 4.7145394 4.7145834 4.7146282 4.7146739 4.7147203 4.7147677 4.7148158 4.7148649 4.7149149 4.7149657 4.7150175 4.7150703 4.715124 4.7151786 4.7152343 4.715291 4.7153487 4.7154075 4.7154673 4.7155282 4.7155903 4.7156534
4.7132713 4.713293 4.7133151 4.7133376 4.7133605 4.7133838 4.7134076 4.7134319 4.7134565 4.7134817 4.7135073 4.7135334 4.71356 4.7135871 4.7136146 4.7136427 4.7136713 4.7137005 4.7137302 4.7137604 4.7137912 4.7138226 4.7138545 4.713887 4.7139202 4.7139539 4.7139883 4.7140233 4.7140589 4.7140952 4.7141322 4.7141698 4.7142082 4.7142472 4.714287 4.7143275 4.7143687 4.7144107 4.7144535 4.714497 4.7145414 4.7145866 4.7146326 4.7146794 4.7147272 4.7147758 4.7148252 4.7148756 4.714927 4.7149793 4.7150325 4.7150867 4.7151419 4.7151982 4.7152555 4.7153138 4.7153732 4.7154337 4.7154953 4.715558
4.7132019 4.7132231 4.7132448 4.7132669 4.7132894 4.7133123 4.7133356 4.7133595 4.7133837 4.7134084 4.7134336 4.7134593 4.7134854 4.7135121 4.7135392 4.7135669 4.713595 4.7136237 4.713653 4.7136828 4.7137131 4.713744 4.7137755 4.7138075 4.7138402 4.7138735 4.7139074 4.7139419 4.7139771 4.7140129 4.7140494 4.7140866 4.7141245 4.714163 4.7142023 4.7142423 4.7142831 4.7143246 4.7143669 4.71441 4.7144539 4.7144986 4.7145441 4.7145905 4.7146377 4.7146858 4.7147348 4.7147848 4.7148356 4.7148874 4.7149402 4.714994 4.7150487 4.7151045 4.7151613 4.7152192 4.7152781 4.7153382 4.7153994 4.7154617
4.713132 4.7131529 4.7131741 4.7131958 4.7132179 4.7132404 4.7132633 4.7132867 4.7133105 4.7133348 4.7133596 4.7133848 4.7134105 4.7134367 4.7134634 4.7134906 4.7135183 4.7135465 4.7135753 4.7136046 4.7136345 4.7136649 4.713696 4.7137276 4.7137598 4.7137926 4.713826 4.71386 4.7138947 4.7139301 4.7139661 4.7140028 4.7140401 4.7140782 4.714117 4.7141566 4.7141968 4.7142379 4.7142797 4.7143222 4.7143656 4.7144098 4.7144549 4.7145008 4.7145475 4.7145951 4.7146437 4.7146931 4.7147435 4.7147948 4.7148471 4.7149003 4.7149546 4.7150099 4.7150663 4.7151237 4.7151821 4.7152417 4.7153024 4.7153643
4.7130619 4.7130823 4.7131031 4.7131243 4.713146 4.7131681 4.7131906 4.7132135 4.7132369 4.7132608 4.7132851 4.7133099 4.7133351 4.7133609 4.7133871 4.7134138 4.7134411 4.7134689 4.7134972 4.713526 4.7135554 4.7135854 4.7136159 4.7136471 4.7136788 4.7137111 4.713744 4.7137776 4.7138118 4.7138467 4.7138822 4.7139184 4.7139552 4.7139928 4.7140311 4.7140702 4.7141099 4.7141504 4.7141917 4.7142338 4.7142767 4.7143204 4.7143649 4.7144103 4.7144565 4.7145037 4.7145517 4.7146006 4.7146505 4.7147013 4.7147531 4.7148059 4.7148596 4.7149144 4.7149703 4.7150272 4.7150852 4.7151443 4.7152046 4.7152659
4.7129914 4.7130114 4.7130318 4.7130526 4.7130738 4.7130954 4.7131175 4.71314 4.7131629 4.7131863 4.7132102 4.7132345 4.7132593 4.7132846 4.7133104 4.7133367 4.7133634 4.7133908 4.7134186 4.713447 4.7134759 4.7135054 4.7135354 4.7135661 4.7135973 4.7136291 4.7136616 4.7136946 4.7137283 4.7137627 4.7137977 4.7138334 4.7138697 4.7139068 4.7139446 4.7139831 4.7140224 4.7140624 4.7141032 4.7141447 4.7141871 4.7142303 4.7142743 4.7143191 4.7143648 4.7144114 4.7144589 4.7145074 4.7145567 4.714607 4.7146583 4.7147105 4.7147638 4.7148181 4.7148734 4.7149298 4.7149873 4.7150459 4.7151057 4.7151666
4.7129205 4.7129401 4.7129601 4.7129804 4.7130012 4.7130224 4.713044 4.7130661 4.7130886 4.7131115 4.7131349 4.7131588 4.7131831 4.7132079 4.7132333 4.7132591 4.7132854 4.7133122 4.7133395 4.7133674 4.7133959 4.7134249 4.7134544 4.7134846 4.7135153 4.7135466 4.7135785 4.7136111 4.7136443 4.7136781 4.7137126 4.7137478 4.7137837 4.7138202 4.7138575 4.7138955 4.7139342 4.7139737 4.7140139 4.7140549 4.7140968 4.7141394 4.7141829 4.7142272 4.7142724 4.7143184 4.7143654 4.7144133 4.7144621 4.7145119 4.7145626 4.7146143 4.7146671 4.7147208 4.7147756 4.7148315 4.7148885 4.7149466 4.7150058 4.7150662
4.7128494 4.7128685 4.712888 4.712908 4.7129283 4.7129491 4.7129702 4.7129918 4.7130139 4.7130363 4.7130593 4.7130827 4.7131065 4.7131309 4.7131557 4.713181 4.7132069 4.7132332 4.7132601 4.7132874 4.7133154 4.7133439 4.7133729 4.7134026 4.7134328 4.7134636 4.713495 4.713527 4.7135597 4.713593 4.713627 4.7136616 4.713697 4.713733 4.7137697 4.7138072 4.7138453 4.7138843 4.713924 4.7139645 4.7140057 4.7140478 4.7140908 4.7141345 4.7141792 4.7142247 4.7142711 4.7143184 4.7143667 4.7144159 4.7144661 4.7145173 4.7145694 4.7146227 4.7146769 4.7147323 4.7147887 4.7148463 4.714905 4.7149648
4.7127779 4.7127966 4.7128157 4.7128352 4.7128551 4.7128753 4.7128961 4.7129172 4.7129388 4.7129608 4.7129832 4.7130062 4.7130295 4.7130534 4.7130777 4.7131026 4.7131279 4.7131537 4.7131801 4.713207 4.7132344 4.7132624 4.713291 4.7133201 4.7133498 4.7133801 4.7134109 4.7134425 4.7134746 4.7135074 4.7135408 4.7135749 4.7136097 4.7136452 4.7136813 4.7137182 4.7137559 4.7137943 4.7138334 4.7138733 4.713914 4.7139556 4.7139979 4.7140411 4.7140852 4.7141302 4.714176 4.7142228 4.7142705 4.7143191 4.7143687 4.7144193 4.714471 4.7145236 4.7145773 4.7146321 4.714688 4.714745 4.7148032 4.7148625
