Cobbity2/QGIS/Chipper.asc
NCOLS 600
NROWS 399
XLLCORNER 150.659
YLLCORNER -34.0278
CELLSIZE 1e-05
NODATA_VALUE -9999
[rows 26 to 51 of 399, columns 120 to 179 of 600]
4.7121242 4.7121279 4.7121317 4.7121357 4.7121398 4.7121441 4.7121485 4.7121531 4.7121579 4.7121628 4.7121679 4.7121732 4.7121787 4.7121843 4.7121901 4.712196 4.7122022 4.7122085 4.7122151 4.7122218 4.7122287 4.7122358 4.7122431 4.7122506 4.7122583 4.7122663 4.7122744 4.7122828 4.7122913 4.7123001 4.7123092 4.7123184 4.7123279 4.7123377 4.7123476 4.7123578 4.7123683 4.712379 4.71239 4.7124012 4.7124128 4.7124245 4.7124366 4.7124489 4.7124615 4.7124744 4.7124876 4.7125011 4.7125149 4.712529 4.7125434 4.7125582 4.7125732 4.7125886 4.7126044 4.7126204 4.7126368 4.7126536 4.7126707 4.7126882
4.7120735 4.7120769 4.7120805 4.7120842 4.712088 4.712092 4.7120962 4.7121005 4.712105 4.7121096 4.7121144 4.7121194 4.7121245 4.7121298 4.7121353 4.7121409 4.7121468 4.7121528 4.712159 4.7121654 4.712172 4.7121788 4.7121858 4.7121929 4.7122003 4.7122079 4.7122157 4.7122237 4.712232 4.7122404 4.7122491 4.712258 4.7122671 4.7122765 4.7122861 4.7122959 4.712306 4.7123164 4.712327 4.7123379 4.712349 4.7123604 4.712372 4.712384 4.7123962 4.7124087 4.7124215 4.7124346 4.712448 4.7124617 4.7124757 4.71249 4.7125046 4.7125196 4.7125349 4.7125505 4.7125665 4.7125828 4.7125995 4.7126166
4.7120228 4.7120259 4.7120292 4.7120326 4.7120361 4.7120399 4.7120437 4.7120477 4.7120519 4.7120562 4.7120607 4.7120654 4.7120702 4.7120752 4.7120804 4.7120857 4.7120912 4.7120969 4.7121028 4.7121089 4.7121152 4.7121216 4.7121282 4.7121351 4.7121421 4.7121494 4.7121568 4.7121645 4.7121724 4.7121805 4.7121888 4.7121974 4.7122061 4.7122151 4.7122244 4.7122339 4.7122436 4.7122535 4.7122638 4.7122742 4.712285 4.712296 4.7123073 4.7123188 4.7123306 4.7123427 4.7123551 4.7123678 4.7123808 4.712394 4.7124076 4.7124215 4.7124357 4.7124503 4.7124652 4.7124804 4.7124959 4.7125118 4.712528 4.7125446
4.7119719 4.7119748 4.7119778 4.7119809 4.7119841 4.7119876 4.7119911 4.7119948 4.7119987 4.7120027 4.7120069 4.7120113 4.7120158 4.7120205 4.7120253 4.7120303 4.7120355 4.7120409 4.7120465 4.7120522 4.7120582 4.7120643 4.7120706 4.7120771 4.7120838 4.7120907 4.7120978 4.7121051 4.7121127 4.7121204 4.7121284 4.7121365 4.7121449 4.7121536 4.7121625 4.7121716 4.7121809 4.7121905 4.7122003 4.7122104 4.7122208 4.7122314 4.7122423 4.7122534 4.7122648 4.7122765 4.7122885 4.7123008 4.7123133 4.7123262 4.7123393 4.7123528 4.7123666 4.7123807 4.7123951 4.7124099 4.712425 4.7124404 4.7124562 4.7124724
4.711921 4.7119235 4.7119262 4.711929 4.711932 4.7119351 4.7119384 4.7119418 4.7119454 4.7119491 4.711953 4.711957 4.7119612 4.7119656 4.7119701 4.7119748 4.7119797 4.7119848 4.71199 4.7119954 4.712001 4.7120068 4.7120128 4.7120189 4.7120253 4.7120318 4.7120386 4.7120456 4.7120527 4.7120601 4.7120677 4.7120755 4.7120836 4.7120919 4.7121003 4.7121091 4.712118 4.7121273 4.7121367 4.7121464 4.7121564 4.7121666 4.712177 4.7121878 4.7121988 4.7122101 4.7122217 4.7122335 4.7122456 4.7122581 4.7122708 4.7122839 4.7122972 4.7123109 4.7123249 4.7123392 4.7123538 4.7123688 4.7123841 4.7123998
4.7118699 4.7118722 4.7118746 4.7118771 4.7118798 4.7118826 4.7118856 4.7118887 4.7118919 4.7118954 4.7118989 4.7119027 4.7119065 4.7119106 4.7119148 4.7119192 4.7119237 4.7119285 4.7119334 4.7119385 4.7119437 4.7119492 4.7119548 4.7119606 4.7119666 4.7119728 4.7119792 4.7119858 4.7119927 4.7119997 4.7120069 4.7120144 4.712022 4.7120299 4.7120381 4.7120464 4.712055 4.7120638 4.7120729 4.7120822 4.7120917 4.7121015 4.7121116 4.712122 4.7121326 4.7121434 4.7121546 4.712166 4.7121777 4.7121897 4.712202 4.7122146 4.7122275 4.7122408 4.7122543 4.7122682 4.7122824 4.7122969 4.7123118 4.712327
4.7118188 4.7118207 4.7118228 4.7118251 4.7118274 4.71183 4.7118326 4.7118354 4.7118384 4.7118415 4.7118448 4.7118482 4.7118517 4.7118555 4.7118594 4.7118634 4.7118676 4.711872 4.7118766 4.7118814 4.7118863 4.7118914 4.7118967 4.7119021 4.7119078 4.7119137 4.7119197 4.711926 4.7119324 4.7119391 4.7119459 4.711953 4.7119603 4.7119678 4.7119756 4.7119835 4.7119917 4.7120002 4.7120088 4.7120178 4.7120269 4.7120363 4.712046 4.7120559 4.7120661 4.7120765 4.7120873 4.7120983 4.7121096 4.7121211 4.712133 4.7121452 4.7121576 4.7121704 4.7121835 4.7121969 4.7122106 4.7122247 4.7122391 4.7122538
4.7117675 4.7117692 4.711771 4.7117729 4.711775 4.7117772 4.7117796 4.7117821 4.7117847 4.7117875 4.7117905 4.7117936 4.7117968 4.7118002 4.7118038 4.7118075 4.7118114 4.7118155 4.7118197 4.7118241 4.7118287 4.7118335 4.7118384 4.7118435 4.7118488 4.7118543 4.71186 4.7118659 4.711872 4.7118783 4.7118848 4.7118915 4.7118984 4.7119056 4.7119129 4.7119205 4.7119283 4.7119363 4.7119446 4.7119531 4.7119619 4.7119709 4.7119801 4.7119897 4.7119994 4.7120095 4.7120198 4.7120303 4.7120412 4.7120523 4.7120637 4.7120755 4.7120875 4.7120998 4.7121124 4.7121254 4.7121386 4.7121522 4.7121662 4.7121804
4.7117161 4.7117175 4.711719 4.7117207 4.7117224 4.7117243 4.7117264 4.7117286 4.7117309 4.7117334 4.711736 4.7117388 4.7117418 4.7117448 4.7117481 4.7117515 4.711755 4.7117588 4.7117627 4.7117667 4.711771 4.7117754 4.71178 4.7117848 4.7117897 4.7117949 4.7118002 4.7118057 4.7118114 4.7118174 4.7118235 4.7118298 4.7118364 4.7118431 4.7118501 4.7118573 4.7118647 4.7118723 4.7118802 4.7118883 4.7118967 4.7119053 4.7119141 4.7119232 4.7119325 4.7119421 4.711952 4.7119622 4.7119726 4.7119833 4.7119942 4.7120055 4.7120171 4.7120289 4.7120411 4.7120536 4.7120664 4.7120795 4.7120929 4.7121067
4.7116646 4.7116657 4.7116669 4.7116683 4.7116698 4.7116714 4.7116731 4.711675 4.711677 4.7116792 4.7116815 4.711684 4.7116866 4.7116893 4.7116923 4.7116953 4.7116986 4.711702 4.7117055 4.7117092 4.7117131 4.7117172 4.7117214 4.7117259 4.7117305 4.7117352 4.7117402 4.7117454 4.7117507 4.7117563 4.711762 4.711768 4.7117741 4.7117805 4.7117871 4.7117939 4.7118009 4.7118081 4.7118156 4.7118233 4.7118313 4.7118394 4.7118479 4.7118565 4.7118654 4.7118746 4.7118841 4.7118938 4.7119037 4.711914 4.7119245 4.7119353 4.7119464 4.7119578 4.7119695 4.7119816 4.7119939 4.7120065 4.7120195 4.7120328
4.7116131 4.7116139 4.7116148 4.7116158 4.711617 4.7116183 4.7116198 4.7116213 4.711623 4.7116249 4.7116269 4.711629 4.7116313 4.7116337 4.7116363 4.7116391 4.7116419 4.711645 4.7116482 4.7116516 4.7116551 4.7116589 4.7116627 4.7116668 4.7116711 4.7116755 4.7116801 4.7116849 4.7116899 4.711695 4.7117004 4.711706 4.7117117 4.7117177 4.7117239 4.7117303 4.7117369 4.7117438 4.7117508 4.7117581 4.7117657 4.7117734 4.7117814 4.7117897 4.7117982 4.7118069 4.7118159 4.7118252 4.7118347 4.7118445 4.7118546 4.7118649 4.7118756 4.7118865 4.7118977 4.7119093 4.7119211 4.7119333 4.7119457 4.7119585
4.7115614 4.7115619 4.7115625 4.7115633 4.7115642 4.7115651 4.7115663 4.7115675 4.7115689 4.7115705 4.7115721 4.7115739 4.7115759 4.711578 4.7115803 4.7115827 4.7115852 4.7115879 4.7115908 4.7115938 4.711597 4.7116004 4.7116039 4.7116076 4.7116115 4.7116156 4.7116198 4.7116242 4.7116288 4.7116336 4.7116386 4.7116438 4.7116492 4.7116548 4.7116606 4.7116666 4.7116728 4.7116792 4.7116859 4.7116928 4.7116999 4.7117072 4.7117148 4.7117226 4.7117307 4.711739 4.7117475 4.7117563 4.7117654 4.7117748 4.7117844 4.7117943 4.7118045 4.7118149 4.7118257 4.7118367 4.7118481 4.7118598 4.7118717 4.711884
4.7115097 4.7115099 4.7115102 4.7115106 4.7115112 4.7115119 4.7115127 4.7115136 4.7115147 4.7115159 4.7115173 4.7115188 4.7115204 4.7115222 4.7115241 4.7115262 4.7115284 4.7115307 4.7115333 4.711536 4.7115388 4.7115418 4.711545 4.7115483 4.7115518 4.7115555 4.7115594 4.7115634 4.7115677 4.7115721 4.7115767 4.7115815 4.7115865 4.7115917 4.7115971 4.7116027 4.7116085 4.7116145 4.7116208 4.7116272 4.7116339 4.7116408 4.711648 4.7116554 4.711663 4.7116708 4.711679 4.7116873 4.711696 4.7117048 4.711714 4.7117234 4.7117331 4.7117431 4.7117534 4.711764 4.7117748 4.711786 4.7117975 4.7118093
4.7114579 4.7114578 4.7114578 4.7114579 4.7114582 4.7114585 4.711459 4.7114597 4.7114604 4.7114613 4.7114623 4.7114635 4.7114648 4.7114662 4.7114678 4.7114695 4.7114714 4.7114734 4.7114756 4.7114779 4.7114804 4.7114831 4.7114859 4.7114889 4.711492 4.7114954 4.7114989 4.7115025 4.7115064 4.7115104 4.7115146 4.711519 4.7115236 4.7115284 4.7115334 4.7115386 4.711544 4.7115496 4.7115555 4.7115615 4.7115678 4.7115743 4.711581 4.7115879 4.7115951 4.7116025 4.7116102 4.7116181 4.7116263 4.7116347 4.7116434 4.7116524 4.7116616 4.7116711 4.7116809 4.711691 4.7117013 4.711712 4.711723 4.7117343
4.711406 4.7114056 4.7114053 4.7114051 4.711405 4.7114051 4.7114053 4.7114056 4.711406 4.7114066 4.7114073 4.7114081 4.7114091 4.7114102 4.7114114 4.7114128 4.7114143 4.711416 4.7114178 4.7114198 4.711422 4.7114243 4.7114267 4.7114293 4.7114321 4.7114351 4.7114382 4.7114415 4.7114449 4.7114486 4.7114524 4.7114564 4.7114606 4.711465 4.7114696 4.7114744 4.7114794 4.7114846 4.71149 4.7114956 4.7115015 4.7115075 4.7115138 4.7115203 4.7115271 4.711534 4.7115412 4.7115487 4.7115564 4.7115644 4.7115726 4.7115811 4.7115898 4.7115989 4.7116082 4.7116177 4.7116276 4.7116378 4.7116482 4.711659
4.711354 4.7113533 4.7113527 4.7113522 4.7113518 4.7113515 4.7113514 4.7113514 4.7113515 4.7113518 4.7113521 4.7113526 4.7113533 4.711354 4.7113549 4.711356 4.7113572 4.7113585 4.71136 4.7113616 4.7113634 4.7113653 4.7113674 4.7113696 4.711372 4.7113746 4.7113774 4.7113803 4.7113834 4.7113866 4.7113901 4.7113937 4.7113975 4.7114015 4.7114057 4.71141 4.7114146 4.7114194 4.7114244 4.7114296 4.711435 4.7114406 4.7114465 4.7114525 4.7114588 4.7114653 4.7114721 4.7114791 4.7114863 4.7114938 4.7115016 4.7115096 4.7115179 4.7115264 4.7115352 4.7115443 4.7115537 4.7115633 4.7115733 4.7115835
4.7113019 4.7113009 4.7113 4.7112992 4.7112985 4.7112979 4.7112975 4.7112971 4.7112969 4.7112968 4.7112969 4.711297 4.7112973 4.7112978 4.7112983 4.711299 4.7112999 4.7113009 4.711302 4.7113032 4.7113047 4.7113062 4.711308 4.7113098 4.7113119 4.7113141 4.7113164 4.711319 4.7113217 4.7113245 4.7113276 4.7113308 4.7113342 4.7113378 4.7113416 4.7113455 4.7113497 4.7113541 4.7113586 4.7113634 4.7113684 4.7113735 4.7113789 4.7113846 4.7113904 4.7113965 4.7114028 4.7114093 4.7114161 4.7114231 4.7114304 4.7114379 4.7114457 4.7114537 4.711462 4.7114706 4.7114795 4.7114886 4.7114981 4.7115078
4.7112498 4.7112484 4.7112472 4.7112461 4.7112451 4.7112442 4.7112434 4.7112428 4.7112422 4.7112418 4.7112415 4.7112414 4.7112413 4.7112414 4.7112416 4.711242 4.7112425 4.7112431 4.7112439 4.7112448 4.7112458 4.7112471 4.7112484 4.7112499 4.7112516 4.7112534 4.7112554 4.7112575 4.7112598 4.7112623 4.711265 4.7112678 4.7112708 4.711274 4.7112773 4.7112809 4.7112846 4.7112886 4.7112927 4.711297 4.7113016 4.7113063 4.7113113 4.7113164 4.7113218 4.7113274 4.7113333 4.7113393 4.7113457 4.7113522 4.711359 4.711366 4.7113733 4.7113809 4.7113887 4.7113967 4.7114051 4.7114137 4.7114226 4.7114318
4.7111976 4.7111959 4.7111944 4.711193 4.7111916 4.7111904 4.7111893 4.7111884 4.7111875 4.7111867 4.7111861 4.7111856 4.7111852 4.711185 4.7111849 4.7111849 4.711185 4.7111853 4.7111857 4.7111862 4.7111869 4.7111878 4.7111887 4.7111899 4.7111912 4.7111926 4.7111942 4.711196 4.7111979 4.7112 4.7112022 4.7112046 4.7112072 4.71121 4.7112129 4.7112161 4.7112194 4.7112229 4.7112266 4.7112305 4.7112346 4.7112389 4.7112434 4.7112481 4.7112531 4.7112582 4.7112636 4.7112692 4.711275 4.7112811 4.7112874 4.7112939 4.7113007 4.7113078 4.7113151 4.7113227 4.7113305 4.7113386 4.711347 4.7113556
4.7111453 4.7111433 4.7111415 4.7111397 4.7111381 4.7111366 4.7111352 4.7111338 4.7111326 4.7111316 4.7111306 4.7111298 4.711129 4.7111285 4.711128 4.7111276 4.7111274 4.7111273 4.7111274 4.7111276 4.7111279 4.7111284 4.711129 4.7111297 4.7111306 4.7111317 4.7111329 4.7111343 4.7111358 4.7111375 4.7111393 4.7111414 4.7111435 4.7111459 4.7111484 4.7111512 4.711154 4.7111571 4.7111604 4.7111639 4.7111675 4.7111714 4.7111754 4.7111797 4.7111842 4.7111889 4.7111938 4.7111989 4.7112042 4.7112098 4.7112156 4.7112217 4.711228 4.7112345 4.7112413 4.7112484 4.7112557 4.7112633 4.7112711 4.7112792
4.7110929 4.7110907 4.7110885 4.7110864 4.7110845 4.7110826 4.7110809 4.7110793 4.7110777 4.7110763 4.711075 4.7110738 4.7110728 4.7110718 4.711071 4.7110703 4.7110698 4.7110693 4.711069 4.7110688 4.7110688 4.7110689 4.7110691 4.7110695 4.71107 4.7110707 4.7110715 4.7110725 4.7110736 4.7110749 4.7110764 4.711078 4.7110797 4.7110817 4.7110838 4.7110861 4.7110886 4.7110912 4.711094 4.7110971 4.7111003 4.7111037 4.7111073 4.7111111 4.7111151 4.7111193 4.7111238 4.7111284 4.7111333 4.7111384 4.7111437 4.7111493 4.711155 4.7111611 4.7111674 4.7111739 4.7111807 4.7111877 4.711195 4.7112026
4.7110405 4.7110379 4.7110355 4.7110331 4.7110308 4.7110286 4.7110266 4.7110246 4.7110227 4.711021 4.7110194 4.7110178 4.7110164 4.7110151 4.711014 4.7110129 4.711012 4.7110112 4.7110105 4.71101 4.7110096 4.7110093 4.7110092 4.7110092 4.7110093 4.7110096 4.71101 4.7110106 4.7110113 4.7110122 4.7110133 4.7110145 4.7110158 4.7110173 4.711019 4.7110209 4.7110229 4.7110252 4.7110276 4.7110301 4.7110329 4.7110359 4.711039 4.7110423 4.7110459 4.7110496 4.7110536 4.7110578 4.7110622 4.7110668 4.7110716 4.7110766 4.7110819 4.7110874 4.7110932 4.7110992 4.7111055 4.711112 4.7111188 4.7111258
4.710988 4.7109851 4.7109823 4.7109797 4.7109771 4.7109746 4.7109722 4.7109699 4.7109677 4.7109656 4.7109636 4.7109617 4.71096 4.7109584 4.7109568 4.7109554 4.7109541 4.710953 4.710952 4.710951 4.7109503 4.7109496 4.7109491 4.7109487 4.7109485 4.7109484 4.7109484 4.7109486 4.7109489 4.7109494 4.71095 4.7109508 4.7109518 4.7109529 4.7109542 4.7109556 4.7109572 4.710959 4.7109609 4.7109631 4.7109654 4.7109679 4.7109706 4.7109735 4.7109765 4.7109798 4.7109833 4.710987 4.7109909 4.710995 4.7109993 4.7110039 4.7110086 4.7110136 4.7110189 4.7110244 4.7110301 4.7110361 4.7110423 4.7110488
4.7109355 4.7109323 4.7109292 4.7109262 4.7109232 4.7109204 4.7109177 4.7109151 4.7109125 4.7109101 4.7109078 4.7109056 4.7109035 4.7109015 4.7108996 4.7108979 4.7108962 4.7108947 4.7108933 4.710892 4.7108909 4.7108898 4.7108889 4.7108882 4.7108876 4.7108871 4.7108867 4.7108865 4.7108864 4.7108865 4.7108867 4.7108871 4.7108876 4.7108883 4.7108892 4.7108902 4.7108913 4.7108927 4.7108942 4.7108959 4.7108977 4.7108998 4.710902 4.7109044 4.710907 4.7109098 4.7109128 4.710916 4.7109194 4.710923 4.7109269 4.7109309 4.7109352 4.7109397 4.7109444 4.7109493 4.7109545 4.71096 4.7109656 4.7109716
4.7108829 4.7108794 4.7108759 4.7108726 4.7108694 4.7108662 4.7108631 4.7108602 4.7108573 4.7108546 4.7108519 4.7108494 4.7108469 4.7108446 4.7108423 4.7108402 4.7108382 4.7108363 4.7108346 4.7108329 4.7108314 4.71083 4.7108287 4.7108276 4.7108265 4.7108257 4.7108249 4.7108243 4.7108238 4.7108235 4.7108233 4.7108233 4.7108234 4.7108236 4.710824 4.7108246 4.7108254 4.7108263 4.7108273 4.7108286 4.71083 4.7108316 4.7108333 4.7108353 4.7108374 4.7108397 4.7108422 4.7108449 4.7108479 4.710851 4.7108543 4.7108578 4.7108616 4.7108655 4.7108697 4.7108741 4.7108788 4.7108837 4.7108888 4.7108942
4.7108303 4.7108264 4.7108227 4.710819 4.7108154 4.7108119 4.7108086 4.7108053 4.7108021 4.710799 4.710796 4.7107931 4.7107903 4.7107876 4.710785 4.7107825 4.7107801 4.7107779 4.7107758 4.7107737 4.7107718 4.71077 4.7107684 4.7107669 4.7107654 4.7107642 4.710763 4.710762 4.7107611 4.7107604 4.7107598 4.7107593 4.710759 4.7107588 4.7107588 4.710759 4.7107593 4.7107597 4.7107603 4.7107611 4.7107621 4.7107632 4.7107645 4.710766 4.7107676 4.7107695 4.7107715 4.7107737 4.7107761 4.7107787 4.7107816 4.7107846 4.7107878 4.7107912 4.7107949 4.7107988 4.7108029 4.7108072 4.7108118 4.7108166
