Cobbity2/QGIS/Chipper.asc
NCOLS 600
NROWS 399
XLLCORNER 150.659
YLLCORNER -34.0278
CELLSIZE 1e-05
NODATA_VALUE -9999
[rows 182 to 207 of 399, columns 240 to 299 of 600]
4.6985432 4.6985151 4.6984889 4.6984648 4.6984429 4.6984233 4.6984061 4.6983915 4.6983797 4.6983707 4.6983648 4.6983622 4.6983631 4.6983678 4.6983763 4.6983891 4.6984064 4.6984286 4.6984559 4.6984889 4.6985278 4.6985732 4.6986255 4.6986855 4.6987537 4.6988307 4.6989176 4.6990151 4.6991242 4.6992462 4.6993823 4.699534 4.699703 4.6998911 4.7001007 4.700334 4.7005942 4.7008843 4.7012082 4.7015702 4.7019753 4.7024294 4.7029392 4.7035125 4.7041584 4.7048875 4.7057121 4.7066467 4.7077083 4.7089171 4.7102968 4.7118762 4.71369 4.7157813 4.7182046 4.7210307 4.7243549 4.7283086 4.7330798 4.7389442
4.6984807 4.6984529 4.698427 4.6984032 4.6983817 4.6983624 4.6983456 4.6983314 4.6983199 4.6983114 4.6983059 4.6983038 4.6983051 4.6983101 4.698319 4.6983322 4.6983498 4.6983723 4.6983998 4.6984329 4.6984719 4.6985172 4.6985695 4.6986292 4.6986969 4.6987734 4.6988594 4.6989559 4.6990638 4.6991843 4.6993186 4.6994681 4.6996346 4.69982 4.7000263 4.7002562 4.7005124 4.7007983 4.7011177 4.701475 4.7018754 4.702325 4.7028306 4.7034006 4.7040444 4.7047733 4.7056006 4.7065418 4.7076154 4.7088433 4.7102517 4.7118721 4.7137431 4.7159128 4.7184429 4.7214154 4.7249445 4.7291974 4.7344342 4.741087
4.6984174 4.6983898 4.6983642 4.6983407 4.6983194 4.6983004 4.6982839 4.69827 4.6982589 4.6982507 4.6982456 4.6982437 4.6982454 4.6982507 4.6982599 4.6982733 4.6982911 4.6983136 4.6983413 4.6983743 4.6984132 4.6984583 4.6985101 4.6985692 4.6986362 4.6987117 4.6987965 4.6988915 4.6989975 4.6991158 4.6992475 4.6993941 4.6995571 4.6997384 4.6999402 4.7001649 4.7004154 4.700695 4.7010074 4.7013573 4.7017498 4.702191 4.7026882 4.7032499 4.7038861 4.7046086 4.7054316 4.7063716 4.7074486 4.7086863 4.7101134 4.7117643 4.7136813 4.7159171 4.7185392 4.7216379 4.7253403 4.7298371 4.7354345 4.7426593
4.6983532 4.6983258 4.6983004 4.6982771 4.6982561 4.6982373 4.6982211 4.6982075 4.6981966 4.6981887 4.6981838 4.6981822 4.6981841 4.6981896 4.698199 4.6982125 4.6982303 4.6982529 4.6982804 4.6983133 4.6983518 4.6983964 4.6984476 4.6985059 4.6985718 4.698646 4.6987292 4.6988222 4.6989259 4.6990413 4.6991697 4.6993124 4.699471 4.6996472 4.6998431 4.7000612 4.7003041 4.7005752 4.7008783 4.7012178 4.701599 4.7020281 4.7025124 4.7030607 4.7036833 4.7043925 4.7052033 4.7061334 4.7072041 4.7084411 4.7098754 4.7115448 4.7134953 4.7157837 4.7184823 4.7216855 4.7255245 4.7301942 4.7360068 4.7434947
4.6982882 4.698261 4.6982357 4.6982126 4.6981917 4.6981732 4.6981572 4.6981438 4.6981331 4.6981254 4.6981207 4.6981193 4.6981213 4.6981269 4.6981364 4.6981499 4.6981677 4.6981902 4.6982175 4.69825 4.698288 4.698332 4.6983824 4.6984396 4.6985042 4.6985767 4.6986579 4.6987485 4.6988494 4.6989615 4.6990859 4.699224 4.6993772 4.6995472 4.699736 4.699946 4.7001797 4.7004403 4.7007316 4.7010579 4.7014245 4.7018375 4.7023042 4.7028336 4.7034362 4.7041248 4.7049149 4.7058252 4.7068785 4.7081026 4.7095312 4.7112054 4.7131757 4.7155037 4.718266 4.7215591 4.7255105 4.7303007 4.7362102 4.743718
4.6982224 4.6981953 4.6981701 4.6981471 4.6981264 4.698108 4.6980921 4.6980789 4.6980684 4.6980608 4.6980562 4.6980549 4.698057 4.6980627 4.6980722 4.6980857 4.6981034 4.6981256 4.6981526 4.6981847 4.6982221 4.6982653 4.6983147 4.6983706 4.6984336 4.6985043 4.6985832 4.6986711 4.6987687 4.6988769 4.6989969 4.6991297 4.6992767 4.6994396 4.6996202 4.6998206 4.7000435 4.7002917 4.7005689 4.7008793 4.7012279 4.7016208 4.7020653 4.7025701 4.703146 4.703806 4.7045661 4.7054458 4.7064694 4.7076665 4.7090739 4.7107372 4.712712 4.715067 4.7178855 4.7212686 4.7253395 4.7302535 4.7362284 4.7436292
4.6981558 4.6981287 4.6981037 4.6980807 4.6980601 4.6980418 4.698026 4.6980129 4.6980025 4.697995 4.6979905 4.6979893 4.6979914 4.6979971 4.6980066 4.69802 4.6980375 4.6980594 4.698086 4.6981176 4.6981543 4.6981966 4.6982448 4.6982994 4.6983607 4.6984293 4.6985057 4.6985906 4.6986846 4.6987886 4.6989036 4.6990305 4.6991707 4.6993257 4.699497 4.6996868 4.6998973 4.7001313 4.7003923 4.7006841 4.7010116 4.7013805 4.701798 4.7022726 4.7028149 4.703438 4.704158 4.7049952 4.7059748 4.7071287 4.7084968 4.7101296 4.7120903 4.7144578 4.7173289 4.720819 4.7250603 4.7301945 4.7363659 4.7437417
4.6980884 4.6980613 4.6980363 4.6980134 4.6979928 4.6979746 4.6979589 4.6979458 4.6979355 4.697928 4.6979237 4.6979225 4.6979246 4.6979303 4.6979396 4.6979528 4.6979702 4.6979918 4.6980179 4.6980489 4.6980849 4.6981262 4.6981733 4.6982263 4.6982858 4.6983522 4.698426 4.6985076 4.6985979 4.6986974 4.698807 4.6989277 4.6990605 4.6992068 4.6993681 4.6995461 4.6997431 4.6999614 4.7002042 4.700475 4.7007784 4.7011198 4.7015058 4.7019445 4.7024463 4.7030238 4.7036932 4.7044748 4.7053947 4.7064863 4.7077928 4.7093702 4.7112911 4.7136493 4.7165645 4.720186 4.7246886 4.7302542 4.7370175 4.7449617
4.6980201 4.697993 4.697968 4.6979451 4.6979246 4.6979064 4.6978907 4.6978777 4.6978674 4.69786 4.6978556 4.6978544 4.6978566 4.6978622 4.6978714 4.6978845 4.6979016 4.6979228 4.6979485 4.6979789 4.6980141 4.6980545 4.6981003 4.6981519 4.6982095 4.6982736 4.6983446 4.698423 4.6985093 4.6986042 4.6987082 4.6988223 4.6989475 4.6990847 4.6992353 4.6994008 4.6995831 4.6997845 4.7000075 4.7002553 4.7005321 4.7008425 4.7011928 4.7015904 4.7020448 4.7025682 4.703176 4.7038883 4.704731 4.7057385 4.7069564 4.7084459 4.7102897 4.7126 4.71553 4.7192864 4.7241413 4.7304282 4.7384806 4.7484148
4.6979511 4.6979239 4.6978988 4.697876 4.6978554 4.6978372 4.6978215 4.6978085 4.6977983 4.6977909 4.6977865 4.6977853 4.6977874 4.6977929 4.6978021 4.697815 4.6978318 4.6978528 4.6978781 4.6979078 4.6979423 4.6979817 4.6980264 4.6980764 4.6981322 4.6981941 4.6982624 4.6983375 4.6984199 4.69851 4.6986085 4.6987159 4.6988331 4.6989609 4.6991005 4.699253 4.6994201 4.6996035 4.6998055 4.7000287 4.7002766 4.7005534 4.7008643 4.7012159 4.7016168 4.7020779 4.7026134 4.7032421 4.7039891 4.7048881 4.7059855 4.7073456 4.7090594 4.7112572 4.7141295 4.7179586 4.7231675 4.7303886 4.7405266 4.7546722
4.6978812 4.697854 4.6978288 4.6978059 4.6977853 4.6977671 4.6977514 4.6977384 4.6977281 4.6977207 4.6977164 4.6977152 4.6977172 4.6977227 4.6977318 4.6977445 4.6977612 4.6977818 4.6978067 4.6978359 4.6978697 4.6979083 4.6979518 4.6980005 4.6980546 4.6981143 4.69818 4.6982519 4.6983305 4.698416 4.6985089 4.6986097 4.698719 4.6988375 4.6989659 4.6991052 4.6992567 4.6994217 4.6996018 4.6997994 4.700017 4.7002579 4.7005266 4.7008283 4.7011703 4.7015617 4.7020149 4.7025465 4.703179 4.7039437 4.7048849 4.706066 4.7075806 4.7095696 4.7122517 4.7159778 4.7213328 4.7293331 4.7418163 4.7621463
4.6978105 4.6977832 4.6977579 4.6977349 4.6977142 4.697696 4.6976803 4.6976672 4.697657 4.6976496 4.6976452 4.697644 4.6976461 4.6976515 4.6976605 4.6976732 4.6976897 4.6977101 4.6977347 4.6977635 4.6977967 4.6978345 4.697877 4.6979244 4.697977 4.6980348 4.6980981 4.6981671 4.698242 4.6983231 4.6984107 4.6985052 4.6986069 4.6987162 4.6988337 4.69896 4.6990959 4.6992424 4.6994006 4.699572 4.6997584 4.6999623 4.7001868 4.7004359 4.7007148 4.7010308 4.7013933 4.7018157 4.7023164 4.7029218 4.7036701 4.7046182 4.7058526 4.7075095 4.7098099 4.7131287 4.7181355 4.7261078 4.7396923 4.7649189
4.697739 4.6977115 4.6976862 4.697663 4.6976423 4.697624 4.6976082 4.6975952 4.6975849 4.6975775 4.6975732 4.697572 4.697574 4.6975795 4.6975885 4.6976011 4.6976175 4.6976378 4.6976621 4.6976906 4.6977234 4.6977606 4.6978023 4.6978487 4.6978999 4.6979561 4.6980173 4.6980836 4.6981553 4.6982325 4.6983153 4.6984038 4.6984983 4.698599 4.6987061 4.6988199 4.6989408 4.6990693 4.6992058 4.6993514 4.6995068 4.6996734 4.6998531 4.7000481 4.7002617 4.7004984 4.7007643 4.7010684 4.7014234 4.701848 4.7023705 4.7030339 4.7039066 4.705099 4.7067966 4.7093231 4.7132736 4.7198178 4.7314774 4.7544105
4.6976667 4.697639 4.6976135 4.6975903 4.6975694 4.697551 4.6975353 4.6975222 4.6975119 4.6975045 4.6975002 4.697499 4.6975011 4.6975066 4.6975157 4.6975283 4.6975447 4.697565 4.6975892 4.6976176 4.6976501 4.6976869 4.6977281 4.6977738 4.697824 4.6978788 4.6979383 4.6980025 4.6980714 4.6981452 4.6982237 4.698307 4.6983951 4.6984879 4.6985855 4.6986877 4.6987946 4.698906 4.6990221 4.6991427 4.6992681 4.6993984 4.699534 4.6996753 4.6998235 4.6999798 4.7001467 4.7003276 4.7005283 4.7007577 4.7010301 4.7013688 4.7018125 4.7024262 4.7033223 4.7046984 4.7069116 4.7106236 4.7171021 4.7289419
4.6975935 4.6975657 4.69754 4.6975166 4.6974957 4.6974772 4.6974613 4.6974482 4.6974379 4.6974306 4.6974263 4.6974252 4.6974274 4.697433 4.6974422 4.697455 4.6974715 4.6974919 4.6975162 4.6975446 4.697577 4.6976137 4.6976546 4.6976999 4.6977495 4.6978034 4.6978617 4.6979243 4.6979911 4.6980621 4.6981372 4.6982162 4.6982988 4.6983849 4.6984741 4.698566 4.6986603 4.6987563 4.6988536 4.6989513 4.6990487 4.6991448 4.6992386 4.6993286 4.6994136 4.6994917 4.699561 4.6996194 4.6996646 4.6996942 4.6997062 4.6996998 4.6996765 4.6996429 4.6996141 4.699619 4.6996995 4.6998704 4.6998742 4.6980161
4.6975195 4.6974915 4.6974656 4.6974421 4.697421 4.6974024 4.6973865 4.6973733 4.697363 4.6973557 4.6973515 4.6973505 4.6973529 4.6973587 4.6973681 4.6973811 4.6973979 4.6974185 4.6974431 4.6974717 4.6975044 4.6975412 4.6975822 4.6976274 4.6976768 4.6977304 4.697788 4.6978497 4.6979151 4.6979843 4.6980568 4.6981325 4.6982109 4.6982916 4.698374 4.6984573 4.6985409 4.6986238 4.6987046 4.6987822 4.6988547 4.6989201 4.6989759 4.6990191 4.6990458 4.6990512 4.6990291 4.6989718 4.6988687 4.6987059 4.6984645 4.6981183 4.6976295 4.6969424 4.6959707 4.6945721 4.6924944 4.6892462 4.6837375 4.6729517
4.6974447 4.6974164 4.6973903 4.6973666 4.6973453 4.6973266 4.6973106 4.6972975 4.6972872 4.69728 4.6972759 4.697275 4.6972776 4.6972837 4.6972933 4.6973067 4.6973239 4.6973449 4.69737 4.6973991 4.6974322 4.6974696 4.697511 4.6975567 4.6976064 4.6976601 4.6977178 4.6977792 4.6978442 4.6979125 4.6979836 4.6980573 4.6981329 4.6982098 4.6982872 4.6983641 4.6984394 4.6985117 4.6985794 4.6986403 4.6986919 4.6987313 4.6987547 4.6987574 4.6987334 4.6986751 4.6985725 4.6984124 4.6981771 4.6978421 4.6973728 4.6967196 4.6958089 4.6945286 4.6927024 4.6900411 4.6860529 4.6798815 4.6700944 4.6548079
4.697369 4.6973404 4.6973141 4.6972901 4.6972687 4.6972499 4.6972339 4.6972206 4.6972104 4.6972032 4.6971993 4.6971987 4.6972015 4.6972079 4.697218 4.6972318 4.6972495 4.6972712 4.6972969 4.6973268 4.6973608 4.6973989 4.6974413 4.6974878 4.6975384 4.6975929 4.6976514 4.6977134 4.6977789 4.6978473 4.6979184 4.6979914 4.6980659 4.6981409 4.6982154 4.6982884 4.6983582 4.6984233 4.6984814 4.6985299 4.6985658 4.6985851 4.698583 4.6985535 4.6984887 4.6983788 4.6982107 4.697967 4.6976239 4.6971484 4.6964936 4.6955916 4.6943406 4.6925856 4.6900821 4.6864323 4.68096 4.6724532 4.6586351 4.6355523
4.6972924 4.6972635 4.6972369 4.6972128 4.6971912 4.6971722 4.6971561 4.6971428 4.6971326 4.6971256 4.6971218 4.6971214 4.6971246 4.6971314 4.697142 4.6971564 4.6971749 4.6971973 4.697224 4.6972548 4.6972899 4.6973293 4.697373 4.6974209 4.6974729 4.697529 4.697589 4.6976526 4.6977196 4.6977895 4.6978617 4.6979358 4.6980109 4.6980861 4.6981603 4.698232 4.6982996 4.698361 4.6984139 4.6984551 4.698481 4.6984871 4.6984677 4.6984158 4.6983224 4.6981758 4.6979608 4.6976571 4.6972371 4.6966623 4.6958781 4.694805 4.6933246 4.6912559 4.6883152 4.6840444 4.6776714 4.6677869 4.6513522 4.6199271
4.6972149 4.6971856 4.6971588 4.6971344 4.6971126 4.6970935 4.6970772 4.697064 4.6970538 4.6970469 4.6970433 4.6970433 4.6970468 4.6970541 4.6970653 4.6970805 4.6970998 4.6971233 4.6971511 4.6971832 4.6972198 4.6972607 4.6973062 4.697356 4.6974102 4.6974685 4.6975309 4.6975971 4.6976667 4.6977392 4.6978143 4.6978911 4.6979688 4.6980465 4.6981229 4.6981964 4.6982652 4.6983271 4.6983794 4.6984188 4.6984413 4.6984419 4.6984144 4.6983513 4.6982427 4.6980761 4.6978353 4.6974988 4.6970372 4.6964104 4.6955611 4.6944069 4.6928249 4.6906278 4.6875224 4.6830379 4.676403 4.6663315 4.650588 4.6245262
4.6971365 4.6971068 4.6970796 4.697055 4.6970329 4.6970137 4.6969973 4.696984 4.6969739 4.6969671 4.6969638 4.6969641 4.6969681 4.696976 4.6969879 4.6970039 4.6970242 4.6970489 4.6970781 4.6971118 4.6971502 4.6971932 4.6972408 4.6972932 4.6973501 4.6974114 4.6974771 4.6975468 4.6976202 4.6976968 4.6977762 4.6978576 4.6979401 4.6980227 4.698104 4.6981826 4.6982564 4.6983232 4.69838 4.6984236 4.6984496 4.6984529 4.6984272 4.6983647 4.6982554 4.6980868 4.6978426 4.6975018 4.6970358 4.6964062 4.695559 4.6944168 4.6928656 4.6907316 4.6877403 4.6834441 4.6770922 4.6674459 4.6528042 4.6330047
4.6970571 4.697027 4.6969995 4.6969745 4.6969522 4.6969328 4.6969163 4.6969029 4.6968929 4.6968862 4.6968832 4.6968838 4.6968883 4.6968969 4.6969096 4.6969266 4.6969481 4.6969742 4.6970049 4.6970405 4.697081 4.6971264 4.6971768 4.6972322 4.6972925 4.6973576 4.6974275 4.6975017 4.6975802 4.6976623 4.6977476 4.6978354 4.6979249 4.6980149 4.6981042 4.6981911 4.6982739 4.69835 4.6984168 4.6984707 4.6985075 4.6985222 4.6985086 4.6984589 4.6983638 4.6982112 4.6979861 4.6976692 4.6972352 4.6966505 4.6958691 4.6948269 4.6934308 4.6915404 4.6889323 4.6852263 4.6797149 4.6709335 4.6555111 4.6260439
4.6969767 4.6969462 4.6969182 4.6968929 4.6968703 4.6968506 4.696834 4.6968206 4.6968106 4.6968041 4.6968013 4.6968023 4.6968074 4.6968167 4.6968303 4.6968484 4.6968712 4.6968988 4.6969314 4.6969691 4.6970121 4.6970603 4.6971139 4.6971728 4.6972372 4.6973069 4.6973818 4.6974617 4.6975463 4.6976354 4.6977283 4.6978245 4.6979231 4.6980231 4.6981233 4.6982222 4.6983178 4.6984081 4.6984901 4.6985607 4.6986158 4.6986506 4.6986593 4.6986347 4.6985683 4.6984494 4.6982649 4.6979985 4.6976297 4.6971322 4.6964721 4.6956043 4.6944669 4.6929714 4.6909815 4.6882641 4.6843482 4.6780467 4.6657359 4.6371282
4.6968953 4.6968643 4.6968359 4.6968101 4.6967872 4.6967673 4.6967505 4.696737 4.696727 4.6967206 4.6967181 4.6967195 4.6967252 4.6967352 4.6967498 4.6967691 4.6967934 4.6968227 4.6968574 4.6968974 4.6969431 4.6969945 4.6970517 4.6971148 4.6971838 4.6972588 4.6973396 4.6974262 4.6975183 4.6976157 4.6977178 4.6978242 4.6979342 4.6980468 4.698161 4.6982752 4.6983879 4.6984969 4.6985997 4.6986933 4.6987741 4.6988376 4.6988786 4.698891 4.6988673 4.6987985 4.6986743 4.698482 4.6982069 4.6978317 4.6973363 4.6966979 4.6958914 4.6948914 4.6936747 4.6922298 4.6905753 4.6887665 4.6864367 4.6798873
4.6968128 4.6967813 4.6967523 4.6967262 4.6967029 4.6966826 4.6966656 4.696652 4.696642 4.6966357 4.6966334 4.6966353 4.6966415 4.6966523 4.6966679 4.6966885 4.6967143 4.6967455 4.6967824 4.6968251 4.6968737 4.6969286 4.6969899 4.6970576 4.6971319 4.6972129 4.6973005 4.6973947 4.6974954 4.6976025 4.6977155 4.697834 4.6979576 4.6980853 4.6982164 4.6983494 4.6984831 4.6986155 4.6987444 4.6988673 4.6989808 4.6990814 4.6991645 4.6992251 4.699257 4.6992535 4.699207 4.699109 4.6989508 4.6987243 4.6984234 4.6980473 4.6976073 4.6971392 4.6967313 4.6965874 4.6972134 4.7000873 4.7099154 4.7307028
4.6967292 4.6966971 4.6966676 4.6966409 4.6966172 4.6965966 4.6965793 4.6965655 4.6965554 4.6965492 4.6965472 4.6965494 4.6965562 4.6965679 4.6965845 4.6966064 4.6966338 4.696667 4.6967062 4.6967517 4.6968036 4.6968623 4.6969279 4.6970007 4.6970809 4.6971685 4.6972636 4.6973665 4.6974769 4.6975949 4.6977203 4.6978528 4.697992 4.6981374 4.6982881 4.6984434 4.6986018 4.6987621 4.6989224 4.6990804 4.6992338 4.6993794 4.6995137 4.6996329 4.6997325 4.6998078 4.6998541 4.6998671 4.699844 4.6997848 4.6996958 4.6995952 4.6995237 4.6995663 4.6998941 4.7008508 4.7031349 4.7083184 4.7212725 4.7510795
