Cobbity2/QGIS/Chipper.asc
NCOLS 600
NROWS 399
XLLCORNER 150.659
YLLCORNER -34.0278
CELLSIZE 1e-05
NODATA_VALUE -9999
[rows 364 to 389 of 399, columns 60 to 119 of 600]
4.7054554 4.7054241 4.7053927 4.7053611 4.7053294 4.7052976 4.7052657 4.7052337 4.7052016 4.7051693 4.7051369 4.7051044 4.7050717 4.705039 4.7050061 4.7049731 4.7049399 4.7049067 4.7048733 4.7048398 4.7048061 4.7047724 4.7047385 4.7047045 4.7046703 4.704636 4.7046016 4.7045671 4.7045324 4.7044976 4.7044627 4.7044277 4.7043925 4.7043572 4.7043217 4.7042861 4.7042504 4.7042146 4.7041786 4.7041425 4.7041062 4.7040698 4.7040333 4.7039967 4.7039599 4.703923 4.7038859 4.7038487 4.7038114 4.7037739 4.7037363 4.7036986 4.7036607 4.7036227 4.7035845 4.7035462 4.7035078 4.7034692 4.7034305 4.7033917
4.7054655 4.7054344 4.705403 4.7053716 4.7053401 4.7053084 4.7052766 4.7052447 4.7052127 4.7051806 4.7051483 4.7051159 4.7050834 4.7050508 4.7050181 4.7049852 4.7049522 4.7049191 4.7048858 4.7048525 4.704819 4.7047854 4.7047516 4.7047178 4.7046838 4.7046497 4.7046154 4.704581 4.7045465 4.7045119 4.7044771 4.7044423 4.7044072 4.7043721 4.7043368 4.7043014 4.7042659 4.7042302 4.7041944 4.7041585 4.7041224 4.7040862 4.7040499 4.7040135 4.7039769 4.7039401 4.7039033 4.7038663 4.7038292 4.7037919 4.7037545 4.703717 4.7036793 4.7036415 4.7036036 4.7035655 4.7035273 4.7034889 4.7034505 4.7034119
4.7054758 4.7054448 4.7054136 4.7053823 4.7053509 4.7053193 4.7052877 4.7052559 4.705224 4.705192 4.7051599 4.7051276 4.7050953 4.7050628 4.7050302 4.7049974 4.7049646 4.7049316 4.7048985 4.7048653 4.704832 4.7047985 4.7047649 4.7047312 4.7046974 4.7046634 4.7046293 4.7045951 4.7045608 4.7045263 4.7044917 4.704457 4.7044222 4.7043872 4.7043521 4.7043169 4.7042815 4.704246 4.7042104 4.7041747 4.7041388 4.7041028 4.7040666 4.7040304 4.703994 4.7039575 4.7039208 4.703884 4.7038471 4.70381 4.7037728 4.7037355 4.7036981 4.7036605 4.7036228 4.7035849 4.7035469 4.7035088 4.7034706 4.7034322
4.7054862 4.7054553 4.7054242 4.7053931 4.7053618 4.7053304 4.7052988 4.7052672 4.7052354 4.7052036 4.7051716 4.7051395 4.7051072 4.7050749 4.7050424 4.7050098 4.7049771 4.7049443 4.7049114 4.7048783 4.7048451 4.7048118 4.7047784 4.7047448 4.7047111 4.7046773 4.7046434 4.7046093 4.7045752 4.7045409 4.7045065 4.7044719 4.7044372 4.7044024 4.7043675 4.7043325 4.7042973 4.704262 4.7042265 4.704191 4.7041553 4.7041195 4.7040835 4.7040475 4.7040113 4.7039749 4.7039385 4.7039019 4.7038652 4.7038283 4.7037913 4.7037542 4.703717 4.7036796 4.7036421 4.7036045 4.7035667 4.7035289 4.7034908 4.7034527
4.7054968 4.7054659 4.705435 4.705404 4.7053728 4.7053415 4.7053101 4.7052786 4.705247 4.7052153 4.7051834 4.7051514 4.7051193 4.7050871 4.7050548 4.7050224 4.7049898 4.7049571 4.7049243 4.7048914 4.7048584 4.7048252 4.7047919 4.7047585 4.704725 4.7046914 4.7046576 4.7046237 4.7045897 4.7045556 4.7045213 4.7044869 4.7044524 4.7044178 4.7043831 4.7043482 4.7043132 4.7042781 4.7042428 4.7042074 4.7041719 4.7041363 4.7041006 4.7040647 4.7040287 4.7039925 4.7039563 4.7039199 4.7038834 4.7038468 4.70381 4.7037731 4.7037361 4.7036989 4.7036616 4.7036242 4.7035867 4.703549 4.7035112 4.7034733
4.7055074 4.7054767 4.7054459 4.705415 4.705384 4.7053528 4.7053216 4.7052902 4.7052587 4.7052271 4.7051954 4.7051635 4.7051316 4.7050995 4.7050673 4.705035 4.7050026 4.7049701 4.7049374 4.7049047 4.7048718 4.7048388 4.7048056 4.7047724 4.704739 4.7047056 4.7046719 4.7046382 4.7046044 4.7045704 4.7045363 4.7045021 4.7044678 4.7044333 4.7043988 4.7043641 4.7043293 4.7042943 4.7042592 4.7042241 4.7041887 4.7041533 4.7041177 4.7040821 4.7040463 4.7040103 4.7039743 4.7039381 4.7039018 4.7038653 4.7038288 4.7037921 4.7037553 4.7037184 4.7036813 4.7036441 4.7036068 4.7035694 4.7035318 4.7034941
4.7055182 4.7054876 4.705457 4.7054262 4.7053953 4.7053642 4.7053331 4.7053019 4.7052705 4.705239 4.7052075 4.7051758 4.7051439 4.705112 4.70508 4.7050478 4.7050156 4.7049832 4.7049507 4.704918 4.7048853 4.7048525 4.7048195 4.7047864 4.7047532 4.7047199 4.7046864 4.7046529 4.7046192 4.7045854 4.7045515 4.7045174 4.7044833 4.704449 4.7044146 4.7043801 4.7043454 4.7043107 4.7042758 4.7042408 4.7042057 4.7041704 4.7041351 4.7040996 4.704064 4.7040282 4.7039924 4.7039564 4.7039203 4.7038841 4.7038477 4.7038113 4.7037747 4.7037379 4.7037011 4.7036641 4.7036271 4.7035898 4.7035525 4.7035151
4.7055291 4.7054987 4.7054681 4.7054375 4.7054067 4.7053758 4.7053448 4.7053137 4.7052825 4.7052511 4.7052197 4.7051881 4.7051564 4.7051247 4.7050928 4.7050607 4.7050286 4.7049964 4.704964 4.7049316 4.704899 4.7048663 4.7048335 4.7048005 4.7047675 4.7047343 4.704701 4.7046677 4.7046341 4.7046005 4.7045668 4.7045329 4.7044989 4.7044648 4.7044306 4.7043962 4.7043618 4.7043272 4.7042925 4.7042577 4.7042228 4.7041877 4.7041525 4.7041172 4.7040818 4.7040463 4.7040106 4.7039749 4.703939 4.7039029 4.7038668 4.7038305 4.7037942 4.7037577 4.7037211 4.7036843 4.7036475 4.7036105 4.7035734 4.7035361
4.7055402 4.7055098 4.7054794 4.7054489 4.7054182 4.7053875 4.7053566 4.7053256 4.7052945 4.7052633 4.705232 4.7052006 4.7051691 4.7051374 4.7051057 4.7050738 4.7050418 4.7050097 4.7049775 4.7049452 4.7049128 4.7048802 4.7048476 4.7048148 4.7047819 4.7047489 4.7047158 4.7046826 4.7046492 4.7046158 4.7045822 4.7045485 4.7045147 4.7044807 4.7044467 4.7044125 4.7043783 4.7043439 4.7043094 4.7042747 4.70424 4.7042051 4.7041701 4.704135 4.7040998 4.7040645 4.704029 4.7039935 4.7039578 4.703922 4.703886 4.70385 4.7038138 4.7037775 4.7037411 4.7037046 4.703668 4.7036312 4.7035944 4.7035574
4.7055513 4.7055211 4.7054908 4.7054604 4.7054299 4.7053993 4.7053685 4.7053377 4.7053067 4.7052757 4.7052445 4.7052132 4.7051818 4.7051503 4.7051187 4.705087 4.7050552 4.7050232 4.7049912 4.704959 4.7049267 4.7048943 4.7048618 4.7048292 4.7047965 4.7047636 4.7047307 4.7046976 4.7046644 4.7046311 4.7045977 4.7045642 4.7045306 4.7044968 4.704463 4.704429 4.7043949 4.7043607 4.7043263 4.7042919 4.7042573 4.7042227 4.7041879 4.704153 4.704118 4.7040828 4.7040476 4.7040122 4.7039767 4.7039411 4.7039054 4.7038696 4.7038336 4.7037976 4.7037614 4.7037251 4.7036887 4.7036521 4.7036155 4.7035787
4.7055626 4.7055325 4.7055023 4.7054721 4.7054417 4.7054112 4.7053806 4.7053499 4.705319 4.7052881 4.7052571 4.7052259 4.7051947 4.7051633 4.7051319 4.7051003 4.7050686 4.7050368 4.7050049 4.7049729 4.7049408 4.7049085 4.7048762 4.7048437 4.7048112 4.7047785 4.7047457 4.7047128 4.7046798 4.7046467 4.7046134 4.7045801 4.7045466 4.704513 4.7044793 4.7044455 4.7044116 4.7043776 4.7043435 4.7043092 4.7042748 4.7042403 4.7042058 4.704171 4.7041362 4.7041013 4.7040662 4.7040311 4.7039958 4.7039604 4.7039249 4.7038893 4.7038535 4.7038177 4.7037817 4.7037457 4.7037095 4.7036732 4.7036368 4.7036003
4.705574 4.705544 4.705514 4.7054838 4.7054536 4.7054232 4.7053927 4.7053622 4.7053315 4.7053007 4.7052698 4.7052388 4.7052077 4.7051765 4.7051452 4.7051137 4.7050822 4.7050505 4.7050188 4.7049869 4.704955 4.7049229 4.7048907 4.7048584 4.704826 4.7047935 4.7047608 4.7047281 4.7046953 4.7046623 4.7046292 4.704596 4.7045628 4.7045294 4.7044958 4.7044622 4.7044285 4.7043947 4.7043607 4.7043266 4.7042924 4.7042582 4.7042238 4.7041892 4.7041546 4.7041199 4.704085 4.7040501 4.704015 4.7039798 4.7039445 4.7039091 4.7038736 4.703838 4.7038022 4.7037664 4.7037304 4.7036944 4.7036582 4.7036219
4.7055855 4.7055557 4.7055258 4.7054957 4.7054656 4.7054354 4.705405 4.7053746 4.705344 4.7053134 4.7052826 4.7052518 4.7052208 4.7051897 4.7051586 4.7051273 4.7050959 4.7050644 4.7050328 4.7050011 4.7049693 4.7049373 4.7049053 4.7048732 4.7048409 4.7048086 4.7047761 4.7047435 4.7047109 4.7046781 4.7046452 4.7046122 4.704579 4.7045458 4.7045125 4.704479 4.7044455 4.7044118 4.7043781 4.7043442 4.7043102 4.7042761 4.7042419 4.7042076 4.7041732 4.7041386 4.704104 4.7040692 4.7040344 4.7039994 4.7039643 4.7039291 4.7038938 4.7038584 4.7038229 4.7037873 4.7037515 4.7037157 4.7036797 4.7036437
4.7055971 4.7055674 4.7055376 4.7055077 4.7054777 4.7054476 4.7054174 4.7053871 4.7053567 4.7053262 4.7052956 4.7052649 4.7052341 4.7052031 4.7051721 4.705141 4.7051097 4.7050784 4.7050469 4.7050154 4.7049837 4.7049519 4.7049201 4.7048881 4.704856 4.7048238 4.7047915 4.7047591 4.7047266 4.704694 4.7046612 4.7046284 4.7045955 4.7045624 4.7045293 4.704496 4.7044626 4.7044292 4.7043956 4.7043619 4.7043281 4.7042942 4.7042602 4.704226 4.7041918 4.7041575 4.704123 4.7040885 4.7040538 4.7040191 4.7039842 4.7039492 4.7039141 4.7038789 4.7038436 4.7038082 4.7037727 4.7037371 4.7037014 4.7036656
4.7056089 4.7055793 4.7055496 4.7055199 4.70549 4.70546 4.70543 4.7053998 4.7053695 4.7053391 4.7053087 4.7052781 4.7052474 4.7052166 4.7051857 4.7051547 4.7051237 4.7050925 4.7050612 4.7050298 4.7049982 4.7049666 4.7049349 4.7049031 4.7048712 4.7048391 4.704807 4.7047748 4.7047424 4.70471 4.7046774 4.7046448 4.704612 4.7045791 4.7045462 4.7045131 4.7044799 4.7044466 4.7044132 4.7043797 4.7043461 4.7043124 4.7042786 4.7042446 4.7042106 4.7041765 4.7041422 4.7041079 4.7040734 4.7040389 4.7040042 4.7039694 4.7039346 4.7038996 4.7038645 4.7038294 4.7037941 4.7037587 4.7037232 4.7036876
4.7056207 4.7055913 4.7055617 4.7055321 4.7055024 4.7054725 4.7054426 4.7054126 4.7053824 4.7053522 4.7053219 4.7052914 4.7052609 4.7052302 4.7051995 4.7051687 4.7051377 4.7051067 4.7050755 4.7050443 4.7050129 4.7049815 4.7049499 4.7049182 4.7048865 4.7048546 4.7048226 4.7047906 4.7047584 4.7047261 4.7046937 4.7046612 4.7046287 4.704596 4.7045632 4.7045303 4.7044973 4.7044642 4.7044309 4.7043976 4.7043642 4.7043307 4.7042971 4.7042633 4.7042295 4.7041956 4.7041615 4.7041274 4.7040932 4.7040588 4.7040244 4.7039898 4.7039552 4.7039204 4.7038855 4.7038506 4.7038155 4.7037804 4.7037451 4.7037097
4.7056327 4.7056034 4.705574 4.7055445 4.7055149 4.7054852 4.7054554 4.7054255 4.7053955 4.7053654 4.7053352 4.7053049 4.7052745 4.705244 4.7052134 4.7051827 4.7051519 4.705121 4.70509 4.7050589 4.7050277 4.7049964 4.704965 4.7049335 4.7049019 4.7048702 4.7048384 4.7048065 4.7047745 4.7047424 4.7047102 4.7046779 4.7046454 4.7046129 4.7045803 4.7045476 4.7045148 4.7044818 4.7044488 4.7044157 4.7043825 4.7043491 4.7043157 4.7042822 4.7042485 4.7042148 4.704181 4.704147 4.704113 4.7040789 4.7040446 4.7040103 4.7039759 4.7039413 4.7039067 4.7038719 4.7038371 4.7038022 4.7037671 4.703732
4.7056448 4.7056156 4.7055863 4.7055569 4.7055275 4.7054979 4.7054682 4.7054385 4.7054086 4.7053786 4.7053486 4.7053184 4.7052882 4.7052578 4.7052274 4.7051968 4.7051662 4.7051354 4.7051046 4.7050737 4.7050426 4.7050115 4.7049802 4.7049489 4.7049174 4.7048859 4.7048543 4.7048225 4.7047907 4.7047588 4.7047267 4.7046946 4.7046623 4.70463 4.7045976 4.704565 4.7045324 4.7044996 4.7044668 4.7044339 4.7044008 4.7043677 4.7043345 4.7043011 4.7042677 4.7042342 4.7042005 4.7041668 4.704133 4.704099 4.704065 4.7040309 4.7039967 4.7039623 4.7039279 4.7038934 4.7038588 4.7038241 4.7037893 4.7037544
4.7056569 4.7056279 4.7055987 4.7055695 4.7055402 4.7055107 4.7054812 4.7054516 4.7054219 4.705392 4.7053621 4.7053321 4.705302 4.7052718 4.7052415 4.7052111 4.7051806 4.70515 4.7051193 4.7050885 4.7050576 4.7050266 4.7049956 4.7049644 4.7049331 4.7049017 4.7048703 4.7048387 4.704807 4.7047752 4.7047434 4.7047114 4.7046794 4.7046472 4.7046149 4.7045826 4.7045501 4.7045176 4.7044849 4.7044522 4.7044193 4.7043864 4.7043533 4.7043202 4.704287 4.7042536 4.7042202 4.7041867 4.7041531 4.7041193 4.7040855 4.7040516 4.7040176 4.7039835 4.7039493 4.703915 4.7038806 4.7038462 4.7038116 4.7037769
4.7056692 4.7056403 4.7056113 4.7055822 4.705553 4.7055237 4.7054943 4.7054648 4.7054352 4.7054055 4.7053758 4.7053459 4.7053159 4.7052859 4.7052557 4.7052255 4.7051951 4.7051647 4.7051341 4.7051035 4.7050728 4.7050419 4.705011 4.70498 4.7049489 4.7049177 4.7048864 4.704855 4.7048235 4.7047919 4.7047602 4.7047284 4.7046965 4.7046645 4.7046324 4.7046002 4.704568 4.7045356 4.7045031 4.7044706 4.7044379 4.7044052 4.7043723 4.7043394 4.7043063 4.7042732 4.70424 4.7042067 4.7041732 4.7041397 4.7041061 4.7040724 4.7040386 4.7040048 4.7039708 4.7039367 4.7039026 4.7038683 4.703834 4.7037995
4.7056816 4.7056528 4.705624 4.705595 4.7055659 4.7055367 4.7055075 4.7054781 4.7054487 4.7054191 4.7053895 4.7053598 4.70533 4.7053 4.70527 4.7052399 4.7052097 4.7051794 4.7051491 4.7051186 4.705088 4.7050573 4.7050266 4.7049957 4.7049648 4.7049337 4.7049026 4.7048713 4.70484 4.7048086 4.7047771 4.7047454 4.7047137 4.7046819 4.70465 4.704618 4.7045859 4.7045538 4.7045215 4.7044891 4.7044566 4.7044241 4.7043914 4.7043587 4.7043258 4.7042929 4.7042599 4.7042268 4.7041936 4.7041603 4.7041269 4.7040934 4.7040598 4.7040261 4.7039924 4.7039585 4.7039246 4.7038906 4.7038565 4.7038223
4.7056941 4.7056655 4.7056367 4.7056079 4.7055789 4.7055499 4.7055208 4.7054916 4.7054623 4.7054329 4.7054034 4.7053738 4.7053441 4.7053143 4.7052845 4.7052545 4.7052245 4.7051943 4.7051641 4.7051338 4.7051034 4.7050728 4.7050422 4.7050115 4.7049808 4.7049499 4.7049189 4.7048878 4.7048567 4.7048254 4.7047941 4.7047626 4.7047311 4.7046994 4.7046677 4.7046359 4.704604 4.704572 4.7045399 4.7045077 4.7044755 4.7044431 4.7044106 4.7043781 4.7043455 4.7043127 4.7042799 4.704247 4.704214 4.7041809 4.7041477 4.7041144 4.7040811 4.7040476 4.7040141 4.7039805 4.7039468 4.703913 4.7038791 4.7038451
4.7057067 4.7056782 4.7056496 4.7056209 4.7055921 4.7055632 4.7055342 4.7055051 4.7054759 4.7054467 4.7054173 4.7053879 4.7053584 4.7053287 4.705299 4.7052692 4.7052393 4.7052093 4.7051793 4.7051491 4.7051188 4.7050885 4.705058 4.7050275 4.7049969 4.7049661 4.7049353 4.7049044 4.7048734 4.7048423 4.7048112 4.7047799 4.7047485 4.7047171 4.7046855 4.7046539 4.7046222 4.7045904 4.7045585 4.7045265 4.7044944 4.7044622 4.70443 4.7043976 4.7043652 4.7043326 4.7043 4.7042673 4.7042345 4.7042016 4.7041687 4.7041356 4.7041025 4.7040692 4.7040359 4.7040025 4.703969 4.7039354 4.7039018 4.7038681
4.7057194 4.705691 4.7056626 4.705634 4.7056053 4.7055765 4.7055477 4.7055188 4.7054897 4.7054606 4.7054314 4.7054021 4.7053727 4.7053432 4.7053137 4.705284 4.7052543 4.7052244 4.7051945 4.7051645 4.7051344 4.7051042 4.7050739 4.7050435 4.7050131 4.7049825 4.7049519 4.7049211 4.7048903 4.7048594 4.7048284 4.7047973 4.7047661 4.7047348 4.7047035 4.704672 4.7046405 4.7046089 4.7045771 4.7045453 4.7045134 4.7044815 4.7044494 4.7044172 4.704385 4.7043527 4.7043202 4.7042877 4.7042552 4.7042225 4.7041897 4.7041569 4.7041239 4.7040909 4.7040578 4.7040246 4.7039914 4.703958 4.7039246 4.7038911
4.7057323 4.705704 4.7056756 4.7056472 4.7056186 4.70559 4.7055613 4.7055325 4.7055036 4.7054746 4.7054456 4.7054164 4.7053872 4.7053578 4.7053284 4.7052989 4.7052693 4.7052396 4.7052099 4.70518 4.7051501 4.70512 4.7050899 4.7050597 4.7050294 4.704999 4.7049685 4.7049379 4.7049073 4.7048765 4.7048457 4.7048148 4.7047838 4.7047527 4.7047215 4.7046902 4.7046589 4.7046274 4.7045959 4.7045643 4.7045326 4.7045008 4.7044689 4.704437 4.7044049 4.7043728 4.7043406 4.7043083 4.7042759 4.7042434 4.7042109 4.7041782 4.7041455 4.7041127 4.7040799 4.7040469 4.7040139 4.7039807 4.7039475 4.7039142
4.7057452 4.705717 4.7056888 4.7056605 4.7056321 4.7056036 4.705575 4.7055464 4.7055176 4.7054888 4.7054598 4.7054308 4.7054017 4.7053726 4.7053433 4.7053139 4.7052845 4.7052549 4.7052253 4.7051956 4.7051658 4.705136 4.705106 4.7050759 4.7050458 4.7050156 4.7049853 4.7049549 4.7049244 4.7048938 4.7048631 4.7048324 4.7048016 4.7047706 4.7047396 4.7047086 4.7046774 4.7046461 4.7046148 4.7045833 4.7045518 4.7045202 4.7044886 4.7044568 4.704425 4.704393 4.704361 4.7043289 4.7042967 4.7042645 4.7042321 4.7041997 4.7041672 4.7041346 4.704102 4.7040692 4.7040364 4.7040035 4.7039705 4.7039375
