Cobbity2/QGIS/CorrectedAve14.asc
NCOLS 399
NROWS 219
XLLCORNER 150.661
YLLCORNER -34.0267
CELLSIZE 1e-05
NODATA_VALUE -9999
[rows 120 to 143 of 219, columns 110 to 164 of 399]
0.30804207 0.30014751 0.29913151 0.30528344 0.31056484 0.3016509 0.29543656 0.30946295 0.37811561 0.40970306 0.30952164 0.25646441 0.22491497 0.20131829 0.18199645 0.16534736 0.15005364 0.13546431 0.1291575 0.13340983 0.1317436 0.12577998 0.11896109 0.11309191 0.11014061 0.11451996 0.1389341 0.1803043 0.13764572 0.10205307 0.084462186 0.072860828 0.063923949 0.056731444 0.052007644 0.05305055 0.052944822 0.051115697 0.051568854 0.055132255 0.064254442 0.082924801 0.11502431 0.15387866 0.15977771 0.094744765 0.032959867 -0.0003188432 -0.0089348648 -0.023592786 -0.059342849 -0.09338902 -0.12584636 -0.15969888 -0.19754145
0.3119415 0.30162195 0.30378031 0.31867617 0.32532752 0.30451133 0.2985682 0.31058078 0.35303216 0.36739111 0.29975912 0.25158765 0.22043014 0.19700156 0.17766191 0.16051897 0.14310902 0.11879957 0.10226858 0.12108565 0.12444655 0.12025949 0.11415493 0.10828725 0.10446464 0.10699728 0.13005584 0.17208541 0.13178341 0.096630439 0.07937924 0.068070947 0.058941592 0.050267505 0.039554217 0.032501637 0.041731252 0.046289142 0.049468493 0.055316849 0.067445821 0.092476548 0.14564581 0.21164893 0.15041943 0.073187363 0.022076838 -0.0040922181 -0.0092173743 -0.034579767 -0.066118608 -0.098721327 -0.1323213 -0.16849785 -0.20966684
0.31364835 0.30528219 0.31077741 0.32391476 0.32714989 0.3080889 0.30469165 0.3168443 0.32399712 0.30897791 0.27625227 0.24251791 0.21494151 0.19258397 0.17367852 0.15688748 0.14117837 0.12505288 0.11579848 0.12103108 0.12091381 0.11624195 0.10995191 0.10326875 0.096445056 0.089256554 0.085798499 0.096271011 0.095705351 0.084034637 0.072807658 0.063210288 0.054496592 0.04557149 0.033321662 0.023087382 0.036330112 0.043272692 0.048282724 0.056064294 0.070586974 0.099227633 0.16891499 0.30536868 0.17585899 0.064658424 0.012624363 -0.0087629365 -0.0087460923 -0.039995901 -0.073394765 -0.10614422 -0.14069341 -0.1789366 -0.22345372
0.31374523 0.30997529 0.32625846 0.35596622 0.3312872 0.31092471 0.31630411 0.36356623 0.3820006 0.31314568 0.26735473 0.23514283 0.20951992 0.18833152 0.17013642 0.15361642 0.13829605 0.12872302 0.12588982 0.12336108 0.11922968 0.11335983 0.10658858 0.099165195 0.089654994 0.071160516 0.033103158 0.051204614 0.073701465 0.073362204 0.066679999 0.058831317 0.050781615 0.042262486 0.034591806 0.033257516 0.037457073 0.042331179 0.04808437 0.057549198 0.074444209 0.10288334 0.13985177 0.15899782 0.11101127 0.044572473 -0.0010770492 -0.024786276 -0.034929853 -0.054627571 -0.083046887 -0.11504391 -0.15037723 -0.19064358 -0.23890717
0.31911073 0.31241479 0.33318382 0.38828588 0.34119001 0.31313993 0.32119951 0.37776283 0.40221565 0.31390351 0.26165707 0.22905011 0.20448411 0.18450198 0.16751917 0.15172545 0.13347045 0.12016113 0.12639201 0.12389993 0.11799665 0.11120467 0.10420448 0.097077575 0.088681603 0.073641942 0.045830235 0.054386103 0.068127053 0.067707661 0.062236444 0.05541267 0.048072973 0.038669753 0.023530077 0.028245834 0.037191535 0.042184923 0.048613227 0.059855445 0.080980175 0.12404056 0.1979259 0.16968068 0.085937672 0.026640047 -0.016031181 -0.039393068 -0.044251747 -0.065379984 -0.092993011 -0.12474008 -0.16089976 -0.20317551 -0.25501353
0.32089563 0.31039143 0.32119056 0.32740961 0.31796367 0.31235363 0.32289791 0.33541073 0.3270626 0.28962438 0.25188528 0.22253697 0.19954977 0.18110193 0.166271 0.15417392 0.14197382 0.131831 0.12967013 0.12422754 0.1168815 0.1094561 0.10259259 0.096768304 0.092836293 0.091924973 0.085553333 0.075224423 0.070512114 0.065424193 0.059280159 0.052997511 0.047159195 0.0410827 0.03239962 0.033323031 0.038314242 0.042589333 0.049603941 0.062499753 0.086390026 0.13688613 0.2571837 0.20537851 0.077779339 0.012845536 -0.025648185 -0.04257286 -0.054259347 -0.075721629 -0.10296182 -0.1347998 -0.17190592 -0.21630419 -0.27176818
0.31158246 0.30440247 0.33030797 0.32484586 0.30775425 0.31940379 0.36497675 0.37896873 0.32256022 0.27702008 0.24276988 0.21586717 0.19455451 0.17785196 0.165791 0.16015809 0.15979321 0.14792323 0.13469164 0.12458486 0.11568456 0.10779066 0.10123181 0.096843766 0.096991844 0.11032233 0.11194909 0.085657343 0.07251409 0.064040489 0.056948143 0.050984163 0.047138732 0.047978406 0.04942918 0.042044151 0.040295712 0.043206231 0.050897495 0.065875134 0.092350989 0.13040228 0.15513954 0.12210656 0.052866021 -0.0052357583 -0.048951183 -0.063783089 -0.068504135 -0.086857406 -0.11308748 -0.14500289 -0.18310431 -0.22981561 -0.29060506
0.29727125 0.28643762 0.29224937 0.29802691 0.29921606 0.32552655 0.42806489 0.47201842 0.336156 0.27120717 0.23501351 0.20921023 0.18934657 0.17435085 0.16476359 0.16485952 0.17981057 0.15913152 0.13728013 0.12408181 0.11408718 0.10588614 0.099581083 0.096221804 0.0975494 0.10278248 0.10015791 0.084620046 0.071713144 0.062133293 0.054425324 0.048413322 0.045447768 0.050486433 0.057309879 0.044300052 0.040502715 0.043327736 0.052210239 0.070347244 0.10745408 0.18906587 0.22790989 0.11437639 0.034896008 -0.021478993 -0.065289708 -0.075992779 -0.07858379 -0.096935032 -0.12294947 -0.15511825 -0.19420701 -0.24290903 -0.30761747
0.28475361 0.26816556 0.26317661 0.27845147 0.29023247 0.31266674 0.35439119 0.36387814 0.30657668 0.25871594 0.22615583 0.20208933 0.18364831 0.1702413 0.16240785 0.16062324 0.16173428 0.15056109 0.13466563 0.12200005 0.11184998 0.10350481 0.097193277 0.094495403 0.10013352 0.11359869 0.096842348 0.080830072 0.069011946 0.059409551 0.051294299 0.044592826 0.039966519 0.039273938 0.040914637 0.038800808 0.038462926 0.042641011 0.053146603 0.073764035 0.11377002 0.20652658 0.25973797 0.10948994 0.018601144 -0.040346816 -0.073522209 -0.080691701 -0.088882043 -0.10676379 -0.13250606 -0.16502096 -0.20514616 -0.25566368 -0.32155489
0.27300123 0.26288422 0.26404153 0.27206545 0.28782795 0.31447462 0.32844924 0.30935337 0.27669745 0.24375021 0.21629358 0.19431337 0.17716992 0.16528792 0.16069095 0.16332116 0.15675158 0.14318593 0.13022464 0.11886764 0.10907994 0.10060933 0.093680395 0.08968855 0.093688114 0.10698464 0.091186906 0.076142177 0.065404501 0.056098141 0.04759226 0.0397863 0.032167955 0.024662718 0.028566412 0.032603027 0.035375406 0.041259697 0.053808214 0.078080259 0.11868704 0.15561806 0.13841183 0.069219752 -0.0034705608 -0.07708829 -0.14040635 -0.10588546 -0.10026898 -0.11603487 -0.14159146 -0.17462397 -0.21597907 -0.26913607 -0.34247249
0.25811744 0.24277 0.25541421 0.26814518 0.29157596 0.3561376 0.39693111 0.31205453 0.26336449 0.23166947 0.20656986 0.18596016 0.16952703 0.15849221 0.15808506 0.17741455 0.16334829 0.13951429 0.12588554 0.11541356 0.1061433 0.097486312 0.089282641 0.081567148 0.073728362 0.074123648 0.07606151 0.069778585 0.061412472 0.052564581 0.043528876 0.034621795 0.026808312 0.02151187 0.024152312 0.028163831 0.032131051 0.039210441 0.05367608 0.084644673 0.16056488 0.28367285 0.16315303 0.051870513 -0.017790923 -0.080045993 -0.13036338 -0.10873097 -0.1069135 -0.12374028 -0.1499717 -0.18385667 -0.22659946 -0.2820066 -0.36061085
0.25057424 0.24520686 0.25214244 0.26491685 0.28705554 0.33328272 0.35688535 0.29632138 0.25128549 0.22097679 0.19707321 0.17700107 0.16017497 0.14735788 0.14245235 0.14881648 0.143763 0.13089439 0.12072079 0.11196062 0.10353791 0.094771035 0.085022252 0.074324227 0.063772476 0.063290279 0.067842377 0.06478606 0.057957258 0.04931205 0.039214456 0.027330829 0.016033541 0.014641746 0.019584042 0.024128068 0.028766329 0.036334568 0.051102812 0.081005074 0.14907943 0.25587065 0.14391683 0.033569306 -0.031452662 -0.072462388 -0.089565851 -0.09794648 -0.10994793 -0.13015007 -0.15769957 -0.19274703 -0.23730564 -0.29540063 -0.37044871
0.23311111 0.23556793 0.24922143 0.26453597 0.28594237 0.30193649 0.29529326 0.26804771 0.23714876 0.21043218 0.18758686 0.16748406 0.14926388 0.13150285 0.11287261 0.11104286 0.12091837 0.12039578 0.11533958 0.1090174 0.10194983 0.093485913 0.081625341 0.063873769 0.051495927 0.058952334 0.063937667 0.062015765 0.055748926 0.047053082 0.03576113 0.017996003 -0.014920862 -0.015807076 0.010381754 0.019974046 0.025327075 0.032829133 0.047265042 0.074208344 0.10980135 0.11514176 0.068990046 0.0056931217 -0.050078475 -0.096551766 -0.091123359 -0.096942499 -0.11351796 -0.13614906 -0.1649624 -0.20123079 -0.2481102 -0.31330348 -0.4153489
0.22690959 0.23039118 0.24706409 0.26941436 0.31563206 0.35402327 0.29936937 0.25639131 0.22596333 0.20057824 0.17814703 0.1575901 0.13806107 0.11773501 0.090186132 0.087429596 0.10786324 0.11265461 0.11109824 0.10724176 0.10218414 0.095446476 0.083330643 0.05050183 0.0013227216 0.047513039 0.063209842 0.061706371 0.055137252 0.046474768 0.035758782 0.019086963 -0.013309821 -0.01517304 0.0092236586 0.017755785 0.022182314 0.02891467 0.043305346 0.077827464 0.16437606 0.14056827 0.042816885 -0.016340877 -0.058559527 -0.083627466 -0.089994807 -0.10033866 -0.11848324 -0.14223745 -0.17186773 -0.20906219 -0.25738469 -0.32520514 -0.44330212
0.21508319 0.22961108 0.24679905 0.27171865 0.32577188 0.37766275 0.30080686 0.24881905 0.2168089 0.1914177 0.16872904 0.14708739 0.12557373 0.10567487 0.094047602 0.095066754 0.10318754 0.1078241 0.10846426 0.10699276 0.10466421 0.10215244 0.099040805 0.087135935 0.061001109 0.068012034 0.069817208 0.064055731 0.056005686 0.047472535 0.039292134 0.031898401 0.022887755 0.015851164 0.016355743 0.017492862 0.019324206 0.024540886 0.036830547 0.062915377 0.11233913 0.093008779 0.016600172 -0.039967287 -0.084724173 -0.093898766 -0.094450329 -0.10592058 -0.1244002 -0.14843344 -0.17840659 -0.21625658 -0.26585877 -0.33197279 -0.40728843
0.18445241 0.22283985 0.24798393 0.27324441 0.29674321 0.30072755 0.2719917 0.23691373 0.20763358 0.1825385 0.15929986 0.1358534 0.10895767 0.074187666 0.056210606 0.080181053 0.096951125 0.10441352 0.10732543 0.10825215 0.10893886 0.11161649 0.1230841 0.16285213 0.14886294 0.099602165 0.079922661 0.06775942 0.057664396 0.049101532 0.043369898 0.045893662 0.051336986 0.032375398 0.021437282 0.017067721 0.016332501 0.020190277 0.031960074 0.05432475 0.063040996 0.032957254 -0.013324502 -0.05984664 -0.10747204 -0.10830493 -0.1013873 -0.11226998 -0.13063142 -0.15452821 -0.18443418 -0.22258402 -0.27473253 -0.35711666 -0.48629838
0.20892112 0.22807217 0.25573671 0.29979141 0.34061197 0.30512121 0.26093563 0.22704199 0.19887253 0.17387222 0.14999471 0.12508348 0.094712438 0.043169366 0.0041558978 0.062980056 0.091546683 0.10250352 0.10766927 0.11093553 0.1143559 0.12014722 0.13328296 0.16596155 0.15615822 0.11111997 0.086437784 0.070891906 0.059304482 0.050528996 0.045354427 0.047768919 0.052515686 0.034957874 0.022079002 0.015286031 0.012798645 0.015649544 0.029224902 0.075639675 0.10878784 0.020665768 -0.035393915 -0.076942806 -0.098824645 -0.10295615 -0.10699498 -0.11876402 -0.13686407 -0.16037216 -0.18982795 -0.22728256 -0.27759269 -0.35635019 -0.4987627
0.2001219 0.2313191 0.26367415 0.33313499 0.4397168 0.33439607 0.25893182 0.21955046 0.19070487 0.16539601 0.14065838 0.11428335 0.085633352 0.059213802 0.050326741 0.072026579 0.091650339 0.10275037 0.10960689 0.11519736 0.12134547 0.12934322 0.14032021 0.14663472 0.13312731 0.10991438 0.088934008 0.072799342 0.060536676 0.05168612 0.046588807 0.044166665 0.039559007 0.029859022 0.019579588 0.012174834 0.0086454039 0.010373466 0.01984972 0.039699302 0.042594838 -0.0069631367 -0.058933503 -0.11666495 -0.13874991 -0.11405961 -0.11410351 -0.12534523 -0.14297068 -0.16595171 -0.19479245 -0.23135877 -0.27865299 -0.33339051 -0.36882856
0.20633459 0.23547424 0.2657552 0.30464806 0.33498414 0.29630167 0.24656169 0.21077556 0.18249784 0.15703684 0.1311829 0.10074829 0.059557591 0.026766846 0.049965395 0.076510734 0.093532213 0.10467255 0.11309591 0.12135542 0.13132955 0.14317461 0.15319201 0.15855417 0.13635494 0.11118797 0.090366756 0.073926107 0.061432087 0.052859995 0.050073121 0.053532348 0.041965915 0.027514801 0.016336195 0.0082549757 0.0041472753 0.0062553447 0.019087498 0.033327829 0.0079459486 -0.03318924 -0.076125851 -0.12106804 -0.13804452 -0.1200622 -0.12063655 -0.1316646 -0.14886813 -0.1713321 -0.19958187 -0.23571137 -0.28642059 -0.3699189 -0.39198609
0.21642481 0.24438606 0.28241491 0.31708751 0.30414024 0.26853108 0.23236472 0.20115087 0.17413921 0.14889758 0.12264123 0.09003273 0.032929583 -0.039642267 0.029068514 0.075663654 0.095615531 0.10773177 0.11791489 0.12940031 0.14564132 0.17102339 0.19402586 0.17385973 0.14258907 0.11403704 0.091622005 0.074662158 0.062302399 0.05425569 0.051773566 0.056872348 0.042752272 0.025275307 0.012653856 0.0037464916 -0.00085914347 0.0019428151 0.02543798 0.079392137 0.010398037 -0.050935906 -0.097022046 -0.12556389 -0.12502698 -0.12207789 -0.12633904 -0.13766444 -0.15457348 -0.17664179 -0.20447183 -0.23956774 -0.28416258 -0.34252345 -0.35644147
0.22023625 0.2539553 0.32077291 0.43702 0.34900584 0.26549577 0.22268067 0.19203208 0.16579923 0.14085575 0.11487292 0.086122789 0.054297819 0.031527327 0.054311112 0.082152087 0.099408611 0.1118355 0.1237268 0.13846249 0.16104003 0.20743911 0.30742953 0.2359784 0.15532495 0.11687694 0.09228951 0.074994305 0.063487492 0.057623456 0.05466903 0.048224116 0.03602499 0.021083478 0.0081748045 -0.0013423306 -0.0064968473 -0.0054476227 0.0035183049 0.010269955 -0.023496935 -0.072290321 -0.12790217 -0.17816959 -0.13963104 -0.12820477 -0.13224262 -0.14349548 -0.16014832 -0.18200552 -0.21004175 -0.24694142 -0.29501936 -0.32682194 -0.30954626
0.22974607 0.25531317 0.30617694 0.38096335 0.32364102 0.25316444 0.2123115 0.18285377 0.15738627 0.13259214 0.10538783 0.072075642 0.044703226 0.054561471 0.073230852 0.090264082 0.10425536 0.11670852 0.13024755 0.14799415 0.17395641 0.20987954 0.24552599 0.21134386 0.15383506 0.11649641 0.091663179 0.074627102 0.064748529 0.065673755 0.078275255 0.06077399 0.035041784 0.016900016 0.003062418 -0.0069271313 -0.011936124 -0.0084109136 0.0058091813 -0.0088908612 -0.049502638 -0.092696437 -0.13087785 -0.15007952 -0.13949747 -0.13376969 -0.13812261 -0.1491877 -0.16561878 -0.18738718 -0.21571588 -0.25517493 -0.32526157 -0.39814273 -0.31531393
0.23725089 0.25352268 0.2730904 0.28246194 0.264134 0.23055156 0.19970356 0.17317068 0.14878981 0.12441298 0.096719283 0.054904533 0.00046995261 0.043005519 0.077997607 0.095644249 0.10896674 0.12198454 0.13736014 0.15842581 0.19207137 0.24968175 0.24676243 0.18910035 0.14574268 0.11323135 0.08964674 0.073255911 0.064366055 0.06859483 0.094163488 0.068203843 0.033048257 0.012007246 -0.0028076604 -0.013129113 -0.017762445 -0.010615541 0.028127082 0.0010265547 -0.066153446 -0.12301131 -0.1766305 -0.16402115 -0.14434975 -0.13956411 -0.14389349 -0.15470698 -0.17099125 -0.19286809 -0.22141964 -0.25773416 -0.29925027 -0.32326189 -0.29160152
0.2440627 0.26132203 0.29252386 0.27499753 0.24172123 0.21361121 0.18765059 0.16337114 0.13983357 0.11580204 0.090517208 0.064932169 0.046831066 0.062125086 0.084332873 0.10011826 0.11342751 0.12752721 0.14514608 0.16941809 0.20415801 0.25872171 0.25254395 0.18354332 0.13961929 0.10908857 0.086680345 0.070977218 0.062174671 0.060193082 0.060133744 0.046481112 0.024264741 0.0051158133 -0.0097990429 -0.020170501 -0.024378055 -0.021475053 -0.018741685 -0.041362817 -0.089365836 -0.14900194 -0.23064557 -0.18976696 -0.15322039 -0.14571928 -0.1494336 -0.15996058 -0.17621768 -0.19858144 -0.22927207 -0.27398157 -0.32246396 -0.30434764 -0.27338645
