Cobbity2/QGIS/CorrectedAve14.asc
NCOLS 399
NROWS 219
XLLCORNER 150.661
YLLCORNER -34.0267
CELLSIZE 1e-05
NODATA_VALUE -9999
[rows 0 to 23 of 219, columns 220 to 274 of 399]
-0.094329666 -0.094870681 -0.095367998 -0.095823118 -0.096237511 -0.096612621 -0.096949865 -0.097250637 -0.097516309 -0.097748231 -0.097947732 -0.09811612 -0.098254685 -0.098364693 -0.098447393 -0.098504008 -0.09853574 -0.09854377 -0.098529251 -0.098493311 -0.098437052 -0.098361548 -0.098267845 -0.098156956 -0.098029866 -0.097887529 -0.097730865 -0.097560763 -0.097378079 -0.097183637 -0.096978227 -0.096762607 -0.096537501 -0.096303603 -0.096061575 -0.095812046 -0.095555616 -0.095292855 -0.095024305 -0.094750479 -0.094471861 -0.094188912 -0.093902064 -0.093611729 -0.09331829 -0.093022113 -0.092723538 -0.092422886 -0.09212046 -0.091816542 -0.091511396 -0.09120527 -0.090898398 -0.090590993 -0.09028326
-0.096228911 -0.096750338 -0.097227301 -0.097661359 -0.098054041 -0.098406842 -0.098721231 -0.098998652 -0.099240523 -0.099448242 -0.099623184 -0.099766702 -0.099880131 -0.099964782 -0.10002195 -0.10005289 -0.10005886 -0.10004107 -0.10000073 -0.099938985 -0.09985699 -0.09975585 -0.099636644 -0.099500418 -0.099348187 -0.099180932 -0.098999601 -0.098805106 -0.098598324 -0.0983801 -0.09815124 -0.097912519 -0.097664674 -0.097408412 -0.097144403 -0.096873286 -0.096595668 -0.096312123 -0.096023197 -0.095729405 -0.095431233 -0.095129142 -0.094823563 -0.094514905 -0.094203551 -0.093889861 -0.093574172 -0.093256801 -0.092938043 -0.092618177 -0.09229746 -0.091976135 -0.091654426 -0.091332543 -0.09101068
-0.098182883 -0.09868293 -0.099137786 -0.099549067 -0.099918354 -0.1002472 -0.10053711 -0.10078958 -0.10100609 -0.10118806 -0.10133693 -0.10145408 -0.10154091 -0.10159875 -0.10162896 -0.10163285 -0.10161169 -0.10156675 -0.10149927 -0.10141046 -0.10130148 -0.1011735 -0.10102761 -0.10086491 -0.10068644 -0.1004932 -0.10028617 -0.10006629 -0.099834458 -0.099591534 -0.099338344 -0.099075678 -0.098804288 -0.09852489 -0.098238165 -0.097944758 -0.097645283 -0.097340317 -0.097030411 -0.096716079 -0.096397809 -0.096076059 -0.095751261 -0.095423819 -0.095094112 -0.094762496 -0.094429303 -0.094094844 -0.093759409 -0.093423268 -0.093086673 -0.092749858 -0.09241304 -0.092076422 -0.091740189
-0.10019295 -0.10066974 -0.10110065 -0.10148736 -0.1018315 -0.10213467 -0.10239841 -0.10262429 -0.10281379 -0.10296841 -0.10308962 -0.10317886 -0.10323755 -0.1032671 -0.10326888 -0.10324425 -0.10319454 -0.10312107 -0.1030251 -0.10290789 -0.10277065 -0.10261457 -0.10244079 -0.10225043 -0.10204458 -0.10182425 -0.10159047 -0.10134418 -0.10108631 -0.10081775 -0.10053933 -0.10025185 -0.099956092 -0.099652771 -0.099342579 -0.099026169 -0.098704158 -0.098377129 -0.09804563 -0.09771018 -0.097371263 -0.097029337 -0.096684829 -0.09633814 -0.095989644 -0.095639691 -0.095288606 -0.094936695 -0.094584238 -0.0942315 -0.093878723 -0.093526133 -0.093173939 -0.092822334 -0.092471497
-0.10226049 -0.10271205 -0.1031171 -0.10347738 -0.10379454 -0.10407023 -0.10430606 -0.1045036 -0.10466441 -0.10479002 -0.10488193 -0.10494163 -0.1049706 -0.10497028 -0.1049421 -0.10488745 -0.10480773 -0.10470427 -0.10457841 -0.10443142 -0.10426458 -0.1040791 -0.10387617 -0.10365695 -0.10342253 -0.10317398 -0.10291235 -0.1026386 -0.10235369 -0.10205852 -0.10175394 -0.10144077 -0.1011198 -0.10079176 -0.10045734 -0.1001172 -0.099771964 -0.099422219 -0.099068512 -0.09871136 -0.098351246 -0.097988624 -0.097623916 -0.097257518 -0.096889798 -0.096521098 -0.096151737 -0.095782012 -0.095412195 -0.09504254 -0.094673283 -0.094304639 -0.093936807 -0.093569972 -0.0932043
-0.10438684 -0.10481112 -0.10518833 -0.10552022 -0.10580851 -0.10605488 -0.10626096 -0.10642839 -0.10655874 -0.1066536 -0.1067145 -0.106743 -0.10674059 -0.10670878 -0.10664904 -0.10656281 -0.10645153 -0.1063166 -0.10615937 -0.10598119 -0.10578335 -0.10556713 -0.10533374 -0.10508438 -0.10482018 -0.10454225 -0.10425163 -0.10394934 -0.10363635 -0.10331358 -0.1029819 -0.10264214 -0.1022951 -0.10194151 -0.10158209 -0.10121749 -0.10084834 -0.10047522 -0.10009868 -0.099719244 -0.099337381 -0.098953542 -0.098568145 -0.098181577 -0.097794201 -0.097406349 -0.097018331 -0.096630435 -0.096242923 -0.095856041 -0.095470011 -0.095085039 -0.094701315 -0.09431901 -0.093938282
-0.10657337 -0.10696824 -0.10731552 -0.10761702 -0.10787447 -0.10808958 -0.10826404 -0.10839949 -0.10849756 -0.10855987 -0.10858801 -0.10858354 -0.10854805 -0.10848305 -0.10839009 -0.10827066 -0.10812623 -0.10795825 -0.10776814 -0.10755727 -0.10732701 -0.10707864 -0.10681345 -0.10653264 -0.1062374 -0.10592886 -0.10560811 -0.10527617 -0.10493403 -0.10458264 -0.10422289 -0.10385562 -0.10348163 -0.10310168 -0.10271646 -0.10232666 -0.10193289 -0.10153573 -0.10113574 -0.10073343 -0.10032926 -0.099923687 -0.099517112 -0.099109919 -0.098702457 -0.098295051 -0.097888002 -0.097481584 -0.097076051 -0.096671634 -0.096268546 -0.095866981 -0.095467116 -0.095069111 -0.094673112
-0.1088214 -0.10918464 -0.10949986 -0.10976888 -0.10999346 -0.11017533 -0.11031621 -0.11041777 -0.11048167 -0.11050957 -0.11050309 -0.11046386 -0.11039348 -0.11029355 -0.11016564 -0.1100113 -0.10983206 -0.10962942 -0.10940484 -0.10915975 -0.10889555 -0.1086136 -0.10831519 -0.10800159 -0.10767401 -0.10733362 -0.10698152 -0.10661879 -0.10624642 -0.10586537 -0.10547656 -0.10508084 -0.10467901 -0.10427184 -0.10386005 -0.10344428 -0.10302518 -0.10260333 -0.10217926 -0.10175348 -0.10132646 -0.10089863 -0.10047039 -0.10004212 -0.099614146 -0.099186792 -0.098760342 -0.098335059 -0.097911183 -0.097488934 -0.097068511 -0.096650095 -0.09623385 -0.095819923 -0.095408448
-0.11113225 -0.11146158 -0.11174253 -0.11197692 -0.11216653 -0.11231312 -0.1124184 -0.11248408 -0.11251186 -0.11250341 -0.11246042 -0.11238454 -0.11227743 -0.11214073 -0.11197607 -0.11178506 -0.11156927 -0.11133027 -0.11106957 -0.11078866 -0.11048898 -0.11017192 -0.10983885 -0.10949106 -0.10912979 -0.10875626 -0.10837159 -0.10797688 -0.10757315 -0.10716139 -0.10674251 -0.10631737 -0.10588681 -0.10545157 -0.10501238 -0.1045699 -0.10412476 -0.10367753 -0.10322875 -0.10277892 -0.1023285 -0.1018779 -0.10142752 -0.10097772 -0.10052883 -0.10008113 -0.099634922 -0.099190438 -0.098747908 -0.098307537 -0.097869511 -0.097433996 -0.097001141 -0.096571081 -0.096143933
-0.11350723 -0.1138003 -0.1140447 -0.11424226 -0.11439475 -0.11450394 -0.11457155 -0.11459931 -0.11458893 -0.11454215 -0.11446065 -0.11434616 -0.11420039 -0.11402502 -0.11382174 -0.11359221 -0.11333808 -0.11306095 -0.11276242 -0.11244401 -0.11210722 -0.11175351 -0.11138426 -0.11100082 -0.11060449 -0.11019648 -0.10977797 -0.10935008 -0.10891385 -0.10847027 -0.10802028 -0.10756477 -0.10710454 -0.10664037 -0.10617297 -0.10570302 -0.10523112 -0.10475785 -0.10428373 -0.10380926 -0.10333489 -0.10286102 -0.10238802 -0.10191625 -0.10144602 -0.10097762 -0.10051129 -0.10004728 -0.099585792 -0.099127021 -0.098671135 -0.098218283 -0.097768599 -0.097322203 -0.096879197
-0.1159476 -0.11620201 -0.11640755 -0.11656601 -0.11667918 -0.1167488 -0.11677661 -0.11676433 -0.11671372 -0.11662652 -0.11650447 -0.11634934 -0.11616289 -0.11594686 -0.115703 -0.11543303 -0.11513867 -0.11482159 -0.11448342 -0.11412578 -0.1137502 -0.1133582 -0.11295121 -0.11253063 -0.11209778 -0.11165393 -0.11120028 -0.11073796 -0.11026804 -0.10979154 -0.1093094 -0.10882251 -0.10833169 -0.10783771 -0.10734129 -0.10684309 -0.10634371 -0.10584373 -0.10534366 -0.10484397 -0.1043451 -0.10384745 -0.10335138 -0.10285721 -0.10236525 -0.10187575 -0.10138897 -0.10090512 -0.10042438 -0.099946946 -0.099472952 -0.099002537 -0.098535818 -0.098072896 -0.097613857
-0.11845465 -0.11866794 -0.11883225 -0.11894933 -0.11902092 -0.11904876 -0.11903456 -0.11898008 -0.11888707 -0.1187573 -0.11859257 -0.11839468 -0.11816545 -0.11790668 -0.1176202 -0.11730779 -0.11697123 -0.11661226 -0.11623259 -0.1158339 -0.11541778 -0.11498579 -0.11453944 -0.11408016 -0.11360932 -0.11312821 -0.11263806 -0.11214004 -0.11163524 -0.11112468 -0.11060931 -0.11009004 -0.10956769 -0.10904302 -0.10851675 -0.10798953 -0.10746196 -0.1069346 -0.10640795 -0.10588247 -0.10535858 -0.10483666 -0.10431705 -0.10380006 -0.10328597 -0.10277503 -0.10226747 -0.10176347 -0.10126321 -0.10076685 -0.10027452 -0.099786326 -0.099302375 -0.098822749 -0.098347517
-0.12102962 -0.12119932 -0.12132 -0.12139336 -0.12142108 -0.12140487 -0.12134643 -0.1212475 -0.12110986 -0.1209353 -0.12072567 -0.12048281 -0.1202086 -0.11990493 -0.11957368 -0.11921672 -0.11883589 -0.11843303 -0.11800991 -0.11756826 -0.11710977 -0.11663605 -0.11614865 -0.11564906 -0.11513868 -0.11461885 -0.11409083 -0.1135558 -0.11301488 -0.1124691 -0.11191943 -0.11136675 -0.11081191 -0.11025567 -0.10969872 -0.10914172 -0.10858524 -0.10802984 -0.107476 -0.10692416 -0.10637472 -0.10582804 -0.10528445 -0.10474423 -0.10420765 -0.10367492 -0.10314626 -0.10262182 -0.10210178 -0.10158626 -0.10107536 -0.1005692 -0.10006784 -0.099571342 -0.099079768
-0.12367376 -0.12379738 -0.12387202 -0.1238993 -0.12388082 -0.12381825 -0.12371326 -0.12356758 -0.123383 -0.12316134 -0.12290449 -0.12261436 -0.12229289 -0.12194204 -0.12156378 -0.12116005 -0.1207328 -0.12028394 -0.11981531 -0.11932873 -0.11882596 -0.11830866 -0.11777846 -0.11723688 -0.11668538 -0.11612533 -0.11555801 -0.11498464 -0.11440634 -0.11382416 -0.11323908 -0.11265198 -0.11206369 -0.11147497 -0.11088652 -0.11029897 -0.10971288 -0.10912878 -0.10854714 -0.10796838 -0.10739289 -0.10682099 -0.10625298 -0.10568914 -0.1051297 -0.10457486 -0.10402479 -0.10347966 -0.10293958 -0.10240467 -0.10187501 -0.10135069 -0.10083175 -0.10031824 -0.099810187
-0.12638834 -0.12646338 -0.12648957 -0.12646839 -0.12640137 -0.12629008 -0.12613618 -0.12594138 -0.12570747 -0.12543631 -0.12512983 -0.12479001 -0.12441887 -0.12401845 -0.12359081 -0.123138 -0.12266205 -0.12216496 -0.12164868 -0.1211151 -0.12056605 -0.12000327 -0.11942844 -0.11884314 -0.11824888 -0.11764705 -0.11703898 -0.11642589 -0.11580893 -0.11518916 -0.11456754 -0.11394498 -0.11332228 -0.1127002 -0.11207942 -0.11146055 -0.11084415 -0.11023071 -0.10962068 -0.10901447 -0.10841241 -0.10781484 -0.10722201 -0.10663417 -0.10605153 -0.10547426 -0.10490251 -0.10433641 -0.10377607 -0.10322156 -0.10267296 -0.10213031 -0.10159364 -0.10106299 -0.10053834
-0.12917462 -0.12919863 -0.12917396 -0.12910195 -0.12898401 -0.12882163 -0.12861641 -0.12837004 -0.12808432 -0.12776115 -0.12740251 -0.12701046 -0.12658711 -0.1261346 -0.12565509 -0.12515075 -0.1246237 -0.12407606 -0.12350986 -0.1229271 -0.12232969 -0.12171943 -0.12109808 -0.12046727 -0.11982855 -0.11918335 -0.11853302 -0.11787882 -0.1172219 -0.11656331 -0.11590403 -0.11524496 -0.11458689 -0.11393056 -0.11327663 -0.11262569 -0.11197828 -0.11133487 -0.11069588 -0.11006168 -0.10943259 -0.10880891 -0.10819086 -0.10757866 -0.1069725 -0.10637251 -0.10577882 -0.10519152 -0.1046107 -0.10403641 -0.1034687 -0.10290757 -0.10235305 -0.10180512 -0.10126379
-0.13203393 -0.1320045 -0.1319266 -0.13180139 -0.13163015 -0.13141426 -0.13115524 -0.13085478 -0.13051467 -0.13013687 -0.12972342 -0.12927646 -0.12879822 -0.12829095 -0.12775693 -0.12719846 -0.12661779 -0.12601713 -0.12539865 -0.12476442 -0.12411645 -0.12345664 -0.1227868 -0.12210861 -0.12142367 -0.12073346 -0.12003935 -0.11934261 -0.11864439 -0.11794576 -0.11724769 -0.11655105 -0.11585665 -0.11516518 -0.11447729 -0.11379355 -0.11311446 -0.11244047 -0.11177195 -0.11110926 -0.11045268 -0.10980247 -0.10915883 -0.10852194 -0.10789195 -0.10726897 -0.10665309 -0.10604439 -0.1054429 -0.10484867 -0.10426168 -0.10368195 -0.10310946 -0.10254418 -0.10198606
-0.13496768 -0.13488245 -0.13474901 -0.13456827 -0.13434134 -0.13406947 -0.13375413 -0.13339695 -0.13299977 -0.13256457 -0.13209349 -0.1315888 -0.13105282 -0.13048796 -0.12989663 -0.12928128 -0.12864429 -0.12798802 -0.12731474 -0.12662664 -0.12592583 -0.1252143 -0.12449391 -0.12376642 -0.12303346 -0.12229655 -0.12155709 -0.12081634 -0.12007548 -0.11933557 -0.11859757 -0.11786233 -0.11713063 -0.11640315 -0.11568051 -0.11496324 -0.11425181 -0.11354663 -0.11284806 -0.11215639 -0.11147189 -0.11079476 -0.11012517 -0.10946328 -0.10880919 -0.10816298 -0.1075247 -0.1068944 -0.10627208 -0.10565775 -0.10505138 -0.10445294 -0.10386238 -0.10327966 -0.10270471
-0.13797735 -0.1378341 -0.13764286 -0.1374043 -0.13711929 -0.13678895 -0.13641467 -0.13599806 -0.13554096 -0.13504546 -0.13451378 -0.13394832 -0.13335157 -0.13272609 -0.13207447 -0.13139931 -0.13070315 -0.1299885 -0.12925777 -0.12851328 -0.12775723 -0.1269917 -0.12621863 -0.12543983 -0.124657 -0.12387166 -0.12308524 -0.12229902 -0.12151416 -0.12073172 -0.11995264 -0.11917776 -0.11840782 -0.11764347 -0.1168853 -0.1161338 -0.1153894 -0.11465247 -0.11392333 -0.11320223 -0.11248939 -0.11178498 -0.11108914 -0.11040196 -0.10972351 -0.10905385 -0.10839298 -0.10774091 -0.10709762 -0.10646307 -0.10583721 -0.10521997 -0.10461129 -0.10401107 -0.10341923
-0.14106462 -0.14086124 -0.14061006 -0.14031141 -0.13996594 -0.1395746 -0.13913868 -0.13865978 -0.13813979 -0.13758088 -0.13698541 -0.13635595 -0.13569517 -0.13500583 -0.13429071 -0.1335526 -0.13279423 -0.13201828 -0.1312273 -0.13042375 -0.12960993 -0.12878803 -0.12796006 -0.1271279 -0.12629327 -0.12545773 -0.12462272 -0.12378953 -0.12295931 -0.12213309 -0.1213118 -0.12049625 -0.11968714 -0.11888508 -0.11809062 -0.11730421 -0.11652624 -0.11575702 -0.11499683 -0.11424587 -0.11350432 -0.11277231 -0.11204991 -0.11133719 -0.11063417 -0.10994087 -0.10925725 -0.10858328 -0.1079189 -0.10726404 -0.10661861 -0.10598251 -0.10535565 -0.10473791 -0.10412916
-0.14423135 -0.14396591 -0.14365276 -0.14329184 -0.14288353 -0.1424286 -0.14192823 -0.14138403 -0.14079796 -0.14017231 -0.13950962 -0.13881267 -0.13808435 -0.13732764 -0.13654558 -0.13574116 -0.13491733 -0.13407695 -0.13322275 -0.13235732 -0.13148309 -0.13060235 -0.12971718 -0.12882952 -0.12794112 -0.12705358 -0.12616833 -0.12528665 -0.1244097 -0.12353847 -0.12267385 -0.12181661 -0.12096742 -0.12012684 -0.11929537 -0.11847341 -0.11766129 -0.11685928 -0.11606759 -0.11528639 -0.11451579 -0.11375586 -0.11300666 -0.11226818 -0.11154041 -0.1108233 -0.1101168 -0.10942082 -0.10873526 -0.10806002 -0.10739498 -0.10673999 -0.10609493 -0.10545965 -0.10483399
-0.14747969 -0.14715048 -0.14677346 -0.14634817 -0.14587464 -0.14535343 -0.14478567 -0.14417297 -0.1435174 -0.14282141 -0.14208778 -0.14131953 -0.14051985 -0.13969199 -0.13883925 -0.13796491 -0.13707213 -0.136164 -0.13524342 -0.13431314 -0.13337573 -0.13243356 -0.13148881 -0.13054344 -0.12959927 -0.12865788 -0.12772072 -0.12678905 -0.12586399 -0.12494651 -0.12403746 -0.12313756 -0.12224741 -0.12136754 -0.12049837 -0.11964025 -0.11879345 -0.11795817 -0.11713459 -0.11632279 -0.11552283 -0.11473475 -0.11395851 -0.11319409 -0.11244141 -0.11170039 -0.11097091 -0.11025284 -0.10954606 -0.1088504 -0.10816571 -0.10749183 -0.10682857 -0.10617576 -0.10553322
-0.15081217 -0.15041771 -0.14997513 -0.14948343 -0.14894228 -0.14835204 -0.14771376 -0.1470291 -0.14630029 -0.14553002 -0.14472137 -0.14387767 -0.14300245 -0.1420993 -0.14117186 -0.14022367 -0.13925821 -0.13827876 -0.13728845 -0.1362902 -0.13528669 -0.13428041 -0.13327359 -0.13226827 -0.13126626 -0.13026917 -0.12927841 -0.12829524 -0.12732073 -0.1263558 -0.12540124 -0.12445772 -0.12352578 -0.12260588 -0.12169836 -0.12080352 -0.11992155 -0.11905259 -0.11819675 -0.11735404 -0.11652448 -0.11570802 -0.11490458 -0.11411408 -0.11333638 -0.11257135 -0.11181883 -0.11107864 -0.1103506 -0.10963452 -0.1089302 -0.10823743 -0.10755601 -0.10688572 -0.10622635
-0.15423179 -0.15377093 -0.15326128 -0.15270122 -0.15209002 -0.15142783 -0.15071565 -0.14995526 -0.14914912 -0.14830022 -0.14741203 -0.14648829 -0.14553294 -0.14454998 -0.14354341 -0.14251715 -0.14147496 -0.1404204 -0.13935681 -0.13828727 -0.13721462 -0.13614143 -0.13507001 -0.13400241 -0.13294048 -0.13188581 -0.13083978 -0.12980361 -0.12877832 -0.12776476 -0.12676366 -0.12577562 -0.1248011 -0.12384047 -0.12289402 -0.12196194 -0.12104437 -0.12014137 -0.11925295 -0.11837909 -0.11751971 -0.1166747 -0.11584394 -0.11502725 -0.11422447 -0.11343538 -0.1126598 -0.11189748 -0.1111482 -0.11041173 -0.10968781 -0.10897622 -0.10827669 -0.10758898 -0.10691285
