Cobbity2/QGIS/CorrectedAve14.asc
NCOLS 399
NROWS 219
XLLCORNER 150.661
YLLCORNER -34.0267
CELLSIZE 1e-05
NODATA_VALUE -9999
[rows 72 to 95 of 219, columns 275 to 329 of 399]
-0.12386779 -0.12292896 -0.12200857 -0.12110607 -0.12022093 -0.11935265 -0.11850075 -0.11766474 -0.11684419 -0.11603864 -0.11524768 -0.1144709 -0.11370791 -0.11295834 -0.11222181 -0.11149797 -0.11078649 -0.11008704 -0.10939929 -0.10872295 -0.10805772 -0.10740331 -0.10675944 -0.10612586 -0.10550229 -0.1048885 -0.10428424 -0.10368928 -0.10310339 -0.10252635 -0.10195795 -0.10139799 -0.10084627 -0.10030259 -0.099766773 -0.099238636 -0.098718003 -0.098204705 -0.097698578 -0.097199462 -0.096707202 -0.096221649 -0.095742656 -0.095270083 -0.094803792 -0.09434365 -0.093889527 -0.093441298 -0.09299884 -0.092562035 -0.092130768 -0.091704925 -0.091284399 -0.090869083 -0.090458873
-0.12388672 -0.12295252 -0.12203649 -0.1211381 -0.12025681 -0.11939216 -0.11854366 -0.11771084 -0.11689328 -0.11609054 -0.11530222 -0.11452791 -0.11376723 -0.11301981 -0.1122853 -0.11156335 -0.11085363 -0.11015582 -0.1094696 -0.10879468 -0.10813077 -0.10747758 -0.10683484 -0.1062023 -0.1055797 -0.1049668 -0.10436335 -0.10376913 -0.10318392 -0.10260749 -0.10203965 -0.10148019 -0.10092891 -0.10038563 -0.099850165 -0.099322331 -0.098801959 -0.09828888 -0.097782935 -0.097283963 -0.096791814 -0.096306338 -0.095827392 -0.095354836 -0.094888535 -0.094428356 -0.093974172 -0.093525858 -0.093083293 -0.09264636 -0.092214944 -0.091788935 -0.091368224 -0.090952706 -0.09054228
-0.1238953 -0.12296594 -0.12205446 -0.12116036 -0.12028312 -0.11942227 -0.11857736 -0.11774792 -0.11693353 -0.11613378 -0.11534826 -0.11457659 -0.11381839 -0.1130733 -0.11234097 -0.11162107 -0.11091326 -0.11021724 -0.10953269 -0.10885934 -0.10819688 -0.10754505 -0.10690359 -0.10627222 -0.10565072 -0.10503882 -0.10443631 -0.10384295 -0.10325853 -0.10268283 -0.10211566 -0.10155681 -0.10100608 -0.1004633 -0.099928283 -0.099400851 -0.098880835 -0.09836807 -0.097862397 -0.09736366 -0.096871708 -0.096386395 -0.095907578 -0.095435121 -0.094968888 -0.09450875 -0.094054579 -0.093606254 -0.093163654 -0.092726662 -0.092295167 -0.091869058 -0.091448228 -0.091032573 -0.090621992
-0.12389384 -0.12296949 -0.12206275 -0.12117311 -0.1203001 -0.11944324 -0.11860208 -0.11777619 -0.11696515 -0.11616855 -0.115386 -0.11461713 -0.11386157 -0.11311896 -0.11238896 -0.11167125 -0.11096551 -0.11027142 -0.10958869 -0.10891704 -0.10825618 -0.10760584 -0.10696577 -0.10633571 -0.10571542 -0.10510466 -0.1045032 -0.10391082 -0.1033273 -0.10275245 -0.10218605 -0.10162791 -0.10107784 -0.10053566 -0.10000119 -0.09947425 -0.098954684 -0.098442324 -0.097937012 -0.097438596 -0.096946926 -0.096461859 -0.095983253 -0.095510973 -0.095044887 -0.094584864 -0.094130782 -0.093682517 -0.093239952 -0.092802971 -0.092371464 -0.091945321 -0.091524436 -0.091108707 -0.090698032
-0.12388267 -0.12296349 -0.12206164 -0.12117664 -0.12030801 -0.11945529 -0.11861805 -0.11779587 -0.11698833 -0.11619505 -0.11541563 -0.11464971 -0.11389693 -0.11315695 -0.11242943 -0.11171406 -0.11101051 -0.1103185 -0.10963773 -0.10896791 -0.10830877 -0.10766006 -0.1070215 -0.10639287 -0.10577391 -0.1051644 -0.1045641 -0.10397282 -0.10339032 -0.10281641 -0.10225088 -0.10169356 -0.10114425 -0.10060276 -0.10006893 -0.099542586 -0.09902356 -0.098511693 -0.09800683 -0.097508819 -0.097017515 -0.096532774 -0.096054458 -0.095582433 -0.095116568 -0.094656735 -0.094202812 -0.093754679 -0.093312218 -0.092875316 -0.092443862 -0.092017749 -0.091596873 -0.09118113 -0.090770423
-0.12386208 -0.12294822 -0.12205142 -0.1211712 -0.1203071 -0.11945868 -0.11862551 -0.11780719 -0.1170033 -0.11621347 -0.11543732 -0.1146745 -0.11392465 -0.11318744 -0.11246254 -0.11174964 -0.11104843 -0.11035862 -0.10967992 -0.10901207 -0.10835478 -0.1077078 -0.10707089 -0.1064438 -0.10582629 -0.10521814 -0.10461912 -0.10402903 -0.10344765 -0.10287479 -0.10231024 -0.10175383 -0.10120537 -0.10066468 -0.10013158 -0.099605915 -0.099087518 -0.09857623 -0.0980719 -0.097574378 -0.097083519 -0.096599183 -0.096121234 -0.095649539 -0.095183969 -0.094724399 -0.094270706 -0.093822773 -0.093380483 -0.092943726 -0.09251239 -0.092086371 -0.091665564 -0.09124987 -0.090839189
-0.12383237 -0.12292397 -0.12203235 -0.12115705 -0.12029763 -0.11945364 -0.11862469 -0.11781036 -0.11701026 -0.11622402 -0.11545128 -0.11469169 -0.1139449 -0.11321059 -0.11248844 -0.11177814 -0.11107939 -0.11039191 -0.10971542 -0.10904964 -0.10839432 -0.1077492 -0.10711404 -0.1064886 -0.10587265 -0.10526597 -0.10466833 -0.10407954 -0.10349938 -0.10292767 -0.1023642 -0.1018088 -0.10126128 -0.10072147 -0.1001892 -0.099664299 -0.099146615 -0.098635991 -0.098132275 -0.097635321 -0.097144986 -0.096661132 -0.096183625 -0.095712334 -0.095247131 -0.094787893 -0.094334499 -0.093886834 -0.093444782 -0.093008232 -0.092577078 -0.092151215 -0.091730538 -0.091314951 -0.090904354
-0.12379384 -0.12289102 -0.12200471 -0.12113446 -0.12027984 -0.11944042 -0.1186158 -0.11780559 -0.11700942 -0.1162269 -0.1154577 -0.11470146 -0.11395786 -0.11322657 -0.11250729 -0.11179971 -0.11110354 -0.11041851 -0.10974434 -0.10908075 -0.10842751 -0.10778436 -0.10715107 -0.10652739 -0.1059131 -0.10530799 -0.10471184 -0.10412444 -0.10354561 -0.10297513 -0.10241284 -0.10185853 -0.10131205 -0.10077321 -0.10024184 -0.099717797 -0.09920091 -0.09869103 -0.098188008 -0.0976917 -0.097201965 -0.096718668 -0.096241676 -0.095770859 -0.095306093 -0.094847256 -0.094394229 -0.093946897 -0.093505146 -0.093068869 -0.092637958 -0.09221231 -0.091791824 -0.0913764 -0.090965945
-0.12374679 -0.12284966 -0.12196877 -0.12110368 -0.12025397 -0.11941924 -0.11859908 -0.11779312 -0.11700098 -0.1162223 -0.11545675 -0.11470399 -0.1139637 -0.11323555 -0.11251925 -0.11181451 -0.11112104 -0.11043856 -0.10976681 -0.10910554 -0.10845448 -0.10781341 -0.10718207 -0.10656026 -0.10594773 -0.10534429 -0.10474972 -0.10416382 -0.1035864 -0.10301726 -0.10245622 -0.10190311 -0.10135774 -0.10081995 -0.10028959 -0.099766473 -0.099250463 -0.098741405 -0.098239154 -0.097743567 -0.097254507 -0.096771838 -0.096295432 -0.09582516 -0.095360899 -0.09490253 -0.094449934 -0.094002999 -0.093561613 -0.093125669 -0.092695062 -0.092269688 -0.091849449 -0.091434248 -0.091023989
-0.12369149 -0.12280015 -0.12192478 -0.12106496 -0.12022028 -0.11939034 -0.11857475 -0.11777314 -0.11698514 -0.11621043 -0.11544864 -0.11469946 -0.11396258 -0.11323769 -0.11252448 -0.11182268 -0.11113201 -0.1104522 -0.10978299 -0.10912412 -0.10847535 -0.10783645 -0.10720718 -0.10658732 -0.10597666 -0.10537498 -0.10478208 -0.10419777 -0.10362185 -0.10305413 -0.10249444 -0.1019426 -0.10139843 -0.10086179 -0.10033249 -0.09981039 -0.099295334 -0.098787175 -0.098285769 -0.097790976 -0.097302661 -0.096820692 -0.09634494 -0.09587528 -0.095411591 -0.094953754 -0.094501654 -0.094055178 -0.093614218 -0.093178667 -0.092748422 -0.092323381 -0.091903446 -0.091488521 -0.091078513
-0.12362822 -0.12274276 -0.12187301 -0.12101855 -0.120179 -0.11935394 -0.11854302 -0.11774586 -0.11696212 -0.11619146 -0.11543354 -0.11468806 -0.11395469 -0.11323315 -0.11252314 -0.11182438 -0.11113661 -0.11045956 -0.10979298 -0.10913662 -0.10849024 -0.1078536 -0.10722649 -0.10660868 -0.10599997 -0.10540015 -0.10480901 -0.10422637 -0.10365204 -0.10308583 -0.10252757 -0.10197708 -0.1014342 -0.10089877 -0.10037062 -0.099849612 -0.099335585 -0.098828398 -0.098327909 -0.097833981 -0.097346481 -0.096865279 -0.096390249 -0.095921267 -0.095458213 -0.095000971 -0.094549428 -0.094103473 -0.093662999 -0.093227899 -0.092798073 -0.092373421 -0.091953845 -0.091539251 -0.091129547
-0.12355726 -0.12267775 -0.1218137 -0.1209647 -0.12013035 -0.11931028 -0.11850412 -0.11771151 -0.11693211 -0.1161656 -0.11541165 -0.11466994 -0.11394019 -0.1132221 -0.11251538 -0.11181976 -0.11113499 -0.1104608 -0.10979694 -0.10914317 -0.10849926 -0.10786499 -0.10724012 -0.10662446 -0.10601778 -0.1054199 -0.10483061 -0.10424972 -0.10367706 -0.10311244 -0.10255569 -0.10200663 -0.10146512 -0.10093097 -0.10040405 -0.099884205 -0.099371279 -0.098865134 -0.098365632 -0.097872638 -0.09738602 -0.096905651 -0.096431407 -0.095963165 -0.09550081 -0.095044225 -0.094593299 -0.094147924 -0.093707992 -0.093273401 -0.092844051 -0.092419842 -0.092000679 -0.091586469 -0.09117712
-0.12347886 -0.12260539 -0.12174711 -0.12090364 -0.12007458 -0.11925957 -0.11845825 -0.11767027 -0.11689531 -0.11613303 -0.11538313 -0.1146453 -0.11391925 -0.11320469 -0.11250136 -0.11180897 -0.11112728 -0.11045603 -0.10979498 -0.1091439 -0.10850255 -0.10787072 -0.10724819 -0.10663475 -0.10603019 -0.10543433 -0.10484697 -0.10426792 -0.103697 -0.10313405 -0.10257888 -0.10203134 -0.10149125 -0.10095848 -0.10043285 -0.099914235 -0.099402479 -0.098897445 -0.098398997 -0.097907002 -0.097421331 -0.096941859 -0.096468463 -0.096001025 -0.095539428 -0.095083559 -0.094633309 -0.09418857 -0.093749238 -0.093315211 -0.09288639 -0.092462677 -0.09204398 -0.091630205 -0.091221263
-0.12339329 -0.12252591 -0.12167348 -0.1208356 -0.1200119 -0.11920203 -0.11840563 -0.11762237 -0.11685191 -0.11609395 -0.11534819 -0.11461431 -0.11389204 -0.11318111 -0.11248123 -0.11179216 -0.11111363 -0.11044541 -0.10978725 -0.10913894 -0.10850023 -0.10787093 -0.1072508 -0.10663966 -0.10603731 -0.10544355 -0.10485819 -0.10428105 -0.10371196 -0.10315074 -0.10259723 -0.10205126 -0.10151269 -0.10098134 -0.10045709 -0.099939769 -0.09942925 -0.098925393 -0.098428063 -0.097937131 -0.097452469 -0.096973955 -0.096501469 -0.096034892 -0.095574112 -0.095119018 -0.0946695 -0.094225453 -0.093786775 -0.093353366 -0.092925127 -0.092501963 -0.092083782 -0.091670492 -0.091262006
-0.1233008 -0.12243957 -0.12159303 -0.12076081 -0.11994254 -0.11913787 -0.11834646 -0.11756798 -0.11680211 -0.11604854 -0.11530698 -0.11457714 -0.11385873 -0.11315149 -0.11245515 -0.11176947 -0.11109418 -0.11042907 -0.10977388 -0.10912841 -0.10849242 -0.10786571 -0.10724808 -0.10663932 -0.10603923 -0.10544764 -0.10486436 -0.1042892 -0.10372201 -0.1031626 -0.10261082 -0.1020665 -0.1015295 -0.10099965 -0.10047683 -0.099960875 -0.099451657 -0.098949039 -0.098452889 -0.097963081 -0.09747949 -0.097001994 -0.096530475 -0.096064818 -0.095604912 -0.095150646 -0.094701915 -0.094258615 -0.093820645 -0.093387905 -0.0929603 -0.092537735 -0.09212012 -0.091707364 -0.091299381
-0.12320164 -0.1223466 -0.12150601 -0.12067951 -0.11986672 -0.11906731 -0.11828095 -0.11750732 -0.1167461 -0.11599699 -0.1152597 -0.11453395 -0.11381948 -0.113116 -0.11242327 -0.11174105 -0.11106908 -0.11040714 -0.109755 -0.10911243 -0.10847924 -0.1078552 -0.10724012 -0.10663381 -0.10603607 -0.10544672 -0.10486558 -0.10429248 -0.10372724 -0.10316971 -0.10261972 -0.10207712 -0.10154175 -0.10101348 -0.10049215 -0.09997762 -0.099469764 -0.098968446 -0.098473537 -0.097984912 -0.097502449 -0.097026027 -0.096555533 -0.096090851 -0.095631873 -0.095178491 -0.0947306 -0.094288099 -0.093850887 -0.093418867 -0.092991945 -0.092570029 -0.092153027 -0.091740853 -0.09133342
-0.12309604 -0.12224724 -0.12141264 -0.1205919 -0.11978465 -0.11899056 -0.1182093 -0.11744057 -0.11668405 -0.11593946 -0.11520651 -0.11448493 -0.11377444 -0.1130748 -0.11238575 -0.11170705 -0.11103846 -0.11037976 -0.10973073 -0.10909115 -0.10846081 -0.10783951 -0.10722706 -0.10662326 -0.10602793 -0.10544088 -0.10486195 -0.10429097 -0.10372776 -0.10317216 -0.10262403 -0.10208321 -0.10154954 -0.10102289 -0.10050311 -0.099990073 -0.099483638 -0.098983679 -0.098490068 -0.098002682 -0.097521402 -0.097046111 -0.096576695 -0.096113042 -0.095655045 -0.095202599 -0.094755599 -0.094313946 -0.093877543 -0.093446292 -0.093020102 -0.092598881 -0.092182541 -0.091770994 -0.091364157
-0.12298424 -0.12214171 -0.12131315 -0.1204982 -0.11969653 -0.1189078 -0.1181317 -0.11736792 -0.11661616 -0.11587615 -0.11514759 -0.11443022 -0.11372379 -0.11302804 -0.11234273 -0.11166761 -0.11100247 -0.11034707 -0.10970121 -0.10906467 -0.10843725 -0.10781875 -0.10720899 -0.10660776 -0.1060149 -0.10543023 -0.10485357 -0.10428476 -0.10372364 -0.10317004 -0.10262383 -0.10208484 -0.10155293 -0.10102796 -0.1005098 -0.099998302 -0.099493345 -0.098994799 -0.098502541 -0.098016449 -0.097536407 -0.097062299 -0.096594013 -0.096131441 -0.095674476 -0.095223015 -0.094776957 -0.094336202 -0.093900655 -0.093470221 -0.09304481 -0.09262433 -0.092208696 -0.091797822 -0.091391624
-0.12286646 -0.12203023 -0.12120774 -0.12039863 -0.11960257 -0.11881925 -0.11804834 -0.11728956 -0.11654261 -0.11580722 -0.1150831 -0.11437001 -0.11366768 -0.11297588 -0.11229435 -0.11162288 -0.11096123 -0.1103092 -0.10966657 -0.10903313 -0.10840868 -0.10779304 -0.10718602 -0.10658743 -0.1059971 -0.10541485 -0.10484052 -0.10427395 -0.10371497 -0.10316343 -0.10261919 -0.10208209 -0.101552 -0.10102877 -0.10051227 -0.10000238 -0.099498951 -0.099001872 -0.098511019 -0.098026274 -0.09754752 -0.097074646 -0.096607541 -0.096146099 -0.095690216 -0.095239789 -0.094794719 -0.094354909 -0.093920265 -0.093490694 -0.093066106 -0.092646414 -0.09223153 -0.091821371 -0.091415856
-0.12274293 -0.12191303 -0.12109662 -0.12029338 -0.11950297 -0.11872509 -0.11795942 -0.11720568 -0.11646357 -0.11573284 -0.11501322 -0.11430444 -0.11360627 -0.11291846 -0.11224077 -0.11157299 -0.1109149 -0.11026628 -0.10962692 -0.10899664 -0.10837523 -0.1077625 -0.10715828 -0.10656238 -0.10597463 -0.10539486 -0.10482292 -0.10425863 -0.10370185 -0.10315242 -0.10261021 -0.10207505 -0.10154683 -0.10102539 -0.10051061 -0.10000236 -0.099500522 -0.099004961 -0.098515564 -0.098032214 -0.097554799 -0.097083208 -0.096617332 -0.096157068 -0.095702313 -0.095252967 -0.094808932 -0.094370112 -0.093936416 -0.093507752 -0.093084032 -0.092665169 -0.092251078 -0.091841677 -0.091436886
-0.12261387 -0.12179031 -0.12098002 -0.12018266 -0.11939793 -0.11862551 -0.11786511 -0.11711644 -0.11637922 -0.1156532 -0.1149381 -0.11423368 -0.1135397 -0.11285593 -0.11218213 -0.11151809 -0.11086359 -0.11021843 -0.10958241 -0.10895533 -0.108337 -0.10772723 -0.10712586 -0.1065327 -0.10594758 -0.10537035 -0.10480084 -0.10423889 -0.10368436 -0.1031371 -0.10259696 -0.1020638 -0.10153749 -0.10101789 -0.10050489 -0.099998336 -0.099498125 -0.099004131 -0.098516237 -0.098034331 -0.097558301 -0.097088039 -0.09662344 -0.096164399 -0.095710818 -0.095262597 -0.094819641 -0.094381856 -0.093949151 -0.093521437 -0.093098627 -0.092680635 -0.092267379 -0.091858776 -0.091454749
-0.12247949 -0.12166228 -0.12085812 -0.12006667 -0.11928764 -0.11852071 -0.1177656 -0.11702203 -0.11628973 -0.11556844 -0.11485791 -0.11415788 -0.11346814 -0.11278844 -0.11211857 -0.11145831 -0.11080745 -0.1101658 -0.10953315 -0.10890932 -0.10829411 -0.10768736 -0.10708888 -0.1064985 -0.10591607 -0.10534142 -0.10477439 -0.10421483 -0.10366259 -0.10311754 -0.10257952 -0.10204841 -0.10152406 -0.10100636 -0.10049516 -0.09999036 -0.099491826 -0.098999444 -0.098513101 -0.098032684 -0.097558084 -0.097089197 -0.096625917 -0.096168144 -0.09571578 -0.095268728 -0.094826894 -0.094390185 -0.093958514 -0.093531791 -0.093109931 -0.092692851 -0.092280469 -0.091872704 -0.09146948
-0.12233999 -0.12152914 -0.12073112 -0.1199456 -0.11917228 -0.11841086 -0.11766107 -0.11692262 -0.11619526 -0.11547874 -0.1147728 -0.1140772 -0.11339172 -0.11271614 -0.11205023 -0.11139379 -0.11074661 -0.1101085 -0.10947927 -0.10885872 -0.10824668 -0.10764298 -0.10704744 -0.1064599 -0.10588019 -0.10530816 -0.10474365 -0.10418653 -0.10363663 -0.10309383 -0.10255798 -0.10202896 -0.10150662 -0.10099085 -0.10048152 -0.099978503 -0.099481691 -0.098990966 -0.098506216 -0.098027331 -0.097554206 -0.097086735 -0.096624818 -0.096168355 -0.09571725 -0.095271407 -0.094830736 -0.094395145 -0.093964546 -0.093538854 -0.093117985 -0.092701855 -0.092290386 -0.091883498 -0.091481114
-0.12219557 -0.12139109 -0.12059921 -0.11981963 -0.11905203 -0.11829614 -0.11755168 -0.11681838 -0.11609599 -0.11538425 -0.11468292 -0.11399178 -0.1133106 -0.11263916 -0.11197725 -0.11132466 -0.11068119 -0.11004666 -0.10942088 -0.10880366 -0.10819483 -0.10759422 -0.10700165 -0.10641698 -0.10584004 -0.10527067 -0.10470873 -0.10415408 -0.10360657 -0.10306606 -0.10253243 -0.10200553 -0.10148524 -0.10097145 -0.10046402 -0.099962836 -0.099467788 -0.098978761 -0.098495645 -0.098018334 -0.097546723 -0.09708071 -0.096620196 -0.096165083 -0.095715277 -0.095270684 -0.094831214 -0.09439678 -0.093967293 -0.093542671 -0.093122829 -0.092707688 -0.092297168 -0.091891193 -0.091489686
