Cobbity2/QGIS/CorrectedAve14.asc
NCOLS 399
NROWS 219
XLLCORNER 150.661
YLLCORNER -34.0267
CELLSIZE 1e-05
NODATA_VALUE -9999
[rows 120 to 143 of 219, columns 220 to 274 of 399]
-0.17612959 -0.17431333 -0.17255251 -0.17084325 -0.1691822 -0.16756645 -0.16599344 -0.16446089 -0.16296675 -0.16150917 -0.16008647 -0.15869709 -0.15733959 -0.15601265 -0.15471501 -0.15344551 -0.15220304 -0.15098657 -0.14979511 -0.14862774 -0.14748356 -0.14636174 -0.14526149 -0.14418204 -0.14312267 -0.14208268 -0.14106143 -0.14005828 -0.13907263 -0.13810393 -0.13715162 -0.13621518 -0.13529412 -0.13438796 -0.13349626 -0.13261858 -0.13175452 -0.13090367 -0.13006567 -0.12924016 -0.12842679 -0.12762523 -0.12683517 -0.12605632 -0.12528838 -0.12453108 -0.12378416 -0.12304737 -0.12232045 -0.12160319 -0.12089536 -0.12019674 -0.11950712 -0.11882633 -0.11815415
-0.17502138 -0.17325023 -0.17153178 -0.16986243 -0.16823905 -0.16665893 -0.16511966 -0.16361909 -0.16215531 -0.16072657 -0.15933127 -0.15796796 -0.15663527 -0.15533195 -0.15405683 -0.15280878 -0.15158679 -0.15038985 -0.14921706 -0.14806753 -0.14694041 -0.14583493 -0.14475031 -0.14368585 -0.14264085 -0.14161467 -0.14060667 -0.13961626 -0.13864287 -0.13768596 -0.13674501 -0.13581952 -0.13490903 -0.13401307 -0.13313122 -0.13226306 -0.13140821 -0.13056627 -0.1297369 -0.12891974 -0.12811446 -0.12732076 -0.12653832 -0.12576686 -0.1250061 -0.12425577 -0.12351563 -0.12278541 -0.12206491 -0.12135387 -0.1206521 -0.11995938 -0.11927551 -0.1186003 -0.11793357
-0.17396376 -0.17223357 -0.17055367 -0.16892071 -0.16733177 -0.16578431 -0.16427605 -0.16280497 -0.16136926 -0.15996725 -0.15859743 -0.15725842 -0.15594893 -0.15466775 -0.15341377 -0.15218594 -0.15098328 -0.14980484 -0.14864975 -0.14751717 -0.1464063 -0.14531639 -0.14424673 -0.14319661 -0.1421654 -0.14115247 -0.14015722 -0.13917908 -0.13821751 -0.13727199 -0.13634202 -0.13542713 -0.13452687 -0.13364081 -0.13276852 -0.13190961 -0.1310637 -0.13023043 -0.12940946 -0.12860044 -0.12780306 -0.12701702 -0.12624202 -0.12547778 -0.12472404 -0.12398053 -0.12324702 -0.12252326 -0.12180902 -0.1211041 -0.12040827 -0.11972134 -0.11904311 -0.11837339 -0.11771201
-0.17295601 -0.17126271 -0.16961762 -0.16801762 -0.16645999 -0.16494229 -0.1634624 -0.16201838 -0.1606085 -0.15923117 -0.15788496 -0.15656852 -0.15528063 -0.15402014 -0.15278598 -0.15157714 -0.15039267 -0.14923169 -0.14809334 -0.14697683 -0.1458814 -0.14480632 -0.14375091 -0.14271451 -0.14169649 -0.14069626 -0.13971325 -0.1387469 -0.13779671 -0.13686217 -0.1359428 -0.13503816 -0.13414779 -0.1332713 -0.13240828 -0.13155834 -0.13072113 -0.12989628 -0.12908347 -0.12828238 -0.12749269 -0.12671412 -0.12594637 -0.12518919 -0.1244423 -0.12370546 -0.12297843 -0.12226099 -0.1215529 -0.12085395 -0.12016395 -0.1194827 -0.11881 -0.11814568 -0.11748956
-0.17199723 -0.17033684 -0.16872294 -0.16715258 -0.1656232 -0.16413248 -0.16267838 -0.16125906 -0.15987285 -0.15851822 -0.15719377 -0.15589823 -0.15463039 -0.15338916 -0.1521735 -0.15098244 -0.14981506 -0.14867051 -0.14754796 -0.14644665 -0.14536585 -0.14430486 -0.14326301 -0.14223968 -0.14123426 -0.14024618 -0.13927489 -0.13831987 -0.13738061 -0.13645663 -0.13554748 -0.13465271 -0.13377191 -0.13290468 -0.13205062 -0.13120938 -0.13038059 -0.12956393 -0.12875905 -0.12796567 -0.12718346 -0.12641216 -0.12565149 -0.12490118 -0.12416098 -0.12343066 -0.12270997 -0.12199869 -0.12129661 -0.12060353 -0.11991923 -0.11924354 -0.11857627 -0.11791724 -0.11726628
-0.1710864 -0.16945504 -0.16786879 -0.16632486 -0.16482077 -0.16335433 -0.16192355 -0.16052665 -0.15916201 -0.15782814 -0.15652369 -0.1552474 -0.15399812 -0.15277476 -0.15157633 -0.15040186 -0.14925048 -0.14812135 -0.14701367 -0.1459267 -0.14485973 -0.14381209 -0.14278312 -0.14177222 -0.14077882 -0.13980234 -0.13884227 -0.13789809 -0.13696931 -0.13605549 -0.13515616 -0.13427091 -0.13339934 -0.13254104 -0.13169566 -0.13086282 -0.1300422 -0.12923346 -0.12843629 -0.12765039 -0.12687546 -0.12611124 -0.12535745 -0.12461384 -0.12388017 -0.1231562 -0.12244169 -0.12173645 -0.12104025 -0.12035289 -0.11967419 -0.11900395 -0.11834199 -0.11768815 -0.11704225
-0.1702223 -0.16861622 -0.16705421 -0.16553359 -0.16405197 -0.1626072 -0.16119735 -0.15982067 -0.15847558 -0.15716061 -0.15587444 -0.15461583 -0.15338365 -0.15217682 -0.15099436 -0.14983534 -0.1486989 -0.1475842 -0.14649048 -0.14541701 -0.14436309 -0.14332806 -0.1423113 -0.14131221 -0.14033023 -0.13936482 -0.13841545 -0.13748164 -0.13656291 -0.13565882 -0.13476894 -0.13389284 -0.13303015 -0.13218048 -0.13134346 -0.13051876 -0.12970604 -0.12890498 -0.12811527 -0.12733663 -0.12656877 -0.12581143 -0.12506434 -0.12432725 -0.12359993 -0.12288215 -0.12217369 -0.12147433 -0.12078387 -0.12010212 -0.11942888 -0.11876398 -0.11810723 -0.11745847 -0.11681754
-0.16940353 -0.16781911 -0.16627807 -0.16477778 -0.1633159 -0.16189031 -0.1604991 -0.15914054 -0.15781306 -0.15651522 -0.15524568 -0.15400323 -0.15278673 -0.15159513 -0.15042745 -0.14928277 -0.14816022 -0.14705901 -0.14597836 -0.14491756 -0.14387592 -0.14285279 -0.14184758 -0.14085968 -0.13988855 -0.13893365 -0.13799449 -0.13707058 -0.13616147 -0.1352667 -0.13438587 -0.13351857 -0.13266442 -0.13182305 -0.13099411 -0.13017725 -0.12937217 -0.12857853 -0.12779606 -0.12702446 -0.12626346 -0.12551279 -0.12477221 -0.12404147 -0.12332034 -0.1226086 -0.12190602 -0.1212124 -0.12052755 -0.11985127 -0.11918338 -0.11852369 -0.11787205 -0.11722827 -0.11659221
-0.16862849 -0.16706229 -0.16553909 -0.1640563 -0.16261156 -0.16120277 -0.15982803 -0.15848559 -0.15717388 -0.15589146 -0.15463698 -0.15340923 -0.15220707 -0.15102945 -0.14987538 -0.14874396 -0.14763432 -0.14654566 -0.14547721 -0.14442828 -0.14339817 -0.14238626 -0.14139194 -0.14041462 -0.13945378 -0.13850888 -0.13757943 -0.13666496 -0.13576501 -0.13487917 -0.13400701 -0.13314815 -0.13230221 -0.13146882 -0.13064765 -0.12983837 -0.12904065 -0.1282542 -0.12747872 -0.12671394 -0.12595958 -0.1252154 -0.12448114 -0.12375657 -0.12304145 -0.12233558 -0.12163874 -0.12095073 -0.12027135 -0.11960041 -0.11893774 -0.11828316 -0.1176365 -0.1169976 -0.1163663
-0.16789539 -0.16634414 -0.16483584 -0.16336786 -0.16193782 -0.1605436 -0.15918326 -0.15785505 -0.15655736 -0.15528874 -0.15404783 -0.15283339 -0.15164429 -0.15047945 -0.14933789 -0.14821869 -0.14712099 -0.14604399 -0.14498692 -0.14394907 -0.14292978 -0.1419284 -0.14094433 -0.13997701 -0.1390259 -0.13809047 -0.13717025 -0.13626476 -0.13537357 -0.13449625 -0.13363239 -0.13278161 -0.13194354 -0.13111783 -0.13030414 -0.12950214 -0.12871153 -0.12793201 -0.12716329 -0.12640511 -0.12565719 -0.12491929 -0.12419116 -0.12347258 -0.12276332 -0.12206316 -0.12137191 -0.12068935 -0.12001531 -0.11934959 -0.11869201 -0.11804242 -0.11740064 -0.11676651 -0.11613988
-0.16720222 -0.16566291 -0.16416676 -0.16271108 -0.16129346 -0.1599117 -0.15856384 -0.15724807 -0.15596275 -0.1547064 -0.15347764 -0.15227521 -0.15109794 -0.14994475 -0.14881464 -0.14770668 -0.14662001 -0.1455538 -0.1445073 -0.1434798 -0.14247061 -0.14147911 -0.14050469 -0.13954679 -0.13860487 -0.13767841 -0.13676694 -0.13586999 -0.13498713 -0.13411793 -0.133262 -0.13241896 -0.13158844 -0.13077009 -0.12996358 -0.1291686 -0.12838484 -0.12761201 -0.12684982 -0.12609801 -0.12535632 -0.12462451 -0.12390233 -0.12318956 -0.12248598 -0.12179138 -0.12110556 -0.12042832 -0.11975947 -0.11909884 -0.11844624 -0.11780152 -0.11716451 -0.11653505 -0.11591299
-0.16654684 -0.16501666 -0.16353012 -0.16208444 -0.16067711 -0.15930588 -0.15796869 -0.15666371 -0.15538923 -0.15414373 -0.1529258 -0.15173413 -0.15056754 -0.14942492 -0.14830526 -0.14720761 -0.14613108 -0.14507486 -0.14403816 -0.14302028 -0.14202053 -0.14103827 -0.1400729 -0.13912386 -0.13819061 -0.13727263 -0.13636945 -0.13548061 -0.13460567 -0.13374421 -0.13289585 -0.1320602 -0.1312369 -0.13042561 -0.12962601 -0.12883777 -0.1280606 -0.12729421 -0.12653832 -0.12579267 -0.125057 -0.12433108 -0.12361467 -0.12290754 -0.12220947 -0.12152027 -0.12083974 -0.12016767 -0.11950388 -0.11884821 -0.11820047 -0.1175605 -0.11692815 -0.11630325 -0.11568566
-0.16592691 -0.16440334 -0.16292411 -0.16148632 -0.16008736 -0.15872486 -0.1573967 -0.15610097 -0.15483591 -0.15359994 -0.15239159 -0.15120954 -0.15005255 -0.1489195 -0.14780934 -0.14672111 -0.1456539 -0.14460687 -0.14357925 -0.1425703 -0.14157934 -0.14060572 -0.13964883 -0.13870812 -0.13778303 -0.13687306 -0.13597772 -0.13509656 -0.13422914 -0.13337505 -0.1325339 -0.13170531 -0.13088892 -0.13008439 -0.1292914 -0.12850964 -0.12773881 -0.12697862 -0.1262288 -0.1254891 -0.12475925 -0.12403903 -0.1233282 -0.12262653 -0.12193382 -0.12124986 -0.12057446 -0.11990743 -0.11924857 -0.11859773 -0.11795472 -0.1173194 -0.11669159 -0.11607115 -0.11545794
-0.16533999 -0.16382078 -0.16234681 -0.16091503 -0.15952268 -0.1581673 -0.15684667 -0.1555588 -0.15430185 -0.15307419 -0.15187429 -0.15070078 -0.14955239 -0.14842797 -0.14732643 -0.14624678 -0.1451881 -0.14414953 -0.14313029 -0.14212962 -0.14114683 -0.14018127 -0.13923233 -0.13829942 -0.13738201 -0.13647958 -0.13559166 -0.13471777 -0.13385749 -0.1330104 -0.13217611 -0.13135425 -0.13054446 -0.1297464 -0.12895975 -0.12818421 -0.12741947 -0.12666525 -0.12592128 -0.12518731 -0.12446308 -0.12374837 -0.12304294 -0.12234656 -0.12165904 -0.12098017 -0.12030976 -0.11964762 -0.11899356 -0.11834742 -0.11770903 -0.11707823 -0.11645487 -0.11583878 -0.11522984
-0.16478351 -0.16326672 -0.16179622 -0.16036878 -0.1589815 -0.1576318 -0.15631736 -0.15503608 -0.15378607 -0.1525656 -0.15137311 -0.15020716 -0.14906645 -0.14794977 -0.14685602 -0.14578418 -0.1447333 -0.14370251 -0.14269099 -0.14169798 -0.14072278 -0.13976472 -0.13882319 -0.1378976 -0.1369874 -0.13609208 -0.13521115 -0.13434414 -0.13349062 -0.13265018 -0.13182242 -0.13100698 -0.13020349 -0.12941161 -0.12863104 -0.12786145 -0.12710255 -0.12635407 -0.12561574 -0.12488729 -0.12416849 -0.1234591 -0.12275889 -0.12206764 -0.12138515 -0.12071122 -0.12004565 -0.11938826 -0.11873887 -0.11809731 -0.11746342 -0.11683703 -0.116218 -0.11560617 -0.11500141
-0.16425485 -0.16273884 -0.16127028 -0.15984575 -0.1584622 -0.15711692 -0.15580748 -0.15453168 -0.15328754 -0.15207327 -0.15088723 -0.14972795 -0.14859406 -0.14748433 -0.14639761 -0.14533286 -0.14428909 -0.14326542 -0.14226101 -0.14127508 -0.14030692 -0.13935585 -0.13842123 -0.13750249 -0.13659906 -0.13571041 -0.13483607 -0.13397556 -0.13312845 -0.13229431 -0.13147276 -0.13066342 -0.12986594 -0.12907998 -0.12830521 -0.12754133 -0.12678804 -0.12604508 -0.12531216 -0.12458904 -0.12387547 -0.12317121 -0.12247605 -0.12178976 -0.12111214 -0.120443 -0.11978213 -0.11912936 -0.11848451 -0.11784741 -0.11721789 -0.11659581 -0.11598101 -0.11537333 -0.11477265
-0.16375135 -0.1622348 -0.16076691 -0.15934409 -0.15796314 -0.1566212 -0.15531573 -0.15404442 -0.15280522 -0.15159626 -0.15041583 -0.1492624 -0.14813457 -0.14703105 -0.14595067 -0.14489233 -0.14385505 -0.14283789 -0.14184001 -0.14086062 -0.13989898 -0.13895439 -0.13802623 -0.13711388 -0.13621679 -0.13533442 -0.13446629 -0.13361191 -0.13277086 -0.1319427 -0.13112704 -0.13032351 -0.12953176 -0.12875143 -0.12798221 -0.1272238 -0.1264759 -0.12573823 -0.12501052 -0.12429253 -0.123584 -0.1228847 -0.12219441 -0.12151292 -0.12084002 -0.12017551 -0.1195192 -0.11887092 -0.11823048 -0.11759772 -0.11697247 -0.11635458 -0.1157439 -0.11514028 -0.11454358
-0.16327037 -0.16175224 -0.16028403 -0.15886196 -0.15748267 -0.15614316 -0.15484079 -0.15357314 -0.15233806 -0.15113362 -0.14995805 -0.14880976 -0.14768729 -0.14658932 -0.14551462 -0.1444621 -0.14343071 -0.14241951 -0.14142764 -0.14045427 -0.13949865 -0.13856009 -0.13763793 -0.13673156 -0.13584041 -0.13496393 -0.13410164 -0.13325305 -0.13241772 -0.13159522 -0.13078516 -0.12998716 -0.12920085 -0.12842591 -0.127662 -0.12690882 -0.12616607 -0.12543348 -0.12471078 -0.12399772 -0.12329405 -0.12259953 -0.12191396 -0.1212371 -0.12056877 -0.11990875 -0.11925687 -0.11861294 -0.11797679 -0.11734824 -0.11672715 -0.11611335 -0.11550669 -0.11490702 -0.11431422
-0.16280928 -0.16128884 -0.15981958 -0.15839751 -0.15701914 -0.15568134 -0.15438134 -0.15311663 -0.151885 -0.1506844 -0.14951304 -0.14836924 -0.14725152 -0.14615849 -0.14508892 -0.14404165 -0.14301562 -0.14200987 -0.1410235 -0.14005568 -0.13910564 -0.13817266 -0.13725609 -0.1363553 -0.1354697 -0.13459876 -0.13374196 -0.13289883 -0.1320689 -0.13125177 -0.13044701 -0.12965425 -0.12887314 -0.12810332 -0.12734448 -0.12659631 -0.1258585 -0.12513079 -0.1244129 -0.12370458 -0.12300559 -0.12231569 -0.12163466 -0.12096229 -0.12029837 -0.11964271 -0.11899512 -0.11835542 -0.11772343 -0.11709899 -0.11648193 -0.11587211 -0.11526937 -0.11467357 -0.11408457
-0.16236555 -0.16084237 -0.15937154 -0.15794896 -0.15657096 -0.1552343 -0.15393609 -0.15267376 -0.15144498 -0.15024766 -0.14907993 -0.14794008 -0.14682656 -0.14573795 -0.14467298 -0.14363046 -0.1426093 -0.14160853 -0.14062721 -0.1396645 -0.13871961 -0.13779182 -0.13688045 -0.13598486 -0.13510446 -0.1342387 -0.13338707 -0.13254907 -0.13172426 -0.13091219 -0.13011246 -0.12932469 -0.12854852 -0.12778359 -0.12702959 -0.1262862 -0.12555312 -0.12483009 -0.12411682 -0.12341306 -0.12271857 -0.12203312 -0.12135648 -0.12068844 -0.1200288 -0.11937736 -0.11873393 -0.11809833 -0.11747038 -0.11684993 -0.11623681 -0.11563087 -0.11503195 -0.11443992 -0.11385463
-0.16193677 -0.16041064 -0.158938 -0.15751457 -0.15613656 -0.15480063 -0.15350379 -0.15224337 -0.15101697 -0.14982246 -0.14865789 -0.1475215 -0.14641171 -0.14532705 -0.14426622 -0.143228 -0.14221129 -0.14121506 -0.14023837 -0.13928037 -0.13834025 -0.13741726 -0.13651072 -0.13561999 -0.13474445 -0.13388356 -0.13303678 -0.13220362 -0.13138362 -0.13057635 -0.12978139 -0.12899835 -0.12822688 -0.12746661 -0.12671722 -0.12597841 -0.12524986 -0.12453131 -0.12382247 -0.12312311 -0.12243296 -0.12175179 -0.12107939 -0.12041554 -0.11976003 -0.11911267 -0.11847327 -0.11784165 -0.11721764 -0.11660107 -0.11599178 -0.11538961 -0.11479442 -0.11420607 -0.11362441
-0.16152065 -0.15999162 -0.1585171 -0.15709268 -0.15571445 -0.15437898 -0.1530832 -0.15182435 -0.15059998 -0.14940789 -0.14824609 -0.14711276 -0.14600629 -0.14492518 -0.14386808 -0.14283376 -0.14182109 -0.14082902 -0.13985659 -0.13890293 -0.13796721 -0.13704868 -0.13614664 -0.13526043 -0.13438943 -0.1335331 -0.13269088 -0.13186228 -0.13104683 -0.13024409 -0.12945365 -0.12867511 -0.1279081 -0.12715227 -0.12640729 -0.12567285 -0.12494864 -0.12423438 -0.12352981 -0.12283465 -0.12214868 -0.12147165 -0.12080334 -0.12014353 -0.11949202 -0.11884862 -0.11821313 -0.11758537 -0.11696518 -0.11635238 -0.11574681 -0.11514833 -0.11455677 -0.113972 -0.11339389
-0.16111507 -0.15958341 -0.15810713 -0.15668173 -0.15530323 -0.15396808 -0.15267316 -0.15141565 -0.15019304 -0.14900307 -0.14784371 -0.14671311 -0.14560961 -0.1445317 -0.14347799 -0.14244721 -0.14143823 -0.14044997 -0.13948146 -0.1385318 -0.13760015 -0.13668576 -0.1357879 -0.13490591 -0.13403917 -0.1331871 -0.13234917 -0.13152486 -0.13071371 -0.12991526 -0.12912909 -0.12835482 -0.12759206 -0.12684046 -0.12609968 -0.12536942 -0.12464936 -0.12393922 -0.12323874 -0.12254764 -0.12186568 -0.12119264 -0.12052827 -0.11987237 -0.11922474 -0.11858516 -0.11795346 -0.11732946 -0.11671297 -0.11610384 -0.1155019 -0.11490699 -0.11431898 -0.11373772 -0.11316306
-0.16071811 -0.15918424 -0.1577065 -0.15628029 -0.15490156 -0.15356672 -0.15227257 -0.15101626 -0.14979521 -0.14860714 -0.14744998 -0.14632184 -0.14522103 -0.14414602 -0.14309538 -0.14206785 -0.14106224 -0.14007748 -0.13911257 -0.1381666 -0.13723874 -0.13632818 -0.13543422 -0.13455617 -0.13369341 -0.13284535 -0.13201144 -0.13119117 -0.13038407 -0.12958968 -0.12880757 -0.12803734 -0.12727862 -0.12653105 -0.12579428 -0.12506801 -0.12435193 -0.12364574 -0.12294918 -0.12226198 -0.1215839 -0.12091469 -0.12025414 -0.11960201 -0.11895812 -0.11832226 -0.11769423 -0.11707387 -0.11646098 -0.11585542 -0.11525701 -0.1146656 -0.11408104 -0.11350319 -0.11293191
