Cobbity2/QGIS/Interp_Dualem.asc
NCOLS 600
NROWS 410
XLLCORNER 150.66
YLLCORNER -34.0283
CELLSIZE 1e-05
NODATA_VALUE -9999
[rows 0 to 25 of 410, columns 120 to 179 of 600]
7.7241889 7.7286894 7.7332081 7.7377445 7.742298 7.746868 7.7514538 7.7560547 7.7606701 7.7652992 7.7699413 7.7745956 7.7792613 7.7839375 7.7886234 7.7933182 7.7980207 7.8027302 7.8074456 7.8121658 7.8168899 7.8216166 7.826345 7.8310738 7.8358019 7.8405279 7.8452507 7.849969 7.8546813 7.8593864 7.8640828 7.8687691 7.8734438 7.8781055 7.8827525 7.8873832 7.8919961 7.8965896 7.9011619 7.9057112 7.910236 7.9147343 7.9192045 7.9236446 7.9280527 7.9324271 7.9367657 7.9410667 7.9453281 7.9495478 7.953724 7.9578546 7.9619375 7.9659708 7.9699524 7.9738802 7.9777523 7.9815665 7.9853209 7.9890134
7.7241942 7.7287398 7.7333043 7.7378874 7.7424882 7.7471063 7.751741 7.7563917 7.7610575 7.7657378 7.7704319 7.7751389 7.7798581 7.7845885 7.7893294 7.7940798 7.7988388 7.8036054 7.8083785 7.8131573 7.8179405 7.8227271 7.8275159 7.8323058 7.8370955 7.8418838 7.8466694 7.851451 7.8562273 7.8609967 7.8657579 7.8705095 7.8752498 7.8799775 7.8846908 7.8893882 7.894068 7.8987285 7.903368 7.9079847 7.9125769 7.9171427 7.9216802 7.9261877 7.930663 7.9351043 7.9395097 7.9438771 7.9482044 7.9524897 7.9567309 7.9609259 7.9650725 7.9691688 7.9732125 7.9772016 7.9811338 7.9850072 7.9888196 7.9925688
7.724173 7.7287641 7.733375 7.7380052 7.742654 7.7473208 7.7520049 7.7567059 7.7614228 7.766155 7.7709017 7.7756621 7.7804355 7.7852209 7.7900176 7.7948245 7.7996407 7.8044652 7.8092971 7.8141353 7.8189786 7.823826 7.8286763 7.8335283 7.8383808 7.8432325 7.8480821 7.8529282 7.8577695 7.8626046 7.8674319 7.87225 7.8770574 7.8818524 7.8866334 7.8913988 7.896147 7.900876 7.9055843 7.9102699 7.9149311 7.9195659 7.9241725 7.9287488 7.933293 7.937803 7.9422767 7.9467122 7.9511072 7.9554598 7.9597676 7.9640287 7.9682408 7.9724017 7.9765093 7.9805612 7.9845554 7.9884896 7.9923615 7.996169
7.7241245 7.7287616 7.7334193 7.738097 7.7427942 7.7475103 7.7522445 7.7569963 7.7617649 7.7665497 7.7713497 7.7761643 7.7809926 7.7858338 7.7906869 7.7955511 7.8004255 7.8053089 7.8102004 7.8150989 7.8200033 7.8249125 7.8298254 7.8347406 7.8396569 7.8445731 7.8494879 7.8543998 7.8593074 7.8642093 7.869104 7.87399 7.8788657 7.8837295 7.8885797 7.8934146 7.8982325 7.9030317 7.9078102 7.9125663 7.9172981 7.9220035 7.9266808 7.9313277 7.9359424 7.9405228 7.9450666 7.9495719 7.9540364 7.9584579 7.9628343 7.9671632 7.9714425 7.9756699 7.979843 7.9839596 7.9880174 7.992014 7.9959473 7.9998147
7.7240476 7.7287311 7.7334361 7.738162 7.7429081 7.747674 7.7524589 7.7572621 7.7620831 7.7669209 7.771775 7.7766444 7.7815284 7.7864261 7.7913365 7.7962589 7.8011921 7.8061353 7.8110873 7.8160472 7.8210137 7.8259857 7.8309621 7.8359416 7.840923 7.8459048 7.8508859 7.8558647 7.8608399 7.86581 7.8707734 7.8757287 7.8806741 7.885608 7.8905288 7.8954348 7.900324 7.9051948 7.9100452 7.9148734 7.9196773 7.9244551 7.9292047 7.933924 7.938611 7.9432634 7.9478791 7.952456 7.9569917 7.9614841 7.9659307 7.9703294 7.9746777 7.9789733 7.9832138 7.9873969 7.9915201 7.995581 7.9995773 8.0035065
7.7239415 7.7286719 7.7334246 7.738199 7.7429946 7.7478108 7.7526469 7.7575022 7.7623761 7.7672678 7.7721765 7.7771015 7.7820418 7.7869968 7.7919654 7.7969467 7.8019397 7.8069435 7.811957 7.8169791 7.8220087 7.8270446 7.8320856 7.8371305 7.8421779 7.8472267 7.8522752 7.8573223 7.8623663 7.8674059 7.8724393 7.8774652 7.8824817 7.8874873 7.8924802 7.8974586 7.9024208 7.9073647 7.9122886 7.9171905 7.9220684 7.9269202 7.9317439 7.9365373 7.9412983 7.9460246 7.9507141 7.9553644 7.9599732 7.9645382 7.9690571 7.9735273 7.9779465 7.9823123 7.9866221 7.9908735 7.995064 7.9991911 8.0032522 8.0072449
7.7238051 7.7285828 7.7333837 7.7382072 7.7430528 7.7479198 7.7528076 7.7577156 7.762643 7.7675891 7.7725532 7.7775344 7.7825319 7.7875449 7.7925724 7.7976135 7.8026672 7.8077325 7.8128084 7.8178937 7.8229874 7.8280882 7.8331949 7.8383062 7.8434209 7.8485376 7.853655 7.8587714 7.8638856 7.8689959 7.8741008 7.8791987 7.8842878 7.8893665 7.894433 7.8994855 7.9045221 7.9095409 7.9145399 7.9195172 7.9244707 7.9293983 7.9342978 7.9391671 7.9440039 7.948806 7.9535711 7.9582968 7.9629806 7.9676203 7.9722132 7.976757 7.9812491 7.985687 7.990068 7.9943897 7.9986494 8.0028445 8.0069724 8.0110305
7.7236374 7.7284628 7.7333123 7.7381854 7.7430814 7.7479998 7.75294 7.7579012 7.7628827 7.767884 7.772904 7.7779422 7.7829976 7.7880693 7.7931565 7.7982582 7.8033735 7.8085012 7.8136404 7.8187899 7.8239486 7.8291153 7.8342888 7.8394678 7.8446509 7.8498368 7.855024 7.8602112 7.8653969 7.8705793 7.875757 7.8809283 7.8860915 7.8912448 7.8963864 7.9015145 7.9066272 7.9117224 7.9167983 7.9218527 7.9268836 7.9318887 7.9368659 7.941813 7.9467276 7.9516074 7.95645 7.9612529 7.9660138 7.97073 7.9753991 7.9800185 7.9845855 7.9890975 7.9935518 7.9979458 8.0022768 8.0065419 8.0107386 8.0148639
7.7234374 7.728311 7.7332095 7.7381326 7.7430796 7.7480499 7.7530429 7.7580579 7.7630942 7.7681511 7.7732279 7.7783237 7.7834376 7.7885689 7.7937166 7.7988798 7.8040574 7.8092485 7.8144519 7.8196666 7.8248914 7.8301251 7.8353664 7.840614 7.8458667 7.851123 7.8563815 7.8616407 7.8668991 7.872155 7.8774069 7.8826531 7.8878918 7.8931212 7.8983396 7.9035449 7.9087353 7.9139087 7.9190631 7.9241964 7.9293064 7.934391 7.9394478 7.9444745 7.9494688 7.9544282 7.9593503 7.9642326 7.9690725 7.9738674 7.9786147 7.9833117 7.9879557 7.992544 7.9970737 8.0015421 8.0059464 8.0102836 8.0145511 8.0187458
7.723204 7.7281261 7.7330742 7.7380477 7.7430461 7.7480688 7.7531152 7.7581846 7.7632762 7.7683895 7.7735236 7.7786777 7.783851 7.7890426 7.7942516 7.799477 7.8047179 7.8099732 7.8152418 7.8205226 7.8258145 7.8311162 7.8364264 7.8417439 7.8470674 7.8523953 7.8577262 7.8630587 7.8683912 7.873722 7.8790495 7.884372 7.8896878 7.8949949 7.9002915 7.9055757 7.9108455 7.9160988 7.9213336 7.9265476 7.9317386 7.9369044 7.9420427 7.947151 7.952227 7.9572681 7.9622717 7.9672354 7.9721565 7.9770322 7.9818598 7.9866367 7.9913599 7.9960265 8.0006338 8.0051789 8.0096586 8.0140702 8.0184106 8.0226768
7.7229362 7.7279072 7.7329051 7.7379296 7.7429799 7.7480555 7.7531558 7.7582801 7.7634277 7.768598 7.77379 7.7790032 7.7842365 7.7894891 7.7947602 7.8000487 7.8053537 7.8106741 7.8160089 7.8213568 7.8267168 7.8320875 7.8374678 7.8428563 7.8482516 7.8536524 7.8590571 7.8644641 7.8698721 7.8752792 7.8806838 7.8860841 7.8914784 7.8968648 7.9022414 7.9076061 7.912957 7.918292 7.9236089 7.9289054 7.9341794 7.9394284 7.9446501 7.949842 7.9550017 7.9601265 7.9652139 7.9702611 7.9752655 7.9802242 7.9851344 7.9899933 7.9947979 7.9995453 8.0042325 8.0088563 8.0134139 8.017902 8.0223176 8.0266576
7.7226327 7.727653 7.7327013 7.737777 7.7428797 7.7480087 7.7531635 7.7583433 7.7635474 7.7687752 7.774026 7.7792988 7.7845928 7.7899073 7.7952412 7.8005937 7.8059637 7.8113501 7.8167519 7.8221679 7.827597 7.8330379 7.8384893 7.84395 7.8494184 7.8548932 7.8603729 7.8658559 7.8713406 7.8768254 7.8823086 7.8877883 7.8932627 7.89873 7.9041881 7.9096351 7.9150689 7.9204873 7.9258881 7.9312691 7.9366279 7.9419621 7.9472693 7.9525469 7.9577924 7.9630031 7.9681763 7.9733093 7.9783992 7.9834432 7.9884383 7.9933816 7.9982699 8.0031004 8.0078697 8.0125748 8.0172125 8.0217796 8.0262727 8.0306887
7.7222925 7.7273624 7.7324614 7.737589 7.7427445 7.7479274 7.753137 7.7583728 7.7636341 7.7689201 7.7742301 7.7795633 7.7849188 7.7902959 7.7956934 7.8011106 7.8065464 7.8119998 7.8174696 7.8229547 7.8284539 7.833966 7.8394897 7.8450236 7.8505664 7.8561165 7.8616725 7.8672328 7.8727957 7.8783596 7.8839228 7.8894834 7.8950395 7.9005893 7.9061307 7.9116617 7.9171801 7.9226838 7.9281704 7.9336378 7.9390834 7.9445048 7.9498995 7.9552649 7.9605984 7.9658972 7.9711585 7.9763795 7.9815573 7.9866889 7.9917712 7.9968013 8.0017758 8.0066918 8.0115458 8.0163346 8.0210549 8.0257033 8.0302764 8.0347709
7.7219143 7.7270343 7.7321844 7.7373641 7.7425729 7.7478101 7.7530752 7.7583676 7.7636866 7.7690313 7.7744012 7.7797955 7.7852132 7.7906535 7.7961155 7.8015982 7.8071007 7.8126219 7.8181606 7.8237158 7.8292862 7.8348706 7.8404676 7.846076 7.8516942 7.8573209 7.8629545 7.8685934 7.874236 7.8798805 7.8855252 7.8911682 7.8968077 7.9024417 7.908068 7.9136847 7.9192896 7.9248804 7.9304548 7.9360105 7.9415449 7.9470556 7.95254 7.9579954 7.963419 7.9688082 7.9741599 7.9794713 7.9847394 7.989961 7.995133 8.0002523 8.0053156 8.0103195 8.0152607 8.0201358 8.0249413 8.0296736 8.0343293 8.0389048
7.721497 7.7266674 7.731869 7.7371013 7.7423637 7.7476557 7.7529768 7.7583263 7.7637034 7.7691076 7.774538 7.7799939 7.7854745 7.7909788 7.7965061 7.8020552 7.8076252 7.8132151 7.8188237 7.8244499 7.8300925 7.8357502 7.8414217 7.8471057 7.8528007 7.8585052 7.8642178 7.8699366 7.8756602 7.8813868 7.8871145 7.8928416 7.898566 7.9042858 7.9099989 7.9157031 7.9213963 7.9270762 7.9327403 7.9383863 7.9440116 7.9496138 7.95519 7.9607375 7.9662537 7.9717355 7.97718 7.9825842 7.9879449 7.9932591 7.9985234 8.0037345 8.0088891 8.0139837 8.0190147 8.0239787 8.028872 8.033691 8.0384319 8.043091
7.7210394 7.7262604 7.7315139 7.7367991 7.7421156 7.747463 7.7528404 7.7582475 7.7636834 7.7691475 7.7746391 7.7801574 7.7857015 7.7912706 7.7968637 7.80248 7.8081184 7.8137779 7.8194573 7.8251556 7.8308714 7.8366035 7.8423507 7.8481114 7.8538844 7.859668 7.8654608 7.871261 7.8770671 7.8828772 7.8886895 7.8945022 7.9003132 7.9061205 7.9119221 7.9177157 7.9234991 7.9292699 7.9350258 7.9407642 7.9464825 7.9521782 7.9578485 7.9634905 7.9691015 7.9746783 7.9802181 7.9857176 7.9911736 7.9965829 8.001942 8.0072476 8.0124962 8.0176842 8.0228078 8.0278635 8.0328475 8.0377558 8.0425848 8.0473304
7.7205401 7.7258122 7.7311178 7.7364563 7.7418274 7.7472304 7.7526648 7.7581299 7.7636251 7.7691497 7.7747031 7.7802843 7.7858926 7.7915272 7.7971871 7.8028714 7.808579 7.814309 7.8200602 7.8258314 7.8316214 7.8374291 7.8432529 7.8490917 7.8549438 7.8608078 7.8666821 7.8725651 7.8784551 7.8843502 7.8902487 7.8961486 7.9020479 7.9079445 7.9138363 7.9197212 7.9255967 7.9314604 7.9373101 7.9431429 7.9489565 7.954748 7.9605146 7.9662535 7.9719616 7.977636 7.9832735 7.9888708 7.9944247 7.9999318 8.0053885 8.0107914 8.0161368 8.0214209 8.0266401 8.0317903 8.0368678 8.0418685 8.0467884 8.0516234
7.7199979 7.7253213 7.7306794 7.7360717 7.7414976 7.7469567 7.7524484 7.7579721 7.7635271 7.7691129 7.7747285 7.7803734 7.7860466 7.7917473 7.7974747 7.8032277 7.8090055 7.8148068 7.8206306 7.8264758 7.8323411 7.8382253 7.8441271 7.8500449 7.8559774 7.8619231 7.8678803 7.8738475 7.8798228 7.8858045 7.8917907 7.8977794 7.9037687 7.9097564 7.9157403 7.9217182 7.9276878 7.9336465 7.939592 7.9455215 7.9514324 7.957322 7.9631873 7.9690254 7.9748332 7.9806076 7.9863454 7.9920433 7.9976978 8.0033054 8.0088625 8.0143655 8.0198106 8.0251939 8.0305115 8.0357593 8.0409334 8.0460295 8.0510434 8.0559708
7.7194115 7.7247865 7.7301974 7.7356437 7.7411249 7.7466405 7.75219 7.7577727 7.7633881 7.7690354 7.774714 7.780423 7.7861618 7.7919294 7.797725 7.8035476 7.8093962 7.8152697 7.8211672 7.8270873 7.8330289 7.8389907 7.8449714 7.8509696 7.8569838 7.8630124 7.8690539 7.8751066 7.8811687 7.8872384 7.8933139 7.8993932 7.9054741 7.9115546 7.9176325 7.9237055 7.929771 7.9358268 7.9418702 7.9478986 7.9539092 7.9598991 7.9658655 7.9718053 7.9777153 7.9835924 7.9894332 7.9952342 8.0009921 8.0067031 8.0123635 8.0179696 8.0235173 8.0290028 8.034422 8.0397706 8.0450443 8.050239 8.0553501 8.0603731
7.7187795 7.7242064 7.7296704 7.735171 7.7407078 7.7462803 7.751888 7.7575302 7.7632064 7.7689158 7.7746579 7.7804318 7.7862367 7.7920719 7.7979364 7.8038293 7.8097496 7.8156963 7.8216682 7.8276643 7.8336832 7.8397237 7.8457845 7.8518641 7.8579612 7.864074 7.8702011 7.8763408 7.8824912 7.8886505 7.8948169 7.9009883 7.9071627 7.9133379 7.9195115 7.9256814 7.9318451 7.938 7.9441435 7.9502729 7.9563854 7.9624781 7.968548 7.974592 7.9806068 7.9865892 7.9925357 7.9984428 8.0043069 8.0101242 8.015891 8.0216031 8.0272567 8.0328476 8.0383715 8.0438241 8.0492009 8.0544974 8.0597091 8.0648312
7.7181006 7.7235796 7.729097 7.7346522 7.740245 7.7458748 7.751541 7.7572431 7.7629806 7.7687527 7.7745587 7.7803981 7.7862698 7.7921732 7.7981074 7.8040714 7.8100642 7.8160848 7.8221321 7.828205 7.8343022 7.8404225 7.8465645 7.8527268 7.8589079 7.8651063 7.8713204 7.8775484 7.8837886 7.8900391 7.896298 7.9025633 7.9088328 7.9151044 7.9213758 7.9276446 7.9339084 7.9401645 7.9464103 7.952643 7.9588598 7.9650577 7.9712337 7.9773844 7.9835067 7.9895971 7.9956522 8.0016682 8.0076415 8.0135682 8.0194443 8.0252658 8.0310284 8.0367279 8.0423599 8.0479199 8.0534031 8.0588051 8.0641208 8.0693454
7.7173734 7.7229047 7.7284757 7.7340859 7.7397349 7.7454223 7.7511474 7.7569099 7.7627091 7.7685443 7.7744149 7.7803202 7.7862594 7.7922317 7.7982362 7.804272 7.8103382 7.8164336 7.8225572 7.8287079 7.8348844 7.8410855 7.8473098 7.8535559 7.8598224 7.8661076 7.87241 7.8787278 7.8850592 7.8914024 7.8977555 7.9041163 7.9104828 7.9168527 7.9232237 7.9295934 7.9359593 7.9423188 7.9486691 7.9550075 7.961331 7.9676366 7.9739211 7.9801813 7.9864137 7.992615 7.9987815 8.0049094 8.0109949 8.0170341 8.0230228 8.0289568 8.0348319 8.0406435 8.046387 8.0520579 8.0576512 8.0631621 8.0685856 8.0739164
7.7165963 7.7221802 7.727805 7.7334704 7.739176 7.7449213 7.7507058 7.756529 7.7623903 7.7682892 7.7742248 7.7801967 7.7862039 7.7922457 7.7983212 7.8044296 7.8105698 7.8167408 7.8229416 7.8291711 7.8354279 7.8417108 7.8480185 7.8543496 7.8607027 7.867076 7.873468 7.879877 7.8863012 7.8927387 7.8991875 7.9056456 7.9121108 7.9185809 7.9250534 7.9315261 7.9379963 7.9444613 7.9509184 7.9573648 7.9637974 7.9702132 7.9766089 7.9829812 7.9893267 7.9956416 8.0019225 8.0081653 8.0143663 8.0205211 8.0266257 8.0326757 8.0386666 8.0445938 8.0504526 8.056238 8.0619451 8.0675688 8.0731038 8.0785448
7.7157681 7.7214047 7.7270835 7.7328044 7.7385668 7.7443703 7.7502145 7.7560988 7.7620227 7.7679856 7.7739868 7.7800257 7.7861015 7.7922134 7.7983606 7.8045423 7.8107573 7.8170048 7.8232837 7.8295927 7.8359308 7.8422966 7.8486889 7.8551061 7.8615469 7.8680097 7.8744927 7.8809944 7.8875128 7.8940461 7.9005923 7.9071494 7.9137151 7.9202872 7.9268633 7.9334409 7.9400175 7.9465903 7.9531565 7.9597133 7.9662575 7.972786 7.9792956 7.9857828 7.9922441 7.9986757 8.005074 8.0114349 8.0177544 8.0240283 8.0302523 8.0364217 8.0425321 8.0485785 8.0545562 8.0604601 8.0662849 8.0720253 8.0776759 8.0832311
7.7148871 7.7205766 7.7263097 7.7320862 7.7379056 7.7437677 7.7496718 7.7556176 7.7616044 7.7676318 7.773699 7.7798055 7.7859505 7.7921331 7.7983527 7.8046083 7.8108989 7.8172236 7.8235814 7.829971 7.8363913 7.8428411 7.8493189 7.8558235 7.8623532 7.8689066 7.8754821 7.8820778 7.8886919 7.8953227 7.901968 7.9086257 7.9152938 7.9219698 7.9286514 7.935336 7.9420211 7.9487039 7.9553816 7.9620512 7.9687095 7.9753535 7.9819796 7.9885845 7.9951645 8.0017159 8.0082347 8.0147169 8.0211584 8.0275547 8.0339015 8.040194 8.0464275 8.052597 8.0586976 8.0647238 8.0706703 8.0765316 8.082302 8.0879756
7.7139519 7.7196943 7.7254819 7.7313142 7.7371909 7.7431117 7.7490761 7.7550837 7.7611339 7.7672261 7.7733598 7.7795344 7.785749 7.792003 7.7982955 7.8046257 7.8109927 7.8173954 7.8238329 7.830304 7.8368075 7.8433421 7.8499067 7.8564996 7.8631196 7.869765 7.8764341 7.8831253 7.8898367 7.8965664 7.9033124 7.9100726 7.9168447 7.9236266 7.9304157 7.9372094 7.9440053 7.9508004 7.9575918 7.9643767 7.9711518 7.9779137 7.9846593 7.9913847 7.9980864 8.0047606 8.0114031 8.01801 8.0245768 8.0310991 8.0375723 8.0439916 8.0503521 8.0566487 8.0628761 8.0690288 8.0751013 8.0810878 8.0869823 8.0927788
