Cobbity2/QGIS/Interp_Dualem.asc
NCOLS 600
NROWS 410
XLLCORNER 150.66
YLLCORNER -34.0283
CELLSIZE 1e-05
NODATA_VALUE -9999
[rows 78 to 103 of 410, columns 540 to 599 of 600]
7.4744741 7.473783 7.4730952 7.4724108 7.4717296 7.4710516 7.4703768 7.469705 7.4690363 7.4683705 7.4677077 7.4670477 7.4663905 7.4657361 7.4650843 7.4644353 7.4637889 7.463145 7.4625037 7.4618648 7.4612284 7.4605944 7.4599628 7.4593335 7.4587065 7.4580817 7.4574592 7.4568388 7.4562206 7.4556045 7.4549905 7.4543786 7.4537686 7.4531607 7.4525548 7.4519508 7.4513487 7.4507485 7.4501501 7.4495536 7.448959 7.4483661 7.447775 7.4471857 7.446598 7.4460121 7.4454279 7.4448454 7.4442645 7.4436852 7.4431076 7.4425316 7.4419572 7.4413843 7.440813 7.4402432 7.439675 7.4391082 7.438543 7.4379792
7.4719742 7.4712924 7.470614 7.4699388 7.469267 7.4685983 7.4679328 7.4672704 7.466611 7.4659546 7.4653011 7.4646504 7.4640025 7.4633574 7.462715 7.4620753 7.4614382 7.4608036 7.4601716 7.459542 7.4589149 7.4582901 7.4576678 7.4570477 7.4564299 7.4558144 7.455201 7.4545899 7.4539808 7.4533739 7.452769 7.4521662 7.4515654 7.4509666 7.4503697 7.4497748 7.4491818 7.4485906 7.4480013 7.4474138 7.4468281 7.4462442 7.445662 7.4450815 7.4445028 7.4439258 7.4433504 7.4427767 7.4422046 7.4416341 7.4410653 7.440498 7.4399322 7.4393681 7.4388054 7.4382443 7.4376846 7.4371265 7.4365698 7.4360146
7.4694696 7.4687972 7.4681281 7.4674624 7.4667999 7.4661407 7.4654846 7.4648316 7.4641815 7.4635345 7.4628904 7.4622491 7.4616106 7.4609749 7.4603419 7.4597115 7.4590837 7.4584585 7.4578358 7.4572156 7.4565977 7.4559823 7.4553692 7.4547584 7.4541499 7.4535436 7.4529395 7.4523376 7.4517378 7.4511401 7.4505444 7.4499507 7.4493591 7.4487694 7.4481816 7.4475958 7.4470118 7.4464297 7.4458494 7.445271 7.4446943 7.4441193 7.4435461 7.4429746 7.4424048 7.4418366 7.4412701 7.4407053 7.440142 7.4395803 7.4390202 7.4384617 7.4379047 7.4373492 7.4367952 7.4362427 7.4356917 7.4351421 7.434594 7.4340473
7.4669602 7.4662972 7.4656376 7.4649814 7.4643284 7.4636786 7.463032 7.4623884 7.4617478 7.4611103 7.4604756 7.4598437 7.4592147 7.4585884 7.4579648 7.4573438 7.4567255 7.4561097 7.4554963 7.4548855 7.454277 7.4536709 7.4530672 7.4524657 7.4518665 7.4512695 7.4506747 7.4500821 7.4494915 7.448903 7.4483165 7.4477321 7.4471496 7.4465691 7.4459905 7.4454138 7.4448389 7.4442659 7.4436947 7.4431252 7.4425576 7.4419916 7.4414274 7.4408648 7.440304 7.4397447 7.4391871 7.4386311 7.4380767 7.4375238 7.4369725 7.4364227 7.4358745 7.4353277 7.4347824 7.4342386 7.4336962 7.4331552 7.4326157 7.4320776
7.4644459 7.4637925 7.4631425 7.4624958 7.4618523 7.4612121 7.460575 7.4599409 7.4593099 7.4586818 7.4580567 7.4574343 7.4568148 7.456198 7.4555839 7.4549724 7.4543634 7.4537571 7.4531532 7.4525518 7.4519527 7.451356 7.4507617 7.4501696 7.4495797 7.4489921 7.4484066 7.4478232 7.4472419 7.4466627 7.4460855 7.4455103 7.444937 7.4443657 7.4437963 7.4432287 7.442663 7.4420991 7.441537 7.4409766 7.440418 7.4398611 7.4393058 7.4387523 7.4382003 7.43765 7.4371013 7.4365542 7.4360087 7.4354646 7.4349221 7.4343812 7.4338416 7.4333036 7.432767 7.4322319 7.4316981 7.4311658 7.4306349 7.4301054
7.4619268 7.461283 7.4606426 7.4600055 7.4593717 7.4587411 7.4581136 7.4574891 7.4568677 7.4562492 7.4556336 7.4550208 7.4544109 7.4538036 7.453199 7.452597 7.4519976 7.4514008 7.4508064 7.4502144 7.4496248 7.4490376 7.4484526 7.44787 7.4472895 7.4467112 7.4461351 7.4455611 7.4449891 7.4444192 7.4438513 7.4432854 7.4427213 7.4421593 7.441599 7.4410407 7.4404841 7.4399293 7.4393763 7.4388251 7.4382755 7.4377277 7.4371815 7.4366369 7.436094 7.4355526 7.4350129 7.4344746 7.433938 7.4334028 7.4328691 7.432337 7.4318062 7.4312769 7.4307491 7.4302226 7.4296976 7.4291739 7.4286516 7.4281306
7.4594029 7.4587688 7.4581381 7.4575107 7.4568865 7.4562656 7.4556478 7.455033 7.4544212 7.4538124 7.4532064 7.4526033 7.4520029 7.4514053 7.4508103 7.4502179 7.449628 7.4490407 7.4484558 7.4478734 7.4472933 7.4467156 7.4461401 7.4455669 7.4449959 7.444427 7.4438603 7.4432957 7.4427331 7.4421725 7.4416139 7.4410573 7.4405026 7.4399497 7.4393987 7.4388496 7.4383022 7.4377566 7.4372128 7.4366707 7.4361302 7.4355914 7.4350543 7.4345188 7.4339848 7.4334525 7.4329217 7.4323924 7.4318646 7.4313383 7.4308135 7.4302902 7.4297682 7.4292477 7.4287286 7.4282109 7.4276945 7.4271795 7.4266658 7.4261535
7.4568741 7.4562498 7.4556288 7.4550112 7.4543968 7.4537856 7.4531776 7.4525725 7.4519705 7.4513713 7.4507751 7.4501816 7.449591 7.449003 7.4484176 7.4478349 7.4472546 7.4466769 7.4461016 7.4455288 7.4449583 7.44439 7.4438241 7.4432604 7.4426989 7.4421395 7.4415822 7.441027 7.4404738 7.4399226 7.4393734 7.4388261 7.4382807 7.4377371 7.4371954 7.4366555 7.4361174 7.435581 7.4350464 7.4345134 7.4339821 7.4334524 7.4329243 7.4323979 7.431873 7.4313496 7.4308278 7.4303075 7.4297886 7.4292713 7.4287553 7.4282408 7.4277277 7.427216 7.4267056 7.4261966 7.425689 7.4251826 7.4246776 7.4241739
7.4543403 7.4537259 7.4531148 7.4525071 7.4519025 7.4513012 7.4507029 7.4501077 7.4495154 7.4489261 7.4483396 7.4477559 7.447175 7.4465967 7.4460211 7.445448 7.4448775 7.4443094 7.4437438 7.4431805 7.4426196 7.442061 7.4415046 7.4409504 7.4403984 7.4398486 7.4393008 7.438755 7.4382113 7.4376695 7.4371297 7.4365918 7.4360557 7.4355215 7.4349891 7.4344585 7.4339296 7.4334025 7.432877 7.4323533 7.4318311 7.4313106 7.4307916 7.4302743 7.4297584 7.4292441 7.4287313 7.4282199 7.42771 7.4272016 7.4266945 7.4261889 7.4256846 7.4251817 7.4246801 7.4241799 7.423681 7.4231833 7.422687 7.4221919
7.4518017 7.4511972 7.4505961 7.4499983 7.4494037 7.4488122 7.4482238 7.4476385 7.4470561 7.4464766 7.4459 7.4453261 7.444755 7.4441865 7.4436206 7.4430573 7.4424965 7.4419381 7.4413822 7.4408286 7.4402774 7.4397284 7.4391816 7.4386371 7.4380946 7.4375543 7.437016 7.4364798 7.4359456 7.4354133 7.4348829 7.4343544 7.4338277 7.4333029 7.4327798 7.4322585 7.431739 7.4312211 7.4307049 7.4301903 7.4296773 7.429166 7.4286562 7.4281479 7.4276412 7.4271359 7.4266321 7.4261298 7.4256288 7.4251293 7.4246312 7.4241344 7.423639 7.423145 7.4226522 7.4221607 7.4216705 7.4211816 7.420694 7.4202075
7.4492582 7.4486637 7.4480726 7.4474848 7.4469002 7.4463187 7.4457403 7.445165 7.4445925 7.4440229 7.4434562 7.4428922 7.4423309 7.4417723 7.4412162 7.4406627 7.4401117 7.4395632 7.439017 7.4384731 7.4379316 7.4373923 7.4368552 7.4363203 7.4357875 7.4352567 7.434728 7.4342013 7.4336766 7.4331538 7.4326329 7.4321139 7.4315967 7.4310812 7.4305676 7.4300556 7.4295454 7.4290368 7.4285299 7.4280245 7.4275208 7.4270186 7.426518 7.4260189 7.4255212 7.425025 7.4245303 7.424037 7.4235451 7.4230545 7.4225653 7.4220775 7.421591 7.4211058 7.4206218 7.4201391 7.4196577 7.4191775 7.4186986 7.4182208
7.4467097 7.4461254 7.4455444 7.4449667 7.4443922 7.4438208 7.4432524 7.442687 7.4421246 7.441565 7.4410082 7.4404542 7.4399029 7.4393541 7.438808 7.4382644 7.4377232 7.4371844 7.4366481 7.436114 7.4355822 7.4350527 7.4345253 7.434 7.4334769 7.4329558 7.4324368 7.4319197 7.4314045 7.4308913 7.4303799 7.4298703 7.4293626 7.4288566 7.4283523 7.4278498 7.4273489 7.4268496 7.426352 7.425856 7.4253615 7.4248685 7.4243771 7.4238871 7.4233986 7.4229116 7.4224259 7.4219416 7.4214588 7.4209772 7.420497 7.4200181 7.4195405 7.4190641 7.418589 7.4181152 7.4176425 7.4171711 7.4167008 7.4162318
7.4441563 7.4435822 7.4430115 7.4424439 7.4418795 7.4413183 7.44076 7.4402048 7.4396524 7.4391029 7.4385562 7.4380121 7.4374708 7.436932 7.4363958 7.4358621 7.4353309 7.434802 7.4342755 7.4337513 7.4332293 7.4327095 7.4321919 7.4316764 7.431163 7.4306516 7.4301422 7.4296348 7.4291292 7.4286256 7.4281237 7.4276237 7.4271255 7.426629 7.4261342 7.425641 7.4251495 7.4246597 7.4241714 7.4236846 7.4231994 7.4227157 7.4222335 7.4217528 7.4212734 7.4207955 7.4203189 7.4198438 7.4193699 7.4188974 7.4184261 7.4179562 7.4174875 7.41702 7.4165538 7.4160888 7.415625 7.4151623 7.4147008 7.4142404
7.441598 7.4410342 7.4404737 7.4399164 7.4393623 7.4388113 7.4382632 7.4377181 7.4371759 7.4366366 7.4360999 7.435566 7.4350347 7.434506 7.4339798 7.4334561 7.4329348 7.4324159 7.4318993 7.431385 7.4308729 7.4303629 7.4298552 7.4293494 7.4288458 7.4283441 7.4278444 7.4273467 7.4268508 7.4263567 7.4258645 7.4253741 7.4248854 7.4243984 7.4239131 7.4234294 7.4229473 7.4224669 7.4219879 7.4215106 7.4210347 7.4205603 7.4200873 7.4196158 7.4191456 7.4186768 7.4182094 7.4177433 7.4172786 7.4168151 7.4163529 7.4158919 7.4154321 7.4149736 7.4145163 7.4140601 7.4136051 7.4131512 7.4126985 7.4122468
7.4390348 7.4384814 7.4379312 7.4373843 7.4368405 7.4362998 7.435762 7.4352272 7.4346952 7.434166 7.4336396 7.4331158 7.4325946 7.432076 7.4315599 7.4310463 7.430535 7.4300261 7.4295195 7.4290151 7.4285129 7.4280129 7.4275149 7.4270191 7.4265252 7.4260334 7.4255434 7.4250554 7.4245692 7.4240848 7.4236022 7.4231214 7.4226423 7.4221649 7.4216891 7.4212149 7.4207423 7.4202713 7.4198018 7.4193337 7.4188672 7.4184021 7.4179384 7.4174761 7.4170152 7.4165556 7.4160974 7.4156404 7.4151848 7.4147303 7.4142771 7.4138252 7.4133744 7.4129248 7.4124764 7.4120291 7.4115829 7.4111378 7.4106939 7.410251
7.4364666 7.4359237 7.435384 7.4348475 7.4343141 7.4337837 7.4332563 7.4327318 7.4322102 7.4316913 7.4311751 7.4306615 7.4301506 7.4296421 7.4291362 7.4286326 7.4281315 7.4276326 7.427136 7.4266416 7.4261494 7.4256593 7.4251713 7.4246854 7.4242014 7.4237193 7.4232392 7.4227609 7.4222845 7.4218098 7.4213369 7.4208658 7.4203963 7.4199284 7.4194622 7.4189975 7.4185345 7.4180729 7.4176128 7.4171542 7.4166971 7.4162413 7.4157869 7.4153339 7.4148823 7.4144319 7.4139828 7.413535 7.4130885 7.4126432 7.412199 7.4117561 7.4113143 7.4108737 7.4104342 7.4099958 7.4095584 7.4091222 7.408687 7.4082529
7.4338935 7.4333612 7.432832 7.432306 7.4317831 7.4312632 7.4307463 7.4302322 7.4297209 7.4292123 7.4287065 7.4282032 7.4277025 7.4272043 7.4267086 7.4262152 7.4257242 7.4252354 7.4247489 7.4242646 7.4237825 7.4233024 7.4228243 7.4223483 7.4218742 7.4214021 7.4209318 7.4204633 7.4199967 7.4195318 7.4190686 7.4186071 7.4181473 7.4176891 7.4172325 7.4167774 7.4163238 7.4158718 7.4154212 7.414972 7.4145243 7.4140779 7.4136329 7.4131892 7.4127468 7.4123057 7.4118658 7.4114272 7.4109898 7.4105536 7.4101185 7.4096846 7.4092519 7.4088202 7.4083897 7.4079602 7.4075318 7.4071044 7.406678 7.4062527
7.4313155 7.4307938 7.4302753 7.4297599 7.4292476 7.4287383 7.4282318 7.4277282 7.4272273 7.4267292 7.4262337 7.4257408 7.4252505 7.4247626 7.4242771 7.423794 7.4233132 7.4228346 7.4223583 7.4218841 7.421412 7.420942 7.420474 7.4200079 7.4195438 7.4190816 7.4186212 7.4181626 7.4177058 7.4172507 7.4167973 7.4163455 7.4158954 7.4154469 7.4149999 7.4145544 7.4141104 7.4136679 7.4132268 7.4127872 7.4123488 7.4119119 7.4114762 7.4110419 7.4106088 7.410177 7.4097464 7.4093169 7.4088887 7.4084616 7.4080357 7.4076109 7.4071872 7.4067645 7.4063429 7.4059224 7.4055029 7.4050843 7.4046668 7.4042503
7.4287326 7.4282217 7.4277139 7.4272092 7.4267075 7.4262088 7.4257129 7.4252199 7.4247296 7.4242419 7.4237569 7.4232745 7.4227945 7.422317 7.4218419 7.421369 7.4208985 7.4204302 7.4199641 7.4195 7.4190381 7.4185782 7.4181202 7.4176642 7.4172101 7.4167579 7.4163074 7.4158588 7.4154118 7.4149666 7.414523 7.414081 7.4136406 7.4132018 7.4127645 7.4123287 7.4118943 7.4114614 7.4110298 7.4105997 7.4101708 7.4097433 7.4093171 7.4088921 7.4084683 7.4080458 7.4076245 7.4072043 7.4067853 7.4063673 7.4059505 7.4055348 7.4051202 7.4047065 7.4042939 7.4038824 7.4034718 7.4030622 7.4026535 7.4022458
7.4261448 7.4256447 7.4251477 7.4246538 7.4241629 7.4236749 7.4231897 7.4227073 7.4222276 7.4217505 7.4212761 7.4208041 7.4203346 7.4198675 7.4194028 7.4189404 7.4184802 7.4180222 7.4175663 7.4171125 7.4166608 7.416211 7.4157632 7.4153173 7.4148733 7.414431 7.4139906 7.4135519 7.4131148 7.4126795 7.4122458 7.4118136 7.411383 7.4109539 7.4105263 7.4101002 7.4096755 7.4092522 7.4088302 7.4084096 7.4079902 7.4075722 7.4071554 7.4067398 7.4063254 7.4059122 7.4055002 7.4050893 7.4046795 7.4042708 7.4038631 7.4034565 7.4030509 7.4026464 7.4022428 7.4018402 7.4014385 7.4010378 7.400638 7.4002392
7.4235521 7.423063 7.4225769 7.4220939 7.4216138 7.4211365 7.4206621 7.4201904 7.4197214 7.419255 7.4187911 7.4183298 7.4178708 7.4174142 7.41696 7.416508 7.4160582 7.4156105 7.415165 7.4147215 7.41428 7.4138405 7.4134028 7.4129671 7.4125332 7.412101 7.4116706 7.4112419 7.4108149 7.4103894 7.4099656 7.4095433 7.4091225 7.4087033 7.4082854 7.407869 7.407454 7.4070403 7.4066279 7.4062169 7.4058071 7.4053985 7.4049912 7.4045851 7.4041801 7.4037763 7.4033735 7.4029719 7.4025714 7.4021719 7.4017734 7.4013759 7.4009795 7.400584 7.4001895 7.3997959 7.3994032 7.3990114 7.3986205 7.3982305
7.4209546 7.4204765 7.4200014 7.4195293 7.4190601 7.4185938 7.4181302 7.4176693 7.417211 7.4167554 7.4163022 7.4158515 7.4154031 7.4149571 7.4145134 7.4140719 7.4136326 7.4131953 7.4127602 7.412327 7.4118958 7.4114666 7.4110392 7.4106137 7.4101899 7.4097679 7.4093476 7.4089289 7.4085119 7.4080964 7.4076825 7.4072702 7.4068593 7.4064498 7.4060418 7.4056351 7.4052298 7.4048258 7.4044231 7.4040216 7.4036214 7.4032224 7.4028246 7.4024279 7.4020324 7.4016379 7.4012446 7.4008523 7.400461 7.4000707 7.3996815 7.3992932 7.3989059 7.3985195 7.398134 7.3977494 7.3973657 7.3969829 7.3966009 7.3962198
7.4183522 7.4178852 7.4174212 7.4169602 7.416502 7.4160466 7.4155939 7.4151439 7.4146965 7.4142516 7.4138092 7.4133692 7.4129316 7.4124962 7.4120631 7.4116321 7.4112033 7.4107766 7.4103519 7.4099291 7.4095083 7.4090894 7.4086723 7.408257 7.4078435 7.4074316 7.4070215 7.4066129 7.4062059 7.4058005 7.4053966 7.4049942 7.4045932 7.4041936 7.4037954 7.4033986 7.403003 7.4026087 7.4022157 7.4018239 7.4014333 7.4010439 7.4006556 7.4002684 7.3998823 7.3994973 7.3991133 7.3987303 7.3983484 7.3979674 7.3975874 7.3972083 7.3968301 7.3964528 7.3960764 7.3957009 7.3953262 7.3949524 7.3945794 7.3942071
7.4157451 7.4152893 7.4148365 7.4143865 7.4139394 7.4134951 7.4130534 7.4126144 7.4121779 7.4117439 7.4113123 7.4108831 7.4104562 7.4100315 7.4096091 7.4091888 7.4087705 7.4083543 7.4079401 7.4075279 7.4071175 7.406709 7.4063022 7.4058972 7.4054939 7.4050923 7.4046923 7.4042939 7.4038971 7.4035017 7.4031079 7.4027154 7.4023244 7.4019347 7.4015464 7.4011594 7.4007736 7.4003891 7.4000058 7.3996237 7.3992427 7.3988629 7.3984841 7.3981065 7.3977299 7.3973543 7.3969797 7.3966061 7.3962335 7.3958618 7.3954911 7.3951212 7.3947522 7.3943841 7.3940168 7.3936504 7.3932847 7.3929199 7.3925558 7.3921925
7.4131331 7.4126886 7.4122471 7.4118084 7.4113724 7.4109392 7.4105086 7.4100806 7.4096551 7.409232 7.4088114 7.408393 7.407977 7.4075631 7.4071514 7.4067418 7.4063342 7.4059286 7.405525 7.4051232 7.4047233 7.4043252 7.4039289 7.4035343 7.4031413 7.40275 7.4023602 7.401972 7.4015853 7.4012001 7.4008163 7.4004339 7.4000529 7.3996731 7.3992947 7.3989176 7.3985416 7.3981669 7.3977934 7.397421 7.3970497 7.3966795 7.3963103 7.3959422 7.3955752 7.3952091 7.3948439 7.3944798 7.3941165 7.3937541 7.3933927 7.393032 7.3926723 7.3923133 7.3919552 7.3915978 7.3912412 7.3908854 7.3905303 7.3901759
7.4105164 7.4100833 7.4096531 7.4092257 7.408801 7.408379 7.4079596 7.4075427 7.4071283 7.4067162 7.4063066 7.4058992 7.405494 7.4050909 7.40469 7.4042912 7.4038943 7.4034994 7.4031064 7.4027153 7.4023259 7.4019383 7.4015524 7.4011682 7.4007856 7.4004046 7.4000252 7.3996472 7.3992707 7.3988956 7.398522 7.3981496 7.3977786 7.3974089 7.3970404 7.3966732 7.3963072 7.3959423 7.3955785 7.3952158 7.3948543 7.3944937 7.3941342 7.3937757 7.3934182 7.3930616 7.3927059 7.3923512 7.3919973 7.3916443 7.3912921 7.3909408 7.3905903 7.3902405 7.3898915 7.3895433 7.3891957 7.3888489 7.3885028 7.3881574
