Cobbity2/QGIS/Interp_Dualem.asc
NCOLS 600
NROWS 410
XLLCORNER 150.66
YLLCORNER -34.0283
CELLSIZE 1e-05
NODATA_VALUE -9999
[rows 338 to 363 of 410, columns 540 to 599 of 600]
6.8832689 6.8851904 6.8870993 6.8889959 6.8908801 6.892752 6.8946118 6.8964595 6.8982951 6.9001189 6.9019309 6.9037311 6.9055196 6.9072966 6.9090621 6.9108162 6.9125589 6.9142904 6.9160108 6.91772 6.9194183 6.9211056 6.9227821 6.9244478 6.9261028 6.9277472 6.9293811 6.9310044 6.9326174 6.9342201 6.9358125 6.9373948 6.938967 6.9405291 6.9420813 6.9436236 6.9451561 6.9466788 6.9481919 6.9496953 6.9511892 6.9526737 6.9541487 6.9556144 6.9570708 6.9585181 6.9599562 6.9613852 6.9628052 6.9642162 6.9656184 6.9670117 6.9683963 6.9697722 6.9711395 6.9724981 6.9738483 6.97519 6.9765233 6.9778482
6.8821897 6.8841107 6.8860192 6.8879153 6.8897991 6.8916707 6.8935302 6.8953777 6.8972132 6.8990369 6.9008488 6.902649 6.9044375 6.9062146 6.9079802 6.9097344 6.9114773 6.9132091 6.9149297 6.9166392 6.9183378 6.9200255 6.9217024 6.9233686 6.9250241 6.926669 6.9283034 6.9299274 6.931541 6.9331443 6.9347374 6.9363204 6.9378933 6.9394562 6.9410092 6.9425523 6.9440857 6.9456093 6.9471232 6.9486276 6.9501225 6.9516079 6.953084 6.9545507 6.9560082 6.9574565 6.9588957 6.9603259 6.961747 6.9631592 6.9645626 6.9659571 6.967343 6.9687201 6.9700886 6.9714486 6.9728 6.974143 6.9754777 6.976804
6.8811219 6.8830422 6.8849502 6.8868458 6.8887292 6.8906005 6.8924596 6.8943068 6.8961421 6.8979655 6.8997773 6.9015774 6.9033659 6.9051429 6.9069085 6.9086628 6.9104059 6.9121377 6.9138585 6.9155683 6.9172672 6.9189552 6.9206325 6.922299 6.9239549 6.9256003 6.9272352 6.9288597 6.9304738 6.9320778 6.9336715 6.9352551 6.9368287 6.9383923 6.939946 6.9414899 6.943024 6.9445485 6.9460633 6.9475686 6.9490643 6.9505507 6.9520277 6.9534954 6.9549539 6.9564032 6.9578435 6.9592747 6.9606969 6.9621103 6.9635147 6.9649104 6.9662974 6.9676758 6.9690455 6.9704067 6.9717594 6.9731037 6.9744396 6.9757672
6.8800654 6.8819851 6.8838924 6.8857875 6.8876703 6.8895411 6.8913999 6.8932467 6.8950816 6.8969048 6.8987163 6.9005162 6.9023046 6.9040815 6.9058471 6.9076014 6.9093445 6.9110765 6.9127974 6.9145074 6.9162064 6.9178947 6.9195722 6.921239 6.9228953 6.9245411 6.9261764 6.9278013 6.929416 6.9310204 6.9326147 6.9341989 6.9357731 6.9373373 6.9388917 6.9404363 6.9419712 6.9434964 6.945012 6.9465181 6.9480147 6.9495019 6.9509798 6.9524484 6.9539079 6.9553582 6.9567994 6.9582316 6.9596549 6.9610693 6.9624748 6.9638716 6.9652597 6.9666392 6.9680101 6.9693725 6.9707264 6.9720719 6.973409 6.9747379
6.8790202 6.8809391 6.8828457 6.8847401 6.8866224 6.8884926 6.8903509 6.8921973 6.8940318 6.8958547 6.8976659 6.8994655 6.9012537 6.9030305 6.9047959 6.9065502 6.9082932 6.9100252 6.9117462 6.9134562 6.9151554 6.9168439 6.9185216 6.9201887 6.9218452 6.9234913 6.925127 6.9267523 6.9283674 6.9299722 6.931567 6.9331517 6.9347265 6.9362913 6.9378463 6.9393916 6.9409271 6.942453 6.9439693 6.9454761 6.9469735 6.9484616 6.9499403 6.9514098 6.9528701 6.9543213 6.9557635 6.9571966 6.9586209 6.9600363 6.9614428 6.9628407 6.9642299 6.9656104 6.9669824 6.9683459 6.9697009 6.9710476 6.9723859 6.973716
6.8779862 6.8799043 6.8818101 6.8837038 6.8855854 6.887455 6.8893127 6.8911586 6.8929927 6.8948151 6.8966259 6.8984252 6.9002131 6.9019897 6.9037549 6.905509 6.907252 6.9089839 6.9107049 6.9124149 6.9141142 6.9158027 6.9174806 6.9191479 6.9208046 6.9224509 6.9240869 6.9257125 6.927328 6.9289332 6.9305284 6.9321136 6.9336888 6.9352542 6.9368098 6.9383556 6.9398917 6.9414182 6.9429352 6.9444428 6.9459409 6.9474297 6.9489092 6.9503794 6.9518406 6.9532926 6.9547356 6.9561697 6.9575949 6.9590112 6.9604188 6.9618176 6.9632078 6.9645893 6.9659624 6.9673269 6.9686831 6.9700308 6.9713703 6.9727015
6.8769634 6.8788806 6.8807856 6.8826784 6.8845593 6.8864282 6.8882852 6.8901305 6.891964 6.893786 6.8955964 6.8973953 6.8991828 6.9009591 6.9027241 6.904478 6.9062207 6.9079525 6.9096734 6.9113834 6.9130827 6.9147712 6.9164492 6.9181166 6.9197735 6.92142 6.9230561 6.9246821 6.9262978 6.9279034 6.9294989 6.9310845 6.9326602 6.934226 6.935782 6.9373283 6.938865 6.9403921 6.9419097 6.9434179 6.9449167 6.9464061 6.9478863 6.9493574 6.9508193 6.9522721 6.953716 6.9551509 6.9565769 6.9579941 6.9594026 6.9608023 6.9621934 6.963576 6.96495 6.9663156 6.9676728 6.9690216 6.9703622 6.9716945
6.8759517 6.8778679 6.879772 6.881664 6.883544 6.8854121 6.8872684 6.889113 6.890946 6.8927673 6.8945772 6.8963757 6.8981628 6.8999387 6.9017033 6.9034569 6.9051995 6.9069311 6.9086518 6.9103617 6.9120609 6.9137494 6.9154273 6.9170948 6.9187518 6.9203984 6.9220347 6.9236608 6.9252768 6.9268826 6.9284785 6.9300644 6.9316404 6.9332066 6.934763 6.9363098 6.937847 6.9393746 6.9408928 6.9424015 6.9439009 6.945391 6.9468718 6.9483436 6.9498062 6.9512597 6.9527043 6.95414 6.9555669 6.9569849 6.9583942 6.9597949 6.9611869 6.9625704 6.9639453 6.9653119 6.96667 6.9680199 6.9693614 6.9706948
6.8749511 6.8768662 6.8787693 6.8806603 6.8825395 6.8844068 6.8862623 6.8881061 6.8899384 6.8917591 6.8935684 6.8953663 6.897153 6.8989284 6.9006927 6.9024459 6.9041881 6.9059194 6.9076399 6.9093497 6.9110487 6.9127371 6.914415 6.9160824 6.9177394 6.9193861 6.9210225 6.9226488 6.9242649 6.9258709 6.927467 6.9290532 6.9306295 6.932196 6.9337528 6.9353 6.9368376 6.9383657 6.9398843 6.9413936 6.9428935 6.9443842 6.9458656 6.947338 6.9488012 6.9502555 6.9517008 6.9531372 6.9545648 6.9559836 6.9573937 6.9587952 6.9601881 6.9615724 6.9629483 6.9643157 6.9656748 6.9670256 6.9683682 6.9697025
6.8739615 6.8758755 6.8777775 6.8796675 6.8815457 6.8834121 6.8852667 6.8871098 6.8889413 6.8907613 6.8925699 6.8943672 6.8961533 6.8979282 6.899692 6.9014448 6.9031867 6.9049177 6.9066379 6.9083473 6.9100462 6.9117344 6.9134122 6.9150795 6.9167365 6.9183831 6.9200196 6.9216459 6.9232621 6.9248683 6.9264645 6.9280509 6.9296275 6.9311943 6.9327514 6.9342989 6.9358369 6.9373654 6.9388844 6.9403941 6.9418945 6.9433857 6.9448677 6.9463406 6.9478045 6.9492594 6.9507053 6.9521424 6.9535707 6.9549902 6.9564011 6.9578033 6.959197 6.9605822 6.9619589 6.9633272 6.9646871 6.9660388 6.9673823 6.9687176
6.8729829 6.8748957 6.8767965 6.8786855 6.8805626 6.882428 6.8842817 6.8861239 6.8879545 6.8897738 6.8915817 6.8933783 6.8951637 6.8969381 6.8987013 6.9004536 6.9021951 6.9039256 6.9056455 6.9073547 6.9090532 6.9107412 6.9124188 6.914086 6.9157428 6.9173894 6.9190258 6.9206521 6.9222684 6.9238747 6.925471 6.9270575 6.9286343 6.9302013 6.9317587 6.9333064 6.9348447 6.9363735 6.937893 6.9394031 6.9409039 6.9423955 6.943878 6.9453515 6.9468159 6.9482713 6.9497178 6.9511556 6.9525845 6.9540047 6.9554163 6.9568192 6.9582136 6.9595995 6.960977 6.9623461 6.9637069 6.9650595 6.9664038 6.96774
6.8720153 6.8739268 6.8758263 6.8777141 6.8795901 6.8814544 6.8833072 6.8851484 6.8869781 6.8887965 6.8906036 6.8923995 6.8941843 6.8959579 6.8977206 6.8994724 6.9012133 6.9029434 6.9046628 6.9063716 6.9080698 6.9097575 6.9114349 6.9131018 6.9147585 6.9164049 6.9180413 6.9196675 6.9212837 6.92289 6.9244864 6.926073 6.9276499 6.929217 6.9307746 6.9323226 6.9338611 6.9353902 6.93691 6.9384204 6.9399216 6.9414137 6.9428966 6.9443705 6.9458353 6.9472913 6.9487384 6.9501767 6.9516062 6.953027 6.9544392 6.9558428 6.9572379 6.9586246 6.9600028 6.9613727 6.9627342 6.9640876 6.9654327 6.9667698
6.8710585 6.8729686 6.8748669 6.8767534 6.8786282 6.8804914 6.8823431 6.8841833 6.8860121 6.8878295 6.8896358 6.8914308 6.8932148 6.8949878 6.8967498 6.8985009 6.9002412 6.9019708 6.9036898 6.9053981 6.9070959 6.9087833 6.9104603 6.912127 6.9137834 6.9154297 6.9170658 6.9186919 6.9203081 6.9219143 6.9235107 6.9250973 6.9266743 6.9282415 6.9297992 6.9313474 6.9328861 6.9344154 6.9359354 6.9374461 6.9389477 6.94044 6.9419233 6.9433976 6.9448629 6.9463193 6.9477669 6.9492057 6.9506358 6.9520571 6.9534699 6.9548742 6.9562699 6.9576572 6.9590361 6.9604067 6.961769 6.9631231 6.964469 6.9658068
6.8701125 6.8720212 6.8739181 6.8758033 6.8776769 6.8795389 6.8813894 6.8832285 6.8850563 6.8868728 6.8886781 6.8904722 6.8922554 6.8940276 6.8957888 6.8975393 6.8992789 6.9010079 6.9027263 6.9044342 6.9061315 6.9078185 6.9094951 6.9111614 6.9128176 6.9144636 6.9160995 6.9177254 6.9193414 6.9209476 6.9225439 6.9241305 6.9257074 6.9272747 6.9288324 6.9303807 6.9319196 6.933449 6.9349692 6.9364802 6.937982 6.9394746 6.9409583 6.9424329 6.9438986 6.9453554 6.9468034 6.9482426 6.9496732 6.9510951 6.9525084 6.9539132 6.9553095 6.9566974 6.9580769 6.9594482 6.9608112 6.962166 6.9635126 6.9648512
6.8691773 6.8710845 6.87298 6.8748638 6.876736 6.8785968 6.8804461 6.882284 6.8841107 6.8859261 6.8877304 6.8895237 6.8913059 6.8930772 6.8948377 6.8965874 6.8983263 6.9000547 6.9017724 6.9034797 6.9051765 6.906863 6.9085392 6.9102051 6.9118609 6.9135066 6.9151422 6.9167679 6.9183837 6.9199897 6.9215859 6.9231724 6.9247492 6.9263165 6.9278743 6.9294226 6.9309615 6.9324911 6.9340114 6.9355226 6.9370246 6.9385175 6.9400013 6.9414763 6.9429423 6.9443994 6.9458478 6.9472875 6.9487184 6.9501408 6.9515546 6.9529599 6.9543567 6.9557452 6.9571253 6.9584972 6.9598608 6.9612162 6.9625636 6.9639028
6.8682528 6.8701584 6.8720524 6.8739348 6.8758056 6.877665 6.879513 6.8813498 6.8831753 6.8849896 6.8867928 6.888585 6.8903663 6.8921367 6.8938963 6.8956452 6.8973834 6.899111 6.9008281 6.9025347 6.904231 6.9059169 6.9075926 6.909258 6.9109134 6.9125587 6.914194 6.9158194 6.9174349 6.9190407 6.9206367 6.922223 6.9237998 6.925367 6.9269247 6.928473 6.9300119 6.9315416 6.933062 6.9345732 6.9360754 6.9375685 6.9390525 6.9405277 6.941994 6.9434515 6.9449002 6.9463402 6.9477715 6.9491943 6.9506085 6.9520143 6.9534116 6.9548006 6.9561812 6.9575536 6.9589178 6.9602739 6.9616218 6.9629617
6.8673389 6.8692429 6.8711353 6.8730162 6.8748856 6.8767436 6.8785903 6.8804257 6.88225 6.8840631 6.8858652 6.8876564 6.8894366 6.891206 6.8929647 6.8947127 6.8964501 6.8981769 6.8998932 6.9015992 6.9032948 6.9049801 6.9066552 6.9083201 6.909975 6.9116199 6.9132548 6.9148798 6.916495 6.9181005 6.9196962 6.9212824 6.9228589 6.924426 6.9259836 6.9275318 6.9290708 6.9306004 6.9321209 6.9336322 6.9351344 6.9366276 6.9381119 6.9395872 6.9410537 6.9425114 6.9439604 6.9454007 6.9468324 6.9482555 6.9496701 6.9510763 6.952474 6.9538635 6.9552446 6.9566175 6.9579822 6.9593388 6.9606873 6.9620278
6.8664357 6.868338 6.8702288 6.872108 6.8739759 6.8758325 6.8776777 6.8795118 6.8813347 6.8831466 6.8849476 6.8867376 6.8885167 6.8902851 6.8920428 6.8937898 6.8955263 6.8972523 6.8989678 6.900673 6.9023679 6.9040525 6.905727 6.9073914 6.9090457 6.9106901 6.9123245 6.9139492 6.915564 6.9171691 6.9187646 6.9203504 6.9219268 6.9234936 6.9250511 6.9265992 6.928138 6.9296676 6.931188 6.9326993 6.9342016 6.9356949 6.9371792 6.9386547 6.9401214 6.9415793 6.9430285 6.944469 6.945901 6.9473244 6.9487394 6.9501459 6.951544 6.9529339 6.9543154 6.9556888 6.957054 6.9584111 6.9597602 6.9611012
6.865543 6.8674435 6.8693326 6.8712102 6.8730765 6.8749315 6.8767753 6.878608 6.8804296 6.8822401 6.8840398 6.8858286 6.8876066 6.8893739 6.8911305 6.8928766 6.8946121 6.8963372 6.8980518 6.8997562 6.9014503 6.9031342 6.904808 6.9064717 6.9081255 6.9097693 6.9114032 6.9130274 6.9146418 6.9162465 6.9178416 6.9194271 6.9210032 6.9225698 6.924127 6.9256749 6.9272136 6.9287431 6.9302635 6.9317747 6.933277 6.9347703 6.9362547 6.9377302 6.939197 6.9406551 6.9421044 6.9435452 6.9449774 6.946401 6.9478163 6.9492231 6.9506216 6.9520118 6.9533937 6.9547675 6.9561331 6.9574907 6.9588402 6.9601818
6.8646608 6.8665595 6.8684468 6.8703227 6.8721874 6.8740408 6.875883 6.8777142 6.8795344 6.8813436 6.8831419 6.8849294 6.8867062 6.8884724 6.8902279 6.8919728 6.8937073 6.8954314 6.8971452 6.8988487 6.900542 6.9022251 6.9038981 6.9055612 6.9072143 6.9088574 6.9104908 6.9121144 6.9137283 6.9153326 6.9169273 6.9185124 6.9200881 6.9216544 6.9232114 6.9247591 6.9262976 6.9278269 6.9293471 6.9308583 6.9323605 6.9338538 6.9353381 6.9368137 6.9382806 6.9397387 6.9411882 6.9426291 6.9440614 6.9454853 6.9469008 6.9483079 6.9497066 6.9510971 6.9524794 6.9538536 6.9552196 6.9565775 6.9579275 6.9592695
6.8637891 6.8656859 6.8675713 6.8694455 6.8713084 6.8731601 6.8750008 6.8768304 6.8786491 6.8804569 6.8822538 6.88404 6.8858155 6.8875804 6.8893348 6.8910786 6.8928121 6.8945351 6.8962479 6.8979504 6.8996428 6.9013251 6.9029974 6.9046596 6.906312 6.9079545 6.9095873 6.9112103 6.9128236 6.9144274 6.9160216 6.9176063 6.9191816 6.9207476 6.9223042 6.9238516 6.9253898 6.9269189 6.928439 6.92995 6.9314521 6.9329453 6.9344296 6.9359052 6.937372 6.9388302 6.9402797 6.9417207 6.9431532 6.9445772 6.9459929 6.9474002 6.9487992 6.9501899 6.9515725 6.952947 6.9543133 6.9556717 6.957022 6.9583645
6.8629277 6.8648226 6.8667061 6.8685784 6.8704395 6.8722896 6.8741286 6.8759566 6.8777737 6.87958 6.8813755 6.8831603 6.8849345 6.8866981 6.8884512 6.8901939 6.8919262 6.8936481 6.8953599 6.8970614 6.8987529 6.9004343 6.9021056 6.9037671 6.9054187 6.9070605 6.9086925 6.9103149 6.9119276 6.9135308 6.9151245 6.9167087 6.9182836 6.9198491 6.9214054 6.9229525 6.9244904 6.9260192 6.927539 6.9290499 6.9305518 6.9320448 6.933529 6.9350045 6.9364713 6.9379295 6.939379 6.9408201 6.9422527 6.9436768 6.9450926 6.9465 6.9478992 6.9492902 6.950673 6.9520477 6.9534144 6.954773 6.9561237 6.9574665
6.8620767 6.8639695 6.8658511 6.8677215 6.8695808 6.871429 6.8732663 6.8750927 6.8769082 6.8787129 6.8805069 6.8822903 6.884063 6.8858253 6.8875771 6.8893185 6.8910496 6.8927705 6.8944811 6.8961816 6.897872 6.8995525 6.9012229 6.9028835 6.9045343 6.9061753 6.9078066 6.9094283 6.9110403 6.9126429 6.914236 6.9158197 6.9173941 6.9189591 6.920515 6.9220616 6.9235992 6.9251277 6.9266472 6.9281578 6.9296595 6.9311523 6.9326364 6.9341118 6.9355785 6.9370366 6.9384861 6.9399272 6.9413597 6.9427839 6.9441998 6.9456074 6.9470067 6.9483978 6.9497809 6.9511558 6.9525227 6.9538816 6.9552326 6.9565757
6.8612359 6.8631267 6.8650062 6.8668747 6.8687321 6.8705785 6.8724139 6.8742386 6.8760524 6.8778555 6.879648 6.8814298 6.8832011 6.884962 6.8867125 6.8884526 6.8901824 6.8919021 6.8936115 6.8953109 6.8970003 6.8986797 6.9003492 6.9020089 6.9036588 6.9052989 6.9069294 6.9085503 6.9101617 6.9117636 6.913356 6.9149391 6.9165129 6.9180775 6.9196329 6.9211791 6.9227162 6.9242444 6.9257635 6.9272738 6.9287752 6.9302678 6.9317517 6.9332269 6.9346935 6.9361514 6.9376009 6.9390419 6.9404745 6.9418987 6.9433145 6.9447222 6.9461216 6.9475129 6.948896 6.9502711 6.9516382 6.9529974 6.9543486 6.955692
6.8604053 6.862294 6.8641714 6.8660379 6.8678933 6.8697378 6.8715714 6.8733943 6.8752064 6.8770078 6.8787986 6.8805789 6.8823487 6.8841081 6.8858572 6.8875959 6.8893245 6.8910429 6.8927511 6.8944494 6.8961376 6.8978159 6.8994844 6.9011431 6.902792 6.9044313 6.906061 6.9076811 6.9092917 6.9108928 6.9124846 6.914067 6.9156402 6.9172042 6.918759 6.9203048 6.9218414 6.9233692 6.9248879 6.9263978 6.9278989 6.9293913 6.9308749 6.9323499 6.9338162 6.935274 6.9367234 6.9381643 6.9395968 6.9410209 6.9424368 6.9438445 6.9452439 6.9466353 6.9480185 6.9493938 6.950761 6.9521203 6.9534718 6.9548154
6.859585 6.8614714 6.8633467 6.8652111 6.8670645 6.868907 6.8707387 6.8725597 6.87437 6.8761698 6.8779589 6.8797376 6.8815058 6.8832637 6.8850113 6.8867486 6.8884758 6.8901928 6.8918998 6.8935968 6.8952839 6.8969611 6.8986285 6.9002862 6.9019341 6.9035724 6.9052012 6.9068204 6.9084302 6.9100306 6.9116216 6.9132034 6.9147759 6.9163392 6.9178935 6.9194386 6.9209748 6.9225021 6.9240204 6.9255299 6.9270306 6.9285226 6.9300059 6.9314806 6.9329467 6.9344044 6.9358535 6.9372942 6.9387266 6.9401507 6.9415665 6.9429742 6.9443736 6.945765 6.9471483 6.9485236 6.949891 6.9512504 6.952602 6.9539458
