Cobbity2/QGIS/Interp_Dualem.asc
NCOLS 600
NROWS 410
XLLCORNER 150.66
YLLCORNER -34.0283
CELLSIZE 1e-05
NODATA_VALUE -9999
[rows 52 to 77 of 410, columns 360 to 419 of 600]
7.9629737 7.9547017 7.9465472 7.9385192 7.9306258 7.9228734 7.9152679 7.9078138 7.9005147 7.8933733 7.8863915 7.8795705 7.8729107 7.8664119 7.8600735 7.8538941 7.8478721 7.8420054 7.8362917 7.8307282 7.8253119 7.8200397 7.8149083 7.8099142 7.8050538 7.8003235 7.7957195 7.7912382 7.7868757 7.7826284 7.7784925 7.7744643 7.7705402 7.7667165 7.7629899 7.7593567 7.7558138 7.7523577 7.7489854 7.7456936 7.7424795 7.73934 7.7362724 7.733274 7.7303422 7.7274743 7.724668 7.721921 7.719231 7.7165958 7.7140133 7.7114816 7.7089988 7.7065629 7.7041724 7.7018254 7.6995205 7.697256 7.6950305 7.6928425
7.9589616 7.9511026 7.9433286 7.9356505 7.9280778 7.9206188 7.9132806 7.9060695 7.8989903 7.8920472 7.8852433 7.878581 7.872062 7.8656873 7.8594573 7.8533716 7.8474298 7.8416306 7.8359725 7.8304539 7.8250724 7.8198258 7.8147115 7.8097267 7.8048684 7.8001337 7.7955195 7.7910225 7.7866395 7.7823673 7.7782026 7.7741421 7.7701827 7.7663209 7.7625538 7.7588782 7.7552909 7.7517891 7.7483697 7.7450299 7.7417669 7.738578 7.7354605 7.7324119 7.7294297 7.7265115 7.7236551 7.7208581 7.7181185 7.7154341 7.7128029 7.7102231 7.7076928 7.7052102 7.7027737 7.7003815 7.6980321 7.695724 7.6934558 7.6912261
7.9548816 7.9474157 7.9400045 7.9326605 7.9253948 7.9182171 7.9111361 7.9041592 7.8972926 7.8905418 7.8839111 7.877404 7.8710232 7.8647709 7.8586483 7.8526563 7.8467952 7.8410646 7.835464 7.8299924 7.8246483 7.8194302 7.8143362 7.8093641 7.8045116 7.7997764 7.7951559 7.7906473 7.786248 7.7819551 7.7777659 7.7736774 7.7696868 7.7657913 7.7619879 7.7582738 7.7546464 7.7511027 7.7476402 7.7442562 7.7409481 7.7377134 7.7345495 7.7314542 7.7284251 7.7254599 7.7225564 7.7197125 7.7169263 7.7141955 7.7115185 7.7088933 7.7063181 7.7037912 7.701311 7.6988759 7.6964843 7.6941348 7.6918259 7.6895564
7.950759 7.9436655 7.9365985 7.929572 7.9225987 7.9156896 7.9088546 7.9021023 7.8954403 7.888875 7.8824118 7.8760554 7.8698094 7.863677 7.8576603 7.8517611 7.8459804 7.8403189 7.8347767 7.8293536 7.8240488 7.8188615 7.8137903 7.8088338 7.8039903 7.7992578 7.7946344 7.7901179 7.7857059 7.7813962 7.7771862 7.7730736 7.7690558 7.7651302 7.7612944 7.7575458 7.7538819 7.7503002 7.7467983 7.7433737 7.740024 7.7367469 7.7335401 7.7304014 7.7273285 7.7243194 7.7213719 7.7184841 7.7156541 7.7128798 7.7101596 7.7074915 7.7048739 7.7023052 7.6997837 7.6973079 7.6948763 7.6924875 7.69014 7.6878326
7.9466165 7.9398739 7.9331319 7.9264059 7.9197096 7.9130555 7.9064547 7.8999168 7.8934504 7.8870631 7.8807611 7.8745502 7.8684349 7.8624191 7.8565059 7.8506978 7.8449968 7.8394041 7.8339207 7.8285468 7.8232826 7.8181277 7.8130814 7.8081428 7.8033108 7.7985839 7.7939606 7.7894392 7.7850179 7.7806946 7.7764674 7.7723341 7.7682925 7.7643405 7.7604759 7.7566963 7.7529994 7.7493832 7.7458453 7.7423834 7.7389955 7.7356793 7.7324328 7.7292538 7.7261402 7.7230902 7.7201017 7.7171728 7.7143017 7.7114866 7.7087257 7.7060173 7.7033598 7.7007516 7.6981911 7.6956768 7.6932073 7.6907812 7.6883971 7.6860537
7.9424748 7.9360611 7.9296242 7.9231807 7.9167457 7.9103325 7.9039534 7.8976189 7.8913387 7.8851211 7.8789735 7.8729022 7.8669127 7.8610096 7.855197 7.8494779 7.843855 7.8383303 7.8329052 7.8275809 7.822358 7.8172366 7.8122166 7.8072978 7.8024793 7.7977603 7.7931397 7.7886161 7.7841882 7.7798544 7.775613 7.7714622 7.7674001 7.7634249 7.7595346 7.7557273 7.7520008 7.7483532 7.7447825 7.7412867 7.7378636 7.7345115 7.7312282 7.7280119 7.7248606 7.7217725 7.7187457 7.7157785 7.712869 7.7100156 7.7072166 7.7044703 7.7017752 7.6991298 7.6965325 7.6939819 7.6914766 7.6890153 7.6865965 7.6842191
7.9383521 7.9322448 7.9260927 7.9199136 7.9137233 7.9075364 7.901366 7.8952235 7.8891194 7.8830629 7.877062 7.8711239 7.8652549 7.8594602 7.8537445 7.8481116 7.8425648 7.8371066 7.8317392 7.8264641 7.8212826 7.8161954 7.8112028 7.806305 7.8015017 7.7967925 7.7921767 7.7876533 7.7832213 7.7788796 7.7746266 7.7704611 7.7663814 7.762386 7.758473 7.7546409 7.7508878 7.7472119 7.7436114 7.7400845 7.7366294 7.7332441 7.729927 7.7266763 7.72349 7.7203666 7.7173042 7.7143012 7.7113559 7.7084667 7.705632 7.7028502 7.7001199 7.6974394 7.6948075 7.6922227 7.6896837 7.687189 7.6847375 7.6823279
7.9342645 7.9284408 7.9225528 7.9166193 7.910657 7.9046815 7.8987063 7.8927439 7.8868054 7.8809008 7.8750387 7.869227 7.8634726 7.8577814 7.8521585 7.8466086 7.8411353 7.8357417 7.8304307 7.8252042 7.8200638 7.8150109 7.8100463 7.8051705 7.8003836 7.7956857 7.7910763 7.7865551 7.7821212 7.7777737 7.7735117 7.769334 7.7652393 7.7612263 7.7572934 7.7534393 7.7496623 7.7459609 7.7423334 7.7387783 7.7352937 7.7318782 7.72853 7.7252474 7.7220289 7.7188727 7.7157773 7.712741 7.7097623 7.7068397 7.7039717 7.7011567 7.6983933 7.6956801 7.6930157 7.6903987 7.6878279 7.6853019 7.6828195 7.6803795
7.9302257 7.9246625 7.9190178 7.9133109 7.9075597 7.9017801 7.8959865 7.890192 7.8844084 7.878646 7.8729144 7.8672219 7.8615758 7.8559827 7.8504483 7.8449776 7.8395748 7.8342437 7.8289873 7.8238081 7.8187083 7.8136896 7.8087531 7.8038997 7.7991301 7.7944446 7.7898432 7.7853257 7.7808916 7.7765405 7.7722715 7.7680839 7.7639765 7.7599482 7.7559979 7.7521243 7.7483261 7.7446017 7.7409499 7.7373691 7.7338578 7.7304145 7.7270378 7.723726 7.7204776 7.7172912 7.7141652 7.7110981 7.7080884 7.7051347 7.7022356 7.6993895 7.6965953 7.6938514 7.6911565 7.6885094 7.6859087 7.6833533 7.6808419 7.6783733
7.9262474 7.9209216 7.915499 7.9099999 7.9044425 7.8988433 7.8932174 7.8875784 7.8819385 7.8763086 7.8706988 7.8651178 7.8595735 7.8540729 7.8486221 7.8432267 7.8378912 7.8326198 7.827416 7.8222827 7.8172224 7.8122372 7.8073286 7.802498 7.7977462 7.793074 7.7884815 7.783969 7.7795364 7.7751832 7.7709092 7.7667135 7.7625955 7.7585542 7.7545888 7.750698 7.7468808 7.743136 7.7394622 7.7358582 7.7323226 7.728854 7.7254511 7.7221125 7.7188368 7.7156225 7.7124682 7.7093725 7.7063341 7.7033516 7.7004235 7.6975486 7.6947255 7.691953 7.6892297 7.6865543 7.6839258 7.6813428 7.6788041 7.6763087
7.9223391 7.9172275 7.9120062 7.9066957 7.9013148 7.8958805 7.8904083 7.8849121 7.8794046 7.8738973 7.8684004 7.8629231 7.8574738 7.8520598 7.8466876 7.841363 7.8360912 7.8308766 7.825723 7.8206338 7.8156117 7.8106591 7.8057781 7.8009701 7.7962364 7.7915779 7.7869953 7.7824889 7.7780588 7.7737051 7.7694275 7.7652256 7.7610989 7.7570466 7.753068 7.7491622 7.7453282 7.7415651 7.7378716 7.7342466 7.730689 7.7271975 7.7237708 7.7204077 7.7171068 7.7138669 7.7106866 7.7075646 7.7044996 7.7014903 7.6985355 7.6956337 7.6927839 7.6899847 7.6872349 7.6845332 7.6818786 7.6792698 7.6767057 7.6741852
7.9185081 7.9135878 7.9085468 7.903406 7.8981845 7.8928995 7.8875669 7.882201 7.8768146 7.8714196 7.8660266 7.8606452 7.8552838 7.8499502 7.8446513 7.8393932 7.8341812 7.8290201 7.8239142 7.8188669 7.8138815 7.8089605 7.8041062 7.7993205 7.7946049 7.7899605 7.7853882 7.7808886 7.7764623 7.7721092 7.7678295 7.7636228 7.759489 7.7554274 7.7514375 7.7475186 7.7436699 7.7398905 7.7361794 7.7325357 7.7289582 7.7254459 7.7219976 7.7186121 7.7152882 7.7120248 7.7088206 7.7056744 7.7025849 7.699551 7.6965714 7.6936449 7.6907702 7.6879463 7.6851718 7.6824457 7.6797669 7.677134 7.6745462 7.6720023
7.9147598 7.9100082 7.9051269 7.9001371 7.8950578 7.8899068 7.8846998 7.8794514 7.8741749 7.8688821 7.863584 7.8582902 7.8530097 7.8477504 7.8425193 7.8373228 7.8321666 7.8270558 7.8219946 7.8169871 7.8120365 7.8071457 7.8023173 7.7975533 7.7928554 7.7882252 7.7836636 7.7791715 7.7747496 7.7703982 7.7661175 7.7619075 7.757768 7.7536987 7.7496993 7.745769 7.7419074 7.7381137 7.734387 7.7307264 7.7271311 7.7236 7.7201321 7.7167263 7.7133815 7.7100967 7.7068707 7.7037022 7.7005903 7.6975337 7.6945313 7.6915819 7.6886843 7.6858375 7.6830403 7.6802916 7.6775902 7.6749351 7.6723253 7.6697595
7.9110975 7.9064925 7.9017507 7.8968934 7.8919397 7.8869072 7.8818121 7.8766689 7.8714909 7.8662902 7.8610778 7.8558637 7.8506569 7.8454654 7.8402966 7.835157 7.8300525 7.8249883 7.819969 7.8149987 7.8100809 7.8052189 7.8004152 7.7956721 7.7909917 7.7863754 7.7818247 7.7773405 7.7729237 7.7685747 7.764294 7.7600818 7.755938 7.7518625 7.7478549 7.743915 7.7400422 7.7362359 7.7324953 7.7288198 7.7252085 7.7216606 7.718175 7.7147509 7.7113872 7.708083 7.704837 7.7016484 7.6985159 7.6954386 7.6924152 7.6894448 7.6865262 7.6836584 7.6808402 7.6780705 7.6753484 7.6726727 7.6700425 7.6674566
7.9075227 7.9030427 7.8984207 7.8936779 7.8888333 7.8839046 7.8789077 7.8738573 7.8687667 7.8636481 7.8585126 7.8533701 7.8482297 7.8430998 7.8379877 7.8329001 7.827843 7.8228218 7.8178413 7.8129057 7.8080187 7.8031836 7.7984034 7.7936804 7.7890167 7.7844142 7.7798743 7.7753983 7.770987 7.7666412 7.7623614 7.7581479 7.7540009 7.7499204 7.7459062 7.741958 7.7380756 7.7342583 7.7305056 7.726817 7.7231915 7.7196285 7.7161272 7.7126866 7.7093058 7.705984 7.70272 7.699513 7.6963619 7.6932656 7.6902232 7.6872336 7.6842958 7.6814086 7.6785712 7.6757824 7.6730412 7.6703466 7.6676975 7.6650931
7.9040353 7.8996593 7.895138 7.8904922 7.8857408 7.8809012 7.8759893 7.8710197 7.8660057 7.8609594 7.8558917 7.8508129 7.845732 7.8406572 7.8355962 7.8305557 7.8255418 7.8205599 7.815615 7.8107114 7.805853 7.8010432 7.796285 7.791581 7.7869335 7.7823443 7.7778151 7.7733473 7.7689418 7.7645997 7.7603215 7.7561077 7.7519585 7.7478742 7.7438545 7.7398995 7.7360089 7.7321822 7.728419 7.7247187 7.7210808 7.7175045 7.7139891 7.7105339 7.7071378 7.7038002 7.70052 7.6972964 7.6941284 7.691015 7.6879553 7.6849483 7.6819929 7.6790882 7.6762332 7.6734269 7.6706683 7.6679563 7.6652902 7.6626687
7.9006331 7.8963411 7.8919021 7.8873364 7.8826627 7.8778982 7.8730585 7.868158 7.8632099 7.8582262 7.8532179 7.8481949 7.8431664 7.8381407 7.8331253 7.828127 7.8231519 7.8182057 7.8132932 7.8084189 7.8035868 7.7988004 7.7940628 7.7893766 7.7847444 7.780168 7.7756493 7.7711897 7.7667904 7.7624523 7.7581763 7.7539629 7.7498125 7.7457253 7.7417014 7.7377408 7.7338433 7.7300086 7.7262363 7.7225261 7.7188773 7.7152893 7.7117616 7.7082932 7.7048836 7.7015319 7.6982373 7.6949988 7.6918157 7.6886869 7.6856116 7.6825888 7.6796176 7.676697 7.6738261 7.6710039 7.6682295 7.6655018 7.6628201 7.6601832
7.8973127 7.8930855 7.8887111 7.8842094 7.8795986 7.8748956 7.8701157 7.8652731 7.8603807 7.8554503 7.8504928 7.8455181 7.8405352 7.8355524 7.8305771 7.8256162 7.8206758 7.8157615 7.8108783 7.8060306 7.8012225 7.7964576 7.791739 7.7870696 7.7824518 7.7778876 7.773379 7.7689275 7.7645344 7.7602008 7.7559274 7.7517151 7.7475642 7.7434752 7.7394481 7.735483 7.7315799 7.7277385 7.7239586 7.7202398 7.7165816 7.7129836 7.709445 7.7059653 7.7025437 7.6991796 7.6958721 7.6926205 7.6894239 7.6862814 7.6831922 7.6801553 7.6771699 7.6742351 7.6713499 7.6685134 7.6657247 7.6629829 7.660287 7.6576362
7.8940692 7.8898886 7.885562 7.8811088 7.8765468 7.8718924 7.8671605 7.8623649 7.8575183 7.8526322 7.8477175 7.8427837 7.8378398 7.832894 7.8279536 7.8230254 7.8181155 7.8132295 7.8083723 7.8035486 7.7987622 7.7940169 7.7893158 7.7846619 7.7800575 7.7755049 7.7710061 7.7665625 7.7621757 7.7578467 7.7535764 7.7493658 7.7452152 7.7411251 7.7370958 7.7331273 7.7292198 7.725373 7.7215867 7.7178607 7.7141946 7.7105879 7.70704 7.7035505 7.7001185 7.6967436 7.6934249 7.6901617 7.6869532 7.6837986 7.6806971 7.6776478 7.6746498 7.6717023 7.6688044 7.6659551 7.6631537 7.6603993 7.6576908 7.6550275
7.8908963 7.886745 7.8824505 7.8780313 7.8735047 7.8688865 7.8641913 7.8594324 7.8546222 7.849772 7.8448921 7.8399922 7.835081 7.8301664 7.8252558 7.8203557 7.8154723 7.8106111 7.805777 7.8009744 7.7962075 7.7914799 7.7867948 7.7821551 7.7775632 7.7730216 7.768532 7.7640962 7.7597156 7.7553914 7.7511246 7.7469161 7.7427665 7.7386761 7.7346455 7.7306746 7.7267637 7.7229127 7.7191214 7.7153895 7.7117168 7.7081028 7.7045472 7.7010492 7.6976085 7.6942242 7.6908959 7.6876227 7.6844039 7.6812387 7.6781264 7.6750662 7.6720572 7.6690986 7.6661895 7.6633291 7.6605164 7.6577508 7.6550312 7.6523569
7.8877865 7.8836486 7.8793712 7.8749724 7.8704686 7.8658751 7.8612059 7.856474 7.8516912 7.8468686 7.8420164 7.8371436 7.8322589 7.8273701 7.8224843 7.8176081 7.8127473 7.8079074 7.8030933 7.7983094 7.7935598 7.788848 7.7841773 7.7795505 7.7749703 7.7704388 7.7659581 7.7615298 7.7571554 7.7528362 7.7485732 7.7443673 7.7402192 7.7361293 7.7320982 7.7281259 7.7242127 7.7203585 7.7165633 7.7128268 7.7091488 7.705529 7.7019669 7.698462 7.6950138 7.6916218 7.6882853 7.6850036 7.681776 7.6786019 7.6754804 7.6724107 7.6693922 7.666424 7.6635052 7.6606351 7.6578127 7.6550374 7.6523081 7.6496242
7.8847314 7.8805919 7.876318 7.8719268 7.867434 7.8628544 7.8582012 7.8534871 7.8487234 7.8439208 7.839089 7.8342371 7.8293732 7.824505 7.8196394 7.8147827 7.8099409 7.805119 7.8003221 7.7955544 7.7908199 7.7861221 7.7814644 7.7768494 7.7722798 7.7677578 7.7632854 7.7588644 7.7544961 7.750182 7.7459231 7.7417203 7.7375742 7.7334856 7.7294547 7.7254819 7.7215674 7.7177111 7.7139131 7.7101733 7.7064913 7.7028669 7.6992996 7.6957892 7.6923351 7.6889367 7.6855934 7.6823047 7.6790698 7.6758881 7.6727589 7.6696814 7.6666548 7.6636784 7.6607515 7.6578731 7.6550425 7.6522588 7.6495213 7.6468292
7.8817215 7.8775668 7.8732837 7.8688883 7.8643957 7.8598198 7.8551734 7.8504685 7.8457161 7.8409263 7.8361086 7.8312714 7.826423 7.8215704 7.8167206 7.8118796 7.8070531 7.8022462 7.7974637 7.7927099 7.7879885 7.783303 7.7786567 7.7740524 7.7694925 7.7649794 7.7605149 7.7561009 7.7517387 7.7474298 7.7431752 7.7389758 7.7348324 7.7307456 7.7267158 7.7227433 7.7188284 7.7149711 7.7111715 7.7074293 7.7037445 7.7001168 7.6965458 7.6930312 7.6895724 7.686169 7.6828205 7.6795261 7.6762854 7.6730977 7.6699622 7.6668782 7.6638451 7.660862 7.6579283 7.655043 7.6522056 7.6494151 7.6466707 7.6439717
7.8787466 7.8745643 7.8702604 7.8658501 7.8613477 7.8567663 7.8521182 7.8474147 7.8426662 7.8378826 7.8330727 7.8282449 7.8234067 7.8185653 7.8137271 7.8088981 7.8040837 7.7992889 7.7945183 7.789776 7.7850658 7.7803911 7.7757549 7.7711601 7.7666092 7.7621042 7.7576472 7.75324 7.7488839 7.7445802 7.7403302 7.7361347 7.7319944 7.72791 7.723882 7.7199107 7.7159964 7.712139 7.7083388 7.7045955 7.7009091 7.6972793 7.6937058 7.6901883 7.6867262 7.6833192 7.6799667 7.6766682 7.673423 7.6702306 7.6670902 7.6640013 7.660963 7.6579746 7.6550355 7.6521449 7.649302 7.646506 7.6437561 7.6410517
7.875796 7.8715749 7.8672397 7.8628048 7.8582835 7.8536882 7.8490305 7.8443211 7.83957 7.8347864 7.8299788 7.8251551 7.8203227 7.8154881 7.8106578 7.8058373 7.801032 7.7962466 7.7914855 7.7867527 7.7820519 7.7773864 7.7727592 7.7681729 7.76363 7.7591327 7.7546829 7.7502821 7.745932 7.7416338 7.7373886 7.7331974 7.7290608 7.7249795 7.720954 7.7169847 7.7130717 7.7092154 7.7054155 7.7016723 7.6979854 7.6943547 7.6907799 7.6872607 7.6837967 7.6803874 7.6770323 7.6737309 7.6704827 7.667287 7.6641432 7.6610506 7.6580086 7.6550164 7.6520733 7.6491786 7.6463316 7.6435315 7.6407775 7.638069
7.8728582 7.8685884 7.8642126 7.8597443 7.855196 7.8505793 7.845905 7.8411832 7.8364234 7.8316343 7.8268238 7.8219996 7.8171686 7.8123371 7.8075111 7.8026961 7.797897 7.7931184 7.7883647 7.7836395 7.7789466 7.7742889 7.7696694 7.7650908 7.7605554 7.7560652 7.7516221 7.7472278 7.7428837 7.738591 7.734351 7.7301643 7.7260319 7.7219543 7.7179321 7.7139655 7.7100549 7.7062004 7.7024021 7.6986599 7.6949736 7.6913432 7.6877684 7.6842488 7.6807841 7.6773738 7.6740175 7.6707146 7.6674647 7.664267 7.6611211 7.6580263 7.6549819 7.6519872 7.6490415 7.6461442 7.6432944 7.6404915 7.6377348 7.6350234
