Cobbity2/QGIS/N-AveAve14.asc
NCOLS 399
NROWS 219
XLLCORNER 150.661
YLLCORNER -34.0267
CELLSIZE 1e-05
NODATA_VALUE -9999
[rows 50 to 74 of 219, columns 228 to 284 of 399]
0.1575759 0.16485286 0.1714743 0.17750727 0.18301436 0.18805249 0.19267261 0.19691993 0.20083432 0.20445086 0.20780035 0.21090986 0.2138032 0.21650131 0.21902268 0.22138365 0.2235987 0.22568068 0.22764103 0.22948996 0.23123659 0.23288911 0.23445487 0.23594049 0.23735194 0.23869465 0.23997349 0.24119294 0.24235703 0.24346947 0.24453363 0.2455526 0.24652922 0.24746607 0.24836558 0.24922992 0.25006115 0.25086115 0.25163165 0.25237427 0.25309051 0.25378176 0.25444933 0.25509441 0.25571813 0.25632155 0.25690565 0.25747135 0.25801951 0.25855095 0.25906642 0.25956663 0.26005227 0.26052396 0.2609823 0.26142785 0.26186115
0.15876933 0.16583885 0.17229951 0.17820707 0.18361561 0.18857569 0.19313348 0.19733059 0.20120418 0.20478726 0.20810908 0.2111955 0.21406938 0.21675097 0.2192582 0.22160695 0.22381135 0.22588399 0.22783608 0.22967764 0.23141766 0.23306422 0.23462456 0.23610522 0.23751213 0.23885063 0.24012558 0.24134139 0.24250208 0.24361133 0.24467248 0.24568861 0.24666252 0.24759682 0.24849387 0.24935589 0.25018488 0.25098273 0.25175118 0.25249182 0.25320615 0.25389556 0.25456135 0.25520471 0.25582676 0.25642857 0.2570111 0.25757528 0.25812197 0.25865196 0.25916603 0.25966489 0.2601492 0.2606196 0.26107667 0.26152099 0.26195308
0.16057831 0.16735632 0.17358473 0.17930629 0.18456494 0.18940341 0.19386183 0.19797716 0.20178293 0.20530937 0.20858352 0.21162955 0.21446896 0.21712094 0.21960255 0.22192901 0.2241139 0.22616934 0.2281062 0.22993421 0.2316621 0.23329773 0.23484821 0.23631992 0.23771866 0.23904969 0.24031777 0.24152726 0.2426821 0.24378591 0.244842 0.2458534 0.24682289 0.24775303 0.24864618 0.24950451 0.25033002 0.25112457 0.25188988 0.25262755 0.25333904 0.25402575 0.25468895 0.25532984 0.25594953 0.25654906 0.25712941 0.25769149 0.25823615 0.2587642 0.25927639 0.25977343 0.26025598 0.26072468 0.26118012 0.26162284 0.26205339
0.16289861 0.16932783 0.17527183 0.18076082 0.18582854 0.19050949 0.19483723 0.19884351 0.20255774 0.20600686 0.20921532 0.21220519 0.21499632 0.21760654 0.22005185 0.22234657 0.22450357 0.22653439 0.2284494 0.23025793 0.23196839 0.23358835 0.23512467 0.23658357 0.23797065 0.23929104 0.24054938 0.24174991 0.24289651 0.2439927 0.24504172 0.24604656 0.24700994 0.24793438 0.24882218 0.2496755 0.2504963 0.25128642 0.25204754 0.25278125 0.253489 0.25417215 0.25483198 0.25546965 0.25608627 0.25668288 0.25726044 0.25781985 0.25836195 0.25888755 0.25939739 0.25989216 0.26037254 0.26083914 0.26129256 0.26173334 0.262162
0.16562169 0.17167019 0.17729662 0.18252084 0.18736745 0.19186321 0.19603527 0.19991011 0.20351286 0.20686695 0.209994 0.21291379 0.21564429 0.2182018 0.22060106 0.22285538 0.22497676 0.22697604 0.22886302 0.23064652 0.23233454 0.23393433 0.23545244 0.23689483 0.23826692 0.23957363 0.24081947 0.24200853 0.24314458 0.24423103 0.24527106 0.24626756 0.24722319 0.24814041 0.24902148 0.24986849 0.25068339 0.25146796 0.25222387 0.25295266 0.25365577 0.25433454 0.25499021 0.25562394 0.25623683 0.25682988 0.25740405 0.25796022 0.25849924 0.25902189 0.2595289 0.26002098 0.26049876 0.26096288 0.2614139 0.26185238 0.26227884
0.16864522 0.17430196 0.17959436 0.18453474 0.18914037 0.19343139 0.19742916 0.2011552 0.20463049 0.20787501 0.21090748 0.21374529 0.21640446 0.21889964 0.22124421 0.22345035 0.22552912 0.22749057 0.22934383 0.23109717 0.23275813 0.23433355 0.23582964 0.23725207 0.23860602 0.23989619 0.2411269 0.24230209 0.24342539 0.2445001 0.24552928 0.24651572 0.24746203 0.24837057 0.24924356 0.25008303 0.25089087 0.25166882 0.25241852 0.25314147 0.25383907 0.25451264 0.2551634 0.25579249 0.25640097 0.25698984 0.25756004 0.25811243 0.25864785 0.25916707 0.2596708 0.26015974 0.26063453 0.26109577 0.26154404 0.26197987 0.26240379
0.17187955 0.17714881 0.18210387 0.18675234 0.1911062 0.1951803 0.19899114 0.20255587 0.20589167 0.20901525 0.21194256 0.21468864 0.2172675 0.21969216 0.22197456 0.22412572 0.2261557 0.2280737 0.22988813 0.23160668 0.23323636 0.23478355 0.23625411 0.23765338 0.23898625 0.2402572 0.24147033 0.2426294 0.24373787 0.24479892 0.24581549 0.24679027 0.24772575 0.24862423 0.24948785 0.25031858 0.25111825 0.25188855 0.25263108 0.25334728 0.25403855 0.25470614 0.25535126 0.25597501 0.25657845 0.25716253 0.25772819 0.25827627 0.25880759 0.2593229 0.25982291 0.26030829 0.26077968 0.26123768 0.26168284 0.26211569 0.26253675
0.1752504 0.18014636 0.18477019 0.18912717 0.19322583 0.19707715 0.20069372 0.20408906 0.20727701 0.21027135 0.21308544 0.2157321 0.21822345 0.22057083 0.22278482 0.22487521 0.22685107 0.22872073 0.23049185 0.23217148 0.23376609 0.23528159 0.23672343 0.23809662 0.23940573 0.24065498 0.24184824 0.24298909 0.24408081 0.24512642 0.24612872 0.2470903 0.24801354 0.24890065 0.24975368 0.25057453 0.25136497 0.25212665 0.25286107 0.25356968 0.2542538 0.25491467 0.25555344 0.2561712 0.25676897 0.25734769 0.25790826 0.25845151 0.25897824 0.25948919 0.25998504 0.26046646 0.26093407 0.26138845 0.26183015 0.2622597 0.26267758
0.17869869 0.18324095 0.18754577 0.19161775 0.19546345 0.19909119 0.20251062 0.20573232 0.20876736 0.21162694 0.21432213 0.21686371 0.219262 0.22152679 0.22366732 0.2256922 0.22760949 0.22942665 0.2311506 0.23278772 0.23434393 0.23582467 0.23723496 0.23857943 0.23986235 0.24108766 0.24225899 0.24337969 0.24445287 0.24548138 0.24646789 0.24741484 0.24832451 0.24919901 0.2500403 0.25085021 0.25163043 0.25238253 0.25310799 0.25380818 0.25448439 0.25513781 0.25576957 0.2563807 0.25697221 0.25754501 0.25809996 0.2586379 0.25915957 0.2596657 0.26015698 0.26063404 0.26109749 0.26154791 0.26198582 0.26241174 0.26282615
0.18217866 0.18638918 0.19039067 0.19418812 0.19778715 0.20119438 0.20441737 0.20746441 0.2103443 0.21306608 0.21563883 0.2180715 0.22037279 0.22255105 0.22461423 0.22656985 0.22842497 0.23018622 0.23185976 0.23345135 0.23496632 0.23640964 0.23778589 0.23909933 0.2403539 0.24155325 0.24270077 0.24379958 0.2448526 0.2458625 0.2468318 0.24776281 0.24865769 0.24951843 0.25034692 0.25114488 0.25191393 0.25265559 0.25337126 0.25406227 0.25472984 0.25537514 0.25599923 0.25660314 0.25718782 0.25775416 0.258303 0.25883513 0.2593513 0.25985221 0.26033851 0.26081083 0.26126976 0.26171587 0.26214966 0.26257165 0.2629823
0.18565552 0.18955657 0.19327203 0.19680776 0.20016914 0.20336177 0.20639175 0.20926567 0.21199052 0.21457359 0.21702223 0.21934382 0.22154562 0.22363465 0.2256177 0.22750125 0.22929144 0.23099408 0.23261462 0.23415818 0.23562955 0.23703319 0.23837328 0.23965368 0.24087802 0.24204965 0.2431717 0.24424707 0.24527846 0.24626839 0.2472192 0.24813307 0.24901203 0.24985797 0.25067266 0.25145774 0.25221476 0.25294516 0.25365028 0.25433137 0.25498963 0.25562616 0.256242 0.25683811 0.25741543 0.2579748 0.25851705 0.25904293 0.25955316 0.26004843 0.26052937 0.26099659 0.26145066 0.26189212 0.26232149 0.26273925 0.26314586
0.18910295 0.19271604 0.19616318 0.19945121 0.20258562 0.20557148 0.20841391 0.21111823 0.21369007 0.21613525 0.21845972 0.22066951 0.2227706 0.22476885 0.22667001 0.22847958 0.23020285 0.23184487 0.2334104 0.23490397 0.23632982 0.23769195 0.2389941 0.24023979 0.24143229 0.24257468 0.24366981 0.24472037 0.24572885 0.24669759 0.24762877 0.24852442 0.24938644 0.25021662 0.25101661 0.25178797 0.25253216 0.25325054 0.25394438 0.2546149 0.25526321 0.25589038 0.25649738 0.25708517 0.25765462 0.25820655 0.25874174 0.25926094 0.25976484 0.26025408 0.2607293 0.26119107 0.26163994 0.26207646 0.2625011 0.26291435 0.26331664
0.19250107 0.19584647 0.19904268 0.20209744 0.20501649 0.20780466 0.21046639 0.21300615 0.21542845 0.21773799 0.21993956 0.22203804 0.22403832 0.22594527 0.22776366 0.22949815 0.23115324 0.23273326 0.23424236 0.23568447 0.23706334 0.2383825 0.2396453 0.24085489 0.24201422 0.24312608 0.24419308 0.24521766 0.24620211 0.2471486 0.24805914 0.24893561 0.24977979 0.25059334 0.25137782 0.25213469 0.25286531 0.25357098 0.25425291 0.25491223 0.25555 0.25616725 0.2567649 0.25734386 0.25790497 0.25844901 0.25897673 0.25948884 0.25998601 0.26046887 0.26093801 0.261394 0.26183738 0.26226864 0.26268828 0.26309674 0.26349446
0.19583484 0.19893142 0.20189342 0.20472926 0.20744495 0.2100452 0.21253405 0.2149153 0.21719266 0.21936991 0.22145092 0.22343962 0.22533997 0.22715595 0.22889151 0.23055054 0.23213683 0.23365408 0.23510582 0.23649548 0.23782632 0.23910145 0.24032381 0.24149622 0.24262132 0.24370161 0.24473945 0.24573706 0.24669654 0.24761987 0.24850889 0.24936535 0.2501909 0.25098706 0.2517553 0.25249698 0.25321339 0.25390573 0.25457514 0.25522269 0.2558494 0.25645621 0.25704403 0.2576137 0.25816603 0.25870176 0.25922161 0.25972626 0.26021635 0.26069248 0.26115522 0.26160512 0.2620427 0.26246843 0.26288279 0.26328621 0.26367911
0.19909285 0.20195816 0.20470181 0.2073327 0.20985705 0.21227951 0.21460385 0.21683337 0.21897118 0.22102036 0.22298401 0.22486527 0.22666733 0.22839343 0.23004679 0.23163062 0.23314809 0.2346023 0.23599627 0.23733292 0.23861508 0.23984544 0.2410266 0.24216103 0.24325108 0.24429898 0.24530685 0.24627671 0.24721044 0.24810984 0.24897661 0.24981234 0.25061856 0.25139668 0.25214805 0.25287393 0.25357553 0.25425398 0.25491034 0.25554562 0.25616077 0.25675669 0.25733423 0.25789419 0.25843733 0.25896437 0.25947599 0.25997282 0.2604555 0.26092458 0.26138062 0.26182414 0.26225563 0.26267557 0.26308439 0.26348253 0.26387038
0.2022665 0.2049168 0.20745708 0.20989647 0.2122413 0.21449619 0.21666467 0.2187497 0.22075392 0.22267985 0.22452998 0.22630681 0.22801289 0.22965081 0.23122319 0.23273263 0.23418176 0.23557315 0.23690935 0.23819283 0.239426 0.2406112 0.24175068 0.2428466 0.24390103 0.24491595 0.24589325 0.24683472 0.24774207 0.24861693 0.24946084 0.25027526 0.25106157 0.25182107 0.25255502 0.25326458 0.25395087 0.25461494 0.25525778 0.25588033 0.25648349 0.2570681 0.25763495 0.25818482 0.25871841 0.2592364 0.25973944 0.26022814 0.26070309 0.26116483 0.26161388 0.26205075 0.2624759 0.26288979 0.26329285 0.26368547 0.26406806
0.20534932 0.20779975 0.21015077 0.21241151 0.21458832 0.21668574 0.21870713 0.22065516 0.2225321 0.22434005 0.22608098 0.2277569 0.22936981 0.23092177 0.23241486 0.2338512 0.23523291 0.23656211 0.23784092 0.23907141 0.24025563 0.24139557 0.24249317 0.2435503 0.24456876 0.2455503 0.24649659 0.24740923 0.24828974 0.24913959 0.24996016 0.25075278 0.2515187 0.25225913 0.2529752 0.25366799 0.25433852 0.25498778 0.25561669 0.25622611 0.25681689 0.25738981 0.25794563 0.25848505 0.25900876 0.25951739 0.26001155 0.26049182 0.26095875 0.26141287 0.26185468 0.26228465 0.26270322 0.26311083 0.2635079 0.2638948 0.26427191
0.20833652 0.21060122 0.21277625 0.21487059 0.21689048 0.21884033 0.22072335 0.22254196 0.22429816 0.22599367 0.22763008 0.22920898 0.23073194 0.23220055 0.23361647 0.23498136 0.23629695 0.23756495 0.23878709 0.23996509 0.24110068 0.24219552 0.24325128 0.24426955 0.24525192 0.24619988 0.24711492 0.24799843 0.24885178 0.24967626 0.25047313 0.25124358 0.25198875 0.25270972 0.25340753 0.25408318 0.2547376 0.25537169 0.2559863 0.25658225 0.25716032 0.25772123 0.25826569 0.25879437 0.25930789 0.25980687 0.26029187 0.26076344 0.26122211 0.26166837 0.26210268 0.26252552 0.26293729 0.26333841 0.26372928 0.26411025 0.2644817
0.21122457 0.21331681 0.2153284 0.217268 0.21914165 0.22095357 0.2227068 0.22440358 0.22604564 0.22763442 0.22917123 0.23065727 0.23209378 0.23348198 0.23482314 0.23611859 0.23736966 0.23857773 0.2397442 0.2408705 0.24195802 0.24300817 0.24402235 0.24500192 0.24594823 0.2468626 0.24774628 0.24860053 0.24942652 0.25022543 0.25099836 0.25174638 0.25247051 0.25317173 0.253851 0.2545092 0.2551472 0.25576582 0.25636586 0.25694805 0.25751311 0.25806173 0.25859456 0.25911222 0.2596153 0.26010437 0.26057996 0.2610426 0.26149277 0.26193093 0.26235755 0.26277304 0.2631778 0.26357224 0.26395672 0.26433159 0.2646972
0.21401092 0.21594326 0.21780333 0.2195993 0.22133694 0.22302026 0.22465211 0.22623454 0.22776907 0.22925694 0.23069916 0.2320967 0.23345048 0.23476143 0.23603052 0.23725874 0.23844716 0.23959684 0.24070889 0.24178447 0.24282472 0.24383079 0.24480385 0.24574506 0.24665555 0.24753644 0.24838883 0.2492138 0.25001239 0.25078562 0.25153447 0.25225989 0.2529628 0.25364408 0.25430457 0.25494511 0.25556646 0.25616938 0.25675459 0.25732277 0.2578746 0.25841069 0.25893165 0.25943806 0.25993047 0.26040941 0.26087539 0.26132887 0.26177033 0.26220021 0.26261893 0.26302688 0.26342446 0.26381203 0.26418995 0.26455855 0.26491815
0.21669379 0.21847822 0.22019811 0.22186109 0.22347256 0.22503629 0.22655493 0.22803036 0.22946392 0.23085665 0.2322094 0.23352288 0.23479779 0.23603482 0.23723469 0.23839813 0.23952594 0.24061896 0.24167805 0.2427041 0.24369805 0.24466084 0.24559342 0.24649675 0.24737179 0.24821948 0.24904077 0.24983659 0.25060783 0.25135539 0.25208012 0.25278288 0.25346446 0.25412567 0.25476726 0.25538997 0.2559945 0.25658154 0.25715174 0.25770573 0.25824412 0.25876748 0.25927639 0.25977136 0.26025291 0.26072153 0.26117769 0.26162184 0.26205442 0.26247583 0.26288647 0.26328672 0.26367695 0.26405749 0.2644287 0.26479087 0.26514432
0.21927202 0.22092008 0.2225107 0.22405089 0.22554565 0.22699847 0.22841182 0.2297874 0.23112643 0.23242978 0.23369813 0.23493205 0.23613203 0.23729858 0.2384322 0.23953343 0.24060286 0.2416411 0.24264882 0.24362672 0.24457551 0.24549596 0.24638883 0.24725492 0.24809502 0.24890992 0.24970042 0.25046731 0.25121136 0.25193335 0.25263403 0.25331413 0.25397438 0.25461547 0.25523807 0.25584286 0.25643046 0.25700149 0.25755655 0.25809621 0.25862102 0.25913151 0.25962819 0.26011156 0.26058209 0.26104023 0.26148642 0.26192109 0.26234462 0.26275741 0.26315982 0.26355223 0.26393495 0.26430833 0.26467267 0.26502829 0.26537546
0.22174502 0.22326792 0.22473978 0.226167 0.22755413 0.22890442 0.23022012 0.23150281 0.23275358 0.23397319 0.23516219 0.23632103 0.23745005 0.2385496 0.23962004 0.24066173 0.2416751 0.24266057 0.24361866 0.24454986 0.24545476 0.24633394 0.24718802 0.24801762 0.2488234 0.24960603 0.25036615 0.25110445 0.25182157 0.25251819 0.25319495 0.2538525 0.25449146 0.25511245 0.25571606 0.2563029 0.25687352 0.25742847 0.2579683 0.25849353 0.25900465 0.25950215 0.25998649 0.26045814 0.26091752 0.26136505 0.26180115 0.26222618 0.26264054 0.26304458 0.26343864 0.26382306 0.26419816 0.26456424 0.2649216 0.26527053 0.2656113
0.22411275 0.22552146 0.22688476 0.22820844 0.22949668 0.23075247 0.23197789 0.23317441 0.23434301 0.23548438 0.23659899 0.23768716 0.23874917 0.23978523 0.24079558 0.24178047 0.24274016 0.24367497 0.24458523 0.24547134 0.24633371 0.2471728 0.24798908 0.24878305 0.24955525 0.2503062 0.25103646 0.25174658 0.25243712 0.25310864 0.25376171 0.25439686 0.25501466 0.25561563 0.25620031 0.25676921 0.25732284 0.2578617 0.25838627 0.25889701 0.25939437 0.25987881 0.26035073 0.26081056 0.2612587 0.26169552 0.26212141 0.26253672 0.26294179 0.26333696 0.26372256 0.26409889 0.26446625 0.26482493 0.26517521 0.26551734 0.26585161
0.22637583 0.22768106 0.22894567 0.23017492 0.23137265 0.23254163 0.23368384 0.23480063 0.23589295 0.23696142 0.23800644 0.2390283 0.24002718 0.24100323 0.2419566 0.24288743 0.24379588 0.24468216 0.2455465 0.24638916 0.24721045 0.24801069 0.24879027 0.24954955 0.25028897 0.25100894 0.25170992 0.25239237 0.25305674 0.25370351 0.25433316 0.25494615 0.25554297 0.25612406 0.25668991 0.25724096 0.25777766 0.25830044 0.25880975 0.25930599 0.25978957 0.2602609 0.26072035 0.26116831 0.26160513 0.26203118 0.26244678 0.26285227 0.26324798 0.2636342 0.26401124 0.26437939 0.26473892 0.2650901 0.2654332 0.26576845 0.26609612
