Cobbity2/QGIS/N-AveAve14.asc
NCOLS 399
NROWS 219
XLLCORNER 150.661
YLLCORNER -34.0267
CELLSIZE 1e-05
NODATA_VALUE -9999
[rows 75 to 99 of 219, columns 285 to 341 of 399]
0.26665847 0.26696547 0.26726579 0.26755962 0.26784716 0.26812859 0.26840408 0.26867381 0.26893794 0.26919663 0.26945004 0.26969831 0.26994159 0.27018002 0.27041373 0.27064285 0.27086751 0.27108782 0.27130391 0.27151589 0.27172386 0.27192794 0.27212822 0.27232481 0.2725178 0.27270728 0.27289335 0.27307609 0.27325558 0.2734319 0.27360514 0.27377537 0.27394267 0.2741071 0.27426874 0.27442766 0.27458391 0.27473756 0.27488868 0.27503732 0.27518354 0.27532739 0.27546894 0.27560824 0.27574532 0.27588026 0.27601308 0.27614385 0.2762726 0.27639939 0.27652424 0.27664722 0.27676834 0.27688767 0.27700523 0.27712106 0.27723519
0.26690416 0.26720494 0.26749928 0.26778736 0.26806936 0.26834546 0.26861582 0.26888061 0.26913998 0.26939408 0.26964305 0.26988705 0.2701262 0.27036064 0.2705905 0.2708159 0.27103695 0.27125379 0.27146651 0.27167522 0.27188004 0.27208106 0.27227838 0.27247209 0.2726623 0.27284908 0.27303252 0.27321271 0.27338973 0.27356366 0.27373456 0.27390253 0.27406762 0.27422992 0.27438947 0.27454636 0.27470064 0.27485237 0.27500162 0.27514843 0.27529288 0.27543501 0.27557487 0.27571252 0.27584801 0.27598138 0.27611268 0.27624196 0.27636926 0.27649463 0.2766181 0.27673972 0.27685953 0.27697756 0.27709386 0.27720846 0.27732139
0.26715325 0.26744775 0.26773605 0.26801833 0.26829474 0.26856545 0.26883063 0.26909042 0.26934496 0.26959441 0.26983891 0.27007857 0.27031354 0.27054394 0.27076989 0.27099152 0.27120892 0.27142222 0.27163152 0.27183693 0.27203854 0.27223645 0.27243076 0.27262156 0.27280893 0.27299296 0.27317374 0.27335135 0.27352586 0.27369734 0.27386588 0.27403154 0.2741944 0.27435451 0.27451195 0.27466677 0.27481904 0.27496882 0.27511617 0.27526114 0.27540378 0.27554415 0.2756823 0.27581828 0.27595213 0.27608391 0.27621366 0.27634143 0.27646725 0.27659118 0.27671324 0.27683349 0.27695195 0.27706867 0.27718368 0.27729702 0.27740873
0.2674055 0.26769369 0.2679759 0.26825232 0.2685231 0.26878838 0.26904832 0.26930306 0.26955274 0.26979749 0.27003744 0.27027273 0.27050347 0.27072978 0.27095178 0.27116958 0.27138329 0.27159301 0.27179885 0.2720009 0.27219926 0.27239403 0.27258528 0.27277312 0.27295762 0.27313887 0.27331695 0.27349193 0.27366388 0.27383289 0.27399903 0.27416235 0.27432293 0.27448083 0.27463611 0.27478884 0.27493908 0.27508688 0.27523229 0.27537537 0.27551618 0.27565476 0.27579117 0.27592545 0.27605765 0.27618782 0.27631599 0.27644222 0.27656654 0.276689 0.27680963 0.27692847 0.27704557 0.27716095 0.27727466 0.27738673 0.27749719
0.26766069 0.26794252 0.26821862 0.26848915 0.26875424 0.26901406 0.26926872 0.26951837 0.26976314 0.27000315 0.27023853 0.27046939 0.27069586 0.27091804 0.27113605 0.27134998 0.27155995 0.27176605 0.27196839 0.27216704 0.27236211 0.27255369 0.27274186 0.2729267 0.27310829 0.27328672 0.27346205 0.27363437 0.27380374 0.27397024 0.27413393 0.27429488 0.27445316 0.27460881 0.27476192 0.27491252 0.27506069 0.27520647 0.27534992 0.2754911 0.27563004 0.27576681 0.27590145 0.27603401 0.27616452 0.27629305 0.27641962 0.27654429 0.27666708 0.27678805 0.27690723 0.27702465 0.27714036 0.27725439 0.27736677 0.27747754 0.27758673
0.26791859 0.26819403 0.26846399 0.2687286 0.26898799 0.2692423 0.26949165 0.26973618 0.269976 0.27021124 0.270442 0.27066841 0.27089057 0.27110858 0.27132256 0.27153259 0.27173879 0.27194123 0.27214003 0.27233525 0.272527 0.27271535 0.27290039 0.2730822 0.27326085 0.27343642 0.27360898 0.2737786 0.27394536 0.27410932 0.27427054 0.27442909 0.27458502 0.27473841 0.2748893 0.27503775 0.27518382 0.27532756 0.27546903 0.27560826 0.27574532 0.27588025 0.2760131 0.2761439 0.27627271 0.27639957 0.27652452 0.2766476 0.27676885 0.27688831 0.27700601 0.27712199 0.2772363 0.27734895 0.27745998 0.27756944 0.27767735
0.26817896 0.26844801 0.26871181 0.26897048 0.26922414 0.26947292 0.26971694 0.26995632 0.27019117 0.2704216 0.27064773 0.27086965 0.27108746 0.27130128 0.27151119 0.2717173 0.27191968 0.27211844 0.27231366 0.27250543 0.27269382 0.27287891 0.27306079 0.27323954 0.27341521 0.2735879 0.27375766 0.27392456 0.27408867 0.27425005 0.27440877 0.27456489 0.27471846 0.27486954 0.2750182 0.27516447 0.27530842 0.27545009 0.27558954 0.27572682 0.27586197 0.27599503 0.27612606 0.27625509 0.27638218 0.27650735 0.27663065 0.27675213 0.27687181 0.27698973 0.27710594 0.27722046 0.27733334 0.27744459 0.27755427 0.27766239 0.27776899
0.26844159 0.26870425 0.26896188 0.26921459 0.26946252 0.26970576 0.26994443 0.27017864 0.27040849 0.2706341 0.27085556 0.27107296 0.27128642 0.27149601 0.27170183 0.27190398 0.27210253 0.27229757 0.27248919 0.27267746 0.27286247 0.27304428 0.27322298 0.27339863 0.27357131 0.27374108 0.273908 0.27407216 0.27423359 0.27439238 0.27454857 0.27470223 0.27485341 0.27500217 0.27514856 0.27529263 0.27543443 0.27557401 0.27571143 0.27584672 0.27597993 0.27611111 0.2762403 0.27636754 0.27649287 0.27661634 0.27673798 0.27685782 0.27697592 0.27709229 0.27720698 0.27732003 0.27743145 0.2775413 0.27764959 0.27775636 0.27786164
0.26870626 0.26896253 0.26921399 0.26946076 0.26970293 0.26994062 0.27017393 0.27040296 0.27062781 0.27084857 0.27106535 0.27127822 0.27148729 0.27169264 0.27189435 0.27209251 0.27228721 0.27247851 0.27266651 0.27285127 0.27303286 0.27321137 0.27338686 0.27355939 0.27372904 0.27389587 0.27405995 0.27422132 0.27438006 0.27453623 0.27468987 0.27484105 0.27498982 0.27513622 0.27528032 0.27542217 0.2755618 0.27569927 0.27583463 0.27596791 0.27609917 0.27622844 0.27635577 0.2764812 0.27660476 0.2767265 0.27684645 0.27696465 0.27708114 0.27719595 0.2773091 0.27742065 0.27753061 0.27763903 0.27774592 0.27785133 0.27795527
0.26897276 0.26922265 0.26946796 0.26970878 0.26994521 0.27017735 0.27040529 0.27062913 0.27084897 0.27106488 0.27127696 0.27148529 0.27168996 0.27189104 0.27208863 0.27228279 0.27247361 0.27266116 0.27284551 0.27302674 0.2732049 0.27338008 0.27355234 0.27372174 0.27388834 0.27405221 0.2742134 0.27437198 0.27452801 0.27468153 0.2748326 0.27498127 0.27512761 0.27527164 0.27541344 0.27555303 0.27569047 0.27582581 0.27595909 0.27609035 0.27621963 0.27634698 0.27647243 0.27659602 0.2767178 0.27683779 0.27695604 0.27707258 0.27718744 0.27730066 0.27741227 0.2775223 0.27763079 0.27773775 0.27784324 0.27794726 0.27804985
0.26924088 0.26948442 0.26972358 0.26995847 0.27018916 0.27041576 0.27063834 0.270857 0.27107181 0.27128287 0.27149025 0.27169403 0.27189429 0.2720911 0.27228455 0.2724747 0.27266163 0.27284541 0.2730261 0.27320377 0.27337849 0.27355032 0.27371933 0.27388557 0.27404911 0.27421 0.2743683 0.27452407 0.27467735 0.27482821 0.27497669 0.27512284 0.27526672 0.27540837 0.27554784 0.27568516 0.2758204 0.27595359 0.27608477 0.27621398 0.27634127 0.27646667 0.27659023 0.27671197 0.27683194 0.27695018 0.2770667 0.27718156 0.27729478 0.2774064 0.27751645 0.27762495 0.27773194 0.27783744 0.2779415 0.27804412 0.27814535
0.26951043 0.26974764 0.26998069 0.27020966 0.27043463 0.2706557 0.27087293 0.27108641 0.27129621 0.27150241 0.27170508 0.27190431 0.27210015 0.27229269 0.27248199 0.27266812 0.27285115 0.27303114 0.27320816 0.27338227 0.27355353 0.27372201 0.27388775 0.27405082 0.27421128 0.27436917 0.27452456 0.2746775 0.27482803 0.2749762 0.27512208 0.27526569 0.2754071 0.27554634 0.27568346 0.27581851 0.27595152 0.27608254 0.27621161 0.27633876 0.27646404 0.27658748 0.27670913 0.276829 0.27694715 0.27706361 0.2771784 0.27729156 0.27740313 0.27751313 0.2776216 0.27772855 0.27783403 0.27793807 0.27804068 0.27814189 0.27824174
0.26978121 0.27001212 0.27023908 0.27046217 0.27068145 0.270897 0.27110889 0.2713172 0.27152199 0.27172335 0.27192132 0.272116 0.27230743 0.27249569 0.27268084 0.27286295 0.27304207 0.27321827 0.27339161 0.27356215 0.27372994 0.27389504 0.27405751 0.2742174 0.27437476 0.27452965 0.27468211 0.2748322 0.27497996 0.27512545 0.2752687 0.27540976 0.27554868 0.2756855 0.27582027 0.27595301 0.27608379 0.27621262 0.27633956 0.27646464 0.27658789 0.27670936 0.27682908 0.27694707 0.27706339 0.27717805 0.27729109 0.27740255 0.27751245 0.27762081 0.27772769 0.27783309 0.27793704 0.27803959 0.27814074 0.27824053 0.27833899
0.27005302 0.27027769 0.2704986 0.27071583 0.27092944 0.2711395 0.27134608 0.27154923 0.27174904 0.27194555 0.27213884 0.27232897 0.27251599 0.27269998 0.27288098 0.27305906 0.27323427 0.27340668 0.27357634 0.27374329 0.27390761 0.27406933 0.27422852 0.27438522 0.27453948 0.27469135 0.27484087 0.27498811 0.27513309 0.27527587 0.27541648 0.27555498 0.2756914 0.27582579 0.27595818 0.27608862 0.27621714 0.27634378 0.27646857 0.27659156 0.27671278 0.27683226 0.27695004 0.27706614 0.2771806 0.27729346 0.27740474 0.27751447 0.27762269 0.27772942 0.27783468 0.27793851 0.27804093 0.27814197 0.27824166 0.27834002 0.27843707
0.27032569 0.27054416 0.27075906 0.27097047 0.27117845 0.27138305 0.27158434 0.27178237 0.2719772 0.2721689 0.27235751 0.2725431 0.27272573 0.27290544 0.2730823 0.27325635 0.27342766 0.27359628 0.27376225 0.27392562 0.27408646 0.2742448 0.2744007 0.2745542 0.27470534 0.27485419 0.27500077 0.27514514 0.27528733 0.27542739 0.27556537 0.27570129 0.2758352 0.27596714 0.27609715 0.27622527 0.27635152 0.27647595 0.2765986 0.27671949 0.27683865 0.27695613 0.27707196 0.27718616 0.27729876 0.2774098 0.27751931 0.27762731 0.27773383 0.2778389 0.27794254 0.27804479 0.27814567 0.2782452 0.27834341 0.27844032 0.27853595
0.27059904 0.27081136 0.27102031 0.27122595 0.27142833 0.2716275 0.27182353 0.27201646 0.27220634 0.27239324 0.2725772 0.27275827 0.27293651 0.27311196 0.27328468 0.27345472 0.27362213 0.27378695 0.27394924 0.27410904 0.27426639 0.27442135 0.27457396 0.27472425 0.27487229 0.2750181 0.27516173 0.27530323 0.27544263 0.27557997 0.27571529 0.27584862 0.27598002 0.27610951 0.27623713 0.27636291 0.27648689 0.2766091 0.27672958 0.27684836 0.27696547 0.27708094 0.2771948 0.27730708 0.27741781 0.27752703 0.27763475 0.277741 0.27784582 0.27794922 0.27805124 0.2781519 0.27825122 0.27834922 0.27844594 0.2785414 0.2786356
0.2708729 0.27107913 0.27128217 0.27148209 0.27167892 0.27187271 0.27206351 0.27225137 0.27243633 0.27261846 0.27279778 0.27297435 0.27314822 0.27331943 0.27348803 0.27365406 0.27381758 0.27397862 0.27413723 0.27429345 0.27444732 0.2745989 0.27474821 0.27489531 0.27504023 0.27518301 0.27532369 0.27546231 0.2755989 0.27573351 0.27586617 0.27599692 0.27612579 0.27625282 0.27637804 0.27650148 0.27662318 0.27674317 0.27686148 0.27697814 0.27709317 0.27720662 0.27731851 0.27742887 0.27753772 0.2776451 0.27775102 0.27785553 0.27795863 0.27806036 0.27816074 0.27825979 0.27835755 0.27845402 0.27854924 0.27864323 0.278736
0.2711471 0.2713473 0.2715445 0.27173875 0.27193007 0.27211852 0.27230414 0.27248697 0.27266705 0.27284442 0.27301914 0.27319123 0.27336075 0.27352774 0.27369223 0.27385427 0.2740139 0.27417117 0.27432611 0.27447876 0.27462916 0.27477736 0.27492339 0.27506728 0.27520908 0.27534883 0.27548656 0.2756223 0.27575609 0.27588797 0.27601797 0.27614613 0.27627247 0.27639703 0.27651984 0.27664094 0.27676035 0.2768781 0.27699423 0.27710876 0.27722173 0.27733315 0.27744306 0.27755148 0.27765845 0.27776398 0.2778681 0.27797084 0.27807222 0.27817226 0.278271 0.27836844 0.27846462 0.27855956 0.27865327 0.27874578 0.27883711
0.27142148 0.27161573 0.27180715 0.27199578 0.27218166 0.27236481 0.27254529 0.27272313 0.27289836 0.27307102 0.27324115 0.2734088 0.27357399 0.27373677 0.27389718 0.27405524 0.27421101 0.27436452 0.2745158 0.27466489 0.27481183 0.27495665 0.2750994 0.2752401 0.27537879 0.2755155 0.27565027 0.27578314 0.27591413 0.27604327 0.27617061 0.27629617 0.27641998 0.27654207 0.27666247 0.27678122 0.27689834 0.27701385 0.2771278 0.2772402 0.27735108 0.27746047 0.27756839 0.27767487 0.27777994 0.27788362 0.27798593 0.2780869 0.27818655 0.27828491 0.27838199 0.27847782 0.27857241 0.2786658 0.278758 0.27884903 0.27893891
0.2716959 0.27188427 0.27206997 0.27225305 0.27243353 0.27261145 0.27278683 0.27295972 0.27313014 0.27329813 0.27346371 0.27362694 0.27378784 0.27394644 0.27410277 0.27425689 0.27440881 0.27455857 0.2747062 0.27485175 0.27499523 0.27513669 0.27527616 0.27541367 0.27554926 0.27568294 0.27581477 0.27594476 0.27607294 0.27619936 0.27632403 0.27644699 0.27656827 0.27668789 0.27680588 0.27692228 0.2770371 0.27715037 0.27726213 0.27737239 0.27748118 0.27758853 0.27769447 0.277799 0.27790217 0.27800399 0.27810449 0.27820368 0.2783016 0.27839825 0.27849367 0.27858788 0.27868088 0.27877272 0.27886339 0.27895293 0.27904136
0.27197021 0.27215277 0.27233283 0.27251042 0.27268557 0.2728583 0.27302864 0.27319662 0.27336228 0.27352563 0.27368671 0.27384555 0.27400218 0.27415662 0.27430892 0.2744591 0.27460719 0.27475323 0.27489724 0.27503925 0.27517929 0.2753174 0.27545361 0.27558794 0.27572042 0.27585109 0.27597997 0.27610709 0.27623248 0.27635616 0.27647817 0.27659854 0.27671728 0.27683443 0.27695001 0.27706405 0.27717657 0.2772876 0.27739717 0.27750529 0.27761199 0.2777173 0.27782124 0.27792383 0.27802509 0.27812505 0.27822372 0.27832114 0.27841731 0.27851226 0.27860602 0.27869859 0.27879 0.27888028 0.27896942 0.27905747 0.27914443
0.27224426 0.27242109 0.27259559 0.27276776 0.27293764 0.27310524 0.2732706 0.27343373 0.27359466 0.27375342 0.27391003 0.27406452 0.27421691 0.27436724 0.27451552 0.27466179 0.27480608 0.27494841 0.27508881 0.27522731 0.27536393 0.2754987 0.27563166 0.27576282 0.27589221 0.27601987 0.27614581 0.27627006 0.27639266 0.27651362 0.27663298 0.27675075 0.27686696 0.27698164 0.27709481 0.27720649 0.27731671 0.2774255 0.27753287 0.27763885 0.27774346 0.27784673 0.27794867 0.2780493 0.27814866 0.27824675 0.2783436 0.27843923 0.27853366 0.2786269 0.27871899 0.27880992 0.27889974 0.27898845 0.27907606 0.27916261 0.2792481
0.27251794 0.27268912 0.27285812 0.27302494 0.27318962 0.27335216 0.27351258 0.27367091 0.27382717 0.27398139 0.27413357 0.27428374 0.27443194 0.27457818 0.27472248 0.27486488 0.27500539 0.27514403 0.27528085 0.27541585 0.27554906 0.27568051 0.27581023 0.27593824 0.27606455 0.27618921 0.27631222 0.27643362 0.27655343 0.27667168 0.27678838 0.27690356 0.27701724 0.27712945 0.27724021 0.27734955 0.27745747 0.27756402 0.2776692 0.27777303 0.27787555 0.27797677 0.27807671 0.27817539 0.27827284 0.27836906 0.27846408 0.27855792 0.2786506 0.27874214 0.27883255 0.27892185 0.27901006 0.27909719 0.27918327 0.27926832 0.27935233
0.2727911 0.27295672 0.2731203 0.27328185 0.27344139 0.27359893 0.27375449 0.27390808 0.27405972 0.27420943 0.27435723 0.27450313 0.27464717 0.27478936 0.27492971 0.27506826 0.27520502 0.27534001 0.27547326 0.27560478 0.27573461 0.27586276 0.27598926 0.27611412 0.27623738 0.27635904 0.27647914 0.2765977 0.27671473 0.27683026 0.27694432 0.27705692 0.27716808 0.27727783 0.27738619 0.27749317 0.2775988 0.2777031 0.27780609 0.27790779 0.27800821 0.27810739 0.27820533 0.27830205 0.27839758 0.27849194 0.27858513 0.27867718 0.27876811 0.27885793 0.27894666 0.27903432 0.27912093 0.27920649 0.27929103 0.27937456 0.2794571
0.27306362 0.27322377 0.27338202 0.27353838 0.27369285 0.27384546 0.2739962 0.27414511 0.27429218 0.27443745 0.27458091 0.27472259 0.27486251 0.27500068 0.27513712 0.27527185 0.27540489 0.27553625 0.27566597 0.27579404 0.27592051 0.27604538 0.27616867 0.27629041 0.27641062 0.27652931 0.2766465 0.27676222 0.27687649 0.27698932 0.27710074 0.27721077 0.27731942 0.27742671 0.27753266 0.2776373 0.27774065 0.27784271 0.27794351 0.27804307 0.2781414 0.27823853 0.27833447 0.27842924 0.27852286 0.27861534 0.27870671 0.27879697 0.27888614 0.27897425 0.2790613 0.27914732 0.27923232 0.2793163 0.2793993 0.27948132 0.27956238
