Cobbity2/QGIS/N-AveAve14.asc
NCOLS 399
NROWS 219
XLLCORNER 150.661
YLLCORNER -34.0267
CELLSIZE 1e-05
NODATA_VALUE -9999
[rows 50 to 74 of 219, columns 285 to 341 of 399]
0.26228269 0.26269295 0.26309237 0.2634814 0.26386042 0.26422982 0.26458996 0.26494119 0.26528384 0.26561822 0.26594462 0.26626332 0.26657461 0.26687872 0.26717591 0.26746642 0.26775046 0.26802824 0.26829998 0.26856587 0.26882609 0.26908082 0.26933023 0.2695745 0.26981377 0.27004819 0.27027792 0.27050308 0.27072382 0.27094027 0.27115254 0.27136075 0.27156502 0.27176547 0.27196218 0.27215528 0.27234485 0.27253099 0.27271379 0.27289334 0.27306973 0.27324303 0.27341333 0.2735807 0.27374522 0.27390696 0.27406598 0.27422236 0.27437615 0.27452743 0.27467625 0.27482267 0.27496675 0.27510853 0.27524809 0.27538546 0.27552069
0.26237345 0.26278256 0.26318086 0.26356879 0.26394673 0.26431508 0.2646742 0.26502442 0.26536608 0.26569949 0.26602494 0.26634271 0.26665308 0.2669563 0.26725262 0.26754226 0.26782545 0.26810241 0.26837333 0.26863842 0.26889785 0.26915181 0.26940046 0.26964398 0.26988251 0.27011622 0.27034523 0.2705697 0.27078976 0.27100552 0.27121713 0.27142469 0.27162832 0.27182813 0.27202422 0.2722167 0.27240567 0.27259122 0.27277343 0.27295241 0.27312822 0.27330097 0.27347071 0.27363754 0.27380152 0.27396273 0.27412124 0.2742771 0.27443039 0.27458117 0.2747295 0.27487543 0.27501903 0.27516035 0.27529943 0.27543635 0.27557113
0.26247226 0.26287991 0.26327681 0.26366336 0.26403997 0.26440701 0.26476486 0.26511385 0.26545431 0.26578654 0.26611085 0.26642751 0.26673679 0.26703895 0.26733422 0.26762284 0.26790504 0.26818103 0.268451 0.26871515 0.26897367 0.26922673 0.26947451 0.26971717 0.26995487 0.27018775 0.27041595 0.27063963 0.27085891 0.27107391 0.27128477 0.27149159 0.2716945 0.2718936 0.272089 0.2722808 0.27246909 0.27265397 0.27283554 0.27301388 0.27318907 0.27336119 0.27353033 0.27369656 0.27385996 0.27402059 0.27417852 0.27433383 0.27448656 0.2746368 0.27478459 0.27493 0.27507308 0.27521389 0.27535247 0.27548889 0.27562319
0.26257905 0.26298495 0.26338014 0.26376505 0.26414006 0.26450556 0.26486191 0.26520944 0.26554849 0.26587935 0.26620232 0.26651767 0.26682569 0.26712661 0.26742068 0.26770814 0.26798919 0.26826406 0.26853294 0.26879604 0.26905352 0.26930557 0.26955236 0.26979405 0.2700308 0.27026275 0.27049006 0.27071284 0.27093125 0.27114541 0.27135543 0.27156144 0.27176355 0.27196186 0.27215649 0.27234754 0.27253509 0.27271925 0.2729001 0.27307774 0.27325224 0.27342369 0.27359217 0.27375775 0.27392051 0.27408051 0.27423783 0.27439252 0.27454467 0.27469431 0.27484153 0.27498637 0.27512889 0.27526915 0.27540719 0.27554308 0.27567685
0.26269375 0.2630976 0.26349081 0.26387379 0.26424696 0.26461067 0.26496528 0.26531114 0.26564856 0.26597784 0.26629928 0.26661316 0.26691973 0.26721925 0.26751197 0.2677981 0.26807786 0.26835148 0.26861914 0.26888104 0.26913737 0.26938829 0.26963398 0.26987459 0.27011029 0.27034121 0.27056751 0.27078932 0.27100677 0.27121999 0.2714291 0.27163421 0.27183544 0.2720329 0.27222669 0.27241691 0.27260365 0.27278702 0.2729671 0.27314398 0.27331774 0.27348846 0.27365622 0.27382109 0.27398316 0.27414248 0.27429914 0.27445318 0.27460468 0.2747537 0.2749003 0.27504453 0.27518645 0.27532612 0.27546359 0.2755989 0.27573212
0.26281626 0.26321776 0.26360871 0.26398952 0.26436058 0.26472226 0.26507492 0.26541888 0.26575446 0.26608197 0.2664017 0.26671391 0.26701887 0.26731683 0.26760802 0.26789268 0.26817102 0.26844324 0.26870955 0.26897014 0.26922518 0.26947485 0.26971932 0.26995876 0.2701933 0.2704231 0.2706483 0.27086904 0.27108544 0.27129764 0.27150575 0.27170988 0.27191016 0.27210669 0.27229956 0.27248889 0.27267476 0.27285728 0.27303652 0.27321258 0.27338553 0.27355547 0.27372246 0.27388658 0.2740479 0.2742065 0.27436244 0.27451578 0.2746666 0.27481494 0.27496088 0.27510446 0.27524575 0.27538479 0.27552164 0.27565635 0.27578897
0.26294648 0.26334534 0.26373375 0.26411212 0.26448083 0.26484025 0.26519073 0.26553258 0.26586613 0.26619168 0.2665095 0.26681987 0.26712305 0.26741929 0.26770881 0.26799184 0.26826861 0.2685393 0.26880413 0.26906327 0.26931691 0.26956522 0.26980837 0.27004651 0.2702798 0.27050837 0.27073238 0.27095196 0.27116723 0.27137832 0.27158535 0.27178843 0.27198768 0.2721832 0.27237509 0.27256346 0.27274839 0.27292999 0.27310833 0.27328351 0.27345561 0.2736247 0.27379087 0.27395418 0.27411471 0.27427254 0.27442771 0.27458031 0.2747304 0.27487803 0.27502326 0.27516615 0.27530676 0.27544514 0.27558134 0.27571541 0.27584741
0.26308428 0.26348022 0.26386583 0.26424151 0.26460763 0.26496456 0.26531263 0.26565217 0.26598349 0.26630687 0.26662262 0.26693097 0.26723221 0.26752656 0.26781425 0.26809552 0.26837057 0.26863961 0.26890282 0.2691604 0.26941253 0.26965936 0.26990107 0.27013782 0.27036975 0.270597 0.27081973 0.27103805 0.2712521 0.271462 0.27166787 0.27186982 0.27206797 0.27226241 0.27245325 0.27264059 0.27282452 0.27300514 0.27318252 0.27335677 0.27352795 0.27369614 0.27386143 0.27402388 0.27418358 0.27434058 0.27449495 0.27464676 0.27479607 0.27494294 0.27508743 0.27522959 0.27536949 0.27550717 0.27564268 0.27577607 0.2759074
0.26322952 0.26362228 0.26400483 0.26437757 0.26474086 0.26509507 0.26544053 0.26577755 0.26610644 0.26642749 0.26674097 0.26704714 0.26734627 0.26763858 0.2679243 0.26820366 0.26847686 0.26874411 0.26900559 0.26926148 0.26951197 0.26975722 0.26999739 0.27023264 0.27046311 0.27068895 0.2709103 0.27112728 0.27134002 0.27154865 0.27175328 0.27195403 0.272151 0.27234429 0.27253401 0.27272026 0.27290313 0.2730827 0.27325907 0.27343231 0.27360252 0.27376977 0.27393412 0.27409567 0.27425447 0.2744106 0.27456412 0.2747151 0.27486359 0.27500966 0.27515337 0.27529476 0.27543391 0.27557084 0.27570563 0.27583832 0.27596895
0.26338207 0.26377137 0.26415061 0.26452017 0.26488041 0.26523169 0.26557432 0.26590862 0.2662349 0.26655342 0.26686447 0.2671683 0.26746515 0.26775527 0.26803888 0.26831619 0.26858741 0.26885274 0.26911236 0.26936645 0.26961519 0.26985874 0.27009727 0.27033092 0.27055984 0.27078417 0.27100405 0.2712196 0.27143096 0.27163824 0.27184155 0.27204102 0.27223674 0.27242881 0.27261735 0.27280244 0.27298417 0.27316264 0.27333793 0.27351013 0.27367931 0.27384555 0.27400893 0.27416952 0.27432738 0.27448259 0.27463522 0.27478532 0.27493295 0.27507818 0.27522106 0.27536165 0.2755 0.27563616 0.27577019 0.27590213 0.27603203
0.26354175 0.26392734 0.26430303 0.26466918 0.26502615 0.26537428 0.26571389 0.26604528 0.26636876 0.26668458 0.26699303 0.26729435 0.26758879 0.26787657 0.26815792 0.26843304 0.26870215 0.26896543 0.26922307 0.26947525 0.26972213 0.26996388 0.27020066 0.27043261 0.27065988 0.27088261 0.27110094 0.27131498 0.27152487 0.27173072 0.27193264 0.27213075 0.27232515 0.27251594 0.27270322 0.27288709 0.27306763 0.27324494 0.2734191 0.27359019 0.27375829 0.27392347 0.27408582 0.2742454 0.27440228 0.27455653 0.27470821 0.27485739 0.27500412 0.27514847 0.27529048 0.27543023 0.27556775 0.2757031 0.27583634 0.2759675 0.27609664
0.26370841 0.26409005 0.26446194 0.26482446 0.26517795 0.26552273 0.26585912 0.26618742 0.26650791 0.26682087 0.26712655 0.26742521 0.26771707 0.26800237 0.26828133 0.26855414 0.26882101 0.26908212 0.26933766 0.26958781 0.26983273 0.27007257 0.2703075 0.27053766 0.27076319 0.27098424 0.27120092 0.27141337 0.27162171 0.27182605 0.27202651 0.27222319 0.2724162 0.27260564 0.2727916 0.27297418 0.27315348 0.27332956 0.27350253 0.27367246 0.27383942 0.2740035 0.27416477 0.27432329 0.27447914 0.27463238 0.27478308 0.27493129 0.27507708 0.27522051 0.27536162 0.27550048 0.27563714 0.27577165 0.27590405 0.2760344 0.27616275
0.26388185 0.2642593 0.26462719 0.26498586 0.26533565 0.26567689 0.26600987 0.2663349 0.26665224 0.26696217 0.26726493 0.26756077 0.26784992 0.2681326 0.26840903 0.2686794 0.2689439 0.26920273 0.26945607 0.26970408 0.26994692 0.27018476 0.27041774 0.27064602 0.27086972 0.27108899 0.27130395 0.27151472 0.27172143 0.27192419 0.27212311 0.27231829 0.27250985 0.27269787 0.27288245 0.27306369 0.27324167 0.27341648 0.2735882 0.27375691 0.27392269 0.27408562 0.27424575 0.27440317 0.27455795 0.27471013 0.2748598 0.27500701 0.27515182 0.27529428 0.27543446 0.2755724 0.27570815 0.27584178 0.27597332 0.27610283 0.27623034
0.26406189 0.26443493 0.26479859 0.26515321 0.26549912 0.26583662 0.26616602 0.2664876 0.26680163 0.26710837 0.26740806 0.26770094 0.26798724 0.26826717 0.26854093 0.26880873 0.26907076 0.26932719 0.26957821 0.26982397 0.27006464 0.27030038 0.27053132 0.27075762 0.2709794 0.27119681 0.27140996 0.27161898 0.27182399 0.27202509 0.2722224 0.27241602 0.27260605 0.27279259 0.27297573 0.27315557 0.27333218 0.27350565 0.27367608 0.27384352 0.27400806 0.27416978 0.27432874 0.27448501 0.27463866 0.27478975 0.27493835 0.27508451 0.2752283 0.27536976 0.27550896 0.27564594 0.27578077 0.27591348 0.27604412 0.27617275 0.27629941
0.26424833 0.26461675 0.26497598 0.26532635 0.26566819 0.26600178 0.26632743 0.2666454 0.26695595 0.26725935 0.26755582 0.2678456 0.26812891 0.26840596 0.26867694 0.26894206 0.26920149 0.26945541 0.269704 0.26994742 0.27018582 0.27041935 0.27064817 0.2708724 0.27109218 0.27130765 0.27151891 0.27172611 0.27192933 0.27212871 0.27232434 0.27251633 0.27270477 0.27288977 0.27307141 0.27324978 0.27342496 0.27359705 0.27376612 0.27393225 0.2740955 0.27425597 0.2744137 0.27456878 0.27472126 0.27487122 0.2750187 0.27516378 0.2753065 0.27544693 0.27558511 0.2757211 0.27585496 0.27598672 0.27611643 0.27624415 0.27636992
0.26444097 0.26480456 0.26515917 0.26550511 0.26584269 0.26617221 0.26649393 0.26680814 0.26711507 0.26741498 0.2677081 0.26799465 0.26827484 0.26854888 0.26881696 0.26907927 0.269336 0.26958731 0.26983337 0.27007435 0.27031038 0.27054162 0.27076822 0.2709903 0.271208 0.27142144 0.27163075 0.27183603 0.27203741 0.27223499 0.27242888 0.27261917 0.27280596 0.27298935 0.27316943 0.27334628 0.27351999 0.27369063 0.2738583 0.27402306 0.27418498 0.27434414 0.27450061 0.27465445 0.27480572 0.2749545 0.27510083 0.27524478 0.2753864 0.27552576 0.27566289 0.27579786 0.2759307 0.27606148 0.27619024 0.27631702 0.27644187
0.26463958 0.26499816 0.26534797 0.2656893 0.26602247 0.26634774 0.26666539 0.26697568 0.26727885 0.26757514 0.26786476 0.26814795 0.2684249 0.26869582 0.26896089 0.26922029 0.26947421 0.2697228 0.26996624 0.27020467 0.27043824 0.27066711 0.2708914 0.27111125 0.27132678 0.27153813 0.27174539 0.27194871 0.27214817 0.27234388 0.27253596 0.27272449 0.27290958 0.2730913 0.27326976 0.27344504 0.27361721 0.27378636 0.27395257 0.27411591 0.27427646 0.27443427 0.27458942 0.27474198 0.27489201 0.27503956 0.2751847 0.27532749 0.27546798 0.27560622 0.27574227 0.27587617 0.27600798 0.27613775 0.27626552 0.27639132 0.27651522
0.26484396 0.26519734 0.26554217 0.26587874 0.26620733 0.26652821 0.26684165 0.26714788 0.26744715 0.26773968 0.26802569 0.26830539 0.26857899 0.26884667 0.26910861 0.269365 0.26961601 0.26986179 0.2701025 0.2703383 0.27056934 0.27079574 0.27101764 0.27123518 0.27144847 0.27165764 0.2718628 0.27206407 0.27226154 0.27245533 0.27264554 0.27283225 0.27301556 0.27319557 0.27337235 0.273546 0.27371659 0.2738842 0.27404891 0.27421078 0.2743699 0.27452632 0.27468012 0.27483135 0.27498009 0.27512638 0.27527029 0.27541188 0.2755512 0.27568829 0.27582322 0.27595603 0.27608678 0.2762155 0.27634224 0.27646705 0.27658997
0.26505386 0.2654019 0.26574159 0.26607324 0.26639711 0.26671345 0.26702253 0.26732457 0.26761981 0.26790847 0.26819075 0.26846685 0.26873698 0.26900131 0.26926003 0.26951331 0.2697613 0.27000418 0.27024209 0.27047517 0.27070357 0.27092742 0.27114686 0.27136201 0.27157299 0.27177992 0.2719829 0.27218206 0.27237748 0.27256928 0.27275755 0.27294239 0.27312388 0.27330211 0.27347717 0.27364913 0.27381809 0.2739841 0.27414726 0.27430763 0.27446527 0.27462026 0.27477266 0.27492253 0.27506993 0.27521493 0.27535757 0.27549792 0.27563603 0.27577195 0.27590572 0.27603741 0.27616705 0.2762947 0.27642039 0.27654417 0.27666608
0.26526907 0.2656116 0.26594602 0.2662726 0.26659161 0.26690329 0.26720788 0.26750561 0.2677967 0.26808136 0.26835979 0.2686322 0.26889875 0.26915964 0.26941504 0.2696651 0.26991 0.27014988 0.27038489 0.27061517 0.27084086 0.27106209 0.27127899 0.27149168 0.27170028 0.27190489 0.27210563 0.27230261 0.27249593 0.27268568 0.27287195 0.27305485 0.27323446 0.27341086 0.27358414 0.27375438 0.27392165 0.27408603 0.27424759 0.2744064 0.27456253 0.27471604 0.274867 0.27501547 0.27516151 0.27530517 0.27544651 0.27558559 0.27572245 0.27585716 0.27598975 0.27612028 0.27624879 0.27637533 0.27649993 0.27662266 0.27674354
0.26548935 0.26582623 0.26615524 0.26647663 0.26679065 0.26709753 0.26739752 0.26769082 0.26797765 0.26825821 0.2685327 0.26880129 0.26906418 0.26932153 0.26957351 0.26982027 0.27006198 0.27029878 0.27053082 0.27075822 0.27098113 0.27119966 0.27141395 0.27162411 0.27183025 0.27203249 0.27223093 0.27242567 0.27261681 0.27280445 0.27298868 0.27316959 0.27334727 0.27352179 0.27369324 0.2738617 0.27402724 0.27418994 0.27434986 0.27450707 0.27466164 0.27481364 0.27496312 0.27511015 0.27525478 0.27539707 0.27553707 0.27567484 0.27581043 0.27594389 0.27607527 0.27620461 0.27633196 0.27645736 0.27658086 0.2767025 0.27682232
0.26571446 0.26604557 0.26636904 0.26668512 0.26699403 0.26729602 0.26759129 0.26788006 0.26816252 0.26843888 0.26870932 0.26897401 0.26923313 0.26948685 0.26973533 0.26997871 0.27021715 0.2704508 0.27067978 0.27090423 0.27112427 0.27134004 0.27155165 0.27175921 0.27196284 0.27216264 0.27235871 0.27255116 0.27274007 0.27292555 0.27310768 0.27328655 0.27346224 0.27363484 0.27380441 0.27397105 0.27413481 0.27429578 0.27445402 0.27460959 0.27476257 0.27491301 0.27506097 0.27520652 0.27534971 0.27549059 0.27562922 0.27576566 0.27589994 0.27603212 0.27616225 0.27629037 0.27641653 0.27654077 0.27666314 0.27678366 0.27690239
0.26594417 0.26626939 0.26658721 0.26689787 0.26720157 0.26749855 0.267789 0.26807314 0.26835114 0.26862321 0.2688895 0.26915021 0.26940548 0.26965549 0.26990038 0.2701403 0.2703754 0.27060581 0.27083167 0.27105309 0.27127021 0.27148315 0.27169201 0.27189692 0.27209797 0.27229527 0.27248892 0.27267901 0.27286565 0.27304891 0.27322889 0.27340566 0.27357932 0.27374994 0.2739176 0.27408236 0.27424431 0.27440351 0.27456002 0.27471392 0.27486526 0.27501411 0.27516052 0.27530456 0.27544627 0.27558571 0.27572294 0.275858 0.27599094 0.27612182 0.27625067 0.27637755 0.27650249 0.27662554 0.27674674 0.27686613 0.27698374
0.26617823 0.26649747 0.26680954 0.26711467 0.26741307 0.26770494 0.26799049 0.2682699 0.26854336 0.26881104 0.26907312 0.26932975 0.2695811 0.26982732 0.27006855 0.27030494 0.27053662 0.27076372 0.27098639 0.27120472 0.27141885 0.27162889 0.27183495 0.27203714 0.27223556 0.2724303 0.27262147 0.27280917 0.27299347 0.27317446 0.27335224 0.27352688 0.27369846 0.27386706 0.27403275 0.27419561 0.27435569 0.27451308 0.27466783 0.27482001 0.27496968 0.2751169 0.27526173 0.27540421 0.27554441 0.27568238 0.27581817 0.27595183 0.27608341 0.27621295 0.2763405 0.2764661 0.27658979 0.27671163 0.27683164 0.27694986 0.27706634
0.26641641 0.26672957 0.2670358 0.26733532 0.26762833 0.26791502 0.26819558 0.26847019 0.26873902 0.26900224 0.26926001 0.2695125 0.26975985 0.2700022 0.2702397 0.27047249 0.27070069 0.27092443 0.27114383 0.27135902 0.2715701 0.27177719 0.27198039 0.2721798 0.27237553 0.27256767 0.27275631 0.27294155 0.27312347 0.27330215 0.27347768 0.27365014 0.2738196 0.27398613 0.27414982 0.27431072 0.27446891 0.27462445 0.2747774 0.27492783 0.27507579 0.27522134 0.27536455 0.27550545 0.27564411 0.27578058 0.2759149 0.27604713 0.27617731 0.27630548 0.2764317 0.276556 0.27667842 0.27679901 0.27691781 0.27703485 0.27715017
