Cobbity2/QGIS/N-AveAve14.asc
NCOLS 399
NROWS 219
XLLCORNER 150.661
YLLCORNER -34.0267
CELLSIZE 1e-05
NODATA_VALUE -9999
[rows 100 to 124 of 219, columns 0 to 56 of 399]
0.29530307 0.29529165 0.29527973 0.29526728 0.29525429 0.29524075 0.29522663 0.29521193 0.29519662 0.29518068 0.2951641 0.29514686 0.29512894 0.29511031 0.29509096 0.29507086 0.29505 0.29502834 0.29500586 0.29498253 0.29495834 0.29493324 0.29490722 0.29488025 0.29485228 0.2948233 0.29479326 0.29476214 0.29472989 0.29469649 0.29466188 0.29462603 0.29458889 0.29455043 0.29451059 0.29446933 0.2944266 0.29438233 0.29433649 0.294289 0.2942398 0.29418884 0.29413604 0.29408134 0.29402465 0.2939659 0.293905 0.29384187 0.2937764 0.29370851 0.29363809 0.29356502 0.29348918 0.29341045 0.29332869 0.29324375 0.29315549
0.29534521 0.29533388 0.29532203 0.29530965 0.29529672 0.29528322 0.29526915 0.29525447 0.29523918 0.29522326 0.29520667 0.29518942 0.29517146 0.29515279 0.29513338 0.29511321 0.29509225 0.29507048 0.29504788 0.29502441 0.29500005 0.29497477 0.29494854 0.29492134 0.29489312 0.29486386 0.29483352 0.29480206 0.29476945 0.29473565 0.29470062 0.29466431 0.29462668 0.29458769 0.29454728 0.29450541 0.29446202 0.29441706 0.29437047 0.29432218 0.29427215 0.29422028 0.29416653 0.29411081 0.29405304 0.29399314 0.29393103 0.29386661 0.29379979 0.29373046 0.29365851 0.29358382 0.29350628 0.29342575 0.29334208 0.29325514 0.29316475
0.29538742 0.29537617 0.2953644 0.29535209 0.29533922 0.29532578 0.29531175 0.2952971 0.29528183 0.29526592 0.29524933 0.29523206 0.29521407 0.29519536 0.29517589 0.29515565 0.2951346 0.29511272 0.29508999 0.29506638 0.29504186 0.29501639 0.29498996 0.29496252 0.29493405 0.29490451 0.29487386 0.29484207 0.2948091 0.2947749 0.29473944 0.29470267 0.29466454 0.29462502 0.29458404 0.29454155 0.2944975 0.29445184 0.29440449 0.29435541 0.29430452 0.29425175 0.29419702 0.29414028 0.29408142 0.29402036 0.29395703 0.29389131 0.29382311 0.29375231 0.29367882 0.2936025 0.29352323 0.29344088 0.29335529 0.2932663 0.29317377
0.2954297 0.29541854 0.29540685 0.29539461 0.29538181 0.29536842 0.29535443 0.29533982 0.29532457 0.29530867 0.29529208 0.29527479 0.29525678 0.29523803 0.29521851 0.29519819 0.29517705 0.29515507 0.29513221 0.29510846 0.29508377 0.29505812 0.29503148 0.29500382 0.29497509 0.29494527 0.29491431 0.29488219 0.29484885 0.29481426 0.29477837 0.29474113 0.29470251 0.29466244 0.29462088 0.29457778 0.29453307 0.29448669 0.29443859 0.2943887 0.29433695 0.29428326 0.29422756 0.29416978 0.29410982 0.2940476 0.29398302 0.29391599 0.29384639 0.29377413 0.29369908 0.29362111 0.29354009 0.29345589 0.29336835 0.29327731 0.29318259
0.29547206 0.295461 0.29544939 0.29543722 0.29542448 0.29541115 0.29539721 0.29538263 0.29536741 0.29535152 0.29533493 0.29531763 0.2952996 0.29528081 0.29526123 0.29524084 0.29521962 0.29519753 0.29517455 0.29515065 0.29512581 0.29509998 0.29507313 0.29504523 0.29501625 0.29498615 0.29495489 0.29492243 0.29488873 0.29485374 0.29481742 0.29477972 0.29474059 0.29469999 0.29465785 0.29461412 0.29456874 0.29452166 0.2944728 0.29442209 0.29436947 0.29431486 0.29425818 0.29419935 0.29413829 0.29407489 0.29400906 0.2939407 0.2938697 0.29379595 0.29371932 0.29363968 0.29355691 0.29347084 0.29338132 0.2932882 0.29319128
0.29551451 0.29550353 0.29549201 0.29547992 0.29546725 0.29545398 0.29544008 0.29542555 0.29541035 0.29539448 0.2953779 0.29536059 0.29534253 0.2953237 0.29530407 0.29528361 0.29526231 0.29524012 0.29521702 0.29519298 0.29516798 0.29514197 0.29511492 0.29508679 0.29505756 0.29502718 0.29499561 0.29496282 0.29492875 0.29489336 0.29485661 0.29481845 0.29477882 0.29473768 0.29469496 0.29465061 0.29460456 0.29455676 0.29450714 0.29445561 0.29440212 0.29434659 0.29428892 0.29422904 0.29416686 0.29410227 0.29403518 0.29396549 0.29389307 0.29381782 0.2937396 0.29365828 0.29357372 0.29348577 0.29339427 0.29329904 0.2931999
0.29555704 0.29554616 0.29553473 0.29552272 0.29551012 0.29549691 0.29548307 0.29546858 0.29545341 0.29543755 0.29542098 0.29540366 0.29538559 0.29536672 0.29534704 0.29532652 0.29530514 0.29528285 0.29525963 0.29523546 0.2952103 0.29518411 0.29515686 0.29512851 0.29509903 0.29506837 0.2950365 0.29500337 0.29496894 0.29493316 0.29489598 0.29485735 0.29481722 0.29477554 0.29473224 0.29468726 0.29464055 0.29459203 0.29454164 0.2944893 0.29443494 0.29437847 0.29431981 0.29425887 0.29419557 0.29412979 0.29406143 0.2939904 0.29391655 0.29383979 0.29375997 0.29367696 0.2935906 0.29350075 0.29340723 0.29330988 0.29320849
0.29559967 0.29558889 0.29557755 0.29556562 0.2955531 0.29553995 0.29552616 0.29551172 0.29549659 0.29548075 0.29546419 0.29544687 0.29542878 0.29540988 0.29539016 0.29536958 0.29534811 0.29532573 0.2953024 0.2952781 0.29525278 0.29522641 0.29519896 0.2951704 0.29514067 0.29510974 0.29507757 0.29504411 0.29500932 0.29497314 0.29493554 0.29489645 0.29485582 0.2948136 0.29476972 0.29472412 0.29467674 0.29462751 0.29457635 0.29452319 0.29446795 0.29441054 0.29435089 0.2942889 0.29422446 0.29415749 0.29408786 0.29401547 0.29394019 0.29386191 0.29378047 0.29369575 0.29360759 0.29351582 0.29342028 0.29332078 0.29321713
0.29564239 0.29563172 0.29562047 0.29560863 0.29559618 0.29558311 0.29556938 0.29555498 0.29553989 0.29552408 0.29550753 0.29549022 0.29547211 0.29545319 0.29543343 0.29541279 0.29539125 0.29536878 0.29534534 0.29532091 0.29529544 0.2952689 0.29524126 0.29521247 0.2951825 0.29515131 0.29511884 0.29508505 0.2950499 0.29501334 0.29497531 0.29493577 0.29489464 0.29485188 0.29480743 0.29476121 0.29471316 0.29466321 0.29461128 0.2945573 0.29450119 0.29444285 0.2943822 0.29431915 0.29425358 0.29418541 0.2941145 0.29404075 0.29396404 0.29388422 0.29380117 0.29371473 0.29362475 0.29353105 0.29343347 0.29333181 0.29322587
0.29568522 0.29567465 0.2956635 0.29565176 0.29563939 0.29562639 0.29561272 0.29559838 0.29558333 0.29556755 0.29555102 0.29553371 0.2955156 0.29549666 0.29547686 0.29545617 0.29543456 0.295412 0.29538846 0.2953639 0.29533829 0.29531159 0.29528376 0.29525476 0.29522455 0.29519309 0.29516033 0.29512622 0.29509072 0.29505377 0.29501533 0.29497533 0.29493371 0.29489042 0.29484539 0.29479855 0.29474984 0.29469918 0.29464649 0.29459169 0.2945347 0.29447543 0.29441379 0.29434967 0.29428297 0.29421359 0.29414141 0.2940663 0.29398814 0.29390679 0.29382211 0.29373394 0.29364213 0.29354649 0.29344686 0.29334302 0.29323478
0.29572815 0.29571769 0.29570665 0.295695 0.29568272 0.2956698 0.2956562 0.29564191 0.29562691 0.29561117 0.29559466 0.29557737 0.29555925 0.2955403 0.29552046 0.29549973 0.29547806 0.29545542 0.29543178 0.2954071 0.29538135 0.29535449 0.29532647 0.29529727 0.29526683 0.29523511 0.29520206 0.29516764 0.29513179 0.29509446 0.2950556 0.29501515 0.29497305 0.29492923 0.29488363 0.29483618 0.29478681 0.29473544 0.29468199 0.29462638 0.29456852 0.29450832 0.29444568 0.2943805 0.29431268 0.29424209 0.29416863 0.29409216 0.29401255 0.29392967 0.29384335 0.29375345 0.2936598 0.29356222 0.29346051 0.29335449 0.29324393
0.2957712 0.29576086 0.29574992 0.29573837 0.29572618 0.29571334 0.29569982 0.29568559 0.29567064 0.29565494 0.29563847 0.29562119 0.29560308 0.29558411 0.29556425 0.29554348 0.29552175 0.29549904 0.2954753 0.29545051 0.29542463 0.29539761 0.29536942 0.29534002 0.29530935 0.29527738 0.29524405 0.29520932 0.29517313 0.29513544 0.29509617 0.29505527 0.29501269 0.29496835 0.29492219 0.29487413 0.29482411 0.29477203 0.29471783 0.29466141 0.29460268 0.29454156 0.29447793 0.29441169 0.29434274 0.29427096 0.29419621 0.29411838 0.29403732 0.2939529 0.29386495 0.29377331 0.29367781 0.29357828 0.2934745 0.29336627 0.29325338
0.29581436 0.29580414 0.29579331 0.29578187 0.29576978 0.29575703 0.29574358 0.29572943 0.29571454 0.29569888 0.29568244 0.29566519 0.29564709 0.29562811 0.29560824 0.29558743 0.29556565 0.29554287 0.29551905 0.29549415 0.29546814 0.29544098 0.29541262 0.29538302 0.29535214 0.29531992 0.29528632 0.29525129 0.29521477 0.29517671 0.29513704 0.29509571 0.29505266 0.2950078 0.29496109 0.29491243 0.29486176 0.29480899 0.29475404 0.29469682 0.29463723 0.29457518 0.29451057 0.29444329 0.29437321 0.29430023 0.29422421 0.29414502 0.29406251 0.29397655 0.29388696 0.29379359 0.29369624 0.29359474 0.29348888 0.29337845 0.29326322
0.29585764 0.29584755 0.29583684 0.29582551 0.29581352 0.29580086 0.2957875 0.29577342 0.29575859 0.29574299 0.2957266 0.29570937 0.29569129 0.29567232 0.29565243 0.29563159 0.29560977 0.29558693 0.29556303 0.29553804 0.29551191 0.29548461 0.29545609 0.29542631 0.29539521 0.29536276 0.2953289 0.29529357 0.29525673 0.29521831 0.29517825 0.2951365 0.29509298 0.29504762 0.29500036 0.29495111 0.2948998 0.29484634 0.29479065 0.29473264 0.2946722 0.29460924 0.29454365 0.29447532 0.29440413 0.29432995 0.29425266 0.29417212 0.29408817 0.29400067 0.29390945 0.29381434 0.29371514 0.29361168 0.29350373 0.29339109 0.2932735
0.29590105 0.29589109 0.29588051 0.29586929 0.29585741 0.29584485 0.29583158 0.29581758 0.29580283 0.29578729 0.29577094 0.29575375 0.29573569 0.29571673 0.29569684 0.29567598 0.29565412 0.29563123 0.29560726 0.29558218 0.29555594 0.29552851 0.29549984 0.29546988 0.29543859 0.29540591 0.29537179 0.29533618 0.29529903 0.29526026 0.29521983 0.29517765 0.29513368 0.29508783 0.29504003 0.2949902 0.29493826 0.29488413 0.29482771 0.29476891 0.29470763 0.29464377 0.29457721 0.29450785 0.29443555 0.29436019 0.29428164 0.29419974 0.29411436 0.29402533 0.29393248 0.29383563 0.29373459 0.29362916 0.29351913 0.29340426 0.29328432
0.29594459 0.29593476 0.29592431 0.29591322 0.29590145 0.295889 0.29587583 0.29586192 0.29584724 0.29583177 0.29581547 0.29579833 0.2957803 0.29576136 0.29574147 0.2957206 0.29569872 0.29567578 0.29565175 0.29562659 0.29560026 0.29557271 0.29554389 0.29551377 0.29548228 0.29544939 0.29541503 0.29537915 0.29534169 0.29530259 0.29526178 0.29521921 0.29517479 0.29512846 0.29508013 0.29502974 0.29497718 0.29492239 0.29486525 0.29480568 0.29474357 0.29467882 0.2946113 0.29454091 0.29446752 0.29439098 0.29431118 0.29422795 0.29414114 0.29405058 0.2939561 0.29385752 0.29375464 0.29364726 0.29353514 0.29341805 0.29329575
0.29598826 0.29597858 0.29596826 0.2959573 0.29594565 0.29593331 0.29592025 0.29590643 0.29589184 0.29587644 0.29586021 0.29584312 0.29582513 0.29580622 0.29578634 0.29576547 0.29574357 0.2957206 0.29569652 0.29567129 0.29564487 0.29561721 0.29558826 0.29555798 0.29552632 0.29549322 0.29545863 0.29542249 0.29538474 0.29534531 0.29530415 0.29526118 0.29521634 0.29516953 0.2951207 0.29506975 0.29501659 0.29496114 0.2949033 0.29484297 0.29478005 0.29471442 0.29464596 0.29457456 0.29450008 0.29442239 0.29434134 0.29425678 0.29416856 0.29407649 0.2939804 0.2938801 0.29377538 0.29366604 0.29355184 0.29343254 0.29330787
0.29603207 0.29602254 0.29601237 0.29600154 0.29599002 0.2959778 0.29596485 0.29595114 0.29593664 0.29592132 0.29590517 0.29588813 0.2958702 0.29585132 0.29583147 0.2958106 0.29578869 0.2957657 0.29574158 0.29571629 0.29568979 0.29566203 0.29563296 0.29560254 0.29557071 0.29553742 0.29550261 0.29546622 0.29542819 0.29538846 0.29534695 0.29530361 0.29525835 0.29521109 0.29516176 0.29511027 0.29505652 0.29500044 0.29494191 0.29488084 0.29481711 0.29475062 0.29468124 0.29460884 0.29453329 0.29445446 0.29437218 0.29428631 0.29419668 0.29410312 0.29400543 0.29390342 0.29379688 0.29368559 0.29356931 0.2934478 0.29332078
0.29607603 0.29606665 0.29605663 0.29604594 0.29603456 0.29602247 0.29600964 0.29599603 0.29598164 0.29596642 0.29595034 0.29593338 0.2959155 0.29589666 0.29587684 0.295856 0.2958341 0.29581109 0.29578694 0.2957616 0.29573503 0.29570718 0.29567801 0.29564746 0.29561547 0.295582 0.29554699 0.29551037 0.29547208 0.29543205 0.29539022 0.29534651 0.29530085 0.29525315 0.29520334 0.29515133 0.29509701 0.29504031 0.29498111 0.29491931 0.29485481 0.29478747 0.29471718 0.2946438 0.2945672 0.29448724 0.29440376 0.2943166 0.29422558 0.29413053 0.29403125 0.29392755 0.2938192 0.29370598 0.29358764 0.29346393 0.29333456
0.29612013 0.29611091 0.29610105 0.29609051 0.29607928 0.29606732 0.29605462 0.29604113 0.29602685 0.29601173 0.29599574 0.29597886 0.29596105 0.29594227 0.29592249 0.29590168 0.29587979 0.29585678 0.29583261 0.29580724 0.29578061 0.29575269 0.29572342 0.29569276 0.29566063 0.295627 0.29559179 0.29555495 0.29551641 0.29547611 0.29543397 0.29538991 0.29534387 0.29529575 0.29524548 0.29519296 0.29513809 0.29508079 0.29502094 0.29495844 0.29489317 0.294825 0.29475382 0.29467949 0.29460187 0.2945208 0.29443613 0.29434769 0.29425531 0.29415879 0.29405795 0.29395257 0.29384244 0.2937273 0.29360691 0.29348101 0.29334931
0.29616438 0.29615534 0.29614564 0.29613526 0.29612418 0.29611236 0.29609979 0.29608644 0.29607227 0.29605726 0.29604138 0.29602459 0.29600685 0.29598814 0.29596842 0.29594765 0.29592578 0.29590278 0.29587861 0.29585321 0.29582655 0.29579857 0.29576922 0.29573845 0.2957062 0.29567242 0.29563704 0.2956 0.29556123 0.29552066 0.29547823 0.29543384 0.29538744 0.29533892 0.2952882 0.29523519 0.2951798 0.29512192 0.29506144 0.29499825 0.29493224 0.29486327 0.29479123 0.29471596 0.29463733 0.29455518 0.29446934 0.29437965 0.29428593 0.29418798 0.29408559 0.29397856 0.29386665 0.29374962 0.29362721 0.29349914 0.29336512
0.29620879 0.29619992 0.29619039 0.29618018 0.29616926 0.2961576 0.29614518 0.29613196 0.29611792 0.29610303 0.29608726 0.29607057 0.29605293 0.29603429 0.29601464 0.29599391 0.29597209 0.29594911 0.29592495 0.29589954 0.29587285 0.29584483 0.29581541 0.29578456 0.2957522 0.29571828 0.29568275 0.29564552 0.29560654 0.29556573 0.29552302 0.29547833 0.29543158 0.29538268 0.29533154 0.29527807 0.29522217 0.29516373 0.29510264 0.29503879 0.29497206 0.29490232 0.29482943 0.29475326 0.29467365 0.29459044 0.29450347 0.29441255 0.29431751 0.29421815 0.29411425 0.29400559 0.29389194 0.29377304 0.29364862 0.29351841 0.29338209
0.29625335 0.29624467 0.29623533 0.29622529 0.29621454 0.29620304 0.29619077 0.2961777 0.29616381 0.29614905 0.29613339 0.29611681 0.29609927 0.29608073 0.29606115 0.29604049 0.29601872 0.29599578 0.29597164 0.29594624 0.29591954 0.29589148 0.29586202 0.29583109 0.29579865 0.29576461 0.29572894 0.29569154 0.29565237 0.29561134 0.29556837 0.2955234 0.29547632 0.29542706 0.29537553 0.29532162 0.29526523 0.29520626 0.29514459 0.29508011 0.29501269 0.29494219 0.29486849 0.29479144 0.29471087 0.29462663 0.29453855 0.29444645 0.29435012 0.29424938 0.29414399 0.29403374 0.29391837 0.29379763 0.29367124 0.29353891 0.29340032
0.29629808 0.29628959 0.29628044 0.29627058 0.29626001 0.29624868 0.29623658 0.29622367 0.29620992 0.2961953 0.29617979 0.29616333 0.2961459 0.29612746 0.29610797 0.29608739 0.29606568 0.2960428 0.29601869 0.29599332 0.29596662 0.29593855 0.29590905 0.29587808 0.29584555 0.29581142 0.29577563 0.29573809 0.29569874 0.29565751 0.29561431 0.29556907 0.29552169 0.2954721 0.29542019 0.29536586 0.29530902 0.29524954 0.29518732 0.29512223 0.29505414 0.29498293 0.29490845 0.29483054 0.29474906 0.29466382 0.29457467 0.2944814 0.29438383 0.29428173 0.29417489 0.29406308 0.29394603 0.29382349 0.29369516 0.29356075 0.29341993
0.29634297 0.29633469 0.29632573 0.29631607 0.29630568 0.29629454 0.29628261 0.29626987 0.29625628 0.29624182 0.29622644 0.29621012 0.29619282 0.29617449 0.29615511 0.29613462 0.296113 0.29609018 0.29606612 0.29604078 0.29601411 0.29598604 0.29595653 0.29592552 0.29589294 0.29585874 0.29582284 0.29578517 0.29574567 0.29570426 0.29566085 0.29561537 0.29556772 0.29551782 0.29546556 0.29541084 0.29535356 0.29529361 0.29523086 0.2951652 0.29509648 0.29502458 0.29494935 0.29487063 0.29478826 0.29470206 0.29461187 0.29451748 0.29441869 0.29431528 0.29420703 0.2940937 0.29397501 0.29385071 0.29372048 0.29358403 0.293441
