Cobbity2/QGIS/NEW_Ave6_Ave22.asc
NCOLS 399
NROWS 240
XLLCORNER 150.661
YLLCORNER -34.0268
CELLSIZE 1e-05
NODATA_VALUE -9999
[rows 0 to 25 of 240, columns 300 to 359 of 399]
6.7432026 6.7431115 6.7430214 6.7429322 6.7428439 6.7427565 6.7426701 6.7425845 6.7424998 6.742416 6.742333 6.7422509 6.7421696 6.7420891 6.7420095 6.7419306 6.7418525 6.7417752 6.7416987 6.7416229 6.7415479 6.7414736 6.7414 6.7413272 6.7412551 6.7411837 6.7411129 6.7410429 6.7409735 6.7409048 6.7408368 6.7407694 6.7407026 6.7406365 6.740571 6.7405061 6.7404418 6.7403782 6.7403151 6.7402526 6.7401907 6.7401294 6.7400687 6.7400085 6.7399488 6.7398898 6.7398312 6.7397732 6.7397157 6.7396587 6.7396023 6.7395463 6.7394909 6.739436 6.7393815 6.7393276 6.7392741 6.7392211 6.7391686 6.7391165
6.7431879 6.7430964 6.7430059 6.7429164 6.7428278 6.7427401 6.7426534 6.7425675 6.7424825 6.7423984 6.7423152 6.7422328 6.7421513 6.7420706 6.7419907 6.7419116 6.7418334 6.7417559 6.7416792 6.7416032 6.741528 6.7414536 6.7413798 6.7413068 6.7412346 6.741163 6.7410921 6.741022 6.7409525 6.7408837 6.7408155 6.740748 6.7406811 6.7406149 6.7405493 6.7404844 6.74042 6.7403563 6.7402931 6.7402306 6.7401686 6.7401072 6.7400464 6.7399862 6.7399265 6.7398673 6.7398087 6.7397507 6.7396931 6.7396361 6.7395797 6.7395237 6.7394682 6.7394133 6.7393588 6.7393048 6.7392513 6.7391983 6.7391457 6.7390937
6.7431722 6.7430804 6.7429895 6.7428997 6.7428108 6.7427228 6.7426358 6.7425496 6.7424644 6.7423801 6.7422966 6.742214 6.7421322 6.7420513 6.7419712 6.7418919 6.7418135 6.7417358 6.7416589 6.7415828 6.7415074 6.7414328 6.7413589 6.7412858 6.7412134 6.7411417 6.7410707 6.7410004 6.7409308 6.7408618 6.7407936 6.740726 6.740659 6.7405927 6.740527 6.740462 6.7403976 6.7403338 6.7402705 6.7402079 6.7401459 6.7400845 6.7400236 6.7399633 6.7399035 6.7398444 6.7397857 6.7397276 6.7396701 6.739613 6.7395565 6.7395005 6.739445 6.73939 6.7393356 6.7392816 6.739228 6.739175 6.7391225 6.7390704
6.7431555 6.7430634 6.7429722 6.7428821 6.7427929 6.7427046 6.7426173 6.7425309 6.7424454 6.7423609 6.7422771 6.7421943 6.7421123 6.7420312 6.7419509 6.7418714 6.7417928 6.7417149 6.7416379 6.7415616 6.7414861 6.7414113 6.7413373 6.741264 6.7411915 6.7411197 6.7410486 6.7409782 6.7409084 6.7408394 6.740771 6.7407033 6.7406363 6.7405699 6.7405041 6.740439 6.7403745 6.7403106 6.7402474 6.7401847 6.7401226 6.7400611 6.7400002 6.7399399 6.7398801 6.7398209 6.7397622 6.7397041 6.7396465 6.7395894 6.7395329 6.7394769 6.7394213 6.7393663 6.7393118 6.7392578 6.7392043 6.7391513 6.7390987 6.7390466
6.7431379 6.7430454 6.742954 6.7428636 6.7427741 6.7426855 6.742598 6.7425113 6.7424256 6.7423408 6.7422569 6.7421738 6.7420916 6.7420103 6.7419298 6.7418502 6.7417713 6.7416933 6.7416161 6.7415397 6.741464 6.7413891 6.741315 6.7412416 6.7411689 6.741097 6.7410257 6.7409552 6.7408854 6.7408163 6.7407478 6.7406801 6.7406129 6.7405465 6.7404806 6.7404155 6.7403509 6.740287 6.7402236 6.7401609 6.7400988 6.7400372 6.7399763 6.7399159 6.7398561 6.7397968 6.7397381 6.73968 6.7396224 6.7395653 6.7395087 6.7394527 6.7393972 6.7393422 6.7392876 6.7392336 6.7391801 6.7391271 6.7390745 6.7390224
6.7431193 6.7430266 6.7429348 6.7428441 6.7427543 6.7426656 6.7425777 6.7424908 6.7424049 6.7423199 6.7422357 6.7421525 6.7420701 6.7419886 6.7419079 6.7418281 6.7417491 6.7416709 6.7415936 6.741517 6.7414412 6.7413662 6.7412919 6.7412184 6.7411456 6.7410736 6.7410022 6.7409316 6.7408617 6.7407925 6.740724 6.7406561 6.7405889 6.7405224 6.7404565 6.7403913 6.7403266 6.7402627 6.7401993 6.7401365 6.7400743 6.7400128 6.7399518 6.7398914 6.7398315 6.7397722 6.7397135 6.7396553 6.7395977 6.7395406 6.7394841 6.739428 6.7393725 6.7393175 6.739263 6.7392089 6.7391554 6.7391024 6.7390498 6.7389978
6.7430997 6.7430067 6.7429147 6.7428237 6.7427337 6.7426446 6.7425566 6.7424695 6.7423833 6.7422981 6.7422137 6.7421303 6.7420477 6.741966 6.7418852 6.7418052 6.7417261 6.7416478 6.7415703 6.7414935 6.7414176 6.7413425 6.7412681 6.7411945 6.7411216 6.7410495 6.7409781 6.7409074 6.7408374 6.7407681 6.7406995 6.7406315 6.7405643 6.7404977 6.7404318 6.7403665 6.7403018 6.7402378 6.7401743 6.7401115 6.7400493 6.7399877 6.7399267 6.7398663 6.7398064 6.7397471 6.7396884 6.7396302 6.7395725 6.7395154 6.7394589 6.7394028 6.7393473 6.7392923 6.7392378 6.7391838 6.7391303 6.7390772 6.7390247 6.7389726
6.7430792 6.7429859 6.7428936 6.7428023 6.7427121 6.7426228 6.7425345 6.7424472 6.7423608 6.7422754 6.7421909 6.7421072 6.7420245 6.7419427 6.7418617 6.7417816 6.7417023 6.7416238 6.7415462 6.7414693 6.7413933 6.7413181 6.7412436 6.7411699 6.7410969 6.7410247 6.7409532 6.7408824 6.7408123 6.740743 6.7406743 6.7406063 6.740539 6.7404724 6.7404064 6.740341 6.7402763 6.7402122 6.7401488 6.740086 6.7400237 6.7399621 6.7399011 6.7398406 6.7397807 6.7397214 6.7396627 6.7396045 6.7395468 6.7394897 6.7394332 6.7393771 6.7393216 6.7392666 6.7392121 6.7391581 6.7391046 6.7390516 6.7389991 6.7389471
6.7430576 6.742964 6.7428715 6.74278 6.7426895 6.7426 6.7425115 6.742424 6.7423375 6.7422518 6.7421671 6.7420833 6.7420005 6.7419185 6.7418373 6.7417571 6.7416777 6.7415991 6.7415213 6.7414444 6.7413682 6.7412929 6.7412183 6.7411445 6.7410714 6.7409991 6.7409276 6.7408567 6.7407866 6.7407172 6.7406485 6.7405804 6.7405131 6.7404464 6.7403803 6.740315 6.7402502 6.7401861 6.7401227 6.7400598 6.7399975 6.7399359 6.7398749 6.7398144 6.7397545 6.7396952 6.7396364 6.7395782 6.7395206 6.7394635 6.7394069 6.7393509 6.7392954 6.7392404 6.7391859 6.739132 6.7390785 6.7390255 6.738973 6.738921
6.743035 6.7429412 6.7428484 6.7427567 6.742666 6.7425763 6.7424876 6.7423999 6.7423132 6.7422274 6.7421425 6.7420586 6.7419755 6.7418934 6.7418121 6.7417318 6.7416522 6.7415735 6.7414957 6.7414186 6.7413424 6.7412669 6.7411923 6.7411184 6.7410453 6.7409729 6.7409013 6.7408304 6.7407602 6.7406907 6.7406219 6.7405539 6.7404865 6.7404197 6.7403537 6.7402883 6.7402235 6.7401594 6.7400959 6.740033 6.7399708 6.7399091 6.7398481 6.7397876 6.7397277 6.7396684 6.7396097 6.7395515 6.7394938 6.7394368 6.7393802 6.7393242 6.7392687 6.7392137 6.7391593 6.7391053 6.7390519 6.7389989 6.7389465 6.7388945
6.7430114 6.7429173 6.7428243 6.7427324 6.7426415 6.7425516 6.7424628 6.7423749 6.742288 6.742202 6.742117 6.7420329 6.7419498 6.7418675 6.7417861 6.7417056 6.741626 6.7415472 6.7414692 6.7413921 6.7413158 6.7412402 6.7411655 6.7410916 6.7410184 6.7409459 6.7408743 6.7408033 6.7407331 6.7406636 6.7405948 6.7405266 6.7404592 6.7403925 6.7403264 6.740261 6.7401962 6.740132 6.7400685 6.7400057 6.7399434 6.7398817 6.7398207 6.7397602 6.7397004 6.7396411 6.7395823 6.7395241 6.7394665 6.7394095 6.7393529 6.7392969 6.7392415 6.7391865 6.7391321 6.7390782 6.7390248 6.7389719 6.7389194 6.7388675
6.7429867 6.7428925 6.7427993 6.7427071 6.742616 6.742526 6.742437 6.7423489 6.7422618 6.7421757 6.7420906 6.7420064 6.7419231 6.7418407 6.7417592 6.7416786 6.7415989 6.74152 6.741442 6.7413648 6.7412884 6.7412128 6.741138 6.741064 6.7409907 6.7409182 6.7408465 6.7407755 6.7407053 6.7406357 6.7405669 6.7404987 6.7404313 6.7403645 6.7402984 6.740233 6.7401682 6.7401041 6.7400406 6.7399777 6.7399154 6.7398538 6.7397927 6.7397323 6.7396724 6.7396131 6.7395544 6.7394963 6.7394387 6.7393816 6.7393251 6.7392692 6.7392138 6.7391588 6.7391044 6.7390506 6.7389972 6.7389443 6.7388919 6.73884
6.742961 6.7428665 6.7427732 6.7426808 6.7425896 6.7424994 6.7424102 6.742322 6.7422348 6.7421486 6.7420633 6.741979 6.7418956 6.7418131 6.7417315 6.7416508 6.741571 6.741492 6.7414139 6.7413366 6.7412602 6.7411845 6.7411097 6.7410356 6.7409623 6.7408898 6.7408181 6.740747 6.7406767 6.7406072 6.7405383 6.7404702 6.7404027 6.7403359 6.7402698 6.7402044 6.7401396 6.7400755 6.740012 6.7399491 6.7398869 6.7398252 6.7397642 6.7397038 6.7396439 6.7395847 6.739526 6.7394679 6.7394103 6.7393533 6.7392968 6.7392409 6.7391855 6.7391306 6.7390763 6.7390224 6.7389691 6.7389163 6.7388639 6.7388121
6.7429342 6.7428396 6.742746 6.7426535 6.7425621 6.7424718 6.7423824 6.7422941 6.7422068 6.7421204 6.7420351 6.7419506 6.7418671 6.7417846 6.7417029 6.7416221 6.7415422 6.7414632 6.741385 6.7413077 6.7412312 6.7411555 6.7410806 6.7410065 6.7409332 6.7408607 6.7407889 6.7407178 6.7406475 6.7405779 6.7405091 6.7404409 6.7403735 6.7403067 6.7402406 6.7401752 6.7401104 6.7400463 6.7399828 6.7399199 6.7398577 6.7397961 6.7397351 6.7396747 6.7396149 6.7395556 6.739497 6.7394389 6.7393814 6.7393244 6.739268 6.7392121 6.7391567 6.7391019 6.7390476 6.7389938 6.7389405 6.7388877 6.7388354 6.7387836
6.7429064 6.7428115 6.7427178 6.7426252 6.7425337 6.7424432 6.7423537 6.7422653 6.7421778 6.7420914 6.7420059 6.7419214 6.7418378 6.7417552 6.7416735 6.7415926 6.7415127 6.7414336 6.7413554 6.741278 6.7412014 6.7411257 6.7410508 6.7409767 6.7409033 6.7408308 6.740759 6.7406879 6.7406176 6.740548 6.7404791 6.740411 6.7403435 6.7402768 6.7402107 6.7401453 6.7400805 6.7400164 6.7399529 6.7398901 6.7398279 6.7397663 6.7397054 6.739645 6.7395852 6.739526 6.7394674 6.7394094 6.7393519 6.739295 6.7392386 6.7391827 6.7391274 6.7390727 6.7390184 6.7389647 6.7389115 6.7388587 6.7388065 6.7387547
6.7428774 6.7427824 6.7426886 6.7425958 6.7425042 6.7424136 6.742324 6.7422355 6.7421479 6.7420614 6.7419759 6.7418913 6.7418076 6.7417249 6.7416431 6.7415622 6.7414822 6.7414031 6.7413249 6.7412474 6.7411709 6.7410951 6.7410202 6.740946 6.7408727 6.7408001 6.7407283 6.7406573 6.740587 6.7405174 6.7404485 6.7403804 6.7403129 6.7402462 6.7401801 6.7401147 6.74005 6.7399859 6.7399225 6.7398597 6.7397975 6.739736 6.7396751 6.7396147 6.739555 6.7394959 6.7394373 6.7393793 6.7393219 6.739265 6.7392087 6.7391529 6.7390976 6.7390429 6.7389887 6.7389351 6.7388819 6.7388292 6.7387771 6.7387254
6.7428474 6.7427523 6.7426583 6.7425654 6.7424737 6.7423829 6.7422933 6.7422047 6.7421171 6.7420305 6.7419448 6.7418602 6.7417765 6.7416937 6.7416119 6.741531 6.7414509 6.7413718 6.7412935 6.7412161 6.7411395 6.7410637 6.7409888 6.7409146 6.7408413 6.7407687 6.7406969 6.7406259 6.7405556 6.740486 6.7404172 6.7403491 6.7402817 6.7402149 6.7401489 6.7400835 6.7400188 6.7399548 6.7398914 6.7398287 6.7397665 6.739705 6.7396442 6.7395839 6.7395242 6.7394651 6.7394066 6.7393487 6.7392913 6.7392345 6.7391782 6.7391225 6.7390673 6.7390127 6.7389585 6.7389049 6.7388518 6.7387992 6.7387471 6.7386955
6.7428162 6.742721 6.7426269 6.742534 6.7424421 6.7423513 6.7422616 6.7421729 6.7420852 6.7419986 6.7419129 6.7418282 6.7417445 6.7416617 6.7415798 6.7414989 6.7414188 6.7413396 6.7412613 6.7411839 6.7411073 6.7410315 6.7409566 6.7408825 6.7408091 6.7407366 6.7406648 6.7405938 6.7405235 6.740454 6.7403852 6.7403171 6.7402497 6.740183 6.740117 6.7400517 6.739987 6.739923 6.7398597 6.739797 6.7397349 6.7396735 6.7396127 6.7395524 6.7394928 6.7394338 6.7393753 6.7393175 6.7392602 6.7392034 6.7391472 6.7390916 6.7390365 6.7389819 6.7389278 6.7388743 6.7388213 6.7387687 6.7387167 6.7386652
6.742784 6.7426887 6.7425945 6.7425015 6.7424095 6.7423187 6.7422289 6.7421401 6.7420524 6.7419657 6.74188 6.7417953 6.7417115 6.7416287 6.7415468 6.7414659 6.7413858 6.7413066 6.7412283 6.7411509 6.7410743 6.7409986 6.7409236 6.7408495 6.7407762 6.7407037 6.7406319 6.7405609 6.7404907 6.7404212 6.7403524 6.7402844 6.740217 6.7401504 6.7400845 6.7400192 6.7399546 6.7398907 6.7398274 6.7397647 6.7397027 6.7396413 6.7395806 6.7395204 6.7394609 6.7394019 6.7393435 6.7392857 6.7392285 6.7391718 6.7391157 6.7390601 6.7390051 6.7389506 6.7388966 6.7388431 6.7387902 6.7387378 6.7386858 6.7386344
6.7427506 6.7426552 6.742561 6.7424679 6.7423759 6.742285 6.7421951 6.7421064 6.7420186 6.7419319 6.7418462 6.7417614 6.7416776 6.7415948 6.7415129 6.741432 6.7413519 6.7412728 6.7411945 6.7411171 6.7410405 6.7409648 6.7408899 6.7408158 6.7407425 6.74067 6.7405983 6.7405273 6.7404572 6.7403877 6.740319 6.740251 6.7401837 6.7401171 6.7400512 6.739986 6.7399215 6.7398576 6.7397944 6.7397318 6.7396699 6.7396086 6.7395479 6.7394878 6.7394283 6.7393694 6.7393111 6.7392534 6.7391962 6.7391396 6.7390836 6.7390281 6.7389732 6.7389187 6.7388649 6.7388115 6.7387586 6.7387063 6.7386544 6.7386031
6.7427161 6.7426206 6.7425264 6.7424332 6.7423412 6.7422502 6.7421604 6.7420716 6.7419838 6.7418971 6.7418114 6.7417266 6.7416428 6.74156 6.7414782 6.7413972 6.7413172 6.741238 6.7411598 6.7410824 6.7410059 6.7409302 6.7408553 6.7407813 6.740708 6.7406356 6.7405639 6.740493 6.7404229 6.7403535 6.7402848 6.7402169 6.7401497 6.7400832 6.7400173 6.7399522 6.7398877 6.7398239 6.7397608 6.7396983 6.7396364 6.7395752 6.7395146 6.7394546 6.7393952 6.7393364 6.7392781 6.7392205 6.7391634 6.7391069 6.739051 6.7389956 6.7389407 6.7388864 6.7388326 6.7387793 6.7387266 6.7386743 6.7386226 6.7385713
6.7426804 6.742585 6.7424907 6.7423975 6.7423054 6.7422145 6.7421246 6.7420358 6.741948 6.7418613 6.7417756 6.7416909 6.7416071 6.7415243 6.7414425 6.7413616 6.7412815 6.7412024 6.7411242 6.7410469 6.7409704 6.7408948 6.74082 6.740746 6.7406728 6.7406004 6.7405288 6.740458 6.7403879 6.7403186 6.74025 6.7401821 6.740115 6.7400485 6.7399828 6.7399177 6.7398533 6.7397896 6.7397265 6.7396641 6.7396023 6.7395412 6.7394807 6.7394208 6.7393614 6.7393027 6.7392446 6.7391871 6.7391301 6.7390737 6.7390178 6.7389625 6.7389078 6.7388535 6.7387998 6.7387467 6.738694 6.7386418 6.7385902 6.738539
6.7426436 6.7425482 6.7424538 6.7423607 6.7422686 6.7421777 6.7420878 6.741999 6.7419113 6.7418246 6.7417389 6.7416542 6.7415704 6.7414877 6.7414059 6.741325 6.741245 6.741166 6.7410878 6.7410105 6.7409341 6.7408585 6.7407838 6.7407099 6.7406368 6.7405644 6.7404929 6.7404221 6.7403521 6.7402829 6.7402144 6.7401466 6.7400795 6.7400132 6.7399475 6.7398825 6.7398183 6.7397546 6.7396917 6.7396293 6.7395676 6.7395066 6.7394462 6.7393863 6.7393271 6.7392685 6.7392105 6.739153 6.7390962 6.7390399 6.7389841 6.7389289 6.7388743 6.7388201 6.7387665 6.7387135 6.7386609 6.7386089 6.7385573 6.7385063
6.7426057 6.7425102 6.7424159 6.7423227 6.7422307 6.7421398 6.7420499 6.7419612 6.7418735 6.7417868 6.7417011 6.7416165 6.7415328 6.7414501 6.7413684 6.7412876 6.7412077 6.7411287 6.7410506 6.7409734 6.740897 6.7408215 6.7407468 6.740673 6.7405999 6.7405277 6.7404563 6.7403856 6.7403157 6.7402465 6.7401781 6.7401104 6.7400434 6.7399772 6.7399116 6.7398467 6.7397825 6.739719 6.7396561 6.7395939 6.7395323 6.7394714 6.7394111 6.7393513 6.7392922 6.7392337 6.7391758 6.7391185 6.7390617 6.7390055 6.7389499 6.7388948 6.7388402 6.7387862 6.7387327 6.7386798 6.7386273 6.7385754 6.738524 6.738473
6.7425666 6.7424711 6.7423769 6.7422837 6.7421917 6.7421008 6.742011 6.7419223 6.7418347 6.7417481 6.7416625 6.7415779 6.7414943 6.7414116 6.7413299 6.7412492 6.7411694 6.7410905 6.7410125 6.7409353 6.740859 6.7407836 6.740709 6.7406353 6.7405623 6.7404902 6.7404188 6.7403483 6.7402785 6.7402094 6.7401411 6.7400735 6.7400066 6.7399405 6.739875 6.7398102 6.7397461 6.7396827 6.73962 6.7395578 6.7394964 6.7394355 6.7393753 6.7393157 6.7392567 6.7391983 6.7391405 6.7390833 6.7390267 6.7389706 6.7389151 6.7388601 6.7388057 6.7387518 6.7386984 6.7386456 6.7385933 6.7385414 6.7384901 6.7384393
6.7425263 6.7424309 6.7423367 6.7422436 6.7421517 6.7420608 6.7419711 6.7418825 6.7417949 6.7417083 6.7416228 6.7415383 6.7414548 6.7413722 6.7412906 6.7412099 6.7411302 6.7410514 6.7409735 6.7408964 6.7408203 6.7407449 6.7406705 6.7405968 6.740524 6.7404519 6.7403807 6.7403102 6.7402405 6.7401715 6.7401033 6.7400359 6.7399691 6.7399031 6.7398377 6.7397731 6.7397091 6.7396458 6.7395831 6.7395212 6.7394598 6.7393991 6.739339 6.7392795 6.7392207 6.7391624 6.7391047 6.7390476 6.7389911 6.7389351 6.7388797 6.7388249 6.7387706 6.7387168 6.7386636 6.7386109 6.7385587 6.738507 6.7384558 6.7384051
