Cobbity2/QGIS/NEW_Ave6_Ave22.asc
NCOLS 399
NROWS 240
XLLCORNER 150.661
YLLCORNER -34.0268
CELLSIZE 1e-05
NODATA_VALUE -9999
[rows 78 to 103 of 240, columns 0 to 59 of 399]
6.7341109 6.7341624 6.7342146 6.7342675 6.7343212 6.7343758 6.7344311 6.7344872 6.7345442 6.734602 6.7346607 6.7347202 6.7347806 6.734842 6.7349042 6.7349673 6.7350314 6.7350965 6.7351625 6.7352295 6.7352975 6.7353666 6.7354366 6.7355077 6.7355799 6.7356532 6.7357275 6.735803 6.7358796 6.7359574 6.7360363 6.7361164 6.7361977 6.7362802 6.736364 6.736449 6.7365353 6.7366229 6.7367118 6.736802 6.7368936 6.7369865 6.7370808 6.7371765 6.7372736 6.7373721 6.7374721 6.7375735 6.7376765 6.7377809 6.7378868 6.7379942 6.7381032 6.7382137 6.7383257 6.7384394 6.7385546 6.7386714 6.7387898 6.7389098
6.7340112 6.7340618 6.7341131 6.7341652 6.7342181 6.7342717 6.7343261 6.7343814 6.7344374 6.7344943 6.734552 6.7346106 6.7346701 6.7347304 6.7347916 6.7348538 6.7349169 6.7349809 6.7350459 6.7351119 6.7351788 6.7352468 6.7353158 6.7353858 6.7354569 6.735529 6.7356022 6.7356766 6.735752 6.7358286 6.7359064 6.7359853 6.7360654 6.7361467 6.7362292 6.736313 6.736398 6.7364843 6.7365719 6.7366608 6.7367511 6.7368426 6.7369356 6.7370299 6.7371256 6.7372228 6.7373213 6.7374213 6.7375228 6.7376258 6.7377302 6.7378362 6.7379436 6.7380526 6.7381632 6.7382753 6.7383889 6.7385042 6.738621 6.7387394
6.733911 6.7339607 6.7340112 6.7340624 6.7341144 6.7341671 6.7342206 6.734275 6.7343301 6.734386 6.7344428 6.7345005 6.7345589 6.7346183 6.7346786 6.7347397 6.7348018 6.7348648 6.7349288 6.7349937 6.7350596 6.7351265 6.7351944 6.7352633 6.7353333 6.7354043 6.7354764 6.7355496 6.7356239 6.7356994 6.7357759 6.7358536 6.7359325 6.7360126 6.7360939 6.7361765 6.7362602 6.7363453 6.7364316 6.7365192 6.7366081 6.7366984 6.73679 6.736883 6.7369774 6.7370731 6.7371703 6.7372689 6.737369 6.7374706 6.7375736 6.7376781 6.7377841 6.7378917 6.7380007 6.7381114 6.7382235 6.7383373 6.7384526 6.7385695
6.7338103 6.7338592 6.7339088 6.7339591 6.7340102 6.734062 6.7341147 6.7341681 6.7342223 6.7342773 6.7343331 6.7343898 6.7344473 6.7345057 6.734565 6.7346251 6.7346862 6.7347482 6.7348111 6.734875 6.7349399 6.7350057 6.7350725 6.7351404 6.7352092 6.7352791 6.7353501 6.7354222 6.7354953 6.7355696 6.735645 6.7357215 6.7357992 6.7358781 6.7359582 6.7360395 6.736122 6.7362058 6.7362909 6.7363772 6.7364649 6.7365538 6.7366441 6.7367358 6.7368288 6.7369233 6.7370191 6.7371164 6.7372151 6.7373152 6.7374169 6.73752 6.7376246 6.7377308 6.7378384 6.7379476 6.7380584 6.7381708 6.7382847 6.7384002
6.7337091 6.7337572 6.7338059 6.7338553 6.7339055 6.7339565 6.7340082 6.7340607 6.734114 6.734168 6.7342229 6.7342786 6.7343352 6.7343926 6.7344509 6.73451 6.7345701 6.7346311 6.734693 6.7347558 6.7348196 6.7348843 6.7349501 6.7350169 6.7350846 6.7351534 6.7352233 6.7352942 6.7353662 6.7354393 6.7355136 6.7355889 6.7356655 6.7357431 6.735822 6.7359021 6.7359834 6.7360659 6.7361498 6.7362348 6.7363212 6.7364089 6.7364979 6.7365883 6.73668 6.7367731 6.7368676 6.7369636 6.737061 6.7371598 6.7372601 6.7373619 6.7374651 6.7375699 6.7376763 6.7377841 6.7378936 6.7380046 6.7381171 6.7382313
6.7336075 6.7336547 6.7337025 6.7337511 6.7338004 6.7338505 6.7339013 6.7339528 6.7340052 6.7340583 6.7341122 6.734167 6.7342226 6.734279 6.7343363 6.7343944 6.7344535 6.7345134 6.7345743 6.7346361 6.7346988 6.7347625 6.7348272 6.7348929 6.7349595 6.7350272 6.735096 6.7351658 6.7352366 6.7353086 6.7353817 6.7354559 6.7355312 6.7356077 6.7356854 6.7357643 6.7358444 6.7359257 6.7360082 6.7360921 6.7361772 6.7362636 6.7363514 6.7364405 6.7365309 6.7366228 6.736716 6.7368106 6.7369067 6.7370042 6.7371032 6.7372037 6.7373057 6.7374092 6.7375142 6.7376208 6.737729 6.7378387 6.73795 6.7380629
6.7335055 6.7335518 6.7335987 6.7336464 6.7336948 6.733744 6.7337938 6.7338445 6.7338959 6.7339481 6.734001 6.7340548 6.7341094 6.7341649 6.7342212 6.7342783 6.7343364 6.7343953 6.7344551 6.7345159 6.7345775 6.7346402 6.7347038 6.7347684 6.7348339 6.7349005 6.7349682 6.7350368 6.7351066 6.7351774 6.7352493 6.7353224 6.7353965 6.7354719 6.7355483 6.735626 6.7357049 6.735785 6.7358664 6.735949 6.7360329 6.736118 6.7362045 6.7362924 6.7363816 6.7364722 6.7365641 6.7366575 6.7367523 6.7368486 6.7369463 6.7370456 6.7371463 6.7372485 6.7373523 6.7374577 6.7375646 6.7376731 6.7377833 6.737895
6.733403 6.7334484 6.7334945 6.7335413 6.7335888 6.733637 6.733686 6.7337357 6.7337861 6.7338374 6.7338894 6.7339422 6.7339958 6.7340503 6.7341056 6.7341617 6.7342188 6.7342767 6.7343355 6.7343952 6.7344558 6.7345174 6.7345799 6.7346434 6.7347079 6.7347734 6.7348399 6.7349075 6.7349761 6.7350457 6.7351165 6.7351884 6.7352614 6.7353356 6.7354109 6.7354874 6.735565 6.7356439 6.7357241 6.7358055 6.7358882 6.7359721 6.7360574 6.736144 6.736232 6.7363213 6.7364121 6.7365042 6.7365978 6.7366929 6.7367894 6.7368874 6.7369869 6.737088 6.7371906 6.7372948 6.7374005 6.7375079 6.7376169 6.7377276
6.7333001 6.7333446 6.7333898 6.7334357 6.7334823 6.7335296 6.7335776 6.7336264 6.7336759 6.7337262 6.7337773 6.7338291 6.7338818 6.7339353 6.7339896 6.7340447 6.7341007 6.7341576 6.7342153 6.734274 6.7343336 6.7343941 6.7344555 6.734518 6.7345814 6.7346457 6.7347112 6.7347776 6.7348451 6.7349136 6.7349833 6.735054 6.7351258 6.7351988 6.735273 6.7353483 6.7354248 6.7355025 6.7355815 6.7356617 6.7357431 6.7358259 6.73591 6.7359954 6.7360822 6.7361703 6.7362598 6.7363508 6.7364432 6.736537 6.7366323 6.7367292 6.7368275 6.7369274 6.7370289 6.737132 6.7372367 6.737343 6.737451 6.7375606
6.7331967 6.7332404 6.7332847 6.7333297 6.7333754 6.7334218 6.7334689 6.7335167 6.7335653 6.7336146 6.7336647 6.7337156 6.7337673 6.7338198 6.7338731 6.7339272 6.7339822 6.734038 6.7340947 6.7341524 6.7342109 6.7342703 6.7343307 6.7343921 6.7344544 6.7345177 6.734582 6.7346473 6.7347137 6.7347811 6.7348496 6.7349192 6.7349899 6.7350617 6.7351347 6.7352088 6.7352842 6.7353607 6.7354385 6.7355175 6.7355978 6.7356794 6.7357623 6.7358465 6.7359321 6.736019 6.7361074 6.7361971 6.7362884 6.7363811 6.7364752 6.7365709 6.7366682 6.736767 6.7368674 6.7369694 6.737073 6.7371783 6.7372853 6.737394
6.733093 6.7331357 6.7331791 6.7332232 6.733268 6.7333135 6.7333597 6.7334066 6.7334542 6.7335026 6.7335517 6.7336016 6.7336523 6.7337038 6.7337561 6.7338092 6.7338632 6.733918 6.7339737 6.7340303 6.7340877 6.7341461 6.7342054 6.7342657 6.7343269 6.7343891 6.7344523 6.7345165 6.7345818 6.7346481 6.7347155 6.7347839 6.7348535 6.7349242 6.734996 6.735069 6.7351431 6.7352185 6.7352951 6.735373 6.7354521 6.7355325 6.7356142 6.7356973 6.7357817 6.7358675 6.7359547 6.7360433 6.7361334 6.736225 6.7363181 6.7364127 6.7365088 6.7366066 6.7367059 6.7368069 6.7369096 6.7370139 6.73712 6.7372278
6.7329888 6.7330307 6.7330732 6.7331164 6.7331602 6.7332048 6.73325 6.733296 6.7333427 6.7333901 6.7334383 6.7334872 6.7335369 6.7335874 6.7336387 6.7336908 6.7337438 6.7337975 6.7338522 6.7339077 6.7339641 6.7340215 6.7340797 6.7341389 6.734199 6.7342601 6.7343223 6.7343854 6.7344495 6.7345147 6.7345809 6.7346482 6.7347167 6.7347862 6.7348569 6.7349287 6.7350018 6.735076 6.7351514 6.7352281 6.7353061 6.7353853 6.7354659 6.7355478 6.7356311 6.7357158 6.7358018 6.7358893 6.7359783 6.7360688 6.7361608 6.7362543 6.7363494 6.7364461 6.7365445 6.7366445 6.7367462 6.7368497 6.7369549 6.7370619
6.7328842 6.7329252 6.7329668 6.7330091 6.7330521 6.7330957 6.73314 6.733185 6.7332308 6.7332772 6.7333244 6.7333724 6.7334211 6.7334706 6.7335209 6.733572 6.7336239 6.7336767 6.7337303 6.7337847 6.7338401 6.7338964 6.7339536 6.7340117 6.7340707 6.7341307 6.7341917 6.7342538 6.7343168 6.7343808 6.734446 6.7345122 6.7345794 6.7346479 6.7347174 6.7347881 6.73486 6.7349331 6.7350074 6.7350829 6.7351597 6.7352379 6.7353173 6.7353981 6.7354802 6.7355638 6.7356487 6.7357351 6.735823 6.7359124 6.7360034 6.7360959 6.73619 6.7362857 6.7363831 6.7364822 6.7365831 6.7366857 6.7367901 6.7368963
6.7327793 6.7328194 6.7328601 6.7329015 6.7329435 6.7329862 6.7330296 6.7330736 6.7331184 6.7331639 6.7332101 6.7332571 6.7333048 6.7333533 6.7334026 6.7334527 6.7335036 6.7335553 6.7336079 6.7336613 6.7337157 6.7337709 6.733827 6.733884 6.733942 6.7340009 6.7340608 6.7341217 6.7341836 6.7342466 6.7343106 6.7343757 6.7344418 6.7345091 6.7345775 6.7346471 6.7347178 6.7347898 6.734863 6.7349374 6.7350131 6.7350901 6.7351684 6.735248 6.7353291 6.7354115 6.7354954 6.7355807 6.7356676 6.7357559 6.7358459 6.7359374 6.7360305 6.7361253 6.7362218 6.73632 6.73642 6.7365218 6.7366254 6.736731
6.732674 6.7327132 6.732753 6.7327934 6.7328345 6.7328763 6.7329187 6.7329618 6.7330057 6.7330502 6.7330954 6.7331414 6.7331882 6.7332357 6.7332839 6.733333 6.7333829 6.7334336 6.7334851 6.7335375 6.7335908 6.7336449 6.7336999 6.7337559 6.7338128 6.7338706 6.7339295 6.7339893 6.7340501 6.7341119 6.7341748 6.7342388 6.7343038 6.73437 6.7344373 6.7345057 6.7345753 6.7346462 6.7347182 6.7347915 6.7348661 6.7349419 6.7350192 6.7350977 6.7351777 6.735259 6.7353418 6.7354261 6.7355119 6.7355993 6.7356882 6.7357787 6.7358709 6.7359648 6.7360604 6.7361577 6.7362569 6.736358 6.7364609 6.7365658
6.7325683 6.7326066 6.7326455 6.732685 6.7327252 6.732766 6.7328075 6.7328497 6.7328925 6.7329361 6.7329803 6.7330253 6.7330711 6.7331176 6.7331649 6.7332129 6.7332618 6.7333114 6.7333619 6.7334133 6.7334655 6.7335185 6.7335725 6.7336274 6.7336832 6.73374 6.7337977 6.7338564 6.7339161 6.7339769 6.7340386 6.7341015 6.7341654 6.7342304 6.7342966 6.7343639 6.7344324 6.7345021 6.7345731 6.7346453 6.7347187 6.7347935 6.7348696 6.7349471 6.735026 6.7351063 6.735188 6.7352713 6.7353561 6.7354424 6.7355303 6.7356199 6.7357112 6.7358042 6.7358989 6.7359955 6.7360939 6.7361942 6.7362965 6.7364008
6.7324622 6.7324996 6.7325376 6.7325762 6.7326154 6.7326553 6.7326959 6.7327371 6.732779 6.7328216 6.7328649 6.7329089 6.7329536 6.7329991 6.7330454 6.7330924 6.7331402 6.7331889 6.7332383 6.7332886 6.7333398 6.7333918 6.7334447 6.7334985 6.7335532 6.7336089 6.7336655 6.7337231 6.7337817 6.7338414 6.7339021 6.7339638 6.7340266 6.7340905 6.7341556 6.7342218 6.7342892 6.7343578 6.7344276 6.7344987 6.7345711 6.7346447 6.7347198 6.7347962 6.734874 6.7349532 6.7350339 6.7351162 6.7351999 6.7352853 6.7353723 6.735461 6.7355513 6.7356434 6.7357374 6.7358332 6.7359308 6.7360305 6.7361321 6.7362359
6.7323558 6.7323923 6.7324294 6.732467 6.7325053 6.7325443 6.7325839 6.7326241 6.7326651 6.7327067 6.732749 6.732792 6.7328358 6.7328803 6.7329255 6.7329715 6.7330183 6.7330659 6.7331143 6.7331636 6.7332136 6.7332646 6.7333164 6.7333692 6.7334228 6.7334774 6.7335329 6.7335895 6.733647 6.7337055 6.7337651 6.7338257 6.7338874 6.7339502 6.7340142 6.7340793 6.7341456 6.734213 6.7342818 6.7343517 6.734423 6.7344956 6.7345696 6.7346449 6.7347217 6.7347999 6.7348796 6.7349608 6.7350436 6.735128 6.7352141 6.7353018 6.7353913 6.7354826 6.7355757 6.7356707 6.7357677 6.7358667 6.7359677 6.7360709
6.7322491 6.7322846 6.7323208 6.7323575 6.7323949 6.7324329 6.7324715 6.7325108 6.7325508 6.7325914 6.7326328 6.7326748 6.7327175 6.732761 6.7328052 6.7328502 6.732896 6.7329426 6.7329899 6.7330381 6.7330871 6.733137 6.7331878 6.7332395 6.733292 6.7333455 6.7334 6.7334554 6.7335118 6.7335692 6.7336277 6.7336872 6.7337478 6.7338095 6.7338724 6.7339364 6.7340015 6.7340679 6.7341356 6.7342045 6.7342746 6.7343462 6.734419 6.7344933 6.734569 6.7346462 6.7347249 6.7348051 6.734887 6.7349704 6.7350556 6.7351424 6.7352311 6.7353215 6.7354139 6.7355081 6.7356044 6.7357028 6.7358033 6.735906
6.732142 6.7321766 6.7322118 6.7322477 6.7322841 6.7323211 6.7323588 6.7323972 6.7324362 6.7324758 6.7325161 6.7325572 6.7325989 6.7326414 6.7326846 6.7327286 6.7327733 6.7328188 6.7328651 6.7329123 6.7329602 6.7330091 6.7330588 6.7331093 6.7331608 6.7332132 6.7332666 6.7333209 6.7333763 6.7334326 6.7334899 6.7335484 6.7336079 6.7336685 6.7337302 6.7337931 6.7338572 6.7339225 6.733989 6.7340568 6.7341259 6.7341964 6.7342682 6.7343414 6.7344161 6.7344922 6.7345699 6.7346492 6.73473 6.7348126 6.7348968 6.7349828 6.7350706 6.7351602 6.7352518 6.7353454 6.735441 6.7355388 6.7356387 6.7357409
6.7320345 6.7320683 6.7321026 6.7321375 6.7321729 6.7322091 6.7322458 6.7322831 6.7323212 6.7323598 6.7323992 6.7324392 6.73248 6.7325214 6.7325636 6.7326065 6.7326502 6.7326947 6.73274 6.7327861 6.732833 6.7328807 6.7329293 6.7329788 6.7330293 6.7330806 6.7331329 6.7331861 6.7332403 6.7332955 6.7333518 6.7334091 6.7334675 6.733527 6.7335876 6.7336494 6.7337124 6.7337766 6.733842 6.7339088 6.7339768 6.7340462 6.7341169 6.7341891 6.7342628 6.7343379 6.7344146 6.7344929 6.7345728 6.7346544 6.7347377 6.7348228 6.7349098 6.7349987 6.7350895 6.7351824 6.7352774 6.7353745 6.7354739 6.7355757
6.7319268 6.7319596 6.731993 6.7320269 6.7320615 6.7320966 6.7321324 6.7321688 6.7322058 6.7322435 6.7322818 6.7323209 6.7323606 6.7324011 6.7324422 6.7324841 6.7325268 6.7325702 6.7326144 6.7326595 6.7327053 6.732752 6.7327995 6.732848 6.7328973 6.7329475 6.7329987 6.7330508 6.733104 6.7331581 6.7332133 6.7332695 6.7333268 6.7333851 6.7334447 6.7335054 6.7335672 6.7336304 6.7336947 6.7337604 6.7338273 6.7338956 6.7339653 6.7340365 6.7341091 6.7341833 6.734259 6.7343363 6.7344152 6.7344959 6.7345783 6.7346626 6.7347487 6.7348368 6.7349269 6.7350191 6.7351134 6.73521 6.7353089 6.7354102
6.7318187 6.7318506 6.7318831 6.7319161 6.7319497 6.7319839 6.7320187 6.7320541 6.7320901 6.7321268 6.7321642 6.7322022 6.7322409 6.7322804 6.7323205 6.7323614 6.732403 6.7324454 6.7324885 6.7325325 6.7325773 6.7326229 6.7326694 6.7327167 6.7327649 6.7328141 6.7328642 6.7329152 6.7329672 6.7330203 6.7330743 6.7331294 6.7331856 6.7332429 6.7333013 6.7333609 6.7334217 6.7334837 6.733547 6.7336116 6.7336775 6.7337447 6.7338134 6.7338835 6.7339551 6.7340282 6.7341029 6.7341793 6.7342573 6.734337 6.7344186 6.734502 6.7345873 6.7346746 6.734764 6.7348555 6.7349492 6.7350452 6.7351435 6.7352444
6.7317104 6.7317413 6.7317728 6.7318049 6.7318375 6.7318708 6.7319046 6.731939 6.7319741 6.7320098 6.7320462 6.7320832 6.7321209 6.7321593 6.7321984 6.7322382 6.7322788 6.7323202 6.7323623 6.7324052 6.7324489 6.7324934 6.7325388 6.7325851 6.7326322 6.7326803 6.7327293 6.7327792 6.7328301 6.7328821 6.732935 6.732989 6.7330441 6.7331003 6.7331576 6.7332161 6.7332758 6.7333367 6.7333989 6.7334624 6.7335272 6.7335934 6.733661 6.7337301 6.7338007 6.7338728 6.7339465 6.7340219 6.734099 6.7341778 6.7342585 6.734341 6.7344255 6.7345121 6.7346007 6.7346915 6.7347846 6.73488 6.7349778 6.7350783
6.7316017 6.7316317 6.7316623 6.7316934 6.7317251 6.7317574 6.7317902 6.7318237 6.7318578 6.7318925 6.7319278 6.7319638 6.7320005 6.7320379 6.732076 6.7321148 6.7321543 6.7321946 6.7322356 6.7322775 6.7323201 6.7323636 6.7324079 6.7324531 6.7324991 6.7325461 6.732594 6.7326428 6.7326927 6.7327435 6.7327953 6.7328482 6.7329022 6.7329573 6.7330135 6.7330709 6.7331295 6.7331893 6.7332504 6.7333128 6.7333765 6.7334417 6.7335082 6.7335763 6.7336458 6.7337169 6.7337897 6.7338641 6.7339402 6.7340182 6.7340979 6.7341796 6.7342633 6.7343491 6.734437 6.7345271 6.7346195 6.7347144 6.7348117 6.7349117
6.7314928 6.7315218 6.7315515 6.7315816 6.7316124 6.7316437 6.7316755 6.731708 6.7317411 6.7317748 6.7318092 6.7318442 6.7318798 6.7319162 6.7319532 6.731991 6.7320295 6.7320687 6.7321087 6.7321494 6.732191 6.7322334 6.7322766 6.7323207 6.7323657 6.7324116 6.7324583 6.7325061 6.7325548 6.7326045 6.7326552 6.732707 6.7327599 6.7328139 6.732869 6.7329253 6.7329828 6.7330415 6.7331015 6.7331628 6.7332255 6.7332896 6.7333551 6.7334221 6.7334906 6.7335607 6.7336324 6.7337059 6.7337811 6.7338581 6.733937 6.7340178 6.7341007 6.7341856 6.7342728 6.7343622 6.734454 6.7345483 6.7346451 6.7347446
