Cobbity2/QGIS/NEW_Ave6_Ave22.asc
NCOLS 399
NROWS 240
XLLCORNER 150.661
YLLCORNER -34.0268
CELLSIZE 1e-05
NODATA_VALUE -9999
[rows 26 to 51 of 240, columns 60 to 119 of 399]
6.746837 6.7470787 6.7473264 6.7475802 6.7478406 6.7481076 6.7483817 6.7486631 6.7489521 6.7492491 6.7495544 6.7498685 6.7501917 6.7505244 6.7508672 6.7512205 6.7515848 6.7519607 6.7523488 6.7527497 6.753164 6.7535926 6.7540361 6.7544954 6.7549713 6.7554649 6.7559771 6.7565089 6.7570617 6.7576365 6.7582348 6.758858 6.7595076 6.7601853 6.760893 6.7616326 6.7624062 6.7632161 6.7640648 6.7649548 6.7658892 6.766871 6.7679037 6.7689909 6.7701366 6.7713453 6.7726214 6.7739703 6.7753973 6.7769084 6.7785101 6.7802092 6.782013 6.7839292 6.7859659 6.7881313 6.7904337 6.7928809 6.7954797 6.7982353
6.7467546 6.7469961 6.7472436 6.7474972 6.7477574 6.7480244 6.7482984 6.7485797 6.7488688 6.7491659 6.7494714 6.7497857 6.7501092 6.7504423 6.7507856 6.7511395 6.7515046 6.7518814 6.7522706 6.7526727 6.7530885 6.7535187 6.7539642 6.7544257 6.7549042 6.7554007 6.7559162 6.7564518 6.7570088 6.7575885 6.7581923 6.7588217 6.7594784 6.7601642 6.7608809 6.7616307 6.7624159 6.7632389 6.7641023 6.7650091 6.7659624 6.7669658 6.7680228 6.7691378 6.770315 6.7715595 6.7728766 6.7742722 6.7757526 6.7773251 6.7789971 6.7807772 6.7826744 6.7846987 6.7868608 6.7891719 6.7916441 6.7942895 6.7971202 6.8001474
6.7466683 6.7469094 6.7471565 6.7474098 6.7476697 6.7479363 6.7482101 6.7484912 6.7487801 6.749077 6.7493824 6.7496967 6.7500202 6.7503535 6.750697 6.7510512 6.7514167 6.751794 6.7521839 6.7525868 6.7530036 6.7534351 6.753882 6.7543452 6.7548256 6.7553244 6.7558426 6.7563813 6.7569418 6.7575256 6.758134 6.7587687 6.7594315 6.7601242 6.7608488 6.7616076 6.762403 6.7632376 6.7641144 6.7650363 6.7660069 6.7670299 6.7681094 6.76925 6.7704566 6.7717347 6.7730902 6.77453 6.7760614 6.7776924 6.7794323 6.7812909 6.7832794 6.78541 6.7876964 6.7901533 6.7927971 6.7956451 6.798716 6.8020285
6.746578 6.7468186 6.7470652 6.747318 6.7475774 6.7478435 6.7481168 6.7483975 6.748686 6.7489825 6.7492876 6.7496016 6.7499249 6.750258 6.7506014 6.7509555 6.7513211 6.7516986 6.7520886 6.752492 6.7529093 6.7533415 6.7537893 6.7542536 6.7547355 6.7552359 6.755756 6.756297 6.7568603 6.7574472 6.7580594 6.7586984 6.7593662 6.7600647 6.7607959 6.7615624 6.7623666 6.7632114 6.7640997 6.765035 6.7660209 6.7670615 6.7681613 6.7693251 6.7705584 6.7718673 6.7732584 6.7747392 6.776318 6.7780042 6.7798082 6.7817415 6.7838175 6.7860508 6.7884581 6.7910582 6.793872 6.7969232 6.8002378 6.8038442
6.7464838 6.7467237 6.7469696 6.7472217 6.7474804 6.7477459 6.7480186 6.7482986 6.7485864 6.7488824 6.7491869 6.7495003 6.7498231 6.7501557 6.7504987 6.7508524 6.7512177 6.7515949 6.7519848 6.7523881 6.7528056 6.7532379 6.7536861 6.7541509 6.7546335 6.7551349 6.7556562 6.7561988 6.756764 6.7573532 6.7579681 6.7586104 6.7592821 6.7599851 6.7607217 6.7614944 6.7623059 6.7631591 6.7640572 6.7650039 6.766003 6.7670589 6.7681763 6.7693606 6.7706176 6.771954 6.7733771 6.7748952 6.7765174 6.7782542 6.7801173 6.7821203 6.7842781 6.7866083 6.7891307 6.791868 6.7948466 6.7980966 6.8016526 6.8055544
6.7463857 6.7466248 6.7468698 6.7471211 6.747379 6.7476436 6.7479154 6.7481946 6.7484816 6.7487767 6.7490803 6.7493929 6.7497149 6.7500467 6.7503889 6.750742 6.7511065 6.7514831 6.7518724 6.7522752 6.7526922 6.7531243 6.7535722 6.754037 6.7545197 6.7550213 6.7555432 6.7560865 6.7566527 6.7572432 6.7578599 6.7585044 6.7591787 6.7598849 6.7606255 6.7614029 6.76222 6.7630798 6.7639858 6.7649417 6.7659517 6.7670203 6.7681526 6.7693543 6.7706317 6.771992 6.773443 6.7749938 6.7766544 6.7784364 6.7803528 6.7824186 6.7846511 6.7870702 6.7896989 6.7925642 6.7956977 6.7991364 6.8029244 6.8071137
6.7462837 6.7465218 6.7467658 6.7470161 6.747273 6.7475366 6.7478073 6.7480854 6.7483713 6.7486654 6.7489679 6.7492794 6.7496003 6.749931 6.7502721 6.7506241 6.7509876 6.7513631 6.7517515 6.7521533 6.7525694 6.7530006 6.7534477 6.7539118 6.7543939 6.7548951 6.7554167 6.7559599 6.7565262 6.7571171 6.7577345 6.75838 6.7590557 6.7597639 6.7605069 6.7612874 6.7621084 6.762973 6.7638847 6.7648476 6.7658658 6.7669444 6.7680885 6.7693043 6.7705984 6.7719784 6.7734528 6.7750312 6.7767245 6.7785453 6.7805079 6.7826287 6.7849269 6.7874247 6.7901483 6.7931285 6.7964023 6.8000136 6.8040159 6.8084739
6.7461779 6.7464148 6.7466577 6.7469069 6.7471625 6.7474249 6.7476943 6.7479712 6.7482558 6.7485485 6.7488497 6.7491598 6.7494793 6.7498086 6.7501483 6.7504989 6.7508609 6.751235 6.7516219 6.7520223 6.752437 6.7528668 6.7533126 6.7537754 6.7542562 6.7547563 6.7552767 6.755819 6.7563845 6.7569748 6.7575917 6.7582371 6.758913 6.7596216 6.7603656 6.7611475 6.7619705 6.7628378 6.7637531 6.7647205 6.7657444 6.76683 6.7679827 6.7692089 6.7705157 6.7719109 6.7734036 6.7750041 6.7767238 6.7785763 6.7805769 6.7827434 6.7850966 6.7876609 6.7904653 6.7935441 6.796939 6.8007005 6.8048906 6.8095867
6.7460682 6.7463039 6.7465455 6.7467933 6.7470476 6.7473085 6.7475766 6.7478519 6.748135 6.7484262 6.7487258 6.7490343 6.7493521 6.7496797 6.7500176 6.7503664 6.7507266 6.7510989 6.7514839 6.7518824 6.7522951 6.752723 6.7531668 6.7536277 6.7541066 6.7546047 6.7551233 6.7556638 6.7562275 6.7568162 6.7574316 6.7580756 6.7587503 6.759458 6.7602013 6.760983 6.7618061 6.7626741 6.7635906 6.76456 6.7655868 6.7666762 6.7678341 6.7690669 6.770382 6.7717877 6.7732934 6.7749097 6.776649 6.7785253 6.7805549 6.7827567 6.785153 6.7877699 6.7906386 6.7937965 6.7972892 6.8011725 6.8055161 6.8104079
6.7459549 6.7461891 6.7464293 6.7466756 6.7469283 6.7471877 6.747454 6.7477277 6.7480091 6.7482984 6.7485962 6.7489028 6.7492186 6.7495442 6.74988 6.7502267 6.7505847 6.7509547 6.7513374 6.7517335 6.7521439 6.7525692 6.7530106 6.7534688 6.7539451 6.7544406 6.7549566 6.7554943 6.7560554 6.7566414 6.7572541 6.7578955 6.7585677 6.759273 6.7600141 6.7607937 6.761615 6.7624814 6.7633969 6.7643656 6.7653923 6.7664824 6.7676418 6.7688773 6.7701962 6.7716073 6.7731203 6.7747461 6.7764975 6.7783893 6.7804382 6.7826642 6.7850905 6.7877445 6.7906592 6.7938743 6.7974381 6.8014105 6.8058664 6.8109017
6.7458378 6.7460705 6.7463091 6.7465537 6.7468047 6.7470623 6.7473268 6.7475986 6.747878 6.7481653 6.748461 6.7487654 6.749079 6.7494023 6.7497357 6.7500799 6.7504353 6.7508027 6.7511827 6.751576 6.7519833 6.7524057 6.7528439 6.753299 6.753772 6.7542641 6.7547765 6.7553107 6.7558681 6.7564504 6.7570593 6.7576969 6.7583652 6.7590667 6.7598038 6.7605796 6.7613971 6.7622598 6.7631718 6.7641372 6.7651609 6.7662484 6.7674057 6.7686395 6.7699577 6.771369 6.7728833 6.7745119 6.7762678 6.7781662 6.7802243 6.7824627 6.7849052 6.7875801 6.7905214 6.7937701 6.7973763 6.8014019 6.8059248 6.8110449
6.7457171 6.7459481 6.7461849 6.7464278 6.7466769 6.7469325 6.7471951 6.7474648 6.747742 6.748027 6.7483204 6.7486224 6.7489334 6.7492541 6.7495848 6.7499261 6.7502786 6.750643 6.7510198 6.7514098 6.7518137 6.7522325 6.7526671 6.7531183 6.7535873 6.7540753 6.7545834 6.7551132 6.755666 6.7562435 6.7568475 6.75748 6.7581431 6.7588392 6.7595708 6.7603409 6.7611526 6.7620095 6.7629155 6.7638749 6.7648926 6.7659741 6.7671255 6.7683536 6.7696663 6.7710724 6.772582 6.7742065 6.7759591 6.7778551 6.7799122 6.7821508 6.7845954 6.7872745 6.7902226 6.7934809 6.7970999 6.801142 6.8056854 6.8108299
6.7455929 6.7458221 6.746057 6.7462979 6.7465449 6.7467985 6.7470588 6.7473262 6.747601 6.7478836 6.7481744 6.7484737 6.748782 6.7490997 6.7494274 6.7497656 6.7501148 6.7504757 6.7508489 6.7512351 6.7516352 6.7520499 6.7524802 6.752927 6.7533913 6.7538745 6.7543775 6.754902 6.7554493 6.756021 6.756619 6.7572452 6.7579017 6.7585909 6.7593154 6.760078 6.760882 6.7617308 6.7626284 6.7635791 6.7645878 6.7656599 6.7668016 6.7680198 6.7693223 6.7707179 6.7722167 6.7738303 6.7755717 6.7774564 6.7795019 6.7817289 6.7841615 6.7868283 6.7897634 6.7930077 6.7966109 6.8006341 6.8051534 6.810265
6.7454652 6.7456925 6.7459254 6.7461641 6.746409 6.7466602 6.7469182 6.7471831 6.7474553 6.7477353 6.7480232 6.7483196 6.7486248 6.7489394 6.7492637 6.7495984 6.749944 6.750301 6.7506703 6.7510523 6.751448 6.7518581 6.7522836 6.7527253 6.7531844 6.7536619 6.7541592 6.7546775 6.7552183 6.7557832 6.7563741 6.7569928 6.7576414 6.7583222 6.759038 6.7597914 6.7605856 6.7614242 6.762311 6.7632503 6.764247 6.7653065 6.7664348 6.7676389 6.7689265 6.7703063 6.7717884 6.7733842 6.7751068 6.7769712 6.7789951 6.7811986 6.7836056 6.7862442 6.7891477 6.7923558 6.7959165 6.7998885 6.8043438 6.8093725
6.7453342 6.7455594 6.7457901 6.7460265 6.7462691 6.7465179 6.7467733 6.7470356 6.747305 6.747582 6.747867 6.7481602 6.7484621 6.7487732 6.7490939 6.7494248 6.7497664 6.7501193 6.7504841 6.7508615 6.7512524 6.7516574 6.7520775 6.7525136 6.7529667 6.753438 6.7539287 6.75444 6.7549735 6.7555307 6.7561133 6.7567233 6.7573627 6.7580338 6.7587392 6.7594817 6.7602643 6.7610905 6.7619641 6.7628895 6.7638712 6.7649148 6.7660262 6.7672121 6.7684801 6.769839 6.7712986 6.77287 6.7745662 6.776402 6.7783944 6.7805633 6.7829319 6.7855274 6.7883819 6.7915336 6.7950283 6.798921 6.8032792 6.8081854
6.7451999 6.7454228 6.7456512 6.7458853 6.7461254 6.7463716 6.7466243 6.7468837 6.7471502 6.7474241 6.7477058 6.7479956 6.748294 6.7486014 6.7489182 6.749245 6.7495822 6.7499306 6.7502906 6.7506631 6.7510486 6.7514481 6.7518623 6.7522922 6.7527388 6.7532032 6.7536865 6.75419 6.7547153 6.7552638 6.7558372 6.7564373 6.7570663 6.7577263 6.7584199 6.7591497 6.7599188 6.7607306 6.7615888 6.7624977 6.7634617 6.7644862 6.7655771 6.7667409 6.767985 6.769318 6.7707495 6.7722903 6.7739529 6.7757519 6.7777037 6.7798275 6.7821458 6.7846846 6.7874746 6.7905522 6.7939605 6.7977511 6.8019864 6.8067416
6.7450624 6.745283 6.745509 6.7457406 6.745978 6.7462214 6.7464713 6.7467277 6.7469911 6.7472617 6.7475399 6.7478262 6.7481207 6.7484241 6.7487368 6.7490591 6.7493918 6.7497353 6.7500902 6.7504573 6.7508371 6.7512305 6.7516384 6.7520615 6.752501 6.7529578 6.7534331 6.7539281 6.7544444 6.7549832 6.7555464 6.7561356 6.7567529 6.7574005 6.7580808 6.7587964 6.7595503 6.7603457 6.7611863 6.7620762 6.7630199 6.7640223 6.7650893 6.7662273 6.7674433 6.7687457 6.7701438 6.771648 6.7732704 6.775025 6.7769277 6.7789968 6.7812539 6.7837237 6.7864356 6.7894238 6.792729 6.7963995 6.800493 6.8050789
6.7449218 6.74514 6.7453635 6.7455924 6.745827 6.7460676 6.7463144 6.7465677 6.7468278 6.7470949 6.7473695 6.7476519 6.7479425 6.7482417 6.7485499 6.7488676 6.7491954 6.7495337 6.7498831 6.7502444 6.7506181 6.7510051 6.7514061 6.751822 6.7522538 6.7527024 6.753169 6.7536549 6.7541612 6.7546896 6.7552416 6.7558189 6.7564234 6.7570574 6.757723 6.7584228 6.7591598 6.759937 6.760758 6.7616267 6.7625474 6.763525 6.764565 6.7656735 6.7668576 6.768125 6.7694846 6.7709467 6.7725228 6.774226 6.7760718 6.7780775 6.7802636 6.7826538 6.7852756 6.7881616 6.7913501 6.7948865 6.7988252 6.8032311
6.7447783 6.7449939 6.7452148 6.7454409 6.7456727 6.7459103 6.7461539 6.7464039 6.7466605 6.746924 6.7471948 6.7474732 6.7477596 6.7480543 6.7483578 6.7486706 6.7489932 6.749326 6.7496697 6.7500248 6.7503921 6.7507722 6.7511659 6.7515741 6.7519976 6.7524376 6.7528949 6.7533708 6.7538667 6.7543838 6.7549237 6.7554881 6.7560788 6.7566979 6.7573475 6.7580302 6.7587487 6.759506 6.7603054 6.7611508 6.7620461 6.7629963 6.7640063 6.7650823 6.7662306 6.767459 6.7687758 6.7701906 6.7717146 6.7733602 6.775142 6.7770765 6.7791831 6.7814841 6.7840057 6.7867787 6.7898393 6.7932307 6.797005 6.801225
6.7446319 6.7448449 6.745063 6.7452863 6.7455151 6.7457495 6.7459899 6.7462364 6.7464894 6.7467491 6.7470159 6.7472902 6.7475721 6.7478622 6.7481609 6.7484685 6.7487856 6.7491127 6.7494503 6.7497989 6.7501594 6.7505323 6.7509183 6.7513183 6.7517332 6.7521638 6.7526113 6.7530767 6.7535613 6.7540664 6.7545935 6.7551441 6.75572 6.7563232 6.7569557 6.75762 6.7583185 6.7590543 6.7598304 6.7606504 6.7615183 6.7624386 6.763416 6.7644563 6.7655658 6.7667513 6.7680211 6.7693842 6.770851 6.7724334 6.7741449 6.7760013 6.7780207 6.7802244 6.782637 6.7852876 6.7882109 6.7914484 6.7950507 6.7990798
6.7444828 6.7446931 6.7449083 6.7451287 6.7453543 6.7455855 6.7458225 6.7460655 6.7463147 6.7465705 6.7468332 6.747103 6.7473804 6.7476657 6.7479592 6.7482615 6.7485729 6.748894 6.7492252 6.7495672 6.7499205 6.7502858 6.7506637 6.7510552 6.7514609 6.7518819 6.752319 6.7527733 6.7532461 6.7537385 6.7542519 6.7547879 6.7553482 6.7559344 6.7565488 6.7571934 6.7578707 6.7585835 6.7593347 6.7601277 6.7609662 6.7618544 6.7627969 6.7637989 6.7648664 6.7660059 6.767225 6.7685323 6.7699373 6.7714514 6.7730872 6.7748594 6.7767851 6.7788843 6.7811801 6.7837004 6.7864782 6.7895537 6.7929765 6.7968088
6.744331 6.7445386 6.7447509 6.7449682 6.7451907 6.7454185 6.7456519 6.7458912 6.7461366 6.7463883 6.7466467 6.7469121 6.7471847 6.747465 6.7477533 6.74805 6.7483555 6.7486703 6.748995 6.7493299 6.7496758 6.7500332 6.7504028 6.7507853 6.7511815 6.7515923 6.7520186 6.7524613 6.7529217 6.7534008 6.7539 6.7544207 6.7549644 6.755533 6.7561282 6.7567521 6.7574071 6.7580956 6.7588205 6.7595849 6.7603922 6.7612464 6.7621518 6.7631132 6.7641361 6.7652267 6.766392 6.7676398 6.7689792 6.7704207 6.7719759 6.7736587 6.775485 6.7774734 6.7796459 6.7820287 6.7846536 6.7875592 6.7907942 6.7944213
6.7441768 6.7443815 6.7445908 6.744805 6.7450242 6.7452486 6.7454784 6.7457139 6.7459553 6.7462029 6.7464569 6.7467176 6.7469853 6.7472605 6.7475433 6.7478342 6.7481337 6.7484421 6.7487599 6.7490876 6.7494258 6.749775 6.7501359 6.7505092 6.7508956 6.7512958 6.7517109 6.7521416 6.752589 6.7530543 6.7535387 6.7540434 6.75457 6.7551201 6.7556953 6.7562977 6.7569292 6.7575924 6.7582898 6.7590242 6.759799 6.7606176 6.761484 6.7624028 6.7633789 6.7644181 6.7655267 6.7667121 6.7679826 6.7693477 6.7708183 6.7724072 6.7741291 6.7760014 6.7780447 6.7802837 6.7827485 6.7854765 6.7885149 6.7919255
6.7440203 6.744222 6.7444283 6.7446392 6.7448551 6.7450759 6.7453021 6.7455337 6.745771 6.7460143 6.7462638 6.7465198 6.7467825 6.7470523 6.7473296 6.7476146 6.7479078 6.7482096 6.7485204 6.7488407 6.749171 6.7495118 6.7498638 6.7502275 6.7506037 6.7509932 6.7513966 6.7518149 6.7522491 6.7527001 6.7531691 6.7536574 6.7541663 6.7546972 6.7552517 6.7558317 6.7564391 6.757076 6.7577448 6.7584482 6.7591891 6.7599707 6.7607967 6.7616712 6.7625987 6.7635844 6.7646342 6.7657546 6.7669533 6.768239 6.7696216 6.7711128 6.7727262 6.7744779 6.7763869 6.7784763 6.7807746 6.7833173 6.7861496 6.7893313
6.7438615 6.7440603 6.7442634 6.7444711 6.7446835 6.7449008 6.7451231 6.7453508 6.745584 6.7458229 6.7460678 6.7463189 6.7465765 6.7468409 6.7471125 6.7473915 6.7476783 6.7479734 6.748277 6.7485897 6.7489119 6.7492441 6.7495869 6.7499409 6.7503067 6.750685 6.7510766 6.7514822 6.7519027 6.7523391 6.7527924 6.7532638 6.7537544 6.7542657 6.754799 6.755356 6.7559385 6.7565484 6.7571879 6.7578593 6.7585653 6.7593089 6.7600933 6.7609221 6.7617995 6.7627302 6.7637193 6.7647728 6.7658976 6.7671014 6.7683933 6.7697838 6.7712853 6.7729124 6.7746827 6.7766176 6.7787435 6.7810935 6.7837105 6.786651
6.7437007 6.7438964 6.7440964 6.7443007 6.7445096 6.7447233 6.7449418 6.7451654 6.7453944 6.7456288 6.745869 6.7461152 6.7463677 6.7466266 6.7468924 6.7471652 6.7474456 6.7477337 6.74803 6.748335 6.748649 6.7489724 6.7493059 6.74965 6.7500052 6.7503722 6.7507516 6.7511442 6.7515509 6.7519724 6.7524097 6.7528638 6.7533358 6.753827 6.7543387 6.7548723 6.7554294 6.7560117 6.7566212 6.7572601 6.7579305 6.7586352 6.7593771 6.7601594 6.7609857 6.7618601 6.7627872 6.7637724 6.7648216 6.7659417 6.7671408 6.7684283 6.7698152 6.7713147 6.7729427 6.7747187 6.7766669 6.7788178 6.7812111 6.783899
