Cobbity2/QGIS/NEW_Ave6_Ave22.asc
NCOLS 399
NROWS 240
XLLCORNER 150.661
YLLCORNER -34.0268
CELLSIZE 1e-05
NODATA_VALUE -9999
[rows 78 to 103 of 240, columns 300 to 359 of 399]
6.7387773 6.7387122 6.7386479 6.7385843 6.7385214 6.7384591 6.7383975 6.7383366 6.7382764 6.7382168 6.7381579 6.7380996 6.7380419 6.7379849 6.7379285 6.7378726 6.7378175 6.7377629 6.7377088 6.7376554 6.7376026 6.7375503 6.7374986 6.7374474 6.7373968 6.7373468 6.7372973 6.7372483 6.7371998 6.7371519 6.7371044 6.7370575 6.7370111 6.7369651 6.7369197 6.7368747 6.7368302 6.7367861 6.7367426 6.7366994 6.7366568 6.7366146 6.7365728 6.7365314 6.7364905 6.73645 6.7364099 6.7363703 6.736331 6.7362921 6.7362537 6.7362156 6.7361779 6.7361406 6.7361037 6.7360671 6.7360309 6.7359951 6.7359596 6.7359245
6.7386802 6.7386162 6.7385528 6.7384901 6.7384281 6.7383668 6.7383061 6.7382461 6.7381867 6.738128 6.7380699 6.7380124 6.7379555 6.7378993 6.7378437 6.7377887 6.7377342 6.7376804 6.7376271 6.7375745 6.7375223 6.7374708 6.7374198 6.7373693 6.7373194 6.73727 6.7372212 6.7371729 6.737125 6.7370777 6.7370309 6.7369846 6.7369388 6.7368935 6.7368486 6.7368042 6.7367603 6.7367169 6.7366739 6.7366313 6.7365892 6.7365475 6.7365063 6.7364655 6.7364251 6.7363851 6.7363455 6.7363064 6.7362676 6.7362293 6.7361913 6.7361537 6.7361165 6.7360797 6.7360432 6.7360071 6.7359714 6.735936 6.735901 6.7358664
6.7385824 6.7385194 6.738457 6.7383952 6.7383341 6.7382737 6.7382139 6.7381548 6.7380963 6.7380384 6.7379812 6.7379246 6.7378685 6.7378131 6.7377583 6.7377041 6.7376504 6.7375974 6.7375449 6.7374929 6.7374415 6.7373907 6.7373404 6.7372907 6.7372414 6.7371927 6.7371446 6.7370969 6.7370497 6.7370031 6.7369569 6.7369112 6.7368661 6.7368213 6.7367771 6.7367333 6.73669 6.7366471 6.7366047 6.7365627 6.7365212 6.73648 6.7364393 6.7363991 6.7363592 6.7363198 6.7362807 6.7362421 6.7362039 6.736166 6.7361285 6.7360914 6.7360547 6.7360184 6.7359824 6.7359468 6.7359115 6.7358766 6.735842 6.7358078
6.7384839 6.7384218 6.7383604 6.7382996 6.7382395 6.73818 6.7381211 6.7380629 6.7380053 6.7379483 6.7378919 6.7378361 6.7377809 6.7377263 6.7376723 6.7376189 6.737566 6.7375137 6.737462 6.7374108 6.7373601 6.73731 6.7372605 6.7372114 6.7371629 6.7371149 6.7370674 6.7370204 6.7369739 6.7369279 6.7368824 6.7368374 6.7367928 6.7367487 6.7367051 6.7366619 6.7366192 6.7365769 6.7365351 6.7364936 6.7364527 6.7364121 6.736372 6.7363323 6.736293 6.736254 6.7362155 6.7361774 6.7361397 6.7361023 6.7360654 6.7360288 6.7359926 6.7359567 6.7359212 6.735886 6.7358513 6.7358168 6.7357827 6.7357489
6.7383847 6.7383236 6.7382632 6.7382033 6.7381442 6.7380856 6.7380277 6.7379703 6.7379136 6.7378575 6.737802 6.737747 6.7376927 6.7376389 6.7375857 6.7375331 6.737481 6.7374295 6.7373785 6.7373281 6.7372782 6.7372288 6.73718 6.7371317 6.7370838 6.7370365 6.7369897 6.7369434 6.7368976 6.7368523 6.7368074 6.736763 6.7367191 6.7366756 6.7366326 6.73659 6.7365479 6.7365062 6.736465 6.7364242 6.7363838 6.7363438 6.7363042 6.736265 6.7362263 6.7361879 6.7361499 6.7361123 6.7360751 6.7360383 6.7360018 6.7359657 6.73593 6.7358946 6.7358596 6.735825 6.7357906 6.7357567 6.735723 6.7356897
6.7382848 6.7382247 6.7381652 6.7381064 6.7380482 6.7379905 6.7379335 6.7378771 6.7378213 6.737766 6.7377114 6.7376573 6.7376038 6.7375509 6.7374985 6.7374467 6.7373954 6.7373447 6.7372945 6.7372448 6.7371957 6.7371471 6.737099 6.7370514 6.7370043 6.7369577 6.7369115 6.7368659 6.7368208 6.7367761 6.7367319 6.7366882 6.7366449 6.736602 6.7365597 6.7365177 6.7364762 6.7364351 6.7363945 6.7363542 6.7363144 6.736275 6.736236 6.7361974 6.7361592 6.7361213 6.7360839 6.7360468 6.7360102 6.7359738 6.7359379 6.7359023 6.7358671 6.7358322 6.7357977 6.7357635 6.7357297 6.7356962 6.735663 6.7356302
6.7381842 6.7381251 6.7380667 6.7380088 6.7379515 6.7378948 6.7378388 6.7377833 6.7377283 6.737674 6.7376202 6.737567 6.7375144 6.7374623 6.7374107 6.7373597 6.7373092 6.7372593 6.7372099 6.737161 6.7371126 6.7370648 6.7370174 6.7369705 6.7369241 6.7368783 6.7368329 6.7367879 6.7367435 6.7366995 6.7366559 6.7366128 6.7365702 6.736528 6.7364863 6.7364449 6.736404 6.7363636 6.7363235 6.7362839 6.7362446 6.7362058 6.7361674 6.7361293 6.7360917 6.7360544 6.7360175 6.735981 6.7359448 6.735909 6.7358736 6.7358385 6.7358038 6.7357695 6.7357354 6.7357017 6.7356684 6.7356354 6.7356027 6.7355703
6.738083 6.7380249 6.7379674 6.7379105 6.7378542 6.7377985 6.7377434 6.7376888 6.7376348 6.7375813 6.7375284 6.7374761 6.7374243 6.7373731 6.7373224 6.7372722 6.7372225 6.7371734 6.7371248 6.7370766 6.737029 6.7369819 6.7369353 6.7368892 6.7368435 6.7367984 6.7367537 6.7367094 6.7366657 6.7366223 6.7365795 6.736537 6.7364951 6.7364535 6.7364124 6.7363717 6.7363314 6.7362916 6.7362521 6.7362131 6.7361744 6.7361362 6.7360983 6.7360609 6.7360238 6.735987 6.7359507 6.7359147 6.7358791 6.7358439 6.735809 6.7357744 6.7357402 6.7357063 6.7356728 6.7356396 6.7356067 6.7355742 6.735542 6.7355101
6.7379811 6.737924 6.7378676 6.7378117 6.7377563 6.7377016 6.7376474 6.7375937 6.7375406 6.7374881 6.7374361 6.7373846 6.7373337 6.7372833 6.7372334 6.7371841 6.7371352 6.7370869 6.7370391 6.7369918 6.7369449 6.7368986 6.7368527 6.7368073 6.7367624 6.736718 6.736674 6.7366305 6.7365874 6.7365447 6.7365026 6.7364608 6.7364195 6.7363786 6.7363381 6.7362981 6.7362584 6.7362192 6.7361803 6.7361419 6.7361038 6.7360662 6.7360289 6.735992 6.7359555 6.7359193 6.7358835 6.7358481 6.735813 6.7357783 6.7357439 6.7357099 6.7356762 6.7356429 6.7356098 6.7355771 6.7355448 6.7355127 6.735481 6.7354495
6.7378786 6.7378225 6.7377671 6.7377122 6.7376578 6.737604 6.7375508 6.737498 6.7374459 6.7373942 6.7373431 6.7372926 6.7372425 6.737193 6.737144 6.7370954 6.7370474 6.7369999 6.7369529 6.7369064 6.7368603 6.7368147 6.7367696 6.736725 6.7366808 6.7366371 6.7365938 6.736551 6.7365086 6.7364667 6.7364252 6.7363841 6.7363434 6.7363032 6.7362634 6.736224 6.7361849 6.7361463 6.7361081 6.7360703 6.7360328 6.7359958 6.7359591 6.7359228 6.7358868 6.7358512 6.735816 6.7357811 6.7357466 6.7357124 6.7356786 6.735645 6.7356119 6.735579 6.7355465 6.7355143 6.7354824 6.7354509 6.7354196 6.7353887
6.7377754 6.7377204 6.737666 6.737612 6.7375587 6.7375059 6.7374536 6.7374018 6.7373506 6.7372998 6.7372496 6.7372 6.7371508 6.7371021 6.7370539 6.7370063 6.7369591 6.7369124 6.7368662 6.7368204 6.7367752 6.7367304 6.736686 6.7366421 6.7365987 6.7365557 6.7365132 6.7364711 6.7364294 6.7363882 6.7363474 6.736307 6.736267 6.7362274 6.7361882 6.7361495 6.7361111 6.7360731 6.7360355 6.7359983 6.7359614 6.735925 6.7358889 6.7358531 6.7358178 6.7357827 6.7357481 6.7357138 6.7356798 6.7356461 6.7356128 6.7355799 6.7355472 6.7355149 6.7354829 6.7354512 6.7354198 6.7353887 6.735358 6.7353275
6.7376717 6.7376177 6.7375643 6.7375114 6.737459 6.7374071 6.7373558 6.737305 6.7372547 6.7372049 6.7371556 6.7371068 6.7370585 6.7370107 6.7369634 6.7369166 6.7368702 6.7368244 6.736779 6.736734 6.7366895 6.7366455 6.736602 6.7365588 6.7365162 6.7364739 6.7364321 6.7363907 6.7363498 6.7363092 6.7362691 6.7362294 6.7361901 6.7361512 6.7361127 6.7360745 6.7360368 6.7359994 6.7359625 6.7359259 6.7358896 6.7358538 6.7358183 6.7357831 6.7357483 6.7357139 6.7356798 6.735646 6.7356126 6.7355795 6.7355468 6.7355143 6.7354822 6.7354504 6.7354189 6.7353877 6.7353569 6.7353263 6.735296 6.735266
6.7375673 6.7375144 6.737462 6.7374101 6.7373587 6.7373078 6.7372575 6.7372076 6.7371582 6.7371094 6.737061 6.7370131 6.7369657 6.7369188 6.7368723 6.7368264 6.7367809 6.7367358 6.7366912 6.7366471 6.7366034 6.7365602 6.7365174 6.7364751 6.7364331 6.7363916 6.7363506 6.7363099 6.7362697 6.7362298 6.7361904 6.7361514 6.7361128 6.7360745 6.7360367 6.7359992 6.7359621 6.7359254 6.7358891 6.7358531 6.7358175 6.7357822 6.7357473 6.7357128 6.7356786 6.7356447 6.7356112 6.735578 6.7355451 6.7355126 6.7354804 6.7354485 6.7354169 6.7353856 6.7353546 6.735324 6.7352936 6.7352635 6.7352337 6.7352043
6.7374624 6.7374105 6.7373591 6.7373082 6.7372579 6.737208 6.7371586 6.7371097 6.7370613 6.7370133 6.7369659 6.7369189 6.7368724 6.7368264 6.7367808 6.7367357 6.736691 6.7366468 6.736603 6.7365597 6.7365168 6.7364744 6.7364324 6.7363908 6.7363496 6.7363089 6.7362686 6.7362286 6.7361891 6.73615 6.7361113 6.736073 6.736035 6.7359975 6.7359603 6.7359235 6.735887 6.735851 6.7358153 6.7357799 6.7357449 6.7357103 6.735676 6.735642 6.7356084 6.7355751 6.7355422 6.7355096 6.7354773 6.7354453 6.7354136 6.7353823 6.7353512 6.7353205 6.73529 6.7352599 6.73523 6.7352005 6.7351712 6.7351422
6.7373569 6.7373061 6.7372557 6.7372059 6.7371565 6.7371076 6.7370592 6.7370112 6.7369638 6.7369168 6.7368702 6.7368242 6.7367786 6.7367334 6.7366887 6.7366445 6.7366007 6.7365573 6.7365144 6.7364719 6.7364298 6.7363882 6.7363469 6.7363061 6.7362657 6.7362257 6.7361862 6.736147 6.7361082 6.7360698 6.7360318 6.7359941 6.7359569 6.73592 6.7358835 6.7358474 6.7358116 6.7357762 6.7357411 6.7357064 6.735672 6.735638 6.7356043 6.735571 6.7355379 6.7355053 6.7354729 6.7354408 6.7354091 6.7353777 6.7353466 6.7353157 6.7352852 6.735255 6.7352251 6.7351955 6.7351661 6.7351371 6.7351083 6.7350798
6.7372509 6.7372011 6.7371518 6.7371029 6.7370546 6.7370067 6.7369592 6.7369123 6.7368658 6.7368197 6.7367741 6.736729 6.7366843 6.73664 6.7365962 6.7365528 6.7365098 6.7364673 6.7364252 6.7363836 6.7363423 6.7363015 6.736261 6.736221 6.7361814 6.7361421 6.7361033 6.7360649 6.7360268 6.7359891 6.7359518 6.7359149 6.7358784 6.7358422 6.7358063 6.7357709 6.7357358 6.735701 6.7356666 6.7356325 6.7355988 6.7355654 6.7355323 6.7354995 6.7354671 6.735435 6.7354032 6.7353718 6.7353406 6.7353097 6.7352792 6.7352489 6.735219 6.7351893 6.7351599 6.7351308 6.735102 6.7350734 6.7350452 6.7350172
6.7371443 6.7370956 6.7370473 6.7369995 6.7369521 6.7369052 6.7368588 6.7368128 6.7367672 6.7367221 6.7366775 6.7366332 6.7365894 6.7365461 6.7365032 6.7364606 6.7364186 6.7363769 6.7363356 6.7362948 6.7362543 6.7362143 6.7361747 6.7361354 6.7360966 6.7360581 6.73602 6.7359824 6.735945 6.7359081 6.7358715 6.7358353 6.7357994 6.7357639 6.7357288 6.735694 6.7356596 6.7356254 6.7355917 6.7355582 6.7355251 6.7354924 6.7354599 6.7354278 6.735396 6.7353645 6.7353333 6.7353024 6.7352718 6.7352415 6.7352115 6.7351818 6.7351524 6.7351232 6.7350944 6.7350658 6.7350375 6.7350095 6.7349817 6.7349543
6.7370372 6.7369895 6.7369423 6.7368955 6.7368492 6.7368033 6.7367578 6.7367128 6.7366682 6.7366241 6.7365804 6.7365371 6.7364942 6.7364517 6.7364097 6.736368 6.7363268 6.736286 6.7362456 6.7362056 6.736166 6.7361267 6.7360879 6.7360495 6.7360114 6.7359737 6.7359364 6.7358994 6.7358629 6.7358266 6.7357908 6.7357553 6.7357201 6.7356853 6.7356509 6.7356168 6.735583 6.7355495 6.7355164 6.7354836 6.7354512 6.735419 6.7353872 6.7353557 6.7353245 6.7352936 6.735263 6.7352327 6.7352026 6.7351729 6.7351435 6.7351144 6.7350855 6.7350569 6.7350286 6.7350006 6.7349728 6.7349453 6.734918 6.7348911
6.7369296 6.736883 6.7368368 6.7367911 6.7367458 6.7367009 6.7366564 6.7366124 6.7365688 6.7365256 6.7364828 6.7364404 6.7363984 6.7363569 6.7363157 6.736275 6.7362346 6.7361947 6.7361551 6.7361159 6.7360772 6.7360388 6.7360007 6.7359631 6.7359258 6.7358889 6.7358523 6.7358161 6.7357803 6.7357448 6.7357097 6.7356749 6.7356405 6.7356064 6.7355726 6.7355392 6.7355061 6.7354733 6.7354408 6.7354087 6.7353769 6.7353454 6.7353142 6.7352833 6.7352527 6.7352224 6.7351924 6.7351626 6.7351332 6.7351041 6.7350752 6.7350466 6.7350183 6.7349903 6.7349625 6.734935 6.7349078 6.7348808 6.7348541 6.7348276
6.7368215 6.736776 6.7367308 6.7366861 6.7366419 6.736598 6.7365545 6.7365115 6.7364688 6.7364266 6.7363847 6.7363433 6.7363023 6.7362616 6.7362214 6.7361815 6.736142 6.7361029 6.7360642 6.7360259 6.7359879 6.7359504 6.7359131 6.7358763 6.7358398 6.7358037 6.7357679 6.7357324 6.7356974 6.7356626 6.7356282 6.7355942 6.7355604 6.735527 6.735494 6.7354612 6.7354288 6.7353967 6.7353649 6.7353334 6.7353022 6.7352714 6.7352408 6.7352105 6.7351805 6.7351508 6.7351214 6.7350923 6.7350635 6.7350349 6.7350066 6.7349786 6.7349509 6.7349234 6.7348961 6.7348692 6.7348425 6.734816 6.7347898 6.7347639
6.7367129 6.7366685 6.7366244 6.7365807 6.7365375 6.7364946 6.7364521 6.7364101 6.7363684 6.7363271 6.7362862 6.7362457 6.7362056 6.7361659 6.7361266 6.7360876 6.736049 6.7360108 6.7359729 6.7359354 6.7358983 6.7358616 6.7358251 6.7357891 6.7357534 6.735718 6.735683 6.7356484 6.735614 6.7355801 6.7355464 6.7355131 6.7354801 6.7354474 6.735415 6.7353829 6.7353512 6.7353198 6.7352886 6.7352578 6.7352273 6.7351971 6.7351671 6.7351375 6.7351081 6.735079 6.7350502 6.7350217 6.7349934 6.7349655 6.7349378 6.7349103 6.7348831 6.7348562 6.7348295 6.7348031 6.7347769 6.734751 6.7347253 6.7346999
6.7366039 6.7365605 6.7365175 6.7364749 6.7364326 6.7363908 6.7363493 6.7363083 6.7362676 6.7362273 6.7361873 6.7361478 6.7361086 6.7360698 6.7360313 6.7359933 6.7359556 6.7359182 6.7358812 6.7358446 6.7358083 6.7357724 6.7357368 6.7357015 6.7356666 6.7356321 6.7355978 6.7355639 6.7355304 6.7354971 6.7354642 6.7354316 6.7353993 6.7353674 6.7353357 6.7353043 6.7352733 6.7352425 6.7352121 6.7351819 6.735152 6.7351224 6.7350931 6.7350641 6.7350354 6.7350069 6.7349787 6.7349508 6.7349231 6.7348957 6.7348686 6.7348417 6.7348151 6.7347887 6.7347626 6.7347367 6.7347111 6.7346857 6.7346606 6.7346357
6.7364944 6.7364521 6.7364101 6.7363685 6.7363273 6.7362865 6.7362461 6.736206 6.7361663 6.736127 6.736088 6.7360494 6.7360111 6.7359732 6.7359357 6.7358985 6.7358617 6.7358252 6.7357891 6.7357533 6.7357179 6.7356828 6.735648 6.7356136 6.7355795 6.7355457 6.7355123 6.7354792 6.7354464 6.7354139 6.7353817 6.7353498 6.7353183 6.735287 6.735256 6.7352254 6.735195 6.7351649 6.7351352 6.7351057 6.7350764 6.7350475 6.7350189 6.7349905 6.7349624 6.7349345 6.7349069 6.7348796 6.7348525 6.7348257 6.7347992 6.7347729 6.7347468 6.734721 6.7346955 6.7346701 6.734645 6.7346202 6.7345956 6.7345712
6.7363844 6.7363432 6.7363023 6.7362618 6.7362216 6.7361818 6.7361424 6.7361033 6.7360646 6.7360262 6.7359882 6.7359506 6.7359133 6.7358763 6.7358397 6.7358034 6.7357675 6.7357319 6.7356966 6.7356617 6.7356271 6.7355929 6.7355589 6.7355253 6.735492 6.735459 6.7354264 6.735394 6.735362 6.7353303 6.7352988 6.7352677 6.7352369 6.7352063 6.7351761 6.7351461 6.7351165 6.7350871 6.735058 6.7350291 6.7350006 6.7349723 6.7349443 6.7349165 6.734889 6.7348618 6.7348348 6.7348081 6.7347817 6.7347555 6.7347295 6.7347038 6.7346783 6.7346531 6.734628 6.7346033 6.7345787 6.7345544 6.7345303 6.7345065
6.7362741 6.7362339 6.7361941 6.7361546 6.7361155 6.7360767 6.7360383 6.7360002 6.7359625 6.7359251 6.7358881 6.7358514 6.735815 6.735779 6.7357433 6.7357079 6.7356729 6.7356382 6.7356038 6.7355697 6.735536 6.7355026 6.7354695 6.7354367 6.7354042 6.735372 6.7353401 6.7353086 6.7352773 6.7352463 6.7352156 6.7351853 6.7351552 6.7351253 6.7350958 6.7350666 6.7350376 6.7350089 6.7349805 6.7349523 6.7349244 6.7348968 6.7348694 6.7348423 6.7348155 6.7347889 6.7347625 6.7347364 6.7347105 6.7346849 6.7346596 6.7346344 6.7346095 6.7345848 6.7345604 6.7345362 6.7345122 6.7344884 6.7344649 6.7344415
6.7361633 6.7361242 6.7360854 6.736047 6.736009 6.7359712 6.7359338 6.7358968 6.73586 6.7358236 6.7357875 6.7357518 6.7357164 6.7356813 6.7356465 6.735612 6.7355779 6.7355441 6.7355106 6.7354774 6.7354445 6.7354119 6.7353796 6.7353477 6.735316 6.7352846 6.7352536 6.7352228 6.7351923 6.7351621 6.7351321 6.7351025 6.7350731 6.735044 6.7350152 6.7349867 6.7349584 6.7349304 6.7349027 6.7348752 6.734848 6.734821 6.7347943 6.7347678 6.7347416 6.7347156 6.7346899 6.7346644 6.7346392 6.7346141 6.7345894 6.7345648 6.7345405 6.7345164 6.7344925 6.7344688 6.7344454 6.7344222 6.7343991 6.7343763
