Cobbity2/QGIS/Output_Ave.asc
NCOLS 399
NROWS 220
XLLCORNER 150.661
YLLCORNER -34.0268
CELLSIZE 1e-05
NODATA_VALUE -9999
[rows 156 to 181 of 220, columns 0 to 59 of 399]
11.677432 11.668162 11.658753 11.649201 11.639503 11.629656 11.619658 11.609505 11.599194 11.588722 11.578086 11.567282 11.556307 11.545157 11.533829 11.522318 11.510622 11.498735 11.486655 11.474377 11.461896 11.449209 11.436311 11.423197 11.409862 11.396303 11.382514 11.368489 11.354225 11.339715 11.324954 11.309936 11.294656 11.279108 11.263286 11.247183 11.230794 11.214112 11.197129 11.17984 11.162238 11.144314 11.126063 11.107475 11.088544 11.069262 11.04962 11.029611 11.009225 10.988455 10.967291 10.945724 10.923745 10.901345 10.878514 10.855242 10.831519 10.807336 10.782683 10.757548
11.667499 11.658153 11.648666 11.639036 11.62926 11.619335 11.609258 11.599026 11.588635 11.578084 11.567367 11.556483 11.545428 11.534197 11.522788 11.511197 11.499419 11.487452 11.475291 11.462932 11.45037 11.437603 11.424624 11.411431 11.398017 11.384379 11.370512 11.35641 11.342069 11.327483 11.312647 11.297555 11.282203 11.266584 11.250692 11.234521 11.218066 11.201319 11.184275 11.166927 11.149267 11.13129 11.112987 11.094352 11.075377 11.056055 11.036377 11.016337 10.995925 10.975134 10.953955 10.932379 10.910399 10.888004 10.865186 10.841936 10.818244 10.794102 10.769499 10.744427
11.657713 11.648293 11.638732 11.629027 11.619176 11.609176 11.599024 11.588716 11.57825 11.567622 11.55683 11.545869 11.534737 11.52343 11.511944 11.500276 11.488422 11.476379 11.464141 11.451706 11.43907 11.426227 11.413173 11.399905 11.386418 11.372707 11.358767 11.344594 11.330182 11.315526 11.300622 11.285464 11.270045 11.254362 11.238408 11.222177 11.205663 11.18886 11.171762 11.154363 11.136655 11.118632 11.100288 11.081615 11.062606 11.043253 11.02355 11.003489 10.983062 10.962262 10.941079 10.919507 10.897536 10.875159 10.852367 10.829152 10.805505 10.781417 10.75688 10.731885
11.648074 11.638583 11.628951 11.619175 11.609253 11.599181 11.588956 11.578576 11.568038 11.557338 11.546473 11.53544 11.524235 11.512855 11.501297 11.489557 11.477631 11.465516 11.453207 11.440701 11.427993 11.41508 11.401957 11.38862 11.375064 11.361285 11.347279 11.33304 11.318563 11.303845 11.288878 11.273659 11.258182 11.242442 11.226432 11.210148 11.193583 11.176732 11.159588 11.142146 11.124398 11.106339 11.087961 11.069259 11.050225 11.030852 11.011134 10.991062 10.97063 10.949831 10.928656 10.907098 10.885149 10.862802 10.840048 10.816881 10.793291 10.769271 10.744813 10.719909
11.638583 11.629024 11.619324 11.60948 11.599489 11.589348 11.579055 11.568607 11.557999 11.54723 11.536297 11.525195 11.513922 11.502474 11.490847 11.479039 11.467045 11.454863 11.442487 11.429914 11.41714 11.404162 11.390974 11.377573 11.363955 11.350114 11.336046 11.321747 11.307212 11.292436 11.277414 11.262141 11.246611 11.23082 11.214762 11.198432 11.181824 11.164931 11.147749 11.130272 11.112492 11.094405 11.076003 11.05728 11.03823 11.018846 10.999121 10.979049 10.958622 10.937834 10.916677 10.895144 10.873228 10.850922 10.828218 10.80511 10.781589 10.757649 10.733283 10.708483
11.629239 11.619616 11.609851 11.599941 11.589885 11.579679 11.569321 11.558807 11.548134 11.5373 11.526301 11.515135 11.503797 11.492284 11.480594 11.468722 11.456664 11.444419 11.43198 11.419346 11.406511 11.393472 11.380224 11.366765 11.353088 11.33919 11.325067 11.310714 11.296126 11.281298 11.266226 11.250905 11.23533 11.219495 11.203396 11.187026 11.170381 11.153455 11.136242 11.118737 11.100934 11.082826 11.064407 11.045673 11.026615 11.007229 10.987507 10.967443 10.947031 10.926263 10.905134 10.883637 10.861764 10.839509 10.816866 10.793828 10.770388 10.746539 10.722276 10.697592
11.620044 11.610358 11.600531 11.59056 11.580441 11.570173 11.559753 11.549177 11.538443 11.527547 11.516487 11.505259 11.49386 11.482287 11.470536 11.458604 11.446488 11.434183 11.421687 11.408995 11.396103 11.383008 11.369706 11.356193 11.342463 11.328514 11.314341 11.299939 11.285303 11.27043 11.255315 11.239952 11.224337 11.208464 11.19233 11.175927 11.159253 11.1423 11.125063 11.107538 11.089718 11.071598 11.053171 11.034432 11.015376 10.995995 10.976285 10.956238 10.935849 10.915112 10.89402 10.872567 10.850747 10.828554 10.805981 10.783024 10.759674 10.735928 10.711778 10.68722
11.610996 11.601251 11.591365 11.581335 11.571157 11.560831 11.550351 11.539717 11.528924 11.51797 11.506852 11.495567 11.484111 11.472481 11.460674 11.448686 11.436515 11.424156 11.411606 11.398861 11.385917 11.372771 11.359419 11.345856 11.332079 11.318084 11.303865 11.28942 11.274743 11.25983 11.244676 11.229277 11.213628 11.197724 11.181561 11.165133 11.148435 11.131462 11.114209 11.09667 11.078841 11.060715 11.042288 11.023553 11.004505 10.985139 10.965448 10.945427 10.92507 10.904371 10.883325 10.861926 10.840168 10.818045 10.795553 10.772685 10.749436 10.725801 10.701775 10.677353
11.602096 11.592295 11.582353 11.572266 11.562033 11.551651 11.541116 11.530426 11.519579 11.50857 11.497398 11.486058 11.474549 11.462866 11.451007 11.438967 11.426745 11.414335 11.401736 11.388942 11.375951 11.362759 11.349361 11.335754 11.321934 11.307897 11.293639 11.279155 11.264442 11.249494 11.234308 11.218879 11.203202 11.187273 11.171087 11.154639 11.137924 11.120938 11.103675 11.08613 11.068298 11.050174 11.031753 11.013029 10.993998 10.974653 10.954989 10.935002 10.914685 10.894033 10.873041 10.851704 10.830016 10.807973 10.785569 10.762799 10.739659 10.716144 10.692251 10.667974
11.593344 11.583489 11.573494 11.563355 11.553069 11.542634 11.532047 11.521305 11.510406 11.499346 11.488123 11.476733 11.465174 11.453441 11.441534 11.429446 11.417177 11.404721 11.392076 11.379238 11.366204 11.352969 11.339531 11.325884 11.312026 11.297953 11.28366 11.269143 11.254398 11.239422 11.224209 11.208755 11.193056 11.177107 11.160904 11.144442 11.127717 11.110723 11.093457 11.075912 11.058085 11.039969 11.021562 11.002856 10.983847 10.964531 10.944902 10.924956 10.904686 10.884089 10.863159 10.841892 10.820282 10.798326 10.776018 10.753354 10.730332 10.706945 10.683191 10.659067
11.584739 11.574835 11.564789 11.554599 11.544264 11.533779 11.523143 11.512352 11.501405 11.490297 11.479026 11.46759 11.455984 11.444207 11.432254 11.420123 11.40781 11.395312 11.382626 11.369748 11.356674 11.343402 11.329927 11.316246 11.302354 11.288249 11.273926 11.259381 11.24461 11.22961 11.214375 11.198902 11.183186 11.167223 11.151009 11.13454 11.11781 11.100815 11.083551 11.066012 11.048196 11.030095 11.011707 10.993026 10.974048 10.954768 10.93518 10.915281 10.895066 10.874531 10.85367 10.832479 10.810955 10.789093 10.766889 10.744339 10.72144 10.698189 10.674582 10.650617
11.576282 11.56633 11.556237 11.546 11.535618 11.525086 11.514404 11.503568 11.492575 11.481423 11.470108 11.458628 11.44698 11.43516 11.423166 11.410995 11.398643 11.386107 11.373383 11.360469 11.347361 11.334055 11.320548 11.306837 11.292916 11.278784 11.264435 11.249867 11.235075 11.220056 11.204804 11.189317 11.17359 11.157618 11.141399 11.124927 11.108198 11.091208 11.073952 11.056426 11.038626 11.020547 11.002185 10.983535 10.964593 10.945355 10.925815 10.905971 10.885817 10.86535 10.844564 10.823457 10.802025 10.780264 10.75817 10.73574 10.712971 10.689861 10.666408 10.642609
11.567972 11.557975 11.547837 11.537556 11.52713 11.516555 11.50583 11.494951 11.483916 11.472723 11.461367 11.449847 11.43816 11.426302 11.414271 11.402063 11.389675 11.377104 11.364348 11.351402 11.338263 11.324928 11.311393 11.297655 11.28371 11.269555 11.255186 11.240599 11.225791 11.210757 11.195494 11.179997 11.164264 11.148289 11.13207 11.1156 11.098878 11.081898 11.064656 11.047149 11.029371 11.011319 10.992989 10.974376 10.955476 10.936286 10.916801 10.897017 10.87693 10.856537 10.835834 10.814817 10.793482 10.771828 10.74985 10.727546 10.704913 10.68195 10.658655 10.635025
11.559809 11.54977 11.53959 11.529268 11.5188 11.508185 11.49742 11.486502 11.475428 11.464196 11.452803 11.441247 11.429523 11.417631 11.405565 11.393324 11.380905 11.368303 11.355517 11.342543 11.329377 11.316017 11.302459 11.288699 11.274734 11.26056 11.246175 11.231574 11.216754 11.201711 11.186441 11.17094 11.155205 11.139232 11.123017 11.106556 11.089846 11.072881 11.055659 11.038175 11.020425 11.002406 10.984113 10.965543 10.946691 10.927555 10.90813 10.888412 10.868398 10.848085 10.827469 10.806547 10.785316 10.763774 10.741917 10.719744 10.697252 10.674441 10.651308 10.627853
11.551793 11.541714 11.531495 11.521134 11.510628 11.499975 11.489173 11.478218 11.467109 11.455842 11.444415 11.432825 11.421069 11.409145 11.397049 11.384779 11.372331 11.359702 11.346891 11.333892 11.320703 11.307322 11.293744 11.279966 11.265985 11.251798 11.237401 11.22279 11.207962 11.192914 11.177642 11.162142 11.146411 11.130444 11.114239 11.097791 11.081097 11.064153 11.046955 11.0295 11.011783 10.993802 10.975552 10.957029 10.938231 10.919154 10.899794 10.880148 10.860212 10.839984 10.819461 10.798639 10.777517 10.756091 10.734361 10.712323 10.689976 10.66732 10.644354 10.621077
11.543922 11.533806 11.523551 11.513154 11.502613 11.491925 11.481089 11.470101 11.458959 11.44766 11.436202 11.424581 11.412796 11.400844 11.388721 11.376424 11.363952 11.3513 11.338466 11.325447 11.312239 11.29884 11.285247 11.271455 11.257462 11.243265 11.22886 11.214244 11.199413 11.184365 11.169095 11.1536 11.137876 11.121921 11.10573 11.0893 11.072627 11.055708 11.03854 11.021118 11.00344 10.985501 10.967299 10.94883 10.93009 10.911077 10.891787 10.872217 10.852365 10.832227 10.811801 10.791084 10.770074 10.74877 10.727169 10.705271 10.683073 10.660576 10.637779 10.614683
11.536198 11.526047 11.515758 11.505328 11.494754 11.484034 11.473167 11.462148 11.450976 11.439648 11.428162 11.416515 11.404704 11.392726 11.380579 11.36826 11.355767 11.343095 11.330242 11.317206 11.303983 11.290571 11.276965 11.263163 11.249163 11.23496 11.220551 11.205934 11.191104 11.176059 11.160795 11.14531 11.129599 11.113659 11.097487 11.081079 11.064433 11.047544 11.030409 11.013026 10.99539 10.977499 10.959349 10.940938 10.922261 10.903317 10.884101 10.864613 10.844848 10.824804 10.804479 10.783872 10.762979 10.7418 10.720333 10.698577 10.676531 10.654196 10.63157 10.608656
11.528618 11.518436 11.508115 11.497654 11.487051 11.476302 11.465405 11.454359 11.44316 11.431807 11.420295 11.408624 11.39679 11.384791 11.372623 11.360285 11.347773 11.335085 11.322218 11.309168 11.295933 11.282511 11.268897 11.255089 11.241084 11.226879 11.212471 11.197856 11.183031 11.167994 11.152741 11.137269 11.121575 11.105654 11.089506 11.073125 11.056509 11.039654 11.022558 11.005217 10.987629 10.96979 10.951697 10.933347 10.914738 10.895866 10.87673 10.857326 10.837653 10.817708 10.797488 10.776993 10.756221 10.735171 10.71384 10.69223 10.670339 10.648167 10.625715 10.602984
11.521182 11.510971 11.500622 11.490133 11.479502 11.468727 11.457804 11.446733 11.43551 11.424134 11.412601 11.400908 11.389054 11.377036 11.364852 11.352497 11.339971 11.327269 11.31439 11.30133 11.288087 11.274658 11.26104 11.247229 11.233224 11.219021 11.204616 11.190008 11.175193 11.160167 11.144929 11.129474 11.1138 11.097904 11.081782 11.065432 11.048851 11.032035 11.014981 10.997688 10.980151 10.962367 10.944335 10.926052 10.907514 10.888719 10.869666 10.850351 10.830773 10.81093 10.790819 10.77044 10.749792 10.728872 10.707681 10.686219 10.664484 10.642478 10.620201 10.597655
11.513891 11.503652 11.493277 11.482763 11.472107 11.461308 11.450363 11.439269 11.428025 11.416628 11.405076 11.393366 11.381495 11.369461 11.357262 11.344895 11.332357 11.319646 11.306758 11.293692 11.280444 11.267011 11.253392 11.239582 11.22558 11.211382 11.196986 11.182387 11.167585 11.152575 11.137355 11.121922 11.106272 11.090404 11.074313 11.057998 11.041455 11.024681 11.007674 10.990431 10.97295 10.955226 10.937259 10.919045 10.900583 10.881869 10.862902 10.84368 10.8242 10.804462 10.784464 10.764204 10.743681 10.722896 10.701846 10.680533 10.658957 10.637117 10.615016 10.592655
11.506742 11.496479 11.48608 11.475543 11.464865 11.454045 11.443079 11.431966 11.420704 11.40929 11.397721 11.385995 11.374111 11.362065 11.349854 11.337477 11.324931 11.312212 11.29932 11.28625 11.273 11.259568 11.245951 11.232146 11.21815 11.203961 11.189575 11.174991 11.160205 11.145214 11.130016 11.114608 11.098987 11.08315 11.067094 11.050817 11.034316 11.017589 11.000632 10.983444 10.966021 10.948361 10.930463 10.912322 10.893938 10.875309 10.856431 10.837305 10.817927 10.798297 10.778413 10.758275 10.737881 10.717231 10.696325 10.675163 10.653746 10.632074 10.610149 10.587972
11.499736 11.489451 11.479031 11.468473 11.457776 11.446936 11.435953 11.424823 11.413545 11.402116 11.390534 11.378796 11.3669 11.354844 11.342625 11.330241 11.31769 11.304968 11.292073 11.279003 11.265755 11.252326 11.238714 11.224917 11.210931 11.196754 11.182383 11.167816 11.15305 11.138082 11.122909 11.107529 11.09194 11.076138 11.060121 11.043886 11.027431 11.010753 10.993851 10.97672 10.95936 10.941767 10.92394 10.905876 10.887574 10.869032 10.850248 10.831219 10.811946 10.792427 10.77266 10.752646 10.732382 10.71187 10.691109 10.6701 10.648843 10.627339 10.60559 10.583597
11.492871 11.482567 11.472128 11.461552 11.450837 11.439982 11.428983 11.417839 11.406548 11.395107 11.383514 11.371766 11.359862 11.347799 11.335575 11.323187 11.310632 11.29791 11.285016 11.271948 11.258705 11.245283 11.23168 11.217893 11.203921 11.189759 11.175406 11.16086 11.146116 11.131174 11.116031 11.100683 11.085128 11.069365 11.05339 11.0372 11.020795 11.00417 10.987324 10.970255 10.95296 10.935438 10.917686 10.899702 10.881485 10.863032 10.844344 10.825417 10.806251 10.786844 10.767197 10.747308 10.727177 10.706804 10.686189 10.665333 10.644236 10.622901 10.601327 10.579519
11.486147 11.475825 11.46537 11.454778 11.444049 11.43318 11.422168 11.411013 11.399711 11.38826 11.376659 11.364904 11.352995 11.340927 11.3287 11.316311 11.303757 11.291037 11.278147 11.265085 11.251849 11.238437 11.224846 11.211073 11.197116 11.182973 11.168642 11.154119 11.139402 11.124489 11.109377 11.094065 11.078548 11.062827 11.046896 11.030756 11.014402 10.997834 10.981048 10.964044 10.946818 10.929368 10.911694 10.893793 10.875663 10.857304 10.838713 10.81989 10.800833 10.781542 10.762016 10.742254 10.722257 10.702024 10.681556 10.660854 10.639918 10.61875 10.597352 10.575726
11.479563 11.469226 11.458756 11.448152 11.43741 11.426529 11.415507 11.404342 11.393032 11.381575 11.369968 11.358209 11.346296 11.334228 11.322 11.309613 11.297062 11.284346 11.271463 11.25841 11.245185 11.231785 11.218208 11.204453 11.190515 11.176394 11.162086 11.14759 11.132903 11.118022 11.102946 11.087671 11.072196 11.056519 11.040637 11.024548 11.00825 10.991741 10.975019 10.958081 10.940927 10.923553 10.90596 10.888144 10.870104 10.85184 10.83335 10.814632 10.795687 10.776512 10.757109 10.737476 10.717614 10.697523 10.677202 10.656654 10.63588 10.614879 10.593656 10.572211
11.473118 11.462768 11.452286 11.441671 11.430919 11.420029 11.408999 11.397827 11.386511 11.375049 11.363439 11.351679 11.339766 11.327698 11.315474 11.30309 11.290545 11.277837 11.264963 11.251922 11.23871 11.225325 11.211766 11.19803 11.184115 11.170018 11.155738 11.141271 11.126616 11.111771 11.096732 11.081499 11.066069 11.050439 11.034608 11.018574 11.002334 10.985887 10.96923 10.952363 10.935282 10.917988 10.900477 10.882749 10.864802 10.846635 10.828247 10.809637 10.790805 10.771749 10.75247 10.732968 10.713241 10.693292 10.67312 10.652726 10.632112 10.611279 10.590229 10.568964
