Cobbity2/QGIS/Output_Ave.asc
NCOLS 399
NROWS 220
XLLCORNER 150.661
YLLCORNER -34.0268
CELLSIZE 1e-05
NODATA_VALUE -9999
[rows 130 to 155 of 220, columns 60 to 119 of 399]
11.308628 11.288306 11.267458 11.246065 11.224105 11.201555 11.178393 11.154591 11.130122 11.104957 11.079064 11.052408 11.024953 10.996658 10.967479 10.937366 10.906266 10.87412 10.84086 10.806412 10.77069 10.7336 10.69503 10.654854 10.612928 10.56908 10.523114 10.474795 10.42385 10.369952 10.31271 10.251657 10.186227 10.11573 10.039319 9.9559396 9.8642503 9.7625012 9.6483502 9.5186571 9.3692642 9.1929554 8.9698746 8.7564058 8.880604 9.0655022 9.1210719 9.0755573 8.963545 9.0598862 9.1938488 9.2303929 9.2125225 9.240654 9.3268942 9.4238616 9.5076164 9.5563171 9.5603873 9.5099592
11.277906 11.257038 11.23563 11.213659 11.191106 11.167945 11.144153 11.119703 11.094567 11.068714 11.042111 11.014724 10.986515 10.957441 10.927458 10.896516 10.864559 10.831527 10.79735 10.761952 10.725247 10.687134 10.647501 10.606217 10.563129 10.518062 10.470805 10.421114 10.368694 10.313195 10.254192 10.191172 10.123506 10.050421 9.9709558 9.8839027 9.7877213 9.6803934 9.5591954 9.4205417 9.2613825 9.0889478 8.9472359 8.8986986 8.9344544 8.9871894 9.0158846 9.0274135 9.0404747 9.0830635 9.1242789 9.0799044 8.8708494 8.8059384 9.115086 9.3246432 9.4334774 9.4813476 9.4764203 9.408044
11.247808 11.226419 11.204476 11.181956 11.158837 11.135095 11.110706 11.085642 11.059873 11.03337 11.006099 10.978024 10.949106 10.919303 10.88857 10.856855 10.824102 10.790251 10.755231 10.718964 10.681362 10.642324 10.601735 10.559461 10.515347 10.469209 10.420831 10.369958 10.316281 10.259427 10.198945 10.134278 10.064739 9.9894709 9.907395 9.8171415 9.71695 9.6044948 9.4764655 9.3273169 9.145887 8.9133761 8.67671 8.70242 8.8028881 8.8295324 8.8721736 8.9412867 8.9559077 8.9961375 9.029915 8.9660191 8.640127 8.4892594 8.9743068 9.2437275 9.3637946 9.408008 9.395811 9.3247577
11.21835 11.196465 11.174012 11.15097 11.127315 11.103024 11.07807 11.052426 11.026062 10.998948 10.971049 10.94233 10.912751 10.88227 10.85084 10.818412 10.784927 10.750325 10.714537 10.677482 10.639074 10.599212 10.557778 10.514638 10.469635 10.422584 10.373265 10.321414 10.266713 10.208777 10.147129 10.081181 10.010196 9.9332407 9.8491224 9.7563046 9.6527986 9.5360327 9.4026283 9.2474607 9.0587645 8.8029293 8.494586 8.5499105 8.6108124 8.549506 8.6541279 8.9749244 8.8616924 8.8561963 8.9200162 8.9189114 8.8439511 8.8446021 9.04059 9.2136841 9.3079217 9.3378862 9.3131037 9.239175
11.189544 11.167189 11.144254 11.120718 11.096558 11.071748 11.046262 11.020074 10.993152 10.965467 10.936983 10.907665 10.877473 10.846365 10.814295 10.781212 10.74706 10.711778 10.675296 10.637538 10.598416 10.55783 10.515664 10.471785 10.426037 10.378235 10.328159 10.275543 10.220067 10.161337 10.098866 10.032043 9.9600976 9.8820387 9.7965773 9.7020139 9.5960922 9.4758717 9.3378905 9.1795144 9.0026198 8.8157943 8.6492521 8.5485475 8.3172219 7.941164 7.837661 8.2195707 8.4443711 8.6414219 8.7879459 8.7977629 8.8058946 8.9360869 9.0805524 9.1955093 9.2598513 9.2692698 9.2204734 9.1052444
11.161403 11.138604 11.115215 11.091214 11.066578 11.041282 11.015299 10.988602 10.961161 10.932944 10.903918 10.874047 10.843291 10.811608 10.778953 10.745276 10.710522 10.67463 10.637532 10.599154 10.55941 10.518202 10.475418 10.430928 10.384579 10.336189 10.285544 10.232382 10.176385 10.117161 10.054223 9.9869582 9.9145811 9.8360748 9.750094 9.654817 9.5477081 9.4251419 9.2819869 9.1124564 8.9195934 8.7472155 8.632093 8.4177428 7.8529756 6.6543758 5.3907486 6.2946807 7.6721537 8.3810761 8.6761978 8.6249491 8.5543447 8.8711865 9.0679267 9.1706653 9.2139226 9.2026059 9.1269352 8.9433466
11.133939 11.110722 11.086906 11.06247 11.037389 11.011639 10.985194 10.958024 10.930102 10.901396 10.871871 10.841492 10.810221 10.778016 10.744832 10.710621 10.675329 10.638897 10.601261 10.562346 10.522072 10.480343 10.437054 10.392078 10.34527 10.296456 10.245428 10.191934 10.135669 10.076252 10.013208 9.9459388 9.8736737 9.7954099 9.7098108 9.6150429 9.5084766 9.3860446 9.2405951 9.0575512 8.8100527 8.5423817 8.5353591 8.3420089 7.5356859 5.2693975 1.1279886 3.8962026 7.0646036 8.2286673 8.6494643 8.7111909 8.7154131 8.915002 9.0688764 9.1479922 9.1696098 9.1382379 9.0492828 8.8741298
11.107161 11.083553 11.059339 11.034496 11.009002 10.982832 10.955958 10.928353 10.899989 10.870833 10.840853 10.810013 10.778276 10.745601 10.711945 10.67726 10.641495 10.604593 10.566492 10.527123 10.486408 10.444258 10.400573 10.355234 10.308105 10.259023 10.207792 10.154176 10.097887 10.038565 9.9757608 9.908907 9.8372746 9.7599152 9.6755713 9.5825355 9.478416 9.3596997 9.2206219 9.0490545 8.8162561 8.5489157 8.5508635 8.4036074 7.7659387 6.2245536 3.9861983 5.2990362 7.3550497 8.3268832 8.7321824 8.8661559 8.9187558 9.0025548 9.0855657 9.1301575 9.1257796 9.0680324 8.9591743 8.8284064
11.081078 11.057105 11.032521 11.007303 10.981427 10.954869 10.927602 10.899598 10.87083 10.841267 10.810875 10.77962 10.747466 10.714374 10.6803 10.6452 10.609026 10.571722 10.533231 10.493487 10.452419 10.409943 10.365967 10.320382 10.273063 10.223861 10.172597 10.119054 10.062967 10.004006 9.9417576 9.8756982 9.8051582 9.7292714 9.6469027 9.5565412 9.4561532 9.3430976 9.214734 9.0716057 8.9232257 8.7946707 8.7178302 8.5772168 8.2939077 7.9222289 7.3959051 7.4470455 8.0560217 8.5743246 8.8847837 8.9807654 8.994187 9.0488018 9.097753 9.1141111 9.0823701 8.9849245 8.7981502 8.5631237
11.055696 11.031387 11.006461 10.980897 10.954671 10.927758 10.900132 10.871768 10.842635 10.812704 10.781944 10.750321 10.717798 10.684339 10.649903 10.614448 10.577925 10.540286 10.501476 10.461435 10.420096 10.377384 10.333217 10.287496 10.240109 10.190924 10.139781 10.086488 10.030806 9.9724422 9.9110232 9.8460776 9.7770017 9.7030175 9.6231151 9.5359653 9.4397528 9.3318111 9.2081663 9.0664794 8.9327568 8.8845729 8.8603698 8.7760629 8.6756806 8.7503454 8.5382268 8.3804864 8.5436747 8.7719203 8.9400217 8.9946423 9.0239307 9.0737416 9.1045633 9.1002308 9.0459338 8.91217 8.6157251 8.0486471
11.031022 11.006403 10.981164 10.955284 10.928739 10.901505 10.873556 10.844867 10.815408 10.785151 10.754066 10.722119 10.689276 10.655502 10.620757 10.585002 10.548193 10.510283 10.471222 10.430956 10.389426 10.346564 10.302297 10.25654 10.209196 10.160151 10.109266 10.056377 10.001277 9.9437085 9.883345 9.8197665 9.7524302 9.6806295 9.6034437 9.5196708 9.4276968 9.3249094 9.2045995 9.0442824 8.8177286 8.8118994 8.9467796 8.9458491 8.8760089 8.8074211 8.7703731 8.7536177 8.8174488 8.9076123 8.9733979 9.0165698 9.0578946 9.0952623 9.1103067 9.0904127 9.0231216 8.8871501 8.6293781 8.2010564
11.00706 10.982158 10.956635 10.930469 10.903636 10.876114 10.847877 10.818899 10.789153 10.758611 10.727242 10.695017 10.661901 10.627861 10.59286 10.556861 10.519823 10.481704 10.442458 10.402037 10.360389 10.317455 10.273173 10.227471 10.180268 10.131469 10.080961 10.028606 9.9742317 9.9176207 9.8584904 9.7964696 9.7310634 9.6616036 9.5871791 9.5065536 9.418152 9.3204186 9.2124278 9.0884976 8.9410272 8.9379116 9.0580718 9.1218305 9.1427558 9.0747113 8.9948166 8.9652817 8.9728433 8.9847607 8.9886555 9.036699 9.0850988 9.1138517 9.1164571 9.084391 9.0075866 8.8784871 8.7136952 8.5799242
10.983812 10.958655 10.932876 10.906453 10.879365 10.851587 10.823096 10.793866 10.763871 10.733083 10.701474 10.669014 10.635671 10.601414 10.566208 10.530019 10.492809 10.454539 10.415171 10.37466 10.332962 10.290028 10.245806 10.200239 10.153262 10.1048 10.054765 10.003048 9.9495143 9.8939845 9.8362208 9.7758963 9.7125516 9.6455253 9.5738308 9.4959211 9.4092675 9.3102259 9.1988828 9.1042983 9.0810603 9.1163186 9.1889455 9.2941007 9.4808869 9.3959479 9.1905582 9.1022042 9.0599962 9.005068 8.9570471 9.044839 9.106394 9.1303764 9.1239567 9.0821598 8.9916602 8.8289374 8.5958623 8.5129574
10.961281 10.935895 10.909889 10.883239 10.855926 10.827925 10.799214 10.769768 10.739561 10.708567 10.676758 10.644107 10.610583 10.576156 10.540795 10.504467 10.467139 10.428776 10.389342 10.348802 10.307117 10.264249 10.220154 10.174791 10.12811 10.080059 10.030572 9.979574 9.926963 9.8726029 9.8163 9.7577703 9.6965846 9.6320776 9.563179 9.4880243 9.4027649 9.2974238 9.1451061 8.9454219 9.0086966 9.1798538 9.2775401 9.3704595 9.511111 9.4475113 9.2762671 9.1779073 9.1163669 9.0707011 9.0541711 9.0937809 9.1330611 9.1475052 9.1342684 9.0874366 8.9903534 8.7937248 8.3980611 8.254222
10.939466 10.913879 10.887672 10.860825 10.833317 10.805126 10.776229 10.746602 10.71622 10.685058 10.653091 10.620291 10.58663 10.55208 10.516611 10.480195 10.4428 10.404397 10.364954 10.324441 10.282827 10.240081 10.196173 10.151072 10.104745 10.05716 10.008278 9.958051 9.9064164 9.8532804 9.7984973 9.7418293 9.6828795 9.6209784 9.5549977 9.4830521 9.4018524 9.3036762 9.1616683 8.9567526 9.0322529 9.2373887 9.3487023 9.4220096 9.4444325 9.392351 9.2987864 9.2038736 9.1162809 9.0726789 9.0967196 9.1325801 9.1582237 9.1647798 9.1477739 9.1026179 9.0201342 8.8772761 8.6510044 8.5642409
10.918367 10.892604 10.866225 10.83921 10.811537 10.783187 10.754137 10.724363 10.693843 10.662552 10.630465 10.597558 10.563803 10.529174 10.493645 10.457188 10.419777 10.381384 10.341984 10.301551 10.260061 10.21749 10.173819 10.129028 10.083101 10.036023 9.9877787 9.938352 9.8877166 9.835825 9.7825857 9.7278188 9.6711739 9.611975 9.5489453 9.4798145 9.4014022 9.3134609 9.2312279 9.186231 9.2287934 9.3308251 9.4238731 9.5273919 9.5623021 9.4296386 9.3162801 9.2009177 9.0388534 8.9316549 9.0672717 9.1464547 9.1766336 9.1809091 9.1631001 9.1226652 9.0603101 8.9852423 8.9087596 8.8518911
10.897981 10.872068 10.845544 10.818388 10.790582 10.762103 10.732932 10.703046 10.672423 10.64104 10.608873 10.575898 10.542091 10.507427 10.471882 10.435431 10.398051 10.359718 10.32041 10.280106 10.238787 10.196439 10.153049 10.108609 10.063115 10.016569 9.9689797 9.9203572 9.8707128 9.8200482 9.7683358 9.7154761 9.6612078 9.6049109 9.5451518 9.4785457 9.3969192 9.2835464 9.1537664 9.1905593 9.3125372 9.4096874 9.489603 9.5450937 9.5465559 9.4442552 9.3253665 9.204601 9.0668619 8.9888873 9.0886553 9.1625216 9.1926145 9.1961739 9.1789586 9.1419489 9.0857972 9.0249833 9.0001901 8.9663456
10.878304 10.852267 10.825624 10.798356 10.770444 10.741868 10.712608 10.682643 10.651951 10.620512 10.588302 10.555299 10.52148 10.486824 10.451307 10.414908 10.377604 10.339377 10.300207 10.260079 10.218978 10.176895 10.133825 10.089768 10.044732 9.9987334 9.9517974 9.9039599 9.8552663 9.8057677 9.7555091 9.7044993 9.6526394 9.5995477 9.5441086 9.4831084 9.40616 9.2762166 9.0449872 9.1319287 9.3535885 9.4818074 9.6033891 9.6799092 9.587866 9.4539602 9.3164249 9.1770787 9.0833473 9.0835707 9.1347689 9.1834757 9.2084759 9.2112645 9.1956107 9.1628643 9.1098511 9.0343921 9.0092149 9.0063725
10.859332 10.833195 10.806459 10.779106 10.751117 10.722473 10.693155 10.663143 10.632416 10.600956 10.56874 10.535747 10.501957 10.467349 10.431902 10.395597 10.358415 10.320338 10.281352 10.241443 10.200602 10.158824 10.11611 10.072466 10.027908 9.9824611 9.9361652 9.8890739 9.8412599 9.7928172 9.743862 9.6945272 9.6449371 9.5951322 9.5448888 9.4933705 9.4384756 9.3731614 9.29329 9.3188354 9.4306877 9.5470663 9.7474885 10.033553 9.7276692 9.4739853 9.2871678 9.0453582 8.8288473 8.9908327 9.134716 9.1979373 9.2234818 9.2263851 9.2133168 9.1887006 9.1546166 9.1079885 9.0695942 9.0378029
10.841057 10.814846 10.788042 10.76063 10.732591 10.703908 10.674562 10.644534 10.613806 10.582358 10.550171 10.517226 10.483502 10.448982 10.413646 10.377478 10.340459 10.302577 10.263818 10.224172 10.183633 10.142199 10.099874 10.05667 10.012607 9.9677146 9.922039 9.8756429 9.8286131 9.7810692 9.7331781 9.6851772 9.6374092 9.5903688 9.5447684 9.5017665 9.4645727 9.4444696 9.4363092 9.442125 9.4954223 9.5749329 9.6882181 9.8078869 9.6551437 9.4575461 9.2724294 8.9984689 8.7046535 8.9539167 9.1421898 9.2134131 9.2388428 9.2415603 9.2308073 9.2146471 9.2061845 9.1912788 9.13424 9.0703718
10.823474 10.79721 10.770364 10.742918 10.714856 10.686162 10.656817 10.626804 10.596106 10.564704 10.53258 10.499718 10.466098 10.431703 10.396518 10.360526 10.323714 10.286068 10.247578 10.208237 10.168041 10.12699 10.085091 10.042356 9.9988068 9.9544738 9.9094012 9.8636492 9.8173003 9.7704705 9.7233318 9.6761564 9.6294059 9.5838983 9.5410782 9.5033018 9.4736552 9.4548711 9.4556155 9.482912 9.5318713 9.6013723 9.6597129 9.6295358 9.5479697 9.4237875 9.2815698 9.1349878 9.0452699 9.1014339 9.1877234 9.2365669 9.2558078 9.2568349 9.2470945 9.2341053 9.2369642 9.2433 9.1718927 9.0924977
10.806572 10.78028 10.753414 10.725959 10.6979 10.669221 10.639906 10.609937 10.579299 10.547974 10.515947 10.483202 10.449721 10.415489 10.380493 10.344718 10.308151 10.270783 10.232605 10.193611 10.1538 10.113172 10.071736 10.029504 9.986495 9.9427361 9.8982628 9.8531207 9.8073677 9.7610803 9.7143696 9.6674235 9.6206123 9.5747419 9.5315909 9.4947591 9.4698231 9.4607782 9.4687601 9.5016494 9.5553048 9.6172685 9.6842765 9.6045451 9.5058157 9.3950863 9.2526017 9.105773 9.1045036 9.1756502 9.2299802 9.2613903 9.27338 9.2721581 9.2636335 9.2521913 9.2396304 9.222712 9.1732725 9.1001954
10.790343 10.764043 10.737181 10.709741 10.68171 10.653072 10.623813 10.593916 10.563367 10.53215 10.500251 10.467655 10.434348 10.400315 10.365544 10.330023 10.293742 10.256692 10.218866 10.180262 10.140878 10.100717 10.059786 10.018097 9.9756653 9.9325115 9.888658 9.8441274 9.7989371 9.7530923 9.7065775 9.659357 9.6114151 9.5629472 9.5150338 9.4716204 9.4435735 9.4442 9.4515406 9.5035393 9.595963 9.6524914 9.613518 9.5580234 9.4799413 9.3788611 9.215883 8.9396335 9.0178533 9.1943534 9.2591624 9.28373 9.2901336 9.2868718 9.2814599 9.28271 9.2779898 9.2356148 9.1757952 9.1019038
10.774775 10.74849 10.721653 10.694251 10.666271 10.637699 10.608521 10.578722 10.54829 10.517211 10.48547 10.453055 10.419953 10.386152 10.351642 10.316412 10.280454 10.243761 10.206329 10.168156 10.129243 10.089593 10.049214 10.008116 9.9663121 9.9238148 9.8806336 9.8367667 9.7921872 9.7468171 9.7004824 9.6528338 9.6032186 9.5505197 9.4932462 9.4317864 9.3827314 9.4053305 9.4035286 9.4878592 9.6302675 9.7360307 9.6100145 9.5328626 9.4656474 9.3865552 9.2820583 9.1538172 9.1646372 9.2479132 9.2899094 9.3046954 9.3054559 9.2995157 9.295709 9.3155249 9.3446972 9.2663722 9.1836081 9.1019672
10.759858 10.733606 10.706815 10.679473 10.651567 10.623083 10.594011 10.564337 10.534048 10.503132 10.471577 10.439373 10.406507 10.372971 10.338754 10.303849 10.268251 10.231953 10.194955 10.157255 10.118857 10.079765 10.039989 9.9995376 9.9584227 9.9166531 9.8742296 9.8311337 9.7873064 9.7426077 9.6967371 9.6490758 9.5983558 9.5419294 9.4740473 9.3815728 9.23456 9.0112099 9.1081429 9.5233119 9.6092607 9.6109147 9.5682483 9.5134086 9.4579189 9.3992454 9.3490567 9.3207749 9.3011208 9.3094324 9.321297 9.3243762 9.3192139 9.3094188 9.3010978 9.3045521 9.3083035 9.2555039 9.1811192 9.0980934
10.745578 10.719379 10.692654 10.665391 10.63758 10.609208 10.580264 10.550737 10.520616 10.489889 10.458548 10.426581 10.393981 10.360738 10.326846 10.2923 10.257095 10.221229 10.184701 10.147515 10.109675 10.07119 10.032068 9.9923239 9.9519688 9.9110134 9.8694586 9.8272849 9.7844289 9.7407396 9.6958904 9.6491966 9.5992128 9.5427597 9.4722002 9.3657737 9.1401015 8.4174174 8.544117 9.6939158 9.6650663 9.5728378 9.5370332 9.4968327 9.4507312 9.4022664 9.3600225 9.3507737 9.348387 9.3467003 9.3462639 9.3417828 9.331847 9.3178139 9.3038217 9.2950271 9.2782048 9.236859 9.1726124 9.0904882
