Cobbity2/QGIS/Output_Ave.asc
NCOLS 399
NROWS 220
XLLCORNER 150.661
YLLCORNER -34.0268
CELLSIZE 1e-05
NODATA_VALUE -9999
[rows 52 to 77 of 220, columns 300 to 359 of 399]
13.684819 13.675329 13.665976 13.656756 13.647668 13.638709 13.629877 13.621169 13.612583 13.604117 13.595768 13.587536 13.579416 13.571409 13.563511 13.55572 13.548035 13.540454 13.532975 13.525596 13.518315 13.511131 13.504043 13.497047 13.490144 13.48333 13.476605 13.469968 13.463416 13.456948 13.450563 13.44426 13.438037 13.431892 13.425825 13.419834 13.413918 13.408075 13.402305 13.396606 13.390977 13.385417 13.379925 13.3745 13.36914 13.363845 13.358614 13.353445 13.348338 13.343292 13.338305 13.333377 13.328506 13.323693 13.318936 13.314234 13.309586 13.304991 13.30045 13.29596
13.672392 13.66304 13.653822 13.644736 13.635778 13.626947 13.618241 13.609656 13.601192 13.592846 13.584615 13.576498 13.568492 13.560596 13.552808 13.545125 13.537547 13.53007 13.522694 13.515416 13.508236 13.50115 13.494158 13.487258 13.480448 13.473728 13.467094 13.460546 13.454083 13.447702 13.441403 13.435185 13.429045 13.422983 13.416996 13.411085 13.405248 13.399483 13.39379 13.388167 13.382613 13.377127 13.371708 13.366354 13.361065 13.35584 13.350678 13.345577 13.340537 13.335557 13.330636 13.325772 13.320966 13.316216 13.311521 13.30688 13.302293 13.297759 13.293276 13.288845
13.659818 13.650606 13.641526 13.632575 13.623751 13.615051 13.606473 13.598015 13.589674 13.58145 13.573338 13.565339 13.557449 13.549667 13.541991 13.534418 13.526948 13.519578 13.512307 13.505133 13.498054 13.491068 13.484175 13.477372 13.470658 13.464031 13.45749 13.451034 13.444661 13.438369 13.432157 13.426025 13.41997 13.413991 13.408088 13.402258 13.396501 13.390816 13.3852 13.379654 13.374176 13.368765 13.36342 13.358139 13.352922 13.347768 13.342676 13.337644 13.332673 13.32776 13.322905 13.318107 13.313366 13.30868 13.304048 13.29947 13.294944 13.290471 13.286048 13.281677
13.647098 13.63803 13.629091 13.620278 13.611589 13.603022 13.594575 13.586245 13.578031 13.56993 13.561941 13.554062 13.54629 13.538624 13.531061 13.523601 13.516241 13.50898 13.501816 13.494747 13.487771 13.480888 13.474094 13.46739 13.460773 13.454242 13.447796 13.441432 13.435151 13.428949 13.422827 13.416782 13.410813 13.40492 13.3991 13.393353 13.387678 13.382073 13.376537 13.371069 13.365668 13.360333 13.355062 13.349856 13.344712 13.33963 13.334609 13.329648 13.324745 13.319901 13.315114 13.310383 13.305707 13.301085 13.296518 13.292003 13.28754 13.283128 13.278767 13.274455
13.634235 13.625313 13.616517 13.607845 13.599294 13.590863 13.582549 13.57435 13.566265 13.55829 13.550425 13.542668 13.535016 13.527468 13.520022 13.512676 13.505428 13.498277 13.491221 13.484259 13.477389 13.470609 13.463918 13.457314 13.450796 13.444363 13.438012 13.431743 13.425554 13.419444 13.413412 13.407456 13.401576 13.395769 13.390034 13.384371 13.378779 13.373255 13.3678 13.362411 13.357089 13.351831 13.346637 13.341505 13.336436 13.331427 13.326478 13.321588 13.316756 13.311981 13.307262 13.302599 13.29799 13.293434 13.288931 13.284481 13.280081 13.275732 13.271432 13.267182
13.621232 13.612459 13.603809 13.59528 13.586869 13.578576 13.570398 13.562332 13.554377 13.546532 13.538793 13.53116 13.52363 13.516201 13.508873 13.501643 13.49451 13.487471 13.480526 13.473673 13.466909 13.460235 13.453647 13.447145 13.440728 13.434393 13.42814 13.421967 13.415873 13.409856 13.403916 13.39805 13.392259 13.386539 13.380892 13.375314 13.369805 13.364365 13.358991 13.353683 13.34844 13.343261 13.338144 13.333089 13.328095 13.32316 13.318284 13.313466 13.308706 13.304001 13.299352 13.294757 13.290215 13.285726 13.28129 13.276904 13.272569 13.268283 13.264046 13.259857
13.608092 13.59947 13.590968 13.582584 13.574317 13.566164 13.558123 13.550193 13.542371 13.534656 13.527046 13.519539 13.512133 13.504826 13.497618 13.490506 13.483489 13.476564 13.469731 13.462988 13.456333 13.449766 13.443284 13.436886 13.43057 13.424336 13.418182 13.412106 13.406108 13.400186 13.394338 13.388565 13.382863 13.377233 13.371673 13.366182 13.360759 13.355403 13.350112 13.344886 13.339723 13.334623 13.329585 13.324607 13.319689 13.31483 13.310028 13.305284 13.300595 13.295962 13.291383 13.286857 13.282384 13.277963 13.273593 13.269273 13.265003 13.260781 13.256608 13.252482
13.594818 13.586349 13.577997 13.569762 13.561639 13.553629 13.545728 13.537935 13.530248 13.522666 13.515186 13.507807 13.500527 13.493345 13.486258 13.479266 13.472366 13.465558 13.458839 13.452208 13.445663 13.439204 13.432829 13.426536 13.420324 13.414192 13.408138 13.402162 13.396261 13.390435 13.384682 13.379001 13.373392 13.367852 13.362381 13.356978 13.351641 13.34637 13.341163 13.33602 13.330939 13.32592 13.320961 13.316061 13.311221 13.306438 13.301711 13.297041 13.292426 13.287864 13.283357 13.278901 13.274498 13.270145 13.265843 13.26159 13.257385 13.253229 13.24912 13.245057
13.581412 13.573099 13.5649 13.556814 13.548839 13.540973 13.533215 13.525561 13.518012 13.510564 13.503216 13.495967 13.488815 13.481759 13.474796 13.467925 13.461145 13.454454 13.44785 13.441333 13.434901 13.428552 13.422285 13.416099 13.409992 13.403963 13.398011 13.392135 13.386333 13.380604 13.374947 13.369361 13.363844 13.358396 13.353015 13.347701 13.342452 13.337267 13.332146 13.327087 13.322089 13.317151 13.312273 13.307453 13.30269 13.297984 13.293334 13.288739 13.284198 13.27971 13.275274 13.27089 13.266557 13.262273 13.258039 13.253854 13.249716 13.245626 13.241581 13.237583
13.567877 13.559722 13.551679 13.543745 13.535919 13.5282 13.520586 13.513074 13.505663 13.498352 13.491139 13.484022 13.476999 13.47007 13.463232 13.456485 13.449826 13.443254 13.436768 13.430366 13.424047 13.41781 13.411653 13.405575 13.399575 13.393651 13.387802 13.382028 13.376326 13.370695 13.365135 13.359645 13.354223 13.348867 13.343578 13.338354 13.333194 13.328097 13.323062 13.318087 13.313173 13.308318 13.303521 13.298782 13.294099 13.289471 13.284898 13.280379 13.275913 13.271499 13.267136 13.262824 13.258562 13.254349 13.250184 13.246067 13.241997 13.237973 13.233994 13.23006
13.554217 13.546222 13.538336 13.530556 13.522882 13.515312 13.507843 13.500475 13.493205 13.486033 13.478955 13.471972 13.465081 13.458281 13.451571 13.444948 13.438412 13.431961 13.425594 13.419309 13.413105 13.406981 13.400935 13.394967 13.389075 13.383257 13.377513 13.371841 13.366241 13.36071 13.355249 13.349855 13.344528 13.339267 13.334071 13.328938 13.323868 13.318859 13.313911 13.309023 13.304194 13.299423 13.294709 13.29005 13.285447 13.280899 13.276404 13.271962 13.267572 13.263233 13.258944 13.254705 13.250515 13.246373 13.242278 13.23823 13.234228 13.230271 13.226359 13.222491
13.540434 13.532601 13.524874 13.517251 13.50973 13.502311 13.49499 13.487767 13.48064 13.473608 13.466669 13.459821 13.453063 13.446394 13.439812 13.433316 13.426904 13.420576 13.414329 13.408163 13.402075 13.396066 13.390133 13.384276 13.378493 13.372783 13.367145 13.361577 13.356079 13.35065 13.345288 13.339993 13.334762 13.329597 13.324494 13.319453 13.314474 13.309556 13.304696 13.299895 13.295152 13.290466 13.285835 13.281259 13.276737 13.272269 13.267853 13.263489 13.259175 13.254912 13.250698 13.246533 13.242415 13.238345 13.234321 13.230343 13.22641 13.222522 13.218677 13.214875
13.526531 13.518863 13.511297 13.503832 13.496467 13.4892 13.482029 13.474953 13.467971 13.46108 13.454281 13.44757 13.440947 13.434411 13.427959 13.421591 13.415306 13.409101 13.402976 13.39693 13.39096 13.385067 13.379249 13.373504 13.367831 13.36223 13.356699 13.351237 13.345844 13.340517 13.335256 13.330059 13.324927 13.319857 13.31485 13.309903 13.305016 13.300188 13.295418 13.290705 13.286049 13.281448 13.276902 13.272409 13.26797 13.263582 13.259246 13.254961 13.250725 13.246538 13.2424 13.238309 13.234265 13.230268 13.226315 13.222408 13.218545 13.214725 13.210948 13.207213
13.512512 13.50501 13.497607 13.490302 13.483094 13.475981 13.468962 13.462035 13.455199 13.448453 13.441794 13.435223 13.428736 13.422334 13.416014 13.409776 13.403618 13.397539 13.391537 13.385612 13.379762 13.373986 13.368283 13.362652 13.357092 13.351601 13.346178 13.340823 13.335535 13.330311 13.325152 13.320056 13.315023 13.310051 13.305139 13.300287 13.295493 13.290757 13.286077 13.281454 13.276886 13.272371 13.267911 13.263502 13.259146 13.25484 13.250585 13.246379 13.242222 13.238113 13.234051 13.230035 13.226066 13.222141 13.218261 13.214425 13.210632 13.206882 13.203174 13.199507
13.498379 13.491045 13.483807 13.476664 13.469615 13.462658 13.455793 13.449016 13.442328 13.435727 13.429212 13.42278 13.416432 13.410165 13.403979 13.397872 13.391843 13.38589 13.380014 13.374211 13.368482 13.362825 13.357239 13.351723 13.346276 13.340896 13.335584 13.330337 13.325154 13.320035 13.314979 13.309985 13.305052 13.300178 13.295363 13.290607 13.285907 13.281264 13.276676 13.272143 13.267663 13.263237 13.258862 13.254539 13.250266 13.246043 13.24187 13.237744 13.233666 13.229635 13.225651 13.221711 13.217817 13.213967 13.21016 13.206396 13.202674 13.198994 13.195355 13.191756
13.484136 13.476972 13.4699 13.462921 13.456033 13.449234 13.442523 13.435899 13.429361 13.422906 13.416535 13.410246 13.404037 13.397907 13.391856 13.385881 13.379983 13.374159 13.368408 13.36273 13.357123 13.351586 13.346118 13.340718 13.335385 13.330118 13.324917 13.319779 13.314704 13.309691 13.304739 13.299848 13.295015 13.290241 13.285524 13.280864 13.27626 13.271711 13.267215 13.262773 13.258383 13.254045 13.249758 13.245521 13.241333 13.237194 13.233102 13.229058 13.22506 13.221108 13.217201 13.213339 13.20952 13.205745 13.202012 13.198321 13.194671 13.191062 13.187493 13.183963
13.469786 13.462793 13.45589 13.449076 13.44235 13.43571 13.429156 13.422686 13.416298 13.409993 13.403767 13.397621 13.391554 13.385563 13.379647 13.373807 13.36804 13.362345 13.356722 13.351169 13.345685 13.34027 13.334921 13.329639 13.324422 13.319269 13.314179 13.309152 13.304185 13.299279 13.294433 13.289645 13.284915 13.280241 13.275624 13.271061 13.266553 13.262098 13.257696 13.253346 13.249047 13.244798 13.240599 13.236449 13.232346 13.228291 13.224283 13.220321 13.216404 13.212532 13.208704 13.204919 13.201177 13.197477 13.193819 13.190201 13.186624 13.183086 13.179587 13.176128
13.455332 13.448511 13.441778 13.435131 13.428569 13.42209 13.415694 13.409379 13.403144 13.396989 13.390911 13.38491 13.378984 13.373133 13.367356 13.36165 13.356016 13.350453 13.344958 13.339532 13.334173 13.32888 13.323652 13.318488 13.313388 13.30835 13.303373 13.298457 13.2936 13.288802 13.284062 13.279379 13.274752 13.27018 13.265662 13.261198 13.256787 13.252428 13.24812 13.243863 13.239655 13.235497 13.231387 13.227324 13.223308 13.219338 13.215414 13.211535 13.2077 13.203908 13.200159 13.196453 13.192788 13.189164 13.185581 13.182038 13.178533 13.175068 13.171641 13.168251
13.440776 13.434131 13.427569 13.42109 13.414693 13.408377 13.40214 13.395982 13.389901 13.383897 13.377968 13.372113 13.366331 13.360621 13.354983 13.349414 13.343914 13.338483 13.333118 13.32782 13.322586 13.317417 13.312311 13.307267 13.302284 13.297362 13.2925 13.287696 13.28295 13.278261 13.273628 13.269051 13.264528 13.260058 13.255642 13.251277 13.246964 13.242702 13.238489 13.234326 13.23021 13.226143 13.222122 13.218148 13.214219 13.210336 13.206496 13.2027 13.198948 13.195237 13.191569 13.187941 13.184354 13.180807 13.1773 13.173831 13.170401 13.167008 13.163653 13.160334
13.426123 13.419654 13.413265 13.406956 13.400726 13.394573 13.388497 13.382497 13.376572 13.37072 13.364941 13.359234 13.353597 13.34803 13.342531 13.3371 13.331736 13.326438 13.321204 13.316035 13.310928 13.305884 13.3009 13.295977 13.291114 13.286309 13.281562 13.276871 13.272237 13.267658 13.263134 13.258663 13.254245 13.249879 13.245564 13.2413 13.237086 13.232921 13.228804 13.224735 13.220713 13.216737 13.212807 13.208922 13.205081 13.201284 13.19753 13.193819 13.190149 13.186521 13.182933 13.179385 13.175877 13.172408 13.168977 13.165583 13.162227 13.158908 13.155625 13.152378
13.411376 13.405084 13.398869 13.392731 13.386669 13.380682 13.374768 13.368928 13.363159 13.357461 13.351833 13.346274 13.340784 13.33536 13.330003 13.324711 13.319484 13.31432 13.309219 13.304179 13.2992 13.294282 13.289422 13.284621 13.279878 13.275191 13.27056 13.265984 13.261463 13.256994 13.252579 13.248216 13.243904 13.239642 13.23543 13.231267 13.227153 13.223086 13.219066 13.215092 13.211164 13.207281 13.203443 13.199647 13.195895 13.192186 13.188518 13.184892 13.181306 13.17776 13.174254 13.170786 13.167357 13.163966 13.160612 13.157295 13.154014 13.150769 13.147559 13.144383
13.396538 13.390424 13.384385 13.378419 13.372527 13.366706 13.360955 13.355275 13.349665 13.344122 13.338646 13.333238 13.327894 13.322616 13.317401 13.312249 13.30716 13.302131 13.297163 13.292255 13.287405 13.282614 13.277879 13.273201 13.268578 13.264011 13.259497 13.255036 13.250628 13.246272 13.241967 13.237712 13.233507 13.22935 13.225242 13.221181 13.217167 13.213199 13.209277 13.205399 13.201566 13.197776 13.19403 13.190325 13.186663 13.183041 13.17946 13.17592 13.172418 13.168956 13.165531 13.162145 13.158796 13.155483 13.152207 13.148966 13.145761 13.142591 13.139454 13.136352
13.381611 13.375677 13.369815 13.364023 13.358301 13.352647 13.347062 13.341544 13.336092 13.330705 13.325384 13.320126 13.314931 13.309798 13.304727 13.299717 13.294766 13.289874 13.28504 13.280264 13.275545 13.270881 13.266272 13.261718 13.257217 13.25277 13.248374 13.24403 13.239736 13.235493 13.231298 13.227153 13.223055 13.219004 13.215001 13.211043 13.20713 13.203262 13.199438 13.195657 13.19192 13.188224 13.18457 13.180957 13.177385 13.173852 13.170359 13.166904 13.163488 13.160109 13.156768 13.153463 13.150194 13.146961 13.143763 13.1406 13.13747 13.134375 13.131313 13.128283
13.3666 13.360847 13.355163 13.349545 13.343995 13.33851 13.333091 13.327735 13.322443 13.317214 13.312047 13.306942 13.301896 13.296911 13.291984 13.287116 13.282305 13.277551 13.272852 13.268209 13.263621 13.259086 13.254604 13.250175 13.245797 13.24147 13.237193 13.232966 13.228788 13.224658 13.220575 13.21654 13.212551 13.208607 13.204708 13.200854 13.197043 13.193276 13.189551 13.185868 13.182226 13.178625 13.175065 13.171544 13.168062 13.164619 13.161214 13.157846 13.154516 13.151222 13.147963 13.144741 13.141553 13.1384 13.135281 13.132195 13.129143 13.126123 13.123135 13.120179
13.351507 13.345937 13.340431 13.33499 13.329612 13.324297 13.319044 13.313853 13.308722 13.303652 13.29864 13.293688 13.288793 13.283955 13.279174 13.274449 13.269779 13.265163 13.260601 13.256092 13.251635 13.24723 13.242876 13.238572 13.234318 13.230113 13.225956 13.221847 13.217785 13.21377 13.2098 13.205875 13.201995 13.198159 13.194366 13.190616 13.186908 13.183242 13.179617 13.176032 13.172487 13.168982 13.165516 13.162087 13.158697 13.155344 13.152028 13.148747 13.145503 13.142294 13.13912 13.13598 13.132874 13.129801 13.126761 13.123754 13.120779 13.117835 13.114923 13.112041
13.336336 13.330949 13.325623 13.320359 13.315155 13.310011 13.304926 13.299899 13.294931 13.290019 13.285165 13.280366 13.275623 13.270935 13.2663 13.261719 13.25719 13.252714 13.248289 13.243915 13.239591 13.235317 13.231091 13.226914 13.222784 13.218702 13.214665 13.210675 13.20673 13.202829 13.198973 13.19516 13.19139 13.187662 13.183976 13.180331 13.176726 13.173162 13.169637 13.166152 13.162704 13.159295 13.155923 13.152589 13.14929 13.146028 13.142801 13.139609 13.136451 13.133328 13.130238 13.127182 13.124158 13.121166 13.118206 13.115278 13.11238 13.109513 13.106677 13.10387
