Cobbity2/QGIS/Output_Ave.asc
NCOLS 399
NROWS 220
XLLCORNER 150.661
YLLCORNER -34.0268
CELLSIZE 1e-05
NODATA_VALUE -9999
[rows 26 to 51 of 220, columns 180 to 239 of 399]
19.205754 19.761736 18.435037 17.842912 17.596178 17.536004 17.601429 17.797381 18.212504 17.84852 17.58504 17.53116 17.547293 17.618241 17.741474 17.917415 18.163059 18.463442 18.323196 17.928317 17.610905 17.499305 17.437022 17.36082 17.320799 17.315284 17.348198 17.423736 17.545063 17.700502 17.792471 17.711837 17.544241 17.372126 17.213036 17.06714 16.932621 16.807919 16.691833 16.583408 16.481847 16.386472 16.296689 16.211977 16.131876 16.055977 15.983917 15.915371 15.850051 15.7877 15.728084 15.670998 15.616253 15.563683 15.513134 15.46447 15.417566 15.372309 15.328596 15.286333
18.923823 18.715958 18.152454 17.754189 17.589719 17.590304 17.713103 17.914972 18.100803 17.912019 17.67513 17.589295 17.598326 17.679883 17.829324 18.046062 18.342522 18.866253 18.591201 17.943067 17.602366 17.491725 17.444284 17.401628 17.383822 17.398096 17.452986 17.556 17.717395 17.991017 18.331773 17.988181 17.666692 17.446534 17.265655 17.106178 16.961869 16.829684 16.707725 16.594621 16.489299 16.390876 16.298608 16.21186 16.130083 16.052797 15.979585 15.910081 15.84396 15.780938 15.720759 15.6632 15.608058 15.555153 15.504323 15.455422 15.40832 15.362897 15.319046 15.276668
19.713869 18.52224 17.878678 17.629165 17.566224 17.640113 17.837096 18.194281 18.197112 17.879921 17.704719 17.63095 17.648393 17.750754 17.943396 18.247388 18.616573 18.650545 18.327935 17.873515 17.489408 17.307378 17.383341 17.418369 17.435086 17.474316 17.555877 17.69082 17.881593 18.079719 18.160554 17.980034 17.717764 17.493223 17.301629 17.132748 16.98087 16.842671 16.71594 16.599041 16.490691 16.389843 16.295628 16.207309 16.124261 16.045945 15.971896 15.90171 15.835035 15.771561 15.711015 15.653158 15.597776 15.544678 15.493694 15.444673 15.397478 15.351985 15.308084 15.265672
17.823796 17.803935 17.584111 17.501131 17.542576 17.691028 17.933949 18.185183 18.155585 17.894889 17.725152 17.661336 17.694369 17.825115 18.067183 18.48958 19.363399 19.335775 18.354128 17.829378 17.369695 17.083224 17.350751 17.446409 17.488547 17.551637 17.662313 17.832205 18.073675 18.398281 18.289151 17.983822 17.737454 17.517139 17.321106 17.146206 16.988868 16.846179 16.715872 16.59616 16.485606 16.383034 16.287471 16.198098 16.114227 16.035271 15.960726 15.890158 15.823192 15.7595 15.698795 15.640825 15.585368 15.532225 15.481222 15.432201 15.385021 15.339557 15.295695 15.253331
17.145834 17.274173 17.32228 17.39259 17.533208 17.757049 18.082134 18.549177 18.238853 17.906014 17.737009 17.681835 17.733777 17.90118 18.1988 18.601282 19.00839 18.913251 18.286168 17.848456 17.573763 17.449075 17.474677 17.509818 17.552342 17.635283 17.778268 17.98486 18.225187 18.38262 18.289525 18.013706 17.755154 17.52801 17.326577 17.146896 16.985599 16.839801 16.70712 16.585627 16.47375 16.370208 16.273941 16.18407 16.099855 16.020673 15.945992 15.875358 15.808378 15.744712 15.684063 15.626171 15.570809 15.517775 15.466888 15.41799 15.370938 15.325604 15.281872 15.23964
16.804541 16.980693 17.144506 17.321476 17.549433 17.855843 18.218154 18.387143 18.188861 17.904104 17.737223 17.689541 17.760787 17.973871 18.400886 19.131502 19.362504 18.699592 18.191988 17.862033 17.681535 17.640448 17.599455 17.586976 17.623464 17.726996 17.911939 18.173532 18.506142 18.720071 18.357682 18.037255 17.76441 17.526856 17.318828 17.134943 16.970892 16.823283 16.689438 16.567228 16.454949 16.351225 16.25493 16.165138 16.081078 16.0021 15.927656 15.85728 15.790569 15.727178 15.666805 15.609187 15.554094 15.501322 15.450691 15.402041 15.355228 15.310125 15.266617 15.224599
16.373473 16.771521 17.034545 17.289751 17.591984 17.993875 18.645853 18.926634 18.236031 17.894675 17.723064 17.679743 17.765439 18.006265 18.504611 19.650179 20.153147 18.779145 18.161663 17.900619 17.744964 17.686743 17.684804 17.660596 17.694823 17.824254 18.073286 18.430229 18.702705 18.700289 18.41351 18.059597 17.761331 17.511128 17.296786 17.109845 16.944456 16.796437 16.662694 16.540873 16.429142 16.326045 16.230414 16.141292 16.05789 15.979552 15.905722 15.835931 15.769776 15.70691 15.647033 15.589884 15.535233 15.482878 15.43264 15.384362 15.337901 15.29313 15.249937 15.208217
16.28284 16.675006 16.98314 17.293755 17.657643 18.108562 18.566589 18.625892 18.209358 17.870818 17.690354 17.647096 17.743917 18.00019 18.399303 18.832368 18.923695 18.44337 18.100013 18.01244 18.073959 17.983679 17.81845 17.734275 17.758786 17.915191 18.247104 18.867348 19.694147 19.160064 18.485499 18.059649 17.736965 17.476672 17.258548 17.070778 16.905958 16.759149 16.626879 16.5066 16.396384 16.294733 16.200455 16.112591 16.030351 15.953083 15.880239 15.811356 15.746037 15.683944 15.62478 15.568292 15.514253 15.462467 15.41276 15.364975 15.318975 15.274636 15.231848 15.190509
16.341479 16.656357 16.975968 17.329135 17.755888 18.337615 19.257515 18.936833 18.204551 17.825869 17.632303 17.58334 17.689684 18.018922 18.654164 18.893668 18.449267 18.159613 18.034057 18.147486 18.634773 18.427087 17.956564 17.790467 17.803563 17.983003 18.354468 18.969728 19.744114 19.247585 18.489381 18.017376 17.682311 17.41952 17.202411 17.017086 16.855233 16.711476 16.582137 16.464581 16.356853 16.257453 16.165206 16.07917 15.998579 15.922799 15.8513 15.783637 15.719427 15.658344 15.600104 15.544462 15.491201 15.440131 15.391085 15.343912 15.298481 15.25467 15.212374 15.171495
16.342426 16.655602 16.99285 17.390394 17.885977 18.47397 19.018527 18.777317 18.135467 17.747195 17.541699 17.475951 17.560782 17.897994 18.751057 19.10267 18.293368 17.994383 17.982781 18.144095 18.380717 18.270943 17.959856 17.801271 17.817105 18.027945 18.477056 19.050738 19.181094 18.821918 18.329041 17.913041 17.592304 17.337843 17.127762 16.948727 16.7925 16.653739 16.528815 16.41515 16.31085 16.214474 16.124901 16.041235 15.962751 15.888853 15.819039 15.75289 15.690046 15.6302 15.573083 15.518463 15.466137 15.415923 15.367664 15.321217 15.276456 15.233267 15.191547 15.151205
16.341287 16.658281 17.018482 17.46672 18.08198 19.037704 19.39664 18.545304 17.989221 17.628607 17.416098 17.320058 17.328601 17.47013 17.812665 18.022066 17.880795 17.833007 17.978293 18.316643 18.519889 18.223578 17.925886 17.771554 17.787577 18.021458 18.625412 19.807883 19.825989 18.772512 18.166502 17.768906 17.470646 17.232897 17.03548 16.866485 16.718475 16.586583 16.467481 16.358802 16.258803 16.166164 16.079854 15.999054 15.9231 15.851443 15.783627 15.719264 15.658024 15.599623 15.543814 15.490382 15.439137 15.389911 15.342557 15.296943 15.252948 15.210467 15.169404 15.129672
16.336665 16.658238 17.040247 17.532623 18.197194 19.092229 19.406291 18.448729 17.842742 17.482604 17.261257 17.1311 17.041843 16.914262 16.941985 17.290579 17.510418 17.689256 17.993228 18.649525 19.211948 18.382224 17.897538 17.707113 17.70604 17.901853 18.370243 19.154415 19.199589 18.469153 17.940889 17.587516 17.322033 17.107842 16.927717 16.771926 16.634365 16.510972 16.398923 16.296187 16.201256 16.112977 16.03045 15.952954 15.879902 15.810809 15.745269 15.682936 15.623514 15.566748 15.512415 15.46032 15.41029 15.362174 15.315835 15.271151 15.228013 15.186322 15.14599 15.106936
16.317851 16.648199 17.047006 17.585297 18.402824 19.357455 18.918693 18.181124 17.65498 17.309461 17.082868 16.931906 16.802211 16.536954 16.416754 16.929994 17.288341 17.593779 17.965943 18.376182 18.541571 18.161184 17.787703 17.599185 17.582905 17.733781 17.997676 18.211417 18.214564 17.956707 17.642622 17.373609 17.152578 16.967141 16.807535 16.667215 16.541769 16.428131 16.324109 16.228088 16.138849 16.055446 15.977134 15.903309 15.833476 15.767221 15.704197 15.644105 15.586688 15.531724 15.479016 15.428392 15.379699 15.332801 15.287574 15.243911 15.201712 15.160887 15.121355 15.083041
16.292599 16.62531 17.026693 17.565934 18.431178 19.843125 18.95586 17.952244 17.437747 17.109631 16.87765 16.708426 16.601189 16.55164 16.59699 16.855801 17.178989 17.568439 18.145496 18.768154 18.483393 17.976712 17.635084 17.45029 17.428223 17.611525 18.034729 18.182021 17.856178 17.586272 17.354516 17.149804 16.97176 16.816208 16.678482 16.554842 16.442515 16.339454 16.244129 16.155376 16.07229 15.994155 15.920393 15.850529 15.784168 15.720975 15.660664 15.60299 15.547737 15.494716 15.443762 15.394725 15.347474 15.301889 15.257864 15.215302 15.174115 15.134223 15.095553 15.058038
16.263792 16.590037 16.98305 17.499543 18.095337 18.364359 18.098979 17.589262 17.186572 16.887348 16.639567 16.401959 16.205393 16.241289 16.480391 16.764888 17.097826 17.536557 18.289938 19.448763 18.735757 17.870288 17.463491 17.259471 17.211128 17.383757 17.904679 18.101625 17.615339 17.291953 17.089458 16.928363 16.787228 16.660039 16.544031 16.437328 16.338491 16.246391 16.160124 16.078965 16.002326 15.92972 15.860741 15.795047 15.732345 15.672383 15.61494 15.559823 15.50686 15.4559 15.406805 15.359453 15.313732 15.269544 15.226796 15.185405 15.145294 15.106395 15.068643 15.031979
16.234936 16.542756 16.915989 17.448275 18.377616 18.405667 17.671695 17.25083 16.928839 16.657669 16.389935 16.022059 15.427447 15.454439 16.143275 16.615802 17.015199 17.460455 17.949869 18.319989 18.081707 17.59114 17.241087 17.021364 16.902182 16.900786 17.076852 17.222305 17.111989 16.955761 16.824854 16.709795 16.603092 16.502446 16.407198 16.316997 16.231503 16.150361 16.073226 15.999773 15.929707 15.862762 15.798698 15.737302 15.678382 15.621767 15.567301 15.514843 15.464267 15.415456 15.368305 15.322715 15.278599 15.235875 15.194467 15.154307 15.115329 15.077475 15.040689 15.004921
16.206648 16.484855 16.816889 17.221216 17.641203 17.681951 17.294568 16.958402 16.683976 16.434996 16.174715 15.809242 15.135842 15.154464 15.970715 16.505008 16.963962 17.538169 18.190341 18.106885 17.664339 17.289662 16.988885 16.754063 16.545075 16.298162 16.183697 16.443663 16.606903 16.615382 16.565402 16.497073 16.422638 16.346441 16.270496 16.195881 16.123176 16.052676 15.984501 15.918675 15.85516 15.79389 15.734778 15.67773 15.622652 15.569448 15.518024 15.468293 15.420168 15.373571 15.328424 15.284657 15.242202 15.200996 15.160979 15.122098 15.084298 15.047533 15.011755 14.976922
16.174849 16.421678 16.723804 17.129159 17.487992 17.2374 16.953999 16.693881 16.452199 16.212215 15.960921 15.719523 15.554349 15.64891 16.026919 16.444503 16.902503 17.583208 18.695054 18.35313 17.485359 17.036568 16.734384 16.488191 16.248051 15.920306 15.712395 16.03723 16.259192 16.328925 16.328307 16.296282 16.249232 16.194542 16.135979 16.075675 16.014916 15.954497 15.894916 15.836478 15.779364 15.723679 15.669471 15.616754 15.565518 15.51574 15.467384 15.420411 15.374774 15.330429 15.287327 15.245422 15.204668 15.16502 15.126434 15.08887 15.052286 15.016644 14.981908 14.948042
16.136656 16.355976 16.622753 16.956603 17.256565 16.994204 16.697631 16.46127 16.233218 15.976397 15.645059 15.280675 15.27593 15.62329 15.995912 16.373315 16.790938 17.266125 17.693359 17.595299 17.143041 16.767564 16.471563 16.214951 15.996282 15.850388 15.814989 15.913451 16.028914 16.095687 16.117923 16.110652 16.08519 16.048606 16.005219 15.957727 15.907874 15.85681 15.80531 15.753899 15.702934 15.652659 15.603234 15.554767 15.507325 15.460945 15.415646 15.371429 15.32829 15.286211 15.245174 15.205154 15.166126 15.128063 15.090935 15.054715 15.019373 14.984882 14.951214 14.918343
16.09103 16.294263 16.56597 16.859327 16.856371 16.67473 16.460929 16.251881 16.03245 15.756751 15.294419 14.417992 14.425754 15.349052 15.884347 16.287338 16.735907 17.286115 17.476601 17.15348 16.806386 16.489266 16.193978 15.890651 15.580799 15.413431 15.513893 15.679607 15.807356 15.888004 15.928494 15.939837 15.931381 15.909728 15.879297 15.843039 15.802952 15.760413 15.716387 15.671556 15.62641 15.581301 15.536482 15.492136 15.448393 15.405346 15.363058 15.321571 15.280912 15.241094 15.202122 15.163994 15.126702 15.090237 15.054582 15.019724 14.985644 14.952323 14.919744 14.887886
16.034396 16.221005 16.519376 17.043769 16.877014 16.484623 16.258772 16.062424 15.851933 15.59453 15.216728 14.616464 14.634344 15.323592 15.80322 16.185799 16.657977 17.483998 17.795424 17.009453 16.544484 16.223934 15.91756 15.541882 14.977847 14.507113 14.918729 15.360155 15.582435 15.696771 15.756213 15.78279 15.787891 15.778416 15.758867 15.732294 15.700814 15.665927 15.628714 15.589962 15.550253 15.510018 15.469582 15.429187 15.389015 15.349203 15.309854 15.271044 15.232827 15.195244 15.158321 15.122076 15.086518 15.051652 15.017476 14.983988 14.951179 14.91904 14.887562 14.856732
15.965527 16.122074 16.317469 16.504448 16.468123 16.262097 16.072123 15.886317 15.674024 15.421125 15.169098 15.031423 15.126666 15.42573 15.748044 16.054942 16.386254 16.779729 16.921901 16.595031 16.255192 15.963445 15.664368 15.295141 14.734355 14.232365 14.687182 15.157558 15.400232 15.529597 15.601301 15.639006 15.654541 15.654808 15.644254 15.625908 15.60191 15.573804 15.542727 15.509527 15.474842 15.439159 15.402852 15.366208 15.329451 15.292752 15.256247 15.22004 15.18421 15.148819 15.113914 15.079529 15.04569 15.012414 14.979713 14.947593 14.916058 14.885107 14.854736 14.824942
15.887066 16.036414 16.268412 16.353975 16.200808 16.053929 15.899901 15.722985 15.487395 15.13347 14.690828 14.672693 15.059622 15.394976 15.673176 15.937925 16.197011 16.336682 16.32146 16.180231 15.958713 15.704187 15.415053 15.09641 14.809761 14.68128 14.833163 15.078322 15.265508 15.387422 15.46317 15.507782 15.53091 15.538772 15.53553 15.524083 15.506514 15.484353 15.458747 15.430567 15.400482 15.369011 15.33656 15.303449 15.26993 15.236204 15.20243 15.168735 15.13522 15.101965 15.069033 15.036474 15.004328 14.972623 14.941383 14.910624 14.880358 14.850592 14.821331 14.792575
15.789623 15.911051 16.174207 16.290507 16.045209 15.887777 15.750825 15.584526 15.335334 14.856761 13.892024 13.890494 14.835764 15.304005 15.5789 15.835107 16.199392 16.436464 16.136276 15.907978 15.69896 15.451757 15.131825 14.717808 14.382362 14.47599 14.747764 14.976939 15.145642 15.262023 15.339036 15.387811 15.4163 15.429959 15.432577 15.426851 15.414754 15.39776 15.376992 15.353316 15.327409 15.299805 15.270929 15.24112 15.210651 15.179743 15.148573 15.117288 15.086003 15.054815 15.023802 14.993025 14.962537 14.932376 14.902576 14.873162 14.844153 14.815564 14.787407 14.759688
15.672302 15.7017 15.758367 15.852921 15.819075 15.73197 15.623345 15.479059 15.268014 14.913126 14.350101 14.344131 14.902654 15.257544 15.474649 15.661176 15.895241 16.042274 15.870991 15.667542 15.466293 15.219537 14.863585 14.253921 13.526703 13.92411 14.529662 14.848397 15.03116 15.148399 15.226347 15.277665 15.309864 15.32788 15.335141 15.334118 15.326645 15.314111 15.297592 15.277931 15.255796 15.23172 15.206137 15.179395 15.15178 15.123526 15.094826 15.065836 15.036689 15.007491 14.978332 14.949285 14.920411 14.89176 14.863372 14.83528 14.807512 14.780088 14.753025 14.726337
15.559379 15.543088 15.507951 15.606267 15.636769 15.597753 15.516808 15.395672 15.230902 15.041798 14.891321 14.897685 15.064179 15.237923 15.372752 15.47262 15.533737 15.587417 15.551501 15.425815 15.247953 15.014257 14.698153 14.229678 13.730237 13.992004 14.468572 14.758664 14.933108 15.046684 15.123722 15.176132 15.210745 15.231973 15.242882 15.245704 15.242118 15.233416 15.220613 15.204512 15.185763 15.16489 15.142322 15.118414 15.093455 15.067689 15.041315 15.014503 14.987393 14.9601 14.932725 14.905349 14.87804 14.850857 14.823848 14.797051 14.770501 14.744223 14.718241 14.692572
