Cobbity2/QGIS/S24.asc
NCOLS 600
NROWS 419
XLLCORNER 150.66
YLLCORNER -34.028
CELLSIZE 1e-05
NODATA_VALUE -9999
[rows 0 to 25 of 419, columns 300 to 359 of 600]
2.7701296 2.7703794 2.7706265 2.7708708 2.7711123 2.771351 2.7715868 2.7718197 2.7720496 2.7722764 2.7725002 2.7727208 2.7729383 2.7731526 2.7733637 2.7735716 2.7737762 2.7739775 2.7741756 2.7743703 2.7745616 2.7747496 2.7749343 2.7751156 2.7752935 2.7754681 2.7756392 2.775807 2.7759715 2.7761326 2.7762903 2.7764447 2.7765957 2.7767434 2.7768878 2.7770289 2.7771668 2.7773013 2.7774327 2.7775608 2.7776857 2.7778075 2.7779262 2.7780417 2.7781541 2.7782635 2.7783699 2.7784732 2.7785736 2.7786711 2.7787656 2.7788573 2.7789462 2.7790323 2.7791156 2.7791962 2.7792741 2.7793494 2.779422 2.7794921
2.7702658 2.770519 2.7707695 2.7710171 2.7712619 2.7715037 2.7717426 2.7719784 2.7722111 2.7724408 2.7726672 2.7728905 2.7731105 2.7733273 2.7735407 2.7737508 2.7739576 2.774161 2.774361 2.7745576 2.7747508 2.7749406 2.7751269 2.7753097 2.7754891 2.7756651 2.7758376 2.7760066 2.7761722 2.7763344 2.7764931 2.7766484 2.7768002 2.7769487 2.7770938 2.7772355 2.7773739 2.777509 2.7776407 2.7777692 2.7778944 2.7780164 2.7781352 2.7782508 2.7783633 2.7784726 2.7785789 2.7786821 2.7787823 2.7788796 2.7789738 2.7790652 2.7791537 2.7792393 2.7793221 2.7794022 2.7794795 2.7795542 2.7796262 2.7796956
2.7704051 2.7706619 2.7709158 2.7711668 2.7714148 2.7716598 2.7719018 2.7721406 2.7723763 2.7726087 2.7728379 2.7730638 2.7732864 2.7735056 2.7737214 2.7739339 2.7741428 2.7743483 2.7745504 2.7747489 2.7749439 2.7751354 2.7753234 2.7755078 2.7756887 2.775866 2.7760398 2.7762101 2.7763768 2.77654 2.7766997 2.7768559 2.7770086 2.7771578 2.7773036 2.7774459 2.7775848 2.7777204 2.7778525 2.7779813 2.7781068 2.7782289 2.7783478 2.7784635 2.778576 2.7786853 2.7787914 2.7788945 2.7789945 2.7790914 2.7791853 2.7792763 2.7793644 2.7794495 2.7795318 2.7796113 2.7796881 2.7797621 2.7798334 2.779902
2.7705476 2.7708079 2.7710653 2.7713198 2.7715711 2.7718194 2.7720645 2.7723064 2.772545 2.7727803 2.7730123 2.7732409 2.7734661 2.7736878 2.773906 2.7741208 2.774332 2.7745396 2.7747436 2.7749441 2.775141 2.7753342 2.7755238 2.7757098 2.7758922 2.7760709 2.776246 2.7764175 2.7765854 2.7767496 2.7769103 2.7770674 2.7772209 2.7773709 2.7775173 2.7776602 2.7777996 2.7779355 2.7780681 2.7781971 2.7783228 2.7784452 2.7785642 2.7786799 2.7787923 2.7789015 2.7790075 2.7791103 2.77921 2.7793066 2.7794002 2.7794908 2.7795783 2.779663 2.7797447 2.7798236 2.7798997 2.779973 2.7800436 2.7801115
2.7706934 2.7709574 2.7712184 2.7714763 2.771731 2.7719826 2.7722309 2.7724759 2.7727175 2.7729558 2.7731906 2.7734219 2.7736497 2.773874 2.7740946 2.7743117 2.7745251 2.7747349 2.774941 2.7751434 2.7753421 2.7755371 2.7757284 2.775916 2.7760998 2.7762799 2.7764564 2.7766291 2.776798 2.7769633 2.777125 2.7772829 2.7774372 2.7775879 2.7777349 2.7778784 2.7780183 2.7781546 2.7782875 2.7784168 2.7785427 2.7786652 2.7787842 2.7788999 2.7790123 2.7791213 2.7792271 2.7793297 2.7794291 2.7795254 2.7796185 2.7797086 2.7797957 2.7798798 2.7799609 2.7800391 2.7801145 2.7801871 2.7802569 2.780324
2.7708425 2.7711103 2.7713749 2.7716363 2.7718946 2.7721495 2.7724011 2.7726492 2.7728939 2.7731352 2.7733728 2.7736069 2.7738374 2.7740642 2.7742873 2.7745067 2.7747224 2.7749343 2.7751425 2.7753469 2.7755474 2.7757442 2.7759372 2.7761263 2.7763116 2.7764932 2.7766709 2.7768448 2.7770149 2.7771812 2.7773438 2.7775026 2.7776577 2.777809 2.7779567 2.7781007 2.778241 2.7783777 2.7785109 2.7786404 2.7787665 2.778889 2.7790081 2.7791237 2.779236 2.7793449 2.7794505 2.7795527 2.7796518 2.7797477 2.7798403 2.7799299 2.7800164 2.7800999 2.7801804 2.7802579 2.7803326 2.7804043 2.7804733 2.7805395
2.7709952 2.7712667 2.7715351 2.7718002 2.7720619 2.7723202 2.7725751 2.7728265 2.7730743 2.7733185 2.7735591 2.773796 2.7740292 2.7742586 2.7744842 2.774706 2.7749239 2.775138 2.7753483 2.7755546 2.7757571 2.7759556 2.7761503 2.776341 2.7765278 2.7767107 2.7768897 2.7770648 2.777236 2.7774033 2.7775668 2.7777265 2.7778823 2.7780343 2.7781826 2.7783271 2.7784678 2.7786049 2.7787383 2.7788681 2.7789942 2.7791168 2.7792359 2.7793514 2.7794635 2.7795722 2.7796775 2.7797795 2.7798781 2.7799735 2.7800657 2.7801548 2.7802406 2.7803235 2.7804032 2.78048 2.7805539 2.7806248 2.7806929 2.7807582
2.7711514 2.7714269 2.771699 2.7719678 2.7722331 2.7724949 2.7727532 2.7730078 2.7732588 2.7735061 2.7737496 2.7739893 2.7742252 2.7744572 2.7746854 2.7749096 2.7751299 2.7753462 2.7755585 2.7757668 2.7759712 2.7761715 2.7763678 2.7765601 2.7767484 2.7769326 2.7771129 2.7772892 2.7774615 2.7776299 2.7777942 2.7779547 2.7781113 2.7782639 2.7784127 2.7785577 2.7786988 2.7788362 2.7789699 2.7790998 2.779226 2.7793486 2.7794676 2.7795831 2.779695 2.7798034 2.7799084 2.78001 2.7801082 2.7802031 2.7802947 2.7803832 2.7804684 2.7805505 2.7806295 2.7807055 2.7807786 2.7808486 2.7809158 2.7809801
2.7713114 2.7715908 2.7718668 2.7721394 2.7724083 2.7726737 2.7729354 2.7731934 2.7734476 2.7736979 2.7739444 2.774187 2.7744257 2.7746604 2.774891 2.7751177 2.7753403 2.7755588 2.7757732 2.7759836 2.7761898 2.7763919 2.7765899 2.7767837 2.7769735 2.7771591 2.7773407 2.7775181 2.7776915 2.7778608 2.7780261 2.7781874 2.7783446 2.7784979 2.7786472 2.7787926 2.7789342 2.7790718 2.7792057 2.7793357 2.779462 2.7795846 2.7797035 2.7798187 2.7799304 2.7800385 2.7801432 2.7802443 2.7803421 2.7804364 2.7805275 2.7806152 2.7806998 2.7807811 2.7808593 2.7809345 2.7810066 2.7810757 2.7811419 2.7812053
2.7714752 2.7717587 2.7720386 2.772315 2.7725877 2.7728567 2.7731218 2.7733832 2.7736407 2.7738942 2.7741437 2.7743892 2.7746307 2.774868 2.7751013 2.7753304 2.7755553 2.7757761 2.7759926 2.776205 2.7764131 2.776617 2.7768166 2.7770121 2.7772033 2.7773903 2.7775731 2.7777517 2.7779262 2.7780964 2.7782626 2.7784246 2.7785825 2.7787364 2.7788862 2.779032 2.7791739 2.7793118 2.7794458 2.7795759 2.7797022 2.7798247 2.7799435 2.7800585 2.7801699 2.7802777 2.7803819 2.7804826 2.7805798 2.7806736 2.7807639 2.780851 2.7809348 2.7810153 2.7810927 2.7811669 2.7812381 2.7813063 2.7813714 2.7814337
2.771643 2.7719306 2.7722146 2.7724948 2.7727713 2.773044 2.7733127 2.7735775 2.7738382 2.774095 2.7743476 2.774596 2.7748403 2.7750804 2.7753163 2.7755478 2.7757751 2.7759981 2.7762168 2.7764311 2.7766412 2.7768468 2.7770482 2.7772452 2.7774379 2.7776262 2.7778103 2.77799 2.7781655 2.7783367 2.7785037 2.7786665 2.778825 2.7789795 2.7791298 2.7792759 2.7794181 2.7795562 2.7796903 2.7798205 2.7799467 2.7800691 2.7801877 2.7803025 2.7804136 2.7805209 2.7806247 2.7807248 2.7808215 2.7809146 2.7810043 2.7810906 2.7811735 2.7812532 2.7813297 2.781403 2.7814731 2.7815402 2.7816043 2.7816654
2.771815 2.7721068 2.7723948 2.772679 2.7729594 2.7732357 2.7735081 2.7737764 2.7740405 2.7743004 2.7745562 2.7748076 2.7750548 2.7752976 2.7755361 2.7757702 2.7759998 2.7762251 2.7764459 2.7766623 2.7768742 2.7770817 2.7772847 2.7774832 2.7776774 2.7778671 2.7780523 2.7782332 2.7784097 2.7785818 2.7787496 2.7789131 2.7790723 2.7792272 2.779378 2.7795245 2.7796669 2.7798052 2.7799393 2.7800695 2.7801957 2.7803179 2.7804363 2.7805508 2.7806614 2.7807684 2.7808716 2.7809712 2.7810671 2.7811596 2.7812485 2.781334 2.7814161 2.7814948 2.7815703 2.7816426 2.7817117 2.7817777 2.7818406 2.7819005
2.7719911 2.7722872 2.7725794 2.7728677 2.773152 2.7734321 2.7737081 2.77398 2.7742475 2.7745107 2.7747696 2.7750241 2.7752742 2.7755198 2.7757609 2.7759975 2.7762296 2.7764571 2.7766801 2.7768985 2.7771123 2.7773216 2.7775262 2.7777264 2.7779219 2.7781129 2.7782994 2.7784814 2.7786589 2.7788319 2.7790005 2.7791646 2.7793244 2.7794799 2.779631 2.7797778 2.7799204 2.7800588 2.780193 2.7803231 2.7804492 2.7805712 2.7806893 2.7808034 2.7809136 2.7810201 2.7811227 2.7812216 2.7813169 2.7814086 2.7814967 2.7815813 2.7816625 2.7817403 2.7818147 2.7818859 2.7819539 2.7820187 2.7820804 2.7821391
2.7721717 2.7724721 2.7727686 2.773061 2.7733493 2.7736333 2.773913 2.7741884 2.7744595 2.774726 2.7749881 2.7752457 2.7754987 2.7757471 2.7759909 2.77623 2.7764645 2.7766943 2.7769195 2.7771399 2.7773556 2.7775667 2.777773 2.7779747 2.7781717 2.778364 2.7785517 2.7787347 2.7789132 2.7790871 2.7792564 2.7794212 2.7795815 2.7797374 2.7798889 2.780036 2.7801787 2.7803172 2.7804514 2.7805814 2.7807073 2.780829 2.7809468 2.7810605 2.7811702 2.7812761 2.7813781 2.7814764 2.7815709 2.7816617 2.7817489 2.7818326 2.7819128 2.7819895 2.7820629 2.782133 2.7821998 2.7822633 2.7823238 2.7823812
2.7723567 2.7726617 2.7729625 2.7732591 2.7735514 2.7738394 2.7741229 2.774402 2.7746765 2.7749465 2.7752118 2.7754725 2.7757285 2.7759797 2.7762262 2.7764679 2.7767048 2.7769369 2.7771642 2.7773867 2.7776043 2.7778171 2.7780251 2.7782283 2.7784267 2.7786203 2.7788092 2.7789933 2.7791727 2.7793474 2.7795174 2.7796829 2.7798437 2.78 2.7801518 2.7802991 2.7804419 2.7805804 2.7807146 2.7808445 2.7809701 2.7810915 2.7812089 2.7813221 2.7814313 2.7815366 2.7816379 2.7817354 2.7818291 2.781919 2.7820053 2.782088 2.7821671 2.7822428 2.782315 2.7823838 2.7824494 2.7825117 2.7825708 2.7826268
2.7725465 2.772856 2.7731612 2.7734621 2.7737586 2.7740505 2.7743379 2.7746207 2.7748988 2.7751722 2.7754408 2.7757046 2.7759636 2.7762177 2.7764669 2.7767112 2.7769506 2.777185 2.7774144 2.777639 2.7778585 2.7780731 2.7782827 2.7784874 2.7786872 2.7788821 2.7790721 2.7792572 2.7794376 2.7796131 2.7797838 2.7799498 2.7801111 2.7802678 2.7804198 2.7805673 2.7807102 2.7808487 2.7809827 2.7811124 2.7812377 2.7813588 2.7814757 2.7815884 2.781697 2.7818015 2.7819021 2.7819988 2.7820916 2.7821806 2.7822659 2.7823475 2.7824255 2.7825 2.782571 2.7826385 2.7827028 2.7827637 2.7828214 2.782876
2.7727411 2.7730553 2.773365 2.7736702 2.7739709 2.7742669 2.7745583 2.7748448 2.7751265 2.7754034 2.7756754 2.7759424 2.7762044 2.7764614 2.7767133 2.7769602 2.777202 2.7774387 2.7776704 2.7778969 2.7781184 2.7783347 2.778546 2.7787522 2.7789534 2.7791495 2.7793406 2.7795267 2.7797079 2.7798842 2.7800556 2.7802221 2.7803839 2.7805408 2.7806931 2.7808407 2.7809836 2.781122 2.7812559 2.7813853 2.7815103 2.7816309 2.7817473 2.7818594 2.7819673 2.7820711 2.7821709 2.7822667 2.7823586 2.7824466 2.7825308 2.7826112 2.7826881 2.7827613 2.782831 2.7828972 2.78296 2.7830195 2.7830758 2.7831288
2.7729407 2.7732596 2.773574 2.7738836 2.7741886 2.7744888 2.7747841 2.7750745 2.7753599 2.7756403 2.7759156 2.7761858 2.7764509 2.7767108 2.7769655 2.777215 2.7774593 2.7776983 2.7779321 2.7781607 2.778384 2.7786022 2.778815 2.7790227 2.7792252 2.7794226 2.7796148 2.7798019 2.779984 2.780161 2.7803329 2.7805 2.7806621 2.7808194 2.7809718 2.7811194 2.7812623 2.7814006 2.7815342 2.7816633 2.7817879 2.781908 2.7820238 2.7821352 2.7822424 2.7823454 2.7824443 2.7825392 2.78263 2.7827169 2.7828 2.7828792 2.7829548 2.7830267 2.783095 2.7831598 2.7832212 2.7832792 2.7833339 2.7833853
2.7731456 2.7734693 2.7737883 2.7741025 2.7744118 2.7747162 2.7750156 2.7753098 2.775599 2.7758829 2.7761617 2.7764351 2.7767033 2.7769662 2.7772237 2.7774758 2.7777225 2.7779639 2.7781999 2.7784305 2.7786557 2.7788756 2.7790901 2.7792992 2.7795031 2.7797016 2.7798949 2.7800829 2.7802658 2.7804434 2.780616 2.7807835 2.7809459 2.7811034 2.7812559 2.7814036 2.7815464 2.7816845 2.7818178 2.7819465 2.7820706 2.7821902 2.7823053 2.782416 2.7825224 2.7826246 2.7827225 2.7828163 2.782906 2.7829918 2.7830736 2.7831516 2.7832258 2.7832963 2.7833632 2.7834265 2.7834863 2.7835428 2.7835958 2.7836456
2.7733558 2.7736844 2.7740082 2.774327 2.7746408 2.7749494 2.7752529 2.7755511 2.7758441 2.7761316 2.7764138 2.7766906 2.7769619 2.7772277 2.777488 2.7777428 2.777992 2.7782357 2.7784739 2.7787065 2.7789336 2.7791552 2.7793712 2.7795818 2.779787 2.7799867 2.780181 2.7803699 2.7805535 2.7807318 2.7809049 2.7810728 2.7812355 2.7813932 2.7815458 2.7816934 2.781836 2.7819738 2.7821068 2.7822351 2.7823586 2.7824776 2.782592 2.7827019 2.7828074 2.7829085 2.7830054 2.7830981 2.7831867 2.7832712 2.7833517 2.7834284 2.7835012 2.7835702 2.7836356 2.7836973 2.7837555 2.7838103 2.7838617 2.7839097
2.7735716 2.7739052 2.7742339 2.7745574 2.7748757 2.7751887 2.7754963 2.7757985 2.7760953 2.7763865 2.7766722 2.7769523 2.7772267 2.7774955 2.7777586 2.7780161 2.7782678 2.7785139 2.7787542 2.7789888 2.7792178 2.7794411 2.7796587 2.7798707 2.7800771 2.7802779 2.7804732 2.780663 2.7808474 2.7810263 2.7811998 2.7813681 2.781531 2.7816888 2.7818413 2.7819888 2.7821313 2.7822687 2.7824013 2.782529 2.782652 2.7827702 2.7828838 2.7829929 2.7830974 2.7831975 2.7832933 2.7833848 2.7834721 2.7835553 2.7836345 2.7837097 2.783781 2.7838485 2.7839122 2.7839723 2.7840288 2.7840819 2.7841314 2.7841777
2.7737931 2.7741319 2.7744655 2.7747938 2.7751167 2.7754341 2.775746 2.7760523 2.7763529 2.7766479 2.7769371 2.7772205 2.7774981 2.7777699 2.7780359 2.778296 2.7785502 2.7787986 2.7790411 2.7792777 2.7795085 2.7797335 2.7799527 2.7801661 2.7803737 2.7805756 2.7807719 2.7809625 2.7811475 2.7813269 2.7815009 2.7816694 2.7818325 2.7819903 2.7821428 2.7822901 2.7824323 2.7825694 2.7827014 2.7828286 2.7829508 2.7830683 2.783181 2.7832891 2.7833926 2.7834916 2.7835862 2.7836764 2.7837624 2.7838442 2.7839219 2.7839956 2.7840653 2.7841311 2.7841932 2.7842516 2.7843063 2.7843575 2.7844052 2.7844496
2.7740206 2.7743647 2.7747033 2.7750364 2.775364 2.7756859 2.7760021 2.7763125 2.7766171 2.7769158 2.7772086 2.7774954 2.7777762 2.778051 2.7783199 2.7785826 2.7788394 2.77909 2.7793347 2.7795733 2.779806 2.7800326 2.7802533 2.780468 2.7806769 2.7808798 2.781077 2.7812684 2.781454 2.7816339 2.7818082 2.781977 2.7821402 2.782298 2.7824504 2.7825974 2.7827392 2.7828758 2.7830073 2.7831338 2.7832553 2.7833718 2.7834836 2.7835907 2.783693 2.7837908 2.7838842 2.783973 2.7840576 2.7841379 2.7842141 2.7842861 2.7843542 2.7844183 2.7844786 2.7845351 2.784588 2.7846373 2.7846831 2.7847254
2.7742543 2.7746037 2.7749475 2.7752856 2.7756179 2.7759444 2.7762649 2.7765795 2.7768881 2.7771906 2.777487 2.7777772 2.7780613 2.7783391 2.7786108 2.7788762 2.7791355 2.7793885 2.7796353 2.7798759 2.7801103 2.7803386 2.7805608 2.7807768 2.7809868 2.7811908 2.7813888 2.7815809 2.7817671 2.7819475 2.7821221 2.782291 2.7824542 2.7826119 2.7827641 2.7829108 2.7830522 2.7831882 2.7833191 2.7834448 2.7835654 2.7836811 2.7837918 2.7838977 2.7839989 2.7840954 2.7841873 2.7842748 2.7843578 2.7844366 2.7845111 2.7845814 2.7846477 2.78471 2.7847685 2.7848231 2.784874 2.7849213 2.784965 2.7850053
2.7744944 2.7748493 2.7751983 2.7755414 2.7758786 2.7762097 2.7765347 2.7768535 2.7771661 2.7774725 2.7777725 2.7780662 2.7783535 2.7786344 2.7789089 2.7791771 2.7794388 2.7796941 2.779943 2.7801856 2.7804218 2.7806517 2.7808753 2.7810926 2.7813037 2.7815087 2.7817075 2.7819002 2.7820869 2.7822677 2.7824425 2.7826115 2.7827748 2.7829323 2.7830842 2.7832305 2.7833713 2.7835068 2.7836369 2.7837617 2.7838814 2.783996 2.7841056 2.7842103 2.7843102 2.7844053 2.7844958 2.7845817 2.7846632 2.7847402 2.784813 2.7848815 2.784946 2.7850064 2.7850629 2.7851155 2.7851643 2.7852095 2.7852511 2.7852892
2.7747412 2.7751016 2.7754559 2.7758042 2.7761463 2.7764821 2.7768116 2.7771347 2.7774514 2.7777616 2.7780653 2.7783625 2.7786531 2.7789371 2.7792145 2.7794853 2.7797495 2.7800071 2.7802582 2.7805026 2.7807406 2.7809721 2.7811971 2.7814156 2.7816278 2.7818337 2.7820332 2.7822266 2.7824137 2.7825948 2.7827698 2.7829388 2.7831019 2.7832592 2.7834107 2.7835566 2.7836968 2.7838315 2.7839608 2.7840847 2.7842034 2.7843169 2.7844252 2.7845286 2.7846271 2.7847207 2.7848097 2.784894 2.7849737 2.785049 2.7851199 2.7851866 2.7852491 2.7853075 2.7853619 2.7854124 2.7854591 2.7855021 2.7855415 2.7855773
