Cobbity2/QGIS/S24.asc
NCOLS 600
NROWS 419
XLLCORNER 150.66
YLLCORNER -34.028
CELLSIZE 1e-05
NODATA_VALUE -9999
[rows 208 to 233 of 419, columns 120 to 179 of 600]
2.7209342 2.7206756 2.7204139 2.7201492 2.7198813 2.7196103 2.7193361 2.7190587 2.7187781 2.7184943 2.7182073 2.717917 2.7176234 2.7173265 2.7170264 2.716723 2.7164164 2.7161066 2.7157935 2.7154773 2.715158 2.7148357 2.7145103 2.7141821 2.7138511 2.7135174 2.7131811 2.7128425 2.7125017 2.7121589 2.7118143 2.7114682 2.7111209 2.7107728 2.7104242 2.7100755 2.7097273 2.7093802 2.7090346 2.7086913 2.7083512 2.708015 2.7076838 2.7073586 2.7070407 2.7067316 2.7064327 2.7061459 2.7058732 2.705617 2.7053797 2.7051644 2.7049746 2.7048142 2.7046876 2.7046003 2.7045583 2.7045689 2.7046405 2.7047834
2.720877 2.7206158 2.7203515 2.720084 2.7198133 2.7195393 2.719262 2.7189814 2.7186974 2.7184101 2.7181193 2.7178252 2.7175276 2.7172266 2.7169222 2.7166142 2.7163029 2.7159881 2.7156699 2.7153483 2.7150234 2.7146952 2.7143638 2.7140291 2.7136915 2.7133508 2.7130073 2.7126611 2.7123124 2.7119613 2.7116081 2.711253 2.7108964 2.7105385 2.7101797 2.7098205 2.7094612 2.7091025 2.7087449 2.7083892 2.708036 2.7076863 2.707341 2.7070012 2.7066681 2.7063432 2.706028 2.7057243 2.705434 2.7051596 2.7049036 2.704669 2.7044591 2.7042781 2.7041303 2.7040212 2.7039568 2.7039445 2.7039929 2.7041121
2.7208214 2.7205577 2.7202907 2.7200205 2.7197468 2.7194698 2.7191894 2.7189055 2.7186182 2.7183273 2.7180328 2.7177348 2.7174331 2.7171279 2.716819 2.7165065 2.7161903 2.7158704 2.715547 2.7152199 2.7148892 2.714555 2.7142172 2.713876 2.7135314 2.7131836 2.7128326 2.7124785 2.7121215 2.7117618 2.7113996 2.7110352 2.7106687 2.7103005 2.7099309 2.7095604 2.7091894 2.7088184 2.708448 2.7080788 2.7077116 2.7073472 2.7069866 2.7066309 2.7062812 2.7059388 2.7056055 2.7052828 2.7049729 2.7046778 2.7044003 2.7041432 2.70391 2.7037045 2.7035312 2.7033953 2.703303 2.7032614 2.703279 2.703366
2.7207676 2.7205014 2.7202318 2.7199587 2.7196822 2.7194022 2.7191186 2.7188314 2.7185406 2.7182461 2.7179478 2.7176459 2.7173401 2.7170306 2.7167172 2.7163999 2.7160788 2.7157538 2.715425 2.7150922 2.7147556 2.7144152 2.714071 2.713723 2.7133713 2.713016 2.7126572 2.712295 2.7119295 2.7115608 2.7111893 2.7108149 2.7104381 2.7100591 2.7096783 2.7092959 2.7089124 2.7085284 2.7081443 2.7077608 2.7073786 2.7069985 2.7066214 2.7062483 2.7058804 2.7055191 2.7051658 2.7048223 2.7044903 2.7041722 2.7038705 2.703588 2.7033279 2.7030942 2.702891 2.7027235 2.7025977 2.7025204 2.7025 2.7025462
2.7207158 2.720447 2.7201747 2.7198989 2.7196194 2.7193364 2.7190496 2.7187591 2.7184648 2.7181666 2.7178646 2.7175586 2.7172487 2.7169348 2.7166168 2.7162948 2.7159687 2.7156385 2.7153041 2.7149656 2.714623 2.7142762 2.7139254 2.7135704 2.7132115 2.7128485 2.7124817 2.712111 2.7117366 2.7113587 2.7109774 2.7105928 2.7102052 2.7098149 2.7094222 2.7090273 2.7086308 2.708233 2.7078344 2.7074357 2.7070375 2.7066406 2.7062458 2.7058541 2.7054667 2.7050848 2.7047098 2.7043434 2.7039874 2.7036438 2.7033152 2.7030043 2.7027141 2.7024483 2.7022111 2.7020073 2.7018425 2.7017234 2.7016577 2.7016548
2.720666 2.7203946 2.7201196 2.719841 2.7195587 2.7192726 2.7189826 2.7186887 2.7183909 2.7180891 2.7177833 2.7174733 2.7171592 2.7168408 2.7165183 2.7161914 2.7158602 2.7155246 2.7151847 2.7148403 2.7144915 2.7141383 2.7137807 2.7134186 2.7130522 2.7126814 2.7123062 2.7119269 2.7115434 2.7111559 2.7107644 2.7103693 2.7099705 2.7095684 2.7091633 2.7087554 2.7083451 2.7079329 2.7075191 2.7071043 2.7066892 2.7062744 2.7058608 2.7054493 2.7050409 2.7046368 2.7042384 2.7038473 2.703465 2.7030938 2.7027357 2.7023935 2.70207 2.7017687 2.7014934 2.7012486 2.7010397 2.7008728 2.700755 2.7006951
2.7206183 2.7203444 2.7200667 2.7197853 2.7195001 2.7192109 2.7189177 2.7186205 2.7183192 2.7180137 2.717704 2.71739 2.7170716 2.7167489 2.7164216 2.7160899 2.7157535 2.7154126 2.7150669 2.7147166 2.7143616 2.7140018 2.7136372 2.7132679 2.7128938 2.712515 2.7121314 2.7117431 2.7113502 2.7109528 2.710551 2.7101448 2.7097345 2.7093202 2.7089022 2.7084807 2.7080561 2.7076287 2.7071989 2.7067673 2.7063344 2.7059007 2.7054672 2.7050346 2.7046039 2.7041763 2.7037528 2.7033351 2.7029247 2.7025235 2.7021335 2.7017573 2.7013974 2.7010571 2.70074 2.7004501 2.7001923 2.699972 2.6997959 2.6996717
2.7205728 2.7202964 2.7200161 2.7197319 2.7194438 2.7191515 2.7188552 2.7185546 2.7182498 2.7179406 2.7176271 2.717309 2.7169864 2.7166591 2.7163272 2.7159905 2.7156489 2.7153025 2.7149512 2.7145948 2.7142335 2.713867 2.7134954 2.7131187 2.7127368 2.7123497 2.7119575 2.7115601 2.7111576 2.71075 2.7103375 2.70992 2.7094977 2.7090709 2.7086395 2.708204 2.7077645 2.7073213 2.7068749 2.7064256 2.705974 2.7055206 2.7050662 2.7046113 2.7041571 2.7037044 2.7032544 2.7028084 2.7023679 2.7019346 2.7015105 2.7010976 2.7006986 2.7003162 2.6999537 2.6996148 2.6993037 2.6990252 2.6987852 2.6985902
2.7205297 2.7202508 2.7199679 2.719681 2.7193899 2.7190946 2.7187951 2.7184912 2.7181829 2.71787 2.7175526 2.7172304 2.7169035 2.7165718 2.7162351 2.7158935 2.7155467 2.7151948 2.7148377 2.7144753 2.7141075 2.7137342 2.7133555 2.7129713 2.7125815 2.7121861 2.711785 2.7113783 2.710966 2.7105481 2.7101245 2.7096955 2.7092609 2.7088211 2.708376 2.7079259 2.707471 2.7070116 2.7065478 2.7060802 2.7056092 2.7051351 2.7046587 2.7041806 2.7037016 2.7032225 2.7027445 2.7022686 2.7017963 2.701329 2.7008685 2.7004167 2.6999759 2.6995486 2.6991376 2.6987461 2.6983779 2.6980371 2.6977283 2.6974572
2.7204891 2.7202077 2.7199222 2.7196325 2.7193386 2.7190403 2.7187376 2.7184304 2.7181186 2.7178021 2.7174807 2.7171546 2.7168234 2.7164872 2.7161458 2.7157991 2.7154471 2.7150897 2.7147268 2.7143582 2.713984 2.7136039 2.713218 2.7128262 2.7124284 2.7120245 2.7116145 2.7111983 2.710776 2.7103475 2.7099127 2.7094718 2.7090248 2.7085716 2.7081124 2.7076474 2.7071766 2.7067003 2.7062187 2.7057321 2.7052408 2.7047454 2.7042461 2.7037437 2.7032388 2.7027322 2.7022248 2.7017176 2.7012118 2.7007087 2.7002098 2.699717 2.6992321 2.6987573 2.698295 2.697848 2.6974194 2.6970126 2.6966313 2.6962799
2.7204512 2.7201673 2.7198792 2.7195868 2.71929 2.7189888 2.7186829 2.7183724 2.7180571 2.7177369 2.7174118 2.7170815 2.7167461 2.7164054 2.7160593 2.7157077 2.7153505 2.7149875 2.7146187 2.714244 2.7138633 2.7134764 2.7130832 2.7126838 2.7122778 2.7118654 2.7114463 2.7110206 2.7105881 2.7101489 2.7097027 2.7092498 2.7087899 2.7083231 2.7078496 2.7073692 2.7068822 2.7063886 2.7058886 2.7053824 2.7048703 2.7043526 2.7038297 2.7033022 2.7027704 2.7022351 2.7016971 2.7011572 2.7006164 2.7000759 2.6995369 2.6990011 2.69847 2.6979454 2.6974295 2.6969246 2.6964329 2.6959574 2.6955007 2.6950659
2.7204159 2.7201296 2.719839 2.7195439 2.7192443 2.7189401 2.7186312 2.7183174 2.7179987 2.7176749 2.7173459 2.7170116 2.716672 2.7163268 2.715976 2.7156194 2.715257 2.7148885 2.7145139 2.714133 2.7137458 2.713352 2.7129516 2.7125444 2.7121304 2.7117093 2.7112811 2.7108457 2.710403 2.7099529 2.7094952 2.70903 2.7085571 2.7080765 2.7075882 2.7070923 2.7065886 2.7060773 2.7055585 2.7050322 2.7044987 2.7039582 2.703411 2.7028574 2.7022979 2.701733 2.7011632 2.7005894 2.7000123 2.6994329 2.6988523 2.6982717 2.6976926 2.6971164 2.6965449 2.6959799 2.6954232 2.6948768 2.6943428 2.693823
2.7203835 2.7200948 2.7198017 2.719504 2.7192017 2.7188945 2.7185825 2.7182655 2.7179434 2.717616 2.7172833 2.7169451 2.7166012 2.7162516 2.7158961 2.7155346 2.715167 2.714793 2.7144126 2.7140256 2.7136318 2.7132312 2.7128235 2.7124086 2.7119864 2.7115567 2.7111194 2.7106742 2.7102212 2.7097601 2.7092908 2.7088132 2.7083271 2.7078326 2.7073294 2.7068176 2.706297 2.7057677 2.7052296 2.7046829 2.7041275 2.7035636 2.7029914 2.7024111 2.7018231 2.7012276 2.7006252 2.7000164 2.6994018 2.6987822 2.6981586 2.6975319 2.6969032 2.6962737 2.6956449 2.6950182 2.6943949 2.6937765 2.6931641 2.6925588
2.720354 2.720063 2.7197675 2.7194672 2.7191622 2.7188522 2.7185372 2.718217 2.7178915 2.7175606 2.7172242 2.716882 2.716534 2.7161801 2.71582 2.7154536 2.7150808 2.7147013 2.7143151 2.713922 2.7135218 2.7131143 2.7126994 2.7122768 2.7118465 2.7114081 2.7109616 2.7105067 2.7100433 2.7095712 2.7090902 2.7086001 2.7081008 2.7075922 2.7070739 2.706546 2.7060083 2.7054608 2.7049032 2.7043356 2.7037579 2.7031703 2.7025726 2.701965 2.7013478 2.700721 2.7000851 2.6994403 2.6987873 2.6981265 2.6974586 2.6967844 2.6961048 2.6954207 2.6947333 2.6940436 2.6933527 2.6926614 2.6919706 2.6912802
2.7203277 2.7200344 2.7197365 2.7194337 2.719126 2.7188132 2.7184952 2.718172 2.7178432 2.7175088 2.7171687 2.7168227 2.7164707 2.7161124 2.7157477 2.7153765 2.7149986 2.7146138 2.7142219 2.7138227 2.7134161 2.7130018 2.7125797 2.7121495 2.711711 2.7112641 2.7108084 2.7103438 2.70987 2.7093869 2.7088942 2.7083916 2.707879 2.7073562 2.7068228 2.7062788 2.7057238 2.7051578 2.7045805 2.7039918 2.7033916 2.7027797 2.7021561 2.7015209 2.7008739 2.7002152 2.6995451 2.6988637 2.6981713 2.6974683 2.6967551 2.6960324 2.6953007 2.6945609 2.6938138 2.6930602 2.6923008 2.6915365 2.6907674 2.6899934
2.7203045 2.720009 2.7197088 2.7194036 2.7190933 2.7187778 2.7184569 2.7181306 2.7177986 2.7174609 2.7171172 2.7167674 2.7164113 2.7160488 2.7156797 2.7153038 2.7149208 2.7145307 2.7141332 2.7137281 2.7133151 2.7128941 2.7124649 2.7120271 2.7115806 2.7111251 2.7106603 2.7101861 2.709702 2.7092079 2.7087035 2.7081885 2.7076626 2.7071255 2.706577 2.7060167 2.7054445 2.7048599 2.7042628 2.7036529 2.7030299 2.7023936 2.7017439 2.7010805 2.7004033 2.6997123 2.6990075 2.6982888 2.6975563 2.6968103 2.696051 2.6952788 2.6944942 2.6936977 2.6928899 2.6920715 2.6912433 2.6904058 2.6895591 2.6887031
2.7202847 2.7199871 2.7196846 2.719377 2.7190642 2.718746 2.7184224 2.7180931 2.717758 2.717417 2.7170698 2.7167163 2.7163563 2.7159897 2.7156162 2.7152356 2.7148478 2.7144524 2.7140494 2.7136384 2.7132192 2.7127916 2.7123553 2.7119101 2.7114556 2.7109917 2.7105179 2.7100341 2.7095399 2.7090349 2.7085189 2.7079915 2.7074524 2.7069012 2.7063375 2.7057611 2.7051715 2.7045684 2.7039514 2.7033202 2.7026744 2.7020136 2.7013375 2.7006458 2.6999383 2.6992146 2.6984746 2.6977181 2.6969451 2.6961555 2.6953494 2.694527 2.6936885 2.6928344 2.6919651 2.6910813 2.6901836 2.6892727 2.688349 2.6874127
2.7202683 2.7199686 2.7196639 2.7193541 2.7190388 2.7187181 2.7183918 2.7180596 2.7177215 2.7173773 2.7170267 2.7166696 2.7163058 2.7159352 2.7155574 2.7151723 2.7147796 2.7143792 2.7139708 2.713554 2.7131288 2.7126947 2.7122515 2.711799 2.7113367 2.7108645 2.7103819 2.7098886 2.7093843 2.7088686 2.7083411 2.7078015 2.7072492 2.706684 2.7061054 2.7055129 2.7049062 2.7042846 2.7036478 2.7029953 2.7023267 2.7016413 2.7009389 2.7002188 2.6994808 2.6987243 2.6979489 2.6971544 2.6963404 2.6955067 2.6946532 2.6937799 2.6928869 2.6919744 2.6910428 2.6900927 2.6891249 2.6881402 2.6871396 2.6861239
2.7202554 2.7199538 2.7196471 2.719335 2.7190174 2.7186942 2.7183653 2.7180304 2.7176893 2.717342 2.7169881 2.7166276 2.7162601 2.7158855 2.7155036 2.7151141 2.7147168 2.7143114 2.7138977 2.7134754 2.7130442 2.7126038 2.7121539 2.7116942 2.7112243 2.7107439 2.7102526 2.7097501 2.7092359 2.7087097 2.7081709 2.7076192 2.7070541 2.7064751 2.7058817 2.7052734 2.7046496 2.7040097 2.7033533 2.7026797 2.7019884 2.7012787 2.7005499 2.6998016 2.699033 2.6982436 2.6974329 2.6966001 2.6957449 2.6948669 2.6939656 2.6930409 2.6920927 2.6911211 2.6901263 2.689109 2.6880701 2.6870107 2.6859324 2.6848372
2.7202463 2.7199428 2.719634 2.7193198 2.719 2.7186745 2.7183431 2.7180055 2.7176616 2.7173113 2.7169543 2.7165904 2.7162194 2.715841 2.7154551 2.7150614 2.7146595 2.7142494 2.7138306 2.7134028 2.7129658 2.7125193 2.7120629 2.7115962 2.7111189 2.7106306 2.7101308 2.7096193 2.7090955 2.7085589 2.7080092 2.7074457 2.7068679 2.7062753 2.7056674 2.7050435 2.7044029 2.7037451 2.7030694 2.702375 2.7016612 2.7009273 2.7001726 2.6993961 2.6985973 2.6977752 2.696929 2.6960581 2.6951618 2.6942392 2.69329 2.6923135 2.6913095 2.690278 2.6892192 2.6881335 2.687022 2.6858863 2.6847286 2.6835521
2.7202409 2.7199356 2.719625 2.7193088 2.7189869 2.7186591 2.7183252 2.7179852 2.7176386 2.7172854 2.7169254 2.7165583 2.7161839 2.7158019 2.7154121 2.7150143 2.7146081 2.7141934 2.7137696 2.7133367 2.7128941 2.7124416 2.7119789 2.7115055 2.711021 2.710525 2.7100171 2.7094968 2.7089636 2.708417 2.7078565 2.7072815 2.7066915 2.7060857 2.7054636 2.7048244 2.7041675 2.7034921 2.7027974 2.7020825 2.7013467 2.7005891 2.6998087 2.6990046 2.6981757 2.6973213 2.6964401 2.6955313 2.6945938 2.6936269 2.6926295 2.6916011 2.690541 2.6894489 2.6883249 2.6871695 2.6859836 2.6847692 2.6835292 2.6822677
2.7202394 2.7199324 2.71962 2.7193019 2.718978 2.7186481 2.718312 2.7179695 2.7176204 2.7172645 2.7169016 2.7165315 2.7161538 2.7157684 2.7153749 2.7149732 2.7145629 2.7141437 2.7137152 2.7132773 2.7128294 2.7123712 2.7119024 2.7114225 2.7109311 2.7104277 2.7099119 2.7093831 2.7088409 2.7082847 2.7077138 2.7071277 2.7065257 2.7059072 2.7052713 2.7046173 2.7039445 2.7032519 2.7025387 2.701804 2.7010467 2.7002658 2.6994603 2.698629 2.6977708 2.6968844 2.6959687 2.6950224 2.6940443 2.6930332 2.6919879 2.6909075 2.689791 2.6886378 2.6874477 2.6862209 2.6849585 2.6836623 2.6823356 2.6809836
2.7202419 2.7199334 2.7196193 2.7192994 2.7189736 2.7186417 2.7183035 2.7179587 2.7176072 2.7172488 2.7168832 2.7165101 2.7161294 2.7157407 2.7153438 2.7149383 2.7145241 2.7141006 2.7136677 2.713225 2.712772 2.7123084 2.7118338 2.7113477 2.7108497 2.7103392 2.7098159 2.709279 2.7087281 2.7081626 2.7075818 2.706985 2.7063715 2.7057406 2.7050915 2.7044233 2.7037351 2.703026 2.7022949 2.7015409 2.7007627 2.6999593 2.6991294 2.6982716 2.6973847 2.6964672 2.6955177 2.6945346 2.6935164 2.6924617 2.6913689 2.6902366 2.6890637 2.687849 2.6865919 2.6852923 2.6839508 2.6825692 2.6811507 2.6797007
2.7202485 2.7199385 2.7196229 2.7193014 2.7189738 2.71864 2.7182998 2.7179529 2.7175992 2.7172384 2.7168702 2.7164944 2.7161108 2.715719 2.7153188 2.7149099 2.7144919 2.7140645 2.7136274 2.7131801 2.7127223 2.7122536 2.7117735 2.7112815 2.7107772 2.71026 2.7097295 2.7091849 2.7086258 2.7080514 2.7074611 2.7068541 2.7062297 2.705587 2.7049252 2.7042434 2.7035405 2.7028155 2.7020673 2.7012947 2.7004965 2.6996714 2.6988179 2.6979346 2.6970199 2.6960722 2.6950897 2.6940708 2.6930134 2.6919159 2.6907763 2.6895928 2.6883637 2.6870874 2.6857627 2.6843889 2.682966 2.6814951 2.679979 2.6784226
2.7202593 2.719948 2.7196309 2.7193079 2.7189787 2.7186432 2.7183012 2.7179523 2.7175965 2.7172334 2.7168629 2.7164846 2.7160983 2.7157037 2.7153004 2.7148882 2.7144667 2.7140356 2.7135945 2.713143 2.7126807 2.7122071 2.7117218 2.7112244 2.7107141 2.7101906 2.7096533 2.7091015 2.7085346 2.7079518 2.7073525 2.7067359 2.7061011 2.7054473 2.7047735 2.7040787 2.7033618 2.7026217 2.7018572 2.701067 2.7002496 2.6994038 2.6985278 2.69762 2.6966786 2.6957019 2.6946877 2.6936341 2.6925388 2.6913997 2.6902144 2.6889806 2.687696 2.6863584 2.684966 2.683517 2.6820107 2.680447 2.6788275 2.6771559
2.7202744 2.7199618 2.7196435 2.7193191 2.7189884 2.7186514 2.7183076 2.717957 2.7175993 2.7172342 2.7168614 2.7164808 2.716092 2.7156947 2.7152887 2.7148734 2.7144487 2.7140142 2.7135694 2.713114 2.7126474 2.7121694 2.7116793 2.7111766 2.7106609 2.7101315 2.7095878 2.7090292 2.708455 2.7078645 2.7072568 2.7066311 2.7059866 2.7053223 2.7046372 2.7039302 2.7032001 2.7024458 2.7016659 2.7008591 2.7000237 2.6991582 2.6982609 2.6973299 2.6963632 2.6953588 2.6943144 2.6932276 2.6920959 2.6909167 2.6896872 2.6884045 2.6870657 2.6856679 2.6842081 2.6826839 2.6810929 2.6794337 2.677706 2.6759111
