Cobbity2/QGIS/S24.asc
NCOLS 600
NROWS 419
XLLCORNER 150.66
YLLCORNER -34.028
CELLSIZE 1e-05
NODATA_VALUE -9999
[rows 0 to 25 of 419, columns 480 to 539 of 600]
2.7784696 2.7784335 2.7783973 2.7783611 2.7783248 2.7782886 2.7782524 2.7782161 2.7781798 2.7781436 2.7781074 2.7780711 2.7780349 2.7779987 2.7779625 2.7779263 2.7778901 2.777854 2.7778179 2.7777818 2.7777458 2.7777098 2.7776738 2.7776379 2.777602 2.7775661 2.7775303 2.7774946 2.7774589 2.7774232 2.7773876 2.777352 2.7773165 2.7772811 2.7772457 2.7772104 2.7771751 2.7771399 2.7771048 2.7770697 2.7770347 2.7769998 2.7769649 2.7769301 2.7768954 2.7768607 2.7768262 2.7767917 2.7767572 2.7767229 2.7766886 2.7766544 2.7766203 2.7765862 2.7765522 2.7765184 2.7764845 2.7764508 2.7764172 2.7763836
2.7785474 2.7785106 2.7784737 2.7784368 2.7784 2.7783631 2.7783262 2.7782893 2.7782524 2.7782156 2.7781787 2.7781419 2.778105 2.7780682 2.7780314 2.7779947 2.777958 2.7779213 2.7778846 2.777848 2.7778114 2.7777748 2.7777383 2.7777018 2.7776654 2.777629 2.7775927 2.7775564 2.7775202 2.7774841 2.777448 2.7774119 2.7773759 2.77734 2.7773041 2.7772683 2.7772326 2.7771969 2.7771614 2.7771258 2.7770904 2.777055 2.7770197 2.7769845 2.7769493 2.7769142 2.7768792 2.7768443 2.7768094 2.7767747 2.77674 2.7767054 2.7766709 2.7766364 2.7766021 2.7765678 2.7765336 2.7764995 2.7764655 2.7764316
2.7786253 2.7785878 2.7785503 2.7785127 2.7784752 2.7784377 2.7784001 2.7783626 2.7783251 2.7782876 2.7782501 2.7782127 2.7781753 2.7781378 2.7781005 2.7780631 2.7780258 2.7779885 2.7779513 2.7779141 2.777877 2.7778399 2.7778028 2.7777658 2.7777288 2.7776919 2.7776551 2.7776183 2.7775816 2.7775449 2.7775083 2.7774718 2.7774353 2.7773989 2.7773625 2.7773263 2.7772901 2.7772539 2.7772179 2.7771819 2.777146 2.7771102 2.7770744 2.7770388 2.7770032 2.7769677 2.7769322 2.7768969 2.7768616 2.7768264 2.7767914 2.7767563 2.7767214 2.7766866 2.7766518 2.7766172 2.7765826 2.7765481 2.7765137 2.7764794
2.7787033 2.7786651 2.7786269 2.7785887 2.7785505 2.7785123 2.7784741 2.778436 2.7783978 2.7783597 2.7783216 2.7782835 2.7782455 2.7782075 2.7781695 2.7781316 2.7780937 2.7780558 2.778018 2.7779803 2.7779426 2.7779049 2.7778673 2.7778298 2.7777923 2.7777548 2.7777175 2.7776802 2.7776429 2.7776058 2.7775686 2.7775316 2.7774946 2.7774577 2.7774209 2.7773842 2.7773475 2.7773109 2.7772744 2.777238 2.7772016 2.7771653 2.7771291 2.777093 2.777057 2.7770211 2.7769852 2.7769494 2.7769138 2.7768782 2.7768427 2.7768073 2.7767719 2.7767367 2.7767016 2.7766665 2.7766316 2.7765967 2.7765619 2.7765273
2.7787814 2.7787425 2.7787036 2.7786648 2.7786259 2.778587 2.7785482 2.7785094 2.7784706 2.7784319 2.7783931 2.7783545 2.7783158 2.7782772 2.7782386 2.7782001 2.7781616 2.7781232 2.7780848 2.7780465 2.7780082 2.77797 2.7779318 2.7778937 2.7778557 2.7778178 2.7777799 2.777742 2.7777043 2.7776666 2.777629 2.7775914 2.777554 2.7775166 2.7774793 2.7774421 2.7774049 2.7773679 2.7773309 2.777294 2.7772572 2.7772205 2.7771838 2.7771473 2.7771108 2.7770744 2.7770382 2.777002 2.7769659 2.7769299 2.776894 2.7768581 2.7768224 2.7767868 2.7767513 2.7767158 2.7766805 2.7766452 2.7766101 2.7765751
2.7788596 2.77882 2.7787804 2.7787409 2.7787013 2.7786618 2.7786223 2.7785829 2.7785435 2.7785041 2.7784647 2.7784254 2.7783861 2.7783469 2.7783077 2.7782686 2.7782295 2.7781905 2.7781516 2.7781127 2.7780738 2.7780351 2.7779964 2.7779577 2.7779192 2.7778807 2.7778422 2.7778039 2.7777656 2.7777274 2.7776893 2.7776513 2.7776133 2.7775754 2.7775376 2.7774999 2.7774623 2.7774248 2.7773873 2.77735 2.7773127 2.7772755 2.7772385 2.7772015 2.7771646 2.7771278 2.7770911 2.7770545 2.7770179 2.7769815 2.7769452 2.776909 2.7768728 2.7768368 2.7768009 2.7767651 2.7767293 2.7766937 2.7766582 2.7766228
2.7789378 2.7788976 2.7788573 2.7788171 2.7787768 2.7787367 2.7786965 2.7786564 2.7786163 2.7785763 2.7785363 2.7784964 2.7784565 2.7784167 2.7783769 2.7783372 2.7782975 2.7782579 2.7782184 2.7781789 2.7781395 2.7781002 2.7780609 2.7780217 2.7779826 2.7779436 2.7779046 2.7778657 2.7778269 2.7777882 2.7777496 2.7777111 2.7776726 2.7776342 2.777596 2.7775578 2.7775197 2.7774817 2.7774438 2.7774059 2.7773682 2.7773306 2.7772931 2.7772556 2.7772183 2.7771811 2.7771439 2.7771069 2.7770699 2.7770331 2.7769964 2.7769598 2.7769232 2.7768868 2.7768505 2.7768143 2.7767782 2.7767421 2.7767062 2.7766704
2.7790162 2.7789752 2.7789342 2.7788933 2.7788524 2.7788116 2.7787707 2.77873 2.7786893 2.7786486 2.778608 2.7785674 2.7785269 2.7784864 2.778446 2.7784057 2.7783655 2.7783253 2.7782852 2.7782451 2.7782051 2.7781652 2.7781254 2.7780857 2.778046 2.7780065 2.777967 2.7779276 2.7778882 2.777849 2.7778099 2.7777708 2.7777319 2.777693 2.7776542 2.7776156 2.777577 2.7775385 2.7775001 2.7774619 2.7774237 2.7773856 2.7773476 2.7773097 2.777272 2.7772343 2.7771967 2.7771593 2.7771219 2.7770847 2.7770475 2.7770105 2.7769735 2.7769367 2.7769 2.7768634 2.7768269 2.7767905 2.7767542 2.7767181
2.7790946 2.7790529 2.7790112 2.7789696 2.778928 2.7788865 2.778845 2.7788036 2.7787622 2.7787209 2.7786796 2.7786384 2.7785973 2.7785562 2.7785152 2.7784743 2.7784334 2.7783927 2.7783519 2.7783113 2.7782708 2.7782303 2.7781899 2.7781496 2.7781094 2.7780693 2.7780293 2.7779894 2.7779495 2.7779098 2.7778701 2.7778306 2.7777911 2.7777518 2.7777125 2.7776733 2.7776343 2.7775953 2.7775565 2.7775177 2.7774791 2.7774406 2.7774021 2.7773638 2.7773256 2.7772875 2.7772495 2.7772116 2.7771738 2.7771361 2.7770986 2.7770611 2.7770238 2.7769866 2.7769495 2.7769125 2.7768756 2.7768388 2.7768021 2.7767656
2.779173 2.7791306 2.7790883 2.7790459 2.7790037 2.7789615 2.7789193 2.7788772 2.7788352 2.7787932 2.7787513 2.7787095 2.7786677 2.778626 2.7785844 2.7785429 2.7785014 2.77846 2.7784187 2.7783775 2.7783364 2.7782954 2.7782544 2.7782136 2.7781728 2.7781322 2.7780916 2.7780511 2.7780108 2.7779705 2.7779303 2.7778903 2.7778503 2.7778105 2.7777707 2.7777311 2.7776915 2.7776521 2.7776128 2.7775736 2.7775345 2.7774955 2.7774566 2.7774178 2.7773791 2.7773406 2.7773022 2.7772639 2.7772257 2.7771876 2.7771496 2.7771117 2.777074 2.7770364 2.7769989 2.7769615 2.7769242 2.776887 2.77685 2.7768131
2.7792515 2.7792084 2.7791654 2.7791223 2.7790794 2.7790365 2.7789936 2.7789509 2.7789082 2.7788656 2.778823 2.7787805 2.7787381 2.7786958 2.7786536 2.7786114 2.7785694 2.7785274 2.7784855 2.7784437 2.778402 2.7783604 2.7783189 2.7782775 2.7782362 2.778195 2.7781539 2.7781129 2.778072 2.7780312 2.7779905 2.7779499 2.7779095 2.7778691 2.7778289 2.7777887 2.7777487 2.7777088 2.777669 2.7776293 2.7775898 2.7775503 2.777511 2.7774718 2.7774327 2.7773937 2.7773548 2.7773161 2.7772774 2.7772389 2.7772005 2.7771623 2.7771241 2.7770861 2.7770482 2.7770104 2.7769727 2.7769352 2.7768977 2.7768604
2.7793301 2.7792863 2.7792425 2.7791988 2.7791551 2.7791115 2.779068 2.7790246 2.7789812 2.7789379 2.7788947 2.7788516 2.7788085 2.7787656 2.7787227 2.77868 2.7786373 2.7785947 2.7785523 2.7785099 2.7784676 2.7784254 2.7783834 2.7783414 2.7782995 2.7782578 2.7782161 2.7781746 2.7781332 2.7780918 2.7780506 2.7780096 2.7779686 2.7779277 2.777887 2.7778464 2.7778058 2.7777655 2.7777252 2.777685 2.777645 2.7776051 2.7775653 2.7775256 2.7774861 2.7774467 2.7774074 2.7773682 2.7773291 2.7772902 2.7772514 2.7772127 2.7771742 2.7771357 2.7770974 2.7770592 2.7770212 2.7769832 2.7769454 2.7769078
2.7794087 2.7793641 2.7793196 2.7792752 2.7792308 2.7791866 2.7791424 2.7790982 2.7790542 2.7790103 2.7789664 2.7789226 2.778879 2.7788354 2.7787919 2.7787485 2.7787052 2.7786621 2.778619 2.778576 2.7785332 2.7784904 2.7784478 2.7784052 2.7783628 2.7783205 2.7782783 2.7782362 2.7781943 2.7781524 2.7781107 2.7780691 2.7780276 2.7779863 2.777945 2.7779039 2.7778629 2.777822 2.7777813 2.7777407 2.7777002 2.7776598 2.7776196 2.7775795 2.7775395 2.7774996 2.7774599 2.7774203 2.7773808 2.7773414 2.7773022 2.7772631 2.7772241 2.7771853 2.7771466 2.777108 2.7770696 2.7770312 2.7769931 2.776955
2.7794873 2.779442 2.7793968 2.7793517 2.7793066 2.7792616 2.7792167 2.7791719 2.7791272 2.7790826 2.7790381 2.7789937 2.7789494 2.7789051 2.778861 2.778817 2.7787731 2.7787294 2.7786857 2.7786421 2.7785987 2.7785554 2.7785121 2.778469 2.7784261 2.7783832 2.7783405 2.7782979 2.7782554 2.778213 2.7781707 2.7781286 2.7780866 2.7780448 2.778003 2.7779614 2.7779199 2.7778786 2.7778374 2.7777963 2.7777553 2.7777145 2.7776738 2.7776332 2.7775928 2.7775525 2.7775123 2.7774722 2.7774323 2.7773926 2.7773529 2.7773134 2.777274 2.7772348 2.7771957 2.7771567 2.7771179 2.7770792 2.7770406 2.7770021
2.779566 2.7795199 2.779474 2.7794281 2.7793824 2.7793367 2.7792911 2.7792456 2.7792002 2.7791549 2.7791098 2.7790647 2.7790197 2.7789749 2.7789302 2.7788855 2.778841 2.7787966 2.7787524 2.7787082 2.7786642 2.7786203 2.7785765 2.7785328 2.7784893 2.7784458 2.7784026 2.7783594 2.7783164 2.7782735 2.7782307 2.7781881 2.7781456 2.7781032 2.778061 2.7780188 2.7779769 2.777935 2.7778933 2.7778518 2.7778103 2.777769 2.7777279 2.7776869 2.777646 2.7776052 2.7775646 2.7775241 2.7774838 2.7774436 2.7774035 2.7773636 2.7773238 2.7772842 2.7772447 2.7772053 2.7771661 2.777127 2.777088 2.7770492
2.7796447 2.7795979 2.7795512 2.7795046 2.7794581 2.7794117 2.7793655 2.7793193 2.7792732 2.7792273 2.7791814 2.7791357 2.7790901 2.7790446 2.7789992 2.778954 2.7789089 2.7788639 2.778819 2.7787742 2.7787296 2.7786851 2.7786407 2.7785965 2.7785524 2.7785084 2.7784646 2.7784209 2.7783773 2.7783339 2.7782906 2.7782474 2.7782044 2.7781616 2.7781188 2.7780762 2.7780337 2.7779914 2.7779492 2.7779072 2.7778653 2.7778235 2.7777819 2.7777404 2.7776991 2.7776579 2.7776169 2.777576 2.7775352 2.7774946 2.7774541 2.7774138 2.7773736 2.7773335 2.7772936 2.7772538 2.7772142 2.7771747 2.7771354 2.7770962
2.7797233 2.7796758 2.7796284 2.7795811 2.7795339 2.7794868 2.7794398 2.7793929 2.7793462 2.7792996 2.7792531 2.7792067 2.7791604 2.7791143 2.7790683 2.7790224 2.7789767 2.778931 2.7788856 2.7788402 2.778795 2.7787499 2.778705 2.7786602 2.7786155 2.778571 2.7785266 2.7784823 2.7784382 2.7783943 2.7783504 2.7783068 2.7782632 2.7782198 2.7781766 2.7781335 2.7780905 2.7780477 2.7780051 2.7779625 2.7779202 2.777878 2.7778359 2.7777939 2.7777522 2.7777105 2.777669 2.7776277 2.7775865 2.7775454 2.7775045 2.7774638 2.7774232 2.7773827 2.7773424 2.7773022 2.7772622 2.7772224 2.7771826 2.777143
2.779802 2.7797537 2.7797056 2.7796575 2.7796096 2.7795618 2.7795141 2.7794666 2.7794191 2.7793718 2.7793247 2.7792776 2.7792307 2.7791839 2.7791373 2.7790908 2.7790444 2.7789982 2.7789521 2.7789061 2.7788603 2.7788146 2.7787691 2.7787237 2.7786785 2.7786334 2.7785885 2.7785437 2.778499 2.7784545 2.7784102 2.778366 2.7783219 2.778278 2.7782343 2.7781907 2.7781472 2.7781039 2.7780608 2.7780178 2.777975 2.7779323 2.7778897 2.7778474 2.7778051 2.777763 2.7777211 2.7776793 2.7776377 2.7775962 2.7775549 2.7775137 2.7774727 2.7774319 2.7773911 2.7773506 2.7773102 2.7772699 2.7772298 2.7771898
2.7798807 2.7798317 2.7797828 2.779734 2.7796853 2.7796368 2.7795884 2.7795402 2.7794921 2.7794441 2.7793962 2.7793485 2.7793009 2.7792535 2.7792062 2.7791591 2.7791121 2.7790652 2.7790185 2.778972 2.7789256 2.7788793 2.7788332 2.7787872 2.7787414 2.7786958 2.7786503 2.778605 2.7785598 2.7785147 2.7784699 2.7784251 2.7783806 2.7783362 2.7782919 2.7782478 2.7782039 2.7781601 2.7781164 2.778073 2.7780297 2.7779865 2.7779435 2.7779007 2.777858 2.7778155 2.7777731 2.7777309 2.7776888 2.7776469 2.7776052 2.7775636 2.7775222 2.7774809 2.7774398 2.7773988 2.777358 2.7773173 2.7772768 2.7772365
2.7799593 2.7799096 2.7798599 2.7798104 2.779761 2.7797118 2.7796627 2.7796137 2.7795649 2.7795163 2.7794677 2.7794193 2.7793711 2.779323 2.7792751 2.7792273 2.7791797 2.7791322 2.7790849 2.7790378 2.7789908 2.7789439 2.7788972 2.7788507 2.7788043 2.7787581 2.778712 2.7786662 2.7786204 2.7785748 2.7785294 2.7784842 2.7784391 2.7783942 2.7783494 2.7783048 2.7782604 2.7782161 2.778172 2.778128 2.7780843 2.7780406 2.7779972 2.7779539 2.7779107 2.7778678 2.777825 2.7777823 2.7777398 2.7776975 2.7776553 2.7776133 2.7775715 2.7775298 2.7774883 2.7774469 2.7774057 2.7773647 2.7773238 2.777283
2.780038 2.7799874 2.779937 2.7798868 2.7798367 2.7797867 2.7797369 2.7796872 2.7796377 2.7795884 2.7795392 2.7794901 2.7794412 2.7793925 2.7793439 2.7792955 2.7792473 2.7791992 2.7791512 2.7791035 2.7790559 2.7790084 2.7789611 2.778914 2.7788671 2.7788203 2.7787737 2.7787273 2.778681 2.7786349 2.7785889 2.7785432 2.7784975 2.7784521 2.7784068 2.7783617 2.7783168 2.778272 2.7782274 2.778183 2.7781388 2.7780947 2.7780507 2.778007 2.7779634 2.77792 2.7778767 2.7778336 2.7777907 2.777748 2.7777054 2.777663 2.7776207 2.7775786 2.7775367 2.7774949 2.7774533 2.7774119 2.7773706 2.7773295
2.7801166 2.7800653 2.7800141 2.7799631 2.7799123 2.7798616 2.7798111 2.7797607 2.7797105 2.7796605 2.7796106 2.7795608 2.7795113 2.7794619 2.7794127 2.7793636 2.7793147 2.779266 2.7792175 2.7791691 2.7791209 2.7790729 2.779025 2.7789773 2.7789298 2.7788824 2.7788353 2.7787883 2.7787414 2.7786948 2.7786483 2.778602 2.7785559 2.7785099 2.7784642 2.7784186 2.7783731 2.7783279 2.7782828 2.7782379 2.7781932 2.7781486 2.7781042 2.77806 2.7780159 2.7779721 2.7779284 2.7778849 2.7778415 2.7777983 2.7777553 2.7777125 2.7776698 2.7776273 2.777585 2.7775428 2.7775008 2.777459 2.7774173 2.7773758
2.7801951 2.780143 2.7800911 2.7800394 2.7799878 2.7799364 2.7798852 2.7798341 2.7797832 2.7797325 2.7796819 2.7796315 2.7795813 2.7795312 2.7794814 2.7794317 2.7793821 2.7793328 2.7792836 2.7792346 2.7791858 2.7791372 2.7790887 2.7790405 2.7789924 2.7789445 2.7788967 2.7788492 2.7788018 2.7787546 2.7787076 2.7786608 2.7786141 2.7785677 2.7785214 2.7784753 2.7784293 2.7783836 2.778338 2.7782926 2.7782474 2.7782024 2.7781575 2.7781129 2.7780684 2.7780241 2.7779799 2.777936 2.7778922 2.7778486 2.7778051 2.7777619 2.7777188 2.7776759 2.7776331 2.7775906 2.7775482 2.777506 2.7774639 2.7774221
2.7802736 2.7802208 2.7801681 2.7801156 2.7800633 2.7800112 2.7799592 2.7799074 2.7798558 2.7798044 2.7797531 2.7797021 2.7796512 2.7796005 2.7795499 2.7794996 2.7794494 2.7793995 2.7793497 2.7793001 2.7792507 2.7792014 2.7791524 2.7791035 2.7790549 2.7790064 2.7789581 2.77891 2.7788621 2.7788143 2.7787668 2.7787194 2.7786723 2.7786253 2.7785785 2.7785319 2.7784854 2.7784392 2.7783931 2.7783473 2.7783016 2.7782561 2.7782108 2.7781656 2.7781207 2.7780759 2.7780313 2.7779869 2.7779427 2.7778987 2.7778548 2.7778112 2.7777677 2.7777243 2.7776812 2.7776382 2.7775954 2.7775528 2.7775104 2.7774681
2.7803521 2.7802985 2.780245 2.7801918 2.7801387 2.7800859 2.7800332 2.7799807 2.7799284 2.7798762 2.7798243 2.7797725 2.779721 2.7796696 2.7796184 2.7795674 2.7795166 2.779466 2.7794156 2.7793654 2.7793154 2.7792656 2.7792159 2.7791665 2.7791173 2.7790682 2.7790193 2.7789707 2.7789222 2.7788739 2.7788259 2.778778 2.7787303 2.7786828 2.7786355 2.7785883 2.7785414 2.7784947 2.7784481 2.7784018 2.7783556 2.7783097 2.7782639 2.7782183 2.7781729 2.7781277 2.7780826 2.7780378 2.7779932 2.7779487 2.7779044 2.7778603 2.7778164 2.7777727 2.7777291 2.7776858 2.7776426 2.7775996 2.7775568 2.7775141
2.7804304 2.7803761 2.7803219 2.7802679 2.7802141 2.7801605 2.780107 2.7800538 2.7800008 2.779948 2.7798953 2.7798429 2.7797907 2.7797386 2.7796868 2.7796352 2.7795837 2.7795325 2.7794815 2.7794307 2.77938 2.7793296 2.7792794 2.7792293 2.7791795 2.7791299 2.7790805 2.7790313 2.7789822 2.7789334 2.7788848 2.7788364 2.7787882 2.7787401 2.7786923 2.7786447 2.7785973 2.77855 2.778503 2.7784562 2.7784095 2.7783631 2.7783169 2.7782708 2.778225 2.7781793 2.7781338 2.7780885 2.7780435 2.7779986 2.7779539 2.7779093 2.777865 2.7778209 2.7777769 2.7777332 2.7776896 2.7776462 2.777603 2.77756
