Cobbity2/QGIS/S24.asc
NCOLS 600
NROWS 419
XLLCORNER 150.66
YLLCORNER -34.028
CELLSIZE 1e-05
NODATA_VALUE -9999
[rows 260 to 285 of 419, columns 300 to 359 of 600]
2.8477833 2.8452016 2.8427975 2.8405543 2.838457 2.8364925 2.8346489 2.8329156 2.8312832 2.8297434 2.8282886 2.826912 2.8256076 2.8243699 2.8231939 2.8220752 2.8210096 2.8199936 2.8190237 2.8180969 2.8172104 2.8163615 2.815548 2.8147677 2.8140185 2.8132986 2.8126064 2.8119402 2.8112987 2.8106803 2.8100839 2.8095083 2.8089524 2.8084152 2.8078957 2.807393 2.8069063 2.8064349 2.8059779 2.8055348 2.8051048 2.8046873 2.8042818 2.8038877 2.8035045 2.8031318 2.8027691 2.8024159 2.8020718 2.8017365 2.8014096 2.8010907 2.8007795 2.8004758 2.8001791 2.7998893 2.799606 2.7993291 2.7990582 2.7987931
2.847552 2.8449963 2.8426118 2.8403835 2.8382974 2.8363412 2.8345037 2.8327748 2.8311456 2.8296079 2.8281545 2.8267788 2.8254749 2.8242373 2.8230612 2.8219423 2.8208764 2.81986 2.8188897 2.8179624 2.8170754 2.8162262 2.8154123 2.8146316 2.8138821 2.813162 2.8124695 2.8118032 2.8111614 2.810543 2.8099465 2.8093709 2.808815 2.8082779 2.8077585 2.8072559 2.8067694 2.8062982 2.8058415 2.8053986 2.8049688 2.8045517 2.8041465 2.8037528 2.80337 2.8029976 2.8026353 2.8022825 2.8019389 2.8016041 2.8012776 2.8009592 2.8006486 2.8003454 2.8000493 2.79976 2.7994773 2.7992009 2.7989306 2.7986661
2.8471998 2.8446829 2.8423295 2.8401261 2.83806 2.8361199 2.8342953 2.832577 2.8309563 2.8294256 2.8279779 2.8266068 2.8253066 2.8240722 2.8228988 2.821782 2.820718 2.8197031 2.8187341 2.8178081 2.8169221 2.8160738 2.8152607 2.8144807 2.813732 2.8130125 2.8123207 2.8116549 2.8110137 2.8103958 2.8097999 2.8092248 2.8086695 2.8081329 2.807614 2.807112 2.8066261 2.8061554 2.8056992 2.8052569 2.8048277 2.8044112 2.8040066 2.8036134 2.8032313 2.8028595 2.8024978 2.8021456 2.8018027 2.8014684 2.8011427 2.8008249 2.8005149 2.8002123 2.7999169 2.7996283 2.7993463 2.7990706 2.7988009 2.7985372
2.8467339 2.8442668 2.8419545 2.8397849 2.8377468 2.83583 2.8340249 2.8323228 2.8307157 2.8291965 2.8277585 2.8263957 2.8251027 2.8238744 2.8227062 2.821594 2.820534 2.8195226 2.8185568 2.8176335 2.81675 2.8159039 2.8150929 2.8143148 2.8135677 2.8128498 2.8121595 2.8114951 2.8108552 2.8102385 2.8096438 2.8090698 2.8085156 2.80798 2.8074621 2.8069611 2.8064761 2.8060064 2.8055511 2.8051097 2.8046814 2.8042657 2.8038619 2.8034696 2.8030883 2.8027174 2.8023565 2.8020051 2.801663 2.8013296 2.8010046 2.8006876 2.8003784 2.8000766 2.799782 2.7994942 2.7992129 2.798938 2.7986692 2.7984062
2.8461628 2.8437547 2.8414918 2.8393639 2.8373609 2.8354738 2.833694 2.8320134 2.8304247 2.8289213 2.8274969 2.826146 2.8248632 2.8236438 2.8224834 2.8213782 2.8203243 2.8193184 2.8183574 2.8174385 2.8165589 2.8157164 2.8149086 2.8141335 2.8133891 2.8126738 2.8119857 2.8113235 2.8106857 2.8100709 2.809478 2.8089057 2.8083531 2.807819 2.8073026 2.806803 2.8063194 2.8058509 2.8053969 2.8049567 2.8045296 2.804115 2.8037124 2.8033212 2.8029409 2.8025711 2.8022112 2.8018609 2.8015197 2.8011873 2.8008633 2.8005473 2.800239 2.7999382 2.7996444 2.7993575 2.7990772 2.7988032 2.7985352 2.7982731
2.8454958 2.8431538 2.8409474 2.8388676 2.836906 2.8350543 2.8333049 2.8316506 2.8300847 2.8286011 2.8271939 2.825858 2.8245885 2.8233807 2.8222307 2.8211346 2.8200889 2.8190904 2.8181359 2.8172229 2.8163488 2.8155111 2.8147078 2.8139367 2.8131961 2.8124842 2.8117994 2.8111401 2.810505 2.8098929 2.8093024 2.8087324 2.8081819 2.8076499 2.8071354 2.8066377 2.8061558 2.805689 2.8052366 2.8047979 2.8043723 2.8039592 2.803558 2.8031681 2.8027892 2.8024206 2.802062 2.8017128 2.8013728 2.8010416 2.8007187 2.8004038 2.8000966 2.7997968 2.7995042 2.7992183 2.798939 2.798666 2.798399 2.7981379
2.8447422 2.842472 2.8403276 2.8383014 2.8363862 2.8345748 2.8328604 2.8312366 2.8296974 2.8282372 2.8268506 2.8255328 2.8242793 2.8230858 2.8219485 2.8208637 2.8198281 2.8188387 2.8178925 2.8169869 2.8161195 2.815288 2.8144903 2.8137244 2.8129886 2.812281 2.8116002 2.8109447 2.8103132 2.8097043 2.8091168 2.8085497 2.8080019 2.8074724 2.8069604 2.8064649 2.8059852 2.8055205 2.8050701 2.8046333 2.8042095 2.8037981 2.8033985 2.8030103 2.8026329 2.8022658 2.8019086 2.8015609 2.8012223 2.8008924 2.8005708 2.8002572 2.7999512 2.7996527 2.7993612 2.7990765 2.7987983 2.7985264 2.7982605 2.7980005
2.8439117 2.8417172 2.839639 2.8376707 2.8358061 2.834039 2.8323636 2.830774 2.829265 2.8278314 2.8264684 2.8251715 2.8239366 2.8227598 2.8216373 2.8205659 2.8195423 2.8185637 2.8176273 2.8167307 2.8158714 2.8150473 2.8142563 2.8134967 2.8127665 2.8120643 2.8113884 2.8107374 2.81011 2.8095051 2.8089213 2.8083576 2.8078131 2.8072866 2.8067775 2.8062847 2.8058076 2.8053453 2.8048972 2.8044626 2.804041 2.8036316 2.803234 2.8028476 2.802472 2.8021067 2.8017512 2.8014051 2.801068 2.8007396 2.8004195 2.8001073 2.7998028 2.7995055 2.7992154 2.798932 2.798655 2.7983844 2.7981197 2.7978609
2.8430132 2.8408972 2.8388882 2.8369811 2.8351705 2.8334511 2.8318179 2.8302657 2.8287898 2.8273857 2.826049 2.8247756 2.8235616 2.8224036 2.821298 2.8202418 2.819232 2.8182659 2.8173408 2.8164544 2.8156045 2.814789 2.814006 2.8132535 2.8125301 2.811834 2.8111638 2.8105181 2.8098957 2.8092953 2.8087158 2.8081561 2.8076153 2.8070925 2.8065866 2.806097 2.8056229 2.8051634 2.804718 2.804286 2.8038668 2.8034597 2.8030643 2.8026801 2.8023065 2.8019431 2.8015895 2.8012452 2.8009099 2.8005832 2.8002647 2.7999542 2.7996512 2.7993555 2.7990667 2.7987848 2.7985092 2.7982399 2.7979766 2.797719
2.8420554 2.8400194 2.8380817 2.8362381 2.8344841 2.8328151 2.8312267 2.8297146 2.8282745 2.8269023 2.8255942 2.8243465 2.8231556 2.8220184 2.8209316 2.8198924 2.8188979 2.8179458 2.8170334 2.8161587 2.8153194 2.8145136 2.8137394 2.8129952 2.8122794 2.8115903 2.8109266 2.8102869 2.8096701 2.809075 2.8085004 2.8079453 2.8074088 2.8068899 2.8063879 2.8059019 2.8054311 2.8049748 2.8045325 2.8041033 2.8036868 2.8032824 2.8028895 2.8025077 2.8021364 2.8017752 2.8014237 2.8010814 2.8007481 2.8004232 2.8001066 2.7997977 2.7994964 2.7992024 2.7989153 2.7986348 2.7983608 2.798093 2.7978311 2.7975749
2.8410462 2.8390909 2.8372258 2.8354473 2.8337517 2.8321352 2.8305938 2.8291238 2.8277216 2.8263835 2.8251061 2.823886 2.8227201 2.8216054 2.8205391 2.8195184 2.8185409 2.8176041 2.8167058 2.8158438 2.8150163 2.8142213 2.8134571 2.8127221 2.8120146 2.8113334 2.8106769 2.810044 2.8094335 2.8088442 2.8082751 2.8077251 2.8071934 2.806679 2.8061813 2.8056992 2.8052322 2.8047795 2.8043406 2.8039146 2.8035012 2.8030997 2.8027095 2.8023303 2.8019616 2.8016028 2.8012536 2.8009136 2.8005824 2.8002596 2.7999449 2.799638 2.7993385 2.7990463 2.7987609 2.7984821 2.7982098 2.7979435 2.7976831 2.7974285
2.8399928 2.8381182 2.8363263 2.8346139 2.832978 2.8314154 2.8299226 2.8284966 2.827134 2.8258317 2.8245867 2.8233959 2.8222567 2.8211661 2.8201217 2.8191211 2.8181617 2.8172416 2.8163585 2.8155106 2.8146959 2.8139127 2.8131593 2.8124343 2.8117362 2.8110635 2.8104151 2.8097896 2.809186 2.8086031 2.80804 2.8074957 2.8069693 2.8064599 2.8059668 2.8054892 2.8050263 2.8045776 2.8041423 2.8037199 2.8033098 2.8029115 2.8025244 2.8021481 2.8017821 2.801426 2.8010793 2.8007417 2.8004128 2.8000923 2.7997797 2.7994749 2.7991775 2.7988871 2.7986036 2.7983267 2.7980561 2.7977915 2.7975328 2.7972797
2.8389017 2.8371074 2.8353886 2.8337428 2.8321674 2.8306597 2.8292168 2.827836 2.8265144 2.8252494 2.8240382 2.8228782 2.8217669 2.8207019 2.8196808 2.8187014 2.8177615 2.8168592 2.8159924 2.8151595 2.8143586 2.8135882 2.8128466 2.8121324 2.8114444 2.810781 2.8101413 2.8095239 2.8089278 2.8083519 2.8077954 2.8072572 2.8067366 2.8062326 2.8057446 2.8052718 2.8048135 2.804369 2.8039378 2.8035192 2.8031128 2.8027179 2.8023341 2.801961 2.8015979 2.8012447 2.8009008 2.8005658 2.8002394 2.7999213 2.7996111 2.7993085 2.7990132 2.798725 2.7984435 2.7981685 2.7978997 2.797637 2.7973801 2.7971287
2.837779 2.836064 2.834418 2.8328388 2.8313242 2.829872 2.8284797 2.8271451 2.8258656 2.824639 2.8234628 2.8223348 2.8212527 2.8202144 2.8192177 2.8182606 2.8173413 2.8164578 2.8156084 2.8147914 2.8140052 2.8132483 2.8125193 2.8118168 2.8111395 2.8104863 2.8098558 2.8092471 2.8086591 2.8080908 2.8075413 2.8070098 2.8064954 2.8059973 2.8055148 2.8050471 2.8045937 2.8041539 2.8037271 2.8033126 2.8029101 2.802519 2.8021388 2.801769 2.8014092 2.801059 2.800718 2.8003859 2.8000622 2.7997467 2.799439 2.7991388 2.7988458 2.7985598 2.7982804 2.7980075 2.7977407 2.7974799 2.7972249 2.7969753
2.8366299 2.834993 2.833419 2.8319061 2.8304524 2.8290559 2.8277148 2.8264269 2.8251903 2.8240029 2.8228627 2.8217676 2.8207157 2.819705 2.8187337 2.8178 2.8169021 2.8160384 2.8152072 2.814407 2.8136364 2.8128939 2.8121782 2.811488 2.8108222 2.8101795 2.809559 2.8089596 2.8083802 2.80782 2.8072781 2.8067537 2.8062459 2.8057541 2.8052775 2.8048154 2.8043672 2.8039323 2.8035102 2.8031002 2.8027019 2.8023148 2.8019383 2.8015722 2.8012158 2.800869 2.8005311 2.800202 2.7998812 2.7995685 2.7992634 2.7989657 2.7986752 2.7983915 2.7981145 2.7978437 2.7975791 2.7973203 2.7970672 2.7968196
2.8354592 2.8338991 2.8323962 2.8309489 2.8295557 2.828215 2.8269252 2.8256845 2.8244912 2.8233436 2.82224 2.8211786 2.8201576 2.8191754 2.8182303 2.8173208 2.8164452 2.815602 2.8147898 2.8140072 2.8132528 2.8125254 2.8118237 2.8111465 2.8104927 2.8098614 2.8092513 2.8086617 2.8080914 2.8075398 2.807006 2.8064891 2.8059884 2.8055032 2.8050328 2.8045766 2.804134 2.8037044 2.8032873 2.802882 2.8024882 2.8021053 2.8017329 2.8013706 2.801018 2.8006746 2.8003401 2.8000142 2.7996964 2.7993866 2.7990844 2.7987894 2.7985015 2.7982203 2.7979456 2.7976772 2.7974148 2.7971582 2.7969072 2.7966616
2.8342712 2.8327864 2.8313534 2.8299709 2.8286377 2.8273525 2.8261138 2.8249205 2.8237708 2.8226635 2.8215969 2.8205697 2.8195803 2.8186272 2.817709 2.8168243 2.8159717 2.8151497 2.8143572 2.8135928 2.8128553 2.8121436 2.8114564 2.8107928 2.8101517 2.8095322 2.8089331 2.8083537 2.8077932 2.8072505 2.8067251 2.8062162 2.8057229 2.8052448 2.804781 2.8043311 2.8038944 2.8034704 2.8030585 2.8026582 2.8022691 2.8018907 2.8015226 2.8011644 2.8008156 2.8004759 2.800145 2.7998224 2.7995079 2.7992012 2.7989019 2.7986098 2.7983246 2.7980461 2.7977739 2.7975079 2.7972479 2.7969936 2.7967447 2.7965013
2.83307 2.8316588 2.8302943 2.8289756 2.8277017 2.8264714 2.8252838 2.8241376 2.8230316 2.8219647 2.8209355 2.8199429 2.8189855 2.818062 2.8171712 2.8163119 2.8154827 2.8146826 2.8139103 2.8131647 2.8124447 2.8117492 2.8110772 2.8104277 2.8097997 2.8091924 2.8086048 2.8080362 2.8074857 2.8069525 2.8064359 2.8059353 2.8054499 2.8049791 2.8045223 2.8040789 2.8036484 2.8032302 2.8028239 2.8024289 2.8020448 2.8016711 2.8013075 2.8009536 2.8006089 2.8002731 2.7999459 2.7996268 2.7993157 2.7990123 2.7987161 2.798427 2.7981447 2.7978689 2.7975994 2.7973359 2.7970784 2.7968264 2.7965799 2.7963386
2.8318591 2.8305197 2.8292224 2.8279663 2.8267507 2.8255748 2.8244376 2.8233384 2.822276 2.8212494 2.8202578 2.8192999 2.8183748 2.8174813 2.8166183 2.8157847 2.8149796 2.8142017 2.8134501 2.8127238 2.8120217 2.811343 2.8106865 2.8100516 2.8094372 2.8088426 2.808267 2.8077095 2.8071694 2.806646 2.8061387 2.8056467 2.8051695 2.8047064 2.8042568 2.8038203 2.8033963 2.8029842 2.8025837 2.8021942 2.8018153 2.8014466 2.8010877 2.8007383 2.8003978 2.8000661 2.7997428 2.7994275 2.7991199 2.7988199 2.798527 2.798241 2.7979617 2.7976888 2.797422 2.7971613 2.7969063 2.7966568 2.7964127 2.7961737
2.8306417 2.8293724 2.8281407 2.826946 2.8257877 2.8246653 2.823578 2.8225252 2.8215061 2.8205199 2.8195657 2.8186427 2.81775 2.8168866 2.8160517 2.8152443 2.8144634 2.8137082 2.8129777 2.812271 2.8115873 2.8109256 2.8102852 2.8096652 2.8090649 2.8084834 2.80792 2.807374 2.8068447 2.8063315 2.8058337 2.8053508 2.804882 2.8044269 2.8039849 2.8035555 2.8031382 2.8027325 2.802338 2.8019542 2.8015808 2.8012173 2.8008633 2.8005185 2.8001826 2.7998551 2.7995358 2.7992244 2.7989206 2.7986241 2.7983346 2.7980519 2.7977757 2.7975058 2.7972419 2.796984 2.7967317 2.7964848 2.7962432 2.7960066
2.8294209 2.8282198 2.8270521 2.8259174 2.8248153 2.8237455 2.8227074 2.8217004 2.8207242 2.819778 2.8188611 2.8179729 2.8171126 2.8162795 2.8154728 2.8146917 2.8139354 2.813203 2.8124939 2.8118072 2.8111422 2.810498 2.8098739 2.8092692 2.8086832 2.8081151 2.8075644 2.8070302 2.8065121 2.8060094 2.8055214 2.8050477 2.8045877 2.8041409 2.8037067 2.8032846 2.8028743 2.8024753 2.802087 2.8017092 2.8013414 2.8009833 2.8006344 2.8002945 2.7999632 2.7996402 2.7993251 2.7990177 2.7987178 2.7984249 2.798139 2.7978597 2.7975867 2.79732 2.7970591 2.7968041 2.7965545 2.7963103 2.7960713 2.7958372
2.8281995 2.8270647 2.8259593 2.8248831 2.823836 2.8228177 2.8218279 2.8208662 2.8199322 2.8190256 2.8181458 2.8172922 2.8164642 2.8156614 2.8148829 2.8141282 2.8133966 2.8126874 2.8119999 2.8113334 2.8106873 2.8100608 2.8094534 2.8088643 2.8082928 2.8077385 2.8072006 2.8066786 2.8061719 2.8056799 2.8052021 2.8047379 2.8042869 2.8038486 2.8034225 2.8030081 2.802605 2.8022127 2.801831 2.8014593 2.8010974 2.8007448 2.8004012 2.8000664 2.7997398 2.7994214 2.7991107 2.7988075 2.7985116 2.7982226 2.7979403 2.7976645 2.7973949 2.7971314 2.7968737 2.7966216 2.7963749 2.7961335 2.7958972 2.7956657
2.8269801 2.8259096 2.8248647 2.8238456 2.8228521 2.8218842 2.8209417 2.8200244 2.8191322 2.8182646 2.8174214 2.8166022 2.8158064 2.8150336 2.8142834 2.8135551 2.8128483 2.8121623 2.8114965 2.8108504 2.8102234 2.8096149 2.8090243 2.808451 2.8078944 2.807354 2.8068293 2.8063197 2.8058246 2.8053436 2.8048761 2.8044218 2.80398 2.8035504 2.8031325 2.802726 2.8023303 2.8019451 2.80157 2.8012047 2.8008488 2.800502 2.8001638 2.7998342 2.7995126 2.7991989 2.7988927 2.7985939 2.798302 2.798017 2.7977385 2.7974663 2.7972003 2.7969401 2.7966856 2.7964366 2.7961929 2.7959544 2.7957208 2.795492
2.825765 2.8247567 2.8237707 2.822807 2.8218657 2.820947 2.8200508 2.8191771 2.8183258 2.8174967 2.8166897 2.8159044 2.8151405 2.8143976 2.8136755 2.8129736 2.8122915 2.8116287 2.8109847 2.8103591 2.8097513 2.8091609 2.8085873 2.80803 2.8074885 2.8069623 2.8064509 2.8059538 2.8054706 2.8050008 2.804544 2.8040996 2.8036673 2.8032466 2.8028372 2.8024386 2.8020506 2.8016726 2.8013044 2.8009456 2.8005959 2.8002549 2.7999224 2.7995981 2.7992816 2.7989728 2.7986713 2.7983769 2.7980893 2.7978084 2.7975338 2.7972653 2.7970029 2.7967462 2.796495 2.7962492 2.7960086 2.795773 2.7955423 2.7953162
2.8245564 2.8236084 2.8226793 2.8217693 2.8208789 2.820008 2.8191571 2.818326 2.8175148 2.8167235 2.8159521 2.8152003 2.8144679 2.8137547 2.8130604 2.8123847 2.8117272 2.8110876 2.8104655 2.8098604 2.8092719 2.8086997 2.8081432 2.807602 2.8070757 2.8065638 2.8060659 2.8055816 2.8051104 2.804652 2.8042059 2.8037717 2.803349 2.8029375 2.8025367 2.8021463 2.801766 2.8013954 2.8010342 2.8006821 2.8003387 2.8000038 2.7996771 2.7993583 2.7990471 2.7987432 2.7984465 2.7981567 2.7978735 2.7975967 2.7973262 2.7970616 2.7968028 2.7965497 2.7963019 2.7960594 2.795822 2.7955894 2.7953616 2.7951384
2.8233563 2.8224665 2.8215924 2.8207345 2.8198933 2.8190691 2.8182622 2.8174727 2.8167008 2.8159466 2.8152101 2.8144912 2.8137899 2.813106 2.8124393 2.8117896 2.8111566 2.8105401 2.8099397 2.8093551 2.8087859 2.8082319 2.8076926 2.8071676 2.8066566 2.8061591 2.8056749 2.8052035 2.8047445 2.8042976 2.8038624 2.8034385 2.8030256 2.8026233 2.8022313 2.8018493 2.8014769 2.8011139 2.8007598 2.8004145 2.8000776 2.7997489 2.7994281 2.7991149 2.798809 2.7985103 2.7982185 2.7979334 2.7976547 2.7973822 2.7971158 2.7968551 2.7966002 2.7963506 2.7961064 2.7958673 2.7956331 2.7954037 2.7951789 2.7949586
