Cobbity2/QGIS/S6S22.asc
NCOLS 800
NROWS 440
XLLCORNER 150.659
YLLCORNER -34.0281
CELLSIZE 1e-05
NODATA_VALUE -9999
[rows 312 to 337 of 440, columns 60 to 119 of 800]
6.7236785 6.7236533 6.7236278 6.7236022 6.7235763 6.7235503 6.7235241 6.7234976 6.723471 6.7234442 6.7234171 6.7233899 6.7233624 6.7233347 6.7233069 6.7232788 6.7232504 6.7232219 6.7231931 6.7231641 6.7231349 6.7231055 6.7230758 6.7230459 6.7230157 6.7229853 6.7229547 6.7229238 6.7228927 6.7228614 6.7228297 6.7227979 6.7227657 6.7227334 6.7227007 6.7226678 6.7226346 6.7226012 6.7225675 6.7225335 6.7224992 6.7224647 6.7224298 6.7223947 6.7223593 6.7223236 6.7222876 6.7222513 6.7222147 6.7221778 6.7221406 6.7221031 6.7220653 6.7220272 6.7219887 6.7219499 6.7219108 6.7218714 6.7218316 6.7217915
6.7236548 6.7236294 6.7236039 6.7235781 6.7235522 6.7235261 6.7234998 6.7234733 6.7234465 6.7234196 6.7233925 6.7233651 6.7233376 6.7233098 6.7232818 6.7232536 6.7232252 6.7231966 6.7231677 6.7231387 6.7231093 6.7230798 6.72305 6.72302 6.7229898 6.7229593 6.7229286 6.7228976 6.7228664 6.7228349 6.7228032 6.7227713 6.722739 6.7227066 6.7226738 6.7226408 6.7226075 6.722574 6.7225402 6.7225061 6.7224717 6.7224371 6.7224022 6.722367 6.7223315 6.7222957 6.7222596 6.7222232 6.7221865 6.7221495 6.7221122 6.7220746 6.7220367 6.7219985 6.7219599 6.721921 6.7218818 6.7218423 6.7218024 6.7217622
6.7236312 6.7236058 6.7235802 6.7235543 6.7235283 6.7235021 6.7234757 6.7234491 6.7234223 6.7233953 6.723368 6.7233406 6.723313 6.7232851 6.7232571 6.7232288 6.7232003 6.7231715 6.7231426 6.7231134 6.723084 6.7230544 6.7230245 6.7229944 6.7229641 6.7229335 6.7229027 6.7228716 6.7228403 6.7228088 6.722777 6.7227449 6.7227126 6.72268 6.7226472 6.7226141 6.7225807 6.7225471 6.7225132 6.722479 6.7224446 6.7224098 6.7223748 6.7223395 6.7223039 6.722268 6.7222319 6.7221954 6.7221586 6.7221215 6.7220841 6.7220464 6.7220084 6.7219701 6.7219314 6.7218925 6.7218532 6.7218136 6.7217736 6.7217333
6.7236078 6.7235823 6.7235566 6.7235307 6.7235046 6.7234783 6.7234518 6.7234251 6.7233982 6.7233711 6.7233438 6.7233163 6.7232886 6.7232606 6.7232325 6.7232041 6.7231755 6.7231467 6.7231177 6.7230884 6.7230589 6.7230292 6.7229992 6.7229691 6.7229386 6.722908 6.7228771 6.7228459 6.7228145 6.7227829 6.722751 6.7227188 6.7226864 6.7226538 6.7226209 6.7225877 6.7225542 6.7225205 6.7224865 6.7224522 6.7224177 6.7223829 6.7223478 6.7223124 6.7222767 6.7222407 6.7222044 6.7221679 6.722131 6.7220938 6.7220564 6.7220186 6.7219805 6.7219421 6.7219033 6.7218643 6.7218249 6.7217852 6.7217451 6.7217048
6.7235847 6.7235591 6.7235333 6.7235073 6.7234811 6.7234547 6.7234282 6.7234014 6.7233744 6.7233472 6.7233198 6.7232922 6.7232644 6.7232364 6.7232081 6.7231797 6.723151 6.7231221 6.723093 6.7230636 6.7230341 6.7230042 6.7229742 6.7229439 6.7229134 6.7228827 6.7228517 6.7228205 6.722789 6.7227572 6.7227253 6.722693 6.7226605 6.7226278 6.7225948 6.7225615 6.722528 6.7224942 6.7224601 6.7224257 6.7223911 6.7223562 6.722321 6.7222855 6.7222497 6.7222137 6.7221773 6.7221407 6.7221037 6.7220665 6.7220289 6.721991 6.7219529 6.7219144 6.7218755 6.7218364 6.7217969 6.7217571 6.721717 6.7216766
6.7235617 6.723536 6.7235102 6.7234841 6.7234578 6.7234314 6.7234047 6.7233778 6.7233508 6.7233235 6.723296 6.7232683 6.7232404 6.7232123 6.723184 6.7231555 6.7231267 6.7230977 6.7230685 6.7230391 6.7230094 6.7229795 6.7229494 6.7229191 6.7228885 6.7228576 6.7228266 6.7227952 6.7227637 6.7227319 6.7226998 6.7226675 6.7226349 6.7226021 6.722569 6.7225356 6.722502 6.7224681 6.7224339 6.7223995 6.7223648 6.7223298 6.7222945 6.722259 6.7222231 6.722187 6.7221505 6.7221138 6.7220768 6.7220394 6.7220018 6.7219638 6.7219256 6.721887 6.7218481 6.7218089 6.7217693 6.7217294 6.7216892 6.7216487
6.7235389 6.7235132 6.7234872 6.7234611 6.7234347 6.7234082 6.7233814 6.7233545 6.7233274 6.7233 6.7232724 6.7232447 6.7232167 6.7231885 6.7231601 6.7231315 6.7231026 6.7230736 6.7230443 6.7230148 6.722985 6.7229551 6.7229249 6.7228944 6.7228637 6.7228328 6.7228017 6.7227703 6.7227386 6.7227067 6.7226746 6.7226422 6.7226095 6.7225766 6.7225434 6.72251 6.7224763 6.7224423 6.7224081 6.7223736 6.7223388 6.7223037 6.7222683 6.7222327 6.7221968 6.7221605 6.722124 6.7220872 6.7220501 6.7220127 6.721975 6.7219369 6.7218986 6.7218599 6.721821 6.7217817 6.721742 6.7217021 6.7216618 6.7216212
6.7235163 6.7234905 6.7234645 6.7234382 6.7234118 6.7233852 6.7233584 6.7233314 6.7233041 6.7232767 6.7232491 6.7232212 6.7231932 6.7231649 6.7231364 6.7231077 6.7230788 6.7230496 6.7230203 6.7229907 6.7229609 6.7229308 6.7229005 6.72287 6.7228393 6.7228083 6.722777 6.7227456 6.7227138 6.7226819 6.7226496 6.7226172 6.7225844 6.7225514 6.7225182 6.7224847 6.7224509 6.7224168 6.7223825 6.7223479 6.722313 6.7222779 6.7222425 6.7222067 6.7221707 6.7221344 6.7220978 6.722061 6.7220238 6.7219863 6.7219485 6.7219104 6.721872 6.7218332 6.7217942 6.7217548 6.7217151 6.7216751 6.7216347 6.721594
6.723494 6.723468 6.7234419 6.7234156 6.7233891 6.7233624 6.7233355 6.7233084 6.7232811 6.7232536 6.7232259 6.723198 6.7231699 6.7231415 6.723113 6.7230842 6.7230552 6.723026 6.7229965 6.7229668 6.7229369 6.7229068 6.7228765 6.7228459 6.722815 6.722784 6.7227527 6.7227211 6.7226893 6.7226573 6.722625 6.7225924 6.7225596 6.7225265 6.7224932 6.7224596 6.7224257 6.7223916 6.7223572 6.7223225 6.7222876 6.7222524 6.7222169 6.7221811 6.722145 6.7221086 6.722072 6.722035 6.7219977 6.7219602 6.7219223 6.7218841 6.7218456 6.7218068 6.7217677 6.7217283 6.7216885 6.7216484 6.721608 6.7215672
6.7234718 6.7234458 6.7234196 6.7233932 6.7233666 6.7233399 6.7233129 6.7232857 6.7232583 6.7232308 6.723203 6.723175 6.7231468 6.7231184 6.7230897 6.7230609 6.7230318 6.7230025 6.722973 6.7229432 6.7229133 6.7228831 6.7228526 6.722822 6.7227911 6.7227599 6.7227285 6.7226969 6.722665 6.7226329 6.7226005 6.7225679 6.722535 6.7225019 6.7224685 6.7224348 6.7224009 6.7223667 6.7223322 6.7222975 6.7222624 6.7222271 6.7221916 6.7221557 6.7221195 6.7220831 6.7220464 6.7220093 6.721972 6.7219344 6.7218964 6.7218582 6.7218196 6.7217808 6.7217416 6.7217021 6.7216622 6.7216221 6.7215816 6.7215408
6.7234498 6.7234237 6.7233974 6.723371 6.7233443 6.7233175 6.7232905 6.7232632 6.7232358 6.7232081 6.7231803 6.7231522 6.7231239 6.7230954 6.7230667 6.7230378 6.7230086 6.7229793 6.7229497 6.7229199 6.7228898 6.7228595 6.722829 6.7227983 6.7227673 6.7227361 6.7227046 6.7226729 6.722641 6.7226088 6.7225764 6.7225437 6.7225107 6.7224775 6.722444 6.7224103 6.7223763 6.722342 6.7223075 6.7222727 6.7222376 6.7222022 6.7221666 6.7221306 6.7220944 6.7220579 6.7220211 6.721984 6.7219466 6.7219089 6.7218709 6.7218326 6.721794 6.721755 6.7217158 6.7216762 6.7216363 6.7215961 6.7215556 6.7215147
6.7234279 6.7234018 6.7233755 6.723349 6.7233223 6.7232953 6.7232682 6.7232409 6.7232134 6.7231857 6.7231577 6.7231296 6.7231012 6.7230727 6.7230439 6.7230149 6.7229857 6.7229563 6.7229266 6.7228967 6.7228666 6.7228362 6.7228057 6.7227749 6.7227438 6.7227125 6.722681 6.7226492 6.7226172 6.722585 6.7225524 6.7225197 6.7224867 6.7224534 6.7224198 6.722386 6.722352 6.7223176 6.722283 6.7222481 6.722213 6.7221776 6.7221418 6.7221058 6.7220696 6.722033 6.7219961 6.721959 6.7219215 6.7218837 6.7218457 6.7218073 6.7217686 6.7217296 6.7216903 6.7216507 6.7216107 6.7215705 6.7215298 6.7214889
6.7234063 6.7233801 6.7233537 6.7233271 6.7233004 6.7232734 6.7232462 6.7232188 6.7231912 6.7231634 6.7231354 6.7231072 6.7230788 6.7230502 6.7230213 6.7229923 6.722963 6.7229335 6.7229037 6.7228738 6.7228436 6.7228132 6.7227826 6.7227517 6.7227206 6.7226892 6.7226576 6.7226258 6.7225937 6.7225614 6.7225288 6.722496 6.7224629 6.7224295 6.7223959 6.7223621 6.7223279 6.7222935 6.7222589 6.7222239 6.7221887 6.7221532 6.7221174 6.7220814 6.722045 6.7220084 6.7219714 6.7219342 6.7218967 6.7218589 6.7218208 6.7217823 6.7217436 6.7217045 6.7216652 6.7216255 6.7215855 6.7215451 6.7215045 6.7214635
6.7233849 6.7233586 6.7233322 6.7233055 6.7232787 6.7232516 6.7232244 6.7231969 6.7231693 6.7231414 6.7231133 6.7230851 6.7230566 6.7230279 6.722999 6.7229698 6.7229405 6.7229109 6.7228811 6.7228511 6.7228209 6.7227904 6.7227597 6.7227287 6.7226976 6.7226661 6.7226345 6.7226026 6.7225704 6.722538 6.7225054 6.7224725 6.7224393 6.7224059 6.7223723 6.7223383 6.7223041 6.7222697 6.722235 6.7222 6.7221647 6.7221291 6.7220933 6.7220572 6.7220208 6.7219841 6.7219471 6.7219098 6.7218722 6.7218343 6.7217962 6.7217577 6.7217189 6.7216798 6.7216404 6.7216006 6.7215606 6.7215202 6.7214795 6.7214384
6.7233637 6.7233374 6.7233108 6.7232841 6.7232572 6.7232301 6.7232028 6.7231752 6.7231475 6.7231196 6.7230915 6.7230631 6.7230346 6.7230058 6.7229768 6.7229476 6.7229182 6.7228886 6.7228587 6.7228287 6.7227983 6.7227678 6.722737 6.722706 6.7226748 6.7226433 6.7226116 6.7225796 6.7225474 6.722515 6.7224823 6.7224493 6.7224161 6.7223826 6.7223489 6.7223149 6.7222807 6.7222461 6.7222113 6.7221763 6.7221409 6.7221053 6.7220694 6.7220333 6.7219968 6.7219601 6.721923 6.7218857 6.721848 6.7218101 6.7217719 6.7217334 6.7216945 6.7216553 6.7216159 6.7215761 6.721536 6.7214955 6.7214548 6.7214137
6.7233427 6.7233163 6.7232897 6.7232629 6.7232359 6.7232087 6.7231814 6.7231538 6.723126 6.723098 6.7230698 6.7230414 6.7230128 6.722984 6.7229549 6.7229257 6.7228962 6.7228665 6.7228366 6.7228064 6.7227761 6.7227455 6.7227146 6.7226836 6.7226523 6.7226207 6.7225889 6.7225569 6.7225247 6.7224921 6.7224594 6.7224264 6.7223931 6.7223596 6.7223258 6.7222917 6.7222574 6.7222229 6.722188 6.7221529 6.7221175 6.7220818 6.7220459 6.7220097 6.7219731 6.7219363 6.7218992 6.7218619 6.7218242 6.7217862 6.7217479 6.7217093 6.7216704 6.7216312 6.7215917 6.7215519 6.7215117 6.7214712 6.7214304 6.7213893
6.7233218 6.7232954 6.7232687 6.7232419 6.7232148 6.7231876 6.7231601 6.7231325 6.7231047 6.7230766 6.7230484 6.7230199 6.7229912 6.7229623 6.7229332 6.7229039 6.7228744 6.7228446 6.7228147 6.7227845 6.722754 6.7227234 6.7226925 6.7226613 6.72263 6.7225984 6.7225666 6.7225345 6.7225021 6.7224696 6.7224368 6.7224037 6.7223704 6.7223368 6.7223029 6.7222688 6.7222345 6.7221999 6.722165 6.7221298 6.7220943 6.7220586 6.7220226 6.7219863 6.7219498 6.7219129 6.7218758 6.7218384 6.7218006 6.7217626 6.7217243 6.7216856 6.7216467 6.7216074 6.7215679 6.721528 6.7214878 6.7214473 6.7214064 6.7213653
6.7233012 6.7232747 6.7232479 6.723221 6.7231939 6.7231666 6.7231391 6.7231114 6.7230835 6.7230554 6.7230271 6.7229986 6.7229699 6.7229409 6.7229118 6.7228824 6.7228528 6.722823 6.722793 6.7227627 6.7227322 6.7227015 6.7226705 6.7226394 6.722608 6.7225763 6.7225444 6.7225123 6.7224799 6.7224473 6.7224144 6.7223813 6.7223479 6.7223143 6.7222804 6.7222462 6.7222118 6.7221771 6.7221422 6.722107 6.7220715 6.7220357 6.7219996 6.7219633 6.7219267 6.7218898 6.7218526 6.7218151 6.7217774 6.7217393 6.7217009 6.7216622 6.7216233 6.721584 6.7215444 6.7215045 6.7214642 6.7214237 6.7213828 6.7213416
6.7232807 6.7232541 6.7232274 6.7232004 6.7231733 6.7231459 6.7231184 6.7230906 6.7230626 6.7230345 6.7230061 6.7229775 6.7229487 6.7229197 6.7228905 6.7228611 6.7228314 6.7228016 6.7227715 6.7227412 6.7227106 6.7226799 6.7226489 6.7226176 6.7225862 6.7225545 6.7225225 6.7224903 6.7224579 6.7224252 6.7223923 6.7223591 6.7223257 6.722292 6.7222581 6.7222239 6.7221894 6.7221547 6.7221197 6.7220844 6.7220489 6.7220131 6.721977 6.7219406 6.7219039 6.721867 6.7218298 6.7217922 6.7217544 6.7217163 6.7216779 6.7216392 6.7216002 6.7215608 6.7215212 6.7214812 6.721441 6.7214004 6.7213594 6.7213182
6.7232605 6.7232338 6.723207 6.72318 6.7231528 6.7231254 6.7230978 6.7230699 6.7230419 6.7230137 6.7229853 6.7229567 6.7229278 6.7228988 6.7228695 6.72284 6.7228103 6.7227804 6.7227502 6.7227199 6.7226893 6.7226585 6.7226274 6.7225961 6.7225646 6.7225328 6.7225009 6.7224686 6.7224361 6.7224034 6.7223704 6.7223372 6.7223037 6.72227 6.722236 6.7222018 6.7221673 6.7221325 6.7220974 6.7220621 6.7220266 6.7219907 6.7219546 6.7219181 6.7218814 6.7218445 6.7218072 6.7217696 6.7217318 6.7216936 6.7216552 6.7216164 6.7215774 6.721538 6.7214983 6.7214583 6.721418 6.7213774 6.7213365 6.7212952
6.7232404 6.7232137 6.7231868 6.7231598 6.7231325 6.723105 6.7230774 6.7230495 6.7230214 6.7229932 6.7229647 6.722936 6.7229071 6.722878 6.7228487 6.7228192 6.7227894 6.7227594 6.7227292 6.7226988 6.7226682 6.7226373 6.7226062 6.7225749 6.7225433 6.7225115 6.7224794 6.7224472 6.7224146 6.7223819 6.7223488 6.7223156 6.7222821 6.7222483 6.7222142 6.72218 6.7221454 6.7221106 6.7220755 6.7220401 6.7220045 6.7219686 6.7219324 6.721896 6.7218593 6.7218222 6.7217849 6.7217473 6.7217094 6.7216712 6.7216328 6.721594 6.7215549 6.7215155 6.7214758 6.7214358 6.7213954 6.7213548 6.7213138 6.7212725
6.7232205 6.7231938 6.7231669 6.7231397 6.7231124 6.7230849 6.7230572 6.7230293 6.7230012 6.7229728 6.7229443 6.7229156 6.7228866 6.7228575 6.7228281 6.7227985 6.7227687 6.7227387 6.7227085 6.722678 6.7226473 6.7226164 6.7225852 6.7225538 6.7225222 6.7224904 6.7224583 6.722426 6.7223934 6.7223606 6.7223275 6.7222942 6.7222606 6.7222268 6.7221927 6.7221584 6.7221238 6.7220889 6.7220538 6.7220184 6.7219828 6.7219468 6.7219106 6.7218741 6.7218374 6.7218003 6.721763 6.7217253 6.7216874 6.7216492 6.7216107 6.7215718 6.7215327 6.7214933 6.7214536 6.7214135 6.7213732 6.7213325 6.7212915 6.7212502
6.7232009 6.7231741 6.7231471 6.7231199 6.7230925 6.723065 6.7230372 6.7230092 6.7229811 6.7229527 6.7229241 6.7228954 6.7228664 6.7228372 6.7228077 6.7227781 6.7227483 6.7227182 6.7226879 6.7226574 6.7226266 6.7225957 6.7225645 6.7225331 6.7225014 6.7224695 6.7224374 6.722405 6.7223724 6.7223395 6.7223064 6.7222731 6.7222395 6.7222056 6.7221715 6.7221371 6.7221025 6.7220676 6.7220324 6.721997 6.7219613 6.7219253 6.7218891 6.7218525 6.7218157 6.7217787 6.7217413 6.7217036 6.7216657 6.7216274 6.7215889 6.72155 6.7215109 6.7214714 6.7214317 6.7213916 6.7213512 6.7213105 6.7212695 6.7212281
6.7231814 6.7231545 6.7231275 6.7231003 6.7230729 6.7230452 6.7230174 6.7229894 6.7229612 6.7229328 6.7229042 6.7228753 6.7228463 6.722817 6.7227876 6.7227579 6.722728 6.7226979 6.7226676 6.722637 6.7226062 6.7225752 6.722544 6.7225125 6.7224808 6.7224489 6.7224167 6.7223843 6.7223516 6.7223187 6.7222856 6.7222522 6.7222186 6.7221847 6.7221505 6.7221161 6.7220814 6.7220465 6.7220113 6.7219758 6.7219401 6.7219041 6.7218678 6.7218313 6.7217944 6.7217573 6.7217199 6.7216822 6.7216442 6.721606 6.7215674 6.7215285 6.7214893 6.7214499 6.7214101 6.72137 6.7213296 6.7212889 6.7212478 6.7212065
6.7231621 6.7231352 6.7231081 6.7230808 6.7230534 6.7230257 6.7229979 6.7229698 6.7229415 6.7229131 6.7228844 6.7228555 6.7228265 6.7227972 6.7227677 6.7227379 6.722708 6.7226778 6.7226475 6.7226169 6.722586 6.722555 6.7225237 6.7224922 6.7224605 6.7224285 6.7223963 6.7223638 6.7223311 6.7222982 6.722265 6.7222316 6.7221979 6.722164 6.7221298 6.7220953 6.7220606 6.7220257 6.7219904 6.7219549 6.7219192 6.7218831 6.7218468 6.7218103 6.7217734 6.7217362 6.7216988 6.7216611 6.7216231 6.7215848 6.7215462 6.7215073 6.7214681 6.7214286 6.7213888 6.7213487 6.7213083 6.7212676 6.7212265 6.7211851
6.723143 6.723116 6.7230889 6.7230616 6.7230341 6.7230064 6.7229785 6.7229504 6.7229221 6.7228936 6.7228649 6.722836 6.7228068 6.7227775 6.7227479 6.7227182 6.7226882 6.722658 6.7226276 6.7225969 6.7225661 6.722535 6.7225037 6.7224721 6.7224404 6.7224083 6.7223761 6.7223436 6.7223109 6.7222779 6.7222447 6.7222112 6.7221775 6.7221435 6.7221093 6.7220748 6.7220401 6.7220051 6.7219699 6.7219343 6.7218985 6.7218625 6.7218261 6.7217895 6.7217526 6.7217155 6.721678 6.7216403 6.7216023 6.7215639 6.7215253 6.7214864 6.7214472 6.7214077 6.7213679 6.7213278 6.7212873 6.7212466 6.7212055 6.7211641
