Cobbity2/QGIS/S6S22.asc
NCOLS 800
NROWS 440
XLLCORNER 150.659
YLLCORNER -34.0281
CELLSIZE 1e-05
NODATA_VALUE -9999
[rows 338 to 363 of 440, columns 540 to 599 of 800]
6.7222031 6.7222574 6.7223112 6.7223644 6.7224171 6.7224694 6.7225211 6.7225723 6.722623 6.7226733 6.722723 6.7227723 6.7228211 6.7228694 6.7229173 6.7229647 6.7230116 6.7230581 6.7231042 6.7231498 6.723195 6.7232397 6.723284 6.723328 6.7233714 6.7234145 6.7234572 6.7234995 6.7235413 6.7235828 6.7236239 6.7236646 6.7237049 6.7237448 6.7237844 6.7238236 6.7238624 6.7239009 6.723939 6.7239767 6.7240141 6.7240512 6.7240879 6.7241243 6.7241603 6.724196 6.7242314 6.7242665 6.7243012 6.7243356 6.7243697 6.7244035 6.724437 6.7244701 6.724503 6.7245356 6.7245679 6.7245998 6.7246315 6.7246629
6.7221707 6.722225 6.7222787 6.722332 6.7223847 6.722437 6.7224887 6.72254 6.7225907 6.722641 6.7226907 6.72274 6.7227889 6.7228372 6.7228851 6.7229326 6.7229795 6.7230261 6.7230722 6.7231178 6.7231631 6.7232079 6.7232523 6.7232962 6.7233398 6.7233829 6.7234256 6.7234679 6.7235099 6.7235514 6.7235925 6.7236333 6.7236737 6.7237137 6.7237533 6.7237926 6.7238315 6.72387 6.7239082 6.723946 6.7239835 6.7240206 6.7240574 6.7240939 6.72413 6.7241658 6.7242012 6.7242364 6.7242712 6.7243057 6.7243398 6.7243737 6.7244073 6.7244405 6.7244735 6.7245061 6.7245385 6.7245706 6.7246024 6.7246339
6.7221388 6.7221931 6.7222468 6.7223001 6.7223528 6.7224051 6.7224568 6.7225081 6.7225588 6.7226091 6.7226589 6.7227082 6.7227571 6.7228055 6.7228534 6.7229009 6.7229479 6.7229945 6.7230406 6.7230863 6.7231316 6.7231764 6.7232209 6.7232649 6.7233085 6.7233516 6.7233944 6.7234368 6.7234788 6.7235204 6.7235616 6.7236024 6.7236428 6.7236829 6.7237226 6.7237619 6.7238009 6.7238395 6.7238778 6.7239156 6.7239532 6.7239904 6.7240273 6.7240638 6.7241 6.7241358 6.7241714 6.7242066 6.7242415 6.724276 6.7243103 6.7243442 6.7243779 6.7244112 6.7244443 6.724477 6.7245094 6.7245416 6.7245735 6.724605
6.7221074 6.7221617 6.7222154 6.7222687 6.7223214 6.7223737 6.7224254 6.7224767 6.7225275 6.7225777 6.7226276 6.7226769 6.7227258 6.7227742 6.7228221 6.7228696 6.7229167 6.7229633 6.7230095 6.7230552 6.7231005 6.7231454 6.7231899 6.7232339 6.7232776 6.7233208 6.7233636 6.7234061 6.7234481 6.7234897 6.723531 6.7235719 6.7236124 6.7236525 6.7236923 6.7237316 6.7237707 6.7238093 6.7238477 6.7238856 6.7239232 6.7239605 6.7239974 6.724034 6.7240703 6.7241062 6.7241418 6.7241771 6.7242121 6.7242467 6.724281 6.7243151 6.7243488 6.7243822 6.7244153 6.7244481 6.7244806 6.7245129 6.7245448 6.7245765
6.7220765 6.7221308 6.7221845 6.7222378 6.7222905 6.7223428 6.7223945 6.7224458 6.7224965 6.7225468 6.7225967 6.722646 6.7226949 6.7227433 6.7227913 6.7228388 6.7228859 6.7229326 6.7229788 6.7230245 6.7230699 6.7231148 6.7231593 6.7232034 6.7232471 6.7232903 6.7233332 6.7233757 6.7234178 6.7234595 6.7235008 6.7235417 6.7235823 6.7236224 6.7236623 6.7237017 6.7237408 6.7237795 6.7238179 6.7238559 6.7238936 6.7239309 6.7239679 6.7240046 6.7240409 6.7240769 6.7241126 6.7241479 6.724183 6.7242177 6.7242521 6.7242862 6.72432 6.7243535 6.7243867 6.7244195 6.7244521 6.7244845 6.7245165 6.7245482
6.7220461 6.7221004 6.7221541 6.7222073 6.7222601 6.7223123 6.7223641 6.7224153 6.7224661 6.7225164 6.7225662 6.7226156 6.7226645 6.7227129 6.7227609 6.7228085 6.7228556 6.7229022 6.7229485 6.7229943 6.7230396 6.7230846 6.7231291 6.7231733 6.723217 6.7232603 6.7233032 6.7233457 6.7233878 6.7234296 6.7234709 6.7235119 6.7235525 6.7235928 6.7236326 6.7236721 6.7237113 6.72375 6.7237885 6.7238266 6.7238643 6.7239017 6.7239387 6.7239755 6.7240119 6.7240479 6.7240837 6.7241191 6.7241542 6.724189 6.7242234 6.7242576 6.7242915 6.724325 6.7243583 6.7243913 6.7244239 6.7244563 6.7244884 6.7245202
6.7220162 6.7220705 6.7221242 6.7221774 6.7222301 6.7222823 6.7223341 6.7223853 6.7224361 6.7224864 6.7225362 6.7225856 6.7226345 6.722683 6.722731 6.7227785 6.7228256 6.7228723 6.7229186 6.7229644 6.7230098 6.7230548 6.7230994 6.7231435 6.7231873 6.7232306 6.7232736 6.7233161 6.7233583 6.7234001 6.7234415 6.7234825 6.7235231 6.7235634 6.7236033 6.7236429 6.7236821 6.7237209 6.7237594 6.7237975 6.7238353 6.7238728 6.7239099 6.7239467 6.7239831 6.7240193 6.7240551 6.7240905 6.7241257 6.7241605 6.7241951 6.7242293 6.7242633 6.7242969 6.7243302 6.7243632 6.724396 6.7244284 6.7244606 6.7244925
6.7219869 6.7220411 6.7220948 6.7221479 6.7222006 6.7222528 6.7223046 6.7223558 6.7224066 6.7224569 6.7225067 6.7225561 6.722605 6.7226534 6.7227015 6.722749 6.7227962 6.7228429 6.7228891 6.722935 6.7229804 6.7230254 6.72307 6.7231142 6.7231579 6.7232013 6.7232443 6.7232869 6.7233291 6.7233709 6.7234124 6.7234534 6.7234941 6.7235344 6.7235744 6.723614 6.7236532 6.7236921 6.7237307 6.7237688 6.7238067 6.7238442 6.7238814 6.7239182 6.7239547 6.7239909 6.7240268 6.7240623 6.7240975 6.7241324 6.724167 6.7242013 6.7242353 6.724269 6.7243024 6.7243355 6.7243683 6.7244009 6.7244331 6.724465
6.721958 6.7220121 6.7220658 6.722119 6.7221716 6.7222238 6.7222755 6.7223268 6.7223775 6.7224278 6.7224776 6.722527 6.7225759 6.7226244 6.7226724 6.7227199 6.7227671 6.7228138 6.7228601 6.7229059 6.7229514 6.7229964 6.723041 6.7230852 6.723129 6.7231724 6.7232154 6.723258 6.7233003 6.7233421 6.7233836 6.7234247 6.7234654 6.7235058 6.7235458 6.7235854 6.7236247 6.7236637 6.7237022 6.7237405 6.7237784 6.7238159 6.7238532 6.72389 6.7239266 6.7239629 6.7239988 6.7240344 6.7240696 6.7241046 6.7241393 6.7241736 6.7242077 6.7242415 6.7242749 6.7243081 6.724341 6.7243735 6.7244058 6.7244379
6.7219296 6.7219837 6.7220373 6.7220905 6.7221431 6.7221953 6.722247 6.7222982 6.7223489 6.7223992 6.722449 6.7224983 6.7225472 6.7225957 6.7226437 6.7226913 6.7227384 6.7227851 6.7228314 6.7228773 6.7229227 6.7229678 6.7230124 6.7230566 6.7231005 6.7231439 6.7231869 6.7232296 6.7232718 6.7233137 6.7233552 6.7233964 6.7234371 6.7234775 6.7235176 6.7235573 6.7235966 6.7236355 6.7236742 6.7237125 6.7237504 6.723788 6.7238253 6.7238622 6.7238988 6.7239351 6.7239711 6.7240067 6.7240421 6.7240771 6.7241118 6.7241462 6.7241804 6.7242142 6.7242477 6.7242809 6.7243139 6.7243465 6.7243789 6.724411
6.7219017 6.7219558 6.7220094 6.7220625 6.7221151 6.7221672 6.7222188 6.72227 6.7223207 6.722371 6.7224208 6.7224701 6.722519 6.7225675 6.7226155 6.7226631 6.7227102 6.7227569 6.7228032 6.7228491 6.7228945 6.7229396 6.7229842 6.7230285 6.7230723 6.7231158 6.7231588 6.7232015 6.7232438 6.7232857 6.7233272 6.7233684 6.7234092 6.7234496 6.7234897 6.7235294 6.7235688 6.7236078 6.7236464 6.7236848 6.7237227 6.7237604 6.7237977 6.7238347 6.7238714 6.7239077 6.7239437 6.7239794 6.7240148 6.7240499 6.7240847 6.7241191 6.7241533 6.7241872 6.7242208 6.724254 6.724287 6.7243197 6.7243522 6.7243843
6.7218743 6.7219283 6.7219819 6.7220349 6.7220875 6.7221396 6.7221912 6.7222423 6.722293 6.7223433 6.722393 6.7224424 6.7224912 6.7225397 6.7225877 6.7226352 6.7226824 6.7227291 6.7227754 6.7228213 6.7228667 6.7229118 6.7229564 6.7230007 6.7230445 6.723088 6.7231311 6.7231738 6.7232161 6.723258 6.7232996 6.7233408 6.7233816 6.723422 6.7234621 6.7235019 6.7235413 6.7235803 6.723619 6.7236574 6.7236954 6.7237331 6.7237705 6.7238075 6.7238442 6.7238806 6.7239167 6.7239524 6.7239878 6.724023 6.7240578 6.7240923 6.7241265 6.7241605 6.7241941 6.7242274 6.7242605 6.7242933 6.7243257 6.7243579
6.7218474 6.7219014 6.7219548 6.7220078 6.7220604 6.7221124 6.722164 6.7222151 6.7222658 6.722316 6.7223657 6.722415 6.7224639 6.7225123 6.7225603 6.7226078 6.722655 6.7227017 6.722748 6.7227938 6.7228393 6.7228844 6.722929 6.7229733 6.7230171 6.7230606 6.7231037 6.7231464 6.7231887 6.7232307 6.7232723 6.7233135 6.7233543 6.7233948 6.723435 6.7234747 6.7235142 6.7235532 6.723592 6.7236304 6.7236684 6.7237062 6.7237436 6.7237806 6.7238174 6.7238538 6.7238899 6.7239257 6.7239612 6.7239964 6.7240312 6.7240658 6.7241001 6.724134 6.7241677 6.7242011 6.7242342 6.724267 6.7242996 6.7243318
6.7218209 6.7218749 6.7219283 6.7219812 6.7220337 6.7220857 6.7221373 6.7221883 6.722239 6.7222891 6.7223388 6.7223881 6.722437 6.7224854 6.7225333 6.7225809 6.722628 6.7226747 6.7227209 6.7227668 6.7228123 6.7228573 6.722902 6.7229463 6.7229901 6.7230336 6.7230767 6.7231194 6.7231618 6.7232037 6.7232453 6.7232866 6.7233274 6.7233679 6.7234081 6.7234479 6.7234874 6.7235265 6.7235652 6.7236037 6.7236418 6.7236795 6.7237169 6.7237541 6.7237908 6.7238273 6.7238635 6.7238993 6.7239348 6.72397 6.724005 6.7240396 6.7240739 6.7241079 6.7241416 6.7241751 6.7242082 6.7242411 6.7242737 6.724306
6.721795 6.7218488 6.7219022 6.7219551 6.7220075 6.7220595 6.722111 6.722162 6.7222126 6.7222627 6.7223124 6.7223616 6.7224104 6.7224588 6.7225068 6.7225543 6.7226014 6.7226481 6.7226943 6.7227402 6.7227857 6.7228307 6.7228754 6.7229196 6.7229635 6.723007 6.7230501 6.7230928 6.7231352 6.7231771 6.7232188 6.72326 6.7233009 6.7233414 6.7233816 6.7234214 6.7234609 6.7235 6.7235388 6.7235773 6.7236154 6.7236532 6.7236907 6.7237278 6.7237646 6.7238011 6.7238373 6.7238732 6.7239088 6.723944 6.723979 6.7240136 6.724048 6.7240821 6.7241158 6.7241493 6.7241825 6.7242155 6.7242481 6.7242805
6.7217695 6.7218233 6.7218766 6.7219294 6.7219818 6.7220337 6.7220851 6.7221361 6.7221866 6.7222367 6.7222864 6.7223356 6.7223844 6.7224327 6.7224806 6.7225281 6.7225752 6.7226219 6.7226681 6.722714 6.7227594 6.7228045 6.7228491 6.7228934 6.7229372 6.7229807 6.7230238 6.7230666 6.7231089 6.7231509 6.7231925 6.7232338 6.7232747 6.7233152 6.7233554 6.7233953 6.7234348 6.7234739 6.7235127 6.7235512 6.7235894 6.7236272 6.7236647 6.7237019 6.7237387 6.7237752 6.7238115 6.7238474 6.723883 6.7239183 6.7239533 6.723988 6.7240224 6.7240565 6.7240903 6.7241238 6.7241571 6.7241901 6.7242227 6.7242552
6.7217445 6.7217982 6.7218514 6.7219042 6.7219565 6.7220083 6.7220597 6.7221107 6.7221611 6.7222112 6.7222608 6.72231 6.7223587 6.722407 6.7224549 6.7225024 6.7225494 6.7225961 6.7226423 6.7226881 6.7227336 6.7227786 6.7228232 6.7228675 6.7229114 6.7229548 6.7229979 6.7230407 6.723083 6.723125 6.7231667 6.7232079 6.7232488 6.7232894 6.7233296 6.7233695 6.723409 6.7234482 6.723487 6.7235255 6.7235637 6.7236015 6.723639 6.7236762 6.7237131 6.7237497 6.7237859 6.7238219 6.7238575 6.7238928 6.7239279 6.7239626 6.7239971 6.7240312 6.7240651 6.7240986 6.7241319 6.7241649 6.7241977 6.7242301
6.7217199 6.7217735 6.7218267 6.7218794 6.7219316 6.7219834 6.7220348 6.7220856 6.7221361 6.7221861 6.7222356 6.7222848 6.7223335 6.7223817 6.7224296 6.722477 6.7225241 6.7225707 6.7226169 6.7226627 6.7227081 6.7227531 6.7227977 6.722842 6.7228858 6.7229293 6.7229724 6.7230152 6.7230575 6.7230995 6.7231411 6.7231824 6.7232233 6.7232639 6.7233041 6.723344 6.7233835 6.7234227 6.7234616 6.7235001 6.7235383 6.7235761 6.7236137 6.7236509 6.7236878 6.7237244 6.7237607 6.7237967 6.7238323 6.7238677 6.7239028 6.7239375 6.723972 6.7240062 6.7240401 6.7240737 6.724107 6.7241401 6.7241729 6.7242054
6.7216958 6.7217494 6.7218025 6.7218551 6.7219072 6.721959 6.7220102 6.7220611 6.7221114 6.7221614 6.7222109 6.72226 6.7223086 6.7223569 6.7224047 6.7224521 6.7224991 6.7225457 6.7225918 6.7226376 6.722683 6.722728 6.7227726 6.7228169 6.7228607 6.7229042 6.7229473 6.72299 6.7230323 6.7230743 6.723116 6.7231572 6.7231982 6.7232387 6.723279 6.7233188 6.7233584 6.7233976 6.7234365 6.723475 6.7235132 6.7235511 6.7235887 6.7236259 6.7236628 6.7236995 6.7237358 6.7237718 6.7238075 6.7238429 6.723878 6.7239128 6.7239473 6.7239815 6.7240154 6.7240491 6.7240824 6.7241155 6.7241483 6.7241809
6.7216722 6.7217256 6.7217786 6.7218312 6.7218833 6.7219349 6.7219861 6.7220369 6.7220872 6.7221371 6.7221866 6.7222356 6.7222842 6.7223324 6.7223802 6.7224275 6.7224745 6.7225211 6.7225672 6.722613 6.7226583 6.7227033 6.7227479 6.7227921 6.7228359 6.7228794 6.7229225 6.7229652 6.7230075 6.7230495 6.7230911 6.7231324 6.7231733 6.7232139 6.7232541 6.723294 6.7233336 6.7233728 6.7234117 6.7234502 6.7234885 6.7235264 6.7235639 6.7236012 6.7236382 6.7236748 6.7237111 6.7237471 6.7237829 6.7238183 6.7238534 6.7238882 6.7239228 6.723957 6.723991 6.7240247 6.7240581 6.7240912 6.7241241 6.7241566
6.721649 6.7217024 6.7217553 6.7218078 6.7218598 6.7219113 6.7219625 6.7220132 6.7220634 6.7221133 6.7221627 6.7222116 6.7222602 6.7223083 6.7223561 6.7224034 6.7224503 6.7224968 6.7225429 6.7225887 6.722634 6.722679 6.7227235 6.7227677 6.7228115 6.722855 6.722898 6.7229407 6.7229831 6.723025 6.7230667 6.7231079 6.7231489 6.7231894 6.7232297 6.7232696 6.7233091 6.7233483 6.7233872 6.7234258 6.723464 6.7235019 6.7235395 6.7235768 6.7236138 6.7236504 6.7236868 6.7237228 6.7237586 6.723794 6.7238292 6.723864 6.7238986 6.7239329 6.7239669 6.7240006 6.724034 6.7240672 6.7241001 6.7241327
6.7216263 6.7216795 6.7217324 6.7217848 6.7218367 6.7218882 6.7219392 6.7219899 6.7220401 6.7220898 6.7221392 6.7221881 6.7222366 6.7222847 6.7223324 6.7223796 6.7224265 6.722473 6.7225191 6.7225648 6.7226101 6.722655 6.7226995 6.7227437 6.7227875 6.7228309 6.7228739 6.7229166 6.7229589 6.7230009 6.7230425 6.7230838 6.7231247 6.7231653 6.7232055 6.7232454 6.723285 6.7233242 6.7233631 6.7234016 6.7234399 6.7234778 6.7235154 6.7235527 6.7235897 6.7236264 6.7236627 6.7236988 6.7237346 6.72377 6.7238052 6.7238401 6.7238747 6.723909 6.723943 6.7239768 6.7240102 6.7240434 6.7240763 6.724109
6.721604 6.7216572 6.7217099 6.7217622 6.721814 6.7218655 6.7219164 6.721967 6.7220171 6.7220668 6.7221161 6.7221649 6.7222134 6.7222614 6.722309 6.7223563 6.7224031 6.7224495 6.7224956 6.7225412 6.7225865 6.7226314 6.7226759 6.72272 6.7227638 6.7228072 6.7228502 6.7228929 6.7229352 6.7229771 6.7230187 6.72306 6.7231009 6.7231415 6.7231817 6.7232216 6.7232611 6.7233004 6.7233392 6.7233778 6.7234161 6.723454 6.7234916 6.7235289 6.7235659 6.7236026 6.723639 6.7236751 6.7237108 6.7237463 6.7237815 6.7238164 6.723851 6.7238854 6.7239194 6.7239532 6.7239867 6.7240199 6.7240528 6.7240855
6.7215821 6.7216352 6.7216879 6.7217401 6.7217918 6.7218432 6.7218941 6.7219445 6.7219946 6.7220442 6.7220934 6.7221422 6.7221906 6.7222386 6.7222861 6.7223333 6.7223801 6.7224265 6.7224725 6.7225181 6.7225633 6.7226082 6.7226526 6.7226967 6.7227405 6.7227838 6.7228268 6.7228695 6.7229118 6.7229537 6.7229953 6.7230365 6.7230774 6.723118 6.7231582 6.7231981 6.7232376 6.7232768 6.7233157 6.7233543 6.7233926 6.7234305 6.7234681 6.7235054 6.7235424 6.7235791 6.7236155 6.7236516 6.7236874 6.7237229 6.7237581 6.7237931 6.7238277 6.723862 6.7238961 6.7239299 6.7239634 6.7239967 6.7240296 6.7240623
6.7215607 6.7216137 6.7216663 6.7217184 6.72177 6.7218213 6.7218721 6.7219225 6.7219724 6.722022 6.7220711 6.7221198 6.7221682 6.7222161 6.7222636 6.7223107 6.7223574 6.7224038 6.7224497 6.7224953 6.7225405 6.7225853 6.7226297 6.7226738 6.7227175 6.7227608 6.7228038 6.7228464 6.7228887 6.7229306 6.7229722 6.7230134 6.7230543 6.7230948 6.723135 6.7231749 6.7232144 6.7232537 6.7232925 6.7233311 6.7233694 6.7234073 6.7234449 6.7234822 6.7235193 6.723556 6.7235924 6.7236285 6.7236643 6.7236998 6.723735 6.72377 6.7238046 6.723839 6.7238731 6.7239069 6.7239404 6.7239737 6.7240067 6.7240394
6.7215397 6.7215926 6.7216451 6.7216971 6.7217487 6.7217998 6.7218505 6.7219008 6.7219507 6.7220002 6.7220492 6.7220979 6.7221462 6.722194 6.7222415 6.7222885 6.7223352 6.7223815 6.7224274 6.7224729 6.722518 6.7225628 6.7226072 6.7226512 6.7226949 6.7227382 6.7227811 6.7228237 6.722866 6.7229079 6.7229494 6.7229906 6.7230315 6.723072 6.7231122 6.723152 6.7231916 6.7232308 6.7232697 6.7233082 6.7233465 6.7233844 6.723422 6.7234594 6.7234964 6.7235331 6.7235695 6.7236056 6.7236414 6.723677 6.7237122 6.7237471 6.7237818 6.7238162 6.7238503 6.7238841 6.7239177 6.723951 6.723984 6.7240167
