Cobbity2/QGIS/S6S22.asc
NCOLS 800
NROWS 440
XLLCORNER 150.659
YLLCORNER -34.0281
CELLSIZE 1e-05
NODATA_VALUE -9999
[rows 390 to 415 of 440, columns 0 to 59 of 800]
6.7237691 6.7237498 6.7237304 6.7237109 6.7236913 6.7236715 6.7236517 6.7236317 6.7236117 6.7235915 6.7235712 6.7235508 6.7235303 6.7235096 6.7234889 6.723468 6.723447 6.7234259 6.7234047 6.7233834 6.7233619 6.7233403 6.7233186 6.7232968 6.7232748 6.7232528 6.7232305 6.7232082 6.7231858 6.7231632 6.7231405 6.7231176 6.7230946 6.7230715 6.7230483 6.7230249 6.7230014 6.7229778 6.722954 6.7229301 6.722906 6.7228818 6.7228575 6.722833 6.7228084 6.7227836 6.7227587 6.7227337 6.7227085 6.7226831 6.7226577 6.722632 6.7226062 6.7225803 6.7225542 6.722528 6.7225016 6.7224751 6.7224484 6.7224215
6.723759 6.7237397 6.7237203 6.7237008 6.7236812 6.7236614 6.7236416 6.7236216 6.7236016 6.7235814 6.7235611 6.7235407 6.7235202 6.7234995 6.7234788 6.7234579 6.7234369 6.7234158 6.7233946 6.7233733 6.7233518 6.7233302 6.7233085 6.7232867 6.7232648 6.7232427 6.7232205 6.7231982 6.7231757 6.7231531 6.7231304 6.7231076 6.7230846 6.7230615 6.7230383 6.7230149 6.7229914 6.7229678 6.722944 6.7229201 6.7228961 6.7228719 6.7228476 6.7228231 6.7227985 6.7227738 6.7227489 6.7227239 6.7226987 6.7226734 6.7226479 6.7226223 6.7225966 6.7225707 6.7225446 6.7225184 6.722492 6.7224655 6.7224388 6.722412
6.723749 6.7237297 6.7237103 6.7236908 6.7236711 6.7236514 6.7236316 6.7236116 6.7235915 6.7235714 6.7235511 6.7235307 6.7235102 6.7234895 6.7234688 6.7234479 6.7234269 6.7234059 6.7233846 6.7233633 6.7233418 6.7233203 6.7232986 6.7232768 6.7232548 6.7232328 6.7232106 6.7231882 6.7231658 6.7231432 6.7231205 6.7230977 6.7230748 6.7230517 6.7230285 6.7230051 6.7229816 6.722958 6.7229343 6.7229104 6.7228863 6.7228622 6.7228379 6.7228134 6.7227889 6.7227641 6.7227393 6.7227143 6.7226891 6.7226638 6.7226384 6.7226128 6.7225871 6.7225612 6.7225351 6.722509 6.7224826 6.7224561 6.7224295 6.7224027
6.7237391 6.7237198 6.7237004 6.7236809 6.7236612 6.7236415 6.7236217 6.7236017 6.7235817 6.7235615 6.7235412 6.7235208 6.7235003 6.7234796 6.7234589 6.723438 6.7234171 6.723396 6.7233748 6.7233534 6.723332 6.7233104 6.7232887 6.7232669 6.723245 6.7232229 6.7232008 6.7231785 6.723156 6.7231335 6.7231108 6.723088 6.723065 6.7230419 6.7230187 6.7229954 6.7229719 6.7229483 6.7229246 6.7229007 6.7228767 6.7228526 6.7228283 6.7228039 6.7227793 6.7227546 6.7227298 6.7227048 6.7226797 6.7226544 6.722629 6.7226034 6.7225777 6.7225518 6.7225258 6.7224997 6.7224734 6.7224469 6.7224203 6.7223935
6.7237293 6.72371 6.7236906 6.7236711 6.7236515 6.7236317 6.7236119 6.7235919 6.7235719 6.7235517 6.7235314 6.723511 6.7234905 6.7234699 6.7234491 6.7234283 6.7234073 6.7233862 6.723365 6.7233437 6.7233223 6.7233007 6.723279 6.7232572 6.7232353 6.7232133 6.7231911 6.7231688 6.7231464 6.7231238 6.7231011 6.7230783 6.7230554 6.7230324 6.7230092 6.7229858 6.7229624 6.7229388 6.7229151 6.7228912 6.7228672 6.7228431 6.7228188 6.7227944 6.7227699 6.7227452 6.7227204 6.7226954 6.7226703 6.7226451 6.7226197 6.7225942 6.7225685 6.7225426 6.7225167 6.7224905 6.7224643 6.7224378 6.7224112 6.7223845
6.7237196 6.7237003 6.7236809 6.7236614 6.7236418 6.723622 6.7236022 6.7235823 6.7235622 6.723542 6.7235217 6.7235014 6.7234808 6.7234602 6.7234395 6.7234186 6.7233977 6.7233766 6.7233554 6.7233341 6.7233127 6.7232911 6.7232694 6.7232476 6.7232257 6.7232037 6.7231815 6.7231592 6.7231368 6.7231143 6.7230916 6.7230689 6.7230459 6.7230229 6.7229997 6.7229764 6.722953 6.7229294 6.7229057 6.7228819 6.7228579 6.7228338 6.7228095 6.7227852 6.7227606 6.722736 6.7227112 6.7226862 6.7226612 6.7226359 6.7226106 6.7225851 6.7225594 6.7225336 6.7225076 6.7224815 6.7224553 6.7224289 6.7224024 6.7223756
6.7237101 6.7236908 6.7236713 6.7236518 6.7236322 6.7236125 6.7235926 6.7235727 6.7235526 6.7235325 6.7235122 6.7234918 6.7234713 6.7234507 6.72343 6.7234091 6.7233882 6.7233671 6.7233459 6.7233246 6.7233032 6.7232816 6.72326 6.7232382 6.7232163 6.7231943 6.7231721 6.7231498 6.7231274 6.7231049 6.7230823 6.7230595 6.7230366 6.7230136 6.7229904 6.7229671 6.7229437 6.7229201 6.7228965 6.7228726 6.7228487 6.7228246 6.7228004 6.722776 6.7227515 6.7227269 6.7227021 6.7226772 6.7226521 6.7226269 6.7226016 6.7225761 6.7225505 6.7225247 6.7224988 6.7224727 6.7224465 6.7224201 6.7223936 6.7223669
6.7237006 6.7236813 6.7236619 6.7236424 6.7236227 6.723603 6.7235832 6.7235632 6.7235432 6.723523 6.7235028 6.7234824 6.7234619 6.7234413 6.7234205 6.7233997 6.7233788 6.7233577 6.7233365 6.7233152 6.7232938 6.7232723 6.7232506 6.7232288 6.723207 6.7231849 6.7231628 6.7231405 6.7231182 6.7230957 6.723073 6.7230503 6.7230274 6.7230044 6.7229812 6.7229579 6.7229345 6.722911 6.7228873 6.7228635 6.7228396 6.7228155 6.7227913 6.722767 6.7227425 6.7227179 6.7226932 6.7226683 6.7226433 6.7226181 6.7225928 6.7225673 6.7225417 6.722516 6.7224901 6.722464 6.7224378 6.7224115 6.722385 6.7223584
6.7236912 6.7236719 6.7236525 6.723633 6.7236134 6.7235937 6.7235738 6.7235539 6.7235338 6.7235137 6.7234934 6.723473 6.7234526 6.723432 6.7234112 6.7233904 6.7233695 6.7233484 6.7233272 6.723306 6.7232846 6.723263 6.7232414 6.7232196 6.7231977 6.7231757 6.7231536 6.7231314 6.723109 6.7230865 6.7230639 6.7230412 6.7230183 6.7229953 6.7229722 6.7229489 6.7229255 6.722902 6.7228784 6.7228546 6.7228307 6.7228066 6.7227825 6.7227581 6.7227337 6.7227091 6.7226844 6.7226595 6.7226345 6.7226094 6.7225841 6.7225586 6.7225331 6.7225074 6.7224815 6.7224555 6.7224293 6.722403 6.7223766 6.72235
6.723682 6.7236627 6.7236433 6.7236237 6.7236041 6.7235844 6.7235646 6.7235447 6.7235246 6.7235045 6.7234842 6.7234638 6.7234434 6.7234228 6.7234021 6.7233812 6.7233603 6.7233393 6.7233181 6.7232968 6.7232754 6.7232539 6.7232323 6.7232105 6.7231887 6.7231667 6.7231446 6.7231223 6.7231 6.7230775 6.7230549 6.7230322 6.7230093 6.7229863 6.7229632 6.72294 6.7229166 6.7228931 6.7228695 6.7228458 6.7228219 6.7227978 6.7227737 6.7227494 6.722725 6.7227004 6.7226757 6.7226509 6.7226259 6.7226008 6.7225755 6.7225501 6.7225246 6.7224989 6.7224731 6.7224471 6.722421 6.7223947 6.7223683 6.7223417
6.7236728 6.7236535 6.7236341 6.7236146 6.723595 6.7235753 6.7235555 6.7235355 6.7235155 6.7234953 6.7234751 6.7234547 6.7234343 6.7234137 6.723393 6.7233722 6.7233512 6.7233302 6.7233091 6.7232878 6.7232664 6.7232449 6.7232233 6.7232016 6.7231797 6.7231577 6.7231356 6.7231134 6.7230911 6.7230686 6.723046 6.7230233 6.7230005 6.7229775 6.7229544 6.7229312 6.7229079 6.7228844 6.7228608 6.7228371 6.7228132 6.7227892 6.7227651 6.7227408 6.7227164 6.7226919 6.7226672 6.7226424 6.7226174 6.7225924 6.7225671 6.7225418 6.7225163 6.7224906 6.7224648 6.7224389 6.7224128 6.7223866 6.7223602 6.7223337
6.7236637 6.7236444 6.7236251 6.7236056 6.723586 6.7235662 6.7235464 6.7235265 6.7235065 6.7234863 6.7234661 6.7234457 6.7234253 6.7234047 6.723384 6.7233632 6.7233423 6.7233213 6.7233001 6.7232789 6.7232575 6.723236 6.7232144 6.7231927 6.7231709 6.7231489 6.7231268 6.7231046 6.7230823 6.7230599 6.7230373 6.7230146 6.7229918 6.7229688 6.7229458 6.7229226 6.7228993 6.7228758 6.7228522 6.7228285 6.7228047 6.7227807 6.7227566 6.7227323 6.722708 6.7226835 6.7226588 6.722634 6.7226091 6.7225841 6.7225589 6.7225335 6.7225081 6.7224824 6.7224567 6.7224308 6.7224047 6.7223785 6.7223522 6.7223257
6.7236548 6.7236355 6.7236161 6.7235966 6.723577 6.7235573 6.7235375 6.7235176 6.7234976 6.7234774 6.7234572 6.7234369 6.7234164 6.7233958 6.7233752 6.7233544 6.7233335 6.7233125 6.7232913 6.7232701 6.7232487 6.7232273 6.7232057 6.723184 6.7231621 6.7231402 6.7231181 6.723096 6.7230736 6.7230512 6.7230287 6.723006 6.7229832 6.7229603 6.7229372 6.7229141 6.7228908 6.7228673 6.7228438 6.7228201 6.7227963 6.7227723 6.7227482 6.722724 6.7226997 6.7226752 6.7226506 6.7226258 6.7226009 6.7225759 6.7225508 6.7225254 6.7225 6.7224744 6.7224487 6.7224228 6.7223968 6.7223707 6.7223444 6.7223179
6.7236459 6.7236267 6.7236073 6.7235878 6.7235682 6.7235485 6.7235287 6.7235088 6.7234888 6.7234687 6.7234484 6.7234281 6.7234077 6.7233871 6.7233664 6.7233457 6.7233248 6.7233038 6.7232827 6.7232614 6.7232401 6.7232186 6.723197 6.7231754 6.7231535 6.7231316 6.7231096 6.7230874 6.7230651 6.7230427 6.7230202 6.7229975 6.7229747 6.7229518 6.7229288 6.7229057 6.7228824 6.722859 6.7228354 6.7228118 6.722788 6.7227641 6.72274 6.7227158 6.7226915 6.7226671 6.7226425 6.7226178 6.7225929 6.7225679 6.7225428 6.7225175 6.7224921 6.7224665 6.7224409 6.722415 6.722389 6.7223629 6.7223367 6.7223103
6.7236372 6.7236179 6.7235985 6.7235791 6.7235595 6.7235398 6.72352 6.7235001 6.7234801 6.72346 6.7234398 6.7234194 6.723399 6.7233785 6.7233578 6.723337 6.7233162 6.7232952 6.7232741 6.7232529 6.7232315 6.7232101 6.7231885 6.7231669 6.7231451 6.7231231 6.7231011 6.723079 6.7230567 6.7230343 6.7230118 6.7229892 6.7229664 6.7229435 6.7229205 6.7228974 6.7228741 6.7228508 6.7228273 6.7228036 6.7227799 6.722756 6.7227319 6.7227078 6.7226835 6.7226591 6.7226345 6.7226098 6.722585 6.72256 6.7225349 6.7225097 6.7224843 6.7224588 6.7224332 6.7224074 6.7223814 6.7223553 6.7223291 6.7223028
6.7236285 6.7236093 6.7235899 6.7235704 6.7235509 6.7235312 6.7235114 6.7234915 6.7234715 6.7234514 6.7234312 6.7234109 6.7233905 6.7233699 6.7233493 6.7233285 6.7233077 6.7232867 6.7232656 6.7232444 6.7232231 6.7232017 6.7231801 6.7231585 6.7231367 6.7231148 6.7230928 6.7230707 6.7230484 6.723026 6.7230036 6.7229809 6.7229582 6.7229354 6.7229124 6.7228893 6.722866 6.7228427 6.7228192 6.7227956 6.7227718 6.722748 6.722724 6.7226999 6.7226756 6.7226512 6.7226267 6.722602 6.7225772 6.7225523 6.7225272 6.722502 6.7224767 6.7224512 6.7224256 6.7223998 6.7223739 6.7223479 6.7223217 6.7222954
6.72362 6.7236007 6.7235814 6.7235619 6.7235423 6.7235227 6.7235029 6.723483 6.723463 6.723443 6.7234228 6.7234025 6.723382 6.7233615 6.7233409 6.7233202 6.7232993 6.7232783 6.7232573 6.7232361 6.7232148 6.7231934 6.7231718 6.7231502 6.7231284 6.7231066 6.7230846 6.7230625 6.7230402 6.7230179 6.7229954 6.7229728 6.7229501 6.7229273 6.7229043 6.7228813 6.722858 6.7228347 6.7228113 6.7227877 6.722764 6.7227401 6.7227162 6.7226921 6.7226678 6.7226435 6.722619 6.7225944 6.7225696 6.7225447 6.7225197 6.7224945 6.7224692 6.7224438 6.7224182 6.7223925 6.7223666 6.7223406 6.7223145 6.7222882
6.7236116 6.7235923 6.723573 6.7235535 6.7235339 6.7235143 6.7234945 6.7234746 6.7234547 6.7234346 6.7234144 6.7233941 6.7233737 6.7233532 6.7233326 6.7233119 6.723291 6.7232701 6.723249 6.7232279 6.7232066 6.7231852 6.7231637 6.7231421 6.7231203 6.7230985 6.7230765 6.7230544 6.7230322 6.7230099 6.7229874 6.7229649 6.7229422 6.7229194 6.7228964 6.7228734 6.7228502 6.7228269 6.7228035 6.7227799 6.7227562 6.7227324 6.7227085 6.7226844 6.7226602 6.7226359 6.7226114 6.7225868 6.7225621 6.7225372 6.7225122 6.7224871 6.7224619 6.7224364 6.7224109 6.7223852 6.7223594 6.7223335 6.7223074 6.7222811
6.7236032 6.723584 6.7235646 6.7235452 6.7235256 6.723506 6.7234862 6.7234664 6.7234464 6.7234263 6.7234062 6.7233859 6.7233655 6.723345 6.7233244 6.7233037 6.7232829 6.723262 6.7232409 6.7232198 6.7231985 6.7231771 6.7231556 6.723134 6.7231123 6.7230905 6.7230685 6.7230465 6.7230243 6.723002 6.7229795 6.722957 6.7229343 6.7229115 6.7228886 6.7228656 6.7228425 6.7228192 6.7227958 6.7227722 6.7227486 6.7227248 6.7227009 6.7226769 6.7226527 6.7226284 6.722604 6.7225794 6.7225547 6.7225299 6.722505 6.7224799 6.7224546 6.7224293 6.7224038 6.7223781 6.7223524 6.7223264 6.7223004 6.7222742
6.723595 6.7235757 6.7235564 6.723537 6.7235174 6.7234978 6.7234781 6.7234582 6.7234383 6.7234182 6.723398 6.7233778 6.7233574 6.7233369 6.7233163 6.7232957 6.7232748 6.7232539 6.7232329 6.7232118 6.7231905 6.7231692 6.7231477 6.7231261 6.7231044 6.7230826 6.7230607 6.7230386 6.7230165 6.7229942 6.7229718 6.7229493 6.7229266 6.7229039 6.722881 6.722858 6.7228348 6.7228116 6.7227882 6.7227647 6.7227411 6.7227174 6.7226935 6.7226695 6.7226453 6.7226211 6.7225967 6.7225722 6.7225475 6.7225227 6.7224978 6.7224727 6.7224476 6.7224222 6.7223968 6.7223712 6.7223455 6.7223196 6.7222936 6.7222674
6.7235868 6.7235676 6.7235483 6.7235289 6.7235093 6.7234897 6.72347 6.7234501 6.7234302 6.7234102 6.72339 6.7233698 6.7233494 6.723329 6.7233084 6.7232877 6.7232669 6.723246 6.723225 6.7232039 6.7231827 6.7231613 6.7231399 6.7231183 6.7230966 6.7230748 6.7230529 6.7230309 6.7230088 6.7229865 6.7229641 6.7229416 6.722919 6.7228963 6.7228734 6.7228505 6.7228274 6.7228041 6.7227808 6.7227573 6.7227337 6.72271 6.7226862 6.7226622 6.7226381 6.7226139 6.7225895 6.722565 6.7225404 6.7225157 6.7224908 6.7224658 6.7224406 6.7224153 6.7223899 6.7223644 6.7223387 6.7223128 6.7222869 6.7222608
6.7235788 6.7235596 6.7235403 6.7235209 6.7235013 6.7234817 6.723462 6.7234422 6.7234223 6.7234022 6.7233821 6.7233619 6.7233415 6.7233211 6.7233005 6.7232799 6.7232591 6.7232382 6.7232172 6.7231961 6.7231749 6.7231536 6.7231322 6.7231106 6.723089 6.7230672 6.7230453 6.7230233 6.7230012 6.722979 6.7229566 6.7229341 6.7229115 6.7228888 6.722866 6.7228431 6.72282 6.7227968 6.7227735 6.7227501 6.7227265 6.7227028 6.722679 6.7226551 6.722631 6.7226068 6.7225825 6.722558 6.7225334 6.7225087 6.7224839 6.7224589 6.7224338 6.7224086 6.7223832 6.7223577 6.722332 6.7223063 6.7222803 6.7222543
6.7235708 6.7235516 6.7235323 6.7235129 6.7234934 6.7234738 6.7234541 6.7234343 6.7234144 6.7233944 6.7233743 6.7233541 6.7233338 6.7233133 6.7232928 6.7232721 6.7232514 6.7232305 6.7232096 6.7231885 6.7231673 6.723146 6.7231246 6.7231031 6.7230814 6.7230597 6.7230378 6.7230158 6.7229937 6.7229715 6.7229492 6.7229268 6.7229042 6.7228815 6.7228587 6.7228358 6.7228128 6.7227896 6.7227663 6.7227429 6.7227194 6.7226957 6.7226719 6.722648 6.722624 6.7225999 6.7225756 6.7225512 6.7225266 6.7225019 6.7224771 6.7224522 6.7224271 6.7224019 6.7223766 6.7223511 6.7223255 6.7222998 6.7222739 6.7222479
6.723563 6.7235438 6.7235245 6.7235051 6.7234857 6.7234661 6.7234464 6.7234266 6.7234067 6.7233867 6.7233666 6.7233464 6.7233261 6.7233057 6.7232851 6.7232645 6.7232438 6.7232229 6.723202 6.7231809 6.7231598 6.7231385 6.7231171 6.7230956 6.723074 6.7230523 6.7230304 6.7230085 6.7229864 6.7229642 6.7229419 6.7229195 6.722897 6.7228743 6.7228515 6.7228287 6.7228056 6.7227825 6.7227593 6.7227359 6.7227124 6.7226888 6.722665 6.7226412 6.7226172 6.722593 6.7225688 6.7225444 6.7225199 6.7224953 6.7224705 6.7224456 6.7224206 6.7223954 6.7223702 6.7223447 6.7223192 6.7222935 6.7222677 6.7222417
6.7235553 6.7235361 6.7235168 6.7234974 6.723478 6.7234584 6.7234387 6.7234189 6.7233991 6.7233791 6.723359 6.7233388 6.7233185 6.7232981 6.7232776 6.723257 6.7232363 6.7232155 6.7231945 6.7231735 6.7231524 6.7231311 6.7231097 6.7230882 6.7230667 6.723045 6.7230231 6.7230012 6.7229792 6.722957 6.7229347 6.7229124 6.7228898 6.7228672 6.7228445 6.7228216 6.7227986 6.7227755 6.7227523 6.722729 6.7227055 6.7226819 6.7226582 6.7226344 6.7226104 6.7225864 6.7225621 6.7225378 6.7225133 6.7224888 6.722464 6.7224392 6.7224142 6.7223891 6.7223638 6.7223385 6.722313 6.7222873 6.7222615 6.7222356
6.7235476 6.7235285 6.7235092 6.7234898 6.7234704 6.7234508 6.7234311 6.7234114 6.7233915 6.7233716 6.7233515 6.7233313 6.723311 6.7232907 6.7232702 6.7232496 6.7232289 6.7232081 6.7231872 6.7231662 6.723145 6.7231238 6.7231025 6.723081 6.7230594 6.7230378 6.723016 6.7229941 6.7229721 6.7229499 6.7229277 6.7229053 6.7228829 6.7228603 6.7228375 6.7228147 6.7227918 6.7227687 6.7227455 6.7227222 6.7226988 6.7226752 6.7226516 6.7226278 6.7226038 6.7225798 6.7225556 6.7225313 6.7225069 6.7224824 6.7224577 6.7224329 6.7224079 6.7223829 6.7223577 6.7223323 6.7223069 6.7222813 6.7222555 6.7222297
