Cobbity2/QGIS/S6S22.asc
NCOLS 800
NROWS 440
XLLCORNER 150.659
YLLCORNER -34.0281
CELLSIZE 1e-05
NODATA_VALUE -9999
[rows 78 to 103 of 440, columns 180 to 239 of 800]
6.7364066 6.7364771 6.7365483 6.7366205 6.7366934 6.7367672 6.7368419 6.7369175 6.736994 6.7370715 6.7371498 6.7372291 6.7373093 6.7373906 6.7374728 6.737556 6.7376402 6.7377255 6.7378118 6.7378992 6.7379876 6.7380772 6.7381678 6.7382596 6.7383526 6.7384467 6.738542 6.7386385 6.7387362 6.7388352 6.7389354 6.7390369 6.7391397 6.7392438 6.7393493 6.7394562 6.7395644 6.739674 6.7397851 6.7398976 6.7400116 6.7401271 6.7402441 6.7403627 6.7404829 6.7406047 6.7407281 6.7408532 6.7409799 6.7411084 6.7412387 6.7413707 6.7415045 6.7416402 6.7417777 6.7419172 6.7420586 6.742202 6.7423474 6.7424948
6.7363657 6.7364361 6.7365073 6.7365794 6.7366524 6.7367262 6.7368009 6.7368765 6.736953 6.7370305 6.7371088 6.7371882 6.7372684 6.7373497 6.737432 6.7375153 6.7375996 6.7376849 6.7377713 6.7378588 6.7379473 6.738037 6.7381278 6.7382197 6.7383128 6.7384071 6.7385025 6.7385992 6.7386971 6.7387963 6.7388967 6.7389984 6.7391015 6.7392058 6.7393116 6.7394187 6.7395272 6.7396371 6.7397485 6.7398614 6.7399757 6.7400916 6.7402091 6.7403281 6.7404487 6.7405709 6.7406948 6.7408204 6.7409477 6.7410767 6.7412075 6.7413401 6.7414746 6.7416109 6.7417492 6.7418893 6.7420315 6.7421756 6.7423219 6.7424702
6.7363239 6.7363943 6.7364655 6.7365376 6.7366105 6.7366844 6.7367591 6.7368346 6.7369112 6.7369886 6.737067 6.7371463 6.7372267 6.737308 6.7373903 6.7374736 6.7375579 6.7376433 6.7377298 6.7378174 6.737906 6.7379958 6.7380867 6.7381787 6.7382719 6.7383663 6.7384619 6.7385587 6.7386568 6.7387562 6.7388568 6.7389587 6.739062 6.7391666 6.7392726 6.7393799 6.7394887 6.739599 6.7397107 6.7398238 6.7399385 6.7400548 6.7401726 6.740292 6.740413 6.7405357 6.74066 6.7407861 6.7409139 6.7410434 6.7411748 6.741308 6.7414431 6.74158 6.7417189 6.7418598 6.7420026 6.7421476 6.7422946 6.7424437
6.7362814 6.7363518 6.736423 6.736495 6.7365679 6.7366417 6.7367164 6.7367919 6.7368684 6.7369459 6.7370243 6.7371036 6.7371839 6.7372653 6.7373476 6.737431 6.7375154 6.7376008 6.7376873 6.7377749 6.7378637 6.7379535 6.7380445 6.7381366 6.73823 6.7383245 6.7384202 6.7385172 6.7386154 6.7387149 6.7388157 6.7389178 6.7390213 6.7391261 6.7392323 6.7393399 6.739449 6.7395595 6.7396715 6.739785 6.7399 6.7400166 6.7401347 6.7402545 6.7403759 6.740499 6.7406238 6.7407503 6.7408786 6.7410086 6.7411405 6.7412743 6.7414099 6.7415475 6.741687 6.7418285 6.7419721 6.7421177 6.7422655 6.7424154
6.7362382 6.7363085 6.7363796 6.7364516 6.7365244 6.7365982 6.7366728 6.7367484 6.7368249 6.7369023 6.7369807 6.73706 6.7371403 6.7372217 6.737304 6.7373874 6.7374718 6.7375573 6.7376439 6.7377315 6.7378203 6.7379102 6.7380013 6.7380935 6.7381869 6.7382815 6.7383774 6.7384745 6.7385728 6.7386725 6.7387735 6.7388757 6.7389794 6.7390844 6.7391908 6.7392987 6.7394079 6.7395187 6.7396309 6.7397447 6.73986 6.7399769 6.7400954 6.7402155 6.7403373 6.7404608 6.740586 6.7407129 6.7408417 6.7409722 6.7411046 6.7412389 6.7413751 6.7415132 6.7416533 6.7417955 6.7419397 6.742086 6.7422345 6.7423852
6.7361941 6.7362643 6.7363354 6.7364073 6.7364801 6.7365538 6.7366284 6.736704 6.7367804 6.7368578 6.7369361 6.7370155 6.7370958 6.7371771 6.7372595 6.7373428 6.7374273 6.7375128 6.7375994 6.7376871 6.7377759 6.7378659 6.737957 6.7380493 6.7381428 6.7382375 6.7383334 6.7384306 6.7385291 6.7386289 6.73873 6.7388324 6.7389362 6.7390414 6.739148 6.7392561 6.7393656 6.7394766 6.7395891 6.7397031 6.7398187 6.7399359 6.7400547 6.7401751 6.7402973 6.7404211 6.7405467 6.740674 6.7408032 6.7409342 6.7410671 6.7412018 6.7413385 6.7414772 6.7416179 6.7417607 6.7419055 6.7420525 6.7422017 6.7423531
6.7361493 6.7362194 6.7362904 6.7363623 6.736435 6.7365087 6.7365832 6.7366587 6.7367351 6.7368124 6.7368907 6.73697 6.7370503 6.7371316 6.737214 6.7372973 6.7373818 6.7374673 6.7375539 6.7376416 6.7377305 6.7378205 6.7379116 6.738004 6.7380975 6.7381923 6.7382883 6.7383856 6.7384842 6.7385841 6.7386853 6.7387879 6.7388919 6.7389972 6.739104 6.7392122 6.7393219 6.7394331 6.7395458 6.7396601 6.7397759 6.7398934 6.7400125 6.7401332 6.7402557 6.7403799 6.7405058 6.7406336 6.7407631 6.7408945 6.7410279 6.7411631 6.7413003 6.7414395 6.7415808 6.7417241 6.7418696 6.7420172 6.742167 6.7423191
6.7361037 6.7361737 6.7362446 6.7363164 6.7363891 6.7364626 6.7365371 6.7366125 6.7366889 6.7367662 6.7368444 6.7369237 6.7370039 6.7370852 6.7371675 6.7372509 6.7373353 6.7374208 6.7375074 6.7375951 6.737684 6.737774 6.7378652 6.7379576 6.7380512 6.738146 6.7382421 6.7383395 6.7384381 6.7385381 6.7386394 6.7387421 6.7388462 6.7389517 6.7390586 6.739167 6.7392769 6.7393883 6.7395012 6.7396157 6.7397318 6.7398495 6.7399688 6.7400899 6.7402126 6.7403371 6.7404634 6.7405915 6.7407214 6.7408533 6.740987 6.7411227 6.7412603 6.7414 6.7415418 6.7416857 6.7418317 6.74198 6.7421304 6.7422832
6.7360573 6.7361272 6.7361981 6.7362697 6.7363423 6.7364158 6.7364902 6.7365655 6.7366418 6.736719 6.7367972 6.7368764 6.7369566 6.7370378 6.7371201 6.7372034 6.7372878 6.7373733 6.7374599 6.7375476 6.7376365 6.7377265 6.7378177 6.7379101 6.7380037 6.7380986 6.7381947 6.7382921 6.7383909 6.7384909 6.7385923 6.7386951 6.7387993 6.7389049 6.739012 6.7391205 6.7392305 6.7393421 6.7394552 6.7395698 6.7396861 6.7398041 6.7399237 6.740045 6.740168 6.7402928 6.7404194 6.7405478 6.7406781 6.7408103 6.7409444 6.7410805 6.7412186 6.7413588 6.7415011 6.7416454 6.741792 6.7419408 6.7420919 6.7422453
6.7360101 6.7360799 6.7361506 6.7362222 6.7362947 6.7363681 6.7364424 6.7365176 6.7365938 6.7366709 6.7367491 6.7368282 6.7369083 6.7369895 6.7370717 6.737155 6.7372393 6.7373248 6.7374113 6.737499 6.7375879 6.7376779 6.7377691 6.7378615 6.7379551 6.73805 6.7381462 6.7382436 6.7383424 6.7384425 6.738544 6.7386468 6.7387511 6.7388568 6.738964 6.7390726 6.7391828 6.7392945 6.7394077 6.7395226 6.7396391 6.7397572 6.739877 6.7399986 6.7401219 6.7402469 6.7403738 6.7405025 6.7406331 6.7407657 6.7409001 6.7410366 6.7411751 6.7413157 6.7414585 6.7416033 6.7417504 6.7418997 6.7420514 6.7422053
6.7359621 6.7360318 6.7361024 6.7361739 6.7362463 6.7363195 6.7363937 6.7364688 6.7365449 6.736622 6.7367 6.7367791 6.7368591 6.7369402 6.7370223 6.7371056 6.7371898 6.7372752 6.7373617 6.7374494 6.7375382 6.7376282 6.7377194 6.7378118 6.7379054 6.7380003 6.7380965 6.7381939 6.7382927 6.7383929 6.7384944 6.7385973 6.7387016 6.7388074 6.7389147 6.7390234 6.7391337 6.7392455 6.7393589 6.7394739 6.7395906 6.7397089 6.7398289 6.7399506 6.7400741 6.7401994 6.7403266 6.7404556 6.7405865 6.7407193 6.7408541 6.740991 6.7411299 6.7412709 6.741414 6.7415593 6.7417069 6.7418567 6.7420089 6.7421634
6.7359134 6.7359829 6.7360534 6.7361247 6.736197 6.7362701 6.7363442 6.7364192 6.7364952 6.7365721 6.7366501 6.736729 6.736809 6.73689 6.736972 6.7370551 6.7371393 6.7372247 6.7373111 6.7373987 6.7374875 6.7375774 6.7376685 6.7377609 6.7378545 6.7379494 6.7380456 6.738143 6.7382418 6.738342 6.7384436 6.7385465 6.7386509 6.7387567 6.738864 6.7389729 6.7390832 6.7391951 6.7393086 6.7394238 6.7395406 6.739659 6.7397792 6.7399011 6.7400248 6.7401504 6.7402777 6.740407 6.7405381 6.7406713 6.7408064 6.7409436 6.7410828 6.7412242 6.7413677 6.7415134 6.7416614 6.7418117 6.7419644 6.7421194
6.7358638 6.7359332 6.7360035 6.7360747 6.7361468 6.7362198 6.7362938 6.7363687 6.7364445 6.7365214 6.7365992 6.736678 6.7367578 6.7368387 6.7369207 6.7370037 6.7370878 6.7371731 6.7372595 6.737347 6.7374357 6.7375255 6.7376166 6.7377089 6.7378025 6.7378973 6.7379935 6.7380909 6.7381897 6.7382899 6.7383915 6.7384944 6.7385988 6.7387047 6.738812 6.7389209 6.7390313 6.7391433 6.7392569 6.7393722 6.7394891 6.7396077 6.739728 6.7398501 6.739974 6.7400997 6.7402272 6.7403567 6.7404881 6.7406215 6.7407569 6.7408943 6.7410339 6.7411756 6.7413195 6.7414656 6.741614 6.7417647 6.7419178 6.7420733
6.7358134 6.7358827 6.7359529 6.7360239 6.7360959 6.7361687 6.7362425 6.7363173 6.736393 6.7364697 6.7365474 6.7366261 6.7367058 6.7367866 6.7368684 6.7369513 6.7370353 6.7371205 6.7372067 6.7372942 6.7373828 6.7374726 6.7375636 6.7376558 6.7377493 6.7378441 6.7379402 6.7380376 6.7381364 6.7382365 6.7383381 6.738441 6.7385454 6.7386513 6.7387587 6.7388676 6.7389781 6.7390901 6.7392038 6.7393191 6.7394361 6.7395548 6.7396752 6.7397974 6.7399215 6.7400473 6.7401751 6.7403047 6.7404363 6.74057 6.7407056 6.7408433 6.7409832 6.7411252 6.7412694 6.7414158 6.7415646 6.7417157 6.7418692 6.7420252
6.7357623 6.7358314 6.7359014 6.7359722 6.736044 6.7361167 6.7361904 6.736265 6.7363405 6.7364171 6.7364946 6.7365732 6.7366528 6.7367334 6.7368151 6.7368979 6.7369818 6.7370668 6.737153 6.7372403 6.7373288 6.7374185 6.7375094 6.7376016 6.737695 6.7377897 6.7378858 6.7379831 6.7380818 6.7381819 6.7382834 6.7383864 6.7384908 6.7385966 6.738704 6.7388129 6.7389234 6.7390355 6.7391492 6.7392646 6.7393816 6.7395004 6.7396209 6.7397432 6.7398674 6.7399934 6.7401213 6.7402511 6.7403829 6.7405167 6.7406525 6.7407905 6.7409305 6.7410728 6.7412173 6.7413641 6.7415132 6.7416646 6.7418185 6.7419749
6.7357103 6.7357792 6.735849 6.7359197 6.7359914 6.7360639 6.7361374 6.7362118 6.7362872 6.7363636 6.7364409 6.7365193 6.7365988 6.7366793 6.7367608 6.7368435 6.7369272 6.7370121 6.7370982 6.7371854 6.7372737 6.7373633 6.7374541 6.7375462 6.7376395 6.7377342 6.7378301 6.7379274 6.738026 6.7381261 6.7382275 6.7383304 6.7384347 6.7385406 6.7386479 6.7387568 6.7388673 6.7389794 6.7390931 6.7392085 6.7393256 6.7394444 6.739565 6.7396874 6.7398116 6.7399377 6.7400657 6.7401957 6.7403276 6.7404616 6.7405976 6.7407358 6.7408761 6.7410186 6.7411633 6.7413104 6.7414597 6.7416115 6.7417657 6.7419225
6.7356576 6.7357263 6.7357959 6.7358664 6.7359378 6.7360102 6.7360835 6.7361577 6.7362329 6.7363091 6.7363863 6.7364646 6.7365438 6.7366242 6.7367056 6.736788 6.7368717 6.7369564 6.7370423 6.7371293 6.7372176 6.737307 6.7373977 6.7374897 6.7375829 6.7376774 6.7377732 6.7378704 6.737969 6.7380689 6.7381703 6.7382731 6.7383774 6.7384832 6.7385905 6.7386994 6.7388098 6.7389219 6.7390356 6.739151 6.7392681 6.739387 6.7395076 6.73963 6.7397543 6.7398805 6.7400086 6.7401386 6.7402707 6.7404047 6.7405409 6.7406792 6.7408197 6.7409624 6.7411074 6.7412546 6.7414043 6.7415563 6.7417109 6.7418679
6.735604 6.7356725 6.7357419 6.7358122 6.7358834 6.7359556 6.7360287 6.7361027 6.7361777 6.7362538 6.7363308 6.7364088 6.7364879 6.7365681 6.7366493 6.7367316 6.736815 6.7368996 6.7369853 6.7370722 6.7371603 6.7372496 6.7373402 6.737432 6.7375251 6.7376195 6.7377152 6.7378122 6.7379107 6.7380105 6.7381118 6.7382145 6.7383187 6.7384244 6.7385317 6.7386405 6.7387509 6.7388629 6.7389766 6.739092 6.7392091 6.7393279 6.7394485 6.739571 6.7396953 6.7398215 6.7399497 6.7400798 6.7402119 6.7403461 6.7404824 6.7406208 6.7407614 6.7409043 6.7410494 6.7411969 6.7413468 6.7414991 6.7416538 6.7418112
6.7355496 6.7356179 6.7356871 6.7357572 6.7358282 6.7359001 6.735973 6.7360469 6.7361217 6.7361975 6.7362743 6.7363521 6.736431 6.736511 6.736592 6.7366741 6.7367574 6.7368418 6.7369273 6.7370141 6.737102 6.7371911 6.7372815 6.7373731 6.7374661 6.7375603 6.7376559 6.7377528 6.7378511 6.7379508 6.738052 6.7381546 6.7382587 6.7383643 6.7384715 6.7385802 6.7386905 6.7388025 6.7389161 6.7390314 6.7391485 6.7392673 6.7393879 6.7395103 6.7396346 6.7397609 6.739889 6.7400192 6.7401514 6.7402856 6.740422 6.7405605 6.7407013 6.7408442 6.7409895 6.7411372 6.7412872 6.7414397 6.7415947 6.7417522
6.7354945 6.7355625 6.7356315 6.7357013 6.7357721 6.7358438 6.7359165 6.7359901 6.7360647 6.7361403 6.7362169 6.7362945 6.7363732 6.7364529 6.7365337 6.7366157 6.7366987 6.7367829 6.7368683 6.7369548 6.7370425 6.7371315 6.7372217 6.7373131 6.7374059 6.7375 6.7375954 6.7376922 6.7377903 6.7378899 6.7379909 6.7380934 6.7381973 6.7383028 6.7384099 6.7385185 6.7386287 6.7387406 6.7388541 6.7389693 6.7390863 6.7392051 6.7393256 6.739448 6.7395723 6.7396985 6.7398267 6.7399569 6.7400891 6.7402234 6.7403598 6.7404984 6.7406392 6.7407822 6.7409276 6.7410754 6.7412255 6.7413782 6.7415333 6.7416911
6.7354385 6.7355063 6.735575 6.7356446 6.7357152 6.7357866 6.735859 6.7359324 6.7360068 6.7360821 6.7361585 6.7362359 6.7363144 6.7363939 6.7364745 6.7365562 6.736639 6.736723 6.7368081 6.7368944 6.736982 6.7370707 6.7371607 6.737252 6.7373446 6.7374384 6.7375337 6.7376303 6.7377282 6.7378276 6.7379285 6.7380308 6.7381346 6.7382399 6.7383468 6.7384553 6.7385654 6.7386772 6.7387906 6.7389057 6.7390226 6.7391413 6.7392618 6.7393841 6.7395083 6.7396345 6.7397626 6.7398928 6.740025 6.7401592 6.7402957 6.7404343 6.7405751 6.7407182 6.7408637 6.7410115 6.7411618 6.7413145 6.7414698 6.7416278
6.7353817 6.7354493 6.7355177 6.7355871 6.7356574 6.7357286 6.7358007 6.7358739 6.735948 6.7360231 6.7360992 6.7361764 6.7362546 6.7363338 6.7364142 6.7364957 6.7365783 6.736662 6.7367469 6.736833 6.7369203 6.7370088 6.7370986 6.7371897 6.737282 6.7373757 6.7374707 6.7375671 6.7376649 6.7377641 6.7378648 6.7379669 6.7380705 6.7381757 6.7382824 6.7383908 6.7385007 6.7386123 6.7387256 6.7388406 6.7389574 6.7390759 6.7391963 6.7393185 6.7394427 6.7395688 6.7396968 6.7398269 6.739959 6.7400933 6.7402297 6.7403683 6.7405091 6.7406523 6.7407977 6.7409456 6.7410959 6.7412488 6.7414042 6.7415622
6.7353241 6.7353914 6.7354596 6.7355287 6.7355987 6.7356697 6.7357415 6.7358144 6.7358882 6.7359631 6.736039 6.7361158 6.7361938 6.7362728 6.7363529 6.7364341 6.7365165 6.7366 6.7366846 6.7367705 6.7368575 6.7369458 6.7370354 6.7371262 6.7372183 6.7373117 6.7374065 6.7375027 6.7376003 6.7376993 6.7377997 6.7379017 6.7380051 6.7381101 6.7382166 6.7383248 6.7384345 6.738546 6.7386591 6.7387739 6.7388905 6.739009 6.7391292 6.7392513 6.7393753 6.7395013 6.7396293 6.7397593 6.7398913 6.7400255 6.7401618 6.7403004 6.7404412 6.7405843 6.7407298 6.7408776 6.741028 6.7411808 6.7413363 6.7414943
6.7352657 6.7353327 6.7354007 6.7354695 6.7355392 6.7356099 6.7356815 6.7357541 6.7358276 6.7359022 6.7359778 6.7360544 6.736132 6.7362108 6.7362906 6.7363716 6.7364536 6.7365369 6.7366213 6.7367068 6.7367936 6.7368817 6.7369709 6.7370615 6.7371534 6.7372466 6.7373411 6.7374371 6.7375344 6.7376332 6.7377334 6.7378351 6.7379383 6.7380431 6.7381494 6.7382573 6.7383669 6.7384781 6.7385911 6.7387057 6.7388222 6.7389404 6.7390605 6.7391824 6.7393063 6.7394321 6.73956 6.7396898 6.7398218 6.7399558 6.7400921 6.7402305 6.7403713 6.7405143 6.7406597 6.7408076 6.7409579 6.7411107 6.7412662 6.7414243
6.7352065 6.7352733 6.7353409 6.7354094 6.7354788 6.7355492 6.7356205 6.7356928 6.7357661 6.7358403 6.7359156 6.735992 6.7360693 6.7361478 6.7362273 6.736308 6.7363898 6.7364727 6.7365568 6.7366421 6.7367286 6.7368164 6.7369054 6.7369957 6.7370873 6.7371802 6.7372745 6.7373702 6.7374672 6.7375657 6.7376657 6.7377672 6.7378701 6.7379746 6.7380807 6.7381884 6.7382978 6.7384088 6.7385215 6.738636 6.7387522 6.7388702 6.7389901 6.7391119 6.7392356 6.7393612 6.7394889 6.7396186 6.7397504 6.7398843 6.7400204 6.7401588 6.7402994 6.7404423 6.7405877 6.7407354 6.7408857 6.7410385 6.7411939 6.7413519
6.7351465 6.735213 6.7352803 6.7353485 6.7354176 6.7354877 6.7355587 6.7356306 6.7357036 6.7357776 6.7358526 6.7359286 6.7360056 6.7360838 6.736163 6.7362434 6.7363249 6.7364075 6.7364913 6.7365763 6.7366625 6.73675 6.7368387 6.7369287 6.73702 6.7371126 6.7372066 6.737302 6.7373988 6.737497 6.7375967 6.7376979 6.7378006 6.7379048 6.7380107 6.7381181 6.7382272 6.738338 6.7384504 6.7385646 6.7386806 6.7387984 6.7389181 6.7390397 6.7391631 6.7392886 6.7394161 6.7395456 6.7396772 6.7398109 6.7399469 6.7400851 6.7402255 6.7403683 6.7405135 6.7406612 6.7408113 6.740964 6.7411193 6.7412773
