Cobbity2/QGIS/smothed_interp32.asc
NCOLS 600
NROWS 419
XLLCORNER 150.66
YLLCORNER -34.028
CELLSIZE 1e-05
NODATA_VALUE -9999
[rows 240 to 263 of 419, columns 275 to 329 of 600]
-0.90849781 -0.91048488 -0.90469159 -0.89705823 -0.88874743 -0.87931209 -0.86814718 -0.85460286 -0.83919782 -0.82529973 -0.81910304 -0.82642389 -0.83873278 -0.84874454 -0.85600518 -0.86140987 -0.86562376 -0.86904274 -0.87190676 -0.87436978 -0.8765352 -0.87847453 -0.88023817 -0.88186213 -0.88337253 -0.88478854 -0.88612449 -0.88739126 -0.88859727 -0.88974914 -0.8908522 -0.89191083 -0.89292865 -0.89390876 -0.8948538 -0.8957661 -0.89664771 -0.89750046 -0.89832599 -0.89912581 -0.89990127 -0.90065363 -0.90138406 -0.90209362 -0.90278332 -0.90345407 -0.90410676 -0.90474219 -0.90536112 -0.90596428 -0.90655234 -0.90712593 -0.90768566 -0.90823208 -0.90876574
-0.94024023 -0.93731944 -0.9141844 -0.89835166 -0.88697991 -0.87632675 -0.86416422 -0.84828041 -0.82776472 -0.81507369 -0.82284539 -0.83407109 -0.84354146 -0.85120653 -0.85719618 -0.86190325 -0.8657054 -0.86887254 -0.87158388 -0.87395875 -0.87607855 -0.87800016 -0.87976418 -0.88140006 -0.88292951 -0.88436877 -0.88573021 -0.88702341 -0.8882559 -0.88943376 -0.89056196 -0.89164464 -0.8926853 -0.89368698 -0.89465231 -0.89558363 -0.89648302 -0.89735236 -0.89819335 -0.89900754 -0.89979637 -0.90056115 -0.90130309 -0.90202334 -0.90272295 -0.90340289 -0.90406408 -0.90470739 -0.90533363 -0.90594354 -0.90653785 -0.90711723 -0.9076823 -0.90823367 -0.90877189
-0.97855833 -0.96726772 -0.92159593 -0.8993494 -0.88559972 -0.87380366 -0.86071647 -0.84208184 -0.80900709 -0.78210849 -0.81181287 -0.83435282 -0.84561162 -0.85274285 -0.8580163 -0.86219923 -0.8656574 -0.86860675 -0.8711853 -0.8734847 -0.87556765 -0.87747821 -0.87924812 -0.88090073 -0.88245357 -0.88392003 -0.88531054 -0.88663339 -0.88789528 -0.88910171 -0.89025733 -0.89136607 -0.89243134 -0.89345613 -0.8944431 -0.8953946 -0.89631279 -0.8971996 -0.89805681 -0.89888605 -0.89968883 -0.90046652 -0.90122043 -0.90195175 -0.9026616 -0.90335101 -0.90402097 -0.90467238 -0.90530611 -0.90592295 -0.90652366 -0.90710894 -0.90767948 -0.90823588 -0.90877876
-0.94584178 -0.94003532 -0.91567997 -0.89703838 -0.88330427 -0.87115187 -0.85827062 -0.84218769 -0.81890198 -0.80244632 -0.81986129 -0.83733441 -0.84735872 -0.85376823 -0.85847897 -0.86225444 -0.86543836 -0.86821302 -0.87068726 -0.87293103 -0.87499158 -0.87690204 -0.87868647 -0.88036282 -0.88194488 -0.88344346 -0.88486724 -0.88622334 -0.8875177 -0.88875536 -0.88994068 -0.89107743 -0.89216899 -0.89321834 -0.89422816 -0.89520091 -0.8961388 -0.89704385 -0.89791795 -0.8987628 -0.89958 -0.90037103 -0.90113725 -0.90187994 -0.90260028 -0.90329939 -0.9039783 -0.90463798 -0.90527933 -0.90590321 -0.90651042 -0.9071017 -0.90767776 -0.90823927 -0.90878685
-0.9493611 -0.92533948 -0.90768589 -0.89278123 -0.87993971 -0.86771263 -0.85472947 -0.84125949 -0.83101049 -0.82803937 -0.83368612 -0.84219182 -0.84920285 -0.85448114 -0.85862051 -0.86205258 -0.86502244 -0.86766827 -0.87007203 -0.87228527 -0.87434228 -0.87626706 -0.87807721 -0.87978615 -0.8814045 -0.88294093 -0.88440267 -0.88579589 -0.88712593 -0.88839749 -0.88961472 -0.89078136 -0.89190075 -0.89297595 -0.89400973 -0.89500462 -0.89596297 -0.89688691 -0.89777841 -0.89863932 -0.89947132 -0.90027599 -0.90105478 -0.90180905 -0.90254007 -0.90324902 -0.90393699 -0.90460503 -0.90525409 -0.90588507 -0.90649882 -0.90709613 -0.90767775 -0.90824438 -0.90879667
-0.94712855 -0.91978196 -0.9019201 -0.88817313 -0.87590539 -0.86339044 -0.84816874 -0.82815676 -0.8168306 -0.82707079 -0.83741373 -0.8446956 -0.85028554 -0.85473162 -0.85840704 -0.86157294 -0.8643911 -0.86695716 -0.86932823 -0.87153984 -0.87361543 -0.87557151 -0.87742048 -0.87917218 -0.8808348 -0.88241537 -0.88392006 -0.88535439 -0.88672332 -0.88803135 -0.88928259 -0.89048079 -0.8916294 -0.89273156 -0.8937902 -0.89480798 -0.89578738 -0.89673068 -0.89763998 -0.89851725 -0.8993643 -0.9001828 -0.9009743 -0.90174027 -0.90248205 -0.9032009 -0.90389799 -0.90457441 -0.90523118 -0.90586926 -0.90648955 -0.90709288 -0.90768004 -0.90825177 -0.90880875
-0.92773454 -0.91127886 -0.89619862 -0.88333177 -0.87156923 -0.85927422 -0.84277246 -0.81298067 -0.79111065 -0.8195486 -0.8370578 -0.84526091 -0.85044052 -0.85442789 -0.85780091 -0.86079662 -0.86353239 -0.86607178 -0.86845118 -0.87069275 -0.87281116 -0.8748171 -0.87671912 -0.8785245 -0.88023979 -0.88187098 -0.88342365 -0.88490299 -0.88631385 -0.88766073 -0.88894783 -0.89017905 -0.891358 -0.89248801 -0.89357218 -0.89461337 -0.89561423 -0.89657719 -0.89750452 -0.89839831 -0.8992605 -0.9000929 -0.90089716 -0.90167484 -0.90242737 -0.90315609 -0.90386225 -0.904547 -0.90521144 -0.90585657 -0.90648334 -0.90709262 -0.90768526 -0.90826201 -0.90882362
-0.9260762 -0.90534529 -0.89053071 -0.87811006 -0.86690934 -0.85584806 -0.84318935 -0.82633594 -0.81621111 -0.82775768 -0.83882502 -0.8454288 -0.84996386 -0.85360473 -0.85679716 -0.8597179 -0.86244413 -0.86501287 -0.86744367 -0.86974819 -0.87193458 -0.87400952 -0.87597907 -0.8778491 -0.87962535 -0.88131343 -0.88291881 -0.88444673 -0.88590219 -0.88728994 -0.88861442 -0.88987978 -0.89108989 -0.89224835 -0.89335848 -0.89442336 -0.89544585 -0.89642857 -0.89737396 -0.89828426 -0.89916156 -0.90000779 -0.90082471 -0.90161399 -0.90237716 -0.90311564 -0.90383075 -0.90452373 -0.90519571 -0.90584776 -0.90648089 -0.90709601 -0.90769401 -0.90827569 -0.90884181
-0.91792961 -0.89927703 -0.88450924 -0.87222278 -0.86144121 -0.85141766 -0.84204254 -0.83515246 -0.83300059 -0.83589997 -0.84071192 -0.84512517 -0.84890953 -0.85228418 -0.85540461 -0.85834473 -0.86113587 -0.86379115 -0.86631684 -0.86871718 -0.87099627 -0.8731587 -0.8752096 -0.87715453 -0.87899933 -0.88074988 -0.88241205 -0.88399152 -0.88549374 -0.88692387 -0.88828677 -0.88958697 -0.89082869 -0.89201583 -0.89315203 -0.89424061 -0.89528466 -0.89628702 -0.89725031 -0.89817694 -0.89906914 -0.89992898 -0.90075835 -0.90155902 -0.90233261 -0.90308064 -0.90380449 -0.90450548 -0.90518481 -0.90584361 -0.90648291 -0.90710371 -0.9077069 -0.90829335 -0.90886385
-0.91116629 -0.89258049 -0.87767008 -0.86536892 -0.85488104 -0.84513079 -0.83456019 -0.8277172 -0.83208181 -0.83651252 -0.84019289 -0.84373047 -0.84715349 -0.85045619 -0.85363916 -0.8566992 -0.85963065 -0.86242868 -0.86509096 -0.86761795 -0.87001244 -0.87227898 -0.87442333 -0.87645192 -0.87837153 -0.88018899 -0.88191105 -0.88354417 -0.88509451 -0.88656787 -0.88796965 -0.88930488 -0.8905782 -0.8917939 -0.89295592 -0.8940679 -0.89513317 -0.8961548 -0.89713561 -0.89807819 -0.89898493 -0.89985802 -0.90069948 -0.9015112 -0.90229489 -0.90305215 -0.90378446 -0.90449318 -0.9051796 -0.90584488 -0.90649013 -0.90711638 -0.90772456 -0.90831559 -0.90889027
-0.90505868 -0.88524469 -0.86972935 -0.85730505 -0.84731486 -0.83875723 -0.82891651 -0.82076885 -0.82868156 -0.8340681 -0.83773421 -0.84119685 -0.84467831 -0.84814498 -0.85154043 -0.85482308 -0.85796739 -0.86095997 -0.86379595 -0.8664761 -0.86900487 -0.8713889 -0.87363606 -0.87575476 -0.87775354 -0.87964077 -0.88142446 -0.8831122 -0.8847111 -0.88622772 -0.88766817 -0.88903802 -0.89034243 -0.89158609 -0.89277333 -0.89390807 -0.89499393 -0.89603421 -0.89703195 -0.8979899 -0.89891062 -0.89979644 -0.90064951 -0.90147181 -0.90226516 -0.90303125 -0.90377162 -0.90448773 -0.90518089 -0.90585235 -0.90650325 -0.90713467 -0.90774759 -0.90834294 -0.90892158
-0.8972501 -0.87666264 -0.8603936 -0.84773814 -0.83833192 -0.83180775 -0.82760766 -0.8258818 -0.82757625 -0.83060424 -0.83404716 -0.83775904 -0.84159923 -0.8454386 -0.84918517 -0.85278301 -0.85620271 -0.85943241 -0.86247109 -0.86532412 -0.86800044 -0.87051073 -0.87286633 -0.87507859 -0.87715845 -0.87911627 -0.88096172 -0.88270373 -0.88435049 -0.8859095 -0.8873876 -0.88879103 -0.89012546 -0.89139603 -0.89260745 -0.89376397 -0.89486949 -0.89592754 -0.89694137 -0.89791392 -0.89884789 -0.89974577 -0.90060981 -0.90144211 -0.90224458 -0.90301898 -0.90376696 -0.90449 -0.9051895 -0.90586676 -0.90652296 -0.90715922 -0.90777656 -0.90837596 -0.9089583
-0.88873302 -0.86679064 -0.84961075 -0.83658906 -0.82756291 -0.82235797 -0.82043216 -0.82061968 -0.82235521 -0.82540389 -0.82931749 -0.83365271 -0.83810255 -0.84248199 -0.84668844 -0.85067109 -0.85441046 -0.85790518 -0.86116389 -0.86420026 -0.86703007 -0.86966962 -0.87213474 -0.87444037 -0.87660034 -0.87862732 -0.8805328 -0.88232719 -0.88401991 -0.88561941 -0.88713335 -0.8885686 -0.88993139 -0.89122733 -0.89246148 -0.89363844 -0.89476237 -0.89583704 -0.8968659 -0.89785207 -0.89879839 -0.89970749 -0.90058174 -0.90142333 -0.90223426 -0.90301638 -0.90377139 -0.90450086 -0.90520623 -0.90588884 -0.90654993 -0.90719065 -0.90781206 -0.90841517 -0.9090009
-0.87876281 -0.85585632 -0.83778073 -0.82438453 -0.81579274 -0.81278127 -0.81669399 -0.81416874 -0.81504764 -0.81894413 -0.82390574 -0.82919051 -0.83443801 -0.83946759 -0.84419752 -0.84860047 -0.85267804 -0.85644627 -0.85992762 -0.86314653 -0.86612719 -0.86889238 -0.87146295 -0.87385779 -0.87609377 -0.87818597 -0.88014777 -0.88199112 -0.88372659 -0.88536366 -0.88691074 -0.88837536 -0.88976427 -0.89108352 -0.89233854 -0.89353423 -0.89467502 -0.8957649 -0.8968075 -0.89780611 -0.89876371 -0.89968305 -0.9005666 -0.90141665 -0.90223529 -0.90302443 -0.90378583 -0.90452113 -0.90523182 -0.90591928 -0.90658479 -0.90722955 -0.90785464 -0.9084611 -0.90904987
-0.86825805 -0.84464687 -0.82586861 -0.81233769 -0.80410496 -0.80183771 -0.80973719 -0.80587279 -0.80693462 -0.81211681 -0.81840146 -0.82479246 -0.83091327 -0.83662212 -0.8418803 -0.84669645 -0.85109992 -0.85512765 -0.85881768 -0.86220608 -0.86532573 -0.86820596 -0.87087261 -0.87334838 -0.87565307 -0.87780406 -0.87981651 -0.88170376 -0.88347755 -0.88514821 -0.8867249 -0.88821573 -0.88962794 -0.89096797 -0.89224159 -0.89345398 -0.89460978 -0.89571321 -0.89676804 -0.89777772 -0.89874536 -0.8996738 -0.90056562 -0.9014232 -0.90224868 -0.90304405 -0.90381114 -0.90455161 -0.90526701 -0.90595876 -0.90662818 -0.90727649 -0.90790482 -0.90851421 -0.90910565
-0.85837172 -0.83431993 -0.81520523 -0.80249696 -0.79602523 -0.79124714 -0.79421431 -0.79280818 -0.79824588 -0.80564741 -0.81343183 -0.82092041 -0.82785838 -0.83418175 -0.83990748 -0.84508394 -0.84976878 -0.85401907 -0.85788728 -0.86142001 -0.86465782 -0.86763579 -0.87038405 -0.87292857 -0.87529167 -0.87749264 -0.8795482 -0.88147286 -0.8832793 -0.88497863 -0.88658061 -0.88809386 -0.88952601 -0.89088384 -0.89217341 -0.89340012 -0.89456883 -0.89568389 -0.89674925 -0.89776845 -0.89874473 -0.89968102 -0.90057997 -0.90144402 -0.9022754 -0.90307614 -0.90384811 -0.90459302 -0.90531247 -0.9060079 -0.90668066 -0.907332 -0.90796309 -0.90857498 -0.90916867
-0.8500969 -0.82591484 -0.80654145 -0.79541008 -0.80034548 -0.7801312 -0.77504953 -0.78166534 -0.79093386 -0.80052279 -0.80963929 -0.81801356 -0.82557712 -0.83235935 -0.83843066 -0.84387288 -0.84876573 -0.85318134 -0.85718276 -0.86082412 -0.86415152 -0.86720411 -0.87001511 -0.87261283 -0.8750214 -0.87726152 -0.87935101 -0.88130527 -0.88313768 -0.8848599 -0.88648216 -0.88801345 -0.8894617 -0.89083397 -0.8921365 -0.89337488 -0.89455413 -0.89567872 -0.89675271 -0.89777974 -0.89876313 -0.89970588 -0.9006107 -0.9014801 -0.90231634 -0.9031215 -0.90389749 -0.90464606 -0.90536883 -0.90606727 -0.90674277 -0.90739659 -0.90802991 -0.90864382 -0.90923934
-0.84407441 -0.82010314 -0.79963877 -0.78440008 -0.7780577 -0.76082147 -0.75985061 -0.77445176 -0.78672662 -0.79768873 -0.80756616 -0.81641178 -0.82429563 -0.83131134 -0.83756122 -0.84314449 -0.84815125 -0.85266037 -0.85673951 -0.86044612 -0.86382878 -0.86692853 -0.86978007 -0.87241285 -0.87485193 -0.87711875 -0.87923173 -0.88120675 -0.88305759 -0.88479624 -0.8864332 -0.88797769 -0.88943782 -0.8908208 -0.89213303 -0.8933802 -0.89456741 -0.89569925 -0.89677982 -0.89781285 -0.8988017 -0.89974942 -0.90065877 -0.90153229 -0.90237229 -0.90318086 -0.90395996 -0.90471134 -0.90543666 -0.90613742 -0.90681501 -0.90747071 -0.90810572 -0.90872114 -0.909318
-0.8404801 -0.81738483 -0.79598183 -0.77352786 -0.73569175 -0.73573735 -0.75591893 -0.77381772 -0.78656047 -0.79762099 -0.80747584 -0.81627425 -0.82411941 -0.83111272 -0.83735502 -0.84294165 -0.84795898 -0.85248293 -0.85657909 -0.86030356 -0.86370403 -0.866821 -0.86968889 -0.87233699 -0.87479033 -0.87707035 -0.8791955 -0.88118173 -0.88304288 -0.88479101 -0.88643668 -0.88798916 -0.88945665 -0.89084639 -0.89216483 -0.8934177 -0.89461016 -0.89574681 -0.8968318 -0.89786888 -0.89886144 -0.89981255 -0.90072501 -0.90160137 -0.90244395 -0.90325488 -0.90403611 -0.90478943 -0.90551649 -0.90621882 -0.90689781 -0.90755477 -0.90819089 -0.9088073 -0.90940502
-0.83899835 -0.81777834 -0.79770408 -0.77784667 -0.75894211 -0.76004095 -0.76764377 -0.77933656 -0.79021721 -0.80016944 -0.80927158 -0.81754274 -0.82501647 -0.83174845 -0.83780739 -0.84326569 -0.84819342 -0.85265505 -0.85670809 -0.86040298 -0.86378347 -0.86688725 -0.86974678 -0.87238997 -0.87484083 -0.87712009 -0.87924569 -0.88123322 -0.88309623 -0.8848466 -0.88649473 -0.88804981 -0.88951993 -0.8909123 -0.89223332 -0.89348869 -0.89468354 -0.89582247 -0.89690962 -0.89794872 -0.89894318 -0.89989605 -0.90081014 -0.90168799 -0.90253194 -0.90334411 -0.90412646 -0.9048808 -0.90560876 -0.90631189 -0.90699158 -0.90764914 -0.90828577 -0.9089026 -0.90950067
-0.83893709 -0.82032977 -0.80282352 -0.78541171 -0.77065338 -0.77774601 -0.78173428 -0.78846115 -0.79646852 -0.80465028 -0.81255148 -0.81997343 -0.82683616 -0.83312467 -0.83885973 -0.84408017 -0.84883221 -0.85316329 -0.85711874 -0.86074026 -0.86406526 -0.86712689 -0.86995425 -0.87257278 -0.87500471 -0.8772694 -0.87938379 -0.88136269 -0.88321908 -0.88496438 -0.88660867 -0.88816085 -0.88962882 -0.89101962 -0.8923395 -0.89359409 -0.89478843 -0.89592705 -0.89701404 -0.89805309 -0.89904757 -0.90000052 -0.90091471 -0.90179268 -0.90263674 -0.90344902 -0.90423146 -0.90498586 -0.90571386 -0.90641698 -0.90709664 -0.90775412 -0.90839065 -0.90900734 -0.90960522
-0.83953784 -0.82379495 -0.80952118 -0.79854269 -0.79246543 -0.79173999 -0.79372696 -0.79793698 -0.80369598 -0.81015561 -0.81676678 -0.82322107 -0.82935596 -0.83509558 -0.84041544 -0.84532055 -0.84983194 -0.85397834 -0.85779123 -0.861302 -0.86454042 -0.86753393 -0.87030737 -0.87288297 -0.87528051 -0.87751751 -0.87960949 -0.88157016 -0.88341167 -0.88514476 -0.88677898 -0.88832283 -0.88978389 -0.89116891 -0.89248396 -0.89373449 -0.89492539 -0.89606109 -0.89714558 -0.89818248 -0.89917509 -0.90012641 -0.90103916 -0.90191585 -0.90275875 -0.90356998 -0.90435145 -0.90510494 -0.90583209 -0.9065344 -0.90721327 -0.90787 -0.90850579 -0.90912174 -0.9097189
-0.84014499 -0.82698 -0.81540187 -0.80863871 -0.80908278 -0.80345413 -0.80354593 -0.80643791 -0.810778 -0.81591403 -0.82139913 -0.82693521 -0.83233659 -0.83749635 -0.84235998 -0.84690664 -0.85113609 -0.85506013 -0.85869698 -0.86206774 -0.86519423 -0.86809778 -0.87079851 -0.87331503 -0.87566428 -0.87786161 -0.87992082 -0.88185429 -0.88367309 -0.88538714 -0.88700533 -0.88853561 -0.88998512 -0.89136028 -0.89266687 -0.8939101 -0.89509467 -0.89622486 -0.89730453 -0.89833719 -0.89932605 -0.90027402 -0.90118379 -0.90205778 -0.90289825 -0.90370726 -0.90448669 -0.9052383 -0.90596369 -0.90666437 -0.9073417 -0.90799698 -0.90863137 -0.909246 -0.90984189
-0.84016798 -0.82868613 -0.81857826 -0.81192612 -0.80961979 -0.80938234 -0.81078554 -0.8135077 -0.81716146 -0.82143763 -0.82606626 -0.830829 -0.83556633 -0.84017155 -0.84457944 -0.84875482 -0.85268313 -0.85636323 -0.85980233 -0.86301243 -0.86600799 -0.86880442 -0.87141714 -0.87386101 -0.87615003 -0.87829717 -0.88031436 -0.88221248 -0.88400141 -0.8856901 -0.88728666 -0.88879841 -0.89023197 -0.89159335 -0.89288797 -0.89412077 -0.89529621 -0.89641836 -0.89749093 -0.8985173 -0.89950055 -0.9004435 -0.90134874 -0.90221865 -0.90305541 -0.90386102 -0.90463735 -0.9053861 -0.90610884 -0.90680706 -0.90748209 -0.90813521 -0.90876757 -0.90938028 -0.90997433
