Cobbity2/QGIS/smother_interp.asc
NCOLS 299
NROWS 209
XLLCORNER 150.661
YLLCORNER -34.0267
CELLSIZE 1e-05
NODATA_VALUE -9999
[rows 182 to 207 of 209, columns 120 to 179 of 299]
4.6411165 4.6327153 4.62222 4.6091063 4.5927497 4.5744275 4.5733925 4.5861555 4.5841524 4.5756826 4.5642436 4.5478769 4.5280988 4.5100694 4.4902983 4.545066 4.5840159 4.6017199 4.6093769 4.6112394 4.6120245 4.622927 4.6330794 4.6423943 4.6511046 4.6594736 4.6678415 4.6766563 4.6865383 4.6947929 4.6959045 4.7015219 4.7125452 4.7281767 4.7492098 4.7753476 4.7462191 4.7247977 4.7125044 4.7038403 4.6969191 4.6905545 4.6828172 4.6669191 4.6605871 4.6840909 4.6999047 4.7131013 4.7256138 4.7380657 4.7484035 4.7485897 4.7485069 4.7517403 4.7575304 4.7653151 4.7748882 4.7873755 4.8095439 4.8255799
4.6410474 4.6336134 4.6247025 4.6142661 4.6028437 4.5929805 4.589133 4.5895839 4.5788458 4.5583546 4.5463992 4.5059142 4.505647 4.4781984 4.5302372 4.5620249 4.5868191 4.5992447 4.6007397 4.602571 4.6115391 4.6218497 4.6322748 4.6417229 4.6504934 4.6589866 4.6676192 4.6768933 4.6878888 4.6990112 4.6968033 4.7028476 4.7165437 4.7369412 4.7661386 4.7645027 4.74169 4.7241565 4.7116263 4.7021672 4.6943716 4.68767 4.6823285 4.6790358 4.6800172 4.6892784 4.701535 4.7144865 4.7265522 4.7339274 4.7377624 4.7400654 4.7424708 4.7464475 4.7520716 4.7590581 4.7672754 4.7772391 4.7899967 4.7964858
4.6416405 4.6351716 4.6276977 4.6193444 4.6106004 4.602423 4.5955104 4.5889929 4.5739182 4.5537327 4.5442723 4.4961045 4.519511 4.5305395 4.5541177 4.5768031 4.5922165 4.5978356 4.5869286 4.5739496 4.6033893 4.619929 4.6311256 4.6405937 4.6492657 4.6576752 4.6663233 4.6755773 4.6843818 4.6899938 4.6942664 4.7034436 4.7194666 4.7424393 4.7704964 4.7669699 4.7403719 4.7226941 4.7099249 4.6996362 4.6905034 4.6822804 4.6775411 4.6797655 4.6811506 4.690067 4.702285 4.7184793 4.7408846 4.7440899 4.7351852 4.7341957 4.7366727 4.7408021 4.7460633 4.7520913 4.7586105 4.7652996 4.7709323 4.7744826
4.6426745 4.6370794 4.6307857 4.6239139 4.6167204 4.6095147 4.6023498 4.5943823 4.5833769 4.5718937 4.5613895 4.5483826 4.5520284 4.5627291 4.5758792 4.5888508 4.5975511 4.599445 4.5936127 4.5904647 4.6049759 4.6188416 4.6296082 4.6387661 4.6470919 4.6551101 4.6634544 4.6732519 4.6858937 4.6885252 4.6914435 4.7028234 4.7207425 4.7477901 4.7888487 4.7669551 4.7384549 4.7208967 4.7078475 4.6966226 4.6855113 4.6734098 4.6604421 4.6636621 4.6753052 4.687566 4.7009879 4.718551 4.7549129 4.7554976 4.7328324 4.7288848 4.7308864 4.7348748 4.7396786 4.7446886 4.7497481 4.7567626 4.7668026 4.7643585
4.6439858 4.6391491 4.6338102 4.6280546 4.6220137 4.6158045 4.6094048 4.6025238 4.5949229 4.587463 4.5809752 4.5767048 4.5779051 4.5835981 4.5911165 4.5981018 4.6020898 4.6010158 4.5942395 4.5955982 4.606736 4.6175295 4.6272339 4.6358449 4.6435761 4.6507567 4.6580241 4.6661544 4.6764562 4.6826307 4.6882426 4.7008664 4.7191161 4.7439692 4.7699636 4.75924 4.735973 4.7189828 4.7059279 4.6939363 4.6806617 4.6639442 4.6432043 4.6421424 4.6681949 4.6838601 4.6978451 4.7135385 4.7220758 4.7274539 4.7228902 4.7220897 4.7246374 4.7286482 4.7330477 4.7368563 4.7389309 4.741418 4.7571815 4.7544263
4.6454624 4.6412765 4.6367231 4.6318646 4.6267825 4.6215503 4.6161987 4.610729 4.6052733 4.6002843 4.5963903 4.5943971 4.5950465 4.5979742 4.601862 4.6050612 4.605816 4.6025201 4.5954702 4.5956641 4.60381 4.6137266 4.6230277 4.6312932 4.6383118 4.6440288 4.6492975 4.6569281 4.6613401 4.6714019 4.6835219 4.6976032 4.715042 4.7374425 4.7703086 4.7623835 4.7336876 4.717363 4.7048918 4.6928608 4.6779409 4.6570977 4.6236748 4.6448936 4.6669374 4.6790307 4.6884319 4.7104473 4.7104814 4.7093565 4.7114675 4.7141227 4.7177922 4.7221005 4.7263483 4.7292018 4.7270687 4.7099291 4.7003629 4.7315196
4.6470291 4.6434014 4.6395051 4.6353909 4.631123 4.6267701 4.6224019 4.6181112 4.6140717 4.6105783 4.6080064 4.6067232 4.6068888 4.6081873 4.6098056 4.6106005 4.6092326 4.6043113 4.5943664 4.5814957 4.593324 4.6059074 4.6158045 4.624519 4.6310537 4.6345945 4.6333932 4.639032 4.6561968 4.6651237 4.6790677 4.6935527 4.7092817 4.7273593 4.7455415 4.7451945 4.7333904 4.7160022 4.7056164 4.6954258 4.680651 4.650854 4.6393982 4.6556807 4.6683555 4.6723941 4.6624842 4.6647432 4.6876806 4.6958403 4.7011139 4.7057559 4.710409 4.715174 4.7196812 4.7227851 4.721432 4.7102079 4.7057719 4.7244525
4.6486345 4.6454862 4.6421441 4.6386528 4.6350692 4.6314602 4.6279057 4.6245095 4.6214172 4.6188176 4.6169115 4.6158416 4.6155875 4.6158651 4.6160993 4.6154557 4.6128281 4.6065204 4.5928004 4.5749733 4.5858553 4.5899479 4.6038626 4.614808 4.6218632 4.6237315 4.6178757 4.6029487 4.6406363 4.6610467 4.6758983 4.689517 4.7028337 4.7160029 4.7281017 4.7421523 4.7298081 4.7117405 4.7088794 4.7069825 4.6894355 4.677602 4.6581141 4.6657783 4.6703782 4.6680034 4.6548512 4.6534666 4.6730405 4.6841253 4.6912564 4.6970443 4.702392 4.7076443 4.7127501 4.7170512 4.7192249 4.7187268 4.7200791 4.7265136
4.6502432 4.6475067 4.644633 4.6416623 4.6386457 4.6356444 4.6327319 4.6299972 4.6275467 4.6254956 4.6239424 4.6229248 4.6223646 4.6220214 4.6214736 4.620118 4.6171523 4.6115259 4.6024936 4.5929699 4.5766108 4.5540989 4.5914993 4.5997913 4.6112935 4.6120329 4.6181367 4.6260409 4.6430821 4.6602829 4.6740631 4.6860663 4.6970364 4.7070319 4.7156046 4.7206343 4.7153479 4.7101287 4.7102166 4.7158089 4.6941392 4.6838349 4.6754658 4.6734679 4.6718055 4.6652488 4.6516937 4.6511135 4.6640562 4.673593 4.6811832 4.6876393 4.6934251 4.6990582 4.7049493 4.7107228 4.7154805 4.718965 4.7222463 4.7262393
4.651831 4.6494479 4.64697 4.6444333 4.6418823 4.6393698 4.6369569 4.6347125 4.6327094 4.6310148 4.6296715 4.6286716 4.6279272 4.6272476 4.6263312 4.6247702 4.6220713 4.6177384 4.6115077 4.6027117 4.586379 4.5753686 4.595785 4.5932523 4.6073967 4.6183776 4.6252085 4.6373156 4.6496121 4.6620715 4.6733788 4.6834168 4.6923136 4.6999557 4.7058316 4.7088432 4.7083857 4.7065047 4.7047394 4.7020904 4.6941086 4.6866124 4.6812337 4.6773843 4.672723 4.6639212 4.6493345 4.6460089 4.6518141 4.6612431 4.6696618 4.6771189 4.6831577 4.6886884 4.6955854 4.7033522 4.7102249 4.7156444 4.7200188 4.7238604
4.6533817 4.6513018 4.6491584 4.646983 4.6448134 4.6426932 4.6406706 4.6387962 4.6371185 4.635675 4.6344805 4.6335106 4.6326874 4.6318693 4.6308507 4.629374 4.6271604 4.6239647 4.6196066 4.6138195 4.6070469 4.6047946 4.6092195 4.6117131 4.6191218 4.6281168 4.6357872 4.6449182 4.6546425 4.6642879 4.6733404 4.6815238 4.6887031 4.6946902 4.6991592 4.7017294 4.7023564 4.7015419 4.6997672 4.6968517 4.6924948 4.6877947 4.6835337 4.6793312 4.6738465 4.6652751 4.6520765 4.6276767 4.6326089 4.6439415 4.655138 4.6657166 4.6719995 4.6754514 4.6841572 4.6954692 4.7046678 4.7114966 4.7166634 4.7207661
4.654885 4.6530654 4.6512051 4.6493311 4.6474749 4.6456715 4.6439579 4.6423708 4.6409417 4.6396915 4.6386218 4.6377064 4.6368843 4.6360562 4.6350896 4.6338323 4.6321388 4.629909 4.6271325 4.6239979 4.6213168 4.6207057 4.6224906 4.6256011 4.6306356 4.636974 4.6436988 4.6509994 4.6586785 4.6663293 4.6736029 4.680246 4.6860714 4.6908984 4.694531 4.6968133 4.6977419 4.6974907 4.6962631 4.6941563 4.6913054 4.6880514 4.6845945 4.6806449 4.6753866 4.667578 4.6553191 4.6386984 4.6314477 4.6078433 4.6402783 4.6548419 4.6633102 4.6613418 4.673937 4.6893461 4.7002204 4.7078397 4.7134333 4.7177317
4.6563351 4.6547394 4.6531194 4.651498 4.6499011 4.6483565 4.6468924 4.6455351 4.6443057 4.6432158 4.6422625 4.6414239 4.640656 4.6398937 4.6390566 4.6380619 4.636845 4.6353899 4.633771 4.6322247 4.6312294 4.6313635 4.6328457 4.6355691 4.6394954 4.6443751 4.649864 4.655789 4.6619592 4.6681182 4.6740156 4.6794407 4.6842205 4.6882047 4.6912646 4.6933178 4.6943621 4.6944771 4.6937805 4.6923904 4.6904381 4.6880585 4.6852751 4.6818745 4.6773793 4.6711286 4.6625837 4.6522879 4.6376374 4.6198248 4.6438975 4.6509592 4.661514 4.6650231 4.6747315 4.6878172 4.6979254 4.7053114 4.7108419 4.7151161
4.6577294 4.6563267 4.6549117 4.6535034 4.6521231 4.6507928 4.6495341 4.6483663 4.6473039 4.6463542 4.6455136 4.6447665 4.6440839 4.6434258 4.6427473 4.6420087 4.6411908 4.6403156 4.6394708 4.6388342 4.6386704 4.6392486 4.6407192 4.6431005 4.646337 4.6502901 4.6547752 4.6596202 4.6646508 4.6696776 4.6745134 4.6789902 4.6829643 4.6863158 4.6889527 4.6908215 4.6919178 4.6922852 4.691999 4.6911473 4.6898178 4.6880719 4.6858964 4.6831603 4.67962 4.6750004 4.6691738 4.662255 4.6544939 4.6504277 4.6556636 4.6607954 4.6673579 4.6736264 4.6808926 4.6896471 4.6975574 4.7039471 4.7090036 4.7130322
4.6590672 4.6578316 4.6565923 4.6553653 4.6541678 4.6530175 4.6519312 4.6509234 4.650005 4.6491812 4.64845 4.6478014 4.6472183 4.6466785 4.6461596 4.6456474 4.645145 4.6446862 4.6443455 4.644244 4.644535 4.6453655 4.6468306 4.6489575 4.6517121 4.6550089 4.6587281 4.6627363 4.6668922 4.6710493 4.6750637 4.6788032 4.6821526 4.6850177 4.6873288 4.6890461 4.6901633 4.6907056 4.6907214 4.6902699 4.6894071 4.6881675 4.6865426 4.6844696 4.6818489 4.678602 4.6747678 4.6706148 4.6669166 4.6653878 4.6669665 4.6702998 4.674824 4.6800546 4.6858786 4.6921604 4.6981632 4.7034052 4.7078035 4.7114481
4.6603493 4.659259 4.6581713 4.6570995 4.656058 4.6550609 4.6541216 4.6532517 4.6524597 4.6517503 4.6511233 4.6505739 4.6500932 4.6496708 4.6492985 4.6489753 4.6487141 4.6485481 4.6485348 4.6487551 4.6493024 4.6502632 4.651696 4.6536198 4.6560129 4.6588178 4.6619508 4.6653113 4.6687896 4.672272 4.6756468 4.6788101 4.681671 4.6841552 4.6862081 4.6877982 4.6889175 4.6895804 4.6898176 4.6896684 4.6891704 4.688349 4.6872085 4.6857327 4.6839014 4.6817294 4.6793234 4.6769539 4.6751311 4.6745241 4.6754757 4.6777712 4.6810868 4.6851257 4.6896513 4.6944117 4.6990589 4.7033127 4.7070511 4.7102663
4.6615771 4.6606138 4.6596576 4.65872 4.6578127 4.6569474 4.6561352 4.6553855 4.6547056 4.6541002 4.6535709 4.6531165 4.6527341 4.6524205 4.6521755 4.6520049 4.6519242 4.651962 4.652161 4.6525755 4.6532644 4.6542803 4.6556586 4.6574099 4.6595178 4.661941 4.6646181 4.6674733 4.6704222 4.6733765 4.6762491 4.6789588 4.6814336 4.6836149 4.6854592 4.6869403 4.6880498 4.6887949 4.6891954 4.6892779 4.6890701 4.6885945 4.687866 4.6868952 4.6857011 4.684335 4.6829103 4.6816312 4.6807944 4.6807142 4.6815714 4.6833447 4.6858911 4.6890252 4.6925518 4.6962638 4.6999458 4.7034191 4.706577 4.7093787
4.6627528 4.6619009 4.6610596 4.6602385 4.6594477 4.658697 4.6579955 4.6573515 4.6567714 4.6562602 4.6558208 4.6554545 4.6551621 4.6549451 4.6548072 4.6547569 4.6548095 4.654988 4.6553236 4.6558531 4.6566143 4.6576397 4.6589501 4.6605498 4.6624251 4.6645444 4.6668612 4.6693177 4.6718488 4.6743858 4.6768608 4.6792099 4.6813764 4.6833136 4.6849864 4.6863731 4.687465 4.6882651 4.6887864 4.689048 4.6890714 4.6888783 4.6884895 4.6879285 4.6872301 4.6864533 4.6856948 4.685097 4.6848366 4.6850836 4.685944 4.6874307 4.6894778 4.6919718 4.694775 4.6977389 4.7007172 4.7035867 4.7062613 4.708694
4.6638786 4.6631249 4.6623843 4.6616653 4.6609763 4.6603257 4.6597214 4.6591707 4.6586795 4.658253 4.6578949 4.6576083 4.6573962 4.6572624 4.6572125 4.6572557 4.6574055 4.6576799 4.6581017 4.6586959 4.6594869 4.6604947 4.6617309 4.6631958 4.664877 4.6667495 4.6687772 4.6709153 4.6731131 4.6753173 4.6774744 4.6795342 4.6814518 4.6831897 4.6847199 4.6860237 4.6870929 4.6879284 4.6885388 4.6889382 4.6891447 4.6891786 4.6890628 4.6888252 4.6885038 4.6881531 4.6878493 4.6876907 4.6877873 4.6882396 4.689113 4.6904227 4.6921351 4.6941802 4.6964652 4.6988869 4.7013436 4.7037464 4.7060278 4.7081439
4.6649567 4.6642899 4.6636382 4.6630088 4.6624092 4.6618466 4.661328 4.6608598 4.6604477 4.6600968 4.6598114 4.6595956 4.6594535 4.6593899 4.6594113 4.6595262 4.6597459 4.6600847 4.6605587 4.6611851 4.6619796 4.6629543 4.6641151 4.6654596 4.6669765 4.6686455 4.6704379 4.6723185 4.6742478 4.6761836 4.6780841 4.6799094 4.6816239 4.6831975 4.6846073 4.6858378 4.6868814 4.6877377 4.6884126 4.6889172 4.6892668 4.6894798 4.6895788 4.6895912 4.6895525 4.6895088 4.6895183 4.6896496 4.6899742 4.6905551 4.6914339 4.6926224 4.694102 4.695828 4.6977383 4.6997617 4.7018262 4.703867 4.7058313 4.7076811
4.6659896 4.6653999 4.6648267 4.6642766 4.6637558 4.6632708 4.6628278 4.6624326 4.6620906 4.6618068 4.6615857 4.6614319 4.6613498 4.6613448 4.661423 4.6615922 4.6618617 4.6622422 4.6627454 4.6633831 4.6641651 4.6650986 4.6661857 4.6674226 4.6687991 4.6702981 4.6718967 4.6735668 4.6752772 4.6769946 4.6786858 4.6803191 4.6818661 4.6833025 4.6846098 4.6857748 4.6867908 4.6876569 4.6883772 4.6889606 4.6894201 4.689772 4.6900369 4.6902395 4.6904106 4.6905877 4.6908148 4.6911404 4.6916128 4.6922731 4.6931484 4.6942474 4.6955584 4.6970524 4.6986873 4.7004133 4.7021792 4.7039371 4.705646 4.7072742
4.6669792 4.6664582 4.6659548 4.6654748 4.6650237 4.6646073 4.6642311 4.6639005 4.6636205 4.6633959 4.6632312 4.663131 4.6630999 4.663143 4.6632662 4.663476 4.66378 4.6641862 4.6647032 4.6653386 4.6660988 4.6669874 4.6680044 4.6691452 4.6704007 4.6717563 4.6731934 4.6746896 4.6762197 4.6777574 4.6792762 4.6807507 4.6821581 4.6834789 4.6846977 4.6858037 4.6867911 4.6876585 4.6884091 4.68905 4.6895921 4.6900496 4.6904403 4.6907855 4.6911109 4.6914463 4.6918249 4.6922816 4.6928499 4.6935576 4.6944228 4.6954514 4.696636 4.6979569 4.699385 4.7008854 4.7024209 4.7039558 4.7054585 4.7069029
4.6679278 4.6674681 4.6670268 4.666609 4.6662197 4.665864 4.665547 4.6652734 4.665048 4.6648753 4.6647596 4.6647055 4.6647172 4.6647997 4.6649581 4.6651978 4.6655249 4.6659455 4.6664656 4.6670903 4.6678234 4.6686663 4.6696177 4.6706728 4.6718233 4.6730569 4.6743583 4.6757092 4.6770894 4.6784777 4.679853 4.6811948 4.6824847 4.6837068 4.6848486 4.6859012 4.6868592 4.6877215 4.6884903 4.6891716 4.6897741 4.6903101 4.6907944 4.6912449 4.6916825 4.6921306 4.6926143 4.6931592 4.6937889 4.6945227 4.6953731 4.6963441 4.6974305 4.6986188 4.6998885 4.7012145 4.7025696 4.7039271 4.7052624 4.7065546
4.6688374 4.6684325 4.6680466 4.6676841 4.6673496 4.6670477 4.6667829 4.6665596 4.6663822 4.6662548 4.6661816 4.6661668 4.6662143 4.6663286 4.6665141 4.6667755 4.6671173 4.6675442 4.6680604 4.6686692 4.6693725 4.6701707 4.6710614 4.6720401 4.673099 4.674228 4.6754142 4.6766426 4.6778969 4.67916 4.6804146 4.6816443 4.6828343 4.6839715 4.6850455 4.686049 4.6869775 4.6878297 4.6886073 4.689315 4.6899601 4.6905527 4.691105 4.6916318 4.6921497 4.692677 4.6932329 4.6938361 4.6945037 4.6952494 4.6960819 4.697004 4.6980119 4.6990961 4.7002417 4.7014306 4.7026426 4.7038575 4.705056 4.7062214
4.6697098 4.669354 4.6690175 4.6687043 4.6684186 4.6681643 4.6679457 4.6677667 4.6676313 4.6675434 4.6675067 4.6675252 4.6676024 4.6677422 4.6679485 4.6682249 4.6685752 4.6690028 4.6695105 4.6701003 4.6707732 4.6715284 4.6723635 4.6732738 4.6742526 4.6752912 4.6763788 4.6775031 4.6786507 4.6798076 4.6809598 4.6820941 4.6831981 4.6842614 4.6852753 4.6862335 4.6871324 4.6879707 4.6887495 4.6894727 4.6901462 4.690778 4.6913783 4.6919589 4.6925329 4.6931147 4.6937188 4.6943592 4.6950484 4.6957963 4.696609 4.6974884 4.6984319 4.6994322 4.7004788 4.701558 4.7026548 4.7037536 4.7048396 4.7058991
4.6705468 4.670235 4.6699427 4.6696735 4.669431 4.669219 4.6690411 4.6689011 4.6688025 4.6687488 4.6687435 4.66879 4.6688917 4.6690519 4.6692737 4.6695602 4.6699144 4.6703386 4.6708349 4.6714043 4.6720469 4.6727616 4.6735457 4.674395 4.6753034 4.6762634 4.677266 4.678301 4.6793573 4.6804234 4.681488 4.68254 4.6835696 4.6845678 4.6855278 4.6864441 4.6873136 4.688135 4.6889093 4.6896393 4.6903297 4.6909872 4.6916197 4.6922367 4.6928486 4.6934664 4.6941013 4.6947638 4.6954632 4.6962065 4.6969983 4.6978398 4.6987289 4.6996603 4.7006261 4.7016161 4.7026189 4.7036223 4.7046148 4.7055854
