Cobbity2/QGIS/smother_interp.asc
NCOLS 299
NROWS 209
XLLCORNER 150.661
YLLCORNER -34.0267
CELLSIZE 1e-05
NODATA_VALUE -9999
[rows 26 to 51 of 209, columns 120 to 179 of 299]
4.6759856 4.6730106 4.6688871 4.6623743 4.6554896 4.6673582 4.6807792 4.6922337 4.6997957 4.6967657 4.6964902 4.6962852 4.6957009 4.6946858 4.6929513 4.6899015 4.6856592 4.6849315 4.6903249 4.6991164 4.7075734 4.7164565 4.7182495 4.7140083 4.7119106 4.711697 4.7128507 4.7154654 4.7202554 4.7291111 4.7420955 4.7373091 4.7240428 4.7091628 4.6924081 4.6727295 4.6480559 4.6214988 4.621345 4.6478179 4.6681703 4.6813231 4.6898218 4.6951465 4.6978858 4.6973807 4.6944749 4.7008406 4.7059274 4.7055197 4.6933039 4.6592187 4.6891274 4.7288571 4.7546839 4.7758676 4.7972349 4.8220719 4.8548774 4.9080292
4.6731564 4.6699541 4.6657947 4.6609371 4.6604839 4.6668891 4.6730119 4.6763046 4.6813768 4.684479 4.686907 4.6882969 4.6884539 4.6875027 4.6852091 4.6802265 4.6679523 4.6611192 4.6806633 4.6924617 4.7018948 4.7201047 4.7230445 4.7096076 4.7067107 4.7068921 4.7085283 4.7115901 4.7166622 4.7258336 4.742234 4.7337568 4.7154446 4.7009797 4.6854245 4.6652321 4.6339118 4.5884283 4.6053022 4.6438235 4.6660088 4.6793033 4.6874928 4.6922594 4.6944012 4.6940914 4.6914642 4.6973431 4.7014792 4.6995914 4.6874514 4.6603881 4.6844028 4.7172299 4.7429729 4.7658542 4.7886011 4.8134275 4.8426477 4.8746706
4.6702581 4.6666232 4.6618985 4.6542328 4.6520892 4.6623942 4.6645418 4.652555 4.6510474 4.6704861 4.6783542 4.681237 4.6818108 4.6807652 4.6781168 4.6733389 4.6637222 4.658338 4.6751177 4.6852765 4.6901657 4.6938846 4.6999626 4.7001607 4.700466 4.7018138 4.7041581 4.7079467 4.713782 4.7202434 4.7227067 4.7175118 4.7065749 4.6944338 4.6802715 4.6608504 4.6275184 4.5630798 4.5911213 4.6422762 4.6655255 4.6782477 4.6856725 4.6894046 4.6898466 4.6888575 4.6914767 4.6955275 4.6977174 4.6957789 4.6876907 4.6742493 4.6880544 4.7117125 4.7354626 4.7587919 4.7822481 4.8067972 4.8337195 4.8674696
4.667333 4.6629098 4.6576401 4.6541367 4.6553784 4.6599104 4.6602601 4.6525958 4.6520993 4.6650747 4.6722861 4.6752659 4.6757583 4.6743516 4.6709332 4.6653591 4.6620409 4.6661388 4.673288 4.6786629 4.6790678 4.67034 4.6818582 4.6904683 4.6939964 4.69661 4.6996373 4.7044188 4.7141238 4.7309314 4.724321 4.709898 4.6996382 4.6893237 4.6770151 4.6603607 4.6374985 4.6193177 4.6277704 4.6503156 4.6674898 4.6782037 4.684418 4.6868873 4.684233 4.6738332 4.6820933 4.6914539 4.6936558 4.6916579 4.6875272 4.6890276 4.6905407 4.7066043 4.7297092 4.7539564 4.7785179 4.8038054 4.8299906 4.84917
4.6646248 4.6589235 4.6490997 4.6385496 4.649123 4.6566673 4.6565273 4.6536663 4.6567506 4.6631195 4.6679457 4.6701731 4.6701702 4.6682101 4.6638431 4.6537742 4.6428005 4.6589175 4.6683493 4.6716874 4.6722048 4.6731824 4.6778521 4.6838649 4.6881803 4.6914556 4.6946619 4.6992186 4.7091163 4.7286939 4.7209149 4.7041009 4.6941997 4.6854227 4.6752047 4.6610411 4.6357205 4.600305 4.63275 4.656767 4.6703202 4.6788252 4.6836916 4.6852737 4.6830953 4.6770411 4.6821443 4.6885842 4.6891545 4.6849378 4.6758982 4.6632012 4.6719797 4.6975051 4.7243772 4.7510285 4.7777223 4.805133 4.8359866 4.8698388
4.662555 4.6567892 4.6466071 4.6340975 4.6463345 4.6540901 4.6513179 4.6407988 4.650588 4.6598898 4.6641433 4.6655722 4.6648014 4.6620501 4.657627 4.6519559 4.6480772 4.6569368 4.6632335 4.6632826 4.6565939 4.65929 4.6707543 4.6780757 4.6829359 4.6864489 4.6892686 4.691809 4.6949782 4.7007294 4.7011838 4.6953803 4.688933 4.682185 4.6744067 4.6647843 4.6516354 4.6381558 4.6492165 4.6635693 4.6733049 4.6797478 4.6833122 4.683763 4.6814167 4.6812853 4.6845002 4.6864685 4.6843693 4.6765212 4.6598958 4.6291202 4.6464906 4.6870225 4.719958 4.7502153 4.780465 4.8124971 4.8410887 4.8477091
4.6609197 4.6558653 4.6508561 4.6486136 4.6513115 4.6531588 4.6507669 4.6471426 4.6516896 4.6577223 4.6607582 4.6612216 4.6594247 4.6551262 4.6476847 4.6425812 4.6486992 4.6551807 4.6583084 4.6564397 4.6452175 4.6478409 4.6641953 4.6729036 4.678176 4.6817172 4.6840992 4.6849927 4.6826017 4.6851522 4.6891599 4.6878763 4.684097 4.6791518 4.6734631 4.667941 4.6662232 4.666113 4.6642507 4.6696426 4.6759184 4.6807294 4.683306 4.6823642 4.6742767 4.6741803 4.6828997 4.6840269 4.6797387 4.6683488 4.6430654 4.5950512 4.6283518 4.6795375 4.7177894 4.7518599 4.7866735 4.8292741 4.8953746 4.8760523
4.659358 4.6530435 4.6455488 4.6479184 4.6521052 4.6512605 4.6457205 4.644932 4.6512105 4.6557492 4.6575799 4.6569453 4.6540059 4.6483015 4.6361121 4.6205007 4.6397252 4.6504812 4.652589 4.6499582 4.64806 4.6525909 4.6613466 4.6687721 4.6739124 4.6772809 4.6793277 4.6805023 4.6806306 4.6816385 4.6832674 4.6825288 4.6798873 4.675942 4.671141 4.6666837 4.6664955 4.6676649 4.6681265 4.6725946 4.6776178 4.681648 4.6839645 4.6837132 4.6796933 4.6793566 4.6829426 4.6819137 4.6757988 4.6626127 4.6362314 4.5869451 4.6228615 4.6780234 4.7188151 4.7562077 4.7956912 4.8385364 4.8780876 4.8646907
4.6586089 4.6521932 4.642673 4.6465457 4.651946 4.6494853 4.6366501 4.634177 4.6484065 4.6536106 4.6544562 4.6525473 4.6481146 4.6415766 4.6350337 4.6320049 4.6400759 4.6464303 4.6460606 4.6368079 4.6279457 4.6453774 4.6574722 4.6650203 4.6700309 4.6730568 4.6741986 4.6742517 4.6759489 4.6780808 4.6789592 4.6782997 4.6760746 4.6723831 4.6670491 4.6591697 4.6511931 4.658213 4.6668613 4.6732931 4.6784937 4.682481 4.685137 4.6865525 4.6865854 4.6850808 4.6836605 4.6800917 4.6723544 4.6584211 4.6350483 4.6064838 4.6398704 4.682675 4.7227001 4.7630692 4.8111198 4.8804178 4.903625 4.8508256
4.6585385 4.6547725 4.6518264 4.6521993 4.6531736 4.6510975 4.6458816 4.6447807 4.6497701 4.6521284 4.6514059 4.6479385 4.641048 4.628745 4.6179477 4.6284062 4.6385435 4.6422561 4.6399214 4.6323551 4.6269125 4.6416836 4.6539118 4.661575 4.6664834 4.6692058 4.6690298 4.6644541 4.6664487 4.6727777 4.6749173 4.674576 4.6724724 4.6686357 4.6625299 4.6514154 4.6309909 4.6480969 4.6645962 4.6731388 4.6789539 4.6832685 4.6863628 4.6886211 4.6898639 4.6870086 4.6835886 4.6781941 4.668726 4.6527334 4.6293024 4.6169195 4.6453781 4.6872403 4.7280019 4.7709694 4.8223392 4.9013579 4.9314054 4.8492276
4.6576939 4.6537255 4.6531527 4.6543413 4.6541398 4.6524185 4.6507643 4.6506428 4.6511602 4.6507515 4.6482883 4.6432658 4.6345731 4.6165771 4.5901169 4.6175339 4.6347473 4.6373637 4.6298928 4.6191054 4.6263492 4.6402372 4.6511857 4.6584993 4.6631895 4.6659013 4.6661704 4.6625601 4.6641425 4.669633 4.6716105 4.6712367 4.6690152 4.6647679 4.6578991 4.6489651 4.6451754 4.6531274 4.6645691 4.673119 4.6793629 4.6842252 4.6879913 4.6898599 4.6894363 4.687131 4.6828937 4.6761533 4.6648534 4.6450433 4.6034446 4.5718453 4.6441537 4.6915317 4.7341209 4.781193 4.8403864 4.8826597 4.8648146 4.8290101
4.6570702 4.6516295 4.6516121 4.654612 4.654388 4.6523711 4.6500951 4.6511634 4.6509097 4.6489135 4.6448394 4.6380613 4.6284562 4.6186224 4.6139103 4.624139 4.6339487 4.6339817 4.6174441 4.5746865 4.6044888 4.6357061 4.6487277 4.6556622 4.6598545 4.6625202 4.6640791 4.6647302 4.6659687 4.6679038 4.6688244 4.6681777 4.6656962 4.6608148 4.6519796 4.6339304 4.6293528 4.6515982 4.6645527 4.6732368 4.6798177 4.6855436 4.6918614 4.6977532 4.693787 4.6877407 4.6820282 4.6741706 4.661356 4.6388472 4.6057854 4.6057346 4.6508117 4.6969283 4.740387 4.7904977 4.8730445 4.967751 4.8655126 4.8153817
4.6576723 4.6551383 4.6546543 4.6550808 4.6542466 4.6527749 4.6517177 4.6512487 4.6498033 4.6465719 4.6409656 4.6315874 4.61511 4.5978606 4.6115283 4.6268774 4.634653 4.6350618 4.6253252 4.6059436 4.6181081 4.6374681 4.6475981 4.6529504 4.655979 4.6580168 4.6599163 4.6618934 4.6637918 4.6653477 4.6660315 4.6652974 4.6625695 4.6569981 4.6477712 4.6359592 4.6350428 4.6519638 4.6646831 4.6734095 4.6801489 4.6863931 4.695131 4.709364 4.6988276 4.6880742 4.6810117 4.6723902 4.6588119 4.6340458 4.5742302 4.5888751 4.6579747 4.7036528 4.7467557 4.7951448 4.8443465 4.8683185 4.8346593 4.8010742
4.6562093 4.6548245 4.6554217 4.6549444 4.653304 4.6513366 4.6510066 4.6503843 4.648106 4.6438122 4.6368892 4.6259584 4.6049836 4.5720496 4.6019924 4.6264932 4.6358294 4.6383464 4.6375658 4.6357395 4.6364178 4.6422197 4.6472006 4.6498738 4.6507343 4.651048 4.65264 4.6558972 4.6593591 4.661911 4.6631158 4.6626319 4.6598317 4.6531682 4.638874 4.6215294 4.6365398 4.6536158 4.6652739 4.6736559 4.68029 4.6862023 4.691953 4.6963522 4.6928839 4.6862845 4.6795583 4.6706553 4.6567233 4.6345064 4.6150799 4.6305387 4.6707377 4.7110407 4.7533081 4.8107777 4.8909142 4.8499078 4.8097402 4.7867167
4.6528945 4.6510048 4.6547371 4.6541229 4.6519462 4.6502208 4.6500766 4.6489825 4.6460039 4.6406541 4.6321297 4.6200983 4.6080967 4.6032604 4.6147788 4.6293484 4.637623 4.6408354 4.6404879 4.6404657 4.6422799 4.6445616 4.646085 4.645737 4.6428987 4.6386155 4.6391629 4.6463867 4.6534829 4.6580102 4.6602138 4.6603 4.6579402 4.6516284 4.6352338 4.6056212 4.6326167 4.6546499 4.6660493 4.6739173 4.6804009 4.6867486 4.6930106 4.6931716 4.6890047 4.6840961 4.6778675 4.6688311 4.6541907 4.6249867 4.5803874 4.6372482 4.6805198 4.7174724 4.7566473 4.8036001 4.8572645 4.8297366 4.7938727 4.774885
4.6567664 4.6548168 4.6551919 4.6524874 4.648691 4.6474921 4.6477901 4.6468329 4.6435749 4.6372448 4.6261929 4.6058941 4.5811564 4.5976412 4.6193276 4.6321879 4.6397072 4.6433862 4.6439697 4.6437812 4.6445161 4.6448083 4.6437968 4.6404339 4.6324054 4.6159079 4.6127869 4.63348 4.6471859 4.6541803 4.6575009 4.6582874 4.6568005 4.652933 4.6472165 4.6426002 4.6478307 4.6584236 4.6671488 4.6740331 4.680106 4.6870084 4.6972548 4.695878 4.6876496 4.6823409 4.6761889 4.6668823 4.6516868 4.630835 4.6254829 4.6531392 4.6884596 4.7228317 4.7619166 4.8086034 4.8158251 4.7960334 4.7778976 4.7646814
4.6630213 4.6598708 4.6560509 4.6494339 4.6382146 4.6347421 4.6423968 4.6441848 4.6410994 4.6340985 4.6219679 4.5975872 4.5555127 4.5875654 4.6201448 4.6342934 4.6417875 4.6466269 4.6486873 4.6465457 4.6453173 4.643682 4.6403569 4.6343697 4.6240651 4.603 4.5975868 4.626254 4.6427669 4.6510488 4.6551014 4.6563896 4.6555159 4.6530749 4.6505662 4.6503809 4.6544411 4.6612247 4.6679632 4.6737967 4.678947 4.6840591 4.6889288 4.6888357 4.6848816 4.6805396 4.6746086 4.6649817 4.6473251 4.6060329 4.6137926 4.6618309 4.6947546 4.7264737 4.7639075 4.8218984 4.8212419 4.7824246 4.7660128 4.7562685
4.6686765 4.6636235 4.6572429 4.6481432 4.630143 4.6240855 4.639242 4.6423987 4.6388866 4.6309441 4.6188185 4.6051893 4.5973165 4.6084287 4.6256376 4.6368323 4.6433103 4.6473036 4.6489227 4.646994 4.6448394 4.6414988 4.635595 4.625874 4.6138779 4.6080864 4.6133127 4.627872 4.6407599 4.6487923 4.6530272 4.6544057 4.6533776 4.6504607 4.6484588 4.6500963 4.6553164 4.6620326 4.6681282 4.6732412 4.6774579 4.6809041 4.68327 4.6836715 4.6820811 4.6788517 4.6732954 4.6635743 4.647114 4.6300551 4.6390309 4.6701035 4.699519 4.72919 4.7620435 4.7847151 4.7819643 4.7672174 4.7563147 4.7494434
4.6691884 4.6649913 4.6587869 4.6515934 4.6428747 4.6394201 4.642504 4.6420413 4.6370125 4.6271211 4.6091697 4.5855174 4.5968481 4.6171491 4.630632 4.6395738 4.6449887 4.6474422 4.6475496 4.6462756 4.6435461 4.6386334 4.6298074 4.6128086 4.5811418 4.5704209 4.6034867 4.6259786 4.6392203 4.6471058 4.6512236 4.652335 4.6504439 4.6438658 4.6304144 4.639228 4.6531976 4.6616614 4.6678243 4.6725767 4.6761989 4.6788207 4.680499 4.6810489 4.6801886 4.6775864 4.6724674 4.6627463 4.640498 4.6015076 4.6440805 4.6767693 4.702813 4.7311749 4.7758651 4.8161884 4.7734614 4.7559601 4.7482036 4.7438373
4.6703717 4.6657185 4.6599855 4.6545069 4.6506161 4.6479569 4.6457873 4.6421289 4.6354719 4.6244623 4.6039429 4.5672478 4.5893361 4.6198525 4.6341132 4.6421692 4.647159 4.6498639 4.6481832 4.6457461 4.6419558 4.6355658 4.6247049 4.6039642 4.5549313 4.5318176 4.5930707 4.6236893 4.6381118 4.6458734 4.6496642 4.6503136 4.647803 4.640902 4.6276026 4.6366355 4.6520132 4.6611291 4.6673432 4.6719834 4.6754509 4.6776493 4.6788926 4.6794705 4.6789214 4.6766863 4.6721061 4.664174 4.6516341 4.6397062 4.6579137 4.6821455 4.7040246 4.7270233 4.7542966 4.7735982 4.7574825 4.7461005 4.7412551 4.7391141
4.6772504 4.668002 4.6607286 4.6538102 4.6509483 4.6505861 4.6473144 4.6418937 4.6336757 4.6219742 4.608921 4.6015018 4.6103657 4.6264278 4.6378548 4.644866 4.648464 4.6493202 4.6481261 4.6451417 4.6402061 4.6322812 4.6198967 4.6027518 4.5845743 4.5819176 4.6053218 4.6258339 4.6381905 4.645151 4.6483217 4.6482577 4.6448554 4.6380149 4.6345913 4.6423913 4.6526516 4.660778 4.6666783 4.6713379 4.6757225 4.6783175 4.6780357 4.6783206 4.6779535 4.6758742 4.6714139 4.6642334 4.6544416 4.6542032 4.6688297 4.6858762 4.7035462 4.7234414 4.7427318 4.7426972 4.7395312 4.7364988 4.7350737 4.7349835
4.6829559 4.6701167 4.6622563 4.6549479 4.651594 4.6516986 4.6478792 4.6412507 4.6310707 4.6139042 4.5889596 4.5952724 4.6173808 4.6319332 4.6419009 4.6488971 4.6533148 4.6520081 4.6486479 4.6445041 4.6383235 4.628549 4.6119826 4.5846551 4.5718516 4.5939648 4.6140719 4.6290024 4.6390052 4.6448478 4.6471479 4.6460166 4.6411327 4.6302779 4.6212953 4.6399075 4.6523796 4.6601882 4.6653953 4.6694631 4.6748673 4.6793394 4.6770005 4.6771835 4.677125 4.6750244 4.6696747 4.6604727 4.6531064 4.6569029 4.6713999 4.6864545 4.7003557 4.7166227 4.7403801 4.7339773 4.7287135 4.7287321 4.7297705 4.7313171
4.6789093 4.6705171 4.665089 4.6607306 4.6568792 4.6533685 4.6481204 4.6405236 4.6293423 4.6096489 4.5713408 4.5841294 4.6193821 4.6361158 4.6459421 4.6529571 4.6595223 4.6558869 4.6496381 4.6439171 4.6364267 4.6252138 4.6058505 4.5633097 4.5362306 4.5889171 4.6168866 4.6312928 4.6399999 4.644856 4.6461749 4.6434116 4.6358763 4.6278115 4.6295875 4.6410551 4.6522137 4.6593274 4.66308 4.664424 4.6663186 4.6706707 4.6734969 4.6757468 4.6765238 4.6745676 4.6676681 4.6486899 4.6116685 4.6420725 4.6703756 4.6850295 4.6943064 4.6984201 4.7044543 4.7146729 4.7191451 4.7224617 4.7253714 4.7281023
4.6755233 4.6704746 4.6689755 4.6687603 4.6625114 4.6552938 4.648236 4.6396221 4.6281473 4.6143652 4.6039398 4.6102012 4.6274935 4.6412203 4.6509615 4.6569926 4.6579928 4.6552277 4.6498012 4.6430918 4.6343117 4.6220129 4.6054638 4.5868173 4.5811212 4.6019888 4.621311 4.6335633 4.6411421 4.6452183 4.6457453 4.6410806 4.625604 4.5946067 4.6122621 4.6394168 4.6521777 4.6584241 4.6600427 4.6554341 4.6459648 4.6568026 4.6687825 4.6743747 4.676457 4.6753356 4.6693617 4.6520565 4.6169731 4.644833 4.6717008 4.6832332 4.6880667 4.6852259 4.6841938 4.7020581 4.7117524 4.7176069 4.7218742 4.7253692
4.6747669 4.6700574 4.672681 4.6796476 4.6671362 4.6563033 4.6479627 4.638169 4.6233173 4.6005144 4.59538 4.6167937 4.633866 4.6467579 4.6587379 4.6717002 4.6687973 4.6579592 4.6500566 4.6419983 4.6316453 4.616327 4.5927087 4.5770148 4.5933444 4.6115448 4.6257768 4.6358668 4.6424352 4.6460005 4.6463902 4.6419662 4.6271336 4.5990986 4.6146649 4.641271 4.6530791 4.6578097 4.6577051 4.6502725 4.6325664 4.6495072 4.6664112 4.6739007 4.6771347 4.6773606 4.6744139 4.6689382 4.665744 4.6682775 4.6767509 4.6811817 4.6793103 4.6780344 4.6858453 4.6974547 4.7073374 4.7142895 4.7193069 4.7231537
4.6726508 4.6671644 4.6676674 4.6701751 4.6631272 4.6549594 4.6471972 4.6372514 4.6202458 4.582304 4.5708372 4.6159786 4.6382918 4.6515751 4.6644088 4.6849329 4.6788009 4.6604831 4.6500899 4.6406283 4.628845 4.6110836 4.5760539 4.541469 4.5865026 4.6143631 4.6287712 4.6378889 4.6437645 4.6470618 4.6478903 4.6458084 4.6400621 4.6339993 4.638492 4.6485085 4.6550736 4.6572852 4.6554127 4.6511572 4.6497952 4.657318 4.6675887 4.6745582 4.6784345 4.6799303 4.6791835 4.6750003 4.6709948 4.6770384 4.680335 4.6787295 4.6635035 4.637789 4.6727462 4.6936337 4.7048992 4.7123784 4.7176793 4.721496
