Cobbity2/QGIS/smothed_interp32.asc
NCOLS 600
NROWS 419
XLLCORNER 150.66
YLLCORNER -34.028
CELLSIZE 1e-05
NODATA_VALUE -9999
[rows 240 to 263 of 419, columns 330 to 384 of 600]
-0.90928714 -0.90979675 -0.91029504 -0.91078244 -0.91125934 -0.91172615 -0.91218322 -0.91263091 -0.91306955 -0.91349946 -0.91392095 -0.91433429 -0.91473976 -0.91513763 -0.91552814 -0.91591153 -0.91628803 -0.91665786 -0.91702122 -0.91737832 -0.91772934 -0.91807446 -0.91841387 -0.91874772 -0.91907618 -0.9193994 -0.91971753 -0.92003071 -0.92033908 -0.92064276 -0.92094188 -0.92123656 -0.92152693 -0.92181307 -0.92209512 -0.92237316 -0.92264731 -0.92291764 -0.92318427 -0.92344726 -0.92370672 -0.92396273 -0.92421535 -0.92446468 -0.92471079 -0.92495374 -0.92519361 -0.92543047 -0.92566437 -0.92589539 -0.92612358 -0.92634901 -0.92657172 -0.92679178 -0.92700924
-0.90929751 -0.90981102 -0.9103129 -0.9108036 -0.91128355 -0.91175316 -0.91221281 -0.91266287 -0.91310368 -0.91353557 -0.91395887 -0.91437386 -0.91478084 -0.91518007 -0.91557182 -0.91595633 -0.91633383 -0.91670456 -0.91706872 -0.91742653 -0.91777817 -0.91812384 -0.91846371 -0.91879796 -0.91912676 -0.91945025 -0.9197686 -0.92008194 -0.92039042 -0.92069417 -0.92099332 -0.92128799 -0.9215783 -0.92186436 -0.92214629 -0.92242418 -0.92269815 -0.92296828 -0.92323468 -0.92349743 -0.92375662 -0.92401234 -0.92426466 -0.92451367 -0.92475944 -0.92500205 -0.92524156 -0.92547804 -0.92571156 -0.92594219 -0.92616998 -0.926395 -0.9266173 -0.92683694 -0.92705397
-0.90930867 -0.90982614 -0.91033166 -0.91082572 -0.91130876 -0.91178121 -0.91224347 -0.91269592 -0.91313892 -0.91357282 -0.91399795 -0.91441461 -0.91482311 -0.91522372 -0.91561671 -0.91600234 -0.91638086 -0.91675248 -0.91711745 -0.91747596 -0.91782823 -0.91817444 -0.91851478 -0.91884943 -0.91917856 -0.91950232 -0.91982088 -0.92013439 -0.92044298 -0.92074679 -0.92104596 -0.92134061 -0.92163086 -0.92191683 -0.92219864 -0.92247638 -0.92275016 -0.92302009 -0.92328626 -0.92354876 -0.92380768 -0.9240631 -0.92431511 -0.9245638 -0.92480923 -0.92505148 -0.92529062 -0.92552672 -0.92575986 -0.92599009 -0.92621747 -0.92644207 -0.92666395 -0.92688317 -0.92709977
-0.90932109 -0.90984255 -0.91035175 -0.91084919 -0.91133534 -0.91181064 -0.91227552 -0.91273037 -0.91317557 -0.91361148 -0.91403844 -0.91445677 -0.91486678 -0.91526876 -0.915663 -0.91604975 -0.91642926 -0.91680179 -0.91716755 -0.91752677 -0.91787965 -0.9182264 -0.9185672 -0.91890224 -0.91923169 -0.91955571 -0.91987448 -0.92018813 -0.92049683 -0.92080069 -0.92109988 -0.9213945 -0.92168469 -0.92197056 -0.92225223 -0.92252981 -0.92280341 -0.92307312 -0.92333905 -0.92360129 -0.92385992 -0.92411505 -0.92436674 -0.92461509 -0.92486017 -0.92510206 -0.92534082 -0.92557654 -0.92580928 -0.9260391 -0.92626607 -0.92649025 -0.9267117 -0.92693048 -0.92714664
-0.90933525 -0.9098607 -0.91037358 -0.9108744 -0.91136365 -0.91184179 -0.91230928 -0.91276652 -0.9132139 -0.91365181 -0.91408058 -0.91450057 -0.91491208 -0.91531542 -0.91571088 -0.91609873 -0.91647924 -0.91685264 -0.91721918 -0.91757909 -0.91793257 -0.91827984 -0.91862108 -0.9189565 -0.91928625 -0.91961053 -0.91992948 -0.92024328 -0.92055206 -0.92085597 -0.92115515 -0.92144973 -0.92173984 -0.92202561 -0.92230713 -0.92258454 -0.92285794 -0.92312742 -0.9233931 -0.92365506 -0.92391341 -0.92416822 -0.92441959 -0.92466759 -0.92491231 -0.92515382 -0.92539221 -0.92562753 -0.92585986 -0.92608926 -0.92631581 -0.92653956 -0.92676057 -0.92697891 -0.92719462
-0.90935164 -0.90988106 -0.91039758 -0.91090174 -0.91139406 -0.91187502 -0.91234508 -0.91280467 -0.91325421 -0.91369407 -0.91412464 -0.91454624 -0.91495922 -0.91536389 -0.91576055 -0.91614948 -0.91653094 -0.9169052 -0.9172725 -0.91763307 -0.91798713 -0.91833489 -0.91867656 -0.91901232 -0.91934237 -0.91966687 -0.919986 -0.92029991 -0.92060876 -0.92091269 -0.92121186 -0.92150638 -0.9217964 -0.92208203 -0.9223634 -0.92264062 -0.9229138 -0.92318304 -0.92344846 -0.92371013 -0.92396817 -0.92422266 -0.92447368 -0.92472133 -0.92496568 -0.92520681 -0.92544479 -0.92567971 -0.92591162 -0.9261406 -0.92636671 -0.92659002 -0.92681058 -0.92702846 -0.92724371
-0.90937076 -0.90990408 -0.91042418 -0.91093162 -0.91142695 -0.91191067 -0.91238325 -0.91284514 -0.91329678 -0.91373855 -0.91417085 -0.91459404 -0.91500844 -0.9154144 -0.91581221 -0.91620217 -0.91658456 -0.91695963 -0.91732765 -0.91768885 -0.91804345 -0.91839168 -0.91873374 -0.91906983 -0.91940014 -0.91972484 -0.92004411 -0.92035812 -0.92066701 -0.92097095 -0.92127007 -0.92156452 -0.92185442 -0.92213991 -0.9224211 -0.92269811 -0.92297105 -0.92324004 -0.92350517 -0.92376654 -0.92402426 -0.9242784 -0.92452907 -0.92477634 -0.92502031 -0.92526104 -0.92549861 -0.92573311 -0.92596459 -0.92619313 -0.92641879 -0.92664164 -0.92686175 -0.92707916 -0.92729394
-0.9093931 -0.90993022 -0.9104538 -0.91096444 -0.91146269 -0.91194908 -0.91242411 -0.91288823 -0.91334189 -0.91378551 -0.91421948 -0.91464418 -0.91505995 -0.91546714 -0.91586605 -0.916257 -0.91664026 -0.9170161 -0.9173848 -0.91774658 -0.91810169 -0.91845034 -0.91879276 -0.91912913 -0.91945967 -0.91978454 -0.92010392 -0.92041799 -0.9207269 -0.92103081 -0.92132987 -0.92162421 -0.92191398 -0.92219929 -0.92248028 -0.92275706 -0.92302975 -0.92329845 -0.92356328 -0.92382433 -0.92408171 -0.9243355 -0.92458579 -0.92483267 -0.92507623 -0.92531655 -0.9255537 -0.92578775 -0.92601879 -0.92624688 -0.92647208 -0.92669446 -0.92691409 -0.92713102 -0.92734532
-0.90941915 -0.90995994 -0.91048689 -0.9110006 -0.91150166 -0.91199062 -0.91246798 -0.91293424 -0.91338984 -0.91383522 -0.91427078 -0.91469691 -0.91511398 -0.91552232 -0.91592227 -0.91631414 -0.91669821 -0.91707477 -0.91744408 -0.9178064 -0.91816196 -0.918511 -0.91885372 -0.91919034 -0.91952106 -0.91984606 -0.92016552 -0.92047962 -0.92078852 -0.92109237 -0.92139133 -0.92168553 -0.92197513 -0.92226024 -0.922541 -0.92281753 -0.92308994 -0.92335834 -0.92362284 -0.92388355 -0.92414056 -0.92439397 -0.92464387 -0.92489035 -0.92513349 -0.92537337 -0.92561008 -0.92584368 -0.92607426 -0.92630187 -0.9265266 -0.9267485 -0.92696764 -0.92718408 -0.92739788
-0.9094494 -0.9099937 -0.91052385 -0.91104049 -0.91154423 -0.91203562 -0.9125152 -0.91298347 -0.91344089 -0.91388793 -0.91432498 -0.91475246 -0.91517073 -0.91558015 -0.91598106 -0.91637377 -0.91675858 -0.91713579 -0.91750566 -0.91786845 -0.91822441 -0.91857377 -0.91891676 -0.91925357 -0.91958443 -0.91990951 -0.92022901 -0.92054309 -0.92085193 -0.92115569 -0.92145451 -0.92174855 -0.92203795 -0.92232283 -0.92260333 -0.92287957 -0.92315168 -0.92341975 -0.9236839 -0.92394424 -0.92420087 -0.92445388 -0.92470336 -0.92494941 -0.92519211 -0.92543154 -0.92566778 -0.92590091 -0.92613101 -0.92635814 -0.92658237 -0.92680377 -0.92702241 -0.92723834 -0.92745162
-0.90948433 -0.91003194 -0.9105651 -0.9110845 -0.91159074 -0.91208441 -0.91256607 -0.91303621 -0.91349534 -0.9139439 -0.91438234 -0.91481105 -0.91523042 -0.91564083 -0.9160426 -0.91643607 -0.91682155 -0.91719932 -0.91756968 -0.91793287 -0.91828917 -0.91863879 -0.91898197 -0.91931893 -0.91964987 -0.91997499 -0.92029447 -0.92060849 -0.92091724 -0.92122085 -0.9215195 -0.92181334 -0.9221025 -0.92238711 -0.92266732 -0.92294325 -0.92321501 -0.92348273 -0.9237465 -0.92400645 -0.92426266 -0.92451525 -0.92476429 -0.92500988 -0.92525212 -0.92549108 -0.92572684 -0.92595948 -0.92618907 -0.9264157 -0.92663942 -0.9268603 -0.92707842 -0.92729382 -0.92750658
-0.90952441 -0.91007509 -0.91061106 -0.91113301 -0.91164156 -0.91213734 -0.91262089 -0.91309276 -0.91355344 -0.9140034 -0.91444308 -0.9148729 -0.91529327 -0.91570454 -0.91610708 -0.91650121 -0.91688726 -0.91726552 -0.91763627 -0.9179998 -0.91835635 -0.91870616 -0.91904948 -0.91938652 -0.91971748 -0.92004258 -0.92036199 -0.92067591 -0.9209845 -0.92128794 -0.92158637 -0.92187995 -0.92216883 -0.92245315 -0.92273303 -0.92300861 -0.92328 -0.92354732 -0.92381069 -0.92407021 -0.92432599 -0.92457811 -0.92482669 -0.92507181 -0.92531356 -0.92555202 -0.92578727 -0.9260194 -0.92624847 -0.92647457 -0.92669776 -0.92691811 -0.92713568 -0.92735055 -0.92756276
-0.9095701 -0.91012359 -0.91066211 -0.91118638 -0.91169704 -0.91219471 -0.91267998 -0.91315339 -0.91361546 -0.91406665 -0.91450744 -0.91493824 -0.91535946 -0.91577148 -0.91617467 -0.91656936 -0.91695587 -0.91733452 -0.91770559 -0.91806936 -0.91842608 -0.91877602 -0.91911939 -0.91945644 -0.91978736 -0.92011237 -0.92043166 -0.92074542 -0.92105381 -0.92135701 -0.92165518 -0.92194847 -0.92223703 -0.922521 -0.92280051 -0.9230757 -0.92334668 -0.92361358 -0.92387651 -0.92413557 -0.92439087 -0.92464252 -0.9248906 -0.92513522 -0.92537645 -0.92561439 -0.92584911 -0.9260807 -0.92630924 -0.92653479 -0.92675742 -0.92697722 -0.92719423 -0.92740853 -0.92762018
-0.90962184 -0.91017784 -0.91071864 -0.91124497 -0.91175749 -0.91225684 -0.91274362 -0.91321838 -0.91368164 -0.9141339 -0.91457563 -0.91500726 -0.91542919 -0.91584183 -0.91624554 -0.91664067 -0.91702754 -0.91740647 -0.91777776 -0.91814167 -0.91849849 -0.91884846 -0.91919182 -0.9195288 -0.91985961 -0.92018447 -0.92050357 -0.9208171 -0.92112523 -0.92142814 -0.92172599 -0.92201894 -0.92230713 -0.92259071 -0.92286981 -0.92314457 -0.92341511 -0.92368154 -0.92394399 -0.92420256 -0.92445736 -0.9247085 -0.92495605 -0.92520013 -0.92544083 -0.92567821 -0.92591238 -0.92614341 -0.92637138 -0.92659636 -0.92681843 -0.92703764 -0.92725408 -0.92746779 -0.92767886
-0.90968004 -0.91023823 -0.91078101 -0.91130911 -0.91182323 -0.91232402 -0.91281207 -0.91328797 -0.91375224 -0.91420538 -0.91464787 -0.91508016 -0.91550266 -0.91591577 -0.91631987 -0.91671531 -0.91710242 -0.91748152 -0.91785291 -0.91821687 -0.91857368 -0.9189236 -0.91926685 -0.91960368 -0.91993431 -0.92025895 -0.92057779 -0.92089103 -0.92119884 -0.9215014 -0.92179888 -0.92209143 -0.9223792 -0.92266235 -0.92294099 -0.92321528 -0.92348532 -0.92375126 -0.92401319 -0.92427123 -0.9245255 -0.92477608 -0.92502308 -0.9252666 -0.92550672 -0.92574353 -0.92597712 -0.92620756 -0.92643493 -0.92665932 -0.92688079 -0.9270994 -0.92731524 -0.92752835 -0.92773881
-0.9097451 -0.91030513 -0.91084955 -0.91137913 -0.91189457 -0.91239652 -0.91288561 -0.91336241 -0.91382747 -0.91428129 -0.91472436 -0.91515714 -0.91558004 -0.91599347 -0.91639781 -0.91679341 -0.91718063 -0.91755978 -0.91793116 -0.91829507 -0.91865177 -0.91900153 -0.9193446 -0.9196812 -0.92001156 -0.92033589 -0.9206544 -0.92096728 -0.9212747 -0.92157686 -0.9218739 -0.922166 -0.9224533 -0.92273595 -0.92301409 -0.92328786 -0.92355737 -0.92382276 -0.92408414 -0.92434161 -0.9245953 -0.9248453 -0.92509171 -0.92533463 -0.92557415 -0.92581035 -0.92604333 -0.92627316 -0.92649992 -0.92672368 -0.92694452 -0.92716252 -0.92737773 -0.92759022 -0.92780005
-0.90981739 -0.91037888 -0.9109246 -0.91145533 -0.91197178 -0.91247462 -0.91296448 -0.91344194 -0.91390756 -0.91436185 -0.9148053 -0.91523837 -0.91566149 -0.91607507 -0.9164795 -0.91687513 -0.91726232 -0.91764139 -0.91801264 -0.91837638 -0.91873286 -0.91908237 -0.91942514 -0.91976142 -0.92009142 -0.92041538 -0.92073348 -0.92104592 -0.92135289 -0.92165457 -0.92195112 -0.9222427 -0.92252947 -0.92281158 -0.92308917 -0.92336236 -0.9236313 -0.92389609 -0.92415687 -0.92441374 -0.92466682 -0.92491619 -0.92516198 -0.92540427 -0.92564315 -0.92587872 -0.92611105 -0.92634023 -0.92656635 -0.92678946 -0.92700966 -0.927227 -0.92744157 -0.92765341 -0.9278626
-0.90989726 -0.9104598 -0.91100645 -0.91153798 -0.91205513 -0.91255856 -0.91304891 -0.91352677 -0.9139927 -0.91444723 -0.91489085 -0.91532401 -0.91574717 -0.91616073 -0.91656508 -0.91696059 -0.91734761 -0.91772646 -0.91809746 -0.91846089 -0.91881705 -0.91916619 -0.91950857 -0.91984443 -0.92017399 -0.92049748 -0.92081509 -0.92112702 -0.92143346 -0.92173459 -0.92203058 -0.92232159 -0.92260777 -0.92288928 -0.92316626 -0.92343883 -0.92370714 -0.9239713 -0.92423143 -0.92448765 -0.92474007 -0.92498879 -0.92523391 -0.92547553 -0.92571374 -0.92594864 -0.9261803 -0.92640881 -0.92663425 -0.92685669 -0.92707621 -0.92729288 -0.92750677 -0.92771794 -0.92792646
-0.90998501 -0.91054819 -0.91109537 -0.91162735 -0.91214485 -0.91264856 -0.9131391 -0.91361709 -0.91408309 -0.91453762 -0.91498118 -0.91541424 -0.91583724 -0.91625059 -0.9166547 -0.91704992 -0.91743661 -0.9178151 -0.9181857 -0.91854872 -0.91890443 -0.9192531 -0.91959498 -0.91993032 -0.92025934 -0.92058226 -0.9208993 -0.92121064 -0.92151647 -0.92181699 -0.92211234 -0.92240271 -0.92268825 -0.92296909 -0.9232454 -0.9235173 -0.92378493 -0.9240484 -0.92430784 -0.92456337 -0.92481509 -0.92506311 -0.92530753 -0.92554844 -0.92578595 -0.92602014 -0.92625109 -0.9264789 -0.92670363 -0.92692537 -0.92714419 -0.92736016 -0.92757335 -0.92778382 -0.92799164
-0.91008093 -0.91064431 -0.91119162 -0.91172366 -0.91224117 -0.91274482 -0.91323526 -0.9137131 -0.91417889 -0.91463317 -0.91507645 -0.91550918 -0.91593182 -0.91634478 -0.91674846 -0.91714322 -0.91752943 -0.91790741 -0.91827748 -0.91863995 -0.91899508 -0.91934316 -0.91968443 -0.92001914 -0.92034753 -0.9206698 -0.92098617 -0.92129683 -0.92160199 -0.9219018 -0.92219646 -0.92248612 -0.92277093 -0.92305106 -0.92332664 -0.92359781 -0.9238647 -0.92412744 -0.92438614 -0.92464093 -0.92489191 -0.92513918 -0.92538286 -0.92562303 -0.9258598 -0.92609325 -0.92632346 -0.92655053 -0.92677452 -0.92699553 -0.92721361 -0.92742885 -0.92764132 -0.92785107 -0.92805817
-0.91018527 -0.91074838 -0.91129541 -0.91182713 -0.91234427 -0.91284753 -0.91333756 -0.91381494 -0.91428026 -0.91473404 -0.91517679 -0.91560897 -0.91603104 -0.91644341 -0.91684647 -0.91724061 -0.91762617 -0.91800349 -0.91837288 -0.91873466 -0.91908909 -0.91943645 -0.919777 -0.92011098 -0.92043862 -0.92076015 -0.92107576 -0.92138566 -0.92169004 -0.92198909 -0.92228297 -0.92257185 -0.92285588 -0.92313522 -0.92341001 -0.9236804 -0.9239465 -0.92420845 -0.92446636 -0.92472036 -0.92497055 -0.92521704 -0.92545993 -0.92569932 -0.92593531 -0.92616797 -0.92639741 -0.92662371 -0.92684693 -0.92706717 -0.9272845 -0.92749898 -0.92771069 -0.92791969 -0.92812605
-0.91029823 -0.91086062 -0.91140692 -0.91193792 -0.91245433 -0.91295686 -0.91344614 -0.91392277 -0.91438733 -0.91484035 -0.91528232 -0.91571373 -0.916135 -0.91654658 -0.91694884 -0.91734217 -0.91772691 -0.91810341 -0.91847198 -0.91883293 -0.91918652 -0.91953305 -0.91987276 -0.92020589 -0.92053268 -0.92085336 -0.92116812 -0.92147717 -0.9217807 -0.92207889 -0.92237191 -0.92265994 -0.92294312 -0.92322161 -0.92349555 -0.92376509 -0.92403034 -0.92429145 -0.92454852 -0.92480168 -0.92505103 -0.92529669 -0.92553876 -0.92577732 -0.92601249 -0.92624434 -0.92647297 -0.92669846 -0.92692088 -0.92714032 -0.92735686 -0.92757055 -0.92778148 -0.92798971 -0.9281953
-0.91041998 -0.91098119 -0.91152633 -0.91205619 -0.91257149 -0.91307293 -0.91356114 -0.91403672 -0.91450023 -0.91495221 -0.91539316 -0.91582355 -0.91624381 -0.91665438 -0.91705565 -0.91744799 -0.91783174 -0.91820726 -0.91857485 -0.91893482 -0.91928745 -0.91963301 -0.91997175 -0.92030392 -0.92062976 -0.92094948 -0.92126329 -0.9215714 -0.92187399 -0.92217124 -0.92246334 -0.92275043 -0.92303269 -0.92331026 -0.92358329 -0.92385191 -0.92411627 -0.92437647 -0.92463265 -0.92488492 -0.92513339 -0.92537817 -0.92561936 -0.92585706 -0.92609137 -0.92632237 -0.92655014 -0.92677479 -0.92699638 -0.92721499 -0.9274307 -0.92764358 -0.9278537 -0.92806112 -0.92826591
-0.91055068 -0.91111022 -0.91165375 -0.91218207 -0.91269588 -0.91319586 -0.91368266 -0.91415687 -0.91461905 -0.91506972 -0.91550939 -0.91593852 -0.91635755 -0.91676691 -0.91716698 -0.91755813 -0.91794073 -0.9183151 -0.91868156 -0.9190404 -0.91939192 -0.91973638 -0.92007403 -0.92040513 -0.9207299 -0.92104856 -0.92136133 -0.9216684 -0.92196995 -0.92226619 -0.92255727 -0.92284336 -0.92312462 -0.9234012 -0.92367325 -0.9239409 -0.92420429 -0.92446354 -0.92471877 -0.9249701 -0.92521764 -0.92546149 -0.92570176 -0.92593855 -0.92617196 -0.92640206 -0.92662895 -0.92685272 -0.92707344 -0.92729118 -0.92750604 -0.92771807 -0.92792734 -0.92813393 -0.9283379
