Cobbity2/QGIS/smother_interp.asc
NCOLS 299
NROWS 209
XLLCORNER 150.661
YLLCORNER -34.0267
CELLSIZE 1e-05
NODATA_VALUE -9999
[rows 26 to 51 of 209, columns 180 to 239 of 299]
4.9995128 4.94591 4.879079 4.847657 4.8339168 4.8328353 4.8439749 4.8679078 4.8783031 4.8474292 4.8175617 4.7958104 4.7786507 4.7637718 4.7492663 4.7328512 4.7121928 4.7086798 4.7316866 4.743972 4.7497762 4.7509403 4.7491436 4.7459017 4.7427918 4.7423205 4.7441008 4.7519588 4.7605014 4.7672572 4.7729282 4.7780517 4.7828753 4.7874693 4.7918102 4.7958321 4.7994541 4.8025984 4.8052015 4.8072232 4.8086499 4.8094948 4.8097942 4.8096012 4.8089796 4.8079974 4.8067216 4.8052148 4.803533 4.8017246 4.7998306 4.7978844 4.7959131 4.7939384 4.7919768 4.7900411 4.7881409 4.7862833 4.7844729 4.7827132
4.8891217 4.8811091 4.8560521 4.836693 4.8274381 4.8280084 4.8373929 4.8476574 4.8434721 4.8261197 4.8061694 4.7884062 4.7728108 4.758051 4.7422844 4.7222996 4.6897467 4.7071556 4.7312502 4.7447708 4.751073 4.7498809 4.7437511 4.7383311 4.7278697 4.7294854 4.7222089 4.7457811 4.7596523 4.7675545 4.7738866 4.7796192 4.7851229 4.7904417 4.7955043 4.8002019 4.8044173 4.8080427 4.8109942 4.8132222 4.8147159 4.8155015 4.8156358 4.8151963 4.8142714 4.8129512 4.8113214 4.8094591 4.8074307 4.8052918 4.8030874 4.8008532 4.7986172 4.7964003 4.7942185 4.7920831 4.7900022 4.7879811 4.7860231 4.78413
4.8801434 4.8546923 4.8373679 4.8254343 4.820304 4.824433 4.8451875 4.8830659 4.8564194 4.820276 4.7986253 4.7821575 4.7675962 4.7530927 4.7364008 4.7157489 4.7019244 4.7142538 4.7352511 4.7488759 4.7572331 4.7533458 4.7308631 4.737285 4.7259832 4.7269187 4.7099631 4.7538326 4.7619624 4.769635 4.7756483 4.7816593 4.7878291 4.7939635 4.7998703 4.8053676 4.8102827 4.8144644 4.8177995 4.8202266 4.821741 4.8223904 4.8222627 4.8214706 4.8201356 4.8183769 4.8163026 4.8140059 4.8115642 4.8090391 4.806479 4.8039202 4.8013901 4.798908 4.7964877 4.7941383 4.7918655 4.7896726 4.7875605 4.7855293
4.8483197 4.8359614 4.8237572 4.815606 4.8127928 4.8177384 4.8400599 4.8994902 4.8572908 4.8139688 4.7922142 4.7767488 4.7631492 4.7492965 4.7325178 4.7029937 4.6876193 4.7233497 4.7415269 4.7539211 4.7698391 4.7807632 4.7512369 4.7473466 4.7454753 4.7446395 4.7478722 4.7603215 4.7708806 4.7745472 4.7780751 4.7841678 4.7910889 4.7981815 4.8050913 4.8115423 4.8172866 4.822111 4.825861 4.8284603 4.8299172 4.8303146 4.829788 4.8284999 4.8266173 4.8242954 4.8216684 4.8188467 4.8159173 4.8129465 4.8099834 4.8070631 4.8042102 4.8014409 4.7987653 4.7961894 4.7937154 4.7913437 4.7890726 4.7868997
4.843923 4.8246431 4.8137342 4.8073193 4.805276 4.80746 4.8094565 4.8054192 4.8137636 4.8003735 4.7849795 4.7716131 4.7592605 4.7464262 4.7316458 4.7187438 4.7180362 4.7339772 4.747578 4.754818 4.7601203 4.7715425 4.7621854 4.7578543 4.7571556 4.7582949 4.7619871 4.7686149 4.77749 4.7769659 4.7802562 4.7870665 4.7950208 4.8032798 4.8113924 4.8189882 4.8257206 4.8312876 4.835475 4.8381887 4.8394626 4.8394372 4.8383207 4.8363471 4.8337431 4.8307073 4.8274026 4.8239551 4.8204589 4.8169811 4.8135683 4.8102513 4.8070494 4.8039735 4.8010287 4.7982161 4.7955339 4.7929785 4.7905454 4.788229
4.8333451 4.8167174 4.8060919 4.8003772 4.7989451 4.801124 4.8016075 4.7949456 4.7981193 4.7897501 4.7780689 4.7666414 4.7556022 4.7440084 4.7285987 4.7100561 4.7283702 4.7433527 4.7538907 4.7563133 4.7407798 4.7593305 4.7640078 4.7641765 4.7649068 4.7667689 4.7696875 4.7728249 4.7730938 4.7738556 4.7817533 4.7904643 4.7998181 4.8094814 4.8190344 4.8280113 4.8359293 4.8423553 4.8469866 4.8497092 4.8506058 4.849912 4.8479466 4.8450436 4.8415057 4.8375814 4.8334608 4.8292815 4.8251387 4.8210951 4.8171899 4.8134455 4.8098729 4.8064754 4.8032512 4.8001953 4.7973008 4.7945597 4.7919637 4.7895041
4.8307397 4.8106438 4.7996987 4.7942761 4.7937139 4.7995875 4.8186109 4.818321 4.7959779 4.7830042 4.772026 4.7617225 4.751497 4.741014 4.7318345 4.7283922 4.7378903 4.7505929 4.761514 4.7726226 4.7766395 4.7682424 4.7682949 4.7691384 4.7706086 4.7727773 4.7751665 4.776485 4.7746604 4.7756204 4.7846913 4.7948959 4.80574 4.817014 4.82828 4.838932 4.8482854 4.8557072 4.8607631 4.8633198 4.8635502 4.8618465 4.8586932 4.8545607 4.849843 4.8448394 4.8397606 4.8347464 4.8298841 4.825224 4.8207918 4.816597 4.812639 4.8089109 4.8054024 4.8021011 4.7989941 4.7960684 4.7933114 4.790711
4.826209 4.8050245 4.7937089 4.7883045 4.7879173 4.7938942 4.8124608 4.8137245 4.7903621 4.7766444 4.7662649 4.756667 4.7463179 4.7323902 4.7159358 4.7258459 4.7430069 4.7564714 4.7680618 4.7783715 4.7822691 4.7753414 4.7732767 4.7736596 4.7753191 4.7777188 4.7800285 4.780364 4.7751961 4.7775009 4.7890082 4.8005926 4.8129476 4.8260293 4.8393246 4.8520152 4.8631172 4.871694 4.8771155 4.8792372 4.8783952 4.8752325 4.8704755 4.8647703 4.8586114 4.8523401 4.8461729 4.8402366 4.834598 4.8292859 4.8243056 4.819649 4.8153004 4.8112407 4.8074494 4.8039059 4.8005906 4.797485 4.7945719 4.7918355
4.8181466 4.7986473 4.7874996 4.7819933 4.781161 4.7848215 4.7894859 4.7879463 4.7792925 4.7693699 4.7603387 4.751491 4.7414319 4.7254842 4.6945322 4.7165121 4.7449035 4.7615683 4.7747978 4.7808264 4.7812091 4.779774 4.7776932 4.7777054 4.779438 4.7821864 4.78507 4.7863312 4.7805835 4.7823732 4.795022 4.8076 4.8214231 4.8365076 4.8521811 4.8673278 4.8805402 4.8904369 4.8961073 4.8974212 4.8949891 4.8898354 4.8830196 4.8753979 4.8675601 4.8598669 4.8525166 4.8456037 4.8391604 4.8331839 4.827653 4.8225379 4.8178054 4.8134225 4.8093575 4.8055811 4.8020665 4.7987895 4.7957284 4.7928636
4.8109759 4.79172 4.7807942 4.7751275 4.7739486 4.7772052 4.7831702 4.7783824 4.7699295 4.7619939 4.7541888 4.7459036 4.7364314 4.7265377 4.7213385 4.7313714 4.7495572 4.7670525 4.7860204 4.8078254 4.7977974 4.7862423 4.7817248 4.781179 4.7830318 4.7862478 4.7900446 4.794406 4.7988542 4.7965596 4.8035037 4.8157345 4.8309028 4.8481575 4.8665189 4.8844976 4.9001274 4.9114241 4.9171434 4.9172366 4.9126945 4.9050479 4.8957817 4.8859842 4.8763166 4.8671256 4.8585626 4.8506699 4.8434329 4.8368099 4.8307491 4.8251966 4.8201004 4.8154131 4.8110917 4.807098 4.8033982 4.7999625 4.7967646 4.7937816
4.801143 4.7839655 4.773407 4.7673222 4.7658396 4.7718604 4.777233 4.7680553 4.7611456 4.7547326 4.7478416 4.7395197 4.7275349 4.709202 4.7114984 4.7336879 4.7524732 4.7712232 4.7939939 4.8257676 4.8100755 4.7908671 4.7845731 4.7838553 4.7860455 4.7897625 4.7939936 4.7976028 4.7995733 4.8025298 4.810974 4.8240892 4.8408253 4.8603521 4.8815165 4.9024319 4.9204259 4.9327774 4.9381828 4.9369369 4.9301325 4.9197784 4.9079134 4.8958871 4.884404 4.873764 4.8640503 4.8552412 4.8472696 4.8400531 4.8335086 4.8275585 4.8221331 4.8171709 4.8126186 4.8084295 4.8045634 4.8009855 4.7976654 4.7945768
4.7908859 4.7756622 4.7653155 4.7578947 4.7534654 4.7577709 4.7649233 4.7570839 4.7522774 4.7475377 4.7413654 4.7329728 4.7199676 4.6927171 4.6959047 4.7310332 4.7527782 4.7727237 4.7978251 4.8258973 4.8042866 4.7905525 4.7855117 4.7855772 4.78848 4.7927265 4.7970956 4.7999189 4.8013131 4.8073574 4.8176261 4.8321411 4.8505431 4.8722113 4.8959143 4.919338 4.93882 4.9503933 4.9544061 4.9533996 4.9452633 4.932554 4.9183603 4.9043655 4.8913037 4.879417 4.8687193 4.8591288 4.8505314 4.8428091 4.835852 4.8295625 4.8238555 4.8186581 4.8139077 4.809551 4.8055423 4.8018422 4.7984171 4.7952377
4.7807655 4.7672766 4.7569096 4.7471904 4.7343891 4.7160632 4.7289557 4.7415789 4.7432961 4.740599 4.7346716 4.7252646 4.7135863 4.7067399 4.7139604 4.7328187 4.7516212 4.7710171 4.7941966 4.8090483 4.7975702 4.7875096 4.7848042 4.7864756 4.7905129 4.7953648 4.7993533 4.8012151 4.8039677 4.8118794 4.8237654 4.8396281 4.8594809 4.8828633 4.9084849 4.9336525 4.9535516 4.9603095 4.9549503 4.9651525 4.9564444 4.9420106 4.9261523 4.9107578 4.8965649 4.8837732 4.8723502 4.862175 4.8531026 4.8449915 4.8377137 4.8311577 4.8252278 4.8198429 4.8149338 4.8104421 4.806318 4.8025188 4.7990083 4.7957549
4.7710052 4.7592815 4.7489353 4.7375588 4.7217509 4.6964898 4.7127602 4.7311645 4.7360362 4.7345317 4.7280567 4.7142434 4.6871231 4.6736107 4.7056578 4.7303163 4.7478531 4.7649438 4.7934432 4.8150785 4.7887063 4.782316 4.7829557 4.7868976 4.7925164 4.7982529 4.8013997 4.8006793 4.8073027 4.8167227 4.8295649 4.8463741 4.8672474 4.8917796 4.918708 4.9454252 4.9676759 4.9815296 5.007424 4.9766964 4.9634193 4.947521 4.9307721 4.9146873 4.8999192 4.88664 4.8748028 4.8642759 4.8549049 4.8465403 4.839047 4.8323075 4.826221 4.8207019 4.8156779 4.8110872 4.8068777 4.8030046 4.79943 4.7961209
4.7623235 4.7522043 4.7419804 4.7286593 4.7102335 4.7027776 4.7151213 4.7266567 4.7312323 4.7299302 4.7230573 4.7067942 4.6631469 4.6285226 4.6943191 4.7261999 4.7417273 4.7511891 4.756221 4.7682391 4.7725437 4.775526 4.7805975 4.7872846 4.7949933 4.8026156 4.806595 4.8059784 4.8121046 4.8217417 4.8349619 4.8522603 4.8736989 4.89891 4.9268844 4.9559204 4.9845102 5.0147794 5.0207474 4.9848836 4.9666383 4.9493777 4.9323226 4.9161647 4.90134 4.8879787 4.876037 4.8653943 4.8559057 4.8474276 4.8398283 4.8329919 4.8268181 4.8212213 4.8161281 4.8114764 4.807213 4.8032926 4.7996763 4.7963306
4.7549751 4.7465262 4.7370049 4.722117 4.6880148 4.6669532 4.7087665 4.7241497 4.7284526 4.7268568 4.7199844 4.7073185 4.6900677 4.6845649 4.7063432 4.7252498 4.7353754 4.7378466 4.7246247 4.7354068 4.7577775 4.7692187 4.7785703 4.7880225 4.798101 4.8096009 4.8226007 4.81955 4.8189995 4.8268344 4.839821 4.857238 4.8788949 4.9044912 4.9334714 4.9654781 5.0033388 5.0757615 5.028846 4.9887668 4.9667213 4.9483567 4.9313403 4.9155134 4.9010122 4.8878918 4.8761081 4.8655587 4.856118 4.8476578 4.8400573 4.8332084 4.8270156 4.8213966 4.8162803 4.8116056 4.8073203 4.8033794 4.7997442 4.7963813
4.7490626 4.7425254 4.7348418 4.7237563 4.7078863 4.7007875 4.7153985 4.7248322 4.7274749 4.7250812 4.7168847 4.7001717 4.6848929 4.6973478 4.7134995 4.7245274 4.7291532 4.726358 4.7231556 4.7343597 4.7510023 4.7652391 4.7775686 4.7893778 4.8012181 4.8133156 4.8254178 4.8233319 4.823421 4.8310873 4.8439566 4.8613331 4.882998 4.908786 4.9386102 4.9730514 5.0152585 5.0523045 5.0209339 4.9874344 4.9640105 4.945182 4.9284618 4.9131893 4.8992388 4.8865751 4.875141 4.8648486 4.8555927 4.8472634 4.839755 4.8329701 4.8268218 4.8212332 4.8161376 4.8114767 4.8072005 4.8032654 4.7996337 4.7962729
4.7445264 4.7401721 4.7348936 4.7261151 4.7140109 4.7175805 4.7236914 4.7273478 4.7279063 4.7248898 4.7158274 4.6902783 4.6501779 4.6901344 4.714467 4.7227574 4.7230544 4.7121385 4.6906169 4.7235608 4.7467323 4.763322 4.7778427 4.79173 4.8053511 4.8176507 4.8230022 4.823168 4.8264008 4.8345407 4.847389 4.8646597 4.8862128 4.9120092 4.9423103 4.9782716 5.0201804 5.0454955 5.0132989 4.9819317 4.9589826 4.940417 4.9242308 4.9096329 4.896346 4.8842595 4.8732961 4.8633749 4.8544062 4.8462976 4.8389583 4.8323034 4.8262553 4.8207445 4.8157097 4.8110968 4.8068588 4.8029545 4.7993478 4.7960076
4.7411294 4.739308 4.7376542 4.7331198 4.7201956 4.7246449 4.7293138 4.7300025 4.7291386 4.7264761 4.7206751 4.7081975 4.6948668 4.7060166 4.7174965 4.7207897 4.7169761 4.7077479 4.7072515 4.7246685 4.7453248 4.763097 4.7793905 4.795394 4.8111153 4.8249459 4.8291955 4.8263127 4.8294166 4.8375348 4.8502666 4.8673953 4.8887894 4.9144155 4.9445694 4.9808628 5.0331153 5.0563005 5.0036553 4.9741513 4.9523716 4.9345426 4.9190676 4.9052048 4.8926237 4.8811673 4.8707394 4.8612594 4.8526479 4.8448257 4.8377155 4.8312437 4.8253426 4.8199504 4.8150117 4.8104775 4.8063043 4.8024537 4.798892 4.7955898
4.7384618 4.7392988 4.7430312 4.7533183 4.7569383 4.7417429 4.7350791 4.7323005 4.7304577 4.7287078 4.7274618 4.7273366 4.7226079 4.719968 4.7205658 4.7185082 4.7093716 4.6820344 4.6890139 4.7232752 4.7454205 4.7641395 4.782033 4.8007507 4.8209955 4.835555 4.8339845 4.8308385 4.8326891 4.8402204 4.8527178 4.8697379 4.8910559 4.9165062 4.9459865 4.9797162 5.0137409 5.014927 4.9897036 4.9649181 4.9448151 4.9279656 4.91329 4.9001782 4.8883039 4.877489 4.8676224 4.8586204 4.8504088 4.8429177 4.8360799 4.8298323 4.8241155 4.8188755 4.814063 4.809634 4.8055489 4.8017726 4.7982741 4.7950258
4.7360194 4.7387488 4.7457769 4.7677467 4.7838954 4.7509127 4.7381774 4.7334477 4.731131 4.7300508 4.7315424 4.7392788 4.7327202 4.7250555 4.7212332 4.7155116 4.7046506 4.6926303 4.6998458 4.7247516 4.7466203 4.7660214 4.7852158 4.8067018 4.8370972 4.8815797 4.8572242 4.8370718 4.8356565 4.8424552 4.8547864 4.8718618 4.8933968 4.9191109 4.9483178 4.9794425 5.0111421 5.00581 4.9777379 4.9554685 4.9368828 4.9210097 4.9071293 4.8947487 4.8835605 4.8733761 4.8640734 4.8555637 4.8477748 4.8406422 4.8341065 4.8281125 4.8226087 4.8175475 4.8128857 4.808584 4.8046071 4.8009231 4.7975037 4.7943235
4.7335225 4.7369762 4.7427185 4.7506953 4.7537781 4.7449469 4.7372429 4.7330164 4.7307556 4.7298091 4.7304959 4.7327137 4.7299668 4.7249278 4.7197868 4.7113322 4.6921173 4.6676348 4.7009039 4.7274107 4.7487366 4.7684488 4.7883581 4.8101598 4.8358165 4.8626433 4.8516723 4.8379469 4.8370982 4.8439897 4.8564585 4.8738629 4.8961061 4.9231291 4.9540028 4.9854591 5.008486 4.9897211 4.9670903 4.9465229 4.9289437 4.9138811 4.9007339 4.8890475 4.8785168 4.8689435 4.8601957 4.8521796 4.8448224 4.8380632 4.8318481 4.8261279 4.8208575 4.8159953 4.8115034 4.8073471 4.8034948 4.7999182 4.7965917 4.7934921
4.7310245 4.7347446 4.7403723 4.7482575 4.7453383 4.7393063 4.7346225 4.7313685 4.7293635 4.7284858 4.7284979 4.7281663 4.7263159 4.7227297 4.7170734 4.7076098 4.6926348 4.6808474 4.7047133 4.730118 4.7513254 4.7712772 4.7916962 4.8141685 4.8386349 4.8469565 4.8397414 4.8354223 4.8371902 4.8448475 4.857731 4.8756977 4.8991024 4.9287884 4.9660751 5.0050746 5.0068399 4.9845218 4.9590399 4.9381599 4.9210569 4.9066449 4.8941755 4.8831537 4.8732574 4.8642766 4.856071 4.8485426 4.841618 4.8352384 4.8293538 4.8239199 4.8188968 4.8142481 4.8099405 4.8059434 4.8022292 4.7987724 4.7955502 4.7925418
4.7286313 4.7322521 4.7370166 4.743069 4.7406757 4.7353435 4.7316622 4.7289122 4.7270478 4.7267206 4.729133 4.7278235 4.7240081 4.7199492 4.7134157 4.7012919 4.6791342 4.6850553 4.7110483 4.7336138 4.7543342 4.7745168 4.7953251 4.8179113 4.8452986 4.8533061 4.8376091 4.8337986 4.8368909 4.8452653 4.8586221 4.8771895 4.9017677 4.9340018 4.9782595 5.054287 5.0472791 4.9827979 4.9511748 4.9297009 4.9130215 4.8992606 4.8874738 4.8771135 4.8678411 4.8594393 4.8517638 4.8447145 4.8382184 4.8322185 4.8266681 4.8215271 4.8167598 4.8123342 4.8082211 4.8043936 4.8008275 4.7975003 4.7943917 4.7914833
4.7264115 4.7298207 4.7341749 4.7366378 4.7344194 4.7313628 4.7284466 4.7256901 4.7232957 4.7226262 4.7253123 4.7243968 4.7208425 4.7165353 4.7091184 4.6964227 4.6752763 4.6830385 4.7134193 4.7367342 4.7576195 4.7783311 4.800069 4.8227701 4.8393102 4.8400212 4.8344191 4.8327468 4.8365902 4.8454361 4.8591723 4.8781866 4.9035114 4.9372308 4.9799299 5.0103187 5.0029152 4.9687129 4.9406926 4.9203674 4.9046069 4.8916732 4.880637 4.8709607 4.8623136 4.8544827 4.8473265 4.8407466 4.8346717 4.8290478 4.823831 4.8189849 4.8144775 4.8102806 4.8063685 4.8027177 4.7993071 4.7961169 4.7931292 4.7903276
4.7242641 4.7269184 4.7329638 4.7385923 4.7312598 4.7278229 4.725071 4.7216737 4.717093 4.7122643 4.7128799 4.7162421 4.7162227 4.712445 4.703378 4.6855762 4.6734408 4.693512 4.7176991 4.7400487 4.7612033 4.782779 4.8063473 4.8354363 4.8670937 4.8477233 4.8344063 4.8322862 4.8363418 4.8454558 4.8594839 4.8787961 4.9042244 4.9377459 4.9871996 5.0277333 4.9837482 4.951321 4.9280777 4.9101432 4.8958055 4.8839014 4.8736977 4.8647348 4.8567177 4.8494515 4.842804 4.8366825 4.8310199 4.8257651 4.820878 4.8163253 4.8120785 4.8081125 4.8044048 4.8009352 4.7976849 4.7946369 4.7917754 4.7890861
