Cobbity2/QGIS/smothed_interp32.asc
NCOLS 600
NROWS 419
XLLCORNER 150.66
YLLCORNER -34.028
CELLSIZE 1e-05
NODATA_VALUE -9999
[rows 384 to 407 of 419, columns 330 to 384 of 600]
-0.94233983 -0.94231398 -0.94228972 -0.94226702 -0.94224586 -0.94222622 -0.94220805 -0.94219134 -0.94217606 -0.94216218 -0.94214968 -0.94213852 -0.94212868 -0.94212015 -0.94211288 -0.94210685 -0.94210205 -0.94209843 -0.94209599 -0.94209469 -0.94209451 -0.94209542 -0.94209741 -0.94210044 -0.9421045 -0.94210956 -0.9421156 -0.9421226 -0.94213053 -0.94213938 -0.94214912 -0.94215972 -0.94217119 -0.94218348 -0.94219658 -0.94221047 -0.94222513 -0.94224055 -0.94225669 -0.94227356 -0.94229112 -0.94230936 -0.94232826 -0.94234781 -0.94236799 -0.94238878 -0.94241016 -0.94243213 -0.94245466 -0.94247773 -0.94250135 -0.94252548 -0.94255012 -0.94257525 -0.94260086
-0.94250319 -0.94247657 -0.94245151 -0.94242801 -0.94240604 -0.94238555 -0.94236654 -0.94234897 -0.94233282 -0.94231806 -0.94230466 -0.9422926 -0.94228185 -0.94227239 -0.9422642 -0.94225724 -0.94225149 -0.94224693 -0.94224353 -0.94224127 -0.94224013 -0.94224007 -0.94224109 -0.94224315 -0.94224623 -0.94225031 -0.94225537 -0.94226139 -0.94226834 -0.9422762 -0.94228496 -0.94229458 -0.94230506 -0.94231637 -0.94232849 -0.9423414 -0.94235509 -0.94236953 -0.94238471 -0.9424006 -0.94241719 -0.94243447 -0.94245241 -0.942471 -0.94249023 -0.94251006 -0.9425305 -0.94255152 -0.94257312 -0.94259526 -0.94261795 -0.94264116 -0.94266487 -0.94268909 -0.94271379
-0.94266473 -0.94263735 -0.94261154 -0.94258726 -0.94256449 -0.9425432 -0.94252337 -0.94250497 -0.94248797 -0.94247236 -0.94245809 -0.94244516 -0.94243353 -0.94242318 -0.94241408 -0.94240621 -0.94239954 -0.94239406 -0.94238974 -0.94238654 -0.94238446 -0.94238347 -0.94238354 -0.94238465 -0.94238678 -0.9423899 -0.94239401 -0.94239907 -0.94240506 -0.94241196 -0.94241975 -0.94242842 -0.94243794 -0.94244829 -0.94245945 -0.9424714 -0.94248413 -0.94249761 -0.94251184 -0.94252678 -0.94254243 -0.94255876 -0.94257576 -0.94259341 -0.94261169 -0.9426306 -0.94265011 -0.94267021 -0.94269088 -0.94271211 -0.94273388 -0.94275618 -0.94277899 -0.94280231 -0.94282612
-0.94282446 -0.94279637 -0.94276982 -0.94274479 -0.94272126 -0.94269919 -0.94267857 -0.94265936 -0.94264155 -0.9426251 -0.94261 -0.94259622 -0.94258373 -0.94257251 -0.94256253 -0.94255378 -0.94254623 -0.94253985 -0.94253462 -0.94253052 -0.94252752 -0.94252561 -0.94252476 -0.94252494 -0.94252614 -0.94252834 -0.94253151 -0.94253563 -0.94254069 -0.94254665 -0.94255351 -0.94256123 -0.94256981 -0.94257922 -0.94258944 -0.94260046 -0.94261225 -0.9426248 -0.94263809 -0.9426521 -0.94266682 -0.94268222 -0.9426983 -0.94271503 -0.94273239 -0.94275038 -0.94276898 -0.94278817 -0.94280794 -0.94282826 -0.94284914 -0.94287055 -0.94289248 -0.94291491 -0.94293784
-0.9429824 -0.94295362 -0.94292637 -0.94290062 -0.94287634 -0.94285352 -0.94283214 -0.94281215 -0.94279355 -0.9427763 -0.94276039 -0.94274578 -0.94273246 -0.9427204 -0.94270957 -0.94269996 -0.94269154 -0.94268429 -0.94267819 -0.9426732 -0.94266932 -0.94266651 -0.94266476 -0.94266404 -0.94266434 -0.94266563 -0.94266789 -0.9426711 -0.94267524 -0.94268028 -0.94268622 -0.94269303 -0.94270069 -0.94270918 -0.94271848 -0.94272858 -0.94273946 -0.94275109 -0.94276347 -0.94277657 -0.94279037 -0.94280487 -0.94282003 -0.94283586 -0.94285233 -0.94286942 -0.94288712 -0.94290542 -0.94292429 -0.94294374 -0.94296373 -0.94298426 -0.94300532 -0.94302688 -0.94304894
-0.94313859 -0.94310915 -0.94308121 -0.94305476 -0.94302978 -0.94300623 -0.9429841 -0.94296336 -0.942944 -0.94292597 -0.94290927 -0.94289387 -0.94287974 -0.94286686 -0.94285521 -0.94284477 -0.94283551 -0.94282741 -0.94282045 -0.94281461 -0.94280986 -0.94280618 -0.94280355 -0.94280196 -0.94280137 -0.94280177 -0.94280314 -0.94280546 -0.94280871 -0.94281286 -0.9428179 -0.94282381 -0.94283057 -0.94283817 -0.94284657 -0.94285577 -0.94286575 -0.94287649 -0.94288797 -0.94290017 -0.94291308 -0.94292669 -0.94294097 -0.94295591 -0.94297149 -0.9429877 -0.94300452 -0.94302194 -0.94303995 -0.94305852 -0.94307765 -0.94309732 -0.94311752 -0.94313823 -0.94315944
-0.94329304 -0.94326296 -0.94323436 -0.94320724 -0.94318157 -0.94315732 -0.94313448 -0.94311302 -0.94309291 -0.94307413 -0.94305667 -0.94304049 -0.94302558 -0.94301191 -0.94299946 -0.94298821 -0.94297813 -0.94296921 -0.94296142 -0.94295474 -0.94294915 -0.94294462 -0.94294114 -0.94293869 -0.94293724 -0.94293678 -0.94293729 -0.94293873 -0.94294111 -0.94294439 -0.94294855 -0.94295359 -0.94295947 -0.94296618 -0.94297371 -0.94298203 -0.94299113 -0.94300099 -0.94301159 -0.94302292 -0.94303496 -0.94304769 -0.9430611 -0.94307517 -0.94308988 -0.94310523 -0.94312119 -0.94313775 -0.9431549 -0.94317262 -0.9431909 -0.94320972 -0.94322907 -0.94324894 -0.94326932
-0.94344578 -0.94341507 -0.94338585 -0.94335808 -0.94333175 -0.94330682 -0.94328329 -0.94326112 -0.9432403 -0.9432208 -0.94320259 -0.94318567 -0.94317 -0.94315556 -0.94314233 -0.9431303 -0.94311943 -0.9431097 -0.9431011 -0.94309361 -0.9430872 -0.94308185 -0.94307754 -0.94307425 -0.94307197 -0.94307066 -0.94307032 -0.94307092 -0.94307244 -0.94307487 -0.94307818 -0.94308235 -0.94308738 -0.94309323 -0.9430999 -0.94310736 -0.9431156 -0.9431246 -0.94313435 -0.94314482 -0.943156 -0.94316787 -0.94318043 -0.94319364 -0.94320751 -0.943222 -0.94323712 -0.94325284 -0.94326914 -0.94328602 -0.94330347 -0.94332146 -0.94333998 -0.94335903 -0.94337858
-0.94359682 -0.94356552 -0.94353569 -0.9435073 -0.94348032 -0.94345475 -0.94343055 -0.9434077 -0.94338618 -0.94336598 -0.94334706 -0.94332941 -0.943313 -0.94329782 -0.94328384 -0.94327104 -0.9432594 -0.9432489 -0.94323951 -0.94323123 -0.94322402 -0.94321786 -0.94321275 -0.94320865 -0.94320555 -0.94320342 -0.94320225 -0.94320202 -0.94320271 -0.94320431 -0.94320678 -0.94321012 -0.94321431 -0.94321932 -0.94322515 -0.94323177 -0.94323917 -0.94324733 -0.94325623 -0.94326586 -0.9432762 -0.94328724 -0.94329895 -0.94331133 -0.94332436 -0.94333803 -0.94335231 -0.9433672 -0.94338268 -0.94339874 -0.94341536 -0.94343254 -0.94345025 -0.94346848 -0.94348723
-0.94374619 -0.94371432 -0.9436839 -0.94365491 -0.94362732 -0.94360111 -0.94357627 -0.94355276 -0.94353058 -0.94350969 -0.94349008 -0.94347173 -0.94345461 -0.94343871 -0.94342399 -0.94341045 -0.94339806 -0.94338681 -0.94337666 -0.9433676 -0.94335962 -0.94335268 -0.94334678 -0.94334189 -0.94333799 -0.94333506 -0.94333309 -0.94333205 -0.94333193 -0.94333271 -0.94333437 -0.94333689 -0.94334026 -0.94334445 -0.94334946 -0.94335526 -0.94336183 -0.94336917 -0.94337725 -0.94338605 -0.94339557 -0.94340579 -0.94341668 -0.94342824 -0.94344045 -0.9434533 -0.94346677 -0.94348085 -0.94349552 -0.94351077 -0.94352659 -0.94354296 -0.94355987 -0.9435773 -0.94359525
-0.9438939 -0.94386149 -0.9438305 -0.94380093 -0.94377275 -0.94374594 -0.94372047 -0.94369633 -0.9436735 -0.94365196 -0.94363168 -0.94361265 -0.94359483 -0.94357823 -0.94356281 -0.94354855 -0.94353543 -0.94352344 -0.94351255 -0.94350275 -0.94349401 -0.94348631 -0.94347964 -0.94347398 -0.9434693 -0.94346559 -0.94346284 -0.94346101 -0.9434601 -0.94346009 -0.94346095 -0.94346267 -0.94346524 -0.94346863 -0.94347283 -0.94347783 -0.9434836 -0.94349012 -0.9434974 -0.9435054 -0.94351411 -0.94352352 -0.94353361 -0.94354437 -0.94355578 -0.94356782 -0.94358049 -0.94359377 -0.94360765 -0.94362211 -0.94363713 -0.94365271 -0.94366884 -0.94368549 -0.94370266
-0.94403998 -0.94400705 -0.94397552 -0.94394539 -0.94391664 -0.94388924 -0.94386318 -0.94383843 -0.94381497 -0.94379279 -0.94377186 -0.94375217 -0.94373369 -0.9437164 -0.94370029 -0.94368534 -0.94367152 -0.94365881 -0.9436472 -0.94363667 -0.94362719 -0.94361876 -0.94361134 -0.94360493 -0.94359949 -0.94359503 -0.9435915 -0.94358891 -0.94358723 -0.94358644 -0.94358652 -0.94358746 -0.94358925 -0.94359186 -0.94359527 -0.94359948 -0.94360446 -0.9436102 -0.94361668 -0.9436239 -0.94363182 -0.94364044 -0.94364974 -0.94365971 -0.94367034 -0.9436816 -0.94369348 -0.94370598 -0.94371908 -0.94373275 -0.943747 -0.94376181 -0.94377716 -0.94379304 -0.94380945
-0.94418446 -0.94415101 -0.94411897 -0.94408831 -0.944059 -0.94403104 -0.9440044 -0.94397905 -0.94395499 -0.9439322 -0.94391064 -0.94389031 -0.94387118 -0.94385324 -0.94383646 -0.94382083 -0.94380633 -0.94379293 -0.94378062 -0.94376938 -0.94375919 -0.94375003 -0.94374189 -0.94373474 -0.94372857 -0.94372336 -0.9437191 -0.94371575 -0.94371332 -0.94371177 -0.9437111 -0.94371128 -0.9437123 -0.94371414 -0.94371678 -0.94372022 -0.94372443 -0.9437294 -0.94373511 -0.94374155 -0.9437487 -0.94375655 -0.94376508 -0.94377428 -0.94378413 -0.94379462 -0.94380574 -0.94381747 -0.9438298 -0.94384271 -0.9438562 -0.94387024 -0.94388484 -0.94389996 -0.94391561
-0.94432734 -0.94429341 -0.94426087 -0.94422969 -0.94419986 -0.94417135 -0.94414415 -0.94411824 -0.94409359 -0.9440702 -0.94404804 -0.94402709 -0.94400734 -0.94398876 -0.94397133 -0.94395504 -0.94393987 -0.9439258 -0.94391281 -0.94390088 -0.94389 -0.94388014 -0.94387129 -0.94386343 -0.94385655 -0.94385062 -0.94384562 -0.94384155 -0.94383838 -0.94383609 -0.94383467 -0.94383411 -0.94383438 -0.94383548 -0.94383737 -0.94384006 -0.94384351 -0.94384773 -0.94385268 -0.94385837 -0.94386476 -0.94387185 -0.94387963 -0.94388807 -0.94389716 -0.9439069 -0.94391726 -0.94392824 -0.94393982 -0.94395198 -0.94396472 -0.94397801 -0.94399186 -0.94400625 -0.94402115
-0.94446866 -0.94443426 -0.94440124 -0.94436956 -0.94433922 -0.94431019 -0.94428245 -0.94425599 -0.94423078 -0.94420682 -0.94418407 -0.94416252 -0.94414216 -0.94412296 -0.94410491 -0.94408798 -0.94407217 -0.94405744 -0.94404379 -0.9440312 -0.94401964 -0.9440091 -0.94399956 -0.94399101 -0.94398342 -0.94397679 -0.94397108 -0.9439663 -0.94396241 -0.9439594 -0.94395726 -0.94395597 -0.94395552 -0.94395588 -0.94395704 -0.94395899 -0.94396171 -0.94396519 -0.9439694 -0.94397434 -0.94398 -0.94398635 -0.94399338 -0.94400108 -0.94400944 -0.94401843 -0.94402806 -0.94403829 -0.94404913 -0.94406056 -0.94407256 -0.94408513 -0.94409824 -0.94411189 -0.94412608
-0.94460842 -0.94457358 -0.9445401 -0.94450795 -0.94447711 -0.94444757 -0.94441932 -0.94439233 -0.94436658 -0.94434205 -0.94431874 -0.94429662 -0.94427567 -0.94425587 -0.94423721 -0.94421967 -0.94420322 -0.94418787 -0.94417357 -0.94416033 -0.94414811 -0.94413691 -0.9441267 -0.94411748 -0.94410921 -0.94410189 -0.9440955 -0.94409001 -0.94408543 -0.94408172 -0.94407887 -0.94407687 -0.9440757 -0.94407535 -0.94407579 -0.94407702 -0.94407902 -0.94408178 -0.94408527 -0.94408949 -0.94409441 -0.94410004 -0.94410635 -0.94411332 -0.94412095 -0.94412922 -0.94413812 -0.94414763 -0.94415775 -0.94416845 -0.94417973 -0.94419157 -0.94420397 -0.94421691 -0.94423037
-0.94474666 -0.94471139 -0.94467746 -0.94464485 -0.94461355 -0.94458353 -0.94455477 -0.94452727 -0.94450099 -0.94447593 -0.94445207 -0.94442939 -0.94440787 -0.94438749 -0.94436824 -0.9443501 -0.94433305 -0.94431708 -0.94430216 -0.94428829 -0.94427543 -0.94426359 -0.94425273 -0.94424284 -0.94423392 -0.94422593 -0.94421886 -0.9442127 -0.94420743 -0.94420304 -0.9441995 -0.94419681 -0.94419494 -0.94419389 -0.94419364 -0.94419416 -0.94419546 -0.9441975 -0.94420029 -0.9442038 -0.94420802 -0.94421293 -0.94421852 -0.94422479 -0.94423171 -0.94423926 -0.94424745 -0.94425625 -0.94426566 -0.94427565 -0.94428623 -0.94429736 -0.94430905 -0.94432129 -0.94433405
-0.94488338 -0.94484771 -0.94481335 -0.94478031 -0.94474855 -0.94471806 -0.94468882 -0.94466082 -0.94463404 -0.94460847 -0.94458408 -0.94456085 -0.94453878 -0.94451784 -0.94449802 -0.9444793 -0.94446167 -0.94444509 -0.94442957 -0.94441508 -0.94440161 -0.94438914 -0.94437765 -0.94436712 -0.94435755 -0.94434891 -0.94434118 -0.94433436 -0.94432843 -0.94432337 -0.94431916 -0.94431579 -0.94431325 -0.94431151 -0.94431057 -0.94431041 -0.94431102 -0.94431237 -0.94431447 -0.94431728 -0.9443208 -0.94432502 -0.94432992 -0.94433549 -0.94434171 -0.94434857 -0.94435606 -0.94436416 -0.94437287 -0.94438217 -0.94439205 -0.94440249 -0.94441349 -0.94442503 -0.9444371
-0.94501862 -0.94498255 -0.94494779 -0.94491432 -0.94488213 -0.94485119 -0.94482149 -0.94479301 -0.94476575 -0.94473967 -0.94471477 -0.94469102 -0.94466842 -0.94464694 -0.94462656 -0.94460728 -0.94458907 -0.94457192 -0.94455581 -0.94454073 -0.94452665 -0.94451357 -0.94450146 -0.94449032 -0.94448011 -0.94447084 -0.94446248 -0.94445501 -0.94444843 -0.94444272 -0.94443785 -0.94443382 -0.94443062 -0.94442822 -0.94442661 -0.94442578 -0.94442571 -0.94442639 -0.9444278 -0.94442994 -0.94443278 -0.94443632 -0.94444053 -0.94444542 -0.94445095 -0.94445713 -0.94446394 -0.94447136 -0.94447939 -0.944488 -0.9444972 -0.94450696 -0.94451728 -0.94452814 -0.94453954
-0.94515238 -0.94511594 -0.94508079 -0.94504692 -0.9450143 -0.94498293 -0.94495279 -0.94492385 -0.94489612 -0.94486956 -0.94484416 -0.94481991 -0.94479679 -0.94477478 -0.94475387 -0.94473405 -0.94471528 -0.94469757 -0.94468089 -0.94466523 -0.94465057 -0.94463689 -0.94462419 -0.94461244 -0.94460162 -0.94459173 -0.94458275 -0.94457466 -0.94456744 -0.94456109 -0.94455559 -0.94455092 -0.94454706 -0.94454401 -0.94454175 -0.94454026 -0.94453953 -0.94453955 -0.9445403 -0.94454178 -0.94454395 -0.94454682 -0.94455037 -0.94455459 -0.94455945 -0.94456496 -0.9445711 -0.94457785 -0.94458521 -0.94459315 -0.94460168 -0.94461077 -0.94462042 -0.94463062 -0.94464135
-0.94528469 -0.94524789 -0.94521237 -0.94517811 -0.94514509 -0.94511331 -0.94508273 -0.94505336 -0.94502517 -0.94499814 -0.94497227 -0.94494753 -0.94492391 -0.9449014 -0.94487997 -0.94485961 -0.94484032 -0.94482206 -0.94480482 -0.9447886 -0.94477337 -0.94475912 -0.94474583 -0.94473349 -0.94472208 -0.94471159 -0.944702 -0.9446933 -0.94468547 -0.9446785 -0.94467237 -0.94466707 -0.94466258 -0.9446589 -0.944656 -0.94465387 -0.9446525 -0.94465187 -0.94465197 -0.9446528 -0.94465432 -0.94465654 -0.94465943 -0.94466299 -0.9446672 -0.94467206 -0.94467754 -0.94468363 -0.94469033 -0.94469762 -0.94470549 -0.94471393 -0.94472292 -0.94473246 -0.94474254
-0.94541557 -0.94537843 -0.94534255 -0.94530792 -0.94527451 -0.94524233 -0.94521134 -0.94518154 -0.94515291 -0.94512544 -0.94509911 -0.9450739 -0.9450498 -0.94502679 -0.94500486 -0.94498399 -0.94496418 -0.94494539 -0.94492762 -0.94491085 -0.94489507 -0.94488026 -0.9448664 -0.94485349 -0.9448415 -0.94483043 -0.94482025 -0.94481095 -0.94480252 -0.94479494 -0.9447882 -0.94478229 -0.94477719 -0.94477288 -0.94476936 -0.9447666 -0.9447646 -0.94476334 -0.94476281 -0.944763 -0.94476389 -0.94476547 -0.94476772 -0.94477064 -0.94477421 -0.94477842 -0.94478325 -0.9447887 -0.94479476 -0.94480141 -0.94480863 -0.94481643 -0.94482478 -0.94483368 -0.94484311
-0.94554503 -0.94550756 -0.94547134 -0.94543635 -0.94540258 -0.94537001 -0.94533863 -0.94530842 -0.94527937 -0.94525147 -0.94522469 -0.94519902 -0.94517446 -0.94515097 -0.94512856 -0.9451072 -0.94508688 -0.94506758 -0.94504929 -0.94503199 -0.94501567 -0.94500032 -0.94498591 -0.94497244 -0.94495989 -0.94494824 -0.94493749 -0.94492761 -0.9449186 -0.94491043 -0.9449031 -0.94489659 -0.94489088 -0.94488597 -0.94488184 -0.94487847 -0.94487586 -0.94487398 -0.94487283 -0.9448724 -0.94487266 -0.94487361 -0.94487524 -0.94487753 -0.94488047 -0.94488405 -0.94488826 -0.94489308 -0.9448985 -0.94490451 -0.94491111 -0.94491827 -0.94492599 -0.94493426 -0.94494306
-0.9456731 -0.94563532 -0.94559877 -0.94556344 -0.94552931 -0.94549638 -0.94546462 -0.94543401 -0.94540456 -0.94537623 -0.94534903 -0.94532292 -0.94529791 -0.94527396 -0.94525108 -0.94522924 -0.94520843 -0.94518863 -0.94516984 -0.94515203 -0.94513519 -0.9451193 -0.94510436 -0.94509035 -0.94507725 -0.94506505 -0.94505374 -0.9450433 -0.94503371 -0.94502497 -0.94501706 -0.94500997 -0.94500367 -0.94499817 -0.94499344 -0.94498948 -0.94498626 -0.94498378 -0.94498203 -0.94498098 -0.94498064 -0.94498098 -0.94498199 -0.94498367 -0.94498599 -0.94498895 -0.94499254 -0.94499674 -0.94500155 -0.94500694 -0.94501292 -0.94501946 -0.94502656 -0.94503421 -0.94504239
