Cobbity2/QGIS/smother_interp.asc
NCOLS 299
NROWS 209
XLLCORNER 150.661
YLLCORNER -34.0267
CELLSIZE 1e-05
NODATA_VALUE -9999
[rows 52 to 77 of 209, columns 0 to 59 of 299]
4.6970736 4.697044 4.6970141 4.6969839 4.6969534 4.6969227 4.6968916 4.6968603 4.6968286 4.6967966 4.6967642 4.6967314 4.6966983 4.6966648 4.6966309 4.6965966 4.6965618 4.6965266 4.6964909 4.6964547 4.696418 4.6963808 4.696343 4.6963046 4.6962657 4.6962261 4.6961858 4.6961449 4.6961033 4.6960609 4.6960178 4.6959738 4.695929 4.6958833 4.6958367 4.6957892 4.6957406 4.6956909 4.6956402 4.6955883 4.6955351 4.6954807 4.695425 4.6953679 4.6953093 4.6952491 4.6951874 4.6951239 4.6950587 4.6949916 4.6949225 4.6948514 4.6947781 4.6947025 4.6946245 4.694544 4.6944608 4.6943748 4.6942859 4.6941938
4.6970263 4.6969965 4.6969665 4.6969362 4.6969056 4.6968748 4.6968436 4.6968122 4.6967804 4.6967483 4.6967158 4.696683 4.6966498 4.6966163 4.6965823 4.6965479 4.6965132 4.6964779 4.6964422 4.6964061 4.6963694 4.6963322 4.6962945 4.6962562 4.6962174 4.6961779 4.6961378 4.696097 4.6960555 4.6960134 4.6959704 4.6959267 4.6958821 4.6958367 4.6957904 4.6957432 4.6956949 4.6956457 4.6955953 4.6955439 4.6954912 4.6954373 4.6953821 4.6953256 4.6952676 4.6952081 4.695147 4.6950843 4.6950198 4.6949536 4.6948853 4.6948151 4.6947428 4.6946682 4.6945913 4.6945119 4.6944299 4.6943452 4.6942575 4.6941669
4.6969794 4.6969495 4.6969194 4.6968889 4.6968583 4.6968273 4.696796 4.6967645 4.6967326 4.6967004 4.6966679 4.6966351 4.6966019 4.6965683 4.6965343 4.6964999 4.6964651 4.6964299 4.6963943 4.6963582 4.6963215 4.6962844 4.6962468 4.6962086 4.6961699 4.6961306 4.6960906 4.69605 4.6960088 4.6959668 4.6959241 4.6958806 4.6958364 4.6957913 4.6957453 4.6956985 4.6956506 4.6956018 4.6955519 4.695501 4.6954488 4.6953955 4.6953409 4.695285 4.6952277 4.695169 4.6951087 4.6950468 4.6949832 4.6949179 4.6948506 4.6947814 4.6947102 4.6946368 4.6945611 4.6944829 4.6944023 4.694319 4.6942328 4.6941437
4.6969329 4.6969029 4.6968726 4.6968421 4.6968113 4.6967802 4.6967489 4.6967173 4.6966854 4.6966531 4.6966206 4.6965877 4.6965544 4.6965208 4.6964869 4.6964525 4.6964177 4.6963826 4.696347 4.6963109 4.6962744 4.6962374 4.6961999 4.6961618 4.6961232 4.6960841 4.6960443 4.6960039 4.6959629 4.6959212 4.6958788 4.6958357 4.6957917 4.695747 4.6957015 4.695655 4.6956076 4.6955593 4.6955099 4.6954595 4.695408 4.6953553 4.6953014 4.6952463 4.6951897 4.6951318 4.6950724 4.6950114 4.6949488 4.6948845 4.6948183 4.6947503 4.6946803 4.6946081 4.6945338 4.6944571 4.6943779 4.6942962 4.6942117 4.6941243
4.6968867 4.6968566 4.6968262 4.6967956 4.6967647 4.6967336 4.6967022 4.6966705 4.6966386 4.6966063 4.6965737 4.6965408 4.6965075 4.6964739 4.69644 4.6964057 4.6963709 4.6963358 4.6963003 4.6962643 4.6962279 4.696191 4.6961537 4.6961158 4.6960774 4.6960384 4.6959989 4.6959588 4.695918 4.6958766 4.6958345 4.6957917 4.6957482 4.6957039 4.6956587 4.6956128 4.6955659 4.6955181 4.6954694 4.6954196 4.6953687 4.6953167 4.6952636 4.6952092 4.6951535 4.6950965 4.6950381 4.6949781 4.6949166 4.6948534 4.6947884 4.6947217 4.694653 4.6945822 4.6945094 4.6944342 4.6943567 4.6942767 4.6941941 4.6941086
4.6968409 4.6968107 4.6967802 4.6967495 4.6967186 4.6966874 4.6966559 4.6966242 4.6965922 4.6965599 4.6965273 4.6964944 4.6964611 4.6964276 4.6963937 4.6963594 4.6963247 4.6962897 4.6962543 4.6962184 4.6961821 4.6961454 4.6961082 4.6960705 4.6960323 4.6959936 4.6959543 4.6959144 4.695874 4.6958329 4.6957912 4.6957488 4.6957057 4.6956618 4.6956172 4.6955717 4.6955254 4.6954782 4.6954301 4.695381 4.6953309 4.6952797 4.6952274 4.6951739 4.6951191 4.6950631 4.6950057 4.6949468 4.6948864 4.6948245 4.6947609 4.6946955 4.6946282 4.694559 4.6944878 4.6944144 4.6943387 4.6942605 4.6941799 4.6940966
4.6967955 4.6967652 4.6967346 4.6967039 4.6966729 4.6966416 4.6966101 4.6965783 4.6965463 4.696514 4.6964814 4.6964485 4.6964153 4.6963817 4.6963479 4.6963137 4.6962791 4.6962442 4.6962088 4.6961731 4.696137 4.6961004 4.6960634 4.6960259 4.695988 4.6959495 4.6959105 4.695871 4.6958309 4.6957902 4.6957488 4.6957069 4.6956642 4.6956209 4.6955768 4.6955319 4.6954862 4.6954396 4.6953922 4.6953439 4.6952945 4.6952442 4.6951927 4.6951402 4.6950864 4.6950314 4.6949751 4.6949175 4.6948584 4.6947978 4.6947355 4.6946716 4.694606 4.6945384 4.6944689 4.6943974 4.6943236 4.6942476 4.6941691 4.694088
4.6967504 4.69672 4.6966894 4.6966586 4.6966275 4.6965962 4.6965647 4.6965329 4.6965008 4.6964685 4.6964359 4.6964031 4.6963699 4.6963364 4.6963026 4.6962685 4.696234 4.6961992 4.696164 4.6961284 4.6960925 4.6960561 4.6960193 4.6959821 4.6959444 4.6959062 4.6958675 4.6958284 4.6957886 4.6957483 4.6957074 4.6956659 4.6956238 4.6955809 4.6955374 4.6954931 4.6954481 4.6954023 4.6953556 4.695308 4.6952595 4.6952101 4.6951596 4.695108 4.6950554 4.6950015 4.6949464 4.6948901 4.6948323 4.6947731 4.6947124 4.6946501 4.6945862 4.6945204 4.6944528 4.6943832 4.6943116 4.6942377 4.6941616 4.6940829
4.6967056 4.6966752 4.6966445 4.6966136 4.6965825 4.6965512 4.6965196 4.6964879 4.6964558 4.6964235 4.6963909 4.6963581 4.696325 4.6962916 4.6962578 4.6962238 4.6961895 4.6961548 4.6961198 4.6960844 4.6960486 4.6960125 4.6959759 4.6959389 4.6959015 4.6958637 4.6958253 4.6957865 4.6957472 4.6957073 4.6956669 4.6956259 4.6955843 4.695542 4.6954991 4.6954555 4.6954112 4.6953661 4.6953202 4.6952735 4.6952259 4.6951774 4.6951279 4.6950775 4.6950259 4.6949733 4.6949195 4.6948645 4.6948082 4.6947505 4.6946914 4.6946309 4.6945687 4.6945048 4.6944392 4.6943718 4.6943024 4.6942309 4.6941572 4.6940812
4.6966612 4.6966307 4.6966 4.6965691 4.6965379 4.6965066 4.696475 4.6964432 4.6964112 4.6963789 4.6963464 4.6963136 4.6962805 4.6962472 4.6962136 4.6961797 4.6961455 4.6961109 4.6960761 4.6960409 4.6960053 4.6959694 4.6959331 4.6958965 4.6958594 4.6958218 4.6957839 4.6957455 4.6957066 4.6956672 4.6956272 4.6955867 4.6955457 4.6955041 4.6954618 4.6954189 4.6953753 4.695331 4.695286 4.6952402 4.6951936 4.6951461 4.6950977 4.6950484 4.6949981 4.6949467 4.6948943 4.6948407 4.694786 4.6947299 4.6946725 4.6946137 4.6945535 4.6944916 4.6944282 4.694363 4.6942959 4.6942269 4.6941559 4.6940827
4.6966171 4.6965866 4.6965558 4.6965249 4.6964937 4.6964623 4.6964308 4.696399 4.696367 4.6963347 4.6963022 4.6962695 4.6962366 4.6962033 4.6961698 4.696136 4.696102 4.6960676 4.696033 4.695998 4.6959627 4.695927 4.695891 4.6958546 4.6958179 4.6957807 4.6957431 4.6957052 4.6956667 4.6956278 4.6955884 4.6955485 4.6955081 4.6954671 4.6954255 4.6953833 4.6953406 4.6952971 4.695253 4.6952081 4.6951625 4.6951161 4.6950688 4.6950207 4.6949717 4.6949217 4.6948707 4.6948187 4.6947655 4.6947112 4.6946556 4.6945987 4.6945404 4.6944807 4.6944195 4.6943567 4.6942922 4.6942258 4.6941576 4.6940873
4.6965734 4.6965428 4.696512 4.696481 4.6964498 4.6964185 4.6963869 4.6963551 4.6963231 4.696291 4.6962585 4.6962259 4.696193 4.6961599 4.6961265 4.6960929 4.696059 4.6960248 4.6959904 4.6959556 4.6959206 4.6958852 4.6958495 4.6958134 4.695777 4.6957403 4.6957031 4.6956656 4.6956276 4.6955892 4.6955504 4.6955111 4.6954713 4.695431 4.6953901 4.6953488 4.6953068 4.6952642 4.695221 4.6951772 4.6951326 4.6950873 4.6950413 4.6949944 4.6949468 4.6948982 4.6948487 4.6947982 4.6947468 4.6946942 4.6946405 4.6945856 4.6945295 4.694472 4.6944132 4.6943528 4.6942909 4.6942274 4.6941621 4.6940949
4.6965299 4.6964993 4.6964685 4.6964375 4.6964063 4.6963749 4.6963434 4.6963116 4.6962797 4.6962476 4.6962152 4.6961827 4.6961499 4.6961169 4.6960837 4.6960502 4.6960165 4.6959825 4.6959483 4.6959138 4.695879 4.6958439 4.6958085 4.6957728 4.6957368 4.6957004 4.6956637 4.6956267 4.6955892 4.6955514 4.6955131 4.6954744 4.6954353 4.6953957 4.6953557 4.6953151 4.695274 4.6952324 4.6951901 4.6951473 4.6951039 4.6950598 4.695015 4.6949694 4.6949232 4.6948761 4.6948282 4.6947794 4.6947297 4.694679 4.6946273 4.6945745 4.6945205 4.6944654 4.694409 4.6943513 4.6942921 4.6942315 4.6941693 4.6941054
4.6964868 4.6964561 4.6964253 4.6963943 4.6963631 4.6963317 4.6963002 4.6962685 4.6962366 4.6962046 4.6961723 4.6961399 4.6961072 4.6960743 4.6960413 4.696008 4.6959744 4.6959407 4.6959067 4.6958724 4.6958379 4.6958032 4.6957681 4.6957328 4.6956972 4.6956612 4.695625 4.6955884 4.6955515 4.6955142 4.6954766 4.6954386 4.6954002 4.6953613 4.6953221 4.6952823 4.6952421 4.6952015 4.6951603 4.6951185 4.6950762 4.6950333 4.6949898 4.6949457 4.6949009 4.6948553 4.6948091 4.694762 4.6947141 4.6946654 4.6946157 4.6945651 4.6945135 4.6944608 4.6944069 4.6943519 4.6942957 4.6942381 4.6941791 4.6941186
4.696444 4.6964132 4.6963824 4.6963514 4.6963202 4.6962889 4.6962574 4.6962257 4.6961939 4.6961619 4.6961298 4.6960974 4.6960649 4.6960322 4.6959993 4.6959661 4.6959328 4.6958993 4.6958655 4.6958316 4.6957974 4.6957629 4.6957282 4.6956933 4.6956581 4.6956226 4.6955868 4.6955508 4.6955144 4.6954778 4.6954408 4.6954034 4.6953657 4.6953277 4.6952892 4.6952504 4.6952111 4.6951715 4.6951313 4.6950907 4.6950496 4.695008 4.6949658 4.6949231 4.6948798 4.6948359 4.6947913 4.694746 4.6947 4.6946533 4.6946058 4.6945574 4.6945081 4.694458 4.6944068 4.6943546 4.6943014 4.6942469 4.6941913 4.6941343
4.6964014 4.6963707 4.6963398 4.6963088 4.6962776 4.6962463 4.6962149 4.6961833 4.6961516 4.6961196 4.6960876 4.6960554 4.696023 4.6959904 4.6959577 4.6959247 4.6958916 4.6958583 4.6958249 4.6957912 4.6957573 4.6957232 4.6956889 4.6956543 4.6956196 4.6955845 4.6955493 4.6955138 4.695478 4.6954419 4.6954056 4.695369 4.695332 4.6952948 4.6952572 4.6952193 4.695181 4.6951423 4.6951033 4.6950638 4.695024 4.6949836 4.6949429 4.6949016 4.6948599 4.6948176 4.6947748 4.6947313 4.6946873 4.6946427 4.6945973 4.6945513 4.6945045 4.6944569 4.6944085 4.6943593 4.6943091 4.6942579 4.6942057 4.6941524
4.6963591 4.6963284 4.6962975 4.6962665 4.6962354 4.6962041 4.6961727 4.6961412 4.6961095 4.6960777 4.6960457 4.6960136 4.6959814 4.695949 4.6959164 4.6958837 4.6958509 4.6958178 4.6957846 4.6957512 4.6957177 4.6956839 4.69565 4.6956159 4.6955815 4.695547 4.6955123 4.6954773 4.6954421 4.6954067 4.6953711 4.6953352 4.695299 4.6952626 4.6952259 4.6951889 4.6951516 4.695114 4.6950761 4.6950378 4.6949992 4.6949602 4.6949209 4.6948812 4.694841 4.6948004 4.6947594 4.6947179 4.6946759 4.6946333 4.6945903 4.6945466 4.6945024 4.6944575 4.6944119 4.6943657 4.6943187 4.6942709 4.6942223 4.6941727
4.6963171 4.6962864 4.6962555 4.6962245 4.6961934 4.6961622 4.6961308 4.6960994 4.6960678 4.6960361 4.6960042 4.6959723 4.6959402 4.6959079 4.6958756 4.6958431 4.6958105 4.6957777 4.6957448 4.6957117 4.6956785 4.6956451 4.6956116 4.6955779 4.695544 4.69551 4.6954758 4.6954414 4.6954068 4.695372 4.6953371 4.6953019 4.6952666 4.695231 4.6951952 4.6951592 4.6951229 4.6950864 4.6950496 4.6950126 4.6949753 4.6949377 4.6948998 4.6948616 4.6948231 4.6947843 4.6947451 4.6947055 4.6946656 4.6946253 4.6945845 4.6945433 4.6945017 4.6944596 4.6944169 4.6943738 4.69433 4.6942857 4.6942407 4.6941951
4.6962754 4.6962446 4.6962137 4.6961828 4.6961517 4.6961205 4.6960892 4.6960578 4.6960264 4.6959947 4.695963 4.6959312 4.6958993 4.6958672 4.6958351 4.6958028 4.6957704 4.6957379 4.6957053 4.6956725 4.6956397 4.6956067 4.6955735 4.6955403 4.6955069 4.6954734 4.6954397 4.6954059 4.695372 4.6953379 4.6953037 4.6952693 4.6952347 4.6952 4.6951651 4.6951301 4.6950949 4.6950595 4.6950239 4.6949881 4.6949521 4.694916 4.6948796 4.694843 4.6948061 4.6947691 4.6947318 4.6946942 4.6946564 4.6946183 4.6945799 4.6945412 4.6945023 4.694463 4.6944233 4.6943833 4.6943429 4.6943022 4.694261 4.6942193
4.6962338 4.6962031 4.6961722 4.6961413 4.6961103 4.6960791 4.6960479 4.6960166 4.6959852 4.6959537 4.6959221 4.6958905 4.6958587 4.6958268 4.6957949 4.6957628 4.6957307 4.6956985 4.6956662 4.6956337 4.6956012 4.6955686 4.6955359 4.6955031 4.6954702 4.6954372 4.6954041 4.6953709 4.6953376 4.6953042 4.6952707 4.6952371 4.6952034 4.6951696 4.6951357 4.6951016 4.6950675 4.6950332 4.6949988 4.6949643 4.6949297 4.6948949 4.6948601 4.6948251 4.69479 4.6947547 4.6947193 4.6946838 4.6946481 4.6946123 4.6945764 4.6945403 4.694504 4.6944676 4.694431 4.6943942 4.6943573 4.6943201 4.6942828 4.6942452
4.6961926 4.6961618 4.696131 4.6961001 4.6960691 4.696038 4.6960069 4.6959756 4.6959443 4.695913 4.6958815 4.69585 4.6958184 4.6957867 4.695755 4.6957232 4.6956913 4.6956594 4.6956274 4.6955953 4.6955632 4.6955309 4.6954987 4.6954663 4.6954339 4.6954015 4.6953689 4.6953364 4.6953037 4.695271 4.6952383 4.6952054 4.6951726 4.6951397 4.6951067 4.6950737 4.6950406 4.6950075 4.6949743 4.6949411 4.6949079 4.6948746 4.6948413 4.6948079 4.6947745 4.6947411 4.6947077 4.6946742 4.6946408 4.6946073 4.6945738 4.6945403 4.6945068 4.6944733 4.6944398 4.6944063 4.6943729 4.6943394 4.694306 4.6942726
4.6961515 4.6961208 4.69609 4.6960591 4.6960281 4.6959971 4.6959661 4.6959349 4.6959037 4.6958725 4.6958412 4.6958098 4.6957784 4.6957469 4.6957154 4.6956839 4.6956522 4.6956206 4.6955889 4.6955572 4.6955254 4.6954936 4.6954618 4.6954299 4.695398 4.6953661 4.6953341 4.6953022 4.6952702 4.6952382 4.6952062 4.6951742 4.6951422 4.6951102 4.6950782 4.6950462 4.6950142 4.6949823 4.6949503 4.6949185 4.6948866 4.6948548 4.694823 4.6947914 4.6947597 4.6947282 4.6946967 4.6946654 4.6946341 4.694603 4.694572 4.6945411 4.6945104 4.6944799 4.6944496 4.6944194 4.6943895 4.6943598 4.6943304 4.6943012
4.6961107 4.69608 4.6960492 4.6960183 4.6959874 4.6959565 4.6959255 4.6958945 4.6958634 4.6958322 4.6958011 4.6957699 4.6957386 4.6957074 4.6956761 4.6956448 4.6956134 4.6955821 4.6955507 4.6955193 4.6954879 4.6954566 4.6954252 4.6953938 4.6953624 4.695331 4.6952997 4.6952683 4.695237 4.6952057 4.6951745 4.6951433 4.6951122 4.6950811 4.6950501 4.6950191 4.6949883 4.6949575 4.6949268 4.6948963 4.6948658 4.6948355 4.6948054 4.6947753 4.6947455 4.6947158 4.6946864 4.6946571 4.6946281 4.6945994 4.6945709 4.6945427 4.6945149 4.6944873 4.6944602 4.6944334 4.6944071 4.6943812 4.6943558 4.6943309
4.6960701 4.6960394 4.6960086 4.6959778 4.695947 4.6959161 4.6958851 4.6958542 4.6958232 4.6957922 4.6957612 4.6957302 4.6956991 4.6956681 4.695637 4.6956059 4.6955749 4.6955438 4.6955128 4.6954818 4.6954508 4.6954198 4.6953888 4.6953579 4.6953271 4.6952962 4.6952655 4.6952348 4.6952042 4.6951736 4.6951432 4.6951128 4.6950825 4.6950524 4.6950224 4.6949925 4.6949627 4.6949331 4.6949037 4.6948745 4.6948455 4.6948167 4.6947881 4.6947598 4.6947317 4.694704 4.6946765 4.6946494 4.6946227 4.6945963 4.6945704 4.6945449 4.6945199 4.6944954 4.6944714 4.6944481 4.6944254 4.6944033 4.694382 4.6943614
4.6960297 4.695999 4.6959682 4.6959375 4.6959067 4.6958758 4.695845 4.6958142 4.6957833 4.6957524 4.6957216 4.6956907 4.6956598 4.695629 4.6955982 4.6955673 4.6955366 4.6955058 4.6954751 4.6954444 4.6954138 4.6953833 4.6953528 4.6953223 4.695292 4.6952617 4.6952316 4.6952015 4.6951716 4.6951418 4.6951121 4.6950825 4.6950532 4.6950239 4.6949949 4.6949661 4.6949375 4.6949091 4.6948809 4.6948531 4.6948255 4.6947982 4.6947712 4.6947446 4.6947183 4.6946925 4.6946671 4.6946421 4.6946176 4.6945937 4.6945703 4.6945475 4.6945254 4.6945039 4.6944832 4.6944633 4.6944442 4.694426 4.6944088 4.6943926
4.6959895 4.6959588 4.6959281 4.6958973 4.6958666 4.6958358 4.6958051 4.6957743 4.6957436 4.6957128 4.6956821 4.6956514 4.6956207 4.6955901 4.6955595 4.6955289 4.6954984 4.695468 4.6954376 4.6954073 4.6953771 4.695347 4.6953169 4.695287 4.6952572 4.6952275 4.6951979 4.6951685 4.6951392 4.6951101 4.6950812 4.6950525 4.695024 4.6949958 4.6949677 4.69494 4.6949125 4.6948853 4.6948584 4.6948319 4.6948057 4.6947799 4.6947546 4.6947297 4.6947052 4.6946813 4.6946579 4.6946351 4.6946129 4.6945914 4.6945705 4.6945505 4.6945312 4.6945128 4.6944953 4.6944788 4.6944634 4.6944491 4.694436 4.6944242
