Cobbity2/QGIS/smothed_interp32.asc
NCOLS 600
NROWS 419
XLLCORNER 150.66
YLLCORNER -34.028
CELLSIZE 1e-05
NODATA_VALUE -9999
[rows 192 to 215 of 419, columns 330 to 384 of 600]
-0.90468335 -0.90534176 -0.90598146 -0.9066035 -0.9072088 -0.90779823 -0.90837258 -0.90893256 -0.90947884 -0.91001204 -0.91053273 -0.91104144 -0.91153867 -0.91202489 -0.91250053 -0.91296601 -0.91342171 -0.91386799 -0.91430522 -0.9147337 -0.91515376 -0.91556568 -0.91596975 -0.91636623 -0.91675537 -0.91713742 -0.9175126 -0.91788113 -0.91824323 -0.91859908 -0.91894889 -0.91929283 -0.91963107 -0.91996379 -0.92029114 -0.92061327 -0.92093034 -0.92124248 -0.92154982 -0.9218525 -0.92215064 -0.92244435 -0.92273376 -0.92301897 -0.92330009 -0.92357722 -0.92385045 -0.92411989 -0.92438562 -0.92464772 -0.9249063 -0.92516141 -0.92541316 -0.9256616 -0.92590681
-0.90488507 -0.90553261 -0.90616201 -0.90677427 -0.90737031 -0.90795095 -0.90851697 -0.90906905 -0.90960785 -0.91013395 -0.91064791 -0.91115024 -0.91164142 -0.9121219 -0.9125921 -0.91305242 -0.91350323 -0.91394489 -0.91437771 -0.91480202 -0.91521812 -0.91562629 -0.9160268 -0.91641989 -0.91680582 -0.91718482 -0.91755711 -0.91792289 -0.91828236 -0.91863573 -0.91898317 -0.91932486 -0.91966096 -0.91999164 -0.92031705 -0.92063733 -0.92095264 -0.9212631 -0.92156884 -0.92187 -0.92216668 -0.92245901 -0.92274709 -0.92303103 -0.92331094 -0.92358692 -0.92385905 -0.92412743 -0.92439216 -0.9246533 -0.92491096 -0.92516519 -0.92541609 -0.92566373 -0.92590817
-0.9050833 -0.90572033 -0.90633976 -0.90694256 -0.90752963 -0.90810177 -0.90865971 -0.90920414 -0.90973567 -0.91025487 -0.91076229 -0.91125841 -0.91174371 -0.9122186 -0.9126835 -0.91313879 -0.91358483 -0.91402195 -0.91445047 -0.9148707 -0.91528293 -0.91568741 -0.91608442 -0.91647419 -0.91685697 -0.91723297 -0.9176024 -0.91796547 -0.91832236 -0.91867328 -0.91901838 -0.91935785 -0.91969183 -0.9200205 -0.92034399 -0.92066244 -0.920976 -0.9212848 -0.92158896 -0.92188859 -0.92218383 -0.92247478 -0.92276155 -0.92304423 -0.92332294 -0.92359777 -0.9238688 -0.92413614 -0.92439985 -0.92466004 -0.92491677 -0.92517013 -0.92542019 -0.92566702 -0.92591069
-0.90527792 -0.90590478 -0.90651456 -0.90710822 -0.90768661 -0.90825051 -0.90880063 -0.90933764 -0.90986212 -0.91037464 -0.9108757 -0.9113658 -0.91184537 -0.91231483 -0.91277457 -0.91322495 -0.91366634 -0.91409903 -0.91452336 -0.9149396 -0.91534803 -0.91574891 -0.91614249 -0.91652901 -0.91690869 -0.91728174 -0.91764837 -0.91800878 -0.91836314 -0.91871163 -0.91905444 -0.91939171 -0.91972361 -0.92005029 -0.92037188 -0.92068853 -0.92100036 -0.92130751 -0.9216101 -0.92190824 -0.92220205 -0.92249163 -0.92277709 -0.92305852 -0.92333604 -0.92360972 -0.92387967 -0.92414596 -0.92440867 -0.9246679 -0.92492372 -0.9251762 -0.92542542 -0.92567144 -0.92591434
-0.9054688 -0.90608582 -0.90668627 -0.90727108 -0.90784107 -0.908397 -0.90893956 -0.90946938 -0.90998704 -0.91049307 -0.91098798 -0.91147223 -0.91194624 -0.91241042 -0.91286514 -0.91331076 -0.91374761 -0.914176 -0.91459623 -0.91500858 -0.91541331 -0.91581067 -0.9162009 -0.91658423 -0.91696088 -0.91733105 -0.91769493 -0.91805272 -0.91840459 -0.91875071 -0.91909126 -0.91942638 -0.91975622 -0.92008094 -0.92040066 -0.92071552 -0.92102566 -0.92133118 -0.92163222 -0.92192888 -0.92222127 -0.92250949 -0.92279366 -0.92307386 -0.92335019 -0.92362274 -0.9238916 -0.92415685 -0.92441858 -0.92467685 -0.92493176 -0.92518336 -0.92543174 -0.92567696 -0.92591909
-0.90565582 -0.90626331 -0.90685474 -0.90743099 -0.90799287 -0.9085411 -0.90907634 -0.90959921 -0.91011026 -0.91061003 -0.91109897 -0.91157755 -0.91204618 -0.91250523 -0.91295508 -0.91339607 -0.91382852 -0.91425272 -0.91466896 -0.91507752 -0.91547864 -0.91587257 -0.91625953 -0.91663975 -0.91701344 -0.91738078 -0.91774198 -0.9180972 -0.91844663 -0.91879043 -0.91912876 -0.91946176 -0.91978959 -0.92011238 -0.92043026 -0.92074337 -0.92105183 -0.92135575 -0.92165526 -0.92195045 -0.92224145 -0.92252834 -0.92281122 -0.9230902 -0.92336536 -0.92363679 -0.92390457 -0.92416879 -0.92442953 -0.92468686 -0.92494086 -0.9251916 -0.92543914 -0.92568356 -0.92592492
-0.90583884 -0.90643713 -0.90701984 -0.90758783 -0.90814186 -0.90868265 -0.90921082 -0.90972698 -0.91023165 -0.91072535 -0.91120853 -0.91168162 -0.91214503 -0.91259913 -0.91304426 -0.91348076 -0.91390893 -0.91432906 -0.91474144 -0.9151463 -0.91554392 -0.9159345 -0.91631828 -0.91669547 -0.91706627 -0.91743086 -0.91778943 -0.91814215 -0.91848919 -0.91883072 -0.91916687 -0.9194978 -0.91982365 -0.92014455 -0.92046063 -0.92077201 -0.92107882 -0.92138117 -0.92167917 -0.92197292 -0.92226254 -0.92254811 -0.92282973 -0.9231075 -0.9233815 -0.92365182 -0.92391854 -0.92418174 -0.9244415 -0.9246979 -0.924951 -0.92520087 -0.92544759 -0.92569121 -0.92593181
-0.90601775 -0.90660715 -0.90718144 -0.90774145 -0.90828792 -0.90882152 -0.90934287 -0.90985255 -0.91035106 -0.9108389 -0.91131651 -0.91178431 -0.91224268 -0.91269197 -0.91313254 -0.91356469 -0.91398872 -0.91440492 -0.91481353 -0.91521483 -0.91560903 -0.91599637 -0.91637706 -0.91675129 -0.91711927 -0.91748118 -0.91783719 -0.91818748 -0.91853219 -0.91887149 -0.91920552 -0.91953442 -0.91985833 -0.92017738 -0.92049169 -0.92080138 -0.92110658 -0.92140738 -0.9217039 -0.92199624 -0.92228449 -0.92256877 -0.92284914 -0.92312572 -0.92339858 -0.9236678 -0.92393347 -0.92419567 -0.92445446 -0.92470993 -0.92496214 -0.92521115 -0.92545705 -0.92569988 -0.92593972
-0.90619244 -0.90677325 -0.90733943 -0.90789174 -0.90843091 -0.90895759 -0.90947237 -0.9099758 -0.91046837 -0.91095057 -0.91142281 -0.91188549 -0.91233899 -0.91278366 -0.91321981 -0.91364776 -0.91406779 -0.91448017 -0.91488515 -0.91528298 -0.91567388 -0.91605807 -0.91643576 -0.91680713 -0.91717238 -0.91753168 -0.9178852 -0.9182331 -0.91857555 -0.91891268 -0.91924464 -0.91957156 -0.91989358 -0.92021082 -0.9205234 -0.92083144 -0.92113505 -0.92143433 -0.9217294 -0.92202035 -0.92230727 -0.92259027 -0.92286942 -0.92314483 -0.92341656 -0.9236847 -0.92394934 -0.92421054 -0.92446838 -0.92472292 -0.92497425 -0.92522242 -0.9254675 -0.92570955 -0.92594864
-0.90636278 -0.90693532 -0.90749367 -0.90803858 -0.90857072 -0.90909074 -0.90959919 -0.9100966 -0.91058347 -0.91106022 -0.91152729 -0.91198505 -0.91243386 -0.91287407 -0.91330597 -0.91372986 -0.91414603 -0.91455473 -0.9149562 -0.91535068 -0.91573839 -0.91611953 -0.9164943 -0.9168629 -0.9172255 -0.91758227 -0.91793337 -0.91827897 -0.9186192 -0.91895422 -0.91928416 -0.91960916 -0.91992933 -0.92024481 -0.9205557 -0.92086212 -0.92116418 -0.92146198 -0.92175563 -0.92204521 -0.92233083 -0.92261258 -0.92289053 -0.92316478 -0.9234354 -0.92370249 -0.9239661 -0.92422632 -0.92448322 -0.92473686 -0.92498732 -0.92523465 -0.92547892 -0.9257202 -0.92595854
-0.90652866 -0.90709324 -0.90764407 -0.90818185 -0.90870724 -0.90922085 -0.90972322 -0.91021486 -0.91069623 -0.91116776 -0.91162986 -0.91208289 -0.91252719 -0.9129631 -0.91339091 -0.9138109 -0.91422335 -0.91462849 -0.91502658 -0.91541783 -0.91580245 -0.91618065 -0.91655261 -0.91691853 -0.91727856 -0.91763288 -0.91798164 -0.91832499 -0.91866309 -0.91899606 -0.91932404 -0.91964716 -0.91996554 -0.9202793 -0.92058854 -0.92089339 -0.92119393 -0.92149029 -0.92178254 -0.9220708 -0.92235514 -0.92263565 -0.92291243 -0.92318555 -0.92345509 -0.92372112 -0.92398373 -0.92424299 -0.92449896 -0.92475171 -0.9250013 -0.92524781 -0.92549129 -0.9257318 -0.9259694
-0.90668998 -0.90724691 -0.9077905 -0.90832145 -0.90884036 -0.90934783 -0.90984436 -0.91033046 -0.91080656 -0.91127309 -0.91173041 -0.9121789 -0.91261888 -0.91305066 -0.91347454 -0.91389078 -0.91429965 -0.91470138 -0.91509621 -0.91548435 -0.915866 -0.91624136 -0.91661062 -0.91697394 -0.91733149 -0.91768344 -0.91802994 -0.91837113 -0.91870715 -0.91903814 -0.91936422 -0.91968552 -0.92000215 -0.92031424 -0.92062188 -0.92092519 -0.92122426 -0.9215192 -0.92181011 -0.92209706 -0.92238015 -0.92265946 -0.92293509 -0.9232071 -0.92347557 -0.92374058 -0.92400221 -0.92426052 -0.92451557 -0.92476744 -0.92501619 -0.92526189 -0.92550458 -0.92574434 -0.92598121
-0.90684661 -0.90739621 -0.90793288 -0.90845727 -0.90896999 -0.90947157 -0.90996252 -0.91044332 -0.91091438 -0.9113761 -0.91182886 -0.912273 -0.91270883 -0.91313666 -0.91355677 -0.91396942 -0.91437486 -0.91477332 -0.91516502 -0.91555017 -0.91592897 -0.9163016 -0.91666824 -0.91702907 -0.91738424 -0.9177339 -0.91807822 -0.91841731 -0.91875133 -0.9190804 -0.91940464 -0.91972417 -0.92003912 -0.92034958 -0.92065567 -0.92095749 -0.92125513 -0.9215487 -0.92183828 -0.92212396 -0.92240583 -0.92268398 -0.92295847 -0.9232294 -0.92349683 -0.92376084 -0.9240215 -0.92427888 -0.92453304 -0.92478405 -0.92503196 -0.92527685 -0.92551877 -0.92575778 -0.92599393
-0.90699847 -0.90754106 -0.90807111 -0.90858924 -0.90909602 -0.90959199 -0.91007761 -0.91055334 -0.91101958 -0.91147672 -0.91192512 -0.91236511 -0.91279698 -0.91322104 -0.91363754 -0.91404676 -0.91444891 -0.91484424 -0.91523294 -0.91561523 -0.91599129 -0.9163613 -0.91672544 -0.91708387 -0.91743674 -0.91778421 -0.91812641 -0.91846349 -0.91879558 -0.91912279 -0.91944526 -0.91976309 -0.9200764 -0.92038529 -0.92068988 -0.92099025 -0.9212865 -0.92157873 -0.92186703 -0.92215148 -0.92243216 -0.92270917 -0.92298256 -0.92325243 -0.92351884 -0.92378187 -0.92404158 -0.92429805 -0.92455133 -0.92480149 -0.92504859 -0.92529269 -0.92553385 -0.92577212 -0.92600756
-0.90714545 -0.90768135 -0.90820509 -0.90871725 -0.90921839 -0.909709 -0.91018954 -0.91066044 -0.9111221 -0.91157488 -0.91201913 -0.91245515 -0.91288325 -0.91330371 -0.91371678 -0.91412271 -0.91452173 -0.91491406 -0.91529991 -0.91567945 -0.91605289 -0.9164204 -0.91678214 -0.91713827 -0.91748894 -0.9178343 -0.91817449 -0.91850963 -0.91883985 -0.91916528 -0.91948604 -0.91980223 -0.92011396 -0.92042134 -0.92072446 -0.92102343 -0.92131834 -0.92160928 -0.92189633 -0.92217958 -0.92245911 -0.922735 -0.92300732 -0.92327616 -0.92354158 -0.92380365 -0.92406244 -0.92431801 -0.92457043 -0.92481976 -0.92506606 -0.92530938 -0.92554979 -0.92578734 -0.92602208
-0.90728746 -0.907817 -0.90833474 -0.90884123 -0.909337 -0.90982253 -0.91029825 -0.91076457 -0.91122187 -0.91167051 -0.9121108 -0.91254307 -0.91296758 -0.91338461 -0.91379442 -0.91419723 -0.91459327 -0.91498275 -0.91536586 -0.9157428 -0.91611374 -0.91647886 -0.9168383 -0.91719224 -0.9175408 -0.91788414 -0.91822239 -0.91855567 -0.91888411 -0.91920783 -0.91952694 -0.91984154 -0.92015175 -0.92045767 -0.92075939 -0.92105701 -0.92135062 -0.9216403 -0.92192614 -0.92220823 -0.92248664 -0.92276145 -0.92303274 -0.92330057 -0.92356502 -0.92382615 -0.92408404 -0.92433874 -0.92459032 -0.92483883 -0.92508434 -0.92532691 -0.92556658 -0.92580342 -0.92603747
-0.90742441 -0.90794793 -0.90845999 -0.90896111 -0.9094518 -0.90993251 -0.91040366 -0.91086565 -0.91131882 -0.91176354 -0.91220009 -0.9126288 -0.91304991 -0.9134637 -0.91387041 -0.91427026 -0.91466347 -0.91505024 -0.91543076 -0.91580522 -0.91617379 -0.91653662 -0.91689388 -0.91724572 -0.91759228 -0.91793369 -0.91827009 -0.91860159 -0.91892832 -0.9192504 -0.91956792 -0.91988101 -0.92018976 -0.92049427 -0.92079464 -0.92109095 -0.9213833 -0.92167177 -0.92195645 -0.92223741 -0.92251474 -0.9227885 -0.92305878 -0.92332563 -0.92358914 -0.92384936 -0.92410637 -0.92436022 -0.92461097 -0.92485869 -0.92510344 -0.92534526 -0.92558421 -0.92582035 -0.92605372
-0.90755624 -0.90807408 -0.90858077 -0.90907683 -0.90956272 -0.91003889 -0.91050573 -0.91096362 -0.91141291 -0.91185392 -0.91228695 -0.91271229 -0.9131302 -0.91354093 -0.91394471 -0.91434176 -0.91473229 -0.9151165 -0.91549457 -0.91586668 -0.91623299 -0.91659366 -0.91694885 -0.91729869 -0.91764334 -0.91798291 -0.91831754 -0.91864735 -0.91897245 -0.91929295 -0.91960897 -0.9199206 -0.92022795 -0.92053111 -0.92083018 -0.92112524 -0.92141638 -0.92170368 -0.92198723 -0.92226711 -0.92254338 -0.92281613 -0.92308543 -0.92335134 -0.92361393 -0.92387327 -0.92412942 -0.92438244 -0.92463239 -0.92487933 -0.92512332 -0.92536441 -0.92560265 -0.92583811 -0.92607082
-0.90768288 -0.90819537 -0.90869702 -0.90918832 -0.90966971 -0.91014161 -0.91060441 -0.91105846 -0.91150409 -0.91194162 -0.91237134 -0.91279351 -0.91320841 -0.91361625 -0.91401728 -0.91441169 -0.9147997 -0.91518149 -0.91555724 -0.91592713 -0.91629131 -0.91664994 -0.91700316 -0.91735112 -0.91769395 -0.91803178 -0.91836473 -0.91869292 -0.91901647 -0.91933547 -0.91965005 -0.91996029 -0.9202663 -0.92056817 -0.92086598 -0.92115984 -0.92144982 -0.921736 -0.92201847 -0.92229729 -0.92257256 -0.92284432 -0.92311267 -0.92337766 -0.92363937 -0.92389784 -0.92415316 -0.92440537 -0.92465454 -0.92490073 -0.92514398 -0.92538436 -0.92562191 -0.92585669 -0.92608875
-0.90780427 -0.90831176 -0.9088087 -0.90929555 -0.90977273 -0.91024064 -0.91069965 -0.9111501 -0.91159232 -0.9120266 -0.91245321 -0.91287243 -0.9132845 -0.91368964 -0.91408808 -0.91448003 -0.91486567 -0.91524519 -0.91561876 -0.91598656 -0.91634873 -0.91670543 -0.9170568 -0.91740298 -0.91774409 -0.91808027 -0.91841163 -0.91873829 -0.91906036 -0.91937794 -0.91969114 -0.92000006 -0.92030479 -0.92060542 -0.92090204 -0.92119475 -0.92148361 -0.92176871 -0.92205014 -0.92232795 -0.92260224 -0.92287306 -0.92314049 -0.9234046 -0.92366544 -0.92392308 -0.92417759 -0.92442902 -0.92467743 -0.92492287 -0.92516541 -0.92540509 -0.92564196 -0.92587609 -0.9261075
-0.90792037 -0.90842321 -0.90891577 -0.90939847 -0.90987174 -0.91033594 -0.91079143 -0.91123854 -0.91167758 -0.91210882 -0.91253255 -0.91294901 -0.91335845 -0.91376107 -0.9141571 -0.91454674 -0.91493017 -0.91530756 -0.9156791 -0.91604493 -0.91640522 -0.91676011 -0.91710974 -0.91745424 -0.91779374 -0.91812836 -0.91845822 -0.91878343 -0.9191041 -0.91942033 -0.91973223 -0.92003989 -0.9203434 -0.92064285 -0.92093834 -0.92122994 -0.92151773 -0.92180181 -0.92208223 -0.92235908 -0.92263242 -0.92290233 -0.92316888 -0.92343213 -0.92369214 -0.92394897 -0.92420269 -0.92445336 -0.92470103 -0.92494575 -0.92518759 -0.92542659 -0.9256628 -0.92589628 -0.92612708
-0.90803113 -0.90852968 -0.90901819 -0.90949707 -0.90996672 -0.91042749 -0.91087973 -0.91132375 -0.91175984 -0.91218829 -0.91260934 -0.91302325 -0.91343024 -0.91383054 -0.91422433 -0.91461182 -0.91499319 -0.91536861 -0.91573824 -0.91610225 -0.91646079 -0.91681398 -0.91716198 -0.91750491 -0.91784289 -0.91817604 -0.91850449 -0.91882834 -0.91914769 -0.91946264 -0.91977331 -0.92007977 -0.92038212 -0.92068046 -0.92097486 -0.92126541 -0.92155219 -0.92183527 -0.92211473 -0.92239065 -0.92266309 -0.92293213 -0.92319782 -0.92346024 -0.92371945 -0.9239755 -0.92422846 -0.92447839 -0.92472534 -0.92496937 -0.92521052 -0.92544886 -0.92568443 -0.92591728 -0.92614746
-0.90813655 -0.90863116 -0.90911595 -0.90959133 -0.91005765 -0.91051528 -0.91096454 -0.91140572 -0.91183911 -0.91226498 -0.91268358 -0.91309514 -0.91349988 -0.91389802 -0.91428975 -0.91467526 -0.91505472 -0.91542831 -0.91579619 -0.9161585 -0.9165154 -0.91686702 -0.9172135 -0.91755496 -0.91789152 -0.91822331 -0.91855043 -0.91887299 -0.9191911 -0.91950486 -0.91981436 -0.92011969 -0.92042095 -0.92071823 -0.9210116 -0.92130115 -0.92158695 -0.9218691 -0.92214764 -0.92242267 -0.92269425 -0.92296244 -0.92322732 -0.92348894 -0.92374737 -0.92400267 -0.92425489 -0.92450411 -0.92475036 -0.9249937 -0.92523419 -0.92547188 -0.92570682 -0.92593906 -0.92616864
-0.9082366 -0.90872763 -0.90920905 -0.90968123 -0.91014455 -0.91059931 -0.91104585 -0.91148445 -0.91191538 -0.9123389 -0.91275525 -0.91316467 -0.91356736 -0.91396353 -0.91435337 -0.91473706 -0.91511477 -0.91548668 -0.91585294 -0.91621369 -0.91656908 -0.91691924 -0.91726431 -0.9176044 -0.91793965 -0.91827016 -0.91859604 -0.91891741 -0.91923435 -0.91954698 -0.91985538 -0.92015966 -0.92045988 -0.92075616 -0.92104855 -0.92133715 -0.92162204 -0.92190328 -0.92218095 -0.92245513 -0.92272588 -0.92299326 -0.92325735 -0.92351821 -0.92377589 -0.92403046 -0.92428198 -0.9245305 -0.92477607 -0.92501876 -0.9252586 -0.92549566 -0.92572999 -0.92596162 -0.92619062
