Cobbity2/QGIS/TheAverage.asc
NCOLS 399
NROWS 219
XLLCORNER 150.661
YLLCORNER -34.0267
CELLSIZE 1e-05
NODATA_VALUE -9999
[rows 130 to 155 of 219, columns 240 to 299 of 399]
4.7433279 4.743349 4.7433708 4.7433929 4.7434155 4.7434383 4.7434613 4.7434844 4.7435076 4.7435308 4.7435539 4.743577 4.7435998 4.7436225 4.7436449 4.7436671 4.743689 4.7437105 4.7437318 4.7437527 4.7437732 4.7437933 4.743813 4.7438324 4.7438513 4.7438698 4.7438879 4.7439055 4.7439227 4.7439395 4.7439558 4.7439717 4.7439872 4.7440023 4.7440169 4.7440311 4.7440449 4.7440583 4.7440712 4.7440838 4.7440959 4.7441077 4.744119 4.74413 4.7441406 4.7441509 4.7441607 4.7441703 4.7441794 4.7441882 4.7441967 4.7442049 4.7442127 4.7442202 4.7442274 4.7442343 4.7442409 4.7442472 4.7442532 4.744259
4.7431536 4.7431761 4.7431992 4.7432227 4.7432466 4.7432707 4.7432951 4.7433196 4.7433441 4.7433687 4.7433931 4.7434175 4.7434417 4.7434657 4.7434895 4.743513 4.7435363 4.7435592 4.7435818 4.743604 4.7436259 4.7436474 4.7436685 4.7436891 4.7437094 4.7437292 4.7437486 4.7437676 4.7437861 4.7438042 4.7438218 4.743839 4.7438558 4.7438722 4.7438881 4.7439035 4.7439186 4.7439332 4.7439474 4.7439612 4.7439745 4.7439875 4.7440001 4.7440122 4.744024 4.7440354 4.7440465 4.7440571 4.7440674 4.7440774 4.744087 4.7440962 4.7441052 4.7441138 4.744122 4.74413 4.7441376 4.744145 4.7441521 4.7441588
4.7429799 4.7430038 4.7430282 4.7430532 4.7430784 4.743104 4.7431297 4.7431556 4.7431815 4.7432074 4.7432333 4.743259 4.7432846 4.74331 4.7433351 4.74336 4.7433846 4.7434089 4.7434328 4.7434564 4.7434796 4.7435024 4.7435248 4.7435468 4.7435684 4.7435896 4.7436103 4.7436306 4.7436504 4.7436698 4.7436887 4.7437072 4.7437253 4.7437429 4.74376 4.7437768 4.7437931 4.7438089 4.7438243 4.7438393 4.7438539 4.7438681 4.7438818 4.7438952 4.7439081 4.7439207 4.7439329 4.7439447 4.7439561 4.7439672 4.7439779 4.7439882 4.7439982 4.7440079 4.7440172 4.7440263 4.7440349 4.7440433 4.7440514 4.7440592
4.7428066 4.742832 4.742858 4.7428843 4.7429111 4.7429381 4.7429652 4.7429925 4.7430198 4.7430471 4.7430744 4.7431015 4.7431284 4.7431552 4.7431817 4.743208 4.7432339 4.7432596 4.7432849 4.7433098 4.7433343 4.7433585 4.7433822 4.7434056 4.7434285 4.7434509 4.7434729 4.7434945 4.7435156 4.7435363 4.7435565 4.7435763 4.7435956 4.7436145 4.7436329 4.7436508 4.7436684 4.7436854 4.7437021 4.7437183 4.743734 4.7437494 4.7437643 4.7437788 4.7437929 4.7438066 4.74382 4.7438329 4.7438454 4.7438576 4.7438694 4.7438808 4.7438919 4.7439026 4.743913 4.7439231 4.7439328 4.7439422 4.7439513 4.74396
4.742634 4.7426609 4.7426884 4.7427163 4.7427445 4.7427729 4.7428016 4.7428303 4.742859 4.7428878 4.7429164 4.7429449 4.7429733 4.7430014 4.7430293 4.7430569 4.7430842 4.7431112 4.7431379 4.7431642 4.74319 4.7432155 4.7432406 4.7432652 4.7432895 4.7433132 4.7433365 4.7433594 4.7433818 4.7434038 4.7434253 4.7434463 4.7434668 4.7434869 4.7435066 4.7435258 4.7435445 4.7435628 4.7435806 4.743598 4.7436149 4.7436315 4.7436475 4.7436632 4.7436785 4.7436933 4.7437077 4.7437218 4.7437354 4.7437487 4.7437615 4.743774 4.7437862 4.7437979 4.7438094 4.7438204 4.7438312 4.7438416 4.7438517 4.7438614
4.7424619 4.7424905 4.7425195 4.7425489 4.7425787 4.7426087 4.7426388 4.742669 4.7426992 4.7427293 4.7427594 4.7427893 4.7428191 4.7428486 4.7428779 4.7429069 4.7429356 4.7429639 4.7429919 4.7430195 4.7430468 4.7430736 4.7431 4.7431259 4.7431514 4.7431765 4.7432011 4.7432253 4.7432489 4.7432721 4.7432949 4.7433172 4.743339 4.7433603 4.7433811 4.7434015 4.7434215 4.7434409 4.74346 4.7434785 4.7434966 4.7435143 4.7435315 4.7435483 4.7435647 4.7435807 4.7435962 4.7436113 4.7436261 4.7436404 4.7436543 4.7436679 4.7436811 4.7436939 4.7437063 4.7437184 4.7437301 4.7437415 4.7437526 4.7437633
4.7422904 4.7423207 4.7423514 4.7423824 4.7424137 4.7424452 4.7424768 4.7425085 4.7425402 4.7425718 4.7426034 4.7426347 4.7426659 4.7426968 4.7427275 4.7427579 4.7427879 4.7428177 4.742847 4.742876 4.7429045 4.7429326 4.7429603 4.7429876 4.7430144 4.7430408 4.7430666 4.7430921 4.743117 4.7431415 4.7431654 4.7431889 4.743212 4.7432345 4.7432566 4.7432782 4.7432993 4.7433199 4.7433401 4.7433598 4.7433791 4.7433979 4.7434163 4.7434342 4.7434517 4.7434687 4.7434854 4.7435016 4.7435174 4.7435328 4.7435478 4.7435624 4.7435766 4.7435904 4.7436039 4.743617 4.7436297 4.7436421 4.7436541 4.7436658
4.7421197 4.7421516 4.742184 4.7422166 4.7422496 4.7422827 4.7423158 4.742349 4.7423822 4.7424153 4.7424483 4.7424811 4.7425137 4.7425461 4.7425781 4.7426099 4.7426413 4.7426724 4.7427031 4.7427334 4.7427633 4.7427927 4.7428217 4.7428503 4.7428784 4.742906 4.7429331 4.7429598 4.742986 4.7430117 4.7430369 4.7430616 4.7430859 4.7431096 4.7431329 4.7431557 4.743178 4.7431998 4.7432211 4.743242 4.7432624 4.7432823 4.7433018 4.7433208 4.7433394 4.7433575 4.7433753 4.7433925 4.7434094 4.7434258 4.7434419 4.7434575 4.7434727 4.7434876 4.743502 4.7435161 4.7435298 4.7435432 4.7435562 4.7435688
4.7419496 4.7419833 4.7420174 4.7420517 4.7420863 4.742121 4.7421557 4.7421905 4.7422252 4.7422598 4.7422943 4.7423285 4.7423626 4.7423963 4.7424298 4.742463 4.7424958 4.7425282 4.7425602 4.7425918 4.742623 4.7426538 4.7426841 4.742714 4.7427433 4.7427722 4.7428006 4.7428285 4.742856 4.7428829 4.7429093 4.7429353 4.7429607 4.7429856 4.7430101 4.743034 4.7430575 4.7430804 4.7431029 4.7431249 4.7431465 4.7431675 4.7431881 4.7432082 4.7432279 4.7432471 4.7432659 4.7432842 4.7433021 4.7433196 4.7433366 4.7433533 4.7433695 4.7433854 4.7434008 4.7434159 4.7434305 4.7434448 4.7434588 4.7434724
4.7417803 4.7418158 4.7418516 4.7418877 4.7419239 4.7419603 4.7419966 4.7420329 4.7420692 4.7421053 4.7421412 4.742177 4.7422124 4.7422476 4.7422825 4.7423171 4.7423512 4.742385 4.7424184 4.7424513 4.7424839 4.7425159 4.7425475 4.7425787 4.7426093 4.7426395 4.7426691 4.7426983 4.7427269 4.7427551 4.7427827 4.7428098 4.7428365 4.7428626 4.7428882 4.7429133 4.7429379 4.742962 4.7429856 4.7430087 4.7430313 4.7430535 4.7430752 4.7430964 4.7431171 4.7431374 4.7431572 4.7431766 4.7431955 4.743214 4.7432321 4.7432497 4.743267 4.7432838 4.7433002 4.7433162 4.7433319 4.7433471 4.743362 4.7433765
4.7416118 4.7416492 4.7416868 4.7417246 4.7417625 4.7418005 4.7418385 4.7418764 4.7419142 4.7419518 4.7419892 4.7420264 4.7420634 4.7421 4.7421363 4.7421722 4.7422078 4.7422429 4.7422776 4.7423119 4.7423457 4.7423791 4.742412 4.7424444 4.7424763 4.7425077 4.7425386 4.742569 4.7425988 4.7426282 4.742657 4.7426853 4.7427131 4.7427404 4.7427672 4.7427934 4.7428192 4.7428444 4.7428691 4.7428933 4.7429171 4.7429403 4.742963 4.7429853 4.7430071 4.7430284 4.7430493 4.7430697 4.7430896 4.7431092 4.7431282 4.7431469 4.7431651 4.7431829 4.7432002 4.7432172 4.7432338 4.74325 4.7432658 4.7432812
4.7414442 4.7414834 4.7415229 4.7415624 4.7416021 4.7416417 4.7416813 4.7417208 4.7417602 4.7417994 4.7418383 4.741877 4.7419154 4.7419534 4.7419911 4.7420285 4.7420654 4.7421019 4.7421379 4.7421735 4.7422087 4.7422433 4.7422775 4.7423112 4.7423443 4.742377 4.7424091 4.7424407 4.7424717 4.7425023 4.7425323 4.7425618 4.7425908 4.7426192 4.7426471 4.7426745 4.7427013 4.7427277 4.7427535 4.7427788 4.7428036 4.7428279 4.7428517 4.742875 4.7428979 4.7429202 4.7429421 4.7429635 4.7429845 4.743005 4.7430251 4.7430447 4.7430638 4.7430826 4.7431009 4.7431188 4.7431363 4.7431535 4.7431702 4.7431865
4.7412775 4.7413186 4.7413599 4.7414013 4.7414427 4.741484 4.7415253 4.7415664 4.7416073 4.741648 4.7416885 4.7417287 4.7417685 4.741808 4.7418471 4.7418858 4.7419241 4.7419619 4.7419993 4.7420362 4.7420727 4.7421086 4.7421441 4.742179 4.7422134 4.7422472 4.7422806 4.7423134 4.7423457 4.7423774 4.7424086 4.7424392 4.7424693 4.7424989 4.7425279 4.7425564 4.7425844 4.7426118 4.7426387 4.7426651 4.742691 4.7427164 4.7427412 4.7427656 4.7427894 4.7428128 4.7428357 4.7428581 4.7428801 4.7429016 4.7429226 4.7429432 4.7429633 4.742983 4.7430023 4.7430211 4.7430395 4.7430575 4.7430752 4.7430924
4.7411118 4.7411549 4.741198 4.7412412 4.7412843 4.7413274 4.7413703 4.741413 4.7414555 4.7414978 4.7415398 4.7415814 4.7416227 4.7416636 4.7417042 4.7417443 4.7417839 4.7418231 4.7418618 4.7419001 4.7419378 4.741975 4.7420117 4.7420479 4.7420835 4.7421186 4.7421531 4.7421871 4.7422206 4.7422535 4.7422858 4.7423176 4.7423488 4.7423795 4.7424097 4.7424393 4.7424683 4.7424969 4.7425248 4.7425523 4.7425792 4.7426056 4.7426315 4.7426569 4.7426818 4.7427062 4.7427301 4.7427535 4.7427764 4.7427989 4.7428208 4.7428424 4.7428634 4.7428841 4.7429043 4.742924 4.7429433 4.7429623 4.7429808 4.7429989
4.7409472 4.7409922 4.7410372 4.7410822 4.7411271 4.7411718 4.7412164 4.7412608 4.7413049 4.7413487 4.7413922 4.7414353 4.7414781 4.7415205 4.7415624 4.7416039 4.7416449 4.7416854 4.7417254 4.741765 4.741804 4.7418425 4.7418804 4.7419178 4.7419547 4.741991 4.7420267 4.7420619 4.7420965 4.7421306 4.742164 4.742197 4.7422293 4.7422611 4.7422924 4.7423231 4.7423532 4.7423828 4.7424118 4.7424403 4.7424683 4.7424958 4.7425227 4.7425491 4.7425749 4.7426003 4.7426252 4.7426496 4.7426735 4.7426969 4.7427198 4.7427423 4.7427643 4.7427858 4.7428069 4.7428276 4.7428478 4.7428676 4.742887 4.7429059
4.7407837 4.7408307 4.7408775 4.7409243 4.740971 4.7410175 4.7410637 4.7411097 4.7411554 4.7412008 4.7412458 4.7412904 4.7413347 4.7413784 4.7414218 4.7414646 4.741507 4.7415489 4.7415902 4.741631 4.7416713 4.741711 4.7417502 4.7417889 4.7418269 4.7418644 4.7419013 4.7419377 4.7419735 4.7420087 4.7420433 4.7420773 4.7421108 4.7421437 4.742176 4.7422078 4.742239 4.7422696 4.7422997 4.7423293 4.7423583 4.7423867 4.7424146 4.742442 4.7424689 4.7424953 4.7425211 4.7425464 4.7425713 4.7425956 4.7426195 4.7426429 4.7426658 4.7426883 4.7427103 4.7427318 4.7427529 4.7427736 4.7427938 4.7428136
4.7406214 4.7406703 4.7407191 4.7407677 4.7408162 4.7408644 4.7409123 4.7409599 4.7410072 4.7410541 4.7411006 4.7411467 4.7411924 4.7412376 4.7412823 4.7413266 4.7413703 4.7414135 4.7414561 4.7414982 4.7415398 4.7415808 4.7416212 4.741661 4.7417003 4.741739 4.741777 4.7418145 4.7418515 4.7418878 4.7419235 4.7419587 4.7419933 4.7420272 4.7420606 4.7420935 4.7421257 4.7421574 4.7421885 4.7422191 4.7422491 4.7422786 4.7423075 4.7423358 4.7423637 4.742391 4.7424178 4.7424441 4.7424699 4.7424952 4.7425199 4.7425442 4.7425681 4.7425914 4.7426143 4.7426367 4.7426587 4.7426802 4.7427013 4.742722
4.7404604 4.7405113 4.7405619 4.7406124 4.7406626 4.7407125 4.7407621 4.7408113 4.7408602 4.7409087 4.7409567 4.7410043 4.7410514 4.741098 4.7411441 4.7411897 4.7412347 4.7412793 4.7413232 4.7413666 4.7414094 4.7414516 4.7414932 4.7415343 4.7415747 4.7416146 4.7416538 4.7416925 4.7417305 4.741768 4.7418048 4.7418411 4.7418767 4.7419118 4.7419462 4.7419801 4.7420134 4.7420461 4.7420782 4.7421098 4.7421408 4.7421713 4.7422011 4.7422305 4.7422593 4.7422876 4.7423153 4.7423425 4.7423692 4.7423954 4.7424211 4.7424463 4.742471 4.7424953 4.742519 4.7425423 4.7425651 4.7425875 4.7426094 4.7426309
4.7403007 4.7403535 4.7404061 4.7404583 4.7405103 4.7405619 4.7406132 4.740664 4.7407145 4.7407645 4.740814 4.7408631 4.7409116 4.7409596 4.7410071 4.7410541 4.7411004 4.7411463 4.7411915 4.7412361 4.7412802 4.7413236 4.7413665 4.7414087 4.7414503 4.7414913 4.7415317 4.7415715 4.7416106 4.7416492 4.7416871 4.7417244 4.7417612 4.7417973 4.7418328 4.7418677 4.741902 4.7419357 4.7419689 4.7420014 4.7420334 4.7420648 4.7420957 4.742126 4.7421557 4.7421849 4.7422136 4.7422418 4.7422694 4.7422965 4.7423231 4.7423491 4.7423747 4.7423998 4.7424244 4.7424486 4.7424723 4.7424955 4.7425182 4.7425405
4.7401425 4.7401972 4.7402516 4.7403057 4.7403594 4.7404127 4.7404656 4.7405181 4.7405701 4.7406216 4.7406727 4.7407232 4.7407731 4.7408226 4.7408714 4.7409197 4.7409674 4.7410145 4.741061 4.7411069 4.7411521 4.7411968 4.7412408 4.7412842 4.741327 4.7413692 4.7414107 4.7414516 4.7414918 4.7415315 4.7415705 4.7416089 4.7416466 4.7416838 4.7417203 4.7417562 4.7417916 4.7418263 4.7418604 4.741894 4.7419269 4.7419593 4.7419911 4.7420223 4.742053 4.7420831 4.7421127 4.7421418 4.7421703 4.7421983 4.7422257 4.7422527 4.7422791 4.7423051 4.7423306 4.7423555 4.74238 4.7424041 4.7424277 4.7424508
4.7399857 4.7400423 4.7400986 4.7401544 4.7402099 4.7402649 4.7403195 4.7403735 4.7404271 4.7404802 4.7405327 4.7405846 4.740636 4.7406868 4.740737 4.7407866 4.7408356 4.7408839 4.7409317 4.7409788 4.7410253 4.7410712 4.7411164 4.7411609 4.7412049 4.7412481 4.7412908 4.7413328 4.7413741 4.7414148 4.7414549 4.7414943 4.7415331 4.7415713 4.7416089 4.7416458 4.7416821 4.7417178 4.7417529 4.7417874 4.7418213 4.7418546 4.7418874 4.7419196 4.7419512 4.7419822 4.7420127 4.7420426 4.742072 4.7421009 4.7421292 4.742157 4.7421843 4.7422111 4.7422374 4.7422632 4.7422885 4.7423134 4.7423378 4.7423617
4.7398304 4.7398889 4.739947 4.7400047 4.7400619 4.7401186 4.7401748 4.7402304 4.7402855 4.74034 4.740394 4.7404474 4.7405002 4.7405523 4.7406039 4.7406548 4.7407051 4.7407547 4.7408037 4.740852 4.7408997 4.7409467 4.7409931 4.7410388 4.7410839 4.7411283 4.741172 4.7412151 4.7412575 4.7412993 4.7413404 4.7413808 4.7414207 4.7414599 4.7414984 4.7415363 4.7415736 4.7416103 4.7416463 4.7416818 4.7417166 4.7417509 4.7417846 4.7418176 4.7418501 4.7418821 4.7419134 4.7419443 4.7419745 4.7420042 4.7420334 4.7420621 4.7420902 4.7421178 4.742145 4.7421716 4.7421977 4.7422234 4.7422485 4.7422732
4.7396767 4.7397371 4.7397971 4.7398565 4.7399154 4.7399737 4.7400315 4.7400887 4.7401453 4.7402014 4.7402568 4.7403116 4.7403657 4.7404192 4.7404721 4.7405243 4.7405758 4.7406267 4.7406769 4.7407265 4.7407754 4.7408235 4.7408711 4.7409179 4.7409641 4.7410096 4.7410544 4.7410985 4.741142 4.7411848 4.7412269 4.7412684 4.7413093 4.7413494 4.741389 4.7414279 4.7414661 4.7415037 4.7415407 4.7415771 4.7416129 4.7416481 4.7416826 4.7417166 4.74175 4.7417828 4.7418151 4.7418467 4.7418778 4.7419084 4.7419384 4.7419679 4.7419969 4.7420253 4.7420533 4.7420807 4.7421076 4.742134 4.74216 4.7421855
4.7395248 4.739587 4.7396487 4.7397099 4.7397705 4.7398304 4.7398898 4.7399486 4.7400067 4.7400642 4.740121 4.7401772 4.7402327 4.7402875 4.7403417 4.7403952 4.740448 4.7405001 4.7405515 4.7406022 4.7406523 4.7407016 4.7407502 4.7407982 4.7408454 4.740892 4.7409379 4.7409831 4.7410276 4.7410714 4.7411146 4.7411571 4.7411989 4.7412401 4.7412806 4.7413204 4.7413596 4.7413982 4.7414361 4.7414734 4.7415101 4.7415461 4.7415816 4.7416165 4.7416507 4.7416844 4.7417175 4.74175 4.741782 4.7418134 4.7418442 4.7418745 4.7419043 4.7419336 4.7419623 4.7419905 4.7420182 4.7420454 4.7420721 4.7420984
4.7393745 4.7394386 4.7395021 4.7395649 4.7396272 4.7396887 4.7397497 4.7398099 4.7398695 4.7399284 4.7399867 4.7400442 4.7401011 4.7401572 4.7402127 4.7402674 4.7403214 4.7403748 4.7404274 4.7404792 4.7405304 4.7405809 4.7406307 4.7406797 4.740728 4.7407757 4.7408226 4.7408688 4.7409144 4.7409592 4.7410033 4.7410468 4.7410896 4.7411317 4.7411732 4.741214 4.7412541 4.7412936 4.7413324 4.7413706 4.7414082 4.7414452 4.7414815 4.7415172 4.7415523 4.7415869 4.7416208 4.7416542 4.7416869 4.7417192 4.7417508 4.7417819 4.7418125 4.7418425 4.7418721 4.741901 4.7419295 4.7419575 4.7419849 4.7420119
4.7392261 4.739292 4.7393571 4.7394217 4.7394855 4.7395487 4.7396111 4.7396729 4.7397339 4.7397943 4.7398539 4.7399128 4.7399709 4.7400284 4.7400851 4.740141 4.7401963 4.7402508 4.7403046 4.7403576 4.7404099 4.7404615 4.7405123 4.7405624 4.7406118 4.7406605 4.7407085 4.7407557 4.7408023 4.7408481 4.7408932 4.7409377 4.7409814 4.7410245 4.7410668 4.7411086 4.7411496 4.74119 4.7412297 4.7412688 4.7413073 4.7413451 4.7413823 4.7414189 4.7414548 4.7414902 4.741525 4.7415591 4.7415927 4.7416258 4.7416582 4.7416901 4.7417215 4.7417523 4.7417826 4.7418123 4.7418415 4.7418703 4.7418985 4.7419262
