Cobbity2/QGIS/TheAverage.asc
NCOLS 399
NROWS 219
XLLCORNER 150.661
YLLCORNER -34.0267
CELLSIZE 1e-05
NODATA_VALUE -9999
[rows 130 to 155 of 219, columns 300 to 359 of 399]
4.7442644 4.7442697 4.7442746 4.7442793 4.7442838 4.744288 4.744292 4.7442957 4.7442992 4.7443026 4.7443057 4.7443086 4.7443112 4.7443137 4.7443161 4.7443182 4.7443201 4.7443219 4.7443235 4.7443249 4.7443262 4.7443273 4.7443283 4.7443291 4.7443297 4.7443303 4.7443306 4.7443309 4.744331 4.744331 4.7443309 4.7443307 4.7443303 4.7443298 4.7443293 4.7443286 4.7443278 4.7443269 4.7443259 4.7443249 4.7443237 4.7443225 4.7443211 4.7443197 4.7443182 4.7443166 4.744315 4.7443133 4.7443115 4.7443096 4.7443077 4.7443057 4.7443036 4.7443015 4.7442993 4.7442971 4.7442948 4.7442925 4.7442901 4.7442876
4.7441653 4.7441715 4.7441775 4.7441831 4.7441886 4.7441937 4.7441986 4.7442033 4.7442078 4.744212 4.744216 4.7442198 4.7442234 4.7442267 4.7442299 4.7442329 4.7442357 4.7442383 4.7442407 4.7442429 4.744245 4.7442469 4.7442486 4.7442502 4.7442517 4.7442529 4.7442541 4.7442551 4.7442559 4.7442566 4.7442572 4.7442577 4.744258 4.7442582 4.7442583 4.7442583 4.7442582 4.744258 4.7442576 4.7442572 4.7442567 4.744256 4.7442553 4.7442545 4.7442536 4.7442526 4.7442516 4.7442504 4.7442492 4.7442479 4.7442465 4.7442451 4.7442435 4.744242 4.7442403 4.7442386 4.7442368 4.744235 4.7442331 4.7442312
4.7440667 4.7440739 4.7440808 4.7440874 4.7440938 4.7440999 4.7441058 4.7441114 4.7441167 4.7441219 4.7441268 4.7441314 4.7441359 4.7441401 4.7441441 4.7441479 4.7441516 4.744155 4.7441582 4.7441613 4.7441641 4.7441668 4.7441693 4.7441717 4.7441739 4.7441759 4.7441778 4.7441795 4.7441811 4.7441825 4.7441838 4.7441849 4.744186 4.7441869 4.7441876 4.7441883 4.7441888 4.7441892 4.7441895 4.7441897 4.7441898 4.7441898 4.7441897 4.7441895 4.7441892 4.7441888 4.7441883 4.7441877 4.744187 4.7441863 4.7441855 4.7441846 4.7441836 4.7441826 4.7441814 4.7441803 4.744179 4.7441777 4.7441763 4.7441749
4.7439685 4.7439767 4.7439846 4.7439922 4.7439995 4.7440065 4.7440133 4.7440198 4.7440261 4.7440321 4.7440379 4.7440434 4.7440488 4.7440538 4.7440587 4.7440634 4.7440678 4.744072 4.7440761 4.7440799 4.7440836 4.744087 4.7440903 4.7440934 4.7440963 4.7440991 4.7441017 4.7441042 4.7441065 4.7441086 4.7441106 4.7441124 4.7441141 4.7441157 4.7441171 4.7441184 4.7441196 4.7441207 4.7441216 4.7441224 4.7441232 4.7441238 4.7441242 4.7441246 4.7441249 4.7441251 4.7441252 4.7441252 4.7441251 4.7441249 4.7441246 4.7441243 4.7441238 4.7441233 4.7441227 4.744122 4.7441213 4.7441205 4.7441196 4.7441186
4.7438709 4.74388 4.7438888 4.7438974 4.7439056 4.7439136 4.7439213 4.7439287 4.7439359 4.7439428 4.7439494 4.7439558 4.743962 4.7439679 4.7439736 4.7439791 4.7439844 4.7439894 4.7439942 4.7439989 4.7440033 4.7440075 4.7440116 4.7440154 4.7440191 4.7440226 4.744026 4.7440291 4.7440321 4.7440349 4.7440376 4.7440402 4.7440425 4.7440448 4.7440469 4.7440488 4.7440507 4.7440524 4.7440539 4.7440554 4.7440567 4.7440579 4.744059 4.74406 4.7440608 4.7440616 4.7440623 4.7440628 4.7440633 4.7440636 4.7440639 4.7440641 4.7440642 4.7440642 4.7440641 4.744064 4.7440637 4.7440634 4.744063 4.7440626
4.7437737 4.7437838 4.7437936 4.7438031 4.7438123 4.7438211 4.7438297 4.7438381 4.7438461 4.7438539 4.7438614 4.7438687 4.7438757 4.7438824 4.743889 4.7438953 4.7439013 4.7439072 4.7439128 4.7439182 4.7439234 4.7439284 4.7439332 4.7439378 4.7439422 4.7439464 4.7439505 4.7439543 4.743958 4.7439616 4.7439649 4.7439682 4.7439712 4.7439741 4.7439769 4.7439795 4.7439819 4.7439843 4.7439864 4.7439885 4.7439904 4.7439922 4.7439939 4.7439955 4.7439969 4.7439983 4.7439995 4.7440006 4.7440016 4.7440026 4.7440034 4.7440041 4.7440047 4.7440052 4.7440057 4.744006 4.7440063 4.7440065 4.7440066 4.7440066
4.7436772 4.7436882 4.7436989 4.7437093 4.7437194 4.7437292 4.7437387 4.7437479 4.7437568 4.7437654 4.7437738 4.7437819 4.7437897 4.7437973 4.7438047 4.7438118 4.7438186 4.7438253 4.7438317 4.7438378 4.7438438 4.7438496 4.7438551 4.7438604 4.7438656 4.7438705 4.7438753 4.7438799 4.7438843 4.7438885 4.7438925 4.7438964 4.7439001 4.7439037 4.7439071 4.7439103 4.7439134 4.7439164 4.7439192 4.7439219 4.7439244 4.7439268 4.7439291 4.7439312 4.7439333 4.7439352 4.7439369 4.7439386 4.7439402 4.7439417 4.743943 4.7439443 4.7439454 4.7439464 4.7439474 4.7439483 4.743949 4.7439497 4.7439503 4.7439508
4.7435811 4.7435931 4.7436047 4.743616 4.743627 4.7436377 4.743648 4.7436581 4.7436679 4.7436774 4.7436866 4.7436955 4.7437042 4.7437126 4.7437208 4.7437287 4.7437363 4.7437437 4.7437509 4.7437579 4.7437646 4.7437711 4.7437774 4.7437834 4.7437893 4.7437949 4.7438004 4.7438057 4.7438108 4.7438157 4.7438204 4.7438249 4.7438293 4.7438335 4.7438376 4.7438414 4.7438452 4.7438487 4.7438522 4.7438554 4.7438586 4.7438616 4.7438644 4.7438672 4.7438698 4.7438722 4.7438746 4.7438768 4.7438789 4.7438809 4.7438828 4.7438846 4.7438863 4.7438878 4.7438893 4.7438906 4.7438919 4.7438931 4.7438942 4.7438952
4.7434856 4.7434985 4.743511 4.7435232 4.7435351 4.7435467 4.7435579 4.7435688 4.7435795 4.7435898 4.7435999 4.7436096 4.7436191 4.7436283 4.7436373 4.743646 4.7436544 4.7436626 4.7436705 4.7436782 4.7436857 4.7436929 4.7436999 4.7437067 4.7437133 4.7437197 4.7437258 4.7437318 4.7437376 4.7437431 4.7437485 4.7437537 4.7437588 4.7437636 4.7437683 4.7437728 4.7437772 4.7437813 4.7437854 4.7437892 4.743793 4.7437966 4.7438 4.7438033 4.7438065 4.7438095 4.7438124 4.7438152 4.7438178 4.7438204 4.7438228 4.7438251 4.7438273 4.7438294 4.7438313 4.7438332 4.743835 4.7438366 4.7438382 4.7438397
4.7433906 4.7434044 4.7434179 4.743431 4.7434437 4.7434562 4.7434683 4.74348 4.7434915 4.7435027 4.7435136 4.7435242 4.7435345 4.7435445 4.7435542 4.7435637 4.7435729 4.7435818 4.7435905 4.743599 4.7436072 4.7436151 4.7436229 4.7436304 4.7436377 4.7436447 4.7436516 4.7436582 4.7436647 4.7436709 4.743677 4.7436828 4.7436885 4.743694 4.7436993 4.7437044 4.7437094 4.7437142 4.7437188 4.7437233 4.7437276 4.7437318 4.7437358 4.7437397 4.7437434 4.743747 4.7437505 4.7437538 4.743757 4.74376 4.743763 4.7437658 4.7437685 4.7437711 4.7437735 4.7437759 4.7437782 4.7437803 4.7437824 4.7437843
4.7432962 4.7433109 4.7433253 4.7433392 4.7433529 4.7433662 4.7433791 4.7433917 4.7434041 4.7434161 4.7434277 4.7434391 4.7434502 4.743461 4.7434715 4.7434818 4.7434918 4.7435015 4.7435109 4.7435201 4.743529 4.7435377 4.7435462 4.7435544 4.7435624 4.7435701 4.7435777 4.743585 4.7435921 4.743599 4.7436057 4.7436122 4.7436185 4.7436246 4.7436306 4.7436363 4.7436419 4.7436473 4.7436525 4.7436576 4.7436625 4.7436672 4.7436718 4.7436763 4.7436806 4.7436847 4.7436887 4.7436926 4.7436963 4.7436999 4.7437033 4.7437067 4.7437099 4.743713 4.7437159 4.7437188 4.7437215 4.7437242 4.7437267 4.7437291
4.7432024 4.743218 4.7432332 4.743248 4.7432625 4.7432767 4.7432905 4.7433039 4.7433171 4.7433299 4.7433424 4.7433546 4.7433664 4.743378 4.7433893 4.7434003 4.7434111 4.7434215 4.7434317 4.7434416 4.7434513 4.7434607 4.7434698 4.7434787 4.7434874 4.7434959 4.7435041 4.7435121 4.7435198 4.7435274 4.7435347 4.7435419 4.7435488 4.7435556 4.7435621 4.7435685 4.7435747 4.7435807 4.7435865 4.7435921 4.7435976 4.7436029 4.7436081 4.7436131 4.7436179 4.7436226 4.7436272 4.7436316 4.7436358 4.7436399 4.7436439 4.7436478 4.7436515 4.7436551 4.7436585 4.7436619 4.7436651 4.7436682 4.7436712 4.7436741
4.7431092 4.7431256 4.7431417 4.7431574 4.7431727 4.7431877 4.7432023 4.7432166 4.7432306 4.7432442 4.7432575 4.7432705 4.7432831 4.7432955 4.7433075 4.7433193 4.7433308 4.743342 4.7433529 4.7433635 4.7433739 4.743384 4.7433938 4.7434035 4.7434128 4.7434219 4.7434308 4.7434395 4.7434479 4.7434561 4.7434641 4.7434719 4.7434794 4.7434868 4.743494 4.7435009 4.7435077 4.7435143 4.7435207 4.743527 4.743533 4.7435389 4.7435446 4.7435502 4.7435555 4.7435608 4.7435659 4.7435708 4.7435756 4.7435802 4.7435847 4.743589 4.7435932 4.7435973 4.7436013 4.7436051 4.7436088 4.7436124 4.7436159 4.7436192
4.7430165 4.7430339 4.7430508 4.7430673 4.7430835 4.7430993 4.7431147 4.7431298 4.7431446 4.743159 4.7431731 4.7431868 4.7432003 4.7432134 4.7432262 4.7432387 4.7432509 4.7432628 4.7432744 4.7432858 4.7432969 4.7433077 4.7433182 4.7433285 4.7433386 4.7433484 4.7433579 4.7433672 4.7433763 4.7433851 4.7433938 4.7434022 4.7434104 4.7434183 4.7434261 4.7434337 4.7434411 4.7434482 4.7434552 4.743462 4.7434686 4.7434751 4.7434814 4.7434875 4.7434934 4.7434992 4.7435048 4.7435102 4.7435155 4.7435207 4.7435257 4.7435305 4.7435352 4.7435398 4.7435442 4.7435486 4.7435527 4.7435568 4.7435607 4.7435645
4.7429245 4.7429427 4.7429604 4.7429778 4.7429948 4.7430114 4.7430277 4.7430436 4.7430591 4.7430743 4.7430891 4.7431037 4.7431179 4.7431317 4.7431453 4.7431585 4.7431715 4.7431841 4.7431965 4.7432085 4.7432203 4.7432318 4.743243 4.743254 4.7432647 4.7432752 4.7432854 4.7432953 4.743305 4.7433145 4.7433238 4.7433328 4.7433416 4.7433502 4.7433585 4.7433667 4.7433747 4.7433824 4.74339 4.7433974 4.7434046 4.7434116 4.7434184 4.743425 4.7434315 4.7434378 4.7434439 4.7434499 4.7434557 4.7434614 4.7434669 4.7434722 4.7434774 4.7434825 4.7434874 4.7434922 4.7434968 4.7435014 4.7435057 4.74351
4.7428331 4.742852 4.7428706 4.7428888 4.7429066 4.7429241 4.7429411 4.7429578 4.7429741 4.7429901 4.7430057 4.743021 4.7430359 4.7430506 4.7430648 4.7430788 4.7430925 4.7431058 4.7431189 4.7431316 4.7431441 4.7431563 4.7431682 4.7431798 4.7431912 4.7432023 4.7432132 4.7432238 4.7432341 4.7432442 4.7432541 4.7432637 4.7432731 4.7432823 4.7432913 4.7433 4.7433086 4.7433169 4.7433251 4.743333 4.7433407 4.7433483 4.7433556 4.7433628 4.7433698 4.7433767 4.7433833 4.7433898 4.7433961 4.7434023 4.7434083 4.7434141 4.7434198 4.7434254 4.7434308 4.743436 4.7434411 4.7434461 4.743451 4.7434557
4.7427422 4.742762 4.7427814 4.7428005 4.7428191 4.7428373 4.7428551 4.7428726 4.7428897 4.7429064 4.7429228 4.7429388 4.7429545 4.7429699 4.7429849 4.7429996 4.7430139 4.743028 4.7430417 4.7430552 4.7430683 4.7430812 4.7430938 4.7431061 4.7431181 4.7431298 4.7431413 4.7431526 4.7431635 4.7431743 4.7431848 4.743195 4.743205 4.7432148 4.7432243 4.7432337 4.7432428 4.7432517 4.7432604 4.7432689 4.7432772 4.7432853 4.7432932 4.7433009 4.7433084 4.7433158 4.7433229 4.7433299 4.7433368 4.7433434 4.7433499 4.7433563 4.7433624 4.7433685 4.7433743 4.7433801 4.7433857 4.7433911 4.7433964 4.7434016
4.742652 4.7426726 4.7426929 4.7427127 4.7427321 4.7427511 4.7427697 4.7427879 4.7428058 4.7428233 4.7428404 4.7428572 4.7428736 4.7428896 4.7429054 4.7429208 4.7429358 4.7429506 4.742965 4.7429792 4.742993 4.7430065 4.7430197 4.7430327 4.7430454 4.7430578 4.7430699 4.7430817 4.7430933 4.7431047 4.7431158 4.7431266 4.7431372 4.7431476 4.7431577 4.7431676 4.7431773 4.7431868 4.743196 4.7432051 4.7432139 4.7432226 4.743231 4.7432392 4.7432473 4.7432552 4.7432628 4.7432703 4.7432777 4.7432848 4.7432918 4.7432986 4.7433053 4.7433118 4.7433181 4.7433243 4.7433304 4.7433363 4.743342 4.7433476
4.7425624 4.7425839 4.7426049 4.7426255 4.7426457 4.7426654 4.7426848 4.7427038 4.7427224 4.7427406 4.7427585 4.742776 4.7427931 4.7428099 4.7428264 4.7428425 4.7428582 4.7428737 4.7428888 4.7429036 4.7429181 4.7429322 4.7429461 4.7429597 4.742973 4.7429861 4.7429988 4.7430113 4.7430235 4.7430354 4.7430471 4.7430586 4.7430698 4.7430807 4.7430914 4.7431019 4.7431121 4.7431222 4.743132 4.7431416 4.7431509 4.7431601 4.7431691 4.7431778 4.7431864 4.7431948 4.743203 4.743211 4.7432188 4.7432265 4.7432339 4.7432412 4.7432484 4.7432553 4.7432621 4.7432688 4.7432753 4.7432816 4.7432878 4.7432939
4.7424735 4.7424957 4.7425175 4.7425389 4.7425598 4.7425804 4.7426005 4.7426202 4.7426396 4.7426586 4.7426771 4.7426953 4.7427132 4.7427307 4.7427478 4.7427646 4.7427811 4.7427972 4.742813 4.7428284 4.7428436 4.7428584 4.7428729 4.7428872 4.7429011 4.7429147 4.7429281 4.7429412 4.742954 4.7429666 4.7429788 4.7429909 4.7430026 4.7430142 4.7430254 4.7430365 4.7430473 4.7430579 4.7430682 4.7430783 4.7430883 4.7430979 4.7431074 4.7431167 4.7431258 4.7431347 4.7431434 4.7431519 4.7431602 4.7431683 4.7431763 4.7431841 4.7431917 4.7431991 4.7432064 4.7432135 4.7432204 4.7432272 4.7432338 4.7432403
4.7423851 4.7424082 4.7424307 4.7424529 4.7424746 4.7424959 4.7425168 4.7425372 4.7425573 4.742577 4.7425963 4.7426152 4.7426338 4.742652 4.7426698 4.7426872 4.7427044 4.7427212 4.7427376 4.7427537 4.7427695 4.742785 4.7428002 4.742815 4.7428296 4.7428438 4.7428578 4.7428715 4.7428849 4.742898 4.7429109 4.7429235 4.7429359 4.742948 4.7429598 4.7429714 4.7429828 4.7429939 4.7430048 4.7430154 4.7430259 4.7430361 4.7430461 4.7430559 4.7430655 4.7430749 4.743084 4.743093 4.7431018 4.7431105 4.7431189 4.7431271 4.7431352 4.7431431 4.7431508 4.7431584 4.7431658 4.743173 4.7431801 4.743187
4.7422975 4.7423213 4.7423446 4.7423675 4.7423899 4.742412 4.7424336 4.7424548 4.7424756 4.742496 4.742516 4.7425356 4.7425549 4.7425737 4.7425922 4.7426104 4.7426282 4.7426456 4.7426627 4.7426795 4.7426959 4.742712 4.7427278 4.7427433 4.7427585 4.7427733 4.7427879 4.7428022 4.7428162 4.7428299 4.7428434 4.7428565 4.7428695 4.7428821 4.7428945 4.7429066 4.7429185 4.7429302 4.7429416 4.7429528 4.7429638 4.7429745 4.742985 4.7429953 4.7430054 4.7430153 4.743025 4.7430345 4.7430437 4.7430528 4.7430617 4.7430704 4.743079 4.7430873 4.7430955 4.7431035 4.7431114 4.743119 4.7431265 4.7431339
4.7422105 4.742235 4.7422591 4.7422827 4.7423059 4.7423287 4.742351 4.7423729 4.7423944 4.7424155 4.7424362 4.7424566 4.7424765 4.742496 4.7425152 4.742534 4.7425524 4.7425705 4.7425883 4.7426057 4.7426227 4.7426395 4.7426559 4.742672 4.7426878 4.7427032 4.7427184 4.7427333 4.7427479 4.7427622 4.7427762 4.7427899 4.7428034 4.7428166 4.7428295 4.7428422 4.7428547 4.7428669 4.7428788 4.7428905 4.742902 4.7429133 4.7429243 4.7429351 4.7429457 4.742956 4.7429662 4.7429762 4.7429859 4.7429955 4.7430048 4.743014 4.743023 4.7430318 4.7430404 4.7430489 4.7430572 4.7430653 4.7430732 4.743081
4.7421241 4.7421494 4.7421742 4.7421986 4.7422225 4.742246 4.742269 4.7422917 4.7423139 4.7423357 4.742357 4.742378 4.7423986 4.7424188 4.7424387 4.7424581 4.7424772 4.7424959 4.7425143 4.7425324 4.74255 4.7425674 4.7425844 4.7426011 4.7426175 4.7426336 4.7426493 4.7426648 4.7426799 4.7426948 4.7427094 4.7427237 4.7427377 4.7427515 4.7427649 4.7427782 4.7427911 4.7428039 4.7428163 4.7428286 4.7428405 4.7428523 4.7428638 4.7428751 4.7428862 4.7428971 4.7429077 4.7429181 4.7429284 4.7429384 4.7429482 4.7429578 4.7429673 4.7429765 4.7429856 4.7429945 4.7430032 4.7430117 4.7430201 4.7430283
4.7420384 4.7420644 4.74209 4.7421151 4.7421397 4.7421639 4.7421877 4.742211 4.7422339 4.7422563 4.7422784 4.7423001 4.7423213 4.7423422 4.7423627 4.7423828 4.7424025 4.7424218 4.7424408 4.7424595 4.7424778 4.7424958 4.7425134 4.7425307 4.7425476 4.7425643 4.7425806 4.7425967 4.7426124 4.7426278 4.742643 4.7426578 4.7426724 4.7426867 4.7427007 4.7427145 4.742728 4.7427412 4.7427542 4.7427669 4.7427794 4.7427917 4.7428037 4.7428155 4.742827 4.7428384 4.7428495 4.7428604 4.7428711 4.7428816 4.7428918 4.7429019 4.7429118 4.7429215 4.742931 4.7429403 4.7429495 4.7429584 4.7429672 4.7429758
4.7419534 4.7419801 4.7420064 4.7420322 4.7420575 4.7420824 4.7421069 4.7421309 4.7421544 4.7421776 4.7422003 4.7422226 4.7422445 4.742266 4.7422872 4.7423079 4.7423283 4.7423482 4.7423679 4.7423871 4.742406 4.7424246 4.7424428 4.7424607 4.7424782 4.7424955 4.7425124 4.742529 4.7425453 4.7425612 4.7425769 4.7425923 4.7426074 4.7426223 4.7426368 4.7426511 4.7426651 4.7426789 4.7426924 4.7427056 4.7427186 4.7427313 4.7427438 4.7427561 4.7427681 4.74278 4.7427915 4.7428029 4.7428141 4.742825 4.7428357 4.7428463 4.7428566 4.7428667 4.7428767 4.7428864 4.742896 4.7429054 4.7429146 4.7429236
