Cobbity2/QGIS/TheAverage.asc
NCOLS 399
NROWS 219
XLLCORNER 150.661
YLLCORNER -34.0267
CELLSIZE 1e-05
NODATA_VALUE -9999
[rows 104 to 129 of 219, columns 120 to 179 of 399]
4.755102 4.746439 4.7355736 4.7195267 4.7225127 4.7299048 4.7307261 4.7290675 4.7258174 4.7206571 4.7122276 4.6969437 4.6784979 4.6922266 4.7084192 4.7193591 4.7279374 4.7356058 4.7435167 4.7529474 4.7652553 4.7773596 4.7771648 4.767067 4.7548989 4.7448871 4.7367516 4.7287961 4.7186773 4.7135475 4.7218713 4.7273842 4.7305275 4.7323584 4.7333395 4.7337618 4.7342276 4.736049 4.7404638 4.747834 4.7584761 4.7745663 4.8069483 4.8166697 4.785815 4.7729465 4.7656506 4.7606253 4.756737 4.7533288 4.7498306 4.7453664 4.737487 4.7341952 4.7440807 4.7503403 4.7551568 4.7604406 4.7672085 4.767865
4.7543873 4.7476649 4.7407999 4.7338871 4.7323573 4.733571 4.732926 4.7307174 4.7271902 4.7219369 4.7135773 4.6974293 4.6737892 4.6926891 4.7120648 4.7228158 4.7307934 4.7381058 4.7459988 4.7561867 4.7734857 4.8041935 4.7908352 4.7648174 4.7512294 4.7417801 4.7337917 4.7254803 4.7129807 4.7042744 4.718882 4.7262033 4.7296957 4.731582 4.7323185 4.7317573 4.730141 4.7311898 4.7381648 4.7475309 4.7580984 4.7707552 4.7844379 4.7884218 4.7767359 4.7676747 4.7618616 4.7576983 4.7543486 4.7512631 4.7479369 4.7441296 4.7413001 4.7418862 4.7456854 4.7496246 4.7530536 4.7570151 4.7631696 4.7636808
4.7541576 4.7488573 4.7451518 4.7425316 4.7394078 4.7372582 4.7351437 4.7324145 4.7287672 4.7237515 4.7168611 4.7090094 4.7041876 4.7088478 4.7183665 4.7265905 4.7336334 4.7405487 4.7483377 4.7581247 4.771957 4.7909837 4.7820214 4.7608987 4.7479272 4.7387925 4.7308597 4.7227466 4.7157417 4.7153784 4.7207885 4.725856 4.729048 4.7308234 4.7311277 4.7285643 4.7193342 4.7138404 4.7311844 4.7456111 4.7569351 4.7695608 4.7817739 4.7746578 4.7680217 4.7625313 4.7582909 4.7549773 4.752158 4.7493911 4.7459717 4.7402219 4.7346891 4.7410323 4.7458256 4.7487906 4.7508007 4.7521233 4.7535455 4.754154
4.7542654 4.7495886 4.7462357 4.7455955 4.7427722 4.739841 4.7370763 4.7340788 4.7304695 4.7256678 4.7185249 4.7083327 4.7085148 4.716775 4.7238069 4.7302108 4.7363606 4.7429563 4.7510172 4.7618141 4.7736644 4.7756752 4.7668769 4.7547603 4.7443018 4.735769 4.7278405 4.7181417 4.703845 4.7113112 4.7207598 4.7255568 4.7285087 4.7302205 4.7304735 4.727455 4.7149337 4.7049485 4.7288038 4.7449421 4.7560113 4.7658564 4.7728011 4.7680541 4.7623307 4.7582691 4.7551106 4.7525133 4.7501973 4.7478433 4.7449296 4.7400681 4.735242 4.7411976 4.7457639 4.7481487 4.7490478 4.7475929 4.745934 4.7484612
4.7548698 4.7512301 4.7480747 4.746502 4.7443947 4.7415754 4.7386596 4.7356363 4.7322698 4.7280639 4.7218458 4.7128452 4.7131864 4.7216946 4.7279968 4.7333647 4.738841 4.745196 4.7537479 4.7683732 4.7970289 4.794112 4.7658837 4.7509429 4.7408986 4.7326983 4.7250716 4.7173146 4.7103931 4.7140198 4.7208609 4.725189 4.7279847 4.7297589 4.7305016 4.7296038 4.7263742 4.7263681 4.7357712 4.7463458 4.7567514 4.7695786 4.768421 4.7619079 4.7578115 4.7547563 4.7523478 4.7503186 4.7484482 4.7464904 4.7442246 4.7421203 4.7417468 4.7437234 4.7462733 4.7481478 4.7487432 4.7464376 4.7438432 4.746667
4.7558748 4.7539574 4.7519912 4.7490088 4.7459946 4.7429574 4.7399586 4.7369998 4.73399 4.7307671 4.7271557 4.7238855 4.7240032 4.7275149 4.7316963 4.736066 4.7410248 4.7471693 4.7553997 4.7677519 4.7879934 4.7853418 4.761858 4.7473328 4.7375111 4.7293656 4.7214456 4.7125124 4.7093254 4.7157465 4.7209645 4.7247313 4.727386 4.7292358 4.7304728 4.7312776 4.7322026 4.7348181 4.7402551 4.7475602 4.7560162 4.7658656 4.7647722 4.7579114 4.7542211 4.7518009 4.7499411 4.7483668 4.746886 4.7452297 4.7427341 4.7390058 4.7410777 4.7444241 4.7468525 4.7490046 4.750684 4.7505811 4.7489195 4.7475863
4.7570918 4.7570972 4.7567095 4.7517682 4.7476183 4.7441478 4.7409944 4.7380385 4.7352376 4.7326601 4.7305762 4.7294489 4.7298125 4.7316957 4.7345858 4.7382538 4.7429268 4.7492291 4.7580924 4.7685191 4.7723468 4.7659506 4.7540989 4.7430268 4.7338629 4.7256162 4.7174823 4.7087476 4.7056122 4.7145302 4.7203198 4.724044 4.7266253 4.7284345 4.7297474 4.7310426 4.7330941 4.7364952 4.7414186 4.7480266 4.7572031 4.7622407 4.7574889 4.7537442 4.7510916 4.7492338 4.7478085 4.7466061 4.745488 4.744279 4.7424998 4.7397538 4.7415688 4.7448428 4.7475061 4.7506789 4.7557375 4.7607325 4.755922 4.7495145
4.7588868 4.757923 4.7569145 4.753046 4.7488185 4.7450837 4.7417458 4.7386577 4.7356867 4.7328432 4.7308653 4.7308429 4.7320956 4.7339689 4.7365023 4.7398811 4.7444938 4.751275 4.7630915 4.7865594 4.7902231 4.7646081 4.7495693 4.7390243 4.7300245 4.721134 4.7110262 4.7027238 4.7067962 4.713951 4.7194543 4.7231868 4.725695 4.7272698 4.7279844 4.7284198 4.7307517 4.7353651 4.740822 4.7470954 4.755833 4.7615377 4.7540809 4.7503713 4.7483448 4.7469524 4.7458741 4.7449614 4.7441411 4.7433805 4.7427315 4.742538 4.7434712 4.7454765 4.7481126 4.7520948 4.7608833 4.77595 4.7629349 4.7508579
4.7638698 4.7629103 4.7588472 4.7542575 4.7497761 4.7457841 4.7422408 4.7389317 4.7354519 4.7309317 4.7262056 4.7285456 4.7324081 4.7350396 4.737665 4.7410204 4.7456988 4.7525167 4.7633308 4.783091 4.7857123 4.7612135 4.7457736 4.7352781 4.7261438 4.7164913 4.7030552 4.682196 4.698241 4.7120022 4.7184252 4.7222539 4.7246728 4.7259008 4.7252417 4.721514 4.7241492 4.7328207 4.7396588 4.7458893 4.7508062 4.7511085 4.7493122 4.7473156 4.7459132 4.7448972 4.7440758 4.7433444 4.7426927 4.742227 4.741972 4.7421667 4.7436104 4.7457148 4.748489 4.7522778 4.7577804 4.7630358 4.7576387 4.7495947
4.7758841 4.778513 4.765146 4.7563855 4.7507081 4.7463012 4.7425517 4.7390938 4.7354203 4.7300889 4.7223886 4.7270557 4.7326694 4.7356838 4.7383783 4.741806 4.7468106 4.7543893 4.7640689 4.7690813 4.7643321 4.7527024 4.7412325 4.7315041 4.7222265 4.7119346 4.700921 4.6954745 4.7021951 4.7115712 4.7176092 4.7213445 4.7236553 4.7247322 4.7236638 4.7170661 4.7201011 4.7315007 4.7388753 4.7450881 4.7512871 4.7486165 4.7461018 4.7447271 4.7437693 4.7430339 4.7423721 4.7416616 4.7408797 4.7404277 4.7411087 4.7417022 4.7432024 4.7457004 4.7489809 4.7534366 4.757987 4.7578561 4.7533596 4.7477013
4.7810231 4.7849914 4.7680636 4.7576851 4.7513104 4.7466004 4.7427162 4.7392298 4.7358444 4.7326016 4.7302766 4.7313216 4.7339641 4.736304 4.7388124 4.742247 4.7477088 4.7579044 4.7791291 4.7878432 4.7633071 4.7478575 4.7371222 4.7278685 4.718399 4.7060945 4.6850196 4.6823828 4.7016725 4.7113801 4.7169811 4.7204697 4.7226302 4.7237188 4.7237781 4.723487 4.7262363 4.7325378 4.7390599 4.7449449 4.74665 4.7452203 4.7436403 4.7425842 4.7418892 4.7413474 4.7407691 4.7399062 4.73835 4.735924 4.7356944 4.739072 4.7423296 4.7455689 4.7496183 4.7565905 4.7695369 4.7656802 4.7536443 4.7465699
4.7761456 4.7736994 4.7656002 4.757564 4.7514101 4.7466516 4.7427477 4.7392795 4.7357736 4.7320815 4.731911 4.733572 4.7350794 4.7367715 4.7389746 4.7422496 4.7475415 4.7571496 4.7776201 4.7863903 4.7601875 4.7438711 4.7334071 4.7244888 4.7152065 4.7038683 4.6876235 4.6857406 4.702261 4.7113689 4.7164386 4.7195639 4.7214901 4.7223626 4.7217622 4.7223144 4.727243 4.7332381 4.7398449 4.7466878 4.7476232 4.7435256 4.7416711 4.7407374 4.7402175 4.7398321 4.739335 4.7383497 4.7358576 4.7285788 4.7238703 4.7350949 4.7412974 4.7453819 4.7497056 4.7561769 4.766899 4.7636129 4.7524663 4.7453331
4.792379 4.7771225 4.765395 4.7572563 4.7511903 4.7464894 4.7426809 4.7394065 4.7362125 4.7324621 4.732421 4.7344827 4.7356752 4.7369521 4.7388492 4.741922 4.7469424 4.7541266 4.7602071 4.7592725 4.7494619 4.7387351 4.7296814 4.7212663 4.7120616 4.7004522 4.6917986 4.697422 4.7055131 4.7117984 4.7159095 4.7185226 4.720111 4.720848 4.7198192 4.7195802 4.7264015 4.7334998 4.7424904 4.749504 4.7457449 4.7418875 4.739893 4.7390408 4.7386893 4.7384753 4.7381248 4.737295 4.7353254 4.7306974 4.7283656 4.7356415 4.741228 4.7454694 4.7499209 4.7547578 4.7572695 4.754915 4.7494283 4.7437229
4.8173783 4.7830816 4.7659501 4.7568487 4.7507291 4.7461458 4.7425151 4.7395195 4.7371602 4.7357028 4.735163 4.735457 4.7359766 4.7368451 4.7384224 4.7413149 4.7469774 4.7589018 4.7682041 4.7542428 4.7429276 4.7340493 4.7260753 4.7182103 4.7093893 4.6966422 4.6825809 4.6972934 4.706756 4.7119301 4.7152085 4.7172222 4.7182215 4.7185101 4.7192447 4.7214694 4.7260593 4.7327943 4.7453154 4.7637206 4.7471415 4.7400262 4.7379723 4.7373565 4.7372453 4.7372489 4.7371026 4.7365098 4.7351919 4.7339764 4.7348861 4.7380281 4.7418535 4.7458683 4.7512105 4.7603876 4.7633305 4.7540477 4.7476541 4.7422515
4.7918271 4.7768642 4.7641411 4.7557913 4.7499617 4.7456428 4.7423051 4.7394998 4.7368584 4.736058 4.7362044 4.7359606 4.7359778 4.7364662 4.7376731 4.7400801 4.74503 4.7568007 4.7671195 4.7506036 4.7383609 4.7300209 4.7226249 4.715122 4.7069151 4.6990653 4.6967873 4.7017472 4.7076185 4.7116626 4.7142299 4.7156289 4.715723 4.7135448 4.7120187 4.7182305 4.7240924 4.7296219 4.7353563 4.7408828 4.7393372 4.7366654 4.7357143 4.7356223 4.7358522 4.7361232 4.736222 4.7358268 4.7340288 4.7309807 4.7349137 4.7389224 4.7423853 4.746095 4.7511078 4.7602395 4.7633164 4.7529953 4.7463441 4.741028
4.781619 4.7708421 4.7614082 4.7542109 4.7488984 4.7450068 4.7422275 4.7401459 4.737921 4.7368056 4.7366405 4.7360356 4.7356911 4.7358664 4.7367164 4.7384509 4.7412322 4.7445863 4.7459203 4.7407258 4.7332611 4.726176 4.7191949 4.7117305 4.7028058 4.6901167 4.6928404 4.7024277 4.7076561 4.7109575 4.7129355 4.7138022 4.7133897 4.709981 4.7057595 4.7150412 4.7214175 4.7260909 4.7296203 4.7305059 4.7323763 4.732912 4.7333205 4.7338857 4.7345096 4.7350706 4.7354476 4.7354565 4.7346919 4.7336071 4.7361642 4.7396192 4.7428822 4.746314 4.7499997 4.7530039 4.7530583 4.749353 4.7448391 4.7401166
4.7862739 4.7687304 4.7590526 4.752407 4.7475806 4.7441986 4.7422834 4.7420735 4.7417746 4.7391327 4.7370978 4.7358206 4.7351605 4.7351277 4.7357784 4.7372417 4.7398726 4.7426925 4.739744 4.7347435 4.7288977 4.7225741 4.7156974 4.7078758 4.6993721 4.693118 4.6951766 4.7021415 4.7069604 4.7098207 4.7112908 4.7115912 4.7108494 4.7099628 4.7108467 4.7146874 4.7186474 4.7215822 4.7248974 4.7268473 4.7282146 4.7297715 4.7310959 4.7322412 4.7332325 4.7340535 4.7346735 4.7350251 4.735119 4.7357787 4.7376615 4.7404049 4.7435391 4.7471132 4.7517266 4.755119 4.7514425 4.74754 4.7437642 4.7395635
4.7809812 4.7654811 4.7564709 4.7503615 4.7459808 4.7430649 4.7419925 4.7446369 4.7480966 4.7411387 4.737104 4.7352451 4.7343928 4.7343135 4.7350226 4.7365545 4.7389926 4.7417625 4.7374592 4.7313568 4.7255248 4.7193273 4.7121811 4.7028969 4.6887419 4.6790597 4.6920755 4.7010261 4.7058282 4.7083385 4.7092962 4.7088295 4.7062204 4.702347 4.7070214 4.7124087 4.7153663 4.7153858 4.714158 4.7203863 4.7244917 4.727141 4.7291534 4.7307553 4.7320306 4.7330128 4.7337549 4.7343263 4.7342645 4.7352327 4.7379884 4.7410368 4.7443971 4.748121 4.7526037 4.7561465 4.751348 4.7468704 4.74317 4.7392103
4.7697217 4.760574 4.7534061 4.7480214 4.7440455 4.7414126 4.7404179 4.7418544 4.7432555 4.7392991 4.7359939 4.7341868 4.7333639 4.733431 4.7345968 4.737205 4.7400302 4.7386655 4.7340807 4.7284785 4.7226847 4.7164271 4.7090179 4.6991552 4.6825291 4.6676935 4.6884952 4.6996955 4.7045155 4.7065937 4.7069675 4.7058971 4.7025597 4.6956792 4.7030078 4.7095043 4.711857 4.712122 4.7117425 4.7168817 4.7216308 4.7250035 4.7275291 4.7294689 4.7309167 4.7318736 4.7323625 4.7328375 4.7339046 4.7353532 4.7382278 4.7417331 4.7457459 4.750342 4.7538625 4.7533942 4.750183 4.7463896 4.7427981 4.7390403
4.763548 4.7562257 4.7502444 4.7454512 4.7417753 4.7392918 4.7381549 4.7380037 4.7376242 4.7360252 4.7340846 4.7326846 4.7320434 4.7323635 4.7342262 4.7396327 4.7513723 4.7448464 4.7331914 4.7261927 4.720189 4.7138151 4.706109 4.6961071 4.6858947 4.6847748 4.692398 4.6994729 4.7032641 4.7046152 4.7041264 4.7020756 4.699751 4.7000079 4.7034991 4.7069004 4.7068335 4.7043502 4.7082914 4.7144726 4.7195344 4.7233595 4.7262466 4.7284223 4.7299459 4.7306773 4.7301239 4.7280422 4.7293977 4.7341579 4.7383658 4.7425618 4.74761 4.7555713 4.7665791 4.7601064 4.7512384 4.7462812 4.7424673 4.7387117
4.7595749 4.7525965 4.7471617 4.742699 4.7391652 4.7368581 4.7366713 4.7381498 4.7356803 4.7335424 4.7319752 4.7308625 4.7304002 4.7309296 4.7330476 4.7379627 4.7465754 4.7415055 4.7309423 4.7238779 4.717885 4.7114853 4.7034339 4.6909459 4.6688122 4.676823 4.6925465 4.6991488 4.7019668 4.7023961 4.700694 4.6958761 4.6868415 4.6906979 4.7003253 4.7041358 4.7014838 4.6874717 4.6985627 4.7114884 4.7179291 4.722182 4.7253239 4.727662 4.7292237 4.7297599 4.7281993 4.7211109 4.7223371 4.732623 4.7385781 4.743456 4.7489349 4.7573086 4.7701559 4.7620922 4.7515926 4.7460626 4.7419809 4.7378944
4.7551316 4.7491396 4.7440979 4.7397382 4.7360264 4.7333253 4.7329437 4.7341884 4.7326823 4.7309832 4.7296991 4.7287586 4.7283874 4.729082 4.7317168 4.7364308 4.737663 4.7332408 4.7270583 4.721268 4.7156959 4.709481 4.7016594 4.6913688 4.6795678 4.6833005 4.6936818 4.6988202 4.7005522 4.6999295 4.6971178 4.6911539 4.6781732 4.6838534 4.6974171 4.7020892 4.7013166 4.6977232 4.7026524 4.7111485 4.7171743 4.7215025 4.7247789 4.7272309 4.7288269 4.7293249 4.7283984 4.7261311 4.7276397 4.7339011 4.7394977 4.7446729 4.7502599 4.7559336 4.7586663 4.7556872 4.7502056 4.7454519 4.7412167 4.7368316
4.7510763 4.7458412 4.741034 4.7365926 4.7323126 4.7277293 4.7242466 4.7265682 4.7282929 4.728052 4.7272119 4.7263592 4.7258982 4.7265011 4.7301039 4.7423866 4.7443911 4.7305865 4.7237513 4.7186988 4.7136841 4.7077746 4.6996949 4.6878887 4.6815267 4.6891804 4.6954152 4.698532 4.698974 4.6970552 4.6926137 4.686404 4.683909 4.6890061 4.6967253 4.7004776 4.6982254 4.6977131 4.7050915 4.7117495 4.7170752 4.7212767 4.7246129 4.7271721 4.7288007 4.7289816 4.7270501 4.7263674 4.730646 4.7357897 4.7409554 4.7464146 4.7532675 4.7632657 4.7642945 4.7554384 4.7495063 4.7448114 4.7400996 4.7341818
4.7478897 4.7427955 4.7379846 4.7333803 4.728758 4.722964 4.7160596 4.7212595 4.7248047 4.7252357 4.7246118 4.7236807 4.7228472 4.7225575 4.7237734 4.7294548 4.7317998 4.7251335 4.7202574 4.7162235 4.7119393 4.706655 4.6989443 4.6841484 4.6735429 4.6894762 4.6962262 4.6980391 4.6972 4.6938065 4.6862584 4.6693765 4.6612483 4.6833658 4.6954803 4.6998421 4.6954429 4.6932977 4.7051364 4.7122688 4.71732 4.7214085 4.7248121 4.7275485 4.7293601 4.7292852 4.7241387 4.7200464 4.7305099 4.7372577 4.7426692 4.7484197 4.755452 4.7656548 4.7664903 4.7558742 4.7493104 4.7443783 4.7391364 4.7308005
4.7451584 4.7399094 4.734879 4.7299686 4.7252602 4.7214458 4.7196424 4.720993 4.7224976 4.7226798 4.7219741 4.7207865 4.7193718 4.7178266 4.7153103 4.7109263 4.7167119 4.7183109 4.7165741 4.7138802 4.7104756 4.7061449 4.7006674 4.6945322 4.6914182 4.6946965 4.6972782 4.6973584 4.6952309 4.6906522 4.682186 4.6638254 4.6535578 4.6809564 4.6952344 4.7012705 4.7025491 4.7034313 4.7081568 4.7133271 4.7178454 4.72182 4.7253499 4.7284154 4.730811 4.7318925 4.7302448 4.7291852 4.7340978 4.7394044 4.7447808 4.7512227 4.7588248 4.7634985 4.7609928 4.754849 4.7491212 4.7442053 4.7390214 4.7322448
4.7426161 4.7370465 4.7316093 4.7260613 4.7199702 4.7143615 4.7156739 4.7188287 4.7201646 4.7201962 4.7193079 4.7177452 4.7156422 4.7131014 4.7106777 4.7096102 4.7119211 4.7137174 4.7134294 4.7118211 4.7092604 4.7057186 4.7009305 4.6963659 4.6969983 4.6979423 4.6979033 4.6963546 4.6929067 4.6869547 4.6780241 4.6704549 4.6736542 4.6857243 4.6965946 4.703548 4.7065291 4.7072762 4.7104045 4.7144319 4.718504 4.7224223 4.7261736 4.7297407 4.7330728 4.7362684 4.7383993 4.7372304 4.7383363 4.7418887 4.7471038 4.755006 4.7696079 4.7838397 4.7674514 4.7557124 4.7492375 4.7442429 4.7388581 4.7320028
