Cobbity2/QGIS/TheAverage.asc
NCOLS 399
NROWS 219
XLLCORNER 150.661
YLLCORNER -34.0267
CELLSIZE 1e-05
NODATA_VALUE -9999
[rows 26 to 51 of 219, columns 180 to 239 of 399]
4.8107526 4.8099414 4.8085446 4.8068208 4.8050173 4.80333 4.8018865 4.8007411 4.7998766 4.7992117 4.7986238 4.7979829 4.7971841 4.7961715 4.7949505 4.7935811 4.7921574 4.7907817 4.7895366 4.7884661 4.7875766 4.7868469 4.7862416 4.7857212 4.7852489 4.7847939 4.7843332 4.7838515 4.7833399 4.7827951 4.7822181 4.7816122 4.7809825 4.7803347 4.7796746 4.7790077 4.7783387 4.7776717 4.7770102 4.7763568 4.7757139 4.775083 4.7744652 4.7738615 4.7732725 4.7726983 4.7721392 4.7715951 4.7710659 4.7705514 4.7700513 4.7695652 4.7690929 4.7686339 4.7681879 4.7677544 4.767333 4.7669233 4.766525 4.7661376
4.8172236 4.8157975 4.8135751 4.8109868 4.8084117 4.8061265 4.8042981 4.8029895 4.8021593 4.8016606 4.8012727 4.8007733 4.7999886 4.7988236 4.7972993 4.7955276 4.7936722 4.7919147 4.7903914 4.7891582 4.7882031 4.7874759 4.786912 4.7864488 4.7860327 4.7856227 4.7851903 4.7847186 4.7841996 4.7836327 4.7830218 4.7823738 4.7816968 4.7809991 4.7802885 4.7795718 4.778855 4.7781426 4.7774386 4.7767459 4.7760665 4.7754021 4.7747538 4.7741221 4.7735074 4.7729099 4.7723295 4.7717659 4.771219 4.7706883 4.7701734 4.7696738 4.7691891 4.7687187 4.7682623 4.7678192 4.7673891 4.7669714 4.7665657 4.7661715
4.8256873 4.8232282 4.8196852 4.8157891 4.8121085 4.8090123 4.8067044 4.8052604 4.8046206 4.8045357 4.8045865 4.8044 4.8037142 4.8023281 4.8003263 4.7979148 4.7953566 4.7930073 4.7911021 4.7896888 4.7887012 4.7880303 4.7875641 4.7872063 4.7868827 4.786541 4.7861486 4.785689 4.7851578 4.7845593 4.7839027 4.7831999 4.7824632 4.7817043 4.7809331 4.7801582 4.7793864 4.778623 4.7778719 4.777136 4.7764174 4.7757173 4.7750365 4.7743755 4.7737343 4.7731128 4.7725106 4.7719274 4.7713625 4.7708156 4.7702859 4.7697728 4.7692759 4.7687943 4.7683276 4.7678752 4.7674366 4.767011 4.7665981 4.7661974
4.8370161 4.8327775 4.8271136 4.8212634 4.816033 4.8118598 4.8089559 4.8074236 4.8072578 4.8081117 4.8090341 4.8093839 4.8090578 4.8072432 4.8044803 4.8010556 4.797228 4.7939171 4.79151 4.7899406 4.7890065 4.7884912 4.7882109 4.7880266 4.7878414 4.7875939 4.7872506 4.7867997 4.7862442 4.7855972 4.7848764 4.7841005 4.7832874 4.7824526 4.7816087 4.7807656 4.779931 4.7791102 4.7783071 4.7775244 4.7767636 4.7760258 4.7753112 4.7746198 4.7739513 4.7733053 4.7726811 4.772078 4.7714952 4.7709321 4.7703877 4.7698614 4.7693524 4.7688599 4.7683832 4.7679218 4.7674748 4.7670417 4.7666219 4.7662148
4.8524444 4.845 4.8360051 4.8273286 4.8200215 4.8144765 4.8108237 4.8091964 4.8098943 4.8129885 4.8158245 4.8162022 4.8176704 4.8142159 4.8107591 4.805791 4.7991153 4.7942809 4.7913324 4.7897454 4.78905 4.7888587 4.788894 4.7889724 4.7889791 4.7888496 4.7885565 4.7880995 4.7874958 4.7867724 4.7859592 4.7850847 4.7841733 4.7832446 4.7823136 4.7813911 4.780485 4.7796003 4.7787405 4.7779074 4.777102 4.7763246 4.7755749 4.7748524 4.7741562 4.7734854 4.772839 4.7722161 4.7716156 4.7710365 4.7704778 4.7699385 4.7694177 4.7689146 4.7684283 4.7679581 4.7675032 4.7670629 4.7666365 4.7662235
4.8718681 4.8601989 4.8461699 4.8336491 4.823788 4.8166298 4.8120324 4.8100369 4.8114408 4.8193509 4.8297033 4.8229058 4.8301014 4.8205909 4.8230099 4.8132997 4.7996441 4.793375 4.790133 4.7888971 4.7887896 4.7891817 4.7897065 4.7901538 4.7904058 4.7904075 4.7901489 4.7896516 4.7889565 4.7881123 4.7871661 4.7861586 4.7851212 4.7840772 4.7830429 4.782029 4.7810427 4.7800879 4.7791669 4.7782804 4.7774284 4.7766101 4.7758245 4.7750704 4.7743463 4.7736509 4.7729826 4.7723402 4.7717223 4.7711276 4.7705549 4.770003 4.769471 4.7689577 4.7684622 4.7679837 4.7675212 4.7670741 4.7666415 4.7662228
4.8989827 4.8783712 4.8564231 4.8394613 4.82693 4.8181284 4.8124416 4.8094468 4.809136 4.8172497 4.8357018 4.8223303 4.820448 4.8162462 4.8238213 4.8090023 4.7970414 4.7905097 4.7872762 4.7872222 4.7882837 4.789607 4.790825 4.7917497 4.7922868 4.7924083 4.7921375 4.7915334 4.7906744 4.7896417 4.7885059 4.7873211 4.7861248 4.7849417 4.7837873 4.7826704 4.7815959 4.7805657 4.77958 4.7786379 4.7777379 4.7768782 4.7760565 4.7752709 4.7745192 4.7737995 4.7731098 4.7724485 4.7718137 4.771204 4.7706179 4.7700541 4.7695112 4.7689883 4.7684842 4.7679978 4.7675283 4.7670748 4.7666364 4.7662125
4.9099465 4.8902304 4.864163 4.8436757 4.8290343 4.8189231 4.8122939 4.8082605 4.8047657 4.8058077 4.8138405 4.8122473 4.8087731 4.8056941 4.8028221 4.7961294 4.7945813 4.7814806 4.7818455 4.7848437 4.7878173 4.7904367 4.7925428 4.7940324 4.7948604 4.7950444 4.7946629 4.7938338 4.792694 4.7913739 4.7899737 4.7885587 4.7871678 4.785822 4.7845321 4.7833024 4.7821336 4.7810242 4.7799719 4.7789733 4.7780252 4.7771242 4.776267 4.7754505 4.7746721 4.7739289 4.7732187 4.7725392 4.7718884 4.7712644 4.7706657 4.7700906 4.7695377 4.7690057 4.7684935 4.7679998 4.7675238 4.7670644 4.7666208 4.7661921
4.9136699 4.897642 4.8675373 4.8454865 4.8298773 4.819129 4.8119586 4.8076815 4.8059016 4.8056491 4.8060559 4.8042681 4.8008557 4.796662 4.791326 4.7835986 4.7665545 4.7622811 4.7755862 4.7827086 4.7879915 4.7921596 4.7952962 4.7973933 4.7984607 4.7985719 4.7978987 4.7966441 4.7950385 4.7932928 4.7915378 4.7898378 4.7882197 4.7866924 4.7852563 4.7839079 4.782642 4.7814526 4.7803337 4.7792794 4.7782843 4.7773433 4.7764519 4.775606 4.7748021 4.7740368 4.7733072 4.7726106 4.7719448 4.7713076 4.7706971 4.7701116 4.7695494 4.7690092 4.7684895 4.7679893 4.7675073 4.7670426 4.7665942 4.7661612
4.917583 4.8976811 4.8670125 4.8449317 4.8295435 4.819018 4.8118774 4.807216 4.8060155 4.8048652 4.8025666 4.7993603 4.7952193 4.7901366 4.7837185 4.7751386 4.7646474 4.7630831 4.7726623 4.78207 4.7895792 4.7954354 4.7996822 4.8023693 4.8035636 4.8033161 4.8020591 4.8000387 4.7976666 4.7953193 4.7931217 4.7910957 4.7892328 4.7875169 4.7859328 4.7844664 4.7831053 4.7818384 4.7806557 4.7795485 4.778509 4.7775306 4.7766073 4.7757341 4.7749066 4.7741208 4.7733734 4.7726612 4.7719817 4.7713324 4.7707113 4.7701162 4.7695457 4.768998 4.7684717 4.7679655 4.7674783 4.7670089 4.7665563 4.7661196
4.9146722 4.8943992 4.8633646 4.8425065 4.8282948 4.8188251 4.8126772 4.8086609 4.8063645 4.8039236 4.8003391 4.7960743 4.7911499 4.7853328 4.7781387 4.7689018 4.7576901 4.7562294 4.7713922 4.7835449 4.7933113 4.8010975 4.8065185 4.8095898 4.8110033 4.8095688 4.8075139 4.8040073 4.8003577 4.7972575 4.7945818 4.792236 4.7901429 4.7882518 4.7865305 4.7849551 4.7835066 4.7821689 4.7809283 4.7797731 4.7786936 4.7776814 4.7767294 4.7758317 4.774983 4.7741789 4.7734155 4.7726895 4.7719977 4.7713377 4.7707071 4.7701037 4.7695257 4.7689715 4.7684394 4.7679281 4.7674363 4.7669628 4.7665067 4.7660668
4.9154175 4.8834479 4.8575201 4.8389707 4.8264516 4.8185989 4.8142874 4.8118465 4.8085139 4.8039928 4.7990256 4.7937867 4.7881272 4.7816396 4.7736466 4.7627809 4.744535 4.7555894 4.77342 4.7877074 4.7997307 4.8100071 4.817692 4.8184965 4.8230445 4.816319 4.8158605 4.8077724 4.8025097 4.7987419 4.7956977 4.7931377 4.7908797 4.7888519 4.7870183 4.7853519 4.7838297 4.7824321 4.7811422 4.7799462 4.7788325 4.7777915 4.7768149 4.7758961 4.7750292 4.7742093 4.7734321 4.772694 4.7719918 4.7713225 4.7706837 4.7700732 4.7694889 4.7689291 4.7683922 4.7678765 4.767381 4.7669042 4.7664451 4.7660027
4.9364091 4.8819485 4.8523632 4.8350601 4.8243593 4.8185459 4.8170083 4.8190013 4.814015 4.8055786 4.7985361 4.7921809 4.7858136 4.7786971 4.7696982 4.7579053 4.7508329 4.7604627 4.7784062 4.7946826 4.8094276 4.8199811 4.8345271 4.8231715 4.8248688 4.8171924 4.8196845 4.8072058 4.8036731 4.79912 4.7962139 4.7937022 4.7913897 4.7892813 4.7873707 4.7856383 4.7840612 4.782618 4.7812901 4.7800623 4.7789215 4.7778574 4.7768609 4.775925 4.7750432 4.7742103 4.7734218 4.7726738 4.7719629 4.771286 4.7706406 4.7700242 4.7694348 4.7688705 4.7683296 4.7678105 4.767312 4.7668326 4.7663713 4.7659269
4.9000295 4.869709 4.8458139 4.8307768 4.8222212 4.8189526 4.8200486 4.8221191 4.8171931 4.8069283 4.7982224 4.7908879 4.783947 4.7763881 4.7666496 4.7485825 4.7390331 4.7665615 4.7854574 4.8033412 4.8233444 4.8343278 4.8241062 4.8180806 4.8137773 4.810691 4.8080765 4.804853 4.7994759 4.7974657 4.7961436 4.7939462 4.7916626 4.7895228 4.787572 4.7858019 4.7841917 4.7827198 4.781367 4.7801173 4.7789576 4.7778767 4.7768657 4.7759168 4.7750237 4.7741809 4.7733837 4.7726281 4.7719104 4.7712277 4.7705771 4.7699562 4.7693629 4.7687952 4.7682514 4.7677298 4.7672291 4.7667479 4.766285 4.7658394
4.9104947 4.8612987 4.8387388 4.8261327 4.8199317 4.81977 4.8278974 4.8371276 4.8205958 4.8072734 4.7974603 4.7895396 4.7822827 4.7744397 4.7646193 4.7561331 4.7587274 4.7745819 4.7929541 4.8128138 4.8281983 4.8288441 4.8183818 4.81188 4.8078671 4.805103 4.8027985 4.8002149 4.7961092 4.7969102 4.7961832 4.7940177 4.7917228 4.7895753 4.7876172 4.7858384 4.7842179 4.7827348 4.7813706 4.7801098 4.7789393 4.7778484 4.7768281 4.7758708 4.7749701 4.7741205 4.7733173 4.7725562 4.7718339 4.771147 4.7704928 4.7698688 4.7692729 4.7687029 4.7681572 4.7676341 4.7671321 4.7666498 4.7661862 4.7657399
4.8779092 4.8484531 4.8308732 4.8210963 4.8170946 4.8191037 4.829367 4.8411495 4.8211336 4.8060771 4.7959081 4.7878759 4.7806288 4.7728663 4.7610746 4.744599 4.7635857 4.7813833 4.7992325 4.821207 4.845901 4.8252811 4.813878 4.8076488 4.8038244 4.8013543 4.7997113 4.798884 4.8003313 4.8004552 4.7967178 4.7939442 4.7915732 4.7894427 4.7875106 4.7857511 4.7841424 4.782665 4.7813024 4.7800404 4.7788672 4.7777727 4.7767483 4.7757869 4.7748822 4.7740289 4.7732222 4.7724581 4.771733 4.7710438 4.7703876 4.769762 4.7691646 4.7685936 4.768047 4.7675232 4.7670208 4.7665383 4.7660746 4.7656285
4.8521438 4.8346392 4.8227026 4.8157694 4.8135097 4.8169872 4.8289933 4.8295919 4.8148704 4.8028216 4.7934776 4.7857446 4.7786104 4.7714187 4.764721 4.7618879 4.7713743 4.785976 4.8031417 4.8259517 4.8357355 4.8204187 4.8101358 4.8041904 4.800666 4.7985749 4.7975033 4.7975612 4.7996173 4.7996883 4.7961811 4.7934743 4.7911866 4.7891359 4.7872666 4.7855522 4.783974 4.7825167 4.7811667 4.7799123 4.7787433 4.7776509 4.7766272 4.7756657 4.7747604 4.7739062 4.7730986 4.7723337 4.7716078 4.770918 4.7702614 4.7696355 4.769038 4.768467 4.7679206 4.7673972 4.7668952 4.7664134 4.7659503 4.7655049
4.8372067 4.8236079 4.8152003 4.8104456 4.8091588 4.812076 4.823058 4.8239434 4.8089722 4.7986584 4.7904412 4.7831968 4.7758499 4.7664072 4.7556718 4.7622304 4.7750723 4.7880464 4.8034543 4.8231639 4.8319803 4.8153625 4.8060606 4.8008828 4.7979047 4.796285 4.7956498 4.7958957 4.7967277 4.7965291 4.794794 4.79266 4.7906042 4.7886901 4.7869125 4.7852614 4.783727 4.7822998 4.7809706 4.7797304 4.7785712 4.7774856 4.7764666 4.7755084 4.7746055 4.7737532 4.772947 4.7721833 4.7714586 4.7707698 4.7701143 4.7694895 4.7688931 4.7683233 4.7677782 4.767256 4.7667554 4.7662749 4.7658133 4.7653694
4.8229789 4.814358 4.8086111 4.8054833 4.804778 4.8056329 4.8045978 4.8059993 4.8014099 4.7941375 4.7871426 4.780534 4.7734461 4.7625574 4.7423088 4.7561817 4.7749158 4.7876337 4.8010671 4.8186641 4.8185258 4.8078835 4.801421 4.7975298 4.7953585 4.7943258 4.7941315 4.7946858 4.7958669 4.7955773 4.7936676 4.7917703 4.7899291 4.7881629 4.7864862 4.7849048 4.7834195 4.7820272 4.780723 4.7795012 4.7783556 4.7772801 4.776269 4.7753169 4.774419 4.7735708 4.7727682 4.7720076 4.7712857 4.7705996 4.7699466 4.7693241 4.7687301 4.7681626 4.7676197 4.7670998 4.7666014 4.766123 4.7656636 4.7652218
4.8130608 4.8068638 4.8029527 4.8011496 4.8015716 4.8036866 4.8039494 4.8017409 4.79631 4.790001 4.7838255 4.7778316 4.7717032 4.7654001 4.7608818 4.7657185 4.7757949 4.7859248 4.7969255 4.8066044 4.8067073 4.8009937 4.7966933 4.7942271 4.7930525 4.7927075 4.7929364 4.7940331 4.7954984 4.7940507 4.7925175 4.7909058 4.7892546 4.7876171 4.786029 4.7845105 4.7830707 4.7817123 4.7804338 4.7792317 4.7781014 4.7770382 4.7760371 4.7750933 4.7742024 4.7733603 4.772563 4.7718073 4.7710898 4.7704078 4.7697586 4.7691398 4.7685493 4.7679851 4.7674454 4.7669286 4.7664332 4.7659579 4.7655013 4.7650623
4.8054718 4.8007935 4.7980825 4.7972847 4.7992484 4.8074825 4.8141109 4.8005061 4.7924863 4.786245 4.7805379 4.7749061 4.7686019 4.7612035 4.7612522 4.7680581 4.7751558 4.7830122 4.7924072 4.8042218 4.8001585 4.7946477 4.7921164 4.7911407 4.7911435 4.7915955 4.7918999 4.7922311 4.7937777 4.7928465 4.7915962 4.7901929 4.7886667 4.7871095 4.7855786 4.7841038 4.7826986 4.7813679 4.780112 4.7789286 4.7778139 4.7767638 4.7757739 4.7748399 4.7739575 4.773123 4.7723327 4.7715832 4.7708715 4.7701949 4.7695508 4.7689368 4.7683509 4.767791 4.7672555 4.7667428 4.7662512 4.7657796 4.7653266 4.7648911
4.799427 4.795735 4.7937872 4.7934449 4.7952692 4.8015596 4.8059975 4.7960023 4.7883814 4.78254 4.7772492 4.7720124 4.7658954 4.7561113 4.7567266 4.7664268 4.7725224 4.7785655 4.7869298 4.7964408 4.7911304 4.7883082 4.7877174 4.7884181 4.7898854 4.7915244 4.7918368 4.7878536 4.7892898 4.7916425 4.7910857 4.7897611 4.7882362 4.786682 4.7851624 4.7837039 4.7823168 4.7810043 4.7797656 4.7785979 4.7774976 4.7764604 4.7754822 4.7745588 4.7736861 4.7728604 4.7720782 4.7713363 4.7706317 4.7699617 4.7693238 4.7687157 4.7681354 4.7675808 4.7670504 4.7665425 4.7660556 4.7655884 4.7651397 4.7647083
4.7944164 4.7914207 4.7899988 4.7898142 4.7906073 4.7912609 4.7916757 4.7887943 4.7838345 4.7787868 4.7738603 4.7689658 4.7643196 4.7610877 4.7616368 4.7651484 4.768536 4.7719251 4.7759139 4.7818849 4.7814591 4.7817155 4.7835226 4.7861881 4.7895092 4.7932979 4.7965673 4.7942956 4.7928003 4.792791 4.7913942 4.7896961 4.7879909 4.7863501 4.7847921 4.7833204 4.7819336 4.7806282 4.7794 4.7782442 4.7771561 4.7761311 4.7751645 4.774252 4.7733897 4.7725738 4.7718008 4.7710675 4.7703711 4.7697088 4.7690782 4.768477 4.7679032 4.7673549 4.7668304 4.7663281 4.7658466 4.7653846 4.7649408 4.7645142
4.7900034 4.7876754 4.7867651 4.7869351 4.7880178 4.7898745 4.788151 4.7841993 4.7797752 4.7751207 4.770315 4.765088 4.7589323 4.7560534 4.7596133 4.7620215 4.7630732 4.7633279 4.7634794 4.7628864 4.7699584 4.7751191 4.779721 4.7845626 4.789992 4.796484 4.8063528 4.8147169 4.8016627 4.7954661 4.7922728 4.7899012 4.78789 4.7860973 4.7844624 4.7829534 4.7815511 4.7802427 4.7790184 4.7778705 4.7767923 4.7757781 4.7748227 4.7739214 4.77307 4.7722645 4.7715016 4.7707779 4.7700906 4.7694369 4.7688145 4.7682212 4.7676548 4.7671136 4.7665958 4.7661 4.7656246 4.7651685 4.7647303 4.764309
4.7860189 4.7843982 4.7840933 4.7849538 4.7869078 4.7875687 4.78486 4.7807114 4.7762254 4.7715865 4.7667532 4.7614407 4.7541257 4.7498046 4.7560421 4.7577114 4.7563431 4.7517211 4.7443683 4.7503878 4.7608213 4.7693437 4.7766094 4.7836531 4.7912716 4.7998905 4.8079438 4.8105121 4.8035788 4.7971968 4.7930876 4.7901637 4.7878481 4.7858859 4.7841562 4.7825954 4.7811669 4.7798476 4.7786219 4.7774782 4.7764077 4.7754032 4.7744585 4.7735683 4.7727281 4.7719337 4.7711816 4.7704683 4.7697909 4.7691468 4.7685336 4.7679489 4.7673908 4.7668575 4.7663472 4.7658585 4.76539 4.7649403 4.7645083 4.764093
4.7823506 4.7815213 4.781893 4.7836786 4.7887904 4.7920726 4.7834856 4.7778147 4.7729561 4.7680689 4.762941 4.757823 4.7540478 4.7530422 4.7538412 4.7530208 4.7492847 4.7403949 4.7168384 4.7279341 4.7520799 4.7647699 4.774438 4.7835376 4.7934113 4.8061245 4.8221131 4.8159053 4.8047378 4.7980812 4.7936003 4.7903408 4.7877907 4.785677 4.783853 4.7822356 4.7807752 4.7794402 4.7782094 4.7770674 4.776003 4.7750072 4.7740728 4.7731938 4.7723652 4.7715824 4.7708417 4.7701395 4.769473 4.7688393 4.7682359 4.7676608 4.7671117 4.766587 4.766085 4.7656042 4.7651431 4.7647006 4.7642754 4.7638665
