Cobbity4/OpenEM/Corrections/QGIS/First.asc
NCOLS 600
NROWS 379
XLLCORNER 150.66
YLLCORNER -34.0276
CELLSIZE 1e-05
NODATA_VALUE -9999
[rows 260 to 285 of 379, columns 240 to 299 of 600]
7.0248994 6.9580465 6.9032109 6.8544432 6.8116839 6.7788989 6.7527975 6.7229389 6.6907821 6.6697786 6.6591299 6.6414903 6.6077911 6.5664089 6.5383676 6.5388771 6.5617993 6.5935651 6.6244302 6.6501125 6.6704838 6.6869159 6.7015803 6.7184906 6.7390411 6.752705 6.7497257 6.7353682 6.7160757 6.6933191 6.6669381 6.6381177 6.6120403 6.5984989 6.6043257 6.6239009 6.6431955 6.6470529 6.6219935 6.5611718 6.4651448 6.3376122 6.1935624 6.0841059 6.0735 6.1473391 6.2405883 6.3205138 6.3842281 6.4364139 6.4811074 6.5206843 6.5564125 6.588991 6.6188558 6.6463231 6.6716499 6.6950564 6.716736 6.7368592
6.9695075 6.9251602 6.877821 6.8251413 6.7740526 6.7436743 6.7381624 6.7325183 6.7163101 6.6962414 6.6743181 6.6451832 6.6053415 6.5591633 6.5192158 6.5037107 6.5220297 6.5590938 6.5949729 6.622658 6.6436965 6.6595426 6.6693708 6.6769053 6.6907107 6.7056795 6.7103766 6.7030167 6.6861653 6.6612323 6.6280837 6.5869342 6.543888 6.5181559 6.5262827 6.5524334 6.5704446 6.5673218 6.5370489 6.4748423 6.3748385 6.228336 6.037987 5.8780475 5.8830466 6.021329 6.1662932 6.2760116 6.3562271 6.4177705 6.4678649 6.5105918 6.5481881 6.5819111 6.6125139 6.6404894 6.666191 6.6898921 6.7118149 6.7321464
6.9305594 6.9032057 6.8615071 6.8016747 6.7340786 6.6980996 6.7136383 6.7303994 6.725839 6.707491 6.6799835 6.6412206 6.5864038 6.5119243 6.4280356 6.3880533 6.4333417 6.5063812 6.5584543 6.5892861 6.6124135 6.6335687 6.6458031 6.6474517 6.6571253 6.6729771 6.6799914 6.6745025 6.6577469 6.630626 6.592399 6.5412912 6.481682 6.4435848 6.4600022 6.497477 6.515966 6.5075549 6.4724699 6.4088888 6.3111915 6.168517 5.9766363 5.8072051 5.8177492 5.9732708 6.1301853 6.2478303 6.3342315 6.4006639 6.454443 6.4998296 6.5393002 6.5743377 6.605873 6.6345252 6.6607325 6.6848233 6.7070559 6.7276406
6.9161945 6.9001898 6.8612916 6.799268 6.7288306 6.6924008 6.7103604 6.7315672 6.730775 6.7128719 6.6819127 6.6356254 6.5659056 6.4598756 6.3208749 6.2474201 6.3381568 6.4590889 6.5222917 6.5462077 6.5683137 6.6041046 6.634693 6.6415067 6.645296 6.6549179 6.6581986 6.6504712 6.6318925 6.6032283 6.5644249 6.5145224 6.4574694 6.4216965 6.4377887 6.468373 6.4771623 6.4603366 6.4199864 6.3564924 6.2690571 6.1565473 6.0241243 5.9164902 5.9193073 6.0203448 6.1385535 6.2395537 6.3210342 6.3873301 6.4425373 6.4896173 6.5305958 6.5668498 6.5993286 6.6287039 6.6554667 6.679989 6.7025617 6.7234191
6.9196467 6.9083378 6.8705624 6.8161389 6.7621945 6.7328957 6.7347952 6.7419632 6.7366417 6.7174069 6.6849787 6.6364221 6.563856 6.4561094 6.3211306 6.2526623 6.3381797 6.4499688 6.4918312 6.4839335 6.4935527 6.5519558 6.6107411 6.633965 6.6394116 6.642942 6.6406847 6.6289151 6.6073685 6.5774063 6.541205 6.5017149 6.4647563 6.4436935 6.4459652 6.4522835 6.4444307 6.417687 6.3714856 6.3063864 6.2259052 6.1394765 6.0630549 6.0174148 6.0235465 6.0794072 6.1586733 6.2396253 6.3131245 6.3771865 6.4325292 6.4805593 6.5226436 6.5599097 6.593235 6.6232906 6.6505911 6.6755367 6.6984438 6.7195674
6.9172227 6.9058521 6.8740211 6.8328811 6.7951197 6.7709563 6.7612326 6.7554896 6.7440536 6.723266 6.6916607 6.6467466 6.5844835 6.503048 6.4181002 6.3807616 6.4203592 6.4719846 6.4682205 6.413151 6.402741 6.4869614 6.5710446 6.611866 6.6264363 6.629629 6.6236153 6.6075489 6.5818431 6.5487181 6.5124673 6.479214 6.4548453 6.4413694 6.4346264 6.4260524 6.4074691 6.3736235 6.3215217 6.249933 6.1616529 6.0698127 6.0028142 5.9880889 6.0225542 6.0851056 6.1595174 6.2350519 6.3055461 6.3686348 6.4241566 6.4728755 6.5157938 6.5538619 6.5878867 6.6185224 6.6462915 6.6716105 6.6948136 6.7161721
6.9039957 6.892801 6.8699046 6.8413948 6.8145332 6.793963 6.7796894 6.7673838 6.7521307 6.7308633 6.701852 6.6637229 6.6158344 6.561221 6.5121317 6.4886951 6.494905 6.5008491 6.4704909 6.4080651 6.3963676 6.4719541 6.5506016 6.5945684 6.612834 6.6155904 6.6062491 6.5853536 6.553539 6.512961 6.4686263 6.4291533 6.4037483 6.3939425 6.3907076 6.3829413 6.3630556 6.3264418 6.2695582 6.1882073 6.0780648 5.9450865 5.8370025 5.8354903 5.9291059 6.0401193 6.1383339 6.2229989 6.2966661 6.3610171 6.4173206 6.4667299 6.5103043 6.548974 6.5835246 6.6146024 6.6427331 6.6683423 6.6917756 6.7133155
6.8910676 6.8808516 6.8644218 6.8444349 6.8244671 6.8068302 6.7916002 6.7769016 6.7602564 6.7397072 6.7140612 6.682864 6.6468915 6.6094232 6.5771148 6.5568045 6.5470284 6.5345102 6.505753 6.4697474 6.4662332 6.5080857 6.5576327 6.5900576 6.6040717 6.6033479 6.5896168 6.5629168 6.5228393 6.4697018 6.406839 6.3456059 6.3082213 6.307711 6.3234463 6.3286123 6.3136158 6.2774206 6.2186755 6.1319757 6.0053916 5.8296851 5.6652154 5.6721849 5.8290103 5.9897677 6.1139498 6.2102618 6.2887856 6.355162 6.4124212 6.4624099 6.5064273 6.5454733 6.5803481 6.6116999 6.6400561 6.6658463 6.6894219 6.7110716
6.8820427 6.8729247 6.8602984 6.8453082 6.8296037 6.8143355 6.799621 6.784634 6.7681417 6.7490586 6.7267571 6.7012596 6.6735341 6.6458168 6.6212917 6.6022091 6.5871735 6.5711721 6.5510589 6.5334084 6.5325612 6.5515787 6.5764822 6.5942043 6.6002174 6.5939656 6.5750593 6.5422448 6.4933446 6.4255268 6.3376515 6.2414587 6.1824912 6.2016813 6.2503176 6.2726467 6.2624506 6.2271561 6.1699164 6.0885446 5.9745915 5.8170999 5.6654493 5.6719867 5.8213104 5.9800099 6.1064436 6.2052879 6.2853811 6.3525255 6.4101277 6.4602845 6.5044131 6.5435551 6.578519 6.6099507 6.6383738 6.664216 6.6878289 6.7095024
6.8763129 6.8681281 6.8577373 6.8456535 6.8326293 6.8192257 6.8055395 6.7912103 6.7756474 6.7583148 6.7389584 6.7177711 6.6955194 6.673537 6.6533479 6.6358121 6.6203666 6.605557 6.5912968 6.5809028 6.5790382 6.5858577 6.5955789 6.6015195 6.5995595 6.5875613 6.5638181 6.5260803 6.4709698 6.3936654 6.289908 6.1702918 6.0961733 6.1311962 6.1986501 6.2233137 6.2095194 6.17282 6.1178276 6.0459352 5.9629863 5.8747153 5.8015491 5.8067668 5.8967696 6.0124856 6.1196173 6.2109966 6.2881919 6.3540514 6.4109511 6.4606527 6.5044601 6.5433679 6.578157 6.6094544 6.6377698 6.6635215 6.6870546 6.7086557
6.872845 6.8653933 6.8563996 6.8461031 6.8348513 6.8229168 6.8103666 6.7970523 6.7827119 6.7671178 6.7502167 6.7322292 6.7136918 6.695388 6.6781139 6.6623321 6.6479957 6.6348957 6.6234527 6.6150764 6.6110927 6.6108815 6.6114921 6.6091823 6.6008263 6.5840649 6.556773 6.516502 6.4601064 6.3839372 6.286772 6.1824983 6.1214305 6.1420638 6.1785151 6.1758247 6.1471237 6.108511 6.0552003 5.9814036 5.9069604 5.8678961 5.8699668 5.9032087 5.9689945 6.0546599 6.1428995 6.2244219 6.2966031 6.3597493 6.4150199 6.4636383 6.5066698 6.5449949 6.5793326 6.6102717 6.6382966 6.6638077 6.6871376 6.7085638
6.870901 6.8640196 6.8559675 6.8468591 6.8368587 6.8261018 6.8146346 6.8024075 6.7893228 6.7753121 6.7604143 6.7448281 6.7289207 6.713172 6.6980513 6.6838823 6.6708077 6.6589416 6.6485981 6.6402706 6.6341381 6.6294305 6.6243196 6.6164437 6.6034863 6.5833676 6.5541222 6.5137386 6.4602509 6.3926498 6.3140078 6.2381362 6.1905528 6.1761099 6.1548086 6.1060976 6.0578444 6.0276588 5.9854355 5.8948107 5.7816031 5.7457628 5.8162859 5.912316 6.0008318 6.0854313 6.1664873 6.2415238 6.30908 6.3690755 6.4221567 6.4691933 6.511039 6.5484486 6.5820641 6.6124231 6.6399748 6.6650943 6.6880956 6.7092427
6.8700114 6.8635819 6.8562118 6.8479565 6.8388965 6.8291028 6.8186102 6.807415 6.7954983 6.7828672 6.7695947 6.7558459 6.7418765 6.7279968 6.7145107 6.7016583 6.6896032 6.6784784 6.6684269 6.659527 6.6515669 6.6438114 6.6349715 6.6234079 6.607389 6.5852383 6.5553776 6.5164019 6.4674106 6.4089248 6.3446219 6.282503 6.2295143 6.1761795 6.096784 5.9924723 5.922338 5.9248399 5.9256994 5.8334229 5.6760941 5.6285033 5.7467475 5.8952579 6.0135393 6.1080428 6.1890347 6.2607501 6.3246361 6.3814928 6.4320795 6.4771661 6.5174816 6.5536781 6.5863205 6.61589 6.6427938 6.6673758 6.6899265 6.710692
6.8698764 6.8638152 6.8569702 6.8493685 6.8410513 6.8320594 6.8224213 6.8121535 6.8012726 6.7898164 6.7778642 6.7655484 6.7530504 6.7405793 6.72834 6.7165028 6.7051913 6.6944823 6.6843933 6.6748212 6.6654355 6.6555861 6.6442979 6.6303633 6.612473 6.5893267 6.5597265 6.5227172 6.4778736 6.4257737 6.3683332 6.3076597 6.2412361 6.1550726 6.0280526 5.8688897 5.7711926 5.8183168 5.8901016 5.8454242 5.7198185 5.6795234 5.7789161 5.918656 6.038704 6.1346931 6.2142367 6.2827767 6.3431014 6.3966934 6.4445241 6.48736 6.5258561 6.5605816 6.5920282 6.6206187 6.6467142 6.6706233 6.6926089 6.7128959
6.8702983 6.8645458 6.858125 6.8510488 6.8433399 6.8350243 6.8261266 6.8166707 6.8066865 6.7962205 6.7853455 6.7741652 6.7628094 6.7514214 6.7401379 6.729071 6.7182926 6.7078212 6.6975988 6.687449 6.6770245 6.6657679 6.6529156 6.6375471 6.6186611 6.5952566 6.5664188 6.5314288 6.489902 6.441865 6.3874213 6.3253051 6.2498633 6.1483804 6.0065657 5.8391177 5.7396314 5.7945799 5.893344 5.9043635 5.8502193 5.8311684 5.8899488 5.9881704 6.0863497 6.1718575 6.2450136 6.3085302 6.3645518 6.4144739 6.4592384 6.4995497 6.5359806 6.5690171 6.5990781 6.6265254 6.6516718 6.6747872 6.6961043 6.7158242
6.8711411 6.8656538 6.8595877 6.8529488 6.8457507 6.8380115 6.8297524 6.8209984 6.8117819 6.8021477 6.7921573 6.7818898 6.7714376 6.7608975 6.7503574 6.7398825 6.7295009 6.719188 6.7088459 6.6982764 6.6871533 6.6750065 6.6612279 6.6451018 6.6258531 6.6027034 6.5749296 6.541921 6.5032034 6.4583339 6.406469 6.3453851 6.270178 6.1733703 6.0513147 5.9240163 5.8528324 5.8809077 5.9476359 5.976726 5.9697201 5.9718007 6.00966 6.0746657 6.1478175 6.2178344 6.2812283 6.337935 6.388763 6.4345344 6.4759225 6.5134718 6.5476374 6.5788105 6.6073323 6.6335018 6.6575812 6.6798001 6.7003594 6.7194343
6.8723075 6.8670527 6.861291 6.8550249 6.848263 6.8410189 6.8333105 6.8251609 6.8165996 6.8076656 6.7984077 6.7888846 6.7791606 6.7692986 6.7593508 6.7493475 6.7392847 6.729111 6.7187111 6.7078894 6.6963548 6.6837147 6.669481 6.653091 6.6339386 6.6114108 6.584922 6.5539344 6.5179346 6.4763121 6.4280751 6.3714349 6.3036604 6.2224116 6.1306643 6.0453104 5.9970947 6.0014904 6.0329018 6.0568902 6.0678414 6.0817566 6.1118308 6.1578524 6.2121459 6.2677004 6.3207538 6.3699516 6.415094 6.4563994 6.4941958 6.5288175 6.5605774 6.5897619 6.6166314 6.6414207 6.664341 6.6855809 6.7053087 6.7236736
6.8737262 6.8686782 6.8631825 6.8572396 6.8508552 6.8440397 6.8368077 6.8291788 6.821178 6.8128366 6.8041918 6.7952854 6.7861602 6.7768546 6.7673948 6.7577864 6.7480048 6.7379838 6.7276051 6.716687 6.7049771 6.6921499 6.6778131 6.6615222 6.6428014 6.6211667 6.5961462 6.5672852 6.5341226 6.4961204 6.4525551 6.402473 6.3450219 6.2807244 6.2140852 6.1559936 6.1205261 6.1132581 6.1243231 6.1393643 6.1533654 6.17065 6.1964974 6.2317117 6.2732851 6.3173919 6.3612129 6.403198 6.4426807 6.479474 6.5136166 6.5452442 6.5745293 6.6016548 6.6268017 6.6501423 6.6718383 6.6920383 6.7108782 6.7284812
6.8753432 6.8704817 6.8652216 6.8595627 6.8535084 6.8470665 6.8402487 6.8330706 6.825552 6.8177167 6.8095916 6.8012051 6.7925837 6.7837479 6.7747059 6.765447 6.7559342 6.7460958 6.7358185 6.7249398 6.7132448 6.7004661 6.6862893 6.6703639 6.6523181 6.631775 6.6083655 6.5817341 6.551532 6.5174003 6.4789755 6.435999 6.3886917 6.33855 6.2893895 6.2475777 6.2197427 6.208339 6.2097385 6.2180147 6.2300057 6.2462235 6.2682578 6.2963872 6.32923 6.3646885 6.4008693 6.4364548 6.4706762 6.5031509 6.5337311 6.562401 6.5892157 6.6142669 6.6376635 6.6595209 6.6799542 6.6990747 6.7169877 6.7337913
6.8771173 6.8724254 6.8673766 6.8619698 6.8562069 6.8500935 6.8436384 6.8368533 6.8297531 6.8223549 6.814677 6.8067372 6.7985501 6.7901234 6.7814532 6.7725188 6.7632772 6.7536574 6.7435551 6.7328292 6.7212994 6.7087482 6.6949255 6.6795576 6.6623581 6.6430408 6.6213312 6.5969769 6.5697563 6.5394962 6.5061234 6.4697967 6.4311735 6.3918041 6.3544441 6.3227967 6.3002615 6.2882191 6.2854503 6.2894936 6.2985582 6.3121788 6.3304991 6.3533295 6.3798181 6.4087051 6.4387246 6.4688568 6.4983937 6.5268963 6.5541217 6.5799567 6.6043703 6.6273817 6.64904 6.6694109 6.6885687 6.7065909 6.7235546 6.7395347
6.8790162 6.8744801 6.8696227 6.8644419 6.8589386 6.8531165 6.8469816 6.8405424 6.8338092 6.8267934 6.8195065 6.8119584 6.8041549 6.7960949 6.787767 6.7791451 6.7701849 6.7608193 6.7509558 6.740474 6.7292253 6.7170347 6.7037059 6.6890283 6.6727863 6.6547705 6.6347901 6.6126859 6.5883487 6.5617501 6.5329996 6.5024476 6.4708397 6.4394787 6.410267 6.3854393 6.3669252 6.3556453 6.3513009 6.3528767 6.3593948 6.3702849 6.3852328 6.4038433 6.4254655 6.4492492 6.4743112 6.4998767 6.5253446 6.5502905 6.5744375 6.5976202 6.6197517 6.6407988 6.660764 6.6796728 6.6975649 6.7144886 6.7304964 6.745642
6.8810149 6.8766231 6.8719403 6.8669642 6.8616944 6.8561329 6.8502835 6.8441518 6.8377443 6.8310679 6.8241288 6.8169308 6.8094739 6.8017514 6.7937473 6.7854336 6.7767675 6.7676883 6.7581157 6.7479492 6.737068 6.7253337 6.7125946 6.6986921 6.6834691 6.66678 6.6485031 6.6285552 6.6069126 6.583641 6.5589429 6.5332238 6.5071689 6.4817964 6.4584195 6.4384581 6.4231129 6.4130521 6.4083163 6.4085076 6.4130987 6.4216298 6.4337078 6.4489049 6.4666866 6.4864263 6.507475 6.529237 6.5512162 6.5730306 6.5944048 6.6151517 6.6351529 6.6543407 6.6726839 6.6901772 6.7068326 6.7226741 6.737733 6.7520449
6.8830933 6.8788362 6.8743144 6.8695251 6.8644672 6.8591412 6.8535491 6.8476939 6.8415791 6.8352082 6.8285834 6.8217044 6.814567 6.8071613 6.7994695 6.7914638 6.7831044 6.7743382 6.7650973 6.755299 6.7448472 6.7336341 6.7215451 6.7084643 6.6942817 6.678903 6.6622607 6.6443285 6.6251399 6.6048132 6.5835843 6.5618451 6.5401762 6.5193542 6.5003028 6.4839716 6.4711632 6.4623812 6.4577773 6.4572211 6.460431 6.4670775 6.4768131 6.4892545 6.5039627 6.5204529 6.5382289 6.5568237 6.5758301 6.5949157 6.6138234 6.6323638 6.6504042 6.6678565 6.6846672 6.7008085 6.7162713 6.7310602 6.745189 6.7586779
6.8852356 6.8811051 6.8767328 6.8721157 6.8672519 6.8621408 6.8567828 6.8511791 6.8453308 6.8392387 6.8329022 6.8263184 6.8194806 6.8123772 6.8049902 6.7972933 6.7892514 6.7808188 6.7719394 6.7625466 6.7525653 6.7419135 6.7305071 6.7182642 6.7051127 6.6909976 6.6758918 6.6598082 6.6428148 6.6250531 6.6067589 6.588282 6.5700976 6.5527968 6.5370452 6.5235061 6.5127452 6.5051491 6.5008915 6.4999574 6.5021993 6.5073917 6.5152601 6.5254886 6.5377225 6.5515795 6.5666704 6.582623 6.5991027 6.6158245 6.6325564 6.6491176 6.6653723 6.6812227 6.6966016 6.7114661 6.7257916 6.7395679 6.7527948 6.7654801
6.8874291 6.8834183 6.8791861 6.874729 6.8700446 6.8651315 6.8599888 6.8546163 6.8490134 6.843179 6.8371106 6.8308036 6.8242502 6.8174383 6.8103507 6.8029638 6.7952471 6.7871625 6.7786646 6.7697012 6.7602146 6.7501444 6.7394309 6.7280197 6.7158673 6.7029484 6.6892644 6.6748532 6.6598006 6.644253 6.6284293 6.6126304 6.5972397 6.5827102 6.5695331 6.5581889 6.5490912 6.5425401 6.538699 6.5376002 6.5391698 6.5432567 6.5496538 6.5581117 6.5683481 6.5800598 6.5929372 6.6066806 6.6210141 6.6356948 6.6505177 6.6653157 6.6799573 6.6943418 6.7083951 6.7220648 6.7353159 6.7481271 6.7604879 6.7723956
6.8896633 6.8857666 6.8816666 6.8773594 6.8728423 6.8681132 6.8631705 6.8580127 6.8526382 6.8470446 6.8412283 6.8351837 6.8289027 6.8223737 6.8155809 6.8085039 6.8011169 6.7933891 6.7852844 6.7767628 6.7677816 6.7582979 6.7482714 6.7376687 6.7264683 6.7146662 6.7022826 6.6893701 6.6760211 6.6623765 6.6486319 6.6350409 6.6219122 6.6095967 6.5984646 6.588874 6.5811357 6.5754847 6.5720637 6.5709221 6.5720265 6.5752765 6.5805191 6.5875616 6.5961817 6.6061386 6.6171844 6.6290761 6.6415855 6.6545065 6.66766 6.680895 6.6940878 6.7071397 6.7199745 6.7325347 6.7447786 6.7566774 6.7682127 6.779374
