Cobbity4/OpenEM/Corrections/QGIS/First.asc
NCOLS 600
NROWS 379
XLLCORNER 150.66
YLLCORNER -34.0276
CELLSIZE 1e-05
NODATA_VALUE -9999
[rows 104 to 129 of 379, columns 60 to 119 of 600]
7.1524926 7.152602 7.1527119 7.1528225 7.1529336 7.1530453 7.1531577 7.1532705 7.153384 7.1534981 7.1536126 7.1537278 7.1538435 7.1539597 7.1540765 7.1541938 7.1543116 7.1544299 7.1545486 7.1546679 7.1547876 7.1549078 7.1550284 7.1551495 7.155271 7.1553928 7.1555151 7.1556377 7.1557606 7.1558839 7.1560075 7.1561314 7.1562555 7.1563799 7.1565045 7.1566293 7.1567543 7.1568794 7.1570046 7.1571299 7.1572553 7.1573807 7.157506 7.1576314 7.1577566 7.1578817 7.1580066 7.1581314 7.1582558 7.15838 7.1585039 7.1586273 7.1587503 7.1588728 7.1589947 7.159116 7.1592366 7.1593565 7.1594756 7.1595937
7.15243 7.1525398 7.1526501 7.1527611 7.1528727 7.1529848 7.1530976 7.153211 7.153325 7.1534395 7.1535547 7.1536704 7.1537866 7.1539035 7.1540208 7.1541387 7.1542572 7.1543762 7.1544956 7.1546156 7.1547361 7.1548571 7.1549785 7.1551004 7.1552227 7.1553454 7.1554686 7.1555921 7.155716 7.1558403 7.1559649 7.1560898 7.156215 7.1563405 7.1564663 7.1565922 7.1567184 7.1568448 7.1569713 7.1570979 7.1572246 7.1573514 7.1574782 7.157605 7.1577318 7.1578584 7.157985 7.1581114 7.1582376 7.1583635 7.1584892 7.1586145 7.1587394 7.1588639 7.1589878 7.1591112 7.159234 7.1593561 7.1594775 7.159598
7.1523657 7.1524758 7.1525865 7.1526979 7.1528099 7.1529225 7.1530357 7.1531495 7.153264 7.153379 7.1534947 7.1536109 7.1537277 7.1538451 7.1539631 7.1540816 7.1542007 7.1543203 7.1544405 7.1545612 7.1546824 7.1548041 7.1549263 7.1550489 7.1551721 7.1552957 7.1554197 7.1555441 7.1556689 7.1557942 7.1559198 7.1560457 7.156172 7.1562986 7.1564254 7.1565525 7.1566799 7.1568075 7.1569352 7.1570632 7.1571912 7.1573194 7.1574476 7.1575758 7.1577041 7.1578323 7.1579604 7.1580885 7.1582163 7.158344 7.1584714 7.1585986 7.1587254 7.1588518 7.1589778 7.1591032 7.1592281 7.1593524 7.159476 7.1595989
7.1522995 7.1524099 7.152521 7.1526328 7.1527451 7.1528582 7.1529718 7.1530861 7.153201 7.1533165 7.1534327 7.1535494 7.1536668 7.1537847 7.1539032 7.1540224 7.1541421 7.1542623 7.1543831 7.1545045 7.1546264 7.1547488 7.1548718 7.1549952 7.1551191 7.1552435 7.1553684 7.1554937 7.1556195 7.1557456 7.1558722 7.1559991 7.1561264 7.156254 7.156382 7.1565102 7.1566387 7.1567675 7.1568965 7.1570257 7.157155 7.1572845 7.1574141 7.1575438 7.1576735 7.1578032 7.1579329 7.1580625 7.158192 7.1583214 7.1584506 7.1585795 7.1587082 7.1588365 7.1589644 7.1590919 7.1592189 7.1593453 7.1594711 7.1595963
7.1522315 7.1523422 7.1524537 7.1525658 7.1526785 7.1527919 7.152906 7.1530207 7.153136 7.153252 7.1533686 7.1534858 7.1536037 7.1537222 7.1538413 7.1539609 7.1540812 7.1542021 7.1543235 7.1544456 7.1545681 7.1546913 7.1548149 7.1549391 7.1550638 7.155189 7.1553147 7.1554409 7.1555675 7.1556945 7.155822 7.1559499 7.1560782 7.1562069 7.1563359 7.1564652 7.1565948 7.1567248 7.1568549 7.1569853 7.157116 7.1572468 7.1573777 7.1575088 7.1576399 7.1577711 7.1579023 7.1580335 7.1581646 7.1582956 7.1584265 7.1585572 7.1586876 7.1588178 7.1589477 7.1590771 7.1592062 7.1593347 7.1594627 7.1595901
7.1521616 7.1522727 7.1523844 7.1524968 7.1526099 7.1527237 7.1528382 7.1529532 7.153069 7.1531854 7.1533025 7.1534202 7.1535385 7.1536575 7.1537771 7.1538974 7.1540182 7.1541397 7.1542617 7.1543843 7.1545076 7.1546314 7.1547557 7.1548806 7.1550061 7.155132 7.1552585 7.1553855 7.155513 7.1556409 7.1557693 7.1558981 7.1560274 7.156157 7.1562871 7.1564175 7.1565482 7.1566792 7.1568106 7.1569422 7.157074 7.1572061 7.1573383 7.1574707 7.1576033 7.1577359 7.1578686 7.1580013 7.158134 7.1582666 7.1583992 7.1585316 7.1586638 7.1587958 7.1589275 7.1590589 7.1591899 7.1593205 7.1594506 7.1595802
7.1520898 7.1522012 7.1523132 7.152426 7.1525394 7.1526535 7.1527683 7.1528838 7.153 7.1531168 7.1532343 7.1533524 7.1534712 7.1535907 7.1537108 7.1538316 7.1539529 7.1540749 7.1541976 7.1543208 7.1544447 7.1545691 7.1546941 7.1548197 7.1549459 7.1550726 7.1551999 7.1553276 7.1554559 7.1555847 7.155714 7.1558437 7.1559739 7.1561045 7.1562355 7.156367 7.1564987 7.1566309 7.1567633 7.1568961 7.1570292 7.1571625 7.157296 7.1574297 7.1575636 7.1576976 7.1578317 7.1579659 7.1581001 7.1582343 7.1583685 7.1585026 7.1586365 7.1587703 7.1589038 7.1590371 7.1591701 7.1593027 7.1594348 7.1595665
7.1520162 7.1521278 7.1522401 7.1523532 7.1524669 7.1525814 7.1526965 7.1528123 7.1529288 7.1530461 7.1531639 7.1532825 7.1534018 7.1535217 7.1536423 7.1537635 7.1538854 7.154008 7.1541312 7.154255 7.1543794 7.1545045 7.1546301 7.1547564 7.1548833 7.1550107 7.1551387 7.1552672 7.1553963 7.1555259 7.155656 7.1557866 7.1559177 7.1560492 7.1561812 7.1563136 7.1564465 7.1565796 7.1567132 7.1568471 7.1569813 7.1571158 7.1572506 7.1573855 7.1575207 7.1576561 7.1577916 7.1579272 7.1580629 7.1581987 7.1583344 7.1584701 7.1586057 7.1587412 7.1588766 7.1590117 7.1591465 7.1592811 7.1594152 7.159549
7.1519406 7.1520525 7.1521651 7.1522784 7.1523924 7.1525072 7.1526226 7.1527388 7.1528556 7.1529732 7.1530915 7.1532105 7.1533301 7.1534505 7.1535715 7.1536932 7.1538156 7.1539387 7.1540624 7.1541868 7.1543118 7.1544374 7.1545637 7.1546906 7.1548181 7.1549462 7.1550749 7.1552042 7.155334 7.1554644 7.1555954 7.1557268 7.1558588 7.1559912 7.1561241 7.1562575 7.1563913 7.1565255 7.1566601 7.1567951 7.1569304 7.1570661 7.157202 7.1573382 7.1574747 7.1576114 7.1577483 7.1578853 7.1580224 7.1581596 7.1582969 7.1584342 7.1585714 7.1587086 7.1588456 7.1589825 7.1591192 7.1592557 7.1593918 7.1595275
7.1518631 7.1519752 7.1520881 7.1522016 7.1523159 7.1524309 7.1525467 7.1526632 7.1527803 7.1528983 7.1530169 7.1531362 7.1532563 7.153377 7.1534985 7.1536207 7.1537435 7.1538671 7.1539913 7.1541162 7.1542417 7.1543679 7.1544948 7.1546223 7.1547505 7.1548792 7.1550086 7.1551386 7.1552691 7.1554003 7.155532 7.1556642 7.155797 7.1559303 7.1560641 7.1561984 7.1563332 7.1564684 7.156604 7.15674 7.1568765 7.1570132 7.1571503 7.1572877 7.1574254 7.1575634 7.1577016 7.1578399 7.1579785 7.1581171 7.1582559 7.1583947 7.1585335 7.1586723 7.158811 7.1589496 7.1590881 7.1592263 7.1593643 7.1595021
7.1517837 7.151896 7.1520091 7.1521228 7.1522374 7.1523527 7.1524687 7.1525854 7.1527029 7.1528211 7.1529401 7.1530598 7.1531802 7.1533014 7.1534232 7.1535458 7.1536691 7.1537931 7.1539178 7.1540432 7.1541692 7.154296 7.1544234 7.1545515 7.1546802 7.1548096 7.1549396 7.1550703 7.1552016 7.1553334 7.1554659 7.1555989 7.1557325 7.1558666 7.1560013 7.1561365 7.1562721 7.1564083 7.1565449 7.1566819 7.1568194 7.1569572 7.1570954 7.157234 7.1573729 7.1575121 7.1576515 7.1577912 7.157931 7.1580711 7.1582112 7.1583515 7.1584919 7.1586322 7.1587726 7.1589128 7.159053 7.1591931 7.1593329 7.1594725
7.1517023 7.1518148 7.1519281 7.152042 7.1521568 7.1522723 7.1523886 7.1525056 7.1526234 7.1527419 7.1528611 7.1529812 7.1531019 7.1532234 7.1533456 7.1534686 7.1535923 7.1537167 7.1538419 7.1539677 7.1540943 7.1542215 7.1543495 7.1544781 7.1546074 7.1547374 7.154868 7.1549993 7.1551313 7.1552638 7.155397 7.1555307 7.1556651 7.1558 7.1559355 7.1560715 7.1562081 7.1563451 7.1564827 7.1566207 7.1567591 7.156898 7.1570373 7.157177 7.157317 7.1574573 7.157598 7.1577389 7.1578801 7.1580214 7.158163 7.1583047 7.1584465 7.1585884 7.1587303 7.1588722 7.159014 7.1591557 7.1592973 7.1594387
7.151619 7.1517316 7.151845 7.1519592 7.1520742 7.1521899 7.1523064 7.1524236 7.1525416 7.1526604 7.15278 7.1529003 7.1530213 7.1531432 7.1532657 7.1533891 7.1535132 7.153638 7.1537635 7.1538898 7.1540168 7.1541446 7.154273 7.1544022 7.154532 7.1546625 7.1547938 7.1549257 7.1550582 7.1551914 7.1553253 7.1554597 7.1555948 7.1557305 7.1558667 7.1560036 7.156141 7.1562789 7.1564173 7.1565563 7.1566957 7.1568356 7.1569759 7.1571166 7.1572577 7.1573992 7.157541 7.1576831 7.1578255 7.1579682 7.1581111 7.1582541 7.1583973 7.1585407 7.1586841 7.1588275 7.1589709 7.1591143 7.1592576 7.1594007
7.1515337 7.1516464 7.15176 7.1518743 7.1519894 7.1521053 7.152222 7.1523395 7.1524577 7.1525767 7.1526965 7.1528171 7.1529385 7.1530606 7.1531835 7.1533072 7.1534316 7.1535568 7.1536827 7.1538094 7.1539369 7.154065 7.154194 7.1543236 7.1544539 7.154585 7.1547168 7.1548492 7.1549824 7.1551162 7.1552507 7.1553858 7.1555216 7.155658 7.155795 7.1559326 7.1560708 7.1562095 7.1563488 7.1564887 7.156629 7.1567698 7.1569111 7.1570529 7.157195 7.1573376 7.1574805 7.1576238 7.1577674 7.1579113 7.1580554 7.1581998 7.1583443 7.158489 7.1586339 7.1587788 7.1589237 7.1590687 7.1592136 7.1593584
7.1514463 7.1515592 7.1516729 7.1517873 7.1519026 7.1520187 7.1521355 7.1522532 7.1523716 7.1524908 7.1526109 7.1527317 7.1528533 7.1529757 7.1530989 7.1532229 7.1533476 7.1534732 7.1535995 7.1537265 7.1538544 7.153983 7.1541123 7.1542424 7.1543732 7.1545048 7.1546371 7.1547701 7.1549038 7.1550382 7.1551733 7.155309 7.1554455 7.1555825 7.1557202 7.1558586 7.1559975 7.1561371 7.1562772 7.1564178 7.156559 7.1567008 7.156843 7.1569857 7.1571289 7.1572724 7.1574164 7.1575608 7.1577055 7.1578506 7.1579959 7.1581416 7.1582874 7.1584334 7.1585797 7.158726 7.1588724 7.1590189 7.1591653 7.1593118
7.151357 7.1514699 7.1515837 7.1516983 7.1518137 7.1519299 7.1520469 7.1521647 7.1522833 7.1524027 7.1525229 7.152644 7.1527658 7.1528885 7.1530119 7.1531362 7.1532612 7.1533871 7.1535137 7.1536411 7.1537693 7.1538983 7.154028 7.1541585 7.1542898 7.1544218 7.1545546 7.1546881 7.1548223 7.1549573 7.1550929 7.1552293 7.1553663 7.155504 7.1556424 7.1557814 7.1559211 7.1560614 7.1562023 7.1563437 7.1564858 7.1566283 7.1567714 7.1569151 7.1570592 7.1572037 7.1573487 7.1574942 7.15764 7.1577862 7.1579327 7.1580795 7.1582265 7.1583738 7.1585213 7.158669 7.1588168 7.1589647 7.1591127 7.1592606
7.1512656 7.1513786 7.1514925 7.1516071 7.1517226 7.1518389 7.151956 7.152074 7.1521927 7.1523123 7.1524327 7.152554 7.152676 7.1527989 7.1529226 7.153047 7.1531724 7.1532985 7.1534254 7.1535531 7.1536817 7.153811 7.1539411 7.154072 7.1542037 7.1543361 7.1544693 7.1546033 7.154738 7.1548735 7.1550097 7.1551466 7.1552842 7.1554225 7.1555615 7.1557012 7.1558415 7.1559825 7.1561241 7.1562663 7.1564091 7.1565525 7.1566965 7.1568409 7.1569859 7.1571314 7.1572774 7.1574238 7.1575707 7.1577179 7.1578655 7.1580134 7.1581616 7.1583102 7.1584589 7.1586079 7.158757 7.1589062 7.1590556 7.159205
7.1511722 7.1512853 7.1513991 7.1515139 7.1516294 7.1517458 7.151863 7.1519811 7.1520999 7.1522197 7.1523402 7.1524616 7.1525838 7.1527069 7.1528308 7.1529555 7.153081 7.1532074 7.1533346 7.1534626 7.1535914 7.1537211 7.1538515 7.1539828 7.1541148 7.1542476 7.1543813 7.1545157 7.1546508 7.1547868 7.1549234 7.1550609 7.155199 7.1553379 7.1554775 7.1556177 7.1557587 7.1559003 7.1560426 7.1561856 7.1563291 7.1564732 7.156618 7.1567633 7.1569091 7.1570555 7.1572024 7.1573497 7.1574975 7.1576458 7.1577944 7.1579434 7.1580927 7.1582424 7.1583923 7.1585424 7.1586928 7.1588434 7.158994 7.1591448
7.1510767 7.1511898 7.1513037 7.1514185 7.1515341 7.1516505 7.1517678 7.1518859 7.1520049 7.1521247 7.1522454 7.1523669 7.1524893 7.1526125 7.1527365 7.1528614 7.1529872 7.1531138 7.1532412 7.1533695 7.1534986 7.1536285 7.1537592 7.1538908 7.1540232 7.1541564 7.1542904 7.1544252 7.1545607 7.1546971 7.1548342 7.1549721 7.1551108 7.1552502 7.1553903 7.1555311 7.1556727 7.1558149 7.1559578 7.1561014 7.1562457 7.1563905 7.156536 7.1566821 7.1568287 7.1569759 7.1571236 7.1572718 7.1574205 7.1575697 7.1577193 7.1578693 7.1580197 7.1581704 7.1583214 7.1584727 7.1586243 7.158776 7.1589279 7.15908
7.1509792 7.1510922 7.1512062 7.1513209 7.1514365 7.151553 7.1516703 7.1517885 7.1519075 7.1520274 7.1521482 7.1522698 7.1523923 7.1525157 7.1526399 7.1527649 7.1528908 7.1530176 7.1531452 7.1532737 7.153403 7.1535332 7.1536642 7.1537961 7.1539288 7.1540623 7.1541966 7.1543318 7.1544677 7.1546045 7.154742 7.1548803 7.1550194 7.1551593 7.1552999 7.1554413 7.1555834 7.1557262 7.1558697 7.1560139 7.1561588 7.1563043 7.1564504 7.1565972 7.1567446 7.1568926 7.1570411 7.1571901 7.1573397 7.1574897 7.1576402 7.1577912 7.1579425 7.1580942 7.1582463 7.1583987 7.1585513 7.1587042 7.1588573 7.1590105
7.1508796 7.1509926 7.1511065 7.1512212 7.1513368 7.1514533 7.1515706 7.1516888 7.1518079 7.1519279 7.1520487 7.1521704 7.1522929 7.1524164 7.1525407 7.1526659 7.1527919 7.1529189 7.1530467 7.1531753 7.1533049 7.1534353 7.1535665 7.1536986 7.1538315 7.1539653 7.1541 7.1542354 7.1543717 7.1545088 7.1546468 7.1547855 7.154925 7.1550653 7.1552064 7.1553482 7.1554908 7.1556341 7.1557782 7.1559229 7.1560684 7.1562145 7.1563613 7.1565088 7.1566568 7.1568055 7.1569547 7.1571045 7.1572549 7.1574058 7.1575571 7.1577089 7.1578612 7.1580138 7.1581668 7.1583202 7.1584739 7.1586278 7.158782 7.1589363
7.1507779 7.1508908 7.1510047 7.1511194 7.1512349 7.1513514 7.1514687 7.1515869 7.151706 7.151826 7.1519468 7.1520685 7.1521912 7.1523147 7.1524391 7.1525644 7.1526905 7.1528176 7.1529455 7.1530743 7.153204 7.1533346 7.153466 7.1535983 7.1537315 7.1538655 7.1540004 7.1541362 7.1542728 7.1544102 7.1545485 7.1546875 7.1548274 7.1549681 7.1551096 7.1552519 7.1553949 7.1555387 7.1556832 7.1558285 7.1559745 7.1561212 7.1562686 7.1564166 7.1565653 7.1567146 7.1568646 7.1570151 7.1571662 7.1573178 7.1574699 7.1576225 7.1577756 7.1579291 7.158083 7.1582373 7.1583919 7.1585468 7.158702 7.1588574
7.1506741 7.1507869 7.1509007 7.1510153 7.1511308 7.1512472 7.1513645 7.1514827 7.1516017 7.1517217 7.1518426 7.1519643 7.1520869 7.1522105 7.1523349 7.1524603 7.1525865 7.1527137 7.1528417 7.1529706 7.1531005 7.1532312 7.1533628 7.1534953 7.1536286 7.1537629 7.153898 7.154034 7.1541708 7.1543085 7.1544471 7.1545865 7.1547267 7.1548677 7.1550096 7.1551522 7.1552957 7.1554399 7.1555849 7.1557306 7.1558771 7.1560243 7.1561722 7.1563208 7.1564701 7.15662 7.1567705 7.1569217 7.1570734 7.1572258 7.1573786 7.157532 7.1576858 7.1578401 7.1579948 7.15815 7.1583054 7.1584612 7.1586173 7.1587737
7.1505682 7.1506809 7.1507946 7.1509091 7.1510245 7.1511408 7.151258 7.1513761 7.1514952 7.1516151 7.1517359 7.1518576 7.1519803 7.1521038 7.1522283 7.1523537 7.15248 7.1526072 7.1527353 7.1528643 7.1529942 7.153125 7.1532567 7.1533894 7.1535229 7.1536573 7.1537926 7.1539288 7.1540659 7.1542038 7.1543426 7.1544822 7.1546227 7.1547641 7.1549063 7.1550493 7.1551931 7.1553377 7.1554831 7.1556292 7.1557761 7.1559238 7.1560722 7.1562213 7.1563711 7.1565215 7.1566726 7.1568244 7.1569767 7.1571297 7.1572832 7.1574372 7.1575917 7.1577468 7.1579022 7.1580581 7.1582144 7.158371 7.1585279 7.1586852
7.1504601 7.1505727 7.1506863 7.1508007 7.150916 7.1510322 7.1511493 7.1512673 7.1513862 7.1515061 7.1516269 7.1517485 7.1518711 7.1519947 7.1521191 7.1522445 7.1523708 7.152498 7.1526261 7.1527552 7.1528852 7.1530161 7.1531479 7.1532806 7.1534143 7.1535488 7.1536843 7.1538206 7.1539579 7.154096 7.154235 7.1543749 7.1545156 7.1546572 7.1547997 7.154943 7.1550871 7.155232 7.1553777 7.1555243 7.1556716 7.1558196 7.1559684 7.156118 7.1562682 7.1564192 7.1565708 7.1567231 7.156876 7.1570295 7.1571835 7.1573382 7.1574934 7.157649 7.1578052 7.1579617 7.1581187 7.1582761 7.1584338 7.1585918
7.15035 7.1504624 7.1505758 7.15069 7.1508052 7.1509212 7.1510382 7.1511561 7.151275 7.1513947 7.1515154 7.151637 7.1517595 7.151883 7.1520074 7.1521327 7.152259 7.1523862 7.1525144 7.1526434 7.1527734 7.1529044 7.1530363 7.153169 7.1533028 7.1534374 7.153573 7.1537094 7.1538468 7.1539851 7.1541243 7.1542643 7.1544053 7.1545471 7.1546898 7.1548333 7.1549777 7.1551229 7.1552689 7.1554158 7.1555634 7.1557118 7.155861 7.1560109 7.1561616 7.156313 7.156465 7.1566178 7.1567711 7.1569251 7.1570797 7.1572349 7.1573906 7.1575469 7.1577036 7.1578608 7.1580184 7.1581765 7.1583348 7.1584935
