Cobbity4/OpenEM/Corrections/QGIS/First.asc
NCOLS 600
NROWS 379
XLLCORNER 150.66
YLLCORNER -34.0276
CELLSIZE 1e-05
NODATA_VALUE -9999
[rows 208 to 233 of 379, columns 180 to 239 of 600]
7.1834225 7.1867477 7.1903496 7.194261 7.198521 7.2031773 7.2082887 7.2139282 7.2201861 7.2271735 7.2350194 7.2438583 7.2537871 7.2647634 7.2764012 7.2876474 7.2964698 7.2999709 7.2953477 7.2810371 7.2565678 7.2219857 7.1785493 7.1283904 7.0718571 7.0043816 6.9123564 6.7659461 6.5287122 6.334026 6.554721 6.9416857 7.2767626 7.5149325 7.4398783 7.2654926 7.1645003 7.111385 7.0859142 7.0846256 7.0996719 7.1197491 7.1396736 7.1583336 7.1744953 7.1860489 7.1932533 7.1984012 7.2016826 7.2032824 7.2045696 7.2068781 7.2109583 7.2174615 7.2281472 7.2470301 7.2781868 7.317567 7.3494405 7.3639111
7.187061 7.1908886 7.1950619 7.1996256 7.2046336 7.2101527 7.2162666 7.2230822 7.2307383 7.2394166 7.2493544 7.2608534 7.274265 7.2899019 7.3077615 7.326869 7.3441456 7.353534 7.3477039 7.3233211 7.283995 7.2361155 7.1840948 7.1296564 7.072198 7.0079642 6.9276502 6.8139443 6.6584565 6.5626827 6.7097226 6.9748601 7.2204079 7.3864439 7.3495769 7.2247864 7.1303536 7.061326 7.0173781 7.0222938 7.0591894 7.0950878 7.1235185 7.148058 7.17054 7.1851629 7.1854442 7.1817866 7.1805989 7.1807894 7.181504 7.1825234 7.1833512 7.1830389 7.1818045 7.1855856 7.2062063 7.24461 7.2854208 7.3182088
7.1907123 7.1950584 7.1998234 7.2050647 7.2108525 7.217274 7.2244402 7.2324956 7.2416334 7.2521196 7.2643291 7.2788017 7.2963118 7.3179168 7.344821 7.3775518 7.4133793 7.4415994 7.443039 7.4059021 7.3414381 7.269571 7.2008452 7.1369191 7.0762106 7.0164069 6.9546229 6.8883642 6.8261254 6.8106852 6.8856821 7.0135767 7.1357474 7.2122655 7.2104941 7.1560558 7.0860416 7.0012533 6.9229371 6.9433341 7.0182757 7.0725232 7.1084156 7.1388884 7.171758 7.1972685 7.1893802 7.1720014 7.16338 7.1600351 7.1586279 7.157483 7.154687 7.1465215 7.1283444 7.1072563 7.1186923 7.1731632 7.2345218 7.2855073
7.1943459 7.199223 7.2045956 7.2105348 7.2171274 7.2244821 7.2327374 7.242075 7.2527414 7.2650833 7.2796101 7.2971063 7.3188278 7.3468257 7.3843391 7.4356443 7.502611 7.5714622 7.5962729 7.537289 7.4265198 7.3158957 7.2229276 7.145088 7.0771961 7.0168979 6.9657188 6.928471 6.912403 6.9275821 6.9776956 7.0450361 7.1032918 7.1363477 7.1375222 7.1103607 7.0607657 6.9848618 6.9067793 6.9289509 7.0059076 7.0594207 7.0939192 7.1231835 7.1548116 7.1792606 7.1736267 7.1558132 7.1444107 7.1383276 7.1345245 7.1312382 7.1262092 7.113595 7.0812418 7.0290837 7.030897 7.1133039 7.1976814 7.2637789
7.1979292 7.2033455 7.2093371 7.2159889 7.223405 7.2317152 7.2410846 7.2517289 7.2639387 7.2781218 7.2948789 7.3151506 7.3405133 7.3737786 7.4201341 7.4887392 7.5915022 7.7215569 7.7925132 7.6984664 7.5186451 7.3610429 7.2423588 7.1489638 7.0690347 6.997793 6.939647 6.9086651 6.9168723 6.959039 7.0198542 7.0804912 7.1180046 7.1251563 7.1139196 7.0910809 7.0573368 7.0135325 6.9771288 6.9846549 7.0217563 7.0547702 7.0791145 7.1001484 7.1210942 7.1365269 7.1374727 7.129246 7.120662 7.1134954 7.107206 7.1016927 7.0965599 7.0878431 7.0637517 7.019574 7.0211206 7.0990167 7.1828045 7.2529055
7.2014278 7.2073874 7.2140044 7.2213782 7.2296304 7.2389118 7.2494127 7.2613787 7.2751344 7.2911229 7.3099731 7.3326307 7.3606326 7.3967274 7.44627 7.5199173 7.6353978 7.7962036 7.8973973 7.7817217 7.5639198 7.3836802 7.2514449 7.1461599 7.0505396 6.9539877 6.8594557 6.803589 6.8368169 6.9339766 7.0404081 7.13584 7.1819092 7.1556726 7.1157346 7.0847034 7.0580809 7.0344804 7.0194962 7.020667 7.0341732 7.0496359 7.0624411 7.073599 7.0852842 7.095823 7.1006685 7.099078 7.0932556 7.0846153 7.0741478 7.0640894 7.0581083 7.0580127 7.0587209 7.0555664 7.0703766 7.1208471 7.1854817 7.2499921
7.2048058 7.2113083 7.2185522 7.2266523 7.2357479 7.2460114 7.2576581 7.2709622 7.2862779 7.3040705 7.3249603 7.3497885 7.3797365 7.4165985 7.4634902 7.5264072 7.6149641 7.726615 7.7880164 7.7000962 7.530639 7.3749472 7.249081 7.1400255 7.0303204 6.8996429 6.7334025 6.5958465 6.6669852 6.8701015 7.0422113 7.1825511 7.2495704 7.1871476 7.1182689 7.0769889 7.0505532 7.0337898 7.0261305 7.0268206 7.032724 7.0391142 7.0425859 7.0440502 7.049347 7.0597571 7.0682594 7.0700699 7.0645056 7.0517473 7.0324929 7.0105563 6.995872 7.0003808 7.0240666 7.054761 7.089718 7.1355011 7.1905595 7.2500304
7.2080266 7.2150665 7.2229338 7.231759 7.2417005 7.2529531 7.2657593 7.2804248 7.2973395 7.3170041 7.3400566 7.36728 7.3995435 7.4375907 7.4816015 7.5306556 7.5820823 7.6267682 7.6356546 7.5771168 7.4695757 7.3525651 7.2430637 7.1385279 7.0255217 6.8795633 6.6704854 6.4669389 6.5624958 6.8328016 7.0224554 7.144197 7.1954801 7.1566629 7.1001096 7.0577544 7.0281481 7.0121058 7.0095279 7.0147082 7.0212221 7.0245743 7.0211453 7.0119808 7.0126183 7.0281006 7.0412543 7.0444034 7.0365541 7.0161767 6.9806821 6.9314073 6.8868332 6.8856059 6.9387289 7.0098702 7.0742572 7.132875 7.1909994 7.2508813
7.2110522 7.2186191 7.2271007 7.2366442 7.2474285 7.2596732 7.2736511 7.2897053 7.3082749 7.3299286 7.3554051 7.3856383 7.4216828 7.4643088 7.5127607 7.562126 7.6005426 7.6120371 7.586648 7.5247764 7.4369414 7.339334 7.242617 7.1474412 7.0458557 6.9230899 6.7695993 6.6480921 6.7126165 6.8882855 7.0191361 7.0925828 7.1196982 7.1050952 7.0683993 7.0251002 6.9843261 6.9639252 6.9724883 6.9910413 7.0045323 7.0097654 7.0048063 6.989749 6.987925 7.0073373 7.0214848 7.0232374 7.0115256 6.9817557 6.9238089 6.8257328 6.7079106 6.6821149 6.7986696 6.9385947 7.0432368 7.1215006 7.1885911 7.2536788
7.2138447 7.2219225 7.231003 7.2412515 7.2528691 7.2661028 7.2812593 7.2987256 7.3190006 7.3427465 7.3708762 7.4046921 7.4460706 7.4975265 7.5613749 7.6353883 7.7006755 7.7141918 7.6529363 7.5509028 7.443401 7.3425603 7.2504739 7.1651385 7.0820128 6.996863 6.9153277 6.8711132 6.9051589 6.9871823 7.0552711 7.0894291 7.0947429 7.0775114 7.0415107 6.9868927 6.9177416 6.8821386 6.9183214 6.9625119 6.9862992 6.9957673 6.9962306 6.9904722 6.9902388 7.0004997 7.0079869 7.0061971 6.9913135 6.9553596 6.8807131 6.7361714 6.5237368 6.4594223 6.6662051 6.8795569 7.0179713 7.1117015 7.1870093 7.2590653
7.2163661 7.2249325 7.2345896 7.245522 7.2579551 7.2721664 7.2885007 7.3073929 7.3294031 7.355282 7.3860992 7.4235176 7.4703718 7.531768 7.6164441 7.7341293 7.8684715 7.9174451 7.7993483 7.6212903 7.4712368 7.3552417 7.2625028 7.1850446 7.1182732 7.0613159 7.0199 7.007678 7.0344331 7.0861891 7.1279648 7.133124 7.1096852 7.0745943 7.029471 6.9650595 6.8744126 6.8242424 6.8840248 6.9431424 6.9695553 6.9794292 6.9837174 6.9865267 6.9893542 6.9932268 6.9954341 6.9915555 6.9766489 6.9424912 6.8726892 6.7401919 6.5522622 6.4979079 6.6805626 6.8792606 7.0150755 7.1101449 7.1879574 7.2644288
7.2185792 7.2276051 7.2378085 7.2493945 7.2626151 7.2777821 7.2952837 7.3156079 7.3393753 7.3673963 7.4007867 7.4412482 7.4917795 7.5584065 7.6536215 7.7980989 7.9880869 8.0743148 7.907893 7.6708067 7.4909274 7.364698 7.2719995 7.2008318 7.1455814 7.1050599 7.082266 7.0838081 7.1168042 7.1811484 7.2408962 7.2212986 7.1501164 7.0866416 7.032352 6.9743422 6.9093613 6.8767708 6.9065712 6.9403874 6.953965 6.9562648 6.9579549 6.9636291 6.9710519 6.9772311 6.9802041 6.9775461 6.9660386 6.940653 6.8931685 6.8157961 6.7280851 6.7121046 6.8052431 6.9289977 7.0331927 7.1169224 7.1907683 7.2657606
7.2204484 7.2298977 7.2406082 7.2528065 7.2667737 7.28286 7.3015056 7.3232644 7.3488331 7.3790821 7.4150945 7.4582493 7.510514 7.5754355 7.6606124 7.77908 7.9238478 7.9826853 7.8486563 7.6471724 7.4823245 7.362088 7.2740427 7.2088449 7.1614913 7.1302161 7.1160716 7.1233055 7.1612426 7.2447124 7.3437688 7.3051844 7.1838127 7.0967657 7.038456 6.9922831 6.9544219 6.9345596 6.9357345 6.9396471 6.9333898 6.9194739 6.9119497 6.9216014 6.9396686 6.9543466 6.9621224 6.9627749 6.9560332 6.9408939 6.91604 6.8831869 6.8558903 6.8612636 6.9105495 6.9832024 7.0577487 7.1275788 7.1945285 7.2632702
7.2219413 7.2317705 7.2429392 7.255696 7.2703521 7.2873009 7.3070443 7.3302257 7.3576646 7.3903788 7.4295516 7.4763535 7.5314852 7.5944185 7.6628693 7.7328606 7.7918494 7.7975223 7.7139828 7.5812933 7.4527555 7.3477861 7.2672687 7.2078086 7.166303 7.140867 7.1310392 7.138406 7.1685265 7.2304947 7.2987483 7.2676696 7.1681578 7.0883227 7.0341648 6.9964583 6.9703318 6.9539308 6.9435507 6.9303446 6.9041971 6.8627593 6.8355202 6.8593615 6.9007791 6.9288492 6.9425274 6.9461515 6.9428218 6.9348066 6.9245004 6.9156664 6.915088 6.9313596 6.967894 7.0192578 7.0774699 7.1380172 7.1999761 7.2636394
7.2230299 7.2331884 7.244757 7.2580049 7.2732727 7.2909981 7.3117524 7.3362913 7.3656225 7.4010774 7.4443369 7.4972372 7.5609159 7.6334319 7.705292 7.7564824 7.7655142 7.725048 7.6410075 7.5318739 7.4220602 7.3271771 7.2523119 7.1973229 7.1605284 7.1400227 7.1339221 7.1403953 7.1578315 7.1833269 7.2008362 7.1784228 7.1212709 7.0612717 7.0130523 6.9803832 6.9614466 6.949438 6.9370542 6.9167963 6.877366 6.8075816 6.7540758 6.8015699 6.868968 6.9069633 6.9232342 6.9268256 6.9231537 6.9166965 6.9123208 6.9148097 6.9276939 6.9527312 6.9896115 7.0359573 7.0887907 7.1463727 7.208608 7.2754227
7.223692 7.2341235 7.2460254 7.2596844 7.2754666 7.2938492 7.3154682 7.3411948 7.3722573 7.4104337 7.4583316 7.5196929 7.5993021 7.7007811 7.8171375 7.9088343 7.9057333 7.7983608 7.6541681 7.5171379 7.3991096 7.3029413 7.2288743 7.1760839 7.1433353 7.128789 7.1295206 7.1409125 7.1555318 7.1634367 7.1559899 7.1280334 7.081344 7.0252533 6.9722211 6.9391308 6.9315694 6.931365 6.924126 6.9055275 6.8700307 6.8117364 6.7692784 6.80616 6.8613066 6.8931039 6.9050695 6.903806 6.893982 6.8811936 6.8738955 6.8808017 6.9047777 6.9419776 6.9872608 7.0375869 7.0920457 7.1515952 7.219374 7.3005888
7.2239132 7.2345576 7.2467205 7.2607018 7.2768861 7.2957777 7.3180566 7.3446739 7.3770232 7.4172636 7.4689427 7.538171 7.6355709 7.7778119 7.9780069 8.1836452 8.1997967 7.9736757 7.7156417 7.5201097 7.3780594 7.2722841 7.1939771 7.1402639 7.1108887 7.1050103 7.1194185 7.1485611 7.1810367 7.1927428 7.1670648 7.1182191 7.0588913 6.98891 6.9117096 6.8661423 6.883616 6.906702 6.9078919 6.8941429 6.8718319 6.845058 6.8295733 6.8429116 6.8678082 6.8841033 6.8869135 6.8761242 6.8524514 6.820749 6.7967973 6.8032986 6.8452788 6.9053615 6.9679992 7.0286404 7.0887222 7.1522062 7.2261069 7.3238744
7.2236874 7.2344835 7.2468338 7.2610466 7.2775165 7.2967592 7.3194674 7.3466047 7.379583 7.420621 7.473523 7.5453997 7.6502699 7.8147927 8.0742022 8.3822324 8.4241458 8.0941119 7.7469224 7.5081398 7.3465267 7.2295535 7.1421393 7.0818617 7.0534996 7.0603757 7.0985441 7.1629012 7.2455205 7.2880266 7.2269753 7.1347424 7.0528835 6.9681705 6.867943 6.8059155 6.8485989 6.8875738 6.8889333 6.8734378 6.8577084 6.8494035 6.8496236 6.8578719 6.868687 6.8739099 6.8676258 6.8447851 6.7991009 6.7282965 6.6590829 6.6593176 6.7430525 6.8480809 6.9388014 7.0141108 7.0812741 7.1476572 7.2218235 7.3184093
7.2230172 7.2339055 7.2463727 7.2607316 7.2773806 7.2968349 7.3197742 7.3471151 7.3801343 7.4207091 7.4718597 7.5390689 7.6332773 7.7755138 7.9908749 8.2312475 8.2550755 7.9869966 7.6838594 7.4587997 7.2970691 7.1716163 7.0676401 6.9869686 6.9501221 6.9757537 7.0514833 7.1590643 7.2982487 7.3805202 7.2774759 7.1480255 7.0554554 6.9757272 6.8956436 6.8491614 6.8666774 6.8809047 6.8640455 6.8314213 6.8093174 6.8139133 6.8324753 6.8494421 6.8597234 6.8606855 6.8483709 6.8152795 6.7463492 6.6203273 6.4635732 6.4495512 6.6166388 6.7883765 6.9109636 7.0003706 7.073609 7.1410463 7.2095172 7.2858946
7.2219136 7.2328387 7.245359 7.2597905 7.276533 7.2960996 7.3191552 7.3465649 7.3794427 7.4191859 7.4674942 7.526511 7.5995864 7.6927006 7.8090464 7.9131609 7.9048364 7.7539616 7.5566176 7.3810687 7.2348934 7.1038035 6.9719517 6.8398841 6.7628592 6.8201229 6.963 7.105857 7.2332422 7.2936122 7.2265573 7.1293623 7.0538509 6.9931512 6.9416896 6.9084617 6.8950237 6.8754603 6.8286983 6.7562989 6.7081852 6.7382479 6.7934605 6.8293026 6.845206 6.8459234 6.8314833 6.7954374 6.7200707 6.5732289 6.3706076 6.3482449 6.5621384 6.7636571 6.8985362 6.9935904 7.0700391 7.1388457 7.2037969 7.2627815
7.2203945 7.2313065 7.2438251 7.2582698 7.2750441 7.2946664 7.3178104 7.3453539 7.3784101 7.4182566 7.4659427 7.5211925 7.5804838 7.6360548 7.6785148 7.6946108 7.6593097 7.5630295 7.433282 7.3006775 7.1741226 7.0429294 6.8818525 6.6668748 6.4874943 6.6000151 6.8615147 7.040254 7.1372847 7.1710947 7.1463756 7.0950196 7.0446747 7.0021667 6.9663988 6.9364816 6.908424 6.8688062 6.7971281 6.6786796 6.5913518 6.6607634 6.7583357 6.8103837 6.8302188 6.8308557 6.8168073 6.7861117 6.7288541 6.6292541 6.5097698 6.5022916 6.6396555 6.7908159 6.9064936 6.9956578 7.0723598 7.1461423 7.2201558 7.2849028
7.2184831 7.2293383 7.2418096 7.2562217 7.2729859 7.292634 7.3158737 7.3436762 7.377401 7.4189061 7.4703782 7.5329666 7.6019943 7.6577302 7.6680455 7.6246191 7.5474812 7.4498909 7.3416935 7.2330341 7.1257846 7.0082593 6.851847 6.6192774 6.3980347 6.5364577 6.8504492 7.0368516 7.1119712 7.1256047 7.1055833 7.0697847 7.0329475 7.002654 6.9766353 6.9489506 6.9158489 6.8704224 6.7990595 6.6935735 6.6208262 6.6751744 6.757017 6.8018434 6.8172147 6.8144253 6.7996266 6.7760966 6.744138 6.7025949 6.665812 6.6760047 6.7462314 6.8384415 6.9249603 7.0023662 7.0772392 7.1595853 7.2599637 7.3708389
7.2162069 7.2269671 7.2393537 7.2537 7.2704276 7.2900828 7.3134039 7.3414585 7.3759249 7.4196409 7.4774877 7.5569197 7.6631039 7.7708265 7.786885 7.6713058 7.5201104 7.3872321 7.2739135 7.1758661 7.0880299 6.9992706 6.8914216 6.7547288 6.6588616 6.7597003 6.9803288 7.1374074 7.1782171 7.1470239 7.1009014 7.057197 7.0214089 6.99921 6.982732 6.9572619 6.9227431 6.8801013 6.8263695 6.7656433 6.7291094 6.7444294 6.7791043 6.8008039 6.8045582 6.7933987 6.7718898 6.7479635 6.7318069 6.7278753 6.7361133 6.762906 6.8121409 6.8750251 6.9410167 7.0069358 7.0770871 7.1632342 7.2865965 7.4556437
7.2135959 7.2242269 7.2364982 7.250757 7.2674407 7.2871067 7.3104905 7.3386397 7.3732554 7.4175461 7.4781735 7.5686191 7.7086064 7.8816481 7.9222965 7.7328292 7.5063534 7.3345611 7.208271 7.114532 7.0457765 6.9917382 6.9406819 6.8942924 6.8885339 6.9752619 7.1510239 7.3281315 7.3278639 7.2068721 7.1129218 7.0516902 7.0113794 6.9960707 6.9893192 6.9629787 6.9265584 6.8877081 6.8483294 6.8128662 6.7912714 6.7887897 6.7955674 6.7981652 6.789139 6.7649593 6.7255982 6.6827482 6.6661781 6.6919205 6.7384594 6.7880128 6.8395407 6.8936233 6.9488386 7.0050625 7.0659931 7.1414034 7.2484085 7.3879251
7.2106823 7.2211515 7.2332795 7.2474376 7.2640945 7.2838341 7.3073772 7.3356236 7.3698095 7.412081 7.4672171 7.5461969 7.6662498 7.8114337 7.8388061 7.663068 7.4399898 7.2589024 7.1222679 7.0273356 6.975921 6.9584997 6.9563677 6.9633096 6.9944812 7.075487 7.2283582 7.4161893 7.4012659 7.2338404 7.1176143 7.0494858 7.008924 6.9954421 6.9880662 6.9594626 6.9219582 6.8850786 6.8521963 6.826086 6.8092319 6.8012261 6.7971154 6.7895442 6.7708376 6.7319638 6.6624128 6.569231 6.5282175 6.5993951 6.7018697 6.7828185 6.8455112 6.8993984 6.949166 6.9970057 7.0454071 7.0993694 7.166018 7.2391965
7.2075015 7.2177737 7.2297251 7.2437655 7.2604255 7.2803741 7.3044084 7.3333723 7.3679448 7.4083265 7.4543074 7.5068527 7.5687099 7.6254551 7.6136044 7.4948502 7.3246843 7.1545405 7.0014101 6.8872953 6.8483757 6.8799398 6.9321703 6.9795897 7.0290457 7.0957094 7.189976 7.2852853 7.2795109 7.186236 7.1027158 7.0462258 7.0101291 6.9905044 6.973164 6.9434903 6.9059812 6.8683803 6.8358779 6.8121116 6.7980508 6.7909956 6.7856403 6.7756219 6.7532924 6.7064994 6.6138425 6.4654821 6.3875189 6.5125071 6.6682635 6.7735681 6.8447995 6.8993217 6.9453824 6.9860725 7.022113 7.0544327 7.0876845 7.124322
