Cobbity4/OpenEM/Corrections/QGIS/First.asc
NCOLS 600
NROWS 379
XLLCORNER 150.66
YLLCORNER -34.0276
CELLSIZE 1e-05
NODATA_VALUE -9999
[rows 0 to 25 of 379, columns 0 to 59 of 600]
7.1499083 7.1499612 7.1500141 7.150067 7.15012 7.150173 7.150226 7.150279 7.150332 7.150385 7.150438 7.150491 7.150544 7.150597 7.15065 7.1507029 7.1507558 7.1508087 7.1508615 7.1509142 7.150967 7.1510196 7.1510722 7.1511247 7.1511771 7.1512295 7.1512817 7.1513339 7.1513859 7.1514378 7.1514896 7.1515413 7.1515929 7.1516443 7.1516955 7.1517466 7.1517975 7.1518482 7.1518988 7.1519491 7.1519993 7.1520492 7.1520989 7.1521484 7.1521977 7.1522467 7.1522954 7.1523439 7.1523921 7.15244 7.1524875 7.1525348 7.1525818 7.1526284 7.1526746 7.1527205 7.1527661 7.1528112 7.152856 7.1529003
7.1499084 7.1499616 7.1500148 7.150068 7.1501213 7.1501746 7.1502279 7.1502812 7.1503346 7.1503879 7.1504413 7.1504946 7.1505479 7.1506013 7.1506546 7.1507078 7.1507611 7.1508143 7.1508675 7.1509206 7.1509737 7.1510267 7.1510796 7.1511325 7.1511853 7.1512381 7.1512907 7.1513432 7.1513956 7.151448 7.1515002 7.1515522 7.1516042 7.151656 7.1517076 7.1517591 7.1518104 7.1518616 7.1519126 7.1519633 7.1520139 7.1520643 7.1521144 7.1521643 7.152214 7.1522634 7.1523126 7.1523615 7.1524101 7.1524585 7.1525065 7.1525542 7.1526016 7.1526487 7.1526954 7.1527418 7.1527878 7.1528334 7.1528786 7.1529234
7.1499081 7.1499616 7.1500151 7.1500687 7.1501223 7.1501759 7.1502295 7.1502832 7.1503368 7.1503905 7.1504442 7.1504979 7.1505515 7.1506052 7.1506588 7.1507125 7.1507661 7.1508196 7.1508732 7.1509267 7.1509801 7.1510335 7.1510868 7.1511401 7.1511932 7.1512463 7.1512994 7.1513523 7.1514051 7.1514578 7.1515104 7.1515629 7.1516152 7.1516674 7.1517195 7.1517714 7.1518231 7.1518747 7.1519261 7.1519773 7.1520283 7.1520791 7.1521297 7.15218 7.1522301 7.15228 7.1523296 7.1523789 7.152428 7.1524768 7.1525253 7.1525734 7.1526213 7.1526688 7.152716 7.1527628 7.1528092 7.1528553 7.152901 7.1529462
7.1499075 7.1499613 7.1500152 7.150069 7.1501229 7.1501768 7.1502308 7.1502848 7.1503388 7.1503928 7.1504468 7.1505008 7.1505548 7.1506088 7.1506628 7.1507168 7.1507707 7.1508247 7.1508785 7.1509324 7.1509862 7.15104 7.1510937 7.1511473 7.1512008 7.1512543 7.1513077 7.151361 7.1514143 7.1514674 7.1515204 7.1515732 7.151626 7.1516786 7.1517311 7.1517834 7.1518355 7.1518875 7.1519393 7.151991 7.1520424 7.1520936 7.1521446 7.1521954 7.152246 7.1522963 7.1523463 7.1523961 7.1524457 7.1524949 7.1525438 7.1525924 7.1526408 7.1526887 7.1527364 7.1527836 7.1528305 7.1528771 7.1529232 7.1529689
7.1499066 7.1499607 7.1500148 7.150069 7.1501232 7.1501775 7.1502317 7.150286 7.1503404 7.1503947 7.150449 7.1505034 7.1505577 7.1506121 7.1506664 7.1507208 7.1507751 7.1508293 7.1508836 7.1509378 7.150992 7.1510461 7.1511002 7.1511542 7.1512081 7.151262 7.1513158 7.1513695 7.1514231 7.1514766 7.15153 7.1515833 7.1516365 7.1516895 7.1517424 7.1517951 7.1518477 7.1519001 7.1519523 7.1520044 7.1520562 7.1521079 7.1521594 7.1522106 7.1522616 7.1523123 7.1523628 7.1524131 7.1524631 7.1525127 7.1525621 7.1526112 7.15266 7.1527084 7.1527565 7.1528043 7.1528516 7.1528986 7.1529452 7.1529914
7.1499054 7.1499597 7.1500142 7.1500687 7.1501232 7.1501778 7.1502323 7.150287 7.1503416 7.1503963 7.150451 7.1505056 7.1505603 7.150615 7.1506697 7.1507244 7.1507791 7.1508337 7.1508883 7.1509429 7.1509975 7.151052 7.1511064 7.1511608 7.1512151 7.1512694 7.1513236 7.1513777 7.1514317 7.1514856 7.1515394 7.1515931 7.1516466 7.1517001 7.1517534 7.1518065 7.1518595 7.1519124 7.151965 7.1520175 7.1520698 7.1521219 7.1521738 7.1522255 7.1522769 7.1523281 7.1523791 7.1524298 7.1524802 7.1525304 7.1525802 7.1526298 7.152679 7.1527279 7.1527765 7.1528247 7.1528725 7.15292 7.1529671 7.1530138
7.1499037 7.1499584 7.1500132 7.150068 7.1501228 7.1501777 7.1502326 7.1502876 7.1503425 7.1503975 7.1504525 7.1505076 7.1505626 7.1506177 7.1506727 7.1507277 7.1507827 7.1508377 7.1508927 7.1509477 7.1510026 7.1510575 7.1511123 7.1511671 7.1512218 7.1512764 7.151331 7.1513855 7.1514399 7.1514942 7.1515484 7.1516025 7.1516565 7.1517104 7.1517641 7.1518177 7.1518711 7.1519243 7.1519774 7.1520304 7.1520831 7.1521357 7.152188 7.1522401 7.152292 7.1523437 7.1523951 7.1524462 7.1524971 7.1525477 7.1525981 7.1526481 7.1526978 7.1527472 7.1527962 7.1528449 7.1528932 7.1529412 7.1529888 7.1530359
7.1499018 7.1499568 7.1500118 7.1500669 7.1501221 7.1501773 7.1502325 7.1502878 7.1503431 7.1503984 7.1504538 7.1505091 7.1505645 7.1506199 7.1506753 7.1507307 7.1507861 7.1508414 7.1508968 7.1509521 7.1510074 7.1510626 7.1511179 7.151173 7.1512281 7.1512832 7.1513381 7.151393 7.1514478 7.1515025 7.1515572 7.1516117 7.1516661 7.1517203 7.1517745 7.1518285 7.1518823 7.151936 7.1519896 7.1520429 7.1520961 7.1521491 7.1522019 7.1522545 7.1523068 7.1523589 7.1524108 7.1524624 7.1525138 7.1525649 7.1526157 7.1526662 7.1527163 7.1527662 7.1528157 7.1528649 7.1529137 7.1529622 7.1530102 7.1530579
7.1498995 7.1499548 7.1500101 7.1500655 7.150121 7.1501765 7.1502321 7.1502877 7.1503433 7.150399 7.1504547 7.1505104 7.1505661 7.1506218 7.1506776 7.1507333 7.1507891 7.1508448 7.1509005 7.1509562 7.1510119 7.1510675 7.1511231 7.1511786 7.1512341 7.1512895 7.1513449 7.1514002 7.1514554 7.1515105 7.1515656 7.1516205 7.1516753 7.15173 7.1517846 7.151839 7.1518933 7.1519474 7.1520014 7.1520552 7.1521088 7.1521623 7.1522155 7.1522685 7.1523214 7.1523739 7.1524263 7.1524784 7.1525302 7.1525817 7.152633 7.152684 7.1527347 7.152785 7.152835 7.1528847 7.152934 7.1529829 7.1530315 7.1530796
7.1498968 7.1499524 7.150008 7.1500638 7.1501195 7.1501754 7.1502313 7.1502872 7.1503432 7.1503992 7.1504552 7.1505112 7.1505673 7.1506234 7.1506795 7.1507356 7.1507917 7.1508478 7.1509039 7.1509599 7.151016 7.151072 7.151128 7.1511839 7.1512398 7.1512956 7.1513514 7.151407 7.1514627 7.1515182 7.1515736 7.151629 7.1516842 7.1517393 7.1517943 7.1518492 7.1519039 7.1519585 7.1520129 7.1520672 7.1521213 7.1521751 7.1522288 7.1522823 7.1523356 7.1523887 7.1524415 7.152494 7.1525463 7.1525984 7.1526501 7.1527016 7.1527527 7.1528035 7.152854 7.1529042 7.152954 7.1530034 7.1530525 7.1531011
7.1498937 7.1499496 7.1500056 7.1500616 7.1501177 7.1501739 7.1502301 7.1502863 7.1503426 7.150399 7.1504553 7.1505117 7.1505682 7.1506246 7.150681 7.1507375 7.150794 7.1508504 7.1509069 7.1509633 7.1510197 7.1510761 7.1511325 7.1511888 7.1512451 7.1513013 7.1513575 7.1514136 7.1514696 7.1515255 7.1515814 7.1516372 7.1516928 7.1517484 7.1518038 7.1518591 7.1519143 7.1519693 7.1520241 7.1520788 7.1521334 7.1521877 7.1522419 7.1522958 7.1523496 7.1524031 7.1524564 7.1525094 7.1525622 7.1526147 7.1526669 7.1527189 7.1527705 7.1528218 7.1528728 7.1529235 7.1529738 7.1530237 7.1530733 7.1531224
7.1498903 7.1499465 7.1500028 7.1500591 7.1501155 7.150172 7.1502285 7.1502851 7.1503418 7.1503984 7.1504551 7.1505119 7.1505686 7.1506254 7.1506822 7.150739 7.1507959 7.1508527 7.1509095 7.1509663 7.1510231 7.1510799 7.1511366 7.1511934 7.15125 7.1513066 7.1513632 7.1514197 7.1514762 7.1515325 7.1515888 7.151645 7.1517011 7.151757 7.1518129 7.1518686 7.1519243 7.1519797 7.152035 7.1520902 7.1521452 7.1522 7.1522546 7.152309 7.1523632 7.1524172 7.152471 7.1525245 7.1525778 7.1526308 7.1526835 7.1527359 7.1527881 7.1528399 7.1528914 7.1529425 7.1529933 7.1530438 7.1530939 7.1531435
7.1498864 7.149943 7.1499996 7.1500562 7.150113 7.1501698 7.1502266 7.1502835 7.1503405 7.1503975 7.1504545 7.1505116 7.1505687 7.1506259 7.150683 7.1507402 7.1507974 7.1508546 7.1509118 7.150969 7.1510262 7.1510833 7.1511405 7.1511976 7.1512546 7.1513116 7.1513686 7.1514255 7.1514824 7.1515392 7.1515959 7.1516525 7.151709 7.1517654 7.1518217 7.1518779 7.1519339 7.1519898 7.1520456 7.1521012 7.1521566 7.1522119 7.152267 7.1523219 7.1523766 7.152431 7.1524853 7.1525393 7.152593 7.1526465 7.1526998 7.1527527 7.1528053 7.1528576 7.1529097 7.1529613 7.1530126 7.1530636 7.1531142 7.1531644
7.1498822 7.1499391 7.149996 7.150053 7.15011 7.1501671 7.1502243 7.1502815 7.1503388 7.1503962 7.1504536 7.150511 7.1505685 7.150626 7.1506835 7.150741 7.1507986 7.1508561 7.1509137 7.1509713 7.1510288 7.1510864 7.1511439 7.1512014 7.1512588 7.1513163 7.1513736 7.151431 7.1514882 7.1515454 7.1516026 7.1516596 7.1517165 7.1517734 7.1518301 7.1518867 7.1519432 7.1519996 7.1520558 7.1521119 7.1521678 7.1522235 7.1522791 7.1523345 7.1523896 7.1524446 7.1524993 7.1525538 7.152608 7.152662 7.1527157 7.1527692 7.1528223 7.1528751 7.1529277 7.1529798 7.1530317 7.1530832 7.1531343 7.153185
7.1498776 7.1499348 7.149992 7.1500493 7.1501067 7.1501641 7.1502216 7.1502792 7.1503368 7.1503945 7.1504522 7.15051 7.1505678 7.1506256 7.1506835 7.1507414 7.1507993 7.1508573 7.1509152 7.1509732 7.1510311 7.151089 7.1511469 7.1512048 7.1512627 7.1513205 7.1513783 7.151436 7.1514937 7.1515513 7.1516089 7.1516664 7.1517237 7.151781 7.1518382 7.1518953 7.1519522 7.152009 7.1520657 7.1521222 7.1521786 7.1522348 7.1522908 7.1523467 7.1524023 7.1524578 7.152513 7.152568 7.1526227 7.1526772 7.1527314 7.1527854 7.152839 7.1528924 7.1529454 7.1529981 7.1530504 7.1531025 7.1531541 7.1532053
7.1498726 7.1499301 7.1499876 7.1500452 7.1501029 7.1501607 7.1502185 7.1502764 7.1503344 7.1503924 7.1504504 7.1505086 7.1505667 7.1506249 7.1506832 7.1507414 7.1507997 7.150858 7.1509163 7.1509747 7.151033 7.1510913 7.1511496 7.1512079 7.1512662 7.1513244 7.1513826 7.1514407 7.1514988 7.1515569 7.1516149 7.1516728 7.1517306 7.1517883 7.1518459 7.1519034 7.1519608 7.1520181 7.1520752 7.1521322 7.1521891 7.1522458 7.1523023 7.1523586 7.1524147 7.1524706 7.1525263 7.1525818 7.1526371 7.1526921 7.1527468 7.1528012 7.1528554 7.1529093 7.1529628 7.1530161 7.1530689 7.1531215 7.1531736 7.1532254
7.1498672 7.149925 7.1499828 7.1500407 7.1500988 7.1501568 7.150215 7.1502732 7.1503315 7.1503899 7.1504483 7.1505067 7.1505653 7.1506238 7.1506824 7.150741 7.1507997 7.1508584 7.1509171 7.1509758 7.1510345 7.1510932 7.1511519 7.1512106 7.1512692 7.1513279 7.1513865 7.1514451 7.1515036 7.151562 7.1516204 7.1516788 7.151737 7.1517952 7.1518533 7.1519112 7.1519691 7.1520268 7.1520844 7.1521419 7.1521992 7.1522564 7.1523133 7.1523701 7.1524268 7.1524832 7.1525394 7.1525954 7.1526511 7.1527066 7.1527619 7.1528168 7.1528715 7.1529259 7.15298 7.1530337 7.1530872 7.1531402 7.1531929 7.1532452
7.1498614 7.1499195 7.1499776 7.1500359 7.1500942 7.1501526 7.1502111 7.1502696 7.1503283 7.150387 7.1504457 7.1505045 7.1505634 7.1506223 7.1506813 7.1507403 7.1507993 7.1508583 7.1509174 7.1509765 7.1510356 7.1510947 7.1511538 7.1512129 7.1512719 7.151331 7.15139 7.151449 7.1515079 7.1515668 7.1516256 7.1516844 7.1517431 7.1518017 7.1518602 7.1519187 7.151977 7.1520352 7.1520932 7.1521512 7.152209 7.1522666 7.1523241 7.1523814 7.1524385 7.1524954 7.1525521 7.1526086 7.1526648 7.1527208 7.1527766 7.1528321 7.1528873 7.1529422 7.1529968 7.1530511 7.1531051 7.1531587 7.1532119 7.1532648
7.1498552 7.1499136 7.149972 7.1500306 7.1500892 7.1501479 7.1502067 7.1502656 7.1503246 7.1503836 7.1504427 7.1505019 7.1505611 7.1506204 7.1506797 7.150739 7.1507984 7.1508579 7.1509173 7.1509768 7.1510363 7.1510958 7.1511552 7.1512147 7.1512742 7.1513337 7.1513931 7.1514525 7.1515119 7.1515712 7.1516305 7.1516897 7.1517488 7.1518078 7.1518668 7.1519257 7.1519845 7.1520431 7.1521017 7.1521601 7.1522183 7.1522765 7.1523344 7.1523922 7.1524498 7.1525072 7.1525644 7.1526214 7.1526782 7.1527347 7.152791 7.152847 7.1529028 7.1529582 7.1530134 7.1530682 7.1531227 7.1531768 7.1532306 7.1532841
7.1498486 7.1499072 7.149966 7.1500249 7.1500838 7.1501429 7.150202 7.1502612 7.1503205 7.1503799 7.1504393 7.1504988 7.1505584 7.150618 7.1506777 7.1507374 7.1507972 7.150857 7.1509168 7.1509767 7.1510365 7.1510964 7.1511563 7.1512162 7.1512761 7.151336 7.1513958 7.1514556 7.1515154 7.1515752 7.1516349 7.1516945 7.1517541 7.1518136 7.151873 7.1519323 7.1519916 7.1520507 7.1521097 7.1521686 7.1522274 7.152286 7.1523444 7.1524027 7.1524608 7.1525187 7.1525764 7.1526339 7.1526912 7.1527483 7.1528051 7.1528616 7.1529179 7.1529739 7.1530296 7.1530849 7.15314 7.1531947 7.1532491 7.1533031
7.1498415 7.1499005 7.1499595 7.1500187 7.150078 7.1501374 7.1501968 7.1502564 7.150316 7.1503757 7.1504355 7.1504953 7.1505553 7.1506153 7.1506753 7.1507354 7.1507955 7.1508557 7.1509159 7.1509761 7.1510364 7.1510967 7.151157 7.1512172 7.1512775 7.1513378 7.1513981 7.1514583 7.1515186 7.1515787 7.1516389 7.1516989 7.151759 7.1518189 7.1518788 7.1519386 7.1519983 7.1520579 7.1521174 7.1521768 7.152236 7.1522951 7.152354 7.1524128 7.1524714 7.1525298 7.1525881 7.1526461 7.1527039 7.1527615 7.1528188 7.1528759 7.1529327 7.1529892 7.1530455 7.1531014 7.153157 7.1532123 7.1532672 7.1533217
7.149834 7.1498933 7.1499526 7.1500121 7.1500717 7.1501314 7.1501912 7.1502511 7.150311 7.1503711 7.1504312 7.1504914 7.1505517 7.150612 7.1506724 7.1507329 7.1507934 7.1508539 7.1509145 7.1509752 7.1510358 7.1510965 7.1511572 7.1512179 7.1512786 7.1513393 7.1513999 7.1514606 7.1515213 7.1515819 7.1516424 7.151703 7.1517634 7.1518239 7.1518842 7.1519445 7.1520046 7.1520647 7.1521247 7.1521845 7.1522442 7.1523038 7.1523632 7.1524225 7.1524816 7.1525406 7.1525993 7.1526579 7.1527162 7.1527743 7.1528322 7.1528898 7.1529471 7.1530042 7.153061 7.1531175 7.1531737 7.1532295 7.153285 7.1533401
7.1498261 7.1498856 7.1499453 7.1500051 7.150065 7.150125 7.1501851 7.1502454 7.1503057 7.150366 7.1504265 7.1504871 7.1505477 7.1506084 7.1506692 7.15073 7.1507908 7.1508518 7.1509127 7.1509738 7.1510348 7.1510959 7.1511569 7.151218 7.1512792 7.1513403 7.1514014 7.1514625 7.1515235 7.1515846 7.1516456 7.1517066 7.1517675 7.1518284 7.1518892 7.1519499 7.1520105 7.1520711 7.1521315 7.1521918 7.1522521 7.1523121 7.1523721 7.1524319 7.1524915 7.1525509 7.1526102 7.1526693 7.1527281 7.1527868 7.1528452 7.1529033 7.1529612 7.1530189 7.1530762 7.1531332 7.15319 7.1532464 7.1533024 7.1533581
7.1498177 7.1498775 7.1499375 7.1499976 7.1500579 7.1501182 7.1501786 7.1502392 7.1502998 7.1503605 7.1504214 7.1504823 7.1505432 7.1506043 7.1506654 7.1507266 7.1507879 7.1508492 7.1509105 7.1509719 7.1510333 7.1510948 7.1511563 7.1512178 7.1512793 7.1513408 7.1514024 7.1514639 7.1515254 7.1515869 7.1516483 7.1517098 7.1517711 7.1518324 7.1518937 7.1519549 7.152016 7.152077 7.152138 7.1521988 7.1522595 7.1523201 7.1523805 7.1524408 7.1525009 7.1525609 7.1526207 7.1526803 7.1527397 7.1527988 7.1528578 7.1529165 7.152975 7.1530331 7.153091 7.1531487 7.153206 7.1532629 7.1533196 7.1533759
7.1498088 7.149869 7.1499293 7.1499897 7.1500503 7.1501109 7.1501717 7.1502326 7.1502935 7.1503546 7.1504157 7.150477 7.1505383 7.1505997 7.1506612 7.1507228 7.1507844 7.1508461 7.1509078 7.1509696 7.1510314 7.1510933 7.1511552 7.1512171 7.151279 7.151341 7.1514029 7.1514649 7.1515268 7.1515887 7.1516506 7.1517125 7.1517743 7.1518361 7.1518978 7.1519595 7.1520211 7.1520826 7.152144 7.1522053 7.1522665 7.1523276 7.1523885 7.1524493 7.15251 7.1525704 7.1526308 7.1526909 7.1527508 7.1528105 7.15287 7.1529293 7.1529883 7.153047 7.1531055 7.1531637 7.1532216 7.1532791 7.1533364 7.1533932
7.1497995 7.14986 7.1499206 7.1499814 7.1500422 7.1501032 7.1501643 7.1502255 7.1502868 7.1503482 7.1504097 7.1504713 7.150533 7.1505947 7.1506566 7.1507185 7.1507805 7.1508425 7.1509047 7.1509668 7.151029 7.1510913 7.1511536 7.1512159 7.1512783 7.1513406 7.151403 7.1514654 7.1515277 7.1515901 7.1516525 7.1517148 7.1517771 7.1518393 7.1519015 7.1519636 7.1520257 7.1520877 7.1521495 7.1522114 7.152273 7.1523346 7.1523961 7.1524574 7.1525186 7.1525796 7.1526404 7.1527011 7.1527616 7.1528218 7.1528819 7.1529417 7.1530013 7.1530606 7.1531196 7.1531784 7.1532368 7.153295 7.1533528 7.1534103
