Cobbity4/OpenEM/Corrections/QGIS/Second.asc
NCOLS 600
NROWS 379
XLLCORNER 150.66
YLLCORNER -34.0276
CELLSIZE 1e-05
NODATA_VALUE -9999
[rows 52 to 77 of 379, columns 420 to 479 of 600]
7.1866496 7.1869366 7.1872174 7.187492 7.1877606 7.1880233 7.1882801 7.1885313 7.1887769 7.1890169 7.1892515 7.1894809 7.189705 7.189924 7.1901379 7.190347 7.1905512 7.1907506 7.1909454 7.1911356 7.1913213 7.1915026 7.1916796 7.1918523 7.1920209 7.1921854 7.1923459 7.1925025 7.1926553 7.1928043 7.1929495 7.1930912 7.1932293 7.1933639 7.1934951 7.1936229 7.1937475 7.1938688 7.193987 7.194102 7.1942141 7.1943232 7.1944293 7.1945326 7.1946332 7.1947309 7.194826 7.1949185 7.1950083 7.1950957 7.1951805 7.195263 7.195343 7.1954208 7.1954962 7.1955694 7.1956404 7.1957093 7.1957761 7.1958408
7.1867213 7.1870103 7.187293 7.1875694 7.1878397 7.188104 7.1883623 7.1886149 7.1888618 7.189103 7.1893388 7.1895692 7.1897943 7.1900142 7.190229 7.1904388 7.1906437 7.1908437 7.1910391 7.1912298 7.191416 7.1915977 7.191775 7.1919481 7.1921169 7.1922817 7.1924424 7.1925991 7.1927519 7.1929009 7.1930462 7.1931878 7.1933259 7.1934604 7.1935915 7.1937192 7.1938435 7.1939647 7.1940826 7.1941975 7.1943092 7.194418 7.1945239 7.1946268 7.194727 7.1948244 7.1949191 7.1950111 7.1951006 7.1951875 7.1952719 7.1953539 7.1954335 7.1955107 7.1955857 7.1956584 7.1957289 7.1957972 7.1958634 7.1959276
7.1867962 7.1870872 7.1873717 7.1876499 7.1879219 7.1881877 7.1884475 7.1887014 7.1889495 7.189192 7.1894289 7.1896603 7.1898863 7.190107 7.1903226 7.1905331 7.1907387 7.1909394 7.1911352 7.1913264 7.191513 7.1916951 7.1918727 7.1920461 7.1922151 7.19238 7.1925408 7.1926976 7.1928505 7.1929996 7.1931448 7.1932864 7.1934243 7.1935587 7.1936896 7.1938171 7.1939413 7.1940622 7.1941799 7.1942944 7.1944059 7.1945144 7.1946199 7.1947225 7.1948223 7.1949192 7.1950135 7.1951051 7.1951941 7.1952806 7.1953645 7.195446 7.1955251 7.1956018 7.1956762 7.1957484 7.1958184 7.1958862 7.1959518 7.1960154
7.1868745 7.1871674 7.1874537 7.1877336 7.1880072 7.1882745 7.1885357 7.1887909 7.1890403 7.1892838 7.1895217 7.1897541 7.189981 7.1902026 7.1904189 7.1906301 7.1908363 7.1910375 7.1912338 7.1914254 7.1916124 7.1917948 7.1919727 7.1921463 7.1923155 7.1924805 7.1926414 7.1927983 7.1929511 7.1931002 7.1932453 7.1933868 7.1935246 7.1936588 7.1937896 7.1939169 7.1940408 7.1941614 7.1942788 7.194393 7.1945041 7.1946122 7.1947173 7.1948196 7.1949189 7.1950155 7.1951093 7.1952004 7.1952889 7.1953749 7.1954583 7.1955393 7.1956178 7.195694 7.1957679 7.1958395 7.1959089 7.1959761 7.1960412 7.1961042
7.1869561 7.1872509 7.187539 7.1878206 7.1880957 7.1883644 7.188627 7.1888835 7.189134 7.1893786 7.1896175 7.1898508 7.1900785 7.1903009 7.1905179 7.1907297 7.1909364 7.1911381 7.1913349 7.1915269 7.1917142 7.1918969 7.192075 7.1922487 7.1924181 7.1925832 7.1927441 7.192901 7.1930538 7.1932027 7.1933478 7.1934891 7.1936268 7.1937608 7.1938913 7.1940183 7.1941419 7.1942622 7.1943793 7.1944932 7.1946039 7.1947116 7.1948163 7.1949181 7.195017 7.1951131 7.1952064 7.195297 7.195385 7.1954705 7.1955534 7.1956338 7.1957118 7.1957874 7.1958607 7.1959317 7.1960005 7.1960671 7.1961316 7.196194
7.1870413 7.1873379 7.1876277 7.1879108 7.1881874 7.1884576 7.1887215 7.1889791 7.1892307 7.1894764 7.1897162 7.1899504 7.1901789 7.1904019 7.1906196 7.190832 7.1910392 7.1912413 7.1914385 7.1916308 7.1918184 7.1920013 7.1921796 7.1923534 7.1925229 7.192688 7.1928489 7.1930057 7.1931585 7.1933073 7.1934522 7.1935934 7.1937308 7.1938646 7.1939948 7.1941215 7.1942448 7.1943647 7.1944814 7.1945949 7.1947052 7.1948125 7.1949167 7.195018 7.1951164 7.195212 7.1953048 7.195395 7.1954824 7.1955673 7.1956496 7.1957294 7.1958069 7.1958819 7.1959546 7.196025 7.1960931 7.1961591 7.196223 7.1962847
7.18713 7.1874284 7.1877198 7.1880045 7.1882825 7.188554 7.1888191 7.1890779 7.1893306 7.1895772 7.189818 7.1900529 7.1902821 7.1905058 7.1907241 7.190937 7.1911446 7.1913472 7.1915447 7.1917373 7.191925 7.1921081 7.1922865 7.1924604 7.1926299 7.192795 7.1929559 7.1931126 7.1932652 7.1934139 7.1935586 7.1936995 7.1938367 7.1939702 7.1941001 7.1942264 7.1943494 7.1944689 7.1945852 7.1946982 7.1948081 7.1949149 7.1950187 7.1951194 7.1952173 7.1953124 7.1954046 7.1954942 7.1955811 7.1956654 7.1957471 7.1958263 7.1959031 7.1959775 7.1960495 7.1961193 7.1961868 7.1962522 7.1963154 7.1963764
7.1872223 7.1875224 7.1878154 7.1881016 7.188381 7.1886538 7.1889201 7.18918 7.1894336 7.1896811 7.1899227 7.1901584 7.1903883 7.1906126 7.1908313 7.1910447 7.1912527 7.1914556 7.1916534 7.1918462 7.1920342 7.1922173 7.1923958 7.1925698 7.1927392 7.1929043 7.193065 7.1932216 7.1933741 7.1935225 7.193667 7.1938076 7.1939445 7.1940776 7.1942072 7.1943331 7.1944557 7.1945748 7.1946906 7.1948032 7.1949126 7.1950188 7.1951221 7.1952223 7.1953197 7.1954141 7.1955058 7.1955948 7.195681 7.1957647 7.1958458 7.1959244 7.1960005 7.1960742 7.1961456 7.1962147 7.1962816 7.1963462 7.1964087 7.1964691
7.1873183 7.18762 7.1879146 7.1882022 7.1884829 7.1887569 7.1890243 7.1892852 7.1895398 7.1897882 7.1900305 7.1902669 7.1904974 7.1907222 7.1909414 7.1911552 7.1913636 7.1915667 7.1917647 7.1919577 7.1921458 7.192329 7.1925075 7.1926814 7.1928508 7.1930158 7.1931764 7.1933328 7.193485 7.1936332 7.1937773 7.1939177 7.1940542 7.1941869 7.1943161 7.1944416 7.1945637 7.1946824 7.1947977 7.1949098 7.1950186 7.1951243 7.195227 7.1953267 7.1954234 7.1955173 7.1956083 7.1956966 7.1957823 7.1958653 7.1959457 7.1960236 7.1960991 7.1961721 7.1962428 7.1963112 7.1963774 7.1964413 7.1965031 7.1965627
7.1874181 7.1877214 7.1880175 7.1883064 7.1885884 7.1888635 7.189132 7.1893938 7.1896493 7.1898984 7.1901415 7.1903784 7.1906095 7.1908348 7.1910544 7.1912685 7.1914772 7.1916806 7.1918787 7.1920718 7.1922599 7.1924432 7.1926217 7.1927955 7.1929647 7.1931295 7.1932899 7.1934461 7.193598 7.1937459 7.1938897 7.1940297 7.1941658 7.1942981 7.1944268 7.1945519 7.1946735 7.1947916 7.1949064 7.1950179 7.1951262 7.1952313 7.1953334 7.1954325 7.1955286 7.1956218 7.1957122 7.1957998 7.1958848 7.1959671 7.1960468 7.1961241 7.1961988 7.1962711 7.1963411 7.1964088 7.1964742 7.1965374 7.1965984 7.1966573
7.1875218 7.1878266 7.1881241 7.1884143 7.1886974 7.1889736 7.189243 7.1895058 7.1897621 7.1900119 7.1902556 7.1904931 7.1907247 7.1909504 7.1911703 7.1913847 7.1915936 7.1917971 7.1919954 7.1921885 7.1923766 7.1925598 7.1927382 7.1929119 7.193081 7.1932455 7.1934057 7.1935615 7.1937132 7.1938607 7.1940041 7.1941437 7.1942793 7.1944112 7.1945394 7.194664 7.194785 7.1949026 7.1950168 7.1951277 7.1952354 7.1953399 7.1954413 7.1955397 7.1956352 7.1957277 7.1958174 7.1959044 7.1959886 7.1960702 7.1961492 7.1962257 7.1962997 7.1963713 7.1964405 7.1965074 7.196572 7.1966345 7.1966947 7.1967529
7.1876293 7.1879356 7.1882344 7.1885259 7.1888101 7.1890873 7.1893576 7.1896212 7.1898782 7.1901287 7.1903729 7.1906109 7.1908429 7.1910689 7.1912892 7.1915038 7.1917128 7.1919164 7.1921147 7.1923079 7.1924959 7.192679 7.1928572 7.1930307 7.1931996 7.1933638 7.1935237 7.1936792 7.1938304 7.1939775 7.1941206 7.1942596 7.1943948 7.1945262 7.1946538 7.1947778 7.1948983 7.1950153 7.1951289 7.1952392 7.1953462 7.19545 7.1955508 7.1956484 7.1957432 7.195835 7.195924 7.1960102 7.1960937 7.1961745 7.1962528 7.1963285 7.1964017 7.1964725 7.196541 7.1966071 7.1966709 7.1967326 7.196792 7.1968494
7.1877409 7.1880486 7.1883486 7.1886412 7.1889265 7.1892046 7.1894758 7.1897401 7.1899977 7.1902488 7.1904935 7.1907319 7.1909642 7.1911906 7.191411 7.1916258 7.1918349 7.1920385 7.1922368 7.1924299 7.1926178 7.1928007 7.1929787 7.193152 7.1933205 7.1934845 7.193644 7.1937991 7.1939499 7.1940965 7.1942391 7.1943776 7.1945122 7.194643 7.1947701 7.1948935 7.1950133 7.1951297 7.1952426 7.1953522 7.1954585 7.1955617 7.1956617 7.1957586 7.1958526 7.1959437 7.1960319 7.1961174 7.1962001 7.1962801 7.1963576 7.1964325 7.1965049 7.1965749 7.1966425 7.1967078 7.1967709 7.1968317 7.1968903 7.1969468
7.1878566 7.1881656 7.1884667 7.1887604 7.1890466 7.1893256 7.1895975 7.1898625 7.1901207 7.1903723 7.1906174 7.1908562 7.1910888 7.1913153 7.1915359 7.1917507 7.1919598 7.1921635 7.1923617 7.1925546 7.1927423 7.192925 7.1931028 7.1932757 7.1934439 7.1936074 7.1937665 7.1939211 7.1940715 7.1942176 7.1943596 7.1944976 7.1946316 7.1947618 7.1948882 7.195011 7.1951301 7.1952458 7.195358 7.1954669 7.1955725 7.1956749 7.1957741 7.1958703 7.1959635 7.1960538 7.1961412 7.1962258 7.1963077 7.196387 7.1964636 7.1965377 7.1966092 7.1966784 7.1967452 7.1968096 7.1968718 7.1969318 7.1969895 7.1970452
7.1879765 7.1882866 7.1885889 7.1888835 7.1891706 7.1894503 7.1897229 7.1899885 7.1902472 7.1904992 7.1907446 7.1909837 7.1912165 7.1914431 7.1916638 7.1918786 7.1920877 7.1922912 7.1924893 7.192682 7.1928695 7.1930519 7.1932293 7.1934018 7.1935696 7.1937327 7.1938913 7.1940454 7.1941952 7.1943408 7.1944822 7.1946195 7.1947529 7.1948825 7.1950082 7.1951303 7.1952487 7.1953636 7.1954751 7.1955832 7.195688 7.1957896 7.195888 7.1959834 7.1960758 7.1961653 7.1962518 7.1963356 7.1964167 7.196495 7.1965708 7.196644 7.1967147 7.196783 7.1968489 7.1969125 7.1969737 7.1970328 7.1970897 7.1971445
7.1881005 7.1884118 7.188715 7.1890105 7.1892984 7.1895788 7.189852 7.1901181 7.1903772 7.1906296 7.1908753 7.1911145 7.1913474 7.1915741 7.1917948 7.1920095 7.1922185 7.1924219 7.1926197 7.1928121 7.1929993 7.1931813 7.1933583 7.1935304 7.1936977 7.1938604 7.1940184 7.194172 7.1943212 7.1944661 7.1946069 7.1947435 7.1948762 7.1950051 7.1951301 7.1952514 7.195369 7.1954832 7.1955938 7.1957011 7.1958051 7.1959059 7.1960035 7.196098 7.1961895 7.1962781 7.1963638 7.1964467 7.1965269 7.1966043 7.1966792 7.1967515 7.1968213 7.1968887 7.1969537 7.1970163 7.1970767 7.1971349 7.1971909 7.1972447
7.1882289 7.1885411 7.1888453 7.1891416 7.1894302 7.1897112 7.1899849 7.1902514 7.1905108 7.1907634 7.1910093 7.1912487 7.1914816 7.1917083 7.1919289 7.1921435 7.1923523 7.1925554 7.1927529 7.192945 7.1931318 7.1933134 7.19349 7.1936616 7.1938283 7.1939904 7.1941478 7.1943008 7.1944493 7.1945935 7.1947336 7.1948696 7.1950015 7.1951296 7.1952538 7.1953743 7.1954911 7.1956044 7.1957143 7.1958207 7.1959238 7.1960237 7.1961204 7.1962141 7.1963047 7.1963923 7.1964771 7.1965591 7.1966383 7.1967149 7.1967888 7.1968602 7.196929 7.1969955 7.1970595 7.1971212 7.1971807 7.1972379 7.1972929 7.1973459
7.1883616 7.1886748 7.1889798 7.1892767 7.1895659 7.1898475 7.1901216 7.1903884 7.1906481 7.1909009 7.1911469 7.1913862 7.1916191 7.1918457 7.1920661 7.1922805 7.1924891 7.1926918 7.192889 7.1930807 7.193267 7.1934481 7.1936241 7.1937952 7.1939613 7.1941228 7.1942795 7.1944318 7.1945796 7.1947231 7.1948624 7.1949976 7.1951288 7.195256 7.1953794 7.195499 7.195615 7.1957274 7.1958364 7.1959419 7.1960441 7.1961431 7.1962389 7.1963315 7.1964212 7.1965079 7.1965918 7.1966728 7.196751 7.1968266 7.1968996 7.19697 7.1970379 7.1971033 7.1971664 7.1972272 7.1972856 7.1973419 7.197396 7.1974479
7.1884988 7.1888128 7.1891184 7.189416 7.1897057 7.1899877 7.1902621 7.1905291 7.190789 7.1910419 7.1912879 7.1915272 7.19176 7.1919864 7.1922066 7.1924207 7.1926288 7.1928312 7.1930279 7.1932191 7.1934049 7.1935855 7.1937609 7.1939313 7.1940968 7.1942575 7.1944136 7.1945651 7.1947121 7.1948549 7.1949933 7.1951277 7.195258 7.1953843 7.1955068 7.1956256 7.1957407 7.1958521 7.1959601 7.1960647 7.196166 7.196264 7.1963588 7.1964505 7.1965392 7.1966249 7.1967077 7.1967878 7.196865 7.1969396 7.1970116 7.1970809 7.1971478 7.1972123 7.1972744 7.1973341 7.1973916 7.1974468 7.1974999 7.1975508
7.1886405 7.1889552 7.1892614 7.1895595 7.1898496 7.1901319 7.1904065 7.1906737 7.1909337 7.1911865 7.1914324 7.1916716 7.1919042 7.1921303 7.1923502 7.1925639 7.1927716 7.1929735 7.1931697 7.1933604 7.1935456 7.1937255 7.1939003 7.19407 7.1942347 7.1943947 7.19455 7.1947006 7.1948469 7.1949887 7.1951263 7.1952598 7.1953892 7.1955146 7.1956361 7.1957539 7.195868 7.1959786 7.1960856 7.1961892 7.1962894 7.1963864 7.1964802 7.1965709 7.1966585 7.1967432 7.196825 7.196904 7.1969802 7.1970538 7.1971247 7.197193 7.1972589 7.1973223 7.1973833 7.197442 7.1974985 7.1975527 7.1976047 7.1976547
7.1887867 7.189102 7.1894088 7.1897073 7.1899977 7.1902801 7.1905549 7.1908222 7.1910821 7.1913348 7.1915806 7.1918195 7.1920518 7.1922775 7.192497 7.1927103 7.1929175 7.1931188 7.1933145 7.1935045 7.193689 7.1938682 7.1940422 7.1942111 7.1943751 7.1945342 7.1946887 7.1948385 7.1949838 7.1951247 7.1952614 7.1953939 7.1955223 7.1956468 7.1957673 7.1958841 7.1959972 7.1961067 7.1962127 7.1963152 7.1964144 7.1965103 7.1966031 7.1966927 7.1967793 7.1968629 7.1969436 7.1970215 7.1970967 7.1971692 7.197239 7.1973063 7.197371 7.1974334 7.1974933 7.197551 7.1976063 7.1976595 7.1977105 7.1977594
7.1889376 7.1892534 7.1895605 7.1898593 7.1901499 7.1904325 7.1907073 7.1909745 7.1912342 7.1914868 7.1917323 7.1919709 7.1922028 7.1924281 7.1926471 7.1928598 7.1930664 7.1932671 7.1934621 7.1936514 7.1938352 7.1940136 7.1941868 7.1943549 7.194518 7.1946762 7.1948297 7.1949786 7.1951229 7.1952629 7.1953986 7.19553 7.1956574 7.1957809 7.1959004 7.1960161 7.1961281 7.1962365 7.1963414 7.1964429 7.196541 7.1966358 7.1967274 7.1968159 7.1969014 7.1969839 7.1970635 7.1971403 7.1972144 7.1972857 7.1973544 7.1974206 7.1974843 7.1975455 7.1976044 7.1976609 7.1977152 7.1977672 7.1978171 7.1978649
7.1890932 7.1894093 7.1897168 7.1900157 7.1903064 7.190589 7.1908637 7.1911307 7.1913903 7.1916425 7.1918876 7.1921258 7.1923572 7.192582 7.1928004 7.1930125 7.1932184 7.1934184 7.1936126 7.1938011 7.1939841 7.1941616 7.194334 7.1945011 7.1946633 7.1948206 7.1949731 7.1951209 7.1952643 7.1954032 7.1955378 7.1956682 7.1957945 7.1959169 7.1960353 7.1961499 7.1962608 7.1963681 7.1964718 7.1965721 7.1966691 7.1967628 7.1968532 7.1969406 7.1970249 7.1971063 7.1971847 7.1972604 7.1973333 7.1974034 7.197471 7.197536 7.1975986 7.1976587 7.1977164 7.1977718 7.1978249 7.1978758 7.1979246 7.1979713
7.1892535 7.1895699 7.1898775 7.1901765 7.1904671 7.1907496 7.1910241 7.1912909 7.1915501 7.191802 7.1920466 7.1922843 7.1925151 7.1927393 7.192957 7.1931684 7.1933736 7.1935728 7.1937661 7.1939537 7.1941358 7.1943124 7.1944838 7.1946499 7.1948111 7.1949673 7.1951188 7.1952656 7.1954078 7.1955457 7.1956791 7.1958084 7.1959336 7.1960548 7.196172 7.1962855 7.1963952 7.1965013 7.1966039 7.196703 7.1967987 7.1968912 7.1969805 7.1970667 7.1971498 7.1972299 7.1973072 7.1973817 7.1974533 7.1975224 7.1975887 7.1976526 7.1977139 7.1977728 7.1978294 7.1978836 7.1979356 7.1979854 7.198033 7.1980785
7.1894186 7.1897352 7.1900428 7.1903418 7.1906322 7.1909145 7.1911887 7.1914551 7.1917139 7.1919652 7.1922093 7.1924463 7.1926765 7.1929 7.1931169 7.1933274 7.1935318 7.1937301 7.1939225 7.1941092 7.1942903 7.1944659 7.1946362 7.1948013 7.1949614 7.1951165 7.1952668 7.1954125 7.1955536 7.1956902 7.1958226 7.1959506 7.1960746 7.1961946 7.1963106 7.1964228 7.1965313 7.1966362 7.1967375 7.1968354 7.1969299 7.1970212 7.1971092 7.1971941 7.197276 7.1973549 7.197431 7.1975042 7.1975746 7.1976424 7.1977076 7.1977702 7.1978303 7.197888 7.1979434 7.1979964 7.1980472 7.1980958 7.1981422 7.1981866
7.1895887 7.1899052 7.1902127 7.1905115 7.1908017 7.1910836 7.1913574 7.1916233 7.1918815 7.1921323 7.1923757 7.192612 7.1928414 7.193064 7.1932801 7.1934897 7.1936931 7.1938905 7.1940819 7.1942675 7.1944475 7.194622 7.1947912 7.1949552 7.1951141 7.1952681 7.1954172 7.1955617 7.1957015 7.195837 7.195968 7.1960949 7.1962176 7.1963363 7.196451 7.196562 7.1966692 7.1967728 7.1968728 7.1969694 7.1970626 7.1971526 7.1972393 7.197323 7.1974036 7.1974812 7.197556 7.1976279 7.1976971 7.1977636 7.1978275 7.1978889 7.1979477 7.1980042 7.1980583 7.1981101 7.1981597 7.1982071 7.1982523 7.1982955
