Cobbity4/OpenEM/Corrections/QGIS/Second.asc
NCOLS 600
NROWS 379
XLLCORNER 150.66
YLLCORNER -34.0276
CELLSIZE 1e-05
NODATA_VALUE -9999
[rows 26 to 51 of 379, columns 240 to 299 of 600]
7.1425033 7.1421205 7.1417525 7.1413994 7.1410614 7.1407387 7.1404312 7.1401392 7.1398627 7.1396016 7.139356 7.1391259 7.138911 7.1387115 7.138527 7.1383576 7.1382029 7.1380629 7.1379374 7.137826 7.1377286 7.1376449 7.1375747 7.1375176 7.1374734 7.1374418 7.1374225 7.1374152 7.1374195 7.1374352 7.137462 7.1374996 7.1375476 7.1376057 7.1376737 7.1377513 7.1378382 7.1379341 7.1380387 7.1381519 7.1382733 7.1384027 7.13854 7.1386848 7.138837 7.1389964 7.1391628 7.1393361 7.1395161 7.1397027 7.1398956 7.1400949 7.1403004 7.1405119 7.1407295 7.1409529 7.1411822 7.1414173 7.1416581 7.1419046
7.1415053 7.1411121 7.1407343 7.140372 7.1400256 7.139695 7.1393804 7.1390819 7.1387996 7.1385333 7.1382832 7.1380491 7.137831 7.1376287 7.1374422 7.1372712 7.1371157 7.1369752 7.1368498 7.136739 7.1366427 7.1365605 7.1364922 7.1364375 7.136396 7.1363675 7.1363516 7.136348 7.1363564 7.1363764 7.1364077 7.13645 7.136503 7.1365663 7.1366396 7.1367226 7.1368151 7.1369167 7.1370271 7.1371462 7.1372735 7.137409 7.1375523 7.1377032 7.1378616 7.1380272 7.1381998 7.1383793 7.1385655 7.1387583 7.1389576 7.1391631 7.1393748 7.1395927 7.1398166 7.1400463 7.140282 7.1405234 7.1407706 7.1410235
7.1404768 7.1400728 7.1396848 7.1393132 7.138958 7.1386194 7.1382975 7.1379924 7.1377042 7.1374327 7.137178 7.13694 7.1367187 7.1365139 7.1363254 7.136153 7.1359967 7.135856 7.1357309 7.135621 7.1355259 7.1354456 7.1353795 7.1353275 7.135289 7.135264 7.1352518 7.1352523 7.1352651 7.1352897 7.1353259 7.1353733 7.1354316 7.1355004 7.1355794 7.1356682 7.1357666 7.1358742 7.1359908 7.136116 7.1362496 7.1363914 7.1365411 7.1366984 7.1368632 7.1370352 7.1372143 7.1374003 7.1375929 7.1377922 7.1379979 7.1382099 7.1384281 7.1386525 7.1388828 7.1391191 7.1393612 7.1396092 7.1398629 7.1401224
7.1394163 7.1390012 7.1386028 7.1382215 7.1378573 7.1375106 7.1371812 7.1368694 7.1365751 7.1362984 7.1360392 7.1357974 7.1355729 7.1353656 7.1351752 7.1350017 7.1348448 7.1347041 7.1345795 7.1344707 7.1343773 7.134299 7.1342355 7.1341865 7.1341515 7.1341302 7.1341222 7.1341271 7.1341446 7.1341743 7.1342157 7.1342686 7.1343326 7.1344072 7.1344922 7.1345872 7.1346919 7.1348059 7.1349289 7.1350607 7.1352009 7.1353493 7.1355056 7.1356697 7.1358411 7.1360199 7.1362057 7.1363983 7.1365977 7.1368037 7.1370161 7.1372348 7.1374597 7.1376906 7.1379276 7.1381706 7.1384194 7.1386741 7.1389345 7.1392007
7.1383226 7.1378959 7.1374868 7.1370955 7.1367222 7.136367 7.1360301 7.1357114 7.1354111 7.1351291 7.1348653 7.1346197 7.1343922 7.1341825 7.1339905 7.1338159 7.1336586 7.1335182 7.1333944 7.133287 7.1331956 7.1331197 7.1330591 7.1330134 7.1329822 7.132965 7.1329616 7.1329713 7.132994 7.1330291 7.1330762 7.133135 7.1332051 7.133286 7.1333774 7.133479 7.1335903 7.133711 7.1338409 7.1339795 7.1341267 7.134282 7.1344454 7.1346164 7.1347948 7.1349805 7.1351733 7.135373 7.1355793 7.1357922 7.1360115 7.136237 7.1364688 7.1367066 7.1369505 7.1372003 7.1374559 7.1377174 7.1379847 7.1382577
7.1371942 7.1367556 7.1363354 7.1359338 7.135551 7.1351873 7.1348425 7.1345169 7.1342105 7.1339232 7.1336549 7.1334056 7.133175 7.1329631 7.1327696 7.1325943 7.1324368 7.1322969 7.1321743 7.1320686 7.1319794 7.1319064 7.1318491 7.1318071 7.1317801 7.1317675 7.131769 7.131784 7.1318123 7.1318532 7.1319065 7.1319716 7.1320482 7.1321358 7.1322341 7.1323426 7.1324609 7.1325888 7.1327259 7.1328718 7.1330262 7.1331889 7.1333595 7.1335378 7.1337236 7.1339166 7.1341166 7.1343234 7.134537 7.134757 7.1349834 7.1352161 7.1354549 7.1356998 7.1359507 7.1362075 7.1364702 7.1367386 7.1370129 7.137293
7.1360295 7.1355786 7.1351469 7.1347348 7.1343423 7.1339697 7.1336171 7.1332844 7.1329718 7.1326791 7.1324064 7.1321534 7.13192 7.131706 7.1315112 7.1313353 7.131178 7.1310389 7.1309177 7.1308141 7.1307276 7.1306577 7.1306041 7.1305663 7.1305439 7.1305364 7.1305433 7.1305641 7.1305984 7.1306457 7.1307055 7.1307774 7.130861 7.1309557 7.1310613 7.1311772 7.131303 7.1314385 7.1315831 7.1317367 7.1318987 7.1320691 7.1322473 7.1324333 7.1326266 7.1328272 7.1330348 7.1332491 7.1334701 7.1336975 7.1339313 7.1341713 7.1344174 7.1346695 7.1349276 7.1351916 7.1354615 7.1357371 7.1360185 7.1363058
7.1348269 7.1343633 7.1339198 7.1334967 7.1330943 7.1327127 7.1323519 7.1320121 7.1316933 7.1313953 7.1311181 7.1308616 7.1306255 7.1304096 7.1302137 7.1300375 7.1298806 7.1297426 7.1296233 7.1295221 7.1294386 7.1293724 7.129323 7.1292898 7.1292725 7.1292705 7.1292832 7.1293103 7.1293512 7.1294053 7.1294722 7.1295514 7.1296424 7.1297448 7.1298581 7.1299819 7.1301157 7.1302591 7.1304118 7.1305733 7.1307435 7.1309218 7.1311081 7.131302 7.1315033 7.1317118 7.1319272 7.1321493 7.132378 7.1326131 7.1328545 7.133102 7.1333556 7.1336152 7.1338806 7.134152 7.1344292 7.1347121 7.1350009 7.1352954
7.1335847 7.1331078 7.1326521 7.1322178 7.1318052 7.1314143 7.1310454 7.1306983 7.1303732 7.1300699 7.1297883 7.1295283 7.1292897 7.1290721 7.1288754 7.1286991 7.128543 7.1284066 7.1282894 7.1281911 7.1281111 7.128049 7.1280042 7.1279762 7.1279645 7.1279685 7.1279877 7.1280216 7.1280695 7.128131 7.1282055 7.1282926 7.1283916 7.1285021 7.1286237 7.1287557 7.1288979 7.1290498 7.129211 7.129381 7.1295596 7.1297464 7.1299411 7.1301433 7.1303529 7.1305696 7.1307931 7.1310233 7.13126 7.131503 7.1317522 7.1320075 7.1322688 7.132536 7.132809 7.1330879 7.1333726 7.133663 7.1339592 7.1342612
7.1323011 7.1318105 7.1313422 7.1308963 7.1304732 7.1300728 7.1296955 7.1293411 7.1290096 7.128701 7.1284151 7.1281518 7.1279108 7.1276918 7.1274945 7.1273186 7.1271636 7.127029 7.1269145 7.1268195 7.1267435 7.126686 7.1266464 7.1266241 7.1266185 7.1266292 7.1266554 7.1266966 7.1267522 7.1268217 7.1269044 7.1269998 7.1271074 7.1272266 7.1273569 7.1274979 7.127649 7.1278098 7.1279799 7.1281589 7.1283464 7.128542 7.1287454 7.1289564 7.1291746 7.1293998 7.1296318 7.1298703 7.1301153 7.1303665 7.1306237 7.130887 7.1311562 7.1314312 7.1317121 7.1319987 7.132291 7.132589 7.1328928 7.1332024
7.130974 7.1304693 7.1299879 7.1295301 7.1290961 7.1286861 7.1283002 7.1279384 7.1276006 7.1272867 7.1269966 7.1267302 7.126487 7.1262668 7.1260693 7.125894 7.1257405 7.1256083 7.1254969 7.1254057 7.1253342 7.1252819 7.125248 7.125232 7.1252332 7.1252511 7.1252849 7.1253341 7.125398 7.125476 7.1255675 7.1256719 7.1257887 7.1259172 7.1260568 7.1262072 7.1263678 7.1265381 7.1267176 7.126906 7.1271028 7.1273077 7.1275204 7.1277404 7.1279676 7.1282017 7.1284425 7.1286897 7.1289432 7.1292028 7.1294684 7.1297399 7.1300172 7.1303002 7.130589 7.1308835 7.1311836 7.1314895 7.131801 7.1321183
7.1296015 7.1290821 7.1285872 7.1281171 7.127672 7.1272521 7.1268575 7.1264881 7.1261439 7.1258249 7.1255307 7.1252613 7.1250162 7.1247951 7.1245977 7.1244234 7.1242719 7.1241425 7.1240347 7.1239479 7.1238816 7.1238349 7.1238074 7.1237983 7.123807 7.1238328 7.1238749 7.1239327 7.1240056 7.1240929 7.1241938 7.1243079 7.1244344 7.1245728 7.1247224 7.1248828 7.1250534 7.1252336 7.1254231 7.1256214 7.1258281 7.1260427 7.126265 7.1264946 7.1267312 7.1269745 7.1272244 7.1274805 7.1277429 7.1280112 7.1282853 7.1285653 7.1288509 7.1291422 7.1294391 7.1297416 7.1300497 7.1303635 7.1306829 7.131008
7.1281812 7.1276466 7.1271378 7.126655 7.1261985 7.1257685 7.125365 7.124988 7.1246375 7.1243133 7.1240152 7.123743 7.1234962 7.1232746 7.1230776 7.1229049 7.1227558 7.1226297 7.1225261 7.1224444 7.1223837 7.1223435 7.122323 7.1223216 7.1223384 7.1223727 7.1224239 7.1224911 7.1225737 7.1226709 7.122782 7.1229064 7.1230433 7.1231923 7.1233525 7.1235235 7.1237047 7.1238956 7.1240956 7.1243043 7.1245213 7.1247461 7.1249785 7.125218 7.1254644 7.1257173 7.1259766 7.1262421 7.1265135 7.1267908 7.1270738 7.1273624 7.1276566 7.1279563 7.1282615 7.1285722 7.1288885 7.1292103 7.1295377 7.1298708
7.126711 7.1261606 7.1256373 7.1251414 7.1246732 7.1242328 7.1238203 7.1234357 7.1230788 7.1227496 7.1224477 7.1221729 7.1219248 7.121703 7.121507 7.1213362 7.1211901 7.121068 7.1209692 7.120893 7.1208388 7.1208058 7.1207931 7.1208 7.1208257 7.1208694 7.1209304 7.1210077 7.1211007 7.1212087 7.1213307 7.1214661 7.1216143 7.1217745 7.121946 7.1221283 7.1223207 7.1225228 7.1227339 7.1229536 7.1231814 7.123417 7.1236599 7.1239098 7.1241663 7.1244293 7.1246984 7.1249735 7.1252544 7.1255409 7.125833 7.1261305 7.1264334 7.1267417 7.1270554 7.1273745 7.127699 7.128029 7.1283645 7.1287057
7.1251882 7.1246214 7.1240832 7.1235738 7.1230936 7.1226426 7.1222209 7.1218285 7.1214654 7.1211312 7.1208257 7.1205487 7.1202996 7.120078 7.1198834 7.1197151 7.1195725 7.119455 7.1193617 7.119292 7.1192449 7.1192197 7.1192156 7.1192317 7.1192672 7.1193211 7.1193927 7.1194811 7.1195854 7.1197048 7.1198386 7.1199859 7.120146 7.1203181 7.1205017 7.120696 7.1209004 7.1211142 7.1213371 7.1215683 7.1218076 7.1220544 7.1223083 7.122569 7.1228361 7.1231095 7.1233888 7.1236738 7.1239645 7.1242605 7.1245619 7.1248686 7.1251804 7.1254975 7.1258199 7.1261475 7.1264804 7.1268187 7.1271625 7.1275118
7.1236103 7.1230265 7.1224727 7.1219494 7.1214568 7.120995 7.120564 7.1201639 7.1197944 7.1194555 7.1191467 7.1188677 7.118618 7.1183971 7.1182044 7.1180392 7.1179009 7.1177886 7.1177015 7.1176389 7.1175999 7.1175835 7.1175888 7.117615 7.1176611 7.1177261 7.1178092 7.1179095 7.118026 7.1181578 7.1183042 7.1184642 7.1186371 7.1188221 7.1190184 7.1192254 7.1194424 7.1196688 7.119904 7.1201475 7.1203987 7.1206572 7.1209227 7.1211947 7.1214729 7.1217571 7.1220469 7.1223422 7.1226429 7.1229488 7.1232597 7.1235758 7.1238968 7.1242229 7.124554 7.1248903 7.1252317 7.1255784 7.1259306 7.1262882
7.1219744 7.1213728 7.120803 7.1202653 7.11976 7.1192871 7.1188467 7.1184388 7.1180631 7.1177196 7.1174077 7.1171271 7.1168772 7.1166575 7.1164673 7.1163059 7.1161725 7.1160663 7.1159863 7.1159317 7.1159015 7.1158948 7.1159106 7.1159478 7.1160055 7.1160826 7.1161782 7.1162913 7.116421 7.1165662 7.116726 7.1168997 7.1170862 7.1172848 7.1174948 7.1177153 7.1179457 7.1181854 7.1184336 7.1186899 7.1189537 7.1192246 7.1195021 7.1197859 7.1200756 7.120371 7.1206718 7.1209778 7.1212888 7.1216047 7.1219256 7.1222512 7.1225816 7.1229168 7.1232569 7.1236019 7.123952 7.1243073 7.1246678 7.1250339
7.1202774 7.1196575 7.119071 7.1185184 7.118 7.1175158 7.1170659 7.1166501 7.1162684 7.1159204 7.1156058 7.1153239 7.1150744 7.1148565 7.1146695 7.1145125 7.1143849 7.1142855 7.1142135 7.1141679 7.1141476 7.1141515 7.1141787 7.114228 7.1142984 7.1143886 7.1144978 7.1146248 7.1147686 7.1149282 7.1151026 7.1152908 7.1154919 7.1157051 7.1159296 7.1161645 7.1164091 7.1166627 7.1169247 7.1171945 7.1174715 7.1177554 7.1180455 7.1183416 7.1186433 7.1189503 7.1192624 7.1195794 7.1199011 7.1202274 7.1205583 7.1208938 7.1212337 7.1215783 7.1219275 7.1222814 7.1226403 7.1230042 7.1233732 7.1237477
7.1185161 7.117877 7.1172733 7.1167054 7.1161735 7.1156777 7.1152181 7.1147946 7.1144069 7.1140548 7.1137377 7.1134551 7.1132065 7.112991 7.1128078 7.1126562 7.1125351 7.1124436 7.1123805 7.1123449 7.1123355 7.1123513 7.112391 7.1124535 7.1125376 7.1126422 7.1127661 7.1129081 7.1130672 7.1132423 7.1134322 7.113636 7.1138528 7.1140815 7.1143214 7.1145715 7.1148311 7.1150996 7.1153761 7.1156601 7.115951 7.1162484 7.1165518 7.1168607 7.1171749 7.117494 7.1178178 7.1181461 7.1184788 7.1188158 7.1191571 7.1195025 7.1198523 7.1202063 7.1205647 7.1209277 7.1212954 7.121668 7.1220456 7.1224285
7.1166871 7.1160281 7.1154065 7.1148227 7.1142769 7.1137694 7.1133 7.1128687 7.1124752 7.1121192 7.1118 7.1115172 7.1112701 7.1110577 7.1108793 7.1107338 7.1106203 7.1105376 7.1104846 7.11046 7.1104628 7.1104915 7.110545 7.110622 7.1107211 7.1108412 7.110981 7.1111393 7.1113149 7.1115066 7.1117132 7.1119338 7.1121672 7.1124125 7.1126687 7.1129351 7.1132106 7.1134947 7.1137865 7.1140855 7.1143911 7.1147026 7.1150198 7.1153421 7.1156692 7.1160009 7.1163368 7.1166769 7.1170209 7.1173689 7.1177207 7.1180764 7.118436 7.1187997 7.1191675 7.1195396 7.1199162 7.1202975 7.1206838 7.1210753
7.1147866 7.1141068 7.1134666 7.1128664 7.1123064 7.1117868 7.1113076 7.1108686 7.1104695 7.1101099 7.1097892 7.1095067 7.1092617 7.1090533 7.1088805 7.1087422 7.1086373 7.1085645 7.1085227 7.1085105 7.1085266 7.1085696 7.1086382 7.108731 7.1088465 7.1089835 7.1091405 7.1093164 7.1095097 7.1097192 7.1099438 7.1101823 7.1104335 7.1106965 7.1109702 7.1112537 7.1115462 7.1118468 7.1121548 7.1124695 7.1127904 7.1131168 7.1134484 7.1137847 7.1141253 7.11447 7.1148184 7.1151706 7.1155263 7.1158855 7.1162481 7.1166143 7.116984 7.1173574 7.1177347 7.118116 7.1185016 7.1188917 7.1192866 7.1196866
7.1128107 7.1121092 7.1114497 7.1108324 7.1102579 7.109726 7.1092369 7.1087902 7.1083858 7.108023 7.1077012 7.1074197 7.1071777 7.1069741 7.1068078 7.1066778 7.1065826 7.1065211 7.1064918 7.1064933 7.1065242 7.1065829 7.106668 7.1067779 7.1069113 7.1070666 7.1072423 7.1074371 7.1076496 7.1078784 7.1081222 7.1083799 7.1086501 7.1089319 7.1092242 7.109526 7.1098363 7.1101544 7.1104795 7.1108108 7.1111477 7.1114898 7.1118364 7.1121872 7.1125418 7.1129 7.1132615 7.1136261 7.1139938 7.1143644 7.1147381 7.1151149 7.1154949 7.1158782 7.116265 7.1166556 7.1170502 7.1174492 7.1178527 7.1182612
7.110755 7.1100309 7.1093513 7.1087165 7.1081269 7.1075825 7.1070834 7.1066292 7.1062197 7.1058541 7.1055319 7.1052521 7.1050139 7.1048161 7.1046575 7.1045369 7.1044528 7.1044039 7.1043885 7.1044052 7.1044523 7.1045283 7.1046315 7.1047602 7.104913 7.1050882 7.1052841 7.1054994 7.1057325 7.105982 7.1062464 7.1065246 7.1068152 7.1071171 7.1074291 7.1077503 7.1080796 7.1084161 7.1087592 7.1091079 7.1094618 7.1098201 7.1101825 7.1105485 7.1109177 7.1112898 7.1116647 7.1120421 7.1124221 7.1128045 7.1131895 7.1135771 7.1139675 7.1143607 7.1147572 7.1151571 7.1155608 7.1159685 7.1163807 7.1167978
7.108615 7.1078673 7.1071667 7.1065137 7.1059087 7.1053516 7.1048424 7.1043809 7.1039666 7.1035988 7.1032767 7.1029995 7.1027661 7.1025752 7.1024255 7.1023157 7.1022441 7.1022092 7.1022093 7.1022428 7.1023078 7.1024027 7.1025257 7.102675 7.1028489 7.1030456 7.1032634 7.1035008 7.1037562 7.1040279 7.1043145 7.1046146 7.104927 7.1052503 7.1055833 7.105925 7.1062744 7.1066305 7.1069925 7.1073596 7.1077312 7.1081066 7.1084854 7.1088672 7.1092515 7.1096381 7.1100268 7.1104175 7.11081 7.1112045 7.111601 7.1119996 7.1124004 7.1128038 7.1132099 7.1136192 7.1140319 7.1144484 7.1148692 7.1152947
7.1063857 7.1056133 7.1048909 7.1042191 7.1035981 7.1030281 7.1025089 7.1020402 7.1016215 7.101252 7.1009309 7.1006572 7.1004296 7.1002469 7.1001074 7.1000098 7.0999522 7.099933 7.0999504 7.1000024 7.1000872 7.1002029 7.1003475 7.1005192 7.100716 7.1009361 7.1011777 7.101439 7.1017183 7.1020139 7.1023243 7.1026479 7.1029835 7.1033296 7.103685 7.1040485 7.1044191 7.1047959 7.1051779 7.1055643 7.1059545 7.1063478 7.1067438 7.1071419 7.1075419 7.1079435 7.1083465 7.1087508 7.1091563 7.1095631 7.1099712 7.1103809 7.1107924 7.1112059 7.1116218 7.1120403 7.112462 7.1128873 7.1133166 7.1137504
7.1040618 7.1032635 7.1025184 7.1018271 7.1011898 7.1006066 7.1000774 7.0996017 7.0991791 7.0988086 7.0984893 7.0982201 7.0979996 7.0978263 7.0976986 7.0976148 7.097573 7.0975714 7.0976078 7.0976803 7.0977869 7.0979254 7.0980937 7.0982897 7.0985115 7.098757 7.0990242 7.0993113 7.0996163 7.0999377 7.1002735 7.1006224 7.1009827 7.1013531 7.1017323 7.102119 7.1025121 7.1029107 7.1033138 7.1037205 7.1041302 7.1045423 7.1049561 7.1053714 7.1057877 7.1062048 7.1066225 7.1070407 7.1074594 7.1078788 7.1082988 7.1087198 7.1091419 7.1095656 7.1099911 7.110419 7.1108496 7.1112835 7.1117212 7.1121632
