Cobbity4/OpenEM/Corrections/QGIS/Second.asc
NCOLS 600
NROWS 379
XLLCORNER 150.66
YLLCORNER -34.0276
CELLSIZE 1e-05
NODATA_VALUE -9999
[rows 182 to 207 of 379, columns 300 to 359 of 600]
7.2074222 7.036925 6.8643593 6.7174676 6.6167059 6.5809642 6.6357727 6.7414918 6.844941 6.9279827 6.9914758 7.0402199 7.0783603 7.1087991 7.1334894 7.1537668 7.1705758 7.1846073 7.1963817 7.2063008 7.2146799 7.2217706 7.227776 7.2328618 7.2371647 7.2407977 7.2438558 7.2464185 7.2485534 7.2503178 7.2517607 7.2529241 7.2538443 7.2545525 7.255076 7.2554381 7.2556596 7.2557583 7.2557499 7.2556481 7.2554652 7.2552116 7.2548969 7.2545291 7.2541157 7.253663 7.2531768 7.2526621 7.2521233 7.2515644 7.2509889 7.2503998 7.2498 7.2491918 7.2485774 7.2479586 7.2473372 7.2467145 7.246092 7.2454706
7.1473242 6.9482039 6.7325463 6.5726151 6.5582177 6.6321379 6.7177936 6.8042606 6.8847629 6.9531106 7.0083459 7.0523554 7.0875498 7.1159831 7.1392114 7.1583761 7.1743168 7.1876611 7.1988869 7.2083653 7.2163891 7.2231926 7.2289653 7.2338625 7.2380124 7.2415215 7.2444793 7.2469611 7.2490308 7.2507429 7.2521441 7.2532746 7.2541689 7.254857 7.2553649 7.2557154 7.2559283 7.2560208 7.2560081 7.2559037 7.2557192 7.255465 7.2551503 7.254783 7.2543704 7.2539187 7.2534335 7.2529198 7.252382 7.251824 7.2512492 7.2506607 7.2500612 7.2494531 7.2488385 7.2482194 7.2475974 7.2469739 7.2463503 7.2457276
7.0921858 6.8560148 6.5501712 6.2830894 6.3367421 6.5618995 6.7264849 6.8336867 6.9124426 6.9744435 7.0241471 7.0641867 7.0966174 7.1230833 7.1448611 7.1629223 7.1780038 7.1906683 7.2013504 7.2103909 7.2180603 7.2245759 7.2301143 7.2348208 7.2388151 7.2421977 7.2450525 7.2474509 7.2494531 7.251111 7.2524688 7.2535648 7.2544319 7.2550989 7.2555907 7.255929 7.2561329 7.2562191 7.2562024 7.2560954 7.2559098 7.2556555 7.2553414 7.2549753 7.2545643 7.2541144 7.2536312 7.2531196 7.2525838 7.2520277 7.2514548 7.2508679 7.2502698 7.249663 7.2490494 7.2484311 7.2478096 7.2471864 7.2465628 7.24594
7.0577078 6.8228649 6.5085619 6.2184308 6.2860102 6.5480965 6.7379277 6.8548993 6.9338551 6.9925036 7.0384391 7.0753234 7.105333 7.1299758 7.1503694 7.1673626 7.1816066 7.1936055 7.2037534 7.212362 7.2196803 7.2259097 7.2312143 7.2357293 7.2395672 7.2428218 7.2455722 7.2478856 7.2498189 7.2514212 7.2527344 7.2537948 7.2546339 7.2552791 7.2557542 7.25608 7.2562749 7.2563549 7.2563341 7.256225 7.2560386 7.2557847 7.2554718 7.2551077 7.254699 7.2542518 7.2537716 7.2532629 7.2527301 7.252177 7.2516069 7.2510227 7.2504272 7.2498226 7.2492112 7.2485947 7.2479748 7.2473531 7.2467306 7.2461088
7.0374484 6.8475742 6.6422066 6.482414 6.5027059 6.6470071 6.7833619 6.8828271 6.954752 7.0090169 7.0515446 7.0857113 7.1135883 7.1365729 7.1556751 7.1716544 7.1850941 7.1964488 7.2060766 7.2142627 7.2212362 7.2271833 7.2322563 7.2365812 7.2402629 7.2433894 7.246035 7.2482628 7.2501265 7.2516724 7.2529403 7.2539646 7.2547752 7.2553982 7.2558564 7.2561696 7.2563555 7.2564293 7.2564048 7.2562939 7.2561072 7.2558542 7.2555432 7.2551817 7.2547761 7.2543325 7.2538559 7.2533512 7.2528223 7.2522731 7.2517068 7.2511264 7.2505344 7.2499332 7.2493249 7.2487114 7.2480942 7.2474748 7.2468546 7.2462347
6.9981477 6.8368044 6.7153415 6.6581139 6.6751649 6.7483079 6.8359008 6.9132638 6.9754067 7.0245163 7.0636909 7.0953844 7.1213465 7.1428251 7.1607343 7.1757622 7.1884382 7.1991757 7.2083019 7.2160781 7.2227156 7.2283863 7.2332318 7.2373693 7.2408966 7.2438962 7.2464375 7.2485798 7.2503739 7.2518634 7.2530858 7.2540739 7.2548559 7.2554567 7.255898 7.2561987 7.2563757 7.2564437 7.2564158 7.2563035 7.256117 7.2558655 7.255557 7.2551987 7.2547971 7.2543577 7.2538858 7.2533858 7.2528618 7.2523174 7.2517559 7.2511802 7.2505927 7.2499959 7.2493918 7.2487821 7.2481687 7.2475528 7.2469357 7.2463187
6.9157885 6.7146935 6.5890984 6.6072559 6.6961247 6.7876347 6.8690079 6.9376987 6.9936343 7.038602 7.0748547 7.1043511 7.128596 7.1487076 7.1655187 7.1796598 7.1916161 7.2017668 7.2104126 7.2177942 7.2241065 7.2295089 7.2341327 7.238087 7.2414629 7.2443376 7.2467761 7.2488342 7.2505594 7.251993 7.2531703 7.2541224 7.2548761 7.255455 7.2558796 7.2561681 7.2563366 7.2563991 7.2563683 7.2562551 7.2560694 7.25582 7.2555146 7.2551604 7.2547633 7.2543291 7.2538625 7.2533681 7.2528499 7.2523113 7.2517555 7.2511853 7.2506034 7.2500119 7.2494128 7.2488081 7.2481993 7.2475878 7.2469749 7.2463618
6.819701 6.5202744 6.3093858 6.4188279 6.635033 6.7860615 6.88463 6.9550863 7.0088006 7.0510942 7.0850252 7.112628 7.1353418 7.154212 7.1700131 7.1833293 7.19461 7.2042058 7.2123944 7.2193985 7.2253985 7.2305422 7.2349515 7.2387279 7.2419567 7.2447096 7.2470477 7.2490233 7.2506811 7.2520598 7.253193 7.2541098 7.2548358 7.2553932 7.2558017 7.2560785 7.256239 7.2562966 7.2562633 7.2561498 7.2559655 7.2557189 7.2554174 7.2550678 7.2546762 7.2542478 7.2537875 7.2532996 7.2527879 7.2522559 7.2517067 7.2511431 7.2505675 7.2499822 7.2493892 7.2487903 7.248187 7.2475808 7.246973 7.2463647
6.7904443 6.4770947 6.2470556 6.3764509 6.6239648 6.7935635 6.899014 6.9701366 7.0222121 7.0623859 7.0943475 7.120278 7.1416091 7.1593432 7.174211 7.1867594 7.197407 7.2064796 7.2142352 7.2208801 7.226582 7.2314778 7.2356812 7.2392864 7.2423731 7.2450083 7.2472493 7.2491448 7.2507372 7.2520627 7.253153 7.2540357 7.2547349 7.2552717 7.2556648 7.2559307 7.2560838 7.2561371 7.2561021 7.2559889 7.2558067 7.2555635 7.2552666 7.2549225 7.254537 7.2541153 7.253662 7.2531813 7.2526771 7.2521526 7.2516108 7.2510546 7.2504863 7.2499081 7.249322 7.2487298 7.2481329 7.247533 7.2469311 7.2463285
6.8351065 6.6343913 6.5046828 6.5588762 6.7041411 6.8303872 6.9211794 6.98646 7.035223 7.0729839 7.1030222 7.1273855 7.1474328 7.1641123 7.1781115 7.1899429 7.1999972 7.2085779 7.2159248 7.2222299 7.2276487 7.2323088 7.2363156 7.2397573 7.242708 7.2452304 7.247378 7.2491967 7.2507262 7.2520006 7.2530498 7.2538998 7.2545734 7.2550907 7.2554695 7.2557252 7.2558718 7.2559216 7.2558856 7.2557736 7.2555941 7.2553552 7.2550636 7.2547257 7.2543471 7.2539328 7.2534873 7.2530148 7.2525187 7.2520025 7.2514691 7.250921 7.2503608 7.2497906 7.2492123 7.2486276 7.2480381 7.2474451 7.24685 7.2462539
6.8501699 6.7391229 6.6904132 6.7160795 6.7911786 6.8748008 6.9466491 7.0035612 7.0480152 7.0830755 7.111163 7.1340105 7.152841 7.1685294 7.1817148 7.1928747 7.202373 7.2104921 7.2174549 7.2234399 7.2285916 7.2330288 7.2368496 7.2401361 7.2429576 7.2453727 7.2474316 7.2491772 7.2506468 7.2518726 7.2528828 7.2537019 7.2543515 7.2548506 7.2552161 7.2554628 7.2556038 7.2556511 7.2556149 7.2555048 7.255329 7.255095 7.2548095 7.2544786 7.2541077 7.2537016 7.2532648 7.2528011 7.252314 7.2518069 7.2512826 7.2507436 7.2501923 7.2496309 7.2490611 7.2484848 7.2479034 7.2473183 7.2467308 7.246142
6.7468919 6.6503334 6.6703389 6.74582 6.8284849 6.9041156 6.9678568 7.0192302 7.0600402 7.0925674 7.1187787 7.1401725 7.1578459 7.1725982 7.1850189 7.1955497 7.2045278 7.2122151 7.2188185 7.2245037 7.229405 7.2336328 7.2372787 7.2404192 7.243119 7.2454329 7.247408 7.2490847 7.2504979 7.2516781 7.2526516 7.2534419 7.2540692 7.2545517 7.2549053 7.2551441 7.2552807 7.2553264 7.255291 7.2551837 7.2550123 7.2547842 7.2545056 7.2541825 7.2538201 7.253423 7.2529955 7.2525415 7.2520643 7.251567 7.2510526 7.2505234 7.2499819 7.24943 7.2488696 7.2483024 7.2477299 7.2471535 7.2465743 7.2459936
6.5294667 6.3760735 6.4990937 6.6906464 6.8268029 6.9180127 6.9833804 7.0326894 7.0709967 7.1013655 7.1258459 7.1458671 7.1624454 7.1763157 7.1880192 7.1979622 7.2064555 7.213741 7.22001 7.2254161 7.2300842 7.2341169 7.2375996 7.2406037 7.2431897 7.2454091 7.247306 7.2489183 7.2502789 7.2514165 7.2523562 7.2531199 7.2537269 7.2541945 7.2545377 7.2547699 7.2549033 7.2549485 7.254915 7.2548114 7.2546454 7.2544239 7.2541531 7.2538386 7.2534854 7.2530982 7.2526809 7.2522372 7.2517706 7.251284 7.2507803 7.2502617 7.2497306 7.249189 7.2486388 7.2480815 7.2475187 7.2469516 7.2463816 7.2458097
6.4098712 6.2131592 6.3987113 6.659311 6.8283885 6.9304271 6.9972757 7.0449962 7.0811233 7.1095064 7.1323584 7.1510822 7.1666288 7.1796728 7.1907081 7.2001058 7.2081505 7.2150647 7.2210249 7.2261733 7.2306258 7.2344781 7.2378097 7.2406875 7.2431682 7.2453 7.2471244 7.2486772 7.2499893 7.2510878 7.2519965 7.2527361 7.2533251 7.2537795 7.2541139 7.2543411 7.2544725 7.2545184 7.2544878 7.2543889 7.2542293 7.2540153 7.2537532 7.2534481 7.253105 7.2527283 7.252322 7.2518895 7.2514343 7.2509591 7.2504667 7.2499595 7.2494397 7.2489091 7.2483697 7.2478231 7.2472706 7.2467137 7.2461535 7.2455911
6.5659185 6.427974 6.5362033 6.7218214 6.861146 6.9520768 7.0133503 7.0573699 7.0907535 7.1170512 7.1383065 7.1557967 7.1703784 7.1826569 7.193077 7.2019743 7.2096083 7.2161827 7.2218603 7.2267728 7.2310279 7.2347147 7.2379078 7.2406696 7.2430536 7.245105 7.246863 7.2483612 7.2496291 7.2506922 7.251573 7.2522912 7.2528642 7.2533076 7.253635 7.2538586 7.2539894 7.2540372 7.2540106 7.2539176 7.2537651 7.2535597 7.253307 7.2530123 7.2526801 7.2523148 7.2519201 7.2514996 7.2510564 7.2505934 7.2501132 7.249618 7.2491101 7.2485913 7.2480635 7.2475282 7.2469868 7.2464407 7.245891 7.2453388
6.7838749 6.7080827 6.7399832 6.8278887 6.9138342 6.9809878 7.0313736 7.0697695 7.0998262 7.1239322 7.1436354 7.159973 7.1736704 7.1852539 7.1951176 7.2035631 7.2108261 7.2170935 7.2225154 7.2272141 7.2312899 7.2348265 7.2378935 7.2405499 7.2428458 7.2448241 7.2465218 7.2479707 7.2491987 7.2502301 7.2510861 7.2517856 7.2523452 7.2527795 7.2531016 7.2533233 7.253455 7.2535059 7.2534845 7.2533984 7.2532542 7.2530582 7.2528159 7.2525323 7.2522118 7.2518586 7.2514765 7.2510687 7.2506383 7.2501882 7.2497207 7.2492383 7.248743 7.2482367 7.2477211 7.2471978 7.2466682 7.2461335 7.245595 7.2450537
6.9027017 6.8621422 6.8695997 6.9099126 6.96048 7.0079162 7.0480704 7.0809842 7.1078573 7.1299373 7.1482447 7.1635617 7.1764805 7.1874524 7.1968253 7.2048709 7.2118044 7.217798 7.2229912 7.2274982 7.2314131 7.2348143 7.2377677 7.240329 7.2425456 7.2444581 7.2461016 7.2475064 7.248699 7.2497024 7.2505369 7.2512205 7.2517689 7.2521962 7.252515 7.2527364 7.2528703 7.2529258 7.2529108 7.2528326 7.2526978 7.2525121 7.2522811 7.2520094 7.2517014 7.2513612 7.2509922 7.2505979 7.2501811 7.2497445 7.2492906 7.2488216 7.2483396 7.2478464 7.2473437 7.2468331 7.2463158 7.2457933 7.2452665 7.2447367
6.9051553 6.8941951 6.9122149 6.9466038 6.9867836 7.0257628 7.0603178 7.0897031 7.1143023 7.1348392 7.1520397 7.1665247 7.1787957 7.1892502 7.1982025 7.2059018 7.2125476 7.2183006 7.2232917 7.2276286 7.2314001 7.2346806 7.2375325 7.2400088 7.2421545 7.2440083 7.2456037 7.2469695 7.248131 7.2491101 7.2499264 7.2505968 7.2511365 7.251559 7.2518763 7.252099 7.2522367 7.252298 7.2522906 7.2522215 7.2520969 7.2519227 7.2517037 7.2514448 7.2511502 7.2508237 7.2504687 7.2500885 7.2496859 7.2492635 7.2488238 7.248369 7.2479009 7.2474215 7.2469323 7.2464349 7.2459307 7.2454208 7.2449065 7.2443887
6.7899923 6.8265107 6.8866161 6.9436712 6.9923334 7.0331194 7.0671339 7.095417 7.1189352 7.1385517 7.1549962 7.1688631 7.1806261 7.19066 7.1992616 7.206667 7.2130651 7.2186091 7.2234234 7.2276106 7.2312554 7.234429 7.2371909 7.2395918 7.2416748 7.2434768 7.2450299 7.2463617 7.2474963 7.2484548 7.249256 7.249916 7.2504494 7.2508692 7.2511868 7.2514124 7.2515554 7.2516238 7.2516253 7.2515663 7.2514531 7.2512911 7.2510852 7.2508399 7.2505594 7.2502473 7.249907 7.2495417 7.249154 7.2487465 7.2483217 7.2478815 7.247428 7.2469629 7.2464879 7.2460044 7.2455137 7.2450172 7.2445158 7.2440107
6.5555961 6.6847375 6.8209128 6.9182692 6.9850588 7.033172 7.0697425 7.0986179 7.1219819 7.1411981 7.1571927 7.1706319 7.1820122 7.1917124 7.2000262 7.2071846 7.2133716 7.2187351 7.2233955 7.2274517 7.2309853 7.2340647 7.2367473 7.2390817 7.2411095 7.2428662 7.2443824 7.2456849 7.2467967 7.2477382 7.2485273 7.2491796 7.2497091 7.2501282 7.2504479 7.2506782 7.2508278 7.2509047 7.2509161 7.2508685 7.2507676 7.2506187 7.2504267 7.2501959 7.2499303 7.2496334 7.2493085 7.2489586 7.2485865 7.2481946 7.2477852 7.2473604 7.2469221 7.2464719 7.2460116 7.2455425 7.245066 7.2445833 7.2440955 7.2436036
6.3146123 6.554559 6.7632963 6.8943553 6.9762897 7.0311328 7.0705285 7.1004215 7.123991 7.1430683 7.1587947 7.1719331 7.1830212 7.1924538 7.2005297 7.2074798 7.2134859 7.2186933 7.2232197 7.2271611 7.230597 7.2335936 7.2362065 7.2384826 7.2404622 7.2421795 7.2436641 7.2449416 7.2460345 7.2469623 7.2477422 7.2483893 7.2489171 7.2493375 7.2496612 7.2498976 7.2500553 7.250142 7.2501646 7.2501293 7.2500417 7.2499069 7.2497297 7.2495141 7.2492641 7.2489831 7.2486743 7.2483406 7.2479847 7.247609 7.2472156 7.2468067 7.2463841 7.2459495 7.2455044 7.2450503 7.2445885 7.2441202 7.2436464 7.2431682
6.3485459 6.5644265 6.7616585 6.8914478 6.9749847 7.031395 7.0717135 7.101979 7.1255783 7.1445059 7.1600044 7.1728921 7.1837349 7.1929404 7.2008121 7.2075817 7.2134301 7.2185007 7.2229091 7.2267494 7.2300991 7.2330228 7.2355743 7.2377994 7.239737 7.2414202 7.2428778 7.2441346 7.2452121 7.2461293 7.2469027 7.2475471 7.2480753 7.2484989 7.2488282 7.2490723 7.2492396 7.2493373 7.2493721 7.2493502 7.2492768 7.2491571 7.2489954 7.2487959 7.2485622 7.2482978 7.2480058 7.2476889 7.2473498 7.2469908 7.2466141 7.2462216 7.2458153 7.2453967 7.2449674 7.2445288 7.2440822 7.2436288 7.2431695 7.2427055
6.5743752 6.6823477 6.8091857 6.9100262 6.9829852 7.0355824 7.0744369 7.1040248 7.1272037 7.1457994 7.1610059 7.17363 7.1842356 7.1932297 7.2009148 7.2075211 7.2132274 7.2181752 7.222478 7.2262279 7.2295009 7.2323597 7.234857 7.2370373 7.2389383 7.2405923 7.2420271 7.2432667 7.2443321 7.2452415 7.2460111 7.246655 7.2471856 7.2476143 7.2479508 7.2482041 7.2483821 7.248492 7.2485402 7.2485326 7.2484745 7.2483706 7.2482253 7.2480425 7.2478259 7.2475788 7.2473041 7.2470046 7.2466829 7.2463412 7.2459817 7.2456063 7.2452167 7.2448147 7.2444017 7.2439791 7.2435482 7.24311 7.2426658 7.2422165
6.7110913 6.7803291 6.8619529 6.9362204 6.9962062 7.0427274 7.0786684 7.1067586 7.1290808 7.1471226 7.1619297 7.1742423 7.1845931 7.1933734 7.2008767 7.2073276 7.2129009 7.217735 7.2219407 7.2256082 7.2288116 7.2316121 7.234061 7.2362017 7.2380707 7.2396996 7.2411153 7.2423411 7.2433972 7.2443016 7.2450696 7.245715 7.24625 7.2466854 7.2470306 7.2472944 7.2474845 7.2476077 7.2476704 7.2476781 7.247636 7.2475488 7.2474206 7.2472553 7.2470565 7.2468272 7.2465706 7.2462891 7.2459853 7.2456615 7.2453197 7.2449618 7.2445895 7.2442045 7.2438083 7.2434021 7.2429873 7.242565 7.2421362 7.241702
6.7357252 6.8247261 6.8973886 6.9590512 7.009968 7.0509974 7.0837696 7.1100154 7.131218 7.1485371 7.1628452 7.1747911 7.1848589 7.1934129 7.2007307 7.2070274 7.2124715 7.2171967 7.2213108 7.2249014 7.2280404 7.2307876 7.2331928 7.2352981 7.2371391 7.2387464 7.2401461 7.2413609 7.2424105 7.243312 7.2440806 7.2447296 7.2452706 7.2457142 7.2460696 7.2463453 7.2465485 7.2466861 7.2467642 7.2467882 7.246763 7.2466932 7.2465829 7.2464358 7.2462553 7.2460446 7.2458064 7.2455435 7.2452582 7.2449528 7.2446291 7.2442892 7.2439347 7.2435672 7.2431882 7.2427989 7.2424006 7.2419945 7.2415816 7.2411629
6.7318661 6.8438785 6.919252 6.9764646 7.0221528 7.0591108 7.0890983 7.1135168 7.1335191 7.1500299 7.1637732 7.1753084 7.1850659 7.1933779 7.2005025 7.2066421 7.211957 7.2165753 7.2206007 7.2241178 7.2271962 7.2298937 7.2322587 7.234332 7.2361481 7.2377367 7.2391232 7.2403295 7.2413748 7.2422756 7.2430467 7.2437008 7.2442495 7.2447028 7.2450697 7.2453583 7.2455759 7.2457289 7.2458233 7.2458643 7.2458569 7.2458052 7.2457135 7.2455852 7.2454237 7.245232 7.245013 7.2447692 7.2445029 7.2442163 7.2439113 7.2435898 7.2432535 7.2429039 7.2425425 7.2421705 7.2417892 7.2413997 7.2410031 7.2406002
