Cobbity4/OpenEM/Corrections/QGIS/Second.asc
NCOLS 600
NROWS 379
XLLCORNER 150.66
YLLCORNER -34.0276
CELLSIZE 1e-05
NODATA_VALUE -9999
[rows 52 to 77 of 379, columns 360 to 419 of 600]
7.1544291 7.1552295 7.1560227 7.1568084 7.1575863 7.1583562 7.1591178 7.1598709 7.1606154 7.161351 7.1620775 7.1627949 7.1635031 7.1642018 7.1648911 7.1655707 7.1662407 7.1669011 7.1675517 7.1681925 7.1688235 7.1694447 7.1700561 7.1706577 7.1712495 7.1718316 7.172404 7.1729667 7.1735198 7.1740633 7.1745973 7.1751219 7.1756371 7.176143 7.1766397 7.1771273 7.1776058 7.1780754 7.1785362 7.1789882 7.1794316 7.1798664 7.1802928 7.1807109 7.1811207 7.1815224 7.1819161 7.1823019 7.1826799 7.1830503 7.1834131 7.1837684 7.1841164 7.1844571 7.1847908 7.1851175 7.1854372 7.1857502 7.1860566 7.1863563
7.1539372 7.1547582 7.1555715 7.1563768 7.1571739 7.1579625 7.1587424 7.1595133 7.160275 7.1610274 7.1617704 7.1625037 7.1632273 7.163941 7.1646448 7.1653386 7.1660223 7.1666959 7.1673593 7.1680125 7.1686556 7.1692884 7.169911 7.1705235 7.1711258 7.171718 7.1723001 7.1728722 7.1734343 7.1739865 7.174529 7.1750616 7.1755846 7.176098 7.1766019 7.1770964 7.1775816 7.1780576 7.1785244 7.1789823 7.1794313 7.1798715 7.1803031 7.1807261 7.1811406 7.1815469 7.1819449 7.1823348 7.1827168 7.1830909 7.1834572 7.183816 7.1841672 7.1845111 7.1848477 7.1851772 7.1854996 7.1858151 7.1861238 7.1864259
7.1534392 7.1542814 7.1551155 7.155941 7.1567579 7.1575657 7.1583643 7.1591535 7.159933 7.1607027 7.1614624 7.162212 7.1629514 7.1636805 7.1643992 7.1651074 7.1658051 7.1664922 7.1671686 7.1678345 7.1684898 7.1691344 7.1697684 7.1703919 7.1710048 7.1716072 7.1721992 7.1727808 7.1733521 7.1739131 7.174464 7.1750048 7.1755356 7.1760566 7.1765677 7.1770692 7.177561 7.1780434 7.1785164 7.1789802 7.1794348 7.1798804 7.1803171 7.180745 7.1811643 7.181575 7.1819774 7.1823714 7.1827573 7.1831351 7.1835051 7.1838672 7.1842217 7.1845686 7.1849081 7.1852403 7.1855654 7.1858834 7.1861944 7.1864987
7.1529352 7.1537993 7.1546547 7.1555012 7.1563383 7.157166 7.1579838 7.1587917 7.1595895 7.1603769 7.1611538 7.1619201 7.1626757 7.1634205 7.1641544 7.1648773 7.1655892 7.1662901 7.1669799 7.1676586 7.1683263 7.1689829 7.1696285 7.1702631 7.1708868 7.1714996 7.1721015 7.1726927 7.1732733 7.1738432 7.1744027 7.1749517 7.1754904 7.1760189 7.1765373 7.1770458 7.1775443 7.1780331 7.1785123 7.1789819 7.1794422 7.1798932 7.1803351 7.1807679 7.1811919 7.1816071 7.1820137 7.1824118 7.1828016 7.1831832 7.1835566 7.1839221 7.1842798 7.1846297 7.1849721 7.185307 7.1856347 7.1859551 7.1862685 7.1865749
7.1524253 7.153312 7.1541894 7.1550574 7.1559154 7.1567635 7.1576011 7.1584283 7.1592447 7.1600503 7.1608449 7.1616283 7.1624004 7.1631612 7.1639106 7.1646485 7.1653749 7.1660898 7.1667932 7.167485 7.1681653 7.1688341 7.1694914 7.1701374 7.170772 7.1713952 7.1720073 7.1726082 7.1731981 7.173777 7.1743451 7.1749024 7.1754491 7.1759852 7.176511 7.1770264 7.1775317 7.1780269 7.1785122 7.1789878 7.1794537 7.1799101 7.1803571 7.1807948 7.1812235 7.1816432 7.182054 7.1824562 7.1828499 7.1832351 7.183612 7.1839808 7.1843416 7.1846946 7.1850398 7.1853774 7.1857075 7.1860304 7.186346 7.1866545
7.1519095 7.1528195 7.1537197 7.1546098 7.1554894 7.1563584 7.1572164 7.1580633 7.158899 7.1597232 7.1605358 7.1613366 7.1621257 7.1629029 7.1636681 7.1644214 7.1651626 7.1658918 7.1666089 7.167314 7.1680072 7.1686883 7.1693576 7.170015 7.1706606 7.1712945 7.1719168 7.1725275 7.1731268 7.1737148 7.1742916 7.1748572 7.1754119 7.1759557 7.1764888 7.1770113 7.1775233 7.178025 7.1785164 7.1789979 7.1794694 7.1799311 7.1803833 7.1808259 7.1812592 7.1816834 7.1820985 7.1825047 7.1829021 7.183291 7.1836714 7.1840435 7.1844074 7.1847632 7.1851112 7.1854515 7.1857841 7.1861093 7.1864271 7.1867377
7.1513881 7.1523222 7.1532458 7.1541586 7.1550604 7.1559509 7.1568299 7.1576971 7.1585524 7.1593957 7.1602268 7.1610456 7.1618519 7.1626458 7.1634273 7.1641961 7.1649524 7.1656961 7.1664273 7.167146 7.1678521 7.1685458 7.1692271 7.1698962 7.170553 7.1711976 7.1718302 7.1724509 7.1730597 7.1736568 7.1742423 7.1748163 7.1753791 7.1759306 7.176471 7.1770005 7.1775193 7.1780274 7.1785251 7.1790124 7.1794895 7.1799566 7.1804139 7.1808614 7.1812993 7.1817279 7.1821472 7.1825573 7.1829586 7.183351 7.1837348 7.1841101 7.1844771 7.1848358 7.1851866 7.1855294 7.1858644 7.1861919 7.1865119 7.1868245
7.1508612 7.15182 7.1527678 7.1537041 7.1546287 7.1555414 7.1564418 7.1573299 7.1582054 7.1590682 7.1599182 7.1607553 7.1615793 7.1623904 7.1631883 7.163973 7.1647447 7.1655032 7.1662486 7.166981 7.1677004 7.1684068 7.1691004 7.1697812 7.1704493 7.1711048 7.1717478 7.1723784 7.1729968 7.1736031 7.1741975 7.1747799 7.1753507 7.17591 7.1764578 7.1769944 7.1775199 7.1780345 7.1785383 7.1790315 7.1795142 7.1799866 7.1804489 7.1809013 7.1813439 7.1817768 7.1822002 7.1826143 7.1830193 7.1834153 7.1838025 7.1841809 7.1845509 7.1849125 7.1852659 7.1856112 7.1859486 7.1862783 7.1866004 7.186915
7.1503288 7.1513133 7.152286 7.1532465 7.1541946 7.15513 7.1560525 7.156962 7.1578582 7.158741 7.1596104 7.1604661 7.1613083 7.1621367 7.1629514 7.1637524 7.1645397 7.1653133 7.1660732 7.1668196 7.1675524 7.1682717 7.1689776 7.1696703 7.1703498 7.1710163 7.1716698 7.1723105 7.1729386 7.1735542 7.1741573 7.1747483 7.1753272 7.1758942 7.1764494 7.1769931 7.1775253 7.1780463 7.1785563 7.1790553 7.1795436 7.1800214 7.1804887 7.1809459 7.181393 7.1818302 7.1822578 7.1826758 7.1830845 7.1834839 7.1838744 7.184256 7.1846289 7.1849933 7.1853493 7.1856971 7.1860368 7.1863686 7.1866927 7.1870092
7.1497914 7.1508023 7.1518006 7.152786 7.1537583 7.1547171 7.1556623 7.1565937 7.1575111 7.1584144 7.1593036 7.1601785 7.161039 7.1618853 7.1627172 7.1635347 7.1643379 7.1651267 7.1659014 7.1666619 7.1674083 7.1681406 7.1688591 7.1695638 7.1702549 7.1709324 7.1715965 7.1722474 7.1728852 7.1735101 7.1741221 7.1747216 7.1753086 7.1758834 7.176446 7.1769967 7.1775357 7.1780632 7.1785792 7.1790841 7.1795779 7.180061 7.1805333 7.1809952 7.1814469 7.1818884 7.18232 7.1827419 7.1831542 7.1835571 7.1839508 7.1843354 7.1847112 7.1850783 7.1854368 7.185787 7.186129 7.186463 7.186789 7.1871073
7.1492491 7.1502872 7.151312 7.152323 7.1533201 7.1543029 7.1552714 7.1562253 7.1571644 7.1580888 7.1589982 7.1598926 7.160772 7.1616364 7.1624857 7.1633201 7.1641394 7.1649439 7.1657334 7.1665083 7.1672684 7.1680141 7.1687452 7.1694621 7.1701648 7.1708535 7.1715283 7.1721894 7.1728369 7.1734711 7.1740921 7.1747001 7.1752953 7.1758778 7.1764479 7.1770056 7.1775514 7.1780852 7.1786073 7.179118 7.1796174 7.1801056 7.1805829 7.1810496 7.1815057 7.1819514 7.182387 7.1828126 7.1832285 7.1836348 7.1840317 7.1844193 7.1847979 7.1851677 7.1855287 7.1858812 7.1862254 7.1865613 7.1868893 7.1872094
7.1487021 7.1497683 7.1508203 7.1518577 7.1528804 7.1538879 7.1548802 7.1558572 7.1568186 7.1577644 7.1586945 7.1596089 7.1605075 7.1613904 7.1622575 7.163109 7.1639448 7.164765 7.1655698 7.1663591 7.1671332 7.1678922 7.1686362 7.1693654 7.1700798 7.1707797 7.1714653 7.1721367 7.1727941 7.1734376 7.1740676 7.1746841 7.1752874 7.1758777 7.1764551 7.17702 7.1775724 7.1781126 7.1786408 7.1791572 7.179662 7.1801555 7.1806377 7.181109 7.1815695 7.1820194 7.182459 7.1828883 7.1833077 7.1837173 7.1841173 7.1845078 7.1848892 7.1852615 7.1856249 7.1859797 7.1863259 7.1866639 7.1869936 7.1873154
7.1481508 7.149246 7.150326 7.1513906 7.1524395 7.1534724 7.1544892 7.1554898 7.156474 7.1574418 7.1583931 7.1593278 7.160246 7.1611478 7.162033 7.1629018 7.1637543 7.1645906 7.1654107 7.1662148 7.167003 7.1677755 7.1685325 7.169274 7.1700003 7.1707115 7.1714079 7.1720896 7.1727568 7.1734098 7.1740487 7.1746738 7.1752853 7.1758833 7.1764681 7.17704 7.1775991 7.1781456 7.1786798 7.179202 7.1797122 7.1802108 7.1806979 7.1811737 7.1816386 7.1820926 7.182536 7.182969 7.1833918 7.1838046 7.1842076 7.184601 7.184985 7.1853598 7.1857256 7.1860825 7.1864308 7.1867706 7.1871021 7.1874255
7.1475955 7.1487206 7.1498295 7.150922 7.1519979 7.1530568 7.1540988 7.1551236 7.1561311 7.1571213 7.1580942 7.1590497 7.1599879 7.1609088 7.1618125 7.162699 7.1635684 7.1644209 7.1652566 7.1660756 7.1668781 7.1676643 7.1684343 7.1691883 7.1699265 7.1706491 7.1713564 7.1720484 7.1727256 7.173388 7.1740359 7.1746695 7.1752891 7.1758948 7.176487 7.1770659 7.1776316 7.1781844 7.1787246 7.1792524 7.179768 7.1802716 7.1807635 7.1812439 7.181713 7.182171 7.1826182 7.1830548 7.183481 7.1838969 7.1843029 7.1846991 7.1850857 7.1854629 7.1858309 7.1861899 7.1865401 7.1868817 7.1872149 7.1875398
7.1470365 7.1481924 7.1493311 7.1504524 7.1515559 7.1526416 7.1537093 7.1547589 7.1557903 7.1568035 7.1577984 7.1587751 7.1597337 7.1606741 7.1615965 7.1625009 7.1633876 7.1642565 7.165108 7.1659421 7.166759 7.1675589 7.1683421 7.1691086 7.1698588 7.1705929 7.1713111 7.1720135 7.1727006 7.1733724 7.1740293 7.1746714 7.1752991 7.1759126 7.1765121 7.1770979 7.1776702 7.1782293 7.1787754 7.1793087 7.1798296 7.1803382 7.1808348 7.1813196 7.1817929 7.1822549 7.1827058 7.1831459 7.1835753 7.1839943 7.1844032 7.184802 7.1851911 7.1855707 7.1859408 7.1863019 7.1866539 7.1869972 7.187332 7.1876583
7.1464745 7.1476621 7.1488314 7.1499822 7.1511142 7.1522273 7.1533214 7.1543963 7.1554521 7.1564887 7.1575062 7.1585045 7.1594837 7.160444 7.1613854 7.162308 7.1632121 7.1640977 7.1649651 7.1658145 7.1666459 7.1674598 7.1682562 7.1690354 7.1697976 7.1705432 7.1712723 7.1719852 7.1726821 7.1733634 7.1740292 7.1746799 7.1753157 7.1759368 7.1765436 7.1771362 7.1777151 7.1782803 7.1788323 7.1793711 7.1798972 7.1804107 7.180912 7.1814012 7.1818786 7.1823444 7.182799 7.1832424 7.183675 7.184097 7.1845086 7.1849101 7.1853016 7.1856833 7.1860556 7.1864185 7.1867723 7.1871172 7.1874535 7.1877812
7.1459097 7.1471299 7.1483308 7.1495119 7.1506731 7.1518143 7.1529354 7.1540363 7.1551171 7.1561776 7.157218 7.1582383 7.1592386 7.160219 7.1611797 7.1621208 7.1630426 7.1639451 7.1648286 7.1656933 7.1665394 7.1673672 7.168177 7.1689689 7.1697433 7.1705004 7.1712404 7.1719637 7.1726706 7.1733612 7.174036 7.1746951 7.175339 7.1759677 7.1765817 7.1771812 7.1777665 7.1783378 7.1788955 7.1794398 7.179971 7.1804894 7.1809952 7.1814887 7.1819701 7.1824397 7.1828977 7.1833445 7.1837802 7.184205 7.1846193 7.1850232 7.185417 7.1858009 7.1861752 7.1865399 7.1868954 7.1872418 7.1875794 7.1879084
7.1453427 7.1465966 7.1478298 7.1490421 7.1502333 7.1514033 7.1525521 7.1536795 7.1547857 7.1558706 7.1569344 7.1579771 7.1589988 7.1599997 7.16098 7.1619398 7.1628794 7.163799 7.1646987 7.1655789 7.1664399 7.1672818 7.1681049 7.1689096 7.1696961 7.1704647 7.1712158 7.1719495 7.1726662 7.1733663 7.1740499 7.1747175 7.1753693 7.1760056 7.1766267 7.177233 7.1778246 7.178402 7.1789654 7.1795151 7.1800513 7.1805744 7.1810846 7.1815823 7.1820676 7.1825408 7.1830023 7.1834523 7.1838909 7.1843186 7.1847354 7.1851417 7.1855377 7.1859237 7.1862997 7.1866662 7.1870232 7.1873711 7.18771 7.1880401
7.1447741 7.1460626 7.1473292 7.1485734 7.1497954 7.1509949 7.1521719 7.1533265 7.1544587 7.1555685 7.156656 7.1577215 7.1587649 7.1597866 7.1607867 7.1617655 7.1627231 7.1636599 7.1645761 7.1654719 7.1663477 7.1672038 7.1680404 7.1688579 7.1696566 7.1704367 7.1711987 7.1719428 7.1726694 7.1733788 7.1740713 7.1747473 7.175407 7.1760507 7.1766789 7.1772919 7.1778898 7.1784731 7.1790421 7.179597 7.1801381 7.1806659 7.1811804 7.1816821 7.1821713 7.1826481 7.1831129 7.1835659 7.1840074 7.1844377 7.184857 7.1852656 7.1856637 7.1860515 7.1864294 7.1867974 7.1871559 7.1875051 7.1878452 7.1881763
7.1442045 7.1455287 7.1468294 7.1481065 7.14936 7.1505897 7.1517956 7.1529779 7.1541366 7.1552717 7.1563834 7.157472 7.1585376 7.1595803 7.1606005 7.1615984 7.1625743 7.1635284 7.1644611 7.1653727 7.1662635 7.1671337 7.1679839 7.1688142 7.169625 7.1704167 7.1711896 7.1719441 7.1726805 7.1733992 7.1741005 7.1747847 7.1754522 7.1761034 7.1767386 7.1773581 7.1779622 7.1785513 7.1791257 7.1796858 7.1802318 7.180764 7.1812828 7.1817885 7.1822813 7.1827615 7.1832295 7.1836855 7.1841298 7.1845626 7.1849842 7.185395 7.185795 7.1861847 7.1865642 7.1869337 7.1872936 7.1876439 7.1879851 7.1883172
7.1436347 7.1449955 7.1463313 7.1476421 7.1489278 7.1501884 7.1514239 7.1526344 7.1538201 7.154981 7.1561173 7.1572294 7.1583173 7.1593814 7.1604219 7.1614391 7.1624334 7.1634051 7.1643544 7.1652818 7.1661876 7.1670721 7.1679357 7.1687789 7.1696018 7.170405 7.1711889 7.1719537 7.1726998 7.1734277 7.1741377 7.1748301 7.1755054 7.1761639 7.1768059 7.1774319 7.1780421 7.1786369 7.1792167 7.1797817 7.1803324 7.1808691 7.1813919 7.1819014 7.1823978 7.1828813 7.1833524 7.1838112 7.1842581 7.1846933 7.1851172 7.18553 7.1859319 7.1863232 7.1867042 7.1870751 7.1874362 7.1877877 7.1881298 7.1884627
7.1430653 7.1444638 7.1458357 7.147181 7.1484997 7.1497918 7.1510575 7.1522968 7.1535099 7.154697 7.1558584 7.1569942 7.1581048 7.1591905 7.1602515 7.1612883 7.1623011 7.1632904 7.1642564 7.1651997 7.1661205 7.1670193 7.1678965 7.1687524 7.1695875 7.1704022 7.1711968 7.1719719 7.1727277 7.1734647 7.1741833 7.1748838 7.1755668 7.1762324 7.1768812 7.1775135 7.1781297 7.1787301 7.1793151 7.179885 7.1804403 7.1809811 7.181508 7.1820212 7.1825209 7.1830077 7.1834816 7.1839432 7.1843926 7.1848301 7.185256 7.1856707 7.1860743 7.1864672 7.1868496 7.1872218 7.187584 7.1879364 7.1882793 7.188613
7.1424973 7.1439343 7.1453432 7.1467239 7.1480763 7.1494007 7.1506971 7.1519658 7.1532068 7.1544206 7.1556073 7.1567672 7.1579008 7.1590082 7.16009 7.1611464 7.1621779 7.1631849 7.1641678 7.1651269 7.1660628 7.1669759 7.1678666 7.1687353 7.1695824 7.1704085 7.1712139 7.1719991 7.1727645 7.1735106 7.1742376 7.1749462 7.1756366 7.1763093 7.1769648 7.1776033 7.1782252 7.1788311 7.1794212 7.1799958 7.1805555 7.1811005 7.1816312 7.1821479 7.1826509 7.1831407 7.1836174 7.1840815 7.1845333 7.1849729 7.1854008 7.1858173 7.1862225 7.1866168 7.1870005 7.1873738 7.1877369 7.1880902 7.1884338 7.1887681
7.1419315 7.1434082 7.1448549 7.1462717 7.1476587 7.149016 7.1503437 7.1516422 7.1529117 7.1541524 7.1553648 7.1565492 7.1577059 7.1588354 7.159938 7.1610142 7.1620645 7.1630893 7.164089 7.1650641 7.166015 7.1669423 7.1678465 7.1687279 7.1695871 7.1704245 7.1712406 7.1720358 7.1728107 7.1735656 7.1743011 7.1750175 7.1757153 7.1763949 7.1770568 7.1777014 7.178329 7.1789401 7.1795351 7.1801144 7.1806783 7.1812273 7.1817616 7.1822817 7.1827879 7.1832805 7.1837599 7.1842264 7.1846804 7.185122 7.1855517 7.1859698 7.1863765 7.1867721 7.1871569 7.1875311 7.1878951 7.1882491 7.1885933 7.1889281
7.1413688 7.1428862 7.1443717 7.1458255 7.1472477 7.1486385 7.1499981 7.151327 7.1526253 7.1538934 7.1551318 7.1563408 7.1575209 7.1586726 7.1597962 7.1608924 7.1619615 7.1630041 7.1640206 7.1650116 7.1659777 7.1669192 7.1678367 7.1687308 7.1696019 7.1704505 7.1712771 7.1720823 7.1728665 7.1736302 7.1743739 7.175098 7.175803 7.1764894 7.1771576 7.1778081 7.1784412 7.1790575 7.1796572 7.1802409 7.180809 7.1813617 7.1818996 7.1824229 7.182932 7.1834274 7.1839092 7.184378 7.184834 7.1852775 7.1857088 7.1861283 7.1865363 7.1869331 7.1873189 7.187694 7.1880587 7.1884132 7.1887579 7.189093
7.1408104 7.1423695 7.1438947 7.1453862 7.1468443 7.1482693 7.1496614 7.151021 7.1523485 7.1536444 7.154909 7.156143 7.1573467 7.1585207 7.1596654 7.1607815 7.1618695 7.16293 7.1639634 7.1649703 7.1659513 7.1669069 7.1678378 7.1687444 7.1696273 7.170487 7.1713241 7.172139 7.1729324 7.1737047 7.1744564 7.1751881 7.1759002 7.1765932 7.1772675 7.1779237 7.1785622 7.1791833 7.1797877 7.1803757 7.1809476 7.181504 7.1820451 7.1825715 7.1830834 7.1835813 7.1840655 7.1845363 7.1849942 7.1854394 7.1858722 7.1862931 7.1867022 7.1870999 7.1874865 7.1878623 7.1882276 7.1885826 7.1889276 7.1892629
