Cobbity4/QGIS/1mHCPcon_A.asc
NCOLS 299
NROWS 200
XLLCORNER 150.661
YLLCORNER -34.0266
CELLSIZE 1e-05
NODATA_VALUE -9999
[rows 26 to 51 of 200, columns 60 to 119 of 299]
4.8858763 4.8969716 4.9082057 4.9195788 4.9310908 4.9427413 4.95453 4.9664562 4.978519 4.9907175 5.0030502 5.0155156 5.0281118 5.0408365 5.053687 5.0666603 5.0797529 5.0929608 5.1062795 5.1197036 5.1332274 5.1468441 5.1605462 5.1743253 5.1881717 5.2020747 5.2160222 5.2300003 5.2439939 5.2579855 5.2719555 5.2858818 5.2997395 5.3135004 5.3271322 5.3405987 5.3538584 5.3668638 5.3795608 5.3918871 5.4037707 5.4151286 5.4258638 5.4358633 5.444994 5.4530986 5.4599897 5.4654425 5.4691856 5.4708878 5.4701422 5.4664437 5.4591596 5.4474889 5.4304078 5.4065935 5.374319 5.3313047 5.2745014 5.1997482
4.8837846 4.8950202 4.9064014 4.9179286 4.929602 4.9414216 4.9533874 4.9654991 4.9777563 4.9901582 5.0027041 5.0153927 5.0282226 5.0411921 5.0542991 5.0675413 5.0809156 5.0944187 5.1080469 5.1217957 5.1356599 5.149634 5.1637111 5.177884 5.1921441 5.2064819 5.2208864 5.2353454 5.2498449 5.2643694 5.2789008 5.2934191 5.3079013 5.3223214 5.3366497 5.3508526 5.3648913 5.3787218 5.3922932 5.4055469 5.4184152 5.4308193 5.4426671 5.4538505 5.4642418 5.4736891 5.48201 5.4889845 5.4943439 5.4977574 5.498813 5.496992 5.4916323 5.481878 5.4666056 5.4443163 5.4129725 5.3697438 5.310588 5.2295095
4.8815077 4.8928822 4.9044091 4.9160892 4.9279228 4.9399106 4.9520526 4.9643491 4.9767999 4.9894049 5.0021637 5.0150755 5.0281395 5.0413545 5.054719 5.0682312 5.0818888 5.0956893 5.1096297 5.1237062 5.1379147 5.1522505 5.1667079 5.1812806 5.1959614 5.210742 5.2256129 5.2405634 5.2555812 5.2706524 5.2857613 5.3008896 5.316017 5.3311199 5.3461716 5.3611415 5.3759944 5.3906899 5.4051816 5.4194154 5.4333289 5.4468491 5.4598904 5.4723518 5.4841135 5.495032 5.5049345 5.5136103 5.5208005 5.5261826 5.5293504 5.5297845 5.5268107 5.5195387 5.5067702 5.4868581 5.4574828 5.4152848 5.3552377 5.2695514
4.8790391 4.8905508 4.9022219 4.9140532 4.9260457 4.9382001 4.9505172 4.9629973 4.9756409 4.9884483 5.0014193 5.014554 5.0278519 5.0413125 5.0549348 5.0687177 5.0826598 5.0967591 5.1110135 5.1254202 5.139976 5.1546771 5.169519 5.1844968 5.1996043 5.2148347 5.2301801 5.2456315 5.2611784 5.276809 5.2925096 5.3082645 5.3240559 5.3398633 5.3556631 5.3714284 5.3871279 5.4027258 5.4181806 5.433444 5.4484597 5.4631621 5.4774735 5.4913024 5.5045393 5.517053 5.528684 5.5392371 5.5484701 5.5560793 5.561677 5.5647615 5.5646711 5.5605156 5.5510704 5.5346096 5.5086324 5.4693988 5.4111061 5.3243433
4.8763725 4.8880194 4.8998326 4.9118134 4.9239629 4.9362824 4.9487729 4.9614352 4.9742702 4.9872787 5.000461 5.0138177 5.0273489 5.0410546 5.0549345 5.0689884 5.0832153 5.0976142 5.1121839 5.1269224 5.1418275 5.1568967 5.1721266 5.1875134 5.2030525 5.2187386 5.2345655 5.2505258 5.2666112 5.282812 5.2991169 5.315513 5.3319853 5.3485165 5.3650867 5.381673 5.3982487 5.414783 5.4312401 5.4475783 5.4637487 5.479694 5.4953466 5.5106261 5.5254362 5.539661 5.5531589 5.5657561 5.5772352 5.5873214 5.5956615 5.6017928 5.6050971 5.60473 5.5995096 5.5877365 5.5668942 5.5331327 5.4803341 5.3982716
4.8735013 4.8852812 4.8972343 4.9093623 4.9216668 4.9341493 4.9468113 4.959654 4.9726787 4.9858866 4.9992787 5.012856 5.0266193 5.0405692 5.0547061 5.0690302 5.0835418 5.0982404 5.1131258 5.1281969 5.1434528 5.1588918 5.174512 5.1903109 5.2062853 5.2224317 5.2387454 5.2552213 5.271853 5.2886331 5.3055531 5.3226028 5.3397704 5.3570422 5.3744023 5.3918322 5.4093101 5.426811 5.4443053 5.4617587 5.4791307 5.4963738 5.5134314 5.5302364 5.546708 5.5627489 5.5782396 5.593033 5.6069446 5.6197396 5.6311144 5.6406683 5.6478609 5.6519458 5.6518641 5.6460707 5.6322393 5.6067516 5.563787 5.4936887
4.8704191 4.8823293 4.8944198 4.9066926 4.9191497 4.9317928 4.9446239 4.9576447 4.9708569 4.9842622 4.9978622 5.0116584 5.025652 5.0398445 5.054237 5.0688304 5.0836256 5.0986233 5.113824 5.1292278 5.1448347 5.1606444 5.1766562 5.192869 5.2092813 5.2258911 5.2426957 5.2596921 5.2768761 5.2942428 5.3117864 5.3294999 5.3473748 5.3654013 5.3835677 5.4018602 5.4202627 5.4387559 5.4573175 5.4759211 5.4945354 5.5131235 5.5316416 5.5500371 5.5682471 5.5861953 5.6037881 5.6209101 5.6374163 5.653122 5.6677877 5.6810961 5.6926174 5.7017539 5.7076512 5.7090498 5.7040289 5.6895489 5.6606076 5.6087024
4.8671192 4.8791569 4.8913821 4.9037969 4.9164037 4.9292048 4.9422023 4.9553986 4.9687957 4.9823959 4.9962013 5.0102139 5.0244357 5.0388687 5.0535148 5.0683756 5.0834529 5.0987482 5.114263 5.1299986 5.145956 5.1621361 5.1785396 5.195167 5.2120183 5.2290933 5.2463914 5.2639115 5.2816519 5.2996105 5.3177841 5.3361691 5.3547606 5.3735528 5.3925386 5.4117092 5.4310542 5.450561 5.4702146 5.4899973 5.5098875 5.5298601 5.5498845 5.5699245 5.5899363 5.6098667 5.6296511 5.6492093 5.6684415 5.6872206 5.7053826 5.7227109 5.7389125 5.7535812 5.7661358 5.7757173 5.7810077 5.77989 5.7687413 5.7407164
4.8635951 4.8757573 4.888114 4.9006677 4.9134211 4.926377 4.9395379 4.9529066 4.9664856 4.9802778 4.9942856 5.0085118 5.022959 5.0376298 5.0525268 5.0676526 5.0830096 5.0986004 5.1144273 5.1304928 5.146799 5.1633483 5.1801426 5.197184 5.2144741 5.2320147 5.249807 5.2678523 5.2861514 5.3047048 5.3235125 5.3425741 5.3618887 5.3814545 5.4012692 5.4213293 5.4416305 5.4621671 5.4829318 5.5039158 5.5251083 5.5464959 5.5680625 5.5897886 5.6116509 5.6336208 5.655664 5.6777384 5.6997922 5.7217609 5.7435626 5.7650918 5.7862093 5.8067261 5.8263783 5.8447845 5.8613713 5.875239 5.884887 5.887453
4.8598405 4.8721237 4.8846084 4.8972975 4.9101942 4.9233014 4.9366223 4.9501599 4.9639174 4.977898 4.9921049 5.0065413 5.0212106 5.0361159 5.0512606 5.0666481 5.0822817 5.0981649 5.1143011 5.1306937 5.1473463 5.1642622 5.1814452 5.1988986 5.2166259 5.2346308 5.2529165 5.2714867 5.2903447 5.3094937 5.3289371 5.3486778 5.3687189 5.3890629 5.4097123 5.4306694 5.4519358 5.4735131 5.495402 5.5176032 5.5401162 5.5629404 5.5860743 5.6095158 5.6332621 5.6573101 5.6816562 5.7062972 5.7312302 5.7564543 5.7819715 5.8077896 5.8339263 5.860416 5.8873226 5.914761 5.94294 5.9722566 6.0035793 6.0393811
4.8558487 4.8682493 4.8808583 4.8936791 4.9067151 4.9199699 4.9334468 4.9471495 4.9610816 4.9752468 4.9896488 5.0042916 5.0191789 5.0343148 5.0497033 5.0653486 5.081255 5.0974268 5.1138685 5.1305845 5.1475798 5.164859 5.1824272 5.2002894 5.2184509 5.2369172 5.2556938 5.2747866 5.2942016 5.3139449 5.334023 5.3544425 5.3752103 5.3963337 5.41782 5.439677 5.4619131 5.4845367 5.5075571 5.530984 5.5548283 5.5791016 5.6038172 5.6289904 5.6546392 5.6807853 5.7074556 5.7346845 5.7625169 5.7910129 5.8202546 5.850357 5.8814851 5.913881 5.9479108 5.984144 6.0234958 6.0674829 6.1187105 6.1820778
4.8516135 4.8641273 4.8768566 4.889805 4.9029763 4.9163744 4.9300032 4.9438667 4.957969 4.9723144 4.9869072 5.0017517 5.0168527 5.0322146 5.0478424 5.0637409 5.0799155 5.0963712 5.1131137 5.1301486 5.1474818 5.1651196 5.1830684 5.2013348 5.219926 5.2388493 5.2581125 5.2777238 5.2976918 5.3180256 5.3387349 5.35983 5.3813219 5.4032223 5.4255436 5.4482996 5.4715047 5.495175 5.5193278 5.5439826 5.5691608 5.5948868 5.6211883 5.6480976 5.6756528 5.7038996 5.7328939 5.7627055 5.7934234 5.8251634 5.8580792 5.8923802 5.9283576 5.9664276 6.0072029 6.0516153 6.1011362 6.158171 6.2266865 6.3125268
4.8471284 4.8597513 4.8725964 4.885668 4.8989701 4.9125069 4.9262829 4.9403025 4.9545704 4.9690911 4.9838697 4.9989111 5.0142206 5.0298034 5.0456652 5.0618118 5.078249 5.0949833 5.112021 5.1293691 5.1470347 5.1650253 5.1833488 5.2020135 5.2210283 5.2404026 5.2601463 5.2802699 5.3007848 5.321703 5.3430374 5.3648022 5.3870122 5.4096837 5.4328346 5.4564839 5.4806529 5.5053647 5.5306452 5.5565231 5.5830305 5.6102041 5.6380859 5.6667244 5.6961769 5.7265115 5.757811 5.7901773 5.8237386 5.8586587 5.895152 5.9335042 5.9741054 6.0175007 6.0644748 6.1161947 6.1744737 6.2422979 6.3250125 6.4331068
4.8423872 4.8551145 4.8680709 4.8812609 4.8946889 4.9083596 4.9222778 4.9364484 4.9508765 4.9655674 4.9805264 4.9957592 5.0112715 5.0270695 5.0431595 5.059548 5.0762419 5.0932483 5.1105749 5.1282296 5.1462207 5.1645572 5.1832483 5.2023041 5.2217351 5.2415527 5.261769 5.2823969 5.3034504 5.3249445 5.3468954 5.3693209 5.3922399 5.4156734 5.4396442 5.4641772 5.4893001 5.5150433 5.5414408 5.5685305 5.5963552 5.6249634 5.6544107 5.6847614 5.7160904 5.7484869 5.7820576 5.816933 5.8532745 5.891286 5.9312298 5.9734492 6.0184036 6.0667211 6.1192808 6.1773498 6.2428232 6.3186919 6.4101684 6.5286219
4.8373837 4.8502106 4.8632733 4.8765766 4.8901253 4.9039247 4.9179797 4.9322958 4.9468786 4.9617338 4.9768673 4.9922854 5.0079945 5.0240013 5.0403129 5.0569366 5.0738802 5.0911518 5.10876 5.1267137 5.1450226 5.1636969 5.1827474 5.2021856 5.2220239 5.2422755 5.2629547 5.2840769 5.3056586 5.3277178 5.350274 5.3733484 5.3969643 5.421147 5.4459244 5.4713272 5.4973893 5.5241485 5.5516467 5.579931 5.6090543 5.6390767 5.6700668 5.7021036 5.735279 5.7697008 5.8054974 5.8428238 5.8818695 5.9228702 5.966124 6.012015 6.0610465 6.1138907 6.1714613 6.2350253 6.3063767 6.3881042 6.4838458 6.597504
4.8321119 4.8450332 4.8581969 4.8716081 4.8852722 4.8991944 4.9133805 4.9278363 4.9425676 4.9575809 4.9728826 4.9884794 5.0043785 5.0205873 5.0371134 5.053965 5.0711507 5.0886796 5.1065611 5.1248054 5.1434233 5.1624263 5.1818266 5.2016373 5.2218724 5.2425473 5.2636781 5.2852827 5.3073801 5.3299913 5.3531389 5.3768478 5.4011451 5.4260608 5.4516278 5.4778823 5.5048646 5.5326195 5.5611968 5.5906524 5.6210493 5.6524587 5.6849617 5.7186512 5.7536346 5.7900373 5.8280069 5.8677194 5.9093876 5.9532722 5.9996978 6.0490753 6.1019336 6.1589649 6.2210872 6.2895298 6.3659488 6.4526092 6.5527849 6.6710329
4.8265658 4.839576 4.8528352 4.8663487 4.8801222 4.8941614 4.9084724 4.9230615 4.937935 4.9530998 4.9685627 4.9843313 5.0004131 5.0168163 5.0335491 5.0506206 5.0680401 5.0858176 5.1039635 5.1224891 5.1414062 5.1607276 5.180467 5.200639 5.2212593 5.2423449 5.2639144 5.2859875 5.3085861 5.3317338 5.3554565 5.3797826 5.4047431 5.4303723 5.4567081 5.4837923 5.5116713 5.5403967 5.5700263 5.6006245 5.6322641 5.665027 5.6990064 5.7343086 5.7710557 5.8093892 5.8494742 5.8915055 5.9357154 5.9823846 6.0318574 6.0845624 6.1410437 6.2020033 6.2683623 6.3413383 6.4225207 6.5138786 6.6178248 6.7399066
4.8207395 4.833833 4.8471818 4.8607916 4.8746683 4.8888183 4.9032477 4.9179634 4.9329722 4.9482814 4.9638984 4.9798312 4.996088 5.0126774 5.0296087 5.0468913 5.0645356 5.0825523 5.1009528 5.1197494 5.138955 5.1585837 5.1786504 5.1991712 5.2201634 5.241646 5.2636393 5.2861655 5.3092487 5.3329154 5.3571945 5.3821177 5.4077201 5.4340401 5.4611204 5.4890083 5.5177561 5.5474224 5.5780724 5.6097792 5.6426248 5.676702 5.7121156 5.7489848 5.7874461 5.8276562 5.8697969 5.9140803 5.9607564 6.0101232 6.0625408 6.1184508 6.1784069 6.2431189 6.313524 6.3908978 6.4770078 6.5741438 6.6838034 6.7993195
4.8146275 4.8277983 4.8412305 4.8549303 4.8689039 4.8831578 4.8976989 4.9125342 4.9276711 4.9431171 4.9588805 4.9749694 4.9913929 5.0081601 5.0252808 5.0427654 5.0606248 5.0788706 5.0975152 5.1165716 5.1360542 5.1559778 5.1763589 5.1972149 5.2185647 5.2404289 5.2628298 5.2857917 5.309341 5.333507 5.3583213 5.3838192 5.4100392 5.4370241 5.4648211 5.4934828 5.5230676 5.5536405 5.5852742 5.6180502 5.65206 5.6874066 5.7242065 5.7625919 5.8027133 5.8447428 5.8888786 5.9353501 5.984425 6.0364183 6.0917053 6.1507397 6.2140822 6.2824473 6.3567867 6.438455 6.5295878 6.6341019 6.7601183 6.9188677
4.8082241 4.821466 4.8349753 4.8487585 4.8628221 4.8771732 4.8918187 4.9067662 4.9220235 4.9375986 4.9535001 4.9697368 4.9863182 5.0032541 5.0205548 5.0382315 5.0562957 5.0747598 5.0936371 5.1129417 5.1326886 5.1528941 5.1735756 5.194752 5.2164437 5.2386729 5.2614636 5.2848422 5.3088374 5.3334808 5.3588071 5.3848545 5.4116652 5.439286 5.4677686 5.4971706 5.5275562 5.5589969 5.5915728 5.6253736 5.6605001 5.6970658 5.7351988 5.7750443 5.8167673 5.8605558 5.9066253 5.9552239 6.0066386 6.0612042 6.1193142 6.1814376 6.2481439 6.3201465 6.3983847 6.4841928 6.579692 6.689019 6.8239608 7.0266177
4.801524 4.8148305 4.8284102 4.84227 4.8564166 4.8708575 4.8856 4.900652 4.9160217 4.9317176 4.9477487 4.9641244 4.9808545 4.9979494 5.0154202 5.0332785 5.0515367 5.0702077 5.0893058 5.1088458 5.1288438 5.1493171 5.1702842 5.1917653 5.2137821 5.2363583 5.2595197 5.2832944 5.3077135 5.3328107 5.3586235 5.3851929 5.4125647 5.4407894 5.469923 5.5000281 5.5311745 5.5634399 5.5969117 5.6316878 5.6678781 5.7056067 5.7450137 5.7862576 5.8295186 5.8750017 5.9229416 5.9736075 6.0273097 6.0844082 6.1453224 6.210546 6.2806672 6.3564025 6.43866 6.5286711 6.6282161 6.7395732 6.863257 6.9944204
4.7945221 4.8078864 4.8215296 4.8354588 4.8496812 4.8642043 4.879036 4.8941845 4.9096583 4.9254664 4.9416182 4.9581235 4.9749927 4.9922367 5.0098671 5.0278961 5.0463368 5.0652028 5.0845091 5.1042713 5.1245064 5.1452326 5.1664695 5.1882385 5.2105624 5.2334666 5.2569782 5.2811272 5.3059464 5.331472 5.3577437 5.3848055 5.4127062 5.4415 5.471247 5.5020145 5.5338776 5.5669202 5.6012367 5.6369331 5.6741287 5.7129581 5.7535736 5.7961477 5.8408768 5.8879845 5.937727 5.9903984 6.0463381 6.1059393 6.1696599 6.2380363 6.3116998 6.3913992 6.4780333 6.5727321 6.6771893 6.7947293 6.9293803 7.0507389
4.7872133 4.8006285 4.8143281 4.8283194 4.8426098 4.8572074 4.8721202 4.8873568 4.9029261 4.9188374 4.9351006 4.9517259 4.9687242 4.9861069 5.003886 5.0220743 5.0406855 5.059734 5.0792353 5.0992057 5.1196632 5.1406268 5.162117 5.1841562 5.2067686 5.2299805 5.2538207 5.2783206 5.3035149 5.3294417 5.356143 5.3836654 5.4120606 5.4413859 5.4717057 5.5030913 5.5356231 5.569391 5.6044962 5.6410527 5.6791888 5.7190502 5.7608016 5.8046302 5.8507496 5.8994039 5.9508735 6.0054818 6.0636041 6.1256775 6.1922151 6.2638218 6.3412149 6.4252451 6.5169034 6.6172532 6.7272747 6.8490876 6.9967468 7.1776047
4.7795928 4.7930517 4.8068003 4.820846 4.8351968 4.8498607 4.8648462 4.8801622 4.8958181 4.9118234 4.9281884 4.9449238 4.9620407 4.9795512 4.9974677 5.0158036 5.034573 5.0537909 5.0734735 5.0936378 5.1143024 5.1354871 5.1572134 5.1795045 5.2023856 5.2258842 5.2500302 5.2748567 5.3003997 5.3266991 5.353799 5.3817482 5.410601 5.440418 5.4712668 5.5032231 5.5363719 5.5708088 5.6066416 5.6439921 5.6829978 5.7238151 5.7666217 5.81162 5.859042 5.9091539 5.9622633 6.0187273 6.0789639 6.143466 6.2128201 6.2877308 6.3690545 6.4578487 6.5554402 6.6634238 6.7827761 6.9085854 7.0195833 7.0922106
4.771656 4.7851513 4.7989412 4.8130336 4.8274365 4.8421584 4.857208 4.8725946 4.8883278 4.9044176 4.9208744 4.9377095 4.9549345 4.9725616 4.9906039 5.0090751 5.0279899 5.0473639 5.0672136 5.0875568 5.1084127 5.1298018 5.1517463 5.1742703 5.1973997 5.2211631 5.2455915 5.270719 5.2965832 5.3232253 5.3506913 5.3790318 5.4083036 5.4385699 5.4699014 5.5023777 5.536088 5.5711333 5.6076277 5.6457002 5.6854977 5.7271871 5.7709591 5.8170321 5.865657 5.9171237 5.9717693 6.0299885 6.0922484 6.1591078 6.2312444 6.3094925 6.3948967 6.4888011 6.5930495 6.7106223 6.8474816 7.0126214 7.1692734 7.156523
4.7633985 4.7769225 4.790746 4.8048769 4.8193237 4.834095 4.8491999 4.864648 4.880449 4.8966133 4.9131519 4.9300762 4.9473981 4.9651304 4.9832865 5.0018805 5.0209276 5.0404437 5.0604461 5.0809529 5.1019839 5.1235602 5.1457046 5.1684417 5.1917985 5.2158042 5.2404907 5.2658931 5.2920499 5.3190038 5.3468021 5.3754971 5.4051474 5.4358186 5.4675841 5.5005266 5.5347395 5.5703283 5.607413 5.6461298 5.686634 5.7291032 5.7737411 5.8207818 5.8704961 5.9231982 5.9792564 6.0391054 6.1032655 6.172369 6.2471985 6.3287437 6.4182826 6.5174921 6.6285993 6.7548398 6.9036311 7.1026011 7.3662718 7.2935094
