Cobbity4/QGIS/1mHCPcon_A.asc
NCOLS 299
NROWS 200
XLLCORNER 150.661
YLLCORNER -34.0266
CELLSIZE 1e-05
NODATA_VALUE -9999
[rows 26 to 51 of 200, columns 0 to 59 of 299]
4.4374515 4.442157 4.4469328 4.4517799 4.4566994 4.4616925 4.4667602 4.4719037 4.4771241 4.4824225 4.4878002 4.4932582 4.4987979 4.5044203 4.5101268 4.5159184 4.5217966 4.5277625 4.5338173 4.5399624 4.546199 4.5525285 4.5589521 4.5654712 4.572087 4.5788009 4.5856143 4.5925284 4.5995446 4.6066643 4.6138889 4.6212197 4.628658 4.6362052 4.6438627 4.6516319 4.6595141 4.6675107 4.675623 4.6838523 4.6922001 4.7006675 4.709256 4.7179668 4.7268012 4.7357605 4.7448458 4.7540584 4.7633994 4.7728701 4.7824714 4.7922044 4.8020702 4.8120697 4.8222037 4.8324733 4.842879 4.8534216 4.8641017 4.8749198
4.4331318 4.4378278 4.4425948 4.4474337 4.4523457 4.457332 4.4623936 4.4675317 4.4727475 4.4780422 4.4834169 4.4888729 4.4944115 4.5000338 4.5057411 4.5115347 4.5174159 4.5233859 4.529446 4.5355977 4.5418422 4.5481808 4.554615 4.561146 4.5677754 4.5745044 4.5813344 4.5882669 4.5953033 4.6024449 4.6096933 4.6170499 4.6245161 4.6320933 4.6397831 4.6475868 4.6555059 4.6635418 4.6716961 4.6799701 4.6883652 4.696883 4.7055249 4.7142922 4.7231863 4.7322087 4.7413606 4.7506435 4.7600586 4.7696073 4.7792908 4.7891103 4.799067 4.809162 4.8193965 4.8297714 4.8402877 4.8509465 4.8617483 4.8726942
4.4287313 4.4334167 4.4381735 4.4430029 4.4479061 4.4528841 4.4579382 4.4630695 4.4682793 4.4735688 4.4789391 4.4843916 4.4899275 4.4955482 4.5012548 4.5070487 4.5129313 4.5189038 4.5249677 4.5311242 4.5373749 4.543721 4.550164 4.5567053 4.5633464 4.5700887 4.5769336 4.5838826 4.5909373 4.5980991 4.6053695 4.61275 4.6202421 4.6278475 4.6355675 4.6434037 4.6513578 4.6594312 4.6676254 4.6759421 4.6843827 4.6929488 4.701642 4.7104638 4.7194157 4.7284991 4.7377157 4.7470669 4.7565542 4.7661789 4.7759426 4.7858467 4.7958924 4.8060811 4.8164141 4.8268926 4.8375178 4.8482909 4.8592129 4.8702849
4.4242497 4.428923 4.4336683 4.4384869 4.4433797 4.4483481 4.4533933 4.4585164 4.4637187 4.4690014 4.4743658 4.4798133 4.485345 4.4909624 4.4966667 4.5024594 4.5083417 4.5143151 4.5203809 4.5265407 4.5327958 4.5391476 4.5455977 4.5521474 4.5587984 4.5655521 4.5724101 4.5793738 4.5864449 4.5936248 4.6009153 4.6083177 4.6158339 4.6234653 4.6312136 4.6390804 4.6470673 4.6551761 4.6634082 4.6717655 4.6802495 4.6888618 4.6976043 4.7064784 4.7154858 4.7246283 4.7339074 4.7433248 4.752882 4.7625808 4.7724226 4.782409 4.7925417 4.802822 4.8132515 4.8238316 4.8345637 4.8454493 4.8564895 4.8676858
4.4196862 4.4243461 4.4290786 4.4338848 4.438766 4.4437233 4.4487581 4.4538715 4.4590647 4.4643392 4.4696962 4.475137 4.480663 4.4862755 4.4919759 4.4977656 4.5036459 4.5096185 4.5156846 4.5218457 4.5281034 4.5344592 4.5409145 4.5474708 4.5541299 4.5608931 4.5677622 4.5747386 4.5818241 4.5890202 4.5963287 4.6037511 4.6112892 4.6189446 4.626719 4.6346143 4.642632 4.6507739 4.6590418 4.6674374 4.6759626 4.684619 4.6934084 4.7023326 4.7113934 4.7205926 4.729932 4.7394132 4.7490382 4.7588086 4.7687263 4.7787929 4.7890102 4.7993799 4.8099036 4.8205831 4.83142 4.8424158 4.8535722 4.8648906
4.4150402 4.4196854 4.4244036 4.4291962 4.4340642 4.439009 4.4440318 4.449134 4.4543167 4.4595814 4.4649293 4.4703619 4.4758804 4.4814864 4.4871811 4.4929661 4.4988429 4.5048128 4.5108773 4.5170381 4.5232966 4.5296543 4.536113 4.542674 4.5493392 4.55611 4.5629881 4.5699753 4.5770731 4.5842834 4.5916077 4.599048 4.6066058 4.6142831 4.6220815 4.6300029 4.6380492 4.646222 4.6545234 4.6629551 4.6715191 4.6802171 4.6890512 4.6980232 4.707135 4.7163885 4.7257857 4.7353284 4.7450187 4.7548584 4.7648494 4.7749937 4.7852932 4.7957498 4.8063654 4.8171419 4.828081 4.8391848 4.8504549 4.8618932
4.4103113 4.4149403 4.4196429 4.4244202 4.4292737 4.4342045 4.4392139 4.4443032 4.4494738 4.4547271 4.4600643 4.465487 4.4709964 4.4765941 4.4822815 4.4880601 4.4939313 4.4998968 4.505958 4.5121165 4.5183739 4.5247318 4.5311918 4.5377555 4.5444247 4.5512011 4.5580863 4.565082 4.5721901 4.5794124 4.5867505 4.5942063 4.6017817 4.6094786 4.6172987 4.625244 4.6333164 4.6415179 4.6498503 4.6583157 4.6669161 4.6756534 4.6845296 4.6935468 4.702707 4.7120123 4.7214648 4.7310664 4.7408194 4.7507257 4.7607876 4.771007 4.7813861 4.791927 4.8026318 4.8135025 4.8245414 4.8357504 4.8471317 4.8586872
4.405499 4.4101104 4.4147958 4.4195565 4.4243938 4.429309 4.4343034 4.4393784 4.4445353 4.4497755 4.4551004 4.4605114 4.46601 4.4715977 4.477276 4.4830463 4.4889103 4.4948695 4.5009254 4.5070797 4.513334 4.51969 4.5261494 4.5327139 4.5393851 4.5461649 4.553055 4.5600572 4.5671734 4.5744053 4.581755 4.5892241 4.5968148 4.6045289 4.6123683 4.6203351 4.6284313 4.6366589 4.6450199 4.6535165 4.6621507 4.6709246 4.6798404 4.6889002 4.6981062 4.7074607 4.7169657 4.7266235 4.7364364 4.7464067 4.7565365 4.7668282 4.7772841 4.7879065 4.7986976 4.8096599 4.8207955 4.832107 4.8435965 4.8552665
4.4006027 4.405195 4.4098617 4.4146043 4.419424 4.424322 4.4292999 4.4343588 4.4395003 4.4447258 4.4500366 4.4554344 4.4609204 4.4664963 4.4721636 4.4779239 4.4837787 4.4897296 4.4957784 4.5019265 4.5081758 4.5145279 4.5209846 4.5275476 4.5342187 4.5409998 4.5478926 4.5548991 4.562021 4.5692605 4.5766193 4.5840994 4.5917029 4.5994318 4.6072881 4.6152739 4.6233913 4.6316425 4.6400295 4.6485546 4.65722 4.6660279 4.6749805 4.6840802 4.6933292 4.70273 4.7122847 4.7219959 4.7318658 4.7418971 4.7520919 4.762453 4.7729826 4.7836834 4.7945579 4.8056086 4.816838 4.8282488 4.8398435 4.8516247
4.3956219 4.4001936 4.4048403 4.4095631 4.4143636 4.4192429 4.4242025 4.4292439 4.4343683 4.4395773 4.4448724 4.450255 4.4557267 4.461289 4.4669435 4.4726918 4.4785355 4.4844763 4.4905158 4.4966558 4.502898 4.5092441 4.515696 4.5222554 4.5289242 4.5357043 4.5425976 4.549606 4.5567314 4.5639759 4.5713415 4.5788302 4.5864441 4.5941853 4.6020559 4.6100581 4.6181942 4.6264662 4.6348765 4.6434275 4.6521212 4.6609603 4.6699469 4.6790836 4.6883727 4.6978168 4.7074183 4.7171797 4.7271037 4.7371928 4.7474496 4.7578768 4.768477 4.7792531 4.7902076 4.8013434 4.8126633 4.82417 4.8358666 4.8477558
4.3905563 4.3951059 4.3997309 4.4044325 4.4092121 4.4140711 4.4190109 4.4240329 4.4291385 4.4343294 4.4396069 4.4449726 4.4504281 4.4559749 4.4616147 4.4673491 4.4731797 4.4791083 4.4851366 4.4912664 4.4974993 4.5038373 4.5102822 4.5168359 4.5235001 4.530277 4.5371684 4.5441764 4.5513029 4.55855 4.5659199 4.5734146 4.5810363 4.5887872 4.5966695 4.6046855 4.6128374 4.6211276 4.6295584 4.6381323 4.6468516 4.6557189 4.6647366 4.6739072 4.6832334 4.6927177 4.7023628 4.7121714 4.7221461 4.7322898 4.7426053 4.7530953 4.7637628 4.7746106 4.7856417 4.7968592 4.808266 4.8198652 4.8316599 4.8436534
4.3854054 4.3899314 4.3945331 4.3992119 4.403969 4.408806 4.4137242 4.4187252 4.4238104 4.4289813 4.4342394 4.4395864 4.4450238 4.4505532 4.4561763 4.4618948 4.4677104 4.4736248 4.4796398 4.4857572 4.4919788 4.4983064 4.5047421 4.5112877 4.5179451 4.5247164 4.5316035 4.5386086 4.5457338 4.552981 4.5603527 4.5678508 4.5754777 4.5832356 4.5911268 4.5991538 4.6073188 4.6156242 4.6240727 4.6326665 4.6414084 4.6503009 4.6593465 4.668548 4.677908 4.6874293 4.6971148 4.7069671 4.7169893 4.7271842 4.7375548 4.7481041 4.7588352 4.7697513 4.7808554 4.7921507 4.8036407 4.8153285 4.8272176 4.8393114
4.3801688 4.3846696 4.3892465 4.3939008 4.3986338 4.4034471 4.4083421 4.4133203 4.4183832 4.4235323 4.4287692 4.4340956 4.439513 4.4450231 4.4506276 4.4563282 4.4621266 4.4680247 4.4740243 4.4801271 4.4863351 4.4926503 4.4990744 4.5056096 4.5122578 4.5190211 4.5259015 4.5329013 4.5400224 4.5472673 4.554638 4.5621369 4.5697662 4.5775284 4.5854258 4.5934608 4.601636 4.6099538 4.6184168 4.6270276 4.6357889 4.6447034 4.6537738 4.6630028 4.6723934 4.6819484 4.6916707 4.7015634 4.7116295 4.721872 4.7322941 4.742899 4.75369 4.7646704 4.7758436 4.787213 4.7987821 4.8105545 4.8225339 4.8347239
4.3748461 4.3793202 4.3838707 4.3884988 4.3932061 4.397994 4.402864 4.4078176 4.4128564 4.4179819 4.4231958 4.4284996 4.433895 4.4393838 4.4449676 4.4506483 4.4564275 4.4623072 4.4682891 4.4743752 4.4805674 4.4868677 4.493278 4.4998004 4.5064369 4.5131897 4.5200609 4.5270528 4.5341674 4.5414071 4.5487743 4.5562711 4.5639001 4.5716637 4.5795643 4.5876045 4.5957868 4.6041139 4.6125884 4.621213 4.6299905 4.6389237 4.6480155 4.6572688 4.6666864 4.6762716 4.6860273 4.6959567 4.7060629 4.7163493 4.7268191 4.7374758 4.7483227 4.7593635 4.7706017 4.7820409 4.793685 4.8055377 4.817603 4.8298848
4.3694371 4.3738829 4.3784052 4.3830056 4.3876854 4.3924462 4.3972894 4.4022167 4.4072295 4.4123295 4.4175184 4.4227977 4.4281693 4.4336347 4.4391958 4.4448544 4.4506123 4.4564713 4.4624334 4.4685005 4.4746745 4.4809576 4.4873516 4.4938588 4.5004812 4.507221 4.5140804 4.5210617 4.5281671 4.535399 4.5427598 4.5502518 4.5578776 4.5656396 4.5735405 4.5815828 4.5897692 4.5981024 4.6065851 4.6152203 4.6240107 4.6329592 4.642069 4.6513429 4.6607841 4.6703957 4.6801811 4.6901434 4.700286 4.7106123 4.7211259 4.7318302 4.742729 4.753826 4.7651249 4.7766296 4.7883442 4.8002727 4.8124192 4.8247881
4.3639415 4.3683573 4.3728498 4.3774207 4.3820713 4.3868032 4.3916179 4.3965169 4.401502 4.4065746 4.4117365 4.4169894 4.422335 4.427775 4.4333113 4.4389457 4.44468 4.4505162 4.4564562 4.462502 4.4686555 4.474919 4.4812943 4.4877838 4.4943895 4.5011137 4.5079587 4.5149267 4.5220202 4.5292414 4.536593 4.5440773 4.5516969 4.5594544 4.5673524 4.5753937 4.5835809 4.591917 4.6004047 4.609047 4.6178468 4.6268073 4.6359314 4.6452223 4.6546834 4.6643177 4.6741289 4.6841202 4.6942951 4.7046574 4.7152105 4.7259583 4.7369046 4.7480533 4.7594085 4.7709742 4.7827546 4.7947541 4.8069771 4.8194282
4.358359 4.3627431 4.3672042 4.3717438 4.3763635 4.3810647 4.385849 4.390718 4.3956734 4.4007167 4.4058497 4.4110741 4.4163917 4.4218042 4.4273135 4.4329215 4.4386301 4.4444412 4.4503567 4.4563788 4.4625095 4.4687508 4.475105 4.4815742 4.4881607 4.4948666 4.5016944 4.5086465 4.5157251 4.5229329 4.5302723 4.5377459 4.5453563 4.5531061 4.5609982 4.5690352 4.5772201 4.5855556 4.5940449 4.6026909 4.6114966 4.6204653 4.6296001 4.6389043 4.6483813 4.6580345 4.6678675 4.6778837 4.6880869 4.6984808 4.7090692 4.719856 4.7308454 4.7420413 4.753448 4.7650699 4.7769113 4.7889769 4.8012713 4.8137992
4.3526893 4.35704 4.361468 4.3659747 4.3705617 4.3752304 4.3799824 4.3848195 4.3897432 4.3947552 4.3998573 4.4050512 4.4103387 4.4157216 4.4212018 4.4267812 4.4324618 4.4382454 4.4441342 4.4501302 4.4562355 4.4624523 4.4687827 4.4752291 4.4817936 4.4884786 4.4952865 4.5022197 4.5092807 4.5164721 4.5237963 4.5312561 4.5388542 4.5465932 4.554476 4.5625055 4.5706846 4.5790163 4.5875035 4.5961496 4.6049576 4.6139308 4.6230725 4.6323861 4.6418751 4.6515431 4.6613938 4.6714307 4.6816578 4.692079 4.7026982 4.7135196 4.7245473 4.7357856 4.7472391 4.7589121 4.7708095 4.7829359 4.7952963 4.8078958
4.3469322 4.351248 4.3556411 4.3601131 4.3646655 4.3692999 4.3740178 4.378821 4.3837112 4.3886899 4.393759 4.3989203 4.4041756 4.4095267 4.4149756 4.4205241 4.4261743 4.4319282 4.4377879 4.4437553 4.4498328 4.4560225 4.4623265 4.4687473 4.4752872 4.4819485 4.4887337 4.4956452 4.5026856 4.5098575 4.5171636 4.5246065 4.532189 4.539914 4.5477843 4.5558028 4.5639727 4.5722969 4.5807786 4.589421 4.5982275 4.6072014 4.616346 4.6256651 4.6351621 4.6448407 4.6547048 4.6647581 4.6750047 4.6854486 4.696094 4.7069451 4.7180063 4.7292821 4.7407772 4.7524963 4.7644442 4.7766261 4.789047 4.8017123
4.3410877 4.3453668 4.3497233 4.3541587 4.3586748 4.3632729 4.3679549 4.3727223 4.3775768 4.3825203 4.3875544 4.392681 4.3979019 4.403219 4.4086343 4.4141497 4.4197673 4.425489 4.431317 4.4372535 4.4433005 4.4494605 4.4557356 4.4621281 4.4686406 4.4752753 4.4820349 4.4889218 4.4959386 4.503088 4.5103728 4.5177956 4.5253593 4.5330669 4.5409212 4.5489254 4.5570824 4.5653956 4.573868 4.5825031 4.5913042 4.6002748 4.6094184 4.6187387 4.6282395 4.6379244 4.6477975 4.6578628 4.6681242 4.6785862 4.6892529 4.7001289 4.7112186 4.7225268 4.7340583 4.7458181 4.7578111 4.7700427 4.7825184 4.7952436
4.3351556 4.3393962 4.3437143 4.3481114 4.3525892 4.3571493 4.3617934 4.366523 4.37134 4.3762461 4.3812431 4.3863328 4.3915172 4.3967981 4.4021775 4.4076574 4.4132399 4.4189271 4.424721 4.4306239 4.436638 4.4427656 4.449009 4.4553706 4.4618528 4.4684582 4.4751892 4.4820484 4.4890386 4.4961624 4.5034226 4.5108221 4.5183637 4.5260504 4.5338853 4.5418715 4.5500122 4.5583105 4.5667699 4.5753937 4.5841855 4.5931488 4.6022872 4.6116046 4.6211048 4.6307916 4.6406692 4.6507418 4.6610134 4.6714886 4.6821717 4.6930675 4.7041806 4.7155158 4.7270783 4.7388731 4.7509056 4.7631811 4.7757055 4.7884845
4.3291357 4.3333361 4.337614 4.341971 4.3464088 4.3509289 4.355533 4.3602229 4.3650003 4.3698669 4.3748247 4.3798754 4.385021 4.3902635 4.3956047 4.4010468 4.4065918 4.4122419 4.4179993 4.423866 4.4298445 4.4359371 4.4421461 4.4484739 4.454923 4.461496 4.4681955 4.475024 4.4819844 4.4890794 4.4963119 4.5036846 4.5112007 4.5188632 4.5266751 4.5346397 4.5427602 4.5510399 4.5594824 4.568091 4.5768694 4.5858212 4.5949502 4.6042603 4.6137555 4.6234397 4.6333172 4.6433922 4.6536692 4.6641526 4.6748471 4.6857575 4.6968885 4.7082454 4.7198332 4.7316573 4.7437233 4.7560368 4.7686037 4.78143
4.3230282 4.3271865 4.3314225 4.3357375 4.3401333 4.3446115 4.3491737 4.3538219 4.3585576 4.3633827 4.368299 4.3733086 4.3784132 4.3836148 4.3889156 4.3943174 4.3998226 4.4054331 4.4111513 4.4169793 4.4229195 4.4289743 4.4351461 4.4414373 4.4478504 4.4543881 4.461053 4.4678477 4.4747752 4.4818381 4.4890394 4.4963821 4.5038692 4.5115038 4.5192891 4.5272284 4.535325 4.5435822 4.5520038 4.5605931 4.5693539 4.57829 4.5874053 4.5967037 4.6061893 4.6158662 4.6257388 4.6358115 4.6460888 4.6565753 4.6672759 4.6781954 4.689339 4.7007118 4.7123192 4.7241668 4.7362602 4.7486053 4.7612083 4.7740755
4.3168328 4.3209474 4.3251395 4.3294107 4.3337626 4.338197 4.3427154 4.3473197 4.3520116 4.3567931 4.3616659 4.366632 4.3716933 4.3768519 4.3821097 4.3874689 4.3929317 4.3985002 4.4041766 4.4099632 4.4158625 4.4218767 4.4280084 4.4342601 4.4406342 4.4471336 4.4537608 4.4605186 4.4674098 4.4744374 4.4816042 4.4889134 4.4963679 4.5039711 4.5117261 4.5196362 4.527705 4.5359358 4.5443324 4.5528983 4.5616373 4.5705534 4.5796504 4.5889325 4.5984039 4.6080687 4.6179316 4.6279969 4.6382694 4.6487538 4.6594551 4.6703783 4.6815287 4.6929117 4.7045327 4.7163976 4.7285121 4.7408825 4.7535151 4.7664162
4.3105498 4.3146188 4.3187652 4.3229907 4.3272968 4.3316853 4.3361579 4.3407163 4.3453624 4.350098 4.3549251 4.3598455 4.3648613 4.3699744 4.3751869 4.380501 4.3859189 4.3914427 4.3970747 4.4028173 4.4086728 4.4146437 4.4207325 4.4269417 4.4332739 4.4397318 4.4463182 4.4530358 4.4598876 4.4668764 4.4740053 4.4812774 4.4886958 4.4962638 4.5039847 4.5118619 4.5198989 4.5280992 4.5364667 4.5450049 4.5537178 4.5626094 4.5716836 4.5809448 4.5903971 4.6000451 4.6098931 4.619946 4.6302084 4.6406853 4.6513818 4.662303 4.6734545 4.6848416 4.6964702 4.7083461 4.7204754 4.7328644 4.7455197 4.7584479
4.304179 4.3082007 4.3122996 4.3164774 4.3207358 4.3250765 4.3295011 4.3340116 4.3386098 4.3432974 4.3480765 4.352949 4.3579168 4.3629821 4.3681469 4.3734134 4.3787839 4.3842604 4.3898454 4.3955412 4.4013502 4.4072749 4.4133178 4.4194815 4.4257687 4.4321821 4.4387245 4.4453987 4.4522076 4.4591542 4.4662417 4.4734731 4.4808517 4.4883808 4.4960638 4.5039041 4.5119053 4.5200711 4.5284051 4.5369114 4.5455937 4.5544563 4.5635031 4.5727386 4.5821671 4.5917931 4.6016212 4.6116563 4.6219033 4.6323672 4.6430532 4.6539667 4.6651132 4.6764985 4.6881283 4.7000088 4.7121463 4.7245471 4.7372181 4.7501662
