Cobbity4/QGIS/1mHCPcon_A.asc
NCOLS 299
NROWS 200
XLLCORNER 150.661
YLLCORNER -34.0266
CELLSIZE 1e-05
NODATA_VALUE -9999
[rows 52 to 77 of 200, columns 180 to 239 of 299]
8.8290108 8.073897 7.6614278 7.3937911 7.2201375 7.1251155 7.1027306 7.1277043 7.1302074 7.0482097 6.903518 6.7730864 6.6870173 6.6524654 6.673107 6.7359558 6.7876204 6.7350786 6.5740365 6.4206236 6.3159301 6.2636774 6.2730622 6.3755843 6.6580452 7.2085635 7.183364 6.5298591 6.0541823 5.6701806 5.3044386 4.9015386 4.3462244 3.53595 3.7915536 4.4598482 4.7717951 4.9315134 5.0214196 5.0720972 5.0990947 5.1114464 5.1146414 5.1120977 5.1059857 5.0977058 5.0881723 5.0779862 5.0675428 5.0570998 5.0468224 5.0368123 5.0271283 5.0177994 5.0088347 5.0002296 4.991971 4.9840402 4.9764156 4.9690738
8.5966912 7.9773142 7.589166 7.3380646 7.1778709 7.0916559 7.0836878 7.1663722 7.1158937 6.9572922 6.8268948 6.7253533 6.6627312 6.6539018 6.7237586 6.8776976 6.9123215 6.7203926 6.5305054 6.3883052 6.2940624 6.2503827 6.2686798 6.3822469 6.6971808 7.42779 7.412344 6.5286382 5.9723093 5.5585097 5.1573807 4.7152968 4.2213543 3.7111387 3.8703064 4.3868669 4.7021167 4.8790122 4.9823662 5.0434887 5.0787431 5.0976 5.1058779 5.1072758 5.1041992 5.0982382 5.090458 5.0815778 5.0720854 5.0623116 5.052479 5.0427354 5.0331761 5.0238596 5.0148188 5.0060687 4.9976119 4.9894427 4.9815496 4.9739182
8.3301753 7.8609208 7.5178342 7.2872837 7.1428106 7.0685878 7.0601213 7.1171678 7.061325 6.9014429 6.7753223 6.6866613 6.6388411 6.65027 6.7784848 7.1595192 7.3129597 6.81707 6.5190583 6.3597265 6.2674114 6.2278261 6.2478574 6.344453 6.5228611 6.7257592 6.6641713 6.2606268 5.8359328 5.4353323 4.9956447 4.4442982 3.8515544 3.7578722 4.0806268 4.4243419 4.684757 4.8538761 4.9596263 5.0250594 5.064701 5.0875199 5.0991932 5.103412 5.1026282 5.0984982 5.0921552 5.0843817 5.0757214 5.0665527 5.0571387 5.0476609 5.038243 5.0289671 5.0198858 5.0110305 5.0024175 4.9940524 4.9859335 4.9780538
8.3542805 7.7885865 7.4527262 7.2401139 7.1161329 7.0668791 7.0652798 7.0422588 6.9603867 6.8414397 6.7316974 6.6522729 6.6117729 6.62397 6.7225098 6.9584666 7.0307375 6.7158861 6.4684287 6.3206497 6.2334125 6.1965012 6.219827 6.3333636 6.5562171 6.6234106 6.367444 6.0461514 5.6989888 5.322606 4.8622609 4.1618011 2.9851036 2.9641819 3.9460676 4.4306813 4.6907111 4.8504328 4.9519652 5.0166341 5.0571644 5.0815508 5.0949758 5.1008855 5.1016192 5.0987903 5.0935259 5.0866204 5.0786378 5.0699794 5.0609311 5.0516959 5.042417 5.0331937 5.0240937 5.0151615 5.0064247 4.9978984 4.9895891 4.9814969
8.2352923 7.6988032 7.3847353 7.1934091 7.095803 7.1035044 7.233926 7.2093426 6.9797421 6.8114914 6.6965939 6.6206695 6.5839738 6.5924285 6.6433212 6.6951469 6.6704289 6.540033 6.3891046 6.2705965 6.1917691 6.155383 6.176147 6.304911 6.6681773 6.8145939 6.3071173 5.9212586 5.5918223 5.2397352 4.8157238 4.2582766 3.5390654 3.4899047 4.0923625 4.4925818 4.7227391 4.8651908 4.9571604 5.0170853 5.055632 5.0795373 5.0932565 5.0998212 5.1013375 5.0992907 5.094741 5.0884518 5.080976 5.0727156 5.0639634 5.0549321 5.0457756 5.0366044 5.0274966 5.0185062 5.0096695 5.0010095 4.9925394 4.9842652
7.9770317 7.5774869 7.3094152 7.1436985 7.0683511 7.1157546 7.3844575 7.3748783 6.9984307 6.7861682 6.6642977 6.5905289 6.5590601 6.5823172 6.6816729 6.746085 6.6070551 6.4516523 6.3219995 6.21888 6.1452762 6.1052801 6.1079476 6.1720607 6.3136898 6.3403654 6.087894 5.7946468 5.5035642 5.1787148 4.7830403 4.3372202 4.0787786 4.1380221 4.3710365 4.6068177 4.77821 4.894276 4.9723452 5.0246396 5.0590841 5.0809315 5.0937736 5.1001272 5.1017889 5.1000585 5.095886 5.089971 5.0828316 5.0748522 5.0663189 5.0574439 5.0483844 5.039256 5.0301429 5.0211055 5.0121863 5.0034141 4.9948074 4.9863771
7.8174844 7.4649535 7.2333197 7.09146 7.0270958 7.040264 7.1176905 7.0852136 6.8982397 6.7374625 6.6281087 6.5597801 6.5325007 6.5671977 6.7323998 6.8795276 6.6135768 6.4020686 6.2677946 6.1693722 6.0973769 6.05269 6.0396832 6.0563774 6.0701421 6.0281004 5.8873986 5.6788729 5.4339219 5.1418076 4.7459122 4.1262086 3.7424778 4.211156 4.526202 4.7129712 4.8413306 4.9312501 4.9939245 5.037103 5.0661741 5.0849228 5.0960572 5.101549 5.1028537 5.1010565 5.0969727 5.091218 5.0842587 5.0764489 5.0680577 5.0592887 5.0502962 5.041196 5.0320747 5.0229961 5.0140064 5.0051386 4.9964151 4.9878506
7.6938952 7.3628276 7.1604225 7.0423655 6.9961293 7.0093955 7.0072416 6.9260298 6.803319 6.6837115 6.5905428 6.5288501 6.5013465 6.5151222 6.5791581 6.6110777 6.4837734 6.3329362 6.2142238 6.1213712 6.0502163 6.0027207 5.9888625 6.0364139 6.0911469 5.953256 5.7824098 5.5966997 5.3867835 5.144566 4.8416423 4.4084238 4.1372402 4.420405 4.6664359 4.8093213 4.9036174 4.9704404 5.0183329 5.0521962 5.075437 5.0905764 5.0995214 5.1037305 5.1043266 5.1021777 5.0979572 5.0921879 5.0852762 5.0775382 5.0692187 5.0605078 5.0515518 5.0424632 5.0333276 5.0242098 5.015158 5.0062075 4.9973835 4.9887035
7.5267095 7.2581167 7.0915559 7.0010769 6.98783 7.093553 7.1424198 6.9230741 6.757342 6.6411539 6.556738 6.5016141 6.4774941 6.4828284 6.488015 6.4516966 6.3683739 6.2628954 6.1622017 6.0753062 6.0044773 5.9531857 5.9316793 5.9624379 5.9895649 5.8658735 5.7030306 5.5336657 5.3516354 5.1602539 4.982745 4.8483912 4.7347128 4.741591 4.8225182 4.9002128 4.9612949 5.007816 5.0425874 5.0678637 5.0854824 5.0969617 5.1035518 5.1062742 5.1059582 5.1032733 5.0987581 5.0928443 5.0858769 5.0781308 5.0698239 5.0611288 5.0521813 5.0430877 5.0339306 5.0247737 5.0156656 5.0066427 4.9977318 4.9889523
7.3608347 7.1565796 7.029528 6.9690268 6.9706718 7.0485181 7.0707726 6.8796428 6.7168776 6.6052268 6.5282458 6.4813135 6.4697072 6.5151672 6.5595639 6.4424808 6.3183407 6.2122263 6.1169537 6.0329007 5.9612774 5.9038303 5.8641006 5.8455641 5.8252895 5.7499803 5.625316 5.4761781 5.3145802 5.1538617 5.0275929 4.9965705 4.9524029 4.9187282 4.9366688 4.9731216 5.0094685 5.0401967 5.064391 5.0824527 5.0951365 5.1032558 5.1075794 5.1087935 5.1074919 5.1041786 5.0992753 5.0931319 5.0860359 5.0782221 5.0698815 5.0611681 5.0522055 5.0430925 5.0339071 5.0247105 5.0155506 5.0064638 4.9974776 4.9886125
7.2254021 7.0664802 6.9784067 6.9601444 6.9955355 7.0002283 6.9248363 6.7973609 6.6699295 6.5718377 6.5052072 6.4687044 6.4648543 6.5118282 6.5565375 6.4249817 6.2850885 6.1736654 6.0784783 5.9953325 5.9234707 5.8629183 5.8164043 5.7982905 5.7665485 5.6811218 5.5618307 5.4201478 5.2659046 5.1187578 5.0206064 4.9964923 4.986616 4.9851677 4.99951 5.0218057 5.0450128 5.0655824 5.082248 5.0948131 5.1035269 5.1088103 5.1111319 5.1109514 5.1086932 5.1047351 5.0994062 5.0929881 5.085719 5.0777982 5.0693912 5.0606342 5.0516386 5.0424947 5.0332755 5.024039 5.0148312 5.0056878 4.9966366 4.9876983
7.1085088 6.9869436 6.9358392 6.9836095 7.1890012 7.2592101 6.967 6.7612915 6.6306591 6.5421403 6.488513 6.4693027 6.4785154 6.4863525 6.4548456 6.3637864 6.2475565 6.1393496 6.0446428 5.9625963 5.893077 5.8369543 5.7988424 5.7912646 5.7399103 5.6345072 5.507953 5.3622286 5.1954139 5.0132251 4.8847181 4.9092462 4.9659338 5.0022516 5.0284376 5.0499627 5.0683208 5.083553 5.0955407 5.104328 5.1101126 5.1131818 5.1138621 5.1124856 5.1093696 5.1048064 5.0990574 5.0923526 5.0848905 5.0768409 5.0683474 5.0595302 5.0504893 5.041307 5.0320506 5.0227747 5.0135228 5.0043299 4.9952229 4.9862228
7.0051439 6.9136921 6.886061 6.9629181 7.2569496 7.379984 6.9716254 6.7259537 6.5937575 6.5148165 6.4772534 6.4906742 6.5735206 6.6450963 6.5233067 6.3567633 6.2214532 6.109261 6.0140678 5.9335114 5.8686558 5.8227467 5.7915458 5.7553418 5.6895723 5.5853706 5.4557917 5.3040563 5.1183372 4.8546315 4.5544476 4.7116527 4.9129173 4.9972494 5.0386474 5.0640302 5.0818093 5.0948842 5.1043802 5.1108475 5.1146575 5.1161273 5.1155535 5.113217 5.109381 5.1042871 5.0981535 5.0911737 5.0835176 5.0753319 5.0667426 5.0578566 5.0487636 5.0395387 5.0302439 5.0209302 5.0116388 5.0024031 4.9932492 4.9841978
6.9172744 6.8461347 6.8245362 6.8605861 6.9519941 6.9668706 6.812011 6.6572457 6.551349 6.4867903 6.4643384 6.5094553 6.7094874 6.9857424 6.6737988 6.3721329 6.2013948 6.0814792 5.9853086 5.9063395 5.8476591 5.8235953 5.8368743 5.7776776 5.6636327 5.5412015 5.4042049 5.2485038 5.0691161 4.8514179 4.6414491 4.7401086 4.9048221 4.9932381 5.0408858 5.0695265 5.0882094 5.1008552 5.1093112 5.1145507 5.1171656 5.1175741 5.1161075 5.1130473 5.1086407 5.103107 5.0966405 5.089413 5.0815747 5.0732563 5.0645702 5.0556128 5.0464655 5.0371971 5.027865 5.0185165 5.0091906 4.9999189 4.9907267 4.9816341
6.8442425 6.7892291 6.7753458 6.7992807 6.8172043 6.77485 6.68631 6.5878448 6.5084017 6.4579907 6.4433515 6.4814713 6.6144428 6.757072 6.5662733 6.3292145 6.1693787 6.0518681 5.9568256 5.8789954 5.8242124 5.8194473 5.891456 5.8048882 5.6412894 5.4974898 5.3494151 5.1852207 5.0048913 4.8444865 4.7880226 4.8374988 4.9232574 4.9929246 5.0394936 5.0697825 5.0896759 5.1027415 5.1110406 5.1158007 5.1178011 5.1175761 5.1155211 5.1119474 5.1071111 5.1012289 5.094487 5.0870459 5.0790448 5.0706036 5.0618255 5.0527989 5.0435988 5.0342887 5.0249219 5.0155428 5.006188 4.9968875 4.9876656 4.9785416
6.7855804 6.7471879 6.7499558 6.8195587 6.8894899 6.7497196 6.6265237 6.536956 6.47146 6.4322705 6.4240828 6.4475001 6.4818346 6.4785968 6.3889639 6.2539577 6.1279958 6.0207367 5.9285069 5.8494438 5.7886041 5.7619889 5.766365 5.7069129 5.5840732 5.4431768 5.2865976 5.108072 4.8914344 4.632937 4.6210318 4.8020383 4.9151527 4.9864839 5.0342269 5.066295 5.087666 5.1016181 5.1102791 5.1150367 5.1168191 5.1162708 5.1138601 5.1099415 5.1047943 5.0986451 5.0916816 5.0840618 5.0759195 5.0673688 5.0585067 5.0494161 5.0401671 5.0308192 5.0214221 5.0120175 5.0026401 4.9933182 4.984075 4.9749291
6.7419247 6.7222266 6.7354554 6.7774547 6.8008867 6.6953509 6.5811151 6.4979897 6.4417318 6.413201 6.4211426 6.4806008 6.5380994 6.4516947 6.3221827 6.2014719 6.0912931 5.992472 5.9030204 5.8198334 5.7414376 5.6807023 5.660382 5.6182969 5.519688 5.3810501 5.2132881 5.0225007 4.8165966 4.605868 4.600948 4.7751158 4.8969518 4.9740803 5.0254051 5.0600592 5.0832603 5.0983824 5.1076875 5.112712 5.1145151 5.1138425 5.1112338 5.1070909 5.101722 5.0953698 5.0882296 5.0804616 5.0721986 5.0635519 5.0546152 5.0454673 5.0361749 5.0267941 5.0173721 5.0079481 4.9985548 4.9892193 4.9799635 4.9708051
6.7132193 6.7239105 6.7782327 6.8021952 6.734357 6.6349861 6.5393285 6.4658194 6.4183596 6.3996526 6.4228048 6.5367129 6.7 6.5068461 6.303485 6.1699061 6.0637252 5.9708597 5.8856837 5.8018315 5.7070656 5.61136 5.6148141 5.5780154 5.4699804 5.3169017 5.1227993 4.8910646 4.6713793 4.5890709 4.6489994 4.766639 4.8775248 4.9587062 5.0144711 5.0522263 5.0774504 5.093836 5.1038731 5.1092641 5.1111921 5.1104938 5.1077738 5.1034783 5.0979444 5.0914324 5.0841476 5.0762547 5.0678878 5.0591572 5.0501547 5.0409566 5.031627 5.0222193 5.0127783 5.0033415 4.9939396 4.9845984 4.9753386 4.9661772
6.6946213 6.7482425 6.9353249 7.0845112 6.8175558 6.6204082 6.5095168 6.4402449 6.4015233 6.3918905 6.4130824 6.4710621 6.5220959 6.4152155 6.2637686 6.142368 6.0431463 5.9574833 5.8810163 5.8094037 5.7318041 5.6520355 5.6238954 5.5578014 5.4296604 5.2535417 5.018732 4.6837602 4.2187398 4.0776783 4.4407476 4.6994906 4.8480485 4.9416718 5.0031987 5.0441325 5.071228 5.0887229 5.099389 5.105096 5.1071368 5.1064242 5.1036156 5.0991938 5.0935201 5.0868704 5.0794593 5.0714561 5.0629968 5.0541917 5.045131 5.0358894 5.0265287 5.0171003 5.0076469 4.9982041 4.9888012 4.9794624 4.9702075 4.9610525
6.6776838 6.743731 6.933155 7.083648 6.8073055 6.5951956 6.4821069 6.4195372 6.3926161 6.4002593 6.4392805 6.4669492 6.426214 6.3337709 6.2224353 6.1185888 6.0290159 5.9525829 5.8889712 5.8422138 5.8123109 5.7574669 5.6652945 5.5491383 5.3953236 5.196157 4.9330521 4.5483134 3.9172478 3.7031756 4.28991 4.6442714 4.8236195 4.9279709 4.9940226 5.037217 5.0655413 5.0837088 5.0947161 5.1005571 5.1026014 5.101813 5.0988847 5.0943235 5.0885073 5.0817227 5.0741904 5.0660829 5.0575374 5.0486635 5.0395505 5.0302712 5.0208855 5.0114426 5.0019836 4.992542 4.9831458 4.9738179 4.9645768 4.9554377
6.6709237 6.7394281 6.8036149 6.7940054 6.6744387 6.5413929 6.45088 6.4019559 6.3910828 6.4276769 6.5456289 6.6742375 6.5153619 6.331206 6.2035749 6.1038984 6.0224596 5.9562994 5.9064166 5.8864573 5.9355934 5.9138541 5.7279667 5.5518896 5.3669841 5.1443881 4.8652935 4.5361498 4.232752 4.1681213 4.4130319 4.6577977 4.8198626 4.9227162 4.9891605 5.0326964 5.0611601 5.0793217 5.0902324 5.0959225 5.0977865 5.0968056 5.093685 5.0889408 5.0829572 5.0760243 5.0683646 5.0601513 5.0515206 5.042581 5.0334197 5.0241076 5.0147024 5.0052514 4.9957936 4.9863608 4.9769793 4.9676708 4.9584526 4.949339
6.6920115 6.8766817 6.9890257 6.7958629 6.6131568 6.4934494 6.4204689 6.387863 6.3941436 6.447503 6.5893806 6.7643362 6.5558582 6.3324206 6.1941477 6.0969346 6.0239312 5.970105 5.9340329 5.9185639 5.9496795 5.9260949 5.741739 5.5464512 5.3405435 5.0934475 4.766688 4.3339929 4.0281235 4.2108441 4.4809468 4.6871183 4.8305426 4.9261685 4.9894124 5.0312009 5.0585376 5.075891 5.0861819 5.0913753 5.0928292 5.0915038 5.0880913 5.0830999 5.0769082 5.0698021 5.0620008 5.0536743 5.0449558 5.0359509 5.026744 5.0174033 5.0079841 4.9985312 4.9890816 4.9796653 4.9703069 4.9610266 4.9518407 4.9427621
6.6912732 7.0562881 7.3785788 6.8817001 6.5829679 6.4525609 6.3925 6.379051 6.408662 6.4745159 6.5439874 6.5586615 6.4544382 6.3052433 6.1836183 6.0949056 6.0333757 5.9971499 5.9870719 5.9881431 5.9515669 5.8635828 5.716277 5.5303974 5.3166977 5.0560093 4.6931695 4.0860147 3.5 4.0163981 4.4802078 4.7128836 4.8491931 4.9366874 4.9944674 5.0327528 5.057771 5.0735219 5.0826603 5.0869969 5.0877964 5.0859607 5.0821447 5.0768315 5.0703827 5.0630723 5.0551104 5.04666 5.0378488 5.0287777 5.0195272 5.0101619 5.0007339 4.9912857 4.9818517 4.97246 4.9631333 4.9538904 4.9447462 4.9357126
6.5846504 6.7780125 6.9132242 6.6964967 6.5018323 6.4026863 6.3639545 6.3754975 6.4484018 6.6004638 6.7452374 6.6495311 6.4526731 6.2929116 6.176707 6.0975439 6.0504116 6.0370618 6.0758269 6.1872682 6.1561137 5.9284551 5.7213071 5.5197714 5.2988176 5.0395773 4.7243165 4.3373729 4.0518875 4.2699773 4.5702777 4.7601865 4.8774394 4.9532972 5.0035776 5.0369416 5.0586499 5.0721107 5.0796202 5.0827695 5.0826851 5.0801802 5.0758512 5.0701417 5.0633861 5.0558389 5.0476963 5.0391107 5.0302014 5.0210631 5.0117709 5.0023851 4.9929543 4.9835177 4.9741072 4.9647486 4.9554628 4.9462667 4.9371741 4.9281957
6.4465824 6.4786161 6.5099555 6.4704283 6.3963816 6.3454667 6.3329367 6.3692555 6.4894002 6.8033432 7.2975089 6.9710558 6.5170852 6.2945222 6.1732515 6.104541 6.0750221 6.083523 6.1469621 6.3256653 6.3118677 5.9900144 5.7354689 5.5148703 5.284164 5.0142334 4.6990158 4.4488922 4.4231909 4.5386834 4.6942612 4.8227507 4.9130634 4.9743343 5.0156024 5.0430467 5.0607312 5.0713857 5.0768944 5.0785893 5.0774305 5.0741213 5.0691846 5.0630134 5.0559068 5.048094 5.0397529 5.0310221 5.0220107 5.0128052 5.0034744 4.9940733 4.9846462 4.9752291 4.9658506 4.9565343 4.9472989 4.9381598 4.929129 4.9202161
6.3696299 6.3955434 6.3746236 6.3433647 6.3102851 6.2914507 6.3006572 6.3513268 6.4711254 6.7361798 7.1022743 6.8634523 6.4813742 6.2747502 6.165963 6.1146701 6.1107302 6.1515885 6.2139221 6.2414013 6.1685388 5.9630041 5.7328968 5.5108538 5.276643 4.9866076 4.5541478 4.0797131 4.3053998 4.6179209 4.7804189 4.8816319 4.9502639 4.9972331 5.0290741 5.0501473 5.0634217 5.0709602 5.0742281 5.074287 5.0719187 5.0677067 5.0620915 5.0554092 5.0479181 5.0398183 5.0312662 5.0223843 5.0132697 5.0039994 4.9946347 4.9852249 4.9758095 4.9664206 4.9570837 4.9478197 4.9386451 4.9295734 4.9206151 4.9117786
