Cobbity4/QGIS/1mHCPcon_A.asc
NCOLS 299
NROWS 200
XLLCORNER 150.661
YLLCORNER -34.0266
CELLSIZE 1e-05
NODATA_VALUE -9999
[rows 0 to 25 of 200, columns 180 to 239 of 299]
5.2103455 5.2118025 5.2122065 5.2115168 5.2096969 5.2067171 5.2025571 5.1972088 5.1906778 5.1829846 5.1741652 5.1642697 5.1533616 5.1415151 5.1288131 5.1153443 5.1012015 5.086479 5.0712718 5.0556746 5.0397814 5.0236855 5.0074793 4.9912546 4.9751022 4.959112 4.9433719 4.9279678 4.9129825 4.8984948 4.8845788 4.8713028 4.8587286 4.8469104 4.8358943 4.8257174 4.8164075 4.8079824 4.8004501 4.7938087 4.7880466 4.7831431 4.7790693 4.7757887 4.7732583 4.7714302 4.770252 4.7696686 4.7696232 4.7700583 4.7709166 4.7721422 4.7736807 4.7754804 4.7774924 4.7796709 4.7819737 4.784362 4.7868005 4.7892575
5.2180224 5.2199256 5.2207008 5.2202979 5.2186701 5.2157773 5.2115903 5.2060946 5.1992927 5.1912055 5.1818734 5.1713546 5.1597231 5.1470663 5.1334806 5.1190688 5.1039364 5.0881897 5.0719337 5.0552719 5.0383059 5.0211359 5.0038609 4.9865791 4.969388 4.9523843 4.9356632 4.9193178 4.9034381 4.8881102 4.873415 4.8594274 4.8462148 4.8338369 4.8223438 4.811776 4.8021634 4.7935247 4.7858675 4.779188 4.7734717 4.7686935 4.7648191 4.7618056 4.7596032 4.7581561 4.7574045 4.7572852 4.7577337 4.7586853 4.7600756 4.7618421 4.763925 4.7662673 4.7688155 4.7715202 4.7743358 4.7772211 4.7801386 4.7830552
5.2260169 5.2284309 5.2296437 5.229592 5.2282138 5.2254543 5.2212713 5.2156406 5.2085596 5.2000496 5.1901562 5.178948 5.1665133 5.1529562 5.1383913 5.1229386 5.1067197 5.0898543 5.0724587 5.0546453 5.036523 5.0181983 4.9997762 4.9813611 4.9630572 4.9449683 4.927197 4.9098443 4.8930083 4.8767828 4.8612565 4.8465111 4.8326211 4.8196515 4.8076577 4.7966839 4.7867623 4.7779128 4.7701425 4.7634458 4.7578043 4.7531883 4.7495569 4.74686 4.7450397 4.7440314 4.7437662 4.7441722 4.7451761 4.7467047 4.7486861 4.7510507 4.7537322 4.7566681 4.7598003 4.7630754 4.7664446 4.7698639 4.7732941 4.7767006
5.234297 5.2373009 5.2390367 5.2394217 5.238372 5.2358111 5.231678 5.2259344 5.2185699 5.2096052 5.1990929 5.1871154 5.1737806 5.1592151 5.1435573 5.1269499 5.1095341 5.0914456 5.0728123 5.0537554 5.0343899 5.0148274 4.995178 4.9755515 4.9560585 4.93681 4.9179167 4.8994882 4.8816311 4.8644481 4.848036 4.8324849 4.8178763 4.8042821 4.791763 4.7803677 4.7701315 4.7610756 4.7532068 4.746517 4.7409841 4.7365723 4.7332336 4.7309093 4.7295319 4.7290269 4.729315 4.7303142 4.731941 4.7341131 4.7367498 4.7397738 4.743112 4.7466959 4.7504626 4.7543544 4.7583193 4.7623109 4.7662881 4.770215
5.2427962 5.2464903 5.2488623 5.2498005 5.2491891 5.2469199 5.2429047 5.2370846 5.2294373 5.2199821 5.2087809 5.195935 5.1815791 5.1658715 5.148983 5.1310864 5.1123474 5.09292 5.0729445 5.0525488 5.031852 5.0109686 4.9900114 4.9690948 4.9483353 4.9278513 4.9077623 4.8881871 4.869242 4.8510393 4.8336851 4.8172783 4.8019085 4.7876552 4.7745855 4.7627533 4.7521977 4.7429415 4.7349913 4.7283367 4.7229509 4.7187913 4.7158016 4.7139131 4.7130471 4.7131176 4.7140334 4.7157006 4.7180246 4.7209124 4.724274 4.7280234 4.7320802 4.7363697 4.7408237 4.7453803 4.7499844 4.7545872 4.759146 4.7636238
5.2513941 5.2559106 5.2590734 5.2607275 5.2607094 5.2588657 5.2550686 5.2492293 5.2413083 5.2313215 5.2193432 5.2055014 5.1899692 5.1729497 5.1546593 5.1353112 5.1151031 5.0942097 5.0727824 5.0509527 5.0288391 5.0065545 4.9842118 4.961928 4.9398249 4.9180291 4.8966695 4.8758756 4.8557743 4.8364884 4.8181342 4.8008203 4.7846456 4.7696978 4.7560516 4.7437671 4.7328878 4.7234393 4.715428 4.708841 4.7036462 4.6997935 4.6972165 4.6958349 4.6955572 4.6962838 4.6979096 4.7003273 4.7034297 4.707112 4.7112733 4.7158188 4.7206598 4.7257151 4.7309113 4.7361823 4.7414699 4.7467232 4.751898 4.7569568
5.2598867 5.2654074 5.2695791 5.2721801 5.2729773 5.271752 5.2683204 5.2625508 5.2543773 5.2438103 5.23094 5.2159328 5.1990177 5.1804635 5.1605523 5.1395539 5.117707 5.0952095 5.07222 5.0488666 5.0252589 5.0015015 4.9777023 4.9539786 4.9304574 4.9072743 4.8845696 4.8624847 4.8411587 4.820726 4.8013139 4.7830414 4.7660174 4.7503391 4.73609 4.7233377 4.7121314 4.7025001 4.694451 4.6879685 4.6830147 4.6795306 4.6774382 4.6766437 4.6770403 4.6785126 4.6809396 4.6841987 4.688168 4.6927296 4.6977711 4.7031874 4.7088816 4.7147656 4.7207605 4.7267964 4.7328122 4.7387549 4.7445797 4.7502486
5.2679391 5.2747263 5.2802226 5.2841045 5.2860376 5.2857106 5.2828611 5.2772964 5.2689115 5.2577048 5.2437876 5.2273815 5.2087986 5.188407 5.1665865 5.143688 5.120004 5.0957562 5.0711018 5.0461511 5.0209908 4.9957053 4.970391 4.9451628 4.9201537 4.8955105 4.8713876 4.8479409 4.8253234 4.8036821 4.7831558 4.7638745 4.7459576 4.7295129 4.7146343 4.7013985 4.6898623 4.6800596 4.671999 4.6656627 4.6610062 4.6579604 4.6564336 4.656316 4.657483 4.6598006 4.6631295 4.6673291 4.6722615 4.6777938 4.683801 4.690167 4.6967863 4.7035637 4.710415 4.7172664 4.7240545 4.7307248 4.7372321 4.7435386
5.275014 5.283462 5.2907516 5.296404 5.2999385 5.3009161 5.2989673 5.2938136 5.2852899 5.2733703 5.2581903 5.240051 5.2193924 5.1967365 5.1726135 5.1474938 5.121741 5.0955974 5.0691991 5.0426124 5.0158758 4.989036 4.9621682 4.9353834 4.9088233 4.8826511 4.85704 4.8321644 4.8081931 4.7852861 4.763594 4.7432573 4.7244064 4.7071608 4.6916262 4.677891 4.6660221 4.6560605 4.6480178 4.6418741 4.6375782 4.6350489 4.6341788 4.6348387 4.6368832 4.6401564 4.6444977 4.6497461 4.6557451 4.6623457 4.6694088 4.676807 4.6844254 4.6921619 4.6999273 4.7076445 4.7152477 4.7226821 4.7299023 4.7368715
5.2802586 5.2909831 5.3007763 5.3089234 5.3147372 5.3176091 5.3170299 5.3126031 5.3040684 5.2913474 5.2745951 5.254227 5.2308848 5.2053387 5.1783578 5.1505935 5.1225047 5.0943401 5.0661746 5.0379808 5.0097064 4.9813327 4.9529033 4.9245262 4.8963603 4.8685948 4.8414306 4.8150653 4.7896861 4.7654661 4.7425657 4.7211349 4.7013145 4.6832362 4.66702 4.6527692 4.6405644 4.6304569 4.6224636 4.616564 4.612699 4.610774 4.6106624 4.6122122 4.6152532 4.6196039 4.6250784 4.6314928 4.6386696 4.6464417 4.6546551 4.6631703 4.6718631 4.6806246 4.6893608 4.697992 4.7064512 4.7146833 4.7226438 4.7302977
5.2823297 5.2963216 5.309714 5.3214343 5.3305126 5.3361304 5.3376114 5.3344023 5.3260883 5.3124708 5.2936932 5.2703326 5.2433626 5.2139709 5.1833182 5.1523373 5.1216143 5.0913682 5.0615295 5.0318839 5.0022154 4.9724008 4.9424427 4.9124569 4.8826374 4.8532183 4.8244416 4.7965364 4.7697098 4.7441462 4.720012 4.6974625 4.6766471 4.65771 4.6407883 4.6260049 4.6134592 4.6032182 4.5953077 4.5897078 4.5863519 4.5851289 4.5858897 4.5884548 4.5926242 4.5981861 4.6049255 4.6126318 4.6211043 4.6301561 4.6396171 4.6493354 4.6591776 4.6690284 4.67879 4.6883806 4.6977327 4.7067923 4.7155166 4.7238729
5.279116 5.298008 5.3167178 5.3336239 5.3473882 5.356969 5.3615256 5.3603151 5.352663 5.3380909 5.3166149 5.2890327 5.2569015 5.2221474 5.1865868 5.1515962 5.1179338 5.0857055 5.0545259 5.0238146 4.9930697 4.9620133 4.9306103 4.8990151 4.8674951 4.8363615 4.8059197 4.7764404 4.7481513 4.7212419 4.6958765 4.6722081 4.6503894 4.6305771 4.6129292 4.5975947 4.5847002 4.5743355 4.5665412 4.5613009 4.5585397 4.5581275 4.5598877 4.5636075 4.5690509 4.5759702 4.5841166 4.5932492 4.603141 4.613584 4.6243912 4.6353983 4.6464629 4.6574643 4.6683017 4.6788922 4.6891694 4.699081 4.7085872 4.7176586
5.2672642 5.2938243 5.320603 5.3451048 5.3655746 5.3808238 5.389939 5.3920014 5.3859086 5.3705166 5.3453362 5.3114367 5.2715241 5.2289171 5.1865107 5.1463743 5.1095272 5.0757863 5.0440779 5.0131032 4.9818776 4.9499232 4.9172103 4.8840058 4.8507223 4.8178031 4.7856497 4.7545869 4.7248596 4.6966495 4.6701023 4.6453543 4.6225529 4.6018655 4.5834758 4.5675693 4.5543121 4.5438284 4.5361819 4.531364 4.5292912 4.5298106 4.5327114 4.5377403 4.5446177 4.5530532 4.5627587 4.5734587 4.5848978 4.5968449 4.6090961 4.6214747 4.6338305 4.6460383 4.6579956 4.6696202 4.6808477 4.6916291 4.7019287 4.7117215
5.2412336 5.280474 5.3198253 5.3554773 5.3854424 5.4086722 5.4244669 5.4319197 5.4293258 5.4139735 5.383607 5.3394857 5.287037 5.2324338 5.180077 5.1330549 5.0929923 5.059062 5.0286165 4.9989213 4.9682311 4.9358954 4.9020339 4.8671813 4.8320215 4.7972161 4.7633091 4.7306919 4.6996146 4.6702255 4.6426221 4.6168988 4.5931821 4.571646 4.5525077 4.5360046 4.5223612 4.5117539 4.5042821 4.4999512 4.4986687 4.5002533 4.5044518 4.5109604 4.5194465 4.529569 4.5409941 4.5534078 4.5665233 4.5800861 4.5938749 4.6077018 4.6214102 4.634872 4.6479848 4.6606688 4.6728632 4.6845239 4.6956203 4.7061334
5.1913445 5.2535439 5.3126652 5.3644743 5.4076405 5.4418363 5.4671949 5.4834859 5.4887381 5.4768848 5.4393838 5.3766138 5.3023166 5.2292295 5.1619024 5.1047963 5.0620522 5.0313429 5.0059943 4.980389 4.951819 4.9197669 4.8848652 4.848205 4.8109437 4.7740885 4.7383874 4.7043063 4.672071 4.6417488 4.6133381 4.5868489 4.5623598 4.5400447 4.5201654 4.5030354 4.4889673 4.4782168 4.470938 4.4671588 4.466777 4.4695752 4.4752457 4.4834214 4.4937053 4.5056959 4.5190074 4.5332825 4.5482015 4.5634857 4.5788978 4.5942402 4.6093516 4.6241036 4.6383961 4.6521535 4.6653207 4.6778598 4.6897471 4.7009702
5.1044034 5.2095442 5.297478 5.3721033 5.4332826 5.4820716 5.5205486 5.550595 5.5730117 5.5776689 5.532458 5.4284555 5.3121165 5.2139428 5.1230839 5.0473701 5.0042521 4.9858918 4.9737221 4.956941 4.9326492 4.9015321 4.8654715 4.8265754 4.786768 4.7475802 4.7100432 4.6746889 4.6416565 4.6108481 4.582079 4.5552041 4.5302097 4.5072565 4.486668 4.4688728 4.4543185 4.4433822 4.436301 4.4331372 4.4337763 4.4379525 4.4452877 4.4553352 4.4676189 4.4816666 4.4970328 4.5133138 4.5301557 4.5472563 4.5643641 4.5812744 4.5978243 4.6138877 4.6293693 4.6442002 4.6583328 4.6717375 4.6843986 4.6963119
5.0005517 5.1467525 5.270411 5.3787871 5.4643386 5.5317494 5.5873827 5.63562 5.6892128 5.7566616 5.7208593 5.5022813 5.2954954 5.1869655 5.0499472 4.924387 4.8931629 4.9136245 4.9304442 4.9291472 4.9113689 4.8814184 4.8435484 4.8014793 4.7582801 4.7162607 4.6768428 4.6405768 4.6073847 4.5768638 4.5485126 4.5219146 4.4968881 4.4735575 4.4523343 4.4338249 4.4186886 4.4074903 4.4005921 4.3981051 4.3998965 4.405634 4.4148466 4.4269865 4.4414819 4.4577778 4.4753627 4.4937836 4.5126527 4.5316467 4.5505031 4.5690136 4.5870176 4.6043942 4.6210563 4.6369439 4.6520194 4.6662628 4.6796682 4.6922403
4.9156744 5.0145752 5.2197667 5.3881343 5.5044522 5.5936298 5.6728002 5.7411407 5.8143655 6.0347139 6.1076749 5.5998472 5.2356027 5.1806961 4.8974135 4.6207915 4.681356 4.8125326 4.8799878 4.8997619 4.889486 4.8598681 4.8185841 4.7715262 4.7233568 4.6775989 4.6362678 4.5997623 4.5674996 4.5385707 4.5119617 4.4867817 4.462551 4.4393146 4.4176093 4.3983236 4.3824584 4.3708741 4.3641186 4.3623682 4.3654583 4.3729618 4.3842841 4.3987498 4.4156721 4.4344016 4.454355 4.4750297 4.496006 4.5169438 4.5375744 4.5576908 4.5771387 4.5958067 4.6136188 4.6305268 4.646505 4.6615448 4.675651 4.6888385
4.4970866 4.6739088 5.1677855 5.41802 5.5591248 5.6675753 5.7814537 5.9004027 5.9053217 6.0377112 6.1077119 5.6272644 5.278967 5.1109952 4.5902574 3.9960919 4.415039 4.719685 4.8339273 4.8734619 4.8691545 4.8373576 4.7896431 4.7343353 4.6781618 4.6268782 4.58373 4.5483084 4.518763 4.4935901 4.4710117 4.4492323 4.4272604 4.4049832 4.3830979 4.3629574 4.34614 4.3339799 4.327297 4.3263456 4.3309006 4.3403981 4.3540792 4.3711095 4.3906666 4.4119961 4.4344403 4.457449 4.4805764 4.5034715 4.5258659 4.5475599 4.5684104 4.5883198 4.6072262 4.625096 4.641917 4.6576936 4.6724423 4.6861889
4.5634607 4.7745506 5.2721002 5.4967273 5.6316572 5.7500573 5.8749559 6.0682967 5.9927532 5.8469427 5.7609016 5.5461605 5.3102819 5.0633115 4.6329713 4.2265277 4.4791478 4.6706317 4.7969992 4.8546962 4.8526496 4.8140943 4.7552044 4.6861002 4.6155253 4.5544587 4.510446 4.4791923 4.4548578 4.4370057 4.4226645 4.4077772 4.3907292 4.3710829 4.3496181 4.3285159 4.3104042 4.2973932 4.2906851 4.2906063 4.2968181 4.3085594 4.3248565 4.3446812 4.3670559 4.3911142 4.4161256 4.4414988 4.4667702 4.4915872 4.5156895 4.5388913 4.5610663 4.5821344 4.6020512 4.6207994 4.6383822 4.6548178 4.6701351 4.6843709
5.4486706 5.4808005 5.5245146 5.6085423 5.7123704 5.868388 5.9941941 5.9662498 5.8871047 5.7558971 5.6385247 5.4973201 5.3299118 5.1325394 4.8907237 4.6678809 4.44359 4.5332596 4.7688645 4.8500998 4.8420106 4.7896078 4.7133999 4.6221445 4.5220939 4.4370715 4.3982997 4.3809906 4.3617494 4.3577416 4.3606705 4.3585059 4.3515839 4.3381553 4.3183047 4.2960453 4.2761097 4.2618753 4.2550322 4.2559258 4.264014 4.2782593 4.2974174 4.3202324 4.3455561 4.3724085 4.399994 4.4276919 4.4550334 4.4816751 4.507374 4.5319653 4.5553444 4.5774525 4.5982648 4.617782 4.6360234 4.6530213 4.6688173 4.6834592
5.7910027 5.7792096 5.7116563 5.6983442 5.754381 5.9953869 6.37881 6.0247066 5.8096778 5.6980389 5.6001246 5.4937857 5.370847 5.2275136 5.0596558 4.8388853 4.4924554 4.5816891 4.8149329 4.8701156 4.8373149 4.7619642 4.6625816 4.5422461 4.3807559 4.205778 4.2064229 4.244887 4.1979676 4.2306992 4.2734093 4.2891976 4.3051533 4.3069108 4.2908413 4.2669023 4.2443319 4.2284263 4.2213664 4.2233721 4.2335675 4.2505548 4.272769 4.2986976 4.327013 4.3566278 4.3866965 4.4165865 4.4458394 4.4741342 4.5012542 4.5270621 4.5514791 4.5744699 4.5960306 4.6161806 4.634955 4.6524 4.6685693 4.6835209
6.1127796 5.9437919 5.8380343 5.7400483 5.6855599 5.7575784 5.9883217 5.8656802 5.7375974 5.6623565 5.5940128 5.5183209 5.4307084 5.3283126 5.2100983 5.0884759 4.9825472 4.9305592 4.9371633 4.9080842 4.8336385 4.727089 4.5982344 4.4586072 4.2379617 3.7613492 3.9135809 4.120596 3.8753872 4.0562145 4.1368458 4.1462512 4.2389194 4.2798763 4.2698965 4.2427672 4.2164183 4.198415 4.1911453 4.194429 4.2069097 4.2267838 4.2521389 4.2811802 4.3123944 4.3446028 4.3769338 4.4087664 4.4396713 4.4693621 4.4976569 4.5244501 4.5496908 4.5733679 4.5954982 4.6161185 4.6352788 4.653038 4.6694606 4.6846137
7.0241685 6.2982178 5.9543914 5.7417341 5.5297203 5.2153401 5.3574207 5.6100749 5.6551155 5.6418891 5.6084713 5.5633997 5.509609 5.4443156 5.3536006 5.2388476 5.1968134 5.1295478 5.0384906 4.9406923 4.8231253 4.6829737 4.5085677 4.3391161 4.2636131 3.9485847 4.0312675 4.1690997 4.0076004 4.0782677 3.8493427 3.6935842 4.1552574 4.2678227 4.2594081 4.2256175 4.1941556 4.1738248 4.1664883 4.1711462 4.1858655 4.2085594 4.236962 4.2689327 4.302764 4.3372149 4.3714245 4.4048118 4.436995 4.4677328 4.4968825 4.5243711 4.5501747 4.5743044 4.5967954 4.6176994 4.6370792 4.655004 4.6715471 4.6867829
7.1270381 6.4256174 6.0093028 5.7241561 5.4536095 5.1618796 5.2601094 5.5109945 5.6150827 5.6446818 5.6422269 5.6272075 5.6119702 5.602188 5.5629167 5.3972106 5.2602788 5.2168929 5.0980181 4.9539865 4.7974219 4.6336101 4.4507613 4.2196255 4.3150488 4.3222531 4.3230681 4.3335558 4.2887431 4.2140071 3.8926595 3.7407707 4.2066151 4.2913742 4.2636775 4.2179407 4.1801117 4.1575346 4.1503524 4.1562034 4.1724916 4.1976628 4.2288335 4.2633173 4.2992333 4.3353461 4.370858 4.4052584 4.4382269 4.4695708 4.4991848 4.5270244 4.5530881 4.5774041 4.6000212 4.6210023 4.6404189 4.6583479 4.6748683 4.6900596
6.7347406 6.3495753 6.0046968 5.6784994 5.3068471 5.1107934 5.3078008 5.5088947 5.6232956 5.6747978 5.695251 5.7073889 5.734572 5.8208326 5.9970794 5.8982539 5.5388493 5.3189696 5.1345035 4.9457899 4.7436787 4.5310434 4.4084327 4.4008001 4.4393244 4.4756673 4.4836178 4.4762519 4.447793 4.3932907 4.3132487 4.3282105 4.3983961 4.3545235 4.286139 4.2234571 4.1777017 4.1526215 4.1461854 4.1519471 4.1681051 4.1958958 4.2294899 4.2657546 4.3028884 4.3398042 4.37583 4.4105464 4.4436943 4.4751214 4.5047493 4.5325515 4.5585393 4.58275 4.6052395 4.6260759 4.6453352 4.6630975 4.6794449 4.6944591
