Cobbity4/QGIS/1mPRPcon.asc
NCOLS 299
NROWS 220
XLLCORNER 150.661
YLLCORNER -34.0268
CELLSIZE 1e-05
NODATA_VALUE -9999
[rows 26 to 51 of 220, columns 120 to 179 of 299]
21.406741 21.543681 21.7139 21.933258 22.119887 22.032327 21.866416 21.806432 21.910657 22.182268 22.666528 23.534456 24.378675 23.528311 22.666995 22.112817 21.729361 21.467615 21.329225 21.108083 20.718609 20.793232 21.02852 21.318689 21.692941 22.17594 22.643428 22.73423 22.104062 21.419184 20.864583 20.326109 19.652166 18.521737 18.021911 19.177615 19.840761 20.283949 20.635879 20.969187 21.354072 21.836017 22.081972 21.79639 21.499175 21.305163 21.198856 21.142476 21.09856 21.048957 21.037683 21.114619 21.261947 21.443522 21.678048 22.01968 22.592553 23.801612 25.374894 24.048575
21.593049 21.769506 21.994728 22.344846 22.916418 22.695504 22.186007 22.052431 22.143068 22.412669 22.895327 23.824176 24.959379 23.75387 22.733465 22.233007 21.969493 21.883473 22.121833 22.523602 21.71033 21.382814 21.409534 21.605957 21.978024 22.683529 23.421086 22.676299 21.910343 21.338962 20.842713 20.326372 19.65226 18.630021 18.166827 19.332364 19.995876 20.417504 20.76087 21.109409 21.572945 22.454126 23.196409 22.137426 21.580623 21.346377 21.229662 21.159032 21.073818 20.88382 20.737337 20.992013 21.19293 21.35534 21.549261 21.8236 22.204791 22.677042 23.193367 23.126585
21.772807 21.986253 22.239797 22.524119 22.823534 22.690562 22.346839 22.239114 22.338947 22.622859 23.074347 23.534075 23.674921 23.240407 22.690337 22.348857 22.213154 22.256968 22.366508 22.33593 21.994968 21.737468 21.700381 21.840104 22.171124 22.915671 23.957847 22.805361 21.864847 21.318208 20.877489 20.42449 19.830288 18.656 19.058193 19.766822 20.224196 20.577454 20.895662 21.235955 21.652465 22.204629 22.529164 22.007134 21.583856 21.368097 21.260084 21.200652 21.119991 20.855536 20.591947 20.950405 21.140104 21.248545 21.372755 21.565893 21.864967 22.093333 22.215355 22.430597
21.944846 22.204692 22.542754 22.903224 22.913842 22.648831 22.439059 22.381607 22.503148 22.838006 23.514224 24.376378 23.868066 23.12023 22.685381 22.466112 22.45772 22.754399 23.331198 22.848257 22.253423 21.98121 21.92354 22.04224 22.314344 22.634794 22.736691 22.319521 21.768204 21.330856 20.968957 20.622782 20.231722 19.729088 19.878614 20.188675 20.480312 20.754491 21.04131 21.383826 21.828276 22.228426 22.142272 21.823622 21.546239 21.375287 21.295315 21.283646 21.316924 21.298137 21.154027 21.119357 21.119355 21.12038 21.135488 21.196182 21.424779 21.834043 21.853126 22.013187
22.102818 22.399502 22.83673 23.553963 23.546084 22.846736 22.551697 22.500176 22.629152 22.962127 23.682124 24.839959 24.071564 23.122131 22.720352 22.584366 22.654528 23.019321 23.793484 23.180367 22.453616 22.159658 22.100988 22.246358 22.674525 23.261993 22.854 22.199963 21.732522 21.379453 21.101735 20.874959 20.692601 20.6 20.497399 20.569031 20.727948 20.933343 21.191225 21.54302 22.145228 23.110507 22.505156 21.829826 21.526577 21.378383 21.332459 21.386376 21.612081 22.049774 21.694714 21.272207 21.083274 20.960949 20.830282 20.620973 20.356395 20.581071 21.153284 21.624915
22.247132 22.55343 22.91853 23.302256 23.278961 22.870671 22.634091 22.599011 22.733101 23.018085 23.387293 23.644886 23.411891 22.99092 22.750645 22.708976 22.852269 23.109794 23.187258 22.899555 22.509379 22.280597 22.237427 22.396158 22.937547 24.081704 23.222018 22.232774 21.754364 21.45758 21.25469 21.128102 21.087076 20.999069 20.881046 20.864378 20.944925 21.103028 21.342761 21.678285 22.1119 22.544084 22.24748 21.766827 21.497102 21.37434 21.365748 21.468011 21.709953 22.090494 21.763673 21.28575 20.9972 20.771451 20.504368 19.992822 18.739611 18.799454 20.409967 21.277934
22.390293 22.738401 23.160433 23.428067 23.208434 22.885121 22.698338 22.685389 22.845484 23.208277 23.697769 23.590363 23.187404 22.915203 22.796462 22.850872 23.139757 23.823477 23.797808 23.007894 22.578014 22.375393 22.349871 22.488943 22.75668 22.986541 22.670813 22.144811 21.780272 21.550654 21.415704 21.357951 21.382257 21.310413 21.143376 21.087116 21.125113 21.257546 21.50905 21.933438 22.429733 22.384235 22.007232 21.669672 21.449443 21.356843 21.399869 21.596477 21.860479 21.874185 21.579216 21.194236 20.861381 20.556083 20.202735 19.709026 18.950702 19.050185 20.218178 21.082944
22.527417 22.930519 23.576255 24.265429 23.557172 22.973325 22.760233 22.761889 22.941091 23.359996 24.145374 23.864497 23.18368 22.914513 22.870915 23.006663 23.322258 23.901585 23.857762 23.073094 22.639366 22.45584 22.465128 22.693225 23.075611 22.936375 22.472118 22.087807 21.81592 21.653234 21.589013 21.617093 21.621992 21.495348 21.34034 21.258112 21.269734 21.387611 21.657847 22.26151 23.531119 23.078645 22.053403 21.608163 21.387226 21.312578 21.415143 21.848148 22.826807 22.800162 21.728744 21.106108 20.691965 20.307366 19.82896 19.20624 18.9178 19.430081 20.228522 20.996087
22.654355 23.051877 23.495341 23.794265 23.408347 22.97784 22.80214 22.835066 23.034993 23.326752 23.552161 23.418753 23.090871 22.927258 22.971257 23.241739 23.696296 23.839512 23.478033 23.007058 22.668836 22.519248 22.561788 22.905587 23.833603 23.434291 22.520406 22.095264 21.8665 21.76006 21.76926 21.910924 22.171232 21.760021 21.501746 21.387725 21.380737 21.488233 21.740411 22.193904 22.826711 22.605362 21.924747 21.516122 21.29604 21.217151 21.31976 21.818073 23.218106 23.212467 21.696121 20.948976 20.486485 20.040147 19.399936 18.091556 16.999913 18.816484 20.085714 20.935521
22.793585 23.294646 23.810127 23.701296 23.262287 22.944151 22.824285 22.91335 23.243299 23.77719 23.79302 23.334044 23.039208 22.945469 23.070596 23.529086 24.705816 25.200679 23.752296 23.02833 22.693528 22.571137 22.624631 22.843291 23.142997 22.947799 22.44033 22.102258 21.919664 21.860984 21.932915 22.230684 22.419159 21.874677 21.605629 21.475734 21.459525 21.570788 21.853755 22.290922 22.462712 22.150816 21.725196 21.387781 21.169805 21.061976 21.075685 21.262016 21.65817 21.685836 21.159844 20.666349 20.242277 19.780183 19.166509 18.220013 17.601911 18.882524 20.04407 20.908982
22.900437 23.532084 24.553238 24.195312 23.29517 22.919544 22.825918 22.955758 23.412336 24.517017 24.517205 23.434678 23.027355 22.960317 23.12764 23.56436 24.420122 24.717522 23.661714 23.006276 22.705357 22.623035 22.740648 23.040706 23.118442 22.75407 22.374838 22.109777 21.969967 21.949941 22.064724 22.281835 22.209797 21.891349 21.650416 21.522804 21.5041 21.625547 22.014069 23.038008 23.48046 22.261942 21.610448 21.24902 21.015874 20.869111 20.788161 20.719714 20.718911 20.810961 20.653652 20.35127 19.975778 19.480529 18.794479 18.193948 18.418449 19.211772 20.092204 20.914694
22.947342 23.386369 23.81217 23.648143 23.141895 22.859514 22.80088 22.93007 23.244919 23.727089 23.730814 23.230068 22.966504 22.961424 23.187988 23.638337 24.010588 23.835019 23.344577 22.923756 22.699043 22.666722 22.881741 23.630588 23.980547 22.916712 22.382553 22.127816 22.018817 22.030527 22.162845 22.411859 22.17309 21.863231 21.655037 21.535545 21.512542 21.615754 21.936898 22.703469 23.002259 22.060605 21.447781 21.087418 20.838231 20.657254 20.541557 20.500257 20.498085 20.45401 20.313378 20.071742 19.719259 19.165935 18.077058 16.310095 17.525462 19.114923 20.090084 20.929003
23.080267 23.562444 23.608022 23.274463 22.961351 22.779387 22.762811 22.916392 23.205839 23.3327 23.184862 22.984217 22.877351 22.944956 23.262482 24.089014 25.170032 24.092847 23.250744 22.856718 22.687135 22.692552 22.874913 23.278558 23.390798 22.78455 22.358964 22.144409 22.068151 22.118368 22.348955 22.447958 22.100212 21.831105 21.638853 21.523466 21.493855 21.571223 21.760855 21.950533 21.925047 21.594109 21.213325 20.898135 20.635323 20.406181 20.231094 20.19652 20.225072 20.161051 20.038203 19.826626 19.494253 18.981294 18.119475 16.975623 17.81607 19.155131 20.082577 20.91533
23.212318 24.050136 24.047459 23.244373 22.857058 22.704551 22.715842 22.910759 23.410064 23.614493 23.086127 22.848546 22.797815 22.903256 23.206237 23.863271 24.616336 23.842431 23.121252 22.79011 22.679773 22.748722 22.977357 23.118032 22.921236 22.592226 22.316595 22.161356 22.123165 22.196465 22.393836 22.46832 22.075151 21.797581 21.610275 21.494201 21.458363 21.543093 21.850443 22.104913 21.687367 21.31336 20.993843 20.700046 20.413802 20.097331 19.699901 19.417041 19.634554 19.810513 19.781992 19.602277 19.271622 18.75869 18.173153 18.030737 18.537009 19.318098 20.070727 20.817415
23.116107 23.513916 23.490679 23.052089 22.751702 22.631142 22.654371 22.805824 23.064174 23.143817 22.894183 22.738338 22.730829 22.86394 23.139523 23.437776 23.499426 23.247522 22.914995 22.714316 22.676082 22.839252 23.397613 23.908937 23.070209 22.553486 22.301243 22.19092 22.19917 22.344791 22.538309 22.297291 22.003018 21.75668 21.573413 21.452334 21.401936 21.463413 21.772433 22.06093 21.539587 21.117502 20.801553 20.507078 20.196778 19.808946 19.139166 18.340812 19.075188 19.5232 19.563998 19.401273 19.046851 18.346413 17.002139 17.014336 18.43189 19.331144 20.014824 20.654191
23.23636 23.447135 23.186029 22.866754 22.646564 22.560581 22.607012 22.771422 22.915298 22.846889 22.71378 22.640437 22.675275 22.847055 23.246707 23.864249 23.489006 23.019749 22.767971 22.651923 22.672997 22.852419 23.272593 23.584101 22.971181 22.51449 22.301334 22.239917 22.302099 22.477201 22.727184 22.346759 21.974067 21.719116 21.533377 21.404052 21.329576 21.316107 21.367918 21.38771 21.19289 20.908121 20.618962 20.319602 19.990597 19.614165 19.167446 18.820126 19.11907 19.379774 19.395123 19.229737 18.884435 18.238056 16.979196 17.001405 18.437505 19.316211 19.935275 20.498787
23.52642 23.971034 23.2587 22.780482 22.559447 22.492243 22.570205 22.872761 23.279013 22.892579 22.628529 22.567842 22.630481 22.812486 23.151393 23.593903 23.303914 22.879411 22.670701 22.61327 22.702947 22.939447 23.140616 23.035617 22.729075 22.450095 22.308011 22.313645 22.492756 22.794449 22.664318 22.285149 21.942129 21.683474 21.49487 21.360156 21.269018 21.214315 21.192409 21.132595 20.965608 20.726132 20.44843 20.133692 19.758328 19.307145 18.943111 18.963251 19.156618 19.280589 19.253677 19.069039 18.722672 18.26684 17.960911 18.135221 18.738928 19.336797 19.841037 20.327666
23.284281 23.413397 23.044071 22.674041 22.47459 22.416497 22.482171 22.69186 22.922637 22.716652 22.533244 22.508895 22.606184 22.821246 23.095588 23.162887 22.971037 22.732819 22.593376 22.589806 22.771144 23.317364 24.02156 23.28902 22.686363 22.414297 22.324668 22.396431 22.705125 23.538283 23.159106 22.328605 21.913706 21.647861 21.461836 21.33254 21.24512 21.189199 21.189192 21.068565 20.841748 20.584464 20.295285 19.957106 19.513086 18.787414 17.827547 18.359758 18.983762 19.164833 19.122678 18.904704 18.454804 17.639918 17.363356 18.197593 18.835376 19.317751 19.715419 20.073957
23.614109 23.367577 22.89782 22.566965 22.388579 22.339977 22.395243 22.486051 22.513578 22.469006 22.424512 22.45951 22.602642 22.919559 23.566797 23.56727 22.939859 22.64474 22.532739 22.564738 22.769087 23.303651 24.012354 23.255543 22.629353 22.38437 22.351673 22.498029 22.771569 22.984618 22.755698 22.242383 21.86485 21.609685 21.436649 21.330224 21.282403 21.246362 21.152083 20.984662 20.742136 20.464479 20.155989 19.800073 19.355976 18.682042 17.796358 18.297848 18.905535 19.07156 19.004746 18.760513 18.286742 17.337277 16.962732 18.120141 18.824665 19.25727 19.569745 19.789283
24.456035 23.760778 22.87051 22.474794 22.302151 22.267312 22.369951 22.581641 22.46216 22.349353 22.345535 22.42686 22.603056 22.899296 23.368888 23.356225 22.842725 22.567363 22.481618 22.551201 22.768591 23.002743 23.042099 22.785108 22.482338 22.338236 22.382365 22.692437 23.401988 23.385576 22.631255 22.140346 21.802809 21.569972 21.419082 21.352522 21.418964 21.601904 21.364983 20.983316 20.666809 20.3567 20.020286 19.632653 19.193357 18.797034 18.603994 18.734544 18.949758 19.009871 18.895018 18.608452 18.177819 17.805658 17.84741 18.340147 18.831088 19.183794 19.42662 19.56211
23.536007 23.229815 22.679676 22.357404 22.208377 22.175462 22.250114 22.394851 22.333702 22.260507 22.292487 22.421779 22.661941 22.975522 23.108648 22.944445 22.672624 22.480512 22.430633 22.55841 22.988092 23.524541 23.009124 22.576212 22.355873 22.283649 22.379911 22.750647 23.72097 23.708387 22.613167 22.060781 21.740442 21.532255 21.407152 21.372661 21.51508 21.952183 21.555398 20.984393 20.599695 20.255682 19.884427 19.42257 18.777328 18.145016 18.370391 18.770243 18.950728 18.956496 18.790019 18.39415 17.618995 16.88914 17.590727 18.343307 18.805753 19.097878 19.278083 19.386496
23.078514 22.76802 22.450176 22.228617 22.114092 22.07539 22.077334 22.116518 22.148488 22.172172 22.254165 22.438129 22.808142 23.555697 23.833678 23.032383 22.595597 22.402685 22.368205 22.503541 22.933278 23.499186 22.920435 22.446144 22.256989 22.230421 22.355909 22.629935 22.894996 22.79834 22.344841 21.94731 21.675605 21.500066 21.40623 21.393833 21.448065 21.489791 21.271484 20.885202 20.516893 20.158316 19.764537 19.254467 18.380626 17.056336 17.848814 18.684034 18.92504 18.913257 18.716892 18.265871 17.205452 15.776366 17.208962 18.292127 18.766347 19.001238 19.094032 19.097032
23.320069 22.627243 22.291406 22.119104 22.038942 22.012961 22.002802 22.013154 22.050792 22.108984 22.226992 22.445993 22.833792 23.561438 23.831149 22.990245 22.518189 22.324873 22.300168 22.413417 22.594108 22.674121 22.499679 22.274554 22.163641 22.185184 22.371347 22.8412 23.211782 22.627696 22.161632 21.838378 21.615525 21.478705 21.429133 21.497228 21.668804 21.53572 21.162715 20.792496 20.431482 20.06471 19.66325 19.193731 18.620361 18.083188 18.337095 18.770175 18.931812 18.890254 18.679833 18.29781 17.768593 17.392505 17.840944 18.418474 18.75565 18.907405 18.884315 18.602192
22.811101 22.403342 22.15268 22.033628 21.994408 21.994221 21.996632 21.994558 22.007346 22.07014 22.213369 22.472334 22.847378 23.148219 23.08475 22.719163 22.396546 22.236842 22.241532 22.449728 22.794145 22.592143 22.296535 22.1343 22.081814 22.147284 22.356182 22.813589 23.188604 22.530482 22.039835 21.749045 21.567508 21.472932 21.470236 21.624328 22.110206 21.863037 21.187425 20.736221 20.354123 19.972139 19.545078 19.036314 18.561859 18.493729 18.694464 18.891124 18.963856 18.886185 18.636392 18.165821 17.669434 17.828182 18.223312 18.551266 18.753486 18.824628 18.749148 18.408113
22.349377 22.164412 22.028463 21.974296 21.995224 22.059706 22.055288 21.996016 21.981694 22.041472 22.206146 22.551116 23.256448 23.98727 23.278504 22.616564 22.281032 22.136567 22.155731 22.41748 22.968551 22.601699 22.179057 22.02667 22.016739 22.137554 22.397439 22.626558 22.547078 22.2311 21.901811 21.6695 21.533906 21.491325 21.542985 21.660545 21.766968 21.572546 21.10566 20.67206 20.279703 19.883599 19.421371 18.738687 17.703575 17.994808 18.697363 18.952671 19.004463 18.909655 18.630661 17.969323 16.849365 17.548156 18.314589 18.617868 18.73316 18.725083 18.63342 18.549662
22.191788 22.013761 21.938529 21.941935 22.036805 22.274987 22.272242 22.031472 21.961033 22.009121 22.175278 22.536544 23.379845 24.471609 23.371378 22.513551 22.158387 22.022921 22.028831 22.138134 22.270799 22.181138 22.001938 21.922321 21.960362 22.153596 22.666911 23.351798 22.658958 22.099095 21.789858 21.601621 21.514563 21.54303 21.736522 22.078601 22.018221 21.518897 21.036263 20.605569 20.205482 19.801801 19.353963 18.775288 18.025779 18.215008 18.783934 19.018533 19.060894 18.971922 18.745212 18.328813 17.848296 18.083105 18.489786 18.67211 18.692183 18.562384 18.26703 18.1119
