Cobbity4/QGIS/1mPRPcon.asc
NCOLS 299
NROWS 220
XLLCORNER 150.661
YLLCORNER -34.0268
CELLSIZE 1e-05
NODATA_VALUE -9999
[rows 0 to 25 of 220, columns 0 to 59 of 299]
17.572754 17.583543 17.594471 17.605539 17.616749 17.628103 17.639603 17.65125 17.663047 17.674996 17.687097 17.699355 17.711769 17.724342 17.737076 17.749974 17.763036 17.776265 17.789664 17.803233 17.816975 17.830892 17.844986 17.859258 17.873712 17.888349 17.90317 17.918178 17.933375 17.948763 17.964344 17.98012 17.996092 18.012262 18.028633 18.045206 18.061984 18.078967 18.096157 18.113558 18.131169 18.148992 18.16703 18.185283 18.203754 18.222443 18.241352 18.260481 18.279833 18.299408 18.319207 18.33923 18.359479 18.379954 18.400655 18.421582 18.442736 18.464117 18.485724 18.507556
17.565011 17.575798 17.586725 17.597793 17.609005 17.620362 17.631866 17.643519 17.655324 17.667281 17.679394 17.691663 17.704091 17.716681 17.729433 17.74235 17.755434 17.768688 17.782112 17.795709 17.809482 17.823432 17.837561 17.851872 17.866367 17.881047 17.895914 17.910972 17.926221 17.941664 17.957303 17.97314 17.989178 18.005417 18.02186 18.038509 18.055366 18.072433 18.089712 18.107204 18.124912 18.142836 18.16098 18.179344 18.197929 18.216739 18.235773 18.255034 18.274522 18.294239 18.314186 18.334363 18.354772 18.375414 18.396288 18.417396 18.438737 18.460312 18.48212 18.504161
17.557131 17.567914 17.578838 17.589904 17.601115 17.612473 17.62398 17.635637 17.647447 17.659411 17.671532 17.683812 17.696253 17.708856 17.721624 17.734558 17.747662 17.760937 17.774386 17.788009 17.80181 17.815791 17.829954 17.844301 17.858833 17.873555 17.888466 17.903571 17.91887 17.934366 17.950061 17.965958 17.982058 17.998364 18.014877 18.0316 18.048535 18.065683 18.083048 18.10063 18.118432 18.136456 18.154703 18.173175 18.191874 18.210802 18.22996 18.24935 18.268973 18.28883 18.308924 18.329254 18.349822 18.370629 18.391675 18.412962 18.434489 18.456258 18.478267 18.500517
17.549112 17.559889 17.570807 17.58187 17.593079 17.604436 17.615943 17.627602 17.639415 17.651384 17.663512 17.6758 17.68825 17.700865 17.713647 17.726597 17.739718 17.753013 17.766483 17.78013 17.793958 17.807967 17.822161 17.836541 17.85111 17.86587 17.880823 17.895972 17.911319 17.926866 17.942615 17.958569 17.974729 17.991099 18.00768 18.024475 18.041485 18.058713 18.076161 18.093831 18.111725 18.129845 18.148194 18.166772 18.185583 18.204627 18.223907 18.243424 18.26318 18.283176 18.303414 18.323896 18.344621 18.365592 18.38681 18.408274 18.429986 18.451947 18.474157 18.496615
17.540953 17.551721 17.562633 17.57369 17.584895 17.596249 17.607754 17.619413 17.631227 17.643199 17.655331 17.667625 17.680083 17.692707 17.7055 17.718463 17.7316 17.744912 17.758401 17.77207 17.785921 17.799957 17.814179 17.828591 17.843193 17.85799 17.872983 17.888174 17.903565 17.919161 17.934961 17.95097 17.967188 17.98362 18.000266 18.01713 18.034213 18.051518 18.069047 18.086802 18.104786 18.123001 18.141449 18.160131 18.179051 18.198209 18.217609 18.237251 18.257138 18.277271 18.297652 18.318283 18.339164 18.360297 18.381684 18.403325 18.425221 18.447373 18.469782 18.492447
17.532653 17.543411 17.554314 17.565363 17.576561 17.58791 17.599411 17.611067 17.622881 17.634853 17.646987 17.659285 17.671748 17.68438 17.697182 17.710156 17.723306 17.736632 17.750139 17.763827 17.7777 17.791759 17.806007 17.820447 17.835081 17.849912 17.864941 17.880172 17.895606 17.911247 17.927097 17.943157 17.959431 17.975922 17.992631 18.009561 18.026715 18.044094 18.061702 18.07954 18.097611 18.115918 18.134462 18.153247 18.172273 18.191543 18.21106 18.230826 18.250841 18.271109 18.291631 18.312409 18.333444 18.354738 18.376292 18.398108 18.420186 18.442528 18.465135 18.488006
17.52421 17.534956 17.545848 17.556887 17.568077 17.579418 17.590914 17.602565 17.614375 17.626346 17.63848 17.650779 17.663246 17.675882 17.688691 17.701674 17.714833 17.728173 17.741693 17.755398 17.76929 17.78337 17.797642 17.812109 17.826771 17.841633 17.856697 17.871964 17.887439 17.903122 17.919018 17.935128 17.951455 17.968002 17.984771 18.001765 18.018986 18.036438 18.054121 18.07204 18.090196 18.108592 18.12723 18.146114 18.165244 18.184624 18.204256 18.224142 18.244284 18.264684 18.285344 18.306267 18.327454 18.348906 18.370626 18.392615 18.414874 18.437404 18.460207 18.483284
17.515624 17.526356 17.537235 17.548262 17.559441 17.570773 17.58226 17.593905 17.605709 17.617676 17.629807 17.642106 17.654573 17.667212 17.680024 17.693013 17.706181 17.71953 17.733063 17.746782 17.76069 17.774789 17.789082 17.803572 17.818261 17.833151 17.848246 17.863548 17.87906 17.894784 17.910723 17.92688 17.943257 17.959857 17.976684 17.993739 18.011025 18.028545 18.046302 18.064298 18.082536 18.101018 18.119748 18.138728 18.15796 18.177446 18.19719 18.217194 18.23746 18.25799 18.278786 18.299852 18.321188 18.342796 18.36468 18.386839 18.409277 18.431994 18.454992 18.478271
17.506894 17.517609 17.528473 17.539486 17.550652 17.561972 17.573448 17.585084 17.596881 17.608842 17.620968 17.633263 17.645728 17.658367 17.671181 17.684174 17.697347 17.710704 17.724246 17.737976 17.751898 17.766013 17.780324 17.794835 17.809547 17.824463 17.839587 17.85492 17.870466 17.886227 17.902207 17.918408 17.934832 17.951483 17.968364 17.985477 18.002825 18.020411 18.038238 18.056309 18.074626 18.093192 18.11201 18.131083 18.150414 18.170004 18.189858 18.209977 18.230363 18.25102 18.271951 18.293156 18.314639 18.336401 18.358446 18.380774 18.403388 18.426289 18.44948 18.47296
17.498019 17.508716 17.519561 17.530558 17.541709 17.553015 17.564478 17.576103 17.587889 17.599841 17.61196 17.624249 17.63671 17.649347 17.66216 17.675154 17.68833 17.701691 17.71524 17.728979 17.742911 17.75704 17.771367 17.785895 17.800627 17.815567 17.830716 17.846078 17.861655 17.877451 17.893468 17.90971 17.926179 17.942877 17.959809 17.976977 17.994384 18.012034 18.029928 18.04807 18.066463 18.085109 18.104013 18.123176 18.142602 18.162294 18.182253 18.202484 18.222989 18.24377 18.264831 18.286173 18.3078 18.329714 18.351917 18.374411 18.397199 18.420282 18.443663 18.467343
17.488997 17.499673 17.510499 17.521478 17.53261 17.5439 17.555349 17.566959 17.578733 17.590673 17.602783 17.615063 17.627518 17.640149 17.652959 17.665951 17.679127 17.69249 17.706043 17.719788 17.733728 17.747867 17.762207 17.77675 17.7915 17.806459 17.821631 17.837019 17.852624 17.868452 17.884503 17.900783 17.917292 17.934036 17.951016 17.968236 17.985698 18.003407 18.021365 18.039575 18.058041 18.076765 18.095751 18.115001 18.134519 18.154308 18.174371 18.194711 18.215331 18.236233 18.257421 18.278898 18.300666 18.322728 18.345086 18.367743 18.390702 18.413965 18.437534 18.46141
17.479829 17.490482 17.501286 17.512243 17.523356 17.534627 17.546058 17.557651 17.56941 17.581337 17.593434 17.605704 17.618149 17.630772 17.643576 17.656563 17.669736 17.683099 17.696653 17.710401 17.724347 17.738493 17.752842 17.767397 17.782162 17.797138 17.81233 17.82774 17.843371 17.859226 17.875309 17.891623 17.90817 17.924955 17.94198 17.959248 17.976763 17.994528 18.012547 18.030822 18.049357 18.068155 18.087219 18.106553 18.12616 18.146044 18.166206 18.186652 18.207383 18.228403 18.249715 18.271323 18.293228 18.315435 18.337946 18.360763 18.38389 18.407329 18.431083 18.455154
17.470512 17.48114 17.49192 17.502854 17.513944 17.525194 17.536605 17.548179 17.559921 17.571831 17.583913 17.596169 17.608602 17.621215 17.63401 17.64699 17.660157 17.673516 17.687068 17.700817 17.714765 17.728915 17.743271 17.757835 17.772611 17.787601 17.802809 17.818238 17.833891 17.849771 17.865882 17.882227 17.898809 17.915632 17.932698 17.950011 17.967575 17.985393 18.003469 18.021805 18.040406 18.059274 18.078414 18.097828 18.11752 18.137494 18.157753 18.1783 18.199139 18.220274 18.241707 18.263441 18.285481 18.307829 18.330489 18.353463 18.376755 18.400367 18.424303 18.448565
17.461047 17.471647 17.4824 17.493308 17.504374 17.5156 17.526988 17.538542 17.550263 17.562154 17.574218 17.586458 17.598876 17.611475 17.624258 17.637228 17.650388 17.66374 17.677287 17.691033 17.70498 17.719131 17.733491 17.748061 17.762845 17.777845 17.793067 17.808511 17.824183 17.840085 17.856221 17.872593 17.889206 17.906063 17.923167 17.940522 17.958131 17.975998 17.994127 18.012521 18.031183 18.050118 18.069329 18.08882 18.108594 18.128654 18.149006 18.169651 18.190594 18.211839 18.233389 18.255247 18.277418 18.299903 18.322708 18.345836 18.369289 18.393071 18.417185 18.441634
17.451433 17.462003 17.472727 17.483607 17.494645 17.505844 17.517207 17.528737 17.540435 17.552304 17.564348 17.576569 17.58897 17.601553 17.614321 17.627278 17.640426 17.653768 17.667307 17.681047 17.69499 17.70914 17.7235 17.738072 17.752861 17.767869 17.7831 17.798557 17.814244 17.830164 17.84632 17.862717 17.879357 17.896245 17.913383 17.930775 17.948426 17.966339 17.984517 18.002965 18.021686 18.040683 18.059962 18.079525 18.099376 18.11952 18.139959 18.160699 18.181742 18.203093 18.224756 18.246734 18.269031 18.291651 18.314597 18.337873 18.361484 18.385432 18.40972 18.434353
17.441668 17.452206 17.462898 17.473747 17.484755 17.495926 17.507261 17.518764 17.530436 17.542282 17.554302 17.566501 17.578881 17.591445 17.604196 17.617136 17.63027 17.643599 17.657128 17.670859 17.684795 17.698939 17.713296 17.727867 17.742657 17.757669 17.772907 17.788373 17.804071 17.820005 17.836179 17.852596 17.86926 17.886174 17.903343 17.920769 17.938458 17.956412 17.974636 17.993133 18.011908 18.030964 18.050306 18.069937 18.089862 18.110084 18.130608 18.151438 18.172577 18.194031 18.215802 18.237895 18.260314 18.283064 18.306147 18.329569 18.353332 18.377442 18.401901 18.426714
17.431752 17.442255 17.452913 17.463729 17.474705 17.485844 17.497149 17.508622 17.520266 17.532084 17.544079 17.556253 17.568609 17.581151 17.593881 17.606803 17.619919 17.633232 17.646747 17.660465 17.674391 17.688527 17.702877 17.717444 17.732232 17.747244 17.762484 17.777956 17.793662 17.809607 17.825794 17.842228 17.858911 17.875848 17.893043 17.9105 17.928222 17.946214 17.964479 17.983022 18.001847 18.020957 18.040358 18.060053 18.080047 18.100344 18.120948 18.141863 18.163094 18.184645 18.20652 18.228724 18.251261 18.274135 18.297352 18.320914 18.344826 18.369093 18.393718 18.418707
17.421685 17.43215 17.442772 17.453552 17.464493 17.475598 17.486869 17.49831 17.509923 17.521711 17.533677 17.545823 17.558153 17.57067 17.583376 17.596275 17.609371 17.622665 17.636162 17.649865 17.663776 17.6779 17.692241 17.7068 17.721582 17.736591 17.75183 17.767303 17.783014 17.798966 17.815163 17.831609 17.848308 17.865264 17.882481 17.899964 17.917715 17.93574 17.954042 17.972627 17.991497 18.010658 18.030113 18.049868 18.069926 18.090293 18.110972 18.131968 18.153285 18.174929 18.196904 18.219214 18.241865 18.264859 18.288203 18.311901 18.335958 18.360377 18.385164 18.410323
17.411466 17.421891 17.432473 17.443214 17.454118 17.465186 17.476422 17.487827 17.499406 17.511161 17.523095 17.535211 17.547511 17.56 17.572679 17.585553 17.598624 17.611896 17.625372 17.639056 17.65295 17.667059 17.681386 17.695934 17.710707 17.725708 17.740943 17.756413 17.772124 17.788079 17.804282 17.820736 17.837447 17.854418 17.871653 17.889157 17.906934 17.924987 17.943323 17.961944 17.980855 18.000061 18.019567 18.039376 18.059494 18.079926 18.100675 18.121747 18.143147 18.164879 18.186949 18.20936 18.232118 18.255228 18.278695 18.302524 18.326719 18.351286 18.376229 18.401554
17.401094 17.411476 17.422016 17.432717 17.44358 17.454608 17.465805 17.477173 17.488715 17.500434 17.512333 17.524415 17.536683 17.54914 17.561789 17.574634 17.587678 17.600924 17.614376 17.628037 17.641911 17.656 17.67031 17.684843 17.699603 17.714594 17.729819 17.745284 17.760991 17.776944 17.793149 17.809608 17.826326 17.843308 17.860557 17.878077 17.895875 17.913953 17.932316 17.950969 17.969917 17.989164 18.008714 18.028574 18.048747 18.069239 18.090053 18.111197 18.132673 18.154488 18.176647 18.199154 18.222015 18.245236 18.26882 18.292774 18.317103 18.341812 18.366906 18.392391
17.390568 17.400906 17.411401 17.422058 17.432877 17.443863 17.455019 17.466346 17.477848 17.489528 17.501389 17.513434 17.525666 17.538089 17.550705 17.563518 17.576531 17.589748 17.603172 17.616807 17.630656 17.644723 17.659012 17.673525 17.688269 17.703245 17.718458 17.733912 17.749611 17.765559 17.781761 17.798221 17.814942 17.831929 17.849188 17.866721 17.884534 17.902632 17.921019 17.939699 17.958678 17.977961 17.997552 18.017457 18.03768 18.058226 18.079101 18.10031 18.121858 18.143751 18.165993 18.188591 18.21155 18.234874 18.258571 18.282644 18.307101 18.331946 18.357186 18.382825
17.379889 17.390179 17.400627 17.411237 17.42201 17.432951 17.444062 17.455345 17.466805 17.478443 17.490263 17.502268 17.514461 17.526845 17.539425 17.552202 17.565182 17.578366 17.591759 17.605364 17.619185 17.633225 17.647489 17.66198 17.676702 17.69166 17.706856 17.722296 17.737983 17.753922 17.770117 17.786572 17.803292 17.820281 17.837544 17.855085 17.87291 17.891022 17.909427 17.92813 17.947136 17.966449 17.986076 18.00602 18.026287 18.046883 18.067813 18.089082 18.110697 18.132661 18.154982 18.177664 18.200714 18.224138 18.24794 18.272128 18.296706 18.321681 18.34706 18.372848
17.369055 17.379295 17.389693 17.400253 17.410978 17.421871 17.432934 17.444171 17.455584 17.467177 17.478953 17.490915 17.503065 17.515409 17.527948 17.540687 17.553629 17.566776 17.580134 17.593706 17.607495 17.621505 17.635741 17.650205 17.664902 17.679837 17.695012 17.710434 17.726104 17.742029 17.758213 17.774659 17.791373 17.808359 17.825622 17.843166 17.860997 17.87912 17.897538 17.916259 17.935286 17.954624 17.97428 17.994259 18.014565 18.035205 18.056185 18.077509 18.099183 18.121214 18.143607 18.166368 18.189503 18.213019 18.236921 18.261216 18.28591 18.31101 18.336521 18.36245
17.358067 17.368253 17.378599 17.389107 17.39978 17.410622 17.421635 17.432822 17.444186 17.455731 17.467459 17.479374 17.491479 17.503778 17.516274 17.528971 17.541871 17.554979 17.568298 17.581833 17.595586 17.609562 17.623765 17.638198 17.652867 17.667774 17.682925 17.698323 17.713973 17.729879 17.746047 17.76248 17.779183 17.796161 17.813419 17.830962 17.848794 17.866921 17.885348 17.904081 17.923124 17.942483 17.962163 17.98217 18.00251 18.023188 18.044211 18.065583 18.087312 18.109403 18.131862 18.154696 18.177911 18.201512 18.225508 18.249904 18.274707 18.299923 18.325561 18.351625
17.346924 17.357054 17.367345 17.377797 17.388416 17.399204 17.410163 17.421297 17.432609 17.444103 17.45578 17.467646 17.479702 17.491953 17.504402 17.517052 17.529907 17.542972 17.556249 17.569742 17.583456 17.597394 17.61156 17.625958 17.640594 17.65547 17.670591 17.685962 17.701587 17.71747 17.733617 17.750032 17.766719 17.783685 17.800933 17.818468 17.836297 17.854424 17.872854 17.891593 17.910647 17.93002 17.949719 17.969749 17.990117 18.010827 18.031887 18.053302 18.075079 18.097224 18.119743 18.142642 18.165929 18.189611 18.213693 18.238183 18.263088 18.288415 18.314171 18.340363
17.335626 17.345698 17.355929 17.366324 17.376885 17.387616 17.398519 17.409597 17.420854 17.432292 17.443916 17.455728 17.467732 17.479931 17.49233 17.50493 17.517737 17.530754 17.543985 17.557433 17.571103 17.584999 17.599125 17.613484 17.628082 17.642922 17.658009 17.673348 17.688943 17.704799 17.720921 17.737313 17.75398 17.770927 17.78816 17.805684 17.823504 17.841625 17.860052 17.878793 17.897851 17.917233 17.936944 17.956992 17.977381 17.998118 18.019209 18.04066 18.062478 18.08467 18.107242 18.130201 18.153554 18.177308 18.20147 18.226047 18.251047 18.276476 18.302343 18.328656
