Cobbity4/QGIS/1mPRPcon.asc
NCOLS 299
NROWS 220
XLLCORNER 150.661
YLLCORNER -34.0268
CELLSIZE 1e-05
NODATA_VALUE -9999
[rows 130 to 155 of 220, columns 60 to 119 of 299]
14.769739 14.748542 14.726926 14.704869 14.682347 14.659331 14.635791 14.611692 14.586995 14.561657 14.535627 14.50885 14.481263 14.452795 14.423366 14.392883 14.361244 14.32833 14.294006 14.258117 14.220487 14.180911 14.139154 14.094943 14.047957 13.997821 13.94409 13.88623 13.823597 13.755393 13.680615 13.597966 13.505697 13.401323 13.280967 13.137555 12.955022 12.696498 12.391239 12.491639 12.764481 12.901591 12.948356 12.929187 12.856521 12.745358 12.608861 12.563372 12.654101 12.660609 12.577093 12.393425 12.065828 11.815391 12.248841 12.527903 12.628866 12.609202 12.463574 12.110744
14.735404 14.713838 14.691859 14.669446 14.646575 14.623219 14.599348 14.574929 14.549924 14.524289 14.497975 14.470928 14.443085 14.414375 14.384716 14.354018 14.322174 14.289064 14.25455 14.218473 14.180651 14.14087 14.098883 14.054404 14.007094 13.95655 13.902296 13.843754 13.780216 13.710803 13.634387 13.549485 13.454053 13.345112 13.218011 13.064688 12.867102 12.565038 12.088176 12.259105 12.696013 12.87621 12.92628 12.89673 12.798824 12.649485 12.566763 12.613414 12.654486 12.621774 12.486369 12.223886 11.954173 12.046406 12.303016 12.498144 12.574638 12.538775 12.405224 12.24904
14.701595 14.679683 14.657366 14.634623 14.611433 14.587769 14.563603 14.538903 14.513631 14.487747 14.461201 14.433941 14.405905 14.377021 14.347211 14.31638 14.284425 14.251222 14.216631 14.18049 14.142609 14.10277 14.060715 14.016141 13.96869 13.917934 13.863359 13.804338 13.740095 13.669653 13.591751 13.504702 13.406157 13.292654 13.158817 12.996552 12.798851 12.584357 12.434859 12.518315 12.736803 12.872948 12.91183 12.870007 12.735405 12.42977 12.184156 12.509353 12.622404 12.570903 12.388546 11.965761 11.178496 11.706287 12.256098 12.468236 12.525464 12.453251 12.209042 11.874603
14.668308 14.646071 14.623438 14.600392 14.57691 14.552969 14.528542 14.503598 14.478102 14.452014 14.425287 14.397871 14.369703 14.340716 14.310829 14.279952 14.247979 14.214787 14.180235 14.144157 14.10636 14.066618 14.024663 13.980179 13.932787 13.882032 13.827361 13.768092 13.703375 13.632126 13.552931 13.463884 13.362317 13.24426 13.103171 12.92619 12.685043 12.361384 12.27103 12.551074 12.766425 12.880148 12.908088 12.862062 12.73849 12.499828 12.328017 12.53499 12.603935 12.518717 12.316524 12.007197 11.665347 11.908953 12.278604 12.452622 12.487513 12.392813 12.071471 11.457669
14.635532 14.61299 14.590064 14.566738 14.542992 14.518803 14.494148 14.468996 14.443316 14.417068 14.39021 14.362692 14.334454 14.305432 14.275546 14.244707 14.212811 14.179736 14.14534 14.109456 14.071889 14.032405 13.990729 13.946532 13.899415 13.848896 13.79438 13.735129 13.67021 13.59842 13.518172 13.427308 13.322791 13.200194 13.052735 12.867901 12.607161 12.15716 11.99237 12.501347 12.779881 12.892848 12.913765 12.865199 12.761148 12.652874 12.61643 12.633085 12.599896 12.456328 12.170576 11.806106 11.847607 12.114696 12.332899 12.448855 12.458347 12.369394 12.197344 12.030962
14.603257 14.580429 14.557231 14.533647 14.509661 14.485253 14.460399 14.435074 14.409247 14.382883 14.355941 14.328374 14.300127 14.271135 14.241325 14.210608 14.178884 14.146032 14.111912 14.076356 14.039168 14.000111 13.958903 13.915203 13.868595 13.818569 13.76449 13.705561 13.64076 13.568753 13.487756 13.395306 13.28786 13.160123 13.004375 12.813143 12.598235 12.416167 12.405954 12.632145 12.824826 12.916908 12.928781 12.871724 12.73273 12.538694 12.622982 12.668619 12.591571 12.397096 12.007123 11.230601 11.509501 12.113169 12.354924 12.443269 12.421987 12.290027 12.104903 12.123785
14.571471 14.548373 14.524921 14.501101 14.476898 14.452295 14.427272 14.401806 14.375868 14.349427 14.322446 14.294881 14.26668 14.237784 14.208122 14.17761 14.146151 14.113627 14.079902 14.04481 14.008154 13.969698 13.929155 13.886175 13.840328 13.791078 13.737753 13.679494 13.615189 13.543363 13.462015 13.368336 13.25818 13.124871 12.955952 12.725279 12.405373 12.237404 12.489737 12.726101 12.877993 12.950975 12.954956 12.897923 12.777417 12.623201 12.67418 12.69259 12.580731 12.347998 12.016946 11.733387 11.854857 12.187149 12.378072 12.438175 12.385767 12.171219 11.697257 11.864456
14.54016 14.516808 14.493118 14.469079 14.44468 14.419906 14.394739 14.369159 14.343143 14.316663 14.289684 14.262168 14.234069 14.205329 14.175885 14.145657 14.114553 14.082462 14.04925 14.014757 13.978789 13.941112 13.901438 13.859413 13.814595 13.76643 13.71421 13.657022 13.59366 13.522504 13.441316 13.346917 13.234626 13.097172 12.921369 12.672107 12.245594 11.940707 12.438309 12.771833 12.928177 12.993302 12.991309 12.930729 12.838607 12.791676 12.780214 12.72782 12.573713 12.257123 11.67771 11.461774 11.957728 12.261062 12.406541 12.435958 12.367091 12.200341 11.958172 12.036862
14.509307 14.485713 14.4618 14.437559 14.412982 14.388055 14.362767 14.337101 14.311035 14.284548 14.25761 14.230187 14.202238 14.173713 14.144552 14.114684 14.084022 14.052462 14.019879 13.986118 13.950994 13.914275 13.875679 13.834852 13.791348 13.7446 13.693875 13.638211 13.576319 13.506432 13.426059 13.331569 13.217521 13.07586 12.896944 12.680961 12.467293 12.401547 12.619035 12.850051 12.98747 13.04728 13.041985 12.960422 12.769344 12.757345 12.835031 12.769505 12.595179 12.253759 11.516598 11.195599 11.977861 12.320482 12.437005 12.429793 12.317793 12.150838 12.104384 12.198935
14.478896 14.455071 14.430946 14.406516 14.381774 14.356713 14.331323 14.305591 14.279502 14.253037 14.226173 14.198881 14.171127 14.142868 14.11405 14.084612 14.054473 14.023541 13.991697 13.958798 13.924668 13.889086 13.851779 13.812399 13.770505 13.725527 13.67672 13.623087 13.563275 13.495391 13.416699 13.323066 13.20782 13.059165 12.854734 12.564473 12.298571 12.443434 12.724825 12.930927 13.056977 13.11714 13.122156 13.065904 12.92619 12.886815 12.908308 12.822169 12.64623 12.384415 12.100653 12.024696 12.236055 12.414634 12.476244 12.424602 12.213999 11.748211 11.738915 12.146399
14.448908 14.42486 14.400532 14.375922 14.351028 14.325845 14.300368 14.274588 14.248495 14.222077 14.195315 14.168188 14.140668 14.112719 14.084299 14.055353 14.025813 13.995595 13.964594 13.93268 13.89969 13.865419 13.829607 13.791923 13.751941 13.7091 13.662659 13.611613 13.554572 13.489562 13.413677 13.322449 13.208487 13.057698 12.834678 12.427735 11.825424 12.230036 12.756751 13.005673 13.13616 13.203365 13.22986 13.241079 13.226104 13.116488 13.013105 12.884355 12.694043 12.398333 12.04701 12.198634 12.403758 12.506945 12.524018 12.447817 12.228865 11.757293 11.744892 12.157996
14.419325 14.395058 14.370533 14.34575 14.320711 14.295415 14.269861 14.244046 14.217966 14.191612 14.164974 14.138038 14.110783 14.083185 14.055208 14.026809 13.997933 13.968508 13.938444 13.907628 13.875914 13.843117 13.808999 13.773255 13.735482 13.695149 13.651538 13.603664 13.550145 13.488984 13.417208 13.330236 13.220798 13.077574 12.885133 12.626153 12.374902 12.556201 12.888356 13.101927 13.22905 13.305308 13.34626 13.367813 13.396047 13.260492 13.10607 12.94833 12.754111 12.467616 12.082393 12.280432 12.510212 12.585417 12.574231 12.489264 12.344845 12.199927 12.184113 12.279379
14.390124 14.365641 14.340921 14.315969 14.290788 14.265384 14.23976 14.213917 14.187858 14.161581 14.135083 14.108357 14.081393 14.054173 14.026676 13.99887 13.970712 13.942148 13.913103 13.883485 13.853168 13.821995 13.789757 13.756181 13.720903 13.683437 13.643115 13.599008 13.549789 13.49351 13.427219 13.346262 13.242914 13.104063 12.912598 12.699383 12.674733 12.843695 13.047633 13.214462 13.335865 13.429308 13.505601 13.520011 13.445777 13.33588 13.177073 13.003523 12.812641 12.623974 12.520603 12.552602 12.631618 12.659989 12.622009 12.503791 12.296751 12.212294 12.311937 12.352293
14.361287 14.336586 14.31167 14.286547 14.261224 14.235712 14.210018 14.18415 14.158116 14.131921 14.10557 14.079066 14.052406 14.025586 13.998595 13.971415 13.944018 13.916368 13.88841 13.860073 13.83126 13.801841 13.771645 13.740441 13.707919 13.673654 13.637058 13.597294 13.553146 13.502794 13.443425 13.370501 13.27604 13.142873 12.921565 12.523135 12.52564 12.935124 13.171636 13.328112 13.451039 13.571021 13.749615 14.006023 13.772594 13.457113 13.240802 13.044361 12.823741 12.528151 12.508167 12.669179 12.728083 12.731173 12.677303 12.533421 12.203424 12.066399 12.336062 12.383976
14.332791 14.307868 14.282751 14.257452 14.231983 14.206357 14.180588 14.15469 14.128678 14.102563 14.07636 14.050079 14.02373 13.997318 13.970847 13.944314 13.917708 13.89101 13.864189 13.837198 13.80997 13.782412 13.754393 13.725735 13.696192 13.66542 13.632936 13.598039 13.559686 13.516271 13.465245 13.402463 13.321253 13.21148 13.057415 12.855429 12.861323 13.10202 13.297518 13.443396 13.569403 13.700495 13.888652 14.210647 13.927553 13.540218 13.287991 13.074323 12.862714 12.628681 12.607062 12.751798 12.805738 12.801114 12.751218 12.650102 12.488219 12.403367 12.447072 12.415023
14.304615 14.279463 14.254137 14.228652 14.203026 14.177276 14.151422 14.125484 14.099482 14.073438 14.047373 14.021308 13.995263 13.969259 13.943309 13.917429 13.891626 13.865901 13.840247 13.814645 13.789061 13.763441 13.7377 13.711721 13.68533 13.658284 13.630226 13.600633 13.568704 13.533154 13.49181 13.440794 13.373162 13.278845 13.161218 13.099379 13.155982 13.284354 13.427483 13.562199 13.695616 13.842165 13.991862 14.000591 13.817623 13.556722 13.310649 13.073681 12.837221 12.737764 12.788679 12.850391 12.880233 12.871349 12.829915 12.772555 12.71873 12.638358 12.556873 12.444506
14.27674 14.251346 14.225798 14.200114 14.174316 14.148427 14.12247 14.096474 14.070465 14.044472 14.018527 13.99266 13.966904 13.94129 13.91585 13.890614 13.865609 13.840858 13.816381 13.792187 13.768277 13.744638 13.72124 13.698024 13.674902 13.651735 13.628318 13.604338 13.579305 13.552405 13.522133 13.48527 13.433615 13.343169 13.153939 13.009425 13.236903 13.410697 13.547012 13.683694 13.835056 14.015134 14.284807 14.266331 13.875466 13.582182 13.324704 13.059563 12.694014 12.553466 12.826455 12.923704 12.951678 12.943815 12.903269 12.832049 12.800037 12.745571 12.624118 12.458216
14.249144 14.223494 14.197707 14.171806 14.145816 14.119765 14.093684 14.067604 14.041561 14.015593 13.989739 13.964041 13.938544 13.913293 13.888334 13.863716 13.839486 13.815691 13.792375 13.769581 13.747346 13.7257 13.704664 13.684248 13.664445 13.645229 13.626548 13.608316 13.590402 13.572599 13.554536 13.535314 13.511657 13.468903 13.364407 13.281886 13.398774 13.531813 13.659147 13.807994 13.999339 14.224656 14.342107 14.239263 13.928024 13.61224 13.334911 13.078145 12.860262 12.800005 12.915734 12.993875 13.024607 13.028259 13.00493 12.92917 12.854518 12.800935 12.663546 12.453085
14.221809 14.195885 14.169839 14.143697 14.11749 14.09125 14.065013 14.038818 14.012707 13.986726 13.960924 13.935355 13.910075 13.885142 13.860622 13.836578 13.81308 13.790199 13.768007 13.746578 13.725986 13.706307 13.687614 13.669983 13.653487 13.638206 13.624234 13.611695 13.600793 13.591914 13.585915 13.585018 13.595833 13.635761 13.691811 13.625353 13.590286 13.649589 13.761166 13.92618 14.189821 14.694961 15.270591 14.606512 14.014562 13.635733 13.321619 12.987307 12.732231 12.862276 12.994751 13.064874 13.101892 13.131671 13.178859 13.193935 13.058262 12.889267 12.700837 12.451379
14.194717 14.168497 14.142167 14.115758 14.089304 14.062841 14.036412 14.010061 13.983838 13.957798 13.931999 13.906505 13.881385 13.856714 13.83257 13.809039 13.78621 13.764178 13.743045 13.722918 13.703908 13.686135 13.669725 13.654816 13.641559 13.630127 13.620735 13.613672 13.60938 13.608617 13.612877 13.62558 13.656594 13.739827 13.893091 13.789643 13.701842 13.736938 13.842473 14.015893 14.299586 14.873951 15.771608 14.792953 14.051065 13.641345 13.313244 12.899947 12.424788 12.817511 13.050652 13.134581 13.180117 13.235498 13.3894 13.638821 13.308994 12.986765 12.740168 12.466572
14.167855 14.141312 14.11467 14.087961 14.061224 14.034499 14.007834 13.98128 13.954893 13.928737 13.90288 13.877396 13.852367 13.827882 13.804037 13.780935 13.75869 13.73742 13.717256 13.698337 13.680815 13.664853 13.650629 13.638341 13.62821 13.620492 13.615496 13.613621 13.615424 13.621764 13.634079 13.654805 13.687389 13.735652 13.786892 13.763978 13.74562 13.792339 13.900006 14.075114 14.341339 14.652197 14.70507 14.39477 13.967999 13.619878 13.323043 13.072693 12.931179 13.021377 13.142296 13.210922 13.25855 13.314343 13.416931 13.536765 13.315426 13.028552 12.765602 12.465236
14.141208 14.114315 14.087328 14.060283 14.033221 14.006189 13.979238 13.952425 13.925814 13.899475 13.873486 13.847933 13.822911 13.798522 13.774879 13.752105 13.730334 13.709713 13.6904 13.672568 13.656408 13.642127 13.629957 13.620154 13.613007 13.608847 13.60806 13.611118 13.618616 13.631351 13.650467 13.677747 13.715121 13.752749 13.756382 13.749986 13.766698 13.826027 13.937705 14.114106 14.383149 14.805053 14.641785 14.219104 13.887369 13.588653 13.26636 12.93265 13.042135 13.168801 13.240509 13.293343 13.345877 13.41701 13.485624 13.441197 13.272608 13.044654 12.783073 12.444214
14.114767 14.087491 14.060124 14.032702 14.005271 13.97788 13.950586 13.923451 13.896545 13.869946 13.843742 13.818028 13.792912 13.768511 13.744955 13.722385 13.700958 13.680847 13.662238 13.64534 13.630383 13.617621 13.607337 13.599852 13.595524 13.594762 13.598035 13.605885 13.618949 13.637958 13.663656 13.696743 13.739768 13.793183 13.779563 13.757511 13.779739 13.844369 13.959623 14.143966 14.419352 14.634566 14.454959 14.128532 13.841606 13.590067 13.308645 12.960603 13.107672 13.264877 13.328909 13.377976 13.442676 13.570968 13.829924 13.702455 13.350779 13.081983 12.814579 12.480239
14.088525 14.060833 14.033045 14.005202 13.977351 13.949545 13.921845 13.894316 13.867037 13.840092 13.813576 13.787596 13.762272 13.737734 13.714129 13.691617 13.670379 13.650611 13.632531 13.616382 13.602433 13.590988 13.582388 13.577019 13.575322 13.5778 13.585027 13.597662 13.616473 13.642362 13.676197 13.717201 13.75667 13.776653 13.769902 13.76152 13.784785 13.849037 13.963925 14.156638 14.541815 15.2 14.523225 14.077306 13.815191 13.618086 13.472247 13.372739 13.343704 13.376717 13.415505 13.465454 13.540362 13.660144 13.86279 13.744221 13.400135 13.121382 12.854458 12.559263
14.062481 14.034335 14.006085 13.977773 13.949447 13.921164 13.892987 13.864988 13.837248 13.809859 13.782924 13.75656 13.730896 13.706079 13.682269 13.659648 13.638417 13.618798 13.601039 13.585419 13.572248 13.561879 13.554714 13.551217 13.551927 13.55747 13.568573 13.586079 13.611009 13.644762 13.689886 13.751935 13.831882 13.852496 13.792306 13.764703 13.781051 13.839821 13.946498 14.119211 14.35829 14.494642 14.284778 13.997413 13.791908 13.636792 13.519007 13.500153 13.474343 13.470869 13.498161 13.561104 13.673241 13.813054 13.834735 13.671653 13.417201 13.15428 12.883033 12.561818
14.036636 14.007998 13.97924 13.950407 13.921549 13.892723 13.863994 13.835439 13.807143 13.779204 13.751731 13.72485 13.698701 13.673443 13.649254 13.626332 13.6049 13.585207 13.56753 13.552182 13.539515 13.529934 13.523904 13.521976 13.524808 13.533188 13.548067 13.570573 13.602064 13.644319 13.700539 13.78139 13.922444 13.976172 13.821338 13.761064 13.767057 13.817569 13.91017 14.057086 14.347832 14.363345 14.095116 13.913556 13.776764 13.67734 13.591221 13.5546 13.543769 13.540631 13.572369 13.660904 13.862224 14.306385 14.459905 13.87997 13.480771 13.19419 12.918444 12.546089
