Cobbity4/QGIS/1mPRPcon.asc
NCOLS 299
NROWS 220
XLLCORNER 150.661
YLLCORNER -34.0268
CELLSIZE 1e-05
NODATA_VALUE -9999
[rows 52 to 77 of 220, columns 60 to 119 of 299]
17.846809 17.873661 17.901168 17.929348 17.958221 17.987808 18.018129 18.049206 18.081062 18.11372 18.147205 18.18154 18.216753 18.252871 18.289922 18.327935 18.366941 18.406973 18.448062 18.490245 18.533557 18.578037 18.623725 18.670664 18.718897 18.768471 18.819437 18.871846 18.925755 18.981223 19.038315 19.097099 19.15765 19.220047 19.28438 19.350745 19.419247 19.490005 19.563152 19.638837 19.717229 19.798525 19.88295 19.97077 20.062301 20.15792 20.258088 20.363375 20.474497 20.592373 20.718218 20.853684 21.001101 21.163861 21.34688 21.556417 21.79698 22.068705 22.33095 22.267078
17.820082 17.846731 17.874038 17.902021 17.9307 17.960096 17.99023 18.021124 18.052801 18.085285 18.1186 18.152772 18.187829 18.223796 18.260704 18.298582 18.337462 18.377375 18.418356 18.46044 18.503665 18.548069 18.593692 18.640579 18.688773 18.738323 18.789278 18.841692 18.895621 18.951125 19.008268 19.067121 19.127756 19.190254 19.254704 19.3212 19.389849 19.460767 19.534085 19.609951 19.688533 19.770022 19.854642 19.942655 20.034372 20.130167 20.230496 20.335925 20.447164 20.565131 20.69104 20.826557 20.974095 21.137398 21.322765 21.540941 21.802921 22.061044 22.114994 22.000931
17.792769 17.819201 17.846293 17.874062 17.902531 17.931719 17.961648 17.992341 18.023821 18.056112 18.08924 18.12323 18.15811 18.193908 18.230653 18.268375 18.307107 18.346881 18.387733 18.429697 18.472813 18.517119 18.562657 18.609471 18.657606 18.70711 18.758035 18.810434 18.864364 18.919886 18.977064 19.035969 19.096675 19.159262 19.223819 19.29044 19.35923 19.430307 19.503799 19.579853 19.658635 19.740334 19.825172 19.913408 20.005351 20.101372 20.201929 20.307585 20.419057 20.537266 20.663433 20.799233 20.947095 21.11088 21.297867 21.52614 21.851047 22.345577 22.350784 21.948636
17.764873 17.791072 17.817932 17.845472 17.873713 17.902676 17.932383 17.962857 17.994122 18.026202 18.059124 18.092912 18.127596 18.163204 18.199765 18.237311 18.275875 18.315489 18.35619 18.398014 18.440999 18.485186 18.530618 18.577338 18.625392 18.674831 18.725706 18.778071 18.831985 18.887508 18.944706 19.003651 19.064415 19.127082 19.191739 19.258481 19.327414 19.398654 19.47233 19.548587 19.627589 19.709527 19.794619 19.883123 19.975349 20.071669 20.172543 20.278544 20.390404 20.509066 20.635779 20.772236 20.920822 21.08503 21.27008 21.484269 21.748243 22.07662 22.090629 21.826243
17.736393 17.762344 17.788956 17.81625 17.844247 17.872968 17.902435 17.932672 17.963704 17.995554 18.028249 18.061817 18.096285 18.131682 18.16804 18.205389 18.243763 18.283196 18.323725 18.365386 18.40822 18.452267 18.49757 18.544176 18.59213 18.641484 18.692289 18.744602 18.798482 18.853991 18.911196 18.970167 19.030982 19.093722 19.158476 19.22534 19.294421 19.365834 19.439709 19.516192 19.595446 19.677661 19.763056 19.851891 19.944474 20.041183 20.142487 20.248978 20.361416 20.480795 20.60844 20.746138 20.896375 21.062751 21.250423 21.462507 21.670166 21.772318 21.745561 21.661683
17.707332 17.733018 17.759367 17.786398 17.814133 17.842595 17.871804 17.901787 17.932565 17.964167 17.996617 18.029943 18.064175 18.099342 18.135474 18.172605 18.210769 18.249999 18.290334 18.331812 18.374472 18.418357 18.463512 18.509981 18.557815 18.607064 18.657781 18.710025 18.763854 18.819334 18.876532 18.935521 18.996378 19.059187 19.124037 19.191028 19.260266 19.331868 19.405966 19.482705 19.562251 19.644795 19.730556 19.819796 19.912828 20.010037 20.111904 20.219046 20.332272 20.452663 20.581691 20.721376 20.874508 21.04518 21.241303 21.485896 21.816943 21.920691 21.673011 21.561392
17.67769 17.703096 17.729165 17.755917 17.783373 17.811557 17.840492 17.8702 17.900708 17.932041 17.964226 17.997291 18.031266 18.066181 18.102068 18.13896 18.176891 18.215897 18.256016 18.297288 18.339753 18.383455 18.428438 18.474751 18.522443 18.571567 18.622178 18.674335 18.728098 18.783535 18.840714 18.899711 18.960604 19.023479 19.088429 19.155553 19.224962 19.296774 19.371123 19.448157 19.528045 19.610979 19.697183 19.786921 19.880511 19.978348 20.080927 20.188896 20.303123 20.424806 20.555651 20.698127 20.855736 21.032879 21.233355 21.461287 21.729554 21.809352 21.591569 21.484836
17.64747 17.67258 17.698352 17.724808 17.751968 17.779857 17.808498 17.837914 17.868131 17.899176 17.931076 17.96386 17.997558 18.0322 18.067819 18.10445 18.142126 18.180886 18.220768 18.261811 18.304059 18.347555 18.392346 18.438481 18.486011 18.53499 18.585475 18.637527 18.691208 18.746588 18.803737 18.862732 18.923656 18.986597 19.05165 19.118919 19.188515 19.260562 19.335198 19.412573 19.492862 19.57626 19.662997 19.753342 19.84762 19.946235 20.049698 20.158683 20.274111 20.397301 20.530232 20.676046 20.839964 21.030467 21.256429 21.49534 21.621969 21.574499 21.463938 21.406451
17.616675 17.641472 17.666931 17.693073 17.71992 17.747496 17.775824 17.804929 17.834836 17.865573 17.897168 17.92965 17.963049 17.997397 18.032727 18.069074 18.106474 18.144965 18.184586 18.225378 18.267386 18.310654 18.35523 18.401165 18.448512 18.497325 18.547666 18.599594 18.653178 18.708486 18.765593 18.824579 18.88553 18.948537 19.013699 19.081123 19.150927 19.223238 19.2982 19.37597 19.456727 19.540675 19.62805 19.71913 19.81425 19.913822 20.018371 20.128588 20.245428 20.370274 20.505274 20.654054 20.823548 21.029573 21.313974 21.755763 22.024006 21.636061 21.396748 21.334151
17.585307 17.609775 17.634904 17.660715 17.687231 17.714476 17.742472 17.771246 17.800825 17.831234 17.862503 17.894661 17.92774 17.961773 17.996791 18.032833 18.069933 18.108131 18.147468 18.187986 18.22973 18.272747 18.317085 18.362798 18.409939 18.458567 18.508742 18.560529 18.613997 18.66922 18.726273 18.785242 18.846215 18.909288 18.974565 19.042158 19.112191 19.184799 19.260131 19.338354 19.419655 19.50425 19.592384 19.684348 19.780491 19.881238 19.987125 20.098854 20.21738 20.344077 20.481045 20.631731 20.802295 21.005774 21.279739 21.721676 22.009034 21.58484 21.320814 21.259146
17.55337 17.577493 17.602274 17.627737 17.653904 17.680799 17.708445 17.736869 17.766098 17.796159 17.827081 17.858895 17.891632 17.925326 17.960011 17.995723 18.0325 18.070383 18.109412 18.149632 18.191088 18.233829 18.277906 18.323373 18.370286 18.418706 18.468695 18.520321 18.573657 18.628777 18.685765 18.744706 18.805696 18.868835 18.934233 19.00201 19.072295 19.145233 19.220983 19.299722 19.381651 19.466998 19.556027 19.649047 19.746427 19.848612 19.95616 20.069782 20.190426 20.319407 20.458659 20.611174 20.781489 20.974167 21.181519 21.36324 21.434969 21.321126 21.203464 21.178125
17.520868 17.544628 17.569046 17.594143 17.619942 17.646468 17.673745 17.7018 17.730659 17.760351 17.790905 17.822352 17.854725 17.888058 17.922385 17.957745 17.994175 18.031718 18.070415 18.110311 18.151455 18.193896 18.237687 18.282884 18.329545 18.377733 18.427514 18.478959 18.532143 18.587145 18.644052 18.702956 18.763956 18.82716 18.892685 18.960657 19.031218 19.10452 19.180736 19.260057 19.342702 19.428917 19.518991 19.613259 19.71212 19.81606 19.925673 20.041708 20.165133 20.29723 20.439783 20.5955 20.769298 20.971837 21.21583 21.386416 21.278904 21.160515 21.09918 21.104444
17.487805 17.511186 17.535222 17.559935 17.585349 17.611488 17.638376 17.666041 17.69451 17.723811 17.753976 17.785034 17.817021 17.849969 17.883915 17.918898 17.954957 17.992134 18.030473 18.070021 18.110827 18.152942 18.196421 18.241322 18.287706 18.335638 18.385188 18.436429 18.48944 18.544305 18.601116 18.65997 18.720972 18.784237 18.849892 18.918071 18.988927 19.062627 19.139358 19.219329 19.30278 19.389984 19.481261 19.576985 19.677603 19.783659 19.895824 20.014936 20.142067 20.278597 20.426317 20.587498 20.765269 20.968503 21.232451 21.460242 21.253097 21.077812 21.024072 21.04826
17.454185 17.47717 17.500808 17.525119 17.550129 17.575861 17.602341 17.629596 17.657654 17.686544 17.716296 17.746944 17.77852 17.81106 17.844602 17.879183 17.914845 17.95163 17.989586 18.028759 18.069199 18.110961 18.154102 18.19868 18.24476 18.292411 18.341703 18.392716 18.445532 18.500239 18.556935 18.615723 18.676716 18.740037 18.805821 18.874216 18.945385 19.019513 19.096804 19.17749 19.261838 19.350153 19.442796 19.540193 19.642859 19.751428 19.86669 19.989655 20.121634 20.264374 20.420253 20.592336 20.782439 20.979508 21.137252 21.191266 21.103147 20.998941 20.967225 21.013921
17.420014 17.442587 17.465808 17.4897 17.514286 17.539593 17.565645 17.592469 17.620095 17.648551 17.67787 17.708083 17.739226 17.771334 17.804444 17.838598 17.873837 17.910206 17.94775 17.98652 18.026568 18.067949 18.110722 18.154949 18.200697 18.248038 18.297046 18.347804 18.400399 18.454925 18.511484 18.570188 18.631157 18.694523 18.760433 18.829046 18.900543 18.975124 19.053016 19.134478 19.219808 19.309353 19.403523 19.50281 19.60782 19.719304 19.83823 19.965866 20.103921 20.25479 20.422114 20.612503 20.840379 21.127321 21.373863 21.257002 21.051203 20.942352 20.923972 20.994174
17.385299 17.407441 17.430228 17.453682 17.477827 17.502688 17.528292 17.554665 17.581837 17.609838 17.6387 17.668456 17.69914 17.730791 17.763446 17.797146 17.831935 17.867859 17.904964 17.943302 17.982928 18.023898 18.066274 18.11012 18.155506 18.202507 18.251201 18.301675 18.354021 18.408339 18.464737 18.523334 18.58426 18.647656 18.713681 18.782511 18.854341 18.929393 19.00792 19.09021 19.1766 19.267484 19.363334 19.464721 19.572355 19.687144 19.810276 19.943364 20.088667 20.24943 20.430449 20.63979 20.898734 21.285309 21.780339 21.464216 21.054975 20.904166 20.889589 20.97321
17.350044 17.37174 17.394075 17.417073 17.440757 17.465153 17.490288 17.516189 17.542886 17.570409 17.59879 17.628064 17.658267 17.689434 17.721607 17.754828 17.789139 17.824589 17.861226 17.899103 17.938276 17.978804 18.020751 18.064185 18.109177 18.155805 18.204153 18.254311 18.306376 18.360455 18.416663 18.475126 18.535984 18.59939 18.665515 18.734551 18.806713 18.882246 18.961431 19.044591 19.132106 19.224426 19.322092 19.425768 19.536289 19.654733 19.782548 19.921759 20.075331 20.24776 20.445697 20.676709 20.939346 21.206521 21.398267 21.244449 20.983704 20.859499 20.860894 20.969714
17.314257 17.335489 17.357355 17.379878 17.403082 17.426993 17.451639 17.477047 17.503246 17.530268 17.558146 17.586915 17.616609 17.647268 17.678932 17.711644 17.74545 17.780396 17.816535 17.85392 17.892608 17.932662 17.974147 18.017134 18.061697 18.107918 18.155884 18.205691 18.257441 18.311247 18.367231 18.425528 18.486287 18.549675 18.615877 18.685101 18.757583 18.833595 18.913448 18.997505 19.086195 19.18003 19.279631 19.385765 19.499404 19.621814 19.754714 19.90055 20.063046 20.248366 20.467744 20.742269 21.096647 21.432027 21.375235 21.107844 20.903005 20.810463 20.834359 20.986743
17.277946 17.298697 17.320075 17.342104 17.364809 17.388216 17.412352 17.437245 17.462925 17.489423 17.516774 17.545011 17.574172 17.604296 17.635423 17.667599 17.700869 17.735282 17.770891 17.807751 17.845922 17.885467 17.926455 17.968958 18.013056 18.058832 18.106379 18.155796 18.207192 18.260685 18.316407 18.3745 18.435125 18.49846 18.564706 18.634089 18.706869 18.783344 18.86386 18.948824 19.038719 19.134127 19.235757 19.344494 19.461461 19.588125 19.726473 19.879326 20.050951 20.248459 20.485905 20.799913 21.303352 22.067486 21.810694 21.136853 20.850525 20.763436 20.804099 20.96109
17.241119 17.261371 17.282243 17.303761 17.325947 17.348829 17.372434 17.39679 17.421928 17.447879 17.474678 17.502359 17.530961 17.560522 17.591085 17.622695 17.655399 17.689247 17.724293 17.760595 17.798214 17.837215 17.877668 17.91965 17.963243 18.008534 18.05562 18.104606 18.155604 18.208742 18.264157 18.322002 18.382449 18.445688 18.511936 18.581439 18.654481 18.731389 18.812546 18.898406 18.989512 19.086523 19.19025 19.30171 19.422198 19.553408 19.697618 19.858014 20.039254 20.248389 20.495921 20.79744 21.187716 21.638074 21.488527 21.021788 20.77875 20.714963 20.782199 20.964347
17.203784 17.223519 17.243869 17.264855 17.286504 17.308841 17.331894 17.355692 17.380264 17.405645 17.431867 17.458966 17.486981 17.515952 17.545922 17.576936 17.609043 17.642294 17.676744 17.712453 17.749483 17.787901 17.827782 17.869202 17.912248 17.957012 18.003592 18.0521 18.102655 18.155388 18.210447 18.267994 18.328211 18.391302 18.457501 18.527073 18.600327 18.67762 18.759375 18.846096 18.938391 19.037004 19.142861 19.257129 19.381311 19.517377 19.667973 19.836772 20.029137 20.253437 20.522462 20.843791 21.148808 21.233328 21.076561 20.841468 20.689155 20.66387 20.770208 21.065144
17.16595 17.185152 17.20496 17.225397 17.246489 17.26826 17.29074 17.313957 17.337942 17.362728 17.388348 17.41484 17.442242 17.470594 17.499941 17.530329 17.561806 17.594427 17.628246 17.663325 17.699728 17.737525 17.776791 17.817608 17.860063 17.904252 17.95028 17.99826 18.048319 18.100596 18.155243 18.212435 18.272362 18.335245 18.401332 18.47091 18.54431 18.621923 18.704211 18.791731 18.88516 18.985334 19.093305 19.210418 19.338422 19.479642 19.637232 19.815563 20.020959 20.263886 20.568185 21.002744 21.627813 21.626629 21.051078 20.737139 20.608021 20.612018 20.738519 21.004894
17.127627 17.146279 17.165528 17.185397 17.205911 17.227097 17.248983 17.271597 17.294971 17.319137 17.344131 17.369989 17.396749 17.424455 17.453148 17.482878 17.513693 17.545649 17.578801 17.613213 17.648951 17.686085 17.724694 17.764862 17.806679 17.850245 17.895668 17.943068 17.992575 18.044336 18.098512 18.155284 18.214856 18.277461 18.343363 18.412869 18.486335 18.564184 18.646917 18.735144 18.829614 18.931259 19.041269 19.161184 19.293044 19.439624 19.604786 19.794007 20.014957 20.277621 20.595493 21.012758 21.616262 21.607048 20.978966 20.644894 20.532182 20.566542 20.73267 20.986733
17.088827 17.106911 17.125582 17.144865 17.164782 17.185362 17.206632 17.228621 17.251361 17.274884 17.299225 17.324422 17.350514 17.377542 17.405552 17.434592 17.464712 17.495967 17.528415 17.562121 17.597152 17.633581 17.671488 17.71096 17.75209 17.794981 17.839745 17.886507 17.935402 17.986584 18.040221 18.096504 18.155647 18.217895 18.283528 18.352873 18.42631 18.504291 18.587357 18.67617 18.771548 18.874522 18.986419 19.108988 19.244584 19.396497 19.569494 19.770826 20.011894 20.308985 20.669026 21.015374 21.162212 21.04295 20.744625 20.523357 20.451269 20.522742 20.775787 21.35684
17.04956 17.067059 17.085135 17.103812 17.123114 17.143067 17.1637 17.185042 17.207124 17.229979 17.253642 17.278151 17.303545 17.329868 17.357163 17.385479 17.414869 17.445387 17.477094 17.510054 17.544336 17.580015 17.617174 17.6559 17.696291 17.738452 17.782499 17.828562 17.876782 17.927316 17.980342 18.036059 18.094691 18.156495 18.221767 18.29085 18.364148 18.44214 18.525405 18.614652 18.710766 18.81487 18.928426 19.05338 19.192403 19.349279 19.529643 19.74255 20.004614 20.352331 20.870071 21.583536 21.583974 20.956303 20.584843 20.402533 20.364576 20.460282 20.705567 21.163903
17.009837 17.026735 17.044199 17.062251 17.080917 17.100224 17.120199 17.140871 17.162271 17.184434 17.207393 17.231187 17.255856 17.281441 17.30799 17.33555 17.364175 17.39392 17.424845 17.457018 17.490508 17.525392 17.561753 17.599682 17.639279 17.680653 17.723923 17.769222 17.816697 17.866511 17.918849 17.973916 18.031949 18.093214 18.158022 18.226732 18.299769 18.377636 18.460947 18.550453 18.647095 18.752081 18.866992 18.993956 19.135922 19.297107 19.483764 19.705589 19.979044 20.339845 20.896232 21.806721 21.801549 20.903266 20.456288 20.285623 20.276025 20.404056 20.652669 20.85466
