Cobbity4/QGIS/2mPRPcom.asc
NCOLS 299
NROWS 220
XLLCORNER 150.661
YLLCORNER -34.0268
CELLSIZE 1e-05
NODATA_VALUE -9999
[rows 130 to 155 of 220, columns 60 to 119 of 299]
7.7421359 7.7279088 7.7134444 7.6987345 7.6837696 7.6685392 7.6530314 7.6372327 7.6211278 7.6046994 7.5879275 7.5707897 7.5532601 7.5353092 7.5169031 7.498003 7.478564 7.4585346 7.437855 7.4164561 7.3942571 7.371164 7.3470663 7.3218333 7.2953101 7.2673108 7.2376104 7.2059335 7.1719375 7.1351886 7.0951249 7.050998 7.0017722 6.9459368 6.8810861 6.8027244 6.7003024 6.5482007 6.3591951 6.4340716 6.6254686 6.7257029 6.7723418 6.7831438 6.7630694 6.7110425 6.6092779 6.5702306 6.6882401 6.7400814 6.7279635 6.6407637 6.4044623 6.1897681 6.561096 6.7940634 6.8926286 6.9219922 6.8944506 6.7845044
7.7105496 7.6957514 7.6807072 7.6654089 7.6498473 7.6340122 7.617892 7.6014735 7.5847419 7.5676801 7.5502687 7.5324857 7.5143055 7.4956992 7.4766333 7.4570693 7.4369628 7.4162624 7.3949085 7.3728319 7.3499515 7.3261726 7.3013832 7.2754509 7.2482173 7.2194919 7.1890421 7.1565808 7.1217469 7.0840757 7.042953 6.9975367 6.9466202 6.8883789 6.8198711 6.7358913 6.6247806 6.4478187 6.1554318 6.2664999 6.5562376 6.686754 6.7390213 6.747987 6.7236874 6.6743678 6.6410151 6.6577473 6.6969284 6.7112529 6.6769945 6.5819706 6.4708033 6.492964 6.6341863 6.771848 6.8519109 6.879348 6.8640719 6.8306716
7.6791585 7.6637932 7.6481736 7.6322917 7.6161389 7.5997052 7.5829794 7.5659489 7.5485991 7.5309137 7.5128736 7.4944574 7.4756402 7.4563936 7.4366846 7.4164754 7.395722 7.3743733 7.3523701 7.3296429 7.3061105 7.281677 7.2562292 7.229632 7.2017231 7.1723061 7.1411397 7.1079233 7.0722752 7.0336984 6.9915261 6.9448281 6.8922454 6.8316794 6.7597296 6.6710671 6.5605892 6.4389531 6.3566213 6.4151719 6.560831 6.6612446 6.7066321 6.7106499 6.677987 6.5935293 6.5245647 6.6267076 6.6753578 6.6720461 6.6197918 6.4840711 6.226125 6.410435 6.6314376 6.7513888 6.8170625 6.8355683 6.7978235 6.7238657
7.647969 7.6320402 7.6158491 7.5993881 7.582649 7.5656222 7.548297 7.5306613 7.5127012 7.4944007 7.4757419 7.4567036 7.4372618 7.4173888 7.3970524 7.3762153 7.3548343 7.3328587 7.3102295 7.2868774 7.2627205 7.2376623 7.2115873 7.1843576 7.1558063 7.1257299 7.0938769 7.059932 7.0234914 6.9840257 6.9408183 6.8928629 6.8386779 6.7759437 6.7006467 6.6046425 6.4696545 6.2812473 6.2306427 6.4110043 6.5546721 6.6392288 6.6750922 6.6716504 6.6374908 6.5825215 6.5509537 6.6113867 6.642036 6.621455 6.5554297 6.459239 6.3696554 6.4677759 6.6264626 6.7285088 6.7841215 6.7976844 6.7483469 6.6138395
7.6169872 7.600498 7.5837388 7.5667025 7.5493812 7.5317661 7.5138469 7.4956121 7.4770485 7.4581409 7.438872 7.4192216 7.3991665 7.3786798 7.3577302 7.3362813 7.3142904 7.2917077 7.2684745 7.2445215 7.2197665 7.1941117 7.1674395 7.1396083 7.1104459 7.0797404 7.0472287 7.0125785 6.9753623 6.9350168 6.890777 6.8415663 6.7858054 6.7210758 6.6434593 6.5453776 6.4035012 6.1490083 6.054433 6.360458 6.5367344 6.6174166 6.6440975 6.6268121 6.5678605 6.5086061 6.5374064 6.5892526 6.601603 6.5569401 6.4410999 6.2796742 6.3286443 6.4906206 6.6175369 6.7031717 6.750444 6.7644856 6.7515575 6.7327197
7.5862188 7.5691717 7.5518472 7.5342387 7.5163389 7.4981394 7.4796307 7.4608019 7.4416407 7.4221327 7.4022613 7.3820075 7.361349 7.3402599 7.3187099 7.2966635 7.2740792 7.2509077 7.2270909 7.2025597 7.1772315 7.151007 7.1237666 7.0953643 7.0656213 7.0343162 7.001172 6.9658365 6.9278547 6.8866247 6.8413279 6.7908103 6.7333701 6.6663835 6.5858538 6.487551 6.3767769 6.2826415 6.2819453 6.4157596 6.535391 6.5999905 6.6170761 6.5848214 6.4683068 6.2519455 6.3974554 6.5427199 6.5574326 6.4893997 6.3205464 5.9627745 6.1076686 6.4381575 6.5918978 6.6733279 6.7127972 6.7180474 6.7013143 6.7204383
7.5556692 7.5380661 7.5201785 7.5020002 7.4835245 7.4647437 7.445649 7.4262304 7.4064762 7.3863732 7.3659058 7.345056 7.3238025 7.3021207 7.2799815 7.2573506 7.2341874 7.2104438 7.1860623 7.1609742 7.1350965 7.1083288 7.0805486 7.0516055 7.0213131 6.9894388 6.9556884 6.9196859 6.8809418 6.8388062 6.7923929 6.7404527 6.6811364 6.6114555 6.5257329 6.4114602 6.2540534 6.1723876 6.3079113 6.441477 6.534491 6.5860831 6.5974863 6.5664825 6.4765421 6.336797 6.426185 6.5285312 6.5205904 6.4191944 6.2526494 6.1424754 6.2350605 6.435422 6.5698438 6.6413083 6.6712247 6.6664852 6.6137886 6.645422
7.5253434 7.5071857 7.4887364 7.4699899 7.4509402 7.4315802 7.411902 7.3918964 7.3715529 7.350859 7.3298004 7.3083603 7.2865187 7.2642523 7.2415334 7.2183289 7.1945998 7.170299 7.1453702 7.119745 7.0933406 7.0660554 7.0377643 7.0083118 6.9775033 6.9450929 6.9107662 6.8741173 6.8346128 6.7915387 6.743914 6.6903525 6.6288379 6.5563455 6.4677544 6.3494694 6.1566868 6.0188933 6.2589145 6.4341182 6.5271378 6.5739745 6.5833046 6.5558302 6.5038396 6.4850594 6.5158694 6.5415027 6.4990851 6.3270776 5.9219858 5.769741 6.1916135 6.4326018 6.5529719 6.6067831 6.6197949 6.6163664 6.6172011 6.6408251
7.4952464 7.4765348 7.4575244 7.4382105 7.4185876 7.3986495 7.3783891 7.3577982 7.3368674 7.3155853 7.293939 7.2719127 7.2494882 7.2266434 7.2033523 7.1795834 7.1552993 7.1304544 7.1049936 7.0788498 7.0519403 7.024163 6.9953904 6.9654621 6.9341748 6.9012675 6.8664025 6.8291372 6.7888834 6.7448422 6.6958989 6.640438 6.5760321 6.4990828 6.4056185 6.298983 6.2084266 6.1960808 6.3086578 6.4350423 6.5194165 6.5642346 6.5736399 6.5410138 6.4415246 6.4414645 6.5370765 6.5609492 6.5151668 6.3340382 5.7950713 5.5415712 6.1755933 6.4445918 6.5435763 6.5685945 6.5396989 6.4831229 6.4985258 6.5766391
7.4653831 7.4461173 7.4265457 7.4066641 7.3864679 7.3659516 7.3451091 7.3239333 7.3024159 7.2805468 7.2583142 7.2357042 7.2126999 7.189281 7.1654232 7.1410969 7.1162664 7.0908882 7.064909 7.0382631 7.0108689 6.9826244 6.9534007 6.9230333 6.89131 6.8579545 6.8226029 6.7847704 6.7438019 6.6987956 6.6484708 6.5909138 6.5230089 6.4389719 6.32663 6.1660238 6.015576 6.1177474 6.2992303 6.4287175 6.5119259 6.55779 6.5712218 6.552504 6.5016652 6.5043753 6.5669428 6.5932939 6.5775605 6.5120055 6.3804856 6.2899088 6.400075 6.5035298 6.5459581 6.5334657 6.4396957 6.1972527 6.2014762 6.4598557
7.4357582 7.4159373 7.3958034 7.375353 7.3545821 7.3334863 7.3120606 7.2902987 7.2681937 7.2457369 7.2229181 7.1997248 7.1761418 7.1521508 7.1277294 7.1028501 7.0774795 7.0515764 7.0250897 6.997956 6.9700958 6.9414083 6.9117645 6.8809975 6.8488882 6.8151458 6.7793796 6.741058 6.6994493 6.6535315 6.601843 6.5422048 6.4711073 6.3819382 6.25764 6.0398622 5.714062 5.9450643 6.2589001 6.4170447 6.5059752 6.5555099 6.5729763 6.5603109 6.5470944 6.5703935 6.6064123 6.6359378 6.6560768 6.6960057 6.8138088 6.691783 6.5825046 6.5650055 6.5529152 6.5141818 6.4133298 6.1831743 6.1830134 6.4180319
7.4063765 7.3859988 7.3653006 7.344279 7.3229311 7.3012532 7.2792414 7.2568909 7.2341957 7.2111489 7.1877416 7.1639632 7.1398005 7.115237 7.0902526 7.0648222 7.0389149 7.0124922 6.985506 6.957896 6.9295857 6.9004774 6.8704441 6.8393194 6.8068811 6.7728276 6.7367443 6.6980521 6.655934 6.6092256 6.5562498 6.4945455 6.4204117 6.3284576 6.2133145 6.0777534 5.9686911 6.0782933 6.2764909 6.4157746 6.5048115 6.559796 6.5825779 6.5515931 6.5037285 6.5840351 6.6375066 6.6814884 6.7306932 6.7876097 6.8555558 6.7761182 6.6621311 6.598944 6.5526023 6.5005183 6.4358691 6.3752299 6.3767803 6.4377737
7.3772431 7.3563059 7.3350403 7.3134443 7.2915155 7.2692516 7.2466496 7.2237059 7.2004162 7.1767749 7.152775 7.1284076 7.1036615 7.0785225 7.0529729 7.0269903 7.0005465 6.9736062 6.9461249 6.9180462 6.889298 6.8597874 6.8293927 6.7979522 6.7652464 6.7309713 6.6946971 6.6558048 6.6133886 6.566113 6.5120052 6.4481434 6.3700479 6.2700638 6.1353048 5.9796214 5.9820806 6.1415525 6.2975665 6.4193457 6.50823 6.5738096 6.6192346 6.624062 6.59981 6.6280996 6.6696809 6.7300039 6.8290343 6.9519071 6.9395139 6.8119923 6.6936086 6.6061101 6.5370969 6.4688269 6.3921435 6.3645988 6.4001044 6.4253237
7.348363 7.3268629 7.3050259 7.2828507 7.2603361 7.2374807 7.2142827 7.1907398 7.1668492 7.1426069 7.1180077 7.0930449 7.0677093 7.0419891 7.0158691 6.9893298 6.9623461 6.9348863 6.9069099 6.8783652 6.8491859 6.819286 6.7885523 6.7568331 6.7239203 6.6895205 6.6532076 6.6143449 6.5719558 6.5245169 6.4696485 6.4037126 6.3213264 6.2136259 6.0550745 5.7855261 5.7919132 6.1079029 6.2973842 6.4202102 6.5129081 6.5944066 6.6884632 6.7962021 6.7325421 6.6781174 6.6969806 6.7716548 6.9440315 7.3565787 7.3514871 6.9111597 6.7069379 6.5911489 6.5049102 6.4274137 6.3415231 6.3132307 6.3714566 6.3864228
7.319742 7.2976743 7.2752607 7.2525007 7.2293939 7.2059399 7.1821383 7.1579882 7.1334882 7.1086362 7.0834289 7.0578616 7.0319275 7.0056172 6.9789185 6.9518145 6.9242838 6.8962983 6.8678219 6.8388082 6.8091977 6.778913 6.7478525 6.7158803 6.6828099 6.6483758 6.6121859 6.5736331 6.5317347 6.4848333 6.4300637 6.3625203 6.2746098 6.158926 6.0242919 5.9155827 5.9515399 6.1384566 6.300626 6.4188834 6.5148987 6.6075555 6.7188752 6.8651568 6.7745007 6.6927586 6.705845 6.7896173 6.9533123 7.2332656 7.2227768 6.8840823 6.680137 6.55154 6.4487642 6.3633166 6.3204914 6.3222159 6.3386622 6.3353195
7.2913858 7.2687452 7.2457487 7.2223968 7.1986899 7.1746288 7.1502143 7.1254469 7.1003269 7.074854 7.0490271 7.0228434 6.9962988 6.9693866 6.9420972 6.914417 6.886328 6.8578058 6.8288191 6.799327 6.7692768 6.738601 6.7072116 6.6749929 6.6417889 6.6073811 6.5714485 6.5334874 6.492646 6.4473626 6.3945497 6.3277297 6.2329406 6.0822023 5.8518719 5.7366682 5.9452017 6.1531934 6.3022733 6.4138436 6.5122657 6.6204718 6.7357396 6.7644718 6.711007 6.6695795 6.6922033 6.802611 7.0141605 7.1027222 6.9561049 6.7727513 6.6172469 6.4894819 6.3578697 6.1971102 6.1141903 6.208116 6.2733682 6.2743293
7.2633013 7.2400813 7.2164945 7.1925423 7.1682259 7.1435473 7.1185085 7.0931117 7.0673588 7.0412514 7.0147904 6.9879757 6.9608055 6.933276 6.9053804 6.8771085 6.8484457 6.8193714 6.7898586 6.7598716 6.7293646 6.6982791 6.6665409 6.6340556 6.6007021 6.5663211 6.5306945 6.4935002 6.4542057 6.4117898 6.3639577 6.3047836 6.2171292 6.0470458 5.647822 5.321917 5.8369951 6.1482903 6.2993741 6.4018236 6.4979245 6.6314842 6.8917661 6.8956716 6.6840956 6.6246743 6.6466001 6.7822011 7.2055461 7.4098503 6.9108292 6.6812705 6.542835 6.4204025 6.2662685 5.974059 5.7326801 6.062037 6.2047076 6.210221
7.2354958 7.2116888 7.1875033 7.1629409 7.1380042 7.1126959 7.0870196 7.0609789 7.0345776 7.0078192 6.980707 6.9532432 6.9254289 6.8972631 6.8687423 6.8398593 6.810603 6.7809566 6.7508968 6.7203923 6.6894029 6.6578773 6.6257521 6.5929506 6.5593821 6.5249437 6.4895246 6.4530183 6.4153421 6.3764489 6.3362159 6.2936548 6.2430202 6.1575629 5.9631582 5.8127139 6.0107588 6.1904709 6.2991477 6.3808495 6.4604734 6.5602832 6.7104093 6.7260564 6.6049495 6.5532771 6.5555835 6.6208735 6.8123346 6.9149971 6.7228448 6.573018 6.4634074 6.3556602 6.2266006 6.0492675 5.9390105 6.0849301 6.1695886 6.1514617
7.2079774 7.1835752 7.1587811 7.1335975 7.1080278 7.082076 7.0557467 7.0290453 7.0019773 6.9745486 6.9467647 6.9186305 6.89015 6.8613253 6.8321561 6.8026387 6.7727653 6.7425224 6.7118902 6.6808406 6.6493367 6.6173313 6.5847663 6.5515738 6.5176793 6.4830117 6.447529 6.4112788 6.3745487 6.3382382 6.3047965 6.2805892 6.2817265 6.3427526 6.4383335 6.3162845 6.2208771 6.242462 6.2939301 6.350672 6.4117252 6.4736368 6.506085 6.5184226 6.4942803 6.4631442 6.4381783 6.3889047 6.323259 6.4537973 6.5005124 6.4561337 6.3829986 6.2866338 6.1641647 6.0709166 6.0801886 6.1297201 6.1515658 6.1071878
7.1807556 7.1557488 7.1303352 7.1045179 7.078301 7.0516896 7.0246897 6.9973083 6.9695527 6.9414311 6.9129516 6.8841219 6.8549492 6.8254388 6.795594 6.7654148 6.7348967 6.7040295 6.6727959 6.6411703 6.6091165 6.5765874 6.5435234 6.5098528 6.4754956 6.4403727 6.4044325 6.3677174 6.3305416 6.2939869 6.2613806 6.2429165 6.2703193 6.4375755 6.7843098 6.5461426 6.2995282 6.2526987 6.2705533 6.3103628 6.363406 6.4286812 6.4883383 6.4439942 6.4055415 6.372446 6.3316624 6.2496508 6.1090031 6.2717689 6.3646251 6.3614901 6.3117324 6.2190836 6.0425123 5.839854 6.0117069 6.1192683 6.1318886 6.0791787
7.153841 7.1282194 7.1021743 7.0757093 7.0488293 7.0215404 6.99385 6.9657664 6.9372992 6.9084588 6.879256 6.8497016 6.8198063 6.789579 6.7590271 6.7281543 6.6969599 6.6654371 6.633571 6.601337 6.5686984 6.535604 6.5019859 6.4677569 6.4328092 6.3970139 6.3602253 6.3222967 6.2831288 6.2428261 6.202288 6.165833 6.1530799 6.2321147 6.4100571 6.3512545 6.2425925 6.2132159 6.2238238 6.2569743 6.3175673 6.3989571 6.400246 6.3605166 6.3232737 6.283748 6.2258361 6.1718044 6.1823111 6.241709 6.2894209 6.292369 6.2556255 6.1802543 6.0504511 5.921196 6.0294242 6.1112798 6.1124487 6.0503542
7.1272455 7.1009981 7.0743084 7.0471805 7.0196199 6.9916335 6.9632301 6.9344195 6.9052134 6.8756245 6.8456666 6.8153539 6.7847007 6.7537204 6.7224246 6.6908217 6.6589153 6.6267023 6.5941707 6.5612968 6.5280419 6.4943488 6.4601367 6.4252949 6.3896732 6.3530665 6.315186 6.2755974 6.2335688 6.1876402 6.1342651 6.0634418 5.9496007 5.8047698 5.9052251 6.0789602 6.128687 6.1420426 6.1552295 6.1809172 6.2504162 6.4493102 6.383017 6.2755911 6.2419004 6.2009228 6.0979832 5.9072438 6.037309 6.1808107 6.2338311 6.2404453 6.2096285 6.1425047 6.0652242 6.0465406 6.0832185 6.1120995 6.0957387 6.0164167
7.1009831 7.074098 7.0467496 7.0189422 6.9906818 6.961976 6.9328346 6.9032692 6.8732934 6.8429223 6.8121729 6.781063 6.7496114 6.717836 6.6857538 6.6533786 6.6207194 6.587778 6.5545462 6.5210019 6.4871052 6.4527925 6.4179694 6.3824995 6.346188 6.3087515 6.2697629 6.2285358 6.1838596 6.1333105 6.0711603 5.9806416 5.8032681 5.4545247 5.5928125 5.9184445 6.0292351 6.0608863 6.0700193 6.0739937 6.0740428 6.0887145 6.1503558 6.1639717 6.1640114 6.1418664 6.0620696 5.8959812 6.0093648 6.1423632 6.1932519 6.2024415 6.1738608 6.0814091 5.9017493 5.9529815 6.0760139 6.1073703 6.0837414 6.0033705
7.0750694 7.0475342 7.0195122 6.9910076 6.9620265 6.9325773 6.9026706 6.8723195 6.8415393 6.8103479 6.7787656 6.7468141 6.7145169 6.6818976 6.6489794 6.6157828 6.5823237 6.5486106 6.514641 6.4803966 6.4458384 6.4108988 6.3754725 6.3394025 6.3024573 6.2642941 6.2243902 6.1819177 6.1354956 6.0826894 6.01907 5.936989 5.8247947 5.694707 5.7426515 5.8872113 5.9592073 5.9792992 5.9754736 5.9584349 5.9129745 5.8 5.9591861 6.0583196 6.095459 6.1029459 6.0896422 6.0711323 6.0884716 6.1336807 6.1659782 6.1786089 6.1645885 6.0893188 5.9085732 5.9607463 6.0832693 6.1054343 6.0743038 6.0003243
7.0495221 7.0213242 6.9926129 6.9633923 6.9336684 6.9034499 6.8727479 6.8415769 6.8099539 6.7778995 6.7454371 6.712593 6.6793958 6.6458757 6.6120632 6.5779872 6.5436727 6.5091373 6.4743872 6.4394116 6.4041758 6.3686132 6.3326137 6.2960086 6.2585463 6.2198521 6.1793606 6.1362 6.0890064 6.0356257 5.9726475 5.8956294 5.8112565 5.7810787 5.821594 5.8726065 5.8982277 5.8948832 5.8731266 5.8416369 5.8036349 5.8190383 5.9007119 5.9840931 6.0394828 6.0718863 6.0938093 6.0956334 6.097877 6.1183341 6.1425599 6.16563 6.1868403 6.195618 6.158823 6.1271734 6.1260348 6.110126 6.0626254 5.9615328
7.0243617 6.995488 6.9660715 6.9361153 6.9056251 6.8746095 6.84308 6.8110517 6.7785436 6.7455783 6.7121827 6.6783876 6.6442275 6.6097398 6.574964 6.5399394 6.5047025 6.4692836 6.4337017 6.3979581 6.3620282 6.3258526 6.2893246 6.2522754 6.2144516 6.1754788 6.1347956 6.0915428 6.0444051 5.9914699 5.9300713 5.8545665 5.74961 5.7139693 5.800968 5.8348679 5.83077 5.8014305 5.7562701 5.7093191 5.6991898 5.720772 5.826791 5.9221818 5.992418 6.0408401 6.071913 6.0785473 6.0776645 6.0905309 6.1151525 6.1543186 6.2247765 6.3707364 6.4224355 6.2488293 6.161082 6.1154351 6.0586772 5.9287116
