Cobbity4/QGIS/2mPRPcom.asc
NCOLS 299
NROWS 220
XLLCORNER 150.661
YLLCORNER -34.0268
CELLSIZE 1e-05
NODATA_VALUE -9999
[rows 156 to 181 of 220, columns 120 to 179 of 299]
5.8600477 5.8465439 5.9867424 6.0826703 6.1431651 6.189965 6.2371335 6.3064945 6.4618436 6.8458526 6.8418916 6.4131664 6.1945553 6.0523467 5.9115274 5.7311591 5.4567459 5.0183676 4.8664793 5.2368219 5.4896167 5.6344316 5.7019543 5.7066587 5.6479788 5.4925454 5.3087717 5.4570794 5.5308147 5.503908 5.401823 5.2359239 5.0978675 5.1265025 5.3177263 5.4915361 5.5813387 5.5880862 5.5025249 5.2741563 4.7404744 3.6340598 3.6174462 4.607991 5.0917808 5.3367088 5.4376803 5.4124021 5.2527193 4.969132 4.7442025 4.8320342 5.1586078 5.4941952 5.7448817 5.9210383 6.0466842 6.1414604 6.2035755 6.1902305
6.1111273 6.0634562 6.0755969 6.1149717 6.1547122 6.1920871 6.2320938 6.2852607 6.3718748 6.5049129 6.501519 6.3250797 6.168913 6.0363338 5.8948349 5.7133695 5.4343752 4.9015315 4.6889584 5.251018 5.5404195 5.6712052 5.7255733 5.7266913 5.6825143 5.5971993 5.5215335 5.5431621 5.5437087 5.4679536 5.292233 4.9486635 4.6245167 4.9407116 5.2769726 5.4688273 5.5659378 5.5871218 5.5310781 5.3638947 4.9522432 4.073733 4.0258096 4.815395 5.2207781 5.3999214 5.4522349 5.3890799 5.1658872 4.6450296 4.0731865 4.6448597 5.2001226 5.5341998 5.7646933 5.9349573 6.0715354 6.2068632 6.3605217 6.3199665
6.2726331 6.1505353 6.1195562 6.1330066 6.1587411 6.187678 6.2194253 6.25599 6.2915047 6.3098225 6.2997019 6.2290543 6.1278127 6.0133947 5.8771478 5.702824 5.4897909 5.2931677 5.2571143 5.4437303 5.615245 5.7121676 5.7522253 5.7476886 5.7077155 5.6596669 5.6313099 5.602904 5.5440705 5.4232984 5.1996763 4.7298205 4.1312551 4.7372676 5.2284604 5.4537966 5.5634325 5.6038197 5.5933517 5.5502837 5.4942088 5.3157873 5.1291068 5.2369708 5.3884827 5.4732025 5.4796137 5.3948389 5.1725134 4.6670538 4.0837048 4.6790738 5.253441 5.5738918 5.787513 5.951308 6.0892075 6.214817 6.3261609 6.3030316
6.1962019 6.1426228 6.1247366 6.1342197 6.1540917 6.1777236 6.2040098 6.2354996 6.2792393 6.2938686 6.2415367 6.1759355 6.0936004 5.991536 5.8591402 5.6694674 5.3796162 5.2012066 5.4030841 5.5713093 5.6854498 5.7539126 5.7816512 5.7694229 5.7065209 5.6157233 5.6401704 5.6201664 5.5270164 5.3637822 5.1287073 4.8696939 4.7364741 4.9630687 5.2632306 5.4597104 5.5707587 5.625168 5.6506408 5.7067464 5.9523883 6.0661627 5.6551771 5.5225208 5.5282393 5.5401428 5.510788 5.4175745 5.2486853 5.0384127 4.9267881 5.1013071 5.388978 5.6260866 5.8109899 5.9699394 6.121666 6.2490683 6.28902 6.2557844
6.0988008 6.1027101 6.1088763 6.1230915 6.14192 6.1632054 6.1869823 6.2129535 6.2395127 6.2428834 6.1994359 6.1402194 6.0676835 5.975184 5.8514374 5.6674495 5.3347564 5.0821653 5.4310916 5.6394397 5.739234 5.7930719 5.8165321 5.8092622 5.752249 5.6604743 5.6673919 5.6264202 5.4965165 5.2642845 4.8813626 4.5057101 4.6714095 5.0263768 5.2951992 5.4743474 5.5823948 5.6399866 5.6704217 5.7226304 5.8989975 5.9752133 5.750409 5.6427712 5.6116868 5.5879194 5.5352612 5.4284583 5.2362157 4.9859844 5.044953 5.2782329 5.487968 5.6680278 5.8242434 5.9809928 6.1859993 6.4657099 6.4818422 6.2876329
6.0669202 6.0697582 6.085902 6.104554 6.1234979 6.1442183 6.1720672 6.2086583 6.2214987 6.1971096 6.1600373 6.1110602 6.0476448 5.9642145 5.852909 5.7099197 5.560682 5.4974755 5.5975315 5.7121186 5.7850454 5.8290295 5.8579584 5.8813704 5.8852999 5.8260028 5.743019 5.6371387 5.4681602 5.1714253 4.5371306 3.4922359 4.1583814 4.9538856 5.3053576 5.4908896 5.5962005 5.6479792 5.6548272 5.6219377 5.6094537 5.6789004 5.6938755 5.6753478 5.6524297 5.6160944 5.5502424 5.4365335 5.2336936 4.9006555 5.0136466 5.3377199 5.5392525 5.6865393 5.8129134 5.9489069 6.1630293 6.5409774 6.5553697 6.2725614
6.033933 6.0390981 6.060594 6.0815244 6.0985452 6.1161028 6.1517461 6.2426814 6.2803114 6.1848654 6.131999 6.0877375 6.0324784 5.9572185 5.8500984 5.6894116 5.5185301 5.5841431 5.6949282 5.7709426 5.8219415 5.8580445 5.8966249 5.9765314 6.1317079 6.0486182 5.8235283 5.649826 5.4545342 5.1722257 4.7106562 4.1607742 4.4899327 5.0356738 5.343295 5.5161894 5.6153432 5.6606127 5.6412363 5.487548 5.2510391 5.4931553 5.6519148 5.6849813 5.672312 5.6302002 5.5532571 5.4344417 5.2941143 5.2019334 5.2617597 5.4272604 5.5723389 5.6824953 5.7706935 5.8524966 5.9600341 6.1282556 6.1929792 6.1280572
5.9722488 6.0042725 6.0342255 6.0557401 6.0658667 6.0679859 6.0828307 6.1535787 6.191588 6.1361741 6.1000931 6.0670737 6.0216329 5.9565058 5.8601567 5.6927162 5.4506657 5.585237 5.7424561 5.8101972 5.8469311 5.8743351 5.9114581 6.0043891 6.2223777 6.1232778 5.8448234 5.6448256 5.4346598 5.1626301 4.870191 4.7641491 4.9228017 5.1872157 5.4043113 5.5503743 5.6421022 5.6910629 5.687825 5.5694151 5.3848391 5.5448693 5.6705008 5.7010134 5.686129 5.6371723 5.5439832 5.3760706 5.1275444 5.1164917 5.3241583 5.4772931 5.5843058 5.6569964 5.7028949 5.7188982 5.6909761 5.739838 5.887953 5.9639572
5.9221348 5.9716711 6.0097435 6.0299882 6.0274743 5.9948604 5.9302985 5.9142817 6.0017464 6.0530517 6.0627392 6.0485406 6.0147245 5.9615095 5.8890878 5.8032594 5.7266321 5.7441538 5.8029143 5.8396149 5.8599775 5.8764154 5.9001962 5.9401051 5.9849159 5.9338956 5.7873107 5.6158513 5.3970615 5.0500639 4.4774744 4.4634855 4.9679502 5.2688734 5.4586931 5.5860785 5.6725246 5.7358802 5.7973313 5.8533641 5.7908107 5.7307034 5.7299757 5.7254016 5.6995462 5.6447245 5.544433 5.3467623 4.9452003 4.9411117 5.3173863 5.4938863 5.5752203 5.6100084 5.614754 5.5962748 5.5293139 5.5398512 5.7139507 5.8365506
5.8849685 5.946964 5.9913382 6.0087367 5.9922292 5.9214058 5.7262494 5.5596125 5.8326916 5.9859107 6.0329247 6.0352956 6.0120177 5.9677708 5.9018726 5.833425 5.8268166 5.8363076 5.848717 5.8568857 5.8599292 5.8660367 5.8882472 5.9242703 5.9091162 5.8392297 5.7311488 5.5817994 5.3730659 5.0446823 4.487219 4.4809703 5.0241746 5.3309228 5.5056001 5.6184517 5.6972599 5.7673207 5.8874492 6.1459047 6.0503774 5.8420163 5.7762312 5.7466485 5.7119998 5.6554178 5.5646993 5.4339002 5.2786095 5.2674724 5.4139801 5.5152342 5.5520083 5.5383388 5.4862 5.4345128 5.4519191 5.5057052 5.6119849 5.7362241
5.8492329 5.9329628 5.9832427 5.9959428 5.9671543 5.8907471 5.7461098 5.6476887 5.8308703 5.9659507 6.0196312 6.0299208 6.0148658 5.980296 5.9182125 5.8245867 5.8397427 5.8708119 5.8696345 5.8579816 5.8430705 5.8366588 5.8699274 5.9813932 5.9347359 5.8036723 5.6925199 5.5482012 5.3426419 5.09537 4.9249256 4.9737056 5.2013301 5.4085919 5.5512783 5.6465106 5.7097974 5.7565473 5.8289511 5.9766699 5.9516812 5.8418242 5.789166 5.7575223 5.7219626 5.6666934 5.5746228 5.4446166 5.3930659 5.4432159 5.4996508 5.5314847 5.516186 5.4406053 5.2831028 5.0416503 4.9503895 5.1993242 5.4555964 5.6369383
5.8300394 5.936858 5.9906942 5.9939172 5.9417306 5.838022 5.7572948 5.7923993 5.8904058 5.9762849 6.0205446 6.0317026 6.0229389 6.0043702 5.9770287 5.9310199 5.9064632 5.8958535 5.8740891 5.842666 5.804357 5.7683402 5.7687973 5.8328813 5.8201271 5.74545 5.6578339 5.5156 5.2522791 4.8056041 4.6536089 5.026689 5.3003837 5.475945 5.5937823 5.6721972 5.7165008 5.7140948 5.6534167 5.6829681 5.7805722 5.7954253 5.7807636 5.7593376 5.7304953 5.6848013 5.5950421 5.4059113 5.3335346 5.4862065 5.540526 5.5327705 5.4704388 5.3339429 5.0620399 4.4791262 4.0436584 4.7684153 5.2857509 5.5463899
5.8562282 5.9691785 6.0209454 6.0087009 5.9155294 5.6865851 5.427021 5.6807273 5.8955867 5.9904792 6.0291719 6.037347 6.0316622 6.0309729 6.0560884 6.0256467 5.9558746 5.9090689 5.8652278 5.8127801 5.7433234 5.6444201 5.5313554 5.5464448 5.6451916 5.6732804 5.6346957 5.5176352 5.2325633 4.5374451 4.2513373 5.0003782 5.3648068 5.5328159 5.6324532 5.6997134 5.7385109 5.7065496 5.4879495 5.4868203 5.7077705 5.7665814 5.7685993 5.7553655 5.7377752 5.7176527 5.6824888 5.5969907 5.5397041 5.5692547 5.5708235 5.5240786 5.4183347 5.2329951 4.9464943 4.5178813 4.2597285 4.7668572 5.2258506 5.4908288
5.928256 6.0369746 6.0835531 6.0513819 5.9282764 5.68911 5.429085 5.6931069 5.9230248 6.0145533 6.0431427 6.0431534 6.0341177 6.0370655 6.0803919 6.0507899 5.9662868 5.9036211 5.8436975 5.7727233 5.6750109 5.5046082 5.1678447 5.1699459 5.4997974 5.6228448 5.6367746 5.5815704 5.4353801 5.1508382 5.0303019 5.2765672 5.477341 5.5920641 5.6663101 5.7280152 5.7955657 5.8493543 5.7699173 5.7102734 5.7555587 5.7656012 5.7570165 5.7439377 5.7365726 5.7534581 5.8222955 5.8596434 5.7386471 5.6518515 5.5939249 5.5102707 5.3604942 5.1014627 4.728254 4.4699989 4.592293 4.9161987 5.2406862 5.4686741
6.0307878 6.1471749 6.1950372 6.1276896 5.9218195 5.7325122 5.7478818 5.8791895 6.0011596 6.0545994 6.0610228 6.0457268 6.0263286 6.0156346 6.0154872 5.9941574 5.9420931 5.8805755 5.8104752 5.7248848 5.6146374 5.4615339 5.2363558 5.2417505 5.4819022 5.6109818 5.6610651 5.6772186 5.7016327 5.717417 5.6030853 5.5601364 5.5985536 5.6458033 5.6864573 5.7366668 5.8554938 6.172395 6.4136207 6.0266256 5.8290071 5.7667782 5.7380634 5.7178796 5.710316 5.7489798 5.925263 6.0890337 5.835745 5.6862187 5.6019278 5.4979117 5.3143464 4.9546579 4.2134059 3.4475895 4.1876861 4.8858435 5.2540038 5.465139
6.1647723 6.3157101 6.3978375 6.2906923 5.7590916 5.1021047 5.632743 5.9925822 6.0937077 6.1045755 6.0786259 6.0408522 6.0085966 5.9952062 5.987769 5.9572919 5.9093105 5.8462423 5.7666746 5.6642287 5.5308702 5.3855864 5.3247415 5.3912504 5.5163088 5.6212216 5.6919381 5.7563776 5.8909928 6.0890013 5.8697009 5.7158375 5.6809852 5.6805913 5.6823082 5.6865522 5.7662705 6.1994341 6.6489905 6.0726831 5.8152442 5.7390435 5.7022589 5.6701468 5.6409883 5.6406909 5.7348982 5.8293786 5.7410257 5.6611002 5.5956514 5.4967028 5.3158419 4.9674658 4.2425724 3.4574013 4.2123007 4.9362597 5.2957969 5.4811025
6.3331893 6.5629884 6.7797198 6.8031495 6.1542208 5.20311 5.8196399 6.1748332 6.2083052 6.1588962 6.089108 6.0202221 5.9753885 5.9837604 5.9803448 5.927901 5.8730839 5.8044606 5.7142576 5.5912599 5.4022183 5.0870636 4.9841682 5.3002996 5.5068898 5.6297343 5.7190436 5.8003663 5.8935975 5.9680606 5.8720596 5.7695577 5.7217879 5.6969337 5.6612866 5.5716523 5.3888285 5.2926227 5.5861449 5.6967467 5.6948162 5.6788547 5.6492512 5.6016322 5.5286499 5.4171469 5.3456051 5.4783157 5.5844093 5.6093453 5.5867434 5.511575 5.3609816 5.1162772 4.8155892 4.6270314 4.8141968 5.1446311 5.3851739 5.519269
6.5220952 6.8800617 7.4183959 8.1098561 8.1294428 7.1601476 6.6829738 6.4967169 6.3448128 6.2088903 6.0832372 5.9637274 5.8734612 5.8715812 5.8934483 5.8743924 5.8279856 5.7556369 5.6547014 5.5182421 5.3198149 4.9626276 4.8273005 5.2478388 5.4960672 5.6362622 5.7479034 5.8651207 5.9553238 5.9328021 5.8532957 5.7814681 5.7362687 5.7075685 5.6625957 5.5032661 4.9281065 3.7758821 4.5507514 5.3500016 5.5719835 5.6131875 5.5880112 5.521919 5.4093805 5.1889327 4.9145271 5.2177929 5.4721339 5.5703742 5.5896099 5.5442266 5.4172085 5.1759804 4.8833819 4.9237536 5.1376452 5.3388035 5.4912435 5.5733213
6.6958966 7.1695106 8.112106 10.305584 11.991597 9.161713 7.4580234 6.791177 6.4590809 6.2402939 6.0582408 5.8639354 5.6221821 5.6127137 5.7735579 5.8114154 5.7777817 5.7007017 5.5842643 5.4258513 5.2480702 5.1329717 5.1576098 5.3351564 5.5082604 5.639954 5.7717247 5.9827607 6.2709743 6.099972 5.8777054 5.7785503 5.7326542 5.7194613 5.7299453 5.6950347 5.2802962 4.3288237 4.7595093 5.3414849 5.5342537 5.5673998 5.5265076 5.4322521 5.2958609 5.1529263 5.0713325 5.2347031 5.4392143 5.5613527 5.613962 5.6029063 5.5080287 5.2581187 4.8215487 4.9457607 5.3004455 5.4907164 5.5970386 5.638451
6.8155434 7.2834461 8.1761415 10.306898 12.046458 9.4113074 7.6756213 6.9102323 6.5083162 6.2426363 6.0257434 5.8069223 5.5236702 5.5144975 5.7151149 5.7647514 5.7300579 5.6425973 5.5029481 5.2819674 4.9399961 4.8338117 5.1370539 5.3604028 5.5109845 5.6268802 5.7477609 5.9550218 6.2611368 6.0832655 5.8497924 5.7475608 5.7025619 5.7085317 5.8280931 6.2066412 6.6798513 6.0964962 5.5926978 5.5478318 5.5631501 5.5415982 5.4674949 5.3219066 5.0764178 4.8452251 4.9794778 5.2344672 5.4374493 5.5784915 5.6633748 5.6949601 5.6650006 5.5543991 5.3830774 5.3871598 5.5323735 5.644358 5.7064458 5.7171166
6.8772329 7.2412303 7.7031292 8.2986763 8.7841772 8.212464 7.4116584 6.8579057 6.4898864 6.2132984 5.9727693 5.7634738 5.6534134 5.6641133 5.7246647 5.7363425 5.6868183 5.5839394 5.4257798 5.1777948 4.6963905 4.5054058 5.0551377 5.3494554 5.4977116 5.5934431 5.6718551 5.7549532 5.843183 5.8292273 5.7495705 5.6830744 5.6323466 5.6136318 5.7526397 6.5166698 8.2210604 7.1092167 5.9894742 5.6799449 5.5876481 5.5210698 5.4174313 5.2262454 4.8165254 4.157626 4.5961353 5.1605719 5.4417367 5.615898 5.7381882 5.8180547 5.8494265 5.8456727 5.8107472 5.7579649 5.7665774 5.7994972 5.8208656 5.8108919
6.9018378 7.175892 7.4981439 7.5954923 7.6459206 7.4681386 7.1027242 6.7412667 6.4351428 6.1648416 5.8868358 5.5486371 5.4372835 5.6408454 5.7185618 5.7126591 5.6460838 5.5211779 5.3368912 5.1254831 4.9572008 4.9449187 5.1694583 5.3637303 5.4791866 5.549271 5.5953928 5.6137994 5.6356028 5.6614229 5.6460102 5.603886 5.5282622 5.393481 5.2303298 5.4504975 6.3899492 6.276478 5.8422875 5.6577853 5.5739561 5.4963814 5.3802098 5.1958772 4.9073493 4.5741769 4.8034282 5.2085704 5.4775962 5.6735308 5.8404501 5.9806712 6.0392739 5.9388173 5.9293072 5.9711244 5.9545937 5.9436297 5.9375092 5.9158756
6.8940244 7.0367219 7.3083586 7.4387131 7.3118293 7.1424991 6.9030176 6.6370789 6.3768279 6.1232138 5.8551265 5.5360861 5.4305077 5.6325328 5.7085401 5.6916413 5.6094699 5.4559282 5.1910176 4.8053643 4.7811072 5.0610595 5.250255 5.3774923 5.4530076 5.4934126 5.526808 5.5830534 5.5730715 5.5604505 5.5610036 5.536372 5.4427261 5.1550523 4.3248375 2.9783227 4.0525658 5.2265111 5.5200316 5.5622419 5.5379147 5.4699471 5.3442676 5.1410957 4.9220294 4.9130512 5.0819606 5.3138521 5.5338771 5.7428907 5.9713181 6.2327767 6.4368151 6.3487354 6.2378192 6.203099 6.1267888 6.0772547 6.0560953 6.0353974
6.8679853 6.6867397 6.7025862 7.0307795 7.1072225 6.9951362 6.7966876 6.5665985 6.3285309 6.0860335 5.8409362 5.6465114 5.6075645 5.6713496 5.7063037 5.6761845 5.5834531 5.4181982 5.1159997 4.5177826 4.5090174 5.0425349 5.2741141 5.3744808 5.4138337 5.4122998 5.3885036 5.3843611 5.4063551 5.4445692 5.4840401 5.5002833 5.4588204 5.2192672 4.2200517 2.0877646 3.3907907 4.8625521 5.3532111 5.4963533 5.5116331 5.4543348 5.3203968 5.0486914 4.5839689 4.7330763 5.132427 5.3740054 5.5764648 5.7992674 6.1038744 6.5933871 7.3761293 7.7789642 7.0624658 6.5299822 6.2910063 6.1977558 6.1772918 6.1832849
6.9671729 6.1689867 5.7589556 6.8965424 7.119275 6.9775189 6.7589338 6.5275276 6.2922475 6.0437802 5.7425184 5.3723009 5.4480104 5.6520204 5.7026176 5.6669775 5.5690034 5.4128125 5.210781 4.9902302 4.9682077 5.168079 5.3057073 5.3633593 5.3646941 5.311894 5.177011 4.9814942 5.112961 5.2982901 5.405919 5.4897497 5.5919134 5.7623552 5.7036189 4.7938437 4.6794604 5.1075459 5.3808689 5.4954466 5.5135899 5.4606459 5.3377828 5.1314592 4.8592236 4.9341289 5.2091276 5.4085239 5.5855597 5.806601 6.1541403 6.8054719 8.2267782 9.3300878 7.6940296 6.7367125 6.393435 6.2912273 6.2977324 6.3569557
7.5824011 7.3884764 7.2819963 7.728377 7.427111 7.0547445 6.7616288 6.5097268 6.2679624 6.0210805 5.7415847 5.3800564 5.4547436 5.6634898 5.708375 5.6658517 5.5635468 5.3926387 5.1648324 5.1267447 5.2093833 5.2830877 5.335173 5.3462679 5.3122232 5.2244535 5.0569367 4.842673 4.9695965 5.1666194 5.3176784 5.4608582 5.6893594 6.3494568 7.4356735 6.2171034 5.485431 5.4118248 5.4839414 5.5398915 5.5455399 5.4890378 5.3579935 5.185786 5.1254867 5.1876734 5.3022662 5.4175785 5.5437045 5.7328894 6.060222 6.6021921 7.4044634 7.8874361 7.2255304 6.637687 6.3919038 6.3488227 6.4166495 6.5375162
