Cobbity4/QGIS/2mPRPcom.asc
NCOLS 299
NROWS 220
XLLCORNER 150.661
YLLCORNER -34.0268
CELLSIZE 1e-05
NODATA_VALUE -9999
[rows 104 to 129 of 220, columns 60 to 119 of 299]
8.5987062 8.6006032 8.6026588 8.6048799 8.6072736 8.6098474 8.6126092 8.6155672 8.6187302 8.6221074 8.6257086 8.6295442 8.6336252 8.6379634 8.6425717 8.6474635 8.6526537 8.6581583 8.6639948 8.6701822 8.6767416 8.6836962 8.6910717 8.698897 8.7072043 8.7160301 8.7254156 8.735408 8.7460613 8.7574379 8.76961 8.7826618 8.796692 8.8118167 8.8281735 8.8459261 8.8652717 8.8864514 8.909769 8.9356239 8.9645731 8.9974609 9.0358629 9.084299 9.1571041 9.2514945 9.2541982 9.225818 9.2344507 9.2624603 9.2982633 9.3349355 9.354855 9.3144294 9.3794321 9.6387669 9.9148827 10.253073 10.690431 11.146533
8.5659461 8.5672212 8.5686368 8.570199 8.5719139 8.5737879 8.5758276 8.5780401 8.5804326 8.5830127 8.5857886 8.5887687 8.5919621 8.5953782 8.5990272 8.6029201 8.6070683 8.6114846 8.6161826 8.621177 8.6264841 8.6321219 8.6381102 8.6444711 8.6512296 8.6584139 8.6660561 8.6741931 8.6828678 8.6921301 8.7020392 8.712665 8.7240917 8.7364211 8.7497774 8.7643139 8.7802215 8.7977422 8.8171912 8.8389939 8.8637398 8.8921625 8.9245061 8.9576565 8.98437 9.02335 9.0685226 9.0904661 9.1109879 9.1366322 9.1637159 9.1878206 9.2016816 9.1494647 9.1820384 9.5131856 9.8544209 10.25852 10.696832 10.799877
8.5330481 8.5336961 8.5344667 8.5353647 8.5363952 8.5375636 8.5388751 8.5403356 8.5419508 8.5437267 8.5456697 8.5477863 8.5500834 8.552568 8.5552477 8.5581305 8.5612248 8.5645394 8.5680839 8.5718687 8.5759049 8.5802048 8.5847817 8.5896507 8.5948286 8.6003343 8.6061899 8.6124206 8.6190563 8.6261326 8.6336926 8.6417889 8.6504871 8.6598697 8.6700417 8.6811384 8.6933356 8.7068638 8.7220321 8.7392749 8.7592757 8.7833073 8.8139254 8.854289 8.8933114 8.9018828 8.9283617 8.9582458 8.9837662 9.0060536 9.0207933 9.0191584 9.005396 9.0521407 9.1960913 9.4620839 9.8308613 10.384255 11.434791 11.458488
8.5000281 8.5000451 8.5001662 8.5003954 8.5007369 8.5011948 8.5017732 8.5024764 8.5033088 8.5042748 8.5053788 8.5066255 8.5080193 8.509565 8.5112675 8.5131315 8.515162 8.5173643 8.5197437 8.5223055 8.5250557 8.5280004 8.5311461 8.5345 8.53807 8.5418651 8.5458956 8.550174 8.554715 8.5595372 8.5646643 8.5701273 8.5759672 8.5822401 8.5890227 8.596421 8.604582 8.6137069 8.6240696 8.6360421 8.6501791 8.6676738 8.6927325 8.7406227 8.8269963 8.8425645 8.8201506 8.8343563 8.8564971 8.8731461 8.8735457 8.8299805 8.6602794 8.5271473 8.9637485 9.3809156 9.7914979 10.309654 11.062578 11.084991
8.4669026 8.4662849 8.465753 8.4653099 8.4649586 8.4647022 8.4645435 8.4644855 8.4645309 8.4646826 8.4649431 8.4653149 8.4658005 8.4664019 8.4671212 8.4679601 8.4689201 8.4700024 8.4712078 8.4725369 8.4739898 8.4755661 8.4772652 8.4790857 8.481026 8.4830841 8.4852575 8.4875437 8.4899405 8.4924463 8.4950615 8.4977897 8.5006405 8.5036334 8.5068037 8.5102121 8.513957 8.5181888 8.5231219 8.5290191 8.5360618 8.5438133 8.5499716 8.5538114 8.584098 8.6427205 8.677943 8.7053085 8.7278155 8.7392381 8.7294305 8.6757965 8.4953798 8.2988351 8.8289139 9.3192386 9.7719897 10.289318 10.690643 10.472755
8.4336878 8.4324328 8.4312451 8.4301268 8.42908 8.4281064 8.4272078 8.4263857 8.4256413 8.4249757 8.4243897 8.4238837 8.4234578 8.4231116 8.4228441 8.4226541 8.4225392 8.4224968 8.422523 8.4226132 8.4227615 8.422961 8.423203 8.4234775 8.4237724 8.4240737 8.4243649 8.424627 8.4248383 8.4249739 8.4250064 8.4249059 8.4246411 8.4241826 8.4235072 8.4226066 8.4215012 8.4202595 8.4190179 8.4179863 8.4173565 8.4166039 8.41021 8.3736348 8.3383822 8.4455951 8.5289536 8.5730242 8.5976229 8.6035937 8.5803885 8.5118999 8.4375481 8.5331502 8.8643636 9.3021713 9.7900296 10.400954 11.151312 10.431725
8.4004001 8.3985056 8.3966601 8.3948648 8.3931206 8.3914281 8.3897879 8.3881999 8.3866641 8.3851798 8.3837459 8.3823607 8.381022 8.3797269 8.3784715 8.3772512 8.3760601 8.3748914 8.3737365 8.3725855 8.3714265 8.3702452 8.3690253 8.367747 8.3663874 8.3649197 8.3633122 8.3615277 8.3595227 8.357246 8.3546376 8.3516271 8.348133 8.3440616 8.3393087 8.3337647 8.3273268 8.3199225 8.3115462 8.3023124 8.2926103 8.2839462 8.2819371 8.2945249 8.3045089 8.3442956 8.4017334 8.4439225 8.4671902 8.4672422 8.426201 8.2772713 7.8960355 8.1420786 8.7713329 9.2797868 9.8228642 10.502074 10.584967 10.133272
8.3670555 8.3645203 8.3620159 8.3595424 8.3570998 8.3546877 8.3523052 8.3499511 8.3476236 8.3453205 8.3430388 8.3407748 8.338524 8.3362807 8.3340385 8.3317892 8.3295234 8.32723 8.3248958 8.3225053 8.3200404 8.3174798 8.3147986 8.3119673 8.3089517 8.3057111 8.3021979 8.2983553 8.2941161 8.2893997 8.2841094 8.278128 8.2713133 8.2634915 8.2544515 8.2439401 8.2316641 8.21731 8.2005889 8.1812843 8.1591446 8.1335757 8.1072393 8.1086632 8.1628745 8.2202107 8.2739295 8.3147961 8.3359365 8.3314974 8.2872962 8.1618855 7.8565523 8.0914296 8.7196183 9.2495163 9.8064611 10.423199 10.445524 9.8983894
8.3336701 8.3304936 8.3273299 8.3241781 8.3210371 8.3179055 8.3147812 8.3116616 8.3085435 8.3054229 8.3022952 8.2991545 8.295994 8.2928056 8.2895798 8.2863054 8.2829693 8.2795562 8.276048 8.2724239 8.2686594 8.2647259 8.26059 8.2562124 8.2515468 8.2465388 8.2411235 8.2352239 8.2287473 8.2215817 8.2135903 8.2046039 8.1944109 8.1827433 8.169257 8.1535075 8.134924 8.1127971 8.086323 8.0547652 8.0174934 7.9714527 7.8983221 7.8000182 7.9006151 8.0508672 8.1354946 8.1824193 8.2018044 8.1915447 8.1366633 8.0273386 8.0271184 8.2968409 8.7235477 9.2104145 9.7741775 10.463481 10.085019 9.6447133
8.30026 8.2964423 8.2926195 8.2887899 8.2849514 8.2811014 8.2772368 8.2733536 8.2694471 8.2655119 8.2615414 8.2575277 8.2534619 8.2493335 8.2451299 8.2408369 8.2364376 8.2319128 8.2272396 8.2223918 8.2173386 8.2120441 8.2064664 8.2005561 8.1942549 8.1874942 8.1801919 8.1722497 8.1635489 8.1539447 8.1432582 8.1312654 8.1176805 8.1021315 8.0841229 8.0629792 8.0377605 8.0071513 7.9693759 7.9224356 7.8657841 7.8055419 7.755847 7.7124318 7.7786442 7.9102392 7.9994631 8.0477581 8.0627452 8.0447318 7.9728672 7.7267225 7.6045956 8.1925066 8.6670303 9.1489303 9.7370573 10.099413 9.7843915 9.3985124
8.2668406 8.2623825 8.2579017 8.2533956 8.2488614 8.2442952 8.2396927 8.2350489 8.2303576 8.2256118 8.2208031 8.2159219 8.2109571 8.2058955 8.200722 8.1954193 8.1899671 8.1843418 8.1785162 8.1724586 8.1661322 8.1594939 8.1524933 8.145071 8.137157 8.1286682 8.1195054 8.1095491 8.0986543 8.0866433 8.0732949 8.05833 8.0413885 8.0219945 7.9994986 7.9729827 7.9410922 7.9017381 7.8515627 7.785119 7.6948949 7.5813589 7.500915 7.551708 7.6574444 7.7753553 7.8651187 7.9107284 7.9153688 7.8811457 7.8173199 7.7507015 7.7980337 8.1667698 8.581433 9.0352647 9.6832507 10.265554 9.5484227 9.1444369
8.2334274 8.2283303 8.2231932 8.2180129 8.2127853 8.2075058 8.202169 8.1967686 8.1912972 8.1857461 8.1801054 8.1743637 8.1685076 8.1625219 8.1563887 8.1500876 8.1435951 8.1368836 8.1299216 8.1226723 8.1150927 8.1071329 8.0987343 8.0898277 8.0803318 8.0701493 8.0591641 8.047236 8.0341943 8.019829 8.0038782 7.9860102 7.9657955 7.9426636 7.9158302 7.8841687 7.8459707 7.7984628 7.7367256 7.650884 7.5177182 7.2793209 6.8969729 6.931247 7.36825 7.6148315 7.7298782 7.7719775 7.7588981 7.6813545 7.5058981 7.4266148 7.7477625 8.1049755 8.4635532 8.8809263 9.3629274 9.39457 9.1360253 8.8665858
8.2000354 8.1943013 8.1885104 8.1826585 8.1767409 8.170752 8.1646853 8.1585333 8.1522874 8.1459377 8.1394725 8.1328786 8.1261409 8.1192417 8.1121609 8.1048751 8.0973576 8.0895772 8.0814981 8.0730785 8.0642701 8.0550161 8.04525 8.0348937 8.0238544 8.0120218 7.9992633 7.985419 7.9702933 7.9536457 7.9351756 7.9145028 7.8911363 7.8644269 7.8334886 7.7970591 7.7532381 7.6989591 7.6288374 7.5322922 7.3839507 7.1025806 6.5174877 6.5275743 7.1800486 7.4853779 7.6049349 7.6347327 7.6005168 7.4900368 7.1776019 6.8295134 7.5080328 7.9664778 8.2925535 8.6460055 9.3578449 9.1841486 8.7965121 8.5915051
8.1666794 8.1603109 8.153869 8.1473491 8.1407454 8.1340516 8.1272602 8.1203627 8.1133492 8.1062084 8.0989274 8.0914912 8.0838829 8.0760827 8.0680682 8.0598135 8.0512886 8.0424591 8.0332852 8.0237206 8.0137115 8.003195 7.9920975 7.9803319 7.9677953 7.9543647 7.9398924 7.9241994 7.9070672 7.8882261 7.8673395 7.8439822 7.8176086 7.7875052 7.7527158 7.7119149 7.6631815 7.6035634 7.5282256 7.4290929 7.2950888 7.1220206 6.9366949 6.9636807 7.2246002 7.413301 7.4955695 7.499223 7.4343789 7.3072366 7.1864259 7.2032967 7.5143628 7.8368846 8.0818137 8.2343402 8.1983146 8.492757 8.4466911 8.3269911
8.1333736 8.1263737 8.1192845 8.1121005 8.1048154 8.097422 8.089912 8.0822756 8.0745022 8.0665791 8.0584921 8.0502247 8.0417581 8.033071 8.0241385 8.0149324 8.00542 7.9955637 7.98532 7.9746385 7.9634605 7.9517175 7.9393291 7.9262004 7.9122188 7.8972501 7.8811323 7.8636692 7.8446205 7.8236894 7.8005048 7.7745987 7.7453729 7.7120536 7.6736241 7.628724 7.5754876 7.5112679 7.4320594 7.3309064 7.194394 7.0199053 6.9676476 7.1044715 7.2513284 7.3551063 7.3935137 7.3643508 7.252902 6.9867111 6.6796649 7.0729639 7.4515873 7.6941313 7.8506327 7.9721708 8.0713574 8.1311507 8.144146 8.0819767
8.1001318 8.0925041 8.0847715 8.0769281 8.0689669 8.0608798 8.0526577 8.0442902 8.0357654 8.0270696 8.0181874 8.0091009 7.9997898 7.990231 7.9803978 7.9702596 7.9597814 7.9489226 7.9376365 7.9258689 7.9135568 7.9006266 7.886992 7.8725509 7.8571824 7.8407418 7.8230548 7.8039093 7.7830453 7.7601404 7.7347903 7.7064836 7.6745656 7.6381911 7.5962602 7.5473318 7.489509 7.4203166 7.3366878 7.2349565 7.105322 6.9089802 6.840033 7.0730224 7.2197949 7.2871378 7.2906968 7.2297766 7.0957309 6.818285 6.4045494 6.9254892 7.3467499 7.5376846 7.5876643 7.4739478 7.6079656 7.8290544 7.8966116 7.8679615
8.0669675 8.0587158 8.0503444 8.0418467 8.033215 8.0244407 8.0155139 8.0064235 7.9971565 7.9876984 7.9780326 7.9681401 7.9579993 7.9475853 7.9368698 7.9258203 7.9143995 7.9025643 7.8902652 7.8774446 7.8640358 7.8499606 7.8351275 7.8194286 7.8027354 7.7848944 7.7657205 7.7449881 7.7224193 7.6976683 7.6702992 7.6397553 7.6053172 7.5660459 7.520706 7.467665 7.4047507 7.3290311 7.2366637 7.1251584 7.0093564 6.9432658 6.9671945 7.0794019 7.1752757 7.2119673 7.1845851 7.0824717 6.8966283 6.7479839 6.8175572 7.0507477 7.2815014 7.3890882 7.3756339 7.263248 7.3677575 7.6032893 7.6970477 7.6858964
8.0338933 8.025022 8.0160167 8.0068701 7.9975741 7.9881196 7.978496 7.9686913 7.9586921 7.9484828 7.9380459 7.9273613 7.9164062 7.9051545 7.8935762 7.8816373 7.8692984 7.8565144 7.8432332 7.8293944 7.814928 7.7997521 7.7837708 7.7668711 7.7489185 7.7297523 7.7091783 7.6869596 7.6628038 7.636345 7.6071179 7.5745215 7.5377652 7.4957916 7.4471666 7.3899285 7.3213715 7.2375869 7.1316742 6.9869063 6.7767103 6.6655071 6.870211 7.0355341 7.1181895 7.1334533 7.0802352 6.9348206 6.5884678 6.1113769 6.6371604 7.0329109 7.2124708 7.242381 7.0811672 6.9545165 7.2395634 7.4500603 7.5396543 7.5249655
8.0009218 7.9914354 7.9818013 7.9720116 7.9620579 7.9519305 7.9416182 7.9311087 7.9203875 7.9094386 7.8982436 7.8867815 7.8750284 7.8629571 7.8505365 7.8377309 7.8244995 7.8107952 7.7965639 7.7817428 7.7662592 7.7500282 7.7329504 7.7149085 7.6957633 7.6753486 7.6534633 7.6298622 7.6042416 7.5762205 7.5453104 7.5108724 7.4720484 7.4276532 7.3760045 7.3146652 7.2401083 7.147444 7.0301196 6.8733516 6.6167233 6.426558 6.7568974 6.9742885 7.0560363 7.0556345 6.9818544 6.8288527 6.5795108 6.3220546 6.672906 7.0067021 7.1539958 7.1455746 6.8503365 6.4645787 7.0595953 7.334008 7.4155398 7.3821056
7.9680646 7.957968 7.9477104 7.9372838 7.9266792 7.9158865 7.9048942 7.8936893 7.8822569 7.8705804 7.8586407 7.8464161 7.8338818 7.8210097 7.8077676 7.7941188 7.7800209 7.7654255 7.7502767 7.73451 7.7180503 7.7008103 7.682688 7.6635628 7.6432921 7.6217055 7.5985972 7.5737166 7.5467535 7.5173175 7.4849073 7.4488611 7.4082752 7.3618644 7.3077105 7.2428055 7.1622581 7.0583405 6.9222885 6.7631846 6.6475061 6.6496187 6.7979785 6.9395678 7.0000863 6.9826577 6.8815485 6.6689328 6.4316036 6.5477752 6.7995821 7.0081746 7.1204007 7.132403 7.0565154 6.9978315 7.1435152 7.2787907 7.3210478 7.2699718
7.9353329 7.9246312 7.9137557 7.9026984 7.8914498 7.8799997 7.8683361 7.8564457 7.8443132 7.8319213 7.8192506 7.8062787 7.7929803 7.7793265 7.7652842 7.7508158 7.7358779 7.7204209 7.7043876 7.6877119 7.6703172 7.6521143 7.632999 7.6128485 7.5915177 7.5688335 7.5445874 7.5185259 7.4903362 7.4596262 7.4258932 7.3884749 7.3464645 7.2985556 7.2427376 7.1756418 7.0910082 6.9757305 6.7999436 6.5131872 6.2745731 6.5215113 6.774522 6.9063467 6.9512948 6.9206307 6.8020949 6.506496 5.9288343 6.3439555 6.7962126 6.9983434 7.096353 7.1241268 7.105965 7.1278729 7.1874846 7.2397642 7.2415031 7.1719277
7.9027374 7.8914356 7.879948 7.8682663 7.856381 7.8442813 7.8319554 7.8193893 7.8065677 7.793473 7.7800851 7.7663814 7.7523361 7.7379197 7.7230986 7.7078343 7.6920829 7.6757938 7.6589087 7.6413605 7.6230713 7.6039506 7.5838925 7.5627728 7.5404446 7.5167331 7.4914283 7.4642758 7.4349633 7.4031019 7.3681984 7.3296115 7.2864793 7.2375857 7.1810913 7.1139276 7.0302544 6.9167465 6.7346803 6.3633995 5.92229 6.374521 6.7376466 6.8761607 6.910091 6.8705003 6.760238 6.588125 6.4169886 6.5721192 6.830452 6.9857361 7.0686811 7.1058002 7.1126247 7.134912 7.1735844 7.1928075 7.1644544 7.0499936
7.8702882 7.8583914 7.8462974 7.8339977 7.8214827 7.8087416 7.7957621 7.7825304 7.7690308 7.7552455 7.7411543 7.7267342 7.7119592 7.6967993 7.6812205 7.6651841 7.6486453 7.6315531 7.6138485 7.5954635 7.5763194 7.5563246 7.5353722 7.5133366 7.4900699 7.4653957 7.4391034 7.4109381 7.3805886 7.347671 7.3117045 7.2720783 7.2280019 7.1784259 7.1219047 7.0563183 6.9782763 6.882083 6.7586202 6.5920123 6.4544681 6.5908154 6.7712947 6.861709 6.8772188 6.8263334 6.6918815 6.4838254 6.5354676 6.7153986 6.8619242 6.9641457 7.0308005 7.075915 7.0935227 7.112897 7.1358694 7.139752 7.0965888 6.9509527
7.8379948 7.8255081 7.8128133 7.799902 7.7867644 7.7733897 7.7597655 7.745878 7.7317114 7.7172478 7.7024669 7.6873456 7.6718577 7.6559731 7.6396577 7.6228723 7.6055719 7.587705 7.5692124 7.5500253 7.5300644 7.5092375 7.4874366 7.4645353 7.4403842 7.414806 7.3875884 7.3584753 7.3271548 7.2932437 7.2562668 7.2156311 7.170596 7.1202494 7.0635222 6.9993199 6.9269046 6.8468012 6.7653966 6.7131028 6.7032138 6.7412221 6.809887 6.8528041 6.850682 6.796419 6.6622035 6.3946016 6.495636 6.7378764 6.8544491 6.9156483 6.9643848 7.0625689 7.0748676 7.0601421 7.081396 7.0836905 7.0432709 6.9376691
7.8058661 7.7927945 7.7795046 7.7659878 7.7522345 7.7382339 7.7239737 7.70944 7.6946171 7.6794871 7.6640299 7.6482223 7.632038 7.6154472 7.5984154 7.5809036 7.5628666 7.5442527 7.5250023 7.5050466 7.4843055 7.4626863 7.4400802 7.4163596 7.391374 7.3649439 7.3368546 7.3068464 7.2746023 7.2397317 7.2017486 7.1600443 7.1138569 7.0622533 7.004189 6.9388872 6.8672694 6.7954894 6.7366382 6.7022036 6.723697 6.7732227 6.8168489 6.8375375 6.8247788 6.7736537 6.6922792 6.6304765 6.6686624 6.7652764 6.8229981 6.8249519 6.786514 6.818943 6.9117176 6.971134 7.0155752 7.0253636 6.9866468 6.8927223
7.7739105 7.7602588 7.7463791 7.7322629 7.7179007 7.7032816 7.6883937 7.673223 7.6577542 7.6419695 7.6258487 7.6093692 7.5925046 7.5752252 7.5574969 7.5392804 7.5205309 7.5011966 7.4812177 7.4605252 7.4390387 7.4166648 7.393294 7.3687973 7.3430222 7.3157867 7.2868718 7.2560112 7.2228777 7.1870631 7.1480514 7.1051779 7.0575717 7.004067 6.9430767 6.8725006 6.790563 6.7031597 6.6490293 6.6688487 6.7106627 6.7624702 6.8011326 6.8136731 6.7951369 6.7365611 6.616898 6.5724318 6.6931571 6.7623465 6.7762938 6.7093786 6.4579665 6.220652 6.6348848 6.8602453 6.9476904 6.9693289 6.927221 6.7685004
