Cobbity4/QGIS/2mPRPcom.asc
NCOLS 299
NROWS 220
XLLCORNER 150.661
YLLCORNER -34.0268
CELLSIZE 1e-05
NODATA_VALUE -9999
[rows 156 to 181 of 220, columns 180 to 239 of 299]
6.1515383 6.1328362 6.1189791 6.0954273 6.047444 5.9521537 5.7585327 5.3755163 5.1283749 5.4717354 5.8071788 6.0190533 6.1677907 6.2853037 6.3849629 6.4729426 6.5525128 6.6256173 6.6935192 6.757098 6.8169993 6.8737173 6.9276419 6.9790876 7.028313 7.0755332 7.120929 7.1646539 7.2068391 7.2475975 7.2870272 7.3252135 7.3622313 7.398147 7.4330195 7.4669014 7.4998402 7.5318788 7.5630562 7.5934082 7.6229676 7.6517649 7.6798283 7.7071842 7.733857 7.7598702 7.7852453 7.8100031 7.8341631 7.8577439 7.8807631 7.9032377 7.9251837 7.9466166 7.9675513 7.9880018 8.0079818 8.0275045 8.0465825 8.0652279
6.2110497 6.1649613 6.1408325 6.1159827 6.0783167 6.0215266 5.9493574 5.8525004 5.7540209 5.8101177 5.9536303 6.0922958 6.2099394 6.3109196 6.4001919 6.4809859 6.555305 6.6244424 6.6892811 6.7504583 6.808455 6.8636484 6.9163427 6.9667889 7.0151969 7.0617449 7.1065853 7.1498494 7.1916512 7.2320901 7.2712534 7.3092181 7.3460524 7.3818171 7.4165668 7.4503505 7.4832126 7.5151937 7.5463305 7.5766572 7.606205 7.635003 7.6630783 7.6904563 7.7171605 7.7432134 7.7686361 7.7934484 7.8176693 7.8413169 7.8644084 7.88696 7.9089875 7.9305061 7.9515299 7.9720731 7.9921487 8.0117698 8.0309486 8.0496971
6.2211344 6.176056 6.1506019 6.1287009 6.102354 6.0733495 6.066363 6.0789216 6.0185798 6.0111213 6.0738044 6.1616187 6.251309 6.3361441 6.4152065 6.4890172 6.5582833 6.6236211 6.6855265 6.744396 6.8005521 6.8542614 6.9057487 6.9552056 7.0027978 7.0486692 7.0929456 7.1357379 7.1771438 7.2172499 7.2561333 7.2938628 7.3305 7.3661005 7.4007143 7.434387 7.46716 7.4990712 7.5301555 7.5604451 7.5899698 7.6187573 7.6468334 7.6742225 7.7009474 7.7270295 7.7524892 7.7773458 7.8016177 7.8253222 7.8484761 7.8710952 7.8931949 7.9147898 7.9358939 7.9565207 7.9766834 7.9963943 8.0156656 8.034509
6.2064888 6.1707895 6.1486437 6.1313562 6.1133505 6.095927 6.0902783 6.0945533 6.0844939 6.1000286 6.1475677 6.2131774 6.2852966 6.3578649 6.4284052 6.4961152 6.5608615 6.6227503 6.681962 6.7386902 6.7931204 6.8454235 6.8957549 6.9442548 6.9910496 7.0362531 7.0799676 7.1222853 7.1632893 7.2030544 7.2416482 7.2791319 7.315561 7.3509858 7.3854523 7.4190025 7.4516748 7.4835049 7.5145254 7.5447668 7.5742573 7.6030233 7.6310896 7.6584793 7.6852143 7.7113154 7.736802 7.761693 7.7860059 7.8097576 7.8329644 7.8556417 7.8778043 7.8994665 7.920642 7.9413439 7.961585 7.9813774 8.0007331 8.0196633
6.1935949 6.1543578 6.1356857 6.1230572 6.1096519 6.0948619 6.0870289 6.0931991 6.1102859 6.1425215 6.1895839 6.2469849 6.3098 6.37441 6.4386927 6.5015711 6.5625633 6.6214944 6.6783413 6.7331538 6.7860146 6.8370201 6.8862703 6.9338634 6.9798934 7.0244489 7.0676122 7.1094596 7.1500612 7.1894816 7.2277798 7.2650101 7.3012222 7.3364619 7.370771 7.4041883 7.4367496 7.4684879 7.499434 7.5296167 7.5590625 7.5877966 7.6158426 7.6432227 7.6699578 7.6960678 7.7215716 7.7464871 7.7708315 7.794621 7.8178714 7.8405977 7.8628143 7.884535 7.9057731 7.9265415 7.9468526 7.9667183 7.9861502 8.0051594
6.1595277 6.1238209 6.1117337 6.1044604 6.0928205 6.0685614 6.0395173 6.0644263 6.1137025 6.1610722 6.2117595 6.2670324 6.3255358 6.3855323 6.4456555 6.5050154 6.5630958 6.6196267 6.6744881 6.7276477 6.7791235 6.8289613 6.8772215 6.9239712 6.9692797 7.0132157 7.0558456 7.0972325 7.1374359 7.1765114 7.2145109 7.2514826 7.287471 7.3225175 7.3566606 7.3899359 7.4223765 7.4540133 7.4848751 7.514989 7.5443802 7.5730724 7.6010883 7.6284488 7.6551742 7.6812835 7.7067948 7.7317254 7.7560919 7.77991 7.803195 7.8259613 7.848223 7.8699934 7.8912857 7.9121122 7.9324851 7.952416 7.9719162 7.9909966
6.0872106 6.0768986 6.0773231 6.0773608 6.0703746 6.0462162 6.0037048 6.0390841 6.1083018 6.1666015 6.2215633 6.2772357 6.3341665 6.3917982 6.4494066 6.5063976 6.562361 6.6170438 6.6703069 6.7220882 6.7723751 6.8211854 6.8685558 6.9145331 6.9591699 7.0025205 7.0446394 7.0855797 7.1253923 7.1641258 7.201826 7.2385357 7.2742952 7.3091422 7.3431117 7.3762367 7.408548 7.4400742 7.4708424 7.5008781 7.5302051 7.5588459 7.586822 7.6141535 7.6408597 7.6669588 7.6924683 7.7174049 7.7417843 7.7656221 7.7889327 7.8117303 7.8340284 7.8558402 7.8771782 7.8980546 7.9184812 7.9384694 7.9580301 7.977174
5.9970305 6.0188909 6.0344295 6.0419341 6.0405118 6.0348076 6.0344863 6.0598943 6.110928 6.1674637 6.2240598 6.2806524 6.3373903 6.3940753 6.4503577 6.505896 6.5604225 6.6137544 6.6657812 6.7164477 6.7657374 6.81366 6.860242 6.9055203 6.9495375 6.9923393 7.0339721 7.0744819 7.1139133 7.1523095 7.1897112 7.2261571 7.2616839 7.2963258 7.3301153 7.3630827 7.3952565 7.4266637 7.4573296 7.4872781 7.5165318 7.5451121 7.5730393 7.6003326 7.6270104 7.6530903 7.6785889 7.7035224 7.727906 7.7517545 7.775082 7.7979024 7.8202286 7.8420733 7.8634489 7.8843671 7.9048395 7.9248771 7.9444906 7.9636905
5.9103962 5.9572191 5.9859134 5.9985023 5.9930775 5.9767039 5.9962318 6.0480042 6.1043833 6.1626463 6.2211565 6.2791906 6.3365876 6.3932512 6.4490463 6.5038249 6.5574593 6.609857 6.6609617 6.7107483 6.7592159 6.8063805 6.8522699 6.8969192 6.9403677 6.9826569 7.0238287 7.0639247 7.1029854 7.1410497 7.1781548 7.214336 7.249627 7.2840593 7.3176628 7.3504658 7.3824949 7.4137752 7.4443305 7.4741834 7.5033551 7.531866 7.5597354 7.5869816 7.6136222 7.639674 7.665153 7.6900746 7.7144537 7.7383044 7.7616405 7.7844751 7.8068211 7.8286907 7.8500958 7.871048 7.8915583 7.9116377 7.9312966 7.9505451
5.8318484 5.8956864 5.9337627 5.9507654 5.9451116 5.908326 5.9310839 6.0139172 6.0863406 6.15154 6.213764 6.2741001 6.3328511 6.390146 6.4460445 6.5005684 6.5537235 6.6055144 6.6559515 6.7050537 6.7528479 6.7993669 6.8446479 6.8887308 6.9316566 6.9734664 7.0142006 7.0538987 7.0925985 7.1303364 7.167147 7.203063 7.2381156 7.2723341 7.3057464 7.3383787 7.3702561 7.401402 7.4318389 7.461588 7.4906695 7.5191026 7.5469057 7.5740962 7.600691 7.6267061 7.6521569 7.6770582 7.7014243 7.7252689 7.7486052 7.771446 7.7938036 7.8156901 7.8371169 7.8580952 7.8786359 7.8987496 7.9184464 7.9377362
5.7586538 5.8349952 5.8768116 5.893567 5.9002845 5.9091322 5.9321644 5.9943873 6.0669977 6.1369938 6.2033157 6.2665305 6.3271452 6.3855235 6.4419265 6.4965426 6.5495093 6.600931 6.6508906 6.6994583 6.7466956 6.7926587 6.8373999 6.8809681 6.9234097 6.9647681 7.0050847 7.0443984 7.0827461 7.1201624 7.1566801 7.1923302 7.2271418 7.2611426 7.2943585 7.3268143 7.3585334 7.3895379 7.4198489 7.4494864 7.4784696 7.5068168 7.5345453 7.5616718 7.5882124 7.6141825 7.6395968 7.6644695 7.6888144 7.7126447 7.7359732 7.7588121 7.7811736 7.8030691 7.8245099 7.8455068 7.8660704 7.886211 7.9059384 7.9252625
5.6931614 5.7759755 5.8135651 5.8129011 5.789311 5.8128145 5.8875088 5.9660372 6.0448644 6.120338 6.1911311 6.2575888 6.3203828 6.380115 6.4372591 6.4921743 6.5451313 6.5963347 6.6459418 6.6940764 6.7408382 6.7863098 6.8305612 6.8736533 6.9156395 6.9565681 6.9964823 7.0354221 7.0734241 7.1105221 7.1467479 7.1821309 7.2166989 7.2504779 7.2834925 7.3157659 7.3473203 7.3781764 7.4083543 7.4378728 7.46675 7.4950033 7.5226493 7.5497038 7.5761822 7.6020992 7.6274689 7.652305 7.6766207 7.7004287 7.7237414 7.7465708 7.7689283 7.7908252 7.8122724 7.8332805 7.8538596 7.8740199 7.8937709 7.9131222
5.640992 5.7194361 5.7465495 5.7261701 5.6436125 5.6513237 5.80203 5.9225313 6.0183062 6.1022606 6.1783487 6.248335 6.3134478 6.3746291 6.4325958 6.4878875 6.5409083 6.5919617 6.6412778 6.6890329 6.7353647 6.7803823 6.8241744 6.8668143 6.9083639 6.9488764 6.9883982 7.0269706 7.0646306 7.1014119 7.1373453 7.1724593 7.2067804 7.2403335 7.2731417 7.3052271 7.3366105 7.3673117 7.3973494 7.4267415 7.4555053 7.4836572 7.5112129 7.5381876 7.5645959 7.5904519 7.6157692 7.6405608 7.6648395 7.6886175 7.7119068 7.7347189 7.7570649 7.7789558 7.800402 7.8214139 7.8420015 7.8621743 7.8819419 7.9013135
5.6023299 5.6623297 5.6684835 5.6496061 5.6308129 5.6508405 5.7627127 5.8858281 5.992568 6.0848284 6.1663696 6.2398729 6.3072163 6.3697527 6.4284692 6.4840899 6.5371492 6.5880437 6.6370703 6.6844537 6.730366 6.7749411 6.8182848 6.8604822 6.901603 6.9417054 6.9808389 7.0190463 7.0563652 7.0928292 7.1284684 7.1633105 7.1973809 7.2307035 7.2633001 7.2951917 7.326398 7.3569376 7.3868283 7.416087 7.4447301 7.4727731 7.500231 7.5271183 7.5534489 7.5792363 7.6044935 7.629233 7.6534671 7.6772076 7.7004659 7.7232533 7.7455804 7.767458 7.788896 7.8099047 7.8304935 7.850672 7.8704494 7.8898346
5.574507 5.600108 5.5492515 5.4617333 5.4679407 5.5827753 5.719027 5.852988 5.9702685 6.0702459 6.1567663 6.2333523 6.3025496 6.3661387 6.4253755 6.4811588 6.5341396 6.5847952 6.6334795 6.6804571 6.7259289 6.7700488 6.8129368 6.8546874 6.895377 6.9350677 6.9738114 7.0116521 7.0486278 7.0847716 7.1201133 7.1546796 7.188495 7.221582 7.2539617 7.2856537 7.3166767 7.3470482 7.3767852 7.4059036 7.4344189 7.4623458 7.4896987 7.5164912 7.5427367 7.5684481 7.5936377 7.6183177 7.6424998 7.6661953 7.6894154 7.7121707 7.7344718 7.7563289 7.7777517 7.7987501 7.8193334 7.8395107 7.8592912 7.8786833
5.5594519 5.5413414 5.3958392 5.0745922 4.9762349 5.3528808 5.6376634 5.8192078 5.953143 6.0606389 6.1511243 6.2298922 6.3002496 6.3643747 6.4237527 6.4794229 6.532127 6.5824026 6.6306447 6.6771467 6.7221293 6.7657604 6.8081693 6.849457 6.8897039 6.9289744 6.9673218 7.0047904 7.0414179 7.077237 7.1122765 7.1465622 7.1801174 7.2129635 7.2451205 7.276607 7.3074405 7.3376377 7.3672143 7.3961856 7.4245662 7.4523701 7.4796108 7.5063014 7.5324546 7.5580827 7.5831975 7.6078107 7.6319336 7.655577 7.6787516 7.7014679 7.7237359 7.7455654 7.7669661 7.7879474 7.8085184 7.828688 7.8484648 7.8678575
5.5608481 5.5085295 5.3307037 4.9485441 4.8148909 5.2654811 5.5990216 5.8034808 5.9470158 6.0586396 6.1509606 6.2304715 6.3009884 6.3649408 6.4239523 6.4791439 6.5313075 6.5810129 6.6286761 6.6746044 6.7190276 6.7621196 6.8040134 6.8448123 6.8845975 6.9234339 6.9613742 6.998462 7.0347342 7.0702222 7.1049537 7.138953 7.1722424 7.204842 7.2367706 7.2680455 7.2986834 7.3286998 7.3581097 7.3869274 7.4151666 7.4428405 7.4699622 7.4965439 7.5225977 7.5481355 7.5731685 7.5977079 7.6217644 7.6453487 7.668471 7.6911412 7.7133692 7.7351644 7.7565363 7.7774938 7.7980458 7.8182011 7.837968 7.8573548
5.5757453 5.4904864 5.3345783 5.1919917 5.1946575 5.4017039 5.634986 5.8175006 5.956265 6.0662107 6.1573527 6.2357672 6.3052247 6.368162 6.4262114 6.4804977 6.5318131 6.5807255 6.6276482 6.6728855 6.7166643 6.7591554 6.8004893 6.8407666 6.8800661 6.9184502 6.9559697 6.992666 7.0285739 7.0637233 7.0981399 7.1318467 7.1648642 7.1972114 7.2289055 7.259963 7.2903992 7.3202287 7.3494655 7.378123 7.4062142 7.4337517 7.4607475 7.4872136 7.5131613 7.5386018 7.5635461 7.5880048 7.6119883 7.6355066 7.6585696 7.6811871 7.7033683 7.7251227 7.746459 7.7673862 7.7879129 7.8080474 7.827798 7.8471728
5.6021341 5.4534698 5.1628955 4.9971181 5.2368793 5.4894471 5.6912048 5.8520764 5.9797971 6.0835256 6.1705905 6.2460186 6.3131392 6.3741738 6.4306323 6.4835622 6.5337031 6.5815855 6.6275949 6.6720152 6.7150574 6.7568803 6.7976049 6.8373242 6.8761108 6.9140225 6.9511056 6.9873982 7.0229322 7.0577346 7.0918292 7.1252368 7.1579764 7.190065 7.2215189 7.2523529 7.2825814 7.3122179 7.3412754 7.3697666 7.3977035 7.425098 7.4519615 7.4783053 7.5041402 7.5294769 7.5543259 7.5786972 7.6026008 7.6260465 7.6490437 7.6716018 7.6937298 7.7154367 7.7367311 7.7576216 7.7781166 7.7982242 7.8179523 7.8373089
5.6568115 5.4705532 5.0376667 4.7358199 5.1917319 5.5450354 5.7527478 5.8997516 6.0148581 6.1095591 6.190246 6.2610201 6.324621 6.3829109 6.4371747 6.4883118 6.5369609 6.5835816 6.6285082 6.6719871 6.7142014 6.7552889 6.7953546 6.8344792 6.8727258 6.9101444 6.9467753 6.9826519 7.0178019 7.0522491 7.0860144 7.1191163 7.1515716 7.1833959 7.2146037 7.2452085 7.2752235 7.3046611 7.3335334 7.361852 7.3896284 7.4168737 7.4435986 7.4698137 7.4955295 7.5207559 7.545503 7.5697804 7.5935978 7.6169643 7.6398893 7.6623815 7.6844499 7.706103 7.7273492 7.7481968 7.7686539 7.7887284 7.8084281 7.8277605
5.7498397 5.6174409 5.4007614 5.2659451 5.4477956 5.6719171 5.8367915 5.9604302 6.0595486 6.1429078 6.2154308 6.2802072 6.3392987 6.3941211 6.4456626 6.4946213 6.5414962 6.5866477 6.6303389 6.672764 6.7140675 6.7543584 6.7937199 6.8322162 6.8698974 6.9068038 6.942968 6.978417 7.0131736 7.0472577 7.0806868 7.1134768 7.1456421 7.1771965 7.2081526 7.2385227 7.2683185 7.2975516 7.3262328 7.3543732 7.3819831 7.4090731 7.4356533 7.4617336 7.4873239 7.5124338 7.5370727 7.5612499 7.5849747 7.6082558 7.6311021 7.6535223 7.6755248 7.6971179 7.7183097 7.7391083 7.7595215 7.779557 7.7992223 7.8185247
5.8539494 5.7442938 5.6593984 5.6539535 5.7176619 5.8283751 5.9375568 6.0313755 6.1116061 6.1818729 6.2449511 6.302753 6.3565954 6.4073963 6.4558035 6.5022785 6.5471532 6.5906684 6.6330007 6.6742806 6.7146057 6.75405 6.7926701 6.8305102 6.8676053 6.9039837 6.9396688 6.9746804 7.0090356 7.0427498 7.0758367 7.1083092 7.1401793 7.1714585 7.2021578 7.2322879 7.2618594 7.2908825 7.3193673 7.3473237 7.3747615 7.4016904 7.4281199 7.4540594 7.4795182 7.5045054 7.5290301 7.553101 7.576727 7.5999165 7.6226782 7.6450202 7.6669507 7.6884777 7.7096092 7.7303529 7.7507163 7.7707069 7.790332 7.8095988
5.9701479 5.7893724 5.6 5.7491076 5.8812644 5.9667987 6.040387 6.1070872 6.168049 6.2244682 6.2774036 6.327653 6.3757873 6.4222114 6.4672139 6.5110013 6.5537231 6.5954881 6.6363766 6.6764483 6.7157482 6.7543111 6.792164 6.8293287 6.8658231 6.9016623 6.9368595 6.9714266 7.0053745 7.0387134 7.0714533 7.1036037 7.1351739 7.1661734 7.1966112 7.2264966 7.2558388 7.2846469 7.3129299 7.340697 7.3679572 7.3947194 7.4209926 7.4467855 7.472107 7.4969657 7.5213701 7.5453288 7.56885 7.5919421 7.614613 7.6368709 7.6587235 7.6801787 7.701244 7.7219269 7.7422347 7.7621747 7.7817541 7.8009796
6.1685917 6.0542881 5.8931858 5.955955 6.0446271 6.0982961 6.1416458 6.1837164 6.2260569 6.2686498 6.3112907 6.3538051 6.3960626 6.4379676 6.4794505 6.5204603 6.56096 6.6009222 6.6403273 6.6791612 6.717414 6.7550791 6.7921527 6.8286329 6.8645196 6.8998141 6.934519 6.9686378 7.0021748 7.0351352 7.0675246 7.0993494 7.1306162 7.161332 7.1915044 7.2211408 7.2502492 7.2788376 7.306914 7.3344867 7.3615641 7.3881542 7.4142656 7.4399064 7.4650849 7.4898094 7.5140879 7.5379285 7.5613392 7.5843279 7.6069024 7.6290703 7.6508393 7.6722168 7.6932102 7.7138266 7.7340733 7.7539572 7.7734853 7.7926641
6.4495667 6.5344404 6.4131705 6.276457 6.2368765 6.2321988 6.2410248 6.2587782 6.2832018 6.3124624 6.345115 6.3800815 6.4165769 6.4540338 6.4920416 6.5303022 6.5685982 6.6067701 6.6447007 6.6823033 6.7195138 6.7562851 6.7925823 6.8283802 6.8636608 6.8984117 6.9326247 6.966295 6.9994204 7.032001 7.0640383 7.0955353 7.1264959 7.1569252 7.1868286 7.2162123 7.2450829 7.2734472 7.3013125 7.3286861 7.3555756 7.3819886 7.4079329 7.4334162 7.4584464 7.4830311 7.507178 7.530895 7.5541896 7.5770693 7.5995416 7.621614 7.6432938 7.6645881 7.685504 7.7060485 7.7262286 7.7460509 7.7655223 7.7846492
6.6705166 6.7950038 6.6955178 6.5164944 6.4125343 6.3591315 6.3348641 6.3294638 6.3371405 6.354038 6.3774342 6.4053861 6.4365033 6.4697876 6.5045185 6.5401734 6.5763704 6.612829 6.6493421 6.685756 6.7219564 6.7578579 6.793397 6.8285265 6.8632114 6.8974263 6.9311528 6.9643783 6.9970945 7.0292963 7.0609815 7.0921499 7.1228029 7.1529434 7.1825751 7.2117029 7.240332 7.2684684 7.2961183 7.3232883 7.3499853 7.3762163 7.4019886 7.4273093 7.4521857 7.4766254 7.5006354 7.5242233 7.5473963 7.5701616 7.5925263 7.6144977 7.6360827 7.6572884 7.6781214 7.6985886 7.7186967 7.7384523 7.7578617 7.7769314
