Cobbity4/QGIS/AVE18_9000.asc
NCOLS 600
NROWS 390
XLLCORNER 150.661
YLLCORNER -34.0278
CELLSIZE 1e-05
NODATA_VALUE -9999
[rows 234 to 259 of 390, columns 240 to 299 of 600]
3.3091711 3.3098358 3.3104638 3.311057 3.311617 3.3121453 3.3126434 3.3131128 3.3135547 3.3139706 3.3143615 3.3147286 3.3150731 3.315396 3.3156984 3.3159811 3.3162451 3.3164912 3.3167203 3.3169332 3.3171307 3.3173134 3.317482 3.3176373 3.3177797 3.3179101 3.3180288 3.3181364 3.3182335 3.3183206 3.3183981 3.3184665 3.3185263 3.3185778 3.3186214 3.3186576 3.3186867 3.318709 3.3187248 3.3187345 3.3187385 3.3187368 3.31873 3.3187181 3.3187015 3.3186805 3.3186551 3.3186258 3.3185926 3.3185557 3.3185155 3.318472 3.3184254 3.3183759 3.3183237 3.3182689 3.3182117 3.3181521 3.3180904 3.3180267
3.3075835 3.3082866 3.3089521 3.3095816 3.3101769 3.3107396 3.3112711 3.311773 3.3122466 3.3126932 3.313114 3.3135103 3.3138832 3.3142337 3.3145629 3.3148718 3.3151612 3.3154322 3.3156855 3.3159219 3.3161423 3.3163473 3.3165377 3.3167141 3.3168773 3.3170277 3.317166 3.3172928 3.3174085 3.3175137 3.317609 3.3176946 3.3177712 3.3178391 3.3178987 3.3179505 3.3179947 3.3180319 3.3180622 3.318086 3.3181037 3.3181155 3.3181217 3.3181226 3.3181185 3.3181096 3.3180961 3.3180783 3.3180564 3.3180306 3.3180011 3.317968 3.3179317 3.3178922 3.3178498 3.3178045 3.3177566 3.3177061 3.3176533 3.3175982
3.3060132 3.306754 3.307456 3.3081211 3.3087511 3.3093474 3.3099117 3.3104454 3.3109499 3.3114267 3.3118769 3.3123017 3.3127024 3.31308 3.3134356 3.3137701 3.3140846 3.3143799 3.3146569 3.3149165 3.3151594 3.3153864 3.3155982 3.3157955 3.3159789 3.3161491 3.3163068 3.3164523 3.3165864 3.3167096 3.3168222 3.3169249 3.3170181 3.3171022 3.3171776 3.3172447 3.317304 3.3173558 3.3174004 3.3174382 3.3174694 3.3174945 3.3175137 3.3175272 3.3175354 3.3175386 3.3175368 3.3175305 3.3175198 3.3175049 3.317486 3.3174634 3.3174373 3.3174077 3.317375 3.3173391 3.3173004 3.317259 3.317215 3.3171685
3.3044613 3.3052389 3.3059767 3.3066766 3.3073404 3.3079696 3.3085659 3.3091308 3.3096657 3.3101719 3.3106508 3.3111037 3.3115316 3.3119357 3.3123171 3.3126768 3.3130159 3.3133351 3.3136354 3.3139176 3.3141827 3.3144312 3.314664 3.3148818 3.3150852 3.3152749 3.3154516 3.3156157 3.3157678 3.3159086 3.3160384 3.3161579 3.3162674 3.3163675 3.3164584 3.3165408 3.3166149 3.3166811 3.3167398 3.3167914 3.3168361 3.3168743 3.3169063 3.3169323 3.3169528 3.3169678 3.3169777 3.3169827 3.3169831 3.316979 3.3169707 3.3169585 3.3169424 3.3169227 3.3168995 3.3168731 3.3168436 3.3168111 3.3167758 3.3167379
3.302929 3.3037425 3.3045152 3.3052491 3.3059459 3.3066072 3.3072348 3.3078301 3.3083946 3.3089297 3.3094367 3.3099169 3.3103715 3.3108015 3.3112083 3.3115926 3.3119557 3.3122983 3.3126214 3.3129259 3.3132127 3.3134824 3.3137358 3.3139737 3.3141968 3.3144056 3.3146009 3.3147832 3.3149532 3.3151113 3.315258 3.315394 3.3155196 3.3156354 3.3157417 3.315839 3.3159278 3.3160083 3.3160809 3.3161461 3.316204 3.3162552 3.3162998 3.3163383 3.3163707 3.3163976 3.316419 3.3164352 3.3164466 3.3164532 3.3164554 3.3164534 3.3164473 3.3164373 3.3164237 3.3164066 3.3163862 3.3163626 3.316336 3.3163066
3.3014173 3.3022658 3.3030726 3.3038395 3.3045685 3.3052612 3.3059192 3.3065442 3.3071376 3.3077008 3.3082353 3.3087422 3.3092228 3.3096782 3.3101097 3.3105182 3.3109047 3.3112702 3.3116157 3.311942 3.31225 3.3125404 3.3128141 3.3130717 3.313314 3.3135417 3.3137553 3.3139555 3.3141429 3.3143181 3.3144815 3.3146337 3.3147752 3.3149064 3.3150278 3.3151399 3.315243 3.3153376 3.315424 3.3155025 3.3155736 3.3156376 3.3156947 3.3157453 3.3157897 3.3158282 3.315861 3.3158883 3.3159105 3.3159278 3.3159404 3.3159484 3.3159522 3.3159519 3.3159478 3.3159399 3.3159285 3.3159137 3.3158957 3.3158747
3.2999273 3.3008099 3.3016497 3.3024489 3.3032091 3.3039323 3.30462 3.3052739 3.3058955 3.3064862 3.3070473 3.3075803 3.3080863 3.3085665 3.3090221 3.3094541 3.3098636 3.3102515 3.3106189 3.3109665 3.3112952 3.311606 3.3118995 3.3121764 3.3124376 3.3126837 3.3129153 3.313133 3.3133376 3.3135294 3.3137092 3.3138774 3.3140344 3.3141809 3.3143172 3.3144438 3.3145611 3.3146695 3.3147694 3.3148612 3.3149452 3.3150217 3.3150912 3.3151538 3.31521 3.31526 3.315304 3.3153423 3.3153752 3.315403 3.3154258 3.3154439 3.3154575 3.3154668 3.3154719 3.3154732 3.3154707 3.3154647 3.3154553 3.3154426
3.2984602 3.2993757 3.3002477 3.3010781 3.3018688 3.3026216 3.3033381 3.3040201 3.3046691 3.3052864 3.3058736 3.3064319 3.3069626 3.307467 3.3079461 3.3084011 3.308833 3.3092428 3.3096314 3.3099999 3.310349 3.3106796 3.3109924 3.3112883 3.3115679 3.311832 3.3120813 3.3123162 3.3125376 3.3127459 3.3129416 3.3131255 3.3132978 3.3134592 3.3136101 3.313751 3.3138822 3.3140043 3.3141175 3.3142223 3.314319 3.314408 3.3144896 3.3145641 3.3146319 3.3146932 3.3147483 3.3147975 3.314841 3.3148791 3.314912 3.31494 3.3149633 3.314982 3.3149965 3.3150068 3.3150131 3.3150158 3.3150148 3.3150104
3.2970168 3.2979643 3.2988674 3.2997281 3.3005482 3.3013297 3.3020743 3.3027835 3.3034591 3.3041024 3.3047148 3.3052978 3.3058526 3.3063804 3.3068824 3.3073597 3.3078134 3.3082445 3.308654 3.3090428 3.3094117 3.3097617 3.3100934 3.3104078 3.3107055 3.3109873 3.3112537 3.3115055 3.3117433 3.3119677 3.3121792 3.3123784 3.3125658 3.3127418 3.3129071 3.313062 3.3132069 3.3133423 3.3134687 3.3135862 3.3136955 3.3137967 3.3138903 3.3139765 3.3140557 3.3141282 3.3141942 3.3142541 3.314308 3.3143564 3.3143993 3.3144371 3.3144699 3.314498 3.3145216 3.3145408 3.3145559 3.3145671 3.3145745 3.3145783
3.2955982 3.2965766 3.2975097 3.2983997 3.2992484 3.3000577 3.3008293 3.301565 3.3022663 3.3029347 3.3035716 3.3041785 3.3047567 3.3053073 3.3058316 3.3063306 3.3068056 3.3072574 3.3076872 3.3080957 3.308484 3.3088528 3.3092031 3.3095355 3.3098508 3.3101498 3.3104331 3.3107014 3.3109553 3.3111954 3.3114223 3.3116366 3.3118386 3.3120291 3.3122084 3.312377 3.3125354 3.312684 3.3128232 3.3129534 3.3130749 3.3131882 3.3132935 3.3133912 3.3134817 3.3135652 3.313642 3.3137124 3.3137767 3.3138351 3.3138879 3.3139353 3.3139775 3.3140149 3.3140475 3.3140756 3.3140994 3.314119 3.3141347 3.3141466
3.2942054 3.2952135 3.2961756 3.2970938 3.29797 3.2988061 3.2996039 3.3003651 3.3010913 3.301784 3.3024447 3.3030748 3.3036756 3.3042483 3.3047942 3.3053144 3.30581 3.306282 3.3067314 3.3071592 3.3075663 3.3079535 3.3083218 3.3086718 3.3090043 3.3093201 3.3096199 3.3099043 3.3101739 3.3104294 3.3106714 3.3109003 3.3111168 3.3113214 3.3115145 3.3116966 3.3118681 3.3120296 3.3121814 3.312324 3.3124576 3.3125827 3.3126996 3.3128086 3.3129101 3.3130045 3.3130919 3.3131727 3.3132471 3.3133154 3.313378 3.3134349 3.3134865 3.3135329 3.3135745 3.3136113 3.3136436 3.3136716 3.3136955 3.3137154
3.2928392 3.2938759 3.2948659 3.2958112 3.2967139 3.2975759 3.2983989 3.2991847 3.2999349 3.3006512 3.3013348 3.3019873 3.30261 3.3032041 3.3037709 3.3043115 3.3048271 3.3053187 3.3057872 3.3062337 3.3066591 3.3070643 3.30745 3.3078171 3.3081665 3.3084987 3.3088145 3.3091145 3.3093995 3.3096701 3.3099267 3.3101701 3.3104006 3.310619 3.3108256 3.3110209 3.3112054 3.3113795 3.3115437 3.3116983 3.3118438 3.3119805 3.3121087 3.3122289 3.3123413 3.3124463 3.3125442 3.3126352 3.3127196 3.3127977 3.3128698 3.3129361 3.3129969 3.3130523 3.3131027 3.3131481 3.3131889 3.3132251 3.3132571 3.3132849
3.2915005 3.2925646 3.2935813 3.2945527 3.2954808 3.2963676 3.2972149 3.2980244 3.2987978 3.2995366 3.3002424 3.3009165 3.3015603 3.3021751 3.3027622 3.3033226 3.3038575 3.304368 3.3048551 3.3053198 3.3057629 3.3061855 3.3065882 3.306972 3.3073376 3.3076858 3.3080172 3.3083326 3.3086325 3.3089177 3.3091887 3.3094461 3.3096905 3.3099223 3.310142 3.3103503 3.3105474 3.3107339 3.3109103 3.3110768 3.3112339 3.3113819 3.3115214 3.3116525 3.3117756 3.311891 3.3119991 3.3121001 3.3121944 3.3122822 3.3123637 3.3124392 3.312509 3.3125733 3.3126323 3.3126863 3.3127354 3.3127798 3.3128197 3.3128553
3.2901902 3.2912805 3.2923227 3.293319 3.2942715 3.2951821 3.2960526 3.2968849 3.2976805 3.298441 3.2991681 3.299863 3.3005272 3.301162 3.3017685 3.3023481 3.3029017 3.3034305 3.3039356 3.3044178 3.3048782 3.3053175 3.3057368 3.3061368 3.3065182 3.3068819 3.3072285 3.3075587 3.3078733 3.3081728 3.3084578 3.3087289 3.3089866 3.3092316 3.3094643 3.3096851 3.3098946 3.3100933 3.3102814 3.3104596 3.3106281 3.3107873 3.3109376 3.3110794 3.311213 3.3113388 3.3114569 3.3115678 3.3116718 3.311769 3.3118598 3.3119444 3.3120231 3.3120961 3.3121637 3.312226 3.3122833 3.3123357 3.3123835 3.3124269
3.2889091 3.2900242 3.2910908 3.2921108 3.2930866 3.2940199 3.2949126 3.2957666 3.2965836 3.297365 3.2981125 3.2988274 3.2995112 3.3001651 3.3007905 3.3013884 3.3019601 3.3025066 3.303029 3.3035282 3.3040052 3.3044609 3.3048962 3.3053118 3.3057086 3.3060873 3.3064487 3.3067934 3.3071222 3.3074355 3.3077342 3.3080186 3.3082895 3.3085473 3.3087925 3.3090257 3.3092473 3.3094577 3.3096575 3.309847 3.3100267 3.3101968 3.3103579 3.3105102 3.3106541 3.3107899 3.3109179 3.3110385 3.3111519 3.3112584 3.3113584 3.3114519 3.3115394 3.311621 3.3116969 3.3117675 3.3118328 3.3118932 3.3119487 3.3119997
3.2876578 3.2887966 3.2898862 3.2909288 3.2919266 3.2928816 3.2937956 3.2946703 3.2955076 3.296309 3.297076 3.2978101 3.2985127 3.299185 3.2998285 3.3004441 3.3010332 3.3015968 3.3021359 3.3026515 3.3031445 3.303616 3.3040667 3.3044975 3.3049092 3.3053025 3.3056782 3.306037 3.3063795 3.3067064 3.3070182 3.3073157 3.3075993 3.3078695 3.308127 3.3083722 3.3086056 3.3088276 3.3090388 3.3092394 3.3094299 3.3096108 3.3097823 3.3099449 3.3100988 3.3102445 3.3103822 3.3105123 3.310635 3.3107507 3.3108596 3.3109619 3.311058 3.311148 3.3112322 3.3113109 3.3113842 3.3114523 3.3115155 3.311574
3.2864372 3.2875982 3.2887096 3.2897736 3.2907923 3.2917678 3.292702 3.2935965 3.2944532 3.2952735 3.2960592 3.2968116 3.2975322 3.2982222 3.298883 3.2995156 3.3001214 3.3007013 3.3012565 3.3017879 3.3022965 3.3027832 3.3032488 3.3036943 3.3041203 3.3045278 3.3049174 3.3052897 3.3056456 3.3059856 3.3063103 3.3066204 3.3069163 3.3071988 3.3074682 3.3077251 3.30797 3.3082033 3.3084254 3.3086369 3.3088381 3.3090294 3.3092111 3.3093837 3.3095476 3.3097029 3.3098501 3.3099895 3.3101214 3.310246 3.3103636 3.3104746 3.3105791 3.3106774 3.3107698 3.3108564 3.3109375 3.3110133 3.311084 3.3111499
3.2852477 3.2864296 3.2875615 3.2886457 3.2896842 3.2906791 3.2916323 3.2925456 3.2934206 3.2942591 3.2950626 3.2958324 3.2965702 3.297277 3.2979543 3.2986033 3.2992251 3.2998207 3.3003913 3.3009379 3.3014614 3.3019627 3.3024428 3.3029024 3.3033424 3.3037634 3.3041664 3.3045519 3.3049207 3.3052734 3.3056106 3.3059329 3.306241 3.3065352 3.3068162 3.3070845 3.3073406 3.3075848 3.3078178 3.3080398 3.3082514 3.3084529 3.3086446 3.3088271 3.3090005 3.3091653 3.3093218 3.3094703 3.3096111 3.3097445 3.3098708 3.3099902 3.310103 3.3102094 3.3103098 3.3104042 3.310493 3.3105764 3.3106545 3.3107276
3.28409 3.2852914 3.2864426 3.2875456 3.2886027 3.2896159 3.2905871 3.291518 3.2924105 3.2932661 3.2940864 3.2948729 3.2956269 3.2963499 3.297043 3.2977075 3.2983446 3.2989553 3.2995407 3.3001018 3.3006396 3.3011551 3.301649 3.3021222 3.3025755 3.3030098 3.3034257 3.303824 3.3042052 3.3045702 3.3049195 3.3052537 3.3055734 3.3058791 3.3061714 3.3064507 3.3067177 3.3069726 3.307216 3.3074484 3.3076701 3.3078815 3.308083 3.3082751 3.3084579 3.308632 3.3087976 3.308955 3.3091045 3.3092465 3.3093812 3.3095089 3.3096298 3.3097442 3.3098524 3.3099545 3.3100509 3.3101416 3.310227 3.3103072
3.2829646 3.2841842 3.2853532 3.2864738 3.2875483 3.2885786 3.2895667 3.2905143 3.2914232 3.292295 3.2931312 3.2939334 3.2947029 3.2954411 3.2961493 3.2968286 3.2974802 3.2981053 3.2987049 3.29928 3.2998315 3.3003604 3.3008676 3.3013539 3.3018202 3.3022671 3.3026955 3.303106 3.3034994 3.3038763 3.3042372 3.3045829 3.3049139 3.3052307 3.3055339 3.305824 3.3061015 3.3063668 3.3066205 3.3068628 3.3070944 3.3073155 3.3075265 3.3077279 3.30792 3.308103 3.3082775 3.3084436 3.3086017 3.3087521 3.308895 3.3090308 3.3091597 3.3092819 3.3093978 3.3095075 3.3096112 3.3097092 3.3098018 3.309889
3.281872 3.2831083 3.2842938 3.2854308 3.2865214 3.2875677 3.2885715 3.2895347 3.290459 3.291346 3.2921973 3.2930143 3.2937985 3.2945511 3.2952735 3.2959669 3.2966324 3.2972712 3.2978843 3.2984726 3.2990373 3.2995792 3.3000991 3.300598 3.3010766 3.3015357 3.3019761 3.3023984 3.3028034 3.3031918 3.303564 3.3039208 3.3042627 3.3045903 3.3049041 3.3052046 3.3054923 3.3057677 3.3060313 3.3062834 3.3065245 3.306755 3.3069753 3.3071858 3.3073868 3.3075787 3.3077618 3.3079364 3.3081029 3.3082615 3.3084125 3.3085562 3.3086929 3.3088228 3.3089462 3.3090632 3.3091742 3.3092794 3.3093789 3.309473
3.2808125 3.282064 3.2832647 3.2844168 3.2855224 3.2865834 3.2876019 3.2885796 3.2895183 3.2904195 3.2912849 3.2921159 3.2929138 3.2936801 3.294416 3.2951227 3.2958014 3.2964531 3.297079 3.2976801 3.2982573 3.2988115 3.2993436 3.2998545 3.300345 3.3008158 3.3012677 3.3017014 3.3021176 3.302517 3.3029001 3.3032676 3.3036201 3.303958 3.3042821 3.3045926 3.3048903 3.3051755 3.3054486 3.3057102 3.3059606 3.3062003 3.3064296 3.306649 3.3068587 3.3070592 3.3072507 3.3074336 3.3076082 3.3077749 3.3079338 3.3080852 3.3082295 3.3083669 3.3084976 3.308622 3.3087401 3.3088522 3.3089586 3.3090595
3.2797864 3.2810519 3.2822664 3.2834322 3.2845514 3.2856261 3.2866582 3.2876493 3.2886014 3.2895159 3.2903944 3.2912384 3.2920492 3.2928283 3.2935769 3.2942962 3.2949873 3.2956514 3.2962895 3.2969026 3.2974917 3.2980576 3.2986014 3.2991238 3.2996256 3.3001076 3.3005705 3.3010152 3.3014421 3.3018521 3.3022457 3.3026235 3.3029862 3.3033342 3.3036681 3.3039884 3.3042957 3.3045903 3.3048728 3.3051435 3.305403 3.3056516 3.3058896 3.3061176 3.3063358 3.3065446 3.3067444 3.3069354 3.3071179 3.3072924 3.307459 3.307618 3.3077698 3.3079145 3.3080524 3.3081838 3.3083089 3.3084279 3.308541 3.3086485
3.2787941 3.2800719 3.2812989 3.2824772 3.2836089 3.284696 3.2857405 3.286744 3.2877084 3.2886352 3.2895259 3.2903821 3.291205 3.2919961 3.2927566 3.2934877 3.2941906 3.2948662 3.2955158 3.2961404 3.2967407 3.2973179 3.2978727 3.298406 3.2989186 3.2994113 3.2998849 3.3003399 3.3007772 3.3011974 3.301601 3.3019888 3.3023612 3.3027189 3.3030623 3.3033921 3.3037086 3.3040124 3.3043039 3.3045835 3.3048517 3.3051089 3.3053555 3.3055918 3.3058183 3.3060352 3.306243 3.3064418 3.3066322 3.3068142 3.3069883 3.3071547 3.3073138 3.3074656 3.3076106 3.3077489 3.3078808 3.3080065 3.3081262 3.3082402
3.2778356 3.2791245 3.2803625 3.281552 3.2826949 3.2837933 3.2848491 3.285864 3.2868396 3.2877777 3.2886797 3.2895472 3.2903813 3.2911836 3.2919552 3.2926974 3.2934112 3.2940979 3.2947583 3.2953936 3.2960046 3.2965924 3.2971577 3.2977014 3.2982243 3.2987272 3.2992109 3.2996759 3.3001231 3.300553 3.3009663 3.3013636 3.3017454 3.3021124 3.302465 3.3028038 3.3031293 3.3034419 3.3037421 3.3040303 3.304307 3.3045726 3.3048274 3.3050719 3.3053063 3.3055311 3.3057466 3.3059532 3.306151 3.3063405 3.3065219 3.3066956 3.3068617 3.3070205 3.3071724 3.3073174 3.307456 3.3075882 3.3077144 3.3078347
3.2769112 3.2782096 3.2794574 3.2806568 3.2818097 3.2829182 3.2839841 3.2850092 3.2859952 3.2869436 3.287856 3.2887338 3.2895783 3.290391 3.2911729 3.2919254 3.2926495 3.2933464 3.294017 3.2946624 3.2952836 3.2958813 3.2964566 3.2970101 3.2975428 3.2980554 3.2985487 3.2990232 3.2994798 3.2999191 3.3003416 3.300748 3.3011389 3.3015148 3.3018763 3.3022238 3.3025579 3.302879 3.3031876 3.3034842 3.303769 3.3040427 3.3043055 3.3045578 3.3048 3.3050325 3.3052555 3.3054695 3.3056747 3.3058714 3.30606 3.3062406 3.3064136 3.3065793 3.3067378 3.3068895 3.3070346 3.3071732 3.3073057 3.3074322
