Cobbity4/QGIS/AVE11.asc
NCOLS 600
NROWS 390
XLLCORNER 150.66
YLLCORNER -34.0277
CELLSIZE 1e-05
NODATA_VALUE -9999
[rows 364 to 389 of 390, columns 360 to 419 of 600]
4.6770909 4.6774888 4.6778803 4.6782656 4.6786445 4.6790173 4.6793839 4.6797444 4.6800989 4.6804475 4.6807902 4.681127 4.681458 4.6817833 4.682103 4.682417 4.6827255 4.6830284 4.683326 4.6836181 4.683905 4.6841866 4.6844629 4.6847341 4.6850003 4.6852614 4.6855175 4.6857686 4.6860149 4.6862564 4.6864932 4.6867252 4.6869526 4.6871754 4.6873936 4.6876074 4.6878167 4.6880216 4.6882223 4.6884186 4.6886107 4.6887987 4.6889825 4.6891622 4.689338 4.6895097 4.6896776 4.6898416 4.6900018 4.6901581 4.6903108 4.6904598 4.6906052 4.690747 4.6908853 4.6910201 4.6911514 4.6912794 4.691404 4.6915253
4.6765745 4.6769725 4.6773642 4.6777496 4.6781289 4.678502 4.678869 4.67923 4.6795851 4.6799342 4.6802775 4.680615 4.6809468 4.6812729 4.6815933 4.6819082 4.6822176 4.6825216 4.6828201 4.6831133 4.6834013 4.683684 4.6839615 4.6842339 4.6845013 4.6847636 4.685021 4.6852736 4.6855212 4.6857641 4.6860023 4.6862358 4.6864647 4.686689 4.6869088 4.6871241 4.687335 4.6875416 4.6877438 4.6879418 4.6881356 4.6883253 4.6885108 4.6886923 4.6888698 4.6890434 4.689213 4.6893788 4.6895408 4.6896991 4.6898536 4.6900045 4.6901518 4.6902955 4.6904357 4.6905724 4.6907057 4.6908356 4.6909621 4.6910854
4.6760641 4.6764621 4.6768539 4.6772396 4.6776191 4.6779925 4.6783599 4.6787213 4.6790769 4.6794265 4.6797704 4.6801085 4.680441 4.6807678 4.681089 4.6814047 4.681715 4.6820198 4.6823193 4.6826135 4.6829025 4.6831863 4.6834649 4.6837385 4.684007 4.6842706 4.6845293 4.6847831 4.6850321 4.6852763 4.6855159 4.6857508 4.6859811 4.6862068 4.6864281 4.686645 4.6868574 4.6870656 4.6872694 4.687469 4.6876645 4.6878558 4.688043 4.6882262 4.6884054 4.6885807 4.6887521 4.6889197 4.6890835 4.6892435 4.6893999 4.6895526 4.6897017 4.6898472 4.6899893 4.6901279 4.690263 4.6903948 4.6905233 4.6906485
4.6755596 4.6759577 4.6763496 4.6767354 4.6771151 4.6774887 4.6778565 4.6782183 4.6785742 4.6789243 4.6792687 4.6796074 4.6799405 4.680268 4.6805899 4.6809064 4.6812175 4.6815232 4.6818236 4.6821187 4.6824087 4.6826935 4.6829732 4.6832478 4.6835175 4.6837822 4.6840421 4.6842971 4.6845474 4.6847929 4.6850338 4.6852701 4.6855018 4.685729 4.6859517 4.68617 4.6863839 4.6865936 4.686799 4.6870002 4.6871972 4.6873901 4.687579 4.6877638 4.6879447 4.6881217 4.6882948 4.6884641 4.6886296 4.6887914 4.6889495 4.689104 4.6892549 4.6894023 4.6895461 4.6896866 4.6898236 4.6899572 4.6900876 4.6902146
4.6750612 4.6754592 4.6758511 4.676237 4.6766168 4.6769907 4.6773586 4.6777207 4.678077 4.6784276 4.6787725 4.6791117 4.6794453 4.6797734 4.680096 4.6804132 4.6807251 4.6810316 4.6813328 4.6816288 4.6819197 4.6822055 4.6824862 4.6827619 4.6830326 4.6832985 4.6835595 4.6838157 4.6840672 4.684314 4.6845561 4.6847937 4.6850267 4.6852553 4.6854794 4.6856991 4.6859145 4.6861256 4.6863325 4.6865352 4.6867338 4.6869283 4.6871187 4.6873052 4.6874877 4.6876663 4.687841 4.688012 4.6881792 4.6883427 4.6885026 4.6886588 4.6888115 4.6889606 4.6891062 4.6892484 4.6893873 4.6895227 4.6896549 4.6897838
4.6745686 4.6749665 4.6753584 4.6757443 4.6761242 4.6764982 4.6768664 4.6772287 4.6775853 4.6779363 4.6782816 4.6786212 4.6789554 4.6792841 4.6796073 4.6799252 4.6802377 4.6805449 4.680847 4.6811438 4.6814356 4.6817222 4.6820039 4.6822806 4.6825524 4.6828193 4.6830814 4.6833388 4.6835914 4.6838394 4.6840828 4.6843216 4.6845559 4.6847858 4.6850112 4.6852323 4.6854491 4.6856617 4.68587 4.6860742 4.6862742 4.6864702 4.6866622 4.6868502 4.6870343 4.6872145 4.6873909 4.6875635 4.6877323 4.6878975 4.688059 4.6882169 4.6883713 4.6885222 4.6886695 4.6888135 4.6889541 4.6890913 4.6892253 4.689356
4.6740818 4.6744796 4.6748714 4.6752572 4.6756372 4.6760113 4.6763796 4.6767422 4.6770991 4.6774503 4.677796 4.6781361 4.6784707 4.6787999 4.6791237 4.6794421 4.6797553 4.6800633 4.680366 4.6806637 4.6809563 4.6812438 4.6815263 4.681804 4.6820767 4.6823447 4.6826078 4.6828663 4.68312 4.6833692 4.6836137 4.6838538 4.6840893 4.6843205 4.6845472 4.6847696 4.6849878 4.6852017 4.6854114 4.685617 4.6858185 4.686016 4.6862094 4.686399 4.6865846 4.6867663 4.6869443 4.6871184 4.6872889 4.6874557 4.6876189 4.6877784 4.6879345 4.688087 4.6882361 4.6883817 4.688524 4.688663 4.6887987 4.6889311
4.6736007 4.6739983 4.67439 4.6747758 4.6751557 4.6755299 4.6758983 4.6762611 4.6766181 4.6769696 4.6773156 4.6776561 4.6779911 4.6783208 4.6786451 4.6789641 4.6792779 4.6795865 4.67989 4.6801884 4.6804817 4.68077 4.6810535 4.681332 4.6816057 4.6818746 4.6821387 4.6823982 4.682653 4.6829033 4.683149 4.6833902 4.6836269 4.6838593 4.6840873 4.684311 4.6845304 4.6847457 4.6849567 4.6851637 4.6853666 4.6855655 4.6857604 4.6859514 4.6861385 4.6863217 4.6865012 4.6866769 4.6868489 4.6870173 4.6871821 4.6873432 4.6875009 4.6876551 4.6878058 4.6879531 4.6880971 4.6882378 4.6883752 4.6885093
4.6731254 4.6735227 4.6739142 4.6742999 4.6746798 4.675054 4.6754224 4.6757853 4.6761425 4.6764943 4.6768405 4.6771813 4.6775167 4.6778468 4.6781715 4.6784911 4.6788054 4.6791146 4.6794187 4.6797178 4.6800119 4.680301 4.6805852 4.6808646 4.6811391 4.681409 4.6816741 4.6819345 4.6821904 4.6824417 4.6826884 4.6829307 4.6831686 4.6834022 4.6836314 4.6838563 4.684077 4.6842935 4.6845059 4.6847142 4.6849185 4.6851187 4.685315 4.6855074 4.685696 4.6858807 4.6860617 4.6862389 4.6864124 4.6865823 4.6867486 4.6869114 4.6870706 4.6872264 4.6873787 4.6875277 4.6876733 4.6878156 4.6879546 4.6880905
4.6726556 4.6730527 4.673444 4.6738295 4.6742093 4.6745834 4.6749519 4.6753148 4.6756722 4.6760241 4.6763705 4.6767116 4.6770473 4.6773778 4.677703 4.678023 4.6783378 4.6786476 4.6789523 4.679252 4.6795467 4.6798366 4.6801215 4.6804017 4.6806771 4.6809478 4.6812138 4.6814752 4.681732 4.6819843 4.6822321 4.6824755 4.6827145 4.6829492 4.6831795 4.6834056 4.6836276 4.6838453 4.684059 4.6842686 4.6844741 4.6846757 4.6848734 4.6850671 4.6852571 4.6854432 4.6856256 4.6858043 4.6859793 4.6861507 4.6863185 4.6864828 4.6866436 4.6868009 4.6869548 4.6871053 4.6872525 4.6873965 4.6875371 4.6876746
4.6721915 4.6725882 4.6729792 4.6733645 4.6737442 4.6741182 4.6744866 4.6748496 4.675207 4.675559 4.6759057 4.676247 4.676583 4.6769137 4.6772393 4.6775597 4.677875 4.6781853 4.6784906 4.6787908 4.6790862 4.6793767 4.6796624 4.6799433 4.6802195 4.680491 4.6807579 4.6810202 4.681278 4.6815312 4.68178 4.6820244 4.6822645 4.6825002 4.6827317 4.6829589 4.683182 4.683401 4.6836158 4.6838267 4.6840335 4.6842364 4.6844354 4.6846305 4.6848218 4.6850093 4.6851931 4.6853732 4.6855496 4.6857224 4.6858917 4.6860575 4.6862198 4.6863786 4.686534 4.6866861 4.6868349 4.6869804 4.6871226 4.6872617
4.6717328 4.6721292 4.6725199 4.6729049 4.6732844 4.6736583 4.6740266 4.6743895 4.674747 4.6750991 4.6754459 4.6757874 4.6761236 4.6764546 4.6767805 4.6771013 4.6774171 4.6777278 4.6780335 4.6783344 4.6786303 4.6789215 4.6792078 4.6794895 4.6797664 4.6800387 4.6803064 4.6805695 4.6808282 4.6810823 4.6813321 4.6815775 4.6818185 4.6820553 4.6822878 4.6825162 4.6827404 4.6829605 4.6831765 4.6833886 4.6835966 4.6838007 4.684001 4.6841974 4.68439 4.6845789 4.684764 4.6849455 4.6851233 4.6852975 4.6854682 4.6856354 4.6857992 4.6859595 4.6861164 4.68627 4.6864203 4.6865673 4.6867111 4.6868518
4.6712796 4.6716756 4.6720659 4.6724507 4.6728299 4.6732036 4.6735718 4.6739346 4.6742921 4.6746442 4.6749911 4.6753327 4.6756691 4.6760004 4.6763266 4.6766477 4.6769638 4.677275 4.6775812 4.6778825 4.678179 4.6784708 4.6787577 4.67904 4.6793177 4.6795907 4.6798591 4.6801231 4.6803826 4.6806376 4.6808883 4.6811346 4.6813766 4.6816144 4.6818479 4.6820773 4.6823026 4.6825238 4.682741 4.6829542 4.6831634 4.6833688 4.6835702 4.6837679 4.6839618 4.6841519 4.6843384 4.6845212 4.6847004 4.684876 4.6850481 4.6852167 4.6853818 4.6855436 4.685702 4.685857 4.6860088 4.6861573 4.6863026 4.6864448
4.6708318 4.6712273 4.6716173 4.6720017 4.6723806 4.6727541 4.6731221 4.6734849 4.6738423 4.6741944 4.6745413 4.674883 4.6752196 4.675551 4.6758774 4.6761989 4.6765153 4.6768268 4.6771334 4.6774352 4.6777323 4.6780245 4.6783121 4.678595 4.6788733 4.679147 4.6794162 4.6796809 4.6799411 4.680197 4.6804485 4.6806958 4.6809387 4.6811774 4.681412 4.6816424 4.6818687 4.682091 4.6823093 4.6825236 4.6827339 4.6829404 4.6831431 4.683342 4.6835371 4.6837285 4.6839162 4.6841003 4.6842808 4.6844577 4.6846312 4.6848011 4.6849677 4.6851308 4.6852906 4.6854471 4.6856003 4.6857503 4.6858971 4.6860407
4.6703893 4.6707843 4.6711738 4.6715579 4.6719365 4.6723097 4.6726775 4.6730401 4.6733974 4.6737495 4.6740964 4.6744381 4.6747748 4.6751064 4.6754331 4.6757547 4.6760714 4.6763833 4.6766903 4.6769925 4.67729 4.6775827 4.6778708 4.6781543 4.6784332 4.6787076 4.6789774 4.6792429 4.6795039 4.6797606 4.6800129 4.680261 4.6805048 4.6807444 4.6809799 4.6812113 4.6814386 4.6816619 4.6818812 4.6820966 4.6823081 4.6825157 4.6827195 4.6829195 4.6831158 4.6833085 4.6834974 4.6836828 4.6838645 4.6840428 4.6842175 4.6843888 4.6845567 4.6847212 4.6848824 4.6850403 4.6851949 4.6853463 4.6854945 4.6856396
4.6699521 4.6703466 4.6707356 4.6711192 4.6714974 4.6718704 4.672238 4.6726003 4.6729575 4.6733095 4.6736564 4.6739981 4.6743349 4.6746666 4.6749934 4.6753152 4.6756322 4.6759443 4.6762517 4.6765543 4.6768521 4.6771454 4.677434 4.677718 4.6779974 4.6782724 4.6785429 4.678809 4.6790708 4.6793282 4.6795813 4.6798302 4.6800748 4.6803153 4.6805517 4.680784 4.6810123 4.6812366 4.6814569 4.6816733 4.6818859 4.6820946 4.6822995 4.6825007 4.6826981 4.6828919 4.683082 4.6832686 4.6834516 4.6836311 4.6838071 4.6839797 4.6841489 4.6843147 4.6844772 4.6846365 4.6847925 4.6849452 4.6850949 4.6852413
4.66952 4.669914 4.6703025 4.6706856 4.6710635 4.6714361 4.6718034 4.6721655 4.6725225 4.6728744 4.6732211 4.6735629 4.6738997 4.6742315 4.6745583 4.6748803 4.6751975 4.6755099 4.6758175 4.6761205 4.6764187 4.6767124 4.6770014 4.6772859 4.6775659 4.6778415 4.6781126 4.6783793 4.6786417 4.6788998 4.6791537 4.6794033 4.6796488 4.6798902 4.6801274 4.6803606 4.6805898 4.680815 4.6810363 4.6812537 4.6814673 4.681677 4.681883 4.6820853 4.6822838 4.6824787 4.6826701 4.6828578 4.683042 4.6832227 4.6834 4.6835738 4.6837443 4.6839114 4.6840752 4.6842357 4.6843931 4.6845472 4.6846982 4.684846
4.6690932 4.6694865 4.6698744 4.6702571 4.6706345 4.6710067 4.6713737 4.6717356 4.6720923 4.672444 4.6727907 4.6731324 4.6734691 4.673801 4.6741279 4.6744501 4.6747674 4.67508 4.6753879 4.6756911 4.6759897 4.6762837 4.6765732 4.6768581 4.6771386 4.6774147 4.6776864 4.6779537 4.6782168 4.6784755 4.6787301 4.6789805 4.6792267 4.6794688 4.6797069 4.6799409 4.680171 4.6803971 4.6806194 4.6808377 4.6810523 4.681263 4.68147 4.6816733 4.681873 4.682069 4.6822614 4.6824503 4.6826357 4.6828176 4.682996 4.6831711 4.6833428 4.6835111 4.6836762 4.683838 4.6839966 4.6841521 4.6843044 4.6844536
4.6686714 4.669064 4.6694514 4.6698336 4.6702105 4.6705823 4.6709489 4.6713105 4.671667 4.6720185 4.672365 4.6727066 4.6730433 4.6733751 4.6737021 4.6740243 4.6743418 4.6746545 4.6749626 4.6752661 4.675565 4.6758594 4.6761492 4.6764346 4.6767155 4.6769921 4.6772643 4.6775322 4.6777958 4.6780552 4.6783104 4.6785615 4.6788085 4.6790513 4.6792902 4.679525 4.679756 4.6799829 4.6802061 4.6804253 4.6806408 4.6808526 4.6810606 4.6812649 4.6814656 4.6816626 4.6818561 4.6820461 4.6822326 4.6824156 4.6825953 4.6827715 4.6829444 4.683114 4.6832803 4.6834433 4.6836032 4.6837599 4.6839135 4.684064
4.6682546 4.6686466 4.6690334 4.6694149 4.6697914 4.6701627 4.670529 4.6708902 4.6712464 4.6715976 4.671944 4.6722854 4.672622 4.6729538 4.6732808 4.673603 4.6739206 4.6742335 4.6745418 4.6748455 4.6751446 4.6754393 4.6757294 4.6760152 4.6762966 4.6765736 4.6768463 4.6771147 4.6773789 4.6776389 4.6778947 4.6781464 4.6783941 4.6786377 4.6788773 4.6791129 4.6793446 4.6795724 4.6797964 4.6800165 4.6802329 4.6804456 4.6806546 4.6808599 4.6810615 4.6812596 4.6814542 4.6816452 4.6818328 4.6820169 4.6821977 4.6823751 4.6825491 4.6827199 4.6828874 4.6830517 4.6832128 4.6833707 4.6835256 4.6836773
4.6678428 4.6682341 4.6686202 4.6690012 4.6693771 4.6697479 4.6701138 4.6704746 4.6708305 4.6711815 4.6715276 4.6718688 4.6722053 4.672537 4.6728639 4.6731862 4.6735038 4.6738168 4.6741252 4.6744291 4.6747285 4.6750234 4.6753139 4.6756 4.6758817 4.6761591 4.6764323 4.6767012 4.6769659 4.6772264 4.6774829 4.6777352 4.6779835 4.6782277 4.6784681 4.6787044 4.6789369 4.6791655 4.6793903 4.6796113 4.6798286 4.6800421 4.680252 4.6804582 4.6806609 4.68086 4.6810555 4.6812476 4.6814362 4.6816214 4.6818033 4.6819817 4.6821569 4.6823288 4.6824975 4.682663 4.6828253 4.6829844 4.6831405 4.6832935
4.667436 4.6678265 4.6682119 4.6685923 4.6689676 4.6693379 4.6697033 4.6700637 4.6704192 4.6707699 4.6711157 4.6714568 4.6717931 4.6721247 4.6724516 4.6727738 4.6730914 4.6734045 4.673713 4.674017 4.6743166 4.6746117 4.6749025 4.6751889 4.6754709 4.6757487 4.6760223 4.6762917 4.6765568 4.6768179 4.6770749 4.6773278 4.6775767 4.6778216 4.6780626 4.6782996 4.6785328 4.6787622 4.6789878 4.6792096 4.6794277 4.6796421 4.6798529 4.68006 4.6802636 4.6804636 4.6806602 4.6808532 4.6810429 4.6812291 4.681412 4.6815916 4.6817678 4.6819408 4.6821106 4.6822772 4.6824407 4.682601 4.6827583 4.6829125
4.667034 4.6674237 4.6678084 4.6681881 4.6685628 4.6689326 4.6692975 4.6696574 4.6700126 4.6703629 4.6707085 4.6710493 4.6713854 4.6717168 4.6720436 4.6723657 4.6726834 4.6729965 4.673305 4.6736092 4.6739089 4.6742042 4.6744952 4.6747818 4.6750642 4.6753424 4.6756163 4.6758861 4.6761517 4.6764132 4.6766707 4.6769242 4.6771736 4.6774192 4.6776608 4.6778985 4.6781324 4.6783625 4.6785888 4.6788114 4.6790303 4.6792455 4.6794571 4.6796652 4.6798696 4.6800706 4.6802681 4.6804621 4.6806527 4.68084 4.6810239 4.6812045 4.6813818 4.6815559 4.6817268 4.6818945 4.6820591 4.6822206 4.682379 4.6825344
4.6666367 4.6670257 4.6674097 4.6677887 4.6681628 4.6685319 4.6688963 4.6692558 4.6696105 4.6699604 4.6703057 4.6706462 4.670982 4.6713133 4.6716399 4.671962 4.6722796 4.6725927 4.6729013 4.6732055 4.6735053 4.6738008 4.674092 4.6743789 4.6746615 4.67494 4.6752142 4.6754844 4.6757504 4.6760124 4.6762704 4.6765243 4.6767743 4.6770204 4.6772626 4.677501 4.6777355 4.6779663 4.6781934 4.6784167 4.6786363 4.6788524 4.6790648 4.6792736 4.679479 4.6796808 4.6798792 4.6800742 4.6802657 4.6804539 4.6806388 4.6808204 4.6809988 4.6811739 4.6813459 4.6815147 4.6816803 4.6818429 4.6820025 4.682159
4.6662443 4.6666324 4.6670156 4.6673939 4.6677673 4.6681359 4.6684996 4.6688586 4.6692129 4.6695624 4.6699073 4.6702475 4.6705831 4.6709141 4.6712406 4.6715626 4.6718801 4.6721931 4.6725017 4.672806 4.6731059 4.6734015 4.6736928 4.6739799 4.6742628 4.6745415 4.6748161 4.6750866 4.675353 4.6756154 4.6758738 4.6761282 4.6763787 4.6766254 4.6768681 4.6771071 4.6773423 4.6775737 4.6778014 4.6780254 4.6782458 4.6784626 4.6786758 4.6788855 4.6790916 4.6792943 4.6794936 4.6796894 4.6798819 4.680071 4.6802569 4.6804395 4.6806188 4.680795 4.6809679 4.6811378 4.6813045 4.6814682 4.6816288 4.6817865
4.6658565 4.6662438 4.6666262 4.6670037 4.6673764 4.6677444 4.6681075 4.668466 4.6688198 4.6691689 4.6695133 4.6698532 4.6701885 4.6705193 4.6708456 4.6711674 4.6714847 4.6717977 4.6721063 4.6724105 4.6727105 4.6730062 4.6732976 4.6735849 4.673868 4.6741469 4.6744218 4.6746926 4.6749594 4.6752221 4.6754809 4.6757358 4.6759868 4.6762339 4.6764772 4.6767167 4.6769525 4.6771846 4.6774129 4.6776376 4.6778587 4.6780762 4.6782901 4.6785006 4.6787075 4.678911 4.6791111 4.6793078 4.6795012 4.6796913 4.679878 4.6800615 4.6802419 4.680419 4.680593 4.6807638 4.6809316 4.6810963 4.681258 4.6814167
