Cobbity4/QGIS/Ave11_Reverse.asc
NCOLS 600
NROWS 430
XLLCORNER 150.66
YLLCORNER -34.0286
CELLSIZE 1e-05
NODATA_VALUE -9999
[rows 286 to 311 of 430, columns 420 to 479 of 600]
7.3085236 7.3086951 7.3088632 7.3090278 7.3091892 7.3093472 7.309502 7.3096536 7.3098021 7.3099474 7.3100898 7.3102291 7.3103655 7.310499 7.3106296 7.3107574 7.3108825 7.3110048 7.3111245 7.3112416 7.3113561 7.311468 7.3115775 7.3116844 7.311789 7.3118912 7.311991 7.3120886 7.3121839 7.312277 7.3123679 7.3124566 7.3125433 7.3126279 7.3127104 7.3127909 7.3128695 7.3129461 7.3130209 7.3130937 7.3131647 7.313234 7.3133014 7.3133671 7.3134311 7.3134934 7.3135541 7.3136131 7.3136705 7.3137264 7.3137807 7.3138336 7.3138849 7.3139348 7.3139832 7.3140303 7.3140759 7.3141202 7.3141632 7.3142048
7.3082123 7.3083854 7.308555 7.3087212 7.3088841 7.3090438 7.3092001 7.3093533 7.3095034 7.3096504 7.3097943 7.3099353 7.3100733 7.3102084 7.3103406 7.3104701 7.3105968 7.3107208 7.3108421 7.3109609 7.311077 7.3111906 7.3113016 7.3114103 7.3115165 7.3116203 7.3117218 7.311821 7.311918 7.3120127 7.3121052 7.3121956 7.3122839 7.3123701 7.3124542 7.3125364 7.3126165 7.3126948 7.3127711 7.3128455 7.3129182 7.312989 7.313058 7.3131253 7.3131908 7.3132547 7.3133169 7.3133775 7.3134365 7.3134939 7.3135497 7.3136041 7.3136569 7.3137083 7.3137582 7.3138067 7.3138539 7.3138996 7.3139441 7.3139872
7.3079036 7.3080782 7.3082493 7.3084171 7.3085815 7.3087426 7.3089006 7.3090553 7.3092069 7.3093555 7.309501 7.3096435 7.3097831 7.3099198 7.3100537 7.3101848 7.3103131 7.3104387 7.3105616 7.3106819 7.3107997 7.3109149 7.3110276 7.3111378 7.3112456 7.3113511 7.3114542 7.311555 7.3116535 7.3117499 7.311844 7.311936 7.3120258 7.3121136 7.3121994 7.3122831 7.3123649 7.3124447 7.3125226 7.3125986 7.3126728 7.3127451 7.3128157 7.3128845 7.3129516 7.3130171 7.3130808 7.3131429 7.3132034 7.3132623 7.3133197 7.3133755 7.3134298 7.3134827 7.3135341 7.3135841 7.3136327 7.3136799 7.3137258 7.3137703
7.3075975 7.3077735 7.3079461 7.3081153 7.3082812 7.3084439 7.3086033 7.3087596 7.3089127 7.3090628 7.3092098 7.3093539 7.3094951 7.3096333 7.3097688 7.3099014 7.3100313 7.3101584 7.3102829 7.3104048 7.3105242 7.3106409 7.3107552 7.310867 7.3109764 7.3110835 7.3111881 7.3112905 7.3113907 7.3114886 7.3115843 7.3116778 7.3117693 7.3118586 7.3119459 7.3120312 7.3121145 7.3121959 7.3122753 7.3123529 7.3124286 7.3125025 7.3125746 7.312645 7.3127136 7.3127805 7.3128458 7.3129094 7.3129714 7.3130318 7.3130906 7.3131479 7.3132037 7.313258 7.3133109 7.3133624 7.3134124 7.313461 7.3135083 7.3135543
7.3072939 7.3074713 7.3076453 7.307816 7.3079834 7.3081475 7.3083084 7.3084661 7.3086207 7.3087723 7.3089208 7.3090664 7.3092091 7.3093489 7.3094858 7.30962 7.3097514 7.3098801 7.3100061 7.3101296 7.3102504 7.3103688 7.3104846 7.3105979 7.3107089 7.3108175 7.3109237 7.3110277 7.3111293 7.3112288 7.311326 7.3114211 7.3115141 7.311605 7.3116938 7.3117807 7.3118655 7.3119484 7.3120294 7.3121085 7.3121857 7.3122611 7.3123347 7.3124066 7.3124767 7.3125451 7.3126118 7.3126769 7.3127404 7.3128022 7.3128625 7.3129213 7.3129786 7.3130343 7.3130886 7.3131415 7.313193 7.313243 7.3132917 7.3133391
7.3069929 7.3071716 7.307347 7.3075191 7.3076879 7.3078534 7.3080157 7.3081749 7.308331 7.308484 7.308634 7.308781 7.3089252 7.3090664 7.3092049 7.3093405 7.3094734 7.3096037 7.3097312 7.3098562 7.3099785 7.3100984 7.3102157 7.3103306 7.3104431 7.3105532 7.3106609 7.3107664 7.3108696 7.3109705 7.3110693 7.3111659 7.3112604 7.3113528 7.3114432 7.3115315 7.3116178 7.3117022 7.3117847 7.3118653 7.311944 7.3120209 7.312096 7.3121693 7.3122409 7.3123108 7.312379 7.3124455 7.3125104 7.3125737 7.3126355 7.3126957 7.3127544 7.3128116 7.3128673 7.3129216 7.3129744 7.3130259 7.313076 7.3131247
7.3066944 7.3068745 7.3070512 7.3072246 7.3073948 7.3075616 7.3077254 7.3078859 7.3080434 7.3081979 7.3083493 7.3084978 7.3086434 7.3087861 7.308926 7.3090631 7.3091974 7.3093291 7.3094582 7.3095846 7.3097084 7.3098297 7.3099486 7.3100649 7.3101789 7.3102905 7.3103997 7.3105067 7.3106113 7.3107138 7.3108141 7.3109122 7.3110081 7.311102 7.3111939 7.3112837 7.3113715 7.3114574 7.3115413 7.3116234 7.3117035 7.3117819 7.3118584 7.3119332 7.3120063 7.3120776 7.3121472 7.3122152 7.3122815 7.3123463 7.3124094 7.3124711 7.3125312 7.3125897 7.3126469 7.3127025 7.3127568 7.3128096 7.3128611 7.3129112
7.3063984 7.3065798 7.3067578 7.3069326 7.307104 7.3072723 7.3074373 7.3075993 7.3077581 7.3079139 7.3080668 7.3082166 7.3083636 7.3085077 7.3086491 7.3087876 7.3089234 7.3090565 7.309187 7.3093148 7.3094401 7.3095629 7.3096832 7.309801 7.3099164 7.3100295 7.3101402 7.3102486 7.3103547 7.3104586 7.3105603 7.3106599 7.3107573 7.3108527 7.310946 7.3110372 7.3111265 7.3112138 7.3112992 7.3113827 7.3114643 7.3115441 7.3116221 7.3116983 7.3117728 7.3118455 7.3119166 7.311986 7.3120537 7.3121199 7.3121844 7.3122475 7.3123089 7.3123689 7.3124274 7.3124844 7.3125401 7.3125943 7.3126471 7.3126986
7.306105 7.3062876 7.3064669 7.3066429 7.3068157 7.3069852 7.3071516 7.3073149 7.307475 7.3076322 7.3077864 7.3079376 7.308086 7.3082315 7.3083742 7.3085141 7.3086513 7.3087858 7.3089177 7.309047 7.3091737 7.3092979 7.3094196 7.3095388 7.3096556 7.3097701 7.3098822 7.3099921 7.3100997 7.310205 7.3103082 7.3104091 7.310508 7.3106048 7.3106995 7.3107922 7.3108829 7.3109716 7.3110585 7.3111434 7.3112264 7.3113076 7.311387 7.3114646 7.3115405 7.3116146 7.3116871 7.3117579 7.311827 7.3118945 7.3119605 7.3120249 7.3120877 7.312149 7.3122089 7.3122673 7.3123243 7.3123798 7.312434 7.3124868
7.3058141 7.305998 7.3061785 7.3063557 7.3065297 7.3067005 7.3068682 7.3070327 7.3071942 7.3073527 7.3075082 7.3076607 7.3078104 7.3079573 7.3081013 7.3082426 7.3083812 7.308517 7.3086503 7.3087809 7.308909 7.3090346 7.3091577 7.3092783 7.3093966 7.3095124 7.309626 7.3097372 7.3098462 7.3099529 7.3100575 7.3101599 7.3102602 7.3103583 7.3104545 7.3105486 7.3106407 7.3107308 7.310819 7.3109053 7.3109897 7.3110723 7.3111531 7.3112321 7.3113094 7.3113849 7.3114587 7.3115309 7.3116014 7.3116703 7.3117376 7.3118033 7.3118675 7.3119302 7.3119914 7.3120511 7.3121094 7.3121663 7.3122217 7.3122758
7.3055257 7.3057108 7.3058925 7.3060709 7.3062461 7.3064181 7.306587 7.3067528 7.3069156 7.3070753 7.3072321 7.307386 7.307537 7.3076851 7.3078305 7.3079731 7.308113 7.3082502 7.3083848 7.3085168 7.3086462 7.3087731 7.3088976 7.3090196 7.3091392 7.3092564 7.3093713 7.309484 7.3095943 7.3097024 7.3098084 7.3099121 7.3100138 7.3101133 7.3102108 7.3103063 7.3103998 7.3104913 7.3105809 7.3106686 7.3107544 7.3108383 7.3109205 7.3110008 7.3110794 7.3111563 7.3112315 7.311305 7.3113768 7.3114471 7.3115157 7.3115828 7.3116483 7.3117123 7.3117748 7.3118359 7.3118955 7.3119536 7.3120104 7.3120658
7.3052399 7.3054261 7.3056089 7.3057885 7.3059649 7.3061381 7.3063082 7.3064752 7.3066392 7.3068002 7.3069582 7.3071133 7.3072656 7.307415 7.3075616 7.3077055 7.3078467 7.3079853 7.3081212 7.3082545 7.3083852 7.3085135 7.3086393 7.3087626 7.3088835 7.3090021 7.3091184 7.3092323 7.309344 7.3094535 7.3095608 7.3096659 7.3097689 7.3098698 7.3099687 7.3100655 7.3101603 7.3102532 7.3103441 7.3104331 7.3105203 7.3106056 7.3106891 7.3107708 7.3108507 7.3109289 7.3110054 7.3110802 7.3111534 7.311225 7.3112949 7.3113633 7.3114301 7.3114955 7.3115593 7.3116216 7.3116825 7.311742 7.3118 7.3118567
7.3049566 7.3051438 7.3053278 7.3055085 7.305686 7.3058604 7.3060317 7.3061999 7.306365 7.3065272 7.3066865 7.3068428 7.3069963 7.307147 7.3072948 7.30744 7.3075825 7.3077223 7.3078594 7.307994 7.3081261 7.3082556 7.3083827 7.3085074 7.3086296 7.3087495 7.3088671 7.3089823 7.3090953 7.3092061 7.3093147 7.3094212 7.3095255 7.3096277 7.3097279 7.3098261 7.3099222 7.3100164 7.3101087 7.310199 7.3102875 7.3103741 7.3104589 7.3105419 7.3106232 7.3107027 7.3107805 7.3108566 7.3109311 7.311004 7.3110752 7.3111449 7.311213 7.3112796 7.3113447 7.3114083 7.3114705 7.3115312 7.3115905 7.3116485
7.3046757 7.3048641 7.3050491 7.3052309 7.3054096 7.305585 7.3057574 7.3059268 7.3060931 7.3062565 7.3064169 7.3065744 7.3067291 7.306881 7.3070301 7.3071765 7.3073201 7.3074612 7.3075996 7.3077355 7.3078688 7.3079996 7.3081279 7.3082539 7.3083774 7.3084986 7.3086174 7.308734 7.3088483 7.3089603 7.3090702 7.309178 7.3092836 7.3093871 7.3094886 7.3095881 7.3096855 7.309781 7.3098746 7.3099662 7.310056 7.3101439 7.31023 7.3103143 7.3103968 7.3104777 7.3105568 7.3106342 7.3107099 7.3107841 7.3108566 7.3109275 7.3109969 7.3110648 7.3111311 7.311196 7.3112594 7.3113214 7.311382 7.3114412
7.3043974 7.3045868 7.3047729 7.3049557 7.3051354 7.305312 7.3054855 7.3056559 7.3058234 7.3059879 7.3061494 7.3063081 7.306464 7.306617 7.3067673 7.3069149 7.3070598 7.307202 7.3073417 7.3074788 7.3076133 7.3077453 7.3078749 7.3080021 7.3081269 7.3082493 7.3083694 7.3084872 7.3086028 7.3087161 7.3088273 7.3089363 7.3090432 7.309148 7.3092508 7.3093515 7.3094502 7.309547 7.3096418 7.3097347 7.3098258 7.309915 7.3100023 7.3100879 7.3101717 7.3102538 7.3103342 7.3104129 7.3104899 7.3105653 7.3106391 7.3107113 7.3107819 7.310851 7.3109186 7.3109847 7.3110494 7.3111126 7.3111744 7.3112348
7.3041216 7.3043119 7.304499 7.3046829 7.3048636 7.3050413 7.3052158 7.3053873 7.3055559 7.3057215 7.3058841 7.306044 7.3062009 7.3063551 7.3065066 7.3066553 7.3068014 7.3069448 7.3070857 7.3072239 7.3073597 7.3074929 7.3076237 7.3077521 7.3078781 7.3080017 7.3081231 7.3082421 7.3083589 7.3084735 7.3085859 7.3086962 7.3088043 7.3089104 7.3090144 7.3091164 7.3092164 7.3093144 7.3094104 7.3095046 7.3095969 7.3096874 7.309776 7.3098628 7.3099479 7.3100312 7.3101128 7.3101927 7.310271 7.3103476 7.3104226 7.3104961 7.3105679 7.3106383 7.3107071 7.3107744 7.3108403 7.3109047 7.3109677 7.3110293
7.3038483 7.3040395 7.3042276 7.3044125 7.3045942 7.3047729 7.3049484 7.305121 7.3052906 7.3054572 7.305621 7.3057819 7.30594 7.3060953 7.3062479 7.3063978 7.306545 7.3066895 7.3068315 7.306971 7.3071079 7.3072423 7.3073743 7.3075039 7.307631 7.3077559 7.3078784 7.3079987 7.3081167 7.3082325 7.3083461 7.3084576 7.308567 7.3086743 7.3087795 7.3088827 7.3089839 7.3090831 7.3091804 7.3092758 7.3093694 7.309461 7.3095509 7.3096389 7.3097252 7.3098098 7.3098926 7.3099737 7.3100532 7.3101311 7.3102073 7.3102819 7.310355 7.3104266 7.3104966 7.3105651 7.3106322 7.3106978 7.310762 7.3108248
7.3035774 7.3037696 7.3039586 7.3041444 7.3043271 7.3045067 7.3046833 7.3048569 7.3050275 7.3051952 7.30536 7.305522 7.3056811 7.3058375 7.3059912 7.3061422 7.3062905 7.3064362 7.3065793 7.3067199 7.3068579 7.3069935 7.3071266 7.3072574 7.3073857 7.3075117 7.3076354 7.3077569 7.3078761 7.3079931 7.3081079 7.3082206 7.3083311 7.3084396 7.308546 7.3086504 7.3087528 7.3088533 7.3089518 7.3090484 7.3091431 7.309236 7.3093271 7.3094163 7.3095038 7.3095896 7.3096736 7.3097559 7.3098366 7.3099157 7.3099931 7.3100689 7.3101432 7.3102159 7.3102871 7.3103569 7.3104251 7.3104919 7.3105573 7.3106212
7.303309 7.3035021 7.303692 7.3038787 7.3040624 7.3042429 7.3044205 7.304595 7.3047666 7.3049353 7.3051012 7.3052642 7.3054244 7.3055818 7.3057365 7.3058886 7.306038 7.3061847 7.306329 7.3064706 7.3066098 7.3067465 7.3068808 7.3070126 7.3071421 7.3072693 7.3073941 7.3075167 7.3076371 7.3077553 7.3078712 7.3079851 7.3080968 7.3082065 7.308314 7.3084196 7.3085232 7.3086248 7.3087245 7.3088223 7.3089182 7.3090123 7.3091045 7.309195 7.3092836 7.3093706 7.3094558 7.3095393 7.3096212 7.3097014 7.30978 7.309857 7.3099325 7.3100064 7.3100787 7.3101496 7.310219 7.310287 7.3103535 7.3104186
7.3030431 7.303237 7.3034278 7.3036154 7.3037999 7.3039814 7.3041599 7.3043354 7.304508 7.3046776 7.3048444 7.3050084 7.3051696 7.3053281 7.3054839 7.305637 7.3057874 7.3059352 7.3060805 7.3062233 7.3063635 7.3065013 7.3066367 7.3067696 7.3069003 7.3070285 7.3071545 7.3072782 7.3073997 7.307519 7.3076361 7.3077511 7.307864 7.3079748 7.3080835 7.3081903 7.308295 7.3083978 7.3084987 7.3085976 7.3086947 7.3087899 7.3088833 7.3089749 7.3090647 7.3091528 7.3092392 7.3093239 7.3094069 7.3094883 7.309568 7.3096462 7.3097228 7.3097978 7.3098714 7.3099434 7.310014 7.3100831 7.3101507 7.310217
7.3027796 7.3029743 7.3031659 7.3033544 7.3035398 7.3037222 7.3039016 7.304078 7.3042515 7.3044221 7.3045899 7.3047548 7.304917 7.3050765 7.3052332 7.3053873 7.3055388 7.3056877 7.305834 7.3059778 7.3061191 7.3062579 7.3063944 7.3065284 7.3066601 7.3067895 7.3069166 7.3070414 7.307164 7.3072844 7.3074026 7.3075187 7.3076327 7.3077446 7.3078545 7.3079624 7.3080683 7.3081722 7.3082742 7.3083742 7.3084724 7.3085688 7.3086633 7.3087561 7.3088471 7.3089363 7.3090238 7.3091096 7.3091938 7.3092763 7.3093572 7.3094365 7.3095142 7.3095904 7.3096651 7.3097382 7.3098099 7.3098801 7.3099489 7.3100163
7.3025186 7.3027141 7.3029065 7.3030958 7.303282 7.3034652 7.3036455 7.3038228 7.3039972 7.3041687 7.3043374 7.3045033 7.3046664 7.3048269 7.3049846 7.3051397 7.3052921 7.305442 7.3055893 7.3057342 7.3058765 7.3060164 7.3061539 7.306289 7.3064217 7.3065521 7.3066803 7.3068062 7.3069299 7.3070513 7.3071707 7.3072879 7.307403 7.307516 7.307627 7.3077359 7.3078429 7.3079479 7.308051 7.3081522 7.3082516 7.308349 7.3084447 7.3085386 7.3086307 7.308721 7.3088096 7.3088966 7.3089819 7.3090655 7.3091475 7.3092279 7.3093068 7.3093841 7.3094598 7.3095341 7.3096069 7.3096782 7.3097481 7.3098166
7.3022599 7.3024562 7.3026494 7.3028395 7.3030265 7.3032106 7.3033917 7.3035698 7.3037451 7.3039175 7.3040871 7.3042539 7.3044179 7.3045793 7.304738 7.304894 7.3050474 7.3051983 7.3053466 7.3054924 7.3056357 7.3057766 7.3059151 7.3060512 7.306185 7.3063165 7.3064457 7.3065726 7.3066974 7.3068199 7.3069403 7.3070586 7.3071747 7.3072888 7.3074009 7.307511 7.307619 7.3077251 7.3078293 7.3079316 7.308032 7.3081306 7.3082274 7.3083223 7.3084155 7.308507 7.3085967 7.3086847 7.3087711 7.3088558 7.308939 7.3090205 7.3091004 7.3091788 7.3092557 7.309331 7.3094049 7.3094773 7.3095483 7.3096179
7.3020038 7.3022008 7.3023947 7.3025855 7.3027733 7.3029582 7.3031401 7.303319 7.3034951 7.3036684 7.3038388 7.3040065 7.3041715 7.3043337 7.3044933 7.3046503 7.3048046 7.3049564 7.3051057 7.3052525 7.3053968 7.3055387 7.3056782 7.3058153 7.3059501 7.3060826 7.3062128 7.3063408 7.3064665 7.3065901 7.3067115 7.3068308 7.3069481 7.3070632 7.3071763 7.3072874 7.3073966 7.3075037 7.307609 7.3077124 7.3078139 7.3079135 7.3080113 7.3081074 7.3082016 7.3082942 7.308385 7.3084741 7.3085616 7.3086474 7.3087316 7.3088141 7.3088952 7.3089746 7.3090526 7.309129 7.309204 7.3092774 7.3093495 7.3094201
7.30175 7.3019477 7.3021423 7.3023339 7.3025224 7.302708 7.3028907 7.3030705 7.3032474 7.3034214 7.3035927 7.3037613 7.3039271 7.3040902 7.3042507 7.3044085 7.3045638 7.3047165 7.3048667 7.3050145 7.3051597 7.3053026 7.305443 7.3055811 7.3057169 7.3058503 7.3059815 7.3061105 7.3062373 7.3063619 7.3064843 7.3066047 7.3067229 7.3068391 7.3069532 7.3070654 7.3071756 7.3072838 7.3073901 7.3074945 7.307597 7.3076977 7.3077966 7.3078937 7.307989 7.3080826 7.3081745 7.3082647 7.3083532 7.3084401 7.3085253 7.308609 7.308691 7.3087716 7.3088506 7.308928 7.309004 7.3090786 7.3091517 7.3092234
7.3014986 7.3016969 7.3018922 7.3020845 7.3022738 7.3024601 7.3026435 7.3028241 7.3030018 7.3031766 7.3033487 7.3035181 7.3036847 7.3038487 7.30401 7.3041688 7.3043249 7.3044785 7.3046296 7.3047783 7.3049245 7.3050682 7.3052096 7.3053487 7.3054854 7.3056198 7.305752 7.3058819 7.3060097 7.3061353 7.3062587 7.30638 7.3064993 7.3066165 7.3067316 7.3068448 7.306956 7.3070652 7.3071726 7.307278 7.3073816 7.3074833 7.3075832 7.3076813 7.3077777 7.3078723 7.3079652 7.3080565 7.308146 7.3082339 7.3083202 7.3084049 7.308488 7.3085696 7.3086496 7.3087282 7.3088052 7.3088808 7.3089549 7.3090276
