Cobbity4/QGIS/AVE18_9000.asc
NCOLS 600
NROWS 390
XLLCORNER 150.661
YLLCORNER -34.0278
CELLSIZE 1e-05
NODATA_VALUE -9999
[rows 0 to 25 of 390, columns 540 to 599 of 600]
3.3047183 3.3047101 3.3047019 3.3046935 3.3046852 3.3046767 3.3046682 3.3046596 3.304651 3.3046423 3.3046335 3.3046247 3.3046159 3.304607 3.304598 3.304589 3.3045799 3.3045708 3.3045616 3.3045524 3.3045431 3.3045338 3.3045245 3.3045151 3.3045057 3.3044962 3.3044867 3.3044771 3.3044676 3.3044579 3.3044483 3.3044386 3.3044289 3.3044191 3.3044094 3.3043995 3.3043897 3.3043798 3.3043699 3.30436 3.3043501 3.3043401 3.3043301 3.3043201 3.30431 3.3042999 3.3042899 3.3042798 3.3042696 3.3042595 3.3042493 3.3042391 3.3042289 3.3042187 3.3042085 3.3041982 3.304188 3.3041777 3.3041674 3.3041571
3.3047345 3.3047262 3.3047178 3.3047094 3.3047009 3.3046923 3.3046837 3.304675 3.3046662 3.3046574 3.3046485 3.3046396 3.3046306 3.3046216 3.3046125 3.3046033 3.3045942 3.3045849 3.3045756 3.3045663 3.3045569 3.3045475 3.3045381 3.3045286 3.304519 3.3045094 3.3044998 3.3044902 3.3044805 3.3044708 3.304461 3.3044512 3.3044414 3.3044315 3.3044217 3.3044117 3.3044018 3.3043918 3.3043818 3.3043718 3.3043618 3.3043517 3.3043416 3.3043315 3.3043213 3.3043112 3.304301 3.3042908 3.3042806 3.3042703 3.3042601 3.3042498 3.3042395 3.3042292 3.3042189 3.3042085 3.3041982 3.3041878 3.3041774 3.3041671
3.3047508 3.3047423 3.3047338 3.3047252 3.3047166 3.3047079 3.3046991 3.3046903 3.3046814 3.3046725 3.3046635 3.3046544 3.3046453 3.3046362 3.304627 3.3046177 3.3046084 3.3045991 3.3045897 3.3045802 3.3045707 3.3045612 3.3045516 3.304542 3.3045324 3.3045227 3.304513 3.3045032 3.3044934 3.3044836 3.3044737 3.3044638 3.3044539 3.3044439 3.3044339 3.3044239 3.3044139 3.3044038 3.3043937 3.3043836 3.3043734 3.3043633 3.3043531 3.3043428 3.3043326 3.3043224 3.3043121 3.3043018 3.3042915 3.3042811 3.3042708 3.3042604 3.30425 3.3042396 3.3042292 3.3042188 3.3042084 3.3041979 3.3041875 3.304177
3.304767 3.3047584 3.3047498 3.3047411 3.3047323 3.3047235 3.3047146 3.3047056 3.3046966 3.3046876 3.3046784 3.3046693 3.30466 3.3046508 3.3046414 3.3046321 3.3046226 3.3046132 3.3046037 3.3045941 3.3045845 3.3045749 3.3045652 3.3045554 3.3045457 3.3045359 3.3045261 3.3045162 3.3045063 3.3044963 3.3044864 3.3044764 3.3044663 3.3044563 3.3044462 3.3044361 3.3044259 3.3044157 3.3044055 3.3043953 3.3043851 3.3043748 3.3043645 3.3043542 3.3043439 3.3043335 3.3043231 3.3043128 3.3043023 3.3042919 3.3042815 3.304271 3.3042606 3.3042501 3.3042396 3.3042291 3.3042185 3.304208 3.3041974 3.3041869
3.3047832 3.3047745 3.3047657 3.3047569 3.304748 3.304739 3.30473 3.304721 3.3047118 3.3047026 3.3046934 3.3046841 3.3046747 3.3046653 3.3046559 3.3046464 3.3046369 3.3046273 3.3046176 3.304608 3.3045983 3.3045885 3.3045787 3.3045689 3.304559 3.3045491 3.3045391 3.3045292 3.3045191 3.3045091 3.304499 3.3044889 3.3044788 3.3044686 3.3044584 3.3044482 3.3044379 3.3044277 3.3044174 3.304407 3.3043967 3.3043863 3.3043759 3.3043655 3.3043551 3.3043447 3.3043342 3.3043237 3.3043132 3.3043027 3.3042922 3.3042816 3.304271 3.3042605 3.3042499 3.3042393 3.3042287 3.304218 3.3042074 3.3041968
3.3047994 3.3047906 3.3047817 3.3047727 3.3047637 3.3047546 3.3047455 3.3047363 3.304727 3.3047177 3.3047083 3.3046989 3.3046894 3.3046799 3.3046703 3.3046607 3.3046511 3.3046414 3.3046316 3.3046218 3.304612 3.3046021 3.3045922 3.3045823 3.3045723 3.3045623 3.3045522 3.3045421 3.304532 3.3045218 3.3045116 3.3045014 3.3044912 3.3044809 3.3044706 3.3044603 3.3044499 3.3044396 3.3044292 3.3044187 3.3044083 3.3043978 3.3043873 3.3043768 3.3043663 3.3043558 3.3043452 3.3043346 3.304324 3.3043134 3.3043028 3.3042922 3.3042815 3.3042708 3.3042602 3.3042495 3.3042388 3.3042281 3.3042173 3.3042066
3.3048157 3.3048067 3.3047976 3.3047886 3.3047794 3.3047702 3.3047609 3.3047516 3.3047422 3.3047327 3.3047232 3.3047137 3.3047041 3.3046945 3.3046848 3.304675 3.3046653 3.3046554 3.3046456 3.3046357 3.3046257 3.3046157 3.3046057 3.3045956 3.3045855 3.3045754 3.3045652 3.304555 3.3045448 3.3045345 3.3045242 3.3045139 3.3045036 3.3044932 3.3044828 3.3044724 3.3044619 3.3044514 3.3044409 3.3044304 3.3044199 3.3044093 3.3043987 3.3043881 3.3043775 3.3043668 3.3043562 3.3043455 3.3043348 3.3043241 3.3043134 3.3043027 3.3042919 3.3042812 3.3042704 3.3042596 3.3042488 3.304238 3.3042272 3.3042164
3.3048319 3.3048228 3.3048136 3.3048044 3.3047951 3.3047857 3.3047763 3.3047669 3.3047573 3.3047478 3.3047382 3.3047285 3.3047188 3.304709 3.3046992 3.3046893 3.3046794 3.3046695 3.3046595 3.3046495 3.3046394 3.3046293 3.3046192 3.304609 3.3045988 3.3045885 3.3045783 3.3045679 3.3045576 3.3045472 3.3045368 3.3045264 3.3045159 3.3045055 3.3044949 3.3044844 3.3044738 3.3044633 3.3044527 3.304442 3.3044314 3.3044207 3.30441 3.3043993 3.3043886 3.3043779 3.3043671 3.3043564 3.3043456 3.3043348 3.304324 3.3043132 3.3043023 3.3042915 3.3042806 3.3042697 3.3042589 3.304248 3.3042371 3.3042262
3.3048481 3.3048388 3.3048295 3.3048202 3.3048107 3.3048013 3.3047917 3.3047821 3.3047725 3.3047628 3.304753 3.3047433 3.3047334 3.3047235 3.3047136 3.3047036 3.3046936 3.3046835 3.3046734 3.3046633 3.3046531 3.3046429 3.3046326 3.3046223 3.304612 3.3046016 3.3045912 3.3045808 3.3045704 3.3045599 3.3045494 3.3045388 3.3045283 3.3045177 3.3045071 3.3044964 3.3044858 3.3044751 3.3044644 3.3044536 3.3044429 3.3044321 3.3044214 3.3044106 3.3043997 3.3043889 3.3043781 3.3043672 3.3043563 3.3043454 3.3043345 3.3043236 3.3043127 3.3043017 3.3042908 3.3042798 3.3042689 3.3042579 3.3042469 3.3042359
3.3048643 3.3048549 3.3048455 3.304836 3.3048264 3.3048168 3.3048071 3.3047974 3.3047876 3.3047778 3.3047679 3.304758 3.304748 3.304738 3.304728 3.3047179 3.3047077 3.3046975 3.3046873 3.304677 3.3046667 3.3046564 3.304646 3.3046356 3.3046252 3.3046147 3.3046042 3.3045937 3.3045831 3.3045725 3.3045619 3.3045513 3.3045406 3.3045299 3.3045192 3.3045084 3.3044977 3.3044869 3.3044761 3.3044652 3.3044544 3.3044435 3.3044326 3.3044217 3.3044108 3.3043999 3.3043889 3.304378 3.304367 3.304356 3.304345 3.304334 3.304323 3.304312 3.3043009 3.3042899 3.3042788 3.3042678 3.3042567 3.3042456
3.3048805 3.3048709 3.3048614 3.3048517 3.304842 3.3048323 3.3048225 3.3048126 3.3048027 3.3047928 3.3047828 3.3047727 3.3047626 3.3047525 3.3047423 3.3047321 3.3047218 3.3047115 3.3047012 3.3046908 3.3046804 3.3046699 3.3046594 3.3046489 3.3046384 3.3046278 3.3046172 3.3046065 3.3045958 3.3045851 3.3045744 3.3045636 3.3045529 3.3045421 3.3045312 3.3045204 3.3045095 3.3044986 3.3044877 3.3044768 3.3044658 3.3044549 3.3044439 3.3044329 3.3044219 3.3044108 3.3043998 3.3043887 3.3043777 3.3043666 3.3043555 3.3043444 3.3043333 3.3043222 3.304311 3.3042999 3.3042888 3.3042776 3.3042665 3.3042553
3.3048966 3.304887 3.3048773 3.3048675 3.3048577 3.3048478 3.3048379 3.3048279 3.3048178 3.3048078 3.3047976 3.3047875 3.3047772 3.304767 3.3047567 3.3047463 3.3047359 3.3047255 3.304715 3.3047045 3.304694 3.3046834 3.3046728 3.3046622 3.3046515 3.3046408 3.3046301 3.3046193 3.3046085 3.3045977 3.3045869 3.304576 3.3045651 3.3045542 3.3045433 3.3045323 3.3045213 3.3045103 3.3044993 3.3044883 3.3044772 3.3044662 3.3044551 3.304444 3.3044329 3.3044218 3.3044106 3.3043995 3.3043883 3.3043771 3.3043659 3.3043548 3.3043435 3.3043323 3.3043211 3.3043099 3.3042987 3.3042874 3.3042762 3.3042649
3.3049128 3.304903 3.3048932 3.3048832 3.3048733 3.3048633 3.3048532 3.3048431 3.3048329 3.3048227 3.3048125 3.3048022 3.3047918 3.3047814 3.304771 3.3047605 3.30475 3.3047394 3.3047289 3.3047182 3.3047076 3.3046969 3.3046862 3.3046754 3.3046646 3.3046538 3.304643 3.3046321 3.3046212 3.3046103 3.3045993 3.3045883 3.3045773 3.3045663 3.3045553 3.3045442 3.3045331 3.304522 3.3045109 3.3044998 3.3044886 3.3044775 3.3044663 3.3044551 3.3044439 3.3044326 3.3044214 3.3044102 3.3043989 3.3043876 3.3043764 3.3043651 3.3043538 3.3043425 3.3043312 3.3043198 3.3043085 3.3042972 3.3042858 3.3042745
3.3049289 3.304919 3.304909 3.304899 3.3048889 3.3048787 3.3048685 3.3048583 3.304848 3.3048377 3.3048273 3.3048168 3.3048064 3.3047958 3.3047853 3.3047747 3.304764 3.3047534 3.3047427 3.3047319 3.3047211 3.3047103 3.3046995 3.3046886 3.3046777 3.3046668 3.3046558 3.3046448 3.3046338 3.3046228 3.3046117 3.3046006 3.3045895 3.3045784 3.3045672 3.3045561 3.3045449 3.3045337 3.3045225 3.3045112 3.3045 3.3044887 3.3044774 3.3044661 3.3044548 3.3044435 3.3044322 3.3044208 3.3044095 3.3043981 3.3043867 3.3043753 3.3043639 3.3043526 3.3043412 3.3043297 3.3043183 3.3043069 3.3042955 3.3042841
3.3049451 3.304935 3.3049249 3.3049147 3.3049045 3.3048942 3.3048838 3.3048735 3.304863 3.3048526 3.304842 3.3048315 3.3048209 3.3048102 3.3047995 3.3047888 3.3047781 3.3047673 3.3047564 3.3047456 3.3047347 3.3047237 3.3047128 3.3047018 3.3046908 3.3046797 3.3046686 3.3046575 3.3046464 3.3046353 3.3046241 3.3046129 3.3046017 3.3045904 3.3045792 3.3045679 3.3045566 3.3045453 3.304534 3.3045226 3.3045113 3.3044999 3.3044885 3.3044771 3.3044657 3.3044543 3.3044429 3.3044314 3.30442 3.3044085 3.3043971 3.3043856 3.3043741 3.3043626 3.3043511 3.3043396 3.3043281 3.3043166 3.3043051 3.3042936
3.3049612 3.304951 3.3049407 3.3049304 3.30492 3.3049096 3.3048991 3.3048886 3.3048781 3.3048675 3.3048568 3.3048461 3.3048354 3.3048246 3.3048138 3.3048029 3.3047921 3.3047811 3.3047702 3.3047592 3.3047482 3.3047371 3.304726 3.3047149 3.3047038 3.3046926 3.3046814 3.3046702 3.304659 3.3046477 3.3046364 3.3046251 3.3046138 3.3046025 3.3045911 3.3045797 3.3045683 3.3045569 3.3045455 3.304534 3.3045226 3.3045111 3.3044996 3.3044881 3.3044766 3.3044651 3.3044535 3.304442 3.3044305 3.3044189 3.3044073 3.3043958 3.3043842 3.3043726 3.304361 3.3043494 3.3043378 3.3043263 3.3043147 3.3043031
3.3049773 3.3049669 3.3049565 3.3049461 3.3049356 3.304925 3.3049144 3.3049038 3.3048931 3.3048823 3.3048715 3.3048607 3.3048498 3.3048389 3.304828 3.304817 3.304806 3.304795 3.3047839 3.3047728 3.3047616 3.3047505 3.3047393 3.304728 3.3047168 3.3047055 3.3046942 3.3046829 3.3046715 3.3046601 3.3046487 3.3046373 3.3046259 3.3046144 3.304603 3.3045915 3.30458 3.3045684 3.3045569 3.3045454 3.3045338 3.3045222 3.3045106 3.304499 3.3044874 3.3044758 3.3044642 3.3044525 3.3044409 3.3044293 3.3044176 3.3044059 3.3043943 3.3043826 3.3043709 3.3043592 3.3043475 3.3043359 3.3043242 3.3043125
3.3049934 3.3049829 3.3049723 3.3049617 3.3049511 3.3049404 3.3049297 3.3049189 3.304908 3.3048972 3.3048862 3.3048753 3.3048643 3.3048533 3.3048422 3.3048311 3.30482 3.3048088 3.3047976 3.3047863 3.3047751 3.3047638 3.3047525 3.3047411 3.3047297 3.3047184 3.3047069 3.3046955 3.304684 3.3046725 3.304661 3.3046495 3.3046379 3.3046264 3.3046148 3.3046032 3.3045916 3.30458 3.3045683 3.3045567 3.304545 3.3045333 3.3045216 3.3045099 3.3044982 3.3044865 3.3044748 3.304463 3.3044513 3.3044396 3.3044278 3.3044161 3.3044043 3.3043925 3.3043808 3.304369 3.3043572 3.3043454 3.3043337 3.3043219
3.3050094 3.3049988 3.3049881 3.3049774 3.3049666 3.3049558 3.3049449 3.3049339 3.304923 3.304912 3.3049009 3.3048898 3.3048787 3.3048676 3.3048564 3.3048451 3.3048339 3.3048226 3.3048112 3.3047999 3.3047885 3.3047771 3.3047656 3.3047542 3.3047427 3.3047312 3.3047196 3.3047081 3.3046965 3.3046849 3.3046733 3.3046616 3.30465 3.3046383 3.3046266 3.3046149 3.3046032 3.3045914 3.3045797 3.3045679 3.3045562 3.3045444 3.3045326 3.3045208 3.304509 3.3044972 3.3044853 3.3044735 3.3044617 3.3044498 3.304438 3.3044261 3.3044143 3.3044024 3.3043906 3.3043787 3.3043668 3.304355 3.3043431 3.3043312
3.3050255 3.3050147 3.3050039 3.304993 3.3049821 3.3049711 3.3049601 3.304949 3.3049379 3.3049268 3.3049156 3.3049044 3.3048931 3.3048818 3.3048705 3.3048591 3.3048477 3.3048363 3.3048249 3.3048134 3.3048019 3.3047903 3.3047788 3.3047672 3.3047556 3.3047439 3.3047323 3.3047206 3.3047089 3.3046972 3.3046855 3.3046737 3.3046619 3.3046502 3.3046384 3.3046265 3.3046147 3.3046029 3.304591 3.3045792 3.3045673 3.3045554 3.3045435 3.3045316 3.3045197 3.3045078 3.3044959 3.3044839 3.304472 3.3044601 3.3044481 3.3044362 3.3044242 3.3044123 3.3044003 3.3043884 3.3043764 3.3043644 3.3043525 3.3043405
3.3050415 3.3050306 3.3050196 3.3050086 3.3049975 3.3049864 3.3049752 3.304964 3.3049528 3.3049415 3.3049302 3.3049188 3.3049075 3.304896 3.3048846 3.3048731 3.3048616 3.30485 3.3048384 3.3048268 3.3048152 3.3048036 3.3047919 3.3047802 3.3047684 3.3047567 3.3047449 3.3047331 3.3047213 3.3047095 3.3046976 3.3046858 3.3046739 3.304662 3.3046501 3.3046382 3.3046262 3.3046143 3.3046023 3.3045903 3.3045784 3.3045664 3.3045544 3.3045424 3.3045304 3.3045183 3.3045063 3.3044943 3.3044823 3.3044702 3.3044582 3.3044462 3.3044341 3.3044221 3.30441 3.304398 3.3043859 3.3043739 3.3043618 3.3043498
3.3050575 3.3050464 3.3050353 3.3050241 3.3050129 3.3050017 3.3049904 3.304979 3.3049677 3.3049562 3.3049448 3.3049333 3.3049218 3.3049102 3.3048986 3.304887 3.3048754 3.3048637 3.304852 3.3048403 3.3048285 3.3048167 3.3048049 3.3047931 3.3047813 3.3047694 3.3047575 3.3047456 3.3047337 3.3047217 3.3047097 3.3046978 3.3046858 3.3046738 3.3046618 3.3046497 3.3046377 3.3046256 3.3046136 3.3046015 3.3045894 3.3045773 3.3045652 3.3045531 3.304541 3.3045289 3.3045168 3.3045046 3.3044925 3.3044804 3.3044682 3.3044561 3.304444 3.3044318 3.3044197 3.3044075 3.3043954 3.3043833 3.3043711 3.304359
3.3050735 3.3050622 3.305051 3.3050397 3.3050283 3.3050169 3.3050055 3.304994 3.3049825 3.3049709 3.3049594 3.3049477 3.3049361 3.3049244 3.3049127 3.3049009 3.3048892 3.3048774 3.3048655 3.3048537 3.3048418 3.3048299 3.304818 3.304806 3.304794 3.304782 3.30477 3.304758 3.304746 3.3047339 3.3047218 3.3047097 3.3046976 3.3046855 3.3046734 3.3046612 3.3046491 3.3046369 3.3046248 3.3046126 3.3046004 3.3045882 3.304576 3.3045638 3.3045516 3.3045394 3.3045271 3.3045149 3.3045027 3.3044905 3.3044782 3.304466 3.3044538 3.3044415 3.3044293 3.3044171 3.3044048 3.3043926 3.3043804 3.3043682
3.3050894 3.305078 3.3050666 3.3050552 3.3050437 3.3050321 3.3050206 3.3050089 3.3049973 3.3049856 3.3049739 3.3049621 3.3049503 3.3049385 3.3049267 3.3049148 3.3049029 3.304891 3.304879 3.304867 3.304855 3.304843 3.3048309 3.3048189 3.3048068 3.3047947 3.3047825 3.3047704 3.3047582 3.3047461 3.3047339 3.3047217 3.3047095 3.3046972 3.304685 3.3046727 3.3046605 3.3046482 3.3046359 3.3046236 3.3046113 3.304599 3.3045867 3.3045744 3.3045621 3.3045498 3.3045375 3.3045252 3.3045128 3.3045005 3.3044882 3.3044759 3.3044635 3.3044512 3.3044389 3.3044266 3.3044142 3.3044019 3.3043896 3.3043773
3.3051053 3.3050938 3.3050822 3.3050706 3.305059 3.3050473 3.3050356 3.3050238 3.3050121 3.3050002 3.3049884 3.3049765 3.3049646 3.3049526 3.3049406 3.3049286 3.3049166 3.3049045 3.3048924 3.3048803 3.3048682 3.3048561 3.3048439 3.3048317 3.3048195 3.3048073 3.304795 3.3047827 3.3047705 3.3047582 3.3047459 3.3047336 3.3047212 3.3047089 3.3046965 3.3046842 3.3046718 3.3046594 3.304647 3.3046346 3.3046223 3.3046098 3.3045974 3.304585 3.3045726 3.3045602 3.3045478 3.3045354 3.3045229 3.3045105 3.3044981 3.3044857 3.3044732 3.3044608 3.3044484 3.304436 3.3044236 3.3044112 3.3043988 3.3043864
3.3051212 3.3051095 3.3050978 3.3050861 3.3050743 3.3050625 3.3050506 3.3050387 3.3050268 3.3050148 3.3050028 3.3049908 3.3049787 3.3049667 3.3049546 3.3049424 3.3049302 3.3049181 3.3049058 3.3048936 3.3048814 3.3048691 3.3048568 3.3048445 3.3048321 3.3048198 3.3048074 3.304795 3.3047827 3.3047702 3.3047578 3.3047454 3.304733 3.3047205 3.304708 3.3046956 3.3046831 3.3046706 3.3046581 3.3046456 3.3046331 3.3046206 3.3046081 3.3045956 3.3045831 3.3045705 3.304558 3.3045455 3.304533 3.3045205 3.3045079 3.3044954 3.3044829 3.3044704 3.3044579 3.3044454 3.3044329 3.3044204 3.3044079 3.3043954
