Cobbity4/QGIS/AVE18_9000.asc
NCOLS 600
NROWS 390
XLLCORNER 150.661
YLLCORNER -34.0278
CELLSIZE 1e-05
NODATA_VALUE -9999
[rows 364 to 389 of 390, columns 120 to 179 of 600]
3.2527062 3.2526652 3.2526267 3.2525907 3.2525574 3.2525268 3.2524988 3.2524735 3.2524509 3.2524311 3.2524141 3.2523999 3.2523886 3.2523801 3.2523746 3.2523721 3.2523725 3.252376 3.2523825 3.2523922 3.2524049 3.2524209 3.25244 3.2524624 3.2524881 3.2525172 3.2525496 3.2525854 3.2526246 3.2526673 3.2527136 3.2527634 3.2528168 3.2528738 3.2529345 3.252999 3.2530672 3.2531391 3.2532149 3.2532946 3.2533782 3.2534657 3.2535571 3.2536526 3.2537521 3.2538556 3.2539632 3.2540749 3.2541907 3.2543106 3.2544348 3.254563 3.2546955 3.2548322 3.2549731 3.2551182 3.2552675 3.255421 3.2555787 3.2557407
3.2530386 3.2529993 3.2529624 3.2529281 3.2528964 3.2528673 3.2528409 3.2528171 3.2527961 3.2527778 3.2527622 3.2527495 3.2527396 3.2527325 3.2527284 3.2527271 3.2527289 3.2527336 3.2527414 3.2527523 3.2527662 3.2527833 3.2528035 3.252827 3.2528537 3.2528837 3.2529171 3.2529537 3.2529938 3.2530373 3.2530843 3.2531348 3.2531889 3.2532465 3.2533078 3.2533727 3.2534413 3.2535136 3.2535897 3.2536695 3.2537532 3.2538408 3.2539322 3.2540276 3.2541269 3.2542302 3.2543374 3.2544487 3.254564 3.2546834 3.2548068 3.2549344 3.255066 3.2552017 3.2553415 3.2554854 3.2556335 3.2557857 3.255942 3.2561023
3.2533672 3.2533295 3.2532942 3.2532615 3.2532314 3.2532038 3.2531789 3.2531566 3.2531371 3.2531202 3.2531061 3.2530947 3.2530862 3.2530805 3.2530776 3.2530777 3.2530807 3.2530867 3.2530956 3.2531076 3.2531227 3.2531409 3.2531622 3.2531867 3.2532144 3.2532453 3.2532795 3.253317 3.2533579 3.2534022 3.2534499 3.253501 3.2535556 3.2536138 3.2536755 3.2537409 3.2538098 3.2538824 3.2539588 3.2540388 3.2541226 3.2542102 3.2543016 3.2543968 3.2544959 3.2545989 3.2547058 3.2548167 3.2549314 3.2550502 3.2551729 3.2552997 3.2554304 3.2555651 3.2557039 3.2558467 3.2559935 3.2561443 3.2562992 3.256458
3.253692 3.2536558 3.2536221 3.253591 3.2535624 3.2535363 3.2535129 3.2534921 3.2534739 3.2534585 3.2534457 3.2534357 3.2534285 3.2534241 3.2534225 3.2534238 3.253428 3.2534352 3.2534453 3.2534584 3.2534745 3.2534937 3.253516 3.2535415 3.2535701 3.2536019 3.253637 3.2536753 3.2537169 3.2537619 3.2538102 3.253862 3.2539172 3.2539758 3.254038 3.2541037 3.254173 3.2542458 3.2543223 3.2544025 3.2544864 3.2545739 3.2546653 3.2547603 3.2548592 3.2549619 3.2550684 3.2551788 3.255293 3.2554112 3.2555332 3.2556591 3.255789 3.2559227 3.2560604 3.256202 3.2563476 3.2564971 3.2566505 3.2568078
3.254013 3.2539784 3.2539462 3.2539166 3.2538895 3.2538649 3.2538429 3.2538235 3.2538067 3.2537926 3.2537812 3.2537725 3.2537666 3.2537634 3.2537631 3.2537656 3.2537709 3.2537792 3.2537904 3.2538046 3.2538218 3.253842 3.2538652 3.2538916 3.2539211 3.2539537 3.2539896 3.2540286 3.254071 3.2541166 3.2541655 3.2542178 3.2542735 3.2543326 3.2543952 3.2544612 3.2545308 3.2546039 3.2546806 3.2547608 3.2548447 3.2549322 3.2550234 3.2551183 3.2552169 3.2553193 3.2554254 3.2555353 3.255649 3.2557664 3.2558877 3.2560128 3.2561418 3.2562746 3.2564112 3.2565517 3.256696 3.2568441 3.2569961 3.2571519
3.2543303 3.2542972 3.2542666 3.2542384 3.2542127 3.2541895 3.2541689 3.2541509 3.2541355 3.2541227 3.2541126 3.2541051 3.2541004 3.2540985 3.2540993 3.254103 3.2541095 3.2541188 3.2541311 3.2541463 3.2541644 3.2541856 3.2542098 3.254237 3.2542673 3.2543008 3.2543374 3.2543771 3.2544201 3.2544664 3.2545159 3.2545687 3.2546249 3.2546844 3.2547473 3.2548136 3.2548834 3.2549567 3.2550335 3.2551138 3.2551977 3.2552851 3.2553762 3.2554709 3.2555692 3.2556712 3.2557769 3.2558863 3.2559994 3.2561162 3.2562367 3.256361 3.256489 3.2566208 3.2567564 3.2568957 3.2570387 3.2571855 3.2573361 3.2574904
3.254644 3.2546124 3.2545832 3.2545564 3.2545321 3.2545103 3.2544911 3.2544744 3.2544603 3.2544488 3.2544399 3.2544337 3.2544302 3.2544294 3.2544314 3.2544362 3.2544437 3.2544541 3.2544674 3.2544836 3.2545027 3.2545247 3.2545498 3.2545779 3.254609 3.2546432 3.2546805 3.2547209 3.2547645 3.2548113 3.2548614 3.2549147 3.2549712 3.2550311 3.2550944 3.255161 3.255231 3.2553044 3.2553813 3.2554616 3.2555455 3.2556328 3.2557237 3.2558181 3.2559162 3.2560178 3.256123 3.2562319 3.2563443 3.2564605 3.2565803 3.2567037 3.2568308 3.2569616 3.2570961 3.2572342 3.2573761 3.2575215 3.2576707 3.2578234
3.2549541 3.2549239 3.2548961 3.2548707 3.2548478 3.2548274 3.2548094 3.254794 3.2547812 3.2547709 3.2547633 3.2547583 3.2547559 3.2547563 3.2547593 3.2547652 3.2547738 3.2547852 3.2547994 3.2548165 3.2548365 3.2548595 3.2548853 3.2549142 3.2549461 3.254981 3.2550189 3.25506 3.2551042 3.2551515 3.2552021 3.2552558 3.2553128 3.255373 3.2554365 3.2555034 3.2555735 3.2556471 3.255724 3.2558043 3.2558881 3.2559753 3.256066 3.2561602 3.2562579 3.2563591 3.2564639 3.2565722 3.256684 3.2567995 3.2569185 3.2570411 3.2571673 3.2572971 3.2574305 3.2575675 3.257708 3.2578522 3.2579999 3.2581512
3.2552607 3.2552319 3.2552054 3.2551814 3.2551598 3.2551407 3.255124 3.2551099 3.2550982 3.2550892 3.2550827 3.2550788 3.2550776 3.2550791 3.2550832 3.25509 3.2550996 3.255112 3.2551272 3.2551452 3.2551661 3.2551898 3.2552165 3.2552461 3.2552787 3.2553143 3.2553529 3.2553945 3.2554393 3.2554871 3.2555381 3.2555922 3.2556495 3.2557101 3.2557738 3.2558409 3.2559112 3.2559848 3.2560618 3.2561421 3.2562257 3.2563128 3.2564033 3.2564972 3.2565945 3.2566953 3.2567996 3.2569073 3.2570186 3.2571333 3.2572515 3.2573733 3.2574986 3.2576274 3.2577597 3.2578955 3.2580348 3.2581777 3.258324 3.2584738
3.2555637 3.2555363 3.2555112 3.2554885 3.2554682 3.2554503 3.2554349 3.255422 3.2554115 3.2554036 3.2553983 3.2553955 3.2553954 3.2553979 3.255403 3.2554109 3.2554214 3.2554347 3.2554508 3.2554697 3.2554914 3.2555159 3.2555434 3.2555737 3.2556069 3.2556432 3.2556824 3.2557246 3.2557698 3.2558181 3.2558695 3.255924 3.2559816 3.2560425 3.2561064 3.2561736 3.2562441 3.2563177 3.2563947 3.2564749 3.2565585 3.2566454 3.2567356 3.2568292 3.2569261 3.2570265 3.2571303 3.2572374 3.257348 3.2574621 3.2575795 3.2577004 3.2578248 3.2579526 3.2580838 3.2582185 3.2583566 3.2584981 3.258643 3.2587914
3.2558633 3.2558372 3.2558134 3.255792 3.255773 3.2557563 3.2557421 3.2557303 3.2557211 3.2557143 3.2557101 3.2557084 3.2557093 3.2557128 3.2557189 3.2557277 3.2557392 3.2557534 3.2557703 3.25579 3.2558125 3.2558378 3.255866 3.255897 3.2559309 3.2559677 3.2560074 3.2560502 3.2560959 3.2561446 3.2561964 3.2562512 3.2563092 3.2563702 3.2564344 3.2565017 3.2565722 3.2566459 3.2567228 3.256803 3.2568864 3.2569731 3.2570631 3.2571563 3.2572529 3.2573528 3.257456 3.2575626 3.2576726 3.2577859 3.2579025 3.2580226 3.258146 3.2582728 3.2584029 3.2585364 3.2586733 3.2588136 3.2589571 3.259104
3.2561596 3.2561347 3.2561122 3.256092 3.2560742 3.2560587 3.2560457 3.2560351 3.2560269 3.2560212 3.2560181 3.2560174 3.2560193 3.2560238 3.2560309 3.2560407 3.256053 3.2560681 3.2560858 3.2561063 3.2561296 3.2561556 3.2561844 3.2562161 3.2562506 3.256288 3.2563282 3.2563714 3.2564176 3.2564667 3.2565189 3.256574 3.2566322 3.2566934 3.2567578 3.2568252 3.2568958 3.2569695 3.2570464 3.2571264 3.2572096 3.2572961 3.2573858 3.2574787 3.2575749 3.2576743 3.257777 3.257883 3.2579923 3.2581048 3.2582207 3.2583399 3.2584624 3.2585881 3.2587172 3.2588496 3.2589852 3.2591242 3.2592664 3.2594119
3.2564524 3.2564288 3.2564075 3.2563886 3.2563719 3.2563576 3.2563457 3.2563362 3.2563292 3.2563245 3.2563224 3.2563228 3.2563257 3.2563311 3.2563391 3.2563497 3.2563629 3.2563788 3.2563974 3.2564186 3.2564426 3.2564693 3.2564988 3.256531 3.2565661 3.256604 3.2566448 3.2566885 3.256735 3.2567845 3.256837 3.2568924 3.2569508 3.2570122 3.2570767 3.2571442 3.2572148 3.2572885 3.2573653 3.2574452 3.2575283 3.2576145 3.2577039 3.2577964 3.2578922 3.2579911 3.2580933 3.2581986 3.2583073 3.2584191 3.2585342 3.2586525 3.258774 3.2588988 3.2590268 3.259158 3.2592924 3.2594301 3.259571 3.259715
3.256742 3.2567196 3.2566995 3.2566817 3.2566662 3.2566531 3.2566423 3.2566338 3.2566278 3.2566242 3.2566231 3.2566244 3.2566283 3.2566346 3.2566435 3.256655 3.256669 3.2566857 3.256705 3.256727 3.2567516 3.256779 3.2568091 3.2568419 3.2568775 3.256916 3.2569572 3.2570013 3.2570482 3.2570981 3.2571508 3.2572065 3.2572651 3.2573267 3.2573913 3.2574588 3.2575294 3.2576031 3.2576798 3.2577595 3.2578424 3.2579283 3.2580174 3.2581096 3.2582049 3.2583033 3.2584049 3.2585097 3.2586176 3.2587287 3.258843 3.2589604 3.259081 3.2592048 3.2593317 3.2594618 3.259595 3.2597314 3.2598709 3.2600136
3.2570282 3.2570071 3.2569882 3.2569715 3.2569571 3.2569451 3.2569353 3.256928 3.256923 3.2569204 3.2569202 3.2569225 3.2569272 3.2569344 3.2569442 3.2569565 3.2569713 3.2569887 3.2570088 3.2570314 3.2570568 3.2570847 3.2571154 3.2571488 3.2571849 3.2572238 3.2572655 3.25731 3.2573573 3.2574074 3.2574605 3.2575163 3.2575751 3.2576369 3.2577015 3.2577691 3.2578397 3.2579133 3.2579898 3.2580694 3.2581521 3.2582377 3.2583265 3.2584182 3.2585131 3.258611 3.2587121 3.2588162 3.2589235 3.2590338 3.2591472 3.2592638 3.2593835 3.2595062 3.2596321 3.259761 3.2598931 3.2600282 3.2601664 3.2603076
3.2573113 3.2572913 3.2572735 3.257258 3.2572447 3.2572337 3.257225 3.2572187 3.2572146 3.257213 3.2572138 3.257217 3.2572226 3.2572307 3.2572412 3.2572543 3.2572699 3.2572881 3.2573088 3.2573321 3.257358 3.2573866 3.2574179 3.2574518 3.2574884 3.2575277 3.2575698 3.2576147 3.2576623 3.2577127 3.257766 3.2578221 3.257881 3.2579428 3.2580075 3.2580752 3.2581457 3.2582192 3.2582956 3.258375 3.2584574 3.2585428 3.2586312 3.2587225 3.2588169 3.2589144 3.2590148 3.2591183 3.2592249 3.2593345 3.2594471 3.2595628 3.2596815 3.2598032 3.259928 3.2600559 3.2601867 3.2603206 3.2604575 3.2605973
3.2575912 3.2575723 3.2575557 3.2575412 3.257529 3.257519 3.2575113 3.257506 3.2575029 3.2575022 3.2575039 3.2575079 3.2575144 3.2575233 3.2575347 3.2575485 3.2575648 3.2575837 3.2576051 3.257629 3.2576556 3.2576847 3.2577165 3.2577509 3.257788 3.2578277 3.2578702 3.2579154 3.2579633 3.258014 3.2580675 3.2581237 3.2581828 3.2582447 3.2583094 3.2583771 3.2584475 3.2585209 3.2585972 3.2586764 3.2587585 3.2588436 3.2589316 3.2590226 3.2591165 3.2592134 3.2593133 3.2594161 3.259522 3.2596308 3.2597426 3.2598574 3.2599752 3.2600959 3.2602197 3.2603464 3.2604761 3.2606087 3.2607443 3.2608828
3.257868 3.2578502 3.2578346 3.2578212 3.25781 3.257801 3.2577943 3.2577899 3.2577878 3.257788 3.2577905 3.2577954 3.2578027 3.2578124 3.2578245 3.2578391 3.2578561 3.2578757 3.2578977 3.2579223 3.2579494 3.2579791 3.2580113 3.2580462 3.2580837 3.2581239 3.2581667 3.2582122 3.2582604 3.2583113 3.258365 3.2584214 3.2584806 3.2585425 3.2586073 3.2586749 3.2587453 3.2588185 3.2588946 3.2589736 3.2590555 3.2591402 3.2592278 3.2593184 3.2594118 3.2595082 3.2596075 3.2597097 3.2598148 3.2599229 3.2600339 3.2601478 3.2602646 3.2603844 3.2605071 3.2606327 3.2607612 3.2608926 3.2610268 3.261164
3.2581416 3.2581249 3.2581104 3.258098 3.2580878 3.2580798 3.2580741 3.2580706 3.2580694 3.2580704 3.2580738 3.2580796 3.2580876 3.2580981 3.2581109 3.2581262 3.2581439 3.2581641 3.2581867 3.2582119 3.2582395 3.2582697 3.2583025 3.2583378 3.2583757 3.2584162 3.2584594 3.2585051 3.2585536 3.2586047 3.2586586 3.2587151 3.2587744 3.2588364 3.2589011 3.2589687 3.259039 3.2591121 3.259188 3.2592668 3.2593483 3.2594327 3.25952 3.2596101 3.259703 3.2597988 3.2598975 3.2599991 3.2601035 3.2602108 3.260321 3.260434 3.2605499 3.2606687 3.2607903 3.2609148 3.2610422 3.2611723 3.2613053 3.2614411
3.2584123 3.2583966 3.2583831 3.2583717 3.2583625 3.2583554 3.2583506 3.258348 3.2583477 3.2583496 3.2583538 3.2583603 3.2583692 3.2583803 3.2583939 3.2584099 3.2584282 3.258449 3.2584722 3.2584979 3.2585261 3.2585568 3.25859 3.2586257 3.258664 3.2587048 3.2587483 3.2587943 3.258843 3.2588944 3.2589483 3.259005 3.2590643 3.2591263 3.2591911 3.2592586 3.2593288 3.2594017 3.2594774 3.2595559 3.2596372 3.2597212 3.2598081 3.2598977 3.2599902 3.2600854 3.2601835 3.2602844 3.2603881 3.2604947 3.260604 3.2607162 3.2608312 3.260949 3.2610696 3.2611929 3.2613191 3.2614481 3.2615798 3.2617143
3.2586799 3.2586652 3.2586527 3.2586423 3.258634 3.2586279 3.258624 3.2586222 3.2586227 3.2586255 3.2586305 3.2586378 3.2586473 3.2586592 3.2586735 3.2586901 3.2587091 3.2587304 3.2587542 3.2587804 3.2588091 3.2588402 3.2588739 3.25891 3.2589486 3.2589898 3.2590335 3.2590799 3.2591287 3.2591802 3.2592343 3.2592911 3.2593505 3.2594125 3.2594772 3.2595446 3.2596147 3.2596874 3.2597629 3.2598412 3.2599221 3.2600058 3.2600922 3.2601814 3.2602734 3.2603681 3.2604655 3.2605658 3.2606688 3.2607745 3.2608831 3.2609944 3.2611084 3.2612252 3.2613448 3.2614671 3.2615921 3.2617199 3.2618503 3.2619835
3.2589446 3.2589309 3.2589193 3.2589098 3.2589025 3.2588973 3.2588942 3.2588933 3.2588946 3.2588982 3.2589039 3.2589119 3.2589222 3.2589348 3.2589497 3.2589669 3.2589865 3.2590085 3.2590328 3.2590595 3.2590886 3.2591202 3.2591542 3.2591907 3.2592297 3.2592712 3.2593152 3.2593617 3.2594108 3.2594624 3.2595167 3.2595735 3.2596329 3.2596949 3.2597595 3.2598268 3.2598968 3.2599694 3.2600446 3.2601226 3.2602032 3.2602865 3.2603725 3.2604613 3.2605527 3.2606468 3.2607437 3.2608432 3.2609455 3.2610505 3.2611582 3.2612687 3.2613818 3.2614976 3.2616162 3.2617374 3.2618613 3.2619878 3.262117 3.2622489
3.2592063 3.2591936 3.259183 3.2591744 3.2591679 3.2591636 3.2591614 3.2591613 3.2591634 3.2591677 3.2591742 3.2591829 3.2591939 3.2592072 3.2592227 3.2592405 3.2592607 3.2592831 3.259308 3.2593352 3.2593647 3.2593967 3.2594311 3.259468 3.2595073 3.259549 3.2595933 3.25964 3.2596893 3.259741 3.2597953 3.2598522 3.2599116 3.2599736 3.2600382 3.2601054 3.2601751 3.2602475 3.2603226 3.2604002 3.2604805 3.2605634 3.260649 3.2607373 3.2608282 3.2609218 3.261018 3.2611169 3.2612185 3.2613227 3.2614296 3.2615391 3.2616513 3.2617662 3.2618837 3.2620038 3.2621266 3.262252 3.26238 3.2625106
3.2594652 3.2594534 3.2594437 3.259436 3.2594304 3.2594269 3.2594255 3.2594262 3.2594291 3.2594341 3.2594413 3.2594508 3.2594624 3.2594763 3.2594924 3.2595108 3.2595315 3.2595545 3.2595798 3.2596075 3.2596375 3.2596699 3.2597046 3.2597418 3.2597814 3.2598234 3.2598679 3.2599148 3.2599642 3.2600161 3.2600704 3.2601273 3.2601868 3.2602487 3.2603132 3.2603802 3.2604499 3.260522 3.2605968 3.2606742 3.2607541 3.2608367 3.2609218 3.2610096 3.2611 3.261193 3.2612886 3.2613868 3.2614876 3.2615911 3.2616972 3.2618059 3.2619172 3.2620311 3.2621475 3.2622666 3.2623883 3.2625125 3.2626392 3.2627685
3.2597212 3.2597103 3.2597015 3.2596947 3.2596899 3.2596872 3.2596866 3.2596881 3.2596917 3.2596975 3.2597054 3.2597155 3.2597278 3.2597422 3.259759 3.2597779 3.2597991 3.2598226 3.2598484 3.2598765 3.2599069 3.2599397 3.2599748 3.2600123 3.2600521 3.2600944 3.260139 3.2601861 3.2602356 3.2602876 3.2603421 3.260399 3.2604584 3.2605202 3.2605846 3.2606516 3.260721 3.2607929 3.2608674 3.2609445 3.2610241 3.2611062 3.261191 3.2612782 3.2613681 3.2614605 3.2615555 3.261653 3.2617532 3.2618559 3.2619611 3.2620689 3.2621793 3.2622923 3.2624077 3.2625257 3.2626463 3.2627693 3.2628949 3.2630229
3.2599744 3.2599644 3.2599564 3.2599505 3.2599465 3.2599446 3.2599448 3.259947 3.2599514 3.2599578 3.2599664 3.2599771 3.25999 3.2600051 3.2600224 3.2600419 3.2600636 3.2600876 3.2601138 3.2601423 3.2601731 3.2602062 3.2602416 3.2602794 3.2603195 3.260362 3.2604068 3.2604541 3.2605037 3.2605557 3.2606102 3.2606671 3.2607265 3.2607883 3.2608526 3.2609193 3.2609886 3.2610603 3.2611345 3.2612113 3.2612905 3.2613722 3.2614565 3.2615433 3.2616326 3.2617244 3.2618188 3.2619157 3.2620151 3.262117 3.2622215 3.2623284 3.2624379 3.2625499 3.2626644 3.2627813 3.2629007 3.2630226 3.263147 3.2632738
