Cobbity4/QGIS/AVE11.asc
NCOLS 600
NROWS 390
XLLCORNER 150.66
YLLCORNER -34.0277
CELLSIZE 1e-05
NODATA_VALUE -9999
[rows 26 to 51 of 390, columns 0 to 59 of 600]
4.5687274 4.5686262 4.5685249 4.5684237 4.5683225 4.5682213 4.5681202 4.568019 4.5679178 4.5678167 4.5677156 4.5676145 4.5675134 4.5674124 4.5673114 4.5672104 4.5671095 4.5670086 4.5669078 4.5668069 4.5667062 4.5666055 4.5665048 4.5664042 4.5663037 4.5662032 4.5661027 4.5660024 4.5659021 4.5658018 4.5657016 4.5656015 4.5655015 4.5654016 4.5653017 4.5652019 4.5651022 4.5650026 4.564903 4.5648036 4.5647042 4.5646049 4.5645058 4.5644067 4.5643077 4.5642087 4.5641099 4.5640112 4.5639126 4.5638141 4.5637157 4.5636173 4.5635191 4.563421 4.563323 4.5632251 4.5631272 4.5630295 4.5629319 4.5628344
4.5684763 4.5683736 4.5682709 4.5681682 4.5680655 4.5679628 4.5678601 4.5677574 4.5676547 4.567552 4.5674494 4.5673467 4.5672441 4.5671414 4.5670388 4.5669363 4.5668337 4.5667312 4.5666287 4.5665262 4.5664238 4.5663214 4.5662191 4.5661168 4.5660145 4.5659123 4.5658102 4.5657081 4.565606 4.565504 4.5654021 4.5653002 4.5651984 4.5650966 4.564995 4.5648933 4.5647918 4.5646903 4.5645889 4.5644876 4.5643863 4.5642851 4.564184 4.564083 4.5639821 4.5638812 4.5637804 4.5636797 4.5635791 4.5634786 4.5633781 4.5632778 4.5631775 4.5630773 4.5629772 4.5628772 4.5627773 4.5626774 4.5625777 4.562478
4.5682248 4.5681206 4.5680164 4.5679122 4.567808 4.5677038 4.5675996 4.5674953 4.5673911 4.5672869 4.5671826 4.5670784 4.5669742 4.5668699 4.5667657 4.5666615 4.5665574 4.5664532 4.5663491 4.5662449 4.5661408 4.5660368 4.5659328 4.5658287 4.5657248 4.5656208 4.565517 4.5654131 4.5653093 4.5652055 4.5651018 4.5649981 4.5648945 4.5647909 4.5646874 4.564584 4.5644806 4.5643772 4.5642739 4.5641707 4.5640676 4.5639645 4.5638614 4.5637585 4.5636556 4.5635527 4.56345 4.5633473 4.5632447 4.5631421 4.5630397 4.5629372 4.5628349 4.5627326 4.5626305 4.5625283 4.5624263 4.5623243 4.5622224 4.5621205
4.5679728 4.5678672 4.5677615 4.5676558 4.5675501 4.5674443 4.5673386 4.5672328 4.567127 4.5670212 4.5669154 4.5668095 4.5667037 4.5665979 4.5664921 4.5663862 4.5662804 4.5661746 4.5660688 4.565963 4.5658573 4.5657515 4.5656458 4.56554 4.5654344 4.5653287 4.565223 4.5651174 4.5650119 4.5649063 4.5648008 4.5646953 4.5645899 4.5644845 4.5643791 4.5642738 4.5641686 4.5640633 4.5639582 4.563853 4.563748 4.5636429 4.563538 4.5634331 4.5633282 4.5632234 4.5631186 4.5630139 4.5629093 4.5628047 4.5627002 4.5625957 4.5624913 4.562387 4.5622827 4.5621784 4.5620742 4.5619701 4.561866 4.561762
4.5677205 4.5676133 4.5675062 4.5673989 4.5672917 4.5671844 4.5670771 4.5669697 4.5668624 4.566755 4.5666476 4.5665402 4.5664327 4.5663253 4.5662179 4.5661104 4.5660029 4.5658955 4.565788 4.5656805 4.5655731 4.5654656 4.5653581 4.5652507 4.5651433 4.5650359 4.5649285 4.5648211 4.5647137 4.5646064 4.5644991 4.5643918 4.5642845 4.5641773 4.5640701 4.5639629 4.5638558 4.5637486 4.5636416 4.5635345 4.5634275 4.5633206 4.5632136 4.5631068 4.5629999 4.5628931 4.5627864 4.5626796 4.562573 4.5624663 4.5623598 4.5622532 4.5621467 4.5620402 4.5619338 4.5618274 4.5617211 4.5616148 4.5615085 4.5614023
4.5674677 4.5673591 4.5672504 4.5671416 4.5670328 4.566924 4.5668151 4.5667062 4.5665973 4.5664883 4.5663793 4.5662703 4.5661613 4.5660522 4.5659431 4.565834 4.5657249 4.5656157 4.5655066 4.5653974 4.5652883 4.5651791 4.5650699 4.5649607 4.5648516 4.5647424 4.5646332 4.5645241 4.5644149 4.5643058 4.5641966 4.5640875 4.5639784 4.5638693 4.5637603 4.5636512 4.5635422 4.5634332 4.5633242 4.5632152 4.5631063 4.5629974 4.5628885 4.5627796 4.5626708 4.562562 4.5624532 4.5623444 4.5622357 4.562127 4.5620184 4.5619097 4.5618011 4.5616925 4.561584 4.5614755 4.561367 4.5612585 4.56115 4.5610416
4.5672145 4.5671044 4.5669941 4.5668839 4.5667735 4.5666631 4.5665527 4.5664422 4.5663317 4.5662212 4.5661106 4.5659999 4.5658892 4.5657785 4.5656678 4.565557 4.5654462 4.5653354 4.5652246 4.5651137 4.5650029 4.564892 4.5647811 4.5646701 4.5645592 4.5644483 4.5643373 4.5642264 4.5641154 4.5640045 4.5638935 4.5637825 4.5636716 4.5635606 4.5634497 4.5633388 4.5632278 4.5631169 4.563006 4.5628951 4.5627842 4.5626733 4.5625624 4.5624516 4.5623408 4.5622299 4.5621191 4.5620083 4.5618975 4.5617868 4.561676 4.5615653 4.5614546 4.5613439 4.5612331 4.5611225 4.5610118 4.5609011 4.5607904 4.5606798
4.5669609 4.5668492 4.5667375 4.5666257 4.5665138 4.5664018 4.5662898 4.5661778 4.5660657 4.5659535 4.5658413 4.565729 4.5656167 4.5655044 4.565392 4.5652796 4.5651671 4.5650546 4.564942 4.5648295 4.5647169 4.5646042 4.5644916 4.5643789 4.5642662 4.5641535 4.5640408 4.563928 4.5638152 4.5637025 4.5635897 4.5634769 4.563364 4.5632512 4.5631384 4.5630255 4.5629127 4.5627999 4.562687 4.5625741 4.5624613 4.5623484 4.5622356 4.5621227 4.5620099 4.561897 4.5617842 4.5616713 4.5615585 4.5614456 4.5613327 4.5612199 4.561107 4.5609942 4.5608813 4.5607684 4.5606556 4.5605427 4.5604298 4.5603169
4.566707 4.5665937 4.5664804 4.5663671 4.5662536 4.5661401 4.5660265 4.5659129 4.5657992 4.5656854 4.5655715 4.5654577 4.5653437 4.5652297 4.5651156 4.5650015 4.5648874 4.5647732 4.5646589 4.5645446 4.5644303 4.5643159 4.5642015 4.5640871 4.5639726 4.5638581 4.5637436 4.563629 4.5635144 4.5633998 4.5632851 4.5631705 4.5630558 4.5629411 4.5628263 4.5627116 4.5625968 4.562482 4.5623672 4.5622524 4.5621376 4.5620227 4.5619079 4.561793 4.5616781 4.5615632 4.5614483 4.5613334 4.5612184 4.5611035 4.5609885 4.5608735 4.5607585 4.5606435 4.5605285 4.5604134 4.5602983 4.5601832 4.5600681 4.5599529
4.5664526 4.5663378 4.566223 4.5661081 4.565993 4.5658779 4.5657628 4.5656475 4.5655322 4.5654168 4.5653013 4.5651858 4.5650702 4.5649545 4.5648388 4.564723 4.5646071 4.5644912 4.5643753 4.5642592 4.5641432 4.564027 4.5639109 4.5637946 4.5636784 4.5635621 4.5634457 4.5633293 4.5632129 4.5630964 4.5629799 4.5628634 4.5627468 4.5626302 4.5625136 4.5623969 4.5622802 4.5621634 4.5620467 4.5619299 4.5618131 4.5616962 4.5615793 4.5614624 4.5613455 4.5612286 4.5611116 4.5609946 4.5608775 4.5607605 4.5606434 4.5605262 4.5604091 4.5602919 4.5601746 4.5600574 4.5599401 4.5598227 4.5597053 4.5595879
4.5661978 4.5660815 4.5659651 4.5658486 4.565732 4.5656154 4.5654986 4.5653817 4.5652648 4.5651477 4.5650306 4.5649134 4.5647962 4.5646788 4.5645614 4.5644439 4.5643264 4.5642087 4.564091 4.5639733 4.5638555 4.5637376 4.5636196 4.5635016 4.5633835 4.5632654 4.5631473 4.563029 4.5629107 4.5627924 4.562674 4.5625556 4.5624371 4.5623186 4.5622001 4.5620814 4.5619628 4.5618441 4.5617254 4.5616066 4.5614878 4.5613689 4.56125 4.561131 4.5610121 4.560893 4.560774 4.5606549 4.5605357 4.5604165 4.5602973 4.560178 4.5600586 4.5599393 4.5598198 4.5597003 4.5595808 4.5594612 4.5593415 4.5592218
4.5659427 4.5658248 4.5657069 4.5655888 4.5654706 4.5653523 4.565234 4.5651155 4.5649969 4.5648782 4.5647595 4.5646406 4.5645217 4.5644027 4.5642835 4.5641644 4.5640451 4.5639257 4.5638063 4.5636868 4.5635672 4.5634475 4.5633278 4.563208 4.5630881 4.5629682 4.5628481 4.5627281 4.5626079 4.5624877 4.5623675 4.5622472 4.5621268 4.5620063 4.5618858 4.5617653 4.5616447 4.561524 4.5614033 4.5612825 4.5611616 4.5610408 4.5609198 4.5607988 4.5606778 4.5605567 4.5604355 4.5603143 4.560193 4.5600716 4.5599502 4.5598288 4.5597073 4.5595857 4.559464 4.5593423 4.5592205 4.5590987 4.5589767 4.5588547
4.5656872 4.5655678 4.5654482 4.5653286 4.5652088 4.5650889 4.5649689 4.5648488 4.5647286 4.5646083 4.5644879 4.5643673 4.5642467 4.564126 4.5640052 4.5638843 4.5637633 4.5636422 4.563521 4.5633997 4.5632783 4.5631569 4.5630354 4.5629138 4.5627921 4.5626703 4.5625484 4.5624265 4.5623045 4.5621824 4.5620602 4.561938 4.5618157 4.5616933 4.5615709 4.5614484 4.5613258 4.5612031 4.5610804 4.5609576 4.5608348 4.5607118 4.5605888 4.5604658 4.5603426 4.5602194 4.5600961 4.5599728 4.5598494 4.5597259 4.5596023 4.5594787 4.5593549 4.5592311 4.5591073 4.5589833 4.5588592 4.5587351 4.5586109 4.5584865
4.5654313 4.5653104 4.5651892 4.565068 4.5649466 4.5648251 4.5647035 4.5645817 4.5644599 4.5643379 4.5642158 4.5640936 4.5639713 4.5638489 4.5637263 4.5636037 4.563481 4.5633581 4.5632352 4.5631121 4.562989 4.5628657 4.5627424 4.562619 4.5624954 4.5623718 4.5622481 4.5621243 4.5620004 4.5618764 4.5617524 4.5616282 4.561504 4.5613797 4.5612553 4.5611308 4.5610062 4.5608815 4.5607568 4.560632 4.5605071 4.5603821 4.560257 4.5601319 4.5600067 4.5598813 4.5597559 4.5596305 4.5595049 4.5593792 4.5592535 4.5591276 4.5590017 4.5588757 4.5587495 4.5586233 4.558497 4.5583705 4.558244 4.5581173
4.5651751 4.5650526 4.5649298 4.564807 4.564684 4.5645609 4.5644376 4.5643142 4.5641907 4.5640671 4.5639433 4.5638194 4.5636954 4.5635713 4.563447 4.5633226 4.5631981 4.5630735 4.5629488 4.562824 4.5626991 4.562574 4.5624488 4.5623236 4.5621982 4.5620727 4.5619472 4.5618215 4.5616957 4.5615698 4.5614438 4.5613177 4.5611916 4.5610653 4.5609389 4.5608124 4.5606859 4.5605592 4.5604325 4.5603056 4.5601786 4.5600516 4.5599245 4.5597972 4.5596699 4.5595424 4.5594149 4.5592873 4.5591595 4.5590317 4.5589037 4.5587757 4.5586475 4.5585192 4.5583908 4.5582623 4.5581337 4.558005 4.5578761 4.5577471
4.5649186 4.5647944 4.5646701 4.5645456 4.564421 4.5642963 4.5641714 4.5640463 4.5639211 4.5637958 4.5636704 4.5635448 4.5634191 4.5632932 4.5631672 4.5630411 4.5629148 4.5627885 4.562662 4.5625353 4.5624086 4.5622817 4.5621547 4.5620276 4.5619004 4.5617731 4.5616456 4.561518 4.5613904 4.5612626 4.5611346 4.5610066 4.5608785 4.5607502 4.5606219 4.5604934 4.5603648 4.5602362 4.5601074 4.5599785 4.5598494 4.5597203 4.5595911 4.5594617 4.5593323 4.5592027 4.559073 4.5589432 4.5588133 4.5586832 4.5585531 4.5584228 4.5582924 4.5581619 4.5580312 4.5579004 4.5577695 4.5576384 4.5575072 4.5573758
4.5646617 4.5645359 4.56441 4.5642839 4.5641577 4.5640313 4.5639047 4.563778 4.5636512 4.5635242 4.563397 4.5632697 4.5631423 4.5630147 4.5628869 4.5627591 4.5626311 4.5625029 4.5623746 4.5622462 4.5621176 4.5619889 4.5618601 4.5617311 4.5616021 4.5614728 4.5613435 4.561214 4.5610844 4.5609547 4.5608248 4.5606949 4.5605647 4.5604345 4.5603042 4.5601737 4.5600431 4.5599124 4.5597815 4.5596506 4.5595195 4.5593883 4.5592569 4.5591254 4.5589938 4.5588621 4.5587303 4.5585983 4.5584662 4.5583339 4.5582015 4.558069 4.5579364 4.5578035 4.5576706 4.5575375 4.5574043 4.5572708 4.5571373 4.5570036
4.5644045 4.5642771 4.5641495 4.5640218 4.563894 4.5637659 4.5636377 4.5635093 4.5633808 4.5632521 4.5631232 4.5629942 4.562865 4.5627357 4.5626062 4.5624766 4.5623468 4.5622168 4.5620868 4.5619565 4.5618261 4.5616956 4.5615649 4.5614341 4.5613031 4.561172 4.5610408 4.5609094 4.5607779 4.5606462 4.5605144 4.5603824 4.5602504 4.5601181 4.5599858 4.5598533 4.5597207 4.5595879 4.559455 4.5593219 4.5591887 4.5590554 4.558922 4.5587884 4.5586546 4.5585207 4.5583867 4.5582525 4.5581182 4.5579837 4.5578491 4.5577143 4.5575794 4.5574443 4.5573091 4.5571736 4.5570381 4.5569023 4.5567664 4.5566303
4.5641469 4.5640179 4.5638888 4.5637594 4.5636299 4.5635002 4.5633703 4.5632402 4.56311 4.5629796 4.562849 4.5627183 4.5625874 4.5624563 4.562325 4.5621936 4.562062 4.5619303 4.5617984 4.5616663 4.5615341 4.5614017 4.5612692 4.5611365 4.5610037 4.5608706 4.5607375 4.5606042 4.5604707 4.5603371 4.5602033 4.5600694 4.5599353 4.5598011 4.5596667 4.5595322 4.5593975 4.5592627 4.5591277 4.5589926 4.5588573 4.5587218 4.5585863 4.5584505 4.5583146 4.5581785 4.5580423 4.5579059 4.5577694 4.5576327 4.5574958 4.5573588 4.5572216 4.5570842 4.5569466 4.5568088 4.5566709 4.5565328 4.5563945 4.556256
4.563889 4.5637584 4.5636276 4.5634966 4.5633655 4.5632341 4.5631025 4.5629708 4.5628389 4.5627067 4.5625744 4.5624419 4.5623093 4.5621764 4.5620434 4.5619102 4.5617768 4.5616433 4.5615096 4.5613757 4.5612416 4.5611074 4.560973 4.5608384 4.5607036 4.5605687 4.5604336 4.5602984 4.560163 4.5600274 4.5598916 4.5597557 4.5596196 4.5594834 4.559347 4.5592104 4.5590737 4.5589368 4.5587997 4.5586625 4.5585251 4.5583875 4.5582498 4.5581119 4.5579738 4.5578355 4.5576971 4.5575585 4.5574197 4.5572808 4.5571416 4.5570023 4.5568628 4.5567231 4.5565832 4.5564431 4.5563028 4.5561623 4.5560216 4.5558807
4.5636309 4.5634986 4.5633662 4.5632335 4.5631007 4.5629677 4.5628344 4.562701 4.5625673 4.5624335 4.5622994 4.5621652 4.5620308 4.5618962 4.5617614 4.5616264 4.5614912 4.5613558 4.5612203 4.5610845 4.5609486 4.5608125 4.5606762 4.5605397 4.5604031 4.5602662 4.5601292 4.559992 4.5598546 4.5597171 4.5595793 4.5594414 4.5593033 4.5591651 4.5590266 4.558888 4.5587492 4.5586102 4.558471 4.5583317 4.5581921 4.5580524 4.5579125 4.5577725 4.5576322 4.5574917 4.5573511 4.5572103 4.5570692 4.556928 4.5567866 4.556645 4.5565031 4.5563611 4.5562189 4.5560764 4.5559337 4.5557908 4.5556477 4.5555044
4.5633724 4.5632385 4.5631044 4.5629701 4.5628356 4.5627009 4.5625659 4.5624308 4.5622954 4.5621598 4.5620241 4.5618881 4.5617519 4.5616155 4.5614789 4.5613421 4.5612051 4.5610679 4.5609305 4.5607929 4.5606551 4.5605171 4.5603789 4.5602405 4.560102 4.5599632 4.5598242 4.5596851 4.5595457 4.5594062 4.5592664 4.5591265 4.5589864 4.5588461 4.5587056 4.5585649 4.558424 4.5582829 4.5581416 4.5580002 4.5578585 4.5577166 4.5575745 4.5574323 4.5572898 4.5571471 4.5570043 4.5568612 4.5567179 4.5565744 4.5564307 4.5562868 4.5561426 4.5559982 4.5558536 4.5557088 4.5555637 4.5554184 4.5552729 4.5551271
4.5631136 4.5629781 4.5628424 4.5627064 4.5625702 4.5624337 4.5622971 4.5621602 4.5620231 4.5618858 4.5617483 4.5616105 4.5614726 4.5613344 4.561196 4.5610574 4.5609185 4.5607795 4.5606403 4.5605008 4.5603611 4.5602212 4.5600811 4.5599409 4.5598003 4.5596596 4.5595187 4.5593776 4.5592362 4.5590947 4.558953 4.558811 4.5586688 4.5585265 4.5583839 4.5582411 4.5580981 4.5579549 4.5578115 4.5576679 4.5575241 4.5573801 4.5572358 4.5570914 4.5569467 4.5568018 4.5566567 4.5565113 4.5563657 4.55622 4.5560739 4.5559277 4.5557812 4.5556345 4.5554875 4.5553403 4.5551928 4.5550451 4.5548971 4.5547488
4.5628546 4.5627174 4.56258 4.5624423 4.5623044 4.5621663 4.5620279 4.5618893 4.5617505 4.5616114 4.5614722 4.5613326 4.5611929 4.5610529 4.5609127 4.5607722 4.5606316 4.5604907 4.5603496 4.5602082 4.5600667 4.5599249 4.5597829 4.5596407 4.5594982 4.5593555 4.5592126 4.5590695 4.5589262 4.5587827 4.5586389 4.5584949 4.5583507 4.5582063 4.5580616 4.5579167 4.5577716 4.5576263 4.5574808 4.557335 4.557189 4.5570428 4.5568963 4.5567497 4.5566028 4.5564556 4.5563082 4.5561606 4.5560128 4.5558647 4.5557163 4.5555677 4.5554189 4.5552698 4.5551204 4.5549708 4.5548209 4.5546707 4.5545203 4.5543696
4.5625952 4.5624564 4.5623173 4.562178 4.5620384 4.5618985 4.5617585 4.5616181 4.5614775 4.5613367 4.5611957 4.5610543 4.5609128 4.560771 4.560629 4.5604867 4.5603442 4.5602014 4.5600584 4.5599152 4.5597718 4.5596281 4.5594841 4.55934 4.5591956 4.5590509 4.5589061 4.558761 4.5586156 4.55847 4.5583242 4.5581782 4.5580319 4.5578854 4.5577387 4.5575917 4.5574445 4.557297 4.5571493 4.5570014 4.5568532 4.5567048 4.5565562 4.5564072 4.5562581 4.5561087 4.555959 4.5558091 4.555659 4.5555086 4.5553579 4.5552069 4.5550557 4.5549042 4.5547525 4.5546004 4.5544481 4.5542955 4.5541426 4.5539893
4.5623357 4.5621951 4.5620544 4.5619133 4.561772 4.5616305 4.5614887 4.5613466 4.5612042 4.5610616 4.5609188 4.5607757 4.5606323 4.5604887 4.5603449 4.5602007 4.5600564 4.5599118 4.5597669 4.5596218 4.5594764 4.5593308 4.5591849 4.5590388 4.5588924 4.5587458 4.5585989 4.5584518 4.5583045 4.5581569 4.558009 4.5578609 4.5577126 4.557564 4.5574151 4.557266 4.5571167 4.5569671 4.5568172 4.5566671 4.5565167 4.5563661 4.5562152 4.5560641 4.5559127 4.555761 4.5556091 4.5554569 4.5553044 4.5551516 4.5549986 4.5548453 4.5546917 4.5545378 4.5543836 4.5542291 4.5540744 4.5539193 4.5537639 4.5536081
