Cobbity4/QGIS/AVE18_9000.asc
NCOLS 600
NROWS 390
XLLCORNER 150.661
YLLCORNER -34.0278
CELLSIZE 1e-05
NODATA_VALUE -9999
[rows 52 to 77 of 390, columns 480 to 539 of 600]
3.3064231 3.3064105 3.3063977 3.3063847 3.3063717 3.3063586 3.3063453 3.3063319 3.3063184 3.3063048 3.3062911 3.3062773 3.3062635 3.3062495 3.3062354 3.3062213 3.3062071 3.3061927 3.3061784 3.3061639 3.3061494 3.3061348 3.3061201 3.3061053 3.3060906 3.3060757 3.3060608 3.3060458 3.3060308 3.3060157 3.3060006 3.3059854 3.3059702 3.3059549 3.3059396 3.3059243 3.3059089 3.3058935 3.305878 3.3058625 3.305847 3.3058315 3.3058159 3.3058003 3.3057847 3.305769 3.3057534 3.3057377 3.305722 3.3057062 3.3056905 3.3056747 3.305659 3.3056432 3.3056274 3.3056116 3.3055958 3.3055799 3.3055641 3.3055483
3.3064509 3.306438 3.3064249 3.3064117 3.3063983 3.3063849 3.3063713 3.3063577 3.3063439 3.30633 3.3063161 3.306302 3.3062879 3.3062736 3.3062593 3.3062449 3.3062304 3.3062158 3.3062012 3.3061865 3.3061717 3.3061569 3.3061419 3.306127 3.3061119 3.3060968 3.3060817 3.3060665 3.3060512 3.3060359 3.3060206 3.3060052 3.3059898 3.3059743 3.3059588 3.3059432 3.3059276 3.305912 3.3058963 3.3058807 3.3058649 3.3058492 3.3058334 3.3058176 3.3058018 3.305786 3.3057701 3.3057543 3.3057384 3.3057225 3.3057065 3.3056906 3.3056746 3.3056587 3.3056427 3.3056267 3.3056108 3.3055948 3.3055788 3.3055628
3.3064787 3.3064654 3.306452 3.3064385 3.3064249 3.3064112 3.3063973 3.3063834 3.3063693 3.3063552 3.3063409 3.3063266 3.3063122 3.3062977 3.3062831 3.3062684 3.3062537 3.3062389 3.306224 3.306209 3.306194 3.3061789 3.3061637 3.3061485 3.3061333 3.3061179 3.3061025 3.3060871 3.3060716 3.3060561 3.3060405 3.3060249 3.3060093 3.3059936 3.3059779 3.3059621 3.3059463 3.3059305 3.3059146 3.3058987 3.3058828 3.3058669 3.3058509 3.3058349 3.3058189 3.3058029 3.3057868 3.3057708 3.3057547 3.3057386 3.3057225 3.3057064 3.3056903 3.3056741 3.305658 3.3056418 3.3056257 3.3056095 3.3055934 3.3055772
3.3065064 3.3064929 3.3064792 3.3064654 3.3064514 3.3064374 3.3064233 3.306409 3.3063947 3.3063803 3.3063658 3.3063512 3.3063365 3.3063217 3.3063069 3.3062919 3.3062769 3.3062618 3.3062467 3.3062315 3.3062162 3.3062009 3.3061855 3.30617 3.3061545 3.3061389 3.3061233 3.3061077 3.306092 3.3060762 3.3060604 3.3060446 3.3060287 3.3060128 3.3059969 3.3059809 3.3059649 3.3059488 3.3059328 3.3059167 3.3059006 3.3058844 3.3058683 3.3058521 3.3058359 3.3058197 3.3058034 3.3057872 3.3057709 3.3057547 3.3057384 3.3057221 3.3057058 3.3056895 3.3056732 3.3056569 3.3056405 3.3056242 3.3056079 3.3055916
3.3065341 3.3065202 3.3065062 3.3064921 3.3064779 3.3064636 3.3064492 3.3064347 3.30642 3.3064053 3.3063905 3.3063757 3.3063607 3.3063457 3.3063305 3.3063154 3.3063001 3.3062848 3.3062694 3.3062539 3.3062384 3.3062228 3.3062071 3.3061914 3.3061757 3.3061599 3.306144 3.3061282 3.3061122 3.3060962 3.3060802 3.3060642 3.3060481 3.3060319 3.3060158 3.3059996 3.3059834 3.3059671 3.3059509 3.3059346 3.3059183 3.3059019 3.3058856 3.3058692 3.3058528 3.3058364 3.30582 3.3058035 3.3057871 3.3057706 3.3057542 3.3057377 3.3057212 3.3057048 3.3056883 3.3056718 3.3056553 3.3056388 3.3056223 3.3056058
3.3065618 3.3065476 3.3065333 3.3065189 3.3065044 3.3064897 3.306475 3.3064602 3.3064453 3.3064303 3.3064153 3.3064001 3.3063849 3.3063696 3.3063542 3.3063387 3.3063232 3.3063076 3.3062919 3.3062762 3.3062604 3.3062446 3.3062287 3.3062128 3.3061968 3.3061808 3.3061647 3.3061486 3.3061324 3.3061162 3.3060999 3.3060837 3.3060674 3.306051 3.3060346 3.3060182 3.3060018 3.3059854 3.3059689 3.3059524 3.3059359 3.3059193 3.3059028 3.3058862 3.3058696 3.305853 3.3058364 3.3058198 3.3058032 3.3057865 3.3057699 3.3057533 3.3057366 3.3057199 3.3057033 3.3056866 3.30567 3.3056533 3.3056367 3.30562
3.3065894 3.3065749 3.3065603 3.3065456 3.3065307 3.3065158 3.3065008 3.3064857 3.3064705 3.3064553 3.3064399 3.3064245 3.306409 3.3063934 3.3063777 3.306362 3.3063462 3.3063304 3.3063145 3.3062985 3.3062825 3.3062664 3.3062502 3.3062341 3.3062178 3.3062016 3.3061852 3.3061689 3.3061525 3.3061361 3.3061196 3.3061031 3.3060866 3.30607 3.3060534 3.3060368 3.3060202 3.3060035 3.3059868 3.3059701 3.3059534 3.3059367 3.3059199 3.3059032 3.3058864 3.3058696 3.3058528 3.305836 3.3058192 3.3058024 3.3057855 3.3057687 3.3057519 3.305735 3.3057182 3.3057014 3.3056846 3.3056677 3.3056509 3.3056341
3.3066169 3.3066021 3.3065872 3.3065722 3.3065571 3.3065419 3.3065266 3.3065112 3.3064957 3.3064801 3.3064645 3.3064488 3.306433 3.3064171 3.3064012 3.3063852 3.3063692 3.3063531 3.3063369 3.3063207 3.3063044 3.3062881 3.3062717 3.3062553 3.3062388 3.3062223 3.3062057 3.3061891 3.3061725 3.3061558 3.3061392 3.3061224 3.3061057 3.3060889 3.3060721 3.3060553 3.3060384 3.3060216 3.3060047 3.3059878 3.3059708 3.3059539 3.305937 3.30592 3.305903 3.3058861 3.3058691 3.3058521 3.3058351 3.3058181 3.3058011 3.3057841 3.3057671 3.3057501 3.3057331 3.3057161 3.3056991 3.3056821 3.3056651 3.3056481
3.3066444 3.3066293 3.3066141 3.3065987 3.3065833 3.3065678 3.3065522 3.3065365 3.3065208 3.3065049 3.306489 3.306473 3.306457 3.3064408 3.3064246 3.3064084 3.3063921 3.3063757 3.3063593 3.3063428 3.3063262 3.3063097 3.306293 3.3062764 3.3062597 3.3062429 3.3062261 3.3062093 3.3061924 3.3061756 3.3061586 3.3061417 3.3061247 3.3061077 3.3060907 3.3060737 3.3060566 3.3060395 3.3060224 3.3060053 3.3059882 3.3059711 3.3059539 3.3059368 3.3059196 3.3059024 3.3058853 3.3058681 3.3058509 3.3058337 3.3058165 3.3057993 3.3057822 3.305765 3.3057478 3.3057306 3.3057135 3.3056963 3.3056792 3.305662
3.3066718 3.3066564 3.3066409 3.3066252 3.3066095 3.3065937 3.3065778 3.3065618 3.3065458 3.3065297 3.3065135 3.3064972 3.3064808 3.3064644 3.306448 3.3064315 3.3064149 3.3063982 3.3063815 3.3063648 3.306348 3.3063312 3.3063143 3.3062974 3.3062804 3.3062635 3.3062464 3.3062294 3.3062123 3.3061952 3.306178 3.3061609 3.3061437 3.3061264 3.3061092 3.306092 3.3060747 3.3060574 3.3060401 3.3060228 3.3060055 3.3059881 3.3059708 3.3059534 3.3059361 3.3059187 3.3059013 3.305884 3.3058666 3.3058492 3.3058319 3.3058145 3.3057972 3.3057798 3.3057625 3.3057451 3.3057278 3.3057104 3.3056931 3.3056758
3.3066992 3.3066835 3.3066676 3.3066517 3.3066356 3.3066195 3.3066033 3.3065871 3.3065707 3.3065543 3.3065378 3.3065213 3.3065047 3.306488 3.3064712 3.3064544 3.3064376 3.3064207 3.3064037 3.3063867 3.3063697 3.3063526 3.3063355 3.3063183 3.3063011 3.3062839 3.3062667 3.3062494 3.306232 3.3062147 3.3061973 3.3061799 3.3061625 3.3061451 3.3061276 3.3061102 3.3060927 3.3060752 3.3060577 3.3060402 3.3060226 3.3060051 3.3059875 3.30597 3.3059524 3.3059349 3.3059173 3.3058998 3.3058822 3.3058647 3.3058471 3.3058296 3.3058121 3.3057945 3.305777 3.3057595 3.305742 3.3057245 3.305707 3.3056895
3.3067265 3.3067104 3.3066943 3.306678 3.3066617 3.3066453 3.3066288 3.3066122 3.3065956 3.3065789 3.3065621 3.3065453 3.3065284 3.3065114 3.3064944 3.3064773 3.3064602 3.3064431 3.3064259 3.3064086 3.3063913 3.306374 3.3063566 3.3063392 3.3063218 3.3063043 3.3062868 3.3062693 3.3062517 3.3062341 3.3062165 3.3061989 3.3061813 3.3061636 3.306146 3.3061283 3.3061106 3.3060929 3.3060751 3.3060574 3.3060397 3.306022 3.3060042 3.3059865 3.3059687 3.305951 3.3059332 3.3059155 3.3058978 3.30588 3.3058623 3.3058446 3.3058269 3.3058092 3.3057915 3.3057738 3.3057561 3.3057384 3.3057208 3.3057032
3.3067537 3.3067373 3.3067209 3.3067043 3.3066877 3.306671 3.3066542 3.3066373 3.3066204 3.3066034 3.3065863 3.3065692 3.306552 3.3065348 3.3065175 3.3065002 3.3064828 3.3064654 3.3064479 3.3064304 3.3064128 3.3063952 3.3063776 3.30636 3.3063423 3.3063246 3.3063068 3.3062891 3.3062713 3.3062535 3.3062356 3.3062178 3.3061999 3.3061821 3.3061642 3.3061463 3.3061284 3.3061104 3.3060925 3.3060746 3.3060567 3.3060387 3.3060208 3.3060028 3.3059849 3.305967 3.305949 3.3059311 3.3059132 3.3058953 3.3058774 3.3058595 3.3058416 3.3058237 3.3058058 3.305788 3.3057701 3.3057523 3.3057345 3.3057167
3.3067809 3.3067642 3.3067474 3.3067305 3.3067136 3.3066965 3.3066794 3.3066623 3.3066451 3.3066278 3.3066104 3.306593 3.3065756 3.3065581 3.3065405 3.3065229 3.3065052 3.3064875 3.3064698 3.306452 3.3064342 3.3064164 3.3063985 3.3063806 3.3063627 3.3063447 3.3063268 3.3063088 3.3062907 3.3062727 3.3062546 3.3062366 3.3062185 3.3062004 3.3061823 3.3061642 3.3061461 3.3061279 3.3061098 3.3060917 3.3060735 3.3060554 3.3060373 3.3060191 3.306001 3.3059829 3.3059647 3.3059466 3.3059285 3.3059104 3.3058923 3.3058742 3.3058562 3.3058381 3.3058201 3.3058021 3.305784 3.305766 3.3057481 3.3057301
3.3068079 3.3067909 3.3067738 3.3067566 3.3067394 3.306722 3.3067046 3.3066872 3.3066697 3.3066521 3.3066344 3.3066168 3.306599 3.3065812 3.3065634 3.3065455 3.3065276 3.3065096 3.3064916 3.3064736 3.3064555 3.3064375 3.3064193 3.3064012 3.306383 3.3063648 3.3063466 3.3063284 3.3063101 3.3062918 3.3062736 3.3062553 3.306237 3.3062186 3.3062003 3.306182 3.3061637 3.3061453 3.306127 3.3061086 3.3060903 3.306072 3.3060536 3.3060353 3.306017 3.3059986 3.3059803 3.305962 3.3059437 3.3059254 3.3059072 3.3058889 3.3058707 3.3058524 3.3058342 3.305816 3.3057978 3.3057797 3.3057615 3.3057434
3.3068349 3.3068176 3.3068001 3.3067827 3.3067651 3.3067474 3.3067297 3.306712 3.3066942 3.3066763 3.3066584 3.3066404 3.3066224 3.3066043 3.3065862 3.306568 3.3065499 3.3065316 3.3065134 3.3064951 3.3064768 3.3064584 3.30644 3.3064216 3.3064032 3.3063848 3.3063663 3.3063479 3.3063294 3.3063109 3.3062924 3.3062738 3.3062553 3.3062368 3.3062182 3.3061997 3.3061811 3.3061626 3.306144 3.3061255 3.3061069 3.3060884 3.3060699 3.3060513 3.3060328 3.3060143 3.3059958 3.3059773 3.3059588 3.3059404 3.3059219 3.3059035 3.3058851 3.3058667 3.3058483 3.3058299 3.3058116 3.3057932 3.3057749 3.3057566
3.3068618 3.3068441 3.3068264 3.3068086 3.3067907 3.3067728 3.3067548 3.3067367 3.3067186 3.3067004 3.3066822 3.3066639 3.3066456 3.3066273 3.3066089 3.3065905 3.306572 3.3065535 3.306535 3.3065164 3.3064979 3.3064793 3.3064606 3.306442 3.3064233 3.3064046 3.3063859 3.3063672 3.3063485 3.3063298 3.306311 3.3062923 3.3062735 3.3062548 3.306236 3.3062173 3.3061985 3.3061798 3.306161 3.3061422 3.3061235 3.3061048 3.306086 3.3060673 3.3060486 3.3060299 3.3060112 3.3059925 3.3059738 3.3059552 3.3059366 3.3059179 3.3058993 3.3058808 3.3058622 3.3058437 3.3058251 3.3058066 3.3057882 3.3057697
3.3068886 3.3068706 3.3068525 3.3068344 3.3068162 3.306798 3.3067797 3.3067613 3.3067429 3.3067244 3.3067059 3.3066874 3.3066688 3.3066501 3.3066315 3.3066128 3.3065941 3.3065753 3.3065565 3.3065377 3.3065189 3.3065 3.3064811 3.3064622 3.3064433 3.3064244 3.3064055 3.3063865 3.3063676 3.3063486 3.3063296 3.3063107 3.3062917 3.3062727 3.3062537 3.3062347 3.3062158 3.3061968 3.3061778 3.3061589 3.3061399 3.306121 3.3061021 3.3060831 3.3060642 3.3060453 3.3060264 3.3060076 3.3059887 3.3059699 3.3059511 3.3059323 3.3059135 3.3058948 3.305876 3.3058573 3.3058386 3.30582 3.3058013 3.3057827
3.3069153 3.306897 3.3068786 3.3068601 3.3068416 3.3068231 3.3068045 3.3067858 3.3067671 3.3067483 3.3067295 3.3067107 3.3066918 3.3066729 3.306654 3.306635 3.306616 3.306597 3.3065779 3.3065588 3.3065397 3.3065206 3.3065015 3.3064824 3.3064632 3.306444 3.3064249 3.3064057 3.3063865 3.3063673 3.3063481 3.3063289 3.3063097 3.3062905 3.3062713 3.3062521 3.3062329 3.3062137 3.3061946 3.3061754 3.3061562 3.3061371 3.306118 3.3060989 3.3060798 3.3060607 3.3060416 3.3060225 3.3060035 3.3059845 3.3059655 3.3059465 3.3059276 3.3059086 3.3058897 3.3058709 3.305852 3.3058332 3.3058144 3.3057956
3.3069419 3.3069233 3.3069045 3.3068858 3.306867 3.3068481 3.3068292 3.3068102 3.3067912 3.3067721 3.306753 3.3067339 3.3067148 3.3066956 3.3066763 3.3066571 3.3066378 3.3066185 3.3065992 3.3065799 3.3065605 3.3065411 3.3065218 3.3065024 3.306483 3.3064636 3.3064441 3.3064247 3.3064053 3.3063859 3.3063664 3.306347 3.3063276 3.3063082 3.3062888 3.3062693 3.3062499 3.3062306 3.3062112 3.3061918 3.3061724 3.3061531 3.3061338 3.3061145 3.3060952 3.3060759 3.3060566 3.3060374 3.3060182 3.305999 3.3059798 3.3059606 3.3059415 3.3059224 3.3059033 3.3058843 3.3058652 3.3058463 3.3058273 3.3058083
3.3069684 3.3069494 3.3069304 3.3069113 3.3068922 3.306873 3.3068537 3.3068345 3.3068152 3.3067958 3.3067764 3.306757 3.3067376 3.3067181 3.3066986 3.3066791 3.3066595 3.30664 3.3066204 3.3066008 3.3065812 3.3065615 3.3065419 3.3065223 3.3065026 3.306483 3.3064633 3.3064436 3.306424 3.3064043 3.3063847 3.306365 3.3063454 3.3063257 3.3063061 3.3062865 3.3062669 3.3062473 3.3062277 3.3062081 3.3061885 3.306169 3.3061495 3.3061299 3.3061105 3.306091 3.3060715 3.3060521 3.3060327 3.3060133 3.305994 3.3059746 3.3059553 3.3059361 3.3059168 3.3058976 3.3058784 3.3058592 3.3058401 3.305821
3.3069948 3.3069755 3.3069561 3.3069367 3.3069172 3.3068977 3.3068782 3.3068586 3.306839 3.3068194 3.3067997 3.30678 3.3067603 3.3067405 3.3067207 3.3067009 3.3066811 3.3066613 3.3066414 3.3066216 3.3066017 3.3065818 3.3065619 3.306542 3.3065221 3.3065022 3.3064823 3.3064624 3.3064426 3.3064227 3.3064028 3.3063829 3.306363 3.3063432 3.3063233 3.3063035 3.3062836 3.3062638 3.306244 3.3062242 3.3062045 3.3061847 3.306165 3.3061453 3.3061256 3.306106 3.3060863 3.3060667 3.3060471 3.3060276 3.306008 3.3059885 3.305969 3.3059496 3.3059302 3.3059108 3.3058914 3.3058721 3.3058528 3.3058335
3.307021 3.3070014 3.3069817 3.306962 3.3069422 3.3069224 3.3069025 3.3068827 3.3068628 3.3068428 3.3068228 3.3068028 3.3067828 3.3067628 3.3067427 3.3067227 3.3067026 3.3066825 3.3066623 3.3066422 3.3066221 3.306602 3.3065818 3.3065617 3.3065415 3.3065214 3.3065013 3.3064811 3.306461 3.3064409 3.3064207 3.3064006 3.3063805 3.3063605 3.3063404 3.3063203 3.3063003 3.3062803 3.3062603 3.3062403 3.3062203 3.3062004 3.3061804 3.3061605 3.3061407 3.3061208 3.306101 3.3060812 3.3060614 3.3060417 3.306022 3.3060023 3.3059826 3.305963 3.3059434 3.3059238 3.3059043 3.3058848 3.3058653 3.3058459
3.3070471 3.3070272 3.3070072 3.3069871 3.306967 3.3069469 3.3069268 3.3069066 3.3068864 3.3068661 3.3068459 3.3068256 3.3068053 3.3067849 3.3067646 3.3067443 3.3067239 3.3067035 3.3066831 3.3066628 3.3066424 3.306622 3.3066016 3.3065812 3.3065608 3.3065404 3.30652 3.3064997 3.3064793 3.3064589 3.3064386 3.3064183 3.3063979 3.3063776 3.3063574 3.3063371 3.3063168 3.3062966 3.3062764 3.3062562 3.306236 3.3062159 3.3061958 3.3061757 3.3061556 3.3061355 3.3061155 3.3060955 3.3060756 3.3060557 3.3060358 3.3060159 3.3059961 3.3059763 3.3059565 3.3059368 3.3059171 3.3058974 3.3058778 3.3058582
3.3070732 3.3070529 3.3070325 3.3070122 3.3069918 3.3069713 3.3069509 3.3069304 3.3069098 3.3068893 3.3068687 3.3068482 3.3068276 3.306807 3.3067864 3.3067657 3.3067451 3.3067245 3.3067038 3.3066832 3.3066625 3.3066419 3.3066212 3.3066006 3.3065799 3.3065593 3.3065387 3.3065181 3.3064975 3.3064769 3.3064563 3.3064358 3.3064152 3.3063947 3.3063742 3.3063537 3.3063332 3.3063128 3.3062924 3.306272 3.3062516 3.3062312 3.3062109 3.3061906 3.3061704 3.3061501 3.3061299 3.3061098 3.3060896 3.3060695 3.3060494 3.3060294 3.3060094 3.3059894 3.3059695 3.3059496 3.3059297 3.3059099 3.3058901 3.3058704
3.307099 3.3070784 3.3070577 3.3070371 3.3070163 3.3069956 3.3069748 3.306954 3.3069332 3.3069124 3.3068915 3.3068706 3.3068498 3.3068289 3.306808 3.3067871 3.3067662 3.3067452 3.3067243 3.3067034 3.3066825 3.3066616 3.3066407 3.3066198 3.3065989 3.3065781 3.3065572 3.3065363 3.3065155 3.3064947 3.3064739 3.3064531 3.3064323 3.3064116 3.3063909 3.3063702 3.3063495 3.3063288 3.3063082 3.3062876 3.306267 3.3062465 3.306226 3.3062055 3.306185 3.3061646 3.3061442 3.3061238 3.3061035 3.3060832 3.306063 3.3060428 3.3060226 3.3060024 3.3059823 3.3059623 3.3059422 3.3059222 3.3059023 3.3058824
