Cobbity4/QGIS/AVE11_Sled3.asc
NCOLS 600
NROWS 430
XLLCORNER 150.66
YLLCORNER -34.0279
CELLSIZE 1e-05
NODATA_VALUE -9999
[rows 390 to 415 of 430, columns 540 to 599 of 600]
7.1664334 7.1665707 7.1667069 7.166842 7.1669761 7.167109 7.1672409 7.1673717 7.1675014 7.1676301 7.1677578 7.1678845 7.1680101 7.1681348 7.1682585 7.1683812 7.1685029 7.1686236 7.1687434 7.1688623 7.1689803 7.1690973 7.1692134 7.1693286 7.1694429 7.1695563 7.1696689 7.1697806 7.1698914 7.1700013 7.1701105 7.1702188 7.1703262 7.1704329 7.1705387 7.1706438 7.170748 7.1708515 7.1709542 7.1710561 7.1711572 7.1712576 7.1713573 7.1714562 7.1715543 7.1716518 7.1717485 7.1718445 7.1719398 7.1720344 7.1721284 7.1722216 7.1723141 7.172406 7.1724972 7.1725878 7.1726777 7.1727669 7.1728555 7.1729435
7.1663786 7.166516 7.1666522 7.1667873 7.1669213 7.1670543 7.1671861 7.167317 7.1674467 7.1675755 7.1677032 7.1678299 7.1679556 7.1680803 7.168204 7.1683267 7.1684485 7.1685693 7.1686891 7.1688081 7.1689261 7.1690431 7.1691593 7.1692746 7.1693889 7.1695024 7.1696151 7.1697268 7.1698377 7.1699478 7.170057 7.1701654 7.1702729 7.1703796 7.1704856 7.1705907 7.170695 7.1707986 7.1709014 7.1710034 7.1711046 7.1712051 7.1713049 7.1714039 7.1715022 7.1715997 7.1716965 7.1717927 7.1718881 7.1719828 7.1720768 7.1721701 7.1722628 7.1723548 7.1724461 7.1725368 7.1726268 7.1727162 7.1728049 7.172893
7.1663248 7.1664621 7.1665983 7.1667334 7.1668674 7.1670003 7.1671322 7.1672631 7.1673928 7.1675216 7.1676493 7.167776 7.1679017 7.1680265 7.1681502 7.168273 7.1683948 7.1685156 7.1686355 7.1687545 7.1688726 7.1689897 7.1691059 7.1692212 7.1693357 7.1694492 7.1695619 7.1696737 7.1697847 7.1698948 7.1700041 7.1701126 7.1702202 7.170327 7.170433 7.1705383 7.1706427 7.1707463 7.1708492 7.1709513 7.1710526 7.1711532 7.1712531 7.1713522 7.1714505 7.1715482 7.1716451 7.1717413 7.1718368 7.1719317 7.1720258 7.1721192 7.172212 7.1723041 7.1723955 7.1724863 7.1725764 7.1726659 7.1727547 7.1728429
7.1662717 7.166409 7.1665452 7.1666803 7.1668143 7.1669472 7.1670791 7.1672099 7.1673397 7.1674685 7.1675962 7.167723 7.1678487 7.1679734 7.1680972 7.16822 7.1683418 7.1684627 7.1685827 7.1687017 7.1688198 7.1689369 7.1690532 7.1691686 7.1692831 7.1693967 7.1695094 7.1696213 7.1697324 7.1698425 7.1699519 7.1700604 7.1701681 7.170275 7.1703811 7.1704864 7.1705909 7.1706946 7.1707976 7.1708998 7.1710012 7.1711019 7.1712018 7.171301 7.1713995 7.1714972 7.1715942 7.1716905 7.1717861 7.1718811 7.1719753 7.1720688 7.1721617 7.1722539 7.1723454 7.1724363 7.1725265 7.1726161 7.1727051 7.1727934
7.1662196 7.1663568 7.166493 7.166628 7.166762 7.1668949 7.1670268 7.1671576 7.1672874 7.1674162 7.1675439 7.1676706 7.1677964 7.1679211 7.1680449 7.1681677 7.1682896 7.1684105 7.1685305 7.1686495 7.1687677 7.1688849 7.1690012 7.1691166 7.1692312 7.1693448 7.1694576 7.1695696 7.1696806 7.1697909 7.1699003 7.1700089 7.1701167 7.1702236 7.1703298 7.1704352 7.1705397 7.1706435 7.1707466 7.1708488 7.1709503 7.1710511 7.1711511 7.1712504 7.1713489 7.1714468 7.1715439 7.1716403 7.171736 7.171831 7.1719253 7.172019 7.1721119 7.1722042 7.1722959 7.1723868 7.1724772 7.1725669 7.1726559 7.1727443
7.1661683 7.1663055 7.1664416 7.1665766 7.1667106 7.1668435 7.1669753 7.1671061 7.1672359 7.1673646 7.1674924 7.1676191 7.1677448 7.1678696 7.1679934 7.1681162 7.1682381 7.168359 7.168479 7.1685981 7.1687163 7.1688335 7.1689499 7.1690653 7.1691799 7.1692936 7.1694065 7.1695184 7.1696296 7.1697399 7.1698494 7.169958 7.1700658 7.1701729 7.1702791 7.1703845 7.1704892 7.170593 7.1706961 7.1707985 7.1709 7.1710009 7.171101 7.1712003 7.171299 7.1713969 7.1714941 7.1715906 7.1716864 7.1717815 7.1718759 7.1719696 7.1720627 7.1721551 7.1722468 7.1723379 7.1724283 7.1725181 7.1726072 7.1726957
7.1661178 7.166255 7.166391 7.166526 7.1666599 7.1667928 7.1669246 7.1670554 7.1671851 7.1673139 7.1674416 7.1675683 7.1676941 7.1678188 7.1679426 7.1680654 7.1681873 7.1683083 7.1684283 7.1685474 7.1686656 7.1687828 7.1688992 7.1690147 7.1691293 7.1692431 7.169356 7.169468 7.1695792 7.1696895 7.169799 7.1699077 7.1700156 7.1701227 7.170229 7.1703345 7.1704392 7.1705431 7.1706463 7.1707487 7.1708503 7.1709512 7.1710514 7.1711509 7.1712496 7.1713476 7.1714448 7.1715414 7.1716373 7.1717325 7.171827 7.1719208 7.1720139 7.1721064 7.1721982 7.1722894 7.1723799 7.1724698 7.172559 7.1726476
7.1660682 7.1662053 7.1663413 7.1664762 7.1666101 7.1667429 7.1668747 7.1670054 7.1671352 7.1672639 7.1673916 7.1675183 7.167644 7.1677688 7.1678926 7.1680154 7.1681373 7.1682582 7.1683783 7.1684974 7.1686156 7.1687329 7.1688493 7.1689648 7.1690794 7.1691932 7.1693061 7.1694182 7.1695294 7.1696398 7.1697494 7.1698581 7.169966 7.1700732 7.1701795 7.170285 7.1703898 7.1704938 7.170597 7.1706995 7.1708012 7.1709022 7.1710024 7.1711019 7.1712007 7.1712988 7.1713961 7.1714928 7.1715887 7.171684 7.1717786 7.1718725 7.1719657 7.1720583 7.1721502 7.1722414 7.172332 7.172422 7.1725113 7.1726
7.1660194 7.1661564 7.1662924 7.1664273 7.1665611 7.1666938 7.1668256 7.1669563 7.167086 7.1672147 7.1673423 7.167469 7.1675947 7.1677195 7.1678433 7.1679661 7.168088 7.1682089 7.1683289 7.1684481 7.1685663 7.1686836 7.1688 7.1689155 7.1690302 7.169144 7.1692569 7.169369 7.1694803 7.1695907 7.1697003 7.1698091 7.1699171 7.1700242 7.1701306 7.1702362 7.170341 7.1704451 7.1705484 7.1706509 7.1707527 7.1708537 7.170954 7.1710536 7.1711524 7.1712505 7.171348 7.1714447 7.1715407 7.171636 7.1717307 7.1718247 7.171918 7.1720106 7.1721026 7.1721939 7.1722846 7.1723747 7.1724641 7.1725529
7.1659715 7.1661084 7.1662443 7.1663791 7.1665129 7.1666456 7.1667773 7.1669079 7.1670376 7.1671662 7.1672939 7.1674205 7.1675462 7.1676709 7.1677947 7.1679175 7.1680394 7.1681603 7.1682803 7.1683994 7.1685177 7.168635 7.1687514 7.1688669 7.1689816 7.1690954 7.1692084 7.1693205 7.1694318 7.1695423 7.1696519 7.1697607 7.1698687 7.1699759 7.1700824 7.170188 7.1702929 7.1703969 7.1705003 7.1706029 7.1707047 7.1708058 7.1709061 7.1710057 7.1711047 7.1712029 7.1713003 7.1713971 7.1714932 7.1715886 7.1716833 7.1717774 7.1718708 7.1719635 7.1720556 7.172147 7.1722377 7.1723279 7.1724174 7.1725062
7.1659244 7.1660612 7.166197 7.1663318 7.1664655 7.1665981 7.1667297 7.1668603 7.1669899 7.1671185 7.1672461 7.1673728 7.1674984 7.1676231 7.1677468 7.1678696 7.1679915 7.1681124 7.1682324 7.1683515 7.1684697 7.168587 7.1687035 7.168819 7.1689337 7.1690475 7.1691605 7.1692727 7.169384 7.1694944 7.1696041 7.1697129 7.169821 7.1699282 7.1700347 7.1701404 7.1702453 7.1703494 7.1704528 7.1705554 7.1706573 7.1707584 7.1708588 7.1709585 7.1710575 7.1711557 7.1712533 7.1713501 7.1714463 7.1715417 7.1716365 7.1717306 7.1718241 7.1719169 7.172009 7.1721005 7.1721913 7.1722815 7.1723711 7.17246
7.1658781 7.1660149 7.1661506 7.1662852 7.1664189 7.1665514 7.166683 7.1668135 7.1669431 7.1670716 7.1671992 7.1673257 7.1674514 7.167576 7.1676997 7.1678225 7.1679443 7.1680652 7.1681852 7.1683043 7.1684225 7.1685398 7.1686562 7.1687718 7.1688865 7.1690003 7.1691133 7.1692254 7.1693368 7.1694473 7.1695569 7.1696658 7.1697739 7.1698811 7.1699876 7.1700933 7.1701983 7.1703024 7.1704059 7.1705085 7.1706104 7.1707116 7.1708121 7.1709118 7.1710108 7.1711091 7.1712067 7.1713036 7.1713998 7.1714954 7.1715902 7.1716844 7.1717779 7.1718708 7.171963 7.1720545 7.1721454 7.1722357 7.1723253 7.1724144
7.1658327 7.1659693 7.1661049 7.1662395 7.166373 7.1665055 7.166637 7.1667675 7.166897 7.1670255 7.167153 7.1672795 7.167405 7.1675297 7.1676533 7.1677761 7.1678979 7.1680187 7.1681387 7.1682578 7.168376 7.1684932 7.1686097 7.1687252 7.1688399 7.1689537 7.1690667 7.1691789 7.1692902 7.1694007 7.1695104 7.1696193 7.1697274 7.1698347 7.1699412 7.1700469 7.1701519 7.1702561 7.1703595 7.1704622 7.1705642 7.1706654 7.1707659 7.1708657 7.1709647 7.1710631 7.1711607 7.1712577 7.1713539 7.1714495 7.1715444 7.1716387 7.1717322 7.1718252 7.1719174 7.172009 7.1721 7.1721903 7.1722801 7.1723691
7.165788 7.1659246 7.1660601 7.1661946 7.166328 7.1664605 7.1665919 7.1667222 7.1668516 7.1669801 7.1671075 7.167234 7.1673595 7.167484 7.1676077 7.1677303 7.1678521 7.167973 7.1680929 7.1682119 7.1683301 7.1684474 7.1685638 7.1686793 7.168794 7.1689078 7.1690208 7.1691329 7.1692443 7.1693548 7.1694645 7.1695734 7.1696815 7.1697888 7.1698953 7.1700011 7.1701061 7.1702103 7.1703138 7.1704165 7.1705185 7.1706197 7.1707203 7.1708201 7.1709192 7.1710176 7.1711153 7.1712123 7.1713086 7.1714042 7.1714992 7.1715935 7.1716871 7.1717801 7.1718724 7.171964 7.1720551 7.1721455 7.1722353 7.1723244
7.1657442 7.1658807 7.1660161 7.1661505 7.1662838 7.1664161 7.1665474 7.1666778 7.1668071 7.1669354 7.1670628 7.1671892 7.1673146 7.1674391 7.1675627 7.1676854 7.1678071 7.1679279 7.1680478 7.1681668 7.1682849 7.1684022 7.1685185 7.1686341 7.1687487 7.1688625 7.1689755 7.1690877 7.169199 7.1693095 7.1694192 7.1695281 7.1696362 7.1697435 7.1698501 7.1699558 7.1700608 7.1701651 7.1702686 7.1703713 7.1704734 7.1705746 7.1706752 7.1707751 7.1708742 7.1709726 7.1710703 7.1711674 7.1712637 7.1713594 7.1714544 7.1715488 7.1716424 7.1717355 7.1718278 7.1719196 7.1720107 7.1721011 7.1721909 7.1722802
7.1657013 7.1658376 7.1659729 7.1661071 7.1662404 7.1663726 7.1665038 7.166634 7.1667633 7.1668915 7.1670188 7.1671452 7.1672705 7.167395 7.1675185 7.1676411 7.1677627 7.1678835 7.1680034 7.1681223 7.1682404 7.1683576 7.168474 7.1685895 7.1687041 7.1688179 7.1689309 7.169043 7.1691543 7.1692648 7.1693745 7.1694834 7.1695915 7.1696989 7.1698054 7.1699112 7.1700162 7.1701205 7.170224 7.1703268 7.1704288 7.1705301 7.1706307 7.1707306 7.1708297 7.1709282 7.171026 7.171123 7.1712194 7.1713152 7.1714102 7.1715046 7.1715983 7.1716914 7.1717838 7.1718756 7.1719667 7.1720572 7.1721471 7.1722364
7.1656591 7.1657953 7.1659305 7.1660646 7.1661977 7.1663298 7.166461 7.1665911 7.1667202 7.1668484 7.1669756 7.1671019 7.1672272 7.1673515 7.167475 7.1675975 7.1677191 7.1678398 7.1679596 7.1680786 7.1681966 7.1683138 7.1684301 7.1685456 7.1686602 7.1687739 7.1688869 7.168999 7.1691103 7.1692208 7.1693305 7.1694394 7.1695475 7.1696548 7.1697614 7.1698671 7.1699722 7.1700764 7.17018 7.1702828 7.1703848 7.1704861 7.1705867 7.1706866 7.1707858 7.1708843 7.1709821 7.1710792 7.1711757 7.1712714 7.1713665 7.1714609 7.1715547 7.1716478 7.1717403 7.1718321 7.1719233 7.1720138 7.1721038 7.1721931
7.1656177 7.1657538 7.1658888 7.1660229 7.1661559 7.1662879 7.1664189 7.1665489 7.1666779 7.166806 7.1669331 7.1670593 7.1671845 7.1673088 7.1674322 7.1675546 7.1676762 7.1677968 7.1679166 7.1680355 7.1681535 7.1682706 7.1683869 7.1685023 7.1686169 7.1687306 7.1688435 7.1689556 7.1690669 7.1691774 7.169287 7.1693959 7.169504 7.1696113 7.1697179 7.1698237 7.1699287 7.170033 7.1701365 7.1702393 7.1703414 7.1704427 7.1705434 7.1706433 7.1707425 7.170841 7.1709388 7.171036 7.1711324 7.1712282 7.1713233 7.1714178 7.1715116 7.1716047 7.1716972 7.1717891 7.1718803 7.1719709 7.1720609 7.1721503
7.1655772 7.1657131 7.165848 7.1659819 7.1661148 7.1662466 7.1663775 7.1665074 7.1666364 7.1667644 7.1668914 7.1670175 7.1671426 7.1672668 7.1673901 7.1675125 7.167634 7.1677545 7.1678742 7.1679931 7.168111 7.1682281 7.1683443 7.1684597 7.1685742 7.1686879 7.1688008 7.1689129 7.1690241 7.1691346 7.1692442 7.1693531 7.1694612 7.1695685 7.169675 7.1697808 7.1698858 7.1699901 7.1700936 7.1701964 7.1702985 7.1703999 7.1705005 7.1706004 7.1706997 7.1707982 7.170896 7.1709932 7.1710897 7.1711855 7.1712806 7.1713751 7.171469 7.1715621 7.1716547 7.1717466 7.1718378 7.1719285 7.1720185 7.1721079
7.1655374 7.1656732 7.165808 7.1659417 7.1660745 7.1662062 7.166337 7.1664668 7.1665956 7.1667235 7.1668504 7.1669764 7.1671014 7.1672255 7.1673487 7.167471 7.1675924 7.1677129 7.1678326 7.1679513 7.1680692 7.1681862 7.1683024 7.1684177 7.1685322 7.1686459 7.1687587 7.1688708 7.168982 7.1690924 7.169202 7.1693109 7.1694189 7.1695262 7.1696328 7.1697385 7.1698435 7.1699478 7.1700513 7.1701541 7.1702562 7.1703576 7.1704582 7.1705582 7.1706574 7.1707559 7.1708538 7.170951 7.1710475 7.1711433 7.1712385 7.171333 7.1714269 7.1715201 7.1716126 7.1717046 7.1717959 7.1718866 7.1719766 7.1720661
7.1654985 7.1656341 7.1657687 7.1659023 7.1660349 7.1661665 7.1662972 7.1664268 7.1665555 7.1666833 7.1668101 7.166936 7.1670609 7.1671849 7.1673081 7.1674303 7.1675516 7.167672 7.1677916 7.1679103 7.1680281 7.168145 7.1682612 7.1683764 7.1684909 7.1686045 7.1687173 7.1688293 7.1689405 7.1690508 7.1691604 7.1692693 7.1693773 7.1694846 7.1695911 7.1696968 7.1698018 7.1699061 7.1700096 7.1701124 7.1702145 7.1703158 7.1704165 7.1705164 7.1706157 7.1707142 7.1708121 7.1709093 7.1710058 7.1711017 7.1711968 7.1712914 7.1713853 7.1714785 7.1715711 7.171663 7.1717544 7.1718451 7.1719352 7.1720247
7.1654603 7.1655958 7.1657302 7.1658637 7.1659961 7.1661276 7.1662581 7.1663876 7.1665162 7.1666438 7.1667705 7.1668963 7.1670211 7.1671451 7.1672681 7.1673902 7.1675114 7.1676318 7.1677513 7.1678699 7.1679876 7.1681045 7.1682206 7.1683358 7.1684502 7.1685637 7.1686765 7.1687884 7.1688996 7.1690099 7.1691195 7.1692283 7.1693363 7.1694435 7.16955 7.1696557 7.1697607 7.1698649 7.1699685 7.1700712 7.1701733 7.1702747 7.1703753 7.1704752 7.1705745 7.1706731 7.1707709 7.1708681 7.1709646 7.1710605 7.1711557 7.1712503 7.1713442 7.1714374 7.17153 7.171622 7.1717134 7.1718041 7.1718942 7.1719838
7.1654229 7.1655582 7.1656925 7.1658258 7.1659581 7.1660894 7.1662198 7.1663492 7.1664776 7.1666051 7.1667317 7.1668574 7.1669821 7.1671059 7.1672288 7.1673508 7.167472 7.1675922 7.1677116 7.1678302 7.1679478 7.1680646 7.1681806 7.1682958 7.1684101 7.1685236 7.1686363 7.1687482 7.1688593 7.1689696 7.1690791 7.1691878 7.1692958 7.169403 7.1695095 7.1696152 7.1697201 7.1698244 7.1699279 7.1700306 7.1701327 7.170234 7.1703347 7.1704346 7.1705338 7.1706324 7.1707303 7.1708275 7.170924 7.1710199 7.1711151 7.1712097 7.1713036 7.1713968 7.1714895 7.1715815 7.1716729 7.1717636 7.1718538 7.1719433
7.1653864 7.1655215 7.1656556 7.1657887 7.1659208 7.166052 7.1661822 7.1663115 7.1664398 7.1665672 7.1666936 7.1668191 7.1669437 7.1670674 7.1671902 7.1673122 7.1674332 7.1675534 7.1676727 7.1677911 7.1679087 7.1680254 7.1681413 7.1682564 7.1683707 7.1684841 7.1685967 7.1687086 7.1688196 7.1689299 7.1690393 7.169148 7.169256 7.1693631 7.1694696 7.1695752 7.1696802 7.1697844 7.1698878 7.1699906 7.1700926 7.1701939 7.1702946 7.1703945 7.1704937 7.1705923 7.1706902 7.1707874 7.1708839 7.1709798 7.171075 7.1711696 7.1712635 7.1713568 7.1714494 7.1715414 7.1716328 7.1717236 7.1718138 7.1719034
7.1653505 7.1654855 7.1656194 7.1657523 7.1658843 7.1660153 7.1661454 7.1662745 7.1664027 7.1665299 7.1666562 7.1667816 7.1669061 7.1670297 7.1671524 7.1672742 7.1673951 7.1675152 7.1676344 7.1677527 7.1678702 7.1679869 7.1681027 7.1682177 7.1683319 7.1684452 7.1685578 7.1686696 7.1687806 7.1688908 7.1690002 7.1691088 7.1692167 7.1693238 7.1694302 7.1695359 7.1696408 7.1697449 7.1698484 7.1699511 7.1700531 7.1701544 7.170255 7.1703549 7.1704542 7.1705527 7.1706506 7.1707478 7.1708443 7.1709402 7.1710354 7.17113 7.1712239 7.1713172 7.1714098 7.1715019 7.1715933 7.1716841 7.1717743 7.1718639
7.1653155 7.1654502 7.165584 7.1657168 7.1658486 7.1659794 7.1661093 7.1662383 7.1663663 7.1664934 7.1666195 7.1667448 7.1668691 7.1669926 7.1671152 7.1672369 7.1673577 7.1674776 7.1675967 7.167715 7.1678324 7.167949 7.1680647 7.1681796 7.1682937 7.168407 7.1685195 7.1686312 7.1687421 7.1688523 7.1689616 7.1690702 7.1691781 7.1692851 7.1693915 7.1694971 7.1696019 7.1697061 7.1698095 7.1699122 7.1700142 7.1701154 7.170216 7.1703159 7.1704151 7.1705137 7.1706115 7.1707087 7.1708052 7.1709011 7.1709963 7.1710909 7.1711848 7.1712781 7.1713708 7.1714628 7.1715542 7.171645 7.1717352 7.1718248
