Cobbity4/QGIS/AVE11_Sled3.asc
NCOLS 600
NROWS 430
XLLCORNER 150.66
YLLCORNER -34.0279
CELLSIZE 1e-05
NODATA_VALUE -9999
[rows 338 to 363 of 430, columns 360 to 419 of 600]
7.0878279 7.0891039 7.0903617 7.0916016 7.0928237 7.0940281 7.0952151 7.0963848 7.0975374 7.098673 7.0997919 7.1008943 7.1019804 7.1030503 7.1041042 7.1051425 7.1061651 7.1071725 7.1081647 7.109142 7.1101046 7.1110526 7.1119864 7.112906 7.1138118 7.1147038 7.1155824 7.1164476 7.1172998 7.118139 7.1189656 7.1197797 7.1205814 7.1213711 7.1221488 7.1229148 7.1236692 7.1244122 7.1251441 7.1258649 7.126575 7.1272743 7.1279632 7.1286418 7.1293102 7.1299687 7.1306174 7.1312564 7.1318859 7.1325061 7.1331172 7.1337192 7.1343123 7.1348967 7.1354726 7.13604 7.1365992 7.1371502 7.1376931 7.1382282
7.0880885 7.0893471 7.0905882 7.091812 7.0930185 7.094208 7.0953805 7.0965363 7.0976755 7.0987982 7.0999047 7.1009951 7.1020697 7.1031285 7.1041718 7.1051998 7.1062126 7.1072105 7.1081936 7.1091622 7.1101164 7.1110564 7.1119824 7.1128946 7.1137932 7.1146784 7.1155504 7.1164094 7.1172555 7.118089 7.1189101 7.1197189 7.1205156 7.1213003 7.1220734 7.122835 7.1235851 7.1243242 7.1250522 7.1257693 7.1264758 7.1271719 7.1278576 7.1285331 7.1291987 7.1298544 7.1305005 7.131137 7.1317642 7.1323822 7.1329911 7.1335911 7.1341824 7.1347651 7.1353392 7.1359051 7.1364627 7.1370123 7.137554 7.1380879
7.0883594 7.0896007 7.0908251 7.0920328 7.0932238 7.0943982 7.0955563 7.0966981 7.0978239 7.0989337 7.1000277 7.1011062 7.1021692 7.1032169 7.1042495 7.1052671 7.10627 7.1072584 7.1082323 7.109192 7.1101377 7.1110696 7.1119877 7.1128924 7.1137838 7.1146621 7.1155274 7.11638 7.11722 7.1180476 7.118863 7.1196664 7.1204579 7.1212378 7.1220061 7.1227631 7.123509 7.1242438 7.1249678 7.1256812 7.1263841 7.1270767 7.1277591 7.1284315 7.1290941 7.129747 7.1303903 7.1310243 7.131649 7.1322647 7.1328714 7.1334693 7.1340586 7.1346394 7.1352118 7.135776 7.1363321 7.1368802 7.1374205 7.137953
7.0886402 7.0898642 7.091072 7.0922635 7.093439 7.0945985 7.0957421 7.09687 7.0979823 7.0990792 7.1001607 7.1012271 7.1022785 7.103315 7.1043368 7.1053441 7.106337 7.1073157 7.1082804 7.1092312 7.1101683 7.1110919 7.1120022 7.1128993 7.1137833 7.1146546 7.1155131 7.1163592 7.117193 7.1180146 7.1188243 7.1196222 7.1204084 7.1211832 7.1219467 7.122699 7.1234404 7.124171 7.124891 7.1256005 7.1262997 7.1269887 7.1276677 7.1283369 7.1289963 7.1296463 7.1302868 7.1309181 7.1315403 7.1321535 7.1327579 7.1333537 7.1339409 7.1345197 7.1350903 7.1356527 7.1362071 7.1367536 7.1372924 7.1378236
7.0889303 7.0901372 7.0913284 7.0925039 7.0936639 7.0948084 7.0959376 7.0970515 7.0981504 7.0992342 7.1003033 7.1013576 7.1023973 7.1034226 7.1044336 7.1054304 7.1064133 7.1073823 7.1083377 7.1092795 7.110208 7.1111233 7.1120255 7.1129149 7.1137915 7.1146556 7.1155074 7.1163469 7.1171743 7.1179899 7.1187937 7.119586 7.1203668 7.1211365 7.121895 7.1226426 7.1233795 7.1241057 7.1248215 7.125527 7.1262224 7.1269077 7.1275832 7.1282491 7.1289053 7.1295522 7.1301899 7.1308184 7.1314379 7.1320486 7.1326507 7.1332441 7.1338292 7.1344059 7.1349745 7.1355351 7.1360877 7.1366326 7.1371699 7.1376996
7.0892295 7.0904192 7.0915939 7.0927534 7.0938979 7.0950275 7.0961423 7.0972423 7.0983277 7.0993986 7.1004551 7.1014973 7.1025253 7.1035393 7.1045394 7.1055258 7.1064986 7.1074579 7.1084038 7.1093366 7.1102564 7.1111633 7.1120574 7.112939 7.1138082 7.1146651 7.1155099 7.1163427 7.1171638 7.1179732 7.1187711 7.1195576 7.120333 7.1210974 7.1218509 7.1225937 7.1233259 7.1240477 7.1247592 7.1254606 7.1261521 7.1268337 7.1275056 7.128168 7.128821 7.1294647 7.1300994 7.130725 7.1313418 7.1319499 7.1325495 7.1331406 7.1337233 7.134298 7.1348645 7.1354231 7.135974 7.1365171 7.1370527 7.1375808
7.0895371 7.0907099 7.091868 7.0930116 7.0941408 7.0952555 7.0963559 7.097442 7.0985139 7.0995718 7.1006158 7.1016459 7.1026622 7.1036649 7.1046542 7.10563 7.1065926 7.1075421 7.1084787 7.1094024 7.1103134 7.1112118 7.1120978 7.1129715 7.1138331 7.1146828 7.1155205 7.1163466 7.1171612 7.1179643 7.1187562 7.119537 7.1203069 7.1210659 7.1218143 7.1225521 7.1232796 7.1239968 7.124704 7.1254012 7.1260887 7.1267664 7.1274347 7.1280935 7.1287432 7.1293837 7.1300152 7.1306379 7.1312519 7.1318573 7.1324543 7.1330429 7.1336234 7.1341957 7.1347602 7.1353168 7.1358657 7.136407 7.1369408 7.1374673
7.0898529 7.0910087 7.0921505 7.0932783 7.0943921 7.0954919 7.096578 7.0976502 7.0987088 7.0997537 7.1007851 7.1018031 7.1028077 7.1037991 7.1047774 7.1057427 7.1066952 7.1076349 7.1085619 7.1094764 7.1103786 7.1112685 7.1121463 7.1130121 7.1138661 7.1147084 7.1155391 7.1163584 7.1171663 7.1179632 7.118749 7.1195239 7.1202881 7.1210417 7.1217849 7.1225177 7.1232404 7.123953 7.1246558 7.1253487 7.126032 7.1267059 7.1273704 7.1280256 7.1286718 7.129309 7.1299373 7.130557 7.1311681 7.1317707 7.132365 7.1329511 7.1335291 7.1340992 7.1346614 7.1352159 7.1357628 7.1363022 7.1368342 7.137359
7.0901763 7.0913154 7.0924409 7.0935529 7.0946514 7.0957365 7.0968083 7.0978667 7.0989118 7.0999438 7.1009627 7.1019685 7.1029615 7.1039416 7.104909 7.1058637 7.1068059 7.1077358 7.1086533 7.1095586 7.1104519 7.1113333 7.1122028 7.1130607 7.113907 7.1147418 7.1155654 7.1163778 7.1171791 7.1179695 7.1187492 7.1195182 7.1202767 7.1210248 7.1217627 7.1224904 7.1232082 7.1239161 7.1246143 7.1253029 7.1259821 7.1266519 7.1273125 7.1279641 7.1286067 7.1292405 7.1298656 7.1304822 7.1310903 7.13169 7.1322816 7.1328651 7.1334406 7.1340082 7.1345682 7.1351205 7.1356653 7.1362027 7.1367329 7.1372558
7.0905071 7.0916294 7.0927388 7.0938351 7.0949185 7.0959889 7.0970464 7.098091 7.0991228 7.1001419 7.1011482 7.102142 7.1031232 7.104092 7.1050485 7.1059926 7.1069246 7.1078446 7.1087525 7.1096487 7.1105331 7.1114058 7.112267 7.1131169 7.1139554 7.1147828 7.1155992 7.1164046 7.1171992 7.1179832 7.1187566 7.1195196 7.1202724 7.1210149 7.1217474 7.12247 7.1231828 7.1238859 7.1245796 7.1252637 7.1259386 7.1266044 7.1272611 7.1279089 7.1285479 7.1291782 7.1298 7.1304133 7.1310183 7.1316152 7.1322039 7.1327847 7.1333576 7.1339228 7.1344804 7.1350304 7.1355731 7.1361085 7.1366366 7.1371577
7.0908447 7.0919505 7.0930438 7.0941246 7.0951929 7.0962486 7.097292 7.0983228 7.0993414 7.1003475 7.1013414 7.1023231 7.1032927 7.1042502 7.1051957 7.1061292 7.107051 7.1079611 7.1088595 7.1097463 7.1106218 7.1114859 7.1123388 7.1131805 7.1140113 7.1148312 7.1156403 7.1164387 7.1172266 7.1180041 7.1187712 7.1195281 7.120275 7.1210119 7.121739 7.1224564 7.1231641 7.1238624 7.1245513 7.125231 7.1259016 7.1265632 7.1272159 7.1278598 7.1284951 7.1291219 7.1297403 7.1303503 7.1309522 7.131546 7.1321319 7.1327099 7.1332802 7.1338428 7.134398 7.1349457 7.1354861 7.1360193 7.1365455 7.1370646
7.0911889 7.0922783 7.0933556 7.094421 7.0954742 7.0965155 7.0975447 7.0985619 7.0995672 7.1005605 7.101542 7.1025117 7.1034695 7.1044157 7.1053503 7.1062733 7.1071848 7.108085 7.1089738 7.1098514 7.1107179 7.1115733 7.1124178 7.1132515 7.1140744 7.1148867 7.1156885 7.1164799 7.117261 7.1180319 7.1187927 7.1195435 7.1202845 7.1210157 7.1217373 7.1224493 7.123152 7.1238454 7.1245296 7.1252047 7.1258709 7.1265282 7.1271769 7.1278169 7.1284484 7.1290716 7.1296864 7.1302932 7.1308918 7.1314825 7.1320654 7.1326406 7.1332081 7.1337682 7.1343208 7.1348661 7.1354043 7.1359353 7.1364593 7.1369765
7.0915392 7.0926123 7.0936739 7.0947239 7.0957623 7.0967891 7.0978043 7.0988079 7.0998 7.1007806 7.1017496 7.1027073 7.1036535 7.1045885 7.1055121 7.1064245 7.1073258 7.108216 7.1090953 7.1099636 7.1108211 7.1116678 7.1125039 7.1133295 7.1141446 7.1149493 7.1157437 7.116528 7.1173022 7.1180665 7.1188209 7.1195656 7.1203006 7.121026 7.1217421 7.1224488 7.1231463 7.1238347 7.1245141 7.1251846 7.1258463 7.1264993 7.1271438 7.1277799 7.1284076 7.129027 7.1296384 7.1302417 7.130837 7.1314246 7.1320045 7.1325767 7.1331415 7.1336988 7.1342489 7.1347917 7.1353275 7.1358563 7.1363781 7.1368932
7.0918953 7.0929523 7.0939982 7.095033 7.0960566 7.0970691 7.0980704 7.0990605 7.1000395 7.1010073 7.1019641 7.1029097 7.1038444 7.1047681 7.1056808 7.1065827 7.1074737 7.1083541 7.1092237 7.1100827 7.1109312 7.1117693 7.1125969 7.1134143 7.1142215 7.1150186 7.1158057 7.1165828 7.1173502 7.1181078 7.1188557 7.1195942 7.1203231 7.1210428 7.1217532 7.1224545 7.1231468 7.1238302 7.1245047 7.1251705 7.1258277 7.1264764 7.1271167 7.1277487 7.1283725 7.1289882 7.1295959 7.1301958 7.1307878 7.1313721 7.1319489 7.1325182 7.1330801 7.1336347 7.1341821 7.1347224 7.1352557 7.1357822 7.1363018 7.1368147
7.092257 7.093298 7.0943284 7.095348 7.096357 7.0973552 7.0983427 7.0993194 7.1002853 7.1012405 7.102185 7.1031187 7.1040418 7.1049543 7.1058562 7.1067475 7.1076284 7.1084988 7.1093588 7.1102085 7.111048 7.1118774 7.1126966 7.1135058 7.1143051 7.1150946 7.1158742 7.1166442 7.1174046 7.1181555 7.118897 7.1196291 7.1203521 7.1210659 7.1217707 7.1224665 7.1231535 7.1238318 7.1245014 7.1251625 7.1258151 7.1264594 7.1270954 7.1277233 7.1283431 7.128955 7.1295591 7.1301553 7.130744 7.131325 7.1318986 7.1324649 7.1330239 7.1335756 7.1341204 7.1346581 7.1351889 7.135713 7.1362303 7.136741
7.0926237 7.0936489 7.0946639 7.0956686 7.0966631 7.0976471 7.0986209 7.0995842 7.1005372 7.1014798 7.1024121 7.103334 7.1042456 7.1051469 7.1060379 7.1069188 7.1077894 7.1086499 7.1095004 7.1103408 7.1111713 7.1119919 7.1128027 7.1136038 7.1143951 7.1151769 7.1159491 7.1167119 7.1174653 7.1182095 7.1189445 7.1196703 7.1203872 7.1210951 7.1217942 7.1224845 7.1231662 7.1238393 7.124504 7.1251602 7.1258082 7.1264481 7.1270798 7.1277035 7.1283193 7.1289273 7.1295276 7.1301203 7.1307055 7.1312832 7.1318536 7.1324167 7.1329727 7.1335217 7.1340636 7.1345987 7.135127 7.1356485 7.1361635 7.136672
7.0929952 7.0940048 7.0950046 7.0959945 7.0969745 7.0979446 7.0989047 7.0998548 7.1007949 7.1017251 7.1026452 7.1035553 7.1044554 7.1053456 7.1062258 7.1070962 7.1079567 7.1088073 7.1096482 7.1104794 7.1113009 7.1121128 7.1129151 7.113708 7.1144914 7.1152654 7.1160302 7.1167858 7.1175323 7.1182696 7.1189981 7.1197176 7.1204283 7.1211303 7.1218236 7.1225084 7.1231847 7.1238527 7.1245123 7.1251637 7.1258071 7.1264423 7.1270697 7.1276892 7.128301 7.1289051 7.1295016 7.1300906 7.1306722 7.1312466 7.1318137 7.1323737 7.1329266 7.1334726 7.1340117 7.1345441 7.1350698 7.1355889 7.1361014 7.1366075
7.0933713 7.0943654 7.0953501 7.0963253 7.0972911 7.0982473 7.0991939 7.1001308 7.1010582 7.1019759 7.1028839 7.1037823 7.1046711 7.1055502 7.1064197 7.1072796 7.1081299 7.1089708 7.1098021 7.110624 7.1114365 7.1122397 7.1130336 7.1138182 7.1145937 7.11536 7.1161174 7.1168657 7.1176051 7.1183357 7.1190576 7.1197707 7.1204753 7.1211713 7.1218589 7.1225381 7.123209 7.1238717 7.1245263 7.1251728 7.1258114 7.1264421 7.1270651 7.1276803 7.128288 7.1288881 7.1294808 7.1300661 7.1306441 7.131215 7.1317788 7.1323356 7.1328854 7.1334285 7.1339647 7.1344943 7.1350173 7.1355338 7.1360439 7.1365477
7.0937515 7.0947303 7.0957001 7.0966609 7.0976125 7.0985549 7.0994881 7.100412 7.1013267 7.1022321 7.1031281 7.1040149 7.1048923 7.1057604 7.1066192 7.1074687 7.1083089 7.10914 7.1099618 7.1107745 7.111578 7.1123724 7.1131579 7.1139343 7.1147018 7.1154605 7.1162103 7.1169514 7.1176838 7.1184076 7.1191229 7.1198296 7.120528 7.121218 7.1218998 7.1225734 7.1232388 7.1238963 7.1245458 7.1251874 7.1258212 7.1264473 7.1270658 7.1276767 7.1282802 7.1288763 7.1294651 7.1300467 7.1306211 7.1311885 7.1317489 7.1323024 7.1328491 7.1333891 7.1339224 7.1344492 7.1349695 7.1354834 7.1359909 7.1364923
7.0941357 7.0950994 7.0960544 7.0970008 7.0979384 7.0988672 7.0997871 7.1006981 7.1016002 7.1024934 7.1033775 7.1042527 7.1051188 7.105976 7.1068241 7.1076633 7.1084935 7.1093147 7.1101271 7.1109305 7.1117251 7.1125109 7.1132879 7.1140561 7.1148157 7.1155666 7.116309 7.1170428 7.1177682 7.1184852 7.1191938 7.1198941 7.1205863 7.1212703 7.1219462 7.1226141 7.1232741 7.1239263 7.1245706 7.1252073 7.1258363 7.1264578 7.1270717 7.1276783 7.1282776 7.1288696 7.1294545 7.1300322 7.130603 7.1311668 7.1317238 7.132274 7.1328175 7.1333544 7.1338848 7.1344087 7.1349262 7.1354374 7.1359424 7.1364413
7.0945235 7.0954722 7.0964127 7.0973448 7.0982686 7.0991839 7.1000907 7.1009889 7.1018785 7.1027595 7.1036319 7.1044955 7.1053505 7.1061967 7.1070343 7.1078632 7.1086834 7.1094949 7.1102978 7.111092 7.1118777 7.1126548 7.1134233 7.1141834 7.114935 7.1156783 7.1164131 7.1171397 7.117858 7.1185682 7.1192701 7.1199641 7.12065 7.1213279 7.121998 7.1226602 7.1233147 7.1239615 7.1246007 7.1252324 7.1258566 7.1264733 7.1270828 7.127685 7.12828 7.1288679 7.1294488 7.1300227 7.1305898 7.13115 7.1317035 7.1322504 7.1327906 7.1333244 7.1338518 7.1343727 7.1348874 7.1353959 7.1358983 7.1363946
7.0949146 7.0958486 7.0967746 7.0976927 7.0986028 7.0995047 7.1003985 7.1012841 7.1021613 7.1030303 7.1038909 7.1047431 7.105587 7.1064224 7.1072495 7.1080681 7.1088783 7.1096802 7.1104736 7.1112587 7.1120355 7.1128039 7.1135641 7.114316 7.1150597 7.1157952 7.1165226 7.1172419 7.1179532 7.1186565 7.1193518 7.1200393 7.1207189 7.1213908 7.122055 7.1227116 7.1233605 7.124002 7.124636 7.1252626 7.1258819 7.126494 7.1270989 7.1276966 7.1282874 7.1288711 7.129448 7.130018 7.1305813 7.1311379 7.1316879 7.1322314 7.1327683 7.1332989 7.1338232 7.1343412 7.1348531 7.1353588 7.1358585 7.1363523
7.0953089 7.0962282 7.0971401 7.0980443 7.0989408 7.0998295 7.1007104 7.1015834 7.1024484 7.1033054 7.1041544 7.1049953 7.1058281 7.1066529 7.1074694 7.1082779 7.1090782 7.1098704 7.1106545 7.1114305 7.1121984 7.1129582 7.11371 7.1144537 7.1151895 7.1159173 7.1166372 7.1173493 7.1180535 7.1187499 7.1194386 7.1201197 7.1207931 7.1214589 7.1221172 7.122768 7.1234114 7.1240475 7.1246763 7.1252978 7.1259122 7.1265195 7.1271198 7.1277131 7.1282995 7.1288791 7.1294519 7.130018 7.1305775 7.1311304 7.1316769 7.1322169 7.1327506 7.1332779 7.1337991 7.1343141 7.1348231 7.135326 7.135823 7.1363141
7.0957059 7.0966109 7.0975087 7.0983992 7.0992823 7.100158 7.1010261 7.1018866 7.1027395 7.1035847 7.1044222 7.1052519 7.1060737 7.1068878 7.107694 7.1084923 7.1092828 7.1100654 7.1108402 7.1116071 7.1123661 7.1131173 7.1138608 7.1145964 7.1153243 7.1160444 7.1167569 7.1174617 7.1181588 7.1188484 7.1195305 7.120205 7.1208722 7.1215319 7.1221842 7.1228293 7.1234672 7.1240979 7.1247214 7.1253379 7.1259473 7.1265499 7.1271455 7.1277343 7.1283164 7.1288917 7.1294605 7.1300226 7.1305783 7.1311275 7.1316703 7.1322069 7.1327372 7.1332613 7.1337793 7.1342913 7.1347973 7.1352974 7.1357916 7.1362801
7.0961056 7.0969964 7.0978803 7.0987572 7.0996271 7.1004898 7.1013454 7.1021936 7.1030345 7.103868 7.104694 7.1055125 7.1063236 7.107127 7.1079229 7.1087112 7.1094919 7.110265 7.1110305 7.1117883 7.1125386 7.1132812 7.1140163 7.1147439 7.1154639 7.1161763 7.1168813 7.1175789 7.118269 7.1189518 7.1196272 7.1202953 7.1209561 7.1216097 7.1222562 7.1228955 7.1235278 7.124153 7.1247713 7.1253827 7.1259872 7.1265849 7.1271759 7.1277602 7.1283379 7.128909 7.1294736 7.1300318 7.1305836 7.131129 7.1316682 7.1322013 7.1327282 7.133249 7.1337638 7.1342727 7.1347757 7.1352729 7.1357644 7.1362502
7.0965077 7.0973844 7.0982546 7.0991182 7.099975 7.1008249 7.101668 7.102504 7.103333 7.1041549 7.1049696 7.1057771 7.1065774 7.1073703 7.108156 7.1089343 7.1097053 7.1104689 7.1112252 7.111974 7.1127155 7.1134497 7.1141765 7.114896 7.1156081 7.1163129 7.1170105 7.1177008 7.1183839 7.1190598 7.1197286 7.1203902 7.1210447 7.1216923 7.1223328 7.1229664 7.123593 7.1242128 7.1248259 7.1254321 7.1260316 7.1266245 7.1272108 7.1277906 7.1283639 7.1289307 7.1294912 7.1300453 7.1305932 7.1311349 7.1316705 7.1321999 7.1327234 7.1332409 7.1337525 7.1342583 7.1347583 7.1352526 7.1357412 7.1362242
