Cobbity4/QGIS/AVE11.asc
NCOLS 600
NROWS 390
XLLCORNER 150.66
YLLCORNER -34.0277
CELLSIZE 1e-05
NODATA_VALUE -9999
[rows 364 to 389 of 390, columns 300 to 359 of 600]
4.6395187 4.6403909 4.6412543 4.642109 4.6429549 4.643792 4.6446204 4.64544 4.6462508 4.6470528 4.647846 4.6486305 4.6494063 4.6501733 4.6509317 4.6516814 4.6524224 4.6531548 4.6538786 4.6545938 4.6553005 4.6559987 4.6566884 4.6573698 4.6580427 4.6587073 4.6593636 4.6600116 4.6606515 4.6612831 4.6619066 4.6625221 4.6631295 4.663729 4.6643205 4.6649041 4.6654799 4.6660479 4.6666082 4.6671609 4.6677059 4.6682433 4.6687732 4.6692957 4.6698108 4.6703185 4.6708189 4.6713121 4.6717981 4.672277 4.6727488 4.6732136 4.6736715 4.6741224 4.6745665 4.6750039 4.6754345 4.6758585 4.6762758 4.6766866
4.6391776 4.6400426 4.640899 4.6417469 4.6425861 4.6434168 4.6442389 4.6450524 4.6458573 4.6466536 4.6474413 4.6482204 4.648991 4.649753 4.6505065 4.6512514 4.6519879 4.6527159 4.6534354 4.6541466 4.6548493 4.6555437 4.6562298 4.6569076 4.6575772 4.6582385 4.6588917 4.6595367 4.6601736 4.6608025 4.6614234 4.6620364 4.6626414 4.6632385 4.6638279 4.6644094 4.6649833 4.6655495 4.666108 4.666659 4.6672024 4.6677384 4.668267 4.6687882 4.6693021 4.6698087 4.6703081 4.6708004 4.6712856 4.6717637 4.6722349 4.6726991 4.6731564 4.673607 4.6740507 4.6744878 4.6749182 4.675342 4.6757593 4.6761701
4.6388445 4.6397023 4.6405517 4.6413927 4.6422254 4.6430496 4.6438655 4.6446729 4.6454719 4.6462625 4.6470447 4.6478184 4.6485838 4.6493407 4.6500893 4.6508296 4.6515614 4.652285 4.6530003 4.6537073 4.6544061 4.6550967 4.655779 4.6564533 4.6571194 4.6577774 4.6584274 4.6590694 4.6597035 4.6603296 4.6609478 4.6615582 4.6621607 4.6627556 4.6633427 4.6639222 4.664494 4.6650583 4.665615 4.6661643 4.6667061 4.6672406 4.6677678 4.6682877 4.6688003 4.6693058 4.6698042 4.6702955 4.6707798 4.6712571 4.6717276 4.6721912 4.6726479 4.673098 4.6735413 4.6739781 4.6744082 4.6748318 4.6752489 4.6756597
4.6385191 4.6393698 4.6402122 4.6410465 4.6418725 4.6426904 4.6435 4.6443013 4.6450944 4.6458793 4.6466559 4.6474243 4.6481845 4.6489364 4.6496801 4.6504155 4.6511429 4.651862 4.652573 4.6532759 4.6539706 4.6546573 4.655336 4.6560066 4.6566693 4.657324 4.6579708 4.6586097 4.6592408 4.6598641 4.6604796 4.6610874 4.6616875 4.6622799 4.6628648 4.6634421 4.6640119 4.6645742 4.6651291 4.6656767 4.6662169 4.6667498 4.6672755 4.667794 4.6683054 4.6688097 4.669307 4.6697973 4.6702807 4.6707571 4.6712268 4.6716897 4.6721459 4.6725954 4.6730382 4.6734746 4.6739044 4.6743277 4.6747447 4.6751553
4.6382013 4.6390448 4.6398803 4.6407078 4.6415273 4.6423387 4.6431421 4.6439375 4.6447247 4.6455039 4.6462749 4.647038 4.6477929 4.6485397 4.6492785 4.6500093 4.650732 4.6514467 4.6521534 4.6528521 4.6535428 4.6542256 4.6549005 4.6555676 4.6562268 4.6568781 4.6575217 4.6581575 4.6587856 4.659406 4.6600188 4.6606239 4.6612215 4.6618115 4.6623941 4.6629692 4.6635369 4.6640972 4.6646503 4.665196 4.6657345 4.6662659 4.6667901 4.6673072 4.6678172 4.6683203 4.6688164 4.6693057 4.669788 4.6702636 4.6707325 4.6711946 4.6716501 4.672099 4.6725414 4.6729773 4.6734067 4.6738298 4.6742465 4.6746569
4.6378909 4.6387273 4.6395559 4.6403767 4.6411896 4.6419947 4.6427919 4.6435812 4.6443625 4.645136 4.6459016 4.6466592 4.6474089 4.6481507 4.6488846 4.6496106 4.6503287 4.6510389 4.6517413 4.6524358 4.6531225 4.6538014 4.6544726 4.655136 4.6557916 4.6564396 4.6570799 4.6577126 4.6583377 4.6589552 4.6595652 4.6601676 4.6607627 4.6613503 4.6619305 4.6625034 4.6630689 4.6636272 4.6641783 4.6647222 4.665259 4.6657887 4.6663114 4.666827 4.6673357 4.6678375 4.6683324 4.6688206 4.6693019 4.6697766 4.6702445 4.6707059 4.6711607 4.6716089 4.6720507 4.6724861 4.6729151 4.6733378 4.6737543 4.6741645
4.6375876 4.6384169 4.6392387 4.6400528 4.6408592 4.6416579 4.642449 4.6432322 4.6440078 4.6447756 4.6455356 4.6462878 4.6470323 4.6477691 4.6484981 4.6492193 4.6499328 4.6506385 4.6513366 4.6520269 4.6527096 4.6533845 4.6540519 4.6547116 4.6553638 4.6560083 4.6566454 4.6572749 4.6578969 4.6585115 4.6591187 4.6597184 4.6603109 4.660896 4.6614738 4.6620444 4.6626078 4.6631641 4.6637132 4.6642552 4.6647902 4.6653183 4.6658393 4.6663535 4.6668608 4.6673612 4.6678549 4.6683419 4.6688222 4.6692958 4.6697629 4.6702234 4.6706774 4.671125 4.6715662 4.672001 4.6724296 4.6728519 4.673268 4.6736779
4.6372913 4.6381137 4.6389286 4.639736 4.640536 4.6413284 4.6421133 4.6428906 4.6436603 4.6444224 4.6451769 4.6459238 4.6466631 4.6473948 4.6481188 4.6488353 4.6495442 4.6502454 4.6509391 4.6516253 4.6523038 4.6529749 4.6536384 4.6542945 4.6549431 4.6555842 4.6562179 4.6568443 4.6574632 4.6580748 4.6586792 4.6592762 4.659866 4.6604486 4.6610241 4.6615924 4.6621535 4.6627077 4.6632548 4.6637949 4.6643281 4.6648544 4.6653738 4.6658865 4.6663923 4.6668914 4.6673838 4.6678696 4.6683487 4.6688213 4.6692874 4.6697471 4.6702003 4.6706471 4.6710877 4.6715219 4.6719499 4.6723718 4.6727875 4.6731971
4.6370019 4.6378173 4.6386254 4.6394263 4.6402198 4.6410059 4.6417846 4.6425559 4.6433198 4.6440763 4.6448253 4.6455669 4.646301 4.6470276 4.6477467 4.6484584 4.6491627 4.6498595 4.6505488 4.6512307 4.6519052 4.6525723 4.6532321 4.6538844 4.6545294 4.6551671 4.6557975 4.6564206 4.6570365 4.6576451 4.6582466 4.6588408 4.659428 4.6600081 4.660581 4.661147 4.661706 4.662258 4.662803 4.6633412 4.6638726 4.6643971 4.6649148 4.6654259 4.6659302 4.6664279 4.666919 4.6674035 4.6678815 4.6683531 4.6688181 4.6692769 4.6697292 4.6701753 4.6706151 4.6710487 4.6714762 4.6718975 4.6723128 4.6727221
4.6367191 4.6375276 4.638329 4.6391233 4.6399104 4.6406902 4.6414629 4.6422283 4.6429864 4.6437372 4.6444807 4.6452169 4.6459458 4.6466674 4.6473817 4.6480886 4.6487882 4.6494805 4.6501655 4.6508432 4.6515136 4.6521767 4.6528326 4.6534813 4.6541227 4.6547569 4.6553839 4.6560038 4.6566166 4.6572222 4.6578207 4.6584122 4.6589967 4.6595742 4.6601447 4.6607083 4.661265 4.6618148 4.6623578 4.662894 4.6634235 4.6639462 4.6644622 4.6649717 4.6654745 4.6659707 4.6664604 4.6669437 4.6674205 4.6678909 4.6683549 4.6688127 4.6692641 4.6697094 4.6701485 4.6705814 4.6710082 4.671429 4.6718439 4.6722527
4.6364429 4.6372445 4.6380392 4.638827 4.6396077 4.6403813 4.6411479 4.6419073 4.6426597 4.6434049 4.6441429 4.6448738 4.6455976 4.6463141 4.6470234 4.6477256 4.6484206 4.6491084 4.6497891 4.6504625 4.6511288 4.651788 4.65244 4.6530849 4.6537228 4.6543535 4.6549771 4.6555938 4.6562034 4.656806 4.6574016 4.6579903 4.658572 4.6591469 4.6597149 4.6602761 4.6608305 4.6613781 4.661919 4.6624532 4.6629807 4.6635016 4.6640159 4.6645237 4.6650249 4.6655197 4.666008 4.6664899 4.6669655 4.6674347 4.6678977 4.6683544 4.668805 4.6692494 4.6696876 4.6701198 4.670546 4.6709663 4.6713805 4.6717889
4.636173 4.6369678 4.6377559 4.6385371 4.6393115 4.6400789 4.6408395 4.641593 4.6423396 4.6430793 4.6438119 4.6445374 4.645256 4.6459675 4.646672 4.6473694 4.6480597 4.6487431 4.6494193 4.6500886 4.6507508 4.651406 4.6520541 4.6526953 4.6533295 4.6539567 4.654577 4.6551903 4.6557968 4.6563963 4.656989 4.6575749 4.6581539 4.6587262 4.6592916 4.6598504 4.6604025 4.6609478 4.6614866 4.6620187 4.6625443 4.6630633 4.6635759 4.6640819 4.6645816 4.6650748 4.6655617 4.6660422 4.6665165 4.6669846 4.6674464 4.6679021 4.6683516 4.6687951 4.6692326 4.669664 4.6700895 4.6705091 4.6709228 4.6713307
4.6359093 4.6366974 4.6374789 4.6382536 4.6390217 4.639783 4.6405375 4.6412852 4.6420261 4.6427601 4.6434873 4.6442076 4.644921 4.6456275 4.6463271 4.6470197 4.6477055 4.6483843 4.6490562 4.6497212 4.6503793 4.6510305 4.6516748 4.6523123 4.6529428 4.6535665 4.6541834 4.6547935 4.6553967 4.6559932 4.6565829 4.6571659 4.6577422 4.6583118 4.6588747 4.659431 4.6599807 4.6605238 4.6610604 4.6615905 4.6621141 4.6626312 4.6631419 4.6636463 4.6641442 4.6646359 4.6651213 4.6656005 4.6660735 4.6665403 4.6670009 4.6674555 4.6679041 4.6683466 4.6687832 4.6692138 4.6696386 4.6700575 4.6704706 4.670878
4.6356517 4.6364331 4.637208 4.6379763 4.6387381 4.6394933 4.6402419 4.6409837 4.6417189 4.6424474 4.6431692 4.6438842 4.6445925 4.6452939 4.6459887 4.6466766 4.6473577 4.6480321 4.6486996 4.6493604 4.6500144 4.6506616 4.651302 4.6519357 4.6525626 4.6531828 4.6537962 4.654403 4.655003 4.6555964 4.6561832 4.6567633 4.6573368 4.6579037 4.6584641 4.6590179 4.6595652 4.660106 4.6606404 4.6611684 4.6616899 4.6622051 4.662714 4.6632166 4.6637129 4.664203 4.6646869 4.6651646 4.6656363 4.6661018 4.6665613 4.6670147 4.6674622 4.6679038 4.6683394 4.6687692 4.6691932 4.6696114 4.6700239 4.6704307
4.6354 4.6361747 4.6369431 4.6377051 4.6384607 4.6392098 4.6399524 4.6406885 4.641418 4.642141 4.6428573 4.6435671 4.6442702 4.6449667 4.6456566 4.6463398 4.6470163 4.6476862 4.6483494 4.6490059 4.6496558 4.650299 4.6509355 4.6515654 4.6521887 4.6528053 4.6534154 4.6540188 4.6546157 4.6552059 4.6557897 4.6563669 4.6569376 4.6575018 4.6580596 4.6586109 4.6591558 4.6596943 4.6602265 4.6607523 4.6612718 4.6617851 4.6622921 4.6627929 4.6632875 4.663776 4.6642583 4.6647346 4.6652048 4.665669 4.6661273 4.6665796 4.667026 4.6674665 4.6679012 4.6683302 4.6687533 4.6691708 4.6695826 4.6699887
4.635154 4.6359222 4.6366841 4.6374398 4.6381891 4.6389322 4.6396689 4.6403992 4.6411231 4.6418406 4.6425516 4.6432561 4.6439542 4.6446457 4.6453307 4.6460092 4.6466811 4.6473465 4.6480053 4.6486576 4.6493034 4.6499426 4.6505753 4.6512014 4.651821 4.6524341 4.6530407 4.6536408 4.6542345 4.6548216 4.6554024 4.6559767 4.6565445 4.657106 4.6576612 4.65821 4.6587524 4.6592886 4.6598185 4.6603422 4.6608597 4.6613709 4.661876 4.662375 4.6628679 4.6633547 4.6638355 4.6643103 4.6647791 4.6652419 4.6656989 4.66615 4.6665953 4.6670348 4.6674685 4.6678965 4.6683189 4.6687355 4.6691466 4.6695521
4.6349137 4.6356753 4.6364308 4.6371802 4.6379235 4.6386605 4.6393914 4.6401159 4.6408343 4.6415463 4.6422519 4.6429512 4.6436442 4.6443308 4.6450109 4.6456847 4.646352 4.647013 4.6476675 4.6483155 4.6489572 4.6495924 4.6502212 4.6508435 4.6514595 4.652069 4.6526722 4.653269 4.6538594 4.6544434 4.6550211 4.6555925 4.6561575 4.6567163 4.6572688 4.657815 4.658355 4.6588889 4.6594165 4.659938 4.6604533 4.6609626 4.6614658 4.6619629 4.662454 4.6629392 4.6634183 4.6638916 4.664359 4.6648205 4.6652761 4.665726 4.6661701 4.6666085 4.6670412 4.6674683 4.6678897 4.6683056 4.6687159 4.6691207
4.6346789 4.635434 4.6361831 4.6369263 4.6376635 4.6383946 4.6391196 4.6398385 4.6405512 4.6412578 4.6419581 4.6426522 4.6433401 4.6440218 4.6446971 4.6453662 4.646029 4.6466854 4.6473356 4.6479794 4.648617 4.6492482 4.6498731 4.6504917 4.651104 4.65171 4.6523097 4.6529031 4.6534902 4.6540711 4.6546458 4.6552142 4.6557764 4.6563324 4.6568823 4.657426 4.6579635 4.6584949 4.6590203 4.6595396 4.6600528 4.66056 4.6610612 4.6615565 4.6620458 4.6625293 4.6630068 4.6634785 4.6639444 4.6644045 4.6648588 4.6653074 4.6657504 4.6661877 4.6666193 4.6670454 4.6674659 4.6678809 4.6682904 4.6686945
4.6344494 4.6351981 4.6359409 4.6366779 4.637409 4.6381342 4.6388534 4.6395667 4.6402739 4.640975 4.6416701 4.642359 4.6430419 4.6437186 4.6443892 4.6450536 4.6457118 4.6463638 4.6470096 4.6476493 4.6482827 4.6489099 4.6495309 4.6501457 4.6507544 4.6513568 4.651953 4.6525431 4.653127 4.6537047 4.6542763 4.6548418 4.6554012 4.6559544 4.6565016 4.6570427 4.6575777 4.6581068 4.6586298 4.6591468 4.6596579 4.6601631 4.6606623 4.6611557 4.6616432 4.6621249 4.6626008 4.6630709 4.6635353 4.663994 4.6644469 4.6648943 4.665336 4.6657721 4.6662027 4.6666277 4.6670473 4.6674614 4.6678701 4.6682734
4.6342252 4.6349675 4.6357041 4.6364349 4.63716 4.6378793 4.6385928 4.6393004 4.6400021 4.6406979 4.6413877 4.6420715 4.6427494 4.6434212 4.6440869 4.6447467 4.6454003 4.6460479 4.6466894 4.6473249 4.6479542 4.6485774 4.6491946 4.6498056 4.6504106 4.6510094 4.6516022 4.6521889 4.6527696 4.6533441 4.6539127 4.6544752 4.6550316 4.6555821 4.6561266 4.6566651 4.6571976 4.6577243 4.6582449 4.6587598 4.6592687 4.6597718 4.660269 4.6607605 4.6612461 4.6617261 4.6622003 4.6626688 4.6631316 4.6635888 4.6640404 4.6644864 4.6649269 4.6653618 4.6657913 4.6662153 4.6666338 4.667047 4.6674549 4.6678574
4.6340061 4.6347421 4.6354724 4.6361972 4.6369164 4.6376298 4.6383376 4.6390396 4.6397358 4.6404262 4.6411108 4.6417896 4.6424624 4.6431293 4.6437903 4.6444454 4.6450946 4.6457377 4.6463749 4.6470062 4.6476314 4.6482507 4.6488639 4.6494712 4.6500725 4.6506678 4.6512571 4.6518404 4.6524178 4.6529892 4.6535547 4.6541142 4.6546678 4.6552155 4.6557572 4.6562931 4.6568231 4.6573473 4.6578657 4.6583782 4.6588849 4.6593859 4.6598812 4.6603707 4.6608545 4.6613326 4.6618051 4.662272 4.6627332 4.663189 4.6636391 4.6640838 4.664523 4.6649567 4.665385 4.6658079 4.6662255 4.6666377 4.6670447 4.6674464
4.633792 4.6345217 4.6352459 4.6359647 4.6366779 4.6373856 4.6380876 4.6387841 4.6394749 4.64016 4.6408394 4.641513 4.6421809 4.642843 4.6434993 4.6441497 4.6447943 4.6454331 4.646066 4.646693 4.6473142 4.6479295 4.6485389 4.6491424 4.64974 4.6503317 4.6509176 4.6514975 4.6520716 4.6526399 4.6532023 4.6537588 4.6543095 4.6548544 4.6553934 4.6559267 4.6564542 4.6569759 4.6574919 4.6580021 4.6585067 4.6590055 4.6594987 4.6599862 4.6604682 4.6609445 4.6614153 4.6618805 4.6623402 4.6627943 4.6632431 4.6636864 4.6641242 4.6645567 4.6649839 4.6654057 4.6658222 4.6662334 4.6666395 4.6670403
4.6335828 4.6343062 4.6350244 4.6357371 4.6364445 4.6371464 4.6378429 4.6385338 4.6392192 4.639899 4.6405732 4.6412418 4.6419048 4.642562 4.6432136 4.6438594 4.6444995 4.6451339 4.6457625 4.6463854 4.6470025 4.6476138 4.6482193 4.6488191 4.649413 4.6500012 4.6505836 4.6511602 4.651731 4.652296 4.6528553 4.6534089 4.6539567 4.6544987 4.6550351 4.6555657 4.6560906 4.6566099 4.6571235 4.6576314 4.6581337 4.6586304 4.6591216 4.6596071 4.6600872 4.6605617 4.6610307 4.6614942 4.6619523 4.6624049 4.6628522 4.663294 4.6637306 4.6641618 4.6645877 4.6650084 4.6654239 4.6658341 4.6662392 4.6666391
4.6333784 4.6340956 4.6348077 4.6355145 4.636216 4.6369123 4.6376031 4.6382886 4.6389686 4.6396432 4.6403123 4.6409759 4.6416339 4.6422863 4.6429332 4.6435745 4.6442101 4.6448401 4.6454644 4.6460831 4.6466962 4.6473035 4.6479052 4.6485012 4.6490915 4.6496761 4.650255 4.6508282 4.6513957 4.6519576 4.6525138 4.6530644 4.6536092 4.6541485 4.6546821 4.65521 4.6557324 4.6562492 4.6567604 4.657266 4.6577661 4.6582607 4.6587497 4.6592333 4.6597114 4.660184 4.6606512 4.661113 4.6615695 4.6620206 4.6624663 4.6629068 4.663342 4.6637719 4.6641966 4.6646161 4.6650305 4.6654397 4.6658438 4.6662428
4.6331786 4.6338897 4.6345958 4.6352967 4.6359925 4.636683 4.6373684 4.6380484 4.6387231 4.6393925 4.6400564 4.640715 4.6413681 4.6420158 4.642658 4.6432947 4.6439259 4.6445515 4.6451716 4.6457862 4.6463951 4.6469985 4.6475963 4.6481886 4.6487752 4.6493563 4.6499317 4.6505016 4.6510658 4.6516245 4.6521776 4.6527251 4.6532671 4.6538035 4.6543344 4.6548597 4.6553795 4.6558937 4.6564025 4.6569058 4.6574037 4.657896 4.658383 4.6588645 4.6593407 4.6598115 4.6602769 4.660737 4.6611918 4.6616413 4.6620855 4.6625245 4.6629583 4.6633869 4.6638104 4.6642287 4.6646419 4.66505 4.6654531 4.6658512
4.6329833 4.6336884 4.6343885 4.6350836 4.6357736 4.6364586 4.6371384 4.637813 4.6384825 4.6391466 4.6398055 4.6404592 4.6411074 4.6417503 4.6423879 4.64302 4.6436468 4.6442681 4.6448839 4.6454943 4.6460993 4.6466987 4.6472927 4.6478812 4.6484642 4.6490417 4.6496137 4.6501801 4.6507411 4.6512966 4.6518466 4.6523911 4.6529302 4.6534638 4.6539919 4.6545145 4.6550317 4.6555435 4.6560498 4.6565508 4.6570464 4.6575366 4.6580214 4.6585009 4.6589751 4.659444 4.6599076 4.6603659 4.660819 4.6612669 4.6617096 4.6621472 4.6625795 4.6630068 4.663429 4.6638461 4.6642582 4.6646652 4.6650673 4.6654644
