Cobbity4/QGIS/Ave11_Reverse.asc
NCOLS 600
NROWS 430
XLLCORNER 150.66
YLLCORNER -34.0286
CELLSIZE 1e-05
NODATA_VALUE -9999
[rows 52 to 77 of 430, columns 480 to 539 of 600]
7.3336291 7.3335865 7.3335426 7.3334973 7.3334507 7.333403 7.333354 7.3333039 7.3332528 7.3332005 7.3331473 7.333093 7.3330379 7.3329818 7.3329248 7.332867 7.3328084 7.332749 7.3326888 7.3326279 7.3325663 7.3325041 7.3324412 7.3323777 7.3323136 7.332249 7.3321838 7.3321181 7.3320519 7.3319852 7.331918 7.3318505 7.3317825 7.3317141 7.3316453 7.3315762 7.3315067 7.331437 7.3313669 7.3312965 7.3312258 7.3311549 7.3310837 7.3310123 7.3309407 7.3308688 7.3307968 7.3307246 7.3306522 7.3305797 7.330507 7.3304342 7.3303613 7.3302883 7.3302151 7.3301419 7.3300686 7.3299952 7.3299217 7.3298482
7.3337733 7.3337285 7.3336824 7.333635 7.3335863 7.3335365 7.3334855 7.3334334 7.3333803 7.3333261 7.3332709 7.3332148 7.3331578 7.3330999 7.3330411 7.3329816 7.3329212 7.3328601 7.3327982 7.3327357 7.3326725 7.3326086 7.3325442 7.3324791 7.3324135 7.3323473 7.3322806 7.3322135 7.3321458 7.3320777 7.3320092 7.3319402 7.3318709 7.3318011 7.331731 7.3316606 7.3315899 7.3315188 7.3314475 7.3313759 7.331304 7.3312319 7.3311596 7.331087 7.3310142 7.3309413 7.3308682 7.3307949 7.3307214 7.3306478 7.3305741 7.3305003 7.3304264 7.3303523 7.3302782 7.330204 7.3301297 7.3300554 7.329981 7.3299066
7.3339174 7.3338703 7.333822 7.3337725 7.3337217 7.3336698 7.3336168 7.3335627 7.3335076 7.3334514 7.3333943 7.3333363 7.3332774 7.3332177 7.3331571 7.3330958 7.3330337 7.3329708 7.3329073 7.3328431 7.3327782 7.3327128 7.3326467 7.3325801 7.3325129 7.3324452 7.3323771 7.3323084 7.3322393 7.3321698 7.3320998 7.3320295 7.3319588 7.3318877 7.3318163 7.3317446 7.3316725 7.3316002 7.3315276 7.3314548 7.3313817 7.3313084 7.3312349 7.3311612 7.3310873 7.3310132 7.330939 7.3308646 7.3307901 7.3307155 7.3306407 7.3305659 7.3304909 7.3304159 7.3303408 7.3302656 7.3301904 7.3301151 7.3300398 7.3299645
7.3340613 7.334012 7.3339615 7.3339098 7.3338569 7.3338029 7.3337478 7.3336917 7.3336345 7.3335764 7.3335174 7.3334575 7.3333968 7.3333352 7.3332728 7.3332096 7.3331458 7.3330812 7.333016 7.3329501 7.3328836 7.3328165 7.3327488 7.3326806 7.3326119 7.3325427 7.332473 7.3324029 7.3323323 7.3322614 7.33219 7.3321183 7.3320462 7.3319738 7.331901 7.331828 7.3317547 7.3316811 7.3316073 7.3315332 7.3314589 7.3313844 7.3313097 7.3312349 7.3311598 7.3310846 7.3310093 7.3309338 7.3308582 7.3307825 7.3307068 7.3306309 7.3305549 7.3304789 7.3304028 7.3303267 7.3302505 7.3301743 7.3300981 7.3300219
7.334205 7.3341535 7.3341007 7.3340468 7.3339918 7.3339357 7.3338785 7.3338203 7.3337612 7.3337011 7.3336402 7.3335783 7.3335157 7.3334522 7.333388 7.3333231 7.3332575 7.3331912 7.3331242 7.3330566 7.3329885 7.3329197 7.3328505 7.3327807 7.3327104 7.3326397 7.3325685 7.3324969 7.3324249 7.3323524 7.3322797 7.3322065 7.3321331 7.3320593 7.3319852 7.3319109 7.3318363 7.3317615 7.3316864 7.3316111 7.3315356 7.3314599 7.331384 7.331308 7.3312318 7.3311555 7.3310791 7.3310025 7.3309258 7.3308491 7.3307723 7.3306954 7.3306184 7.3305414 7.3304643 7.3303872 7.3303101 7.330233 7.3301558 7.3300787
7.3343485 7.3342947 7.3342397 7.3341836 7.3341264 7.3340682 7.3340089 7.3339487 7.3338875 7.3338254 7.3337625 7.3336988 7.3336342 7.3335689 7.3335029 7.3334361 7.3333687 7.3333006 7.333232 7.3331627 7.3330929 7.3330225 7.3329516 7.3328803 7.3328084 7.3327362 7.3326635 7.3325903 7.3325169 7.332443 7.3323688 7.3322943 7.3322194 7.3321443 7.3320689 7.3319933 7.3319174 7.3318413 7.3317649 7.3316884 7.3316117 7.3315348 7.3314577 7.3313806 7.3313032 7.3312258 7.3311482 7.3310706 7.3309929 7.3309151 7.3308372 7.3307593 7.3306813 7.3306033 7.3305252 7.3304472 7.3303691 7.330291 7.330213 7.3301349
7.3344917 7.3344356 7.3343784 7.3343201 7.3342607 7.3342003 7.3341389 7.3340766 7.3340134 7.3339493 7.3338845 7.3338188 7.3337523 7.3336851 7.3336172 7.3335487 7.3334795 7.3334097 7.3333393 7.3332683 7.3331968 7.3331248 7.3330523 7.3329793 7.3329059 7.3328321 7.3327579 7.3326833 7.3326083 7.332533 7.3324574 7.3323815 7.3323053 7.3322288 7.332152 7.3320751 7.3319979 7.3319205 7.3318429 7.3317651 7.3316872 7.3316091 7.3315309 7.3314525 7.3313741 7.3312955 7.3312169 7.3311381 7.3310593 7.3309804 7.3309015 7.3308226 7.3307436 7.3306646 7.3305856 7.3305065 7.3304275 7.3303485 7.3302695 7.3301906
7.3346346 7.3345762 7.3345167 7.3344561 7.3343946 7.334332 7.3342685 7.3342041 7.3341389 7.3340728 7.3340059 7.3339383 7.3338699 7.3338008 7.3337311 7.3336607 7.3335897 7.3335182 7.333446 7.3333734 7.3333002 7.3332265 7.3331524 7.3330778 7.3330029 7.3329275 7.3328517 7.3327756 7.3326992 7.3326225 7.3325454 7.3324681 7.3323905 7.3323126 7.3322346 7.3321563 7.3320778 7.3319991 7.3319203 7.3318413 7.3317621 7.3316828 7.3316034 7.3315239 7.3314443 7.3313646 7.3312849 7.331205 7.3311252 7.3310452 7.3309653 7.3308853 7.3308053 7.3307253 7.3306453 7.3305653 7.3304853 7.3304054 7.3303255 7.3302456
7.3347771 7.3347164 7.3346546 7.3345918 7.334528 7.3344633 7.3343977 7.3343312 7.3342639 7.3341958 7.3341269 7.3340573 7.333987 7.3339161 7.3338445 7.3337722 7.3336995 7.3336261 7.3335522 7.3334778 7.333403 7.3333277 7.3332519 7.3331758 7.3330992 7.3330223 7.332945 7.3328674 7.3327895 7.3327113 7.3326328 7.3325541 7.3324751 7.3323959 7.3323165 7.3322369 7.3321571 7.3320771 7.331997 7.3319168 7.3318364 7.3317559 7.3316754 7.3315947 7.3315139 7.3314331 7.3313523 7.3312713 7.3311904 7.3311094 7.3310284 7.3309474 7.3308664 7.3307854 7.3307044 7.3306235 7.3305426 7.3304617 7.3303808 7.3303001
7.3349192 7.3348561 7.334792 7.334727 7.334661 7.3345941 7.3345264 7.3344578 7.3343884 7.3343182 7.3342474 7.3341758 7.3341036 7.3340307 7.3339573 7.3338832 7.3338086 7.3337335 7.3336579 7.3335818 7.3335052 7.3334282 7.3333508 7.3332731 7.3331949 7.3331165 7.3330377 7.3329586 7.3328792 7.3327995 7.3327196 7.3326394 7.3325591 7.3324785 7.3323978 7.3323168 7.3322357 7.3321545 7.3320732 7.3319917 7.3319101 7.3318284 7.3317466 7.3316648 7.3315829 7.331501 7.331419 7.331337 7.331255 7.3311729 7.3310909 7.3310089 7.3309269 7.3308449 7.3307629 7.330681 7.3305991 7.3305173 7.3304356 7.3303539
7.3350608 7.3349954 7.334929 7.3348617 7.3347935 7.3347244 7.3346545 7.3345838 7.3345123 7.3344401 7.3343673 7.3342937 7.3342196 7.3341448 7.3340694 7.3339936 7.3339171 7.3338402 7.3337629 7.333685 7.3336068 7.3335281 7.3334491 7.3333697 7.33329 7.33321 7.3331297 7.333049 7.3329682 7.3328871 7.3328057 7.3327242 7.3326424 7.3325605 7.3324784 7.3323961 7.3323137 7.3322312 7.3321486 7.3320659 7.3319831 7.3319002 7.3318173 7.3317343 7.3316512 7.3315682 7.3314851 7.331402 7.3313189 7.3312358 7.3311527 7.3310697 7.3309867 7.3309037 7.3308208 7.3307379 7.3306551 7.3305723 7.3304897 7.3304071
7.3352019 7.3351342 7.3350655 7.3349959 7.3349254 7.3348541 7.3347821 7.3347092 7.3346357 7.3345615 7.3344866 7.334411 7.3343349 7.3342582 7.334181 7.3341033 7.334025 7.3339464 7.3338672 7.3337877 7.3337077 7.3336274 7.3335468 7.3334658 7.3333845 7.3333029 7.333221 7.3331389 7.3330565 7.3329739 7.3328912 7.3328082 7.3327251 7.3326418 7.3325583 7.3324747 7.3323911 7.3323073 7.3322234 7.3321394 7.3320554 7.3319713 7.3318872 7.3318031 7.3317189 7.3316347 7.3315505 7.3314663 7.3313822 7.331298 7.3312139 7.3311298 7.3310458 7.3309618 7.3308779 7.3307941 7.3307104 7.3306267 7.3305431 7.3304596
7.3353425 7.3352724 7.3352014 7.3351295 7.3350568 7.3349833 7.334909 7.3348341 7.3347584 7.3346821 7.3346052 7.3345277 7.3344496 7.334371 7.3342919 7.3342123 7.3341323 7.3340518 7.3339709 7.3338896 7.333808 7.333726 7.3336437 7.3335611 7.3334782 7.333395 7.3333116 7.333228 7.3331442 7.3330601 7.3329759 7.3328915 7.332807 7.3327223 7.3326375 7.3325527 7.3324677 7.3323826 7.3322975 7.3322123 7.332127 7.3320418 7.3319565 7.3318712 7.3317858 7.3317005 7.3316152 7.33153 7.3314447 7.3313595 7.3312744 7.3311893 7.3311043 7.3310193 7.3309344 7.3308497 7.330765 7.3306804 7.3305959 7.3305115
7.3354825 7.33541 7.3353366 7.3352624 7.3351875 7.3351118 7.3350353 7.3349582 7.3348805 7.3348021 7.3347232 7.3346437 7.3345637 7.3344831 7.3344021 7.3343207 7.3342388 7.3341565 7.3340739 7.3339909 7.3339075 7.3338239 7.3337399 7.3336557 7.3335712 7.3334865 7.3334015 7.3333164 7.3332311 7.3331456 7.3330599 7.3329741 7.3328882 7.3328022 7.3327161 7.3326298 7.3325436 7.3324572 7.3323708 7.3322844 7.3321979 7.3321115 7.332025 7.3319385 7.3318521 7.3317656 7.3316793 7.3315929 7.3315066 7.3314203 7.3313342 7.3312481 7.331162 7.3310761 7.3309903 7.3309045 7.3308189 7.3307334 7.330648 7.3305627
7.3356218 7.3355469 7.3354712 7.3353947 7.3353175 7.3352396 7.3351609 7.3350817 7.3350019 7.3349214 7.3348404 7.3347589 7.334677 7.3345945 7.3345116 7.3344283 7.3343446 7.3342605 7.3341761 7.3340913 7.3340063 7.333921 7.3338354 7.3337495 7.3336634 7.3335772 7.3334907 7.333404 7.3333172 7.3332303 7.3331432 7.333056 7.3329687 7.3328813 7.3327938 7.3327063 7.3326187 7.3325311 7.3324434 7.3323558 7.3322681 7.3321804 7.3320928 7.3320052 7.3319176 7.33183 7.3317425 7.3316551 7.3315677 7.3314804 7.3313932 7.3313061 7.3312191 7.3311322 7.3310453 7.3309587 7.3308721 7.3307856 7.3306993 7.3306132
7.3357605 7.3356832 7.3356051 7.3355263 7.3354468 7.3353666 7.3352858 7.3352044 7.3351225 7.33504 7.3349569 7.3348734 7.3347895 7.3347051 7.3346203 7.3345351 7.3344496 7.3343637 7.3342775 7.3341911 7.3341043 7.3340173 7.33393 7.3338426 7.3337549 7.3336671 7.333579 7.3334909 7.3334026 7.3333142 7.3332256 7.333137 7.3330483 7.3329596 7.3328708 7.3327819 7.3326931 7.3326042 7.3325153 7.3324264 7.3323375 7.3322486 7.3321598 7.332071 7.3319823 7.3318936 7.3318051 7.3317165 7.3316281 7.3315398 7.3314515 7.3313634 7.3312754 7.3311875 7.3310997 7.3310121 7.3309246 7.3308372 7.33075 7.330663
7.3358984 7.3358187 7.3357382 7.3356571 7.3355753 7.3354929 7.3354099 7.3353264 7.3352423 7.3351577 7.3350727 7.3349872 7.3349012 7.3348149 7.3347282 7.3346412 7.3345538 7.3344661 7.3343782 7.33429 7.3342015 7.3341128 7.3340239 7.3339348 7.3338456 7.3337562 7.3336666 7.3335769 7.3334871 7.3333973 7.3333073 7.3332173 7.3331272 7.3330371 7.332947 7.3328568 7.3327666 7.3326765 7.3325863 7.3324962 7.3324061 7.332316 7.3322261 7.3321361 7.3320463 7.3319565 7.3318668 7.3317772 7.3316877 7.3315983 7.3315091 7.3314199 7.3313309 7.3312421 7.3311533 7.3310647 7.3309763 7.330888 7.3307999 7.330712
7.3360355 7.3359534 7.3358706 7.3357871 7.335703 7.3356184 7.3355332 7.3354475 7.3353613 7.3352746 7.3351875 7.3351 7.3350121 7.3349239 7.3348353 7.3347464 7.3346572 7.3345677 7.334478 7.334388 7.3342978 7.3342075 7.3341169 7.3340262 7.3339354 7.3338444 7.3337533 7.3336621 7.3335709 7.3334795 7.3333882 7.3332967 7.3332053 7.3331138 7.3330223 7.3329308 7.3328394 7.3327479 7.3326565 7.3325652 7.3324739 7.3323826 7.3322915 7.3322004 7.3321094 7.3320185 7.3319278 7.3318371 7.3317466 7.3316561 7.3315659 7.3314757 7.3313857 7.3312959 7.3312062 7.3311167 7.3310273 7.3309381 7.3308491 7.3307603
7.3361718 7.3360872 7.3360021 7.3359163 7.3358299 7.335743 7.3356556 7.3355678 7.3354794 7.3353907 7.3353015 7.335212 7.3351221 7.3350319 7.3349415 7.3348507 7.3347596 7.3346684 7.3345769 7.3344852 7.3343933 7.3343013 7.3342091 7.3341168 7.3340243 7.3339318 7.3338392 7.3337465 7.3336537 7.3335609 7.3334681 7.3333753 7.3332825 7.3331896 7.3330968 7.333004 7.3329113 7.3328186 7.3327259 7.3326333 7.3325408 7.3324484 7.3323561 7.3322639 7.3321718 7.3320798 7.3319879 7.3318962 7.3318046 7.3317131 7.3316218 7.3315307 7.3314397 7.3313489 7.3312583 7.3311678 7.3310775 7.3309874 7.3308976 7.3308079
7.3363072 7.3362202 7.3361326 7.3360445 7.3359559 7.3358667 7.3357771 7.3356871 7.3355966 7.3355058 7.3354146 7.3353231 7.3352312 7.3351391 7.3350467 7.3349541 7.3348612 7.3347681 7.3346749 7.3345814 7.3344879 7.3343941 7.3343003 7.3342064 7.3341124 7.3340183 7.3339241 7.3338299 7.3337357 7.3336415 7.3335472 7.333453 7.3333588 7.3332646 7.3331704 7.3330763 7.3329823 7.3328883 7.3327944 7.3327007 7.332607 7.3325134 7.3324199 7.3323265 7.3322333 7.3321402 7.3320473 7.3319545 7.3318618 7.3317693 7.331677 7.3315849 7.3314929 7.3314011 7.3313096 7.3312182 7.331127 7.331036 7.3309452 7.3308546
7.3364416 7.3363522 7.3362623 7.3361718 7.3360809 7.3359895 7.3358977 7.3358055 7.3357129 7.33562 7.3355267 7.3354332 7.3353394 7.3352453 7.335151 7.3350565 7.3349618 7.334867 7.3347719 7.3346768 7.3345815 7.3344861 7.3343906 7.3342951 7.3341995 7.3341038 7.3340081 7.3339125 7.3338168 7.3337211 7.3336254 7.3335298 7.3334342 7.3333386 7.3332432 7.3331478 7.3330524 7.3329572 7.3328621 7.3327671 7.3326722 7.3325774 7.3324828 7.3323883 7.332294 7.3321998 7.3321057 7.3320119 7.3319182 7.3318247 7.3317314 7.3316382 7.3315453 7.3314526 7.33136 7.3312677 7.3311756 7.3310837 7.3309921 7.3309006
7.3365751 7.3364833 7.3363909 7.3362981 7.3362049 7.3361113 7.3360173 7.3359229 7.3358282 7.3357332 7.3356379 7.3355423 7.3354466 7.3353506 7.3352544 7.335158 7.3350615 7.3349648 7.334868 7.3347711 7.3346741 7.3345771 7.33448 7.3343828 7.3342856 7.3341884 7.3340912 7.333994 7.3338969 7.3337997 7.3337026 7.3336056 7.3335087 7.3334118 7.333315 7.3332183 7.3331217 7.3330252 7.3329288 7.3328326 7.3327365 7.3326406 7.3325448 7.3324492 7.3323537 7.3322584 7.3321633 7.3320684 7.3319737 7.3318792 7.3317849 7.3316907 7.3315968 7.3315031 7.3314097 7.3313164 7.3312234 7.3311306 7.3310381 7.3309458
7.3367075 7.3366133 7.3365186 7.3364234 7.3363279 7.336232 7.3361358 7.3360392 7.3359424 7.3358453 7.335748 7.3356504 7.3355527 7.3354548 7.3353567 7.3352584 7.3351601 7.3350616 7.3349631 7.3348645 7.3347658 7.3346671 7.3345683 7.3344695 7.3343708 7.334272 7.3341733 7.3340746 7.333976 7.3338774 7.3337789 7.3336805 7.3335822 7.333484 7.3333858 7.3332878 7.33319 7.3330922 7.3329947 7.3328972 7.3328 7.3327029 7.3326059 7.3325092 7.3324126 7.3323162 7.3322201 7.3321241 7.3320284 7.3319328 7.3318375 7.3317424 7.3316475 7.3315529 7.3314585 7.3313643 7.3312704 7.3311767 7.3310833 7.3309902
7.3368389 7.3367422 7.3366451 7.3365476 7.3364498 7.3363517 7.3362532 7.3361545 7.3360556 7.3359564 7.335857 7.3357575 7.3356578 7.3355579 7.3354579 7.3353578 7.3352577 7.3351574 7.3350571 7.3349568 7.3348564 7.334756 7.3346556 7.3345553 7.3344549 7.3343546 7.3342544 7.3341542 7.3340541 7.3339541 7.3338542 7.3337544 7.3336547 7.3335552 7.3334557 7.3333564 7.3332573 7.3331583 7.3330595 7.3329609 7.3328625 7.3327642 7.3326661 7.3325683 7.3324706 7.3323731 7.3322759 7.3321789 7.3320821 7.3319856 7.3318892 7.3317932 7.3316973 7.3316018 7.3315064 7.3314114 7.3313165 7.331222 7.3311277 7.3310337
7.3369691 7.33687 7.3367705 7.3366707 7.3365706 7.3364702 7.3363695 7.3362687 7.3361676 7.3360664 7.335965 7.3358634 7.3357617 7.3356599 7.3355581 7.3354561 7.3353541 7.3352521 7.33515 7.335048 7.3349459 7.3348439 7.3347419 7.3346399 7.334538 7.3344362 7.3343344 7.3342328 7.3341312 7.3340298 7.3339285 7.3338273 7.3337263 7.3336254 7.3335246 7.3334241 7.3333237 7.3332235 7.3331234 7.3330236 7.332924 7.3328246 7.3327254 7.3326264 7.3325276 7.3324291 7.3323308 7.3322328 7.3321349 7.3320374 7.3319401 7.331843 7.3317463 7.3316497 7.3315535 7.3314575 7.3313618 7.3312664 7.3311713 7.3310764
7.3370981 7.3369965 7.3368947 7.3367925 7.3366901 7.3365875 7.3364847 7.3363817 7.3362785 7.3361752 7.3360717 7.3359682 7.3358645 7.3357608 7.3356571 7.3355533 7.3354495 7.3353457 7.3352419 7.3351381 7.3350344 7.3349307 7.334827 7.3347235 7.33462 7.3345167 7.3344134 7.3343103 7.3342073 7.3341044 7.3340017 7.3338992 7.3337968 7.3336946 7.3335925 7.3334907 7.333389 7.3332876 7.3331864 7.3330853 7.3329845 7.332884 7.3327836 7.3326836 7.3325837 7.3324841 7.3323848 7.3322857 7.3321869 7.3320883 7.33199 7.331892 7.3317943 7.3316968 7.3315997 7.3315028 7.3314062 7.3313099 7.3312139 7.3311182
