Cobbity4/QGIS/AVE11.asc
NCOLS 600
NROWS 390
XLLCORNER 150.66
YLLCORNER -34.0277
CELLSIZE 1e-05
NODATA_VALUE -9999
[rows 260 to 285 of 390, columns 180 to 239 of 600]
4.2038295 4.1963178 4.1887153 4.1811204 4.1736731 4.1665523 4.1599537 4.1540451 4.1489075 4.1444874 4.1405922 4.1369361 4.1332139 4.1291646 4.1246022 4.1194129 4.1135334 4.1069233 4.0995384 4.0913091 4.0821235 4.0718159 4.0601604 4.0468719 4.0316134 4.0140004 3.9935802 3.9697874 3.9421419 3.9118639 3.8863611 3.8792265 3.8892946 3.8929808 3.8869416 3.9022388 3.9418867 3.9852618 4.0291012 4.0744253 4.1185275 4.1586025 4.1936095 4.2237625 4.2498596 4.2731878 4.2957422 4.3198602 4.3471075 4.3778664 4.4123754 4.4526195 4.504467 4.5820157 4.6564779 4.5831315 4.5103432 4.4627875 4.4243526 4.3863252
4.2109373 4.2040689 4.1971779 4.1903472 4.1836825 4.177305 4.1713347 4.1658629 4.1609215 4.1564623 4.1523573 4.1484228 4.1444577 4.1402782 4.1357382 4.130733 4.1251897 4.1190526 4.1122666 4.104763 4.0964487 4.0871993 4.0768576 4.0652372 4.0521337 4.0373413 4.0206873 4.0021415 3.9821866 3.9627136 3.9478767 3.9419795 3.94361 3.9464965 3.9512378 3.9668614 3.9953605 4.0303078 4.0674564 4.1052063 4.141983 4.1763081 4.2074251 4.2353408 4.2606303 4.2843222 4.3077913 4.3324134 4.3590251 4.3876366 4.4180067 4.4521329 4.4962607 4.5474789 4.5758866 4.5488709 4.5013336 4.4603343 4.4272981 4.4001788
4.2179955 4.2116885 4.2053986 4.1991921 4.1931467 4.1873444 4.1818596 4.1767423 4.1720027 4.1676005 4.1634475 4.1594203 4.1553815 4.1511993 4.1467607 4.141976 4.1367756 4.1311021 4.1249011 4.1181127 4.1106655 4.1024733 4.0934372 4.0834531 4.0724268 4.0603028 4.0471208 4.0331361 4.0190516 4.0063066 3.9969926 3.9927346 3.9932483 3.9972518 4.0054837 4.0205898 4.0432234 4.071133 4.1017302 4.1332285 4.1643079 4.1939791 4.2217051 4.247442 4.2715744 4.2948193 4.3180817 4.3421977 4.3675439 4.3935049 4.4180405 4.4409881 4.4790182 4.5462181 4.5694845 4.5288112 4.4881297 4.4537955 4.4264963 4.40554
4.2249665 4.2191505 4.2133735 4.2076874 4.2021486 4.1968131 4.1917277 4.1869201 4.1823908 4.1781076 4.1740078 4.1700059 4.1660053 4.16191 4.1576334 4.1531022 4.1482555 4.1430418 4.1374138 4.1313245 4.1247239 4.1175591 4.109779 4.1013428 4.092238 4.0825092 4.0723086 4.0619753 4.0521363 4.0437552 4.0379663 4.0356215 4.036945 4.0419122 4.0509951 4.0649912 4.0839599 4.1068584 4.1322023 4.1586561 4.1851741 4.2110115 4.2357542 4.2593283 4.2819638 4.3041216 4.3263777 4.3492364 4.3727976 4.3959801 4.4144595 4.419797 4.4369386 4.5151103 4.546047 4.5091067 4.4719078 4.4427757 4.4197638 4.4016452
4.2318282 4.2264447 4.2211115 4.2158688 4.2107578 4.2058172 4.2010771 4.1965531 4.1922416 4.1881177 4.184136 4.1802357 4.1763477 4.1724016 4.1683316 4.1640795 4.1595957 4.1548376 4.1497683 4.1443542 4.138565 4.1323753 4.12577 4.1187534 4.1113655 4.1037049 4.0959639 4.0884691 4.0817159 4.0763529 4.0730751 4.072446 4.0748008 4.0803609 4.089401 4.1021501 4.118475 4.1377576 4.1590953 4.1815714 4.2044098 4.2270397 4.2491235 4.2705594 4.2914549 4.3120732 4.3327467 4.3537413 4.374992 4.3954184 4.4109831 4.413309 4.4193197 4.4610829 4.4839538 4.4726024 4.4497335 4.4272101 4.4075073 4.3908292
4.2385693 4.2335701 4.2286266 4.2237697 4.2190303 4.2144353 4.2100046 4.2057475 4.2016592 4.1977207 4.1938988 4.1901499 4.186424 4.1826694 4.1788368 4.1748815 4.1707651 4.1664551 4.1619253 4.157155 4.1521304 4.1468473 4.1413158 4.1355695 4.1296769 4.1237587 4.1180074 4.1127063 4.108235 4.1050479 4.1036132 4.104337 4.1075212 4.1133837 4.122081 4.1336566 4.14794 4.1645114 4.1827822 4.2021235 4.2219706 4.2418852 4.2615834 4.2809393 4.2999656 4.3187727 4.3375032 4.3562297 4.3747673 4.3922788 4.4066164 4.4153442 4.4238568 4.438496 4.4467886 4.4411993 4.4264329 4.4083635 4.390184 4.3736011
4.2451846 4.2405302 4.2359337 4.2314193 4.2270099 4.2227253 4.2185791 4.214577 4.2107147 4.2069777 4.2033423 4.1997768 4.1962451 4.1927098 4.1891342 4.1854856 4.1817356 4.1778617 4.1738473 4.1696831 4.1653683 4.1609137 4.156346 4.1517151 4.1471021 4.1426301 4.1384749 4.1348716 4.1321116 4.1305243 4.1304429 4.132165 4.135927 4.1418951 4.1501567 4.1606936 4.1733474 4.1878151 4.2036898 4.2205283 4.2379157 4.2555104 4.2730678 4.2904443 4.307582 4.3244779 4.3411332 4.3574779 4.3732556 4.3878593 4.4002665 4.4097162 4.4170785 4.4228177 4.4239143 4.4177308 4.4048173 4.3872353 4.3673161 4.3481538
4.2516726 4.2473307 4.2430473 4.2388415 4.2347311 4.2307306 4.2268501 4.2230935 4.2194575 4.2159316 4.2124987 4.2091364 4.205819 4.2025194 4.1992117 4.1958725 4.1924828 4.1890283 4.1855011 4.1819009 4.1782364 4.1745285 4.1708137 4.167149 4.1636177 4.1603357 4.1574562 4.1551707 4.1537044 4.1533019 4.1542063 4.156636 4.1607653 4.166711 4.1745199 4.184154 4.1954788 4.2082678 4.2222268 4.2370323 4.2523712 4.267971 4.2836165 4.299153 4.3144753 4.3295035 4.3441467 4.3582522 4.3715453 4.3835784 4.3937723 4.4016484 4.4069847 4.4092673 4.4071892 4.3993839 4.3851352 4.3642619 4.3376058 4.309855
4.2580342 4.253978 4.2499803 4.2460564 4.2422203 4.2384836 4.2348538 4.2313342 4.2279228 4.2246124 4.221391 4.218243 4.2151506 4.2120952 4.2090589 4.2060264 4.2029859 4.1999304 4.1968591 4.1937782 4.1907033 4.1876611 4.1846927 4.1818565 4.1792324 4.1769244 4.1750625 4.1738019 4.1733173 4.1737928 4.1754081 4.1783227 4.1826617 4.1885039 4.1958715 4.2047217 4.2149431 4.2263618 4.2387566 4.251883 4.2654971 4.2793752 4.2933255 4.3071895 4.3208343 4.3341354 4.3469521 4.359097 4.3703078 4.3802343 4.3884649 4.3945808 4.3981312 4.3984476 4.3944977 4.3849326 4.3680204 4.3413003 4.3020752 4.2538363
4.2642712 4.2604783 4.2567436 4.2530798 4.2494984 4.2460086 4.2426169 4.2393263 4.236136 4.2330416 4.2300352 4.2271065 4.2242436 4.2214344 4.2186676 4.2159341 4.2132283 4.2105488 4.2079 4.2052931 4.2027478 4.2002938 4.1979732 4.1958427 4.1939751 4.1924613 4.1914105 4.1909473 4.191208 4.1923322 4.1944535 4.1976878 4.2021236 4.2078122 4.2147605 4.2229263 4.2322174 4.2424964 4.2535918 4.2653121 4.2774615 4.2898521 4.3023115 4.3146838 4.3268244 4.3385883 4.3498146 4.3603098 4.3698333 4.3780931 4.3847497 4.3894138 4.3915982 4.3906135 4.3854399 4.3745444 4.3554455 4.3237757 4.2722866 4.1970555
4.270386 4.2668373 4.2633466 4.2599247 4.2565813 4.2533243 4.2501594 4.2470897 4.2441157 4.2412351 4.2384434 4.2357342 4.2331004 4.2305348 4.2280314 4.2255859 4.2231974 4.220869 4.2186088 4.2164312 4.2143581 4.2124203 4.2106586 4.2091255 4.2078862 4.2070187 4.2066132 4.2067702 4.2075958 4.2091965 4.2116714 4.2151048 4.2195582 4.2250636 4.2316184 4.2391826 4.2476787 4.2569959 4.2669968 4.2775271 4.2884255 4.2995312 4.3106894 4.3217515 4.3325722 4.3430017 4.3528772 4.3620122 4.3701893 4.3771538 4.3826075 4.3861894 4.387429 4.3856659 4.3799241 4.3686926 4.3494852 4.3180423 4.2677731 4.1963825
4.2763812 4.27306 4.269797 4.2666015 4.2634818 4.260445 4.2574965 4.2546396 4.2518758 4.2492047 4.2466243 4.2441316 4.2417229 4.2393949 4.2371456 4.2349745 4.2328843 4.2308812 4.2289759 4.2271847 4.2255304 4.224043 4.222761 4.221732 4.2210129 4.2206699 4.2207773 4.2214156 4.2226677 4.2246147 4.2273305 4.2308756 4.2352922 4.2405987 4.2467866 4.2538183 4.2616279 4.2701237 4.279193 4.2887085 4.2985342 4.3085314 4.3185611 4.3284854 4.3381648 4.3474547 4.3561993 4.3642256 4.3713378 4.3773103 4.3818779 4.3847141 4.3853941 4.3833336 4.3776986 4.367266 4.3502329 4.3241438 4.2869969 4.2434295
4.282259 4.279151 4.2761015 4.2731186 4.27021 4.267382 4.2646399 4.2619874 4.2594268 4.2569594 4.2545851 4.2523032 4.250113 4.2480141 4.2460075 4.2440956 4.2422836 4.2405799 4.2389969 4.2375517 4.2362668 4.2351709 4.2342992 4.2336941 4.2334046 4.2334864 4.2340006 4.2350113 4.2365833 4.2387784 4.2416513 4.2452453 4.2495885 4.2546898 4.260537 4.267095 4.2743067 4.2820949 4.290365 4.29901 4.3079139 4.3169558 4.3260117 4.3349557 4.3436585 4.351985 4.3597915 4.3669206 4.3731975 4.3784234 4.3823652 4.3847392 4.3851847 4.3832279 4.378238 4.3693901 4.355697 4.3363315 4.3118108 4.2864963
4.2880219 4.2851142 4.2822654 4.279483 4.2767739 4.2741441 4.2715988 4.2691422 4.2667773 4.2645064 4.2623312 4.2602529 4.2582728 4.2563928 4.254616 4.2529471 4.2513929 4.2499633 4.2486716 4.2475348 4.2465746 4.2458178 4.245296 4.2450464 4.245111 4.2455363 4.246372 4.2476695 4.2494791 4.2518479 4.2548161 4.2584143 4.2626603 4.2675565 4.2730883 4.2792231 4.2859108 4.2930851 4.3006657 4.3085611 4.3166714 4.3248908 4.3331094 4.3412137 4.3490862 4.356604 4.363637 4.3700447 4.3756731 4.3803491 4.3838735 4.3860097 4.3864691 4.3848969 4.3808644 4.3738932 4.3635637 4.3498159 4.3335275 4.3169684
4.2936719 4.2909529 4.2882933 4.2857002 4.28318 4.2807384 4.2783807 4.2761113 4.2739339 4.2718517 4.2698677 4.2679843 4.2662047 4.2645323 4.2629717 4.2615291 4.2602127 4.2590328 4.2580031 4.2571403 4.2564648 4.2560008 4.2557767 4.2558246 4.2561804 4.2568827 4.2579718 4.2594886 4.2614723 4.2639584 4.2669764 4.2705473 4.2746816 4.279377 4.2846177 4.2903733 4.2965995 4.3032387 4.3102216 4.3174695 4.3248956 4.3324074 4.3399078 4.3472955 4.3544653 4.3613074 4.3677059 4.3735372 4.3786677 4.3829498 4.3862179 4.3882823 4.3889243 4.3878953 4.3849285 4.3797801 4.372325 4.3627267 4.351626 4.3400828
4.299211 4.29667 4.2941893 4.2917752 4.2894339 4.287171 4.2849917 4.2829008 4.2809025 4.2790006 4.2771989 4.2755012 4.2739116 4.2724348 4.2710765 4.2698438 4.2687454 4.2677922 4.2669976 4.2663774 4.2659506 4.2657391 4.2657677 4.2660643 4.2666591 4.2675841 4.2688718 4.2705548 4.2726634 4.2752243 4.2782587 4.2817807 4.2857952 4.290297 4.2952696 4.3006848 4.306503 4.3126738 4.3191371 4.3258243 4.3326599 4.3395631 4.3464483 4.3532259 4.3598029 4.3660822 4.3719623 4.3773358 4.3820886 4.3860978 4.3892291 4.3913362 4.3922603 4.3918367 4.3899122 4.3863809 4.3812461 4.3746982 4.3671605 4.3592035
4.3046409 4.3022682 4.2999565 4.2977119 4.2955401 4.2934468 4.2914371 4.289516 4.2876881 4.2859577 4.2843293 4.2828075 4.2813971 4.2801036 4.2789335 4.2778945 4.2769955 4.2762474 4.275663 4.2752573 4.2750474 4.2750531 4.275296 4.2758001 4.2765906 4.2776939 4.2791364 4.2809437 4.2831392 4.2857428 4.2887694 4.2922279 4.2961194 4.3004365 4.3051628 4.310272 4.3157286 4.3214883 4.3274983 4.333699 4.3400245 4.346404 4.3527625 4.3590214 4.3650991 4.3709108 4.3763684 4.3813802 4.3858503 4.3896779 4.3927575 4.394979 4.3962319 4.396413 4.3954424 4.3932894 4.3900082 4.3857716 4.3808795 4.3757169
4.3099633 4.3077499 4.3055982 4.3035139 4.3015028 4.2995703 4.2977215 4.2959615 4.2942953 4.2927275 4.2912631 4.2899071 4.2886649 4.2875427 4.2865471 4.2856862 4.2849689 4.2844058 4.284009 4.2837924 4.2837716 4.2839638 4.2843882 4.2850649 4.2860152 4.2872608 4.2888228 4.2907214 4.2929745 4.2955967 4.2985983 4.3019841 4.3057526 4.3098951 4.3143954 4.3192292 4.3243646 4.3297624 4.3353762 4.341154 4.3470381 4.3529667 4.3588744 4.3646925 4.37035 4.3757735 4.3808875 4.3856145 4.3898752 4.3935887 4.3966732 4.399049 4.4006416 4.4013907 4.4012619 4.4002642 4.3984701 4.3960311 4.3931805 4.3902173
4.3151799 4.3131172 4.3111169 4.3091846 4.3073256 4.3055453 4.303849 4.3022417 4.3007284 4.2993143 4.2980045 4.2968043 4.2957196 4.2947566 4.2939223 4.2932246 4.2926725 4.2922759 4.2920463 4.2919962 4.2921398 4.2924922 4.29307 4.2938902 4.2949706 4.2963289 4.2979822 4.2999462 4.3022344 4.3048573 4.3078217 4.3111295 4.3147773 4.3187557 4.323049 4.3276348 4.3324844 4.3375629 4.3428297 4.348239 4.3537406 4.3592806 4.364802 4.3702453 4.3755489 4.3806501 4.3854846 4.3899878 4.3940949 4.3977419 4.4008671 4.4034138 4.4053345 4.4065974 4.4071956 4.4071585 4.406563 4.4055424 4.4042871 4.4030406
4.3202921 4.3183722 4.3165152 4.3147267 4.3130117 4.3113756 4.3098235 4.3083605 4.3069918 4.3057225 4.3045579 4.3035038 4.3025658 4.3017505 4.3010649 4.3005166 4.3001142 4.2998673 4.2997863 4.2998828 4.3001692 4.3006589 4.3013661 4.3023053 4.3034913 4.3049384 4.3066603 4.3086692 4.3109752 4.3135857 4.3165046 4.3197319 4.323263 4.3270879 4.3311918 4.335554 4.3401488 4.3449451 4.3499072 4.3549949 4.3601645 4.3653689 4.3705589 4.3756829 4.3806882 4.3855211 4.3901278 4.3944548 4.3984498 4.402063 4.4052486 4.4079676 4.4101914 4.4119073 4.4131244 4.4138816 4.4142539 4.4143579 4.4143519 4.4144346
4.3253014 4.3235167 4.3217955 4.320143 4.3185643 4.3170645 4.3156486 4.3143219 4.3130893 4.3119562 4.310928 4.3100102 4.3092088 4.3085301 4.3079811 4.3075692 4.3073024 4.3071898 4.3072409 4.3074661 4.3078765 4.3084838 4.3093002 4.3103378 4.3116089 4.3131253 4.3148977 4.3169355 4.3192462 4.3218346 4.3247028 4.3278492 4.3312683 4.3349503 4.338881 4.3430416 4.3474088 4.3519552 4.356649 4.3614554 4.366336 4.3712502 4.3761551 4.3810065 4.3857594 4.3903684 4.3947885 4.398976 4.402889 4.4064894 4.4097438 4.4126264 4.4151219 4.4172296 4.4189675 4.4203779 4.4215306 4.4225266 4.4234977 4.4246046
4.3302093 4.3285527 4.32696 4.3254363 4.3239863 4.3226152 4.321328 4.3201296 4.3190252 4.3180199 4.3171192 4.3163285 4.3156539 4.3151014 4.3146777 4.31439 4.3142459 4.3142537 4.314422 4.3147603 4.3152783 4.3159862 4.3168944 4.3180132 4.3193527 4.3209224 4.3227308 4.324785 4.3270903 4.32965 4.3324643 4.3355308 4.3388434 4.3423926 4.346165 4.3501435 4.3543071 4.3586315 4.3630888 4.3676484 4.3722769 4.3769391 4.381598 4.3862159 4.3907544 4.3951754 4.3994415 4.4035173 4.4073697 4.4109696 4.4142935 4.4173251 4.4200582 4.4224993 4.4246711 4.4266153 4.4283952 4.4300973 4.4318307 4.4337246
4.3350173 4.333482 4.332011 4.3306089 4.3292807 4.3280311 4.3268651 4.3257875 4.3248034 4.3239179 4.3231363 4.322464 4.3219067 4.3214705 4.3211617 4.3209871 4.3209538 4.3210693 4.3213416 4.3217791 4.3223904 4.3231842 4.3241696 4.3253551 4.326749 4.3283591 4.3301919 4.3322528 4.3345454 4.3370716 4.3398305 4.342819 4.3460309 4.3494569 4.3530847 4.3568985 4.3608797 4.3650065 4.3692546 4.373597 4.3780048 4.3824475 4.3868935 4.3913103 4.3956656 4.3999275 4.4040652 4.40805 4.4118561 4.4154618 4.4188507 4.4220135 4.42495 4.4276708 4.4302003 4.4325777 4.4348593 4.4371184 4.4394447 4.4419421
4.3397269 4.3383065 4.3369505 4.3356635 4.3344502 4.3333152 4.3322633 4.3312993 4.330428 4.3296546 4.328984 4.3284217 4.327973 4.3276439 4.3274402 4.3273684 4.327435 4.3276469 4.3280114 4.3285359 4.329228 4.3300953 4.3311453 4.3323854 4.3338223 4.3354621 4.3373101 4.3393701 4.3416446 4.3441342 4.3468375 4.3497507 4.3528676 4.3561796 4.359675 4.3633397 4.3671569 4.3711075 4.3751698 4.3793205 4.3835344 4.3877852 4.3920457 4.3962885 4.4004861 4.404612 4.408641 4.4125502 4.4163193 4.4199325 4.4233788 4.4266536 4.4297606 4.4327127 4.4355339 4.4382601 4.4409403 4.4436365 4.4464224 4.449381
4.3443395 4.3430279 4.3417807 4.3406024 4.3394975 4.3384705 4.337526 4.3366686 4.3359031 4.3352343 4.3346672 4.3342069 4.3338586 4.3336279 4.3335203 4.3335418 4.3336986 4.3339968 4.334443 4.3350438 4.3358058 4.3367356 4.3378397 4.3391242 4.3405945 4.3422556 4.3441114 4.3461648 4.3484172 4.3508684 4.3535164 4.3563573 4.3593851 4.3625914 4.3659657 4.3694951 4.3731647 4.3769575 4.3808545 4.3848352 4.388878 4.3929601 4.3970583 4.4011492 4.4052099 4.4092183 4.4131538 4.4169981 4.4207358 4.4243552 4.4278493 4.431217 4.4344642 4.4376045 4.4406605 4.4436647 4.4466592 4.4496961 4.4528357 4.4561448
4.3488568 4.3476481 4.3465038 4.3454282 4.3444256 4.3435002 4.3426566 4.3418993 4.3412328 4.3406617 4.3401908 4.3398251 4.3395694 4.339429 4.3394093 4.3395155 4.3397535 4.3401288 4.3406473 4.341315 4.3421375 4.3431206 4.3442697 4.34559 4.3470859 4.3487613 4.3506192 4.3526615 4.354889 4.3573008 4.3598947 4.3626666 4.3656107 4.3687193 4.3719825 4.375389 4.3789252 4.3825762 4.3863254 4.3901549 4.3940459 4.3979789 4.401934 4.4058915 4.4098321 4.4137375 4.417591 4.4213781 4.425087 4.4287092 4.4322409 4.4356831 4.4390427 4.4423332 4.4455757 4.4487987 4.4520383 4.455338 4.4587474 4.4623203
