Cobbity4/QGIS/Ave11_Reverse.asc
NCOLS 600
NROWS 430
XLLCORNER 150.66
YLLCORNER -34.0286
CELLSIZE 1e-05
NODATA_VALUE -9999
[rows 182 to 207 of 430, columns 360 to 419 of 600]
7.3651853 7.3650214 7.3648476 7.3646645 7.3644725 7.3642724 7.3640644 7.3638493 7.3636273 7.3633991 7.3631649 7.3629252 7.3626805 7.362431 7.3621771 7.3619192 7.3616576 7.3613925 7.3611243 7.3608533 7.3605797 7.3603037 7.3600256 7.3597457 7.3594641 7.3591811 7.3588968 7.3586115 7.3583252 7.3580382 7.3577507 7.3574627 7.3571745 7.3568861 7.3565977 7.3563095 7.3560214 7.3557337 7.3554464 7.3551596 7.3548734 7.354588 7.3543033 7.3540195 7.3537366 7.3534547 7.3531739 7.3528942 7.3526156 7.3523383 7.3520622 7.3517875 7.3515141 7.3512421 7.3509715 7.3507024 7.3504348 7.3501687 7.3499041 7.3496411
7.3641763 7.3640307 7.3638748 7.3637094 7.3635348 7.3633518 7.3631607 7.3629621 7.3627565 7.3625442 7.3623258 7.3621016 7.361872 7.3616374 7.3613982 7.3611546 7.3609071 7.3606558 7.3604012 7.3601434 7.3598828 7.3596196 7.3593541 7.3590864 7.3588168 7.3585455 7.3582728 7.3579987 7.3577235 7.3574474 7.3571704 7.3568929 7.3566148 7.3563364 7.3560577 7.355779 7.3555002 7.3552216 7.3549433 7.3546653 7.3543877 7.3541106 7.3538341 7.3535583 7.3532833 7.3530091 7.3527357 7.3524634 7.352192 7.3519217 7.3516526 7.3513845 7.3511177 7.3508522 7.3505879 7.350325 7.3500634 7.3498032 7.3495444 7.3492871
7.3631631 7.3630356 7.3628976 7.3627498 7.3625925 7.3624265 7.3622522 7.3620701 7.3618807 7.3616843 7.3614816 7.3612727 7.3610583 7.3608385 7.3606138 7.3603845 7.360151 7.3599135 7.3596724 7.3594279 7.3591803 7.3589298 7.3586767 7.3584213 7.3581637 7.3579042 7.357643 7.3573802 7.3571161 7.3568507 7.3565844 7.3563172 7.3560493 7.3557809 7.355512 7.3552428 7.3549734 7.354704 7.3544345 7.3541653 7.3538963 7.3536276 7.3533594 7.3530916 7.3528245 7.352558 7.3522922 7.3520272 7.3517631 7.3514999 7.3512376 7.3509764 7.3507162 7.3504572 7.3501993 7.3499426 7.3496871 7.3494328 7.3491799 7.3489283
7.3621464 7.3620369 7.3619166 7.3617862 7.3616462 7.3614971 7.3613394 7.3611737 7.3610003 7.3608198 7.3606326 7.3604391 7.3602397 7.3600347 7.3598245 7.3596094 7.3593899 7.3591661 7.3589384 7.3587071 7.3584724 7.3582347 7.3579941 7.3577508 7.3575052 7.3572575 7.3570077 7.3567562 7.3565031 7.3562486 7.3559929 7.3557361 7.3554784 7.3552199 7.3549608 7.3547011 7.3544411 7.3541808 7.3539204 7.35366 7.3533996 7.3531393 7.3528793 7.3526196 7.3523604 7.3521016 7.3518435 7.3515859 7.351329 7.3510729 7.3508177 7.3505633 7.3503098 7.3500572 7.3498057 7.3495553 7.3493059 7.3490577 7.3488106 7.3485648
7.3611267 7.3610351 7.3609324 7.3608192 7.3606963 7.3605639 7.3604228 7.3602733 7.360116 7.3599513 7.3597795 7.3596012 7.3594167 7.3592264 7.3590306 7.3588297 7.3586241 7.3584139 7.3581997 7.3579815 7.3577597 7.3575346 7.3573064 7.3570754 7.3568417 7.3566056 7.3563674 7.3561271 7.3558851 7.3556414 7.3553962 7.3551498 7.3549023 7.3546537 7.3544044 7.3541543 7.3539037 7.3536526 7.3534011 7.3531495 7.3528977 7.3526459 7.3523942 7.3521426 7.3518913 7.3516403 7.3513897 7.3511396 7.3508901 7.3506411 7.3503928 7.3501453 7.3498985 7.3496525 7.3494075 7.3491633 7.3489201 7.3486779 7.3484368 7.3481967
7.3601046 7.3600306 7.3599453 7.3598494 7.3597433 7.3596277 7.3595029 7.3593696 7.3592282 7.359079 7.3589226 7.3587594 7.3585898 7.358414 7.3582326 7.3580458 7.357854 7.3576574 7.3574565 7.3572514 7.3570425 7.35683 7.3566141 7.3563952 7.3561735 7.3559491 7.3557222 7.3554932 7.3552622 7.3550293 7.3547947 7.3545587 7.3543213 7.3540827 7.3538431 7.3536026 7.3533613 7.3531194 7.352877 7.3526341 7.352391 7.3521477 7.3519042 7.3516608 7.3514174 7.3511742 7.3509313 7.3506886 7.3504464 7.3502046 7.3499634 7.3497227 7.3494826 7.3492433 7.3490047 7.3487668 7.3485298 7.3482937 7.3480585 7.3478243
7.3590805 7.359024 7.358956 7.3588771 7.3587878 7.3586887 7.3585802 7.3584629 7.3583372 7.3582036 7.3580625 7.3579142 7.3577593 7.3575981 7.3574309 7.3572581 7.35708 7.356897 7.3567093 7.3565172 7.3563211 7.3561211 7.3559176 7.3557108 7.3555008 7.3552881 7.3550727 7.3548548 7.3546348 7.3544126 7.3541886 7.3539629 7.3537357 7.3535071 7.3532772 7.3530463 7.3528144 7.3525816 7.3523482 7.3521142 7.3518797 7.3516448 7.3514097 7.3511744 7.350939 7.3507036 7.3504683 7.3502331 7.3499982 7.3497636 7.3495294 7.3492956 7.3490623 7.3488296 7.3485975 7.348366 7.3481352 7.3479052 7.347676 7.3474476
7.3580551 7.3580159 7.3579651 7.357903 7.3578303 7.3577476 7.3576552 7.3575538 7.3574437 7.3573254 7.3571994 7.3570661 7.3569258 7.3567789 7.3566259 7.356467 7.3563025 7.3561329 7.3559584 7.3557793 7.3555959 7.3554084 7.3552171 7.3550223 7.3548242 7.354623 7.354419 7.3542123 7.3540032 7.3537918 7.3535783 7.3533629 7.3531458 7.3529271 7.352707 7.3524856 7.352263 7.3520395 7.351815 7.3515898 7.351364 7.3511376 7.3509107 7.3506836 7.3504561 7.3502286 7.3500009 7.3497733 7.3495457 7.3493183 7.3490912 7.3488643 7.3486378 7.3484117 7.3481861 7.347961 7.3477365 7.3475126 7.3472894 7.3470669
7.3570287 7.3570068 7.3569728 7.3569275 7.3568713 7.3568047 7.3567283 7.3566426 7.356548 7.356445 7.356334 7.3562154 7.3560896 7.355957 7.355818 7.3556729 7.355522 7.3553657 7.3552043 7.355038 7.3548672 7.3546921 7.3545131 7.3543302 7.3541439 7.3539542 7.3537615 7.3535659 7.3533677 7.353167 7.352964 7.3527589 7.3525519 7.3523431 7.3521327 7.3519208 7.3517076 7.3514932 7.3512778 7.3510614 7.3508441 7.3506262 7.3504077 7.3501886 7.3499692 7.3497494 7.3495294 7.3493093 7.3490891 7.3488689 7.3486489 7.3484289 7.3482092 7.3479898 7.3477707 7.347552 7.3473338 7.3471161 7.3468989 7.3466823
7.3560021 7.3559971 7.3559799 7.355951 7.3559111 7.3558606 7.3558 7.3557298 7.3556506 7.3555626 7.3554665 7.3553625 7.3552511 7.3551327 7.3550076 7.3548761 7.3547387 7.3545956 7.3544472 7.3542937 7.3541355 7.3539727 7.3538058 7.3536348 7.3534601 7.353282 7.3531005 7.352916 7.3527286 7.3525385 7.352346 7.3521512 7.3519542 7.3517553 7.3515546 7.3513522 7.3511483 7.3509431 7.3507366 7.350529 7.3503204 7.3501109 7.3499006 7.3496897 7.3494783 7.3492663 7.349054 7.3488414 7.3486286 7.3484156 7.3482026 7.3479897 7.3477768 7.347564 7.3473515 7.3471392 7.3469273 7.3467157 7.3465046 7.3462939
7.3549755 7.3549873 7.3549867 7.3549741 7.3549503 7.3549156 7.3548707 7.3548159 7.3547518 7.3546789 7.3545974 7.3545079 7.3544108 7.3543063 7.354195 7.3540772 7.3539531 7.3538231 7.3536876 7.3535468 7.353401 7.3532505 7.3530956 7.3529364 7.3527734 7.3526066 7.3524363 7.3522628 7.3520862 7.3519067 7.3517246 7.35154 7.3513531 7.351164 7.3509729 7.35078 7.3505854 7.3503893 7.3501918 7.3499929 7.3497929 7.3495919 7.3493899 7.3491872 7.3489837 7.3487795 7.3485749 7.3483698 7.3481643 7.3479586 7.3477527 7.3475467 7.3473406 7.3471346 7.3469286 7.3467227 7.3465171 7.3463117 7.3461066 7.3459019
7.3539496 7.353978 7.3539937 7.3539973 7.3539893 7.3539703 7.3539408 7.3539013 7.3538522 7.353794 7.3537271 7.353652 7.3535689 7.3534784 7.3533807 7.3532763 7.3531655 7.3530485 7.3529258 7.3527975 7.3526641 7.3525258 7.3523828 7.3522354 7.3520838 7.3519284 7.3517693 7.3516067 7.3514408 7.3512719 7.3511001 7.3509257 7.3507487 7.3505694 7.350388 7.3502045 7.3500192 7.3498321 7.3496435 7.3494534 7.349262 7.3490694 7.3488757 7.3486811 7.3484855 7.3482892 7.3480922 7.3478946 7.3476966 7.3474981 7.3472993 7.3471002 7.3469009 7.3467016 7.3465022 7.3463028 7.3461034 7.3459042 7.3457052 7.3455065
7.3529247 7.3529695 7.3530013 7.3530208 7.3530286 7.3530251 7.3530109 7.3529864 7.3529521 7.3529085 7.3528561 7.3527951 7.352726 7.3526492 7.3525651 7.352474 7.3523762 7.3522721 7.3521621 7.3520463 7.3519252 7.3517989 7.3516677 7.351532 7.3513919 7.3512477 7.3510996 7.3509479 7.3507927 7.3506342 7.3504728 7.3503084 7.3501414 7.3499719 7.3498 7.3496259 7.3494498 7.3492718 7.3490921 7.3489107 7.3487279 7.3485437 7.3483583 7.3481717 7.3479841 7.3477956 7.3476062 7.3474162 7.3472255 7.3470342 7.3468425 7.3466503 7.3464579 7.3462652 7.3460724 7.3458794 7.3456864 7.3454934 7.3453005 7.3451077
7.3519015 7.3519623 7.3520101 7.3520453 7.3520685 7.3520804 7.3520812 7.3520716 7.352052 7.3520228 7.3519846 7.3519376 7.3518823 7.3518191 7.3517484 7.3516704 7.3515857 7.3514944 7.3513968 7.3512934 7.3511844 7.3510701 7.3509507 7.3508265 7.3506978 7.3505647 7.3504276 7.3502867 7.3501421 7.3499941 7.3498428 7.3496885 7.3495314 7.3493716 7.3492092 7.3490445 7.3488776 7.3487086 7.3485377 7.3483651 7.3481908 7.348015 7.3478377 7.3476592 7.3474796 7.3472988 7.3471171 7.3469345 7.3467512 7.3465671 7.3463825 7.3461973 7.3460117 7.3458257 7.3456395 7.3454529 7.3452663 7.3450795 7.3448926 7.3447058
7.3508802 7.3509569 7.3510204 7.3510711 7.3511096 7.3511365 7.3511522 7.3511573 7.3511521 7.3511372 7.351113 7.3510799 7.3510383 7.3509885 7.350931 7.3508661 7.3507942 7.3507155 7.3506304 7.3505392 7.3504423 7.3503398 7.350232 7.3501193 7.3500018 7.3498799 7.3497537 7.3496234 7.3494893 7.3493517 7.3492106 7.3490663 7.348919 7.3487688 7.3486159 7.3484605 7.3483027 7.3481427 7.3479806 7.3478166 7.3476508 7.3474834 7.3473144 7.3471439 7.3469721 7.3467991 7.3466251 7.34645 7.3462739 7.3460971 7.3459195 7.3457413 7.3455625 7.3453832 7.3452035 7.3450234 7.3448431 7.3446625 7.3444818 7.3443009
7.3498613 7.3499537 7.3500326 7.3500986 7.3501522 7.3501939 7.3502243 7.3502439 7.350253 7.3502522 7.3502418 7.3502224 7.3501942 7.3501577 7.3501133 7.3500613 7.350002 7.3499359 7.3498631 7.349784 7.349699 7.3496082 7.349512 7.3494106 7.3493043 7.3491933 7.3490779 7.3489583 7.3488347 7.3487073 7.3485763 7.3484419 7.3483043 7.3481637 7.3480202 7.3478741 7.3477254 7.3475743 7.347421 7.3472657 7.3471083 7.3469492 7.3467883 7.3466259 7.346462 7.3462967 7.3461303 7.3459626 7.3457939 7.3456243 7.3454538 7.3452825 7.3451105 7.3449379 7.3447647 7.3445911 7.344417 7.3442427 7.344068 7.3438931
7.3488454 7.3489531 7.3490472 7.3491282 7.3491967 7.3492531 7.3492979 7.3493317 7.3493549 7.3493679 7.3493713 7.3493653 7.3493505 7.3493271 7.3492956 7.3492563 7.3492096 7.3491558 7.3490952 7.3490281 7.3489548 7.3488757 7.3487909 7.3487008 7.3486055 7.3485054 7.3484007 7.3482916 7.3481784 7.3480612 7.3479402 7.3478156 7.3476877 7.3475566 7.3474225 7.3472856 7.3471459 7.3470037 7.3468592 7.3467124 7.3465635 7.3464126 7.3462599 7.3461054 7.3459494 7.3457918 7.3456329 7.3454727 7.3453113 7.3451488 7.3449853 7.3448209 7.3446557 7.3444898 7.3443232 7.344156 7.3439883 7.3438201 7.3436515 7.3434827
7.3478327 7.3479556 7.3480646 7.3481604 7.3482434 7.3483142 7.3483733 7.3484212 7.3484582 7.3484849 7.3485018 7.3485091 7.3485074 7.348497 7.3484782 7.3484515 7.3484172 7.3483756 7.348327 7.3482718 7.3482102 7.3481425 7.348069 7.34799 7.3479057 7.3478164 7.3477223 7.3476237 7.3475207 7.3474136 7.3473025 7.3471877 7.3470694 7.3469478 7.346823 7.3466951 7.3465645 7.3464311 7.3462952 7.3461569 7.3460164 7.3458738 7.3457291 7.3455826 7.3454344 7.3452845 7.3451331 7.3449803 7.3448262 7.3446709 7.3445144 7.3443569 7.3441985 7.3440392 7.3438792 7.3437184 7.343557 7.343395 7.3432325 7.3430696
7.3468237 7.3469614 7.3470852 7.3471955 7.3472929 7.3473778 7.3474509 7.3475126 7.3475633 7.3476035 7.3476336 7.3476541 7.3476653 7.3476677 7.3476615 7.3476472 7.3476251 7.3475956 7.3475588 7.3475153 7.3474652 7.3474089 7.3473466 7.3472786 7.3472052 7.3471266 7.347043 7.3469546 7.3468618 7.3467647 7.3466635 7.3465585 7.3464497 7.3463374 7.3462218 7.346103 7.3459813 7.3458567 7.3457294 7.3455996 7.3454674 7.3453329 7.3451964 7.3450578 7.3449173 7.3447751 7.3446312 7.3444858 7.3443389 7.3441907 7.3440412 7.3438906 7.3437389 7.3435863 7.3434327 7.3432784 7.3431232 7.3429674 7.342811 7.3426541
7.3458187 7.3459711 7.3461093 7.3462338 7.3463453 7.3464442 7.3465311 7.3466063 7.3466705 7.346724 7.3467672 7.3468006 7.3468246 7.3468395 7.3468457 7.3468437 7.3468336 7.346816 7.346791 7.346759 7.3467203 7.3466752 7.346624 7.3465669 7.3465042 7.3464361 7.3463629 7.3462848 7.3462021 7.3461149 7.3460235 7.345928 7.3458287 7.3457257 7.3456192 7.3455095 7.3453966 7.3452807 7.345162 7.3450406 7.3449166 7.3447903 7.3446617 7.344531 7.3443983 7.3442636 7.3441272 7.3439891 7.3438495 7.3437084 7.3435659 7.3434221 7.3432772 7.3431311 7.3429841 7.3428361 7.3426872 7.3425376 7.3423873 7.3422363
7.3448182 7.3449849 7.3451372 7.3452758 7.3454011 7.3455137 7.3456141 7.3457028 7.3457801 7.3458466 7.3459028 7.3459489 7.3459854 7.3460127 7.3460312 7.3460412 7.3460431 7.3460372 7.3460237 7.3460032 7.3459757 7.3459417 7.3459014 7.3458551 7.345803 7.3457453 7.3456824 7.3456145 7.3455417 7.3454643 7.3453826 7.3452966 7.3452066 7.3451129 7.3450155 7.3449146 7.3448105 7.3447033 7.344593 7.34448 7.3443643 7.3442461 7.3441254 7.3440025 7.3438775 7.3437504 7.3436214 7.3434906 7.3433582 7.3432241 7.3430886 7.3429516 7.3428134 7.3426739 7.3425334 7.3423917 7.3422491 7.3421057 7.3419614 7.3418163
7.3438225 7.3440032 7.3441694 7.3443217 7.3444606 7.3445867 7.3447004 7.3448022 7.3448925 7.3449718 7.3450406 7.3450993 7.3451482 7.3451877 7.3452182 7.3452401 7.3452537 7.3452593 7.3452574 7.345248 7.3452317 7.3452086 7.3451791 7.3451434 7.3451018 7.3450544 7.3450017 7.3449438 7.3448809 7.3448132 7.344741 7.3446645 7.3445838 7.3444992 7.3444108 7.3443188 7.3442234 7.3441247 7.3440229 7.3439181 7.3438106 7.3437004 7.3435876 7.3434725 7.3433551 7.3432355 7.3431139 7.3429904 7.3428651 7.342738 7.3426094 7.3424793 7.3423477 7.3422148 7.3420807 7.3419454 7.3418091 7.3416717 7.3415334 7.3413943
7.3428319 7.3430263 7.3432062 7.3433719 7.3435242 7.3436634 7.3437902 7.3439048 7.3440079 7.3440999 7.3441811 7.3442521 7.3443131 7.3443647 7.344407 7.3444406 7.3444658 7.3444828 7.3444921 7.3444939 7.3444885 7.3444762 7.3444573 7.3444321 7.3444008 7.3443637 7.344321 7.344273 7.3442199 7.3441618 7.3440991 7.3440319 7.3439604 7.3438848 7.3438053 7.3437221 7.3436353 7.3435451 7.3434517 7.3433551 7.3432557 7.3431534 7.3430485 7.3429411 7.3428313 7.3427192 7.3426049 7.3424886 7.3423704 7.3422504 7.3421286 7.3420052 7.3418803 7.341754 7.3416263 7.3414973 7.3413672 7.3412359 7.3411036 7.3409704
7.3418468 7.3420547 7.3422478 7.3424268 7.3425921 7.3427443 7.3428838 7.3430111 7.3431267 7.343231 7.3433245 7.3434076 7.3434806 7.3435439 7.3435979 7.3436431 7.3436796 7.3437079 7.3437282 7.3437409 7.3437463 7.3437447 7.3437363 7.3437215 7.3437004 7.3436734 7.3436406 7.3436024 7.3435589 7.3435103 7.343457 7.343399 7.3433366 7.3432699 7.3431993 7.3431247 7.3430465 7.3429647 7.3428796 7.3427912 7.3426998 7.3426054 7.3425083 7.3424085 7.3423062 7.3422016 7.3420946 7.3419855 7.3418743 7.3417612 7.3416463 7.3415296 7.3414113 7.3412915 7.3411702 7.3410475 7.3409236 7.3407984 7.3406721 7.3405448
7.3408675 7.3410885 7.3412947 7.3414865 7.3416646 7.3418295 7.3419815 7.3421212 7.3422491 7.3423656 7.3424711 7.342566 7.3426508 7.3427257 7.3427912 7.3428477 7.3428954 7.3429347 7.342966 7.3429895 7.3430055 7.3430144 7.3430163 7.3430117 7.3430007 7.3429836 7.3429607 7.3429321 7.3428981 7.342859 7.3428149 7.342766 7.3427126 7.3426548 7.3425929 7.3425269 7.3424571 7.3423837 7.3423068 7.3422265 7.342143 7.3420565 7.3419671 7.3418749 7.3417801 7.3416828 7.3415831 7.3414811 7.341377 7.3412708 7.3411626 7.3410526 7.3409409 7.3408275 7.3407126 7.3405962 7.3404784 7.3403593 7.340239 7.3401175
7.3398942 7.3401281 7.340347 7.3405515 7.3407421 7.3409193 7.3410836 7.3412355 7.3413755 7.3415038 7.3416211 7.3417277 7.341824 7.3419103 7.3419871 7.3420547 7.3421134 7.3421636 7.3422056 7.3422397 7.3422662 7.3422854 7.3422976 7.342303 7.342302 7.3422947 7.3422814 7.3422624 7.3422378 7.342208 7.342173 7.3421332 7.3420886 7.3420396 7.3419863 7.3419289 7.3418675 7.3418023 7.3417335 7.3416612 7.3415857 7.3415069 7.3414252 7.3413405 7.3412531 7.3411631 7.3410706 7.3409757 7.3408785 7.3407791 7.3406777 7.3405744 7.3404692 7.3403623 7.3402537 7.3401435 7.3400318 7.3399187 7.3398043 7.3396887
