Cobbity4/QGIS/Ave11_Reverse.asc
NCOLS 600
NROWS 430
XLLCORNER 150.66
YLLCORNER -34.0286
CELLSIZE 1e-05
NODATA_VALUE -9999
[rows 390 to 415 of 430, columns 540 to 599 of 600]
7.3018419 7.3018995 7.3019565 7.3020128 7.3020684 7.3021235 7.3021779 7.3022317 7.3022848 7.3023374 7.3023894 7.3024407 7.3024915 7.3025417 7.3025913 7.3026403 7.3026888 7.3027367 7.302784 7.3028308 7.3028771 7.3029228 7.3029679 7.3030126 7.3030567 7.3031002 7.3031433 7.3031859 7.3032279 7.3032694 7.3033105 7.303351 7.3033911 7.3034307 7.3034698 7.3035084 7.3035466 7.3035843 7.3036215 7.3036583 7.3036946 7.3037305 7.3037659 7.3038009 7.3038355 7.3038696 7.3039033 7.3039366 7.3039695 7.3040019 7.304034 7.3040656 7.3040969 7.3041277 7.3041582 7.3041883 7.3042179 7.3042472 7.3042762 7.3043047
7.3017403 7.3017982 7.3018555 7.3019121 7.301968 7.3020233 7.3020781 7.3021321 7.3021856 7.3022385 7.3022907 7.3023424 7.3023935 7.302444 7.3024939 7.3025432 7.302592 7.3026402 7.3026878 7.3027349 7.3027815 7.3028275 7.3028729 7.3029179 7.3029623 7.3030062 7.3030495 7.3030924 7.3031347 7.3031766 7.3032179 7.3032588 7.3032991 7.303339 7.3033784 7.3034174 7.3034558 7.3034938 7.3035314 7.3035685 7.3036051 7.3036413 7.303677 7.3037123 7.3037472 7.3037816 7.3038156 7.3038492 7.3038824 7.3039152 7.3039475 7.3039795 7.304011 7.3040422 7.3040729 7.3041033 7.3041333 7.3041629 7.3041921 7.304221
7.3016393 7.3016974 7.301755 7.3018119 7.3018681 7.3019237 7.3019787 7.3020331 7.3020869 7.30214 7.3021926 7.3022445 7.3022959 7.3023467 7.3023969 7.3024465 7.3024956 7.3025441 7.302592 7.3026394 7.3026863 7.3027326 7.3027783 7.3028236 7.3028683 7.3029125 7.3029561 7.3029993 7.3030419 7.3030841 7.3031257 7.3031669 7.3032076 7.3032478 7.3032875 7.3033267 7.3033655 7.3034038 7.3034416 7.303479 7.3035159 7.3035524 7.3035885 7.3036241 7.3036592 7.303694 7.3037283 7.3037622 7.3037957 7.3038287 7.3038614 7.3038936 7.3039255 7.3039569 7.303988 7.3040187 7.3040489 7.3040788 7.3041084 7.3041375
7.3015387 7.3015972 7.301655 7.3017122 7.3017687 7.3018246 7.3018799 7.3019345 7.3019886 7.302042 7.3020949 7.3021471 7.3021988 7.3022499 7.3023004 7.3023503 7.3023996 7.3024484 7.3024967 7.3025444 7.3025915 7.3026381 7.3026842 7.3027297 7.3027747 7.3028192 7.3028631 7.3029066 7.3029496 7.302992 7.303034 7.3030754 7.3031164 7.3031569 7.3031969 7.3032364 7.3032755 7.3033141 7.3033522 7.3033899 7.3034271 7.3034639 7.3035003 7.3035362 7.3035716 7.3036067 7.3036413 7.3036755 7.3037093 7.3037426 7.3037756 7.3038081 7.3038402 7.303872 7.3039033 7.3039343 7.3039649 7.3039951 7.3040249 7.3040543
7.3014387 7.3014974 7.3015555 7.301613 7.3016698 7.301726 7.3017815 7.3018365 7.3018908 7.3019445 7.3019976 7.3020502 7.3021021 7.3021535 7.3022043 7.3022545 7.3023041 7.3023532 7.3024018 7.3024497 7.3024972 7.3025441 7.3025904 7.3026362 7.3026815 7.3027263 7.3027706 7.3028143 7.3028576 7.3029003 7.3029425 7.3029843 7.3030256 7.3030663 7.3031067 7.3031465 7.3031858 7.3032247 7.3032632 7.3033011 7.3033387 7.3033758 7.3034124 7.3034486 7.3034844 7.3035197 7.3035546 7.3035891 7.3036231 7.3036568 7.30369 7.3037229 7.3037553 7.3037873 7.303819 7.3038502 7.3038811 7.3039116 7.3039417 7.3039714
7.3013392 7.3013982 7.3014566 7.3015143 7.3015714 7.3016278 7.3016837 7.3017389 7.3017935 7.3018475 7.3019009 7.3019537 7.3020059 7.3020576 7.3021087 7.3021592 7.3022091 7.3022585 7.3023073 7.3023555 7.3024033 7.3024504 7.3024971 7.3025432 7.3025888 7.3026338 7.3026784 7.3027224 7.302766 7.302809 7.3028515 7.3028936 7.3029351 7.3029762 7.3030168 7.3030569 7.3030966 7.3031358 7.3031745 7.3032128 7.3032506 7.3032879 7.3033249 7.3033614 7.3033974 7.303433 7.3034682 7.303503 7.3035374 7.3035713 7.3036048 7.303638 7.3036707 7.303703 7.3037349 7.3037665 7.3037976 7.3038284 7.3038588 7.3038888
7.3012402 7.3012995 7.3013581 7.3014161 7.3014735 7.3015302 7.3015863 7.3016418 7.3016967 7.3017509 7.3018046 7.3018577 7.3019102 7.3019622 7.3020135 7.3020643 7.3021145 7.3021641 7.3022132 7.3022618 7.3023098 7.3023572 7.3024042 7.3024506 7.3024964 7.3025418 7.3025866 7.302631 7.3026748 7.3027181 7.3027609 7.3028032 7.3028451 7.3028864 7.3029273 7.3029677 7.3030077 7.3030471 7.3030862 7.3031247 7.3031628 7.3032005 7.3032377 7.3032745 7.3033108 7.3033467 7.3033822 7.3034173 7.3034519 7.3034861 7.30352 7.3035534 7.3035864 7.303619 7.3036512 7.303683 7.3037145 7.3037455 7.3037762 7.3038065
7.3011418 7.3012013 7.3012602 7.3013184 7.3013761 7.301433 7.3014894 7.3015452 7.3016003 7.3016549 7.3017088 7.3017622 7.301815 7.3018672 7.3019188 7.3019698 7.3020203 7.3020703 7.3021196 7.3021685 7.3022167 7.3022645 7.3023117 7.3023584 7.3024045 7.3024501 7.3024953 7.3025399 7.302584 7.3026276 7.3026707 7.3027133 7.3027554 7.3027971 7.3028382 7.3028789 7.3029191 7.3029589 7.3029982 7.303037 7.3030754 7.3031134 7.3031509 7.3031879 7.3032245 7.3032607 7.3032965 7.3033318 7.3033668 7.3034013 7.3034354 7.3034691 7.3035024 7.3035353 7.3035678 7.3035999 7.3036316 7.3036629 7.3036939 7.3037244
7.3010439 7.3011036 7.3011628 7.3012213 7.3012792 7.3013364 7.301393 7.3014491 7.3015045 7.3015593 7.3016135 7.3016671 7.3017202 7.3017727 7.3018245 7.3018759 7.3019266 7.3019768 7.3020265 7.3020756 7.3021241 7.3021721 7.3022196 7.3022666 7.302313 7.3023589 7.3024043 7.3024492 7.3024936 7.3025374 7.3025808 7.3026237 7.3026661 7.302708 7.3027495 7.3027905 7.302831 7.302871 7.3029106 7.3029497 7.3029884 7.3030266 7.3030644 7.3031017 7.3031386 7.3031751 7.3032111 7.3032468 7.303282 7.3033168 7.3033511 7.3033851 7.3034187 7.3034519 7.3034846 7.303517 7.303549 7.3035806 7.3036118 7.3036427
7.3009465 7.3010065 7.3010659 7.3011246 7.3011828 7.3012403 7.3012972 7.3013534 7.3014091 7.3014642 7.3015187 7.3015726 7.3016259 7.3016786 7.3017308 7.3017823 7.3018334 7.3018838 7.3019338 7.3019831 7.3020319 7.3020802 7.302128 7.3021752 7.3022219 7.3022681 7.3023137 7.3023589 7.3024036 7.3024477 7.3024914 7.3025345 7.3025772 7.3026194 7.3026611 7.3027024 7.3027432 7.3027835 7.3028233 7.3028627 7.3029017 7.3029402 7.3029782 7.3030158 7.303053 7.3030898 7.3031261 7.303162 7.3031975 7.3032326 7.3032672 7.3033015 7.3033353 7.3033687 7.3034018 7.3034345 7.3034667 7.3034986 7.3035301 7.3035612
7.3008496 7.3009098 7.3009695 7.3010285 7.3010869 7.3011446 7.3012018 7.3012583 7.3013142 7.3013696 7.3014243 7.3014784 7.301532 7.301585 7.3016374 7.3016893 7.3017406 7.3017913 7.3018415 7.3018911 7.3019402 7.3019887 7.3020368 7.3020842 7.3021312 7.3021777 7.3022236 7.302269 7.302314 7.3023584 7.3024023 7.3024457 7.3024887 7.3025312 7.3025732 7.3026147 7.3026557 7.3026963 7.3027364 7.3027761 7.3028153 7.3028541 7.3028924 7.3029303 7.3029678 7.3030048 7.3030414 7.3030776 7.3031133 7.3031487 7.3031836 7.3032181 7.3032522 7.303286 7.3033193 7.3033522 7.3033848 7.3034169 7.3034487 7.3034801
7.3007532 7.3008137 7.3008736 7.3009328 7.3009915 7.3010495 7.3011069 7.3011636 7.3012198 7.3012754 7.3013304 7.3013848 7.3014386 7.3014919 7.3015445 7.3015966 7.3016482 7.3016992 7.3017496 7.3017995 7.3018489 7.3018977 7.301946 7.3019937 7.3020409 7.3020877 7.3021339 7.3021796 7.3022247 7.3022694 7.3023136 7.3023573 7.3024005 7.3024433 7.3024855 7.3025273 7.3025687 7.3026095 7.3026499 7.3026898 7.3027293 7.3027684 7.302807 7.3028451 7.3028829 7.3029202 7.302957 7.3029935 7.3030295 7.3030651 7.3031003 7.3031351 7.3031695 7.3032035 7.3032371 7.3032703 7.3033031 7.3033355 7.3033675 7.3033992
7.3006573 7.3007181 7.3007782 7.3008377 7.3008966 7.3009548 7.3010124 7.3010695 7.3011259 7.3011817 7.301237 7.3012916 7.3013457 7.3013992 7.3014521 7.3015045 7.3015563 7.3016075 7.3016582 7.3017084 7.301758 7.301807 7.3018556 7.3019036 7.3019511 7.3019981 7.3020445 7.3020905 7.3021359 7.3021809 7.3022253 7.3022693 7.3023128 7.3023558 7.3023983 7.3024404 7.302482 7.3025231 7.3025637 7.3026039 7.3026437 7.302683 7.3027219 7.3027603 7.3027983 7.3028359 7.302873 7.3029097 7.302946 7.3029819 7.3030173 7.3030524 7.303087 7.3031213 7.3031552 7.3031886 7.3032217 7.3032544 7.3032867 7.3033186
7.300562 7.300623 7.3006833 7.3007431 7.3008022 7.3008606 7.3009185 7.3009758 7.3010325 7.3010885 7.301144 7.3011989 7.3012532 7.301307 7.3013601 7.3014128 7.3014648 7.3015163 7.3015672 7.3016176 7.3016675 7.3017168 7.3017656 7.3018139 7.3018616 7.3019089 7.3019556 7.3020018 7.3020475 7.3020927 7.3021374 7.3021817 7.3022254 7.3022687 7.3023115 7.3023538 7.3023956 7.302437 7.3024779 7.3025184 7.3025584 7.302598 7.3026371 7.3026758 7.3027141 7.3027519 7.3027893 7.3028263 7.3028628 7.302899 7.3029347 7.30297 7.3030049 7.3030394 7.3030736 7.3031073 7.3031406 7.3031736 7.3032062 7.3032383
7.3004672 7.3005284 7.300589 7.3006489 7.3007083 7.300767 7.3008251 7.3008826 7.3009395 7.3009958 7.3010515 7.3011067 7.3011612 7.3012152 7.3012686 7.3013215 7.3013738 7.3014255 7.3014767 7.3015274 7.3015775 7.3016271 7.3016761 7.3017246 7.3017726 7.3018201 7.3018671 7.3019135 7.3019595 7.302005 7.3020499 7.3020944 7.3021384 7.3021819 7.302225 7.3022676 7.3023097 7.3023513 7.3023925 7.3024332 7.3024735 7.3025133 7.3025527 7.3025917 7.3026302 7.3026683 7.3027059 7.3027431 7.30278 7.3028164 7.3028524 7.3028879 7.3029231 7.3029579 7.3029923 7.3030263 7.3030599 7.3030931 7.3031259 7.3031584
7.3003729 7.3004343 7.3004951 7.3005553 7.3006149 7.3006738 7.3007321 7.3007899 7.300847 7.3009036 7.3009595 7.3010149 7.3010697 7.3011239 7.3011776 7.3012307 7.3012832 7.3013352 7.3013866 7.3014375 7.3014879 7.3015377 7.301587 7.3016358 7.301684 7.3017317 7.301779 7.3018257 7.3018719 7.3019176 7.3019628 7.3020076 7.3020518 7.3020956 7.3021389 7.3021817 7.3022241 7.302266 7.3023074 7.3023484 7.3023889 7.302429 7.3024687 7.3025079 7.3025466 7.302585 7.3026229 7.3026604 7.3026974 7.3027341 7.3027703 7.3028062 7.3028416 7.3028767 7.3029113 7.3029455 7.3029794 7.3030129 7.3030459 7.3030787
7.3002791 7.3003408 7.3004018 7.3004622 7.300522 7.3005811 7.3006397 7.3006977 7.300755 7.3008118 7.300868 7.3009236 7.3009786 7.3010331 7.301087 7.3011403 7.3011931 7.3012453 7.301297 7.3013481 7.3013987 7.3014488 7.3014983 7.3015473 7.3015958 7.3016438 7.3016913 7.3017382 7.3017847 7.3018306 7.3018761 7.3019211 7.3019656 7.3020096 7.3020532 7.3020962 7.3021389 7.302181 7.3022227 7.3022639 7.3023047 7.302345 7.3023849 7.3024244 7.3024634 7.302502 7.3025402 7.3025779 7.3026153 7.3026522 7.3026887 7.3027248 7.3027604 7.3027957 7.3028306 7.3028651 7.3028992 7.302933 7.3029663 7.3029993
7.3001859 7.3002477 7.3003089 7.3003696 7.3004296 7.3004889 7.3005477 7.3006059 7.3006635 7.3007205 7.3007769 7.3008327 7.300888 7.3009427 7.3009968 7.3010504 7.3011034 7.3011558 7.3012078 7.3012591 7.30131 7.3013603 7.30141 7.3014593 7.301508 7.3015562 7.301604 7.3016512 7.3016979 7.3017441 7.3017898 7.301835 7.3018798 7.301924 7.3019678 7.3020111 7.302054 7.3020964 7.3021383 7.3021798 7.3022209 7.3022614 7.3023016 7.3023413 7.3023806 7.3024194 7.3024578 7.3024958 7.3025334 7.3025706 7.3026073 7.3026436 7.3026796 7.3027151 7.3027503 7.302785 7.3028194 7.3028533 7.3028869 7.3029201
7.3000931 7.3001552 7.3002166 7.3002774 7.3003377 7.3003973 7.3004563 7.3005147 7.3005725 7.3006297 7.3006863 7.3007424 7.3007979 7.3008528 7.3009071 7.3009609 7.3010142 7.3010668 7.301119 7.3011706 7.3012217 7.3012722 7.3013222 7.3013717 7.3014207 7.3014691 7.3015171 7.3015645 7.3016114 7.3016579 7.3017038 7.3017493 7.3017943 7.3018388 7.3018829 7.3019264 7.3019695 7.3020122 7.3020543 7.3020961 7.3021373 7.3021782 7.3022186 7.3022585 7.302298 7.3023371 7.3023758 7.302414 7.3024519 7.3024893 7.3025263 7.3025629 7.302599 7.3026348 7.3026702 7.3027052 7.3027398 7.302774 7.3028079 7.3028413
7.3000009 7.3000631 7.3001248 7.3001858 7.3002462 7.3003061 7.3003653 7.3004239 7.3004819 7.3005393 7.3005962 7.3006525 7.3007082 7.3007633 7.3008179 7.3008719 7.3009254 7.3009783 7.3010306 7.3010825 7.3011338 7.3011845 7.3012348 7.3012845 7.3013337 7.3013824 7.3014306 7.3014782 7.3015254 7.3015721 7.3016183 7.301664 7.3017092 7.301754 7.3017983 7.3018421 7.3018854 7.3019283 7.3019707 7.3020127 7.3020542 7.3020953 7.3021359 7.3021761 7.3022159 7.3022552 7.3022941 7.3023326 7.3023707 7.3024083 7.3024456 7.3024824 7.3025188 7.3025548 7.3025905 7.3026257 7.3026606 7.302695 7.3027291 7.3027628
7.2999091 7.2999716 7.3000335 7.3000947 7.3001553 7.3002153 7.3002748 7.3003336 7.3003918 7.3004495 7.3005065 7.300563 7.3006189 7.3006743 7.3007291 7.3007833 7.300837 7.3008901 7.3009427 7.3009948 7.3010463 7.3010973 7.3011478 7.3011977 7.3012472 7.3012961 7.3013445 7.3013924 7.3014398 7.3014867 7.3015332 7.3015791 7.3016246 7.3016695 7.3017141 7.3017581 7.3018017 7.3018448 7.3018874 7.3019297 7.3019714 7.3020127 7.3020536 7.302094 7.302134 7.3021736 7.3022128 7.3022515 7.3022898 7.3023277 7.3023652 7.3024022 7.3024389 7.3024752 7.3025111 7.3025465 7.3025816 7.3026163 7.3026507 7.3026846
7.2998179 7.2998806 7.2999426 7.3000041 7.3000649 7.3001251 7.3001847 7.3002438 7.3003022 7.3003601 7.3004173 7.300474 7.3005302 7.3005857 7.3006408 7.3006952 7.3007491 7.3008025 7.3008553 7.3009075 7.3009593 7.3010105 7.3010612 7.3011114 7.301161 7.3012102 7.3012588 7.3013069 7.3013546 7.3014017 7.3014484 7.3014946 7.3015403 7.3015855 7.3016302 7.3016745 7.3017183 7.3017616 7.3018045 7.301847 7.301889 7.3019305 7.3019716 7.3020123 7.3020525 7.3020924 7.3021317 7.3021707 7.3022092 7.3022474 7.3022851 7.3023224 7.3023593 7.3023958 7.3024319 7.3024677 7.302503 7.3025379 7.3025725 7.3026067
7.2997272 7.2997901 7.2998523 7.2999139 7.299975 7.3000354 7.3000952 7.3001544 7.3002131 7.3002711 7.3003286 7.3003855 7.3004419 7.3004977 7.3005529 7.3006075 7.3006616 7.3007152 7.3007682 7.3008207 7.3008727 7.3009241 7.300975 7.3010254 7.3010753 7.3011247 7.3011735 7.3012219 7.3012698 7.3013171 7.301364 7.3014104 7.3014563 7.3015018 7.3015468 7.3015913 7.3016353 7.3016789 7.301722 7.3017647 7.3018069 7.3018487 7.30189 7.3019309 7.3019714 7.3020114 7.3020511 7.3020903 7.302129 7.3021674 7.3022054 7.3022429 7.3022801 7.3023168 7.3023531 7.3023891 7.3024247 7.3024599 7.3024947 7.3025291
7.299637 7.2997001 7.2997625 7.2998243 7.2998855 7.2999461 7.3000062 7.3000656 7.3001244 7.3001827 7.3002404 7.3002975 7.300354 7.30041 7.3004654 7.3005203 7.3005746 7.3006284 7.3006816 7.3007344 7.3007865 7.3008382 7.3008893 7.3009399 7.30099 7.3010396 7.3010887 7.3011373 7.3011853 7.3012329 7.30128 7.3013267 7.3013728 7.3014185 7.3014637 7.3015084 7.3015527 7.3015965 7.3016398 7.3016827 7.3017252 7.3017672 7.3018088 7.3018499 7.3018906 7.3019309 7.3019707 7.3020102 7.3020492 7.3020878 7.3021259 7.3021637 7.3022011 7.3022381 7.3022747 7.3023109 7.3023467 7.3023821 7.3024171 7.3024518
7.2995473 7.2996106 7.2996732 7.2997352 7.2997966 7.2998574 7.2999176 7.2999772 7.3000362 7.3000947 7.3001526 7.3002099 7.3002666 7.3003228 7.3003785 7.3004335 7.3004881 7.300542 7.3005955 7.3006484 7.3007008 7.3007526 7.300804 7.3008548 7.3009051 7.3009549 7.3010042 7.301053 7.3011013 7.3011491 7.3011965 7.3012433 7.3012897 7.3013355 7.301381 7.3014259 7.3014704 7.3015144 7.301558 7.3016011 7.3016438 7.3016861 7.3017279 7.3017692 7.3018101 7.3018506 7.3018907 7.3019304 7.3019696 7.3020084 7.3020469 7.3020849 7.3021225 7.3021597 7.3021965 7.3022329 7.3022689 7.3023046 7.3023398 7.3023747
7.2994581 7.2995216 7.2995844 7.2996465 7.2997081 7.2997691 7.2998295 7.2998893 7.2999485 7.3000072 7.3000653 7.3001228 7.3001797 7.3002361 7.3002919 7.3003472 7.3004019 7.3004561 7.3005098 7.3005629 7.3006155 7.3006675 7.3007191 7.3007701 7.3008206 7.3008706 7.3009202 7.3009692 7.3010177 7.3010657 7.3011133 7.3011603 7.3012069 7.301253 7.3012986 7.3013438 7.3013885 7.3014328 7.3014766 7.3015199 7.3015628 7.3016053 7.3016473 7.3016889 7.30173 7.3017708 7.3018111 7.3018509 7.3018904 7.3019295 7.3019681 7.3020063 7.3020442 7.3020816 7.3021186 7.3021553 7.3021915 7.3022274 7.3022629 7.302298
