Cobbity4/QGIS/AVE11_Sled3.asc
NCOLS 600
NROWS 430
XLLCORNER 150.66
YLLCORNER -34.0279
CELLSIZE 1e-05
NODATA_VALUE -9999
[rows 234 to 259 of 430, columns 540 to 599 of 600]
7.1835867 7.1836202 7.1836536 7.1836867 7.1837196 7.1837523 7.1837848 7.1838171 7.1838492 7.1838811 7.1839129 7.1839444 7.1839757 7.1840069 7.1840378 7.1840686 7.1840992 7.1841296 7.1841598 7.1841899 7.1842197 7.1842494 7.1842789 7.1843082 7.1843373 7.1843663 7.1843951 7.1844237 7.1844521 7.1844804 7.1845085 7.1845364 7.1845642 7.1845918 7.1846192 7.1846465 7.1846736 7.1847006 7.1847274 7.184754 7.1847805 7.1848068 7.1848329 7.1848589 7.1848848 7.1849105 7.184936 7.1849614 7.1849867 7.1850118 7.1850367 7.1850615 7.1850862 7.1851107 7.1851351 7.1851593 7.1851834 7.1852074 7.1852312 7.1852549
7.1834572 7.1834916 7.1835258 7.1835597 7.1835935 7.183627 7.1836604 7.1836935 7.1837264 7.1837592 7.1837917 7.183824 7.1838561 7.183888 7.1839198 7.1839513 7.1839826 7.1840138 7.1840447 7.1840755 7.184106 7.1841364 7.1841666 7.1841966 7.1842265 7.1842561 7.1842856 7.1843149 7.184344 7.1843729 7.1844017 7.1844303 7.1844587 7.1844869 7.184515 7.1845429 7.1845706 7.1845982 7.1846256 7.1846528 7.1846799 7.1847068 7.1847335 7.1847601 7.1847865 7.1848128 7.1848389 7.1848649 7.1848907 7.1849164 7.1849419 7.1849672 7.1849924 7.1850175 7.1850424 7.1850671 7.1850918 7.1851162 7.1851406 7.1851647
7.1833273 7.1833626 7.1833976 7.1834325 7.1834671 7.1835015 7.1835356 7.1835696 7.1836033 7.1836369 7.1836702 7.1837033 7.1837362 7.1837689 7.1838014 7.1838337 7.1838658 7.1838977 7.1839294 7.1839609 7.1839921 7.1840233 7.1840542 7.1840849 7.1841154 7.1841457 7.1841759 7.1842059 7.1842357 7.1842653 7.1842947 7.1843239 7.184353 7.1843818 7.1844105 7.1844391 7.1844674 7.1844956 7.1845236 7.1845515 7.1845791 7.1846066 7.184634 7.1846611 7.1846882 7.184715 7.1847417 7.1847682 7.1847946 7.1848208 7.1848468 7.1848727 7.1848985 7.1849241 7.1849495 7.1849748 7.1849999 7.1850249 7.1850498 7.1850745
7.1831971 7.1832332 7.1832692 7.1833049 7.1833403 7.1833756 7.1834106 7.1834454 7.1834799 7.1835143 7.1835484 7.1835823 7.183616 7.1836495 7.1836828 7.1837158 7.1837487 7.1837813 7.1838138 7.183846 7.183878 7.1839098 7.1839415 7.1839729 7.1840041 7.1840352 7.184066 7.1840967 7.1841271 7.1841574 7.1841875 7.1842174 7.1842471 7.1842766 7.1843059 7.1843351 7.1843641 7.1843929 7.1844215 7.18445 7.1844782 7.1845063 7.1845343 7.184562 7.1845896 7.184617 7.1846443 7.1846714 7.1846983 7.1847251 7.1847517 7.1847782 7.1848044 7.1848306 7.1848565 7.1848824 7.184908 7.1849335 7.1849589 7.1849841
7.1830665 7.1831036 7.1831404 7.183177 7.1832133 7.1832494 7.1832852 7.1833209 7.1833563 7.1833914 7.1834264 7.1834611 7.1834956 7.1835298 7.1835639 7.1835977 7.1836313 7.1836647 7.1836979 7.1837309 7.1837637 7.1837962 7.1838286 7.1838607 7.1838926 7.1839244 7.1839559 7.1839872 7.1840184 7.1840493 7.1840801 7.1841106 7.184141 7.1841712 7.1842011 7.1842309 7.1842606 7.18429 7.1843192 7.1843483 7.1843772 7.1844059 7.1844344 7.1844628 7.1844909 7.184519 7.1845468 7.1845744 7.1846019 7.1846293 7.1846564 7.1846834 7.1847103 7.1847369 7.1847634 7.1847898 7.184816 7.184842 7.1848679 7.1848936
7.1829356 7.1829736 7.1830113 7.1830487 7.1830859 7.1831229 7.1831596 7.1831961 7.1832323 7.1832683 7.1833041 7.1833396 7.1833749 7.1834099 7.1834448 7.1834794 7.1835138 7.1835479 7.1835819 7.1836156 7.1836491 7.1836824 7.1837154 7.1837483 7.1837809 7.1838134 7.1838456 7.1838776 7.1839095 7.1839411 7.1839725 7.1840037 7.1840347 7.1840656 7.1840962 7.1841266 7.1841569 7.1841869 7.1842168 7.1842465 7.184276 7.1843053 7.1843344 7.1843634 7.1843921 7.1844207 7.1844491 7.1844774 7.1845054 7.1845333 7.184561 7.1845886 7.184616 7.1846432 7.1846702 7.1846971 7.1847238 7.1847504 7.1847768 7.184803
7.1828044 7.1828433 7.1828819 7.1829202 7.1829583 7.1829961 7.1830337 7.183071 7.1831081 7.1831449 7.1831815 7.1832178 7.1832539 7.1832898 7.1833254 7.1833608 7.183396 7.1834309 7.1834656 7.1835001 7.1835343 7.1835683 7.1836021 7.1836357 7.1836691 7.1837022 7.1837351 7.1837679 7.1838004 7.1838327 7.1838648 7.1838966 7.1839283 7.1839598 7.1839911 7.1840222 7.184053 7.1840837 7.1841142 7.1841445 7.1841746 7.1842046 7.1842343 7.1842638 7.1842932 7.1843224 7.1843514 7.1843802 7.1844088 7.1844373 7.1844655 7.1844936 7.1845216 7.1845493 7.1845769 7.1846043 7.1846316 7.1846587 7.1846856 7.1847124
7.1826729 7.1827127 7.1827522 7.1827914 7.1828304 7.1828691 7.1829075 7.1829457 7.1829836 7.1830213 7.1830587 7.1830958 7.1831327 7.1831694 7.1832058 7.183242 7.1832779 7.1833136 7.1833491 7.1833843 7.1834193 7.1834541 7.1834886 7.1835229 7.183557 7.1835908 7.1836245 7.1836579 7.1836911 7.1837241 7.1837569 7.1837894 7.1838218 7.1838539 7.1838858 7.1839175 7.1839491 7.1839804 7.1840115 7.1840424 7.1840732 7.1841037 7.184134 7.1841642 7.1841941 7.1842239 7.1842535 7.1842829 7.1843121 7.1843411 7.1843699 7.1843986 7.1844271 7.1844554 7.1844835 7.1845115 7.1845393 7.1845669 7.1845943 7.1846216
7.1825411 7.1825818 7.1826222 7.1826624 7.1827022 7.1827418 7.1827811 7.1828201 7.1828589 7.1828974 7.1829356 7.1829736 7.1830113 7.1830488 7.183086 7.183123 7.1831597 7.1831962 7.1832324 7.1832684 7.1833041 7.1833396 7.1833749 7.1834099 7.1834447 7.1834793 7.1835137 7.1835478 7.1835817 7.1836153 7.1836488 7.183682 7.183715 7.1837478 7.1837804 7.1838128 7.183845 7.1838769 7.1839087 7.1839402 7.1839716 7.1840027 7.1840336 7.1840644 7.1840949 7.1841253 7.1841554 7.1841854 7.1842152 7.1842448 7.1842742 7.1843034 7.1843325 7.1843613 7.18439 7.1844185 7.1844468 7.184475 7.1845029 7.1845307
7.1824091 7.1824507 7.182492 7.182533 7.1825738 7.1826142 7.1826544 7.1826943 7.1827339 7.1827733 7.1828124 7.1828512 7.1828897 7.182928 7.182966 7.1830038 7.1830413 7.1830785 7.1831155 7.1831523 7.1831888 7.183225 7.183261 7.1832968 7.1833323 7.1833676 7.1834027 7.1834375 7.1834721 7.1835064 7.1835406 7.1835745 7.1836082 7.1836416 7.1836749 7.1837079 7.1837407 7.1837733 7.1838057 7.1838379 7.1838698 7.1839016 7.1839331 7.1839645 7.1839956 7.1840266 7.1840573 7.1840879 7.1841182 7.1841484 7.1841784 7.1842082 7.1842378 7.1842672 7.1842964 7.1843254 7.1843543 7.184383 7.1844115 7.1844398
7.1822767 7.1823193 7.1823615 7.1824034 7.1824451 7.1824864 7.1825275 7.1825683 7.1826087 7.1826489 7.1826889 7.1827285 7.1827679 7.182807 7.1828458 7.1828844 7.1829227 7.1829607 7.1829985 7.183036 7.1830732 7.1831102 7.183147 7.1831835 7.1832197 7.1832558 7.1832915 7.1833271 7.1833623 7.1833974 7.1834322 7.1834668 7.1835012 7.1835353 7.1835692 7.1836029 7.1836363 7.1836696 7.1837026 7.1837354 7.183768 7.1838004 7.1838325 7.1838645 7.1838962 7.1839278 7.1839591 7.1839902 7.1840212 7.1840519 7.1840825 7.1841128 7.184143 7.1841729 7.1842027 7.1842323 7.1842617 7.1842909 7.1843199 7.1843488
7.1821441 7.1821876 7.1822308 7.1822736 7.1823162 7.1823584 7.1824003 7.182442 7.1824833 7.1825244 7.1825652 7.1826056 7.1826458 7.1826858 7.1827254 7.1827648 7.1828039 7.1828427 7.1828812 7.1829195 7.1829575 7.1829953 7.1830328 7.18307 7.183107 7.1831437 7.1831802 7.1832165 7.1832525 7.1832882 7.1833237 7.183359 7.183394 7.1834288 7.1834634 7.1834977 7.1835318 7.1835657 7.1835994 7.1836328 7.183666 7.183699 7.1837318 7.1837644 7.1837967 7.1838289 7.1838608 7.1838925 7.183924 7.1839554 7.1839865 7.1840174 7.1840481 7.1840786 7.1841089 7.1841391 7.184169 7.1841987 7.1842283 7.1842577
7.1820113 7.1820557 7.1820998 7.1821436 7.182187 7.1822302 7.182273 7.1823155 7.1823577 7.1823996 7.1824413 7.1824826 7.1825236 7.1825644 7.1826048 7.182645 7.1826849 7.1827245 7.1827638 7.1828029 7.1828417 7.1828802 7.1829184 7.1829564 7.1829941 7.1830316 7.1830688 7.1831058 7.1831425 7.1831789 7.1832151 7.1832511 7.1832868 7.1833222 7.1833575 7.1833925 7.1834272 7.1834618 7.1834961 7.1835301 7.183564 7.1835976 7.183631 7.1836642 7.1836971 7.1837299 7.1837624 7.1837947 7.1838268 7.1838587 7.1838904 7.1839219 7.1839531 7.1839842 7.1840151 7.1840458 7.1840762 7.1841065 7.1841366 7.1841665
7.1818782 7.1819236 7.1819686 7.1820133 7.1820577 7.1821017 7.1821454 7.1821888 7.1822319 7.1822747 7.1823172 7.1823594 7.1824012 7.1824428 7.1824841 7.182525 7.1825657 7.1826061 7.1826463 7.1826861 7.1827256 7.1827649 7.1828039 7.1828427 7.1828811 7.1829193 7.1829572 7.1829949 7.1830323 7.1830695 7.1831064 7.183143 7.1831794 7.1832156 7.1832515 7.1832871 7.1833225 7.1833577 7.1833926 7.1834274 7.1834618 7.1834961 7.1835301 7.1835639 7.1835974 7.1836308 7.1836639 7.1836968 7.1837295 7.183762 7.1837942 7.1838263 7.1838581 7.1838897 7.1839212 7.1839524 7.1839834 7.1840142 7.1840449 7.1840753
7.1817449 7.1817912 7.1818372 7.1818828 7.1819281 7.1819731 7.1820177 7.182062 7.1821059 7.1821496 7.1821929 7.1822359 7.1822787 7.1823211 7.1823632 7.1824049 7.1824464 7.1824876 7.1825285 7.1825692 7.1826095 7.1826495 7.1826893 7.1827288 7.182768 7.1828069 7.1828456 7.1828839 7.1829221 7.1829599 7.1829975 7.1830349 7.1830719 7.1831088 7.1831453 7.1831816 7.1832177 7.1832535 7.1832891 7.1833245 7.1833596 7.1833945 7.1834291 7.1834635 7.1834977 7.1835316 7.1835653 7.1835988 7.1836321 7.1836651 7.183698 7.1837306 7.183763 7.1837952 7.1838272 7.183859 7.1838905 7.1839219 7.183953 7.183984
7.1816114 7.1816587 7.1817056 7.1817521 7.1817984 7.1818442 7.1818897 7.1819349 7.1819798 7.1820243 7.1820685 7.1821124 7.1821559 7.1821992 7.1822421 7.1822847 7.182327 7.182369 7.1824107 7.1824521 7.1824932 7.182534 7.1825745 7.1826148 7.1826547 7.1826944 7.1827338 7.1827729 7.1828117 7.1828503 7.1828886 7.1829266 7.1829644 7.1830019 7.1830391 7.1830761 7.1831128 7.1831493 7.1831855 7.1832215 7.1832573 7.1832928 7.183328 7.183363 7.1833978 7.1834324 7.1834667 7.1835008 7.1835346 7.1835683 7.1836017 7.1836349 7.1836678 7.1837006 7.1837331 7.1837655 7.1837976 7.1838295 7.1838612 7.1838927
7.1814777 7.181526 7.1815738 7.1816213 7.1816684 7.1817152 7.1817616 7.1818077 7.1818535 7.1818989 7.1819439 7.1819887 7.1820331 7.1820771 7.1821209 7.1821643 7.1822074 7.1822502 7.1822927 7.1823349 7.1823768 7.1824184 7.1824597 7.1825006 7.1825413 7.1825817 7.1826219 7.1826617 7.1827012 7.1827405 7.1827795 7.1828182 7.1828567 7.1828949 7.1829328 7.1829704 7.1830078 7.183045 7.1830819 7.1831185 7.1831549 7.183191 7.1832269 7.1832625 7.1832979 7.1833331 7.183368 7.1834027 7.1834371 7.1834713 7.1835053 7.1835391 7.1835726 7.1836059 7.183639 7.1836719 7.1837046 7.183737 7.1837693 7.1838013
7.1813439 7.181393 7.1814418 7.1814903 7.1815383 7.181586 7.1816334 7.1816804 7.181727 7.1817733 7.1818192 7.1818648 7.18191 7.181955 7.1819996 7.1820438 7.1820877 7.1821313 7.1821746 7.1822176 7.1822603 7.1823026 7.1823447 7.1823864 7.1824279 7.182469 7.1825099 7.1825504 7.1825907 7.1826307 7.1826704 7.1827098 7.1827489 7.1827878 7.1828264 7.1828647 7.1829028 7.1829406 7.1829781 7.1830154 7.1830524 7.1830892 7.1831257 7.1831619 7.1831979 7.1832337 7.1832692 7.1833045 7.1833395 7.1833743 7.1834089 7.1834433 7.1834774 7.1835112 7.1835449 7.1835783 7.1836115 7.1836445 7.1836773 7.1837099
7.1812098 7.18126 7.1813097 7.1813591 7.1814081 7.1814567 7.181505 7.1815529 7.1816004 7.1816475 7.1816943 7.1817408 7.1817869 7.1818327 7.1818781 7.1819232 7.1819679 7.1820123 7.1820564 7.1821002 7.1821436 7.1821868 7.1822296 7.1822721 7.1823143 7.1823562 7.1823978 7.182439 7.18248 7.1825207 7.1825611 7.1826013 7.1826411 7.1826807 7.1827199 7.1827589 7.1827976 7.1828361 7.1828743 7.1829122 7.1829499 7.1829873 7.1830244 7.1830613 7.1830979 7.1831343 7.1831704 7.1832063 7.1832419 7.1832773 7.1833125 7.1833474 7.1833821 7.1834165 7.1834507 7.1834847 7.1835185 7.183552 7.1835853 7.1836184
7.1810756 7.1811267 7.1811775 7.1812278 7.1812777 7.1813273 7.1813764 7.1814252 7.1814736 7.1815217 7.1815694 7.1816167 7.1816637 7.1817103 7.1817565 7.1818024 7.181848 7.1818932 7.1819381 7.1819827 7.1820269 7.1820708 7.1821144 7.1821577 7.1822006 7.1822433 7.1822856 7.1823276 7.1823693 7.1824107 7.1824518 7.1824927 7.1825332 7.1825734 7.1826134 7.1826531 7.1826925 7.1827316 7.1827704 7.182809 7.1828473 7.1828853 7.1829231 7.1829606 7.1829978 7.1830348 7.1830715 7.183108 7.1831442 7.1831802 7.183216 7.1832515 7.1832867 7.1833217 7.1833565 7.183391 7.1834254 7.1834594 7.1834933 7.1835269
7.1809413 7.1809934 7.181045 7.1810963 7.1811472 7.1811977 7.1812478 7.1812975 7.1813468 7.1813957 7.1814443 7.1814925 7.1815403 7.1815878 7.1816349 7.1816816 7.181728 7.181774 7.1818197 7.1818651 7.1819101 7.1819548 7.1819992 7.1820432 7.1820869 7.1821303 7.1821733 7.1822161 7.1822585 7.1823007 7.1823425 7.182384 7.1824252 7.1824662 7.1825068 7.1825472 7.1825872 7.182627 7.1826665 7.1827057 7.1827446 7.1827833 7.1828217 7.1828598 7.1828977 7.1829353 7.1829726 7.1830097 7.1830465 7.1830831 7.1831194 7.1831555 7.1831913 7.1832269 7.1832622 7.1832973 7.1833322 7.1833668 7.1834012 7.1834354
7.1808068 7.1808599 7.1809125 7.1809647 7.1810166 7.181068 7.181119 7.1811696 7.1812198 7.1812696 7.1813191 7.1813682 7.1814168 7.1814652 7.1815131 7.1815607 7.1816079 7.1816548 7.1817013 7.1817474 7.1817932 7.1818387 7.1818838 7.1819286 7.1819731 7.1820172 7.182061 7.1821045 7.1821477 7.1821905 7.1822331 7.1822753 7.1823172 7.1823588 7.1824002 7.1824412 7.1824819 7.1825224 7.1825625 7.1826024 7.182642 7.1826813 7.1827203 7.182759 7.1827975 7.1828357 7.1828737 7.1829114 7.1829488 7.182986 7.1830229 7.1830595 7.1830959 7.1831321 7.183168 7.1832036 7.183239 7.1832742 7.1833092 7.1833439
7.1806722 7.1807263 7.1807799 7.1808331 7.1808858 7.1809382 7.1809901 7.1810416 7.1810928 7.1811435 7.1811938 7.1812438 7.1812933 7.1813425 7.1813913 7.1814397 7.1814877 7.1815354 7.1815827 7.1816297 7.1816763 7.1817225 7.1817684 7.181814 7.1818592 7.1819041 7.1819487 7.1819929 7.1820368 7.1820803 7.1821236 7.1821665 7.1822092 7.1822515 7.1822935 7.1823352 7.1823766 7.1824177 7.1824585 7.182499 7.1825392 7.1825792 7.1826189 7.1826582 7.1826973 7.1827362 7.1827747 7.182813 7.182851 7.1828888 7.1829263 7.1829635 7.1830005 7.1830372 7.1830737 7.1831099 7.1831459 7.1831816 7.1832171 7.1832523
7.1805375 7.1805925 7.1806471 7.1807013 7.180755 7.1808083 7.1808611 7.1809136 7.1809656 7.1810172 7.1810685 7.1811193 7.1811697 7.1812197 7.1812694 7.1813186 7.1813675 7.181416 7.1814641 7.1815119 7.1815593 7.1816063 7.181653 7.1816993 7.1817453 7.1817909 7.1818362 7.1818812 7.1819258 7.1819701 7.1820141 7.1820577 7.1821011 7.1821441 7.1821868 7.1822291 7.1822712 7.182313 7.1823545 7.1823956 7.1824365 7.1824771 7.1825174 7.1825574 7.1825971 7.1826366 7.1826757 7.1827146 7.1827532 7.1827916 7.1828297 7.1828675 7.182905 7.1829423 7.1829794 7.1830161 7.1830527 7.1830889 7.183125 7.1831608
7.1804027 7.1804587 7.1805143 7.1805694 7.1806241 7.1806783 7.1807321 7.1807855 7.1808384 7.1808909 7.180943 7.1809947 7.181046 7.1810969 7.1811474 7.1811975 7.1812472 7.1812965 7.1813455 7.181394 7.1814422 7.18149 7.1815375 7.1815846 7.1816314 7.1816777 7.1817238 7.1817695 7.1818148 7.1818599 7.1819045 7.1819489 7.1819929 7.1820366 7.18208 7.1821231 7.1821658 7.1822083 7.1822504 7.1822922 7.1823337 7.182375 7.1824159 7.1824565 7.1824969 7.1825369 7.1825767 7.1826162 7.1826554 7.1826944 7.182733 7.1827714 7.1828096 7.1828474 7.182885 7.1829224 7.1829595 7.1829963 7.1830329 7.1830692
7.1802678 7.1803249 7.1803814 7.1804375 7.1804931 7.1805483 7.180603 7.1806573 7.1807111 7.1807646 7.1808176 7.1808701 7.1809223 7.180974 7.1810254 7.1810763 7.1811269 7.181177 7.1812268 7.1812761 7.1813251 7.1813737 7.181422 7.1814699 7.1815174 7.1815645 7.1816113 7.1816577 7.1817038 7.1817496 7.181795 7.18184 7.1818848 7.1819292 7.1819732 7.182017 7.1820604 7.1821035 7.1821463 7.1821888 7.182231 7.1822728 7.1823144 7.1823557 7.1823966 7.1824373 7.1824777 7.1825178 7.1825576 7.1825972 7.1826364 7.1826754 7.1827141 7.1827526 7.1827907 7.1828286 7.1828663 7.1829036 7.1829408 7.1829776
