Cobbity4/QGIS/AVE11_Sled3.asc
NCOLS 600
NROWS 430
XLLCORNER 150.66
YLLCORNER -34.0279
CELLSIZE 1e-05
NODATA_VALUE -9999
[rows 26 to 51 of 430, columns 540 to 599 of 600]
7.2001188 7.2000937 7.2000686 7.2000434 7.2000181 7.1999928 7.1999675 7.1999421 7.1999167 7.1998912 7.1998657 7.1998402 7.1998146 7.199789 7.1997634 7.1997378 7.1997121 7.1996865 7.1996608 7.1996351 7.1996094 7.1995837 7.1995579 7.1995322 7.1995065 7.1994807 7.199455 7.1994293 7.1994035 7.1993778 7.1993521 7.1993264 7.1993007 7.199275 7.1992493 7.1992237 7.1991981 7.1991724 7.1991468 7.1991213 7.1990957 7.1990702 7.1990447 7.1990192 7.1989938 7.1989684 7.198943 7.1989176 7.1988923 7.198867 7.1988418 7.1988166 7.1987914 7.1987663 7.1987412 7.1987162 7.1986912 7.1986662 7.1986413 7.1986165
7.200075 7.20005 7.200025 7.2 7.1999748 7.1999497 7.1999245 7.1998992 7.1998739 7.1998485 7.1998232 7.1997978 7.1997723 7.1997469 7.1997214 7.1996958 7.1996703 7.1996447 7.1996192 7.1995936 7.199568 7.1995423 7.1995167 7.1994911 7.1994654 7.1994398 7.1994142 7.1993885 7.1993629 7.1993373 7.1993116 7.199286 7.1992604 7.1992348 7.1992092 7.1991837 7.1991581 7.1991326 7.1991071 7.1990816 7.1990561 7.1990307 7.1990052 7.1989799 7.1989545 7.1989292 7.1989039 7.1988786 7.1988534 7.1988282 7.198803 7.1987779 7.1987528 7.1987277 7.1987027 7.1986777 7.1986528 7.1986279 7.1986031 7.1985783
7.2000309 7.2000061 7.1999813 7.1999563 7.1999313 7.1999063 7.1998812 7.1998561 7.1998309 7.1998057 7.1997804 7.1997551 7.1997298 7.1997044 7.199679 7.1996536 7.1996282 7.1996028 7.1995773 7.1995518 7.1995263 7.1995008 7.1994752 7.1994497 7.1994242 7.1993986 7.1993731 7.1993475 7.199322 7.1992965 7.1992709 7.1992454 7.1992199 7.1991944 7.1991689 7.1991434 7.1991179 7.1990925 7.1990671 7.1990417 7.1990163 7.1989909 7.1989656 7.1989403 7.198915 7.1988897 7.1988645 7.1988393 7.1988142 7.198789 7.198764 7.1987389 7.1987139 7.1986889 7.198664 7.1986391 7.1986142 7.1985894 7.1985647 7.19854
7.1999866 7.199962 7.1999372 7.1999124 7.1998876 7.1998626 7.1998377 7.1998127 7.1997876 7.1997625 7.1997374 7.1997122 7.199687 7.1996618 7.1996365 7.1996112 7.1995859 7.1995605 7.1995352 7.1995098 7.1994844 7.199459 7.1994335 7.1994081 7.1993827 7.1993572 7.1993318 7.1993063 7.1992809 7.1992554 7.19923 7.1992046 7.1991791 7.1991537 7.1991283 7.1991029 7.1990775 7.1990522 7.1990268 7.1990015 7.1989762 7.1989509 7.1989257 7.1989005 7.1988753 7.1988501 7.1988249 7.1987998 7.1987748 7.1987497 7.1987247 7.1986997 7.1986748 7.1986499 7.198625 7.1986002 7.1985754 7.1985507 7.198526 7.1985014
7.1999421 7.1999175 7.1998929 7.1998683 7.1998435 7.1998188 7.1997939 7.199769 7.1997441 7.1997191 7.1996941 7.1996691 7.199644 7.1996189 7.1995937 7.1995685 7.1995433 7.1995181 7.1994928 7.1994675 7.1994422 7.1994169 7.1993916 7.1993663 7.1993409 7.1993156 7.1992902 7.1992649 7.1992395 7.1992142 7.1991888 7.1991635 7.1991381 7.1991128 7.1990875 7.1990622 7.1990369 7.1990116 7.1989864 7.1989611 7.1989359 7.1989107 7.1988856 7.1988604 7.1988353 7.1988102 7.1987852 7.1987601 7.1987351 7.1987102 7.1986852 7.1986603 7.1986355 7.1986107 7.1985859 7.1985611 7.1985364 7.1985118 7.1984872 7.1984626
7.1998973 7.1998729 7.1998484 7.1998239 7.1997993 7.1997746 7.1997499 7.1997252 7.1997004 7.1996755 7.1996506 7.1996257 7.1996007 7.1995757 7.1995507 7.1995256 7.1995005 7.1994754 7.1994502 7.199425 7.1993998 7.1993746 7.1993494 7.1993242 7.1992989 7.1992737 7.1992484 7.1992232 7.1991979 7.1991727 7.1991474 7.1991222 7.1990969 7.1990717 7.1990465 7.1990213 7.1989961 7.1989709 7.1989457 7.1989205 7.1988954 7.1988703 7.1988452 7.1988202 7.1987951 7.1987701 7.1987451 7.1987202 7.1986953 7.1986704 7.1986455 7.1986207 7.1985959 7.1985712 7.1985465 7.1985218 7.1984972 7.1984726 7.1984481 7.1984236
7.1998522 7.1998279 7.1998036 7.1997792 7.1997548 7.1997302 7.1997057 7.199681 7.1996564 7.1996316 7.1996069 7.199582 7.1995572 7.1995323 7.1995074 7.1994824 7.1994574 7.1994324 7.1994074 7.1993823 7.1993572 7.1993321 7.199307 7.1992819 7.1992567 7.1992316 7.1992064 7.1991813 7.1991561 7.1991309 7.1991058 7.1990806 7.1990555 7.1990303 7.1990052 7.1989801 7.198955 7.1989299 7.1989048 7.1988797 7.1988547 7.1988297 7.1988047 7.1987797 7.1987547 7.1987298 7.1987049 7.19868 7.1986552 7.1986304 7.1986056 7.1985809 7.1985562 7.1985315 7.1985069 7.1984823 7.1984578 7.1984333 7.1984088 7.1983844
7.1998069 7.1997828 7.1997586 7.1997343 7.19971 7.1996856 7.1996612 7.1996367 7.1996121 7.1995875 7.1995629 7.1995382 7.1995134 7.1994886 7.1994638 7.199439 7.1994141 7.1993892 7.1993643 7.1993393 7.1993143 7.1992893 7.1992643 7.1992393 7.1992143 7.1991892 7.1991642 7.1991391 7.199114 7.199089 7.1990639 7.1990389 7.1990138 7.1989887 7.1989637 7.1989387 7.1989136 7.1988886 7.1988636 7.1988387 7.1988137 7.1987888 7.1987639 7.198739 7.1987141 7.1986892 7.1986644 7.1986396 7.1986149 7.1985902 7.1985655 7.1985408 7.1985162 7.1984916 7.1984671 7.1984426 7.1984181 7.1983937 7.1983693 7.198345
7.1997613 7.1997373 7.1997133 7.1996892 7.199665 7.1996407 7.1996164 7.199592 7.1995676 7.1995431 7.1995186 7.199494 7.1994694 7.1994448 7.1994201 7.1993953 7.1993706 7.1993458 7.1993209 7.1992961 7.1992712 7.1992463 7.1992214 7.1991965 7.1991716 7.1991466 7.1991217 7.1990967 7.1990717 7.1990468 7.1990218 7.1989968 7.1989719 7.1989469 7.198922 7.198897 7.1988721 7.1988472 7.1988223 7.1987974 7.1987725 7.1987477 7.1987228 7.198698 7.1986732 7.1986485 7.1986237 7.198599 7.1985744 7.1985497 7.1985251 7.1985005 7.198476 7.1984515 7.198427 7.1984026 7.1983782 7.1983539 7.1983296 7.1983053
7.1997155 7.1996916 7.1996677 7.1996438 7.1996197 7.1995956 7.1995714 7.1995472 7.1995229 7.1994985 7.1994741 7.1994497 7.1994252 7.1994006 7.199376 7.1993514 7.1993268 7.1993021 7.1992774 7.1992526 7.1992279 7.1992031 7.1991783 7.1991535 7.1991286 7.1991038 7.1990789 7.1990541 7.1990292 7.1990043 7.1989795 7.1989546 7.1989297 7.1989049 7.19888 7.1988551 7.1988303 7.1988055 7.1987807 7.1987559 7.1987311 7.1987063 7.1986816 7.1986569 7.1986322 7.1986075 7.1985828 7.1985582 7.1985336 7.1985091 7.1984845 7.19846 7.1984356 7.1984112 7.1983868 7.1983624 7.1983381 7.1983139 7.1982896 7.1982655
7.1996694 7.1996457 7.1996219 7.1995981 7.1995742 7.1995502 7.1995261 7.199502 7.1994779 7.1994536 7.1994294 7.199405 7.1993807 7.1993562 7.1993318 7.1993073 7.1992827 7.1992582 7.1992336 7.1992089 7.1991843 7.1991596 7.1991349 7.1991102 7.1990855 7.1990607 7.199036 7.1990112 7.1989864 7.1989617 7.1989369 7.1989121 7.1988873 7.1988626 7.1988378 7.198813 7.1987883 7.1987636 7.1987388 7.1987141 7.1986894 7.1986647 7.1986401 7.1986155 7.1985908 7.1985663 7.1985417 7.1985172 7.1984927 7.1984682 7.1984437 7.1984193 7.198395 7.1983706 7.1983463 7.198322 7.1982978 7.1982736 7.1982495 7.1982254
7.1996231 7.1995995 7.1995759 7.1995522 7.1995284 7.1995046 7.1994806 7.1994567 7.1994326 7.1994085 7.1993844 7.1993602 7.1993359 7.1993116 7.1992873 7.1992629 7.1992385 7.199214 7.1991895 7.199165 7.1991404 7.1991159 7.1990913 7.1990667 7.1990421 7.1990174 7.1989928 7.1989681 7.1989434 7.1989187 7.1988941 7.1988694 7.1988447 7.19882 7.1987954 7.1987707 7.198746 7.1987214 7.1986968 7.1986721 7.1986475 7.1986229 7.1985984 7.1985738 7.1985493 7.1985248 7.1985003 7.1984759 7.1984515 7.1984271 7.1984027 7.1983784 7.1983541 7.1983298 7.1983056 7.1982814 7.1982573 7.1982332 7.1982091 7.1981851
7.1995765 7.1995531 7.1995296 7.199506 7.1994824 7.1994587 7.1994349 7.199411 7.1993871 7.1993632 7.1993391 7.199315 7.1992909 7.1992667 7.1992425 7.1992182 7.1991939 7.1991696 7.1991452 7.1991208 7.1990964 7.1990719 7.1990474 7.1990229 7.1989984 7.1989739 7.1989493 7.1989247 7.1989002 7.1988756 7.198851 7.1988264 7.1988019 7.1987773 7.1987527 7.1987281 7.1987036 7.198679 7.1986545 7.1986299 7.1986054 7.1985809 7.1985564 7.198532 7.1985075 7.1984831 7.1984587 7.1984344 7.19841 7.1983857 7.1983615 7.1983372 7.198313 7.1982888 7.1982647 7.1982406 7.1982165 7.1981925 7.1981685 7.1981446
7.1995297 7.1995064 7.1994831 7.1994596 7.1994361 7.1994125 7.1993889 7.1993652 7.1993414 7.1993175 7.1992936 7.1992697 7.1992457 7.1992216 7.1991975 7.1991733 7.1991492 7.1991249 7.1991007 7.1990764 7.199052 7.1990277 7.1990033 7.1989789 7.1989545 7.1989301 7.1989056 7.1988812 7.1988567 7.1988322 7.1988077 7.1987832 7.1987588 7.1987343 7.1987098 7.1986853 7.1986608 7.1986364 7.1986119 7.1985875 7.1985631 7.1985387 7.1985143 7.1984899 7.1984656 7.1984412 7.1984169 7.1983926 7.1983684 7.1983442 7.19832 7.1982958 7.1982717 7.1982476 7.1982236 7.1981995 7.1981756 7.1981516 7.1981277 7.1981038
7.1994826 7.1994595 7.1994363 7.199413 7.1993896 7.1993662 7.1993426 7.1993191 7.1992954 7.1992717 7.1992479 7.1992241 7.1992002 7.1991762 7.1991523 7.1991282 7.1991041 7.19908 7.1990559 7.1990317 7.1990075 7.1989832 7.198959 7.1989347 7.1989104 7.198886 7.1988617 7.1988373 7.198813 7.1987886 7.1987642 7.1987398 7.1987154 7.198691 7.1986666 7.1986423 7.1986179 7.1985935 7.1985692 7.1985448 7.1985205 7.1984962 7.1984719 7.1984476 7.1984233 7.1983991 7.1983749 7.1983507 7.1983265 7.1983024 7.1982783 7.1982542 7.1982302 7.1982062 7.1981822 7.1981583 7.1981344 7.1981105 7.1980867 7.1980629
7.1994352 7.1994123 7.1993892 7.1993661 7.1993428 7.1993195 7.1992961 7.1992727 7.1992492 7.1992256 7.1992019 7.1991782 7.1991544 7.1991306 7.1991068 7.1990828 7.1990589 7.1990349 7.1990108 7.1989868 7.1989627 7.1989385 7.1989144 7.1988902 7.198866 7.1988418 7.1988175 7.1987933 7.198769 7.1987447 7.1987204 7.1986961 7.1986719 7.1986476 7.1986233 7.198599 7.1985747 7.1985504 7.1985262 7.1985019 7.1984777 7.1984534 7.1984292 7.198405 7.1983809 7.1983567 7.1983326 7.1983085 7.1982844 7.1982604 7.1982364 7.1982124 7.1981884 7.1981645 7.1981406 7.1981168 7.1980929 7.1980692 7.1980454 7.1980217
7.1993876 7.1993648 7.1993419 7.1993189 7.1992958 7.1992727 7.1992494 7.1992261 7.1992027 7.1991792 7.1991557 7.1991321 7.1991085 7.1990848 7.199061 7.1990372 7.1990134 7.1989895 7.1989656 7.1989416 7.1989176 7.1988936 7.1988695 7.1988455 7.1988214 7.1987972 7.1987731 7.198749 7.1987248 7.1987006 7.1986764 7.1986522 7.1986281 7.1986039 7.1985797 7.1985555 7.1985313 7.1985071 7.1984829 7.1984588 7.1984346 7.1984105 7.1983864 7.1983623 7.1983382 7.1983141 7.1982901 7.1982661 7.1982421 7.1982181 7.1981942 7.1981703 7.1981464 7.1981226 7.1980988 7.198075 7.1980513 7.1980276 7.198004 7.1979804
7.1993398 7.1993171 7.1992944 7.1992715 7.1992486 7.1992255 7.1992024 7.1991792 7.199156 7.1991326 7.1991092 7.1990858 7.1990622 7.1990387 7.199015 7.1989914 7.1989676 7.1989439 7.1989201 7.1988962 7.1988723 7.1988484 7.1988245 7.1988005 7.1987765 7.1987525 7.1987285 7.1987044 7.1986803 7.1986563 7.1986322 7.1986081 7.198584 7.1985599 7.1985358 7.1985117 7.1984876 7.1984635 7.1984395 7.1984154 7.1983913 7.1983673 7.1983433 7.1983193 7.1982953 7.1982713 7.1982474 7.1982234 7.1981995 7.1981757 7.1981518 7.198128 7.1981042 7.1980805 7.1980568 7.1980331 7.1980094 7.1979858 7.1979623 7.1979387
7.1992917 7.1992692 7.1992466 7.1992238 7.199201 7.1991781 7.1991552 7.1991321 7.199109 7.1990858 7.1990625 7.1990392 7.1990158 7.1989923 7.1989688 7.1989452 7.1989216 7.198898 7.1988743 7.1988506 7.1988268 7.198803 7.1987791 7.1987553 7.1987314 7.1987075 7.1986836 7.1986596 7.1986357 7.1986117 7.1985877 7.1985637 7.1985397 7.1985157 7.1984917 7.1984677 7.1984437 7.1984197 7.1983958 7.1983718 7.1983478 7.1983239 7.1983 7.198276 7.1982521 7.1982283 7.1982044 7.1981806 7.1981568 7.198133 7.1981092 7.1980855 7.1980618 7.1980381 7.1980145 7.1979909 7.1979674 7.1979438 7.1979204 7.1978969
7.1992434 7.199221 7.1991985 7.1991759 7.1991533 7.1991305 7.1991077 7.1990847 7.1990617 7.1990387 7.1990155 7.1989923 7.198969 7.1989457 7.1989223 7.1988989 7.1988754 7.1988519 7.1988283 7.1988047 7.198781 7.1987573 7.1987336 7.1987098 7.1986861 7.1986623 7.1986384 7.1986146 7.1985907 7.1985669 7.198543 7.1985191 7.1984952 7.1984713 7.1984474 7.1984235 7.1983996 7.1983757 7.1983518 7.198328 7.1983041 7.1982802 7.1982564 7.1982326 7.1982088 7.198185 7.1981612 7.1981375 7.1981137 7.1980901 7.1980664 7.1980428 7.1980191 7.1979956 7.197972 7.1979485 7.1979251 7.1979016 7.1978782 7.1978549
7.1991948 7.1991726 7.1991502 7.1991278 7.1991053 7.1990826 7.1990599 7.1990371 7.1990143 7.1989913 7.1989683 7.1989452 7.1989221 7.1988989 7.1988756 7.1988523 7.1988289 7.1988055 7.198782 7.1987585 7.198735 7.1987114 7.1986878 7.1986641 7.1986405 7.1986168 7.1985931 7.1985693 7.1985456 7.1985218 7.198498 7.1984742 7.1984504 7.1984266 7.1984028 7.198379 7.1983552 7.1983314 7.1983077 7.1982839 7.1982601 7.1982363 7.1982126 7.1981889 7.1981652 7.1981415 7.1981178 7.1980941 7.1980705 7.1980469 7.1980233 7.1979998 7.1979763 7.1979528 7.1979293 7.1979059 7.1978825 7.1978592 7.1978359 7.1978126
7.199146 7.1991239 7.1991017 7.1990794 7.199057 7.1990345 7.1990119 7.1989893 7.1989665 7.1989437 7.1989208 7.1988979 7.1988749 7.1988518 7.1988286 7.1988054 7.1987822 7.1987589 7.1987355 7.1987121 7.1986887 7.1986652 7.1986417 7.1986182 7.1985946 7.198571 7.1985474 7.1985238 7.1985002 7.1984765 7.1984528 7.1984291 7.1984054 7.1983817 7.198358 7.1983343 7.1983106 7.1982869 7.1982632 7.1982396 7.1982159 7.1981922 7.1981686 7.1981449 7.1981213 7.1980977 7.1980741 7.1980506 7.198027 7.1980035 7.19798 7.1979566 7.1979332 7.1979098 7.1978864 7.1978631 7.1978398 7.1978165 7.1977933 7.1977701
7.1990969 7.1990749 7.1990529 7.1990307 7.1990085 7.1989861 7.1989637 7.1989412 7.1989186 7.1988959 7.1988731 7.1988503 7.1988274 7.1988044 7.1987814 7.1987583 7.1987352 7.198712 7.1986888 7.1986655 7.1986422 7.1986188 7.1985954 7.198572 7.1985486 7.1985251 7.1985016 7.198478 7.1984545 7.1984309 7.1984074 7.1983838 7.1983602 7.1983366 7.198313 7.1982894 7.1982658 7.1982422 7.1982186 7.198195 7.1981714 7.1981479 7.1981243 7.1981008 7.1980772 7.1980537 7.1980302 7.1980068 7.1979833 7.1979599 7.1979365 7.1979131 7.1978898 7.1978665 7.1978432 7.19782 7.1977968 7.1977736 7.1977505 7.1977274
7.1990475 7.1990257 7.1990038 7.1989818 7.1989597 7.1989375 7.1989152 7.1988928 7.1988703 7.1988478 7.1988251 7.1988024 7.1987797 7.1987568 7.1987339 7.198711 7.198688 7.1986649 7.1986418 7.1986186 7.1985954 7.1985722 7.1985489 7.1985256 7.1985022 7.1984789 7.1984555 7.198432 7.1984086 7.1983852 7.1983617 7.1983382 7.1983147 7.1982912 7.1982677 7.1982442 7.1982207 7.1981972 7.1981737 7.1981502 7.1981267 7.1981033 7.1980798 7.1980564 7.1980329 7.1980095 7.1979861 7.1979627 7.1979394 7.1979161 7.1978928 7.1978695 7.1978462 7.197823 7.1977998 7.1977767 7.1977536 7.1977305 7.1977075 7.1976845
7.1989979 7.1989763 7.1989545 7.1989327 7.1989107 7.1988886 7.1988664 7.1988442 7.1988219 7.1987994 7.1987769 7.1987543 7.1987317 7.198709 7.1986862 7.1986634 7.1986405 7.1986175 7.1985945 7.1985715 7.1985484 7.1985253 7.1985021 7.1984789 7.1984557 7.1984324 7.1984091 7.1983858 7.1983625 7.1983391 7.1983158 7.1982924 7.198269 7.1982456 7.1982222 7.1981988 7.1981754 7.198152 7.1981286 7.1981052 7.1980818 7.1980584 7.1980351 7.1980117 7.1979884 7.1979651 7.1979418 7.1979185 7.1978952 7.197872 7.1978488 7.1978256 7.1978024 7.1977793 7.1977562 7.1977332 7.1977101 7.1976872 7.1976642 7.1976413
7.1989481 7.1989266 7.198905 7.1988832 7.1988614 7.1988395 7.1988175 7.1987953 7.1987731 7.1987508 7.1987285 7.198706 7.1986835 7.1986609 7.1986382 7.1986155 7.1985927 7.1985699 7.198547 7.1985241 7.1985011 7.1984781 7.1984551 7.198432 7.1984088 7.1983857 7.1983625 7.1983393 7.1983161 7.1982928 7.1982696 7.1982463 7.198223 7.1981997 7.1981764 7.1981531 7.1981298 7.1981065 7.1980832 7.1980599 7.1980366 7.1980134 7.1979901 7.1979668 7.1979436 7.1979204 7.1978972 7.197874 7.1978508 7.1978277 7.1978046 7.1977815 7.1977584 7.1977354 7.1977124 7.1976894 7.1976665 7.1976436 7.1976207 7.1975979
