Cobbity3/Refined/QGIS/Dualem_1mHCPcon.asc
NCOLS 600
NROWS 430
XLLCORNER 150.661
YLLCORNER -34.0279
CELLSIZE 1e-05
NODATA_VALUE -9999
[rows 364 to 389 of 430, columns 413 to 471 of 600]
0.75605411 0.7576552 0.75924208 0.7608149 0.76237381 0.76391898 0.76545055 0.76696866 0.76847346 0.7699651 0.77144372 0.77290946 0.77436246 0.77580286 0.77723079 0.77864639 0.78004979 0.78144112 0.78282051 0.78418809 0.78554399 0.78688832 0.78822122 0.78954281 0.7908532 0.79215251 0.79344087 0.79471838 0.79598517 0.79724135 0.79848702 0.79972231 0.80094731 0.80216214 0.8033669 0.80456171 0.80574665 0.80692184 0.80808738 0.80924336 0.8103899 0.81152708 0.812655 0.81377376 0.81488345 0.81598417 0.817076 0.81815905 0.81923339 0.82029913 0.82135634 0.82240512 0.82344554 0.8244777 0.82550168 0.82651756 0.82752543 0.82852535 0.82951743
0.75483343 0.75643801 0.7580284 0.75960476 0.76116723 0.76271598 0.76425113 0.76577286 0.76728129 0.76877657 0.77025885 0.77172826 0.77318495 0.77462904 0.77606068 0.77748 0.77888713 0.78028219 0.78166533 0.78303666 0.78439632 0.78574442 0.78708109 0.78840645 0.78972062 0.79102372 0.79231587 0.79359717 0.79486775 0.79612772 0.79737719 0.79861627 0.79984506 0.80106369 0.80227224 0.80347083 0.80465957 0.80583854 0.80700787 0.80816763 0.80931794 0.81045889 0.81159058 0.81271311 0.81382656 0.81493103 0.81602661 0.8171134 0.81819148 0.81926095 0.82032188 0.82137437 0.82241851 0.82345437 0.82448204 0.8255016 0.82651314 0.82751674 0.82851247
0.7536246 0.75523254 0.75682631 0.75840608 0.75997198 0.76152417 0.7630628 0.76458801 0.76609995 0.76759876 0.76908458 0.77055755 0.77201781 0.77346548 0.77490072 0.77632365 0.77773439 0.77913309 0.78051986 0.78189485 0.78325816 0.78460992 0.78595026 0.7872793 0.78859715 0.78990394 0.79119977 0.79248477 0.79375905 0.79502272 0.79627589 0.79751867 0.79875117 0.7999735 0.80118576 0.80238806 0.80358049 0.80476317 0.80593619 0.80709966 0.80825366 0.80939831 0.81053369 0.8116599 0.81277703 0.81388518 0.81498443 0.81607489 0.81715663 0.81822975 0.81929434 0.82035047 0.82139825 0.82243774 0.82346903 0.82449222 0.82550737 0.82651456 0.82751389
0.7524276 0.75403877 0.7556358 0.75721884 0.75878805 0.76034357 0.76188555 0.76341413 0.76492946 0.76643167 0.76792091 0.76939732 0.77086104 0.77231219 0.77375091 0.77517733 0.77659159 0.77799381 0.77938412 0.78076264 0.78212951 0.78348483 0.78482874 0.78616136 0.78748279 0.78879317 0.7900926 0.7913812 0.79265908 0.79392635 0.79518314 0.79642953 0.79766565 0.79889159 0.80010747 0.80131338 0.80250944 0.80369574 0.80487237 0.80603946 0.80719708 0.80834533 0.80948432 0.81061414 0.81173488 0.81284663 0.81394948 0.81504353 0.81612886 0.81720556 0.81827373 0.81933344 0.82038478 0.82142783 0.82246268 0.82348941 0.82450811 0.82551884 0.8265217
0.75124243 0.7528567 0.75445686 0.75604306 0.75761544 0.75917417 0.76071937 0.7622512 0.7637698 0.7652753 0.76676785 0.76824759 0.76971464 0.77116915 0.77261125 0.77404106 0.77545873 0.77686436 0.7782581 0.77964006 0.78101038 0.78236916 0.78371654 0.78505263 0.78637755 0.78769142 0.78899435 0.79028646 0.79156785 0.79283864 0.79409894 0.79534886 0.7965885 0.79781797 0.79903738 0.80024683 0.80144642 0.80263625 0.80381642 0.80498704 0.80614819 0.80729998 0.8084425 0.80957585 0.81070011 0.81181539 0.81292176 0.81401933 0.81510818 0.81618839 0.81726007 0.81832328 0.81937811 0.82042466 0.821463 0.82249321 0.82351538 0.82452959 0.8255359
0.75006908 0.75168632 0.75328948 0.75487871 0.75645415 0.75801596 0.75956427 0.76109922 0.76262097 0.76412965 0.7656254 0.76710834 0.76857863 0.77003639 0.77148175 0.77291485 0.7743358 0.77574475 0.77714181 0.77852711 0.77990077 0.78126292 0.78261366 0.78395313 0.78528144 0.78659871 0.78790504 0.78920055 0.79048536 0.79175958 0.79302331 0.79427666 0.79551974 0.79675265 0.79797551 0.7991884 0.80039144 0.80158472 0.80276835 0.80394242 0.80510702 0.80626227 0.80740824 0.80854504 0.80967275 0.81079148 0.8119013 0.81300231 0.8140946 0.81517826 0.81625336 0.81732001 0.81837827 0.81942824 0.82047 0.82150363 0.82252921 0.82354682 0.82455653
0.74890753 0.75052762 0.75213366 0.75372579 0.75530417 0.75686893 0.75842023 0.7599582 0.76148298 0.76299471 0.76449354 0.76597959 0.76745299 0.76891389 0.77036241 0.77179867 0.77322282 0.77463497 0.77603525 0.77742378 0.77880069 0.78016609 0.78152011 0.78286286 0.78419446 0.78551503 0.78682467 0.7881235 0.78941164 0.79068918 0.79195625 0.79321295 0.79445938 0.79569564 0.79692185 0.79813811 0.79934451 0.80054116 0.80172816 0.8029056 0.80407358 0.8052322 0.80638155 0.80752172 0.80865281 0.8097749 0.8108881 0.81199248 0.81308814 0.81417516 0.81525363 0.81632364 0.81738526 0.81843859 0.8194837 0.82052067 0.8215496 0.82257054 0.82358359
0.74775778 0.74938059 0.75098938 0.75258429 0.75416548 0.75573309 0.75728725 0.75882811 0.76035581 0.76187049 0.76337228 0.76486131 0.76633773 0.76780165 0.76925322 0.77069255 0.77211978 0.77353503 0.77493843 0.77633009 0.77771014 0.7790787 0.78043589 0.78178183 0.78311662 0.78444039 0.78575325 0.7870553 0.78834667 0.78962746 0.79089777 0.79215772 0.79340741 0.79464695 0.79587643 0.79709597 0.79830565 0.79950559 0.80069587 0.8018766 0.80304788 0.80420979 0.80536243 0.8065059 0.80764029 0.80876568 0.80988218 0.81098986 0.81208881 0.81317913 0.81426089 0.81533419 0.8163991 0.81745571 0.81850411 0.81954436 0.82057656 0.82160078 0.8226171
0.74661982 0.74824522 0.74985663 0.75145421 0.75303809 0.75460841 0.75616532 0.75770896 0.75923946 0.76075697 0.76226161 0.76375352 0.76523283 0.76669967 0.76815418 0.76959647 0.77102668 0.77244492 0.77385133 0.77524603 0.77662912 0.77800074 0.77936101 0.78071002 0.78204792 0.7833748 0.78469077 0.78599596 0.78729047 0.78857441 0.78984788 0.791111 0.79236386 0.79360658 0.79483925 0.79606198 0.79727486 0.798478 0.79967149 0.80085543 0.80202992 0.80319504 0.80435091 0.8054976 0.8066352 0.80776382 0.80888354 0.80999444 0.81109662 0.81219016 0.81327515 0.81435167 0.8154198 0.81647963 0.81753124 0.81857471 0.81961012 0.82063754 0.82165707
0.74549362 0.74712149 0.74873541 0.75033552 0.75192197 0.75349489 0.75505443 0.75660073 0.75813392 0.75965414 0.76116152 0.7626562 0.7641383 0.76560795 0.76706529 0.76851044 0.76994352 0.77136465 0.77277397 0.77417159 0.77555763 0.77693221 0.77829545 0.77964746 0.78098835 0.78231825 0.78363726 0.78494548 0.78624304 0.78753004 0.78880658 0.79007278 0.79132873 0.79257454 0.79381031 0.79503615 0.79625214 0.7974584 0.79865502 0.79984209 0.80101971 0.80218797 0.80334698 0.80449681 0.80563757 0.80676933 0.8078922 0.80900625 0.81011158 0.81120827 0.81229641 0.81337608 0.81444737 0.81551035 0.8165651 0.81761172 0.81865027 0.81968084 0.82070351
0.74437916 0.74600938 0.74762568 0.74922821 0.75081711 0.75239252 0.75395458 0.75550342 0.75703919 0.75856201 0.76007201 0.76156934 0.76305412 0.76452648 0.76598654 0.76743444 0.76887029 0.77029421 0.77170634 0.77310679 0.77449567 0.77587312 0.77723923 0.77859413 0.77993793 0.78127075 0.78259269 0.78390387 0.78520438 0.78649435 0.78777388 0.78904306 0.79030201 0.79155083 0.79278962 0.79401848 0.79523751 0.79644681 0.79764647 0.79883659 0.80001726 0.80118859 0.80235066 0.80350356 0.80464738 0.80578222 0.80690816 0.80802529 0.8091337 0.81023348 0.8113247 0.81240745 0.81348181 0.81454787 0.81560571 0.81665541 0.81769704 0.81873069 0.81975643
0.74327644 0.74490889 0.74652745 0.74813228 0.74972351 0.75130128 0.75286574 0.75441701 0.75595524 0.75748055 0.75899307 0.76049295 0.7619803 0.76345525 0.76491793 0.76636847 0.76780698 0.7692336 0.77064843 0.77205161 0.77344324 0.77482344 0.77619234 0.77755004 0.77889666 0.7802323 0.78155708 0.78287111 0.7841745 0.78546735 0.78674977 0.78802186 0.78928372 0.79053546 0.79177719 0.79300899 0.79423096 0.79544322 0.79664584 0.79783893 0.79902258 0.80019689 0.80136194 0.80251784 0.80366466 0.8048025 0.80593144 0.80705158 0.80816299 0.80926577 0.81036 0.81144577 0.81252315 0.81359222 0.81465307 0.81570578 0.81675043 0.81778709 0.81881584
0.74218543 0.74381998 0.74544068 0.74704769 0.74864114 0.75022116 0.7517879 0.75334149 0.75488206 0.75640975 0.75792469 0.759427 0.76091681 0.76239425 0.76385945 0.76531253 0.7667536 0.7681828 0.76960024 0.77100605 0.77240033 0.7737832 0.77515478 0.77651518 0.77786452 0.77920289 0.78053043 0.78184722 0.78315339 0.78444903 0.78573425 0.78700916 0.78827385 0.78952843 0.790773 0.79200766 0.79323251 0.79444764 0.79565314 0.79684913 0.79803568 0.79921289 0.80038085 0.80153966 0.8026894 0.80383016 0.80496204 0.8060851 0.80719946 0.80830518 0.80940235 0.81049105 0.81157138 0.8126434 0.8137072 0.81476286 0.81581045 0.81685006 0.81788176
0.74110611 0.74274264 0.74436537 0.74597444 0.74756998 0.74915214 0.75072105 0.75227685 0.75381966 0.75534961 0.75686685 0.75837148 0.75986365 0.76134348 0.76281109 0.7642666 0.76571014 0.76714182 0.76856177 0.7699701 0.77136693 0.77275237 0.77412654 0.77548955 0.77684151 0.77818253 0.77951273 0.7808322 0.78214105 0.7834394 0.78472734 0.78600497 0.78727241 0.78852975 0.78977708 0.79101452 0.79224215 0.79346007 0.79466838 0.79586718 0.79705655 0.79823658 0.79940738 0.80056903 0.80172161 0.80286523 0.80399996 0.80512589 0.8062431 0.80735169 0.80845173 0.80954331 0.81062651 0.81170141 0.81276809 0.81382663 0.81487711 0.8159196 0.81695418
0.74003846 0.74167685 0.74330148 0.7449125 0.74651002 0.74809421 0.74966517 0.75122306 0.75276799 0.75430011 0.75581953 0.75732639 0.75882081 0.76030292 0.76177283 0.76323068 0.76467658 0.76611064 0.767533 0.76894376 0.77034304 0.77173096 0.77310762 0.77447315 0.77582764 0.77717121 0.77850398 0.77982603 0.78113749 0.78243845 0.78372902 0.7850093 0.78627939 0.7875394 0.78878942 0.79002955 0.79125988 0.79248052 0.79369155 0.79489308 0.79608519 0.79726798 0.79844154 0.79960595 0.80076131 0.8019077 0.80304521 0.80417393 0.80529394 0.80640532 0.80750817 0.80860255 0.80968856 0.81076627 0.81183577 0.81289712 0.81395042 0.81499573 0.81603313
0.73898245 0.74062258 0.74224901 0.74386185 0.74546124 0.74704733 0.74862025 0.75018011 0.75172706 0.75326123 0.75478274 0.75629171 0.75778828 0.75927256 0.76074468 0.76220475 0.76365291 0.76508926 0.76651393 0.76792702 0.76932866 0.77071895 0.77209802 0.77346596 0.7748229 0.77616893 0.77750417 0.77882872 0.78014269 0.78144618 0.78273929 0.78402213 0.7852948 0.78655739 0.78781001 0.78905275 0.79028571 0.79150898 0.79272266 0.79392685 0.79512162 0.79630708 0.79748332 0.79865042 0.79980848 0.80095757 0.8020978 0.80322923 0.80435197 0.80546608 0.80657166 0.80766878 0.80875753 0.80983798 0.81091023 0.81197433 0.81303038 0.81407844 0.8151186
0.73793805 0.73957982 0.74120791 0.74282247 0.74442362 0.7460115 0.74758625 0.74914799 0.75069685 0.75223296 0.75375644 0.75526742 0.75676603 0.75825238 0.7597266 0.76118881 0.76263913 0.76407766 0.76550454 0.76691987 0.76832377 0.76971635 0.77109772 0.77246799 0.77382728 0.77517568 0.77651331 0.77784026 0.77915666 0.78046259 0.78175816 0.78304348 0.78431863 0.78558373 0.78683886 0.78808413 0.78931964 0.79054546 0.79176171 0.79296847 0.79416583 0.79535389 0.79653274 0.79770246 0.79886313 0.80001486 0.80115772 0.8022918 0.80341719 0.80453396 0.8056422 0.80674199 0.80783342 0.80891655 0.80999147 0.81105826 0.812117 0.81316776 0.81421061
0.73690525 0.73854852 0.74017818 0.74179433 0.74339713 0.7449867 0.74656317 0.74812667 0.74967732 0.75121527 0.75274062 0.75425351 0.75575406 0.75724238 0.7587186 0.76018284 0.76163521 0.76307584 0.76450483 0.7659223 0.76732837 0.76872314 0.77010672 0.77147923 0.77284077 0.77419145 0.77553138 0.77686065 0.77817939 0.77948767 0.78078562 0.78207332 0.78335088 0.7846184 0.78587597 0.78712369 0.78836166 0.78958996 0.7908087 0.79201796 0.79321783 0.79440841 0.79558979 0.79676205 0.79792528 0.79907956 0.80022499 0.80136165 0.80248961 0.80360897 0.80471981 0.8058222 0.80691623 0.80800198 0.80907952 0.81014893 0.81121029 0.81226367 0.81330916
0.735884 0.73752868 0.73915977 0.74077742 0.74238175 0.74397289 0.74555097 0.74711613 0.74866848 0.75020815 0.75173527 0.75324996 0.75475234 0.75624253 0.75772066 0.75918682 0.76064116 0.76208377 0.76351478 0.7649343 0.76634243 0.7677393 0.76912501 0.77049966 0.77186337 0.77321624 0.77455838 0.77588988 0.77721087 0.77852142 0.77982166 0.78111167 0.78239155 0.78366141 0.78492133 0.78617142 0.78741177 0.78864247 0.78986362 0.7910753 0.79227761 0.79347064 0.79465447 0.7958292 0.7969949 0.79815168 0.7992996 0.80043876 0.80156924 0.80269112 0.80380448 0.80490941 0.80600598 0.80709427 0.80817436 0.80924632 0.81031024 0.81136619 0.81241425
0.73487429 0.73652025 0.73815268 0.7397717 0.74137745 0.74297005 0.74454964 0.74611634 0.74767028 0.74921158 0.75074036 0.75225675 0.75376087 0.75525282 0.75673275 0.75820075 0.75965695 0.76110145 0.76253439 0.76395585 0.76536597 0.76676484 0.76815257 0.76952928 0.77089506 0.77225004 0.7735943 0.77492795 0.77625109 0.77756384 0.77886627 0.78015851 0.78144063 0.78271274 0.78397494 0.78522732 0.78646997 0.78770299 0.78892647 0.7901405 0.79134517 0.79254057 0.79372679 0.79490391 0.79607202 0.79723121 0.79838156 0.79952315 0.80065607 0.8017804 0.80289622 0.80400362 0.80510266 0.80619343 0.807276 0.80835046 0.80941688 0.81047533 0.81152589
0.73387608 0.73552321 0.73715686 0.73877714 0.7403842 0.74197817 0.74355915 0.7451273 0.74668272 0.74822554 0.74975588 0.75127386 0.75277961 0.75427324 0.75575486 0.7572246 0.75868256 0.76012887 0.76156362 0.76298695 0.76439895 0.76579973 0.7671894 0.76856807 0.76993585 0.77129283 0.77263913 0.77397484 0.77530006 0.7766149 0.77791946 0.77921383 0.78049811 0.7817724 0.78303679 0.78429138 0.78553626 0.78677152 0.78799726 0.78921356 0.79042051 0.79161821 0.79280673 0.79398618 0.79515662 0.79631815 0.79747086 0.79861481 0.79975011 0.80087682 0.80199503 0.80310482 0.80420627 0.80529946 0.80638445 0.80746134 0.80853019 0.80959108 0.81064408
0.73288934 0.73453753 0.73617228 0.73779373 0.73940199 0.7409972 0.74257948 0.74414896 0.74570576 0.74725 0.74878179 0.75030127 0.75180855 0.75330375 0.75478698 0.75625835 0.75771798 0.75916599 0.76060248 0.76202757 0.76344136 0.76484396 0.76623548 0.76761603 0.7689857 0.77034461 0.77169286 0.77303054 0.77435776 0.77567462 0.77698121 0.77827764 0.779564 0.78084038 0.78210689 0.78336361 0.78461063 0.78584806 0.78707597 0.78829447 0.78950363 0.79070355 0.79189431 0.793076 0.79424871 0.79541251 0.7965675 0.79771375 0.79885135 0.79998038 0.80110091 0.80221304 0.80331682 0.80441236 0.80549971 0.80657896 0.80765018 0.80871344 0.80976883
0.73191403 0.73356317 0.73519893 0.73682142 0.73843078 0.74002713 0.7416106 0.74318131 0.74473938 0.74628493 0.74781809 0.74933896 0.75084768 0.75234434 0.75382908 0.75530199 0.7567632 0.75821281 0.75965095 0.7610777 0.76249319 0.76389753 0.76529081 0.76667314 0.76804462 0.76940537 0.77075548 0.77209505 0.77342418 0.77474297 0.77605151 0.77734992 0.77863827 0.77991667 0.78118521 0.78244398 0.78369308 0.78493259 0.78616261 0.78738322 0.78859452 0.78979659 0.79098951 0.79217338 0.79334828 0.79451428 0.79567148 0.79681996 0.7979598 0.79909107 0.80021386 0.80132825 0.80243432 0.80353213 0.80462177 0.80570332 0.80677685 0.80784243 0.80890013
0.73095013 0.73260011 0.73423675 0.73586019 0.73747054 0.73906793 0.74065248 0.74222432 0.74378356 0.74533033 0.74686474 0.74838691 0.74989696 0.75139499 0.75288114 0.7543555 0.75581819 0.75726932 0.758709 0.76013733 0.76155443 0.76296041 0.76435535 0.76573938 0.76711259 0.76847509 0.76982697 0.77116835 0.7724993 0.77381994 0.77513036 0.77643066 0.77772093 0.77900126 0.78027176 0.78153251 0.7827836 0.78402512 0.78525717 0.78647982 0.78769318 0.78889732 0.79009234 0.79127831 0.79245533 0.79362346 0.79478281 0.79593344 0.79707545 0.7982089 0.79933388 0.80045047 0.80155874 0.80265878 0.80375065 0.80483443 0.8059102 0.80697804 0.808038
0.72999759 0.7316483 0.73328573 0.73491 0.73652123 0.73811956 0.73970509 0.74127795 0.74283827 0.74438615 0.74592172 0.74744508 0.74895637 0.75045568 0.75194314 0.75341885 0.75488293 0.75633548 0.75777661 0.75920644 0.76062506 0.76203258 0.76342911 0.76481475 0.7661896 0.76755376 0.76890734 0.77025043 0.77158313 0.77290553 0.77421774 0.77551986 0.77681196 0.77809415 0.77936652 0.78062917 0.78188217 0.78312563 0.78435963 0.78558426 0.7867996 0.78800575 0.78920279 0.79039079 0.79156985 0.79274005 0.79390147 0.7950542 0.7961983 0.79733386 0.79846097 0.79957969 0.80069011 0.8017923 0.80288633 0.80397229 0.80505024 0.80612026 0.80718243
0.72905638 0.73070772 0.73234582 0.73397082 0.73558284 0.73718199 0.7387684 0.74034219 0.74190347 0.74345237 0.74498899 0.74651346 0.74802589 0.74952638 0.75101506 0.75249203 0.7539574 0.75541128 0.75685378 0.758285 0.75970505 0.76111404 0.76251206 0.76389922 0.76527562 0.76664137 0.76799655 0.76934128 0.77067564 0.77199973 0.77331365 0.77461749 0.77591135 0.77719532 0.7784695 0.77973396 0.78098881 0.78223413 0.78347 0.78469653 0.78591378 0.78712186 0.78832084 0.78951081 0.79069185 0.79186404 0.79302747 0.79418221 0.79532835 0.79646596 0.79759512 0.79871591 0.79982841 0.80093269 0.80202883 0.80311689 0.80419697 0.80526912 0.80633342
