Cobbity3/Refined/QGIS/Dualem_1mHCPmag.asc
NCOLS 600
NROWS 430
XLLCORNER 150.661
YLLCORNER -34.0279
CELLSIZE 1e-05
NODATA_VALUE -9999
[rows 250 to 274 of 430, columns 513 to 569 of 600]
0.3244917 0.32446649 0.32444151 0.32441677 0.32439227 0.32436799 0.32434395 0.32432012 0.32429653 0.32427315 0.32424999 0.32422704 0.32420431 0.32418179 0.32415948 0.32413738 0.32411548 0.32409378 0.32407229 0.32405099 0.32402988 0.32400897 0.32398825 0.32396773 0.32394738 0.32392723 0.32390726 0.32388746 0.32386785 0.32384842 0.32382916 0.32381008 0.32379117 0.32377243 0.32375386 0.32373545 0.32371721 0.32369914 0.32368122 0.32366347 0.32364587 0.32362843 0.32361115 0.32359402 0.32357704 0.32356022 0.32354354 0.32352701 0.32351062 0.32349439 0.32347829 0.32346233 0.32344652 0.32343084 0.3234153 0.3233999 0.32338463
0.32462091 0.32459505 0.32456944 0.32454407 0.32451894 0.32449405 0.32446938 0.32444495 0.32442074 0.32439676 0.324373 0.32434947 0.32432615 0.32430304 0.32428015 0.32425747 0.32423499 0.32421273 0.32419067 0.3241688 0.32414714 0.32412568 0.32410441 0.32408334 0.32406245 0.32404176 0.32402125 0.32400093 0.32398079 0.32396083 0.32394106 0.32392146 0.32390203 0.32388278 0.32386371 0.3238448 0.32382606 0.32380749 0.32378908 0.32377084 0.32375276 0.32373483 0.32371707 0.32369947 0.32368201 0.32366472 0.32364757 0.32363058 0.32361373 0.32359704 0.32358048 0.32356408 0.32354781 0.32353169 0.32351571 0.32349987 0.32348416
0.32474994 0.32472345 0.32469721 0.32467121 0.32464546 0.32461994 0.32459467 0.32456962 0.32454481 0.32452023 0.32449587 0.32447174 0.32444783 0.32442414 0.32440067 0.32437741 0.32435437 0.32433154 0.32430891 0.32428649 0.32426427 0.32424225 0.32422044 0.32419882 0.32417739 0.32415616 0.32413512 0.32411427 0.32409361 0.32407313 0.32405283 0.32403272 0.32401278 0.32399302 0.32397344 0.32395403 0.32393479 0.32391573 0.32389683 0.3238781 0.32385953 0.32384113 0.32382289 0.3238048 0.32378688 0.32376912 0.3237515 0.32373405 0.32371674 0.32369959 0.32368258 0.32366573 0.32364901 0.32363245 0.32361602 0.32359974 0.3235836
0.32487881 0.32485168 0.32482481 0.32479819 0.32477181 0.32474568 0.32471979 0.32469414 0.32466872 0.32464354 0.32461859 0.32459387 0.32456937 0.3245451 0.32452105 0.32449722 0.3244736 0.3244502 0.32442701 0.32440403 0.32438126 0.32435869 0.32433633 0.32431417 0.3242922 0.32427044 0.32424886 0.32422748 0.32420629 0.32418529 0.32416448 0.32414385 0.3241234 0.32410314 0.32408305 0.32406314 0.32404341 0.32402385 0.32400446 0.32398524 0.32396619 0.32394731 0.32392859 0.32391003 0.32389164 0.32387341 0.32385533 0.32383741 0.32381965 0.32380204 0.32378458 0.32376727 0.32375011 0.3237331 0.32371624 0.32369952 0.32368294
0.32500749 0.32497974 0.32495223 0.32492499 0.32489799 0.32487124 0.32484474 0.32481849 0.32479247 0.32476669 0.32474115 0.32471583 0.32469075 0.3246659 0.32464127 0.32461687 0.32459268 0.32456872 0.32454497 0.32452143 0.32449811 0.32447499 0.32445208 0.32442938 0.32440688 0.32438457 0.32436247 0.32434056 0.32431885 0.32429733 0.324276 0.32425486 0.3242339 0.32421313 0.32419254 0.32417214 0.32415191 0.32413185 0.32411197 0.32409227 0.32407274 0.32405337 0.32403418 0.32401515 0.32399629 0.32397759 0.32395905 0.32394067 0.32392245 0.32390438 0.32388647 0.32386871 0.32385111 0.32383366 0.32381635 0.32379919 0.32378218
0.325136 0.32510761 0.32507948 0.32505161 0.325024 0.32499664 0.32496953 0.32494267 0.32491605 0.32488968 0.32486354 0.32483764 0.32481198 0.32478654 0.32476134 0.32473637 0.32471161 0.32468709 0.32466278 0.32463868 0.32461481 0.32459114 0.32456769 0.32454445 0.32452141 0.32449857 0.32447594 0.32445351 0.32443127 0.32440924 0.32438739 0.32436574 0.32434427 0.324323 0.32430191 0.324281 0.32426028 0.32423973 0.32421937 0.32419918 0.32417916 0.32415932 0.32413965 0.32412015 0.32410082 0.32408165 0.32406265 0.32404381 0.32402513 0.32400662 0.32398826 0.32397005 0.323952 0.32393411 0.32391636 0.32389877 0.32388132
0.32526432 0.3252353 0.32520655 0.32517806 0.32514983 0.32512186 0.32509414 0.32506668 0.32503946 0.32501249 0.32498577 0.32495928 0.32493304 0.32490703 0.32488125 0.3248557 0.32483039 0.3248053 0.32478043 0.32475578 0.32473136 0.32470715 0.32468315 0.32465937 0.3246358 0.32461243 0.32458927 0.32456631 0.32454356 0.324521 0.32449864 0.32447648 0.32445451 0.32443273 0.32441114 0.32438974 0.32436852 0.32434749 0.32432664 0.32430596 0.32428547 0.32426515 0.32424501 0.32422504 0.32420524 0.3241856 0.32416614 0.32414684 0.32412771 0.32410874 0.32408993 0.32407128 0.32405279 0.32403445 0.32401627 0.32399824 0.32398036
0.32539245 0.3253628 0.32533343 0.32530432 0.32527548 0.3252469 0.32521857 0.32519051 0.3251627 0.32513514 0.32510782 0.32508075 0.32505393 0.32502734 0.32500099 0.32497488 0.324949 0.32492335 0.32489793 0.32487273 0.32484775 0.324823 0.32479846 0.32477414 0.32475004 0.32472614 0.32470245 0.32467898 0.3246557 0.32463263 0.32460976 0.32458709 0.32456461 0.32454233 0.32452024 0.32449834 0.32447664 0.32445511 0.32443378 0.32441262 0.32439165 0.32437085 0.32435024 0.3243298 0.32430953 0.32428944 0.32426951 0.32424976 0.32423017 0.32421075 0.32419149 0.32417239 0.32415346 0.32413468 0.32411606 0.3240976 0.32407929
0.32552038 0.32549011 0.32546011 0.32543039 0.32540094 0.32537175 0.32534282 0.32531416 0.32528575 0.3252576 0.3252297 0.32520205 0.32517465 0.32514749 0.32512057 0.32509389 0.32506745 0.32504124 0.32501526 0.32498951 0.32496399 0.32493869 0.32491362 0.32488876 0.32486412 0.3248397 0.32481549 0.32479149 0.3247677 0.32474411 0.32472073 0.32469755 0.32467457 0.32465179 0.32462921 0.32460681 0.32458461 0.3245626 0.32454078 0.32451915 0.3244977 0.32447643 0.32445534 0.32443443 0.3244137 0.32439314 0.32437276 0.32435255 0.32433251 0.32431264 0.32429293 0.32427339 0.32425401 0.3242348 0.32421574 0.32419685 0.32417811
0.32564811 0.32561722 0.3255866 0.32555627 0.3255262 0.32549641 0.32546688 0.32543762 0.32540862 0.32537988 0.3253514 0.32532317 0.32529519 0.32526746 0.32523997 0.32521273 0.32518572 0.32515896 0.32513243 0.32510613 0.32508007 0.32505423 0.32502861 0.32500322 0.32497806 0.3249531 0.32492837 0.32490385 0.32487954 0.32485545 0.32483156 0.32480787 0.32478439 0.32476111 0.32473803 0.32471514 0.32469246 0.32466996 0.32464766 0.32462554 0.32460361 0.32458187 0.32456032 0.32453894 0.32451774 0.32449673 0.32447589 0.32445522 0.32443473 0.3244144 0.32439425 0.32437427 0.32435445 0.3243348 0.32431531 0.32429598 0.32427681
0.32577564 0.32574412 0.32571289 0.32568194 0.32565127 0.32562087 0.32559075 0.32556089 0.3255313 0.32550198 0.32547291 0.3254441 0.32541555 0.32538725 0.32535919 0.32533139 0.32530383 0.32527651 0.32524943 0.32522258 0.32519597 0.3251696 0.32514345 0.32511752 0.32509183 0.32506635 0.3250411 0.32501606 0.32499124 0.32496663 0.32494223 0.32491804 0.32489406 0.32487028 0.32484671 0.32482333 0.32480015 0.32477717 0.32475439 0.3247318 0.3247094 0.32468718 0.32466516 0.32464331 0.32462166 0.32460018 0.32457888 0.32455776 0.32453682 0.32451605 0.32449545 0.32447503 0.32445477 0.32443468 0.32441476 0.324395 0.3243754
0.32590295 0.32587082 0.32583897 0.32580742 0.32577614 0.32574514 0.32571442 0.32568397 0.32565379 0.32562388 0.32559423 0.32556485 0.32553572 0.32550685 0.32547824 0.32544987 0.32542175 0.32539388 0.32536625 0.32533886 0.32531171 0.32528479 0.32525811 0.32523166 0.32520543 0.32517944 0.32515366 0.32512811 0.32510277 0.32507765 0.32505275 0.32502806 0.32500358 0.3249793 0.32495524 0.32493137 0.32490771 0.32488425 0.32486098 0.32483791 0.32481504 0.32479235 0.32476986 0.32474755 0.32472543 0.3247035 0.32468175 0.32466017 0.32463878 0.32461757 0.32459652 0.32457566 0.32455496 0.32453444 0.32451408 0.32449389 0.32447387
0.32603005 0.3259973 0.32596484 0.32593268 0.3259008 0.3258692 0.32583789 0.32580685 0.32577608 0.32574559 0.32571536 0.3256854 0.32565571 0.32562627 0.32559709 0.32556817 0.3255395 0.32551107 0.3254829 0.32545496 0.32542727 0.32539982 0.32537261 0.32534562 0.32531888 0.32529235 0.32526606 0.32523999 0.32521415 0.32518852 0.32516311 0.32513792 0.32511294 0.32508817 0.32506361 0.32503926 0.32501511 0.32499117 0.32496743 0.32494388 0.32492054 0.32489738 0.32487442 0.32485165 0.32482908 0.32480668 0.32478448 0.32476245 0.32474061 0.32471895 0.32469747 0.32467616 0.32465503 0.32463407 0.32461328 0.32459267 0.32457222
0.32615693 0.32612356 0.3260905 0.32605773 0.32602525 0.32599305 0.32596114 0.32592952 0.32589817 0.3258671 0.32583629 0.32580576 0.3257755 0.3257455 0.32571576 0.32568628 0.32565705 0.32562808 0.32559936 0.32557089 0.32554266 0.32551467 0.32548692 0.32545942 0.32543214 0.3254051 0.32537829 0.32535171 0.32532536 0.32529922 0.32527331 0.32524762 0.32522215 0.32519689 0.32517184 0.325147 0.32512237 0.32509794 0.32507372 0.32504971 0.32502589 0.32500227 0.32497884 0.32495561 0.32493258 0.32490973 0.32488707 0.3248646 0.32484231 0.3248202 0.32479828 0.32477653 0.32475497 0.32473358 0.32471236 0.32469131 0.32467044
0.32628358 0.3262496 0.32621593 0.32618256 0.32614948 0.32611669 0.32608419 0.32605198 0.32602005 0.3259884 0.32595702 0.32592592 0.32589509 0.32586453 0.32583423 0.3258042 0.32577442 0.3257449 0.32571564 0.32568662 0.32565786 0.32562934 0.32560106 0.32557303 0.32554524 0.32551768 0.32549036 0.32546326 0.3254364 0.32540976 0.32538335 0.32535716 0.32533119 0.32530544 0.3252799 0.32525458 0.32522947 0.32520457 0.32517987 0.32515538 0.32513109 0.32510701 0.32508312 0.32505943 0.32503593 0.32501263 0.32498952 0.3249666 0.32494387 0.32492132 0.32489896 0.32487677 0.32485477 0.32483295 0.3248113 0.32478983 0.32476854
0.32641 0.32637542 0.32634114 0.32630717 0.32627349 0.32624011 0.32620702 0.32617423 0.32614172 0.32610949 0.32607754 0.32604587 0.32601448 0.32598336 0.3259525 0.32592192 0.32589159 0.32586153 0.32583172 0.32580217 0.32577287 0.32574382 0.32571502 0.32568647 0.32565815 0.32563008 0.32560224 0.32557464 0.32554727 0.32552013 0.32549322 0.32546653 0.32544007 0.32541383 0.32538781 0.325362 0.32533641 0.32531103 0.32528586 0.3252609 0.32523614 0.32521159 0.32518724 0.3251631 0.32513914 0.32511539 0.32509183 0.32506846 0.32504528 0.32502229 0.32499949 0.32497688 0.32495444 0.32493219 0.32491011 0.32488822 0.3248665
0.32653618 0.326501 0.32646612 0.32643155 0.32639728 0.32636331 0.32632964 0.32629626 0.32626317 0.32623037 0.32619785 0.32616562 0.32613366 0.32610198 0.32607057 0.32603944 0.32600857 0.32597796 0.32594761 0.32591753 0.3258877 0.32585812 0.32582879 0.32579972 0.32577088 0.32574229 0.32571395 0.32568584 0.32565796 0.32563032 0.32560291 0.32557573 0.32554878 0.32552205 0.32549554 0.32546926 0.32544319 0.32541733 0.32539169 0.32536626 0.32534104 0.32531603 0.32529122 0.32526661 0.32524221 0.325218 0.32519399 0.32517018 0.32514656 0.32512313 0.32509989 0.32507684 0.32505397 0.32503129 0.32500879 0.32498647 0.32496433
0.32666213 0.32662634 0.32659086 0.32655569 0.32652083 0.32648628 0.32645202 0.32641807 0.3263844 0.32635103 0.32631795 0.32628515 0.32625263 0.3262204 0.32618844 0.32615675 0.32612534 0.32609419 0.32606331 0.32603269 0.32600233 0.32597222 0.32594237 0.32591278 0.32588343 0.32585433 0.32582547 0.32579685 0.32576848 0.32574034 0.32571243 0.32568476 0.32565732 0.3256301 0.32560311 0.32557635 0.3255498 0.32552347 0.32549736 0.32547146 0.32544578 0.3254203 0.32539503 0.32536997 0.32534511 0.32532046 0.325296 0.32527175 0.32524768 0.32522382 0.32520014 0.32517666 0.32515336 0.32513025 0.32510733 0.32508459 0.32506203
0.32678783 0.32675144 0.32671536 0.3266796 0.32664416 0.32660902 0.32657418 0.32653965 0.32650541 0.32647147 0.32643782 0.32640446 0.32637139 0.3263386 0.32630609 0.32627386 0.3262419 0.32621022 0.3261788 0.32614765 0.32611676 0.32608613 0.32605576 0.32602565 0.32599578 0.32596617 0.32593681 0.32590769 0.32587881 0.32585017 0.32582178 0.32579361 0.32576568 0.32573798 0.32571051 0.32568326 0.32565624 0.32562944 0.32560286 0.3255765 0.32555035 0.32552441 0.32549869 0.32547317 0.32544787 0.32542276 0.32539786 0.32537316 0.32534866 0.32532436 0.32530025 0.32527633 0.3252526 0.32522907 0.32520572 0.32518256 0.32515958
0.32691328 0.32687629 0.32683962 0.32680327 0.32676724 0.32673152 0.3266961 0.326661 0.32662619 0.32659168 0.32655747 0.32652356 0.32648993 0.32645659 0.32642353 0.32639075 0.32635826 0.32632603 0.32629408 0.3262624 0.32623099 0.32619984 0.32616895 0.32613832 0.32610794 0.32607782 0.32604795 0.32601833 0.32598896 0.32595983 0.32593093 0.32590228 0.32587387 0.32584568 0.32581773 0.32579001 0.32576251 0.32573524 0.3257082 0.32568137 0.32565476 0.32562837 0.32560219 0.32557622 0.32555046 0.32552491 0.32549956 0.32547442 0.32544948 0.32542474 0.3254002 0.32537585 0.3253517 0.32532774 0.32530397 0.32528039 0.325257
0.32703848 0.3270009 0.32696364 0.3269267 0.32689008 0.32685378 0.32681779 0.32678211 0.32674674 0.32671167 0.32667689 0.32664242 0.32660824 0.32657435 0.32654075 0.32650743 0.3264744 0.32644164 0.32640916 0.32637695 0.32634501 0.32631334 0.32628193 0.32625079 0.32621991 0.32618928 0.32615891 0.32612879 0.32609891 0.32606929 0.32603991 0.32601077 0.32598187 0.3259532 0.32592477 0.32589658 0.32586861 0.32584087 0.32581336 0.32578607 0.325759 0.32573215 0.32570552 0.3256791 0.32565289 0.32562689 0.32560111 0.32557553 0.32555015 0.32552498 0.3255 0.32547523 0.32545065 0.32542627 0.32540208 0.32537808 0.32535427
0.32716342 0.32712524 0.3270874 0.32704987 0.32701267 0.32697579 0.32693923 0.32690298 0.32686705 0.32683141 0.32679608 0.32676106 0.32672633 0.32669189 0.32665775 0.32662389 0.32659032 0.32655703 0.32652402 0.32649128 0.32645883 0.32642664 0.32639472 0.32636306 0.32633167 0.32630054 0.32626966 0.32623904 0.32620868 0.32617856 0.32614869 0.32611906 0.32608968 0.32606054 0.32603164 0.32600297 0.32597453 0.32594632 0.32591835 0.3258906 0.32586307 0.32583576 0.32580868 0.32578181 0.32575516 0.32572872 0.32570249 0.32567647 0.32565066 0.32562505 0.32559965 0.32557445 0.32554944 0.32552464 0.32550003 0.32547561 0.32545139
0.3272881 0.32724933 0.3272109 0.32717279 0.32713502 0.32709756 0.32706043 0.32702361 0.32698711 0.32695092 0.32691504 0.32687946 0.32684418 0.3268092 0.32677451 0.32674012 0.32670602 0.3266722 0.32663866 0.3266054 0.32657243 0.32653972 0.32650729 0.32647512 0.32644323 0.32641159 0.32638022 0.3263491 0.32631824 0.32628764 0.32625728 0.32622717 0.32619731 0.32616769 0.32613831 0.32610917 0.32608027 0.32605159 0.32602316 0.32599495 0.32596696 0.3259392 0.32591167 0.32588435 0.32585725 0.32583037 0.32580371 0.32577725 0.325751 0.32572497 0.32569914 0.32567351 0.32564808 0.32562286 0.32559783 0.325573 0.32554836
0.32741251 0.32737316 0.32733414 0.32729545 0.3272571 0.32721908 0.32718138 0.327144 0.32710693 0.32707019 0.32703375 0.32699762 0.3269618 0.32692628 0.32689105 0.32685612 0.32682149 0.32678714 0.32675308 0.32671931 0.32668581 0.32665259 0.32661965 0.32658698 0.32655457 0.32652244 0.32649057 0.32645896 0.32642761 0.32639651 0.32636567 0.32633508 0.32630474 0.32627465 0.3262448 0.32621519 0.32618582 0.32615668 0.32612778 0.32609912 0.32607068 0.32604247 0.32601448 0.32598672 0.32595918 0.32593186 0.32590475 0.32587786 0.32585119 0.32582472 0.32579846 0.32577241 0.32574656 0.32572092 0.32569547 0.32567023 0.32564518
0.32753665 0.32749671 0.32745711 0.32741785 0.32737893 0.32734033 0.32730207 0.32726413 0.32722651 0.32718921 0.32715222 0.32711554 0.32707918 0.32704312 0.32700736 0.3269719 0.32693673 0.32690186 0.32686728 0.32683298 0.32679897 0.32676524 0.32673179 0.32669861 0.32666571 0.32663308 0.32660071 0.32656861 0.32653677 0.32650519 0.32647387 0.3264428 0.32641198 0.32638141 0.32635109 0.32632101 0.32629118 0.32626158 0.32623223 0.3262031 0.32617421 0.32614555 0.32611712 0.32608891 0.32606093 0.32603317 0.32600563 0.32597831 0.3259512 0.32592431 0.32589762 0.32587115 0.32584488 0.32581882 0.32579296 0.3257673 0.32574185
