Cobbity3/Refined/QGIS/Dualem_1mHCPcon.asc
NCOLS 600
NROWS 430
XLLCORNER 150.661
YLLCORNER -34.0279
CELLSIZE 1e-05
NODATA_VALUE -9999
[rows 234 to 259 of 430, columns 177 to 235 of 600]
-0.087587599 -0.078237209 -0.099651263 -0.1454043 -0.21199233 -0.2987921 -0.41075253 -0.53620465 -0.56310141 -0.44489617 -0.31513712 -0.2220715 -0.16068316 -0.12709612 -0.12549102 -0.16132887 -0.19477851 -0.15502256 -0.087615999 -0.030043479 0.019404303 0.06489553 0.10790461 0.14873889 0.18744599 0.22407379 0.25870486 0.29144335 0.32240137 0.35169098 0.37942029 0.40569162 0.43060067 0.45423624 0.47668037 0.49800856 0.51829018 0.537589 0.5559636 0.57346793 0.5901517 0.60606088 0.62123799 0.63572253 0.64955123 0.66275832 0.67537579 0.68743356 0.6989597 0.70998055 0.72052089 0.73060405 0.74025202 0.74948558 0.75832432 0.76678679 0.77489055 0.78265221 0.79008754
-0.12765972 -0.12432291 -0.1511008 -0.20221209 -0.27161656 -0.34797771 -0.41392961 -0.45236091 -0.44227513 -0.37716573 -0.29153013 -0.21528403 -0.15817018 -0.12397351 -0.11940312 -0.15025685 -0.1791604 -0.14255134 -0.079136454 -0.024432938 0.021551301 0.063053441 0.10216964 0.13959944 0.17550238 0.20988799 0.24275044 0.27410278 0.30397915 0.33242927 0.3595125 0.38529316 0.40983734 0.43321059 0.45547659 0.47669626 0.49692734 0.51622419 0.53463776 0.55221576 0.56900274 0.58504036 0.60036753 0.61502067 0.62903387 0.64243912 0.65526642 0.66754397 0.67929833 0.69055451 0.70133609 0.71166535 0.72156335 0.73105 0.74014417 0.74886372 0.7572256 0.76524589 0.77293986
-0.15715889 -0.16538763 -0.20231269 -0.26715136 -0.3582372 -0.46154781 -0.53385712 -0.52811828 -0.46109037 -0.37493299 -0.28978566 -0.21521123 -0.15582194 -0.114851 -0.097050196 -0.10308402 -0.11097237 -0.091582016 -0.05407144 -0.014676911 0.022869583 0.059007485 0.094242557 0.12868262 0.16223472 0.19476386 0.22616065 0.25635791 0.28532693 0.31306836 0.3396033 0.36496614 0.38919937 0.41234987 0.43446637 0.45559781 0.47579217 0.49509589 0.5135534 0.53120701 0.54809677 0.56426052 0.57973397 0.59455078 0.60874267 0.62233955 0.63536963 0.64785954 0.65983442 0.67131803 0.68233288 0.69290023 0.70304025 0.71277208 0.72211385 0.73108278 0.73969524 0.74796679 0.75591222
-0.18140392 -0.20257577 -0.25146049 -0.33531955 -0.4675385 -0.6543955 -0.81779557 -0.77524787 -0.58849096 -0.42583373 -0.30971538 -0.22228724 -0.15213462 -0.096077987 -0.058867965 -0.046649281 -0.049372514 -0.04626389 -0.030743388 -0.006796384 0.021607595 0.052254892 0.08391824 0.11583686 0.14750315 0.17857425 0.20882493 0.23811547 0.26636726 0.29354443 0.3196403 0.34466758 0.36865154 0.39162519 0.41362601 0.43469371 0.45486866 0.47419096 0.49269977 0.51043292 0.52742669 0.5437157 0.55933288 0.57430949 0.58867518 0.602458 0.61568457 0.62838006 0.64056835 0.65227207 0.66351269 0.67431056 0.68468503 0.69465446 0.70423634 0.71344725 0.72230303 0.73081872 0.73900866
-0.20470561 -0.23641771 -0.29415637 -0.39083999 -0.55521993 -0.83218928 -1.1374106 -1.0525868 -0.71782251 -0.4794135 -0.33431797 -0.23264413 -0.14605352 -0.061674623 0.010904414 0.034190893 0.0091532383 -0.014705365 -0.018343164 -0.006205981 0.015231353 0.041706661 0.070724306 0.10083402 0.13117566 0.16122812 0.19067304 0.21931821 0.2470524 0.27381734 0.29958965 0.32436894 0.34816977 0.3710163 0.3929385 0.4139697 0.43414488 0.45349946 0.4720686 0.48988667 0.50698695 0.52340144 0.53916077 0.55429419 0.56882955 0.58279332 0.59621068 0.60910556 0.62150068 0.63341764 0.64487698 0.6558982 0.66649988 0.6766997 0.68651449 0.69596028 0.70505235 0.71380528 0.72223298
-0.22939251 -0.26775997 -0.32829438 -0.42161916 -0.57040234 -0.80854666 -1.0591174 -0.99030928 -0.7071198 -0.49013155 -0.35065877 -0.24700258 -0.14624052 -0.022226687 0.11448378 0.14811905 0.066113792 0.0016811621 -0.019765701 -0.015431287 0.0021892437 0.026566781 0.054292482 0.083512459 0.11318054 0.14268986 0.17168273 0.19994851 0.22736637 0.25387194 0.27943703 0.30405686 0.32774186 0.35051218 0.37239401 0.39341715 0.41361329 0.43301489 0.45165437 0.46956363 0.48677373 0.50331465 0.51921524 0.53450309 0.54920456 0.56334481 0.5769478 0.59003633 0.60263212 0.61475586 0.62642723 0.63766498 0.64848698 0.65891026 0.66895104 0.67862484 0.68794642 0.69692992 0.70558882
-0.25670783 -0.29887404 -0.35877699 -0.43969122 -0.54431925 -0.66972935 -0.76843892 -0.73810652 -0.60397498 -0.46913135 -0.36364483 -0.2747579 -0.17659588 -0.036947983 0.13462757 0.17534563 0.067142031 -0.012949565 -0.039352904 -0.035935723 -0.018126052 0.0065895091 0.034554153 0.063883414 0.093556631 0.12300096 0.15188855 0.18003171 0.20732611 0.2337185 0.25918779 0.2837333 0.30736748 0.33011109 0.35199001 0.37303313 0.39327091 0.41273435 0.43145438 0.44946139 0.46678496 0.48345366 0.49949499 0.51493527 0.52979971 0.54411236 0.55789615 0.57117295 0.58396361 0.59628799 0.60816502 0.61961278 0.63064847 0.64128852 0.65154864 0.66144381 0.67098834 0.68019592 0.68907965
-0.28715807 -0.33238156 -0.39420216 -0.47176082 -0.55444014 -0.61865522 -0.64054175 -0.60947373 -0.53818276 -0.4578224 -0.38773138 -0.32662976 -0.25705358 -0.15367446 -0.028231785 0.017812563 -0.02907719 -0.070664977 -0.079904525 -0.06800141 -0.045437325 -0.017890653 0.011795248 0.042172493 0.072476353 0.10229051 0.13138544 0.15963659 0.18698073 0.21339164 0.23886598 0.26341468 0.28705762 0.30982019 0.33173097 0.35282029 0.37311911 0.39265842 0.41146874 0.4295798 0.44702038 0.4638182 0.47999984 0.49559073 0.51061517 0.52509634 0.53905636 0.55251631 0.56549627 0.57801541 0.590092 0.60174347 0.61298646 0.62383686 0.63430986 0.64441996 0.65418105 0.66360641 0.67270875
-0.32007953 -0.36852612 -0.43759054 -0.53146953 -0.64127971 -0.71497109 -0.69185179 -0.61322668 -0.53503142 -0.4724838 -0.42991528 -0.40630779 -0.38941056 -0.3513539 -0.27738236 -0.20941241 -0.17757686 -0.15928495 -0.13712423 -0.10935892 -0.078309013 -0.0459257 -0.013348719 0.018812578 0.050239742 0.080769642 0.11032372 0.13887098 0.16640795 0.19294749 0.21851217 0.24313029 0.2668334 0.28965464 0.31162775 0.33278631 0.35316334 0.37279095 0.39170014 0.40992077 0.4274814 0.44440936 0.46073071 0.4764703 0.49165179 0.5062977 0.5204295 0.5340676 0.54723148 0.55993967 0.57220988 0.58405898 0.59550308 0.60655758 0.61723719 0.62755598 0.63752742 0.64716441 0.6564793
-0.35371662 -0.40402279 -0.48028266 -0.5987701 -0.77434616 -0.92147363 -0.84287611 -0.67451179 -0.56260918 -0.50345749 -0.48490219 -0.50786757 -0.57039848 -0.6237623 -0.57408945 -0.44562599 -0.3333044 -0.25672655 -0.20109392 -0.15522835 -0.11419078 -0.076035356 -0.039963994 -0.0056056985 0.027242577 0.058711239 0.088895711 0.11787268 0.14570772 0.17245917 0.19818018 0.22291992 0.24672428 0.26963632 0.29169658 0.31294331 0.33341262 0.35313864 0.37215364 0.39048812 0.40817095 0.42522946 0.44168951 0.45757563 0.47291106 0.48771786 0.50201697 0.51582831 0.52917079 0.54206247 0.5545205 0.56656129 0.57820046 0.58945296 0.60033306 0.61085444 0.62103017 0.6308728 0.64039433
-0.38657042 -0.43526404 -0.50897437 -0.62585316 -0.81007185 -0.9758474 -0.88401305 -0.69709422 -0.58343805 -0.53513409 -0.5393026 -0.60773011 -0.76562486 -0.94451611 -0.88822952 -0.65518117 -0.46469096 -0.34257214 -0.26087238 -0.1999846 -0.1500854 -0.10651869 -0.067021531 -0.03042481 0.003923725 0.036418307 0.067316104 0.096796822 0.12499377 0.15201097 0.17793298 0.20283087 0.22676597 0.24979224 0.27195798 0.29330687 0.31387883 0.33371061 0.35283622 0.37128727 0.38909328 0.40628187 0.42287899 0.43890904 0.45439502 0.46935867 0.48382055 0.49780015 0.51131598 0.5243856 0.53702576 0.54925239 0.56108071 0.57252524 0.58359987 0.59431787 0.60469197 0.61473436 0.62445672
-0.41891481 -0.46362207 -0.5254463 -0.6092618 -0.7166527 -0.79667339 -0.75696365 -0.65782629 -0.58701198 -0.56040483 -0.58031412 -0.6649389 -0.8510293 -1.0720523 -1.0098874 -0.74754241 -0.53797931 -0.40147219 -0.30847978 -0.23927617 -0.18352238 -0.13590063 -0.093592779 -0.055031835 -0.019296242 0.014188288 0.045800168 0.075801936 0.10438439 0.13169201 0.1578382 0.18291477 0.20699803 0.23015285 0.2524354 0.27389511 0.29457601 0.31451776 0.33375639 0.3523249 0.37025368 0.38757086 0.40430263 0.42047343 0.43610617 0.45122235 0.46584227 0.47998509 0.49366892 0.50691098 0.51972759 0.5321343 0.54414594 0.55577664 0.56703991 0.57794869 0.58851534 0.59875174 0.60866927
-0.45246393 -0.49539144 -0.54906108 -0.60568237 -0.6532851 -0.67625496 -0.66018577 -0.62069604 -0.58935636 -0.58342148 -0.60957152 -0.67507673 -0.7883297 -0.9005178 -0.86475406 -0.70616998 -0.55102006 -0.43210736 -0.34223877 -0.27154635 -0.21327839 -0.16327925 -0.11902344 -0.078950328 -0.042066662 -0.007717662 0.024544513 0.055037396 0.083993903 0.11159032 0.13796394 0.16322446 0.18746159 0.2107502 0.23315391 0.25472766 0.27551955 0.29557218 0.31492371 0.33360858 0.3516582 0.3691013 0.38596442 0.40227214 0.41804733 0.43331139 0.44808438 0.46238519 0.47623164 0.48964057 0.50262797 0.51520904 0.52739822 0.5392093 0.55065545 0.56174924 0.57250275 0.58292751 0.59303462
-0.48805299 -0.53497894 -0.59596492 -0.65683132 -0.68623832 -0.67322327 -0.64332517 -0.61623663 -0.60360378 -0.61321746 -0.64628499 -0.69479293 -0.74217692 -0.76496629 -0.73233401 -0.64610914 -0.54305952 -0.44775521 -0.36645603 -0.29793682 -0.2394132 -0.18838748 -0.14298559 -0.10187797 -0.064132922 -0.029092789 0.0037143699 0.034634325 0.063926065 0.091787914 0.11837501 0.1438112 0.16819719 0.19161638 0.21413891 0.23582465 0.25672541 0.27688657 0.29634826 0.3151464 0.33331333 0.35087846 0.36786868 0.38430875 0.40022158 0.41562845 0.43054927 0.44500267 0.45900619 0.47257638 0.4857289 0.4984786 0.51083959 0.52282533 0.53444864 0.54572179 0.55665653 0.5672641 0.57755531
-0.52371974 -0.57790879 -0.66010859 -0.76276238 -0.80689101 -0.74268988 -0.6712079 -0.63472786 -0.62992149 -0.65533631 -0.70991171 -0.77782817 -0.81509608 -0.78916958 -0.72099961 -0.63586327 -0.54669566 -0.46229967 -0.38679914 -0.32064377 -0.26267309 -0.21137921 -0.16540477 -0.12366532 -0.085333603 -0.04978797 -0.016561159 0.014700939 0.044269999 0.072357436 0.099130265 0.12472244 0.14924301 0.17278206 0.19541498 0.21720578 0.2382094 0.25847358 0.27804024 0.29694654 0.31522571 0.33290774 0.35001986 0.36658699 0.38263206 0.39817627 0.41323935 0.42783972 0.44199465 0.4557204 0.46903232 0.48194493 0.49447203 0.50662674 0.51842157 0.52986849 0.54097893 0.55176384 0.56223377
-0.55625782 -0.61204784 -0.70267822 -0.83440182 -0.89679088 -0.79511569 -0.69825718 -0.65821396 -0.6616081 -0.7053623 -0.79769846 -0.93349177 -1.0159075 -0.93433607 -0.78962848 -0.66598461 -0.56558872 -0.48034455 -0.40625109 -0.3412479 -0.28378759 -0.23252925 -0.18633138 -0.14426118 -0.1055782 -0.0697036 -0.03618716 -0.0046780888 0.025098591 0.053360307 0.080280761 0.10600027 0.13063352 0.15427532 0.17700497 0.19888956 0.21998649 0.24034536 0.26000946 0.27901698 0.29740183 0.31519447 0.33242236 0.34911054 0.36528189 0.38095754 0.39615702 0.41089851 0.42519904 0.43907456 0.45254011 0.46560991 0.47829742 0.49061547 0.50257624 0.5141914 0.52547207 0.53642895 0.54707227
-0.5863585 -0.63525893 -0.70247365 -0.78457832 -0.82022457 -0.76361711 -0.70167934 -0.67774288 -0.6925371 -0.74936639 -0.86646397 -1.060554 -1.1950785 -1.0611473 -0.85357066 -0.6994947 -0.58764556 -0.49919428 -0.42481851 -0.36022919 -0.30313433 -0.25203969 -0.20583667 -0.16365891 -0.12482028 -0.088776766 -0.055097258 -0.02343961 0.0064687349 0.034846155 0.061868899 0.087680411 0.1123985 0.13612082 0.15892917 0.18089266 0.20207033 0.22251303 0.24226502 0.26136514 0.27984778 0.29774364 0.31508033 0.33188287 0.34817406 0.36397484 0.37930456 0.39418113 0.40862129 0.42264069 0.43625407 0.44947531 0.46231757 0.47479335 0.48691452 0.49869245 0.51013798 0.52126151 0.53207301
-0.62041527 -0.6669385 -0.71210936 -0.74286943 -0.74823682 -0.72601106 -0.70101458 -0.69713716 -0.72293917 -0.78156312 -0.87981897 -1.0200204 -1.1093945 -1.0151009 -0.85011448 -0.71101379 -0.6027919 -0.51530327 -0.44151916 -0.37746625 -0.32080387 -0.27000333 -0.22396801 -0.18186369 -0.14303697 -0.10696942 -0.073247267 -0.041538881 -0.011577383 0.016853086 0.043928158 0.069791705 0.094562467 0.11833922 0.14120483 0.16322939 0.18447273 0.20498634 0.22481492 0.24399762 0.262569 0.28055978 0.29799753 0.31490715 0.33131124 0.34723053 0.36268406 0.37768947 0.39226317 0.40642049 0.42017584 0.43354278 0.44653413 0.45916207 0.47143817 0.48337348 0.49497855 0.5062635 0.51723803
-0.66367717 -0.72937201 -0.78786425 -0.79780486 -0.76579196 -0.73147249 -0.71417235 -0.72276451 -0.76062207 -0.8232269 -0.89564327 -0.95572741 -0.97325165 -0.91891864 -0.81673662 -0.70852433 -0.61161712 -0.52811703 -0.45597834 -0.39283323 -0.33679316 -0.28644989 -0.24074832 -0.19888105 -0.16021794 -0.12426039 -0.090610051 -0.058946555 -0.029010698 -0.00059160841 0.026483273 0.05235603 0.077144431 0.10094678 0.12384574 0.14591134 0.16720339 0.18777335 0.20766586 0.22691997 0.24557007 0.2636467 0.28117717 0.29818609 0.31469579 0.33072663 0.34629734 0.36142519 0.37612625 0.39041548 0.40430693 0.41781382 0.43094864 0.44372321 0.45614881 0.46823616 0.47999553 0.49143675 0.50256925
-0.70879688 -0.8195358 -0.9457197 -0.9489562 -0.84064018 -0.76249782 -0.73700228 -0.75509544 -0.81383809 -0.9068949 -1.0034478 -1.0434136 -1.0022407 -0.91557259 -0.8135882 -0.71227016 -0.62005901 -0.53911666 -0.46847337 -0.40635443 -0.35110242 -0.30138833 -0.25618878 -0.21471704 -0.17636166 -0.14064121 -0.10717221 -0.075646372 -0.045813812 -0.017470636 0.0095506217 0.035388381 0.060157788 0.083955255 0.10686206 0.1289472 0.15026966 0.17088025 0.19082303 0.21013651 0.22885463 0.24700743 0.2646218 0.28172189 0.29832959 0.31446483 0.33014592 0.34538972 0.36021187 0.37462696 0.38864864 0.40228976 0.41556245 0.42847819 0.44104793 0.45328207 0.46519057 0.47678299 0.48806848
-0.7305975 -0.87043093 -1.0602102 -1.0613259 -0.88955036 -0.78341916 -0.75620974 -0.78740699 -0.87787474 -1.0395605 -1.245917 -1.3313421 -1.1922317 -0.99935079 -0.84568577 -0.72675876 -0.63015971 -0.54895809 -0.47914051 -0.4180303 -0.36372025 -0.3148196 -0.27029873 -0.22938227 -0.19147563 -0.15611484 -0.12293241 -0.091633655 -0.061979847 -0.033775921 -0.0068612952 0.018897137 0.043610432 0.067371853 0.090260221 0.1123426 0.13367641 0.15431119 0.17428993 0.19365022 0.21242517 0.2306441 0.24833323 0.26551609 0.28221401 0.29844636 0.31423094 0.32958412 0.34452109 0.35905599 0.37320205 0.38697172 0.40037675 0.41342826 0.42613685 0.43851259 0.45056516 0.46230378 0.47373737
-0.71125942 -0.81375314 -0.94106655 -0.9476468 -0.84346381 -0.77291349 -0.76264838 -0.8087475 -0.92513572 -1.1525391 -1.5000506 -1.6604818 -1.3914542 -1.0826212 -0.87755612 -0.74011343 -0.6382247 -0.55647563 -0.48758449 -0.42772056 -0.37460423 -0.32674291 -0.28309413 -0.24289708 -0.20557855 -0.17069591 -0.13790072 -0.10691444 -0.077511611 -0.049507917 -0.022751349 0.0028843907 0.027504967 0.051199359 0.074042973 0.096100118 0.11742599 0.13806826 0.15806839 0.17746266 0.19628303 0.21455786 0.23231246 0.2495696 0.26634985 0.28267198 0.29855314 0.31400915 0.32905468 0.34370338 0.35796803 0.37186063 0.38539254 0.3985745 0.41141674 0.42392901 0.43612064 0.44800059 0.45957746
-0.66628692 -0.71099094 -0.76511518 -0.78328904 -0.76107857 -0.74370326 -0.75710008 -0.81215764 -0.92597776 -1.1335214 -1.4376111 -1.5756691 -1.3484541 -1.069672 -0.87367267 -0.73921848 -0.63954009 -0.56002086 -0.49324825 -0.43525511 -0.38372324 -0.33717685 -0.29460932 -0.25529781 -0.21870316 -0.18441161 -0.15209855 -0.12150489 -0.092420913 -0.064674974 -0.038125258 -0.012653636 0.011838993 0.035436329 0.058209508 0.080219365 0.10151824 0.12215146 0.14215849 0.16157395 0.18042836 0.19874886 0.21655967 0.23388259 0.25073735 0.26714194 0.28311282 0.29866518 0.31381309 0.32856967 0.34294719 0.35695721 0.37061064 0.38391782 0.39688861 0.40953241 0.42185823 0.4338747 0.44559015
-0.61582946 -0.6181018 -0.64483933 -0.67891071 -0.69887466 -0.71560261 -0.74673454 -0.80384087 -0.89448941 -1.0234463 -1.1709404 -1.2323517 -1.134646 -0.97597582 -0.83463664 -0.72255805 -0.63306222 -0.55912744 -0.49598886 -0.44063362 -0.39112973 -0.34618795 -0.30490945 -0.26664246 -0.23089867 -0.19730243 -0.1655585 -0.13543081 -0.1067279 -0.079292686 -0.05299501 -0.027726132 -0.0033945246 0.020077364 0.042755662 0.064697099 0.085950631 0.10655876 0.1265586 0.14598277 0.1648601 0.18321624 0.20107415 0.21845452 0.2353761 0.25185599 0.26790986 0.2835522 0.29879644 0.3136551 0.32813991 0.34226195 0.35603165 0.36945896 0.38255332 0.39532377 0.40777899 0.41992731 0.43177674
-0.56926807 -0.53554451 -0.56261736 -0.61990689 -0.66220155 -0.69680888 -0.73928785 -0.79946814 -0.8771212 -0.95659057 -1.0121759 -1.0212944 -0.97193659 -0.88361726 -0.78718373 -0.69866125 -0.62159219 -0.55481148 -0.49625428 -0.4441077 -0.39699469 -0.35390522 -0.31409645 -0.27701305 -0.24223139 -0.20942193 -0.17832369 -0.14872681 -0.12046027 -0.093383157 -0.067378231 -0.042347153 -0.018206822 0.0051134521 0.027674174 0.049527437 0.070718358 0.09128623 0.11126548 0.13068644 0.149576 0.16795815 0.18585439 0.20328417 0.22026512 0.23681335 0.2529437 0.26866984 0.28400452 0.29895962 0.3135463 0.3277751 0.34165598 0.35519844 0.36841152 0.38130389 0.39388386 0.40615944 0.41813836
-0.55222307 -0.50318764 -0.53392084 -0.59857237 -0.64673365 -0.68814418 -0.73802397 -0.80838052 -0.90349988 -0.998825 -1.0286349 -0.98157312 -0.9084053 -0.82913369 -0.74995295 -0.67574 -0.60864078 -0.54863279 -0.49480401 -0.44609642 -0.40158035 -0.36051001 -0.32230448 -0.28651293 -0.25278284 -0.22083525 -0.19044654 -0.16143522 -0.13365227 -0.10697414 -0.081297453 -0.05653503 -0.032612846 -0.0094676353 0.012955 0.0347021 0.055814568 0.076328175 0.096274375 0.11568099 0.13457275 0.1529718 0.17089808 0.1883696 0.20540281 0.22201276 0.23821332 0.25401734 0.2694368 0.28448291 0.29916622 0.31349671 0.32748385 0.34113666 0.35446375 0.36747342 0.38017362 0.39257203 0.40467606
