Cobbity3/Refined/QGIS/Dualem_1mHCPmag.asc
NCOLS 600
NROWS 430
XLLCORNER 150.661
YLLCORNER -34.0279
CELLSIZE 1e-05
NODATA_VALUE -9999
[rows 175 to 199 of 430, columns 342 to 398 of 600]
0.30752692 0.30759934 0.30767113 0.3077423 0.30781286 0.30788283 0.3079522 0.308021 0.30808922 0.30815689 0.308224 0.30829056 0.30835658 0.30842208 0.30848705 0.3085515 0.30861545 0.30867889 0.30874184 0.30880429 0.30886627 0.30892776 0.30898879 0.30904935 0.30910945 0.30916909 0.30922829 0.30928704 0.30934536 0.30940324 0.30946069 0.30951772 0.30957433 0.30963053 0.30968631 0.30974169 0.30979668 0.30985126 0.30990545 0.30995925 0.31001267 0.31006571 0.31011838 0.31017067 0.31022259 0.31027415 0.31032534 0.31037618 0.31042666 0.3104768 0.31052658 0.31057603 0.31062513 0.31067389 0.31072233 0.31077043 0.3108182
0.30787855 0.30794848 0.3080178 0.30808653 0.30815467 0.30822223 0.30828922 0.30835566 0.30842154 0.30848688 0.30855169 0.30861597 0.30867973 0.30874299 0.30880573 0.30886799 0.30892975 0.30899102 0.30905183 0.30911215 0.30917202 0.30923143 0.30929038 0.30934888 0.30940695 0.30946457 0.30952177 0.30957854 0.30963489 0.30969082 0.30974634 0.30980145 0.30985616 0.30991048 0.3099644 0.31001793 0.31007108 0.31012384 0.31017623 0.31022825 0.3102799 0.31033118 0.3103821 0.31043267 0.31048288 0.31053274 0.31058225 0.31063143 0.31068026 0.31072875 0.31077691 0.31082475 0.31087225 0.31091944 0.3109663 0.31101284 0.31105907
0.30823305 0.30830042 0.30836721 0.30843342 0.30849908 0.30856417 0.30862873 0.30869275 0.30875623 0.3088192 0.30888166 0.30894361 0.30900507 0.30906603 0.30912651 0.30918652 0.30924605 0.30930512 0.30936374 0.3094219 0.30947962 0.3095369 0.30959374 0.30965016 0.30970615 0.30976173 0.30981689 0.30987164 0.30992599 0.30997995 0.31003351 0.31008667 0.31013946 0.31019186 0.31024389 0.31029555 0.31034683 0.31039776 0.31044832 0.31049853 0.31054838 0.31059789 0.31064705 0.31069586 0.31074434 0.31079249 0.3108403 0.31088779 0.31093495 0.31098179 0.31102831 0.31107451 0.3111204 0.31116599 0.31121126 0.31125624 0.31130091
0.30859036 0.30865511 0.3087193 0.30878295 0.30884606 0.30890863 0.30897069 0.30903224 0.30909328 0.30915382 0.30921388 0.30927345 0.30933255 0.30939118 0.30944935 0.30950707 0.30956433 0.30962116 0.30967755 0.3097335 0.30978904 0.30984415 0.30989885 0.30995315 0.31000703 0.31006052 0.31011362 0.31016633 0.31021865 0.3102706 0.31032216 0.31037336 0.31042419 0.31047466 0.31052477 0.31057452 0.31062392 0.31067298 0.31072169 0.31077007 0.31081811 0.31086581 0.31091319 0.31096024 0.31100696 0.31105337 0.31109946 0.31114524 0.31119071 0.31123588 0.31128074 0.3113253 0.31136956 0.31141353 0.3114572 0.31150059 0.31154369
0.30895044 0.30901251 0.30907405 0.30913506 0.30919557 0.30925557 0.30931507 0.30937409 0.30943264 0.3094907 0.30954831 0.30960546 0.30966215 0.3097184 0.30977422 0.3098296 0.30988456 0.3099391 0.30999322 0.31004694 0.31010025 0.31015316 0.31020568 0.31025782 0.31030957 0.31036094 0.31041194 0.31046257 0.31051284 0.31056274 0.31061229 0.31066149 0.31071034 0.31075884 0.31080701 0.31085483 0.31090233 0.31094949 0.31099633 0.31104285 0.31108905 0.31113493 0.3111805 0.31122577 0.31127072 0.31131537 0.31135973 0.31140378 0.31144754 0.31149101 0.3115342 0.31157709 0.31161971 0.31166204 0.3117041 0.31174588 0.31178739
0.30931327 0.30937259 0.3094314 0.30948973 0.30954757 0.30960494 0.30966184 0.30971828 0.30977427 0.30982981 0.30988492 0.30993959 0.30999384 0.31004767 0.31010109 0.3101541 0.3102067 0.31025891 0.31031073 0.31036217 0.31041322 0.3104639 0.31051421 0.31056415 0.31061373 0.31066295 0.31071182 0.31076035 0.31080852 0.31085636 0.31090386 0.31095103 0.31099787 0.31104439 0.31109058 0.31113646 0.31118202 0.31122727 0.31127222 0.31131686 0.31136119 0.31140523 0.31144898 0.31149243 0.31153559 0.31157847 0.31162106 0.31166338 0.31170541 0.31174717 0.31178866 0.31182988 0.31187083 0.31191151 0.31195194 0.3119921 0.31203201
0.30967878 0.30973529 0.30979133 0.3098469 0.30990203 0.30995671 0.31001095 0.31006476 0.31011815 0.31017112 0.31022368 0.31027583 0.31032758 0.31037895 0.31042992 0.31048051 0.31053073 0.31058057 0.31063005 0.31067917 0.31072793 0.31077633 0.31082439 0.31087211 0.31091949 0.31096653 0.31101324 0.31105963 0.31110569 0.31115143 0.31119686 0.31124197 0.31128678 0.31133128 0.31137548 0.31141938 0.31146299 0.3115063 0.31154932 0.31159206 0.31163452 0.31167669 0.31171859 0.31176021 0.31180156 0.31184265 0.31188346 0.31192401 0.31196431 0.31200434 0.31204411 0.31208363 0.3121229 0.31216192 0.3122007 0.31223923 0.31227751
0.31004694 0.31010058 0.31015377 0.31020655 0.3102589 0.31031083 0.31036236 0.31041349 0.31046422 0.31051457 0.31056454 0.31061412 0.31066334 0.31071219 0.31076068 0.31080882 0.3108566 0.31090404 0.31095114 0.3109979 0.31104433 0.31109044 0.31113621 0.31118167 0.31122681 0.31127165 0.31131617 0.31136038 0.3114043 0.31144792 0.31149124 0.31153428 0.31157702 0.31161948 0.31166166 0.31170357 0.31174519 0.31178654 0.31182763 0.31186844 0.31190899 0.31194928 0.31198932 0.31202909 0.31206861 0.31210788 0.3121469 0.31218567 0.3122242 0.31226249 0.31230053 0.31233834 0.31237592 0.31241326 0.31245037 0.31248725 0.3125239
0.3104177 0.3104684 0.3105187 0.31056861 0.31061813 0.31066727 0.31071603 0.31076443 0.31081246 0.31086014 0.31090746 0.31095444 0.31100108 0.31104738 0.31109334 0.31113898 0.3111843 0.31122929 0.31127397 0.31131835 0.31136241 0.31140617 0.31144964 0.3114928 0.31153568 0.31157827 0.31162057 0.31166259 0.31170433 0.3117458 0.311787 0.31182792 0.31186858 0.31190898 0.31194912 0.31198899 0.31202862 0.31206799 0.31210711 0.31214598 0.3121846 0.31222299 0.31226113 0.31229904 0.31233671 0.31237415 0.31241135 0.31244833 0.31248508 0.3125216 0.3125579 0.31259398 0.31262985 0.31266549 0.31270092 0.31273614 0.31277114
0.31079099 0.3108387 0.31088605 0.31093304 0.31097968 0.31102597 0.31107192 0.31111753 0.31116282 0.31120778 0.31125242 0.31129674 0.31134075 0.31138445 0.31142786 0.31147096 0.31151377 0.31155628 0.31159851 0.31164046 0.31168212 0.31172351 0.31176463 0.31180548 0.31184605 0.31188637 0.31192642 0.31196622 0.31200576 0.31204505 0.31208409 0.31212288 0.31216143 0.31219974 0.31223781 0.31227564 0.31231323 0.3123506 0.31238773 0.31242464 0.31246132 0.31249778 0.31253402 0.31257004 0.31260584 0.31264143 0.3126768 0.31271196 0.31274692 0.31278166 0.3128162 0.31285054 0.31288467 0.31291861 0.31295234 0.31298588 0.31301922
0.31116678 0.31121144 0.31125578 0.31129979 0.31134349 0.31138689 0.31142997 0.31147276 0.31151525 0.31155744 0.31159935 0.31164098 0.31168232 0.31172339 0.31176419 0.31180472 0.31184498 0.31188498 0.31192472 0.31196421 0.31200344 0.31204242 0.31208116 0.31211965 0.3121579 0.31219592 0.31223369 0.31227124 0.31230855 0.31234563 0.31238249 0.31241913 0.31245554 0.31249174 0.31252771 0.31256347 0.31259902 0.31263436 0.31266949 0.31270441 0.31273913 0.31277364 0.31280795 0.31284207 0.31287598 0.3129097 0.31294322 0.31297656 0.3130097 0.31304265 0.31307541 0.31310799 0.31314038 0.31317258 0.31320461 0.31323646 0.31326812
0.311545 0.31158656 0.31162783 0.31166882 0.31170953 0.31174997 0.31179015 0.31183005 0.3118697 0.31190909 0.31194823 0.31198711 0.31202575 0.31206415 0.3121023 0.31214021 0.31217789 0.31221534 0.31225256 0.31228955 0.31232632 0.31236287 0.31239919 0.3124353 0.3124712 0.31250688 0.31254235 0.31257761 0.31261267 0.31264753 0.31268218 0.31271663 0.31275088 0.31278494 0.3128188 0.31285247 0.31288595 0.31291924 0.31295235 0.31298526 0.31301799 0.31305054 0.31308291 0.3131151 0.31314711 0.31317894 0.3132106 0.31324208 0.31327339 0.31330453 0.3133355 0.3133663 0.31339694 0.31342741 0.31345771 0.31348785 0.31351783
0.3119256 0.311964 0.31200215 0.31204006 0.31207774 0.31211518 0.31215239 0.31218938 0.31222614 0.31226268 0.312299 0.3123351 0.31237099 0.31240667 0.31244214 0.31247741 0.31251247 0.31254733 0.312582 0.31261646 0.31265073 0.31268481 0.31271869 0.31275239 0.3127859 0.31281922 0.31285236 0.31288532 0.31291809 0.31295069 0.31298311 0.31301536 0.31304743 0.31307933 0.31311105 0.31314261 0.313174 0.31320522 0.31323628 0.31326717 0.31329789 0.31332846 0.31335887 0.31338911 0.3134192 0.31344913 0.3134789 0.31350852 0.31353799 0.3135673 0.31359646 0.31362548 0.31365434 0.31368305 0.31371162 0.31374004 0.31376831
0.31230852 0.3123437 0.31237868 0.31241347 0.31244805 0.31248245 0.31251666 0.31255067 0.3125845 0.31261815 0.31265161 0.3126849 0.312718 0.31275093 0.31278368 0.31281627 0.31284868 0.31288092 0.31291299 0.31294489 0.31297663 0.31300821 0.31303963 0.31307088 0.31310198 0.31313291 0.31316369 0.31319432 0.31322479 0.3132551 0.31328527 0.31331528 0.31334515 0.31337486 0.31340443 0.31343386 0.31346313 0.31349226 0.31352125 0.3135501 0.3135788 0.31360737 0.31363579 0.31366408 0.31369223 0.31372024 0.31374811 0.31377585 0.31380346 0.31383093 0.31385827 0.31388548 0.31391255 0.3139395 0.31396631 0.313993 0.31401956
0.31269369 0.31272561 0.31275737 0.31278897 0.31282043 0.31285173 0.31288289 0.31291389 0.31294475 0.31297546 0.31300603 0.31303645 0.31306673 0.31309687 0.31312688 0.31315674 0.31318646 0.31321605 0.3132455 0.31327481 0.31330399 0.31333304 0.31336195 0.31339074 0.31341939 0.31344792 0.31347631 0.31350458 0.31353272 0.31356073 0.31358861 0.31361637 0.31364401 0.31367152 0.31369891 0.31372618 0.31375333 0.31378035 0.31380725 0.31383403 0.3138607 0.31388724 0.31391367 0.31393998 0.31396617 0.31399225 0.31401821 0.31404405 0.31406978 0.3140954 0.3141209 0.31414629 0.31417156 0.31419672 0.31422178 0.31424672 0.31427155
0.31308105 0.31310966 0.31313815 0.31316653 0.31319481 0.31322297 0.31325103 0.31327898 0.31330683 0.31333456 0.3133622 0.31338972 0.31341714 0.31344446 0.31347167 0.31349878 0.31352578 0.31355268 0.31357948 0.31360617 0.31363276 0.31365925 0.31368564 0.31371193 0.31373811 0.3137642 0.31379018 0.31381606 0.31384185 0.31386753 0.31389312 0.3139186 0.31394399 0.31396927 0.31399446 0.31401956 0.31404455 0.31406944 0.31409424 0.31411894 0.31414355 0.31416806 0.31419247 0.31421678 0.314241 0.31426513 0.31428916 0.31431309 0.31433693 0.31436067 0.31438432 0.31440788 0.31443134 0.31445471 0.31447799 0.31450117 0.31452426
0.31347055 0.31349579 0.31352096 0.31354608 0.31357113 0.31359611 0.31362103 0.31364589 0.31367068 0.31369541 0.31372006 0.31374466 0.31376918 0.31379364 0.31381802 0.31384234 0.3138666 0.31389078 0.31391489 0.31393894 0.31396291 0.31398681 0.31401065 0.31403441 0.3140581 0.31408172 0.31410527 0.31412874 0.31415215 0.31417548 0.31419874 0.31422193 0.31424504 0.31426809 0.31429106 0.31431395 0.31433677 0.31435952 0.3143822 0.3144048 0.31442733 0.31444978 0.31447216 0.31449447 0.3145167 0.31453886 0.31456094 0.31458295 0.31460488 0.31462674 0.31464853 0.31467024 0.31469187 0.31471343 0.31473492 0.31475633 0.31477767
0.3138621 0.31388393 0.31390575 0.31392755 0.31394933 0.31397109 0.31399284 0.31401456 0.31403626 0.31405793 0.31407958 0.3141012 0.31412279 0.31414436 0.31416589 0.31418739 0.31420886 0.3142303 0.3142517 0.31427306 0.31429439 0.31431568 0.31433693 0.31435814 0.31437931 0.31440044 0.31442153 0.31444258 0.31446358 0.31448454 0.31450546 0.31452633 0.31454715 0.31456793 0.31458866 0.31460934 0.31462997 0.31465056 0.31467109 0.31469158 0.31471201 0.31473239 0.31475273 0.31477301 0.31479324 0.31481341 0.31483353 0.3148536 0.31487362 0.31489358 0.31491348 0.31493334 0.31495313 0.31497287 0.31499256 0.31501219 0.31503176
0.31425566 0.31427403 0.31429244 0.31431088 0.31432935 0.31434785 0.31436638 0.31438493 0.3144035 0.31442209 0.31444069 0.31445931 0.31447794 0.31449658 0.31451522 0.31453387 0.31455253 0.31457119 0.31458985 0.3146085 0.31462716 0.31464581 0.31466445 0.31468309 0.31470172 0.31472034 0.31473894 0.31475754 0.31477612 0.31479468 0.31481323 0.31483176 0.31485027 0.31486876 0.31488723 0.31490568 0.31492411 0.31494251 0.31496089 0.31497924 0.31499757 0.31501586 0.31503413 0.31505237 0.31507058 0.31508876 0.31510691 0.31512503 0.31514311 0.31516116 0.31517917 0.31519715 0.3152151 0.315233 0.31525088 0.31526871 0.31528651
0.31465113 0.31466601 0.31468097 0.31469601 0.31471114 0.31472634 0.31474161 0.31475695 0.31477235 0.31478782 0.31480334 0.31481892 0.31483456 0.31485024 0.31486597 0.31488174 0.31489755 0.31491341 0.3149293 0.31494522 0.31496118 0.31497716 0.31499317 0.31500921 0.31502527 0.31504136 0.31505746 0.31507358 0.31508971 0.31510586 0.31512202 0.3151382 0.31515438 0.31517056 0.31518676 0.31520296 0.31521916 0.31523536 0.31525156 0.31526777 0.31528397 0.31530016 0.31531635 0.31533254 0.31534871 0.31536488 0.31538104 0.31539719 0.31541333 0.31542945 0.31544556 0.31546166 0.31547774 0.31549381 0.31550985 0.31552588 0.31554189
0.31504846 0.3150598 0.31507127 0.31508288 0.31509462 0.31510648 0.31511846 0.31513055 0.31514276 0.31515507 0.31516748 0.31518 0.3151926 0.3152053 0.31521808 0.31523094 0.31524389 0.31525691 0.31527 0.31528317 0.3152964 0.3153097 0.31532305 0.31533647 0.31534994 0.31536346 0.31537704 0.31539066 0.31540433 0.31541805 0.3154318 0.3154456 0.31545943 0.3154733 0.3154872 0.31550113 0.31551509 0.31552907 0.31554309 0.31555712 0.31557118 0.31558526 0.31559936 0.31561347 0.3156276 0.31564175 0.31565591 0.31567008 0.31568426 0.31569844 0.31571264 0.31572684 0.31574105 0.31575525 0.31576947 0.31578368 0.31579789
0.31544758 0.31545533 0.31546328 0.31547141 0.31547973 0.31548821 0.31549687 0.31550569 0.31551466 0.31552378 0.31553306 0.31554247 0.31555202 0.3155617 0.3155715 0.31558143 0.31559148 0.31560165 0.31561192 0.3156223 0.31563278 0.31564337 0.31565404 0.31566482 0.31567568 0.31568662 0.31569765 0.31570876 0.31571994 0.3157312 0.31574253 0.31575393 0.3157654 0.31577692 0.31578851 0.31580016 0.31581186 0.31582362 0.31583542 0.31584728 0.31585918 0.31587113 0.31588312 0.31589515 0.31590723 0.31591933 0.31593148 0.31594365 0.31595586 0.3159681 0.31598037 0.31599266 0.31600498 0.31601733 0.31602969 0.31604208 0.31605448
0.3158484 0.31585254 0.31585692 0.31586155 0.3158664 0.31587148 0.31587678 0.31588228 0.31588799 0.3158939 0.3159 0.31590628 0.31591275 0.31591939 0.31592619 0.31593316 0.31594029 0.31594757 0.315955 0.31596257 0.31597028 0.31597813 0.31598611 0.31599421 0.31600244 0.31601079 0.31601925 0.31602782 0.3160365 0.31604529 0.31605418 0.31606316 0.31607224 0.31608142 0.31609068 0.31610002 0.31610945 0.31611896 0.31612855 0.31613821 0.31614794 0.31615775 0.31616762 0.31617755 0.31618755 0.31619761 0.31620772 0.3162179 0.31622812 0.3162384 0.31624873 0.31625911 0.31626953 0.31628 0.31629051 0.31630106 0.31631165
0.31625086 0.31625134 0.31625213 0.31625321 0.31625457 0.31625621 0.31625812 0.31626029 0.3162627 0.31626537 0.31626826 0.31627139 0.31627474 0.31627831 0.31628209 0.31628607 0.31629025 0.31629463 0.31629919 0.31630393 0.31630885 0.31631394 0.3163192 0.31632462 0.31633019 0.31633592 0.3163418 0.31634782 0.31635398 0.31636027 0.3163667 0.31637325 0.31637993 0.31638673 0.31639365 0.31640068 0.31640782 0.31641507 0.31642242 0.31642988 0.31643743 0.31644507 0.31645281 0.31646064 0.31646855 0.31647655 0.31648462 0.31649278 0.31650101 0.31650932 0.3165177 0.31652615 0.31653466 0.31654324 0.31655189 0.31656059 0.31656935
0.31665487 0.31665167 0.31664883 0.31664634 0.31664418 0.31664235 0.31664083 0.31663963 0.31663873 0.31663811 0.31663778 0.31663773 0.31663794 0.31663842 0.31663914 0.31664012 0.31664133 0.31664277 0.31664445 0.31664634 0.31664844 0.31665075 0.31665327 0.31665598 0.31665889 0.31666198 0.31666525 0.3166687 0.31667232 0.31667611 0.31668006 0.31668417 0.31668843 0.31669284 0.3166974 0.3167021 0.31670694 0.31671192 0.31671702 0.31672225 0.3167276 0.31673308 0.31673867 0.31674438 0.31675019 0.31675612 0.31676215 0.31676828 0.31677451 0.31678083 0.31678725 0.31679376 0.31680036 0.31680704 0.31681381 0.31682066 0.31682759
