Cobbity3/Refined/QGIS/Dualem_1mHCPcon.asc
NCOLS 600
NROWS 430
XLLCORNER 150.661
YLLCORNER -34.0279
CELLSIZE 1e-05
NODATA_VALUE -9999
[rows 104 to 129 of 430, columns 59 to 117 of 600]
1.9847654 1.9936732 2.0026297 2.0116327 2.0206802 2.02977 2.0388997 2.0480668 2.0572685 2.0665021 2.0757646 2.0850528 2.0943633 2.1036927 2.1130371 2.1223928 2.1317556 2.1411211 2.1504849 2.1598421 2.169188 2.1785171 2.1878243 2.1971038 2.2063499 2.2155565 2.2247175 2.2338265 2.242877 2.2518625 2.2607764 2.2696119 2.2783628 2.2870227 2.2955858 2.3040467 2.3124009 2.3206448 2.3287763 2.3367953 2.344704 2.3525079 2.3602165 2.3678448 2.3754145 2.3829562 2.3905117 2.3981375 2.4059084 2.4139238 2.422314 2.4312502 2.4409573 2.4517305 2.4639598 2.4781629 2.4950328 2.5155078 2.5408736
1.9871166 1.996166 2.0052674 2.0144189 2.0236182 2.0328634 2.0421519 2.0514813 2.060849 2.070252 2.0796876 2.0891523 2.098643 2.108156 2.1176877 2.127234 2.1367909 2.1463538 2.1559183 2.1654794 2.1750321 2.1845712 2.1940909 2.2035855 2.213049 2.2224751 2.2318573 2.2411888 2.2504628 2.2596723 2.26881 2.2778688 2.2868414 2.2957209 2.3045004 2.3131736 2.3217348 2.330179 2.3385029 2.3467045 2.3547845 2.3627462 2.3705974 2.3783507 2.3860258 2.3936513 2.4012671 2.4089283 2.4167099 2.4247123 2.43307 2.4419622 2.4516279 2.4623869 2.4746681 2.4890524 2.5063351 2.5276217 2.5544823
1.9893892 1.9985816 2.0078294 2.0171308 2.0264837 2.0358859 2.0453353 2.0548291 2.0643649 2.0739399 2.083551 2.0931951 2.1028688 2.1125686 2.1222907 2.1320311 2.1417857 2.15155 2.1613192 2.1710886 2.1808528 2.1906064 2.2003437 2.2100587 2.2197451 2.2293963 2.2390056 2.2485659 2.2580697 2.2675097 2.2768779 2.2861667 2.2953679 2.3044737 2.3134762 2.3223679 2.3311418 2.3397915 2.3483117 2.3566986 2.3649506 2.3730685 2.3810573 2.3889265 2.3966923 2.4043796 2.4120245 2.4196782 2.4274118 2.4353226 2.443543 2.4522523 2.4616934 2.4721953 2.4842059 2.4983399 2.5154491 2.5367347 2.5639287
1.9915796 2.0009162 2.0103118 2.0197647 2.0292728 2.038834 2.048446 2.0581064 2.0678125 2.0775617 2.0873509 2.0971771 2.1070367 2.1169264 2.1268423 2.1367803 2.1467364 2.1567059 2.1666841 2.1766661 2.1866464 2.1966196 2.2065796 2.2165205 2.2264355 2.236318 2.2461607 2.2559562 2.2656968 2.2753743 2.2849804 2.2945066 2.303944 2.3132837 2.3225169 2.3316347 2.3406285 2.3494903 2.3582127 2.3667897 2.3752168 2.383492 2.3916163 2.3995955 2.4074408 2.4151719 2.4228187 2.4304257 2.4380564 2.4457998 2.4537796 2.4621665 2.4711945 2.4811856 2.4925826 2.5059988 2.5222895 2.5426624 2.5688537
1.9936841 2.0031661 2.0127109 2.0223167 2.0319816 2.0417034 2.05148 2.061309 2.0711877 2.0811135 2.0910834 2.1010942 2.1111428 2.1212254 2.1313383 2.1414776 2.1516389 2.1618176 2.1720091 2.1822082 2.1924095 2.2026073 2.2127955 2.2229679 2.2331176 2.2432376 2.2533204 2.2633582 2.2733428 2.2832655 2.2931175 2.3028893 2.3125714 2.3221538 2.3316265 2.3409793 2.3502018 2.3592843 2.368217 2.3769913 2.3855996 2.3940363 2.4022981 2.4103856 2.4183043 2.4260666 2.4336945 2.4412226 2.4487031 2.4562116 2.4638564 2.4717897 2.4802246 2.489458 2.4999037 2.5121387 2.5269705 2.5455343 2.5694357
1.9956989 2.0053275 2.0150227 2.0247829 2.0346061 2.0444903 2.0544333 2.0644328 2.0744862 2.0845909 2.094744 2.1049424 2.1151826 2.1254613 2.1357747 2.1461187 2.156489 2.1668811 2.1772902 2.187711 2.1981382 2.2085658 2.2189878 2.2293976 2.2397883 2.2501524 2.2604824 2.2707699 2.2810063 2.2911825 2.3012889 2.3113155 2.3212518 2.3310867 2.3408091 2.3504072 2.3598692 2.3691829 2.3783364 2.3873181 2.3961171 2.4047234 2.4131291 2.4213288 2.429321 2.4371096 2.4447064 2.4521336 2.4594283 2.4666483 2.4738794 2.4812466 2.4889296 2.4971839 2.506371 2.5170013 2.5297938 2.5457581 2.5663029
1.9976199 2.0073962 2.0172431 2.027159 2.037142 2.0471902 2.0573015 2.0674735 2.0777038 2.0879897 2.0983285 2.1087169 2.1191519 2.1296298 2.1401469 2.1506992 2.1612824 2.1718919 2.182523 2.1931703 2.2038284 2.2144913 2.2251527 2.235806 2.2464441 2.2570594 2.2676438 2.2781889 2.2886855 2.299124 2.3094942 2.3197855 2.3299864 2.3400849 2.3500685 2.359924 2.3696378 2.3791957 2.3885831 2.3977856 2.4067882 2.4155769 2.4241382 2.4324603 2.4405336 2.4483525 2.4559168 2.4632342 2.4703236 2.4772203 2.4839819 2.4906985 2.4975049 2.5046003 2.512274 2.5209437 2.531209 2.543925 2.5602981
1.9994432 2.0093683 2.0193681 2.029441 2.0395853 2.049799 2.0600802 2.0704267 2.0808359 2.0913053 2.1018322 2.1124134 2.1230459 2.133726 2.1444502 2.1552144 2.1660144 2.1768455 2.187703 2.1985815 2.2094756 2.2203792 2.231286 2.2421892 2.2530815 2.2639551 2.2748017 2.2856125 2.2963781 2.3070884 2.3177325 2.3282991 2.338776 2.3491502 2.3594079 2.3695346 2.3795147 2.389332 2.3989694 2.4084091 2.4176327 2.4266212 2.4353557 2.4438173 2.451988 2.4598516 2.4673948 2.4746089 2.4814925 2.4880546 2.4943205 2.5003379 2.5061883 2.5120014 2.517977 2.5244176 2.5317757 2.5407258 2.5522712
2.0011646 2.0112394 2.0213931 2.0316243 2.0419313 2.0523121 2.062765 2.0732877 2.0838778 2.0945329 2.1052503 2.1160269 2.1268597 2.1377452 2.1486798 2.1596595 2.17068 2.1817369 2.1928253 2.20394 2.2150753 2.2262252 2.2373833 2.2485428 2.2596962 2.2708356 2.2819524 2.2930377 2.3040815 2.3150734 2.3260022 2.3368557 2.347621 2.3582842 2.3688303 2.3792434 2.3895062 2.3996006 2.4095067 2.4192038 2.4286696 2.4378806 2.446812 2.4554379 2.4637315 2.4716656 2.4792131 2.486348 2.4930468 2.4992906 2.5050683 2.5103814 2.5152506 2.5197266 2.5239054 2.5279532 2.5321455 2.5369331 2.5430608
2.0027798 2.0130052 2.023314 2.0337046 2.0441755 2.0547249 2.065351 2.0760517 2.0868248 2.0976677 2.1085779 2.1195525 2.1305884 2.1416823 2.1528305 2.1640293 2.1752743 2.1865611 2.1978849 2.2092404 2.2206222 2.2320241 2.2434397 2.2548621 2.2662837 2.2776965 2.2890919 2.3004605 2.3117923 2.3230764 2.3343011 2.3454537 2.3565207 2.3674873 2.3783374 2.3890539 2.3996179 2.4100092 2.4202057 2.4301837 2.4399173 2.4493784 2.4585366 2.4673593 2.4758108 2.4838531 2.4914451 2.4985434 2.5051019 2.511073 2.516408 2.5210595 2.5249839 2.5281467 2.53053 2.5321467 2.5330636 2.5334488 2.5336667
2.0042844 2.0146614 2.025126 2.0356772 2.0463132 2.0570326 2.0678335 2.0787139 2.0896717 2.1007046 2.1118099 2.122985 2.1342267 2.145532 2.1568971 2.1683183 2.1797916 2.1913125 2.2028762 2.2144776 2.226111 2.2377706 2.2494498 2.2611418 2.2728389 2.2845331 2.2962155 2.3078767 2.3195065 2.3310937 2.3426262 2.3540909 2.3654737 2.3767591 2.38793 2.3989683 2.4098536 2.420564 2.4310753 2.441361 2.4513918 2.4611357 2.4705571 2.4796165 2.4882704 2.4964703 2.5041619 2.511285 2.5177717 2.5235461 2.5285229 2.5326059 2.5356874 2.5376462 2.5383473 2.537641 2.5353646 2.5313497 2.5254481
2.0056741 2.0162032 2.0268247 2.0375373 2.0483397 2.0592303 2.0702074 2.0812692 2.0924136 2.1036383 2.114941 2.1263189 2.1377692 2.1492886 2.1608738 2.1725211 2.1842264 2.1959854 2.2077935 2.2196455 2.2315359 2.2434589 2.255408 2.2673763 2.2793563 2.2913397 2.3033179 2.3152813 2.3272194 2.3391209 2.3509736 2.362764 2.3744774 2.3860978 2.3976075 2.4089872 2.4202157 2.4312694 2.4421222 2.4527454 2.4631069 2.4731708 2.4828971 2.4922405 2.5011503 2.5095684 2.5174289 2.5246561 2.5311624 2.536846 2.5415873 2.5452453 2.5476513 2.5486026 2.5478518 2.545092 2.5399328 2.5318585 2.5201527
2.0069442 2.0176261 2.0284051 2.0392801 2.0502499 2.0613129 2.0724676 2.0837122 2.0950449 2.1064634 2.1179655 2.1295487 2.14121 2.1529465 2.1647549 2.1766315 2.1885726 2.2005738 2.2126306 2.2247381 2.2368908 2.2490829 2.2613081 2.2735595 2.2858296 2.2981105 2.3103933 2.3226684 2.3349254 2.3471529 2.3593384 2.3714684 2.3835278 2.3955002 2.4073676 2.4191097 2.4307045 2.4421273 2.4533507 2.4643439 2.4750726 2.4854979 2.4955759 2.5052569 2.5144837 2.5231908 2.5313022 2.5387293 2.5453676 2.5510933 2.5557575 2.5591801 2.5611399 2.5613627 2.5595027 2.5551167 2.547619 2.5362023 2.5196744
2.0080899 2.0189252 2.0298625 2.0409007 2.0520387 2.0632752 2.0746087 2.0860377 2.0975602 2.1091744 2.1208779 2.1326684 2.1445433 2.1564996 2.1685341 2.1806435 2.1928239 2.2050713 2.2173812 2.2297488 2.2421689 2.2546358 2.2671432 2.2796845 2.2922523 2.3048387 2.3174349 2.3300315 2.3426181 2.3551833 2.3677146 2.3801985 2.3926198 2.4049618 2.4172062 2.4293325 2.441318 2.4531372 2.4647617 2.4761596 2.4872947 2.498126 2.508607 2.5186842 2.5282961 2.5373713 2.5458262 2.5535624 2.5604627 2.5663864 2.571162 2.574579 2.5763749 2.5762189 2.5736885 2.5682356 2.5591347 2.5453937 2.5255773
2.0091066 2.0200957 2.0311917 2.0423938 2.0537009 2.0651119 2.0766254 2.0882399 2.0999539 2.1117653 2.1236722 2.1356722 2.147763 2.1599417 2.1722053 2.1845505 2.1969738 2.2094712 2.2220384 2.2346708 2.2473634 2.2601106 2.2729064 2.2857443 2.298617 2.3115169 2.3244354 2.3373632 2.3502901 2.3632048 2.3760951 2.3889474 2.4017466 2.4144761 2.4271176 2.4396504 2.4520515 2.4642954 2.476353 2.4881917 2.4997743 2.5110589 2.521997 2.5325331 2.5426029 2.5521314 2.5610303 2.5691952 2.5765009 2.5827958 2.5878944 2.5915661 2.5935214 2.5933913 2.5907007 2.5848313 2.574972 2.5600496 2.5386231
2.0099893 2.0211325 2.0323877 2.0437542 2.0552312 2.0668175 2.078512 2.0903133 2.10222 2.1142302 2.1263422 2.1385538 2.1508627 2.1632662 2.1757616 2.1883458 2.2010153 2.2137664 2.2265951 2.2394968 2.2524668 2.2654998 2.2785899 2.2917309 2.3049158 2.3181372 2.3313867 2.3446554 2.3579332 2.3712092 2.3844714 2.3977066 2.4108998 2.4240349 2.4370936 2.4500555 2.4628979 2.4755951 2.4881184 2.500435 2.5125076 2.524294 2.5357453 2.5468054 2.5574089 2.5674797 2.576928 2.5856473 2.5935095 2.6003596 2.6060067 2.610213 2.6126777 2.6130143 2.6107206 2.6051377 2.5954016 2.5803936 2.5587212
2.010733 2.0220305 2.0334452 2.0449766 2.056624 2.0683863 2.0802627 2.0922519 2.1043525 2.116563 2.1288818 2.1413067 2.1538358 2.1664665 2.1791964 2.1920223 2.2049413 2.2179497 2.2310437 2.2442191 2.2574713 2.2707953 2.2841856 2.297636 2.3111402 2.3246908 2.3382799 2.3518988 2.365538 2.379187 2.392834 2.4064664 2.4200697 2.4336282 2.4471241 2.4605377 2.4738468 2.4870263 2.5000479 2.5128797 2.5254851 2.5378224 2.5498436 2.5614933 2.5727074 2.5834108 2.5935152 2.6029162 2.6114885 2.6190804 2.625506 2.6305333 2.633868 2.6351294 2.633816 2.6292569 2.6205482 2.6064845 2.5855295
2.0113326 2.0227845 2.0343589 2.0460555 2.0578737 2.0698127 2.0818717 2.0940496 2.1063453 2.1187574 2.1312843 2.1439244 2.1566755 2.1695357 2.1825024 2.1955729 2.2087443 2.2220134 2.2353765 2.2488297 2.2623687 2.2759887 2.2896847 2.3034508 2.317281 2.3311683 2.3451052 2.3590836 2.3730944 2.3871275 2.401172 2.4152156 2.4292446 2.4432441 2.457197 2.4710844 2.4848852 2.4985753 2.5121277 2.5255115 2.5386918 2.5516285 2.5642756 2.57658 2.5884803 2.5999049 2.6107703 2.6209776 2.6304095 2.638925 2.6463525 2.6524796 2.6570378 2.6596787 2.6599366 2.6571695 2.650465 2.6384984 2.6193375
2.0117829 2.023389 2.0351232 2.0469852 2.0589746 2.0710907 2.0833329 2.0957003 2.108192 2.1208068 2.1335432 2.1463999 2.1593749 2.1724665 2.1856723 2.1989899 2.2124166 2.2259495 2.2395852 2.2533201 2.2671502 2.2810712 2.2950781 2.3091658 2.3233284 2.3375596 2.3518524 2.366199 2.3805911 2.3950193 2.4094733 2.4239416 2.4384114 2.4528687 2.4672976 2.4816804 2.4959971 2.5102254 2.5243397 2.5383113 2.5521074 2.5656904 2.5790174 2.5920391 2.6046983 2.6169291 2.6286549 2.6397861 2.6502177 2.6598255 2.6684609 2.675944 2.6820509 2.6864954 2.6888934 2.6887004 2.6850927 2.6767394 2.6613696
2.0120786 2.0238388 2.0357327 2.0477601 2.0599207 2.0722142 2.0846401 2.0971977 2.1098861 2.1227045 2.1356516 2.1487262 2.1619267 2.1752515 2.1886984 2.2022655 2.2159502 2.2297498 2.2436614 2.2576817 2.271807 2.2860333 2.3003563 2.314771 2.3292722 2.3438541 2.3585102 2.3732335 2.3880162 2.4028497 2.4177246 2.4326304 2.4475554 2.4624866 2.4774096 2.4923081 2.5071638 2.5219563 2.5366624 2.5512557 2.5657062 2.57998 2.5940381 2.6078358 2.621322 2.6344378 2.6471157 2.659278 2.670835 2.6816839 2.6917058 2.7007627 2.7086924 2.7152984 2.7203296 2.7234337 2.7240531 2.7211819 2.7128171
2.0122143 2.0241282 2.0361815 2.0483742 2.0607061 2.0731772 2.085787 2.0985352 2.111421 2.1244438 2.1376025 2.1508962 2.1643236 2.1778831 2.1915731 2.2053917 2.2193367 2.2334058 2.2475963 2.2619054 2.2763296 2.2908655 2.3055091 2.320256 2.3351015 2.3500404 2.3650668 2.3801745 2.3953564 2.4106049 2.4259115 2.4412668 2.4566603 2.4720805 2.4875144 2.5029476 2.5183639 2.533745 2.5490704 2.5643169 2.5794579 2.5944636 2.6092999 2.6239277 2.6383029 2.6523749 2.6660868 2.6793741 2.6921645 2.7043787 2.7159303 2.7267284 2.7366812 2.7457005 2.7537075 2.7606318 2.766385 2.7707461 2.772989
2.0121844 2.0242516 2.0364639 2.0488216 2.0613248 2.0739733 2.0867672 2.0997062 2.1127898 2.1260175 2.1393887 2.1529025 2.1665578 2.1803535 2.1942881 2.2083601 2.2225676 2.2369086 2.2513808 2.2659816 2.2807083 2.2955575 2.310526 2.3256099 2.340805 2.3561066 2.3715099 2.3870091 2.4025982 2.4182705 2.4340186 2.4498343 2.4657086 2.4816315 2.4975917 2.513577 2.5295734 2.5455654 2.5615353 2.5774635 2.5933276 2.6091024 2.6247591 2.6402654 2.6555847 2.6706756 2.6854924 2.6999843 2.7140969 2.7277737 2.74096 2.7536098 2.7656987 2.7772456 2.7883501 2.7992563 2.8104577 2.8228573 2.837941
2.0119836 2.0242033 2.0365741 2.0490963 2.0617703 2.0745962 2.0875741 2.1007039 2.1139856 2.1274187 2.1410029 2.1547375 2.1686217 2.1826547 2.1968354 2.2111623 2.2256342 2.2402492 2.2550055 2.2699009 2.2849329 2.300099 2.3153962 2.3308213 2.3463707 2.3620404 2.3778263 2.3937235 2.409727 2.425831 2.4420294 2.4583154 2.4746815 2.4911193 2.5076197 2.5241725 2.5407664 2.5573888 2.5740256 2.5906608 2.6072766 2.6238529 2.6403672 2.656794 2.6731049 2.6892684 2.7052497 2.7210118 2.7365167 2.7517284 2.7666185 2.7811767 2.7954303 2.8094787 2.8235578 2.8381602 2.8542693 2.8738262 2.9006658
2.011606 2.0239775 2.036506 2.0491922 2.0620365 2.0750393 2.0882009 2.1015216 2.1150013 2.12864 2.1424374 2.1563934 2.1705073 2.1847785 2.1992063 2.2137896 2.2285274 2.2434183 2.2584608 2.2736531 2.2889933 2.3044792 2.3201086 2.3358786 2.3517865 2.3678289 2.3840025 2.4003034 2.4167275 2.4332703 2.4499268 2.4666916 2.483559 2.5005224 2.5175748 2.5347085 2.5519149 2.5691846 2.5865071 2.6038708 2.6212626 2.6386682 2.6560712 2.6734539 2.6907963 2.7080765 2.7252712 2.7423562 2.7593078 2.7761063 2.7927419 2.8092259 2.825611 2.8420308 2.8587722 2.876417 2.8961274 2.9202515 2.9536848
2.0110459 2.0235681 2.0362535 2.0491029 2.0621168 2.075296 2.088641 2.1021521 2.1158296 2.1296739 2.1436848 2.1578624 2.1722064 2.1867166 2.2013923 2.2162331 2.2312381 2.2464064 2.2617368 2.277228 2.2928787 2.3086871 2.3246515 2.3407697 2.3570397 2.3734588 2.3900246 2.4067341 2.4235842 2.4405716 2.4576928 2.4749437 2.4923204 2.5098183 2.5274326 2.5451581 2.5629893 2.5809201 2.5989438 2.6170533 2.6352409 2.6534978 2.6718148 2.6901816 2.7085872 2.7270197 2.7454667 2.7639159 2.7823563 2.8007804 2.8191888 2.8375986 2.8560598 2.8746861 2.8937151 2.913624 2.9353608 2.9608216 2.9938905
2.0102975 2.0229694 2.0358106 2.0488221 2.0620048 2.0753596 2.0888872 2.1025883 2.1164634 2.1305129 2.1447372 2.1591365 2.1737109 2.1884603 2.2033847 2.2184837 2.2337568 2.2492037 2.2648234 2.2806153 2.2965784 2.3127114 2.3290132 2.3454824 2.3621174 2.3789166 2.3958782 2.4130003 2.4302809 2.4477178 2.4653089 2.4830518 2.5009441 2.5189835 2.5371675 2.5554934 2.5739588 2.5925611 2.6112977 2.6301662 2.6491641 2.6682889 2.6875384 2.7069104 2.7264029 2.7460142 2.7657431 2.7855888 2.8055517 2.8256339 2.8458407 2.8661838 2.8866873 2.9074015 2.9284311 2.9499922 2.972525 2.996906 3.0248425
