Cobbity3/Refined/QGIS/Dualem_1mHCPcon.asc
NCOLS 600
NROWS 430
XLLCORNER 150.661
YLLCORNER -34.0279
CELLSIZE 1e-05
NODATA_VALUE -9999
[rows 364 to 389 of 430, columns 177 to 235 of 600]
-0.48197027 -0.47619354 -0.47022571 -0.46407176 -0.45773688 -0.45122646 -0.44454603 -0.43770129 -0.43069807 -0.42354231 -0.41624004 -0.40879737 -0.40122047 -0.39351554 -0.38568882 -0.37774652 -0.36969486 -0.36154004 -0.3532882 -0.34494543 -0.33651775 -0.3280111 -0.31943131 -0.31078413 -0.30207519 -0.29331 -0.28449393 -0.27563224 -0.26673004 -0.25779229 -0.24882381 -0.23982927 -0.2308132 -0.22177996 -0.21273376 -0.20367868 -0.19461862 -0.18555735 -0.17649846 -0.16744542 -0.15840156 -0.14937004 -0.14035389 -0.13135601 -0.12237916 -0.11342597 -0.10449894 -0.095600455 -0.086732764 -0.077898012 -0.069098227 -0.060335327 -0.051611126 -0.042927335 -0.034285567 -0.025687342 -0.017134085 -0.0086271365 -0.00016775256
-0.46941595 -0.46377599 -0.45795022 -0.45194338 -0.44576041 -0.43940642 -0.43288667 -0.42620659 -0.4193717 -0.41238767 -0.40526023 -0.3979952 -0.39059846 -0.38307592 -0.37543352 -0.36767721 -0.35981293 -0.3518466 -0.3437841 -0.33563127 -0.32739389 -0.31907765 -0.31068817 -0.30223098 -0.2937115 -0.28513505 -0.27650682 -0.26783189 -0.25911521 -0.2503616 -0.24157573 -0.23276215 -0.22392527 -0.21506933 -0.20619846 -0.19731664 -0.18842768 -0.17953528 -0.17064299 -0.16175421 -0.1528722 -0.14400011 -0.13514092 -0.12629751 -0.1174726 -0.10866882 -0.099888651 -0.091134463 -0.082408513 -0.073712941 -0.06504978 -0.056420956 -0.047828294 -0.039273518 -0.030758259 -0.022284052 -0.013852347 -0.0054645046 0.0028781941
-0.45708497 -0.45157678 -0.44588787 -0.44002275 -0.43398613 -0.42778285 -0.42141792 -0.41489651 -0.40822387 -0.40140539 -0.39444654 -0.38735286 -0.38012995 -0.37278345 -0.36531903 -0.35774237 -0.35005916 -0.34227506 -0.3343957 -0.32642668 -0.31837354 -0.31024175 -0.30203672 -0.29376376 -0.2854281 -0.27703488 -0.2685891 -0.26009568 -0.25155942 -0.24298497 -0.2343769 -0.2257396 -0.21707737 -0.20839436 -0.19969458 -0.19098192 -0.18226014 -0.17353283 -0.16480349 -0.15607546 -0.14735196 -0.13863607 -0.12993076 -0.12123885 -0.11256307 -0.103906 -0.095270114 -0.086657774 -0.078071226 -0.06951261 -0.060983958 -0.052487201 -0.04402417 -0.0355966 -0.027206135 -0.018854326 -0.010542638 -0.002272454 0.0059549259
-0.44497097 -0.4395898 -0.43403282 -0.42830431 -0.42240874 -0.41635073 -0.41013506 -0.40376663 -0.39725045 -0.39059165 -0.38379545 -0.37686711 -0.369812 -0.36263548 -0.35534299 -0.34793994 -0.34043177 -0.33282391 -0.32512174 -0.31733065 -0.30945593 -0.30150286 -0.29347663 -0.28538236 -0.27722509 -0.26900977 -0.26074123 -0.25242425 -0.24406344 -0.23566334 -0.22722837 -0.2187628 -0.21027081 -0.20175645 -0.19322363 -0.18467615 -0.17611768 -0.16755175 -0.15898178 -0.15041106 -0.14184275 -0.13327989 -0.12472541 -0.1161821 -0.10765264 -0.099139607 -0.090645451 -0.082172517 -0.073723044 -0.065299162 -0.056902905 -0.048536202 -0.040200889 -0.031898709 -0.023631313 -0.015400266 -0.0072070479 0.00094694396 0.0090603902
-0.43306784 -0.42780919 -0.42237944 -0.41678267 -0.41102314 -0.40510524 -0.39903353 -0.39281266 -0.38644743 -0.37994272 -0.3733035 -0.3665348 -0.35964172 -0.35262942 -0.34550305 -0.33826783 -0.33092893 -0.32349157 -0.3159609 -0.30834208 -0.30064022 -0.29286036 -0.2850075 -0.27708658 -0.26910245 -0.26105988 -0.25296356 -0.24481809 -0.23662794 -0.22839751 -0.22013108 -0.21183282 -0.20350678 -0.1951569 -0.186787 -0.1784008 -0.17000187 -0.16159367 -0.15317957 -0.14476277 -0.1363464 -0.12793345 -0.11952678 -0.11112918 -0.10274328 -0.094371634 -0.08601667 -0.077680717 -0.069365999 -0.06107464 -0.052808666 -0.044570006 -0.036360496 -0.028181883 -0.020035824 -0.011923895 -0.0038475849 0.004191694 0.012192608
-0.42136972 -0.41622931 -0.41092232 -0.40545267 -0.39982439 -0.39404169 -0.38810889 -0.38203044 -0.37581092 -0.36945496 -0.36296732 -0.3563528 -0.34961628 -0.34276266 -0.3357969 -0.32872396 -0.32154882 -0.31427646 -0.30691183 -0.29945987 -0.29192548 -0.28431353 -0.27662883 -0.26887611 -0.26106006 -0.25318529 -0.24525632 -0.2372776 -0.22925346 -0.22118816 -0.21308586 -0.2049506 -0.19678632 -0.18859686 -0.18038596 -0.17215721 -0.16391413 -0.15566011 -0.14739842 -0.13913223 -0.1308646 -0.12259846 -0.11433666 -0.10608191 -0.097836842 -0.089603958 -0.081385672 -0.073184291 -0.065002026 -0.056840987 -0.048703193 -0.040590567 -0.032504945 -0.024448074 -0.016421617 -0.0084271527 -0.0004661811 0.0074598757 0.015349671
-0.40987097 -0.40484471 -0.39965625 -0.3943093 -0.38880774 -0.38315554 -0.37735686 -0.37141593 -0.3653371 -0.35912482 -0.35278361 -0.34631807 -0.33973286 -0.33303266 -0.32622221 -0.31930627 -0.3122896 -0.30517696 -0.29797313 -0.29068283 -0.28331078 -0.27586164 -0.26834005 -0.26075058 -0.25309774 -0.24538597 -0.23761965 -0.22980307 -0.22194044 -0.21403587 -0.2060934 -0.19811696 -0.19011038 -0.1820774 -0.17402164 -0.16594663 -0.15785579 -0.14975245 -0.14163981 -0.13352096 -0.12539892 -0.11727658 -0.10915671 -0.10104201 -0.092935068 -0.084838353 -0.076754256 -0.068685062 -0.060632962 -0.052600054 -0.044588345 -0.036599752 -0.028636107 -0.020699154 -0.012790559 -0.0049119029 0.0029353071 0.010749641 0.018529742
-0.39856614 -0.39365016 -0.38857618 -0.38334776 -0.37796857 -0.37244243 -0.36677328 -0.36096519 -0.35502229 -0.34894884 -0.34274915 -0.33642763 -0.32998871 -0.32343688 -0.31677669 -0.31001267 -0.30314941 -0.29619146 -0.28914339 -0.28200976 -0.27479509 -0.26750387 -0.26014055 -0.25270955 -0.24521521 -0.23766182 -0.23005361 -0.22239472 -0.21468923 -0.20694113 -0.19915433 -0.19133264 -0.1834798 -0.17559943 -0.16769507 -0.15977017 -0.15182805 -0.14387197 -0.13590507 -0.12793038 -0.11995084 -0.1119693 -0.1039885 -0.096011089 -0.088039602 -0.080076496 -0.072124125 -0.064184753 -0.05626055 -0.048353599 -0.040465893 -0.032599341 -0.024755766 -0.016936911 -0.0091444382 -0.0013799326 0.0063550965 0.014059213 0.021731053
-0.38745004 -0.38264063 -0.37767728 -0.37256337 -0.36730243 -0.3618981 -0.35635413 -0.35067441 -0.3448629 -0.33892365 -0.33286079 -0.32667853 -0.32038112 -0.31397285 -0.30745807 -0.30084113 -0.29412642 -0.28731831 -0.28042119 -0.27343943 -0.26637738 -0.25923936 -0.25202965 -0.24475252 -0.23741214 -0.23001266 -0.22255816 -0.21505265 -0.20750008 -0.19990431 -0.19226913 -0.18459825 -0.1768953 -0.1691638 -0.16140719 -0.15362884 -0.14583201 -0.13801985 -0.13019545 -0.12236178 -0.11452172 -0.10667806 -0.098833505 -0.090990646 -0.083151993 -0.075319965 -0.067496887 -0.059684998 -0.051886445 -0.044103295 -0.036337524 -0.02859103 -0.020865628 -0.013163055 -0.0054849692 0.0021670444 0.0097914754 0.017386884 0.024951901
-0.37651761 -0.37181125 -0.36695486 -0.36195167 -0.35680503 -0.35151845 -0.34609551 -0.3405399 -0.33485543 -0.32904596 -0.32311545 -0.31706792 -0.31090744 -0.30463811 -0.29826411 -0.2917896 -0.28521879 -0.27855587 -0.27180507 -0.26497057 -0.25805656 -0.25106721 -0.24400663 -0.23687891 -0.22968812 -0.22243823 -0.2151332 -0.2077769 -0.20037316 -0.19292571 -0.18543824 -0.17791434 -0.17035753 -0.16277124 -0.15515884 -0.14752359 -0.13986867 -0.13219717 -0.1245121 -0.11681638 -0.10911283 -0.10140418 -0.093693086 -0.085982101 -0.078273695 -0.07057025 -0.062874063 -0.055187343 -0.047512217 -0.039850729 -0.032204841 -0.024576437 -0.01696732 -0.0093792205 -0.0018137913 0.005727386 0.013242801 0.020731014 0.028190649
-0.36576403 -0.36115735 -0.35640441 -0.35150829 -0.34647222 -0.34129951 -0.33599362 -0.33055806 -0.32499648 -0.31931258 -0.31351014 -0.30759299 -0.30156505 -0.29543026 -0.28919259 -0.28285606 -0.27642468 -0.26990251 -0.26329357 -0.25660191 -0.24983155 -0.24298648 -0.2360707 -0.22908813 -0.22204269 -0.21493824 -0.20777857 -0.20056745 -0.19330857 -0.18600557 -0.17866199 -0.17128134 -0.16386704 -0.15642242 -0.14895075 -0.14145523 -0.13393894 -0.12640491 -0.11885609 -0.11129531 -0.10372535 -0.096148889 -0.088568528 -0.080986779 -0.073406072 -0.065828753 -0.058257085 -0.05069325 -0.043139352 -0.03559741 -0.028069371 -0.020557102 -0.013062395 -0.0055869701 0.0018675269 0.0092995192 0.016707499 0.024090025 0.031445724
-0.35518463 -0.35067442 -0.34602158 -0.34122907 -0.33629996 -0.33123744 -0.3260448 -0.32072541 -0.31528276 -0.30972038 -0.3040419 -0.298251 -0.29235142 -0.28634692 -0.28024134 -0.2740385 -0.26774229 -0.26135657 -0.25488523 -0.24833215 -0.2417012 -0.23499623 -0.22822107 -0.22137953 -0.21447537 -0.20751232 -0.20049405 -0.19342421 -0.18630636 -0.17914402 -0.17194065 -0.16469964 -0.1574243 -0.1501179 -0.1427836 -0.13542451 -0.12804365 -0.12064398 -0.11322837 -0.10579959 -0.098360372 -0.090913334 -0.083461029 -0.076005924 -0.068550408 -0.061096792 -0.053647306 -0.046204102 -0.038769256 -0.031344769 -0.023932564 -0.016534492 -0.0091523334 -0.0017877946 0.0055574858 0.012881938 0.020184058 0.027462408 0.034715612
-0.34477491 -0.34035809 -0.33580216 -0.33110994 -0.32628437 -0.32132851 -0.31624549 -0.31103857 -0.30571105 -0.30026634 -0.2947079 -0.28903927 -0.28326402 -0.27738577 -0.27140819 -0.26533496 -0.2591698 -0.25291643 -0.24657858 -0.24015999 -0.23366437 -0.22709544 -0.2204569 -0.2137524 -0.20698559 -0.20016006 -0.19327936 -0.18634701 -0.17936648 -0.17234116 -0.16527442 -0.15816953 -0.15102973 -0.14385817 -0.13665796 -0.1294321 -0.12218355 -0.1149152 -0.10762983 -0.10033018 -0.093018908 -0.085698581 -0.078371701 -0.071040694 -0.063707905 -0.056375608 -0.049046 -0.041721202 -0.034403263 -0.02709416 -0.019795795 -0.012510002 -0.0052385443 0.0020168831 0.0092546523 0.016473201 0.023671032 0.03084671 0.037998863
-0.33453053 -0.33020418 -0.3257421 -0.321147 -0.31642169 -0.31156911 -0.30659226 -0.30149423 -0.29627823 -0.29094749 -0.28550535 -0.27995517 -0.27430041 -0.26854452 -0.26269103 -0.25674348 -0.25070543 -0.24458046 -0.23837215 -0.23208411 -0.22571991 -0.21928313 -0.21277733 -0.20620604 -0.19957277 -0.192881 -0.18613417 -0.17933567 -0.17248885 -0.16559702 -0.15866342 -0.15169125 -0.14468364 -0.13764367 -0.13057434 -0.12347859 -0.11635931 -0.1092193 -0.10206129 -0.094887956 -0.087701891 -0.080505617 -0.073301585 -0.066092174 -0.05887969 -0.051666367 -0.044454368 -0.037245783 -0.030042633 -0.022846869 -0.015660372 -0.0084849577 -0.0013223713 0.0058257058 0.012957657 0.020071931 0.027167036 0.034241542 0.041294081
-0.32444732 -0.32020862 -0.31583747 -0.31133646 -0.30670829 -0.30195575 -0.29708174 -0.29208923 -0.28698126 -0.28176096 -0.27643151 -0.27099615 -0.26545818 -0.25982094 -0.25408778 -0.24826213 -0.2423474 -0.23634704 -0.23026448 -0.2241032 -0.21786665 -0.21155826 -0.20518146 -0.19873968 -0.19223629 -0.18567466 -0.1790581 -0.17238991 -0.16567333 -0.15891155 -0.15210774 -0.14526498 -0.13838632 -0.13147475 -0.12453319 -0.11756452 -0.11057153 -0.10355696 -0.096523486 -0.089473713 -0.08241018 -0.075335356 -0.068251644 -0.061161376 -0.054066816 -0.046970161 -0.039873538 -0.032779005 -0.025688555 -0.018604112 -0.011527536 -0.00446062 0.0025949072 0.0096373798 0.016665194 0.023676809 0.030670742 0.03764557 0.044599928
-0.31452124 -0.31036751 -0.30608449 -0.30167467 -0.29714063 -0.29248505 -0.28771071 -0.28282045 -0.27781719 -0.27270394 -0.26748374 -0.2621597 -0.25673499 -0.25121281 -0.24559639 -0.23988902 -0.23409397 -0.22821456 -0.22225412 -0.21621595 -0.2101034 -0.20391978 -0.1976684 -0.19135255 -0.1849755 -0.1785405 -0.17205076 -0.16550945 -0.15891973 -0.15228469 -0.14560739 -0.13889083 -0.13213796 -0.12535171 -0.1185349 -0.11169033 -0.10482074 -0.097928786 -0.091017088 -0.084088187 -0.077144567 -0.070188645 -0.063222774 -0.056249242 -0.04927027 -0.042288016 -0.035304572 -0.028321964 -0.021342154 -0.014367042 -0.007398462 -0.00043818615 0.006512075 0.013450672 0.020376016 0.027286576 0.034180881 0.041057516 0.047915121
-0.30474839 -0.30067707 -0.2964795 -0.29215809 -0.28771531 -0.28315373 -0.27847602 -0.27368489 -0.26878316 -0.2637737 -0.25865945 -0.25344338 -0.24812853 -0.24271799 -0.23721485 -0.23162227 -0.22594341 -0.22018145 -0.2143396 -0.20842104 -0.202429 -0.19636666 -0.19023722 -0.18404386 -0.17778973 -0.17147797 -0.16511169 -0.15869396 -0.15222783 -0.1457163 -0.13916234 -0.13256886 -0.12593873 -0.11927478 -0.11257978 -0.10585643 -0.099107413 -0.092335321 -0.085542704 -0.078732048 -0.071905779 -0.065066264 -0.058215806 -0.051356648 -0.044490971 -0.037620891 -0.030748466 -0.023875689 -0.017004492 -0.010136747 -0.0032742636 0.0035812075 0.010427976 0.017264409 0.024088933 0.030900031 0.037696241 0.044476158 0.051238429
-0.29512503 -0.29113364 -0.28701896 -0.2827833 -0.27842903 -0.27395861 -0.26937461 -0.26467963 -0.25987637 -0.2549676 -0.24995612 -0.2448448 -0.23963656 -0.23433435 -0.22894118 -0.22346004 -0.21789401 -0.21224613 -0.20651948 -0.20071716 -0.19484225 -0.18889783 -0.18288698 -0.17681278 -0.17067827 -0.16448648 -0.15824041 -0.15194306 -0.14559736 -0.13920622 -0.13277253 -0.1262991 -0.11978873 -0.11324417 -0.1066681 -0.10006317 -0.093431971 -0.086777048 -0.080100882 -0.073405903 -0.066694481 -0.059968931 -0.053231509 -0.046484411 -0.039729777 -0.032969686 -0.026206156 -0.01944115 -0.012676569 -0.0059142555 0.00084400413 0.0075964829 0.01434151 0.021077473 0.027802812 0.034516024 0.04121566 0.047900324 0.054568673
-0.28564751 -0.28173369 -0.27769945 -0.27354698 -0.26927858 -0.26489661 -0.26040352 -0.25580182 -0.25109411 -0.24628303 -0.24137129 -0.23636163 -0.23125687 -0.22605984 -0.22077343 -0.21540053 -0.20994408 -0.20440703 -0.19879235 -0.193103 -0.18734196 -0.18151222 -0.17561674 -0.16965848 -0.16364039 -0.15756541 -0.15143643 -0.14525635 -0.13902801 -0.13275424 -0.12643783 -0.12008152 -0.11368802 -0.10726 -0.10080007 -0.094310823 -0.087794772 -0.081254394 -0.074692114 -0.068110304 -0.06151128 -0.054897306 -0.048270591 -0.041633287 -0.034987489 -0.028335239 -0.021678519 -0.015019258 -0.0083593268 -0.0017005399 0.004955343 0.011606618 0.018251635 0.0248888 0.031516571 0.03813346 0.04473803 0.051328896 0.057904724
-0.27631232 -0.27247382 -0.26851765 -0.26444594 -0.26026088 -0.25596474 -0.25155989 -0.24704873 -0.24243375 -0.23771749 -0.23290256 -0.22799161 -0.22298732 -0.21789242 -0.2127097 -0.20744194 -0.20209197 -0.19666263 -0.19115677 -0.18557726 -0.17992697 -0.17420877 -0.16842554 -0.16258012 -0.15667538 -0.15071414 -0.14469922 -0.1386334 -0.13251946 -0.12636012 -0.12015809 -0.11391605 -0.10763661 -0.10132237 -0.094975881 -0.088599647 -0.082196128 -0.075767737 -0.069316839 -0.062845748 -0.05635673 -0.049851996 -0.043333708 -0.036803975 -0.030264849 -0.023718334 -0.017166376 -0.010610869 -0.0040536542 0.0025034831 0.0090588092 0.015610644 0.02215736 0.028697381 0.035229183 0.041751294 0.048262291 0.054760801 0.061245499
-0.26711609 -0.26335072 -0.25947036 -0.25547706 -0.25137291 -0.24716011 -0.24284091 -0.23841765 -0.23389271 -0.22926852 -0.22454761 -0.2197325 -0.21482579 -0.20983011 -0.20474813 -0.19958254 -0.19433605 -0.1890114 -0.18361135 -0.17813865 -0.17259608 -0.16698642 -0.16131242 -0.15557685 -0.14978247 -0.14393202 -0.13802821 -0.13207375 -0.12607133 -0.12002358 -0.11393313 -0.10780258 -0.10163448 -0.095431337 -0.089195644 -0.082929833 -0.076636303 -0.070317405 -0.063975445 -0.057612683 -0.051231331 -0.044833553 -0.038421463 -0.031997123 -0.025562549 -0.019119703 -0.012670495 -0.0062167864 0.00023961403 0.0066969485 0.01315351 0.019607644 0.026057743 0.032502253 0.038939668 0.045368531 0.051787433 0.058195015 0.064589963
-0.25805552 -0.2543612 -0.25055449 -0.24663733 -0.24261177 -0.2384799 -0.2342439 -0.229906 -0.2254685 -0.22093374 -0.21630414 -0.21158214 -0.20677024 -0.20187097 -0.19688688 -0.19182059 -0.1866747 -0.18145185 -0.17615469 -0.1707859 -0.16534814 -0.15984408 -0.15427641 -0.1486478 -0.1429609 -0.13721837 -0.13142284 -0.12557693 -0.11968323 -0.11374432 -0.10776273 -0.10174098 -0.095681564 -0.089586914 -0.083459448 -0.077301538 -0.071115518 -0.064903681 -0.058668276 -0.052411508 -0.046135539 -0.039842482 -0.033534406 -0.027213331 -0.020881229 -0.014540025 -0.0081915931 -0.0018377613 0.0045196933 0.010879042 0.017238605 0.02359675 0.029951895 0.036302506 0.042647094 0.048984221 0.055312491 0.06163056 0.067937124
-0.24912746 -0.24550218 -0.24176702 -0.23792386 -0.23397464 -0.2299214 -0.22576621 -0.22151124 -0.21715869 -0.21271082 -0.20816994 -0.20353842 -0.19881866 -0.19401308 -0.18912416 -0.18415441 -0.17910634 -0.17398249 -0.16878543 -0.16351772 -0.15818196 -0.15278071 -0.14731656 -0.1417921 -0.1362099 -0.13057253 -0.12488253 -0.11914243 -0.11335476 -0.107522 -0.10164663 -0.095731085 -0.089777774 -0.083789077 -0.077767341 -0.071714875 -0.065633952 -0.059526806 -0.053395631 -0.047242579 -0.04106976 -0.034879241 -0.028673045 -0.022453147 -0.016221481 -0.0099799325 -0.0037303406 0.0025255012 0.0087858466 0.015048996 0.021313297 0.027577142 0.033838971 0.040097272 0.046350576 0.052597459 0.058836545 0.065066501 0.071286037
-0.24032883 -0.23677067 -0.23310506 -0.2293338 -0.22545878 -0.22148195 -0.2174053 -0.21323092 -0.20896092 -0.20459749 -0.20014285 -0.19559928 -0.19096907 -0.18625459 -0.18145821 -0.17658234 -0.17162941 -0.16660188 -0.16150221 -0.15633288 -0.15109639 -0.14579523 -0.1404319 -0.13500889 -0.1295287 -0.12399379 -0.11840666 -0.11276974 -0.10708548 -0.10135629 -0.095584568 -0.089772685 -0.083922983 -0.078037773 -0.072119337 -0.066169924 -0.060191746 -0.054186981 -0.048157769 -0.042106208 -0.036034361 -0.029944245 -0.02383784 -0.017717079 -0.011583854 -0.0054400134 0.00071263859 0.0068723424 0.013037383 0.01920609 0.025376837 0.031548043 0.037718172 0.04388573 0.05004927 0.056207387 0.062358718 0.068501946 0.074635793
-0.23165666 -0.22816377 -0.22456578 -0.22086444 -0.21706155 -0.21315899 -0.20915869 -0.20506264 -0.2008729 -0.19659156 -0.19222076 -0.18776269 -0.18321957 -0.17859368 -0.1738873 -0.16910276 -0.16424239 -0.15930857 -0.15430368 -0.14923012 -0.14409029 -0.13888659 -0.13362145 -0.12829728 -0.12291649 -0.11748147 -0.11199462 -0.10645832 -0.10087493 -0.095246794 -0.089576237 -0.083865559 -0.078117036 -0.072332915 -0.066515417 -0.060666729 -0.054789007 -0.048884371 -0.04295491 -0.03700267 -0.031029666 -0.025037868 -0.019029211 -0.013005588 -0.0069688516 -0.00092081123 0.0051367638 0.011202147 0.017273655 0.023349645 0.029428519 0.035508722 0.04158874 0.047667101 0.053742378 0.059813184 0.065878173 0.071936043 0.077985529
-0.22310808 -0.21967868 -0.21614646 -0.21251311 -0.20878036 -0.20495003 -0.20102396 -0.19700409 -0.19289239 -0.18869087 -0.1844016 -0.18002669 -0.17556829 -0.17102857 -0.16640974 -0.16171406 -0.15694377 -0.15210116 -0.14718854 -0.14220821 -0.1371625 -0.13205374 -0.12688427 -0.12165641 -0.11637249 -0.11103485 -0.10564579 -0.10020763 -0.094722651 -0.089193129 -0.08362132 -0.078009457 -0.072359753 -0.066674391 -0.060955532 -0.055205303 -0.049425806 -0.043619106 -0.037787238 -0.031932202 -0.026055962 -0.020160444 -0.01424754 -0.0083191005 -0.002376939 0.0035771709 0.0095414955 0.015514341 0.021494055 0.027479025 0.03346768 0.039458488 0.04544996 0.051440647 0.057429141 0.063414073 0.069394115 0.07536798 0.081334417
