Cobbity3/Refined/QGIS/Dualem_1mHCPmag.asc
NCOLS 600
NROWS 430
XLLCORNER 150.661
YLLCORNER -34.0279
CELLSIZE 1e-05
NODATA_VALUE -9999
[rows 75 to 99 of 430, columns 57 to 113 of 600]
0.22473195 0.22376562 0.22279167 0.22181015 0.22082113 0.2198247 0.21882092 0.21780991 0.21679176 0.21576658 0.21473448 0.21369561 0.21265009 0.21159807 0.21053972 0.20947521 0.20840471 0.20732842 0.20624656 0.20515935 0.20406701 0.20296981 0.20186801 0.20076191 0.19965179 0.19853798 0.19742084 0.1963007 0.19517797 0.19405305 0.19292637 0.19179839 0.19066959 0.18954048 0.18841162 0.18728357 0.18615695 0.18503239 0.18391059 0.18279227 0.18167819 0.18056915 0.179466 0.17836965 0.17728104 0.17620117 0.17513108 0.17407187 0.17302468 0.17199073 0.17097124 0.16996752 0.1689809 0.16801275 0.16706448 0.16613752 0.16523332
0.22461213 0.22363387 0.22264766 0.22165356 0.22065165 0.21964198 0.21862463 0.21759971 0.21656729 0.21552748 0.2144804 0.21342616 0.2123649 0.21129675 0.21022188 0.20914044 0.20805262 0.20695859 0.20585856 0.20475275 0.20364138 0.20252471 0.20140299 0.2002765 0.19914553 0.19801041 0.19687147 0.19572906 0.19458356 0.19343538 0.19228494 0.19113269 0.18997911 0.18882473 0.18767007 0.18651572 0.18536228 0.1842104 0.18306078 0.18191413 0.18077124 0.17963292 0.17850004 0.17737352 0.17625433 0.1751435 0.17404211 0.1729513 0.17187227 0.17080627 0.16975462 0.16871868 0.16769988 0.16669967 0.16571956 0.16476109 0.16382582
0.22450088 0.22351063 0.22251211 0.22150538 0.2204905 0.21946752 0.21843653 0.21739759 0.21635081 0.21529627 0.21423407 0.21316434 0.2120872 0.21100278 0.20991122 0.20881268 0.20770734 0.20659536 0.20547695 0.20435231 0.20322166 0.20208524 0.2009433 0.19979612 0.19864399 0.1974872 0.19632609 0.195161 0.19399231 0.19282041 0.19164573 0.1904687 0.18928981 0.18810956 0.18692849 0.18574717 0.18456622 0.18338627 0.18220803 0.18103222 0.17985962 0.17869107 0.17752745 0.17636969 0.1752188 0.17407582 0.17294187 0.17181814 0.17070587 0.16960639 0.16852106 0.16745133 0.16639872 0.16536477 0.16435111 0.1633594 0.16239131
0.22439851 0.22339623 0.22238536 0.22136594 0.22033803 0.21930168 0.21825696 0.21720394 0.21614269 0.21507331 0.2139959 0.21291055 0.2118174 0.21071655 0.20960815 0.20849234 0.2073693 0.20623917 0.20510216 0.20395846 0.20280829 0.20165187 0.20048944 0.19932127 0.19814763 0.19696883 0.19578518 0.19459703 0.19340473 0.19220867 0.19100926 0.18980695 0.18860219 0.1873955 0.18618739 0.18497845 0.18376927 0.1825605 0.18135283 0.180147 0.17894379 0.17774404 0.17654864 0.17535854 0.17417476 0.17299839 0.17183057 0.17067253 0.16952556 0.16839104 0.16727042 0.16616523 0.16507705 0.16400757 0.1629585 0.16193164 0.16092882
0.22430533 0.22329099 0.22226773 0.22123558 0.22019459 0.21914481 0.21808629 0.2170191 0.21594332 0.21485901 0.21376627 0.21266519 0.21155589 0.21043849 0.2093131 0.20817986 0.20703894 0.20589048 0.20473467 0.20357169 0.20240175 0.20122507 0.20004187 0.19885242 0.19765697 0.19645582 0.19524928 0.19403767 0.19282134 0.19160068 0.19037608 0.18914797 0.18791681 0.18668309 0.18544733 0.18421009 0.18297198 0.18173363 0.18049572 0.179259 0.17802424 0.17679229 0.17556404 0.17434047 0.1731226 0.17191154 0.17070848 0.16951466 0.16833145 0.16716027 0.16600264 0.16486016 0.16373454 0.16262756 0.16154107 0.16047699 0.15943733
0.22422167 0.22319525 0.22215957 0.22111465 0.22006054 0.21899727 0.2179249 0.21684348 0.21575307 0.21465374 0.21354558 0.21242867 0.21130312 0.21016902 0.2090265 0.20787568 0.20671671 0.20554974 0.20437494 0.20319247 0.20200254 0.20080535 0.19960112 0.1983901 0.19717254 0.19594871 0.19471892 0.19348347 0.19224272 0.19099701 0.18974675 0.18849234 0.18723424 0.18597291 0.18470888 0.18344269 0.18217493 0.18090623 0.17963727 0.17836877 0.17710152 0.17583636 0.17457418 0.17331596 0.17206275 0.17081567 0.16957592 0.16834481 0.16712372 0.16591414 0.16471766 0.16353597 0.16237088 0.16122428 0.16009815 0.1589946 0.15791577
0.22414788 0.22310935 0.22206122 0.22100351 0.21993624 0.21885944 0.21777316 0.21667744 0.21557234 0.21445792 0.21333426 0.21220142 0.21105949 0.20990859 0.20874881 0.20758027 0.2064031 0.20521744 0.20402345 0.2028213 0.20161116 0.20039323 0.19916771 0.19793485 0.19669487 0.19544805 0.19419467 0.19293502 0.19166944 0.19039826 0.18912188 0.18784068 0.18655511 0.18526561 0.1839727 0.18267689 0.18137878 0.18007896 0.17877812 0.17747696 0.17617626 0.17487685 0.17357963 0.17228557 0.17099573 0.16971123 0.16843331 0.1671633 0.16590261 0.16465281 0.16341553 0.16219256 0.1609858 0.15979728 0.15862912 0.15748359 0.15636303
0.22408427 0.22303364 0.22197305 0.22090251 0.21982205 0.21873169 0.21763146 0.2165214 0.21540155 0.21427197 0.21313271 0.21198385 0.21082547 0.20965765 0.20848048 0.20729408 0.20609857 0.20489407 0.20368072 0.20245869 0.20122813 0.19998923 0.19874219 0.19748722 0.19622455 0.19495443 0.19367712 0.19239291 0.19110212 0.18980506 0.18850211 0.18719365 0.18588008 0.18456185 0.18323944 0.18191337 0.1805842 0.17925251 0.17791896 0.17658425 0.17524914 0.17391444 0.17258105 0.17124993 0.16992213 0.16859879 0.16728115 0.16597056 0.16466849 0.16337651 0.16209636 0.16082989 0.15957911 0.15834616 0.15713335 0.15594309 0.15477796
0.22403121 0.22296847 0.22189541 0.22081204 0.21971837 0.21861441 0.2175002 0.21637575 0.2152411 0.2140963 0.21294139 0.21177643 0.21060149 0.20941665 0.208222 0.20701762 0.20580362 0.20458013 0.20334726 0.20210517 0.200854 0.19959393 0.19832513 0.1970478 0.19576216 0.19446844 0.1931669 0.19185779 0.19054141 0.18921807 0.18788812 0.18655191 0.18520984 0.18386234 0.18250985 0.18115287 0.17979194 0.17842762 0.17706055 0.17569141 0.17432091 0.17294988 0.17157918 0.17020975 0.16884265 0.167479 0.16612004 0.16476714 0.16342179 0.16208561 0.16076037 0.15944803 0.15815068 0.1568706 0.15561024 0.15437223 0.15315937
0.22398904 0.22291419 0.22182866 0.22073245 0.21962557 0.218508 0.21737978 0.21624091 0.21509142 0.21393134 0.21276072 0.2115796 0.21038803 0.20918609 0.20797384 0.20675137 0.20551877 0.20427614 0.20302361 0.20176129 0.20048933 0.19920788 0.1979171 0.19661719 0.19530832 0.19399073 0.19266464 0.1913303 0.18998798 0.18863797 0.1872806 0.1859162 0.18454514 0.18316782 0.18178467 0.18039616 0.17900279 0.17760511 0.17620371 0.17479924 0.17339242 0.171984 0.17057484 0.16916586 0.16775807 0.16635261 0.16495069 0.16355368 0.16216308 0.16078055 0.1594079 0.15804715 0.15670048 0.15537032 0.15405928 0.15277018 0.15150608
0.22395812 0.22287118 0.22177319 0.22066415 0.21954404 0.21841286 0.2172706 0.21611729 0.21495293 0.21377755 0.21259116 0.21139382 0.21018556 0.20896644 0.20773651 0.20649585 0.20524453 0.20398265 0.20271031 0.20142761 0.20013469 0.19883168 0.19751873 0.196196 0.19486367 0.19352194 0.19217101 0.19081113 0.18944253 0.18806549 0.1866803 0.18528727 0.18388675 0.18247911 0.18106474 0.17964408 0.17821761 0.17678583 0.17534932 0.17390867 0.17246456 0.17101772 0.16956895 0.16811916 0.16666931 0.1652205 0.16377394 0.16233097 0.16089309 0.15946196 0.15803943 0.15662756 0.15522865 0.15384521 0.15248003 0.15113615 0.14981688
0.2239388 0.22283979 0.22172937 0.22060751 0.21947418 0.21832938 0.2171731 0.21600533 0.21482608 0.21363536 0.21243318 0.21121957 0.20999456 0.20875819 0.20751051 0.20625157 0.20498144 0.2037002 0.20240792 0.20110472 0.19979068 0.19846594 0.19713062 0.19578487 0.19442885 0.19306274 0.19168672 0.190301 0.1889058 0.18750138 0.18608799 0.18466592 0.18323548 0.18179702 0.1803509 0.17889751 0.1774373 0.17597073 0.17449833 0.17302065 0.17153833 0.17005204 0.16856254 0.16707068 0.16557738 0.16408369 0.16259078 0.16109995 0.15961268 0.15813061 0.15665561 0.15518977 0.15373545 0.15229527 0.15087219 0.14946944 0.14809063
0.22393145 0.22282041 0.22169758 0.22056292 0.2194164 0.21825799 0.21708769 0.21590546 0.21471131 0.21350524 0.21228724 0.21105733 0.20981553 0.20856187 0.20729637 0.20601908 0.20473005 0.20342935 0.20211703 0.20079319 0.1994579 0.19811127 0.19675342 0.19538447 0.19400455 0.19261383 0.19121246 0.18980063 0.18837854 0.18694641 0.18550446 0.18405297 0.18259219 0.18112245 0.17964407 0.1781574 0.17666283 0.1751608 0.17365177 0.17213625 0.17061481 0.16908807 0.16755673 0.16602157 0.16448345 0.16294334 0.16140236 0.15986175 0.15832292 0.1567875 0.15525732 0.15373448 0.15222138 0.15072074 0.14923562 0.1477695 0.14632625
0.22393644 0.22281342 0.22167822 0.22053079 0.2193711 0.21819911 0.2170148 0.21581813 0.21460908 0.21338765 0.21215382 0.21090759 0.20964897 0.20837797 0.20709461 0.20579891 0.20449092 0.20317067 0.20183822 0.20049363 0.19913697 0.19776833 0.19638779 0.19499547 0.19359147 0.19217593 0.19074898 0.1893108 0.18786154 0.18640139 0.18493056 0.18344928 0.18195777 0.18045631 0.17894519 0.17742471 0.17589522 0.17435708 0.17281072 0.17125658 0.16969516 0.16812702 0.16655276 0.1649731 0.1633888 0.16180076 0.16020999 0.15861765 0.15702508 0.15543382 0.15384566 0.15226265 0.1506872 0.14912207 0.14757045 0.14603598 0.14452282
0.22395414 0.22281919 0.22167167 0.22051152 0.2193387 0.21815317 0.21695487 0.21574377 0.21451984 0.21328306 0.2120334 0.21077084 0.20949539 0.20820703 0.20690577 0.20559163 0.20426461 0.20292476 0.2015721 0.20020667 0.19882854 0.19743776 0.19603441 0.19461856 0.19319031 0.19174977 0.19029705 0.18883228 0.1873556 0.18586717 0.18436715 0.18285574 0.18133314 0.17979957 0.17825526 0.17670049 0.17513553 0.1735607 0.17197636 0.17038286 0.16878065 0.16717018 0.16555199 0.16392666 0.16229488 0.16065742 0.15901518 0.1573692 0.15572068 0.15407107 0.15242203 0.15077556 0.14913399 0.14750008 0.14587709 0.1442688 0.14267962
0.22398494 0.22283812 0.22167834 0.22050553 0.21931963 0.21812058 0.21690834 0.21568285 0.21444407 0.21319196 0.21192648 0.2106476 0.20935531 0.20804958 0.20673041 0.20539778 0.20405171 0.2026922 0.20131927 0.19993294 0.19853325 0.19712023 0.19569395 0.19425445 0.19280181 0.19133611 0.18985743 0.18836588 0.18686156 0.1853446 0.18381513 0.1822733 0.18071927 0.17915321 0.17757532 0.17598581 0.1743849 0.17277283 0.17114989 0.16951637 0.1678726 0.16621896 0.16455587 0.16288379 0.16120329 0.15951499 0.15781964 0.15611813 0.1544115 0.15270101 0.15098818 0.14927484 0.14756322 0.14585598 0.14415638 0.14246828 0.14079629
0.22402922 0.2228706 0.22169862 0.22051321 0.2193143 0.2181018 0.21687567 0.21563583 0.21438224 0.21311483 0.21183355 0.21053838 0.20922926 0.20790617 0.20656907 0.20521796 0.20385281 0.20247361 0.20108036 0.19967308 0.19825176 0.19681644 0.19536713 0.19390388 0.19242673 0.19093573 0.18943093 0.18791242 0.18638027 0.18483456 0.1832754 0.18170288 0.18011713 0.17851827 0.17690645 0.1752818 0.17364449 0.1719947 0.17033262 0.16865846 0.16697245 0.16527486 0.16356598 0.16184615 0.16011577 0.1583753 0.1566253 0.15486646 0.1530996 0.15132575 0.14954621 0.14776256 0.14597683 0.1441915 0.1424097 0.14063527 0.13887294
0.22408735 0.22291702 0.22173293 0.220535 0.21932314 0.21809727 0.2168573 0.21560318 0.21433482 0.21305216 0.21175514 0.21044369 0.20911778 0.20777734 0.20642234 0.20505274 0.2036685 0.2022696 0.20085602 0.19942774 0.19798475 0.19652706 0.19505467 0.19356758 0.19206582 0.1905494 0.18901837 0.18747276 0.18591261 0.18433797 0.18274891 0.18114548 0.17952776 0.17789582 0.17624974 0.17458961 0.17291553 0.17122758 0.16952589 0.16781055 0.1660817 0.16433947 0.16258403 0.16081554 0.15903424 0.15724038 0.1554343 0.15361644 0.15178735 0.14994776 0.14809865 0.14624128 0.14437732 0.14250897 0.14063908 0.13877132 0.13691039
0.22415974 0.22297779 0.22178168 0.22057132 0.21934659 0.21810742 0.2168537 0.21558536 0.2143023 0.21300445 0.21169174 0.21036408 0.20902141 0.20766366 0.20629078 0.20490271 0.2034994 0.2020808 0.20064688 0.19919759 0.19773291 0.19625282 0.19475728 0.1932463 0.19171986 0.19017795 0.18862058 0.18704775 0.18545947 0.18385576 0.18223663 0.1806021 0.1789522 0.17728694 0.17560636 0.17391046 0.17219927 0.17047281 0.1687311 0.16697413 0.16520192 0.16341448 0.16161179 0.15979387 0.15796074 0.15611242 0.154249 0.1523706 0.15047745 0.14856991 0.14664851 0.14471409 0.14276785 0.14081149 0.13884741 0.13687889 0.13491036
0.22424677 0.22305331 0.22184529 0.22062258 0.21938509 0.21813271 0.21686533 0.21558285 0.21428518 0.21297222 0.21164387 0.21030006 0.20894069 0.20756569 0.20617497 0.20476847 0.20334612 0.20190785 0.2004536 0.19898331 0.19749693 0.19599442 0.19447573 0.19294081 0.19138964 0.18982218 0.1882384 0.18663827 0.18502176 0.18338886 0.18173954 0.18007376 0.17839151 0.17669275 0.17497745 0.17324555 0.17149701 0.16973175 0.16794969 0.16615073 0.16433476 0.16250162 0.16065115 0.15878317 0.15689747 0.15499381 0.15307198 0.15113175 0.14917294 0.14719545 0.14519931 0.14318474 0.14115231 0.13910303 0.13703858 0.13496158 0.13287583
0.22434883 0.22314398 0.22192415 0.22068923 0.21943908 0.2181736 0.21689265 0.21559614 0.21428394 0.21295595 0.21161207 0.21025218 0.20887619 0.207484 0.20607551 0.20465064 0.20320929 0.20175138 0.20027684 0.19878558 0.19727752 0.1957526 0.19421074 0.19265189 0.19107597 0.18948292 0.18787269 0.1862452 0.18460041 0.18293824 0.18125862 0.1795615 0.17784678 0.17611439 0.17436422 0.17259615 0.17081006 0.16900579 0.16718315 0.16534194 0.16348189 0.16160272 0.15970408 0.15778557 0.15584673 0.15388707 0.151906 0.14990291 0.14787716 0.14582808 0.14375506 0.14165759 0.1395354 0.13738856 0.13521773 0.13302443 0.13081145
0.22446633 0.22325021 0.22201871 0.22077169 0.219509 0.21823053 0.21693614 0.2156257 0.21429909 0.21295618 0.21159685 0.21022098 0.20882846 0.20741916 0.20599298 0.20454981 0.20308954 0.20161206 0.20011727 0.19860508 0.19707539 0.19552809 0.1939631 0.19238032 0.19077965 0.18916102 0.18752432 0.18586946 0.18419634 0.18250486 0.18079491 0.17906637 0.17731911 0.17555299 0.17376785 0.17196351 0.17013976 0.16829634 0.16643298 0.16454934 0.16264505 0.16071963 0.15877257 0.15680325 0.15481095 0.15279486 0.15075402 0.14868738 0.14659375 0.14447186 0.14232031 0.14013772 0.13792273 0.13567419 0.13339137 0.13107423 0.1287239
0.22459966 0.22337242 0.22212938 0.22087039 0.21959531 0.21830398 0.21699627 0.21567203 0.21433113 0.21297341 0.21159876 0.21020702 0.20879806 0.20737177 0.20592799 0.20446661 0.2029875 0.20149053 0.19997558 0.19844253 0.19689125 0.19532163 0.19373355 0.19212689 0.19050152 0.18885732 0.18719417 0.18551194 0.1838105 0.1820897 0.1803494 0.17858942 0.17680959 0.17500972 0.17318958 0.17134892 0.16948744 0.16760483 0.16570069 0.16377457 0.16182596 0.15985424 0.15785869 0.15583847 0.1537926 0.15171991 0.14961909 0.14748859 0.14532663 0.14313122 0.1409001 0.13863083 0.13632077 0.13396723 0.13156763 0.12911981 0.12662248
0.22474922 0.22351101 0.22225658 0.22098578 0.21969844 0.21839441 0.21707352 0.21573562 0.21438056 0.21300817 0.21161832 0.21021084 0.20878558 0.2073424 0.20588114 0.20440166 0.20290382 0.20138746 0.19985244 0.19829862 0.19672585 0.19513398 0.19352288 0.1918924 0.19024238 0.18857267 0.18688313 0.18517357 0.18344384 0.18169375 0.17992312 0.17813173 0.17631935 0.17448573 0.1726306 0.17075363 0.16885446 0.16693268 0.16498779 0.16301924 0.16102638 0.15900843 0.15696448 0.15489348 0.15279416 0.15066503 0.14850437 0.14631011 0.14407987 0.14181087 0.13949989 0.13714326 0.13473687 0.13227617 0.12975629 0.12717227 0.12451948
0.22491541 0.2236664 0.22240075 0.22111829 0.21981886 0.21850227 0.21716836 0.21581695 0.21444788 0.21306098 0.21165607 0.21023299 0.20879157 0.20733164 0.20585304 0.20435559 0.20283913 0.2013035 0.19974853 0.19817405 0.19657989 0.19496589 0.19333187 0.19167766 0.19000307 0.18830794 0.18659207 0.18485526 0.18309731 0.181318 0.1795171 0.17769435 0.17584948 0.17398219 0.17209213 0.17017893 0.16824215 0.16628129 0.16429578 0.16228494 0.160248 0.15818404 0.15609197 0.1539705 0.15181811 0.14963299 0.147413 0.14515556 0.14285765 0.14051568 0.13812539 0.13568181 0.13317912 0.13061064 0.12796877 0.12524509 0.12243059
