Cobbity3/Refined/QGIS/Dualem_1mHCPmag.asc
NCOLS 600
NROWS 430
XLLCORNER 150.661
YLLCORNER -34.0279
CELLSIZE 1e-05
NODATA_VALUE -9999
[rows 150 to 174 of 430, columns 342 to 398 of 600]
0.29972366 0.29983653 0.29994888 0.30006069 0.30017195 0.30028267 0.30039284 0.30050244 0.30061147 0.30071993 0.30082782 0.30093512 0.30104184 0.30114797 0.30125351 0.30135845 0.3014628 0.30156654 0.30166969 0.30177223 0.30187417 0.3019755 0.30207623 0.30217635 0.30227586 0.30237477 0.30247307 0.30257076 0.30266785 0.30276433 0.30286021 0.30295548 0.30305015 0.30314422 0.30323769 0.30333056 0.30342284 0.30351452 0.30360561 0.3036961 0.30378601 0.30387533 0.30396407 0.30405223 0.3041398 0.3042268 0.30431323 0.30439908 0.30448437 0.30456909 0.30465325 0.30473685 0.30481989 0.30490238 0.30498432 0.30506571 0.30514655
0.29999893 0.30011094 0.3002224 0.3003333 0.30044364 0.3005534 0.30066259 0.3007712 0.30087922 0.30098666 0.3010935 0.30119975 0.3013054 0.30141045 0.30151489 0.30161874 0.30172197 0.3018246 0.30192661 0.30202802 0.30212882 0.302229 0.30232858 0.30242754 0.30252589 0.30262363 0.30272076 0.30281728 0.30291319 0.3030085 0.3031032 0.30319729 0.30329079 0.30338368 0.30347597 0.30356766 0.30365876 0.30374926 0.30383917 0.3039285 0.30401723 0.30410539 0.30419296 0.30427995 0.30436636 0.30445221 0.30453748 0.30462218 0.30470632 0.30478989 0.30487291 0.30495537 0.30503728 0.30511864 0.30519945 0.30527972 0.30535945
0.3002772 0.30038829 0.30049881 0.30060874 0.30071809 0.30082685 0.30093502 0.30104259 0.30114956 0.30125592 0.30136168 0.30146683 0.30157137 0.3016753 0.30177861 0.30188131 0.3019834 0.30208486 0.30218572 0.30228595 0.30238557 0.30248457 0.30258296 0.30268073 0.30277789 0.30287443 0.30297036 0.30306568 0.30316039 0.30325449 0.30334798 0.30344087 0.30353316 0.30362485 0.30371593 0.30380642 0.30389632 0.30398562 0.30407433 0.30416246 0.30425 0.30433696 0.30442334 0.30450915 0.30459438 0.30467904 0.30476313 0.30484666 0.30492963 0.30501205 0.3050939 0.30517521 0.30525597 0.30533618 0.30541585 0.30549498 0.30557358
0.30055847 0.30066859 0.30077811 0.30088703 0.30099535 0.30110305 0.30121015 0.30131663 0.30142249 0.30152774 0.30163236 0.30173637 0.30183976 0.30194252 0.30204466 0.30214618 0.30224708 0.30234735 0.302447 0.30254603 0.30264443 0.30274222 0.30283938 0.30293593 0.30303186 0.30312717 0.30322187 0.30331596 0.30340944 0.3035023 0.30359456 0.30368622 0.30377727 0.30386772 0.30395758 0.30404684 0.3041355 0.30422358 0.30431107 0.30439798 0.3044843 0.30457005 0.30465521 0.30473981 0.30482384 0.3049073 0.3049902 0.30507254 0.30515432 0.30523554 0.30531622 0.30539635 0.30547594 0.30555498 0.3056335 0.30571147 0.30578892
0.30084278 0.30095187 0.30106034 0.30116819 0.30127541 0.30138201 0.30148798 0.30159332 0.30169803 0.30180211 0.30190556 0.30200839 0.30211057 0.30221213 0.30231306 0.30241336 0.30251302 0.30261206 0.30271047 0.30280825 0.30290541 0.30300194 0.30309785 0.30319314 0.30328781 0.30338186 0.3034753 0.30356812 0.30366033 0.30375194 0.30384293 0.30393332 0.30402312 0.30411231 0.30420091 0.30428891 0.30437632 0.30446315 0.30454939 0.30463505 0.30472013 0.30480464 0.30488858 0.30497194 0.30505474 0.30513698 0.30521866 0.30529979 0.30538036 0.30546038 0.30553986 0.3056188 0.30569719 0.30577506 0.30585239 0.30592919 0.30600547
0.30113015 0.30123814 0.3013455 0.30145222 0.3015583 0.30166373 0.30176853 0.30187268 0.30197619 0.30207906 0.30218129 0.30228288 0.30238382 0.30248413 0.3025838 0.30268283 0.30278123 0.302879 0.30297613 0.30307263 0.3031685 0.30326374 0.30335836 0.30345236 0.30354573 0.30363849 0.30373063 0.30382216 0.30391308 0.30400339 0.30409309 0.30418219 0.30427069 0.3043586 0.30444591 0.30453263 0.30461877 0.30470432 0.30478929 0.30487368 0.30495749 0.30504074 0.30512342 0.30520553 0.30528708 0.30536808 0.30544852 0.30552841 0.30560775 0.30568655 0.30576481 0.30584254 0.30591973 0.30599639 0.30607252 0.30614814 0.30622323
0.30142058 0.30152743 0.30163361 0.30173915 0.30184402 0.30194824 0.30205181 0.30215472 0.30225698 0.30235859 0.30245954 0.30255985 0.30265951 0.30275853 0.3028569 0.30295462 0.30305171 0.30314816 0.30324397 0.30333915 0.3034337 0.30352762 0.30362091 0.30371358 0.30380563 0.30389706 0.30398787 0.30407807 0.30416767 0.30425665 0.30434503 0.30443282 0.30452 0.30460659 0.30469259 0.304778 0.30486283 0.30494708 0.30503075 0.30511385 0.30519638 0.30527834 0.30535974 0.30544057 0.30552086 0.30560059 0.30567977 0.3057584 0.3058365 0.30591405 0.30599108 0.30606757 0.30614353 0.30621897 0.30629389 0.3063683 0.30644219
0.3017141 0.30181973 0.30192469 0.30202898 0.30213259 0.30223554 0.30233783 0.30243945 0.3025404 0.3026407 0.30274034 0.30283932 0.30293764 0.30303532 0.30313235 0.30322872 0.30332446 0.30341955 0.30351401 0.30360783 0.30370102 0.30379357 0.3038855 0.30397681 0.3040675 0.30415756 0.30424702 0.30433586 0.3044241 0.30451173 0.30459876 0.30468519 0.30477103 0.30485628 0.30494094 0.30502502 0.30510851 0.30519143 0.30527378 0.30535556 0.30543678 0.30551743 0.30559752 0.30567707 0.30575605 0.3058345 0.3059124 0.30598976 0.30606658 0.30614288 0.30621864 0.30629388 0.3063686 0.3064428 0.30651649 0.30658967 0.30666235
0.30201071 0.30211507 0.30221873 0.30232172 0.30242402 0.30252564 0.30262659 0.30272686 0.30282646 0.3029254 0.30302367 0.30312127 0.30321822 0.30331451 0.30341015 0.30350514 0.30359948 0.30369318 0.30378624 0.30387866 0.30397044 0.3040616 0.30415213 0.30424204 0.30433133 0.30442001 0.30450807 0.30459552 0.30468237 0.30476861 0.30485426 0.30493931 0.30502378 0.30510765 0.30519095 0.30527366 0.3053558 0.30543737 0.30551837 0.30559881 0.30567869 0.30575801 0.30583678 0.305915 0.30599267 0.30606981 0.3061464 0.30622247 0.306298 0.30637301 0.3064475 0.30652147 0.30659492 0.30666787 0.30674031 0.30681224 0.30688368
0.30231043 0.30241345 0.30251576 0.30261738 0.30271831 0.30281855 0.3029181 0.30301697 0.30311517 0.30321269 0.30330954 0.30340572 0.30350124 0.3035961 0.30369031 0.30378386 0.30387677 0.30396903 0.30406065 0.30415163 0.30424198 0.3043317 0.3044208 0.30450927 0.30459713 0.30468438 0.30477101 0.30485704 0.30494247 0.3050273 0.30511153 0.30519518 0.30527824 0.30536072 0.30544262 0.30552394 0.3056047 0.30568489 0.30576451 0.30584358 0.3059221 0.30600006 0.30607748 0.30615436 0.3062307 0.3063065 0.30638178 0.30645652 0.30653075 0.30660445 0.30667764 0.30675032 0.3068225 0.30689417 0.30696534 0.30703601 0.30710619
0.30261326 0.30271487 0.30281577 0.30291597 0.30301546 0.30311426 0.30321236 0.30330978 0.30340651 0.30350257 0.30359795 0.30369266 0.30378671 0.30388009 0.30397282 0.30406489 0.30415632 0.3042471 0.30433724 0.30442675 0.30451562 0.30460387 0.30469149 0.3047785 0.30486489 0.30495067 0.30503585 0.30512042 0.3052044 0.30528778 0.30537057 0.30545278 0.3055344 0.30561545 0.30569593 0.30577584 0.30585519 0.30593397 0.3060122 0.30608988 0.30616701 0.30624359 0.30631964 0.30639515 0.30647013 0.30654458 0.30661851 0.30669192 0.30676481 0.30683719 0.30690907 0.30698044 0.30705131 0.30712168 0.30719157 0.30726096 0.30732987
0.30291922 0.30301935 0.30311877 0.30321748 0.30331548 0.30341278 0.30350938 0.30360528 0.3037005 0.30379504 0.3038889 0.30398209 0.30407462 0.30416648 0.30425768 0.30434823 0.30443813 0.30452739 0.30461602 0.304704 0.30479136 0.3048781 0.30496421 0.30504971 0.3051346 0.30521888 0.30530257 0.30538565 0.30546814 0.30555004 0.30563136 0.3057121 0.30579227 0.30587186 0.30595089 0.30602936 0.30610726 0.30618462 0.30626142 0.30633768 0.3064134 0.30648858 0.30656323 0.30663735 0.30671095 0.30678403 0.30685659 0.30692864 0.30700018 0.30707122 0.30714176 0.3072118 0.30728135 0.30735041 0.30741899 0.30748709 0.30755471
0.30322829 0.30332689 0.30342477 0.30352192 0.30361837 0.30371411 0.30380914 0.30390348 0.30399713 0.3040901 0.30418239 0.30427401 0.30436496 0.30445525 0.30454489 0.30463387 0.30472221 0.3048099 0.30489696 0.30498339 0.3050692 0.30515438 0.30523895 0.30532291 0.30540626 0.30548901 0.30557116 0.30565272 0.3057337 0.30581409 0.30589391 0.30597315 0.30605182 0.30612993 0.30620748 0.30628447 0.30636092 0.30643681 0.30651217 0.30658699 0.30666127 0.30673503 0.30680826 0.30688097 0.30695316 0.30702484 0.30709602 0.30716668 0.30723685 0.30730653 0.30737571 0.30744441 0.30751262 0.30758035 0.3076476 0.30771439 0.3077807
0.30354049 0.30363748 0.30373375 0.30382929 0.30392412 0.30401824 0.30411165 0.30420437 0.3042964 0.30438775 0.30447842 0.30456841 0.30465774 0.30474641 0.30483443 0.3049218 0.30500853 0.30509462 0.30518007 0.3052649 0.30534912 0.30543271 0.30551569 0.30559807 0.30567985 0.30576103 0.30584163 0.30592163 0.30600106 0.30607991 0.30615819 0.3062359 0.30631306 0.30638965 0.30646569 0.30654119 0.30661614 0.30669056 0.30676444 0.30683779 0.30691061 0.30698291 0.3070547 0.30712598 0.30719674 0.30726701 0.30733677 0.30740604 0.30747482 0.30754311 0.30761091 0.30767824 0.30774509 0.30781147 0.30787739 0.30794284 0.30800783
0.3038558 0.30395113 0.30404572 0.30413958 0.30423273 0.30432517 0.30441691 0.30450795 0.3045983 0.30468797 0.30477696 0.30486529 0.30495295 0.30503995 0.30512631 0.30521202 0.30529709 0.30538153 0.30546534 0.30554853 0.30563111 0.30571308 0.30579444 0.3058752 0.30595537 0.30603495 0.30611395 0.30619237 0.30627021 0.30634749 0.3064242 0.30650036 0.30657596 0.30665101 0.30672552 0.30679949 0.30687292 0.30694583 0.30701821 0.30709006 0.30716141 0.30723223 0.30730256 0.30737237 0.30744169 0.30751051 0.30757885 0.30764669 0.30771406 0.30778094 0.30784735 0.3079133 0.30797877 0.30804378 0.30810834 0.30817244 0.30823609
0.30417423 0.30426782 0.30436067 0.30445279 0.3045442 0.3046349 0.3047249 0.3048142 0.30490282 0.30499076 0.30507803 0.30516463 0.30525057 0.30533586 0.30542051 0.30550451 0.30558788 0.30567063 0.30575276 0.30583427 0.30591517 0.30599547 0.30607517 0.30615428 0.30623281 0.30631075 0.30638812 0.30646491 0.30654114 0.30661682 0.30669193 0.3067665 0.30684052 0.306914 0.30698695 0.30705936 0.30713125 0.30720262 0.30727347 0.30734381 0.30741365 0.30748298 0.30755181 0.30762015 0.30768799 0.30775535 0.30782223 0.30788864 0.30795457 0.30802003 0.30808503 0.30814956 0.30821364 0.30827727 0.30834044 0.30840318 0.30846547
0.30449577 0.30458754 0.30467859 0.30476891 0.30485852 0.30494742 0.30503562 0.30512313 0.30520996 0.30529611 0.3053816 0.30546642 0.3055506 0.30563413 0.30571701 0.30579927 0.3058809 0.30596191 0.30604231 0.3061221 0.30620129 0.30627988 0.30635788 0.3064353 0.30651215 0.30658842 0.30666412 0.30673926 0.30681385 0.30688788 0.30696137 0.30703432 0.30710673 0.30717861 0.30724997 0.3073208 0.30739112 0.30746093 0.30753023 0.30759902 0.30766732 0.30773513 0.30780245 0.30786928 0.30793564 0.30800151 0.30806692 0.30813186 0.30819634 0.30826035 0.30832391 0.30838703 0.30844969 0.30851191 0.30857369 0.30863504 0.30869596
0.3048204 0.3049103 0.30499947 0.30508792 0.30517566 0.3052627 0.30534905 0.30543471 0.30551969 0.30560401 0.30568766 0.30577067 0.30585302 0.30593474 0.30601582 0.30609628 0.30617612 0.30625536 0.30633398 0.30641201 0.30648944 0.30656629 0.30664256 0.30671825 0.30679338 0.30686794 0.30694195 0.3070154 0.30708831 0.30716067 0.3072325 0.3073038 0.30737457 0.30744482 0.30751456 0.30758379 0.30765251 0.30772073 0.30778845 0.30785568 0.30792242 0.30798868 0.30805446 0.30811977 0.30818461 0.30824898 0.30831289 0.30837635 0.30843935 0.3085019 0.30856401 0.30862568 0.30868691 0.3087477 0.30880807 0.30886802 0.30892754
0.30514812 0.30523607 0.3053233 0.30540982 0.30549563 0.30558075 0.30566518 0.30574893 0.30583202 0.30591444 0.30599621 0.30607734 0.30615782 0.30623768 0.30631691 0.30639553 0.30647354 0.30655095 0.30662776 0.30670399 0.30677963 0.30685469 0.30692919 0.30700312 0.30707649 0.30714931 0.30722158 0.30729331 0.30736451 0.30743517 0.30750531 0.30757493 0.30764404 0.30771263 0.30778072 0.30784831 0.30791541 0.30798201 0.30804813 0.30811377 0.30817893 0.30824362 0.30830784 0.3083716 0.3084349 0.30849774 0.30856014 0.30862209 0.30868359 0.30874466 0.3088053 0.3088655 0.30892528 0.30898464 0.30904357 0.3091021 0.30916021
0.30547891 0.30556485 0.30565007 0.30573459 0.30581841 0.30590154 0.305984 0.30606579 0.30614692 0.30622739 0.30630722 0.30638642 0.30646499 0.30654294 0.30662028 0.30669701 0.30677314 0.30684868 0.30692364 0.30699802 0.30707183 0.30714507 0.30721775 0.30728988 0.30736146 0.3074325 0.30750301 0.30757299 0.30764244 0.30771137 0.30777979 0.3078477 0.30791511 0.30798201 0.30804843 0.30811436 0.3081798 0.30824476 0.30830925 0.30837327 0.30843683 0.30849992 0.30856256 0.30862475 0.30868649 0.30874779 0.30880864 0.30886907 0.30892906 0.30898862 0.30904776 0.30910649 0.3091648 0.30922269 0.30928018 0.30933727 0.30939395
0.30581275 0.3058966 0.30597975 0.30606221 0.30614397 0.30622507 0.30630549 0.30638525 0.30646437 0.30654284 0.30662069 0.3066979 0.30677451 0.3068505 0.30692589 0.30700069 0.3070749 0.30714853 0.30722159 0.30729409 0.30736602 0.3074374 0.30750823 0.30757853 0.30764828 0.30771751 0.30778622 0.3078544 0.30792208 0.30798925 0.30805591 0.30812209 0.30818777 0.30825296 0.30831767 0.30838191 0.30844567 0.30850897 0.30857181 0.30863419 0.30869611 0.30875759 0.30881862 0.30887921 0.30893937 0.3089991 0.3090584 0.30911727 0.30917573 0.30923377 0.3092914 0.30934862 0.30940544 0.30946186 0.30951788 0.30957351 0.30962875
0.30614962 0.30623132 0.30631233 0.30639266 0.30647231 0.30655129 0.30662963 0.30670731 0.30678436 0.30686078 0.30693658 0.30701177 0.30708635 0.30716034 0.30723374 0.30730656 0.30737881 0.30745049 0.3075216 0.30759217 0.30766219 0.30773167 0.30780062 0.30786904 0.30793693 0.30800431 0.30807118 0.30813755 0.30820342 0.30826879 0.30833368 0.30839808 0.308462 0.30852545 0.30858843 0.30865095 0.30871301 0.30877462 0.30883577 0.30889649 0.30895676 0.30901659 0.309076 0.30913497 0.30919353 0.30925166 0.30930938 0.30936669 0.30942359 0.30948009 0.30953619 0.30959189 0.3096472 0.30970213 0.30975667 0.30981082 0.3098646
0.3064895 0.30656898 0.30664779 0.30672592 0.30680339 0.30688021 0.30695639 0.30703194 0.30710686 0.30718117 0.30725488 0.30732799 0.3074005 0.30747244 0.3075438 0.3076146 0.30768483 0.30775452 0.30782366 0.30789226 0.30796032 0.30802786 0.30809489 0.30816139 0.30822739 0.30829289 0.3083579 0.30842241 0.30848643 0.30854998 0.30861305 0.30867565 0.30873779 0.30879947 0.30886069 0.30892147 0.3089818 0.30904169 0.30910114 0.30916016 0.30921875 0.30927693 0.30933468 0.30939202 0.30944894 0.30950547 0.30956159 0.30961731 0.30967263 0.30972757 0.30978212 0.30983628 0.30989007 0.30994348 0.30999652 0.31004918 0.31010149
0.30683236 0.30690956 0.30698609 0.30706196 0.30713719 0.30721179 0.30728576 0.30735911 0.30743186 0.30750401 0.30757556 0.30764654 0.30771694 0.30778678 0.30785606 0.30792478 0.30799297 0.30806061 0.30812773 0.30819432 0.30826039 0.30832596 0.30839102 0.30845558 0.30851965 0.30858323 0.30864633 0.30870895 0.30877111 0.3088328 0.30889403 0.3089548 0.30901512 0.309075 0.30913444 0.30919344 0.30925202 0.30931016 0.30936789 0.30942519 0.30948208 0.30953857 0.30959465 0.30965032 0.3097056 0.30976049 0.30981499 0.3098691 0.30992284 0.30997619 0.31002917 0.31008178 0.31013402 0.3101859 0.31023742 0.31028858 0.31033939
0.30717818 0.30725302 0.30732721 0.30740077 0.30747369 0.307546 0.30761771 0.30768881 0.30775932 0.30782925 0.30789861 0.30796741 0.30803564 0.30810333 0.30817048 0.30823709 0.30830318 0.30836874 0.30843379 0.30849834 0.30856238 0.30862593 0.30868899 0.30875157 0.30881367 0.3088753 0.30893647 0.30899717 0.30905742 0.30911722 0.30917658 0.30923549 0.30929398 0.30935203 0.30940965 0.30946686 0.30952365 0.30958003 0.309636 0.30969156 0.30974673 0.3098015 0.30985588 0.30990988 0.30996349 0.31001672 0.31006958 0.31012207 0.31017418 0.31022594 0.31027733 0.31032837 0.31037905 0.31042938 0.31047936 0.310529 0.3105783
