Cobbity3/Refined/QGIS/Mixed_check.asc
NCOLS 600
NROWS 430
XLLCORNER 150.661
YLLCORNER -34.0279
CELLSIZE 1e-05
NODATA_VALUE -9999
[rows 338 to 363 of 430, columns 0 to 59 of 600]
9.2550206 9.2538625 9.2526935 9.2515134 9.2503223 9.2491202 9.2479069 9.2466826 9.2454472 9.2442008 9.2429432 9.2416746 9.240395 9.2391044 9.2378027 9.2364902 9.2351667 9.2338324 9.2324873 9.2311315 9.229765 9.228388 9.2270006 9.2256027 9.2241946 9.2227763 9.2213481 9.2199099 9.218462 9.2170045 9.2155375 9.2140613 9.2125759 9.2110817 9.2095787 9.2080672 9.2065473 9.2050194 9.2034835 9.20194 9.2003891 9.198831 9.197266 9.1956943 9.1941162 9.1925319 9.1909418 9.189346 9.1877449 9.1861388 9.1845278 9.1829123 9.1812927 9.179669 9.1780417 9.176411 9.1747771 9.1731404 9.1715011 9.1698594
9.2554 9.2542535 9.2530963 9.2519283 9.2507496 9.2495602 9.24836 9.2471489 9.2459272 9.2446946 9.2434513 9.2421972 9.2409324 9.2396569 9.2383707 9.2370739 9.2357666 9.2344487 9.2331204 9.2317817 9.2304327 9.2290735 9.2277041 9.2263247 9.2249354 9.2235363 9.2221275 9.2207091 9.2192813 9.2178443 9.2163982 9.2149431 9.2134792 9.2120067 9.2105259 9.2090368 9.2075397 9.2060348 9.2045224 9.2030025 9.2014756 9.1999417 9.1984012 9.1968544 9.1953013 9.1937424 9.1921778 9.1906078 9.1890328 9.1874529 9.1858684 9.1842797 9.1826869 9.1810904 9.1794903 9.1778871 9.1762809 9.1746719 9.1730606 9.1714471
9.2557848 9.2546498 9.2535044 9.2523485 9.2511822 9.2500054 9.248818 9.2476202 9.2464119 9.2451931 9.2439639 9.2427242 9.241474 9.2402135 9.2389427 9.2376615 9.2363701 9.2350685 9.2337567 9.2324349 9.2311032 9.2297615 9.22841 9.2270488 9.225678 9.2242978 9.2229081 9.2215093 9.2201014 9.2186845 9.2172588 9.2158245 9.2143818 9.2129308 9.2114717 9.2100046 9.2085299 9.2070477 9.2055582 9.2040616 9.2025581 9.2010481 9.1995317 9.1980091 9.1964806 9.1949465 9.193407 9.1918624 9.1903129 9.1887588 9.1872003 9.1856377 9.1840713 9.1825013 9.180928 9.1793517 9.1777726 9.176191 9.1746071 9.1730211
9.256175 9.2550515 9.2539178 9.2527739 9.2516198 9.2504555 9.249281 9.2480962 9.2469013 9.2456961 9.2444808 9.2432554 9.2420198 9.2407741 9.2395184 9.2382527 9.2369771 9.2356915 9.2343961 9.233091 9.2317763 9.2304519 9.2291181 9.2277748 9.2264223 9.2250606 9.2236899 9.2223103 9.2209219 9.2195249 9.2181194 9.2167055 9.2152836 9.2138536 9.2124159 9.2109705 9.2095178 9.2080578 9.2065908 9.2051171 9.2036367 9.20215 9.2006572 9.1991585 9.1976542 9.1961445 9.1946296 9.1931098 9.1915853 9.1900564 9.1885234 9.1869865 9.185446 9.1839021 9.182355 9.1808051 9.1792526 9.1776977 9.1761407 9.1745818
9.2565703 9.2554582 9.2543361 9.2532042 9.2520622 9.2509103 9.2497485 9.2485768 9.2473951 9.2462035 9.245002 9.2437906 9.2425695 9.2413385 9.2400978 9.2388473 9.2375872 9.2363176 9.2350384 9.2337498 9.2324518 9.2311445 9.2298281 9.2285026 9.2271681 9.2258247 9.2244726 9.2231119 9.2217428 9.2203653 9.2189796 9.217586 9.2161844 9.2147752 9.2133585 9.2119345 9.2105033 9.2090652 9.2076203 9.206169 9.2047113 9.2032476 9.2017779 9.2003027 9.198822 9.1973362 9.1958454 9.19435 9.1928501 9.191346 9.189838 9.1883263 9.1868111 9.1852928 9.1837715 9.1822475 9.180721 9.1791923 9.1776617 9.1761294
9.2569706 9.2558698 9.2547593 9.2536392 9.2525093 9.2513698 9.2502205 9.2490617 9.2478931 9.2467149 9.2455271 9.2443298 9.2431228 9.2419064 9.2406805 9.2394452 9.2382005 9.2369465 9.2356833 9.234411 9.2331296 9.2318392 9.2305399 9.2292319 9.2279151 9.2265899 9.2252561 9.2239141 9.2225639 9.2212056 9.2198395 9.2184657 9.2170842 9.2156954 9.2142994 9.2128963 9.2114863 9.2100697 9.2086466 9.2072173 9.2057819 9.2043407 9.2028938 9.2014416 9.1999841 9.1985218 9.1970547 9.1955832 9.1941074 9.1926276 9.1911441 9.1896571 9.1881668 9.1866736 9.1851775 9.1836789 9.182178 9.1806751 9.1791704 9.1776641
9.2573757 9.2562862 9.2551872 9.2540787 9.2529609 9.2518336 9.2506969 9.2495507 9.2483952 9.2472303 9.2460561 9.2448726 9.2436797 9.2424777 9.2412664 9.2400461 9.2388166 9.2375782 9.2363308 9.2350745 9.2338095 9.2325357 9.2312534 9.2299626 9.2286634 9.2273559 9.2260403 9.2247166 9.2233851 9.2220458 9.2206989 9.2193445 9.2179829 9.2166141 9.2152384 9.2138559 9.2124668 9.2110713 9.2096696 9.2082619 9.2068484 9.2054293 9.2040048 9.2025751 9.2011405 9.1997012 9.1982574 9.1968093 9.1953572 9.1939013 9.1924419 9.1909791 9.1895132 9.1880446 9.1865733 9.1850996 9.1836238 9.1821462 9.1806668 9.1791861
9.2577854 9.256707 9.2556195 9.2545227 9.2534167 9.2523016 9.2511773 9.2500438 9.2489012 9.2477495 9.2465887 9.2454188 9.24424 9.2430522 9.2418554 9.2406498 9.2394354 9.2382123 9.2369805 9.2357401 9.2344912 9.233234 9.2319683 9.2306945 9.2294126 9.2281227 9.2268249 9.2255193 9.2242062 9.2228855 9.2215576 9.2202224 9.2188802 9.2175312 9.2161755 9.2148133 9.2134447 9.21207 9.2106893 9.2093028 9.2079108 9.2065134 9.2051109 9.2037034 9.2022912 9.2008745 9.1994535 9.1980285 9.1965996 9.1951671 9.1937313 9.1922923 9.1908504 9.1894059 9.1879589 9.1865097 9.1850586 9.1836057 9.1821513 9.1806957
9.2581996 9.2571323 9.2560561 9.2549708 9.2538767 9.2527736 9.2516616 9.2505407 9.2494108 9.2482722 9.2471247 9.2459684 9.2448034 9.2436296 9.2424473 9.2412563 9.2400568 9.2388488 9.2376324 9.2364077 9.2351748 9.2339337 9.2326846 9.2314276 9.2301627 9.2288901 9.2276098 9.2263221 9.2250271 9.2237248 9.2224155 9.2210993 9.2197763 9.2184466 9.2171106 9.2157683 9.2144199 9.2130656 9.2117055 9.21034 9.2089691 9.2075931 9.2062121 9.2048264 9.2034362 9.2020417 9.2006432 9.1992407 9.1978347 9.1964252 9.1950125 9.1935969 9.1921786 9.1907577 9.1893346 9.1879094 9.1864825 9.1850539 9.183624 9.182193
9.2586181 9.2575618 9.2564968 9.2554231 9.2543406 9.2532495 9.2521497 9.2510412 9.249924 9.2487983 9.247664 9.2465211 9.2453698 9.24421 9.2430418 9.2418653 9.2406805 9.2394875 9.2382863 9.2370771 9.2358599 9.2346349 9.2334021 9.2321615 9.2309135 9.2296579 9.228395 9.2271249 9.2258477 9.2245635 9.2232726 9.221975 9.2206708 9.2193603 9.2180436 9.2167209 9.2153923 9.2140581 9.2127184 9.2113734 9.2100232 9.2086682 9.2073084 9.2059442 9.2045756 9.2032029 9.2018264 9.2004461 9.1990625 9.1976756 9.1962857 9.194893 9.1934977 9.1921001 9.1907004 9.1892989 9.1878956 9.1864909 9.185085 9.1836782
9.2590406 9.2579953 9.2569415 9.2558791 9.2548083 9.2537291 9.2526413 9.2515452 9.2504406 9.2493277 9.2482064 9.2470769 9.245939 9.244793 9.2436389 9.2424766 9.2413064 9.2401282 9.2389421 9.2377482 9.2365465 9.2353373 9.2341205 9.2328963 9.2316648 9.2304261 9.2291803 9.2279275 9.2266679 9.2254016 9.2241287 9.2228494 9.2215638 9.2202721 9.2189745 9.217671 9.216362 9.2150475 9.2137278 9.2124029 9.2110732 9.2097388 9.2083998 9.2070566 9.2057093 9.204358 9.2030031 9.2016447 9.200283 9.1989183 9.1975508 9.1961806 9.194808 9.1934333 9.1920566 9.1906781 9.1892982 9.1879169 9.1865346 9.1851515
9.2594672 9.2584327 9.25739 9.256339 9.2552797 9.2542122 9.2531364 9.2520525 9.2509604 9.2498601 9.2487518 9.2476354 9.246511 9.2453786 9.2442383 9.2430902 9.2419343 9.2407707 9.2395995 9.2384207 9.2372345 9.2360408 9.2348399 9.2336318 9.2324166 9.2311945 9.2299655 9.2287298 9.2274876 9.2262388 9.2249837 9.2237225 9.2224552 9.221182 9.2199031 9.2186186 9.2173288 9.2160337 9.2147336 9.2134286 9.212119 9.2108048 9.2094864 9.2081638 9.2068373 9.2055072 9.2041735 9.2028365 9.2014964 9.2001535 9.1988079 9.1974598 9.1961095 9.1947572 9.1934031 9.1920474 9.1906903 9.1893321 9.1879729 9.1866131
9.2598976 9.2588739 9.2578422 9.2568024 9.2557545 9.2546987 9.2536348 9.252563 9.2514832 9.2503955 9.2493 9.2481966 9.2470854 9.2459666 9.24484 9.2437059 9.2425642 9.241415 9.2402585 9.2390946 9.2379235 9.2367453 9.23556 9.2343678 9.2331688 9.231963 9.2307507 9.2295318 9.2283066 9.2270751 9.2258376 9.2245941 9.2233448 9.2220899 9.2208294 9.2195636 9.2182927 9.2170167 9.2157359 9.2144504 9.2131605 9.2118663 9.210568 9.2092657 9.2079598 9.2066503 9.2053375 9.2040216 9.2027027 9.2013812 9.2000571 9.1987308 9.1974024 9.1960721 9.1947402 9.1934068 9.1920722 9.1907365 9.1894001 9.1880631
9.2603316 9.2593187 9.2582978 9.2572692 9.2562327 9.2551884 9.2541363 9.2530765 9.2520089 9.2509337 9.2498508 9.2487603 9.2476623 9.2465568 9.2454438 9.2443235 9.2431958 9.2420609 9.2409189 9.2397698 9.2386136 9.2374506 9.2362808 9.2351043 9.2339211 9.2327315 9.2315355 9.2303332 9.2291249 9.2279105 9.2266902 9.2254642 9.2242326 9.2229956 9.2217534 9.2205059 9.2192536 9.2179964 9.2167346 9.2154683 9.2141978 9.2129232 9.2116446 9.2103624 9.2090766 9.2077874 9.2064952 9.2051999 9.203902 9.2026014 9.2012986 9.1999936 9.1986866 9.197378 9.1960678 9.1947564 9.1934438 9.1921304 9.1908163 9.1895018
9.2607692 9.2597669 9.2587569 9.2577393 9.256714 9.2556812 9.2546408 9.2535928 9.2525374 9.2514745 9.2504041 9.2493264 9.2482414 9.247149 9.2460495 9.2449428 9.2438291 9.2427083 9.2415806 9.240446 9.2393047 9.2381567 9.2370021 9.235841 9.2346736 9.2334998 9.23232 9.2311341 9.2299423 9.2287447 9.2275415 9.2263327 9.2251186 9.2238993 9.2226749 9.2214455 9.2202114 9.2189728 9.2177297 9.2164823 9.2152308 9.2139755 9.2127164 9.2114538 9.2101878 9.2089187 9.2076465 9.2063716 9.2050942 9.2038143 9.2025323 9.2012482 9.1999624 9.198675 9.1973863 9.1960963 9.1948055 9.1935138 9.1922217 9.1909292
9.2612102 9.2602184 9.2592192 9.2582125 9.2571984 9.2561769 9.2551481 9.2541119 9.2530685 9.2520177 9.2509598 9.2498947 9.2488225 9.2477433 9.246657 9.2455638 9.2444638 9.2433569 9.2422434 9.2411232 9.2399965 9.2388633 9.2377237 9.2365779 9.235426 9.234268 9.233104 9.2319342 9.2307588 9.2295778 9.2283913 9.2271995 9.2260026 9.2248007 9.2235939 9.2223823 9.2211663 9.2199458 9.2187211 9.2174923 9.2162596 9.2150232 9.2137832 9.2125399 9.2112934 9.210044 9.2087917 9.2075368 9.2062794 9.2050199 9.2037583 9.2024948 9.2012298 9.1999633 9.1986955 9.1974268 9.1961572 9.194887 9.1936163 9.1923455
9.2616544 9.2606731 9.2596845 9.2586887 9.2576857 9.2566755 9.2556581 9.2546336 9.253602 9.2525634 9.2515177 9.2504652 9.2494057 9.2483393 9.2472662 9.2461864 9.2450999 9.2440068 9.2429073 9.2418013 9.2406889 9.2395704 9.2384457 9.2373149 9.2361782 9.2350357 9.2338875 9.2327336 9.2315742 9.2304095 9.2292396 9.2280646 9.2268846 9.2256998 9.2245103 9.2233163 9.2221179 9.2209154 9.2197088 9.2184983 9.217284 9.2160663 9.2148452 9.2136208 9.2123935 9.2111634 9.2099305 9.2086953 9.2074578 9.2062181 9.2049766 9.2037335 9.2024888 9.2012428 9.1999957 9.1987478 9.1974991 9.1962499 9.1950004 9.1937509
9.2621018 9.2611308 9.2601528 9.2591678 9.2581757 9.2571767 9.2561707 9.2551577 9.2541379 9.2531112 9.2520778 9.2510376 9.2499906 9.2489371 9.2478769 9.2468103 9.2457372 9.2446578 9.243572 9.24248 9.241382 9.2402779 9.2391678 9.2380519 9.2369303 9.235803 9.2346702 9.2335321 9.2323886 9.23124 9.2300863 9.2289278 9.2277645 9.2265965 9.2254241 9.2242474 9.2230665 9.2218815 9.2206927 9.2195002 9.2183042 9.2171048 9.2159021 9.2146965 9.213488 9.2122769 9.2110632 9.2098473 9.2086292 9.2074092 9.2061875 9.2049642 9.2037396 9.2025138 9.201287 9.2000594 9.1988313 9.1976028 9.1963741 9.1951455
9.2625521 9.2615915 9.260624 9.2596496 9.2586684 9.2576804 9.2566857 9.2556842 9.254676 9.2536612 9.2526398 9.2516118 9.2505773 9.2495364 9.2484891 9.2474355 9.2463757 9.2453096 9.2442376 9.2431594 9.2420754 9.2409856 9.23989 9.2387887 9.237682 9.2365698 9.2354523 9.2343296 9.2332018 9.232069 9.2309314 9.2297891 9.2286422 9.2274909 9.2263353 9.2251755 9.2240118 9.2228442 9.2216729 9.2204981 9.21932 9.2181386 9.2169542 9.2157669 9.214577 9.2133845 9.2121897 9.2109928 9.2097939 9.2085931 9.2073908 9.2061871 9.2049822 9.2037762 9.2025694 9.2013619 9.200154 9.1989458 9.1977375 9.1965294
9.2630053 9.2620549 9.2610978 9.2601341 9.2591636 9.2581866 9.257203 9.2562129 9.2552162 9.2542131 9.2532036 9.2521877 9.2511656 9.2501371 9.2491026 9.2480618 9.2470151 9.2459624 9.2449038 9.2438393 9.2427692 9.2416934 9.2406121 9.2395254 9.2384333 9.2373359 9.2362335 9.235126 9.2340136 9.2328965 9.2317747 9.2306484 9.2295177 9.2283828 9.2272437 9.2261007 9.2249539 9.2238034 9.2226494 9.221492 9.2203314 9.2191678 9.2180013 9.2168321 9.2156604 9.2144863 9.2133101 9.2121318 9.2109517 9.20977 9.2085867 9.2074022 9.2062167 9.2050302 9.203843 9.2026552 9.2014671 9.2002789 9.1990907 9.1979028
9.2634613 9.262521 9.2615742 9.260621 9.2596612 9.2586951 9.2577225 9.2567436 9.2557584 9.2547669 9.2537692 9.2527653 9.2517553 9.2507392 9.2497172 9.2486892 9.2476554 9.2466158 9.2455706 9.2445196 9.2434632 9.2424013 9.2413341 9.2402616 9.239184 9.2381013 9.2370137 9.2359213 9.2348241 9.2337224 9.2326162 9.2315057 9.230391 9.2292721 9.2281494 9.2270229 9.2258927 9.224759 9.223622 9.2224818 9.2213385 9.2201924 9.2190435 9.2178921 9.2167383 9.2155823 9.2144243 9.2132644 9.2121028 9.2109397 9.2097753 9.2086097 9.2074431 9.2062758 9.2051079 9.2039395 9.2027709 9.2016023 9.2004339 9.1992658
9.2639198 9.2629896 9.2620531 9.2611102 9.2601611 9.2592057 9.2582441 9.2572763 9.2563024 9.2553224 9.2543363 9.2533443 9.2523463 9.2513425 9.2503329 9.2493176 9.2482965 9.2472699 9.2462378 9.2452002 9.2441573 9.2431092 9.2420559 9.2409975 9.2399341 9.2388659 9.237793 9.2367154 9.2356332 9.2345467 9.2334559 9.2323609 9.2312619 9.2301589 9.2290523 9.227942 9.2268282 9.2257111 9.2245908 9.2234674 9.2223412 9.2212123 9.2200808 9.2189469 9.2178107 9.2166725 9.2155324 9.2143906 9.2132472 9.2121024 9.2109565 9.2098095 9.2086617 9.2075132 9.2063642 9.2052149 9.2040655 9.2029162 9.2017671 9.2006185
9.2643809 9.2634607 9.2625343 9.2616017 9.2606631 9.2597184 9.2587676 9.2578108 9.2568481 9.2558795 9.254905 9.2539247 9.2529386 9.2519469 9.2509496 9.2499467 9.2489383 9.2479245 9.2469054 9.245881 9.2448515 9.2438169 9.2427773 9.2417328 9.2406836 9.2396296 9.2385711 9.2375081 9.2364408 9.2353692 9.2342936 9.2332139 9.2321304 9.2310431 9.2299523 9.2288579 9.2277603 9.2266595 9.2255557 9.224449 9.2233395 9.2222275 9.2211131 9.2199964 9.2188776 9.2177569 9.2166345 9.2155104 9.214385 9.2132582 9.2121304 9.2110017 9.2098723 9.2087423 9.207612 9.2064814 9.2053509 9.2042205 9.2030905 9.2019611
9.2648443 9.263934 9.2630177 9.2620954 9.2611671 9.260233 9.2592929 9.2583471 9.2573954 9.2564381 9.255475 9.2545063 9.2535321 9.2525523 9.2515671 9.2505765 9.2495806 9.2485795 9.2475733 9.2465619 9.2455456 9.2445244 9.2434983 9.2424676 9.2414322 9.2403924 9.2393481 9.2382995 9.2372468 9.23619 9.2351293 9.2340647 9.2329964 9.2319246 9.2308493 9.2297708 9.2286891 9.2276043 9.2265167 9.2254264 9.2243334 9.2232381 9.2221405 9.2210407 9.2199391 9.2188356 9.2177305 9.2166239 9.2155161 9.2144071 9.2132971 9.2121864 9.2110751 9.2099633 9.2088513 9.2077392 9.2066272 9.2055155 9.2044042 9.2032936
9.2653101 9.2644096 9.2635032 9.262591 9.2616731 9.2607494 9.25982 9.2588849 9.2579443 9.2569981 9.2560463 9.2550891 9.2541265 9.2531586 9.2521854 9.251207 9.2502234 9.2492349 9.2482413 9.2472428 9.2462395 9.2452315 9.2442188 9.2432017 9.24218 9.2411541 9.2401238 9.2390895 9.2380512 9.2370089 9.2359629 9.2349132 9.23386 9.2328034 9.2317435 9.2306804 9.2296144 9.2285455 9.2274738 9.2263996 9.2253229 9.224244 9.2231629 9.2220799 9.220995 9.2199085 9.2188205 9.2177311 9.2166406 9.2155491 9.2144567 9.2133637 9.2122701 9.2111763 9.2100823 9.2089883 9.2078945 9.2068011 9.2057083 9.2046162
9.265778 9.2648872 9.2639907 9.2630886 9.2621809 9.2612675 9.2603487 9.2594243 9.2584945 9.2575593 9.2566188 9.255673 9.2547219 9.2537657 9.2528043 9.251838 9.2508666 9.2498904 9.2489094 9.2479236 9.2469332 9.2459382 9.2449388 9.243935 9.2429269 9.2419146 9.2408983 9.239878 9.2388538 9.237826 9.2367944 9.2357594 9.234721 9.2336794 9.2326346 9.2315869 9.2305363 9.2294829 9.228427 9.2273687 9.226308 9.2252452 9.2241805 9.2231138 9.2220455 9.2209757 9.2199045 9.218832 9.2177586 9.2166842 9.2156091 9.2145335 9.2134575 9.2123812 9.211305 9.2102288 9.209153 9.2080776 9.2070029 9.205929
