Cobbity3/Refined/QGIS/Mixed_check.asc
NCOLS 600
NROWS 430
XLLCORNER 150.661
YLLCORNER -34.0279
CELLSIZE 1e-05
NODATA_VALUE -9999
[rows 390 to 415 of 430, columns 60 to 119 of 600]
9.2373191 9.2366458 9.2359755 9.2353082 9.2346441 9.2339833 9.233326 9.2326722 9.2320222 9.231376 9.2307338 9.2300956 9.2294618 9.2288323 9.2282073 9.227587 9.2269714 9.2263608 9.2257552 9.2251548 9.2245598 9.2239702 9.2233862 9.222808 9.2222357 9.2216694 9.2211093 9.2205555 9.2200082 9.2194675 9.2189336 9.2184066 9.2178867 9.2173739 9.2168686 9.2163708 9.2158808 9.2153986 9.2149244 9.2144584 9.2140009 9.2135518 9.2131116 9.2126802 9.212258 9.2118451 9.2114418 9.2110481 9.2106644 9.2102909 9.2099278 9.2095753 9.2092336 9.2089031 9.208584 9.2082765 9.2079809 9.2076975 9.2074267 9.2071686
9.2384034 9.2377419 9.2370833 9.2364278 9.2357756 9.2351267 9.2344813 9.2338395 9.2332014 9.2325672 9.2319371 9.231311 9.2306893 9.2300719 9.2294591 9.228851 9.2282476 9.2276492 9.2270559 9.2264678 9.225885 9.2253078 9.2247361 9.2241703 9.2236103 9.2230564 9.2225088 9.2219674 9.2214326 9.2209044 9.2203829 9.2198685 9.2193611 9.2188609 9.2183682 9.217883 9.2174056 9.216936 9.2164745 9.2160213 9.2155764 9.2151402 9.2147127 9.2142941 9.2138847 9.2134847 9.2130942 9.2127134 9.2123426 9.211982 9.2116318 9.2112923 9.2109636 9.2106461 9.21034 9.2100455 9.2097629 9.2094926 9.2092347 9.2089897
9.2394799 9.2388299 9.2381829 9.2375391 9.2368985 9.2362613 9.2356277 9.2349976 9.2343714 9.233749 9.2331307 9.2325166 9.2319067 9.2313013 9.2307004 9.2301043 9.2295129 9.2289266 9.2283453 9.2277693 9.2271986 9.2266335 9.226074 9.2255203 9.2249725 9.2244308 9.2238953 9.2233662 9.2228436 9.2223276 9.2218185 9.2213163 9.2208213 9.2203335 9.2198531 9.2193803 9.2189152 9.2184581 9.218009 9.2175682 9.2171358 9.216712 9.216297 9.215891 9.2154942 9.2151067 9.2147288 9.2143606 9.2140024 9.2136544 9.2133169 9.21299 9.212674 9.2123691 9.2120757 9.2117939 9.211524 9.2112663 9.211021 9.2107886
9.2405487 9.2399101 9.2392745 9.2386421 9.238013 9.2373873 9.2367652 9.2361468 9.2355321 9.2349214 9.2343148 9.2337123 9.2331142 9.2325205 9.2319314 9.2313471 9.2307675 9.230193 9.2296236 9.2290594 9.2285007 9.2279474 9.2273999 9.2268581 9.2263223 9.2257926 9.2252691 9.224752 9.2242414 9.2237375 9.2232404 9.2227503 9.2222673 9.2217917 9.2213234 9.2208627 9.2204098 9.2199649 9.219528 9.2190994 9.2186792 9.2182677 9.2178649 9.2174712 9.2170866 9.2167114 9.2163458 9.2159899 9.2156441 9.2153084 9.2149832 9.2146686 9.214365 9.2140724 9.2137913 9.2135218 9.2132642 9.2130188 9.2127858 9.2125656
9.2416097 9.2409823 9.240358 9.2397369 9.2391191 9.2385048 9.237894 9.237287 9.2366838 9.2360845 9.2354894 9.2348984 9.2343118 9.2337297 9.2331522 9.2325794 9.2320115 9.2314486 9.2308908 9.2303384 9.2297913 9.2292498 9.2287139 9.2281839 9.2276598 9.2271419 9.2266302 9.2261249 9.2256262 9.2251341 9.2246488 9.2241706 9.2236995 9.2232357 9.2227793 9.2223306 9.2218896 9.2214566 9.2210316 9.220615 9.2202068 9.2198072 9.2194165 9.2190347 9.2186621 9.2182989 9.2179453 9.2176015 9.2172677 9.2169441 9.2166309 9.2163284 9.2160367 9.2157562 9.2154871 9.2152296 9.2149839 9.2147505 9.2145294 9.2143211
9.2426632 9.2420468 9.2414335 9.2408235 9.2402169 9.2396137 9.2390142 9.2384184 9.2378264 9.2372384 9.2366545 9.2360749 9.2354997 9.2349289 9.2343628 9.2338014 9.2332449 9.2326935 9.2321472 9.2316062 9.2310706 9.2305406 9.2300163 9.2294978 9.2289853 9.2284789 9.2279788 9.2274851 9.2269979 9.2265175 9.2260439 9.2255773 9.2251178 9.2246657 9.224221 9.2237839 9.2233546 9.2229333 9.2225201 9.2221151 9.2217187 9.2213308 9.2209518 9.2205818 9.220221 9.2198695 9.2195277 9.2191956 9.2188735 9.2185617 9.2182602 9.2179694 9.2176895 9.2174207 9.2171632 9.2169174 9.2166834 9.2164615 9.216252 9.2160552
9.243709 9.2431035 9.2425012 9.2419021 9.2413064 9.2407142 9.2401257 9.2395409 9.23896 9.2383831 9.2378104 9.2372419 9.2366778 9.2361182 9.2355633 9.2350131 9.2344679 9.2339277 9.2333927 9.232863 9.2323387 9.23182 9.231307 9.2307999 9.2302987 9.2298037 9.229315 9.2288327 9.2283569 9.2278879 9.2274257 9.2269705 9.2265225 9.2260818 9.2256485 9.2252229 9.2248051 9.2243952 9.2239935 9.2236 9.223215 9.2228387 9.2224712 9.2221126 9.2217633 9.2214233 9.221093 9.2207724 9.2204618 9.2201613 9.2198713 9.219592 9.2193235 9.2190661 9.21882 9.2185855 9.2183628 9.2181522 9.2179539 9.2177683
9.2447473 9.2441525 9.2435609 9.2429726 9.2423877 9.2418063 9.2412286 9.2406547 9.2400847 9.2395188 9.238957 9.2383994 9.2378463 9.2372977 9.2367538 9.2362147 9.2356805 9.2351514 9.2346274 9.2341088 9.2335957 9.2330881 9.2325862 9.2320902 9.2316003 9.2311164 9.2306389 9.2301677 9.2297032 9.2292453 9.2287944 9.2283504 9.2279136 9.2274841 9.2270621 9.2266477 9.2262411 9.2258425 9.225452 9.2250698 9.2246961 9.2243309 9.2239747 9.2236274 9.2232893 9.2229605 9.2226414 9.222332 9.2220326 9.2217433 9.2214645 9.2211963 9.2209389 9.2206926 9.2204576 9.2202341 9.2200224 9.2198227 9.2196354 9.2194606
9.2457782 9.2451939 9.2446129 9.2440351 9.2434609 9.2428902 9.2423231 9.2417599 9.2412006 9.2406454 9.2400944 9.2395476 9.2390053 9.2384675 9.2379345 9.2374062 9.2368829 9.2363646 9.2358516 9.2353439 9.2348416 9.234345 9.2338541 9.233369 9.23289 9.2324172 9.2319506 9.2314904 9.2310369 9.23059 9.23015 9.2297171 9.2292913 9.2288728 9.2284618 9.2280585 9.2276629 9.2272753 9.2268958 9.2265246 9.2261619 9.2258078 9.2254625 9.2251262 9.2247991 9.2244813 9.2241731 9.2238747 9.2235862 9.2233079 9.2230399 9.2227825 9.222536 9.2223005 9.2220762 9.2218635 9.2216624 9.2214734 9.2212966 9.2211323
9.2468016 9.2462277 9.2456571 9.2450898 9.244526 9.2439657 9.2434092 9.2428565 9.2423078 9.2417631 9.2412227 9.2406865 9.2401548 9.2396277 9.2391053 9.2385877 9.2380751 9.2375675 9.2370652 9.2365682 9.2360767 9.2355908 9.2351106 9.2346364 9.2341681 9.233706 9.2332502 9.2328009 9.2323581 9.231922 9.2314929 9.2310707 9.2306557 9.2302481 9.2298479 9.2294553 9.2290705 9.2286937 9.228325 9.2279646 9.2276126 9.2272693 9.2269348 9.2266092 9.2262928 9.2259858 9.2256883 9.2254006 9.2251227 9.2248551 9.2245977 9.2243509 9.2241149 9.2238899 9.2236761 9.2234738 9.2232832 9.2231044 9.2229379 9.2227838
9.2478177 9.247254 9.2466936 9.2461366 9.245583 9.2450331 9.2444869 9.2439446 9.2434062 9.242872 9.2423419 9.2418162 9.241295 9.2407783 9.2402664 9.2397593 9.2392572 9.2387602 9.2382684 9.2377819 9.237301 9.2368256 9.236356 9.2358923 9.2354347 9.2349832 9.2345379 9.2340992 9.233667 9.2332415 9.232823 9.2324114 9.232007 9.2316099 9.2312203 9.2308384 9.2304642 9.2300979 9.2297398 9.2293899 9.2290485 9.2287157 9.2283917 9.2280767 9.2277708 9.2274742 9.2271872 9.2269099 9.2266425 9.2263852 9.2261382 9.2259017 9.225676 9.2254612 9.2252576 9.2250654 9.2248848 9.2247161 9.2245595 9.2244153
9.2488264 9.2482728 9.2477225 9.2471755 9.2466321 9.2460924 9.2455563 9.2450242 9.2444961 9.243972 9.2434522 9.2429368 9.2424259 9.2419195 9.2414179 9.2409211 9.2404293 9.2399426 9.2394612 9.2389851 9.2385145 9.2380496 9.2375904 9.237137 9.2366898 9.2362486 9.2358138 9.2353855 9.2349637 9.2345486 9.2341404 9.2337393 9.2333453 9.2329586 9.2325794 9.2322078 9.2318439 9.2314881 9.2311403 9.2308008 9.2304697 9.2301472 9.2298335 9.2295287 9.2292331 9.2289468 9.2286699 9.2284028 9.2281455 9.2278983 9.2276614 9.227435 9.2272193 9.2270145 9.2268208 9.2266384 9.2264676 9.2263087 9.2261617 9.2260271
9.2498279 9.2492842 9.2487437 9.2482068 9.2476733 9.2471435 9.2466175 9.2460954 9.2455773 9.2450634 9.2445537 9.2440483 9.2435475 9.2430513 9.2425598 9.2420732 9.2415915 9.241115 9.2406438 9.2401779 9.2397175 9.2392627 9.2388137 9.2383706 9.2379335 9.2375026 9.237078 9.2366598 9.2362483 9.2358434 9.2354454 9.2350545 9.2346706 9.2342941 9.2339251 9.2335637 9.23321 9.2328643 9.2325266 9.2321972 9.2318763 9.2315639 9.2312602 9.2309655 9.2306799 9.2304036 9.2301367 9.2298795 9.2296321 9.2293948 9.2291677 9.2289511 9.2287451 9.22855 9.2283659 9.2281931 9.2280319 9.2278823 9.2277448 9.2276194
9.2508221 9.2502881 9.2497575 9.2492303 9.2487067 9.2481867 9.2476706 9.2471584 9.2466502 9.2461461 9.2456463 9.2451509 9.24466 9.2441737 9.2436922 9.2432156 9.2427439 9.2422774 9.2418162 9.2413603 9.2409099 9.2404651 9.2400262 9.2395931 9.239166 9.2387451 9.2383306 9.2379224 9.2375209 9.237126 9.2367381 9.2363571 9.2359833 9.2356168 9.2352577 9.2349062 9.2345625 9.2342267 9.233899 9.2335795 9.2332684 9.2329659 9.2326721 9.2323872 9.2321114 9.2318448 9.2315877 9.2313402 9.2311025 9.2308748 9.2306573 9.2304502 9.2302536 9.2300679 9.2298932 9.2297298 9.2295777 9.2294374 9.2293089 9.2291925
9.2518092 9.2512848 9.2507638 9.2502462 9.2497322 9.249222 9.2487155 9.248213 9.2477145 9.2472202 9.2467302 9.2462446 9.2457635 9.245287 9.2448153 9.2443484 9.2438866 9.2434299 9.2429785 9.2425324 9.2420919 9.241657 9.2412279 9.2408046 9.2403874 9.2399764 9.2395716 9.2391733 9.2387816 9.2383966 9.2380184 9.2376473 9.2372833 9.2369265 9.2365772 9.2362355 9.2359016 9.2355755 9.2352575 9.2349477 9.2346463 9.2343534 9.2340692 9.2337939 9.2335277 9.2332706 9.233023 9.232785 9.2325567 9.2323384 9.2321302 9.2319324 9.2317451 9.2315686 9.231403 9.2312485 9.2311055 9.230974 9.2308543 9.2307467
9.2527891 9.2522742 9.2517626 9.2512546 9.2507501 9.2502493 9.2497524 9.2492595 9.2487706 9.2482858 9.2478054 9.2473294 9.2468579 9.2463911 9.245929 9.2454718 9.2450196 9.2445726 9.2441308 9.2436945 9.2432636 9.2428383 9.2424189 9.2420053 9.2415978 9.2411964 9.2408013 9.2404127 9.2400306 9.2396552 9.2392867 9.2389251 9.2385707 9.2382236 9.2378839 9.2375518 9.2372273 9.2369108 9.2366023 9.236302 9.23601 9.2357266 9.2354518 9.2351859 9.234929 9.2346813 9.2344429 9.2342141 9.233995 9.2337858 9.2335868 9.233398 9.2332197 9.233052 9.2328953 9.2327497 9.2326153 9.2324925 9.2323813 9.2322821
9.253762 9.2532563 9.2527541 9.2522554 9.2517603 9.2512689 9.2507814 9.2502978 9.2498183 9.249343 9.248872 9.2484055 9.2479434 9.2474861 9.2470335 9.2465858 9.2461431 9.2457056 9.2452733 9.2448464 9.244425 9.2440093 9.2435993 9.2431952 9.2427972 9.2424053 9.2420197 9.2416405 9.2412679 9.240902 9.2405429 9.2401908 9.2398458 9.2395081 9.2391778 9.238855 9.23854 9.2382327 9.2379336 9.2376425 9.2373598 9.2370856 9.23682 9.2365633 9.2363155 9.2360768 9.2358475 9.2356277 9.2354176 9.2352173 9.2350271 9.2348471 9.2346776 9.2345186 9.2343705 9.2342334 9.2341075 9.233993 9.2338902 9.2337992
9.2547278 9.2542313 9.2537382 9.2532487 9.2527628 9.2522807 9.2518024 9.2513281 9.2508578 9.2503918 9.2499301 9.2494729 9.2490201 9.2485721 9.2481288 9.2476904 9.2472571 9.2468289 9.2464059 9.2459884 9.2455763 9.2451699 9.2447693 9.2443745 9.2439858 9.2436032 9.2432269 9.2428571 9.2424937 9.2421371 9.2417873 9.2414444 9.2411087 9.2407801 9.240459 9.2401454 9.2398395 9.2395415 9.2392514 9.2389694 9.2386958 9.2384306 9.238174 9.2379262 9.2376873 9.2374576 9.2372371 9.2370261 9.2368247 9.2366331 9.2364515 9.2362801 9.236119 9.2359685 9.2358287 9.2356999 9.2355822 9.2354759 9.2353811 9.235298
9.2556867 9.2551992 9.2547151 9.2542346 9.2537578 9.2532847 9.2528155 9.2523503 9.2518892 9.2514323 9.2509798 9.2505316 9.2500881 9.2496492 9.249215 9.2487858 9.2483617 9.2479426 9.2475288 9.2471205 9.2467176 9.2463203 9.2459289 9.2455433 9.2451637 9.2447903 9.2444231 9.2440623 9.2437081 9.2433606 9.2430198 9.242686 9.2423593 9.2420399 9.2417278 9.2414232 9.2411262 9.2408371 9.2405559 9.2402829 9.2400181 9.2397617 9.2395139 9.2392748 9.2390446 9.2388235 9.2386117 9.2384092 9.2382164 9.2380332 9.23786 9.237697 9.2375442 9.2374019 9.2372703 9.2371495 9.2370398 9.2369413 9.2368543 9.2367789
9.2566385 9.2561599 9.2556848 9.2552132 9.2547453 9.2542811 9.2538209 9.2533646 9.2529125 9.2524646 9.252021 9.2515819 9.2511473 9.2507174 9.2502923 9.2498721 9.2494569 9.2490469 9.2486421 9.2482427 9.2478489 9.2474606 9.2470782 9.2467016 9.246331 9.2459665 9.2456083 9.2452565 9.2449112 9.2445726 9.2442407 9.2439158 9.243598 9.2432874 9.2429841 9.2426883 9.2424001 9.2421198 9.2418473 9.2415829 9.2413268 9.241079 9.2408398 9.2406093 9.2403876 9.240175 9.2399715 9.2397775 9.2395929 9.239418 9.239253 9.239098 9.2389533 9.238819 9.2386952 9.2385823 9.2384803 9.2383895 9.23831 9.2382421
9.2575835 9.2571137 9.2566472 9.2561844 9.2557253 9.2552699 9.2548185 9.254371 9.2539277 9.2534886 9.2530539 9.2526236 9.2521979 9.2517768 9.2513606 9.2509492 9.2505429 9.2501418 9.2497458 9.2493553 9.2489703 9.2485909 9.2482172 9.2478495 9.2474877 9.247132 9.2467826 9.2464396 9.2461031 9.2457732 9.2454501 9.2451339 9.2448248 9.2445228 9.2442282 9.243941 9.2436614 9.2433896 9.2431257 9.2428698 9.2426222 9.2423828 9.242152 9.2419298 9.2417165 9.2415121 9.2413168 9.2411309 9.2409544 9.2407876 9.2406305 9.2404835 9.2403466 9.24022 9.2401039 9.2399986 9.2399041 9.2398207 9.2397486 9.2396879
9.2585217 9.2580604 9.2576026 9.2571484 9.2566979 9.2562512 9.2558084 9.2553696 9.254935 9.2545046 9.2540785 9.2536569 9.2532399 9.2528276 9.25242 9.2520174 9.2516198 9.2512273 9.2508401 9.2504583 9.2500819 9.2497112 9.2493462 9.2489871 9.248634 9.248287 9.2479462 9.2476118 9.2472839 9.2469626 9.246648 9.2463404 9.2460398 9.2457463 9.2454601 9.2451814 9.2449103 9.2446468 9.2443913 9.2441437 9.2439043 9.2436732 9.2434506 9.2432365 9.2430313 9.2428349 9.2426477 9.2424697 9.2423011 9.2421421 9.2419928 9.2418534 9.2417242 9.2416051 9.2414965 9.2413986 9.2413114 9.2412352 9.2411701 9.2411164
9.259453 9.2590002 9.2585509 9.2581052 9.2576631 9.257225 9.2567907 9.2563605 9.2559344 9.2555125 9.255095 9.2546819 9.2542735 9.2538697 9.2534707 9.2530766 9.2526875 9.2523036 9.251925 9.2515517 9.2511839 9.2508217 9.2504652 9.2501146 9.24977 9.2494314 9.2490991 9.2487732 9.2484537 9.2481408 9.2478347 9.2475354 9.2472431 9.246958 9.2466801 9.2464096 9.2461467 9.2458915 9.2456441 9.2454046 9.2451733 9.2449503 9.2447356 9.2445296 9.2443322 9.2441438 9.2439643 9.2437941 9.2436332 9.2434818 9.24334 9.2432082 9.2430863 9.2429746 9.2428733 9.2427824 9.2427023 9.2426331 9.2425749 9.242528
9.2603776 9.2599331 9.2594921 9.2590548 9.2586211 9.2581913 9.2577654 9.2573436 9.2569259 9.2565124 9.2561033 9.2556987 9.2552986 9.2549032 9.2545126 9.254127 9.2537463 9.2533708 9.2530005 9.2526356 9.2522762 9.2519224 9.2515743 9.251232 9.2508957 9.2505655 9.2502415 9.2499238 9.2496126 9.249308 9.2490101 9.248719 9.2484349 9.2481579 9.2478881 9.2476258 9.2473709 9.2471237 9.2468843 9.2466528 9.2464294 9.2462142 9.2460074 9.2458091 9.2456195 9.2454387 9.2452669 9.2451042 9.2449507 9.2448068 9.2446724 9.2445478 9.2444331 9.2443286 9.2442343 9.2441504 9.2440772 9.2440147 9.2439632 9.2439228
9.2612955 9.2608592 9.2604264 9.2599973 9.2595718 9.2591503 9.2587326 9.258319 9.2579096 9.2575044 9.2571035 9.2567072 9.2563154 9.2559283 9.255546 9.2551685 9.2547961 9.2544289 9.2540669 9.2537102 9.253359 9.2530134 9.2526735 9.2523394 9.2520113 9.2516893 9.2513734 9.2510639 9.2507608 9.2504642 9.2501744 9.2498913 9.2496152 9.2493462 9.2490844 9.24883 9.248583 9.2483437 9.2481121 9.2478883 9.2476727 9.2474652 9.247266 9.2470753 9.2468932 9.2467199 9.2465555 9.2464001 9.246254 9.2461173 9.2459901 9.2458726 9.2457649 9.2456673 9.2455798 9.2455027 9.2454362 9.2453802 9.2453352 9.2453012
9.2622067 9.2617784 9.2613537 9.2609327 9.2605154 9.2601019 9.2596924 9.2592869 9.2588856 9.2584885 9.2580958 9.2577075 9.2573239 9.2569449 9.2565707 9.2562014 9.2558371 9.255478 9.255124 9.2547755 9.2544324 9.2540948 9.253763 9.253437 9.2531169 9.2528029 9.252495 9.2521934 9.2518983 9.2516096 9.2513277 9.2510525 9.2507843 9.2505231 9.2502691 9.2500224 9.2497831 9.2495515 9.2493275 9.2491114 9.2489033 9.2487033 9.2485116 9.2483283 9.2481536 9.2479875 9.2478304 9.2476822 9.2475432 9.2474135 9.2472933 9.2471827 9.2470818 9.2469909 9.2469101 9.2468396 9.2467795 9.2467299 9.2466911 9.2466632
