Cobbity3/Refined/QGIS/Mixed_check.asc
NCOLS 600
NROWS 430
XLLCORNER 150.661
YLLCORNER -34.0279
CELLSIZE 1e-05
NODATA_VALUE -9999
[rows 78 to 103 of 430, columns 0 to 59 of 600]
9.3437718 9.3431772 9.3425698 9.3419493 9.3413153 9.3406675 9.3400056 9.3393292 9.338638 9.3379315 9.3372095 9.3364715 9.3357171 9.334946 9.3341577 9.3333518 9.3325278 9.3316854 9.3308241 9.3299433 9.3290428 9.3281219 9.3271801 9.3262171 9.3252321 9.3242249 9.3231947 9.3221411 9.3210635 9.3199613 9.3188339 9.3176808 9.3165013 9.3152949 9.3140609 9.3127986 9.3115074 9.3101867 9.3088358 9.3074539 9.3060404 9.3045946 9.3031158 9.3016031 9.3000559 9.2984734 9.2968549 9.2951995 9.2935065 9.291775 9.2900043 9.2881936 9.2863419 9.2844486 9.2825127 9.2805334 9.2785098 9.2764411 9.2743264 9.2721649
9.3437862 9.3431923 9.3425855 9.3419655 9.341332 9.3406845 9.3400228 9.3393466 9.3386553 9.3379488 9.3372265 9.3364881 9.3357332 9.3349614 9.3341723 9.3333653 9.3325402 9.3316964 9.3308335 9.3299509 9.3290483 9.3281251 9.3271809 9.326215 9.325227 9.3242164 9.3231825 9.3221249 9.3210429 9.319936 9.3188036 9.317645 9.3164596 9.3152468 9.314006 9.3127365 9.3114375 9.3101085 9.3087487 9.3073573 9.3059338 9.3044773 9.302987 9.3014623 9.2999023 9.2983062 9.2966733 9.2950026 9.2932935 9.291545 9.2897563 9.2879265 9.2860548 9.2841403 9.282182 9.2801791 9.2781308 9.2760359 9.2738938 9.2717033
9.343807 9.3432139 9.342608 9.3419887 9.3413558 9.3407089 9.3400477 9.3393717 9.3386808 9.3379743 9.3372521 9.3365136 9.3357584 9.3349862 9.3341964 9.3333888 9.3325627 9.3317178 9.3308536 9.3299695 9.3290652 9.32814 9.3271936 9.3262252 9.3252345 9.3242208 9.3231837 9.3221224 9.3210364 9.3199252 9.318788 9.3176243 9.3164334 9.3152147 9.3139674 9.312691 9.3113847 9.3100477 9.3086795 9.3072791 9.3058459 9.3043791 9.3028779 9.3013415 9.2997691 9.2981599 9.296513 9.2948276 9.2931027 9.2913376 9.2895314 9.287683 9.2857916 9.2838563 9.2818762 9.2798502 9.2777774 9.2756568 9.2734875 9.2712685
9.343834 9.3432421 9.3426371 9.3420188 9.3413867 9.3407406 9.3400801 9.3394047 9.3387143 9.3380082 9.3372862 9.3365478 9.3357927 9.3350203 9.3342303 9.3334221 9.3325955 9.3317497 9.3308845 9.3299993 9.3290935 9.3281667 9.3272184 9.3262479 9.3252548 9.3242384 9.3231983 9.3221337 9.3210441 9.3199289 9.3187874 9.317619 9.316423 9.3151987 9.3139455 9.3126626 9.3113493 9.3100048 9.3086285 9.3072196 9.3057772 9.3043005 9.3027888 9.3012413 9.299657 9.298035 9.2963747 9.2946749 9.2929349 9.2911536 9.2893302 9.2874638 9.2855532 9.2835976 9.281596 9.2795473 9.2774506 9.2753047 9.2731087 9.2708615
9.3438674 9.3432767 9.342673 9.3420558 9.3414248 9.3407797 9.3401201 9.3394456 9.3387558 9.3380504 9.3373289 9.3365909 9.3358361 9.3350638 9.3342738 9.3334655 9.3326385 9.3317923 9.3309263 9.3300402 9.3291334 9.3282053 9.3272554 9.3262831 9.325288 9.3242693 9.3232265 9.322159 9.3210662 9.3199474 9.318802 9.3176292 9.3164285 9.3151991 9.3139403 9.3126514 9.3113316 9.3099801 9.3085962 9.3071791 9.305728 9.304242 9.3027203 9.301162 9.2995663 9.2979321 9.2962588 9.2945452 9.2927904 9.2909936 9.2891536 9.2872695 9.2853403 9.2833649 9.2813423 9.2792714 9.2771512 9.2749805 9.2727583 9.2704834
9.343907 9.3433178 9.3427155 9.3420997 9.3414701 9.3408262 9.3401677 9.3394943 9.3388055 9.338101 9.3373803 9.336643 9.3358886 9.3351168 9.334327 9.3335189 9.3326918 9.3318454 9.3309792 9.3300925 9.3291849 9.3282558 9.3273047 9.326331 9.3253342 9.3243136 9.3232686 9.3221985 9.3211029 9.3199809 9.318832 9.3176553 9.3164503 9.3152162 9.3139523 9.3126578 9.3113319 9.3099739 9.3085829 9.3071581 9.3056988 9.3042039 9.3026727 9.3011042 9.2994975 9.2978517 9.2961659 9.294439 9.2926701 9.2908581 9.2890021 9.2871009 9.2851535 9.2831589 9.2811159 9.2790234 9.2768802 9.2746853 9.2724373 9.2701353
9.3439529 9.3433655 9.3427648 9.3421506 9.3415225 9.3408801 9.340223 9.3395509 9.3388634 9.33816 9.3374403 9.3367039 9.3359504 9.3351793 9.3343901 9.3335824 9.3327556 9.3319093 9.331043 9.3301561 9.3292481 9.3283184 9.3273665 9.3263917 9.3253936 9.3243714 9.3233245 9.3222524 9.3211543 9.3200296 9.3188775 9.3176974 9.3164886 9.3152502 9.3139816 9.312682 9.3113506 9.3099865 9.3085889 9.3071569 9.3056898 9.3041866 9.3026464 9.3010682 9.2994512 9.2977943 9.2960965 9.2943569 9.2925744 9.2907479 9.2888763 9.2869587 9.2849938 9.2829805 9.2809176 9.278804 9.2766385 9.2744198 9.2721468 9.2698181
9.3440051 9.3434195 9.3428207 9.3422083 9.341582 9.3409413 9.3402859 9.3396154 9.3389293 9.3382273 9.337509 9.3367738 9.3360214 9.3352513 9.334463 9.333656 9.3328298 9.331984 9.331118 9.3302312 9.3293231 9.3283931 9.3274407 9.3264653 9.3254662 9.3244429 9.3233946 9.3223207 9.3212206 9.3200935 9.3189388 9.3177557 9.3165435 9.3153014 9.3140286 9.3127244 9.3113878 9.3100181 9.3086144 9.3071759 9.3057016 9.3041905 9.3026419 9.3010546 9.2994278 9.2977603 9.2960512 9.2942994 9.2925039 9.2906635 9.2887771 9.2868435 9.2848617 9.2828303 9.2807482 9.2786142 9.276427 9.2741852 9.2718877 9.2695329
9.3440634 9.34348 9.3428833 9.342273 9.3416486 9.3410099 9.3403564 9.3396877 9.3390034 9.338303 9.3375863 9.3368526 9.3361016 9.3353328 9.3345457 9.3337397 9.3329145 9.3320695 9.3312041 9.3303177 9.3294099 9.3284801 9.3275276 9.3265519 9.3255523 9.3245281 9.3234788 9.3224037 9.321302 9.320173 9.3190161 9.3178305 9.3166153 9.3153699 9.3140934 9.312785 9.3114439 9.3100692 9.3086599 9.3072153 9.3057343 9.3042161 9.3026595 9.3010638 9.2994277 9.2977503 9.2960305 9.2942671 9.2924592 9.2906055 9.2887049 9.2867561 9.284758 9.2827092 9.2806086 9.2784548 9.2762465 9.2739824 9.271661 9.2692809
9.3441279 9.3435469 9.3429525 9.3423444 9.3417223 9.3410858 9.3404344 9.3397678 9.3390855 9.3383872 9.3376723 9.3369404 9.3361911 9.3354239 9.3346382 9.3338337 9.3330097 9.3321658 9.3313013 9.3304158 9.3295087 9.3285793 9.3276272 9.3266515 9.3256518 9.3246273 9.3235774 9.3225013 9.3213985 9.3202681 9.3191095 9.3179218 9.3167042 9.315456 9.3141763 9.3128643 9.3115192 9.3101399 9.3087257 9.3072755 9.3057885 9.3042635 9.3026997 9.301096 9.2994514 9.2977646 9.2960347 9.2942606 9.2924409 9.2905746 9.2886604 9.2866971 9.2846834 9.282618 9.2804995 9.2783267 9.276098 9.2738122 9.2714677 9.269063
9.3441986 9.3436201 9.3430283 9.3424227 9.3418031 9.341169 9.34052 9.3398557 9.3391758 9.3384796 9.3377669 9.3370371 9.3362898 9.3355245 9.3347407 9.3339378 9.3331154 9.332273 9.3314099 9.3305256 9.3296194 9.3286909 9.3277394 9.3267643 9.3257648 9.3247404 9.3236903 9.3226139 9.3215104 9.320379 9.3192191 9.3180298 9.3168103 9.3155598 9.3142775 9.3129624 9.3116138 9.3102306 9.3088119 9.3073568 9.3058643 9.3043333 9.3027629 9.3011519 9.2994993 9.2978039 9.2960646 9.2942802 9.2924495 9.2905713 9.2886443 9.2866671 9.2846386 9.2825572 9.2804217 9.2782306 9.2759824 9.2736756 9.2713088 9.2688803
9.3442753 9.3436996 9.3431105 9.3425078 9.3418909 9.3412594 9.3406131 9.3399515 9.339274 9.3385804 9.3378701 9.3371427 9.3363977 9.3356346 9.334853 9.3340522 9.3332317 9.332391 9.3315296 9.3306469 9.3297422 9.3288149 9.3278645 9.3268902 9.3258915 9.3248676 9.3238178 9.3227414 9.3216376 9.3205058 9.3193451 9.3181547 9.3169338 9.3156816 9.3143971 9.3130796 9.311728 9.3103414 9.3089189 9.3074595 9.3059621 9.3044257 9.3028493 9.3012317 9.2995718 9.2978684 9.2961204 9.2943266 9.2924856 9.2905962 9.2886571 9.2866669 9.2846243 9.2825278 9.280376 9.2781674 9.2759004 9.2735736 9.2711853 9.2687339
9.344358 9.3437853 9.3431993 9.3425995 9.3419856 9.3413571 9.3407137 9.3400549 9.3393803 9.3386895 9.337982 9.3372573 9.3365149 9.3357543 9.3349751 9.3341767 9.3333585 9.33252 9.3316606 9.3307798 9.3298769 9.3289513 9.3280024 9.3270294 9.3260318 9.3250089 9.3239598 9.3228839 9.3217804 9.3206486 9.3194876 9.3182967 9.3170749 9.3158215 9.3145355 9.3132159 9.311862 9.3104727 9.3090469 9.3075838 9.3060822 9.3045411 9.3029593 9.3013358 9.2996693 9.2979587 9.2962027 9.2944001 9.2925496 9.2906498 9.2886994 9.286697 9.2846411 9.2825303 9.2803631 9.2781379 9.2758531 9.273507 9.2710981 9.2686246
9.3444467 9.3438772 9.3432945 9.3426979 9.3420872 9.3414619 9.3408217 9.3401661 9.3394946 9.3388069 9.3381024 9.3373806 9.3366412 9.3358835 9.3351071 9.3343113 9.3334958 9.3326599 9.3318029 9.3309244 9.3300237 9.3291002 9.3281531 9.3271819 9.3261859 9.3251643 9.3241164 9.3230415 9.3219388 9.3208075 9.3196468 9.3184558 9.3172337 9.3159796 9.3146926 9.3133717 9.3120161 9.3106246 9.3091962 9.30773 9.3062249 9.3046797 9.3030933 9.3014645 9.2997922 9.2980751 9.2963119 9.2945013 9.2926421 9.2907327 9.2887719 9.286758 9.2846898 9.2825656 9.2803838 9.2781428 9.2758411 9.2734768 9.2710483 9.2685537
9.3445412 9.3439753 9.343396 9.3428029 9.3421956 9.3415738 9.3409371 9.3402849 9.3396168 9.3389324 9.3382312 9.3375128 9.3367766 9.3360221 9.3352488 9.3344562 9.3336436 9.3328106 9.3319564 9.3310806 9.3301825 9.3292614 9.3283167 9.3273477 9.3263537 9.325334 9.3242878 9.3232144 9.3221129 9.3209826 9.3198227 9.3186322 9.3174103 9.3161561 9.3148687 9.3135471 9.3121903 9.3107973 9.309367 9.3078984 9.3063904 9.3048418 9.3032515 9.3016183 9.2999409 9.298218 9.2964484 9.2946307 9.2927635 9.2908454 9.2888749 9.2868506 9.2847709 9.2826341 9.2804387 9.278183 9.2758653 9.2734838 9.2710366 9.2685219
9.3446416 9.3440793 9.3435037 9.3429144 9.3423108 9.3416928 9.3410597 9.3404112 9.3397468 9.3390661 9.3383686 9.3376538 9.3369211 9.3361702 9.3354003 9.3346111 9.3338019 9.3329721 9.3321212 9.3312485 9.3303534 9.3294352 9.3284932 9.3275269 9.3265353 9.3255179 9.3244739 9.3234024 9.3223027 9.321174 9.3200153 9.3188259 9.3176049 9.3163512 9.315064 9.3137422 9.3123849 9.310991 9.3095595 9.3080892 9.306579 9.3050278 9.3034343 9.3017973 9.3001156 9.2983878 9.2966126 9.2947886 9.2929143 9.2909884 9.2890092 9.2869753 9.284885 9.2827367 9.2805287 9.2782592 9.2759265 9.2735288 9.271064 9.2685303
9.3447476 9.3441893 9.3436177 9.3430323 9.3424327 9.3418186 9.3411895 9.340545 9.3398846 9.3392079 9.3385143 9.3378034 9.3370746 9.3363275 9.3355615 9.3347761 9.3339706 9.3331445 9.3322971 9.3314279 9.3305362 9.3296213 9.3286826 9.3277193 9.3267307 9.3257161 9.3246747 9.3236057 9.3225083 9.3213817 9.3202249 9.3190371 9.3178174 9.3165648 9.3152784 9.3139572 9.3126 9.3112059 9.3097738 9.3083025 9.3067909 9.3052378 9.3036419 9.302002 9.3003168 9.2985848 9.2968049 9.2949754 9.293095 9.2911621 9.2891751 9.2871326 9.2850327 9.2828739 9.2806543 9.2783721 9.2760255 9.2736126 9.2711314 9.2685799
9.3448593 9.3443052 9.3437377 9.3431565 9.3425612 9.3419513 9.3413265 9.3406863 9.3400301 9.3393576 9.3386683 9.3379616 9.3372371 9.3364942 9.3357324 9.334951 9.3341496 9.3333276 9.3324842 9.3316189 9.330731 9.3298199 9.3288848 9.327925 9.3269399 9.3259286 9.3248903 9.3238243 9.3227297 9.3216057 9.3204513 9.3192658 9.318048 9.3167972 9.3155122 9.3141921 9.3128358 9.3114422 9.3100102 9.3085386 9.3070263 9.3054721 9.3038746 9.3022325 9.3005446 9.2988094 9.2970255 9.2951915 9.2933059 9.291367 9.2893732 9.287323 9.2852146 9.2830463 9.2808161 9.2785224 9.276163 9.2737362 9.2712397 9.2686715
9.3449765 9.3444267 9.3438637 9.343287 9.3426962 9.3420908 9.3414705 9.3408348 9.3401832 9.3395153 9.3388305 9.3381284 9.3374085 9.3366701 9.3359128 9.3351359 9.334339 9.3335213 9.3326823 9.3318213 9.3309377 9.3300308 9.3290998 9.328144 9.3271628 9.3261552 9.3251206 9.3240581 9.3229669 9.3218461 9.3206947 9.319512 9.3182968 9.3170483 9.3157654 9.3144471 9.3130923 9.3116999 9.3102687 9.3087977 9.3072854 9.3057308 9.3041325 9.3024891 9.3007994 9.2990618 9.297275 9.2954373 9.2935474 9.2916034 9.2896039 9.2875471 9.2854312 9.2832544 9.2810149 9.2787107 9.2763398 9.2739001 9.2713896 9.268806
9.3450991 9.344554 9.3439956 9.3434236 9.3428375 9.3422369 9.3416214 9.3409906 9.3403438 9.3396807 9.3390009 9.3383036 9.3375886 9.3368551 9.3361026 9.3353307 9.3345386 9.3337257 9.3328915 9.3320352 9.3311563 9.3302539 9.3293275 9.3283762 9.3273994 9.3263961 9.3253657 9.3243072 9.3232199 9.3221028 9.3209551 9.3197757 9.3185638 9.3173182 9.3160381 9.3147223 9.3133697 9.3119792 9.3105496 9.3090797 9.3075683 9.3060142 9.3044159 9.3027721 9.3010814 9.2993423 9.2975534 9.2957131 9.2938198 9.2918719 9.2898676 9.2878053 9.285683 9.2834989 9.2812511 9.2789376 9.2765564 9.2741052 9.2715819 9.2689843
9.3452269 9.3446867 9.3441333 9.3435662 9.3429851 9.3423896 9.3417792 9.3411534 9.3405118 9.3398539 9.3391792 9.3384872 9.3377773 9.3370491 9.3363019 9.3355351 9.3347482 9.3339406 9.3331116 9.3322605 9.3313866 9.3304894 9.3295679 9.3286216 9.3276496 9.3266512 9.3256254 9.3245716 9.3234887 9.3223759 9.3212324 9.320057 9.3188489 9.317607 9.3163302 9.3150176 9.3136679 9.31228 9.3108528 9.309385 9.3078752 9.3063223 9.3047249 9.3030815 9.3013908 9.2996512 9.2978612 9.2960192 9.2941236 9.2921727 9.2901648 9.2880979 9.2859704 9.2837802 9.2815254 9.2792038 9.2768135 9.2743521 9.2718174 9.2692071
9.34536 9.3448249 9.3442766 9.3437147 9.3431389 9.3425487 9.3419436 9.3413232 9.3406871 9.3400346 9.3393654 9.338679 9.3379747 9.337252 9.3365104 9.3357492 9.3349679 9.3341659 9.3333425 9.3324969 9.3316287 9.3307369 9.329821 9.3288801 9.3279135 9.3269203 9.3258998 9.3248511 9.3237732 9.3226654 9.3215266 9.3203558 9.3191522 9.3179146 9.3166419 9.3153332 9.3139871 9.3126026 9.3111785 9.3097134 9.3082062 9.3066554 9.3050597 9.3034176 9.3017278 9.2999886 9.2981985 9.2963558 9.294459 9.2925062 9.2904956 9.2884255 9.2862939 9.2840988 9.2818381 9.2795098 9.2771117 9.2746415 9.2720968 9.2694752
9.3454981 9.3449683 9.3444254 9.343869 9.3432987 9.342714 9.3421146 9.3414999 9.3408694 9.3402228 9.3395594 9.3388788 9.3381804 9.3374637 9.336728 9.3359728 9.3351975 9.3344015 9.3335841 9.3327446 9.3318823 9.3309965 9.3300865 9.3291515 9.3281908 9.3272035 9.3261887 9.3251457 9.3240734 9.3229711 9.3218376 9.3206722 9.3194736 9.318241 9.3169731 9.3156689 9.3143273 9.3129469 9.3115267 9.3100652 9.3085613 9.3070135 9.3054204 9.3037806 9.3020925 9.3003547 9.2985655 9.2967232 9.2948262 9.2928726 9.2908606 9.2887883 9.2866538 9.2844551 9.2821899 9.2798562 9.2774516 9.2749739 9.2724206 9.2697893
9.345641 9.3451168 9.3445795 9.3440289 9.3434643 9.3428855 9.342292 9.3416832 9.3410588 9.3404183 9.339761 9.3390866 9.3383944 9.337684 9.3369546 9.3362058 9.3354369 9.3346473 9.3338363 9.3330032 9.3321473 9.331268 9.3303645 9.3294359 9.3284815 9.3275005 9.3264921 9.3254553 9.3243892 9.323293 9.3221655 9.321006 9.3198132 9.3185862 9.3173238 9.3160249 9.3146884 9.313313 9.3118974 9.3104404 9.3089406 9.3073967 9.3058071 9.3041705 9.3024852 9.3007497 9.2989624 9.2971216 9.2952254 9.2932722 9.2912599 9.2891867 9.2870506 9.2848494 9.2825811 9.2802433 9.2778337 9.27535 9.2727896 9.2701501
9.3457888 9.3452703 9.3447389 9.3441942 9.3436357 9.343063 9.3424756 9.3418731 9.3412551 9.3406209 9.3399701 9.3393022 9.3386166 9.3379128 9.3371901 9.336448 9.3356859 9.3349031 9.3340989 9.3332727 9.3324237 9.3315513 9.3306547 9.329733 9.3287855 9.3278114 9.3268098 9.3257798 9.3247205 9.3236309 9.3225102 9.3213571 9.3201708 9.3189501 9.3176939 9.3164011 9.3150705 9.3137007 9.3122907 9.3108389 9.3093442 9.3078049 9.3062198 9.3045873 9.3029058 9.3011737 9.2993894 9.2975511 9.2956569 9.2937052 9.2916938 9.289621 9.2874845 9.2852822 9.283012 9.2806715 9.2782584 9.2757702 9.2732043 9.2705581
9.345941 9.3454286 9.3449033 9.3443648 9.3438126 9.3432463 9.3426654 9.3420694 9.341458 9.3408305 9.3401865 9.3395254 9.3388468 9.3381499 9.3374343 9.3366993 9.3359443 9.3351687 9.3343718 9.3335529 9.3327113 9.3318462 9.330957 9.3300427 9.3291027 9.328136 9.3271417 9.3261191 9.3250672 9.3239849 9.3228714 9.3217255 9.3205463 9.3193327 9.3180834 9.3167974 9.3154734 9.3141102 9.3127064 9.3112608 9.3097719 9.3082384 9.3066586 9.3050312 9.3033545 9.3016268 9.2998465 9.2980118 9.2961209 9.2941718 9.2921626 9.2900913 9.2879557 9.2857537 9.2834831 9.2811414 9.2787262 9.276235 9.2736652 9.271014
