Cobbity3/Refined/QGIS/Mixed_check.asc
NCOLS 600
NROWS 430
XLLCORNER 150.661
YLLCORNER -34.0279
CELLSIZE 1e-05
NODATA_VALUE -9999
[rows 26 to 51 of 430, columns 480 to 539 of 600]
9.4850082 9.4849324 9.484856 9.4847791 9.4847018 9.4846239 9.4845456 9.4844668 9.4843875 9.4843079 9.4842278 9.4841472 9.4840663 9.483985 9.4839033 9.4838212 9.4837388 9.483656 9.4835729 9.4834894 9.4834056 9.4833216 9.4832372 9.4831525 9.4830675 9.4829823 9.4828968 9.482811 9.482725 9.4826387 9.4825522 9.4824655 9.4823786 9.4822914 9.4822041 9.4821165 9.4820288 9.4819409 9.4818528 9.4817646 9.4816762 9.4815876 9.4814989 9.4814101 9.4813211 9.481232 9.4811428 9.4810535 9.480964 9.4808745 9.4807849 9.4806951 9.4806053 9.4805154 9.4804255 9.4803354 9.4802453 9.4801552 9.4800649 9.4799747
9.485203 9.4851258 9.485048 9.4849698 9.484891 9.4848118 9.4847321 9.4846519 9.4845714 9.4844904 9.4844089 9.4843271 9.4842449 9.4841623 9.4840793 9.4839959 9.4839122 9.4838282 9.4837438 9.4836591 9.4835741 9.4834888 9.4834032 9.4833173 9.4832312 9.4831447 9.483058 9.4829711 9.4828839 9.4827965 9.4827089 9.482621 9.482533 9.4824447 9.4823563 9.4822676 9.4821788 9.4820898 9.4820006 9.4819113 9.4818219 9.4817323 9.4816425 9.4815526 9.4814626 9.4813725 9.4812823 9.481192 9.4811015 9.481011 9.4809204 9.4808297 9.4807389 9.480648 9.4805571 9.4804661 9.4803751 9.480284 9.4801928 9.4801017
9.4853979 9.4853193 9.4852401 9.4851604 9.4850803 9.4849997 9.4849187 9.4848372 9.4847552 9.4846729 9.4845901 9.484507 9.4844234 9.4843395 9.4842553 9.4841706 9.4840857 9.4840004 9.4839147 9.4838288 9.4837425 9.483656 9.4835692 9.4834821 9.4833947 9.4833071 9.4832192 9.4831311 9.4830428 9.4829542 9.4828654 9.4827764 9.4826873 9.4825979 9.4825083 9.4824186 9.4823286 9.4822386 9.4821483 9.4820579 9.4819674 9.4818767 9.481786 9.481695 9.481604 9.4815129 9.4814216 9.4813303 9.4812388 9.4811473 9.4810557 9.480964 9.4808722 9.4807804 9.4806885 9.4805966 9.4805046 9.4804126 9.4803205 9.4802284
9.4855929 9.4855128 9.4854323 9.4853512 9.4852697 9.4851877 9.4851053 9.4850224 9.4849391 9.4848554 9.4847713 9.4846869 9.484602 9.4845168 9.4844312 9.4843453 9.484259 9.4841725 9.4840856 9.4839984 9.4839109 9.4838232 9.4837351 9.4836468 9.4835582 9.4834694 9.4833804 9.4832911 9.4832015 9.4831118 9.4830219 9.4829318 9.4828414 9.4827509 9.4826602 9.4825694 9.4824783 9.4823872 9.4822959 9.4822044 9.4821128 9.4820211 9.4819292 9.4818373 9.4817452 9.481653 9.4815607 9.4814684 9.4813759 9.4812834 9.4811908 9.4810981 9.4810054 9.4809126 9.4808198 9.4807269 9.480634 9.480541 9.480448 9.480355
9.485788 9.4857065 9.4856245 9.485542 9.4854591 9.4853757 9.4852919 9.4852076 9.485123 9.485038 9.4849525 9.4848667 9.4847805 9.484694 9.4846071 9.4845199 9.4844324 9.4843445 9.4842564 9.4841679 9.4840792 9.4839902 9.4839009 9.4838114 9.4837216 9.4836316 9.4835414 9.4834509 9.4833602 9.4832693 9.4831782 9.4830869 9.4829955 9.4829038 9.482812 9.48272 9.4826279 9.4825356 9.4824432 9.4823507 9.482258 9.4821652 9.4820723 9.4819793 9.4818862 9.481793 9.4816997 9.4816063 9.4815128 9.4814193 9.4813257 9.4812321 9.4811384 9.4810446 9.4809508 9.480857 9.4807631 9.4806692 9.4805752 9.4804813
9.4859831 9.4859002 9.4858167 9.4857328 9.4856485 9.4855637 9.4854785 9.4853929 9.4853069 9.4852205 9.4851337 9.4850466 9.4849591 9.4848712 9.484783 9.4846945 9.4846057 9.4845166 9.4844271 9.4843374 9.4842474 9.4841572 9.4840667 9.4839759 9.4838849 9.4837937 9.4837022 9.4836106 9.4835187 9.4834267 9.4833344 9.483242 9.4831493 9.4830566 9.4829636 9.4828705 9.4827773 9.4826839 9.4825904 9.4824968 9.482403 9.4823092 9.4822152 9.4821212 9.482027 9.4819328 9.4818384 9.481744 9.4816496 9.481555 9.4814604 9.4813658 9.4812711 9.4811764 9.4810816 9.4809868 9.480892 9.4807971 9.4807022 9.4806074
9.4861783 9.4860939 9.486009 9.4859237 9.4858379 9.4857518 9.4856652 9.4855782 9.4854908 9.485403 9.4853149 9.4852264 9.4851375 9.4850483 9.4849588 9.484869 9.4847789 9.4846885 9.4845978 9.4845068 9.4844156 9.4843241 9.4842323 9.4841403 9.4840481 9.4839557 9.483863 9.4837702 9.4836771 9.4835839 9.4834904 9.4833968 9.4833031 9.4832092 9.4831151 9.4830209 9.4829265 9.4828321 9.4827374 9.4826427 9.4825479 9.482453 9.4823579 9.4822628 9.4821676 9.4820723 9.481977 9.4818816 9.4817861 9.4816905 9.4815949 9.4814993 9.4814036 9.4813079 9.4812122 9.4811164 9.4810206 9.4809248 9.480829 9.4807332
9.4863735 9.4862876 9.4862013 9.4861146 9.4860274 9.4859398 9.4858518 9.4857634 9.4856746 9.4855855 9.485496 9.4854061 9.4853159 9.4852254 9.4851346 9.4850435 9.484952 9.4848603 9.4847683 9.4846761 9.4845836 9.4844908 9.4843978 9.4843046 9.4842112 9.4841175 9.4840236 9.4839296 9.4838353 9.4837409 9.4836463 9.4835516 9.4834567 9.4833616 9.4832664 9.483171 9.4830756 9.48298 9.4828843 9.4827885 9.4826926 9.4825966 9.4825005 9.4824043 9.482308 9.4822117 9.4821153 9.4820189 9.4819224 9.4818258 9.4817292 9.4816326 9.4815359 9.4814392 9.4813425 9.4812458 9.481149 9.4810523 9.4809555 9.4808588
9.4865688 9.4864814 9.4863937 9.4863055 9.4862168 9.4861278 9.4860384 9.4859486 9.4858584 9.4857679 9.485677 9.4855858 9.4854943 9.4854024 9.4853103 9.4852178 9.4851251 9.4850321 9.4849388 9.4848453 9.4847515 9.4846575 9.4845632 9.4844688 9.4843741 9.4842792 9.4841841 9.4840889 9.4839934 9.4838978 9.4838021 9.4837061 9.4836101 9.4835138 9.4834175 9.483321 9.4832244 9.4831277 9.4830309 9.482934 9.482837 9.4827399 9.4826428 9.4825455 9.4824482 9.4823508 9.4822534 9.4821559 9.4820584 9.4819608 9.4818632 9.4817656 9.481668 9.4815703 9.4814726 9.4813749 9.4812772 9.4811795 9.4810818 9.4809841
9.486764 9.4866752 9.486586 9.4864963 9.4864063 9.4863158 9.486225 9.4861338 9.4860422 9.4859503 9.485858 9.4857655 9.4856726 9.4855794 9.4854859 9.4853921 9.485298 9.4852037 9.4851092 9.4850143 9.4849193 9.484824 9.4847285 9.4846328 9.4845369 9.4844408 9.4843445 9.484248 9.4841514 9.4840546 9.4839576 9.4838605 9.4837633 9.4836659 9.4835684 9.4834708 9.4833731 9.4832753 9.4831774 9.4830793 9.4829813 9.4828831 9.4827848 9.4826865 9.4825882 9.4824898 9.4823913 9.4822928 9.4821942 9.4820956 9.481997 9.4818984 9.4817998 9.4817011 9.4816024 9.4815038 9.4814051 9.4813065 9.4812078 9.4811092
9.4869593 9.486869 9.4867783 9.4866872 9.4865957 9.4865038 9.4864115 9.4863189 9.4862259 9.4861326 9.486039 9.485945 9.4858507 9.4857562 9.4856614 9.4855662 9.4854709 9.4853752 9.4852794 9.4851833 9.4850869 9.4849904 9.4848936 9.4847966 9.4846995 9.4846021 9.4845046 9.4844069 9.4843091 9.4842111 9.484113 9.4840147 9.4839163 9.4838178 9.4837191 9.4836204 9.4835215 9.4834226 9.4833236 9.4832245 9.4831253 9.483026 9.4829267 9.4828273 9.4827279 9.4826284 9.4825289 9.4824294 9.4823298 9.4822302 9.4821306 9.4820309 9.4819313 9.4818317 9.481732 9.4816324 9.4815328 9.4814331 9.4813336 9.481234
9.4871545 9.4870627 9.4869706 9.486878 9.486785 9.4866917 9.486598 9.4865039 9.4864095 9.4863148 9.4862198 9.4861245 9.4860288 9.4859329 9.4858367 9.4857403 9.4856436 9.4855466 9.4854495 9.485352 9.4852544 9.4851566 9.4850586 9.4849603 9.4848619 9.4847634 9.4846646 9.4845657 9.4844667 9.4843675 9.4842681 9.4841687 9.4840691 9.4839694 9.4838696 9.4837698 9.4836698 9.4835697 9.4834696 9.4833693 9.4832691 9.4831687 9.4830683 9.4829679 9.4828674 9.4827668 9.4826663 9.4825657 9.4824651 9.4823645 9.4822638 9.4821632 9.4820626 9.4819619 9.4818613 9.4817607 9.4816601 9.4815596 9.481459 9.4813585
9.4873497 9.4872565 9.4871628 9.4870687 9.4869743 9.4868795 9.4867844 9.4866889 9.4865931 9.486497 9.4864005 9.4863038 9.4862068 9.4861095 9.486012 9.4859142 9.4858162 9.4857179 9.4856194 9.4855207 9.4854218 9.4853226 9.4852233 9.4851239 9.4850242 9.4849244 9.4848244 9.4847243 9.484624 9.4845236 9.4844231 9.4843225 9.4842217 9.4841209 9.4840199 9.4839189 9.4838178 9.4837166 9.4836153 9.483514 9.4834126 9.4833112 9.4832097 9.4831082 9.4830066 9.482905 9.4828034 9.4827018 9.4826001 9.4824985 9.4823969 9.4822952 9.4821936 9.4820919 9.4819903 9.4818888 9.4817872 9.4816857 9.4815842 9.4814827
9.4875449 9.4874501 9.487355 9.4872594 9.4871635 9.4870673 9.4869707 9.4868738 9.4867765 9.486679 9.4865811 9.486483 9.4863846 9.486286 9.4861871 9.486088 9.4859886 9.485889 9.4857892 9.4856891 9.4855889 9.4854885 9.4853879 9.4852872 9.4851863 9.4850852 9.484984 9.4848827 9.4847812 9.4846796 9.4845779 9.484476 9.4843741 9.4842721 9.48417 9.4840678 9.4839655 9.4838632 9.4837608 9.4836584 9.4835559 9.4834534 9.4833508 9.4832482 9.4831456 9.4830429 9.4829403 9.4828376 9.4827349 9.4826322 9.4825296 9.4824269 9.4823243 9.4822217 9.4821191 9.4820165 9.481914 9.4818115 9.481709 9.4816066
9.48774 9.4876437 9.4875471 9.48745 9.4873526 9.4872549 9.4871569 9.4870585 9.4869598 9.4868609 9.4867616 9.4866621 9.4865624 9.4864623 9.4863621 9.4862616 9.4861608 9.4860599 9.4859588 9.4858574 9.4857559 9.4856542 9.4855524 9.4854503 9.4853482 9.4852458 9.4851434 9.4850408 9.4849381 9.4848353 9.4847324 9.4846294 9.4845262 9.4844231 9.4843198 9.4842164 9.484113 9.4840096 9.4839061 9.4838025 9.4836989 9.4835953 9.4834916 9.4833879 9.4832842 9.4831805 9.4830768 9.4829731 9.4828694 9.4827657 9.482662 9.4825583 9.4824547 9.4823511 9.4822475 9.482144 9.4820405 9.481937 9.4818336 9.4817303
9.4879351 9.4878373 9.4877391 9.4876406 9.4875417 9.4874425 9.487343 9.4872432 9.4871431 9.4870427 9.486942 9.4868411 9.4867399 9.4866385 9.4865369 9.486435 9.4863329 9.4862306 9.4861282 9.4860255 9.4859227 9.4858197 9.4857166 9.4856133 9.4855098 9.4854062 9.4853025 9.4851987 9.4850948 9.4849908 9.4848867 9.4847824 9.4846781 9.4845738 9.4844693 9.4843648 9.4842603 9.4841557 9.484051 9.4839464 9.4838417 9.4837369 9.4836322 9.4835274 9.4834226 9.4833179 9.4832131 9.4831083 9.4830036 9.4828988 9.4827941 9.4826895 9.4825848 9.4824802 9.4823756 9.4822711 9.4821666 9.4820622 9.4819579 9.4818536
9.4881301 9.4880307 9.487931 9.487831 9.4877306 9.4876299 9.4875289 9.4874277 9.4873261 9.4872243 9.4871222 9.4870199 9.4869173 9.4868145 9.4867115 9.4866082 9.4865048 9.4864012 9.4862974 9.4861934 9.4860893 9.485985 9.4858805 9.485776 9.4856713 9.4855664 9.4854615 9.4853564 9.4852513 9.485146 9.4850407 9.4849353 9.4848298 9.4847242 9.4846186 9.484513 9.4844073 9.4843015 9.4841957 9.4840899 9.4839841 9.4838783 9.4837724 9.4836666 9.4835607 9.4834549 9.4833491 9.4832433 9.4831375 9.4830317 9.482926 9.4828203 9.4827146 9.482609 9.4825034 9.4823979 9.4822925 9.4821871 9.4820818 9.4819765
9.4883249 9.4882241 9.4881228 9.4880213 9.4879194 9.4878172 9.4877148 9.487612 9.487509 9.4874058 9.4873022 9.4871985 9.4870945 9.4869903 9.4868859 9.4867813 9.4866765 9.4865715 9.4864664 9.4863611 9.4862556 9.48615 9.4860443 9.4859384 9.4858325 9.4857264 9.4856202 9.4855139 9.4854075 9.485301 9.4851944 9.4850878 9.4849811 9.4848744 9.4847676 9.4846608 9.484554 9.4844471 9.4843402 9.4842332 9.4841263 9.4840194 9.4839124 9.4838055 9.4836985 9.4835916 9.4834847 9.4833779 9.483271 9.4831642 9.4830575 9.4829508 9.4828441 9.4827375 9.4826309 9.4825244 9.482418 9.4823116 9.4822054 9.4820992
9.4885197 9.4884173 9.4883145 9.4882114 9.4881081 9.4880044 9.4879005 9.4877962 9.4876918 9.4875871 9.4874821 9.4873769 9.4872715 9.4871659 9.4870601 9.4869542 9.486848 9.4867417 9.4866352 9.4865286 9.4864218 9.4863149 9.4862078 9.4861007 9.4859934 9.485886 9.4857786 9.485671 9.4855634 9.4854557 9.4853479 9.4852401 9.4851322 9.4850243 9.4849164 9.4848084 9.4847004 9.4845923 9.4844843 9.4843762 9.4842682 9.4841601 9.4840521 9.483944 9.483836 9.483728 9.4836201 9.4835122 9.4834043 9.4832964 9.4831886 9.4830809 9.4829732 9.4828656 9.4827581 9.4826506 9.4825432 9.4824359 9.4823286 9.4822215
9.4887144 9.4886104 9.4885061 9.4884015 9.4882966 9.4881914 9.488086 9.4879803 9.4878743 9.4877682 9.4876618 9.4875552 9.4874484 9.4873414 9.4872342 9.4871268 9.4870193 9.4869116 9.4868037 9.4866958 9.4865877 9.4864794 9.4863711 9.4862626 9.4861541 9.4860454 9.4859367 9.4858279 9.4857191 9.4856101 9.4855011 9.4853921 9.485283 9.4851739 9.4850648 9.4849556 9.4848465 9.4847373 9.4846281 9.4845189 9.4844097 9.4843005 9.4841914 9.4840823 9.4839732 9.4838641 9.4837551 9.4836461 9.4835372 9.4834283 9.4833195 9.4832107 9.483102 9.4829934 9.4828849 9.4827764 9.482668 9.4825597 9.4824515 9.4823434
9.4889089 9.4888033 9.4886975 9.4885913 9.4884849 9.4883782 9.4882713 9.4881641 9.4880567 9.4879491 9.4878412 9.4877332 9.487625 9.4875165 9.487408 9.4872992 9.4871903 9.4870812 9.486972 9.4868627 9.4867533 9.4866437 9.4865341 9.4864243 9.4863145 9.4862046 9.4860946 9.4859845 9.4858744 9.4857643 9.485654 9.4855438 9.4854335 9.4853232 9.4852129 9.4851026 9.4849922 9.4848819 9.4847716 9.4846612 9.4845509 9.4844407 9.4843304 9.4842202 9.48411 9.4839999 9.4838898 9.4837797 9.4836697 9.4835598 9.48345 9.4833402 9.4832305 9.4831209 9.4830113 9.4829019 9.4827925 9.4826832 9.4825741 9.482465
9.4891032 9.4889961 9.4888887 9.488781 9.4886731 9.4885649 9.4884564 9.4883478 9.4882389 9.4881298 9.4880205 9.487911 9.4878013 9.4876915 9.4875815 9.4874714 9.4873611 9.4872506 9.4871401 9.4870294 9.4869186 9.4868078 9.4866968 9.4865858 9.4864746 9.4863634 9.4862522 9.4861409 9.4860295 9.4859181 9.4858067 9.4856952 9.4855837 9.4854722 9.4853607 9.4852492 9.4851377 9.4850262 9.4849147 9.4848033 9.4846918 9.4845804 9.4844691 9.4843577 9.4842465 9.4841353 9.4840241 9.483913 9.483802 9.483691 9.4835801 9.4834693 9.4833586 9.4832479 9.4831374 9.483027 9.4829166 9.4828064 9.4826962 9.4825862
9.4892974 9.4891887 9.4890797 9.4889705 9.488861 9.4887513 9.4886414 9.4885312 9.4884208 9.4883103 9.4881995 9.4880886 9.4879775 9.4878662 9.4877548 9.4876432 9.4875316 9.4874198 9.4873079 9.4871958 9.4870837 9.4869715 9.4868592 9.4867469 9.4866344 9.486522 9.4864094 9.4862969 9.4861842 9.4860716 9.4859589 9.4858463 9.4857336 9.4856209 9.4855082 9.4853955 9.4852828 9.4851702 9.4850575 9.4849449 9.4848324 9.4847199 9.4846074 9.484495 9.4843826 9.4842703 9.4841581 9.4840459 9.4839338 9.4838218 9.4837099 9.483598 9.4834863 9.4833747 9.4832631 9.4831517 9.4830403 9.4829291 9.482818 9.482707
9.4894914 9.4893811 9.4892706 9.4891598 9.4890488 9.4889375 9.4888261 9.4887144 9.4886025 9.4884905 9.4883783 9.4882659 9.4881533 9.4880406 9.4879278 9.4878149 9.4877018 9.4875886 9.4874753 9.487362 9.4872485 9.487135 9.4870214 9.4869077 9.486794 9.4866802 9.4865664 9.4864525 9.4863387 9.4862248 9.4861109 9.485997 9.4858831 9.4857692 9.4856553 9.4855414 9.4854276 9.4853138 9.4852 9.4850862 9.4849726 9.4848589 9.4847453 9.4846318 9.4845184 9.484405 9.4842917 9.4841784 9.4840653 9.4839522 9.4838393 9.4837264 9.4836136 9.483501 9.4833884 9.483276 9.4831637 9.4830515 9.4829394 9.4828275
9.4896852 9.4895733 9.4894612 9.4893489 9.4892363 9.4891235 9.4890105 9.4888973 9.488784 9.4886705 9.4885568 9.4884429 9.4883289 9.4882148 9.4881006 9.4879862 9.4878717 9.4877572 9.4876425 9.4875278 9.487413 9.4872981 9.4871832 9.4870682 9.4869532 9.4868381 9.486723 9.4866079 9.4864928 9.4863776 9.4862625 9.4861474 9.4860322 9.4859171 9.4858021 9.485687 9.485572 9.485457 9.4853421 9.4852272 9.4851124 9.4849976 9.4848829 9.4847683 9.4846537 9.4845393 9.4844249 9.4843106 9.4841964 9.4840823 9.4839683 9.4838544 9.4837406 9.4836269 9.4835134 9.4834 9.4832867 9.4831735 9.4830604 9.4829475
9.4898788 9.4897653 9.4896516 9.4895377 9.4894236 9.4893092 9.4891947 9.48908 9.4889652 9.4888502 9.488735 9.4886197 9.4885042 9.4883887 9.488273 9.4881572 9.4880414 9.4879254 9.4878094 9.4876933 9.4875771 9.4874609 9.4873446 9.4872283 9.487112 9.4869957 9.4868793 9.4867629 9.4866465 9.4865301 9.4864137 9.4862974 9.486181 9.4860647 9.4859485 9.4858322 9.485716 9.4855999 9.4854838 9.4853678 9.4852518 9.4851359 9.4850201 9.4849044 9.4847887 9.4846732 9.4845577 9.4844423 9.4843271 9.4842119 9.4840969 9.483982 9.4838672 9.4837525 9.4836379 9.4835235 9.4834092 9.4832951 9.483181 9.4830672
