Cobbity3/Refined/QGIS/OpenEM_mag.asc
NCOLS 600
NROWS 430
XLLCORNER 150.661
YLLCORNER -34.0279
CELLSIZE 1e-05
NODATA_VALUE -9999
[rows 240 to 263 of 430, columns 495 to 549 of 600]
0.059420341 0.059517602 0.059614308 0.059710462 0.059806069 0.059901134 0.05999566 0.060089653 0.060183117 0.060276056 0.060368474 0.060460376 0.060551766 0.060642647 0.060733024 0.060822901 0.060912282 0.061001171 0.061089572 0.061177488 0.061264924 0.061351883 0.061438369 0.061524386 0.061609937 0.061695027 0.061779658 0.061863835 0.06194756 0.062030838 0.062113671 0.062196064 0.062278019 0.06235954 0.062440631 0.062521294 0.062601533 0.062681351 0.062760751 0.062839737 0.062918311 0.062996477 0.063074238 0.063151597 0.063228556 0.06330512 0.06338129 0.06345707 0.063532462 0.06360747 0.063682097 0.063756344 0.063830216 0.063903714 0.063976842
0.059361238 0.059458847 0.059555898 0.059652394 0.05974834 0.059843741 0.059938601 0.060032924 0.060126715 0.060219978 0.060312718 0.060404938 0.060496644 0.060587838 0.060678526 0.06076871 0.060858397 0.060947588 0.061036289 0.061124503 0.061212233 0.061299485 0.061386261 0.061472566 0.061558402 0.061643775 0.061728686 0.061813141 0.061897142 0.061980693 0.062063798 0.06214646 0.062228682 0.062310468 0.062391821 0.062472745 0.062553242 0.062633316 0.062712971 0.062792209 0.062871034 0.062949448 0.063027455 0.063105058 0.06318226 0.063259064 0.063335473 0.06341149 0.063487117 0.063562359 0.063637216 0.063711693 0.063785793 0.063859517 0.063932869
0.059302319 0.059400277 0.059497673 0.059594511 0.059690796 0.059786532 0.059881725 0.059976378 0.060070496 0.060164084 0.060257145 0.060349684 0.060441705 0.060533212 0.06062421 0.060714702 0.060804694 0.060894187 0.060983188 0.061071699 0.061159724 0.061247268 0.061334334 0.061420925 0.061507047 0.061592701 0.061677893 0.061762626 0.061846902 0.061930727 0.062014102 0.062097033 0.062179521 0.062261572 0.062343187 0.062424371 0.062505126 0.062585456 0.062665365 0.062744855 0.062823929 0.062902591 0.062980844 0.063058691 0.063136135 0.063213179 0.063289826 0.063366079 0.063441941 0.063517415 0.063592504 0.06366721 0.063741536 0.063815486 0.063889062
0.059243589 0.059341895 0.059439636 0.059536816 0.05963344 0.059729512 0.059825037 0.05992002 0.060014465 0.060108377 0.060201759 0.060294616 0.060386952 0.060478772 0.06057008 0.06066088 0.060751176 0.060840971 0.060930271 0.061019079 0.061107399 0.061195234 0.061282589 0.061369468 0.061455874 0.06154181 0.061627282 0.061712291 0.061796843 0.06188094 0.061964586 0.062047785 0.06213054 0.062212854 0.062294731 0.062376174 0.062457187 0.062537773 0.062617934 0.062697675 0.062776999 0.062855909 0.062934407 0.063012497 0.063090183 0.063167466 0.063244351 0.06332084 0.063396935 0.063472641 0.06354796 0.063622895 0.063697448 0.063771623 0.063845422
0.059185051 0.059283705 0.059381791 0.059479312 0.059576275 0.059672683 0.059768541 0.059863853 0.059958625 0.06005286 0.060146563 0.060239738 0.060332389 0.060424522 0.060516139 0.060607246 0.060697846 0.060787943 0.060877542 0.060966646 0.06105526 0.061143387 0.061231031 0.061318196 0.061404885 0.061491104 0.061576854 0.061662141 0.061746967 0.061831336 0.061915253 0.061998719 0.062081739 0.062164317 0.062246455 0.062328157 0.062409427 0.062490268 0.062570682 0.062650674 0.062730246 0.062809403 0.062888146 0.062966479 0.063044405 0.063121928 0.063199049 0.063275773 0.063352103 0.06342804 0.063503589 0.063578751 0.063653531 0.06372793 0.063801952
0.059126708 0.059225711 0.059324141 0.059422004 0.059519305 0.059616048 0.059712239 0.05980788 0.059902978 0.059997537 0.06009156 0.060185053 0.060278019 0.060370464 0.06046239 0.060553804 0.060644707 0.060735106 0.060825003 0.060914403 0.06100331 0.061091728 0.061179661 0.061267111 0.061354085 0.061440584 0.061526614 0.061612177 0.061697277 0.061781918 0.061866104 0.061949837 0.062033123 0.062115963 0.062198362 0.062280323 0.062361849 0.062442944 0.06252361 0.062603852 0.062683673 0.062763075 0.062842063 0.062920638 0.062998805 0.063076565 0.063153924 0.063230882 0.063307444 0.063383613 0.06345939 0.06353478 0.063609785 0.063684408 0.063758652
0.059068565 0.059167915 0.05926669 0.059364895 0.059462534 0.059559612 0.059656134 0.059752105 0.059847529 0.05994241 0.060036754 0.060130564 0.060223845 0.060316601 0.060408836 0.060500556 0.060591763 0.060682462 0.060772658 0.060862353 0.060951553 0.061040262 0.061128482 0.061216218 0.061303475 0.061390255 0.061476562 0.061562401 0.061647775 0.061732687 0.061817142 0.061901142 0.061984692 0.062067795 0.062150454 0.062232672 0.062314454 0.062395803 0.062476721 0.062557213 0.062637281 0.062716929 0.06279616 0.062874977 0.062953383 0.063031382 0.063108976 0.063186169 0.063262963 0.063339361 0.063415368 0.063490984 0.063566214 0.06364106 0.063715526
0.059010626 0.059110323 0.059209442 0.059307988 0.059405965 0.059503378 0.059600232 0.059696531 0.05979228 0.059887484 0.059982148 0.060076274 0.060169869 0.060262937 0.060355481 0.060447506 0.060539016 0.060630015 0.060720509 0.060810499 0.060899992 0.06098899 0.061077498 0.061165519 0.061253058 0.061340118 0.061426703 0.061512817 0.061598464 0.061683647 0.06176837 0.061852637 0.06193645 0.062019815 0.062102733 0.062185209 0.062267246 0.062348848 0.062430018 0.062510758 0.062591073 0.062670966 0.06275044 0.062829498 0.062908143 0.062986379 0.063064208 0.063141634 0.06321866 0.063295288 0.063371523 0.063447365 0.06352282 0.063597888 0.063672574
0.058952893 0.059052938 0.059152401 0.059251287 0.059349601 0.059447348 0.059544534 0.059641161 0.059737236 0.059832762 0.059927745 0.060022188 0.060116096 0.060209474 0.060302326 0.060394656 0.060486469 0.060577768 0.060668559 0.060758844 0.060848628 0.060937916 0.06102671 0.061115016 0.061202837 0.061290176 0.061377039 0.061463428 0.061549347 0.0616348 0.061719791 0.061804323 0.0618884 0.061972025 0.062055202 0.062137935 0.062220227 0.062302081 0.062383501 0.06246449 0.062545052 0.062625189 0.062704905 0.062784203 0.062863087 0.062941559 0.063019623 0.063097282 0.063174538 0.063251396 0.063327857 0.063403925 0.063479603 0.063554894 0.0636298
0.058895372 0.058995763 0.059095569 0.059194795 0.059293447 0.059391528 0.059489044 0.059585999 0.059682399 0.059778247 0.059873548 0.059968307 0.060062528 0.060156217 0.060249376 0.060342011 0.060434125 0.060525724 0.060616811 0.06070739 0.060797466 0.060887042 0.060976123 0.061064712 0.061152815 0.061240433 0.061327572 0.061414235 0.061500426 0.061586148 0.061671406 0.061756203 0.061840542 0.061924428 0.062007864 0.062090853 0.062173399 0.062255505 0.062337174 0.062418411 0.062499218 0.062579599 0.062659557 0.062739095 0.062818216 0.062896924 0.062975222 0.063053113 0.063130599 0.063207685 0.063284373 0.063360666 0.063436567 0.063512078 0.063587204
0.058838065 0.058938802 0.059038951 0.059138518 0.059237505 0.05933592 0.059433766 0.059531049 0.059627772 0.059723942 0.059819561 0.059914636 0.060009169 0.060103167 0.060196633 0.060289572 0.060381988 0.060473885 0.060565268 0.060656141 0.060746507 0.060836372 0.060925738 0.061014611 0.061102994 0.06119089 0.061278305 0.061365241 0.061451703 0.061537695 0.061623219 0.06170828 0.061792882 0.061877027 0.06196072 0.062043965 0.062126764 0.062209121 0.06229104 0.062372523 0.062453575 0.062534199 0.062614398 0.062694175 0.062773533 0.062852476 0.062931008 0.06300913 0.063086846 0.063164159 0.063241073 0.063317589 0.063393712 0.063469445 0.063544789
0.058780976 0.05888206 0.058982551 0.059082457 0.059181781 0.059280528 0.059378704 0.059476313 0.05957336 0.05966985 0.059765787 0.059861177 0.059956022 0.060050329 0.060144102 0.060237344 0.060330061 0.060422256 0.060513934 0.060605099 0.060695756 0.060785908 0.060875559 0.060964714 0.061053377 0.061141551 0.061229241 0.06131645 0.061403183 0.061489442 0.061575232 0.061660557 0.06174542 0.061829824 0.061913774 0.061997273 0.062080325 0.062162932 0.062245099 0.062326829 0.062408126 0.062488992 0.06256943 0.062649446 0.06272904 0.062808218 0.062886981 0.062965334 0.063043279 0.063120819 0.063197958 0.063274698 0.063351042 0.063426994 0.063502556
0.058724111 0.058825539 0.058926373 0.059026617 0.059126276 0.059225356 0.059323861 0.059421796 0.059519166 0.059615976 0.05971223 0.059807934 0.059903091 0.059997706 0.060091784 0.060185329 0.060278346 0.060370838 0.060462811 0.060554268 0.060645214 0.060735653 0.060825589 0.060915026 0.061003968 0.061092419 0.061180383 0.061267864 0.061354866 0.061441393 0.061527448 0.061613035 0.061698159 0.061782821 0.061867028 0.061950781 0.062034084 0.062116941 0.062199356 0.062281331 0.062362871 0.062443978 0.062524657 0.06260491 0.06268474 0.062764151 0.062843146 0.062921729 0.062999901 0.063077668 0.063155031 0.063231993 0.063308558 0.063384729 0.063460509
0.058667471 0.058769244 0.058870419 0.058971001 0.059070995 0.059170407 0.05926924 0.059367501 0.059465194 0.059562323 0.059658893 0.05975491 0.059850378 0.059945301 0.060039683 0.06013353 0.060226846 0.060319635 0.060411902 0.060503651 0.060594885 0.06068561 0.06077583 0.060865547 0.060954768 0.061043495 0.061131733 0.061219486 0.061306756 0.06139355 0.061479869 0.061565718 0.061651102 0.061736022 0.061820483 0.061904489 0.061988044 0.06207115 0.062153811 0.062236032 0.062317814 0.062399162 0.062480079 0.062560569 0.062640634 0.062720278 0.062799504 0.062878315 0.062956715 0.063034707 0.063112293 0.063189477 0.063266262 0.063342651 0.063418647
0.058611062 0.058713179 0.058814695 0.058915614 0.059015942 0.059115685 0.059214846 0.059313431 0.059411446 0.059508893 0.05960578 0.059702109 0.059797886 0.059893116 0.059987803 0.060081952 0.060175566 0.060268651 0.060361211 0.06045325 0.060544772 0.060635783 0.060726285 0.060816283 0.060905781 0.060994784 0.061083294 0.061171317 0.061258856 0.061345915 0.061432498 0.061518609 0.061604251 0.061689428 0.061774144 0.061858402 0.061942207 0.062025561 0.062108468 0.062190933 0.062272957 0.062354545 0.0624357 0.062516425 0.062596724 0.0626766 0.062756056 0.062835096 0.062913722 0.062991938 0.063069747 0.063147152 0.063224157 0.063300763 0.063376975
0.058554887 0.058657347 0.058759203 0.058860459 0.058961121 0.059061193 0.059160682 0.059259591 0.059357926 0.059455692 0.059552893 0.059649534 0.059745621 0.059841156 0.059936147 0.060030596 0.060124508 0.060217888 0.06031074 0.060403069 0.060494878 0.060586173 0.060676957 0.060767235 0.06085701 0.060946287 0.06103507 0.061123362 0.061211168 0.061298492 0.061385338 0.061471709 0.061557609 0.061643042 0.061728011 0.061812521 0.061896575 0.061980177 0.062063329 0.062146037 0.062228302 0.062310129 0.062391521 0.062472481 0.062553013 0.06263312 0.062712806 0.062792073 0.062870925 0.062949364 0.063027395 0.063105021 0.063182243 0.063259066 0.063335492
0.05849895 0.058601753 0.058703948 0.05880554 0.058906534 0.059006936 0.059106751 0.059205983 0.059304638 0.059402721 0.059500236 0.059597189 0.059693583 0.059789424 0.059884717 0.059979466 0.060073675 0.060167349 0.060260493 0.06035311 0.060445206 0.060536784 0.06062785 0.060718406 0.060808457 0.060898008 0.060987061 0.061075623 0.061163695 0.061251284 0.061338391 0.061425021 0.061511178 0.061596866 0.061682089 0.061766849 0.061851152 0.061935 0.062018397 0.062101346 0.062183851 0.062265917 0.062347545 0.062428739 0.062509503 0.062589841 0.062669755 0.062749248 0.062828325 0.062906987 0.062985239 0.063063084 0.063140524 0.063217562 0.063294203
0.058443256 0.0585464 0.058648933 0.05875086 0.058852187 0.058952917 0.059053057 0.059152612 0.059251586 0.059349985 0.059447813 0.059545076 0.059641778 0.059737924 0.059833518 0.059928565 0.06002307 0.060117038 0.060210472 0.060303378 0.060395759 0.06048762 0.060578965 0.060669799 0.060760125 0.060849949 0.060939273 0.061028102 0.06111644 0.061204291 0.06129166 0.061378548 0.061464962 0.061550904 0.061636379 0.061721389 0.061805939 0.061890032 0.061973672 0.062056863 0.062139608 0.06222191 0.062303773 0.062385201 0.062466197 0.062546764 0.062626905 0.062706624 0.062785925 0.062864809 0.062943281 0.063021344 0.063099 0.063176254 0.063253107
0.058387808 0.058491293 0.058594163 0.058696424 0.058798082 0.05889914 0.058999604 0.05909948 0.059198773 0.059297487 0.059395628 0.0594932 0.059590208 0.059686657 0.059782552 0.059877897 0.059972698 0.060066957 0.060160681 0.060253874 0.060346539 0.060438682 0.060530307 0.060621417 0.060712018 0.060802113 0.060891706 0.060980803 0.061069405 0.061157519 0.061245147 0.061332293 0.061418962 0.061505158 0.061590883 0.061676142 0.061760939 0.061845276 0.061929159 0.06201259 0.062095573 0.062178112 0.06226021 0.06234187 0.062423096 0.062503891 0.062584259 0.062664203 0.062743726 0.062822832 0.062901523 0.062979803 0.063057675 0.063135142 0.063212208
0.05833261 0.058436435 0.058539642 0.058642236 0.058744223 0.058845608 0.058946396 0.059046593 0.059146202 0.059245231 0.059343683 0.059441563 0.059538877 0.059635628 0.059731823 0.059827465 0.059922559 0.060017111 0.060111123 0.060204602 0.060297551 0.060389974 0.060481877 0.060573263 0.060664137 0.060754503 0.060844365 0.060933727 0.061022593 0.061110968 0.061198855 0.061286258 0.061373182 0.061459629 0.061545605 0.061631111 0.061716154 0.061800735 0.061884859 0.06196853 0.06205175 0.062134524 0.062216855 0.062298747 0.062380202 0.062461225 0.062541819 0.062621987 0.062701732 0.062781057 0.062859967 0.062938463 0.06301655 0.06309423 0.063171507
0.058277666 0.05838183 0.058485372 0.058588299 0.058690615 0.058792325 0.058893436 0.058993952 0.059093878 0.05919322 0.059291982 0.05939017 0.059487788 0.059584841 0.059681334 0.059777272 0.059872659 0.059967501 0.060061801 0.060155565 0.060248796 0.0603415 0.06043368 0.060525341 0.060616487 0.060707122 0.060797252 0.060886879 0.060976008 0.061064642 0.061152787 0.061240446 0.061327623 0.061414322 0.061500546 0.0615863 0.061671587 0.061756411 0.061840775 0.061924684 0.062008141 0.06209115 0.062173713 0.062255835 0.062337519 0.062418768 0.062499587 0.062579977 0.062659943 0.062739488 0.062818615 0.062897327 0.062975627 0.06305352 0.063131007
0.058222981 0.058327482 0.058431359 0.058534617 0.058637261 0.058739296 0.058840728 0.058941562 0.059041804 0.059141458 0.059240529 0.059339023 0.059436944 0.059534298 0.059631088 0.059727321 0.059823001 0.059918132 0.060012719 0.060106766 0.060200279 0.060293261 0.060385717 0.060477652 0.060569069 0.060659973 0.060750369 0.06084026 0.06092965 0.061018544 0.061106946 0.06119486 0.061282289 0.061369238 0.06145571 0.061541709 0.06162724 0.061712306 0.06179691 0.061881056 0.061964748 0.06204799 0.062130785 0.062213136 0.062295048 0.062376523 0.062457564 0.062538177 0.062618363 0.062698126 0.062777469 0.062856395 0.062934909 0.063013012 0.063090708
0.058168558 0.058273396 0.058377606 0.058481194 0.058584164 0.058686523 0.058788276 0.058889427 0.058989983 0.059089948 0.059189327 0.059288126 0.059386349 0.059484002 0.05958109 0.059677616 0.059773587 0.059869006 0.059963878 0.060058208 0.060152001 0.060245261 0.060337992 0.060430199 0.060521887 0.060613059 0.060703719 0.060793873 0.060883524 0.060972676 0.061061334 0.061149501 0.061237181 0.061324379 0.061411098 0.061497343 0.061583116 0.061668422 0.061753264 0.061837647 0.061921574 0.062005048 0.062088073 0.062170653 0.062252791 0.06233449 0.062415755 0.062496588 0.062576993 0.062656973 0.062736531 0.062815671 0.062894396 0.06297271 0.063050614
0.058114402 0.058219575 0.058324118 0.058428034 0.05853133 0.058634011 0.058736083 0.05883755 0.058938419 0.059038693 0.05913838 0.059237483 0.059336007 0.059433958 0.059531341 0.05962816 0.05972442 0.059820126 0.059915283 0.060009895 0.060103967 0.060197503 0.060290508 0.060382987 0.060474943 0.060566382 0.060657306 0.060747722 0.060837632 0.060927041 0.061015954 0.061104373 0.061192304 0.06127975 0.061366714 0.061453202 0.061539217 0.061624763 0.061709842 0.06179446 0.06187862 0.061962325 0.06204558 0.062128387 0.06221075 0.062292673 0.062374159 0.062455212 0.062535835 0.062616031 0.062695804 0.062775156 0.062854092 0.062932615 0.063010726
