Cobbity3/Refined/QGIS/OpenEM_mixed.asc
NCOLS 600
NROWS 430
XLLCORNER 150.661
YLLCORNER -34.0279
CELLSIZE 1e-05
NODATA_VALUE -9999
[rows 25 to 49 of 430, columns 285 to 341 of 600]
-34.025357 -34.025358 -34.02536 -34.025361 -34.025363 -34.025364 -34.025365 -34.025367 -34.025368 -34.025369 -34.025371 -34.025372 -34.025373 -34.025374 -34.025376 -34.025377 -34.025378 -34.02538 -34.025381 -34.025382 -34.025384 -34.025385 -34.025386 -34.025387 -34.025389 -34.02539 -34.025391 -34.025392 -34.025394 -34.025395 -34.025396 -34.025397 -34.025399 -34.0254 -34.025401 -34.025402 -34.025404 -34.025405 -34.025406 -34.025407 -34.025408 -34.025409 -34.025411 -34.025412 -34.025413 -34.025414 -34.025415 -34.025416 -34.025418 -34.025419 -34.02542 -34.025421 -34.025422 -34.025423 -34.025424 -34.025425 -34.025427
-34.025356 -34.025358 -34.025359 -34.02536 -34.025362 -34.025363 -34.025365 -34.025366 -34.025367 -34.025369 -34.02537 -34.025371 -34.025373 -34.025374 -34.025375 -34.025377 -34.025378 -34.025379 -34.02538 -34.025382 -34.025383 -34.025384 -34.025386 -34.025387 -34.025388 -34.02539 -34.025391 -34.025392 -34.025393 -34.025395 -34.025396 -34.025397 -34.025398 -34.0254 -34.025401 -34.025402 -34.025403 -34.025404 -34.025406 -34.025407 -34.025408 -34.025409 -34.02541 -34.025412 -34.025413 -34.025414 -34.025415 -34.025416 -34.025417 -34.025419 -34.02542 -34.025421 -34.025422 -34.025423 -34.025424 -34.025425 -34.025426
-34.025356 -34.025357 -34.025358 -34.02536 -34.025361 -34.025362 -34.025364 -34.025365 -34.025367 -34.025368 -34.025369 -34.025371 -34.025372 -34.025373 -34.025375 -34.025376 -34.025377 -34.025379 -34.02538 -34.025381 -34.025383 -34.025384 -34.025385 -34.025387 -34.025388 -34.025389 -34.02539 -34.025392 -34.025393 -34.025394 -34.025395 -34.025397 -34.025398 -34.025399 -34.0254 -34.025402 -34.025403 -34.025404 -34.025405 -34.025407 -34.025408 -34.025409 -34.02541 -34.025411 -34.025413 -34.025414 -34.025415 -34.025416 -34.025417 -34.025418 -34.025419 -34.025421 -34.025422 -34.025423 -34.025424 -34.025425 -34.025426
-34.025355 -34.025356 -34.025358 -34.025359 -34.02536 -34.025362 -34.025363 -34.025365 -34.025366 -34.025367 -34.025369 -34.02537 -34.025371 -34.025373 -34.025374 -34.025375 -34.025377 -34.025378 -34.025379 -34.025381 -34.025382 -34.025383 -34.025385 -34.025386 -34.025387 -34.025389 -34.02539 -34.025391 -34.025393 -34.025394 -34.025395 -34.025396 -34.025398 -34.025399 -34.0254 -34.025401 -34.025403 -34.025404 -34.025405 -34.025406 -34.025408 -34.025409 -34.02541 -34.025411 -34.025412 -34.025413 -34.025415 -34.025416 -34.025417 -34.025418 -34.025419 -34.02542 -34.025422 -34.025423 -34.025424 -34.025425 -34.025426
-34.025354 -34.025355 -34.025357 -34.025358 -34.02536 -34.025361 -34.025363 -34.025364 -34.025365 -34.025367 -34.025368 -34.025369 -34.025371 -34.025372 -34.025374 -34.025375 -34.025376 -34.025378 -34.025379 -34.02538 -34.025382 -34.025383 -34.025384 -34.025386 -34.025387 -34.025388 -34.02539 -34.025391 -34.025392 -34.025393 -34.025395 -34.025396 -34.025397 -34.025399 -34.0254 -34.025401 -34.025402 -34.025404 -34.025405 -34.025406 -34.025407 -34.025408 -34.02541 -34.025411 -34.025412 -34.025413 -34.025414 -34.025416 -34.025417 -34.025418 -34.025419 -34.02542 -34.025421 -34.025423 -34.025424 -34.025425 -34.025426
-34.025353 -34.025355 -34.025356 -34.025358 -34.025359 -34.02536 -34.025362 -34.025363 -34.025365 -34.025366 -34.025367 -34.025369 -34.02537 -34.025372 -34.025373 -34.025374 -34.025376 -34.025377 -34.025378 -34.02538 -34.025381 -34.025383 -34.025384 -34.025385 -34.025387 -34.025388 -34.025389 -34.025391 -34.025392 -34.025393 -34.025394 -34.025396 -34.025397 -34.025398 -34.0254 -34.025401 -34.025402 -34.025403 -34.025405 -34.025406 -34.025407 -34.025408 -34.025409 -34.025411 -34.025412 -34.025413 -34.025414 -34.025415 -34.025417 -34.025418 -34.025419 -34.02542 -34.025421 -34.025422 -34.025424 -34.025425 -34.025426
-34.025353 -34.025354 -34.025355 -34.025357 -34.025358 -34.02536 -34.025361 -34.025363 -34.025364 -34.025365 -34.025367 -34.025368 -34.02537 -34.025371 -34.025372 -34.025374 -34.025375 -34.025377 -34.025378 -34.025379 -34.025381 -34.025382 -34.025383 -34.025385 -34.025386 -34.025387 -34.025389 -34.02539 -34.025391 -34.025393 -34.025394 -34.025395 -34.025397 -34.025398 -34.025399 -34.0254 -34.025402 -34.025403 -34.025404 -34.025406 -34.025407 -34.025408 -34.025409 -34.02541 -34.025412 -34.025413 -34.025414 -34.025415 -34.025416 -34.025418 -34.025419 -34.02542 -34.025421 -34.025422 -34.025423 -34.025425 -34.025426
-34.025352 -34.025353 -34.025355 -34.025356 -34.025358 -34.025359 -34.025361 -34.025362 -34.025363 -34.025365 -34.025366 -34.025368 -34.025369 -34.025371 -34.025372 -34.025373 -34.025375 -34.025376 -34.025378 -34.025379 -34.02538 -34.025382 -34.025383 -34.025384 -34.025386 -34.025387 -34.025388 -34.02539 -34.025391 -34.025392 -34.025394 -34.025395 -34.025396 -34.025398 -34.025399 -34.0254 -34.025401 -34.025403 -34.025404 -34.025405 -34.025407 -34.025408 -34.025409 -34.02541 -34.025411 -34.025413 -34.025414 -34.025415 -34.025416 -34.025417 -34.025419 -34.02542 -34.025421 -34.025422 -34.025423 -34.025424 -34.025426
-34.025351 -34.025353 -34.025354 -34.025355 -34.025357 -34.025358 -34.02536 -34.025361 -34.025363 -34.025364 -34.025366 -34.025367 -34.025369 -34.02537 -34.025371 -34.025373 -34.025374 -34.025376 -34.025377 -34.025378 -34.02538 -34.025381 -34.025383 -34.025384 -34.025385 -34.025387 -34.025388 -34.025389 -34.025391 -34.025392 -34.025393 -34.025395 -34.025396 -34.025397 -34.025399 -34.0254 -34.025401 -34.025402 -34.025404 -34.025405 -34.025406 -34.025408 -34.025409 -34.02541 -34.025411 -34.025412 -34.025414 -34.025415 -34.025416 -34.025417 -34.025419 -34.02542 -34.025421 -34.025422 -34.025423 -34.025424 -34.025426
-34.02535 -34.025352 -34.025353 -34.025355 -34.025356 -34.025358 -34.025359 -34.025361 -34.025362 -34.025364 -34.025365 -34.025367 -34.025368 -34.025369 -34.025371 -34.025372 -34.025374 -34.025375 -34.025377 -34.025378 -34.025379 -34.025381 -34.025382 -34.025384 -34.025385 -34.025386 -34.025388 -34.025389 -34.02539 -34.025392 -34.025393 -34.025394 -34.025396 -34.025397 -34.025398 -34.0254 -34.025401 -34.025402 -34.025404 -34.025405 -34.025406 -34.025407 -34.025409 -34.02541 -34.025411 -34.025412 -34.025414 -34.025415 -34.025416 -34.025417 -34.025418 -34.02542 -34.025421 -34.025422 -34.025423 -34.025424 -34.025425
-34.02535 -34.025351 -34.025353 -34.025354 -34.025356 -34.025357 -34.025359 -34.02536 -34.025362 -34.025363 -34.025365 -34.025366 -34.025367 -34.025369 -34.02537 -34.025372 -34.025373 -34.025375 -34.025376 -34.025378 -34.025379 -34.02538 -34.025382 -34.025383 -34.025385 -34.025386 -34.025387 -34.025389 -34.02539 -34.025391 -34.025393 -34.025394 -34.025395 -34.025397 -34.025398 -34.025399 -34.025401 -34.025402 -34.025403 -34.025405 -34.025406 -34.025407 -34.025408 -34.02541 -34.025411 -34.025412 -34.025413 -34.025415 -34.025416 -34.025417 -34.025418 -34.025419 -34.025421 -34.025422 -34.025423 -34.025424 -34.025425
-34.025349 -34.02535 -34.025352 -34.025353 -34.025355 -34.025356 -34.025358 -34.025359 -34.025361 -34.025362 -34.025364 -34.025365 -34.025367 -34.025368 -34.02537 -34.025371 -34.025373 -34.025374 -34.025376 -34.025377 -34.025379 -34.02538 -34.025381 -34.025383 -34.025384 -34.025386 -34.025387 -34.025388 -34.02539 -34.025391 -34.025392 -34.025394 -34.025395 -34.025396 -34.025398 -34.025399 -34.0254 -34.025402 -34.025403 -34.025404 -34.025406 -34.025407 -34.025408 -34.025409 -34.025411 -34.025412 -34.025413 -34.025414 -34.025416 -34.025417 -34.025418 -34.025419 -34.025421 -34.025422 -34.025423 -34.025424 -34.025425
-34.025348 -34.02535 -34.025351 -34.025353 -34.025354 -34.025356 -34.025357 -34.025359 -34.02536 -34.025362 -34.025363 -34.025365 -34.025366 -34.025368 -34.025369 -34.025371 -34.025372 -34.025374 -34.025375 -34.025377 -34.025378 -34.02538 -34.025381 -34.025382 -34.025384 -34.025385 -34.025387 -34.025388 -34.025389 -34.025391 -34.025392 -34.025393 -34.025395 -34.025396 -34.025398 -34.025399 -34.0254 -34.025402 -34.025403 -34.025404 -34.025405 -34.025407 -34.025408 -34.025409 -34.025411 -34.025412 -34.025413 -34.025414 -34.025416 -34.025417 -34.025418 -34.025419 -34.02542 -34.025422 -34.025423 -34.025424 -34.025425
-34.025347 -34.025349 -34.02535 -34.025352 -34.025354 -34.025355 -34.025357 -34.025358 -34.02536 -34.025361 -34.025363 -34.025364 -34.025366 -34.025367 -34.025369 -34.02537 -34.025372 -34.025373 -34.025375 -34.025376 -34.025378 -34.025379 -34.025381 -34.025382 -34.025383 -34.025385 -34.025386 -34.025388 -34.025389 -34.02539 -34.025392 -34.025393 -34.025395 -34.025396 -34.025397 -34.025399 -34.0254 -34.025401 -34.025403 -34.025404 -34.025405 -34.025407 -34.025408 -34.025409 -34.02541 -34.025412 -34.025413 -34.025414 -34.025415 -34.025417 -34.025418 -34.025419 -34.02542 -34.025422 -34.025423 -34.025424 -34.025425
-34.025347 -34.025348 -34.02535 -34.025351 -34.025353 -34.025354 -34.025356 -34.025358 -34.025359 -34.025361 -34.025362 -34.025364 -34.025365 -34.025367 -34.025368 -34.02537 -34.025371 -34.025373 -34.025374 -34.025376 -34.025377 -34.025379 -34.02538 -34.025382 -34.025383 -34.025384 -34.025386 -34.025387 -34.025389 -34.02539 -34.025392 -34.025393 -34.025394 -34.025396 -34.025397 -34.025398 -34.0254 -34.025401 -34.025402 -34.025404 -34.025405 -34.025406 -34.025408 -34.025409 -34.02541 -34.025412 -34.025413 -34.025414 -34.025415 -34.025417 -34.025418 -34.025419 -34.02542 -34.025421 -34.025423 -34.025424 -34.025425
-34.025346 -34.025347 -34.025349 -34.025351 -34.025352 -34.025354 -34.025355 -34.025357 -34.025359 -34.02536 -34.025362 -34.025363 -34.025365 -34.025366 -34.025368 -34.025369 -34.025371 -34.025372 -34.025374 -34.025375 -34.025377 -34.025378 -34.02538 -34.025381 -34.025383 -34.025384 -34.025386 -34.025387 -34.025388 -34.02539 -34.025391 -34.025393 -34.025394 -34.025395 -34.025397 -34.025398 -34.0254 -34.025401 -34.025402 -34.025404 -34.025405 -34.025406 -34.025408 -34.025409 -34.02541 -34.025411 -34.025413 -34.025414 -34.025415 -34.025416 -34.025418 -34.025419 -34.02542 -34.025421 -34.025423 -34.025424 -34.025425
-34.025345 -34.025347 -34.025348 -34.02535 -34.025352 -34.025353 -34.025355 -34.025356 -34.025358 -34.02536 -34.025361 -34.025363 -34.025364 -34.025366 -34.025367 -34.025369 -34.02537 -34.025372 -34.025373 -34.025375 -34.025376 -34.025378 -34.025379 -34.025381 -34.025382 -34.025384 -34.025385 -34.025387 -34.025388 -34.02539 -34.025391 -34.025392 -34.025394 -34.025395 -34.025397 -34.025398 -34.025399 -34.025401 -34.025402 -34.025403 -34.025405 -34.025406 -34.025407 -34.025409 -34.02541 -34.025411 -34.025413 -34.025414 -34.025415 -34.025416 -34.025418 -34.025419 -34.02542 -34.025421 -34.025423 -34.025424 -34.025425
-34.025344 -34.025346 -34.025348 -34.025349 -34.025351 -34.025353 -34.025354 -34.025356 -34.025357 -34.025359 -34.025361 -34.025362 -34.025364 -34.025365 -34.025367 -34.025368 -34.02537 -34.025371 -34.025373 -34.025375 -34.025376 -34.025378 -34.025379 -34.025381 -34.025382 -34.025383 -34.025385 -34.025386 -34.025388 -34.025389 -34.025391 -34.025392 -34.025394 -34.025395 -34.025396 -34.025398 -34.025399 -34.0254 -34.025402 -34.025403 -34.025405 -34.025406 -34.025407 -34.025409 -34.02541 -34.025411 -34.025412 -34.025414 -34.025415 -34.025416 -34.025418 -34.025419 -34.02542 -34.025421 -34.025423 -34.025424 -34.025425
-34.025344 -34.025345 -34.025347 -34.025349 -34.02535 -34.025352 -34.025354 -34.025355 -34.025357 -34.025358 -34.02536 -34.025362 -34.025363 -34.025365 -34.025366 -34.025368 -34.02537 -34.025371 -34.025373 -34.025374 -34.025376 -34.025377 -34.025379 -34.02538 -34.025382 -34.025383 -34.025385 -34.025386 -34.025388 -34.025389 -34.02539 -34.025392 -34.025393 -34.025395 -34.025396 -34.025398 -34.025399 -34.0254 -34.025402 -34.025403 -34.025404 -34.025406 -34.025407 -34.025408 -34.02541 -34.025411 -34.025412 -34.025414 -34.025415 -34.025416 -34.025417 -34.025419 -34.02542 -34.025421 -34.025422 -34.025424 -34.025425
-34.025343 -34.025345 -34.025346 -34.025348 -34.02535 -34.025351 -34.025353 -34.025355 -34.025356 -34.025358 -34.02536 -34.025361 -34.025363 -34.025364 -34.025366 -34.025367 -34.025369 -34.025371 -34.025372 -34.025374 -34.025375 -34.025377 -34.025378 -34.02538 -34.025381 -34.025383 -34.025384 -34.025386 -34.025387 -34.025389 -34.02539 -34.025392 -34.025393 -34.025395 -34.025396 -34.025397 -34.025399 -34.0254 -34.025402 -34.025403 -34.025404 -34.025406 -34.025407 -34.025408 -34.02541 -34.025411 -34.025412 -34.025414 -34.025415 -34.025416 -34.025417 -34.025419 -34.02542 -34.025421 -34.025422 -34.025424 -34.025425
-34.025342 -34.025344 -34.025346 -34.025347 -34.025349 -34.025351 -34.025352 -34.025354 -34.025356 -34.025357 -34.025359 -34.025361 -34.025362 -34.025364 -34.025365 -34.025367 -34.025369 -34.02537 -34.025372 -34.025373 -34.025375 -34.025376 -34.025378 -34.02538 -34.025381 -34.025383 -34.025384 -34.025386 -34.025387 -34.025388 -34.02539 -34.025391 -34.025393 -34.025394 -34.025396 -34.025397 -34.025399 -34.0254 -34.025401 -34.025403 -34.025404 -34.025405 -34.025407 -34.025408 -34.02541 -34.025411 -34.025412 -34.025413 -34.025415 -34.025416 -34.025417 -34.025419 -34.02542 -34.025421 -34.025422 -34.025424 -34.025425
-34.025342 -34.025343 -34.025345 -34.025347 -34.025348 -34.02535 -34.025352 -34.025353 -34.025355 -34.025357 -34.025358 -34.02536 -34.025362 -34.025363 -34.025365 -34.025367 -34.025368 -34.02537 -34.025371 -34.025373 -34.025375 -34.025376 -34.025378 -34.025379 -34.025381 -34.025382 -34.025384 -34.025385 -34.025387 -34.025388 -34.02539 -34.025391 -34.025393 -34.025394 -34.025396 -34.025397 -34.025398 -34.0254 -34.025401 -34.025403 -34.025404 -34.025405 -34.025407 -34.025408 -34.025409 -34.025411 -34.025412 -34.025413 -34.025415 -34.025416 -34.025417 -34.025419 -34.02542 -34.025421 -34.025422 -34.025424 -34.025425
-34.025341 -34.025343 -34.025344 -34.025346 -34.025348 -34.02535 -34.025351 -34.025353 -34.025355 -34.025356 -34.025358 -34.02536 -34.025361 -34.025363 -34.025365 -34.025366 -34.025368 -34.025369 -34.025371 -34.025373 -34.025374 -34.025376 -34.025377 -34.025379 -34.02538 -34.025382 -34.025383 -34.025385 -34.025387 -34.025388 -34.025389 -34.025391 -34.025392 -34.025394 -34.025395 -34.025397 -34.025398 -34.0254 -34.025401 -34.025402 -34.025404 -34.025405 -34.025407 -34.025408 -34.025409 -34.025411 -34.025412 -34.025413 -34.025415 -34.025416 -34.025417 -34.025419 -34.02542 -34.025421 -34.025422 -34.025424 -34.025425
-34.02534 -34.025342 -34.025344 -34.025345 -34.025347 -34.025349 -34.025351 -34.025352 -34.025354 -34.025356 -34.025357 -34.025359 -34.025361 -34.025362 -34.025364 -34.025366 -34.025367 -34.025369 -34.025371 -34.025372 -34.025374 -34.025375 -34.025377 -34.025379 -34.02538 -34.025382 -34.025383 -34.025385 -34.025386 -34.025388 -34.025389 -34.025391 -34.025392 -34.025394 -34.025395 -34.025397 -34.025398 -34.025399 -34.025401 -34.025402 -34.025404 -34.025405 -34.025407 -34.025408 -34.025409 -34.025411 -34.025412 -34.025413 -34.025415 -34.025416 -34.025417 -34.025419 -34.02542 -34.025421 -34.025422 -34.025424 -34.025425
-34.02534 -34.025341 -34.025343 -34.025345 -34.025347 -34.025348 -34.02535 -34.025352 -34.025354 -34.025355 -34.025357 -34.025359 -34.02536 -34.025362 -34.025364 -34.025365 -34.025367 -34.025369 -34.02537 -34.025372 -34.025374 -34.025375 -34.025377 -34.025378 -34.02538 -34.025381 -34.025383 -34.025385 -34.025386 -34.025388 -34.025389 -34.025391 -34.025392 -34.025394 -34.025395 -34.025396 -34.025398 -34.025399 -34.025401 -34.025402 -34.025404 -34.025405 -34.025406 -34.025408 -34.025409 -34.025411 -34.025412 -34.025413 -34.025415 -34.025416 -34.025417 -34.025419 -34.02542 -34.025421 -34.025422 -34.025424 -34.025425
