Cobbity3/Refined/QGIS/OpenEM_mixed.asc
NCOLS 600
NROWS 430
XLLCORNER 150.661
YLLCORNER -34.0279
CELLSIZE 1e-05
NODATA_VALUE -9999
[rows 50 to 74 of 430, columns 456 to 512 of 600]
-34.025523 -34.025524 -34.025525 -34.025525 -34.025526 -34.025526 -34.025527 -34.025527 -34.025528 -34.025528 -34.025529 -34.025529 -34.02553 -34.02553 -34.025531 -34.025531 -34.025532 -34.025532 -34.025533 -34.025533 -34.025534 -34.025534 -34.025535 -34.025535 -34.025536 -34.025536 -34.025537 -34.025537 -34.025538 -34.025538 -34.025539 -34.025539 -34.02554 -34.02554 -34.02554 -34.025541 -34.025541 -34.025542 -34.025542 -34.025543 -34.025543 -34.025544 -34.025544 -34.025544 -34.025545 -34.025545 -34.025546 -34.025546 -34.025546 -34.025547 -34.025547 -34.025548 -34.025548 -34.025548 -34.025549 -34.025549 -34.02555
-34.025524 -34.025524 -34.025525 -34.025525 -34.025526 -34.025526 -34.025527 -34.025528 -34.025528 -34.025529 -34.025529 -34.02553 -34.02553 -34.025531 -34.025531 -34.025532 -34.025532 -34.025533 -34.025533 -34.025534 -34.025534 -34.025535 -34.025535 -34.025536 -34.025536 -34.025537 -34.025537 -34.025538 -34.025538 -34.025538 -34.025539 -34.025539 -34.02554 -34.02554 -34.025541 -34.025541 -34.025542 -34.025542 -34.025542 -34.025543 -34.025543 -34.025544 -34.025544 -34.025545 -34.025545 -34.025545 -34.025546 -34.025546 -34.025547 -34.025547 -34.025548 -34.025548 -34.025548 -34.025549 -34.025549 -34.025549 -34.02555
-34.025524 -34.025525 -34.025525 -34.025526 -34.025526 -34.025527 -34.025527 -34.025528 -34.025528 -34.025529 -34.025529 -34.02553 -34.02553 -34.025531 -34.025531 -34.025532 -34.025532 -34.025533 -34.025533 -34.025534 -34.025534 -34.025535 -34.025535 -34.025536 -34.025536 -34.025537 -34.025537 -34.025538 -34.025538 -34.025539 -34.025539 -34.02554 -34.02554 -34.025541 -34.025541 -34.025541 -34.025542 -34.025542 -34.025543 -34.025543 -34.025544 -34.025544 -34.025544 -34.025545 -34.025545 -34.025546 -34.025546 -34.025547 -34.025547 -34.025547 -34.025548 -34.025548 -34.025549 -34.025549 -34.025549 -34.02555 -34.02555
-34.025524 -34.025525 -34.025525 -34.025526 -34.025527 -34.025527 -34.025528 -34.025528 -34.025529 -34.025529 -34.02553 -34.02553 -34.025531 -34.025531 -34.025532 -34.025532 -34.025533 -34.025533 -34.025534 -34.025534 -34.025535 -34.025535 -34.025536 -34.025536 -34.025537 -34.025537 -34.025538 -34.025538 -34.025539 -34.025539 -34.025539 -34.02554 -34.02554 -34.025541 -34.025541 -34.025542 -34.025542 -34.025543 -34.025543 -34.025543 -34.025544 -34.025544 -34.025545 -34.025545 -34.025546 -34.025546 -34.025546 -34.025547 -34.025547 -34.025548 -34.025548 -34.025548 -34.025549 -34.025549 -34.02555 -34.02555 -34.02555
-34.025525 -34.025525 -34.025526 -34.025526 -34.025527 -34.025527 -34.025528 -34.025528 -34.025529 -34.025529 -34.02553 -34.02553 -34.025531 -34.025532 -34.025532 -34.025533 -34.025533 -34.025534 -34.025534 -34.025535 -34.025535 -34.025536 -34.025536 -34.025536 -34.025537 -34.025537 -34.025538 -34.025538 -34.025539 -34.025539 -34.02554 -34.02554 -34.025541 -34.025541 -34.025542 -34.025542 -34.025542 -34.025543 -34.025543 -34.025544 -34.025544 -34.025545 -34.025545 -34.025545 -34.025546 -34.025546 -34.025547 -34.025547 -34.025547 -34.025548 -34.025548 -34.025549 -34.025549 -34.02555 -34.02555 -34.02555 -34.025551
-34.025525 -34.025525 -34.025526 -34.025527 -34.025527 -34.025528 -34.025528 -34.025529 -34.025529 -34.02553 -34.02553 -34.025531 -34.025531 -34.025532 -34.025532 -34.025533 -34.025533 -34.025534 -34.025534 -34.025535 -34.025535 -34.025536 -34.025536 -34.025537 -34.025537 -34.025538 -34.025538 -34.025539 -34.025539 -34.02554 -34.02554 -34.02554 -34.025541 -34.025541 -34.025542 -34.025542 -34.025543 -34.025543 -34.025544 -34.025544 -34.025544 -34.025545 -34.025545 -34.025546 -34.025546 -34.025547 -34.025547 -34.025547 -34.025548 -34.025548 -34.025549 -34.025549 -34.025549 -34.02555 -34.02555 -34.025551 -34.025551
-34.025525 -34.025526 -34.025526 -34.025527 -34.025527 -34.025528 -34.025528 -34.025529 -34.02553 -34.02553 -34.025531 -34.025531 -34.025532 -34.025532 -34.025533 -34.025533 -34.025534 -34.025534 -34.025535 -34.025535 -34.025536 -34.025536 -34.025537 -34.025537 -34.025538 -34.025538 -34.025538 -34.025539 -34.025539 -34.02554 -34.02554 -34.025541 -34.025541 -34.025542 -34.025542 -34.025543 -34.025543 -34.025543 -34.025544 -34.025544 -34.025545 -34.025545 -34.025546 -34.025546 -34.025546 -34.025547 -34.025547 -34.025548 -34.025548 -34.025548 -34.025549 -34.025549 -34.02555 -34.02555 -34.02555 -34.025551 -34.025551
-34.025525 -34.025526 -34.025527 -34.025527 -34.025528 -34.025528 -34.025529 -34.025529 -34.02553 -34.02553 -34.025531 -34.025531 -34.025532 -34.025532 -34.025533 -34.025533 -34.025534 -34.025534 -34.025535 -34.025535 -34.025536 -34.025536 -34.025537 -34.025537 -34.025538 -34.025538 -34.025539 -34.025539 -34.02554 -34.02554 -34.025541 -34.025541 -34.025541 -34.025542 -34.025542 -34.025543 -34.025543 -34.025544 -34.025544 -34.025545 -34.025545 -34.025545 -34.025546 -34.025546 -34.025547 -34.025547 -34.025548 -34.025548 -34.025548 -34.025549 -34.025549 -34.02555 -34.02555 -34.02555 -34.025551 -34.025551 -34.025551
-34.025526 -34.025526 -34.025527 -34.025527 -34.025528 -34.025529 -34.025529 -34.02553 -34.02553 -34.025531 -34.025531 -34.025532 -34.025532 -34.025533 -34.025533 -34.025534 -34.025534 -34.025535 -34.025535 -34.025536 -34.025536 -34.025537 -34.025537 -34.025538 -34.025538 -34.025539 -34.025539 -34.02554 -34.02554 -34.02554 -34.025541 -34.025541 -34.025542 -34.025542 -34.025543 -34.025543 -34.025544 -34.025544 -34.025544 -34.025545 -34.025545 -34.025546 -34.025546 -34.025547 -34.025547 -34.025547 -34.025548 -34.025548 -34.025549 -34.025549 -34.025549 -34.02555 -34.02555 -34.025551 -34.025551 -34.025551 -34.025552
-34.025526 -34.025527 -34.025527 -34.025528 -34.025528 -34.025529 -34.025529 -34.02553 -34.02553 -34.025531 -34.025531 -34.025532 -34.025532 -34.025533 -34.025534 -34.025534 -34.025535 -34.025535 -34.025536 -34.025536 -34.025536 -34.025537 -34.025537 -34.025538 -34.025538 -34.025539 -34.025539 -34.02554 -34.02554 -34.025541 -34.025541 -34.025542 -34.025542 -34.025543 -34.025543 -34.025543 -34.025544 -34.025544 -34.025545 -34.025545 -34.025546 -34.025546 -34.025546 -34.025547 -34.025547 -34.025548 -34.025548 -34.025548 -34.025549 -34.025549 -34.02555 -34.02555 -34.02555 -34.025551 -34.025551 -34.025552 -34.025552
-34.025526 -34.025527 -34.025528 -34.025528 -34.025529 -34.025529 -34.02553 -34.02553 -34.025531 -34.025531 -34.025532 -34.025532 -34.025533 -34.025533 -34.025534 -34.025534 -34.025535 -34.025535 -34.025536 -34.025536 -34.025537 -34.025537 -34.025538 -34.025538 -34.025539 -34.025539 -34.02554 -34.02554 -34.025541 -34.025541 -34.025541 -34.025542 -34.025542 -34.025543 -34.025543 -34.025544 -34.025544 -34.025545 -34.025545 -34.025545 -34.025546 -34.025546 -34.025547 -34.025547 -34.025548 -34.025548 -34.025548 -34.025549 -34.025549 -34.02555 -34.02555 -34.02555 -34.025551 -34.025551 -34.025552 -34.025552 -34.025552
-34.025527 -34.025527 -34.025528 -34.025528 -34.025529 -34.025529 -34.02553 -34.025531 -34.025531 -34.025532 -34.025532 -34.025533 -34.025533 -34.025534 -34.025534 -34.025535 -34.025535 -34.025536 -34.025536 -34.025537 -34.025537 -34.025538 -34.025538 -34.025539 -34.025539 -34.025539 -34.02554 -34.02554 -34.025541 -34.025541 -34.025542 -34.025542 -34.025543 -34.025543 -34.025544 -34.025544 -34.025544 -34.025545 -34.025545 -34.025546 -34.025546 -34.025547 -34.025547 -34.025547 -34.025548 -34.025548 -34.025549 -34.025549 -34.025549 -34.02555 -34.02555 -34.025551 -34.025551 -34.025551 -34.025552 -34.025552 -34.025553
-34.025527 -34.025528 -34.025528 -34.025529 -34.025529 -34.02553 -34.02553 -34.025531 -34.025531 -34.025532 -34.025532 -34.025533 -34.025533 -34.025534 -34.025534 -34.025535 -34.025535 -34.025536 -34.025536 -34.025537 -34.025537 -34.025538 -34.025538 -34.025539 -34.025539 -34.02554 -34.02554 -34.025541 -34.025541 -34.025542 -34.025542 -34.025543 -34.025543 -34.025543 -34.025544 -34.025544 -34.025545 -34.025545 -34.025546 -34.025546 -34.025546 -34.025547 -34.025547 -34.025548 -34.025548 -34.025549 -34.025549 -34.025549 -34.02555 -34.02555 -34.025551 -34.025551 -34.025551 -34.025552 -34.025552 -34.025553 -34.025553
-34.025527 -34.025528 -34.025528 -34.025529 -34.02553 -34.02553 -34.025531 -34.025531 -34.025532 -34.025532 -34.025533 -34.025533 -34.025534 -34.025534 -34.025535 -34.025535 -34.025536 -34.025536 -34.025537 -34.025537 -34.025538 -34.025538 -34.025539 -34.025539 -34.02554 -34.02554 -34.025541 -34.025541 -34.025541 -34.025542 -34.025542 -34.025543 -34.025543 -34.025544 -34.025544 -34.025545 -34.025545 -34.025545 -34.025546 -34.025546 -34.025547 -34.025547 -34.025548 -34.025548 -34.025548 -34.025549 -34.025549 -34.02555 -34.02555 -34.02555 -34.025551 -34.025551 -34.025552 -34.025552 -34.025552 -34.025553 -34.025553
-34.025528 -34.025528 -34.025529 -34.025529 -34.02553 -34.02553 -34.025531 -34.025531 -34.025532 -34.025533 -34.025533 -34.025534 -34.025534 -34.025535 -34.025535 -34.025536 -34.025536 -34.025537 -34.025537 -34.025538 -34.025538 -34.025539 -34.025539 -34.025539 -34.02554 -34.02554 -34.025541 -34.025541 -34.025542 -34.025542 -34.025543 -34.025543 -34.025544 -34.025544 -34.025544 -34.025545 -34.025545 -34.025546 -34.025546 -34.025547 -34.025547 -34.025547 -34.025548 -34.025548 -34.025549 -34.025549 -34.02555 -34.02555 -34.02555 -34.025551 -34.025551 -34.025552 -34.025552 -34.025552 -34.025553 -34.025553 -34.025553
-34.025528 -34.025529 -34.025529 -34.02553 -34.02553 -34.025531 -34.025531 -34.025532 -34.025532 -34.025533 -34.025533 -34.025534 -34.025534 -34.025535 -34.025535 -34.025536 -34.025536 -34.025537 -34.025537 -34.025538 -34.025538 -34.025539 -34.025539 -34.02554 -34.02554 -34.025541 -34.025541 -34.025542 -34.025542 -34.025543 -34.025543 -34.025543 -34.025544 -34.025544 -34.025545 -34.025545 -34.025546 -34.025546 -34.025547 -34.025547 -34.025547 -34.025548 -34.025548 -34.025549 -34.025549 -34.025549 -34.02555 -34.02555 -34.025551 -34.025551 -34.025551 -34.025552 -34.025552 -34.025553 -34.025553 -34.025553 -34.025554
-34.025528 -34.025529 -34.025529 -34.02553 -34.025531 -34.025531 -34.025532 -34.025532 -34.025533 -34.025533 -34.025534 -34.025534 -34.025535 -34.025535 -34.025536 -34.025536 -34.025537 -34.025537 -34.025538 -34.025538 -34.025539 -34.025539 -34.02554 -34.02554 -34.025541 -34.025541 -34.025541 -34.025542 -34.025542 -34.025543 -34.025543 -34.025544 -34.025544 -34.025545 -34.025545 -34.025546 -34.025546 -34.025546 -34.025547 -34.025547 -34.025548 -34.025548 -34.025549 -34.025549 -34.025549 -34.02555 -34.02555 -34.025551 -34.025551 -34.025551 -34.025552 -34.025552 -34.025553 -34.025553 -34.025553 -34.025554 -34.025554
-34.025529 -34.025529 -34.02553 -34.02553 -34.025531 -34.025531 -34.025532 -34.025532 -34.025533 -34.025534 -34.025534 -34.025535 -34.025535 -34.025536 -34.025536 -34.025537 -34.025537 -34.025538 -34.025538 -34.025539 -34.025539 -34.025539 -34.02554 -34.02554 -34.025541 -34.025541 -34.025542 -34.025542 -34.025543 -34.025543 -34.025544 -34.025544 -34.025545 -34.025545 -34.025545 -34.025546 -34.025546 -34.025547 -34.025547 -34.025548 -34.025548 -34.025548 -34.025549 -34.025549 -34.02555 -34.02555 -34.02555 -34.025551 -34.025551 -34.025552 -34.025552 -34.025552 -34.025553 -34.025553 -34.025554 -34.025554 -34.025554
-34.025529 -34.02553 -34.02553 -34.025531 -34.025531 -34.025532 -34.025532 -34.025533 -34.025533 -34.025534 -34.025534 -34.025535 -34.025535 -34.025536 -34.025536 -34.025537 -34.025537 -34.025538 -34.025538 -34.025539 -34.025539 -34.02554 -34.02554 -34.025541 -34.025541 -34.025542 -34.025542 -34.025543 -34.025543 -34.025544 -34.025544 -34.025544 -34.025545 -34.025545 -34.025546 -34.025546 -34.025547 -34.025547 -34.025547 -34.025548 -34.025548 -34.025549 -34.025549 -34.02555 -34.02555 -34.02555 -34.025551 -34.025551 -34.025552 -34.025552 -34.025552 -34.025553 -34.025553 -34.025554 -34.025554 -34.025554 -34.025555
-34.025529 -34.02553 -34.02553 -34.025531 -34.025532 -34.025532 -34.025533 -34.025533 -34.025534 -34.025534 -34.025535 -34.025535 -34.025536 -34.025536 -34.025537 -34.025537 -34.025538 -34.025538 -34.025539 -34.025539 -34.02554 -34.02554 -34.025541 -34.025541 -34.025542 -34.025542 -34.025542 -34.025543 -34.025543 -34.025544 -34.025544 -34.025545 -34.025545 -34.025546 -34.025546 -34.025546 -34.025547 -34.025547 -34.025548 -34.025548 -34.025549 -34.025549 -34.025549 -34.02555 -34.02555 -34.025551 -34.025551 -34.025551 -34.025552 -34.025552 -34.025553 -34.025553 -34.025553 -34.025554 -34.025554 -34.025555 -34.025555
-34.02553 -34.02553 -34.025531 -34.025531 -34.025532 -34.025532 -34.025533 -34.025533 -34.025534 -34.025535 -34.025535 -34.025536 -34.025536 -34.025537 -34.025537 -34.025538 -34.025538 -34.025539 -34.025539 -34.02554 -34.02554 -34.02554 -34.025541 -34.025541 -34.025542 -34.025542 -34.025543 -34.025543 -34.025544 -34.025544 -34.025545 -34.025545 -34.025545 -34.025546 -34.025546 -34.025547 -34.025547 -34.025548 -34.025548 -34.025549 -34.025549 -34.025549 -34.02555 -34.02555 -34.025551 -34.025551 -34.025551 -34.025552 -34.025552 -34.025553 -34.025553 -34.025553 -34.025554 -34.025554 -34.025555 -34.025555 -34.025555
-34.02553 -34.025531 -34.025531 -34.025532 -34.025532 -34.025533 -34.025533 -34.025534 -34.025534 -34.025535 -34.025535 -34.025536 -34.025536 -34.025537 -34.025537 -34.025538 -34.025538 -34.025539 -34.025539 -34.02554 -34.02554 -34.025541 -34.025541 -34.025542 -34.025542 -34.025543 -34.025543 -34.025544 -34.025544 -34.025544 -34.025545 -34.025545 -34.025546 -34.025546 -34.025547 -34.025547 -34.025548 -34.025548 -34.025548 -34.025549 -34.025549 -34.02555 -34.02555 -34.02555 -34.025551 -34.025551 -34.025552 -34.025552 -34.025553 -34.025553 -34.025553 -34.025554 -34.025554 -34.025554 -34.025555 -34.025555 -34.025556
-34.02553 -34.025531 -34.025532 -34.025532 -34.025533 -34.025533 -34.025534 -34.025534 -34.025535 -34.025535 -34.025536 -34.025536 -34.025537 -34.025537 -34.025538 -34.025538 -34.025539 -34.025539 -34.02554 -34.02554 -34.025541 -34.025541 -34.025542 -34.025542 -34.025543 -34.025543 -34.025543 -34.025544 -34.025544 -34.025545 -34.025545 -34.025546 -34.025546 -34.025547 -34.025547 -34.025547 -34.025548 -34.025548 -34.025549 -34.025549 -34.02555 -34.02555 -34.02555 -34.025551 -34.025551 -34.025552 -34.025552 -34.025552 -34.025553 -34.025553 -34.025554 -34.025554 -34.025554 -34.025555 -34.025555 -34.025556 -34.025556
-34.025531 -34.025531 -34.025532 -34.025532 -34.025533 -34.025533 -34.025534 -34.025535 -34.025535 -34.025536 -34.025536 -34.025537 -34.025537 -34.025538 -34.025538 -34.025539 -34.025539 -34.02554 -34.02554 -34.025541 -34.025541 -34.025541 -34.025542 -34.025542 -34.025543 -34.025543 -34.025544 -34.025544 -34.025545 -34.025545 -34.025546 -34.025546 -34.025546 -34.025547 -34.025547 -34.025548 -34.025548 -34.025549 -34.025549 -34.025549 -34.02555 -34.02555 -34.025551 -34.025551 -34.025552 -34.025552 -34.025552 -34.025553 -34.025553 -34.025554 -34.025554 -34.025554 -34.025555 -34.025555 -34.025555 -34.025556 -34.025556
-34.025531 -34.025532 -34.025532 -34.025533 -34.025533 -34.025534 -34.025534 -34.025535 -34.025535 -34.025536 -34.025536 -34.025537 -34.025537 -34.025538 -34.025538 -34.025539 -34.025539 -34.02554 -34.02554 -34.025541 -34.025541 -34.025542 -34.025542 -34.025543 -34.025543 -34.025544 -34.025544 -34.025545 -34.025545 -34.025546 -34.025546 -34.025546 -34.025547 -34.025547 -34.025548 -34.025548 -34.025549 -34.025549 -34.025549 -34.02555 -34.02555 -34.025551 -34.025551 -34.025551 -34.025552 -34.025552 -34.025553 -34.025553 -34.025553 -34.025554 -34.025554 -34.025555 -34.025555 -34.025555 -34.025556 -34.025556 -34.025557
