Cobbity3/Refined/QGIS/OpenEM_mag.asc
NCOLS 600
NROWS 430
XLLCORNER 150.661
YLLCORNER -34.0279
CELLSIZE 1e-05
NODATA_VALUE -9999
[rows 24 to 47 of 430, columns 440 to 494 of 600]
0.071621754 0.071666745 0.07171141 0.071755751 0.071799774 0.071843481 0.071886877 0.071929964 0.071972746 0.072015228 0.072057411 0.072099299 0.072140897 0.072182207 0.072223233 0.072263977 0.072304443 0.072344635 0.072384556 0.072424207 0.072463594 0.072502719 0.072541584 0.072580193 0.072618549 0.072656655 0.072694513 0.072732128 0.0727695 0.072806634 0.072843531 0.072880196 0.07291663 0.072952836 0.072988817 0.073024575 0.073060113 0.073095434 0.07313054 0.073165434 0.073200117 0.073234593 0.073268864 0.073302932 0.0733368 0.07337047 0.073403944 0.073437224 0.073470313 0.073503213 0.073535925 0.073568453 0.073600799 0.073632964 0.07366495
0.071530956 0.071576506 0.071621724 0.071666612 0.071711174 0.071755415 0.071799338 0.071842946 0.071886243 0.071929234 0.07197192 0.072014306 0.072056396 0.072098192 0.072139698 0.072180918 0.072221855 0.072262512 0.072302892 0.072342999 0.072382836 0.072422406 0.072461712 0.072500757 0.072539545 0.072578078 0.072616359 0.072654391 0.072692178 0.072729721 0.072767024 0.07280409 0.072840922 0.072877522 0.072913892 0.072950037 0.072985957 0.073021657 0.073057137 0.073092402 0.073127454 0.073162294 0.073196926 0.073231352 0.073265574 0.073299595 0.073333417 0.073367042 0.073400473 0.073433711 0.07346676 0.073499621 0.073532296 0.073564788 0.073597098
0.071440085 0.071486196 0.071531967 0.071577402 0.071622505 0.07166728 0.071711731 0.07175586 0.071799673 0.071843173 0.071886363 0.071929247 0.071971829 0.072014112 0.0720561 0.072097796 0.072139204 0.072180326 0.072221167 0.07226173 0.072302017 0.072342033 0.07238178 0.072421261 0.072460481 0.072499441 0.072538145 0.072576596 0.072614796 0.07265275 0.072690459 0.072727927 0.072765157 0.07280215 0.072838911 0.072875441 0.072911745 0.072947823 0.072983679 0.073019315 0.073054735 0.07308994 0.073124933 0.073159717 0.073194294 0.073228666 0.073262836 0.073296807 0.073330579 0.073364157 0.073397541 0.073430735 0.073463741 0.07349656 0.073529195
0.071349146 0.071395818 0.071442143 0.071488126 0.07153377 0.07157908 0.071624059 0.071668711 0.07171304 0.071757049 0.071800744 0.071844127 0.071887201 0.071929972 0.071972441 0.072014613 0.072056492 0.072098081 0.072139382 0.072180401 0.072221139 0.072261601 0.072301789 0.072341708 0.072381359 0.072420747 0.072459874 0.072498744 0.072537359 0.072575723 0.072613838 0.072651708 0.072689336 0.072726724 0.072763875 0.072800792 0.072837478 0.072873935 0.072910167 0.072946175 0.072981963 0.073017533 0.073052888 0.07308803 0.073122962 0.073157686 0.073192204 0.07322652 0.073260635 0.073294551 0.073328272 0.073361799 0.073395135 0.073428282 0.073461241
0.071258143 0.071305377 0.071352257 0.071398788 0.071444973 0.071490818 0.071536326 0.0715815 0.071626346 0.071670866 0.071715065 0.071758947 0.071802514 0.071845772 0.071888724 0.071931373 0.071973723 0.072015778 0.072057541 0.072099015 0.072140205 0.072181113 0.072221743 0.072262099 0.072302183 0.072341998 0.072381549 0.072420838 0.072459868 0.072498642 0.072537164 0.072575436 0.072613462 0.072651245 0.072688786 0.07272609 0.072763159 0.072799996 0.072836603 0.072872983 0.07290914 0.072945075 0.072980792 0.073016292 0.073051579 0.073086655 0.073121522 0.073156183 0.07319064 0.073224896 0.073258954 0.073292814 0.073326481 0.073359955 0.073393239
0.071167079 0.071214875 0.071262311 0.07130939 0.071356118 0.071402498 0.071448535 0.071494233 0.071539595 0.071584626 0.07162933 0.071673711 0.071717772 0.071761518 0.071804952 0.071848078 0.0718909 0.071933421 0.071975646 0.072017577 0.072059218 0.072100573 0.072141645 0.072182437 0.072222954 0.072263197 0.072303172 0.07234288 0.072382325 0.07242151 0.072460439 0.072499114 0.072537538 0.072575715 0.072613647 0.072651338 0.07268879 0.072726006 0.072762989 0.072799742 0.072836267 0.072872568 0.072908646 0.072944505 0.072980147 0.073015575 0.073050791 0.073085798 0.073120598 0.073155194 0.073189587 0.073223782 0.073257779 0.073291581 0.07332519
0.07107596 0.071124318 0.071172309 0.071219938 0.071267208 0.071314124 0.071360691 0.071406911 0.071452791 0.071498333 0.071543543 0.071588423 0.071632978 0.071677212 0.071721129 0.071764732 0.071808026 0.071851014 0.0718937 0.071936087 0.07197818 0.072019982 0.072061496 0.072102726 0.072143675 0.072184347 0.072224745 0.072264873 0.072304733 0.072344329 0.072383664 0.072422742 0.072461565 0.072500137 0.07253846 0.072576538 0.072614373 0.072651969 0.072689328 0.072726453 0.072763347 0.072800013 0.072836454 0.072872671 0.072908669 0.072944449 0.072980014 0.073015366 0.073050509 0.073085445 0.073120175 0.073154703 0.073189031 0.073223161 0.073257096
0.070984788 0.071033709 0.071082256 0.071130434 0.071178247 0.0712257 0.071272796 0.07131954 0.071365937 0.071411991 0.071457706 0.071503085 0.071548135 0.071592857 0.071637256 0.071681337 0.071725103 0.071768558 0.071811706 0.07185455 0.071897095 0.071939343 0.0719813 0.072022967 0.072064349 0.072105449 0.072146271 0.072186818 0.072227094 0.072267101 0.072306843 0.072346324 0.072385546 0.072424512 0.072463226 0.072501691 0.07253991 0.072577885 0.072615621 0.072653118 0.072690382 0.072727413 0.072764216 0.072800792 0.072837145 0.072873277 0.072909192 0.07294489 0.072980376 0.073015651 0.073050718 0.07308558 0.073120239 0.073154697 0.073188957
0.070893568 0.070943052 0.070992156 0.071040883 0.071089239 0.071137228 0.071184854 0.071232122 0.071279037 0.071325602 0.071371823 0.071417702 0.071463245 0.071508456 0.071553339 0.071597897 0.071642135 0.071686057 0.071729667 0.071772968 0.071815964 0.07185866 0.071901058 0.071943163 0.071984979 0.072026507 0.072067753 0.07210872 0.072149411 0.072189829 0.072229978 0.072269861 0.072309482 0.072348844 0.072387949 0.072426801 0.072465403 0.072503758 0.07254187 0.07257974 0.072617372 0.072654769 0.072691934 0.07272887 0.072765578 0.072802063 0.072838326 0.072874371 0.072910199 0.072945815 0.072981219 0.073016415 0.073051405 0.073086191 0.073120776
0.070802304 0.070852352 0.070902012 0.070951289 0.071000188 0.071048713 0.07109687 0.071144662 0.071192094 0.071239171 0.071285897 0.071332276 0.071378314 0.071424013 0.071469378 0.071514414 0.071559125 0.071603514 0.071647585 0.071691343 0.071734792 0.071777934 0.071820775 0.071863318 0.071905566 0.071947523 0.071989193 0.072030579 0.072071685 0.072112515 0.072153071 0.072193357 0.072233377 0.072273133 0.072312629 0.072351869 0.072390854 0.072429589 0.072468077 0.07250632 0.072544321 0.072582084 0.072619611 0.072656906 0.07269397 0.072730807 0.072767419 0.07280381 0.072839982 0.072875937 0.072911678 0.072947208 0.072982529 0.073017644 0.073052555
0.070711 0.070761612 0.070811828 0.070861655 0.070911097 0.070960159 0.071008845 0.071057161 0.071105111 0.0711527 0.071199932 0.071246811 0.071293342 0.07133953 0.071385379 0.071430892 0.071476075 0.071520931 0.071565464 0.071609679 0.071653579 0.071697169 0.071740452 0.071783432 0.071826113 0.071868499 0.071910593 0.071952399 0.07199392 0.072035161 0.072076124 0.072116813 0.072157232 0.072197383 0.07223727 0.072276897 0.072316266 0.072355381 0.072394244 0.07243286 0.072471231 0.072509359 0.072547249 0.072584902 0.072622322 0.072659511 0.072696473 0.07273321 0.072769724 0.07280602 0.072842098 0.072877962 0.072913614 0.072949057 0.072984294
0.07061966 0.070670835 0.070721609 0.070771985 0.07082197 0.070871569 0.070920785 0.070969625 0.071018093 0.071066193 0.07111393 0.071161309 0.071208335 0.071255011 0.071301343 0.071347333 0.071392988 0.071438311 0.071483307 0.071527978 0.07157233 0.071616367 0.071660092 0.07170351 0.071746624 0.071789438 0.071831956 0.071874181 0.071916118 0.071957769 0.071999139 0.072040231 0.072081049 0.072121595 0.072161873 0.072201887 0.07224164 0.072281134 0.072320374 0.072359362 0.072398102 0.072436596 0.072474848 0.07251286 0.072550636 0.072588177 0.072625488 0.072662571 0.072699429 0.072736064 0.07277248 0.072808678 0.072844661 0.072880433 0.072915995
0.070528289 0.070580027 0.070631357 0.070682283 0.070732811 0.070782946 0.070832693 0.070882057 0.070931042 0.070979653 0.071027896 0.071075775 0.071123294 0.071170459 0.071217273 0.071263741 0.071309868 0.071355658 0.071401115 0.071446243 0.071491047 0.071535531 0.071579698 0.071623553 0.0716671 0.071710342 0.071753284 0.071795929 0.07183828 0.071880343 0.07192212 0.071963614 0.07200483 0.072045771 0.072086441 0.072126841 0.072166977 0.072206852 0.072246468 0.072285829 0.072324937 0.072363797 0.072402411 0.072440782 0.072478913 0.072516807 0.072554468 0.072591897 0.072629098 0.072666073 0.072702825 0.072739357 0.072775672 0.072811772 0.07284766
0.07043689 0.070489191 0.070541077 0.070592553 0.070643624 0.070694295 0.070744572 0.070794459 0.070843962 0.070893084 0.070941833 0.070990211 0.071038224 0.071085877 0.071133174 0.071180119 0.071226718 0.071272974 0.071318893 0.071364477 0.071409733 0.071454663 0.071499272 0.071543564 0.071587544 0.071631214 0.071674579 0.071717643 0.07176041 0.071802884 0.071845067 0.071886964 0.071928579 0.071969914 0.072010974 0.072051762 0.072092282 0.072132536 0.072172528 0.072212261 0.072251738 0.072290964 0.07232994 0.07236867 0.072407156 0.072445403 0.072483412 0.072521188 0.072558731 0.072596046 0.072633136 0.072670002 0.072706648 0.072743076 0.072779289
0.070345467 0.070398332 0.070450774 0.070502799 0.070554412 0.07060562 0.070656426 0.070706836 0.070756856 0.07080649 0.070855743 0.07090462 0.070953127 0.071001268 0.071049047 0.071096469 0.07114354 0.071190262 0.071236642 0.071282683 0.07132839 0.071373766 0.071418817 0.071463546 0.071507958 0.071552056 0.071595845 0.071639328 0.07168251 0.071725394 0.071767984 0.071810283 0.071852296 0.071894026 0.071935477 0.071976652 0.072017554 0.072058188 0.072098555 0.072138661 0.072178507 0.072218098 0.072257436 0.072296525 0.072335367 0.072373966 0.072412324 0.072450445 0.072488332 0.072525987 0.072563413 0.072600614 0.072637591 0.072674347 0.072710886
0.070254025 0.070307452 0.07036045 0.070413024 0.07046518 0.070516923 0.070568258 0.070619191 0.070669728 0.070719872 0.07076963 0.070819007 0.070868007 0.070916635 0.070964896 0.071012795 0.071060337 0.071107525 0.071154366 0.071200863 0.071247021 0.071292843 0.071338335 0.071383501 0.071428345 0.071472871 0.071517083 0.071560985 0.071604581 0.071647876 0.071690872 0.071733573 0.071775985 0.071818109 0.07185995 0.071901512 0.071942797 0.07198381 0.072024553 0.072065031 0.072105246 0.072145202 0.072184902 0.072224349 0.072263546 0.072302497 0.072341205 0.072379672 0.072417901 0.072455896 0.072493659 0.072531194 0.072568502 0.072605586 0.072642451
0.070162567 0.070216557 0.07027011 0.070323232 0.07037593 0.070428208 0.070480072 0.070531528 0.070582581 0.070633236 0.070683498 0.070733373 0.070782866 0.070831981 0.070880724 0.070929099 0.070977112 0.071024766 0.071072067 0.07111902 0.071165628 0.071211897 0.07125783 0.071303432 0.071348708 0.071393661 0.071438296 0.071482617 0.071526627 0.071570331 0.071613733 0.071656837 0.071699646 0.071742165 0.071784396 0.071826344 0.071868012 0.071909404 0.071950523 0.071991372 0.072031956 0.072072277 0.072112338 0.072152144 0.072191697 0.072231 0.072270056 0.072308869 0.072347441 0.072385775 0.072423875 0.072461743 0.072499382 0.072536795 0.072573985
0.070071098 0.070125649 0.070179757 0.070233428 0.070286667 0.07033948 0.070391873 0.07044385 0.070495419 0.070546584 0.07059735 0.070647723 0.070697708 0.07074731 0.070796534 0.070845385 0.070893868 0.070941988 0.070989749 0.071037157 0.071084215 0.071130929 0.071177303 0.071223342 0.071269049 0.071314429 0.071359486 0.071404225 0.071448649 0.071492763 0.071536571 0.071580076 0.071623283 0.071666195 0.071708817 0.071751151 0.071793201 0.071834972 0.071876466 0.071917687 0.071958639 0.071999325 0.072039748 0.072079912 0.072119819 0.072159474 0.072198879 0.072238037 0.072276952 0.072315626 0.072354063 0.072392264 0.072430234 0.072467975 0.07250549
0.069979621 0.070034734 0.070089396 0.070143614 0.070197394 0.070250741 0.070303662 0.070356161 0.070408245 0.070459919 0.070511189 0.070562059 0.070612536 0.070662624 0.070712329 0.070761655 0.070810608 0.070859193 0.070907414 0.070955276 0.071002785 0.071049943 0.071096758 0.071143232 0.07118937 0.071235176 0.071280656 0.071325812 0.07137065 0.071415174 0.071459387 0.071503294 0.071546898 0.071590203 0.071633214 0.071675934 0.071718367 0.071760516 0.071802385 0.071843978 0.071885297 0.071926348 0.071967132 0.072007654 0.072047916 0.072087923 0.072127676 0.07216718 0.072206437 0.07224545 0.072284223 0.072322759 0.072361059 0.072399128 0.072436968
0.069888142 0.069943815 0.069999031 0.070053796 0.070108115 0.070161996 0.070215444 0.070268464 0.070321063 0.070373245 0.070425018 0.070476385 0.070527353 0.070577927 0.070628111 0.070677913 0.070727335 0.070776384 0.070825064 0.070873381 0.070921339 0.070968942 0.071016196 0.071063105 0.071109673 0.071155906 0.071201807 0.071247382 0.071292633 0.071337565 0.071382183 0.071426491 0.071470492 0.07151419 0.07155759 0.071600696 0.07164351 0.071686038 0.071728281 0.071770245 0.071811933 0.071853348 0.071894493 0.071935372 0.071975989 0.072016347 0.072056449 0.072096297 0.072135897 0.072175249 0.072214358 0.072253227 0.072291858 0.072330255 0.07236842
0.069796663 0.069852895 0.069908664 0.069963975 0.070018834 0.070073248 0.070127222 0.070180762 0.070233875 0.070286566 0.07033884 0.070390704 0.070442162 0.070493221 0.070543885 0.07059416 0.070644052 0.070693564 0.070742703 0.070791473 0.07083988 0.070887927 0.07093562 0.070982964 0.071029963 0.071076621 0.071122943 0.071168934 0.071214598 0.071259939 0.071304962 0.07134967 0.071394067 0.071438159 0.071481948 0.071525438 0.071568634 0.071611539 0.071654157 0.071696492 0.071738547 0.071780326 0.071821832 0.071863069 0.07190404 0.071944749 0.071985198 0.072025392 0.072065333 0.072105025 0.07214447 0.072183672 0.072222633 0.072261358 0.072299847
0.069705188 0.06976198 0.069818301 0.069874157 0.069929555 0.0699845 0.070039 0.07009306 0.070146686 0.070199883 0.070252659 0.070305018 0.070356967 0.07040851 0.070459653 0.070510401 0.070560761 0.070610737 0.070660334 0.070709557 0.070758411 0.070806902 0.070855034 0.070902811 0.07095024 0.070997323 0.071044066 0.071090473 0.07113655 0.071182299 0.071227725 0.071272833 0.071317627 0.07136211 0.071406288 0.071450163 0.07149374 0.071537023 0.071580015 0.07162272 0.071665142 0.071707284 0.071749151 0.071790745 0.07183207 0.071873129 0.071913927 0.071954465 0.071994748 0.072034778 0.072074559 0.072114094 0.072153386 0.072192437 0.072231252
0.069613722 0.069671072 0.069727944 0.069784345 0.06984028 0.069895757 0.069950781 0.070005359 0.070059498 0.070113202 0.070166478 0.070219332 0.070271769 0.070323796 0.070375417 0.070426639 0.070477466 0.070527904 0.070577958 0.070627633 0.070676935 0.070725869 0.070774438 0.070822649 0.070870506 0.070918014 0.070965178 0.071012001 0.071058489 0.071104645 0.071150475 0.071195983 0.071241172 0.071286047 0.071330613 0.071374872 0.07141883 0.071462489 0.071505855 0.07154893 0.071591719 0.071634225 0.071676451 0.071718402 0.071760081 0.071801491 0.071842635 0.071883518 0.071924142 0.071964511 0.072004627 0.072044495 0.072084116 0.072123495 0.072162634
0.069522269 0.069580176 0.069637598 0.069694542 0.069751014 0.069807021 0.069862569 0.069917665 0.069972315 0.070026525 0.0700803 0.070133648 0.070186574 0.070239083 0.070291181 0.070342875 0.070394168 0.070445068 0.070495579 0.070545706 0.070595454 0.07064483 0.070693837 0.070742481 0.070790766 0.070838698 0.07088628 0.070933519 0.070980418 0.071026981 0.071073214 0.071119121 0.071164705 0.071209971 0.071254924 0.071299568 0.071343905 0.071387942 0.07143168 0.071475125 0.07151828 0.071561149 0.071603735 0.071646042 0.071688074 0.071729834 0.071771326 0.071812553 0.071853518 0.071894225 0.071934677 0.071974876 0.072014828 0.072054533 0.072093996
