Cobbity3/Refined/QGIS/OpenEM_mag.asc
NCOLS 600
NROWS 430
XLLCORNER 150.661
YLLCORNER -34.0279
CELLSIZE 1e-05
NODATA_VALUE -9999
[rows 72 to 95 of 430, columns 275 to 329 of 600]
0.027328422 0.027905627 0.028479715 0.029050334 0.02961716 0.030179898 0.030738279 0.031292059 0.031841016 0.032384951 0.032923686 0.033457062 0.033984938 0.03450719 0.035023709 0.035534403 0.03603919 0.036538006 0.037030794 0.037517512 0.037998125 0.038472611 0.038940955 0.03940315 0.039859197 0.040309105 0.040752889 0.041190568 0.04162217 0.042047725 0.04246727 0.042880845 0.043288492 0.043690261 0.0440862 0.044476364 0.044860809 0.045239592 0.045612775 0.045980418 0.046342586 0.046699343 0.047050756 0.047396893 0.04773782 0.048073607 0.048404323 0.048730039 0.049050824 0.049366748 0.049677882 0.049984296 0.050286061 0.050583247 0.050875924
0.026404118 0.027005502 0.0276031 0.028196571 0.028785602 0.029369911 0.029949241 0.030523361 0.031092064 0.031655164 0.032212497 0.032763916 0.033309296 0.033848526 0.034381511 0.034908173 0.035428443 0.035942271 0.036449613 0.03695044 0.037444731 0.037932475 0.03841367 0.038888322 0.039356444 0.039818055 0.040273182 0.040721857 0.041164117 0.041600003 0.042029562 0.042452843 0.042869901 0.043280793 0.043685577 0.044084316 0.044477076 0.044863921 0.045244922 0.045620147 0.045989669 0.046353559 0.046711891 0.047064739 0.047412179 0.047754285 0.048091132 0.048422798 0.048749358 0.049070888 0.049387464 0.049699162 0.050006057 0.050308225 0.05060574
0.025471535 0.026097776 0.026719521 0.027336441 0.027948238 0.028554643 0.029155415 0.029750337 0.030339218 0.030921886 0.031498193 0.032068009 0.032631222 0.033187737 0.033737474 0.034280369 0.03481637 0.03534544 0.03586755 0.036382685 0.036890837 0.03739201 0.037886214 0.038373468 0.038853798 0.039327236 0.03979382 0.040253595 0.040706608 0.041152912 0.041592564 0.042025626 0.04245216 0.042872234 0.043285916 0.043693279 0.044094396 0.044489342 0.044878195 0.045261033 0.045637934 0.046008979 0.046374249 0.046733825 0.04708779 0.047436224 0.047779211 0.048116833 0.048449172 0.048776309 0.049098326 0.049415306 0.049727327 0.050034472 0.05033682
0.024531089 0.025182864 0.02582939 0.026470354 0.027105474 0.027734497 0.028357198 0.028973378 0.029582862 0.030185497 0.030781149 0.031369706 0.031951073 0.032525172 0.033091939 0.033651326 0.034203298 0.034747832 0.035284915 0.035814547 0.036336737 0.0368515 0.037358862 0.037858856 0.038351521 0.038836901 0.039315049 0.03978602 0.040249874 0.040706676 0.041156495 0.041599402 0.042035471 0.04246478 0.042887408 0.043303437 0.043712949 0.044116028 0.044512762 0.044903235 0.045287537 0.045665754 0.046037976 0.046404291 0.046764789 0.047119558 0.047468688 0.047812267 0.048150383 0.048483125 0.04881058 0.049132835 0.049449976 0.049762089 0.050069259
0.023583231 0.024261215 0.024933155 0.025598753 0.026257748 0.026909904 0.027555016 0.028192903 0.028823409 0.029446398 0.030061758 0.030669393 0.031269227 0.0318612 0.032445266 0.033021394 0.033589567 0.034149777 0.034702031 0.035246342 0.035782735 0.036311242 0.036831903 0.037344765 0.037849882 0.038347313 0.038837122 0.039319377 0.039794153 0.040261526 0.040721577 0.041174387 0.041620044 0.042058635 0.042490249 0.042914978 0.043332916 0.043744155 0.044148791 0.044546919 0.044938636 0.045324037 0.04570322 0.04607628 0.046443314 0.046804419 0.04715969 0.047509223 0.047853112 0.048191452 0.048524335 0.048851856 0.049174106 0.049491176 0.049803155
0.022628449 0.023333315 0.024031294 0.024722113 0.025405528 0.026081326 0.026749322 0.027409356 0.028061292 0.028705017 0.029340436 0.029967476 0.03058608 0.031196206 0.03179783 0.032390938 0.032975532 0.033551623 0.034119233 0.034678394 0.035229148 0.035771542 0.036305633 0.036831483 0.037349161 0.037858741 0.038360299 0.038853921 0.03933969 0.039817699 0.040288038 0.040750803 0.041206092 0.041654003 0.042094637 0.042528096 0.042954483 0.043373902 0.043786457 0.044192252 0.044591393 0.044983984 0.045370131 0.045749936 0.046123506 0.046490942 0.046852348 0.047207827 0.047557479 0.047901406 0.048239706 0.04857248 0.048899823 0.049221833 0.049538604
0.021667273 0.022399684 0.023124324 0.02384094 0.024549312 0.025249251 0.025940595 0.026623206 0.027296971 0.0279618 0.02861762 0.029264381 0.029902046 0.030530595 0.031150024 0.03176034 0.032361564 0.032953727 0.033536869 0.034111041 0.034676302 0.035232717 0.035780359 0.036319307 0.036849645 0.037371462 0.037884851 0.038389909 0.038886736 0.039375435 0.039856112 0.040328875 0.040793832 0.041251095 0.041700775 0.042142985 0.04257784 0.043005451 0.043425935 0.043839403 0.044245972 0.044645753 0.045038861 0.045425407 0.045805504 0.046179263 0.046546794 0.046908206 0.047263608 0.047613106 0.047956806 0.048294814 0.048627232 0.048954162 0.049275706
0.02070027 0.021460885 0.022212796 0.022955776 0.023689632 0.024414199 0.025129342 0.025834948 0.026530929 0.027217219 0.02789377 0.028560554 0.029217559 0.029864788 0.030502257 0.031129997 0.031748048 0.032356463 0.032955301 0.033544633 0.034124536 0.034695094 0.035256397 0.035808542 0.036351629 0.036885762 0.037411051 0.037927607 0.038435546 0.038934983 0.039426038 0.039908833 0.040383487 0.040850125 0.04130887 0.041759846 0.042203178 0.042638989 0.043067403 0.043488545 0.043902537 0.044309503 0.044709564 0.045102841 0.045489453 0.04586952 0.04624316 0.046610488 0.04697162 0.047326669 0.047675749 0.048018968 0.048356438 0.048688266 0.049014557
0.019728051 0.020517516 0.021297297 0.022067196 0.022827049 0.02357672 0.0243161 0.025045105 0.025763675 0.026471769 0.027169366 0.027856463 0.028533073 0.029199224 0.029854955 0.03050032 0.031135383 0.031760216 0.032374902 0.03297953 0.033574198 0.03415901 0.034734073 0.035299502 0.035855415 0.036401934 0.036939183 0.037467289 0.037986383 0.038496596 0.038998061 0.039490912 0.039975284 0.040451313 0.040919133 0.041378881 0.041830692 0.042274702 0.042711043 0.043139851 0.043561258 0.043975396 0.044382396 0.044782387 0.045175497 0.045561852 0.045941579 0.046314801 0.04668164 0.047042216 0.047396649 0.047745055 0.04808755 0.048424247 0.048755258
0.018751266 0.019570215 0.020378451 0.021175811 0.02196216 0.022737394 0.023501434 0.024254228 0.024995742 0.025725967 0.02644491 0.027152594 0.027849059 0.028534359 0.02920856 0.029871738 0.030523981 0.031165386 0.031796057 0.032416105 0.033025649 0.033624811 0.034213721 0.034792511 0.035361316 0.035920277 0.036469534 0.037009232 0.037539516 0.038060532 0.038572429 0.039075353 0.039569454 0.040054879 0.040531777 0.041000296 0.041460582 0.041912781 0.042357039 0.042793499 0.043222304 0.043643596 0.044057514 0.044464197 0.04486378 0.045256399 0.045642187 0.046021275 0.046393792 0.046759866 0.047119622 0.047473183 0.047820672 0.048162207 0.048497906
0.017770612 0.018619661 0.019456922 0.020282266 0.021095592 0.021896831 0.022685938 0.02346289 0.02422769 0.024980356 0.025720926 0.026449454 0.027166008 0.027870669 0.028563529 0.029244692 0.029914271 0.030572386 0.031219164 0.031854741 0.032479256 0.033092854 0.033695684 0.034287897 0.034869649 0.035441098 0.036002401 0.036553721 0.037095218 0.037627055 0.038149394 0.038662399 0.03916623 0.03966105 0.040147019 0.040624299 0.041093046 0.041553419 0.042005574 0.042449666 0.042885847 0.043314267 0.043735077 0.044148423 0.04455445 0.044953302 0.045345119 0.04573004 0.046108202 0.046479739 0.046844784 0.047203466 0.047555912 0.047902249 0.0482426
0.016786826 0.017666574 0.01853341 0.019387242 0.020228008 0.021055674 0.021870232 0.022671696 0.023460101 0.024235499 0.024997961 0.025747571 0.026484429 0.027208644 0.027920337 0.028619641 0.029306692 0.029981639 0.030644633 0.031295833 0.031935401 0.032563505 0.033180314 0.033786001 0.03438074 0.034964709 0.035538084 0.036101044 0.036653767 0.037196431 0.037729215 0.038252296 0.03876585 0.039270053 0.039765079 0.0402511 0.040728288 0.041196811 0.041656838 0.042108532 0.042552057 0.042987575 0.043415243 0.043835218 0.044247654 0.044652701 0.04505051 0.045441227 0.045824995 0.046201957 0.04657225 0.046936013 0.047293378 0.047644477 0.047989439
0.01580069 0.016711715 0.017608654 0.018491455 0.0193601 0.020214595 0.021054969 0.021881275 0.022693584 0.023491984 0.024276581 0.025047492 0.025804849 0.026548792 0.027279474 0.027997054 0.028701699 0.029393583 0.030072883 0.030739784 0.031394471 0.032037136 0.032667969 0.033287166 0.033894921 0.03449143 0.03507689 0.035651497 0.036215446 0.036768933 0.037312152 0.037845295 0.038368554 0.038882119 0.039386177 0.039880913 0.040366512 0.040843153 0.041311017 0.041770278 0.042221111 0.042663687 0.043098173 0.043524736 0.043943538 0.044354739 0.044758497 0.045154965 0.045544296 0.045926638 0.046302136 0.046670935 0.047033174 0.047388992 0.047738522
0.014813032 0.015755886 0.01668343 0.017595659 0.018492599 0.019374298 0.020240828 0.021092282 0.021928771 0.022750421 0.023557374 0.024349783 0.025127813 0.025891639 0.026641444 0.027377418 0.028099758 0.028808666 0.029504346 0.030187009 0.030856865 0.03151413 0.032159018 0.032791746 0.03341253 0.034021586 0.03461913 0.035205377 0.035780542 0.036344835 0.036898469 0.03744165 0.037974587 0.038497482 0.039010538 0.039513953 0.040007923 0.040492643 0.040968301 0.041435086 0.041893182 0.04234277 0.042784028 0.043217131 0.043642252 0.044059558 0.044469216 0.044871387 0.045266231 0.045653904 0.046034558 0.046408344 0.046775409 0.047135896 0.047489946
0.013824724 0.014799931 0.015758555 0.016700642 0.017626264 0.018535516 0.019428517 0.0203054 0.021166319 0.022011442 0.022840947 0.023655027 0.024453883 0.025237724 0.026006766 0.026761232 0.027501348 0.028227347 0.028939463 0.02963793 0.030322989 0.030994877 0.031653834 0.032300099 0.03293391 0.033555505 0.03416512 0.034762989 0.035349345 0.035924417 0.036488433 0.037041618 0.037584193 0.038116378 0.038638388 0.039150436 0.039652731 0.040145479 0.040628882 0.041103138 0.041568445 0.042024992 0.042472968 0.042912558 0.043343943 0.043767299 0.044182802 0.044590622 0.044990924 0.045383874 0.04576963 0.04614835 0.046520187 0.046885291 0.047243809
0.012836683 0.013844734 0.014834883 0.015807227 0.016761889 0.017699015 0.01861877 0.019521335 0.020406908 0.021275699 0.022127929 0.022963829 0.023783638 0.024587602 0.025375973 0.026149005 0.02690696 0.027650098 0.028378684 0.029092981 0.029793256 0.030479773 0.031152797 0.031812589 0.032459411 0.033093523 0.033715181 0.03432464 0.03492215 0.03550796 0.036082314 0.036645455 0.03719762 0.037739042 0.038269953 0.038790579 0.039301142 0.03980186 0.040292949 0.040774619 0.041247075 0.041710521 0.042165155 0.04261117 0.043048758 0.043478105 0.043899392 0.044312799 0.044718501 0.045116668 0.045507468 0.045891063 0.046267614 0.046637278 0.047000207
0.011849868 0.012891223 0.013913305 0.014916271 0.015900299 0.016865587 0.01781235 0.01874082 0.019651241 0.020543868 0.021418967 0.022276809 0.023117673 0.023941845 0.024749611 0.025541263 0.026317094 0.027077398 0.027822469 0.028552602 0.029268089 0.029969223 0.030656293 0.031329586 0.031989387 0.032635978 0.033269637 0.033890638 0.034499253 0.035095747 0.035680384 0.036253423 0.036815116 0.037365714 0.037905462 0.038434601 0.038953365 0.039461988 0.039960696 0.04044971 0.040929249 0.041399525 0.041860748 0.042313122 0.042756846 0.043192115 0.043619121 0.04403805 0.044449085 0.044852405 0.045248183 0.045636591 0.046017795 0.046391956 0.046759235
0.010865286 0.011940363 0.012994752 0.014028669 0.015042351 0.016036054 0.017010046 0.017964611 0.018900042 0.019816643 0.020714725 0.021594603 0.022456598 0.023301034 0.024128239 0.024938538 0.025732261 0.026509735 0.027271286 0.028017238 0.028747915 0.029463634 0.030164713 0.030851464 0.031524195 0.032183212 0.032828815 0.033461298 0.034080953 0.034688066 0.035282917 0.035865782 0.036436932 0.036996632 0.037545143 0.038082719 0.038609611 0.039126062 0.039632312 0.040128595 0.040615141 0.041092172 0.04155991 0.042018566 0.042468352 0.04290947 0.043342122 0.043766501 0.044182799 0.044591202 0.04499189 0.045385042 0.045770831 0.046149425 0.04652099
0.0098839862 0.010993162 0.012080188 0.013145345 0.014188933 0.015211266 0.016212671 0.017193486 0.018154057 0.019094737 0.020015885 0.020917863 0.021801035 0.022665767 0.023512426 0.024341376 0.025152983 0.025947608 0.02672561 0.027487346 0.028233167 0.028963422 0.029678453 0.030378601 0.031064197 0.031735571 0.032393044 0.033036934 0.033667551 0.034285202 0.034890186 0.035482795 0.036063319 0.036632037 0.037189225 0.037735154 0.038270087 0.038794281 0.039307989 0.039811456 0.040304925 0.040788628 0.041262798 0.041727656 0.042183423 0.042630311 0.043068529 0.043498281 0.043919766 0.044333175 0.0447387 0.045136524 0.045526826 0.045909782 0.046285563
0.0089070587 0.010050665 0.011170614 0.012267258 0.013340961 0.0143921 0.015421064 0.016428247 0.017414051 0.018378882 0.019323147 0.020247257 0.021151622 0.022036652 0.022902753 0.023750331 0.024579788 0.025391521 0.026185923 0.026963383 0.027724285 0.028469004 0.029197914 0.029911378 0.030609756 0.0312934 0.031962655 0.032617861 0.033259349 0.033887445 0.034502467 0.035104725 0.035694526 0.036272166 0.036837937 0.037392123 0.037935001 0.038466844 0.038987916 0.039498475 0.039998774 0.040489059 0.04096957 0.041440542 0.041902202 0.042354774 0.042798474 0.043233516 0.043660104 0.044078441 0.044488722 0.04489114 0.045285879 0.045673123 0.046053048
0.0079356363 0.009113954 0.010267066 0.011395396 0.012499379 0.013579458 0.014636085 0.015669716 0.016680808 0.017669824 0.018637223 0.019583465 0.020509008 0.021414306 0.02229981 0.023165965 0.024013211 0.024841984 0.025652711 0.026445815 0.02722171 0.027980804 0.028723496 0.029450179 0.030161238 0.030857049 0.031537982 0.032204398 0.03285665 0.033495082 0.034120034 0.034731834 0.035330804 0.035917259 0.036491505 0.037053842 0.037604562 0.03814395 0.038672283 0.039189832 0.039696862 0.040193629 0.040680385 0.041157373 0.041624833 0.042082996 0.042532088 0.042972329 0.043403934 0.043827112 0.044242066 0.044648995 0.045048091 0.045439543 0.045823533
0.0069708915 0.0081841492 0.0093706115 0.010530779 0.011665159 0.012774266 0.013858617 0.014918732 0.015955129 0.016968327 0.01795884 0.018927179 0.019873852 0.020799359 0.021704194 0.022588847 0.023453796 0.024299515 0.025126467 0.02593511 0.026725889 0.027499244 0.028255604 0.028995388 0.029719009 0.030426868 0.031119357 0.031796861 0.032459754 0.033108402 0.033743162 0.034364383 0.034972403 0.035567553 0.036150157 0.036720529 0.037278975 0.037825794 0.038361276 0.038885705 0.039399357 0.0399025 0.040395396 0.040878299 0.041351457 0.041815112 0.042269498 0.042714844 0.043151372 0.0435793 0.043998838 0.04441019 0.044813557 0.045209134 0.045597109
0.0060140345 0.0072624033 0.0084823483 0.0096744507 0.010839296 0.011977471 0.013089562 0.014176155 0.015237831 0.016275168 0.017288737 0.018279103 0.019246822 0.020192445 0.021116511 0.022019552 0.022902089 0.023764633 0.024607686 0.025431738 0.026237271 0.027024753 0.027794644 0.028547393 0.029283437 0.030003205 0.030707112 0.031395567 0.032068964 0.032727692 0.033372125 0.034002632 0.034619569 0.035223285 0.035814117 0.036392397 0.036958444 0.037512571 0.038055081 0.038586271 0.039106428 0.039615833 0.040114756 0.040603463 0.041082213 0.041551254 0.042010831 0.042461181 0.042902534 0.043335115 0.043759141 0.044174826 0.044582374 0.044981988 0.045373861
0.0050663115 0.0063499014 0.0076034035 0.0088274839 0.010022808 0.01119004 0.012329839 0.013442858 0.014529744 0.015591136 0.016627663 0.017639946 0.018628595 0.019594207 0.020537371 0.021458661 0.022358641 0.023237862 0.024096864 0.024936173 0.025756303 0.026557756 0.027341022 0.028106578 0.02885489 0.02958641 0.03030158 0.031000831 0.03168458 0.032353236 0.033007194 0.03364684 0.03427255 0.034884688 0.035483609 0.036069658 0.03664317 0.037204472 0.037753881 0.038291704 0.038818242 0.039333785 0.039838616 0.040333011 0.040817236 0.041291552 0.041756211 0.042211458 0.042657531 0.043094664 0.04352308 0.043942999 0.044354634 0.044758192 0.045153874
