Cobbity3/Refined/QGIS/OpenEM_mixed.asc
NCOLS 600
NROWS 430
XLLCORNER 150.661
YLLCORNER -34.0279
CELLSIZE 1e-05
NODATA_VALUE -9999
[rows 225 to 249 of 430, columns 0 to 56 of 600]
-34.025749 -34.02575 -34.02575 -34.025751 -34.025752 -34.025752 -34.025753 -34.025754 -34.025755 -34.025756 -34.025756 -34.025757 -34.025758 -34.025759 -34.025759 -34.02576 -34.025761 -34.025762 -34.025763 -34.025764 -34.025765 -34.025765 -34.025766 -34.025767 -34.025768 -34.025769 -34.02577 -34.025771 -34.025772 -34.025773 -34.025774 -34.025775 -34.025776 -34.025777 -34.025778 -34.025779 -34.02578 -34.025781 -34.025782 -34.025783 -34.025784 -34.025785 -34.025786 -34.025788 -34.025789 -34.02579 -34.025791 -34.025792 -34.025793 -34.025795 -34.025796 -34.025797 -34.025798 -34.025799 -34.025801 -34.025802 -34.025803
-34.025751 -34.025752 -34.025753 -34.025753 -34.025754 -34.025755 -34.025756 -34.025756 -34.025757 -34.025758 -34.025759 -34.02576 -34.02576 -34.025761 -34.025762 -34.025763 -34.025764 -34.025765 -34.025765 -34.025766 -34.025767 -34.025768 -34.025769 -34.02577 -34.025771 -34.025772 -34.025773 -34.025774 -34.025775 -34.025776 -34.025777 -34.025778 -34.025779 -34.02578 -34.025781 -34.025782 -34.025783 -34.025784 -34.025786 -34.025787 -34.025788 -34.025789 -34.02579 -34.025791 -34.025792 -34.025794 -34.025795 -34.025796 -34.025797 -34.025799 -34.0258 -34.025801 -34.025802 -34.025804 -34.025805 -34.025806 -34.025808
-34.025753 -34.025754 -34.025755 -34.025756 -34.025756 -34.025757 -34.025758 -34.025759 -34.025759 -34.02576 -34.025761 -34.025762 -34.025763 -34.025764 -34.025765 -34.025765 -34.025766 -34.025767 -34.025768 -34.025769 -34.02577 -34.025771 -34.025772 -34.025773 -34.025774 -34.025775 -34.025776 -34.025777 -34.025778 -34.025779 -34.02578 -34.025781 -34.025782 -34.025783 -34.025784 -34.025786 -34.025787 -34.025788 -34.025789 -34.02579 -34.025791 -34.025793 -34.025794 -34.025795 -34.025796 -34.025797 -34.025799 -34.0258 -34.025801 -34.025803 -34.025804 -34.025805 -34.025807 -34.025808 -34.025809 -34.025811 -34.025812
-34.025755 -34.025756 -34.025757 -34.025758 -34.025759 -34.025759 -34.02576 -34.025761 -34.025762 -34.025763 -34.025764 -34.025764 -34.025765 -34.025766 -34.025767 -34.025768 -34.025769 -34.02577 -34.025771 -34.025772 -34.025773 -34.025774 -34.025775 -34.025776 -34.025777 -34.025778 -34.025779 -34.02578 -34.025781 -34.025782 -34.025783 -34.025784 -34.025785 -34.025786 -34.025788 -34.025789 -34.02579 -34.025791 -34.025792 -34.025794 -34.025795 -34.025796 -34.025797 -34.025799 -34.0258 -34.025801 -34.025803 -34.025804 -34.025805 -34.025807 -34.025808 -34.025809 -34.025811 -34.025812 -34.025814 -34.025815 -34.025817
-34.025758 -34.025758 -34.025759 -34.02576 -34.025761 -34.025762 -34.025762 -34.025763 -34.025764 -34.025765 -34.025766 -34.025767 -34.025768 -34.025769 -34.02577 -34.025771 -34.025771 -34.025772 -34.025773 -34.025774 -34.025775 -34.025776 -34.025777 -34.025778 -34.02578 -34.025781 -34.025782 -34.025783 -34.025784 -34.025785 -34.025786 -34.025787 -34.025788 -34.02579 -34.025791 -34.025792 -34.025793 -34.025794 -34.025796 -34.025797 -34.025798 -34.0258 -34.025801 -34.025802 -34.025804 -34.025805 -34.025806 -34.025808 -34.025809 -34.025811 -34.025812 -34.025813 -34.025815 -34.025816 -34.025818 -34.025819 -34.025821
-34.02576 -34.025761 -34.025761 -34.025762 -34.025763 -34.025764 -34.025765 -34.025766 -34.025767 -34.025767 -34.025768 -34.025769 -34.02577 -34.025771 -34.025772 -34.025773 -34.025774 -34.025775 -34.025776 -34.025777 -34.025778 -34.025779 -34.02578 -34.025781 -34.025782 -34.025783 -34.025785 -34.025786 -34.025787 -34.025788 -34.025789 -34.02579 -34.025792 -34.025793 -34.025794 -34.025795 -34.025797 -34.025798 -34.025799 -34.0258 -34.025802 -34.025803 -34.025805 -34.025806 -34.025807 -34.025809 -34.02581 -34.025812 -34.025813 -34.025815 -34.025816 -34.025818 -34.025819 -34.025821 -34.025822 -34.025824 -34.025825
-34.025762 -34.025763 -34.025764 -34.025764 -34.025765 -34.025766 -34.025767 -34.025768 -34.025769 -34.02577 -34.025771 -34.025772 -34.025773 -34.025774 -34.025775 -34.025776 -34.025777 -34.025778 -34.025779 -34.02578 -34.025781 -34.025782 -34.025783 -34.025784 -34.025785 -34.025786 -34.025787 -34.025789 -34.02579 -34.025791 -34.025792 -34.025793 -34.025795 -34.025796 -34.025797 -34.025799 -34.0258 -34.025801 -34.025803 -34.025804 -34.025805 -34.025807 -34.025808 -34.02581 -34.025811 -34.025812 -34.025814 -34.025815 -34.025817 -34.025819 -34.02582 -34.025822 -34.025823 -34.025825 -34.025827 -34.025828 -34.02583
-34.025764 -34.025765 -34.025766 -34.025767 -34.025767 -34.025768 -34.025769 -34.02577 -34.025771 -34.025772 -34.025773 -34.025774 -34.025775 -34.025776 -34.025777 -34.025778 -34.025779 -34.02578 -34.025781 -34.025782 -34.025783 -34.025785 -34.025786 -34.025787 -34.025788 -34.025789 -34.02579 -34.025791 -34.025793 -34.025794 -34.025795 -34.025796 -34.025798 -34.025799 -34.0258 -34.025802 -34.025803 -34.025804 -34.025806 -34.025807 -34.025809 -34.02581 -34.025812 -34.025813 -34.025815 -34.025816 -34.025818 -34.025819 -34.025821 -34.025822 -34.025824 -34.025826 -34.025827 -34.025829 -34.025831 -34.025833 -34.025834
-34.025766 -34.025767 -34.025768 -34.025769 -34.02577 -34.025771 -34.025772 -34.025772 -34.025773 -34.025774 -34.025775 -34.025776 -34.025777 -34.025778 -34.025779 -34.025781 -34.025782 -34.025783 -34.025784 -34.025785 -34.025786 -34.025787 -34.025788 -34.02579 -34.025791 -34.025792 -34.025793 -34.025794 -34.025796 -34.025797 -34.025798 -34.025799 -34.025801 -34.025802 -34.025804 -34.025805 -34.025806 -34.025808 -34.025809 -34.025811 -34.025812 -34.025814 -34.025815 -34.025817 -34.025818 -34.02582 -34.025821 -34.025823 -34.025825 -34.025826 -34.025828 -34.02583 -34.025832 -34.025833 -34.025835 -34.025837 -34.025839
-34.025768 -34.025769 -34.02577 -34.025771 -34.025772 -34.025773 -34.025774 -34.025775 -34.025776 -34.025777 -34.025778 -34.025779 -34.02578 -34.025781 -34.025782 -34.025783 -34.025784 -34.025785 -34.025786 -34.025787 -34.025789 -34.02579 -34.025791 -34.025792 -34.025793 -34.025795 -34.025796 -34.025797 -34.025799 -34.0258 -34.025801 -34.025803 -34.025804 -34.025805 -34.025807 -34.025808 -34.02581 -34.025811 -34.025812 -34.025814 -34.025816 -34.025817 -34.025819 -34.02582 -34.025822 -34.025824 -34.025825 -34.025827 -34.025829 -34.02583 -34.025832 -34.025834 -34.025836 -34.025838 -34.025839 -34.025841 -34.025843
-34.02577 -34.025771 -34.025772 -34.025773 -34.025774 -34.025775 -34.025776 -34.025777 -34.025778 -34.025779 -34.02578 -34.025781 -34.025782 -34.025783 -34.025784 -34.025785 -34.025787 -34.025788 -34.025789 -34.02579 -34.025791 -34.025792 -34.025794 -34.025795 -34.025796 -34.025797 -34.025799 -34.0258 -34.025801 -34.025803 -34.025804 -34.025806 -34.025807 -34.025808 -34.02581 -34.025811 -34.025813 -34.025814 -34.025816 -34.025817 -34.025819 -34.025821 -34.025822 -34.025824 -34.025825 -34.025827 -34.025829 -34.025831 -34.025832 -34.025834 -34.025836 -34.025838 -34.02584 -34.025842 -34.025844 -34.025846 -34.025848
-34.025772 -34.025773 -34.025774 -34.025775 -34.025776 -34.025777 -34.025778 -34.025779 -34.02578 -34.025781 -34.025782 -34.025783 -34.025785 -34.025786 -34.025787 -34.025788 -34.025789 -34.02579 -34.025791 -34.025793 -34.025794 -34.025795 -34.025796 -34.025798 -34.025799 -34.0258 -34.025802 -34.025803 -34.025804 -34.025806 -34.025807 -34.025808 -34.02581 -34.025811 -34.025813 -34.025814 -34.025816 -34.025817 -34.025819 -34.025821 -34.025822 -34.025824 -34.025826 -34.025827 -34.025829 -34.025831 -34.025833 -34.025834 -34.025836 -34.025838 -34.02584 -34.025842 -34.025844 -34.025846 -34.025848 -34.02585 -34.025852
-34.025774 -34.025775 -34.025776 -34.025777 -34.025778 -34.025779 -34.02578 -34.025781 -34.025782 -34.025784 -34.025785 -34.025786 -34.025787 -34.025788 -34.025789 -34.02579 -34.025792 -34.025793 -34.025794 -34.025795 -34.025796 -34.025798 -34.025799 -34.0258 -34.025802 -34.025803 -34.025804 -34.025806 -34.025807 -34.025809 -34.02581 -34.025811 -34.025813 -34.025814 -34.025816 -34.025818 -34.025819 -34.025821 -34.025822 -34.025824 -34.025826 -34.025827 -34.025829 -34.025831 -34.025833 -34.025834 -34.025836 -34.025838 -34.02584 -34.025842 -34.025844 -34.025846 -34.025848 -34.02585 -34.025852 -34.025854 -34.025856
-34.025776 -34.025777 -34.025778 -34.025779 -34.02578 -34.025782 -34.025783 -34.025784 -34.025785 -34.025786 -34.025787 -34.025788 -34.025789 -34.02579 -34.025792 -34.025793 -34.025794 -34.025795 -34.025796 -34.025798 -34.025799 -34.0258 -34.025802 -34.025803 -34.025804 -34.025806 -34.025807 -34.025808 -34.02581 -34.025811 -34.025813 -34.025814 -34.025816 -34.025817 -34.025819 -34.025821 -34.025822 -34.025824 -34.025826 -34.025827 -34.025829 -34.025831 -34.025833 -34.025834 -34.025836 -34.025838 -34.02584 -34.025842 -34.025844 -34.025846 -34.025848 -34.02585 -34.025852 -34.025854 -34.025856 -34.025858 -34.025861
-34.025778 -34.025779 -34.025781 -34.025782 -34.025783 -34.025784 -34.025785 -34.025786 -34.025787 -34.025788 -34.025789 -34.02579 -34.025792 -34.025793 -34.025794 -34.025795 -34.025796 -34.025798 -34.025799 -34.0258 -34.025802 -34.025803 -34.025804 -34.025806 -34.025807 -34.025808 -34.02581 -34.025811 -34.025813 -34.025814 -34.025816 -34.025817 -34.025819 -34.02582 -34.025822 -34.025824 -34.025825 -34.025827 -34.025829 -34.025831 -34.025832 -34.025834 -34.025836 -34.025838 -34.02584 -34.025842 -34.025844 -34.025846 -34.025848 -34.02585 -34.025852 -34.025854 -34.025856 -34.025858 -34.02586 -34.025863 -34.025865
-34.02578 -34.025782 -34.025783 -34.025784 -34.025785 -34.025786 -34.025787 -34.025788 -34.025789 -34.02579 -34.025791 -34.025793 -34.025794 -34.025795 -34.025796 -34.025798 -34.025799 -34.0258 -34.025801 -34.025803 -34.025804 -34.025805 -34.025807 -34.025808 -34.02581 -34.025811 -34.025813 -34.025814 -34.025816 -34.025817 -34.025819 -34.02582 -34.025822 -34.025823 -34.025825 -34.025827 -34.025828 -34.02583 -34.025832 -34.025834 -34.025836 -34.025837 -34.025839 -34.025841 -34.025843 -34.025845 -34.025847 -34.025849 -34.025851 -34.025853 -34.025855 -34.025858 -34.02586 -34.025862 -34.025864 -34.025867 -34.025869
-34.025783 -34.025784 -34.025785 -34.025786 -34.025787 -34.025788 -34.025789 -34.02579 -34.025791 -34.025793 -34.025794 -34.025795 -34.025796 -34.025797 -34.025799 -34.0258 -34.025801 -34.025803 -34.025804 -34.025805 -34.025807 -34.025808 -34.025809 -34.025811 -34.025812 -34.025814 -34.025815 -34.025817 -34.025818 -34.02582 -34.025821 -34.025823 -34.025825 -34.025826 -34.025828 -34.02583 -34.025832 -34.025833 -34.025835 -34.025837 -34.025839 -34.025841 -34.025843 -34.025845 -34.025847 -34.025849 -34.025851 -34.025853 -34.025855 -34.025857 -34.025859 -34.025862 -34.025864 -34.025866 -34.025869 -34.025871 -34.025873
-34.025785 -34.025786 -34.025787 -34.025788 -34.025789 -34.02579 -34.025791 -34.025792 -34.025794 -34.025795 -34.025796 -34.025797 -34.025798 -34.0258 -34.025801 -34.025802 -34.025804 -34.025805 -34.025806 -34.025808 -34.025809 -34.02581 -34.025812 -34.025813 -34.025815 -34.025816 -34.025818 -34.025819 -34.025821 -34.025823 -34.025824 -34.025826 -34.025828 -34.025829 -34.025831 -34.025833 -34.025835 -34.025836 -34.025838 -34.02584 -34.025842 -34.025844 -34.025846 -34.025848 -34.02585 -34.025852 -34.025854 -34.025856 -34.025859 -34.025861 -34.025863 -34.025865 -34.025868 -34.02587 -34.025873 -34.025875 -34.025878
-34.025786 -34.025788 -34.025789 -34.02579 -34.025791 -34.025792 -34.025793 -34.025794 -34.025796 -34.025797 -34.025798 -34.025799 -34.025801 -34.025802 -34.025803 -34.025805 -34.025806 -34.025807 -34.025809 -34.02581 -34.025812 -34.025813 -34.025814 -34.025816 -34.025817 -34.025819 -34.025821 -34.025822 -34.025824 -34.025825 -34.025827 -34.025829 -34.02583 -34.025832 -34.025834 -34.025836 -34.025838 -34.025839 -34.025841 -34.025843 -34.025845 -34.025847 -34.025849 -34.025851 -34.025853 -34.025856 -34.025858 -34.02586 -34.025862 -34.025864 -34.025867 -34.025869 -34.025872 -34.025874 -34.025877 -34.025879 -34.025882
-34.025788 -34.02579 -34.025791 -34.025792 -34.025793 -34.025794 -34.025795 -34.025797 -34.025798 -34.025799 -34.0258 -34.025802 -34.025803 -34.025804 -34.025806 -34.025807 -34.025808 -34.02581 -34.025811 -34.025813 -34.025814 -34.025815 -34.025817 -34.025818 -34.02582 -34.025822 -34.025823 -34.025825 -34.025826 -34.025828 -34.02583 -34.025832 -34.025833 -34.025835 -34.025837 -34.025839 -34.025841 -34.025842 -34.025844 -34.025846 -34.025848 -34.02585 -34.025852 -34.025855 -34.025857 -34.025859 -34.025861 -34.025863 -34.025866 -34.025868 -34.02587 -34.025873 -34.025875 -34.025878 -34.025881 -34.025883 -34.025886
-34.02579 -34.025792 -34.025793 -34.025794 -34.025795 -34.025796 -34.025797 -34.025799 -34.0258 -34.025801 -34.025803 -34.025804 -34.025805 -34.025806 -34.025808 -34.025809 -34.025811 -34.025812 -34.025813 -34.025815 -34.025816 -34.025818 -34.025819 -34.025821 -34.025823 -34.025824 -34.025826 -34.025827 -34.025829 -34.025831 -34.025833 -34.025834 -34.025836 -34.025838 -34.02584 -34.025842 -34.025844 -34.025845 -34.025847 -34.025849 -34.025852 -34.025854 -34.025856 -34.025858 -34.02586 -34.025862 -34.025865 -34.025867 -34.025869 -34.025872 -34.025874 -34.025877 -34.025879 -34.025882 -34.025884 -34.025887 -34.02589
-34.025792 -34.025794 -34.025795 -34.025796 -34.025797 -34.025798 -34.0258 -34.025801 -34.025802 -34.025803 -34.025805 -34.025806 -34.025807 -34.025809 -34.02581 -34.025811 -34.025813 -34.025814 -34.025816 -34.025817 -34.025819 -34.02582 -34.025822 -34.025823 -34.025825 -34.025827 -34.025828 -34.02583 -34.025832 -34.025834 -34.025835 -34.025837 -34.025839 -34.025841 -34.025843 -34.025845 -34.025846 -34.025848 -34.02585 -34.025853 -34.025855 -34.025857 -34.025859 -34.025861 -34.025863 -34.025866 -34.025868 -34.02587 -34.025873 -34.025875 -34.025878 -34.02588 -34.025883 -34.025886 -34.025888 -34.025891 -34.025894
-34.025794 -34.025795 -34.025797 -34.025798 -34.025799 -34.0258 -34.025802 -34.025803 -34.025804 -34.025805 -34.025807 -34.025808 -34.02581 -34.025811 -34.025812 -34.025814 -34.025815 -34.025817 -34.025818 -34.02582 -34.025821 -34.025823 -34.025824 -34.025826 -34.025828 -34.025829 -34.025831 -34.025833 -34.025834 -34.025836 -34.025838 -34.02584 -34.025842 -34.025844 -34.025845 -34.025847 -34.025849 -34.025851 -34.025853 -34.025856 -34.025858 -34.02586 -34.025862 -34.025864 -34.025867 -34.025869 -34.025871 -34.025874 -34.025876 -34.025879 -34.025881 -34.025884 -34.025887 -34.025889 -34.025892 -34.025895 -34.025898
-34.025796 -34.025797 -34.025799 -34.0258 -34.025801 -34.025802 -34.025804 -34.025805 -34.025806 -34.025808 -34.025809 -34.02581 -34.025812 -34.025813 -34.025815 -34.025816 -34.025817 -34.025819 -34.02582 -34.025822 -34.025824 -34.025825 -34.025827 -34.025828 -34.02583 -34.025832 -34.025833 -34.025835 -34.025837 -34.025839 -34.025841 -34.025842 -34.025844 -34.025846 -34.025848 -34.02585 -34.025852 -34.025854 -34.025856 -34.025859 -34.025861 -34.025863 -34.025865 -34.025867 -34.02587 -34.025872 -34.025875 -34.025877 -34.02588 -34.025882 -34.025885 -34.025888 -34.02589 -34.025893 -34.025896 -34.025899 -34.025902
-34.025798 -34.025799 -34.025801 -34.025802 -34.025803 -34.025804 -34.025806 -34.025807 -34.025808 -34.02581 -34.025811 -34.025812 -34.025814 -34.025815 -34.025817 -34.025818 -34.02582 -34.025821 -34.025823 -34.025824 -34.025826 -34.025828 -34.025829 -34.025831 -34.025833 -34.025834 -34.025836 -34.025838 -34.02584 -34.025841 -34.025843 -34.025845 -34.025847 -34.025849 -34.025851 -34.025853 -34.025855 -34.025857 -34.025859 -34.025861 -34.025864 -34.025866 -34.025868 -34.025871 -34.025873 -34.025875 -34.025878 -34.02588 -34.025883 -34.025886 -34.025888 -34.025891 -34.025894 -34.025897 -34.0259 -34.025903 -34.025906
