Cobbity3/Refined/QGIS/OpenEM_mag.asc
NCOLS 600
NROWS 430
XLLCORNER 150.661
YLLCORNER -34.0279
CELLSIZE 1e-05
NODATA_VALUE -9999
[rows 144 to 167 of 430, columns 495 to 549 of 600]
0.065560346 0.065627726 0.065694716 0.06576132 0.065827542 0.065893386 0.065958856 0.066023956 0.06608869 0.066153061 0.066217073 0.06628073 0.066344036 0.066406993 0.066469606 0.066531877 0.066593811 0.06665541 0.066716678 0.066777617 0.066838232 0.066898525 0.066958499 0.067018158 0.067077504 0.06713654 0.06719527 0.067253695 0.067311819 0.067369645 0.067427175 0.067484412 0.067541359 0.067598018 0.067654391 0.067710483 0.067766294 0.067821828 0.067877086 0.067932072 0.067986787 0.068041235 0.068095416 0.068149335 0.068202992 0.06825639 0.068309531 0.068362418 0.068415053 0.068467437 0.068519572 0.068571462 0.068623107 0.068674511 0.068725674
0.065493946 0.0655616 0.065628863 0.06569574 0.065762234 0.065828349 0.065894089 0.065959458 0.06602446 0.066089099 0.066153378 0.066217301 0.066280871 0.066344092 0.066406968 0.066469502 0.066531697 0.066593556 0.066655083 0.066716281 0.066777154 0.066837703 0.066897933 0.066957846 0.067017446 0.067076735 0.067135716 0.067194391 0.067252765 0.06731084 0.067368617 0.067426101 0.067483293 0.067540197 0.067596814 0.067653148 0.067709201 0.067764975 0.067820473 0.067875698 0.067930651 0.067985334 0.068039752 0.068093904 0.068147795 0.068201425 0.068254798 0.068307915 0.068360779 0.068413391 0.068465754 0.06851787 0.06856974 0.068621368 0.068672754
0.065427578 0.065495506 0.065563043 0.065630192 0.065696958 0.065763344 0.065829355 0.065894994 0.065960264 0.066025171 0.066089717 0.066153906 0.066217741 0.066281227 0.066344366 0.066407162 0.066469618 0.066531738 0.066593525 0.066654982 0.066716112 0.066776918 0.066837404 0.066897572 0.066957425 0.067016967 0.067076199 0.067135126 0.06719375 0.067252073 0.067310098 0.067367829 0.067425267 0.067482416 0.067539277 0.067595854 0.067652148 0.067708163 0.067763901 0.067819364 0.067874554 0.067929475 0.067984127 0.068038515 0.068092639 0.068146502 0.068200106 0.068253454 0.068306547 0.068359387 0.068411978 0.06846432 0.068516416 0.068568267 0.068619877
0.065361242 0.065429445 0.065497256 0.065564678 0.065631716 0.065698373 0.065764655 0.065830563 0.065896103 0.065961277 0.06602609 0.066090545 0.066154646 0.066218396 0.066281799 0.066344858 0.066407576 0.066469957 0.066532003 0.066593719 0.066655107 0.06671617 0.066776912 0.066837335 0.066897442 0.066957237 0.067016722 0.067075899 0.067134773 0.067193345 0.067251619 0.067309596 0.067367281 0.067424674 0.067481779 0.067538599 0.067595135 0.067651391 0.067707369 0.067763071 0.067818499 0.067873656 0.067928545 0.067983167 0.068037525 0.06809162 0.068145456 0.068199034 0.068252357 0.068305426 0.068358244 0.068410813 0.068463134 0.06851521 0.068567043
0.065294938 0.065363416 0.065431501 0.065499196 0.065566507 0.065633436 0.065699988 0.065766167 0.065831975 0.065897418 0.065962499 0.066027221 0.066091587 0.066155602 0.066219268 0.06628259 0.06634557 0.066408212 0.066470518 0.066532493 0.066594139 0.06665546 0.066716458 0.066777136 0.066837498 0.066897546 0.066957283 0.067016712 0.067075836 0.067134657 0.067193179 0.067251404 0.067309334 0.067366973 0.067424322 0.067481385 0.067538164 0.067594661 0.067650879 0.067706819 0.067762486 0.06781788 0.067873005 0.067927861 0.067982453 0.068036782 0.068090849 0.068144658 0.068198211 0.068251509 0.068304554 0.068357349 0.068409896 0.068462197 0.068514253
0.065228666 0.065297419 0.065365779 0.065433748 0.065501331 0.065568532 0.065635356 0.065701804 0.065767883 0.065833594 0.065898942 0.065963931 0.066028564 0.066092843 0.066156774 0.066220359 0.066283601 0.066346504 0.066409071 0.066471305 0.06653321 0.066594788 0.066656042 0.066716976 0.066777592 0.066837894 0.066897883 0.066957564 0.067016938 0.067076009 0.06713478 0.067193252 0.067251429 0.067309313 0.067366907 0.067424213 0.067481234 0.067537972 0.06759443 0.06765061 0.067706515 0.067762146 0.067817507 0.067872599 0.067927425 0.067981986 0.068036286 0.068090326 0.068144108 0.068197635 0.068250908 0.06830393 0.068356703 0.068409228 0.068461508
0.065162427 0.065231455 0.065300089 0.065368333 0.065436189 0.065503663 0.065570757 0.065637477 0.065703825 0.065769805 0.065835422 0.065900677 0.065965576 0.066030121 0.066094316 0.066158165 0.066221669 0.066284834 0.066347662 0.066410156 0.066472319 0.066534154 0.066595666 0.066656855 0.066717726 0.066778281 0.066838524 0.066898456 0.066958081 0.067017402 0.067076421 0.067135141 0.067193565 0.067251695 0.067309533 0.067367083 0.067424346 0.067481326 0.067538025 0.067594444 0.067650587 0.067706456 0.067762053 0.06781738 0.06787244 0.067927235 0.067981767 0.068036038 0.06809005 0.068143806 0.068197307 0.068250556 0.068303555 0.068356305 0.068408809
0.065096219 0.065165524 0.065234433 0.065302951 0.065371081 0.065438827 0.065506193 0.065573184 0.065639802 0.065706052 0.065771936 0.06583746 0.065902625 0.065967436 0.066031896 0.066096008 0.066159775 0.066223202 0.06628629 0.066349044 0.066411467 0.06647356 0.066535328 0.066596774 0.0666579 0.066718709 0.066779205 0.066839389 0.066899266 0.066958836 0.067018104 0.067077072 0.067135743 0.067194118 0.067252202 0.067309995 0.067367502 0.067424723 0.067481662 0.067538322 0.067594703 0.06765081 0.067706643 0.067762206 0.0678175 0.067872528 0.067927293 0.067981795 0.068036038 0.068090023 0.068143752 0.068197228 0.068250453 0.068303428 0.068356156
0.065030044 0.065099625 0.06516881 0.065237602 0.065306006 0.065374025 0.065441664 0.065508926 0.065575815 0.065642334 0.065708487 0.065774278 0.065839711 0.065904787 0.065969512 0.066033888 0.066097919 0.066161608 0.066224958 0.066287972 0.066350654 0.066413006 0.066475031 0.066536733 0.066598114 0.066659178 0.066719927 0.066780364 0.066840491 0.066900312 0.06695983 0.067019046 0.067077963 0.067136585 0.067194914 0.067252951 0.067310701 0.067368164 0.067425344 0.067482243 0.067538864 0.067595208 0.067651278 0.067707077 0.067762606 0.067817867 0.067872864 0.067927598 0.067982071 0.068036285 0.068090243 0.068143946 0.068197397 0.068250598 0.06830355
0.064963902 0.065033759 0.06510322 0.065172287 0.065240965 0.065309258 0.06537717 0.065444703 0.065511863 0.065578652 0.065645075 0.065711134 0.065776833 0.065842177 0.065907167 0.065971807 0.066036102 0.066100053 0.066163665 0.066226939 0.066289881 0.066352491 0.066414774 0.066476733 0.06653837 0.066599688 0.066660691 0.06672138 0.066781759 0.066841831 0.066901597 0.066961062 0.067020227 0.067079095 0.067137669 0.067195951 0.067253944 0.067311649 0.067369071 0.06742621 0.06748307 0.067539652 0.067595959 0.067651993 0.067707757 0.067763253 0.067818482 0.067873447 0.067928151 0.067982595 0.068036781 0.068090712 0.068144389 0.068197815 0.068250991
0.064897792 0.064967926 0.065037663 0.065107006 0.065175959 0.065244526 0.06531271 0.065380516 0.065447947 0.065515007 0.065581699 0.065648026 0.065713994 0.065779604 0.06584486 0.065909765 0.065974323 0.066038538 0.066102411 0.066165947 0.066229148 0.066292017 0.066354559 0.066416774 0.066478667 0.06654024 0.066601497 0.066662439 0.06672307 0.066783392 0.066843409 0.066903122 0.066962535 0.06702165 0.067080469 0.067138996 0.067197232 0.06725518 0.067312843 0.067370222 0.067427321 0.067484141 0.067540686 0.067596956 0.067652955 0.067708685 0.067764147 0.067819344 0.067874279 0.067928952 0.067983367 0.068037526 0.06809143 0.068145081 0.068198482
0.064831714 0.064902127 0.06497214 0.065041759 0.065110987 0.065179828 0.065248286 0.065316365 0.065384067 0.065451398 0.06551836 0.065584956 0.065651192 0.065717069 0.065782591 0.065847762 0.065912584 0.065977062 0.066041197 0.066104994 0.066168456 0.066231585 0.066294384 0.066356857 0.066419006 0.066480835 0.066542345 0.066603541 0.066664424 0.066724997 0.066785264 0.066845226 0.066904887 0.066964249 0.067023314 0.067082086 0.067140566 0.067198756 0.067256661 0.067314281 0.067371619 0.067428678 0.06748546 0.067541967 0.067598201 0.067654164 0.06770986 0.067765289 0.067820455 0.067875358 0.067930002 0.067984388 0.068038519 0.068092396 0.068146021
0.064765669 0.06483636 0.064906651 0.064976546 0.06504605 0.065115166 0.065183898 0.065252249 0.065320224 0.065387826 0.065455058 0.065521924 0.065588428 0.065654573 0.065720361 0.065785798 0.065850885 0.065915626 0.065980024 0.066044083 0.066107805 0.066171194 0.066234252 0.066296982 0.066359388 0.066421472 0.066483237 0.066544686 0.066605822 0.066666647 0.066727164 0.066787376 0.066847285 0.066906894 0.066966205 0.067025222 0.067083946 0.067142379 0.067200526 0.067258387 0.067315965 0.067373262 0.067430281 0.067487025 0.067543494 0.067599692 0.067655621 0.067711283 0.06776668 0.067821813 0.067876686 0.0679313 0.067985658 0.068039761 0.068093611
0.064699658 0.064770627 0.064841196 0.064911368 0.064981148 0.065050539 0.065119546 0.065188171 0.065256418 0.065324291 0.065391794 0.065458931 0.065525703 0.065592116 0.065658171 0.065723874 0.065789226 0.065854231 0.065918893 0.065983213 0.066047197 0.066110845 0.066174162 0.066237151 0.066299814 0.066362154 0.066424174 0.066485876 0.066547265 0.066608341 0.066669109 0.066729571 0.066789728 0.066849585 0.066909142 0.066968404 0.067027372 0.06708605 0.067144438 0.06720254 0.067260358 0.067317895 0.067375152 0.067432132 0.067488837 0.06754527 0.067601432 0.067657326 0.067712954 0.067768318 0.06782342 0.067878263 0.067932847 0.067987176 0.068041251
0.064633679 0.064704927 0.064775775 0.064846225 0.064916281 0.064985948 0.065055229 0.065124128 0.065192649 0.065260795 0.065328569 0.065395975 0.065463017 0.065529698 0.065596022 0.06566199 0.065727608 0.065792878 0.065857803 0.065922386 0.065986631 0.06605054 0.066114116 0.066177363 0.066240283 0.066302879 0.066365154 0.066427111 0.066488753 0.066550082 0.0666111 0.066671812 0.066732218 0.066792322 0.066852127 0.066911634 0.066970847 0.067029768 0.067088399 0.067146742 0.0672048 0.067262576 0.067320071 0.067377288 0.067434229 0.067490897 0.067547293 0.06760342 0.067659279 0.067714874 0.067770206 0.067825276 0.067880088 0.067934643 0.067988943
0.064567733 0.064639262 0.064710388 0.064781116 0.06485145 0.064921393 0.06499095 0.065060124 0.065128918 0.065197336 0.065265382 0.065333059 0.065400371 0.065467321 0.065533912 0.065600148 0.065666031 0.065731566 0.065796755 0.065861601 0.065926107 0.065990277 0.066054114 0.066117619 0.066180797 0.06624365 0.066306181 0.066368392 0.066430287 0.066491868 0.066553138 0.0666141 0.066674755 0.066735108 0.066795159 0.066854913 0.06691437 0.066973535 0.067032408 0.067090993 0.067149292 0.067207307 0.067265041 0.067322495 0.067379672 0.067436575 0.067493205 0.067549565 0.067605656 0.067661481 0.067717043 0.067772342 0.067827381 0.067882163 0.067936688
0.064501822 0.06457363 0.064645036 0.064716043 0.064786654 0.064856875 0.064926707 0.064996156 0.065065224 0.065133916 0.065202234 0.065270183 0.065337765 0.065404984 0.065471844 0.065538347 0.065604497 0.065670297 0.06573575 0.065800859 0.065865628 0.065930059 0.065994155 0.06605792 0.066121356 0.066184466 0.066247253 0.066309719 0.066371868 0.066433702 0.066495223 0.066556436 0.066617341 0.066677941 0.06673824 0.06679824 0.066857943 0.066917351 0.066976468 0.067035294 0.067093834 0.067152089 0.067210061 0.067267753 0.067325166 0.067382304 0.067439169 0.067495761 0.067552085 0.067608141 0.067663932 0.06771946 0.067774727 0.067829735 0.067884486
0.064435943 0.064508033 0.064579719 0.064651005 0.064721895 0.064792393 0.064862502 0.064932227 0.06500157 0.065070535 0.065139126 0.065207346 0.065275199 0.065342688 0.065409817 0.065476588 0.065543005 0.06560907 0.065674788 0.065740161 0.065805193 0.065869885 0.065934243 0.065998267 0.066061961 0.066125328 0.066188371 0.066251093 0.066313496 0.066375583 0.066437357 0.06649882 0.066559975 0.066620824 0.066681371 0.066741617 0.066801565 0.066861218 0.066920577 0.066979646 0.067038427 0.067096922 0.067155133 0.067213062 0.067270713 0.067328086 0.067385185 0.067442011 0.067498567 0.067554854 0.067610875 0.067666632 0.067722127 0.067777362 0.067832338
0.064370099 0.064442471 0.064514437 0.064586003 0.064657173 0.064727948 0.064798335 0.064868335 0.064937954 0.065007193 0.065076058 0.065144551 0.065212675 0.065280434 0.065347832 0.065414871 0.065481555 0.065547887 0.065613871 0.065679508 0.065744802 0.065809757 0.065874375 0.065938659 0.066002613 0.066066238 0.066129538 0.066192515 0.066255172 0.066317513 0.066379539 0.066441253 0.066502658 0.066563757 0.066624551 0.066685044 0.066745238 0.066805136 0.066864739 0.06692405 0.066983072 0.067041807 0.067100257 0.067158425 0.067216312 0.067273921 0.067331254 0.067388314 0.067445102 0.067501621 0.067557872 0.067613858 0.067669581 0.067725043 0.067780245
0.064304289 0.064376943 0.064449191 0.064521038 0.064592487 0.064663541 0.064734206 0.064804483 0.064874377 0.064943892 0.06501303 0.065081796 0.065150192 0.065218222 0.06528589 0.065353198 0.06542015 0.065486749 0.065552998 0.0656189 0.065684458 0.065749675 0.065814555 0.065879099 0.065943312 0.066007195 0.066070752 0.066133985 0.066196897 0.066259492 0.06632177 0.066383736 0.066445392 0.06650674 0.066567783 0.066628523 0.066688963 0.066749105 0.066808952 0.066868506 0.06692777 0.066986745 0.067045434 0.06710384 0.067161965 0.06721981 0.067277378 0.067334672 0.067391692 0.067448443 0.067504924 0.06756114 0.067617091 0.06767278 0.067728208
0.064238514 0.064311451 0.064383981 0.064456109 0.064527838 0.064599172 0.064670115 0.06474067 0.064810841 0.064880631 0.064950043 0.065019083 0.065087751 0.065156053 0.065223991 0.065291569 0.065358789 0.065425655 0.06549217 0.065558337 0.065624159 0.065689639 0.065754781 0.065819586 0.065884058 0.0659482 0.066012015 0.066075504 0.066138672 0.066201521 0.066264052 0.06632627 0.066388177 0.066449774 0.066511066 0.066572053 0.06663274 0.066693127 0.066753218 0.066813015 0.066872521 0.066931737 0.066990666 0.06704931 0.067107672 0.067165753 0.067223557 0.067281084 0.067338338 0.06739532 0.067452032 0.067508477 0.067564657 0.067620573 0.067676228
0.064172774 0.064245995 0.064318808 0.064391218 0.064463228 0.064534842 0.064606064 0.064676896 0.064747344 0.06481741 0.064887098 0.064956412 0.065025353 0.065093927 0.065162136 0.065229983 0.065297472 0.065364606 0.065431388 0.065497821 0.065563907 0.065629651 0.065695055 0.065760122 0.065824854 0.065889255 0.065953327 0.066017074 0.066080497 0.0661436 0.066206385 0.066268856 0.066331013 0.066392861 0.066454401 0.066515637 0.06657657 0.066637203 0.066697538 0.066757579 0.066817326 0.066876783 0.066935952 0.066994835 0.067053435 0.067111753 0.067169792 0.067227553 0.06728504 0.067342254 0.067399197 0.067455872 0.06751228 0.067568424 0.067624305
0.064107069 0.064180574 0.064253671 0.064326364 0.064398655 0.06447055 0.064542052 0.064613163 0.064683889 0.064754232 0.064824195 0.064893783 0.064962999 0.065031845 0.065100325 0.065168443 0.065236202 0.065303604 0.065370653 0.065437352 0.065503703 0.065569711 0.065635378 0.065700706 0.065765699 0.065830359 0.06589469 0.065958694 0.066022373 0.066085731 0.06614877 0.066211493 0.066273902 0.066336001 0.06639779 0.066459274 0.066520454 0.066581333 0.066641913 0.066702197 0.066762187 0.066821885 0.066881295 0.066940417 0.066999254 0.067057809 0.067116083 0.067174079 0.067231799 0.067289245 0.06734642 0.067403325 0.067459962 0.067516333 0.067572441
0.0640414 0.06411519 0.064188572 0.064261548 0.064334122 0.064406298 0.06447808 0.064549471 0.064620475 0.064691095 0.064761335 0.064831198 0.064900688 0.064969807 0.06503856 0.065106949 0.065174977 0.065242648 0.065309965 0.06537693 0.065443548 0.06550982 0.06557575 0.06564134 0.065706594 0.065771514 0.065836104 0.065900365 0.065964301 0.066027915 0.066091208 0.066154184 0.066216845 0.066279194 0.066341233 0.066402965 0.066464393 0.066525518 0.066586343 0.066646871 0.066707104 0.066767044 0.066826693 0.066886055 0.06694513 0.067003922 0.067062432 0.067120663 0.067178617 0.067236295 0.067293701 0.067350836 0.067407702 0.067464301 0.067520636
