Cobbity3/Refined/QGIS/OpenEM_mixed.asc
NCOLS 600
NROWS 430
XLLCORNER 150.661
YLLCORNER -34.0279
CELLSIZE 1e-05
NODATA_VALUE -9999
[rows 275 to 299 of 430, columns 57 to 113 of 600]
-34.025984 -34.025988 -34.025992 -34.025996 -34.026001 -34.026005 -34.026009 -34.026014 -34.026018 -34.026023 -34.026028 -34.026033 -34.026038 -34.026043 -34.026049 -34.026054 -34.026059 -34.026065 -34.026071 -34.026077 -34.026082 -34.026088 -34.026095 -34.026101 -34.026107 -34.026113 -34.026119 -34.026125 -34.026131 -34.026136 -34.026141 -34.026146 -34.026151 -34.026154 -34.026158 -34.026161 -34.026164 -34.026167 -34.02617 -34.026173 -34.026176 -34.02618 -34.026184 -34.026189 -34.026194 -34.0262 -34.026207 -34.026214 -34.026222 -34.02623 -34.026239 -34.02625 -34.026261 -34.026273 -34.026285 -34.026295 -34.026302
-34.025986 -34.02599 -34.025994 -34.025998 -34.026002 -34.026007 -34.026011 -34.026016 -34.02602 -34.026025 -34.02603 -34.026035 -34.02604 -34.026045 -34.02605 -34.026055 -34.02606 -34.026066 -34.026072 -34.026077 -34.026083 -34.026089 -34.026095 -34.0261 -34.026106 -34.026112 -34.026118 -34.026124 -34.026129 -34.026134 -34.02614 -34.026144 -34.026149 -34.026153 -34.026157 -34.02616 -34.026164 -34.026168 -34.026171 -34.026175 -34.02618 -34.026184 -34.026189 -34.026195 -34.026201 -34.026208 -34.026215 -34.026222 -34.026231 -34.02624 -34.02625 -34.026261 -34.026273 -34.026287 -34.026302 -34.026316 -34.026323
-34.025988 -34.025992 -34.025996 -34.026 -34.026004 -34.026008 -34.026013 -34.026017 -34.026022 -34.026026 -34.026031 -34.026036 -34.026041 -34.026046 -34.026051 -34.026056 -34.026062 -34.026067 -34.026072 -34.026078 -34.026084 -34.026089 -34.026095 -34.0261 -34.026106 -34.026112 -34.026117 -34.026123 -34.026128 -34.026134 -34.026139 -34.026143 -34.026148 -34.026152 -34.026157 -34.026161 -34.026165 -34.026169 -34.026174 -34.026179 -34.026184 -34.026189 -34.026195 -34.026201 -34.026208 -34.026216 -34.026223 -34.026232 -34.02624 -34.02625 -34.02626 -34.026272 -34.026285 -34.026302 -34.026322 -34.026344 -34.026356
-34.025989 -34.025993 -34.025997 -34.026002 -34.026006 -34.02601 -34.026014 -34.026019 -34.026023 -34.026028 -34.026033 -34.026037 -34.026042 -34.026047 -34.026052 -34.026057 -34.026063 -34.026068 -34.026073 -34.026079 -34.026084 -34.02609 -34.026095 -34.026101 -34.026106 -34.026112 -34.026117 -34.026123 -34.026128 -34.026133 -34.026138 -34.026143 -34.026148 -34.026153 -34.026158 -34.026162 -34.026167 -34.026172 -34.026177 -34.026183 -34.026189 -34.026195 -34.026201 -34.026209 -34.026216 -34.026224 -34.026232 -34.026241 -34.026251 -34.02626 -34.026271 -34.026283 -34.026296 -34.026314 -34.026337 -34.026366 -34.026386
-34.025991 -34.025995 -34.025999 -34.026003 -34.026007 -34.026012 -34.026016 -34.02602 -34.026025 -34.026029 -34.026034 -34.026039 -34.026044 -34.026049 -34.026054 -34.026059 -34.026064 -34.026069 -34.026074 -34.02608 -34.026085 -34.02609 -34.026096 -34.026101 -34.026107 -34.026112 -34.026118 -34.026123 -34.026128 -34.026134 -34.026139 -34.026144 -34.026149 -34.026154 -34.026159 -34.026165 -34.02617 -34.026176 -34.026181 -34.026188 -34.026194 -34.026201 -34.026208 -34.026216 -34.026224 -34.026233 -34.026242 -34.026251 -34.026261 -34.026271 -34.026282 -34.026293 -34.026305 -34.026321 -34.026341 -34.026366 -34.026382
-34.025993 -34.025997 -34.026001 -34.026005 -34.026009 -34.026013 -34.026018 -34.026022 -34.026026 -34.026031 -34.026036 -34.02604 -34.026045 -34.02605 -34.026055 -34.02606 -34.026065 -34.02607 -34.026075 -34.026081 -34.026086 -34.026091 -34.026097 -34.026102 -34.026107 -34.026113 -34.026118 -34.026124 -34.026129 -34.026134 -34.02614 -34.026145 -34.026151 -34.026156 -34.026162 -34.026167 -34.026173 -34.026179 -34.026186 -34.026193 -34.0262 -34.026208 -34.026216 -34.026224 -34.026233 -34.026242 -34.026252 -34.026262 -34.026272 -34.026283 -34.026293 -34.026304 -34.026314 -34.026326 -34.026339 -34.026353 -34.026361
-34.025994 -34.025998 -34.026002 -34.026006 -34.026011 -34.026015 -34.026019 -34.026023 -34.026028 -34.026032 -34.026037 -34.026042 -34.026046 -34.026051 -34.026056 -34.026061 -34.026066 -34.026071 -34.026076 -34.026082 -34.026087 -34.026092 -34.026097 -34.026103 -34.026108 -34.026114 -34.026119 -34.026125 -34.02613 -34.026136 -34.026141 -34.026147 -34.026153 -34.026158 -34.026164 -34.026171 -34.026177 -34.026184 -34.026191 -34.026198 -34.026206 -34.026215 -34.026223 -34.026233 -34.026242 -34.026253 -34.026263 -34.026274 -34.026285 -34.026296 -34.026306 -34.026316 -34.026325 -34.026333 -34.02634 -34.026346 -34.02635
-34.025996 -34.026 -34.026004 -34.026008 -34.026012 -34.026016 -34.02602 -34.026025 -34.026029 -34.026034 -34.026038 -34.026043 -34.026048 -34.026052 -34.026057 -34.026062 -34.026067 -34.026072 -34.026077 -34.026083 -34.026088 -34.026093 -34.026098 -34.026104 -34.026109 -34.026115 -34.02612 -34.026126 -34.026132 -34.026137 -34.026143 -34.026149 -34.026155 -34.026161 -34.026168 -34.026174 -34.026181 -34.026188 -34.026196 -34.026204 -34.026213 -34.026222 -34.026231 -34.026241 -34.026252 -34.026263 -34.026274 -34.026286 -34.026298 -34.026311 -34.026322 -34.026333 -34.026341 -34.026347 -34.026349 -34.02635 -34.026351
-34.025997 -34.026001 -34.026005 -34.026009 -34.026013 -34.026018 -34.026022 -34.026026 -34.026031 -34.026035 -34.02604 -34.026044 -34.026049 -34.026054 -34.026059 -34.026063 -34.026068 -34.026073 -34.026079 -34.026084 -34.026089 -34.026094 -34.0261 -34.026105 -34.026111 -34.026116 -34.026122 -34.026127 -34.026133 -34.026139 -34.026145 -34.026151 -34.026158 -34.026164 -34.026171 -34.026178 -34.026185 -34.026193 -34.026202 -34.02621 -34.026219 -34.026229 -34.02624 -34.02625 -34.026262 -34.026274 -34.026286 -34.026299 -34.026313 -34.026327 -34.026341 -34.026354 -34.026364 -34.026368 -34.026367 -34.026363 -34.02636
-34.025999 -34.026003 -34.026007 -34.026011 -34.026015 -34.026019 -34.026023 -34.026028 -34.026032 -34.026036 -34.026041 -34.026046 -34.02605 -34.026055 -34.02606 -34.026065 -34.02607 -34.026075 -34.02608 -34.026085 -34.02609 -34.026095 -34.026101 -34.026106 -34.026112 -34.026117 -34.026123 -34.026129 -34.026135 -34.026141 -34.026147 -34.026154 -34.02616 -34.026167 -34.026174 -34.026182 -34.02619 -34.026198 -34.026207 -34.026216 -34.026226 -34.026237 -34.026248 -34.02626 -34.026272 -34.026285 -34.026299 -34.026313 -34.026328 -34.026344 -34.026362 -34.02638 -34.026395 -34.0264 -34.026393 -34.026381 -34.026373
-34.026 -34.026004 -34.026008 -34.026012 -34.026016 -34.02602 -34.026025 -34.026029 -34.026033 -34.026038 -34.026042 -34.026047 -34.026051 -34.026056 -34.026061 -34.026066 -34.026071 -34.026076 -34.026081 -34.026086 -34.026091 -34.026097 -34.026102 -34.026108 -34.026113 -34.026119 -34.026125 -34.026131 -34.026137 -34.026143 -34.02615 -34.026156 -34.026163 -34.02617 -34.026178 -34.026186 -34.026194 -34.026203 -34.026213 -34.026223 -34.026233 -34.026244 -34.026256 -34.026269 -34.026282 -34.026296 -34.026311 -34.026327 -34.026343 -34.026361 -34.026381 -34.026406 -34.02643 -34.026439 -34.026423 -34.026401 -34.026386
-34.026002 -34.026005 -34.026009 -34.026013 -34.026018 -34.026022 -34.026026 -34.02603 -34.026035 -34.026039 -34.026043 -34.026048 -34.026053 -34.026057 -34.026062 -34.026067 -34.026072 -34.026077 -34.026082 -34.026087 -34.026093 -34.026098 -34.026103 -34.026109 -34.026115 -34.026121 -34.026126 -34.026133 -34.026139 -34.026145 -34.026152 -34.026159 -34.026166 -34.026174 -34.026182 -34.02619 -34.026199 -34.026208 -34.026218 -34.026229 -34.02624 -34.026252 -34.026265 -34.026278 -34.026292 -34.026308 -34.026324 -34.02634 -34.026358 -34.026376 -34.026397 -34.026423 -34.026453 -34.026466 -34.026443 -34.026415 -34.026397
-34.026003 -34.026007 -34.026011 -34.026015 -34.026019 -34.026023 -34.026027 -34.026031 -34.026036 -34.02604 -34.026045 -34.026049 -34.026054 -34.026059 -34.026063 -34.026068 -34.026073 -34.026078 -34.026083 -34.026089 -34.026094 -34.026099 -34.026105 -34.02611 -34.026116 -34.026122 -34.026128 -34.026134 -34.026141 -34.026148 -34.026154 -34.026162 -34.026169 -34.026177 -34.026185 -34.026194 -34.026203 -34.026213 -34.026223 -34.026234 -34.026246 -34.026259 -34.026273 -34.026287 -34.026302 -34.026319 -34.026336 -34.026354 -34.026372 -34.026391 -34.026408 -34.026427 -34.026448 -34.026457 -34.026441 -34.026418 -34.026404
-34.026004 -34.026008 -34.026012 -34.026016 -34.02602 -34.026024 -34.026028 -34.026033 -34.026037 -34.026041 -34.026046 -34.02605 -34.026055 -34.02606 -34.026065 -34.026069 -34.026074 -34.026079 -34.026085 -34.02609 -34.026095 -34.026101 -34.026106 -34.026112 -34.026118 -34.026124 -34.02613 -34.026136 -34.026143 -34.02615 -34.026157 -34.026164 -34.026172 -34.02618 -34.026189 -34.026198 -34.026207 -34.026217 -34.026228 -34.02624 -34.026252 -34.026266 -34.02628 -34.026295 -34.026312 -34.02633 -34.026348 -34.026368 -34.026388 -34.026408 -34.026424 -34.026434 -34.026439 -34.026439 -34.02643 -34.026418 -34.02641
-34.026005 -34.026009 -34.026013 -34.026017 -34.026021 -34.026025 -34.026029 -34.026034 -34.026038 -34.026042 -34.026047 -34.026052 -34.026056 -34.026061 -34.026066 -34.026071 -34.026076 -34.026081 -34.026086 -34.026091 -34.026096 -34.026102 -34.026108 -34.026113 -34.026119 -34.026125 -34.026132 -34.026138 -34.026145 -34.026152 -34.026159 -34.026167 -34.026175 -34.026183 -34.026192 -34.026201 -34.026211 -34.026222 -34.026233 -34.026245 -34.026258 -34.026272 -34.026287 -34.026303 -34.026321 -34.02634 -34.02636 -34.026382 -34.026406 -34.02643 -34.02645 -34.026458 -34.026452 -34.02644 -34.02643 -34.026421 -34.026416
-34.026007 -34.02601 -34.026014 -34.026018 -34.026022 -34.026026 -34.026031 -34.026035 -34.026039 -34.026044 -34.026048 -34.026053 -34.026057 -34.026062 -34.026067 -34.026072 -34.026077 -34.026082 -34.026087 -34.026092 -34.026098 -34.026103 -34.026109 -34.026115 -34.026121 -34.026127 -34.026133 -34.02614 -34.026147 -34.026154 -34.026161 -34.026169 -34.026177 -34.026186 -34.026195 -34.026204 -34.026215 -34.026226 -34.026237 -34.02625 -34.026263 -34.026278 -34.026293 -34.02631 -34.026329 -34.026349 -34.026371 -34.026395 -34.026421 -34.026452 -34.026483 -34.026497 -34.026479 -34.026454 -34.026437 -34.026428 -34.026424
-34.026008 -34.026012 -34.026015 -34.026019 -34.026023 -34.026028 -34.026032 -34.026036 -34.02604 -34.026045 -34.026049 -34.026054 -34.026058 -34.026063 -34.026068 -34.026073 -34.026078 -34.026083 -34.026088 -34.026093 -34.026099 -34.026104 -34.02611 -34.026116 -34.026122 -34.026128 -34.026135 -34.026141 -34.026148 -34.026156 -34.026163 -34.026171 -34.026179 -34.026188 -34.026197 -34.026207 -34.026218 -34.026229 -34.026241 -34.026254 -34.026268 -34.026283 -34.026299 -34.026316 -34.026336 -34.026356 -34.026379 -34.026404 -34.026432 -34.026463 -34.026497 -34.026513 -34.026492 -34.026464 -34.026446 -34.026437 -34.026434
-34.026009 -34.026013 -34.026016 -34.02602 -34.026024 -34.026029 -34.026033 -34.026037 -34.026041 -34.026046 -34.02605 -34.026055 -34.026059 -34.026064 -34.026069 -34.026074 -34.026079 -34.026084 -34.026089 -34.026094 -34.0261 -34.026105 -34.026111 -34.026117 -34.026123 -34.02613 -34.026136 -34.026143 -34.02615 -34.026157 -34.026165 -34.026173 -34.026181 -34.02619 -34.0262 -34.02621 -34.026221 -34.026232 -34.026244 -34.026257 -34.026271 -34.026287 -34.026303 -34.026321 -34.026341 -34.026362 -34.026386 -34.026411 -34.026437 -34.026463 -34.026486 -34.026495 -34.026485 -34.026468 -34.026455 -34.026448 -34.026446
-34.02601 -34.026014 -34.026017 -34.026021 -34.026025 -34.02603 -34.026034 -34.026038 -34.026042 -34.026047 -34.026051 -34.026056 -34.02606 -34.026065 -34.02607 -34.026075 -34.02608 -34.026085 -34.02609 -34.026095 -34.026101 -34.026107 -34.026112 -34.026118 -34.026124 -34.026131 -34.026137 -34.026144 -34.026151 -34.026159 -34.026167 -34.026175 -34.026183 -34.026192 -34.026202 -34.026212 -34.026223 -34.026234 -34.026247 -34.02626 -34.026274 -34.02629 -34.026307 -34.026325 -34.026345 -34.026367 -34.02639 -34.026416 -34.026442 -34.026467 -34.026486 -34.026494 -34.026488 -34.026477 -34.026467 -34.026461 -34.02646
-34.026011 -34.026015 -34.026018 -34.026022 -34.026026 -34.026031 -34.026035 -34.026039 -34.026043 -34.026048 -34.026052 -34.026057 -34.026061 -34.026066 -34.026071 -34.026076 -34.026081 -34.026086 -34.026091 -34.026096 -34.026102 -34.026108 -34.026113 -34.026119 -34.026126 -34.026132 -34.026139 -34.026146 -34.026153 -34.02616 -34.026168 -34.026176 -34.026185 -34.026194 -34.026204 -34.026214 -34.026225 -34.026236 -34.026249 -34.026262 -34.026276 -34.026292 -34.026309 -34.026327 -34.026347 -34.026369 -34.026393 -34.02642 -34.026449 -34.02648 -34.026511 -34.026528 -34.026514 -34.026494 -34.026483 -34.026479 -34.026478
-34.026012 -34.026016 -34.026019 -34.026023 -34.026027 -34.026031 -34.026036 -34.02604 -34.026044 -34.026048 -34.026053 -34.026057 -34.026062 -34.026067 -34.026072 -34.026076 -34.026081 -34.026087 -34.026092 -34.026097 -34.026103 -34.026108 -34.026114 -34.02612 -34.026127 -34.026133 -34.02614 -34.026147 -34.026154 -34.026161 -34.026169 -34.026177 -34.026186 -34.026195 -34.026205 -34.026215 -34.026226 -34.026237 -34.02625 -34.026263 -34.026277 -34.026293 -34.02631 -34.026328 -34.026348 -34.02637 -34.026394 -34.026422 -34.026453 -34.02649 -34.026532 -34.026556 -34.026534 -34.026509 -34.026503 -34.026501 -34.026501
-34.026013 -34.026016 -34.02602 -34.026024 -34.026028 -34.026032 -34.026036 -34.026041 -34.026045 -34.026049 -34.026054 -34.026058 -34.026063 -34.026068 -34.026072 -34.026077 -34.026082 -34.026087 -34.026093 -34.026098 -34.026104 -34.026109 -34.026115 -34.026121 -34.026127 -34.026134 -34.02614 -34.026147 -34.026155 -34.026162 -34.02617 -34.026178 -34.026187 -34.026196 -34.026206 -34.026216 -34.026227 -34.026238 -34.02625 -34.026263 -34.026278 -34.026293 -34.026309 -34.026327 -34.026347 -34.026368 -34.026392 -34.026419 -34.026449 -34.026484 -34.026519 -34.026537 -34.026525 -34.026521 -34.026534 -34.026533 -34.026522
-34.026013 -34.026017 -34.026021 -34.026025 -34.026029 -34.026033 -34.026037 -34.026041 -34.026046 -34.02605 -34.026054 -34.026059 -34.026064 -34.026068 -34.026073 -34.026078 -34.026083 -34.026088 -34.026093 -34.026099 -34.026104 -34.02611 -34.026116 -34.026122 -34.026128 -34.026135 -34.026141 -34.026148 -34.026155 -34.026163 -34.026171 -34.026179 -34.026188 -34.026197 -34.026206 -34.026216 -34.026227 -34.026238 -34.02625 -34.026263 -34.026277 -34.026292 -34.026308 -34.026325 -34.026344 -34.026364 -34.026387 -34.026411 -34.026438 -34.026466 -34.026491 -34.026505 -34.026512 -34.026534 -34.026569 -34.026565 -34.026534
-34.026014 -34.026018 -34.026022 -34.026026 -34.02603 -34.026034 -34.026038 -34.026042 -34.026046 -34.026051 -34.026055 -34.02606 -34.026064 -34.026069 -34.026074 -34.026079 -34.026084 -34.026089 -34.026094 -34.026099 -34.026105 -34.026111 -34.026116 -34.026122 -34.026129 -34.026135 -34.026142 -34.026149 -34.026156 -34.026163 -34.026171 -34.026179 -34.026188 -34.026197 -34.026206 -34.026216 -34.026227 -34.026238 -34.02625 -34.026262 -34.026276 -34.02629 -34.026305 -34.026322 -34.026339 -34.026359 -34.026379 -34.026401 -34.026424 -34.026447 -34.026467 -34.026483 -34.0265 -34.02653 -34.026563 -34.026559 -34.02653
-34.026015 -34.026019 -34.026023 -34.026027 -34.02603 -34.026034 -34.026039 -34.026043 -34.026047 -34.026051 -34.026056 -34.02606 -34.026065 -34.026069 -34.026074 -34.026079 -34.026084 -34.026089 -34.026094 -34.0261 -34.026105 -34.026111 -34.026117 -34.026123 -34.026129 -34.026135 -34.026142 -34.026149 -34.026156 -34.026164 -34.026171 -34.026179 -34.026188 -34.026197 -34.026206 -34.026216 -34.026226 -34.026237 -34.026248 -34.02626 -34.026273 -34.026287 -34.026302 -34.026317 -34.026334 -34.026352 -34.02637 -34.02639 -34.026409 -34.026429 -34.026447 -34.026464 -34.026483 -34.026506 -34.026525 -34.026524 -34.026509
