Cobbity/QGIS/C1_Reading5.tif
NCOLS 99
NROWS 110
XLLCORNER 150.663
YLLCORNER -34.0227
CELLSIZE 1e-05
NODATA_VALUE -9999
[rows 27 to 53 of 110, columns 0 to 59 of 99]
3.2986989 3.2736846 3.2346147 3.1844034 3.1293112 3.0762824 3.0333863 3.0033635 2.9898673 2.9894996 2.9973204 3.0094174 3.024106 3.0410302 3.0597308 3.0791872 3.0981395 3.1155427 3.130719 3.1432816 3.1530803 3.1602058 3.1649495 3.1676893 3.1687776 3.1684952 3.1670691 3.164716 3.1616719 3.1581836 3.1544695 3.1506792 3.1468787 3.1430644 3.1391933 3.1352141 3.1310867 3.1267877 3.1223071 3.1176435 3.1128011 3.1077903 3.102629 3.0973434 3.0919663 3.0865342 3.081083 3.0756436 3.0702375 3.0648738 3.0595487 3.0542471 3.0489472 3.0436255 3.038262 3.0328446 3.0273703 3.0218452 3.0162825 3.0106992
3.3284195 3.3038438 3.2505553 3.1720905 3.094252 3.0119076 2.9556793 2.9120578 2.9043317 2.9144168 2.9335716 2.9538887 2.9748873 2.9984661 3.0247444 3.0520078 3.0779918 3.1012087 3.1209936 3.137002 3.1490893 3.1574955 3.1628276 3.1657798 3.1668904 3.1664911 3.1647944 3.1620175 3.1584617 3.1544917 3.1504385 3.1465055 3.1427418 3.1390818 3.1354108 3.1316235 3.1276527 3.1234693 3.1190665 3.1144441 3.1096047 3.1045569 3.0993202 3.0939272 3.0884218 3.0828542 3.0772752 3.0717287 3.0662454 3.0608366 3.0554937 3.05019 3.0448887 3.039551 3.0341451 3.0286521 3.0230686 3.0174049 3.0116815 3.0059243
3.3727355 3.3591139 3.3091358 3.1148042 3.0606908 2.9112281 2.8222969 2.7559905 2.7692315 2.8067897 2.849116 2.8797172 2.9065646 2.9392276 2.9772484 3.0169711 3.0531969 3.0841952 3.1100267 3.1305315 3.1452907 3.1547535 3.1602552 3.1631298 3.1641616 3.163636 3.1616119 3.1582177 3.1538521 3.1491278 3.1446084 3.1405824 3.137034 3.1337569 3.1304974 3.1270615 3.1233565 3.1193681 3.1151101 3.1105893 3.1058022 3.1007497 3.095451 3.0899476 3.0842991 3.0785765 3.0728531 3.0671944 3.0616461 3.0562244 3.0509127 3.0456659 3.0404222 3.0351184 3.029704 3.0241513 3.0184575 3.0126418 3.006738 3.0007857
3.4329656 3.455048 3.3975514 3.2411757 3.1179205 2.9818356 2.7554562 2.6800185 2.4734609 2.6822972 2.7375512 2.7739689 2.800142 2.8494851 2.9077817 2.9711695 3.0222038 3.0631745 3.097154 3.1243377 3.1422644 3.1518278 3.1564463 3.1588051 3.1598214 3.1594295 3.1572001 3.1529171 3.1471593 3.1411459 3.1359661 3.1320187 3.1290766 3.1266224 3.1241334 3.1212757 3.1179597 3.1142493 3.110222 3.1058948 3.1012394 3.0962338 3.0908934 3.0852733 3.0794572 3.0735456 3.0676467 3.0618611 3.0562615 3.0508737 3.0456691 3.0405713 3.035477 3.0302823 3.0249078 3.0193131 3.0135005 3.0075065 3.0013878 2.9952067
3.4765869 3.5786034 3.4576789 3.3335103 3.2232223 3.1072224 2.9664995 2.8147781 2.6276237 2.6645805 2.6649737 2.5667645 2.6283743 2.6892436 2.7958441 2.9143158 2.9816301 3.0339264 3.0795315 3.1204477 3.1417858 3.1478891 3.1490837 3.1506776 3.1523115 3.1530698 3.1513544 3.1457487 3.137244 3.128761 3.1226675 3.1193174 3.1178347 3.1170613 3.1159569 3.1139661 3.1111197 3.1077397 3.104061 3.1000877 3.0957042 3.09083 3.0854777 3.079731 3.0737088 3.0675516 3.0614189 3.0554715 3.0498324 3.0445481 3.0395708 3.0347703 3.0299714 3.0250019 3.0197354 3.0141162 3.0081603 3.0019374 2.9955447 2.9890809
3.4879847 3.5 3.4865101 3.3998425 3.3194056 3.2354685 3.1405543 3.0336292 2.9364647 2.8650112 2.8017049 2.5866173 2.6319062 2.4207328 2.7012454 2.8405973 2.9284411 2.9777797 3.0474098 3.1298829 3.1492213 3.1387723 3.1308225 3.1344624 3.1381463 3.1430851 3.1447192 3.1369193 3.1219179 3.1080682 3.1011202 3.0998914 3.1016707 3.1043058 3.1056658 3.1048042 3.1022703 3.0991545 3.0960367 3.0927517 3.0889033 3.0842934 3.0789667 3.0730807 3.0668016 3.060308 3.0538325 3.0476442 3.041967 3.0368914 3.0323376 3.0280801 3.023816 3.0192541 3.0141924 3.0085579 3.0024005 2.9958544 2.9890873 2.9822561
3.5017148 3.6457566 3.5465537 3.4502105 3.41864 3.3577669 3.2955781 3.2137484 3.1403985 3.0743687 3.0041281 2.9211139 2.8634519 2.779986 2.8592989 2.8607573 2.9476846 2.9138606 3.0367474 3.1801791 3.1709283 3.1065442 3.0779582 3.1064277 3.1058445 3.1262298 3.1419272 3.129558 3.0958111 3.0686198 3.0642282 3.0692589 3.0776409 3.0875528 3.0934129 3.0935071 3.0902567 3.0870211 3.0850556 3.0832654 3.080446 3.0762687 3.0709875 3.0649646 3.0583936 3.0514287 3.0443982 3.0377897 3.032043 3.0273406 3.0235429 3.0202494 3.0169252 3.0130652 3.0083431 3.0026748 2.9961898 2.9891464 2.9818358 2.9745065
3.4773651 3.5055644 3.4070193 3.4885223 3.5992476 3.4606032 3.4506576 3.3401364 3.2983935 3.2419559 3.1870371 3.1471034 3.0898791 3.0556656 3.0494135 3.0485407 3.0656465 3.0699904 3.1213734 3.1783272 3.1698845 3.0745176 3.024689 3.083855 3.018633 3.1056547 3.16165 3.137887 3.0414358 2.9754126 3.0015756 3.0191115 3.0383136 3.0669243 3.0812231 3.0801088 3.0720729 3.0676146 3.06908 3.07084 3.0698552 3.0661653 3.0608238 3.054785 3.0480414 3.0404225 3.0323908 3.0249409 3.0190129 3.0149586 3.0125015 3.0109221 3.0092508 3.00658 3.0023767 2.9965817 2.9895047 2.9816432 2.973506 2.965483
3.4485294 3.4552431 3.4519079 3.5165509 3.6093819 3.4792483 3.4642979 3.3830939 3.396485 3.3373905 3.3204101 3.3342447 3.2362349 3.2200735 3.1959643 3.1832046 3.1858721 3.1843875 3.195999 3.2047704 3.1964069 3.1593155 3.1336531 3.120127 3.0687305 3.1329046 3.1901892 3.1528478 2.9333317 2.7538552 2.9307209 2.923686 2.9623472 3.0498777 3.0772034 3.0662288 3.0378039 3.0298996 3.0451363 3.0549801 3.0565812 3.0527554 3.046674 3.0414179 3.0353043 3.0267925 3.0166967 3.0073548 3.0009886 2.998104 2.9980388 2.9995671 3.0008737 3.0002201 2.9967423 2.9905406 2.982326 2.9730532 2.9636177 2.9546231
3.4350386 3.4425885 3.4507735 3.4692167 3.4786081 3.4527826 3.4253272 3.3937988 3.374442 3.3521702 3.3527116 3.3590539 3.29222 3.298156 3.2700038 3.2670933 3.2772993 3.2548917 3.2630328 3.2591375 3.2551481 3.2437358 3.2187082 3.1970587 3.1800823 3.1802845 3.175786 3.131698 2.9810999 2.8555776 2.9519045 2.8385033 2.9102342 3.0596279 3.0959487 3.0569572 2.9524446 2.94213 3.0155985 3.0356806 3.0399239 3.0329658 3.0225259 3.0227932 3.0204035 3.0105465 2.995474 2.9813453 2.9743357 2.9738027 2.9779185 2.9853129 2.9922762 2.9950662 2.992419 2.9850846 2.9746197 2.9628198 2.9512982 2.940979
3.4289356 3.4405385 3.4450467 3.4519384 3.4578056 3.4552995 3.4453206 3.428791 3.4083634 3.387022 3.3674573 3.3480151 3.3215867 3.3034673 3.2954587 3.2934414 3.2944629 3.2889598 3.2993416 3.2953288 3.3239652 3.3378333 3.2801916 3.2589649 3.2438584 3.2269209 3.2107771 3.173483 3.1144609 3.0697849 3.0545306 3.0152442 3.0333641 3.0800336 3.090366 3.0449748 2.8734516 2.8694031 3.0085289 3.0072755 3.0232337 2.9994602 2.965762 2.9984421 3.0064538 2.9943938 2.9650495 2.9368196 2.9320648 2.9367093 2.9468944 2.9665162 2.985299 2.9938173 2.9914207 2.9812462 2.9662963 2.9497682 2.9348264 2.9228809
3.4288917 3.45664 3.4397848 3.4489195 3.4715422 3.4887022 3.4993339 3.4960303 3.4784199 3.4515168 3.4231769 3.39583 3.3707656 3.3512038 3.3393389 3.3302403 3.3237935 3.3183354 3.3117652 3.3173592 3.3548924 3.3747346 3.3057987 3.2958005 3.2830094 3.2661564 3.2697159 3.2242178 3.1873396 3.1652089 3.1489389 3.1365197 3.1214868 3.1082115 3.0936829 3.0638154 3.0080076 3.0046319 3.0420911 3.0285746 3.0352915 2.9798253 2.9094923 2.9898712 3.0004233 2.9885813 2.9154109 2.8394241 2.8662666 2.8770529 2.8876794 2.9403946 2.9870131 3.0032186 2.9974366 2.9811141 2.9573043 2.9311164 2.9104387 2.8972847
3.4396524 3.4846069 3.4119177 3.4444545 3.4960849 3.5444821 3.5911894 3.6068391 3.5874956 3.5422865 3.5028468 3.4628923 3.4314308 3.4086083 3.3971781 3.391137 3.3823357 3.3687168 3.3542856 3.3450104 3.3419362 3.3331734 3.3091648 3.2952517 3.286608 3.2821218 3.2919547 3.2445593 3.2055296 3.2035841 3.2121634 3.2317644 3.178177 3.1175509 3.093481 3.0819738 3.0684802 3.08007 3.1007637 3.0999216 3.0834053 3.0437362 3.0102879 3.0131057 3.0017759 2.9775436 2.8627816 2.7 2.81304 2.7732491 2.7412273 2.9128622 3.0246461 3.0392881 3.0147924 2.9905051 2.9490032 2.8988471 2.8687281 2.8587996
3.4396446 3.4558628 3.4491917 3.4736915 3.5053598 3.6137585 3.6838223 3.805922 3.7376514 3.664546 3.6094469 3.5340846 3.4929804 3.4569546 3.456066 3.4724886 3.4663974 3.4391411 3.4105065 3.3835522 3.3585827 3.335293 3.3157549 3.3036326 3.2961537 3.2887449 3.2786603 3.2549788 3.2223468 3.2231236 3.2454956 3.2960243 3.2006203 3.0593267 3.0448936 3.0632675 3.017353 3.0949154 3.1804543 3.1915447 3.1483139 3.1073453 3.0702485 3.0370918 3.0065886 2.9691316 2.9012732 2.8360453 2.8441374 2.7390593 2.6775883 2.9388583 3.1492658 3.1129795 3.0387061 3.0350013 2.9492511 2.8230471 2.78319 2.8008633
3.458573 3.4616757 3.4708174 3.489645 3.5211629 3.5799832 3.6355089 3.7398385 3.7095633 3.7598984 3.6773817 3.5886847 3.5439084 3.4534531 3.4871758 3.6142977 3.6009308 3.5284881 3.4816881 3.4336153 3.3868665 3.3401549 3.3131771 3.3106095 3.3136108 3.3100653 3.2998739 3.2843316 3.2670321 3.2575754 3.2533196 3.2446375 3.1942607 3.0963656 3.0766689 3.0529512 2.9099688 3.1087538 3.3473154 3.357223 3.2075504 3.1599481 3.1063692 3.0396589 2.9948592 2.9588148 2.9168253 2.8959026 2.8897207 2.8668109 2.8766663 2.9754791 3.0998139 3.081404 3.0415953 3.0945936 2.9389557 2.6400496 2.6182913 2.7318408
3.4621755 3.4692661 3.4860712 3.5068449 3.5315642 3.5592403 3.5858424 3.6100496 3.614497 3.6230403 3.5924534 3.5591281 3.519228 3.4330251 3.5033283 3.8402255 3.7395784 3.6285014 3.574567 3.4945903 3.4274812 3.3058027 3.2539352 3.3006101 3.339222 3.3428448 3.3330314 3.3222806 3.3108145 3.2966964 3.2791336 3.2572565 3.2256543 3.1864108 3.1606348 3.1317313 3.106544 3.1918749 3.365635 3.3665783 3.218742 3.2 3.1262846 2.9928419 2.9374516 2.9154887 2.824359 2.8504058 2.8959108 2.908703 2.9299576 2.9647434 3.0011497 3.0119613 3.0059648 2.9925364 2.9025816 2.7141227 2.6879667 2.7120785
3.438407 3.468453 3.5065513 3.5355182 3.564254 3.5804514 3.5756967 3.5680268 3.5603206 3.5525331 3.5407674 3.526809 3.5108976 3.5016638 3.5474495 3.6528057 3.6462644 3.6639007 3.6101226 3.5618955 3.5187844 3.1237293 2.9722611 3.2846779 3.4068165 3.3864488 3.3616689 3.3602144 3.3623732 3.346768 3.3181555 3.2920833 3.2691233 3.2471009 3.227022 3.2104253 3.2067893 3.2305945 3.2667004 3.2615538 3.2152451 3.1799211 3.1193333 2.9970316 2.9381323 2.860139 2.5347642 2.740349 2.87139 2.8607193 2.9162061 2.9255967 2.9493125 2.9817055 2.9841278 2.9615044 2.9156477 2.8629468 2.8355387 2.8091553
3.4061863 3.4580565 3.5543529 3.5780797 3.6512597 3.6843707 3.606241 3.5640556 3.5354534 3.5165757 3.5152842 3.5182578 3.5179295 3.5234494 3.5470976 3.5799312 3.5936902 3.5933952 3.5678952 3.5342146 3.4444095 3.021694 2.8170432 3.3795425 3.5802222 3.4169392 3.3326023 3.3862213 3.4476668 3.4213881 3.3541549 3.3231234 3.3109099 3.3015429 3.2834506 3.2668722 3.260937 3.2646014 3.268086 3.2577703 3.2318259 3.1963408 3.1471248 3.0807849 3.0193424 2.9209426 2.7601423 2.8371463 2.8810272 2.8276867 2.9105304 2.8306725 2.8852932 2.9789234 2.9921269 2.9542096 2.8981089 2.8989959 2.9080228 2.895384
3.4194831 3.4749001 3.5800533 3.5961868 3.7668402 3.8578695 3.6269256 3.5858208 3.5182167 3.463287 3.4971553 3.533486 3.5332211 3.5328352 3.5564516 3.5975274 3.6164361 3.6119395 3.5987256 3.5667541 3.4963704 3.3595132 3.3139411 3.4380525 3.5018857 3.4298794 3.3452591 3.4255909 3.5705991 3.4988304 3.3450651 3.3244948 3.3507804 3.3789106 3.3375703 3.3054171 3.3006019 3.3093019 3.314383 3.3007202 3.279167 3.246465 3.2017886 3.1516726 3.0977197 3.0374545 2.9860596 2.9783207 2.9736582 2.9623658 2.9651891 2.9187923 2.943563 2.9911691 2.9945977 2.9428313 2.8071666 2.8899768 2.9634601 2.9604385
3.4512718 3.4883146 3.5375298 3.5809819 3.666844 3.6910358 3.6027445 3.5825002 3.4959761 3.4043852 3.4945193 3.5930132 3.5542048 3.5189617 3.5564312 3.699129 3.7281124 3.6961481 3.7135493 3.7010416 3.6977295 3.6154101 3.5618997 3.5452502 3.5342735 3.5063667 3.4828668 3.4881382 3.4971367 3.4491941 3.3481373 3.3308589 3.3822089 3.5 3.3713339 3.3086242 3.317955 3.3694138 3.4081708 3.3696309 3.3665811 3.3319935 3.2726273 3.2278917 3.1721589 3.1220872 3.0901635 3.0747035 3.0668911 3.059498 3.0503006 3.0345598 3.0277196 3.0227968 3.00669 2.9703392 2.9201595 2.9402486 2.976874 2.970415
3.4630315 3.4861609 3.514969 3.5459271 3.5770189 3.5838064 3.5629034 3.5386621 3.5003251 3.4756188 3.5078823 3.5537528 3.5420674 3.5197052 3.5705435 3.8096382 3.8269951 3.7834339 3.8851594 3.8709954 4.1246529 3.841101 3.7834892 3.6954813 3.67505 3.6258787 3.633439 3.6155281 3.5371744 3.4755024 3.3915411 3.3478405 3.3441502 3.3676215 3.3416997 3.3217793 3.3422922 3.4183108 3.4893102 3.4224249 3.5325631 3.4587697 3.3506373 3.3525105 3.241887 3.1749371 3.1527585 3.1471066 3.1535522 3.1495382 3.1449344 3.131949 3.1033353 3.0721323 3.0427539 3.0134429 2.9900731 2.9829434 2.9817026 2.9703766
3.4636338 3.47897 3.4971415 3.5155274 3.5300107 3.5342375 3.5274898 3.5147149 3.5003308 3.4945007 3.5046581 3.5202092 3.5285204 3.5415991 3.5878127 3.6788536 3.7132112 3.7446154 3.8053074 3.8906399 4.1421836 3.8739838 3.8627468 3.7501073 3.7853477 3.6967295 3.8041441 3.7920628 3.6381255 3.5965069 3.386912 3.319157 3.2600473 3.2344387 3.3018341 3.3458772 3.3962491 3.4370782 3.4409927 3.4282143 3.4768691 3.4201738 3.3796404 3.4777486 3.2649581 3.1940795 3.188404 3.2086931 3.2758975 3.2476451 3.275642 3.2802153 3.1943197 3.1255824 3.0798232 3.0426841 3.0184326 3.0075855 3.0022792 2.9956974
3.4589155 3.4696104 3.481483 3.4927652 3.5011386 3.504466 3.5025736 3.4974901 3.492495 3.4915991 3.496808 3.5059998 3.5174061 3.5349824 3.565066 3.6040944 3.6353479 3.6663407 3.7036738 3.7559602 3.7999374 3.7506007 3.71506 3.6767196 3.6635037 3.6412127 3.6695681 3.6499573 3.6035904 3.5491994 3.3612514 3.3033676 3.1500658 3.0498452 3.2839795 3.3382095 3.5153811 3.6044961 3.5251856 3.4705758 3.3866629 3.3149492 3.2782981 3.2653726 3.2003023 3.1766564 3.1779382 3.2344437 3.3906148 3.3073954 3.5152791 3.6389494 3.2881564 3.1699227 3.1114233 3.046246 3.0112667 3.0111506 3.0142699 3.0152137
3.4517488 3.4595502 3.4677109 3.4751874 3.4808113 3.4837486 3.4840595 3.4828327 3.4818467 3.4829467 3.487143 3.494353 3.5046158 3.5191088 3.5387704 3.5615824 3.5839197 3.6060521 3.6290386 3.6512419 3.6609982 3.6476173 3.6261644 3.6044661 3.5867896 3.572127 3.5630326 3.54266 3.5085898 3.4543444 3.3755429 3.3137926 3.2345068 3.215566 3.3057103 3.3560592 3.7235003 3.9198827 3.685295 3.7016279 3.3580123 3.2164617 3.1513253 3.1054937 3.1035515 3.1046251 3.1155391 3.1533587 3.2153392 3.2650116 3.5034366 3.6264678 3.2733391 3.1978973 3.1308752 2.9967164 2.9118796 2.9882634 3.0032795 3.0096995
3.4435769 3.4495267 3.4554767 3.4608452 3.4650549 3.4677705 3.4691152 3.4697171 3.4705379 3.4725492 3.4764044 3.4823857 3.4906984 3.5016164 3.5150372 3.5299723 3.5450824 3.5596344 3.5728746 3.5826644 3.5850177 3.5779534 3.5647722 3.5493635 3.5339161 3.5188825 3.5030723 3.4822371 3.4534763 3.4154057 3.3715843 3.3313219 3.3006852 3.3003916 3.3381537 3.4130154 3.5757765 3.6535072 3.6712996 3.692598 3.2425296 3.1165168 2.9934073 2.8865022 2.988599 2.9950098 3.0042348 3.0225359 3.0877473 3.1581384 3.2541446 3.2674351 3.1895156 3.1454737 3.0921033 2.9715649 2.8496241 2.9900602 2.9517138 2.9547849
3.4351167 3.4398466 3.4444349 3.4485664 3.4519601 3.4544895 3.4562751 3.457695 3.459294 3.461629 3.4651273 3.4700444 3.4765111 3.4845312 3.4938513 3.5038756 3.5138262 3.5229322 3.5302729 3.5345017 3.5341127 3.5285735 3.5189307 3.5068089 3.4933636 3.4789014 3.4627728 3.4435758 3.4202787 3.3932141 3.3650297 3.3404198 3.3252154 3.326571 3.3483307 3.3912114 3.4478264 3.4804173 3.482984 3.4221718 3.2602713 3.1531762 3.0150705 2.9417815 2.9535273 2.9504778 2.8777016 2.8833559 2.9521731 3.0512837 3.2351395 3.1794976 3.0921017 3.0752499 3.0591571 3.0439404 3.0347761 3.0603745 3.0410808 3.0483754
3.4267116 3.4306054 3.4343114 3.4376621 3.4405245 3.4428613 3.4447721 3.4464922 3.448344 3.4506595 3.4537079 3.4576573 3.4625645 3.4683566 3.4747926 3.4814532 3.487793 3.4931919 3.4969417 3.4982528 3.4964502 3.4913313 3.4832992 3.4730607 3.4612045 3.4479535 3.4331267 3.4163478 3.3975226 3.3773543 3.3576569 3.3412177 3.3313227 3.3309387 3.3412012 3.3600766 3.3800613 3.388253 3.3745196 3.3284512 3.2540019 3.1779529 3.1046939 3.0572268 3.0321224 3.0154048 2.9787 2.9825836 2.9934253 3.0980859 3.3712274 3.1391594 2.9213215 2.9971992 2.9784846 3.0732192 3.1048643 3.1439002 3.1834016 3.2263859
