Cobbity/QGIS/C1_Reading5.tif
NCOLS 99
NROWS 110
XLLCORNER 150.663
YLLCORNER -34.0227
CELLSIZE 1e-05
NODATA_VALUE -9999
[rows 0 to 26 of 110, columns 0 to 59 of 99]
3.2187293 3.2170827 3.2153991 3.2136828 3.2119381 3.2101691 3.2083795 3.2065724 3.2047505 3.202916 3.2010702 3.199214 3.1973475 3.1954703 3.1935812 3.1916787 3.1897608 3.1878252 3.1858693 3.1838904 3.1818858 3.1798528 3.1777888 3.1756914 3.1735586 3.1713886 3.16918 3.1669318 3.1646433 3.1623142 3.1599447 3.1575353 3.1550868 3.1526003 3.1500774 3.1475199 3.1449296 3.1423089 3.1396601 3.1369859 3.1342889 3.1315719 3.128838 3.1260902 3.1233315 3.1205651 3.1177941 3.1150219 3.1122515 3.1094864 3.1067297 3.1039848 3.1012549 3.0985432 3.0958532 3.0931881 3.0905511 3.0879455 3.0853747 3.0828418
3.2200169 3.2183088 3.2165634 3.2147858 3.2129812 3.2111541 3.2093091 3.2074497 3.2055793 3.2037001 3.2018139 3.1999215 3.1980228 3.1961173 3.1942036 3.1922795 3.1903427 3.1883902 3.1864189 3.1844254 3.1824063 3.1803585 3.1782786 3.176164 3.174012 3.1718206 3.169588 3.1673128 3.1649944 3.1626322 3.1602265 3.1577775 3.1552863 3.1527541 3.1501825 3.1475732 3.1449286 3.1422509 3.1395428 3.136807 3.1340464 3.131264 3.1284629 3.1256464 3.1228177 3.1199801 3.117137 3.1142917 3.1114476 3.1086082 3.1057769 3.102957 3.100152 3.0973653 3.0946004 3.0918606 3.0891494 3.0864701 3.0838263 3.0812212
3.2213106 3.2195339 3.2177196 3.2158738 3.2140025 3.2121113 3.2102054 3.2082891 3.2063662 3.2044394 3.2025107 3.200581 3.1986501 3.196717 3.1947801 3.1928368 3.1908838 3.1889177 3.1869345 3.1849301 3.1829005 3.1808416 3.1787496 3.1766212 3.1744533 3.1722433 3.1699891 3.1676892 3.1653425 3.1629487 3.1605076 3.1580198 3.1554862 3.1529081 3.1502873 3.1476257 3.1449258 3.1421901 3.1394213 3.1366224 3.1337966 3.1309469 3.1280768 3.1251897 3.1222889 3.119378 3.1164605 3.11354 3.1106199 3.1077039 3.1047955 3.1018982 3.0990157 3.0961515 3.0933091 3.090492 3.0877039 3.0849484 3.0822288 3.0795489
3.2226079 3.2207541 3.2188626 3.2169405 3.2149948 3.2130323 3.211059 3.2090803 3.2071004 3.2051227 3.2031492 3.201181 3.1992179 3.1972584 3.1953004 3.1933405 3.1913749 3.1893992 3.1874085 3.1853978 3.1833622 3.1812969 3.1791973 3.1770592 3.1748791 3.172654 3.1703812 3.1680591 3.1656863 3.1632623 3.160787 3.1582611 3.1556854 3.1530614 3.1503911 3.1476766 3.1449205 3.1421256 3.1392948 3.1364313 3.1335386 3.1306199 3.1276788 3.124719 3.1217441 3.1187577 3.1157636 3.1127655 3.109767 3.106772 3.1037841 3.100807 3.0978444 3.0949 3.0919775 3.0890806 3.086213 3.0833784 3.0805804 3.0778229
3.2239058 3.2219653 3.2199867 3.2179786 3.2159494 3.2139071 3.211859 3.2098113 3.2077692 3.2057365 3.2037159 3.2017081 3.1997129 3.1977286 3.195752 3.1937792 3.1918054 3.189825 3.1878321 3.1858208 3.1837849 3.1817186 3.1796166 3.1774738 3.1752861 3.1730498 3.1707619 3.1684205 3.166024 3.1635717 3.1610636 3.1585004 3.155883 3.1532133 3.1504931 3.147725 3.1449118 3.1420565 3.1391623 3.1362327 3.1332713 3.1302816 3.1272677 3.1242331 3.1211818 3.1181177 3.1150447 3.1119667 3.1088874 3.1058109 3.102741 3.0996815 3.0966363 3.0936092 3.090604 3.0876245 3.0846746 3.0817582 3.078879 3.0760409
3.2252013 3.2231626 3.2210854 3.2189799 3.2168564 3.2147242 3.2125922 3.2104679 3.2083575 3.2062654 3.2041947 3.2021463 3.2001197 3.1981123 3.1961206 3.1941395 3.1921628 3.1901838 3.1881954 3.1861902 3.1841608 3.1821002 3.1800021 3.1778605 3.1756704 3.1734276 3.1711287 3.1687713 3.1663538 3.1638754 3.1613361 3.1587366 3.1560781 3.1533626 3.1505923 3.1477699 3.1448987 3.1419817 3.1390227 3.1360253 3.1329934 3.1299309 3.126842 3.1237305 3.1206007 3.1174566 3.1143023 3.1111419 3.1079795 3.104819 3.1016646 3.0985201 3.0953896 3.0922771 3.0891865 3.0861217 3.0830867 3.0800855 3.0771221 3.0742006
3.2264911 3.2243406 3.222151 3.2199348 3.217704 3.21547 3.2132435 3.2110335 3.2088475 3.2066909 3.2045669 3.2024768 3.2004196 3.1983921 3.1963895 3.1944057 3.1924329 3.190463 3.188487 3.1864961 3.1844813 3.1824344 3.1803476 3.178214 3.1760278 3.1737839 3.1714787 3.1691093 3.166674 3.1641719 3.1616031 3.1589684 3.1562694 3.1535082 3.1506874 3.1478101 3.1448797 3.1418999 3.1388745 3.1358076 3.1327034 3.1295661 3.1264001 3.1232095 3.1199989 3.1167724 3.1135345 3.1102893 3.1070412 3.1037943 3.1005527 3.0973207 3.0941023 3.0909017 3.0877228 3.0845699 3.081447 3.0783582 3.0753076 3.0722995
3.2277717 3.2254934 3.2231752 3.2208321 3.2184785 3.2161284 3.2137947 3.2114882 3.2092181 3.2069908 3.2048101 3.2026773 3.2005909 3.1985468 3.1965391 3.1945597 3.1925993 3.1906477 3.1886939 3.1867272 3.1847369 3.1827131 3.1806464 3.178529 3.1763538 3.1741153 3.1718091 3.1694321 3.1669825 3.1644593 3.161863 3.1591944 3.1564555 3.1536487 3.1507771 3.1478442 3.1448536 3.1418095 3.1387162 3.135578 3.1323996 3.1291854 3.1259401 3.1226682 3.1193744 3.1160632 3.1127392 3.1094068 3.1060705 3.1027345 3.0994033 3.0960811 3.0927721 3.0894806 3.0862108 3.0829669 3.0797531 3.0765737 3.0734329 3.0703351
3.2290397 3.2266145 3.2241483 3.2216589 3.219164 3.2166806 3.2142242 3.2118084 3.209444 3.2071389 3.2048976 3.2027212 3.2006077 3.198552 3.1965462 3.1945803 3.1926427 3.1907208 3.1888013 3.1868709 3.1849169 3.1829273 3.1808913 3.1787994 3.1766437 3.1744177 3.1721166 3.1697371 3.1672771 3.1647359 3.1621141 3.159413 3.1566348 3.1537826 3.1508598 3.1478703 3.1448184 3.1417086 3.1385457 3.1353344 3.1320797 3.1287865 3.1254596 3.1221042 3.1187249 3.1153266 3.111914 3.1084919 3.1050648 3.1016373 3.0982138 3.0947988 3.0913966 3.0880115 3.0846479 3.0813102 3.0780026 3.0747295 3.0714953 3.0683046
3.2302917 3.2276971 3.2250595 3.2224005 3.2197418 3.2171042 3.2145067 3.2119659 3.2094952 3.2071039 3.2047974 3.202577 3.2004395 3.1983784 3.1963837 3.1944427 3.192541 3.1906629 3.1887922 3.1869127 3.1850092 3.1830672 3.1810741 3.1790188 3.1768923 3.1746871 3.1723981 3.1700215 3.1675555 3.1649996 3.1623546 3.1596223 3.1568055 3.1539078 3.1509333 3.1478863 3.1447718 3.1415948 3.1383605 3.1350742 3.1317412 3.1283667 3.1249562 3.1215147 3.1180475 3.1145597 3.1110561 3.1075418 3.1040215 3.1004998 3.0969815 3.093471 3.0899729 3.0864915 3.0830314 3.0795969 3.0761925 3.0728227 3.069492 3.0662051
3.2315247 3.2287335 3.2258965 3.2230398 3.22019 3.2173727 3.2146115 3.2119268 3.2093351 3.2068479 3.2044714 3.2022067 3.2000497 3.1979916 3.1960196 3.1941179 3.1922684 3.1904516 3.1886475 3.1868366 3.1850005 3.1831221 3.1811864 3.1791806 3.1770943 3.1749194 3.1726501 3.1702827 3.1678154 3.1652482 3.1625822 3.1598201 3.1569654 3.1540221 3.1509952 3.1478898 3.1447113 3.1414654 3.1381579 3.1347945 3.131381 3.1279231 3.1244264 3.1208966 3.1173391 3.1137593 3.1101623 3.1065533 3.1029372 3.0993189 3.0957032 3.0920947 3.088498 3.0849176 3.0813582 3.0778241 3.0743199 3.0708503 3.0674198 3.0640333
3.2327365 3.2297162 3.2266457 3.2235569 3.2204825 3.2174544 3.2145018 3.2116503 3.2089201 3.2063252 3.2038733 3.2015649 3.1993944 3.1973503 3.1954163 3.1935721 3.191795 3.1900609 3.1883454 3.1866246 3.1848763 3.1830802 3.1812189 3.1792775 3.1772442 3.1751102 3.1728693 3.1705178 3.1680542 3.1654791 3.1627946 3.160004 3.1571116 3.1541226 3.1510426 3.1478774 3.1446335 3.1413169 3.1379342 3.1344916 3.1309954 3.1274517 3.1238667 3.1202462 3.1165959 3.1129217 3.1092288 3.1055226 3.1018083 3.0980909 3.0943753 3.0906663 3.0869684 3.0832865 3.0796249 3.0759884 3.0723815 3.068809 3.0652755 3.0617861
3.233926 3.2306376 3.2272921 3.223929 3.2205889 3.2173114 3.2141334 3.2110867 3.2081966 3.2054804 3.2029469 3.2005964 3.198421 3.1964055 3.1945288 3.1927652 3.1910861 3.1894615 3.1878613 3.1862565 3.1846204 3.1829291 3.181162 3.1793022 3.1773365 3.1752552 3.1730521 3.1707236 3.1682691 3.1656898 3.162989 3.1601709 3.1572412 3.1542059 3.1510716 3.1478454 3.1445343 3.1411452 3.1376852 3.1341612 3.1305801 3.1269483 3.1232725 3.1195589 3.1158135 3.1120424 3.1082512 3.1044455 3.1006306 3.0968118 3.0929939 3.0891818 3.0853803 3.0815942 3.0778279 3.0740862 3.0703737 3.0666952 3.0630555 3.0594596
3.2350944 3.2314905 3.2278194 3.22413 3.2204729 3.2168981 3.2134522 3.2101753 3.2070992 3.2042452 3.2016238 3.1992344 3.1970659 3.1950982 3.193304 3.1916503 3.1901013 3.1886193 3.1871673 3.1857101 3.1842156 3.1826554 3.1810056 3.1792472 3.1773654 3.1753501 3.1731949 3.1708972 3.168457 3.1658771 3.1631618 3.1603171 3.1573499 3.1542675 3.1510779 3.147789 3.1444087 3.1409451 3.1374057 3.1337981 3.1301297 3.1264076 3.1226386 3.1188295 3.1149867 3.1111163 3.1072245 3.103317 3.0993992 3.0954766 3.0915541 3.0876367 3.0837293 3.0798365 3.0759629 3.0721133 3.0682924 3.0645049 3.0607557 3.0570501
3.236246 3.232269 3.22821 3.2241295 3.2200913 3.2161591 3.212392 3.2088413 3.205547 3.2025358 3.1998199 3.197397 3.1952519 3.1933576 3.1916784 3.1901724 3.1887937 3.1874955 3.1862322 3.1849608 3.1836429 3.182245 3.1807396 3.1791052 3.1773257 3.1753907 3.1732944 3.1710352 3.1686146 3.1660372 3.1633091 3.1604381 3.1574328 3.1543022 3.1510555 3.1477021 3.1442507 3.1407104 3.1370894 3.133396 3.1296381 3.1258233 3.1219589 3.1180519 3.1141093 3.1101375 3.1061428 3.1021312 3.0981084 3.0940799 3.0900507 3.0860259 3.0820103 3.0780086 3.0740254 3.0700654 3.0661332 3.0622338 3.058372 3.0545531
3.2373902 3.23297 3.2284456 3.2238927 3.2193925 3.2150265 3.2108708 3.2069915 3.2034394 3.2002478 3.1974308 3.1949836 3.1928846 3.1910979 3.1895764 3.188266 3.1871087 3.1860458 3.1850209 3.1839818 3.1828824 3.1816836 3.1803538 3.178869 3.1772122 3.1753731 3.173347 3.1711341 3.168738 3.1661656 3.1634256 3.1605279 3.1574834 3.1543029 3.1509974 3.1475772 3.1440527 3.1404334 3.1367287 3.1329473 3.1290977 3.1251879 3.1212258 3.1172189 3.1131743 3.1090988 3.1049992 3.1008815 3.0967517 3.0926152 3.0884774 3.0843433 3.0802176 3.0761049 3.0720099 3.0679371 3.0638912 3.059877 3.0558995 3.0519639
3.2385438 3.2335944 3.228508 3.2233799 3.2183142 3.2134166 3.2087863 3.2045088 3.2006496 3.1972502 3.1943264 3.1918695 3.1898485 3.188215 3.1869069 3.1858541 3.1849828 3.1842194 3.1834942 3.1827438 3.1819132 3.1809568 3.1798385 3.1785322 3.1770204 3.1752937 3.1733493 3.1711899 3.1688224 3.1662567 3.1635046 3.1605792 3.1574936 3.154261 3.1508942 3.1474051 3.1438052 3.1401049 3.1363143 3.1324428 3.1284994 3.1244926 3.1204308 3.1163218 3.1121731 3.1079921 3.1037855 3.0995598 3.0953212 3.0910752 3.0868272 3.0825821 3.0783446 3.0741192 3.0699104 3.0657227 3.0615607 3.057429 3.0533328 3.0492773
3.239735 3.2341507 3.2283806 3.2225457 3.2167809 3.2112249 3.2060085 3.201244 3.1970162 3.1933768 3.1903429 3.1878989 3.1860006 3.1845818 3.1835605 3.1828454 3.1823423 3.1819588 3.181609 3.1812158 3.1807139 3.1800503 3.1791848 3.1780893 3.1767466 3.1751492 3.1732975 3.171198 3.1688618 3.1663031 3.1635377 3.160582 3.1574526 3.1541652 3.1507345 3.1471741 3.1434965 3.1397132 3.1358348 3.1318715 3.1278325 3.123727 3.1195635 3.1153505 3.1110959 3.1068074 3.1024921 3.0981569 3.093808 3.0894511 3.0850916 3.0807342 3.0763837 3.0720442 3.0677201 3.0634157 3.0591354 3.0548838 3.0506661 3.0464873
3.2410091 3.2346593 3.228051 3.2213389 3.2147001 3.208319 3.2023708 3.1970046 3.192331 3.1884144 3.1852717 3.1828759 3.1811632 3.1800427 3.1794049 3.1791312 3.1791011 3.1791986 3.1793175 3.1793647 3.179263 3.1789513 3.1783854 3.1775361 3.1763879 3.1749367 3.1731876 3.1711527 3.1688486 3.1662951 3.1635131 3.1605235 3.1573466 3.1540009 3.1505033 3.1468692 3.143112 3.1392441 3.1352767 3.1312201 3.1270841 3.1228783 3.1186117 3.114293 3.1099309 3.1055333 3.1011079 3.0966618 3.0922014 3.0877327 3.0832608 3.0787904 3.074326 3.0698715 3.065431 3.0610084 3.0566081 3.0522344 3.0478924 3.0435874
3.2424369 3.2351599 3.2275152 3.2197024 3.211957 3.2045285 3.1976549 3.1915373 3.1863211 3.1820859 3.1788447 3.1765517 3.1751139 3.1744053 3.1742798 3.1745825 3.1751592 3.1758647 3.1765679 3.1771566 3.1775399 3.1776487 3.177435 3.1768703 3.1759425 3.1746533 3.1730146 3.1710461 3.1687721 3.1662194 3.1634153 3.1603864 3.157157 3.153749 3.1501817 3.1464718 3.1426337 3.1386804 3.1346231 3.1304726 3.1262389 3.1219318 3.1175608 3.1131352 3.1086641 3.1041561 3.0996193 3.0950613 3.0904888 3.0859077 3.0813232 3.0767397 3.0721613 3.0675915 3.063034 3.0584924 3.0539705 3.0494729 3.0450042 3.0405699
3.2441278 3.2357233 3.2267854 3.2175739 3.2084072 3.1996291 3.1915692 3.1845031 3.1786233 3.1740261 3.1707134 3.1686076 3.167572 3.1674312 3.1679894 3.1690445 3.1704 3.1718735 3.1733041 3.174557 3.1755261 3.1761342 3.1763313 3.1760917 3.1754098 3.1742959 3.1727719 3.1708677 3.1686175 3.1660576 3.1632232 3.1601472 3.1568593 3.1533848 3.1497451 3.1459582 3.142039 3.1380004 3.1338538 3.1296098 3.1252784 3.1208698 3.1163937 3.1118602 3.107279 3.1026595 3.0980105 3.09334 3.0886551 3.0839618 3.0792652 3.0745692 3.0698775 3.0651929 3.0605185 3.0558574 3.0512132 3.0465899 3.0419923 3.0374259
3.2462501 3.2364702 3.2259027 3.2148882 3.2038651 3.1933183 3.1837142 3.175437 3.1687436 3.1637454 3.1604186 3.1586317 3.1581812 3.1588224 3.1602933 3.1623314 3.1646865 3.1671306 3.1694663 3.1715325 3.1732065 3.174404 3.1750759 3.1752029 3.17479 3.1738604 3.1724498 3.1706018 3.168364 3.165784 3.1629072 3.1597745 3.156421 3.1528757 3.149162 3.1452984 3.1412996 3.137178 3.1329442 3.1286085 3.1241807 3.1196711 3.11509 3.110448 3.1057559 3.1010241 3.0962622 3.091479 3.0866822 3.0818777 3.0770703 3.0722636 3.0674603 3.0626625 3.0578723 3.0530921 3.0483251 3.043575 3.0388465 3.0341452
3.2490626 3.2376029 3.2249591 3.2115811 3.1980856 3.1851744 3.1735248 3.1636836 3.1559946 3.1505763 3.1473477 3.1460855 3.1464843 3.1482029 3.1508935 3.1542173 3.1578573 3.1615292 3.1649914 3.168052 3.1705713 3.1724603 3.1736749 3.1742086 3.1740829 3.1733396 3.1720333 3.1702258 3.1679813 3.1653623 3.1624268 3.1592249 3.1557981 3.1521788 3.1483916 3.1444542 3.1403803 3.1361805 3.1318643 3.1274408 3.1229196 3.1183107 3.1136252 3.1088747 3.1040711 3.0992263 3.0943512 3.0894557 3.084548 3.0796342 3.0747189 3.0698046 3.0648929 3.0599847 3.0550809 3.0501831 3.0452935 3.0404157 3.0355545 3.0307157
3.2529649 3.2394585 3.2241369 3.2075978 3.1907318 3.1745858 3.1601724 3.1482883 3.1393945 3.1335891 3.1306721 3.130259 3.1318896 3.135093 3.1394145 3.1444229 3.1497188 3.1549477 3.1598137 3.1640895 3.1676187 3.1703124 3.1721397 3.1731154 3.1732867 3.1727214 3.1714993 3.1697055 3.1674255 3.164741 3.1617249 3.158439 3.1549314 3.1512373 3.1473807 3.1433771 3.139237 3.1349682 3.1305777 3.1260733 3.1214635 3.1167586 3.1119703 3.1071115 3.102196 3.0972376 3.0922492 3.0872422 3.0822256 3.077206 3.072187 3.0671702 3.0621553 3.0571414 3.0521278 3.0471146 3.0421035 3.0370976 3.0321019 3.0271229
3.2585782 3.2426007 3.2237774 3.2029061 3.1813147 3.1606203 3.1423871 3.1278059 3.117494 3.1114607 3.1092545 3.1102055 3.1136209 3.1188678 3.1253716 3.132594 3.1400334 3.1472451 3.1538656 3.1596267 3.1643579 3.1679793 3.1704862 3.1719292 3.1723937 3.1719836 3.1708109 3.16899 3.1666332 3.1638459 3.1607212 3.1573343 3.1537404 3.1499755 3.1460603 3.142005 3.1378144 3.1334916 3.12904 3.1244652 3.1197747 3.1149788 3.1100903 3.1051239 3.100096 3.0950232 3.0899213 3.084804 3.0796817 3.0745612 3.0694454 3.0643337 3.0592235 3.0541112 3.0489935 3.0438688 3.0387378 3.0336035 3.0284715 3.0233491
3.2668794 3.2479872 3.2245055 3.1975106 3.1690652 3.1417679 3.1181196 3.0999421 3.0880715 3.0822594 3.0815148 3.0846497 3.0906396 3.0986872 3.1081135 3.1182632 3.1284995 3.138255 3.147079 3.1546578 3.1608131 3.16549 3.1687323 3.1706494 3.1713836 3.1710868 3.1699104 3.1680033 3.1655112 3.1625707 3.1593011 3.155795 3.1521143 3.148292 3.1443404 3.1402591 3.1360435 3.1316898 3.1271968 3.1225672 3.1178075 3.1129281 3.107943 3.1028698 3.0977284 3.0925398 3.0873238 3.0820977 3.0768742 3.0716603 3.0664576 3.0612627 3.0560691 3.0508689 3.0456556 3.0404249 3.0351764 3.0299134 3.0246426 3.019373
3.279424 3.2572964 3.2274488 3.1914332 3.152631 3.1153851 3.0838708 3.060833 3.0475538 3.0430901 3.0452374 3.0518548 3.0615087 3.0733578 3.0867115 3.1007802 3.1147179 3.1277737 3.1393862 3.1491956 3.1570292 3.1628838 3.1668906 3.1692572 3.1702104 3.1699627 3.1687083 3.1666333 3.1639238 3.16076 3.1572989 3.1536565 3.1498993 3.1460501 3.1421028 3.1380383 3.1338374 3.129487 3.1249807 3.1203186 3.1155061 3.1105536 3.105477 3.1002976 3.0950406 3.0897331 3.0844015 3.0790682 3.0737494 3.0684529 3.0631781 3.0579171 3.0526574 3.0473851 3.0420881 3.0367591 3.0313961 3.0260035 3.0205899 3.0151676
