Cobbity/QGIS/C1_Reading.tif
NCOLS 99
NROWS 79
XLLCORNER 150.663
YLLCORNER -34.0224
CELLSIZE 1e-05
NODATA_VALUE -9999
[rows 48 to 71 of 79, columns 0 to 54 of 99]
0.06168755 0.062077099 0.062339989 0.062393584 0.062377011 0.062482459 0.062770437 0.06311117 0.063256487 0.063218612 0.063288049 0.063513509 0.063578541 0.063387905 0.063226807 0.06315977 0.063130681 0.063199603 0.063294276 0.063271182 0.063043144 0.06247261 0.061553043 0.061591884 0.063088132 0.065045552 0.06748604 0.068082705 0.065572143 0.063748682 0.062975372 0.062707257 0.062377063 0.062082009 0.061674009 0.060401133 0.058747185 0.057723658 0.057216976 0.057304536 0.058266581 0.05896553 0.059238635 0.059195877 0.058905084 0.058593271 0.058787907 0.059151254 0.059273216 0.059219503 0.059373194 0.059838493 0.060302022 0.060603448 0.06075341
0.061623787 0.061853946 0.062033743 0.062143553 0.062231296 0.062363359 0.062556788 0.062757333 0.06289219 0.062970475 0.063066276 0.063181216 0.063226038 0.063181584 0.063132471 0.063120546 0.06312942 0.063148962 0.063154608 0.063090005 0.062886666 0.062460524 0.061899863 0.06201365 0.063237074 0.065144732 0.067568652 0.06815205 0.065706693 0.063684895 0.062854655 0.062778871 0.062300988 0.061495919 0.060406223 0.058603698 0.056280033 0.055341941 0.056522968 0.057530893 0.058329289 0.058846199 0.058990059 0.058856335 0.058588077 0.058418349 0.058486306 0.058642162 0.058561216 0.058090435 0.058153382 0.058932085 0.059445213 0.059583149 0.059655145
0.061594402 0.061754297 0.061896524 0.062015776 0.062128879 0.062257717 0.062405888 0.062553218 0.062676808 0.062777358 0.062870468 0.062952515 0.063001043 0.063014604 0.063019252 0.063031712 0.063046566 0.0630528 0.063038157 0.062982258 0.062861349 0.062674151 0.062532234 0.062730421 0.063445464 0.064565616 0.065715618 0.06586988 0.064720725 0.063476496 0.062828461 0.062584165 0.062015782 0.061014549 0.059522684 0.057046264 0.053187701 0.051170877 0.054583857 0.057271686 0.058526305 0.059009786 0.058936142 0.058552556 0.058121019 0.057925812 0.057892591 0.05806882 0.058104835 0.05759279 0.05761578 0.058427363 0.058849392 0.058745066 0.058591158
0.061589033 0.061712934 0.061832593 0.061945844 0.062058095 0.062175993 0.062299542 0.062420861 0.062531336 0.062628839 0.062715045 0.062787456 0.062840644 0.062875809 0.062901497 0.062923507 0.062939941 0.062945551 0.062935249 0.062904298 0.062853025 0.062802345 0.06281738 0.062997819 0.063393078 0.063928527 0.06436613 0.064354539 0.063830505 0.063158393 0.062640244 0.062215655 0.061597666 0.060621997 0.059143934 0.056832847 0.053617038 0.052141272 0.054831463 0.057514047 0.059001324 0.05955626 0.059127832 0.058198504 0.056945016 0.055772445 0.056016992 0.057146275 0.05780501 0.057865137 0.057909941 0.058141223 0.058397169 0.058377174 0.058142323
0.061596677 0.061698991 0.061802313 0.061905161 0.062008727 0.062114479 0.062221465 0.062325992 0.062423946 0.06251297 0.062591956 0.062659348 0.062713718 0.062755956 0.062789002 0.062814867 0.062833034 0.062841822 0.062840333 0.062829957 0.062817368 0.062819851 0.06286803 0.062993973 0.063201096 0.063435453 0.063580444 0.063510815 0.063208955 0.062787369 0.062351418 0.061884023 0.061275662 0.060422535 0.05923914 0.057679212 0.056052263 0.055490524 0.056565814 0.058037197 0.059110712 0.059563557 0.059066795 0.057781869 0.055529774 0.052729866 0.053510061 0.056140649 0.057442573 0.057750045 0.057555027 0.05721453 0.057568985 0.058300967 0.058665591
0.061610103 0.061697645 0.061788026 0.061879979 0.061973194 0.062067401 0.062161422 0.062253062 0.062339872 0.062419909 0.062491784 0.062554393 0.062607137 0.062650363 0.062685104 0.062712144 0.062731577 0.062743377 0.062748429 0.062749578 0.062752864 0.062768449 0.06280894 0.062882153 0.062979271 0.06306576 0.063085795 0.062988895 0.062765605 0.062449669 0.062074895 0.061635238 0.061089521 0.060394975 0.059536933 0.05857803 0.057757491 0.057464769 0.057808998 0.05841352 0.058894557 0.059039424 0.058650487 0.057558362 0.055559515 0.053360045 0.05392397 0.056084292 0.057294105 0.057482064 0.056741774 0.0553498 0.055956629 0.057922121 0.059156497
0.061625137 0.061701579 0.061781276 0.061863113 0.061946301 0.062030034 0.06211314 0.06219405 0.062271065 0.062342664 0.062407636 0.062465097 0.062514574 0.062556071 0.062589923 0.062616497 0.062636108 0.062649293 0.062657314 0.062662625 0.062669123 0.062681747 0.062704606 0.062737157 0.0627696 0.062780764 0.062742428 0.062630989 0.062439249 0.062175933 0.061851291 0.061463607 0.061000543 0.060453871 0.059839688 0.059222691 0.058729726 0.05849655 0.058539658 0.05871838 0.058855055 0.058815264 0.05848139 0.057747771 0.056640834 0.055709173 0.05588506 0.056812532 0.057466396 0.057463349 0.056631842 0.055287383 0.055866142 0.057972968 0.059681427
0.061639521 0.061707093 0.06177777 0.06185058 0.061924639 0.061999027 0.062072666 0.062144312 0.06221267 0.062276537 0.062334904 0.062387013 0.062432396 0.062470877 0.062502506 0.062527463 0.062546057 0.062558862 0.062566903 0.062571779 0.06257552 0.062579983 0.062585558 0.062589291 0.062583203 0.062554227 0.062486967 0.062368807 0.062194215 0.061964452 0.061682766 0.061350112 0.06096635 0.060537279 0.060084341 0.059652015 0.059302779 0.059087689 0.059005452 0.05899452 0.058969102 0.058851936 0.058581588 0.058132096 0.057583178 0.057192405 0.057220419 0.057550426 0.057814956 0.057763844 0.057339169 0.056898684 0.057312651 0.058516062 0.059808991
0.061652105 0.061712301 0.061775247 0.0618401 0.061906017 0.061972116 0.062037435 0.062100943 0.062161593 0.062218404 0.062270529 0.062317296 0.062358237 0.062393085 0.062421748 0.062444278 0.062460874 0.062471931 0.062478073 0.062480116 0.062478832 0.062474459 0.062465934 0.062450019 0.06242077 0.062369914 0.062288442 0.06216897 0.062007546 0.061803713 0.061559046 0.061276022 0.060958972 0.060617263 0.060268943 0.059941622 0.059666593 0.059464916 0.059333093 0.059241363 0.059146651 0.059007988 0.058798148 0.058520024 0.058229926 0.058034598 0.058012156 0.058116138 0.058210069 0.058187805 0.058060296 0.058016557 0.058315618 0.058942252 0.059642471
0.06166237 0.061716269 0.061772506 0.061830353 0.061889052 0.061947803 0.06200576 0.062062047 0.062115792 0.06216617 0.062212452 0.062254034 0.062290458 0.062321408 0.062346705 0.06236629 0.062380221 0.062388669 0.062391889 0.062390127 0.062383411 0.06237122 0.062352063 0.062323097 0.06228002 0.062217452 0.062129856 0.062012713 0.061863428 0.061681552 0.061468476 0.061227269 0.060963264 0.060685312 0.060406722 0.060144394 0.059914846 0.059727768 0.059580579 0.059458272 0.05933911 0.059202798 0.059038755 0.058854625 0.058681342 0.058562886 0.058524918 0.058547933 0.058581026 0.058587228 0.058583688 0.058648394 0.058859282 0.059200409 0.059561044
0.061670151 0.061718571 0.061768926 0.061820587 0.061872884 0.061925107 0.061976519 0.062026364 0.062073896 0.062118408 0.062159261 0.062195906 0.062227895 0.062254889 0.062276647 0.062293017 0.062303925 0.062309345 0.062309255 0.062303538 0.062291834 0.062273326 0.062246531 0.062209147 0.062158093 0.062089804 0.062000781 0.06188824 0.06175063 0.061587892 0.061401494 0.061194513 0.060971909 0.060740888 0.060510865 0.060292406 0.060094878 0.059923395 0.059776646 0.059647156 0.059524209 0.059398322 0.059265939 0.059133089 0.059015507 0.058931936 0.058891857 0.058887574 0.058900684 0.058919742 0.058954931 0.059035253 0.059182678 0.059382696 0.059583416
0.061675476 0.061719064 0.061764218 0.061810391 0.061856993 0.061903402 0.061948971 0.061993044 0.062034973 0.062074141 0.062109977 0.062141978 0.062169712 0.062192827 0.062211037 0.06222412 0.062231894 0.06223419 0.062230804 0.062221416 0.062205492 0.062182159 0.062150108 0.062107545 0.062052275 0.061981914 0.061894237 0.061787564 0.061661091 0.06151511 0.061351119 0.061171909 0.060981658 0.060785922 0.06059133 0.060404755 0.060231956 0.0600761 0.05993688 0.059810825 0.059692929 0.059579059 0.059468376 0.059364773 0.059276167 0.059211003 0.059173399 0.059160753 0.059166743 0.059188088 0.059229304 0.059299983 0.059404451 0.059531929 0.059657097
0.061678479 0.061717762 0.061758283 0.061799562 0.061841082 0.061882295 0.061922633 0.06196152 0.061998387 0.062032688 0.06206391 0.062091587 0.062115306 0.062134707 0.062149478 0.062159345 0.062164055 0.062163347 0.062156908 0.062144327 0.06212502 0.062098171 0.062062687 0.062017206 0.061960171 0.061889992 0.061805268 0.061705038 0.061588999 0.061457671 0.061312492 0.061155876 0.060991196 0.060822671 0.06065504 0.060492981 0.060340343 0.060199402 0.060070501 0.05995231 0.059842741 0.059740231 0.059644931 0.05955925 0.059487288 0.059433138 0.059398928 0.059384054 0.059386482 0.05940523 0.059441762 0.059498406 0.059574318 0.059662224 0.059749334
0.061679347 0.061714766 0.061751134 0.06178803 0.061824997 0.061861551 0.061897192 0.06193141 0.061963701 0.061993577 0.062020573 0.062044257 0.062064234 0.062080146 0.062091666 0.062098492 0.062100325 0.062096855 0.062087722 0.062072486 0.062050583 0.062021299 0.061983755 0.06193693 0.061879733 0.061811115 0.061730223 0.061636562 0.061530148 0.061411617 0.061282294 0.061144214 0.061000066 0.060853063 0.060706674 0.060564242 0.060428535 0.060301368 0.060183451 0.060074572 0.059974111 0.059881711 0.059797859 0.059724092 0.059662656 0.059615711 0.059584508 0.059569106 0.059568884 0.0595834 0.059612739 0.059656729 0.059713418 0.059778094 0.059844078
0.06167829 0.061710218 0.061742847 0.061775801 0.061808676 0.061841042 0.061872456 0.061902465 0.06193062 0.061956479 0.061979619 0.061999641 0.062016168 0.06202885 0.062037359 0.062041378 0.062040592 0.062034668 0.062023238 0.062005874 0.061982066 0.061951213 0.061912624 0.061865547 0.061809227 0.06174299 0.061666348 0.061579108 0.061481476 0.061374128 0.061258254 0.061135549 0.061008164 0.060878574 0.060749392 0.060623113 0.060501852 0.06038714 0.060279856 0.060180348 0.060088712 0.060005144 0.059930224 0.059864999 0.0598108 0.059768868 0.059739993 0.059724378 0.059721812 0.059731945 0.059754339 0.059788119 0.059831443 0.059881289 0.059934029
0.061675523 0.061704284 0.061733531 0.061762927 0.061792114 0.061820707 0.061848312 0.061874524 0.06189894 0.061921159 0.061940796 0.06195748 0.061970855 0.061980587 0.061986351 0.061987832 0.061984714 0.061976667 0.061963336 0.061944327 0.061919196 0.061887451 0.061848559 0.061801977 0.061747193 0.061683793 0.061611532 0.061530409 0.061440736 0.061343182 0.061238798 0.061128999 0.061015515 0.06090029 0.060785346 0.060672617 0.060563792 0.060460194 0.060362751 0.060272065 0.060188563 0.06011268 0.060044999 0.059986289 0.05993741 0.059899135 0.059871978 0.059856119 0.059851439 0.059857598 0.059874025 0.059899779 0.059933394 0.059972909 0.060016246
0.061671256 0.061697134 0.061723312 0.06174949 0.061775344 0.061800533 0.061824702 0.061847487 0.061868525 0.061887453 0.061903918 0.061917577 0.061928097 0.06193516 0.061938456 0.06193768 0.061932527 0.061922684 0.061907822 0.06188759 0.061861614 0.061829498 0.06179084 0.061745253 0.061692405 0.061632061 0.061564136 0.061488748 0.061406261 0.061317311 0.06122282 0.061123974 0.061022182 0.060918999 0.06081603 0.060714822 0.060616761 0.060523005 0.060434459 0.060351818 0.060275643 0.060206453 0.060144805 0.060091299 0.06004654 0.060011043 0.059985151 0.059968983 0.05996243 0.059965168 0.059976648 0.059996052 0.06002227 0.060053993 0.060089932
0.061665688 0.061688934 0.061712321 0.06173558 0.06175842 0.061780532 0.061801599 0.061821292 0.061839282 0.061855241 0.061868844 0.061879776 0.061887729 0.061892402 0.061893505 0.061890749 0.061883849 0.061872516 0.061856454 0.06183536 0.061808924 0.061776832 0.061738788 0.061694523 0.061643835 0.061586612 0.061522874 0.06145281 0.0613768 0.061295436 0.061209525 0.061120069 0.06102823 0.060935274 0.060842505 0.060751187 0.060662483 0.060577407 0.060496807 0.060421385 0.060351737 0.060288396 0.060231874 0.060182666 0.060141226 0.06010792 0.060082981 0.060066477 0.060058296 0.060058143 0.060065541 0.060079822 0.060100153 0.060125613 0.060155328
0.061659006 0.061679843 0.061700688 0.061721296 0.061741404 0.061760735 0.061779 0.061795903 0.061811147 0.061824433 0.061835464 0.061843951 0.061849608 0.061852159 0.061851332 0.061846861 0.061838485 0.061825941 0.061808972 0.061787317 0.061760724 0.061728952 0.061691784 0.061649044 0.061600619 0.061546485 0.061486727 0.061421572 0.061351398 0.061276749 0.061198331 0.061116997 0.061033717 0.06094954 0.060865543 0.06078278 0.060702238 0.060624805 0.060551257 0.060482263 0.060418401 0.060360185 0.060308081 0.060262507 0.060223823 0.060192304 0.060168114 0.060151284 0.060141704 0.060139116 0.060143119 0.060153178 0.060168651 0.060188852 0.060213128
0.061651378 0.06167001 0.061688535 0.061706733 0.061724365 0.061741178 0.061756914 0.061771303 0.061784076 0.061794961 0.061803688 0.06180999 0.061813609 0.061814288 0.06181178 0.061805841 0.061796235 0.06178273 0.061765102 0.061743135 0.061716624 0.061685387 0.061649271 0.061608168 0.061562031 0.061510892 0.061454879 0.061394233 0.061329321 0.061260638 0.061188802 0.061114546 0.061038691 0.060962115 0.060885722 0.060810404 0.060737005 0.060666304 0.060598998 0.060535705 0.060476965 0.060423256 0.060374996 0.060332548 0.060296207 0.060266188 0.060242612 0.06022549 0.060214718 0.060210073 0.060211221 0.060217728 0.060229086 0.060244752 0.060264194
0.061642961 0.06165957 0.061675978 0.061691983 0.061707368 0.061721904 0.061735356 0.061747482 0.061758034 0.061766768 0.061773436 0.061777798 0.061779616 0.061778657 0.061774695 0.061767514 0.0617569 0.061742652 0.061724577 0.061702497 0.061676252 0.061645704 0.061610751 0.061571336 0.061527458 0.061479184 0.061426669 0.061370157 0.061309994 0.061246629 0.061180607 0.061112561 0.061043191 0.060973245 0.060903488 0.060834681 0.060767553 0.060702787 0.060641005 0.060582764 0.060528559 0.060478825 0.060433937 0.060394211 0.060359896 0.060331169 0.06030812 0.060290751 0.060278965 0.060272573 0.060271294 0.060274769 0.060282581 0.060294278 0.060309402
0.061633893 0.061648647 0.061663121 0.06167713 0.061690476 0.061702953 0.061714345 0.061724433 0.061732994 0.061739805 0.061744642 0.061747285 0.06174752 0.061745136 0.06173993 0.061731708 0.061720282 0.061705479 0.061687134 0.061665104 0.061639262 0.06160951 0.061575784 0.061538063 0.061496378 0.061450823 0.06140156 0.061348832 0.061292961 0.061234354 0.061173491 0.061110923 0.061047254 0.060983124 0.060919189 0.060856104 0.0607945 0.060734976 0.060678083 0.060624322 0.060574137 0.060527921 0.060486008 0.060448676 0.06041614 0.060388545 0.060365966 0.060348398 0.060335754 0.060327872 0.060324513 0.060325374 0.060330102 0.060338305 0.060349572
0.061624299 0.061637351 0.061650058 0.06166225 0.061673747 0.061684361 0.061693897 0.061702154 0.061708932 0.061714028 0.061717239 0.061718368 0.061717219 0.061713604 0.061707341 0.061698259 0.061686193 0.061670994 0.061652526 0.061630672 0.061605336 0.06157645 0.061543979 0.061507929 0.061468353 0.061425357 0.06137911 0.061329844 0.061277859 0.061223519 0.061167254 0.061109543 0.061050911 0.06099191 0.060933108 0.06087507 0.060818348 0.060763464 0.060710908 0.060661124 0.06061451 0.060571418 0.060532145 0.060496935 0.060465975 0.06043939 0.060417242 0.060399522 0.060386156 0.060377001 0.060371852 0.060370447 0.060372479 0.060377602 0.060385441
0.061614291 0.061625782 0.061636875 0.061647413 0.061657233 0.061666163 0.061674026 0.061680642 0.061685826 0.061689396 0.061691169 0.061690967 0.061688614 0.061683942 0.06167679 0.061667006 0.061654449 0.061638991 0.06162052 0.061598941 0.061574185 0.061546207 0.061514993 0.06148057 0.061443004 0.061402409 0.061358953 0.061312855 0.061264391 0.061213893 0.061161739 0.061108352 0.061054191 0.060999734 0.060945476 0.060891908 0.060839512 0.060788747 0.060740045 0.060693799 0.060650366 0.060610056 0.060573135 0.060539819 0.06051027 0.060484598 0.060462854 0.06044503 0.060431059 0.060420817 0.060414124 0.060410752 0.060410428 0.060412843 0.060417652
