Cobbity/QGIS/C1_Reading1.tof
NCOLS 399
NROWS 220
XLLCORNER 150.662
YLLCORNER -34.0235
CELLSIZE 1e-05
NODATA_VALUE -9999
[rows 104 to 129 of 220, columns 60 to 119 of 399]
4.1860717 4.1892378 4.1923911 4.1955264 4.1986381 4.2017202 4.204766 4.2077683 4.2107196 4.2136114 4.2164348 4.2191802 4.2218373 4.224395 4.2268418 4.2291651 4.2313519 4.2333883 4.23526 4.2369516 4.2384476 4.2397317 4.2407872 4.2415971 4.2421441 4.242411 4.2423805 4.2420357 4.2413598 4.2403372 4.2389526 4.2371922 4.2350432 4.2324946 4.2295368 4.2261624 4.2223658 4.2181439 4.2134956 4.2084225 4.2029283 4.1970193 4.190704 4.1839931 4.1768997 4.1694386 4.1616263 4.1534811 4.1450225 4.1362711 4.1272483 4.1179763 4.1084773 4.0987738 4.088888 4.0788417 4.0686559 4.0583509 4.0479455 4.0374574
4.1802667 4.1832578 4.1862308 4.1891804 4.192101 4.1949867 4.1978309 4.2006265 4.203366 4.2060411 4.2086432 4.2111629 4.2135903 4.2159148 4.2181252 4.2202097 4.2221558 4.2239505 4.2255801 4.2270305 4.2282869 4.2293344 4.2301575 4.2307405 4.2310676 4.2311231 4.2308912 4.2303565 4.2295042 4.22832 4.2267903 4.2249029 4.2226463 4.220011 4.2169884 4.2135723 4.2097577 4.2055422 4.200925 4.1959077 4.1904938 4.1846891 4.1785015 4.1719408 4.1650187 4.1577486 4.1501457 4.1422263 4.1340081 4.1255098 4.1167508 4.107751 4.0985307 4.0891102 4.0795097 4.069749 4.0598472 4.0498227 4.039693 4.029474
4.1744925 4.1773139 4.1801123 4.1828824 4.1856188 4.1883153 4.1909657 4.1935628 4.1960994 4.1985674 4.2009583 4.2032632 4.2054724 4.2075758 4.2095627 4.2114219 4.2131414 4.2147091 4.2161121 4.2173371 4.2183704 4.2191981 4.2198059 4.2201793 4.2203039 4.2201652 4.219749 4.2190413 4.2180287 4.2166982 4.215038 4.2130369 4.2106849 4.2079733 4.204895 4.2014443 4.1976171 4.1934112 4.1888264 4.183864 4.1785276 4.1728224 4.1667557 4.1603364 4.1535752 4.1464843 4.1390774 4.1313693 4.1233761 4.1151147 4.1066026 4.0978579 4.0888991 4.0797445 4.0704125 4.0609212 4.051288 4.0415298 4.0316623 4.0217007
4.1687538 4.1714108 4.1740403 4.1766372 4.1791959 4.1817105 4.1841747 4.1865816 4.188924 4.1911941 4.1933837 4.1954842 4.1974863 4.1993803 4.2011559 4.2028026 4.204309 4.2056636 4.2068544 4.2078689 4.2086944 4.2093178 4.2097261 4.209906 4.209844 4.2095271 4.2089422 4.2080767 4.2069184 4.2054558 4.203678 4.2015752 4.1991386 4.1963604 4.1932343 4.1897554 4.1859202 4.1817269 4.1771755 4.1722673 4.1670057 4.1613956 4.1554437 4.1491581 4.1425485 4.1356261 4.1284032 4.1208934 4.1131113 4.105072 4.0967917 4.0882867 4.0795738 4.0706697 4.0615912 4.0523547 4.0429762 4.033471 4.0238539 4.0141386
4.1630548 4.1655528 4.1680192 4.170449 4.1728366 4.1751763 4.1774618 4.1796864 4.1818431 4.1839244 4.1859223 4.1878285 4.1896341 4.1913297 4.1929058 4.1943521 4.1956581 4.1968128 4.1978049 4.1986229 4.1992548 4.1996886 4.1999121 4.199913 4.1996792 4.1991986 4.1984593 4.1974498 4.1961592 4.1945771 4.1926936 4.1905 4.1879885 4.1851521 4.1819854 4.178484 4.174645 4.1704669 4.1659498 4.1610951 4.155906 4.1503871 4.1445444 4.1383854 4.1319191 4.1251555 4.118106 4.1107828 4.1031991 4.0953689 4.0873068 4.0790276 4.0705465 4.061879 4.0530403 4.0440453 4.0349087 4.0256448 4.016267 4.0067881
4.1573995 4.1597438 4.1620528 4.1643215 4.1665446 4.1687162 4.1708303 4.1728805 4.1748598 4.176761 4.1785764 4.1802979 4.1819171 4.1834252 4.1848128 4.1860703 4.1871879 4.188155 4.1889613 4.1895957 4.1900474 4.190305 4.1903572 4.1901929 4.1898008 4.1891698 4.1882892 4.1871485 4.1857377 4.1840474 4.182069 4.1797944 4.1772167 4.1743299 4.171129 4.1676102 4.1637711 4.1596105 4.1551285 4.1503267 4.1452079 4.1397765 4.1340381 4.1279995 4.1216689 4.1150555 4.1081695 4.1010224 4.0936259 4.0859929 4.0781366 4.0700706 4.0618089 4.0533653 4.0447539 4.0359884 4.0270824 4.0180488 4.0089002 3.9996485
4.1517913 4.1539872 4.1561444 4.1582581 4.1603229 4.1623333 4.1642833 4.1661665 4.1679764 4.1697059 4.1713476 4.1728939 4.1743365 4.1756671 4.1768768 4.1779566 4.1788969 4.1796883 4.1803206 4.1807838 4.1810675 4.1811614 4.1810551 4.1807381 4.1802002 4.1794312 4.1784212 4.1771608 4.1756408 4.1738529 4.1717892 4.1694425 4.1668066 4.1638762 4.1606468 4.1571153 4.1532794 4.1491383 4.1446922 4.1399426 4.1348922 4.1295451 4.1239064 4.1179825 4.1117808 4.1053098 4.0985788 4.0915981 4.0843787 4.0769322 4.0692706 4.0614065 4.0533525 4.0451214 4.0367261 4.0281792 4.0194931 4.01068 4.0017513 3.9927182
4.1462336 4.1482862 4.1502972 4.1522617 4.1541746 4.1560303 4.1578231 4.1595468 4.161195 4.162761 4.1642376 4.1656174 4.1668927 4.1680555 4.1690974 4.1700097 4.1707837 4.1714101 4.1718797 4.1721831 4.1723105 4.1722524 4.1719992 4.1715412 4.1708689 4.1699731 4.1688448 4.1674752 4.1658563 4.1639803 4.1618401 4.1594293 4.1567424 4.1537746 4.150522 4.1469818 4.1431521 4.1390323 4.1346227 4.1299247 4.124941 4.1196753 4.1141323 4.1083179 4.102239 4.0959032 4.0893193 4.0824966 4.075445 4.0681753 4.0606984 4.0530258 4.0451692 4.0371403 4.0289508 4.0206125 4.0121368 4.0035349 3.9948175 3.9859951
4.1407291 4.1426436 4.1445139 4.146335 4.148102 4.1498094 4.1514518 4.1530231 4.1545171 4.1559274 4.1572471 4.158469 4.159586 4.1605902 4.1614737 4.1622285 4.1628461 4.163318 4.1636354 4.1637896 4.1637715 4.1635723 4.163183 4.1625947 4.1617987 4.1607865 4.1595499 4.158081 4.1563722 4.1544168 4.1522081 4.1497406 4.1470092 4.1440096 4.1407385 4.1371933 4.1333726 4.1292758 4.1249032 4.1202563 4.1153376 4.1101506 4.1046996 4.0989902 4.0930285 4.0868217 4.0803777 4.073705 4.066813 4.0597113 4.05241 4.0449197 4.0372509 4.0294147 4.0214217 4.0132828 4.0050086 3.9966095 3.9880956 3.9794765
4.1352805 4.137062 4.1387968 4.1404801 4.1421072 4.1436727 4.1451712 4.146597 4.147944 4.1492061 4.1503767 4.151449 4.152416 4.1532704 4.1540047 4.1546111 4.1550819 4.155409 4.1555841 4.1555991 4.1554456 4.1551154 4.1546 4.1538914 4.1529815 4.1518626 4.150527 4.1489675 4.1471774 4.1451504 4.1428807 4.140363 4.137593 4.1345668 4.1312814 4.1277347 4.1239253 4.1198529 4.1155178 4.1109215 4.1060664 4.1009556 4.0955934 4.0899846 4.0841352 4.0780515 4.071741 4.0652115 4.0584714 4.0515297 4.0443958 4.0370791 4.0295897 4.0219375 4.0141324 4.0061846 3.9981038 3.9898998 3.9815818 3.9731591
4.12989 4.1315434 4.133148 4.1346991 4.136192 4.1376216 4.1389826 4.1402695 4.1414766 4.1425978 4.1436268 4.1445572 4.1453823 4.1460952 4.1466888 4.1471558 4.1474887 4.1476801 4.1477222 4.1476074 4.1473279 4.146876 4.1462439 4.1454243 4.1444096 4.1431926 4.1417666 4.1401248 4.1382611 4.1361698 4.1338456 4.131284 4.1284807 4.1254325 4.1221367 4.1185915 4.1147956 4.1107489 4.1064518 4.1019056 4.0971127 4.0920761 4.0867995 4.0812877 4.0755458 4.0695801 4.0633973 4.0570044 4.0504095 4.0436206 4.0366463 4.0294957 4.0221777 4.0147015 4.0070766 3.9993121 3.9914172 3.983401 3.9752722 3.9670394
4.1245597 4.1260899 4.1275693 4.1289936 4.1303579 4.1316575 4.1328872 4.1340417 4.1351154 4.1361026 4.1369973 4.1377933 4.1384842 4.1390636 4.1395245 4.1398603 4.1400639 4.1401281 4.1400459 4.1398101 4.1394133 4.1388485 4.1381085 4.1371863 4.1360751 4.1347684 4.1332597 4.1315432 4.129613 4.127464 4.1250916 4.1224914 4.1196598 4.1165939 4.1132912 4.1097502 4.1059698 4.10195 4.0976912 4.0931948 4.0884629 4.0834984 4.0783047 4.0728863 4.067248 4.0613954 4.0553349 4.0490729 4.0426168 4.0359741 4.0291527 4.0221609 4.0150071 4.0076999 4.0002478 3.9926595 3.9849436 3.9771084 3.9691624 3.9611135
4.1192913 4.120703 4.1220623 4.1233649 4.1246061 4.1257814 4.1268857 4.1279139 4.1288607 4.1297206 4.1304879 4.1311566 4.1317207 4.1321739 4.13251 4.1327224 4.1328046 4.1327498 4.1325515 4.1322027 4.1316969 4.1310273 4.1301874 4.1291707 4.1279709 4.1265819 4.1249979 4.1232134 4.1212233 4.1190228 4.1166076 4.1139739 4.1111185 4.1080387 4.1047323 4.101198 4.097435 4.0934431 4.089223 4.084776 4.080104 4.0752097 4.0700965 4.0647683 4.0592297 4.053486 4.0475429 4.0414065 4.0350835 4.0285809 4.0219061 4.0150667 4.0080705 4.0009255 3.9936396 3.9862209 3.9786775 3.9710172 3.9632478 3.955377
4.1140864 4.1153843 4.1166283 4.1178142 4.1189377 4.1199941 4.1209788 4.1218867 4.1227128 4.1234517 4.1240981 4.1246462 4.1250904 4.1254248 4.1256432 4.1257397 4.125708 4.1255418 4.1252349 4.124781 4.1241738 4.1234071 4.1224748 4.1213708 4.1200895 4.1186252 4.1169726 4.1151266 4.1130825 4.1108361 4.1083833 4.1057208 4.1028457 4.0997555 4.0964484 4.0929231 4.089179 4.0852161 4.081035 4.0766369 4.0720238 4.0671981 4.062163 4.0569221 4.0514799 4.0458411 4.0400109 4.0339952 4.0278001 4.0214322 4.0148982 4.0082052 4.0013605 3.9943714 3.9872456 3.9799904 3.9726135 3.9651221 3.9575238 3.9498257
4.1089464 4.1101349 4.1112683 4.1123425 4.1133533 4.1142962 4.1151667 4.11596 4.1166713 4.1172954 4.1178272 4.1182613 4.1185922 4.1188144 4.1189221 4.1189096 4.1187711 4.1185007 4.1180924 4.1175405 4.1168391 4.1159823 4.1149646 4.1137803 4.1124242 4.1108911 4.109176 4.1072744 4.1051819 4.1028946 4.100409 4.0977219 4.0948308 4.0917335 4.0884282 4.0849141 4.0811904 4.0772573 4.0731155 4.068766 4.0642108 4.0594522 4.0544931 4.049337 4.0439879 4.0384502 4.032729 4.0268296 4.0207576 4.0145192 4.0081206 4.0015685 3.9948697 3.988031 3.9810594 3.9739621 3.966746 3.9594181 3.9519855 3.9444549
4.1038723 4.1049558 4.1059831 4.1069504 4.1078534 4.108688 4.1094496 4.1101339 4.110736 4.1112511 4.1116743 4.1120005 4.1122244 4.1123408 4.1123443 4.1122295 4.1119909 4.1116229 4.1111201 4.1104769 4.1096879 4.1087477 4.1076511 4.1063929 4.1049681 4.1033721 4.1016003 4.0996485 4.0975127 4.0951894 4.0926752 4.0899675 4.0870638 4.0839623 4.0806614 4.0771602 4.0734583 4.0695559 4.0654535 4.0611524 4.0566542 4.0519612 4.0470762 4.0420024 4.0367435 4.0313038 4.0256878 4.0199004 4.0139472 4.0078336 4.0015656 3.9951493 3.9885911 3.9818974 3.9750749 3.96813 3.9610695 3.9539 3.946628 3.9392601
4.098865 4.0998478 4.1007736 4.1016384 4.1024385 4.1031696 4.1038276 4.104408 4.1049064 4.1053181 4.1056384 4.1058625 4.1059854 4.1060022 4.1059077 4.1056968 4.1053643 4.1049051 4.104314 4.1035858 4.1027155 4.1016981 4.1005286 4.0992024 4.0977148 4.0960615 4.0942383 4.0922413 4.0900669 4.0877118 4.0851732 4.0824484 4.0795353 4.0764322 4.0731379 4.0696514 4.0659726 4.0621015 4.0580388 4.0537857 4.0493437 4.0447151 4.0399024 4.0349086 4.0297373 4.0243924 4.0188781 4.0131991 4.0073604 4.0013674 3.9952254 3.9889402 3.9825178 3.9759642 3.9692857 3.9624883 3.9555784 3.9485623 3.9414462 3.9342363
4.0939254 4.0948116 4.09564 4.096407 4.0971087 4.0977411 4.0983003 4.0987819 4.0991817 4.0994954 4.0997183 4.0998459 4.0998735 4.0997963 4.0996096 4.0993085 4.0988882 4.0983437 4.0976702 4.096863 4.0959173 4.0948284 4.0935918 4.0922031 4.090658 4.0889525 4.0870827 4.0850452 4.0828365 4.0804538 4.0778943 4.0751557 4.0722361 4.069134 4.0658483 4.0623781 4.0587234 4.0548844 4.0508615 4.0466561 4.0422696 4.0377041 4.032962 4.0280463 4.02296 4.017707 4.0122913 4.0067172 4.0009894 3.9951128 3.9890926 3.9829341 3.976643 3.970225 3.9636857 3.9570312 3.9502673 3.9434 3.9364352 3.9293788
4.0890541 4.0898477 4.0905829 4.0912562 4.091864 4.0924023 4.0928674 4.0932551 4.0935614 4.093782 4.0939127 4.0939491 4.0938868 4.0937212 4.0934478 4.0930621 4.0925594 4.0919352 4.091185 4.0903043 4.0892886 4.0881337 4.0868352 4.0853891 4.0837914 4.0820385 4.0801268 4.0780531 4.0758142 4.0734075 4.0708305 4.0680812 4.0651578 4.0620589 4.0587836 4.0553313 4.0517017 4.0478952 4.0439124 4.0397544 4.0354227 4.0309192 4.0262462 4.0214065 4.016403 4.0112394 4.0059193 4.0004468 3.9948263 3.9890624 3.9831601 3.9771243 3.9709602 3.9646733 3.9582691 3.951753 3.9451307 3.9384078 3.93159 3.9246829
4.0842514 4.0849563 4.0856024 4.0861862 4.0867043 4.0871529 4.0875284 4.0878268 4.0880443 4.0881769 4.0882203 4.0881706 4.0880234 4.0877745 4.0874197 4.0869546 4.0863749 4.0856763 4.0848546 4.0839056 4.0828251 4.0816091 4.0802536 4.0787549 4.0771094 4.0753135 4.0733641 4.0712581 4.0689927 4.0665654 4.0639741 4.0612168 4.0582921 4.0551985 4.0519354 4.0485021 4.0448987 4.0411253 4.0371826 4.0330718 4.0287941 4.0243516 4.0197463 4.0149808 4.010058 4.0049812 3.999754 3.9943801 3.9888637 3.9832091 3.9774209 3.9715039 3.965463 3.9593032 3.9530298 3.946648 3.9401631 3.9335805 3.9269055 3.9201436
4.0795178 4.0801377 4.0806985 4.0811968 4.0816294 4.0819925 4.0822828 4.0824964 4.0826296 4.0826786 4.0826396 4.0825085 4.0822813 4.0819541 4.0815227 4.0809832 4.0803314 4.0795634 4.0786751 4.0776627 4.0765222 4.0752499 4.0738421 4.0722953 4.0706061 4.0687714 4.0667882 4.0646536 4.0623651 4.0599205 4.0573178 4.0545551 4.0516312 4.0485449 4.0452955 4.0418825 4.038306 4.0345662 4.0306638 4.0265998 4.0223756 4.017993 4.013454 4.0087611 4.0039171 3.9989248 3.9937879 3.9885097 3.9830943 3.9775458 3.9718683 3.9660665 3.960145 3.9541086 3.9479621 3.9417107 3.9353592 3.9289129 3.9223768 3.9157562
4.0748534 4.075392 4.0758712 4.0762879 4.0766388 4.0769206 4.0771297 4.0772628 4.0773161 4.0772861 4.0771689 4.076961 4.0766585 4.0762576 4.0757544 4.0751451 4.074426 4.0735932 4.072643 4.0715717 4.0703757 4.0690514 4.0675956 4.0660049 4.0642761 4.0624064 4.060393 4.0582333 4.055925 4.053466 4.0508544 4.0480888 4.0451678 4.0420905 4.0388562 4.0354647 4.0319159 4.0282101 4.024348 4.0203306 4.0161592 4.0118356 4.0073617 4.0027398 3.9979726 3.9930628 3.9880137 3.9828287 3.9775115 3.9720658 3.9664959 3.960806 3.9550004 3.9490836 3.9430605 3.9369356 3.9307138 3.9244 3.9179991 3.911516
4.0702584 4.070719 4.0711203 4.0714591 4.0717322 4.0719364 4.0720685 4.072125 4.0721026 4.0719977 4.0718068 4.0715265 4.0711529 4.0706827 4.0701121 4.0694376 4.0686555 4.0677623 4.0667545 4.0656286 4.0643813 4.0630094 4.0615095 4.0598787 4.0581141 4.056213 4.0541728 4.0519911 4.0496659 4.0471952 4.0445773 4.0418109 4.0388948 4.0358281 4.0326103 4.0292412 4.0257207 4.0220493 4.0182275 4.0142565 4.0101374 4.0058719 4.0014619 3.9969095 3.9922173 3.987388 3.9824245 3.9773301 3.9721084 3.9667628 3.9612974 3.9557161 3.9500231 3.9442227 3.9383193 3.9323175 3.9262218 3.9200369 3.9137674 3.9074182
4.0657326 4.0661188 4.0664456 4.06671 4.0669089 4.0670394 4.0670982 4.0670821 4.0669879 4.0668122 4.0665516 4.0662029 4.0657625 4.0652271 4.0645933 4.0638577 4.0630168 4.0620674 4.0610061 4.0598297 4.0585351 4.0571192 4.0555791 4.0539119 4.052115 4.0501857 4.0481219 4.0459212 4.0435818 4.0411019 4.03848 4.0357148 4.0328053 4.0297508 4.0265507 4.0232048 4.0197133 4.0160766 4.0122953 4.0083703 4.0043029 4.0000947 3.9957474 3.9912632 3.9866444 3.9818935 3.9770136 3.9720075 3.9668787 3.9616305 3.9562667 3.950791 3.9452075 3.9395202 3.9337333 3.9278511 3.921878 3.9158185 3.9096771 3.9034582
4.061276 4.061591 4.0618466 4.0620401 4.0621684 4.0622287 4.0622179 4.0621329 4.0619706 4.0617279 4.0614016 4.0609884 4.0604851 4.0598886 4.0591955 4.0584027 4.057507 4.0565052 4.0553943 4.0541712 4.052833 4.0513769 4.0498 4.0480997 4.0462737 4.0443195 4.0422349 4.040018 4.037667 4.0351803 4.0325564 4.0297943 4.026893 4.0238519 4.0206706 4.0173489 4.013887 4.0102852 4.0065443 4.0026651 3.9986488 3.9944971 3.9902115 3.9857941 3.9812471 3.976573 3.9717745 3.9668546 3.9618163 3.9566629 3.951398 3.9460251 3.940548 3.9349707 3.9292971 3.9235314 3.9176777 3.9117403 3.9057235 3.8996316
4.0568883 4.0571352 4.057323 4.0574488 4.0575099 4.0575034 4.0574265 4.0572762 4.0570495 4.0567434 4.056355 4.0558811 4.0553187 4.0546647 4.0539161 4.0530699 4.052123 4.0510726 4.0499157 4.0486494 4.0472711 4.0457781 4.0441677 4.0424377 4.0405856 4.0386092 4.0365067 4.0342761 4.0319158 4.0294244 4.0268006 4.0240433 4.0211517 4.0181254 4.0149638 4.011667 4.0082351 4.0046686 4.000968 3.9971343 3.9931687 3.9890726 3.9848476 3.9804958 3.9760191 3.9714201 3.9667012 3.9618653 3.9569152 3.9518542 3.9466856 3.9414128 3.9360394 3.9305691 3.9250058 3.9193534 3.9136159 3.9077974 3.901902 3.8959338
