Cobbity/QGIS/C1_Reading1.tof
NCOLS 399
NROWS 220
XLLCORNER 150.662
YLLCORNER -34.0235
CELLSIZE 1e-05
NODATA_VALUE -9999
[rows 78 to 103 of 220, columns 240 to 299 of 399]
3.5123801 3.5145715 3.5167282 3.5188512 3.5209412 3.522999 3.5250254 3.5270211 3.5289868 3.5309231 3.5328308 3.5347105 3.5365627 3.5383881 3.5401873 3.5419608 3.5437091 3.5454328 3.5471325 3.5488085 3.5504615 3.5520918 3.5536999 3.5552863 3.5568514 3.5583957 3.5599195 3.5614232 3.5629072 3.564372 3.5658178 3.5672451 3.5686542 3.5700454 3.5714191 3.5727756 3.5741152 3.5754382 3.576745 3.5780357 3.5793108 3.5805705 3.5818151 3.5830448 3.5842599 3.5854606 3.5866473 3.5878201 3.5889792 3.5901251 3.5912577 3.5923775 3.5934845 3.594579 3.5956613 3.5967314 3.5977897 3.5988363 3.5998714 3.6008951
3.5122965 3.5144854 3.5166399 3.5187608 3.5208489 3.5229051 3.52493 3.5269243 3.5288887 3.530824 3.5327306 3.5346094 3.5364609 3.5382856 3.5400842 3.5418571 3.543605 3.5453284 3.5470278 3.5487036 3.5503564 3.5519866 3.5535947 3.5551811 3.5567462 3.5582905 3.5598144 3.5613183 3.5628025 3.5642675 3.5657136 3.5671411 3.5685505 3.569942 3.571316 3.5726729 3.5740129 3.5753363 3.5766435 3.5779347 3.5792102 3.5804703 3.5817153 3.5829455 3.5841611 3.5853623 3.5865495 3.5877228 3.5888825 3.5900288 3.591162 3.5922823 3.5933898 3.5944849 3.5955677 3.5966384 3.5976972 3.5987443 3.5997799 3.6008042
3.5122675 3.5144523 3.516603 3.5187204 3.5208053 3.5228584 3.5248804 3.5268721 3.528834 3.530767 3.5326716 3.5345484 3.536398 3.538221 3.540018 3.5417896 3.5435361 3.5452583 3.5469565 3.5486313 3.5502831 3.5519124 3.5535197 3.5551054 3.5566698 3.5582136 3.5597369 3.5612403 3.5627241 3.5641887 3.5656345 3.5670617 3.5684709 3.5698622 3.571236 3.5725928 3.5739326 3.575256 3.5765631 3.5778543 3.5791298 3.58039 3.5816351 3.5828653 3.584081 3.5852824 3.5864696 3.5876431 3.588803 3.5899495 3.5910829 3.5922033 3.5933111 3.5944064 3.5954894 3.5965604 3.5976195 3.5986669 3.5997028 3.6007274
3.5122928 3.514472 3.5166174 3.5187298 3.5208099 3.5228586 3.5248765 3.5268643 3.5288226 3.5307521 3.5326534 3.5345272 3.5363739 3.5381943 3.5399887 3.5417579 3.5435022 3.5452223 3.5469185 3.5485914 3.5502415 3.5518692 3.553475 3.5550592 3.5566223 3.5581648 3.559687 3.5611892 3.562672 3.5641356 3.5655805 3.5670069 3.5684153 3.5698059 3.5711791 3.5725351 3.5738744 3.5751973 3.5765039 3.5777946 3.5790698 3.5803295 3.5815743 3.5828042 3.5840196 3.5852207 3.5864078 3.587581 3.5887407 3.5898871 3.5910203 3.5921407 3.5932484 3.5943436 3.5954266 3.5964975 3.5975566 3.598604 3.5996399 3.6006646
3.5123721 3.514544 3.5166826 3.5187885 3.5208626 3.5229056 3.524918 3.5269006 3.5288541 3.530779 3.532676 3.5345456 3.5363885 3.5382052 3.5399961 3.541762 3.5435032 3.5452203 3.5469137 3.548584 3.5502316 3.5518569 3.5534603 3.5550424 3.5566035 3.5581441 3.5596644 3.561165 3.5626461 3.5641082 3.5655516 3.5669766 3.5683836 3.569773 3.571145 3.5725 3.5738382 3.5751601 3.5764657 3.5777556 3.5790299 3.5802889 3.5815329 3.5827621 3.5839768 3.5851773 3.5863638 3.5875365 3.5886957 3.5898416 3.5909744 3.5920943 3.5932016 3.5942965 3.5953791 3.5964497 3.5975085 3.5985556 3.5995913 3.6006157
3.5125048 3.514668 3.5167982 3.5188963 3.520963 3.5229988 3.5250046 3.5269809 3.5289283 3.5308475 3.5327391 3.5346035 3.5364415 3.5382535 3.54004 3.5418017 3.5435389 3.5452521 3.546942 3.5486088 3.550253 3.5518752 3.5534757 3.555055 3.5566134 3.5581513 3.5596692 3.5611674 3.5626463 3.5641063 3.5655476 3.5669707 3.5683759 3.5697635 3.5711339 3.5724872 3.573824 3.5751443 3.5764486 3.5777372 3.5790102 3.580268 3.5815109 3.582739 3.5839527 3.5851522 3.5863377 3.5875095 3.5886679 3.5898129 3.590945 3.5920642 3.5931708 3.594265 3.595347 3.596417 3.5974752 3.5985218 3.599557 3.6005809
3.5126905 3.5148434 3.5169639 3.5190527 3.5211106 3.5231381 3.5251359 3.5271046 3.5290449 3.5309573 3.5328423 3.5347006 3.5365326 3.538339 3.5401202 3.5418767 3.543609 3.5453177 3.547003 3.5486656 3.5503058 3.5519241 3.5535209 3.5550966 3.5566517 3.5581864 3.5597012 3.5611964 3.5626725 3.5641298 3.5655686 3.5669892 3.568392 3.5697773 3.5711455 3.5724968 3.5738315 3.57515 3.5764525 3.5777393 3.5790106 3.5802668 3.5815081 3.5827348 3.5839471 3.5851452 3.5863295 3.5875 3.5886572 3.5898011 3.5909321 3.5920502 3.5931558 3.5942491 3.5953302 3.5963993 3.5974567 3.5985024 3.5995368 3.60056
3.5129285 3.5150696 3.5171789 3.5192572 3.5213049 3.5233228 3.5253115 3.5272715 3.5292034 3.5311079 3.5329854 3.5348364 3.5366616 3.5384614 3.5402363 3.5419869 3.5437135 3.5454166 3.5470967 3.5487543 3.5503897 3.5520034 3.5535958 3.5551673 3.5567183 3.5582491 3.5597602 3.5612519 3.5627246 3.5641786 3.5656142 3.5670318 3.5684318 3.5698143 3.5711798 3.5725286 3.5738609 3.575177 3.5764772 3.5777618 3.5790311 3.5802853 3.5815246 3.5827495 3.58396 3.5851564 3.586339 3.587508 3.5886636 3.5898061 3.5909356 3.5920524 3.5931567 3.5942487 3.5953286 3.5963965 3.5974528 3.5984975 3.5995309 3.6005531
3.5132181 3.515346 3.5174428 3.5195091 3.5215455 3.5235526 3.5255309 3.527481 3.5294036 3.531299 3.5331679 3.5350108 3.5368281 3.5386204 3.5403882 3.5421318 3.5438518 3.5455487 3.5472228 3.5488745 3.5505044 3.5521128 3.5537001 3.5552667 3.556813 3.5583394 3.5598462 3.5613337 3.5628024 3.5642526 3.5656845 3.5670986 3.5684951 3.5698744 3.5712368 3.5725825 3.5739119 3.5752252 3.5765227 3.5778047 3.5790715 3.5803233 3.5815603 3.5827829 3.5839913 3.5851856 3.5863662 3.5875333 3.588687 3.5898277 3.5909555 3.5920707 3.5931734 3.5942638 3.5953422 3.5964087 3.5974636 3.598507 3.599539 3.60056
3.5135585 3.5156719 3.5177549 3.5198079 3.5218317 3.5238267 3.5257936 3.5277327 3.5296448 3.5315302 3.5333895 3.5352232 3.5370318 3.5388156 3.5405753 3.5423113 3.5440239 3.5457136 3.5473809 3.5490262 3.5506498 3.5522522 3.5538337 3.5553948 3.5569357 3.5584569 3.5599588 3.5614416 3.5629057 3.5643515 3.5657793 3.5671893 3.5685819 3.5699574 3.5713162 3.5726584 3.5739844 3.5752944 3.5765888 3.5778678 3.5791317 3.5803807 3.5816151 3.582835 3.5840409 3.5852328 3.586411 3.5875759 3.5887274 3.589866 3.5909918 3.592105 3.5932058 3.5942944 3.595371 3.5964358 3.597489 3.5985308 3.5995613 3.6005808
3.5139491 3.5160466 3.5181144 3.520153 3.5221629 3.5241447 3.526099 3.5280261 3.5299266 3.5318009 3.5336497 3.5354733 3.5372721 3.5390467 3.5407975 3.5425248 3.5442293 3.5459111 3.5475708 3.5492088 3.5508255 3.5524212 3.5539962 3.5555511 3.5570861 3.5586016 3.5600979 3.5615754 3.5630344 3.5644753 3.5658983 3.5673037 3.5686919 3.5700632 3.5714178 3.5727561 3.5740783 3.5753847 3.5766756 3.5779511 3.5792117 3.5804575 3.5816887 3.5829057 3.5841087 3.5852979 3.5864734 3.5876356 3.5887847 3.5899208 3.5910443 3.5921552 3.5932538 3.5943403 3.5954148 3.5964777 3.5975289 3.5985689 3.5995976 3.6006153
3.5143889 3.5164692 3.5185206 3.5205435 3.5225385 3.5245059 3.5264465 3.5283604 3.5302484 3.5321107 3.533948 3.5357605 3.5375487 3.5393132 3.5410542 3.5427722 3.5444676 3.5461408 3.5477922 3.5494223 3.5510312 3.5526195 3.5541875 3.5557355 3.5572639 3.5587731 3.5602633 3.5617349 3.5631883 3.5646237 3.5660414 3.5674418 3.5688251 3.5701916 3.5715417 3.5728756 3.5741935 3.5754958 3.5767827 3.5780544 3.5793113 3.5805535 3.5817813 3.5829949 3.5841947 3.5853807 3.5865532 3.5877125 3.5888588 3.5899922 3.5911129 3.5922213 3.5933174 3.5944015 3.5954737 3.5965343 3.5975834 3.5986212 3.5996478 3.6006636
3.514877 3.5169389 3.5189726 3.5209787 3.5229576 3.5249097 3.5268354 3.5287353 3.5306097 3.532459 3.5342838 3.5360844 3.5378612 3.5396146 3.541345 3.5430529 3.5447385 3.5464024 3.5480448 3.5496661 3.5512667 3.5528469 3.5544072 3.5559477 3.557469 3.5589712 3.5604547 3.5619199 3.5633671 3.5647964 3.5662084 3.5676032 3.5689811 3.5703425 3.5716875 3.5730165 3.5743298 3.5756275 3.57691 3.5781775 3.5794303 3.5806686 3.5818925 3.5831025 3.5842986 3.5854812 3.5866504 3.5878064 3.5889495 3.5900799 3.5911977 3.5923032 3.5933965 3.5944779 3.5955475 3.5966056 3.5976522 3.5986876 3.599712 3.6007255
3.5154124 3.5174547 3.5194697 3.5214578 3.5234195 3.5253551 3.5272651 3.5291499 3.5310098 3.5328452 3.5346566 3.5364444 3.5382089 3.5399505 3.5416695 3.5433665 3.5450416 3.5466953 3.548328 3.5499399 3.5515315 3.5531031 3.5546549 3.5561874 3.5577009 3.5591956 3.5606719 3.5621301 3.5635705 3.5649934 3.5663991 3.5677878 3.5691599 3.5705155 3.5718551 3.5731788 3.574487 3.5757798 3.5770575 3.5783204 3.5795687 3.5808026 3.5820224 3.5832283 3.5844205 3.5855992 3.5867647 3.5879172 3.5890568 3.5901838 3.5912984 3.5924007 3.593491 3.5945694 3.5956362 3.5966914 3.5977354 3.5987682 3.59979 3.600801
3.5159942 3.5180157 3.5200109 3.52198 3.5239235 3.5258416 3.5277349 3.5296036 3.531448 3.5332687 3.5350659 3.53684 3.5385913 3.5403203 3.5420272 3.5437125 3.5453764 3.5470193 3.5486415 3.5502435 3.5518254 3.5533876 3.5549305 3.5564543 3.5579594 3.5594461 3.5609146 3.5623653 3.5637984 3.5652143 3.5666132 3.5679953 3.5693611 3.5707107 3.5720443 3.5733623 3.5746649 3.5759524 3.5772249 3.5784828 3.5797262 3.5809554 3.5821707 3.5833722 3.5845601 3.5857347 3.5868962 3.5880447 3.5891806 3.5903039 3.5914149 3.5925138 3.5936008 3.594676 3.5957396 3.5967918 3.5978327 3.5988627 3.5998817 3.60089
3.5166212 3.518621 3.5205952 3.5225443 3.5244686 3.5263683 3.5282439 3.5300956 3.5319238 3.5337288 3.5355109 3.5372706 3.539008 3.5407236 3.5424176 3.5440905 3.5457425 3.5473739 3.548985 3.5505762 3.5521478 3.5537001 3.5552334 3.556748 3.5582442 3.5597222 3.5611824 3.5626251 3.5640504 3.5654588 3.5668504 3.5682256 3.5695846 3.5709276 3.5722549 3.5735668 3.5748634 3.5761451 3.5774121 3.5786645 3.5799027 3.5811269 3.5823372 3.583534 3.5847173 3.5858874 3.5870446 3.5881889 3.5893207 3.5904401 3.5915473 3.5926424 3.5937258 3.5947974 3.5958576 3.5969065 3.5979443 3.5989711 3.5999871 3.6009924
3.5172925 3.5192694 3.5212218 3.5231499 3.525054 3.5269344 3.5287914 3.5306253 3.5324363 3.5342248 3.5359911 3.5377355 3.5394583 3.5411597 3.5428402 3.5444999 3.5461393 3.5477585 3.5493579 3.5509378 3.5524985 3.5540403 3.5555634 3.5570682 3.5585549 3.5600238 3.5614751 3.5629092 3.5643263 3.5657267 3.5671106 3.5684783 3.56983 3.5711661 3.5724866 3.5737919 3.5750822 3.5763578 3.5776188 3.5788655 3.5800981 3.5813168 3.5825219 3.5837135 3.5848919 3.5860573 3.5872098 3.5883496 3.589477 3.5905921 3.5916952 3.5927864 3.5938658 3.5949337 3.5959902 3.5970356 3.5980698 3.5990933 3.600106 3.6011082
3.5180068 3.5199599 3.5218895 3.5237957 3.5256788 3.527539 3.5293765 3.5311918 3.5329849 3.5347561 3.5365058 3.5382342 3.5399415 3.5416282 3.5432943 3.5449403 3.5465663 3.5481728 3.5497598 3.5513278 3.552877 3.5544077 3.5559201 3.5574145 3.5588911 3.5603504 3.5617924 3.5632174 3.5646258 3.5660177 3.5673934 3.5687532 3.5700973 3.5714259 3.5727392 3.5740376 3.5753212 3.5765902 3.5778449 3.5790854 3.5803121 3.5815251 3.5827245 3.5839107 3.5850839 3.5862441 3.5873916 3.5885267 3.5896494 3.59076 3.5918586 3.5929455 3.5940208 3.5950846 3.5961373 3.5971788 3.5982094 3.5992292 3.6002384 3.6012372
3.518763 3.5206915 3.5225973 3.5244808 3.526342 3.5281811 3.5299985 3.5317943 3.5335686 3.5353219 3.5370542 3.5387659 3.5404572 3.5421283 3.5437795 3.545411 3.5470231 3.5486161 3.5501902 3.5517457 3.5532828 3.5548018 3.556303 3.5577865 3.5592526 3.5607016 3.5621338 3.5635493 3.5649485 3.5663315 3.5676986 3.56905 3.570386 3.5717068 3.5730125 3.5743035 3.57558 3.5768421 3.5780901 3.5793241 3.5805445 3.5817514 3.5829449 3.5841254 3.5852929 3.5864477 3.58759 3.5887199 3.5898377 3.5909435 3.5920374 3.5931197 3.5941906 3.5952502 3.5962986 3.597336 3.5983627 3.5993787 3.6003841 3.6013793
3.51956 3.5214629 3.5233442 3.5252041 3.5270427 3.52886 3.5306564 3.532432 3.5341869 3.5359214 3.5376357 3.53933 3.5410045 3.5426594 3.544295 3.5459115 3.5475091 3.5490881 3.5506487 3.5521911 3.5537155 3.5552223 3.5567117 3.5581838 3.5596389 3.5610772 3.5624991 3.5639046 3.5652941 3.5666678 3.5680258 3.5693684 3.5706959 3.5720084 3.5733062 3.5745895 3.5758584 3.5771133 3.5783542 3.5795814 3.5807951 3.5819956 3.5831829 3.5843572 3.5855189 3.586668 3.5878047 3.5889292 3.5900417 3.5911424 3.5922314 3.5933089 3.5943751 3.5954301 3.5964741 3.5975073 3.5985297 3.5995416 3.6005431 3.6015344
3.5203965 3.5222731 3.5241292 3.5259647 3.5277798 3.5295747 3.5313494 3.533104 3.5348388 3.5365539 3.5382495 3.5399257 3.5415828 3.5432209 3.5448403 3.5464412 3.5480237 3.5495881 3.5511346 3.5526634 3.5541747 3.5556687 3.5571457 3.5586059 3.5600496 3.5614768 3.5628878 3.5642829 3.5656623 3.5670262 3.5683747 3.5697082 3.5710267 3.5723306 3.5736201 3.5748952 3.5761563 3.5774035 3.578637 3.579857 3.5810638 3.5822574 3.5834382 3.5846062 3.5857616 3.5869047 3.5880355 3.5891544 3.5902614 3.5913567 3.5924405 3.5935129 3.5945742 3.5956244 3.5966637 3.5976923 3.5987103 3.5997179 3.6007153 3.6017025
3.5212714 3.523121 3.524951 3.5267615 3.5285525 3.5303242 3.5320764 3.5338095 3.5355235 3.5372186 3.5388948 3.5405524 3.5421915 3.5438122 3.5454148 3.5469995 3.5485663 3.5501156 3.5516474 3.5531621 3.5546597 3.5561405 3.5576048 3.5590526 3.5604842 3.5618998 3.5632997 3.5646839 3.5660527 3.5674064 3.568745 3.5700689 3.5713782 3.5726731 3.5739537 3.5752204 3.5764732 3.5777125 3.5789382 3.5801508 3.5813502 3.5825368 3.5837106 3.5848719 3.5860209 3.5871576 3.5882824 3.5893952 3.5904964 3.5915861 3.5926644 3.5937315 3.5947876 3.5958328 3.5968672 3.597891 3.5989044 3.5999075 3.6009004 3.6018833
3.5221834 3.5240053 3.5258087 3.5275935 3.5293597 3.5311075 3.5328368 3.5345476 3.5362402 3.5379146 3.5395709 3.5412093 3.5428298 3.5444326 3.5460178 3.5475857 3.5491364 3.55067 3.5521867 3.5536867 3.5551702 3.5566373 3.5580883 3.5595232 3.5609424 3.562346 3.5637342 3.5651071 3.566465 3.567808 3.5691364 3.5704503 3.5717499 3.5730354 3.574307 3.5755648 3.5768091 3.57804 3.5792577 3.5804624 3.5816542 3.5828334 3.584 3.5851543 3.5862965 3.5874267 3.588545 3.5896516 3.5907468 3.5918305 3.5929031 3.5939646 3.5950153 3.5960552 3.5970844 3.5981033 3.5991118 3.6001101 3.6010984 3.6020768
3.5231313 3.5249249 3.526701 3.5284595 3.5302004 3.5319237 3.5336293 3.5353175 3.5369881 3.5386412 3.5402771 3.5418956 3.543497 3.5450813 3.5466487 3.5481993 3.5497333 3.5512507 3.5527518 3.5542367 3.5557055 3.5571585 3.5585957 3.5600174 3.5614238 3.5628149 3.564191 3.5655522 3.5668987 3.5682308 3.5695485 3.570852 3.5721416 3.5734173 3.5746795 3.5759281 3.5771635 3.5783857 3.5795951 3.5807916 3.5819755 3.5831469 3.5843061 3.5854532 3.5865883 3.5877115 3.5888232 3.5899233 3.5910122 3.5920898 3.5931564 3.5942121 3.595257 3.5962914 3.5973153 3.5983289 3.5993323 3.6003257 3.6013092 3.6022829
3.5241138 3.5258786 3.5276268 3.5293585 3.5310734 3.5327717 3.5344533 3.5361181 3.5377662 3.5393976 3.5410124 3.5426106 3.5441923 3.5457577 3.5473067 3.5488396 3.5503564 3.5518572 3.5533422 3.5548115 3.5562653 3.5577036 3.5591267 3.5605347 3.5619278 3.563306 3.5646696 3.5660188 3.5673536 3.5686742 3.5699809 3.5712737 3.5725529 3.5738186 3.5750709 3.5763101 3.5775362 3.5787495 3.5799501 3.5811381 3.5823138 3.5834773 3.5846287 3.5857682 3.586896 3.5880121 3.5891168 3.5902102 3.5912924 3.5923637 3.593424 3.5944737 3.5955127 3.5965414 3.5975597 3.5985678 3.5995659 3.6005541 3.6015326 3.6025014
3.5251297 3.5268651 3.528585 3.5302893 3.5319779 3.5336507 3.5353076 3.5369485 3.5385736 3.5401828 3.5417761 3.5433535 3.5449151 3.546461 3.5479913 3.5495059 3.5510051 3.5524888 3.5539573 3.5554106 3.5568489 3.5582722 3.5596807 3.5610746 3.562454 3.563819 3.5651697 3.5665064 3.5678291 3.569138 3.5704333 3.5717151 3.5729835 3.5742388 3.575481 3.5767103 3.5779269 3.5791309 3.5803225 3.5815018 3.582669 3.5838242 3.5849675 3.5860992 3.5872193 3.5883281 3.5894256 3.590512 3.5915874 3.592652 3.5937059 3.5947492 3.5957822 3.5968048 3.5978173 3.5988198 3.5998124 3.6007952 3.6017684 3.6027321
