Cobbity/QGIS/C1_Reading3.tif
NCOLS 99
NROWS 110
XLLCORNER 150.663
YLLCORNER -34.0227
CELLSIZE 1e-05
NODATA_VALUE -9999
[rows 0 to 24 of 110, columns 0 to 56 of 99]
0.27568237 0.2756956 0.27570919 0.27572307 0.27573727 0.2757518 0.27576674 0.2757822 0.27579832 0.2758153 0.27583333 0.27585267 0.27587355 0.27589625 0.27592103 0.27594815 0.27597786 0.27601041 0.27604598 0.27608477 0.27612691 0.27617254 0.27622172 0.2762745 0.2763309 0.27639089 0.27645443 0.27652145 0.27659185 0.27666552 0.27674231 0.27682209 0.2769047 0.27698997 0.27707775 0.27716785 0.27726012 0.27735439 0.27745049 0.27754826 0.27764755 0.27774821 0.2778501 0.27795308 0.27805702 0.27816179 0.27826728 0.27837338 0.27847995 0.27858691 0.27869415 0.27880156 0.27890904 0.27901649 0.27912382 0.27923093 0.27933773
0.27562012 0.27563348 0.27564697 0.27566054 0.27567416 0.27568787 0.27570173 0.27571586 0.27573044 0.27574567 0.2757618 0.2757791 0.27579787 0.27581843 0.27584109 0.27586615 0.27589392 0.27592466 0.27595862 0.27599601 0.27603699 0.2760817 0.27613024 0.27618265 0.27623894 0.2762991 0.27636305 0.27643073 0.27650201 0.27657676 0.27665484 0.27673607 0.27682028 0.27690729 0.27699691 0.27708897 0.27718326 0.27727962 0.27737787 0.27747783 0.27757934 0.27768225 0.27778641 0.27789166 0.27799789 0.27810495 0.27821273 0.27832111 0.27842998 0.27853923 0.27864874 0.27875842 0.27886817 0.27897789 0.27908747 0.27919682 0.27930584
0.27555993 0.27557358 0.2755871 0.27560042 0.2756135 0.27562634 0.27563903 0.27565169 0.27566451 0.27567774 0.27569166 0.2757066 0.27572291 0.27574095 0.27576111 0.27578375 0.27580921 0.27583781 0.27586984 0.27590555 0.27594513 0.27598873 0.27603645 0.27608836 0.27614445 0.2762047 0.27626904 0.27633736 0.27640954 0.27648542 0.27656482 0.27664757 0.27673345 0.27682227 0.27691383 0.27700791 0.27710431 0.27720284 0.27730331 0.27740554 0.27750934 0.27761455 0.27772103 0.27782861 0.27793717 0.27804656 0.27815667 0.27826738 0.27837857 0.27849013 0.27860196 0.27871396 0.27882601 0.27893802 0.2790499 0.27916153 0.27927282
0.27550227 0.27551642 0.27553014 0.27554332 0.27555589 0.27556784 0.27557926 0.27559028 0.27560111 0.27561204 0.27562341 0.27563559 0.27564901 0.27566411 0.27568132 0.27570109 0.27572382 0.2757499 0.27577964 0.27581335 0.27585125 0.2758935 0.27594022 0.27599148 0.27604726 0.27610755 0.27617223 0.2762412 0.2763143 0.27639135 0.27647215 0.27655648 0.27664412 0.27673484 0.27682842 0.27692462 0.27702322 0.27712401 0.27722678 0.27733134 0.27743749 0.27754508 0.27765393 0.27776389 0.27787482 0.27798658 0.27809906 0.27821212 0.27832566 0.27843957 0.27855375 0.27866808 0.27878246 0.27889681 0.27901101 0.27912495 0.27923855
0.27544769 0.2754626 0.27547674 0.27548993 0.27550206 0.27551311 0.27552316 0.27553234 0.27554092 0.2755492 0.2755576 0.27556656 0.2755766 0.27558822 0.27560197 0.27561836 0.27563787 0.27566096 0.27568801 0.27571935 0.27575524 0.27579588 0.2758414 0.27589184 0.27594722 0.27600746 0.27607247 0.2761421 0.27621615 0.27629443 0.27637669 0.2764627 0.27655219 0.27664492 0.27674062 0.27683903 0.27693993 0.27704307 0.27714823 0.27725519 0.27736378 0.27747379 0.27758507 0.27769745 0.27781079 0.27792495 0.27803982 0.27815527 0.27827118 0.27838746 0.278504 0.27862069 0.27873744 0.27885414 0.27897069 0.27908699 0.27920294
0.27539681 0.27541284 0.27542768 0.27544107 0.27545288 0.27546304 0.2754716 0.27547874 0.27548474 0.27548997 0.27549491 0.27550011 0.27550616 0.2755137 0.27552336 0.27553576 0.27555147 0.27557103 0.2755949 0.27562345 0.27565698 0.27569572 0.2757398 0.27578927 0.27584411 0.27590426 0.27596957 0.27603987 0.27611493 0.27619451 0.27627833 0.27636612 0.27645758 0.27655242 0.27665036 0.27675111 0.27685441 0.27696 0.27706763 0.27717709 0.27728816 0.27740066 0.27751442 0.27762926 0.27774504 0.27786164 0.27797891 0.27809676 0.27821507 0.27833373 0.27845264 0.27857171 0.27869084 0.27880992 0.27892885 0.27904753 0.27916586
0.27535035 0.27536795 0.27538385 0.27539773 0.27540937 0.27541866 0.27542565 0.27543051 0.27543356 0.27543525 0.27543616 0.27543693 0.27543829 0.275441 0.27544583 0.27545352 0.27546475 0.27548016 0.27550027 0.27552555 0.27555631 0.27559282 0.2756352 0.27568351 0.27573772 0.27579771 0.27586332 0.27593432 0.27601046 0.27609143 0.27617693 0.27626663 0.27636019 0.27645729 0.2765576 0.27666081 0.27676662 0.27687476 0.27698497 0.277097 0.27721064 0.27732568 0.27744195 0.27755929 0.27767754 0.27779658 0.27791628 0.27803653 0.27815723 0.27827828 0.27839957 0.27852103 0.27864254 0.27876401 0.27888535 0.27900644 0.27912718
0.27530913 0.27532888 0.27534634 0.27536107 0.27537276 0.27538126 0.27538657 0.27538887 0.27538855 0.27538613 0.2753823 0.27537785 0.27537366 0.27537066 0.27536977 0.27537188 0.27537782 0.27538834 0.27540406 0.27542549 0.27545303 0.27548694 0.27552735 0.27557431 0.27562776 0.27568755 0.27575347 0.27582523 0.27590254 0.27598503 0.27607235 0.27616411 0.27625993 0.27635944 0.27646227 0.27656808 0.27667655 0.27678736 0.27690024 0.27701492 0.27713119 0.27724883 0.27736766 0.27748752 0.27760825 0.27772974 0.27785186 0.27797451 0.27809759 0.27822101 0.27834468 0.27846852 0.27859242 0.27871629 0.27884004 0.27896356 0.27908674
0.27527412 0.27529675 0.27531639 0.27533246 0.27534453 0.27535235 0.27535589 0.27535534 0.27535114 0.27534391 0.2753345 0.27532386 0.27531308 0.27530329 0.27529561 0.27529112 0.27529081 0.27529557 0.27530614 0.2753231 0.27534688 0.27537778 0.27541593 0.27546135 0.27551393 0.27557349 0.27563975 0.27571237 0.27579097 0.27587514 0.27596444 0.27605845 0.27615671 0.27625882 0.27636435 0.27647292 0.27658418 0.27669779 0.27681344 0.27693087 0.27704984 0.27717012 0.27729154 0.27741393 0.27753715 0.27766107 0.27778559 0.27791062 0.27803606 0.27816183 0.27828786 0.27841405 0.27854032 0.27866659 0.27879276 0.27891872 0.27904436
0.27524639 0.27527285 0.2752955 0.27531356 0.27532645 0.27533379 0.27533549 0.27533174 0.27532305 0.27531018 0.27529415 0.27527615 0.27525751 0.27523961 0.27522385 0.27521152 0.27520383 0.27520181 0.27520634 0.27521809 0.27523753 0.27526498 0.27530056 0.27534424 0.27539587 0.27545519 0.27552186 0.27559546 0.27567552 0.27576156 0.27585307 0.27594954 0.27605047 0.27615538 0.27626381 0.27637533 0.27648954 0.27660608 0.27672462 0.27684488 0.2769666 0.27708957 0.27721359 0.27733852 0.2774642 0.27759054 0.27771743 0.27784479 0.27797255 0.27810063 0.27822896 0.27835748 0.2784861 0.27861475 0.27874333 0.27887174 0.27899986
0.27522719 0.27525869 0.27528543 0.27530637 0.27532068 0.27532784 0.27532765 0.27532031 0.27530641 0.27528686 0.27526294 0.27523612 0.27520806 0.27518046 0.27515504 0.27513339 0.27511695 0.27510696 0.27510443 0.27511013 0.27512458 0.27514809 0.27518077 0.27522253 0.27527314 0.27533227 0.27539946 0.2754742 0.27555594 0.2756441 0.27573807 0.27583728 0.27594113 0.2760491 0.27616065 0.27627532 0.27639265 0.27651227 0.27663382 0.276757 0.27688154 0.27700722 0.27713385 0.27726129 0.27738942 0.27751812 0.27764731 0.27777694 0.27790694 0.27803726 0.27816784 0.27829863 0.27842956 0.27856056 0.27869153 0.27882238 0.278953
0.27521794 0.27525606 0.2752883 0.27531328 0.27532985 0.27533726 0.27533519 0.27532381 0.27530381 0.27527632 0.27524292 0.27520548 0.27516606 0.27512679 0.27508979 0.27505701 0.2750302 0.27501082 0.27500005 0.27499875 0.27500749 0.27502656 0.27505601 0.27509569 0.27514526 0.27520427 0.27527215 0.27534828 0.27543198 0.27552256 0.27561932 0.27572157 0.27582866 0.27593997 0.27605491 0.27617295 0.27629361 0.27641646 0.27654114 0.27666731 0.27679472 0.27692313 0.27705236 0.27718228 0.27731278 0.27744377 0.27757519 0.27770699 0.27783914 0.27797161 0.27810435 0.27823733 0.2783705 0.27850379 0.27863713 0.27877041 0.27890352
0.27522023 0.27526701 0.27530662 0.27533719 0.27535718 0.27536549 0.27536161 0.27534567 0.27531848 0.27528147 0.27523661 0.27518627 0.27513307 0.27507969 0.27502875 0.27498266 0.27494353 0.2749131 0.27489272 0.27488336 0.2748856 0.27489969 0.27492561 0.27496308 0.27501164 0.27507069 0.27513951 0.27521734 0.27530336 0.27539674 0.27549667 0.27560235 0.27571303 0.27582801 0.27594663 0.27606831 0.2761925 0.27631877 0.27644669 0.27657595 0.27670625 0.27683739 0.2769692 0.27710153 0.27723431 0.27736748 0.277501 0.27763485 0.27776902 0.2779035 0.27803829 0.27817336 0.27830867 0.27844419 0.27857984 0.27871552 0.27885113
0.27523588 0.27529395 0.27534338 0.27538166 0.27540665 0.27541679 0.27541128 0.27539018 0.27535446 0.27530591 0.27524707 0.27518096 0.27511093 0.27504038 0.27497258 0.27491053 0.27485675 0.27481332 0.27478178 0.27476317 0.27475806 0.27476664 0.27478875 0.27482396 0.27487162 0.27493096 0.27500107 0.275081 0.27516979 0.27526644 0.27537 0.27547957 0.27559427 0.2757133 0.27583594 0.27596154 0.27608951 0.27621936 0.27635066 0.27648307 0.27661631 0.27675015 0.27688446 0.27701911 0.27715405 0.27728925 0.2774247 0.27756043 0.27769645 0.27783278 0.27796945 0.27810647 0.27824381 0.27838146 0.27851935 0.27865739 0.27879547
0.27526685 0.27533967 0.2754022 0.27545104 0.27548322 0.27549653 0.27548973 0.27546277 0.27541682 0.27535417 0.2752781 0.27519253 0.27510179 0.27501023 0.27492198 0.27484071 0.27476951 0.2747108 0.27466631 0.27463714 0.27462381 0.27462636 0.27464446 0.27467744 0.27472443 0.27478442 0.27485629 0.27493886 0.27503098 0.27513147 0.27523923 0.27535321 0.27547242 0.27559596 0.27572301 0.27585285 0.27598485 0.27611848 0.27625328 0.27638891 0.27652507 0.27666158 0.27679828 0.27693512 0.27707204 0.27720908 0.27734626 0.27748364 0.27762128 0.27775925 0.27789761 0.27803639 0.27817561 0.27831526 0.27845529 0.27859562 0.27873615
0.2753153 0.27540739 0.2754874 0.27555069 0.27559313 0.27561153 0.27560403 0.2755704 0.27551203 0.27543193 0.27533439 0.2752246 0.27510818 0.27499075 0.27487754 0.2747731 0.27468116 0.27460451 0.27454507 0.27450394 0.2744815 0.27447759 0.27449157 0.2745225 0.27456921 0.27463037 0.27470461 0.2747905 0.27488664 0.27499167 0.2751043 0.27522332 0.27534761 0.27547616 0.27560806 0.27574251 0.27587883 0.27601643 0.27615487 0.27629375 0.27643283 0.2765719 0.27671087 0.27684969 0.27698838 0.27712699 0.27726562 0.27740437 0.27754336 0.2776827 0.27782249 0.27796281 0.2781037 0.27824519 0.27838724 0.27852979 0.27867272
0.27538345 0.27550078 0.27560417 0.27568727 0.27574426 0.27577054 0.27576332 0.27572201 0.27564839 0.27554642 0.27542183 0.27528155 0.27513301 0.27498351 0.27483971 0.27470727 0.27459062 0.27449299 0.2744164 0.27436185 0.27432948 0.27431877 0.27432871 0.27435796 0.27440495 0.27446802 0.27454543 0.27463548 0.2747365 0.27484691 0.27496521 0.27509001 0.27522005 0.2753542 0.27549144 0.2756309 0.27577183 0.27591363 0.27605581 0.27619799 0.27633991 0.27648143 0.27662246 0.27676302 0.27690317 0.27704304 0.27718277 0.27732254 0.27746252 0.27760289 0.27774379 0.27788536 0.27802768 0.2781708 0.27831471 0.27845936 0.27860463
0.27547347 0.27562397 0.27575877 0.27586911 0.27594673 0.27598495 0.27597953 0.27592936 0.2758367 0.27570689 0.27554777 0.27536869 0.2751796 0.27499008 0.27480864 0.27464228 0.27449627 0.27437419 0.27427808 0.27420866 0.27416567 0.27414805 0.27415428 0.27418247 0.27423058 0.27429651 0.27437812 0.27447339 0.27458033 0.27469711 0.27482201 0.27495346 0.27509002 0.27523044 0.27537358 0.2755185 0.27566439 0.2758106 0.27595662 0.27610209 0.27624677 0.27639054 0.27653337 0.27667534 0.27681658 0.27695729 0.27709769 0.27723803 0.27737857 0.27751954 0.27766117 0.27780363 0.27794707 0.27809156 0.27823713 0.27838374 0.27853128
0.27558721 0.27578143 0.27595866 0.27610668 0.27621369 0.27626979 0.27626857 0.27620806 0.2760912 0.27592538 0.27572148 0.27549243 0.27525166 0.27501184 0.2747839 0.27457644 0.27439562 0.27424526 0.27412718 0.2740416 0.27398754 0.27396324 0.27396641 0.27399452 0.27404491 0.27411494 0.27420206 0.27430382 0.27441794 0.27454229 0.27467489 0.27481398 0.27495796 0.2751054 0.27525508 0.27540595 0.27555715 0.27570799 0.27585795 0.27600668 0.27615396 0.27629972 0.27644401 0.27658697 0.27672882 0.27686985 0.27701037 0.27715074 0.27729128 0.27743234 0.27757421 0.27771713 0.2778613 0.27800685 0.27815384 0.27830223 0.27845193
0.2757257 0.27597776 0.27621267 0.27641326 0.27656236 0.27664522 0.27665193 0.27657918 0.2764309 0.2762176 0.27595474 0.27566043 0.27535313 0.27504969 0.27476412 0.2745069 0.27428503 0.27410228 0.27395989 0.27385716 0.27379206 0.27376177 0.27376303 0.27379245 0.27384666 0.27392241 0.27401663 0.27412645 0.27424924 0.27438254 0.27452414 0.27467203 0.27482444 0.27497977 0.2751367 0.27529407 0.27545097 0.27560666 0.27576063 0.27591253 0.27606219 0.27620961 0.2763549 0.27649831 0.27664017 0.27678087 0.27692084 0.27706055 0.27720044 0.27734094 0.27748245 0.2776253 0.27776974 0.27791596 0.27806404 0.278214 0.27836572
0.27588828 0.2762172 0.27653112 0.27680576 0.27701578 0.27713879 0.27715929 0.27707174 0.27688164 0.27660439 0.27626249 0.27588178 0.27548792 0.27510349 0.27474637 0.27442912 0.27415922 0.27393995 0.2737713 0.27365106 0.27357562 0.27354071 0.27354182 0.27357451 0.27363454 0.273718 0.27382127 0.27394102 0.27407423 0.27421813 0.27437021 0.27452825 0.27469024 0.27485447 0.27501944 0.27518392 0.27534692 0.27550769 0.27566569 0.27582061 0.27597235 0.27612097 0.27626669 0.27640988 0.27655099 0.27669055 0.27682914 0.27696735 0.27710577 0.27724494 0.27738536 0.27752747 0.27767161 0.27781802 0.27796684 0.27811808 0.27827167
0.27607115 0.27650251 0.27692562 0.27730583 0.27760521 0.27778899 0.2778325 0.27772653 0.27747915 0.27711368 0.27666371 0.2761669 0.27565928 0.27517122 0.27472529 0.27433601 0.27401074 0.2737512 0.2735552 0.27341811 0.27333406 0.27329684 0.27330034 0.27333888 0.27340728 0.2735009 0.27361554 0.27374742 0.2738931 0.27404949 0.27421379 0.27438351 0.27455643 0.27473066 0.27490457 0.27507683 0.27524637 0.27541242 0.27557444 0.27573217 0.27588556 0.27603479 0.2761802 0.27632231 0.27646173 0.27659916 0.27673534 0.27687103 0.27700697 0.27714385 0.27728231 0.27742289 0.27756603 0.27771204 0.27786113 0.27801334 0.27816858
0.27626484 0.27683298 0.27740836 0.27794128 0.27837395 0.27865105 0.2787323 0.27860232 0.27827378 0.27778331 0.27718247 0.27652716 0.27586858 0.27524742 0.27469163 0.27421694 0.27382914 0.27352677 0.2733039 0.27315223 0.27306277 0.27302672 0.2730361 0.27308382 0.27316372 0.27327041 0.27339915 0.27354571 0.27370625 0.27387733 0.27405583 0.27423899 0.27442436 0.27460987 0.27479373 0.2749745 0.27515106 0.27532259 0.27548857 0.27564877 0.27580325 0.27595232 0.27609649 0.27623644 0.276373 0.27650706 0.27663957 0.27677148 0.27690371 0.27703714 0.27717255 0.27731063 0.27745192 0.27759684 0.27774564 0.2778984 0.27805504
0.27644995 0.27720045 0.27799008 0.27874767 0.27938347 0.27980674 0.2799496 0.27978624 0.27933812 0.27866517 0.27784884 0.27697372 0.27611306 0.27532084 0.27463021 0.27405616 0.27360014 0.27325481 0.27300817 0.27284662 0.27275686 0.27272699 0.27274682 0.27280783 0.27290291 0.27302605 0.27317202 0.27333618 0.27351433 0.27370263 0.27389764 0.27409628 0.27429585 0.27449408 0.27468903 0.27487914 0.27506322 0.27524039 0.27541017 0.27557239 0.27572723 0.27587515 0.27601687 0.27615332 0.27628555 0.27641471 0.27654199 0.27666858 0.27679561 0.27692417 0.27705523 0.27718962 0.27732805 0.27747101 0.27761883 0.27777164 0.27792938
0.27659 0.27758187 0.27867522 0.27976967 0.28072363 0.28138226 0.28162598 0.28141168 0.28077929 0.27983105 0.27869942 0.27751467 0.27638174 0.27537045 0.27451694 0.27383094 0.27330468 0.27292063 0.27265748 0.2724941 0.2724117 0.2723947 0.27243066 0.27250978 0.27262424 0.27276761 0.27293434 0.27311945 0.27331836 0.27352684 0.27374102 0.27395748 0.27417327 0.27438586 0.27459319 0.27479356 0.27498569 0.27516866 0.275342 0.2755056 0.27565981 0.2758053 0.27594305 0.27607429 0.27620036 0.27632273 0.27644286 0.27656223 0.27668223 0.27680419 0.2769293 0.27705858 0.27719288 0.27733284 0.27747886 0.27763113 0.27778958
