Cobbity/QGIS/C1_Reading5.tif
NCOLS 99
NROWS 110
XLLCORNER 150.663
YLLCORNER -34.0227
CELLSIZE 1e-05
NODATA_VALUE -9999
[rows 54 to 80 of 110, columns 0 to 59 of 99]
3.4185162 3.4218086 3.4249056 3.4277201 3.4301925 3.4323221 3.4341854 3.4359322 3.4377583 3.4398634 3.4424098 3.4454923 3.4491205 3.4532032 3.4575369 3.4618086 3.4656184 3.4685079 3.4699852 3.4695736 3.4669187 3.4619131 3.4547268 3.4456918 3.4351282 3.4232245 3.4100309 3.395582 3.380122 3.3643304 3.3494216 3.3370223 3.3288201 3.3259843 3.3284031 3.3339425 3.33801 3.3344361 3.3177445 3.285122 3.2398858 3.1905779 3.1447152 3.1092726 3.0850054 3.0680016 3.0556094 3.0576013 3.0767512 3.1274736 3.1787933 3.100514 3.0140742 2.9977008 2.9820657 3.0950885 3.1285846 3.1991304 3.3124996 3.6068253
3.4105922 3.4134283 3.416075 3.4184883 3.420644 3.4225544 3.4242756 3.4259037 3.4275584 3.4293584 3.4313964 3.4337172 3.4363037 3.4390662 3.4418384 3.4443826 3.4464046 3.4475755 3.4475597 3.4460565 3.4428559 3.437888 3.4312292 3.4230529 3.4135557 3.4029058 3.3912447 3.3787517 3.3657455 3.3527737 3.3406252 3.3302221 3.3223813 3.3174678 3.3150078 3.3134013 3.3099522 3.3014688 3.2853562 3.2608168 3.2297383 3.1961086 3.1642805 3.1376707 3.1175568 3.1035741 3.0959081 3.0965661 3.1065913 3.1232023 3.129801 3.1078909 3.0796871 3.0653799 3.073816 3.1089447 3.1520955 3.2074835 3.3545248 3.6252682
3.402957 3.4054284 3.4077197 3.4098091 3.411689 3.4133737 3.414903 3.4163378 3.4177505 3.4192093 3.4207626 3.4224245 3.4241642 3.4259002 3.4274986 3.4287786 3.4295239 3.4294999 3.4284765 3.426256 3.4227042 3.4177725 3.4114989 3.4039868 3.3953732 3.3858063 3.3754493 3.3645092 3.3532788 3.3421639 3.3316644 3.3222898 3.3144085 3.3080541 3.3027441 3.2973952 3.2904381 3.2801935 3.2654449 3.2460066 3.2229992 3.1985612 3.1751302 3.1547179 3.138469 3.1268167 3.1200537 3.118439 3.1212779 3.1255066 3.125293 3.1174531 3.107684 3.1041053 3.1121993 3.1330068 3.1649183 3.2108284 3.2821875 3.3404393
3.3956086 3.3977747 3.3997694 3.401582 3.4032114 3.4046699 3.4059842 3.407192 3.4083354 3.4094511 3.41056 3.4116582 3.4127099 3.4136435 3.4143523 3.4146986 3.4145232 3.4136582 3.4119436 3.4092461 3.4054761 3.4006 3.3946408 3.3876689 3.379788 3.3711259 3.3618351 3.352104 3.3421702 3.3323211 3.3228686 3.3140886 3.3061301 3.2989136 3.2920531 3.2848488 3.2763925 3.2657955 3.2524908 3.2364981 3.2185219 3.1997998 3.1817632 3.1656744 3.1524013 3.1424126 3.1358824 3.1326441 3.1318889 3.1319211 3.1307103 3.1277067 3.125067 3.1262362 3.13395 3.1493097 3.1723488 3.2030357 3.2386682 3.2665332
3.3885368 3.3904382 3.392175 3.3937416 3.3951389 3.3963755 3.3974682 3.3984391 3.3993108 3.4001002 3.400812 3.4014325 3.4019253 3.4022294 3.4022597 3.4019115 3.4010672 3.3996057 3.3974147 3.3944022 3.3905076 3.3857089 3.3800232 3.3735037 3.3662327 3.3583171 3.349887 3.3410984 3.3321328 3.3231895 3.314462 3.3060981 3.2981471 3.2905092 3.2829067 3.2749008 3.2659704 3.2556476 3.2436786 3.230151 3.2155306 3.2005782 3.1861768 3.1731425 3.1620899 3.1533821 3.1471247 3.1431332 3.1408761 3.1395374 3.1383949 3.1374456 3.1377023 3.1407393 3.1479263 3.1599461 3.1767474 3.1974642 3.2196885 3.2395975
3.3817293 3.3833951 3.3849013 3.3862444 3.3874248 3.3884478 3.3893226 3.3900605 3.3906719 3.3911615 3.3915247 3.3917431 3.3917824 3.3915912 3.3911021 3.3902351 3.3889028 3.3870176 3.3844997 3.3812851 3.3773328 3.3726294 3.36719 3.3610571 3.3542973 3.346998 3.3392655 3.3312226 3.3230043 3.3147479 3.3065747 3.2985647 3.2907269 3.282976 3.2751251 3.2669068 3.2580269 3.2482455 3.2374632 3.225785 3.2135329 3.2011989 3.1893518 3.1785313 3.1691649 3.1615183 3.1556746 3.1515255 3.148788 3.1470969 3.146205 3.1462143 3.1476515 3.1512813 3.1577816 3.1674818 3.1802343 3.1953369 3.2115227 3.2274765
3.3751739 3.3766263 3.3779228 3.3790604 3.3800384 3.3808586 3.3815251 3.3820422 3.382412 3.3826323 3.3826933 3.3825752 3.382247 3.3816657 3.3807781 3.379523 3.3778351 3.3756505 3.3729123 3.3695758 3.3656136 3.3610186 3.355805 3.3500081 3.3436817 3.3368967 3.3297373 3.3222986 3.3146798 3.3069766 3.2992671 3.2915969 3.2839629 3.2763035 3.2685002 3.2603956 3.25183 3.2426882 3.232948 3.2227125 3.2122137 3.2017843 3.1918046 3.1826417 3.1745955 3.167864 3.1625266 3.158546 3.1557972 3.154134 3.1534891 3.1539655 3.1558521 3.1595338 3.1653397 3.1734032 3.1835794 3.1954308 3.2083231 3.2217063
3.3688595 3.3701165 3.3712207 3.3721684 3.3729578 3.3735882 3.3740598 3.374372 3.3745224 3.3745046 3.3743063 3.373908 3.3732826 3.3723944 3.3712014 3.3696565 3.3677108 3.3653178 3.3624364 3.3590358 3.355098 3.3506204 3.3456166 3.3401161 3.3341629 3.3278137 3.3211351 3.3141997 3.3070813 3.2998479 3.2925527 3.2852247 3.2778607 3.2704221 3.262839 3.2550245 3.2468979 3.2384137 3.2295879 3.2205149 3.211368 3.2023816 3.1938198 3.1859399 3.1789584 3.1730282 3.1682282 3.1645681 3.1620112 3.160515 3.1600812 3.1607927 3.162814 3.1663429 3.1715362 3.1784369 3.1869339 3.1967696 3.2076114 3.2191801
3.3627762 3.3638534 3.3647803 3.3655526 3.3661672 3.3666216 3.3669133 3.3670389 3.366993 3.366767 3.3663479 3.3657177 3.3648527 3.3637238 3.3622975 3.3605377 3.3584078 3.3558736 3.3529058 3.3494831 3.3455943 3.34124 3.336433 3.3311982 3.3255717 3.3195991 3.3133328 3.306829 3.3001434 3.2933262 3.2864161 3.279435 3.2723842 3.2652436 3.2579771 3.250542 3.2429051 3.235059 3.2270381 3.2189267 3.2108586 3.2030054 3.1955575 3.1887014 3.1825991 3.1773728 3.1730994 3.1698142 3.1675261 3.1662404 3.165984 3.1668203 3.1688463 3.1721663 3.1768535 3.1829146 3.190271 3.19877 3.2082246 3.2184722
3.3569151 3.3578266 3.3585898 3.3592003 3.3596539 3.3599467 3.3600744 3.3600319 3.3598123 3.359406 3.3588005 3.3579793 3.3569221 3.3556052 3.3540022 3.3520852 3.3498268 3.3472019 3.3441896 3.3407757 3.3369537 3.3327262 3.3281053 3.3231123 3.317777 3.3121363 3.3062319 3.300108 3.2938078 3.2873701 3.2808254 3.2741932 3.2674798 3.2606795 3.2537785 3.2467623 3.2396253 3.2323814 3.2250727 3.217774 3.2105916 3.2036557 3.1971088 3.191091 3.1857277 3.1811193 3.1773386 3.1744323 3.1724309 3.1713605 3.1712554 3.1721646 3.1741481 3.1772631 3.1815438 3.1869842 3.193531 3.201091 3.2095528 3.2188148
3.3512685 3.352027 3.3526395 3.3531011 3.3534071 3.3535525 3.3535322 3.3533399 3.352968 3.352407 3.351645 3.3506675 3.3494572 3.347995 3.3462599 3.3442305 3.3418862 3.3392087 3.3361835 3.3328012 3.3290587 3.32496 3.3205165 3.3157465 3.310675 3.3053323 3.2997521 3.2939699 3.2880205 3.2819354 3.2757406 3.2694548 3.2630891 3.256648 3.2501326 3.2435455 3.2368976 3.2302138 3.2235387 3.2169386 3.2105001 3.2043256 3.1985253 3.1932083 3.1884743 3.184408 3.181076 3.1785287 3.176805 3.1759389 3.1759654 3.1769233 3.1788526 3.1817866 3.1857423 3.1907114 3.1966582 3.2035248 3.2112424 3.2197463
3.3458292 3.3464466 3.3469205 3.3472458 3.3474172 3.3474293 3.3472762 3.3469515 3.3464473 3.3457545 3.3448622 3.3437577 3.3424268 3.3408537 3.3390219 3.336915 3.3345178 3.3318169 3.3288025 3.3254687 3.3218149 3.3178459 3.3135724 3.3090106 3.3041817 3.2991108 3.293826 3.2883566 3.2827316 3.2769777 3.2711184 3.2651726 3.259155 3.2530771 3.2469494 3.2407853 3.2346045 3.2284378 3.2223293 3.2163378 3.2105357 3.2050059 3.1998363 3.1951145 3.190922 3.1873308 3.1844014 3.182183 3.1807167 3.1800379 3.18018 3.181175 3.1830517 3.185832 3.1895253 3.1941252 3.1996084 3.2059387 3.2130733 3.2209712
3.3405904 3.341078 3.341425 3.3416259 3.3416752 3.3415673 3.3412962 3.3408552 3.3402369 3.3394327 3.3384329 3.3372265 3.3358016 3.3341456 3.3322455 3.3300888 3.3276642 3.3249623 3.3219766 3.3187039 3.3151452 3.3113061 3.3071966 3.302831 3.2982276 3.2934081 3.2883961 3.2832167 3.2778946 3.2724537 3.2669159 3.2613003 3.2556244 3.2499041 3.2441558 3.238399 3.2326586 3.2269673 3.2213676 3.215912 3.2106622 3.2056868 3.2010581 3.1968481 3.1931249 3.1899505 3.187379 3.1854566 3.184223 3.1837128 3.1839568 3.1849822 3.1868118 3.1894617 3.1929388 3.1972395 3.2023492 3.2082457 3.2149024 3.222294
3.3355458 3.3359144 3.3361454 3.3362332 3.3361723 3.3359571 3.3355817 3.3350395 3.3343236 3.333426 3.3323383 3.3310511 3.3295546 3.3278385 3.3258929 3.3237083 3.3212764 3.3185908 3.3156473 3.312445 3.3089861 3.3052763 3.3013253 3.297146 3.2927545 3.2881698 3.2834123 3.278504 3.2734669 3.2683226 3.263092 3.2577946 3.2524495 3.2470752 3.2416918 3.2363221 3.2309931 3.2257381 3.2205971 3.2156172 3.2108518 3.2063591 3.2021996 3.1984339 3.19512 3.1923115 3.1900565 3.1883976 3.1873717 3.1870112 3.1873442 3.1883948 3.190182 3.1927194 3.1960132 3.2000623 3.2048586 3.2103885 3.2166361 3.2235859
3.3306894 3.3309491 3.3310744 3.3310598 3.3309001 3.3305895 3.3301225 3.3294928 3.328694 3.327719 3.3265604 3.3252103 3.3236607 3.3219034 3.3199307 3.3177355 3.315312 3.3126559 3.3097652 3.3066401 3.3032839 3.2997025 3.2959051 3.2919037 3.2877127 3.2833488 3.2788305 3.2741772 3.2694091 3.2645461 3.2596084 3.2546156 3.2495875 3.2445444 3.239508 3.2345027 3.2295563 3.2247014 3.2199752 3.2154202 3.2110832 3.2070145 3.2032658 3.1998887 3.1969332 3.1944462 3.1924705 3.1910444 3.1902019 3.1899728 3.1903827 3.191453 3.1932007 3.1956379 3.198771 3.2026008 3.2071236 3.2123313 3.2182145 3.2247637
3.3260151 3.3261755 3.3262049 3.3260982 3.32585 3.3254552 3.3249083 3.3242035 3.323335 3.3222965 3.3210817 3.319684 3.3180968 3.3163137 3.3143288 3.312137 3.3097342 3.307118 3.3042877 3.3012448 3.2979931 3.2945387 3.2908905 3.2870595 3.283059 3.2789041 3.2746116 3.2701992 3.2656855 3.2610893 3.2564301 3.2517273 3.247001 3.2422721 3.2375633 3.2328992 3.2283074 3.223819 3.2194689 3.2152953 3.2113398 3.2076461 3.2042593 3.2012239 3.1985836 3.1963794 3.1946494 3.1934281 3.1927463 3.1926312 3.1931059 3.1941901 3.195899 3.1982437 3.201231 3.2048631 3.2091388 3.2140536 3.2196017 3.2257767
3.3215172 3.3215872 3.32153 3.3213406 3.3210139 3.320545 3.3199288 3.3191601 3.3182337 3.3171441 3.3158858 3.3144534 3.3128415 3.3110453 3.3090603 3.3068829 3.3045106 3.3019422 3.2991783 3.2962209 3.2930745 3.2897454 3.286242 3.2825747 3.2787558 3.2747994 3.2707208 3.2665364 3.2622635 3.2579202 3.2535251 3.2490973 3.2446568 3.2402246 3.2358234 3.2314774 3.2272135 3.2230611 3.2190526 3.2152226 3.2116082 3.2082482 3.2051817 3.2024482 3.2000856 3.1981304 3.1966163 3.1955743 3.1950323 3.1950147 3.1955428 3.1966342 3.1983029 3.2005595 3.2034104 3.206859 3.2109051 3.2155465 3.2207791 3.2265977
3.3171899 3.3171781 3.3170428 3.3167795 3.3163833 3.3158498 3.3151741 3.3143516 3.3133777 3.3122476 3.3109567 3.3095006 3.3078749 3.3060761 3.3041008 3.3019468 3.2996125 3.2970981 3.2944046 3.2915351 3.2884941 3.2852881 3.2819253 3.2784155 3.2747702 3.2710026 3.267127 3.2631586 3.2591139 3.25501 3.2508648 3.2466969 3.242526 3.2383728 3.2342592 3.2302091 3.226248 3.2224037 3.2187059 3.2151863 3.2118781 3.2088159 3.2060343 3.2035681 3.2014509 3.1997148 3.1983901 3.1975044 3.1970829 3.1971477 3.1977179 3.1988096 3.2004356 3.2026056 3.2053259 3.2086001 3.2124287 3.2168101 3.2217408 3.2272159
3.3130275 3.3129417 3.3127365 3.3124074 3.3119502 3.3113606 3.3106342 3.309767 3.3087548 3.3075936 3.3062795 3.304809 3.3031787 3.3013858 3.2994283 3.2973046 3.2950144 3.2925583 3.2899384 3.287158 3.284222 3.2811367 3.2779102 3.2745519 3.2710728 3.267485 3.2638021 3.2600386 3.2562099 3.2523324 3.2484233 3.2445006 3.2405832 3.2366914 3.2328463 3.2290708 3.2253892 3.2218272 3.2184124 3.2151738 3.2121413 3.2093457 3.2068181 3.2045891 3.2026888 3.2011457 3.1999867 3.1992368 3.1989183 3.1990512 3.1996529 3.2007378 3.2023176 3.204401 3.2069941 3.2101 3.2137193 3.2178505 3.2224899 3.2276319
3.3090244 3.308872 3.3086043 3.3082171 3.3077065 3.3070686 3.3062996 3.3053957 3.3043534 3.3031692 3.30184 3.300363 3.2987356 3.2969559 3.2950225 3.2929348 3.2906932 3.2882989 3.2857545 3.2830637 3.2802315 3.2772643 3.2741699 3.2709574 3.2676372 3.2642209 3.2607213 3.2571519 3.2535277 3.2498641 3.2461776 3.2424855 3.2388061 3.2351588 3.2315638 3.2280429 3.2246188 3.2213158 3.2181591 3.2151752 3.2123912 3.2098349 3.207534 3.205516 3.2038076 3.2024342 3.20142 3.2007872 3.2005559 3.200744 3.2013672 3.2024384 3.203968 3.205964 3.2084315 3.2113733 3.2147896 3.2186785 3.2230356 3.2278543
3.3051749 3.3049628 3.3046395 3.3042013 3.3036444 3.3029654 3.3021608 3.3012274 3.3001621 3.2989621 3.2976248 3.296148 3.2945298 3.2927691 3.290865 3.2888177 3.2866281 3.284298 3.2818303 3.2792289 3.276499 3.273647 3.2706805 3.2676083 3.2644402 3.2611873 3.2578617 3.2544765 3.2510456 3.2475838 3.244107 3.2406316 3.2371752 3.2337561 3.2303938 3.2271085 3.2239219 3.2208563 3.217935 3.2151823 3.2126228 3.2102816 3.2081835 3.2063532 3.2048145 3.2035903 3.2027021 3.2021698 3.2020113 3.2022429 3.2028783 3.2039291 3.2054046 3.2073117 3.2096547 3.2124357 3.2156543 3.2193078 3.223391 3.2278963
3.3014737 3.3012083 3.3008358 3.3003528 3.2997561 3.2990424 3.2982087 3.2972522 3.2961702 3.2949606 3.2936211 3.2921502 3.2905466 3.2888096 3.286939 3.2849355 3.2828004 3.280536 3.2781454 3.2756328 3.2730034 3.2702636 3.2674207 3.2644831 3.2614605 3.2583634 3.2552032 3.2519923 3.2487442 3.2454728 3.2421932 3.2389211 3.2356733 3.232467 3.2293208 3.2262537 3.2232858 3.2204379 3.2177315 3.2151888 3.2128323 3.2106844 3.2087678 3.2071046 3.205716 3.2046227 3.2038438 3.2033971 3.2032988 3.203563 3.2042022 3.2052266 3.2066442 3.2084609 3.2106802 3.2133034 3.2163292 3.2197541 3.223572 3.2277742
3.2979152 3.2976024 3.2971866 3.2966648 3.2960341 3.2952915 3.2944344 3.2934605 3.2923675 3.2911535 3.289817 3.2883568 3.286772 3.2850626 3.2832288 3.2812717 3.2791929 3.2769951 3.2746815 3.2722566 3.2697256 3.2670946 3.264371 3.2615628 3.2586793 3.2557305 3.2527273 3.2496816 3.246606 3.2435139 3.2404197 3.2373382 3.2342852 3.2312773 3.2283316 3.2254662 3.2226997 3.2200515 3.2175414 3.2151896 3.2130166 3.2110429 3.2092888 3.2077742 3.2065184 3.2055396 3.2048551 3.2044808 3.204431 3.2047184 3.2053538 3.2063463 3.2077027 3.2094278 3.2115243 3.2139925 3.2168304 3.2200337 3.2235953 3.2275056
3.2944942 3.2941393 3.2936857 3.2931305 3.292471 3.2917048 3.2908295 3.2898432 3.2887439 3.2875303 3.2862011 3.2847555 3.2831933 3.2815146 3.2797201 3.2778112 3.2757899 3.273659 3.271422 3.2690833 3.2666482 3.2641228 3.2615141 3.25883 3.2560793 3.2532717 3.2504175 3.247528 3.2446153 3.241692 3.2387718 3.2358687 3.2329977 3.2301743 3.2274148 3.2247358 3.2221549 3.2196898 3.2173589 3.2151806 3.2131737 3.2113568 3.2097482 3.2083659 3.2072272 3.2063485 3.2057452 3.2054314 3.2054199 3.205722 3.206347 3.2073028 3.2085952 3.2102279 3.2122027 3.2145192 3.2171744 3.2201634 3.2234782 3.2271084
3.2912053 3.2908135 3.2903269 3.2897432 3.2890598 3.2882747 3.2873858 3.2863914 3.2852902 3.2840808 3.2827626 3.2813351 3.2797984 3.2781528 3.2763995 3.2745402 3.2725769 3.2705128 3.2683514 3.2660973 3.2637555 3.2613322 3.2588341 3.2562689 3.2536451 3.2509717 3.2482588 3.245517 3.2427579 3.2399935 3.2372365 3.2345004 3.2317991 3.2291474 3.2265604 3.2240537 3.2216435 3.2193464 3.2171792 3.2151587 3.2133022 3.2116265 3.2101482 3.2088835 3.207848 3.2070564 3.2065224 3.2062588 3.2062766 3.2065858 3.2071947 3.2081098 3.209336 3.210876 3.2127307 3.2148989 3.2173771 3.2201595 3.2232375 3.2266
3.2880435 3.2876192 3.2871043 3.2864964 3.2857935 3.2849937 3.2840953 3.2830968 3.2819972 3.2807956 3.2794916 3.2780849 3.2765759 3.2749655 3.2732548 3.2714457 3.2695408 3.267543 3.265456 3.2632844 3.2610333 3.2587086 3.2563168 3.2538654 3.2513624 3.2488167 3.2462376 3.2436355 3.2410212 3.238406 3.235802 3.233222 3.2306791 3.228187 3.2257598 3.2234123 3.2211593 3.2190162 3.2169985 3.2151216 3.2134012 3.2118526 3.2104909 3.2093307 3.208386 3.20767 3.207195 3.2069721 3.2070113 3.2073213 3.2079091 3.2087802 3.2099385 3.211386 3.2131227 3.2151467 3.2174538 3.2200377 3.2228893 3.2259972
3.2850037 3.2845513 3.2840121 3.2833841 3.2826656 3.2818549 3.2809505 3.2799514 3.2788566 3.2776657 3.2763784 3.2749948 3.2735155 3.2719415 3.2702744 3.2685161 3.2666692 3.2647369 3.262723 3.2606318 3.2584685 3.2562388 3.253949 3.2516064 3.2492186 3.2467941 3.2443418 3.2418716 3.2393935 3.2369186 3.2344581 3.232024 3.2296286 3.2272847 3.2250057 3.2228051 3.2206969 3.218695 3.2168137 3.2150674 3.2134702 3.2120361 3.2107787 3.2097112 3.2088462 3.2081956 3.2077702 3.2075801 3.2076338 3.2079389 3.2085014 3.209326 3.2104155 3.2117712 3.2133924 3.2152766 3.2174191 3.2198129 3.2224489 3.2253151
