Cobbity/QGIS/C1_Reading1.tof
NCOLS 399
NROWS 220
XLLCORNER 150.662
YLLCORNER -34.0235
CELLSIZE 1e-05
NODATA_VALUE -9999
[rows 52 to 77 of 220, columns 0 to 59 of 399]
4.0630965 4.0653731 4.0676866 4.0700377 4.0724274 4.0748567 4.0773264 4.0798377 4.0823914 4.0849887 4.0876307 4.0903185 4.0930532 4.0958361 4.0986685 4.1015515 4.1044865 4.107475 4.1105182 4.1136178 4.1167751 4.1199919 4.1232697 4.1266101 4.130015 4.1334862 4.1370254 4.1406348 4.1443161 4.1480716 4.1519034 4.1558138 4.1598049 4.1638793 4.1680394 4.1722878 4.1766272 4.1810603 4.18559 4.1902193 4.1949512 4.1997891 4.2047362 4.2097959 4.2149718 4.2202676 4.2256872 4.2312345 4.2369136 4.2427288 4.2486845 4.2547852 4.2610357 4.2674407 4.2740054 4.2807348 4.2876343 4.2947093 4.3019654 4.3094084
4.06341 4.0656969 4.068021 4.0703832 4.0727844 4.0752256 4.0777077 4.0802318 4.0827989 4.0854101 4.0880665 4.0907693 4.0935196 4.0963188 4.099168 4.1020686 4.1050219 4.1080294 4.1110926 4.1142129 4.1173918 4.1206311 4.1239324 4.1272974 4.130728 4.1342259 4.1377932 4.1414318 4.1451438 4.1489314 4.1527967 4.1567422 4.1607702 4.1648832 4.1690837 4.1733746 4.1777586 4.1822385 4.1868174 4.1914984 4.1962848 4.2011799 4.2061872 4.2113105 4.2165533 4.2219198 4.2274139 4.2330398 4.2388021 4.2447052 4.2507539 4.256953 4.2633077 4.2698232 4.276505 4.2833587 4.2903902 4.2976054 4.3050106 4.3126122
4.0636903 4.0659867 4.0683207 4.0706931 4.0731049 4.0755571 4.0780507 4.0805866 4.0831661 4.0857902 4.0884599 4.0911766 4.0939414 4.0967556 4.0996205 4.1025374 4.1055078 4.1085331 4.1116147 4.1147543 4.1179534 4.1212137 4.1245369 4.1279249 4.1313793 4.1349023 4.1384957 4.1421617 4.1459024 4.1497199 4.1536167 4.1575951 4.1616576 4.1658068 4.1700454 4.1743762 4.178802 4.183326 4.1879512 4.1926809 4.1975186 4.2024677 4.207532 4.2127152 4.2180213 4.2234546 4.2290192 4.2347198 4.2405609 4.2465474 4.2526844 4.2589771 4.2654311 4.2720519 4.2788454 4.2858179 4.2929756 4.3003251 4.3078733 4.3156272
4.063937 4.0662421 4.0685851 4.0709668 4.0733884 4.0758507 4.0783548 4.0809017 4.0834925 4.0861283 4.0888104 4.0915399 4.094318 4.0971461 4.1000254 4.1029574 4.1059435 4.1089851 4.1120839 4.1152412 4.118459 4.1217387 4.1250822 4.1284914 4.131968 4.1355142 4.1391319 4.1428233 4.1465905 4.150436 4.1543619 4.158371 4.1624656 4.1666485 4.1709225 4.1752905 4.1797555 4.1843205 4.188989 4.1937643 4.19865 4.2036497 4.2087673 4.2140067 4.2193723 4.2248683 4.2304993 4.23627 4.2421854 4.2482506 4.254471 4.2608521 4.2673999 4.2741204 4.2810198 4.2881049 4.2953825 4.3028598 4.3105441 4.3184432
4.0641498 4.0664628 4.0688139 4.0712042 4.0736346 4.076106 4.0786197 4.0811765 4.0837776 4.0864242 4.0891175 4.0918586 4.0946489 4.0974896 4.1003822 4.1033279 4.1063283 4.1093849 4.1124993 4.115673 4.1189077 4.1222053 4.1255674 4.128996 4.132493 4.1360605 4.1397005 4.1434153 4.147207 4.1510781 4.155031 4.1590683 4.1631926 4.1674067 4.1717134 4.1761158 4.1806169 4.1852201 4.1899287 4.1947462 4.1996764 4.2047231 4.2098903 4.2151821 4.220603 4.2261575 4.2318504 4.2376866 4.2436714 4.2498102 4.2561086 4.2625726 4.2692084 4.2760225 4.2830216 4.2902127 4.2976033 4.3052011 4.313014 4.3210505
4.0643285 4.0666484 4.0690069 4.0714048 4.0738431 4.0763228 4.078845 4.0814107 4.0840211 4.0866774 4.0893807 4.0921324 4.0949336 4.0977857 4.1006901 4.1036483 4.1066617 4.1097318 4.1128603 4.1160488 4.119299 4.1226127 4.1259917 4.129438 4.1329535 4.1365403 4.1402006 4.1439367 4.1477507 4.1516452 4.1556227 4.1596858 4.1638371 4.1680797 4.1724164 4.1768502 4.1813846 4.1860227 4.1907681 4.1956244 4.2005956 4.2056854 4.2108983 4.2162383 4.2217103 4.2273188 4.2330688 4.2389657 4.2450147 4.2512217 4.2575925 4.2641335 4.2708511 4.2777523 4.2848442 4.2921343 4.2996304 4.3073409 4.3152744 4.3234397
4.0644727 4.0667989 4.0691638 4.0715683 4.0740136 4.0765006 4.0790303 4.081604 4.0842226 4.0868875 4.0895997 4.0923607 4.0951716 4.0980339 4.1009489 4.1039181 4.106943 4.1100252 4.1131663 4.116368 4.119632 4.1229601 4.1263543 4.1298164 4.1333485 4.1369527 4.1406313 4.1443864 4.1482206 4.1521361 4.1561357 4.1602221 4.1643979 4.1686662 4.1730299 4.1774923 4.1820567 4.1867264 4.1915052 4.1963968 4.2014051 4.2065343 4.2117887 4.2171728 4.2226912 4.228349 4.2341514 4.2401036 4.2462115 4.252481 4.2589183 4.26553 4.2723229 4.2793043 4.2864817 4.2938631 4.3014568 4.3092717 4.3173168 4.3256018
4.0645823 4.0669138 4.0692842 4.0716946 4.0741459 4.0766392 4.0791755 4.081756 4.0843817 4.087054 4.0897741 4.0925431 4.0953625 4.0982337 4.1011579 4.1041368 4.1071719 4.1102647 4.1134168 4.1166301 4.1199062 4.1232471 4.1266545 4.1301306 4.1336773 4.1372969 4.1409916 4.1447637 4.1486156 4.1525498 4.1565691 4.1606761 4.1648736 4.1691648 4.1735527 4.1780405 4.1826316 4.1873297 4.1921383 4.1970615 4.2021032 4.2072676 4.2125593 4.2179829 4.2235432 4.2292454 4.2350948 4.2410971 4.2472582 4.2535842 4.2600817 4.2667575 4.2736188 4.2806731 4.2879284 4.295393 4.3030758 4.310986 4.3191333 4.327528
4.064657 4.066993 4.0693681 4.0717834 4.0742397 4.0767383 4.0792801 4.0818664 4.0844982 4.0871768 4.0899035 4.0926794 4.095506 4.0983847 4.1013169 4.1043041 4.1073478 4.1104496 4.1136113 4.1168345 4.120121 4.1234728 4.1268918 4.1303799 4.1339393 4.1375722 4.1412808 4.1450676 4.1489349 4.1528854 4.1569217 4.1610467 4.1652633 4.1695744 4.1739834 4.1784934 4.1831081 4.1878309 4.1926658 4.1976167 4.2026877 4.2078832 4.2132078 4.2186663 4.2242637 4.2300052 4.2358964 4.2419432 4.2481515 4.2545278 4.2610789 4.2678119 4.2747343 4.2818539 4.289179 4.2967183 4.3044812 4.3124772 4.3207167 4.3292105
4.0646967 4.0670363 4.0694152 4.0718344 4.0742949 4.0767977 4.0793441 4.081935 4.0845718 4.0872556 4.0899876 4.0927693 4.0956018 4.0984867 4.1014254 4.1044194 4.1074703 4.1105797 4.1137492 4.1169807 4.120276 4.1236369 4.1270655 4.1305637 4.1341338 4.1377778 4.1414982 4.1452974 4.1491777 4.153142 4.1571928 4.1613331 4.1655658 4.1698939 4.1743209 4.1788499 4.1834847 4.1882288 4.1930861 4.1980608 4.2031571 4.2083794 4.2137324 4.2192211 4.2248505 4.2306261 4.2365536 4.2426389 4.2488883 4.2553086 4.2619065 4.2686895 4.2756654 4.2828422 4.2902286 4.2978337 4.3056671 4.313739 4.32206 4.3306416
4.0647013 4.0670436 4.0694253 4.0718475 4.0743111 4.0768173 4.0793671 4.0819617 4.0846023 4.0872901 4.0900263 4.0928124 4.0956496 4.0985394 4.1014832 4.1044826 4.1075392 4.1106545 4.1138304 4.1170685 4.1203707 4.123739 4.1271752 4.1306816 4.1342602 4.1379133 4.1416432 4.1454524 4.1493434 4.1533189 4.1573816 4.1615344 4.1657803 4.1701225 4.1745642 4.179109 4.1837603 4.188522 4.1933981 4.1983926 4.2035099 4.2087546 4.2141314 4.2196453 4.2253016 4.2311059 4.2370639 4.2431818 4.2494661 4.2559235 4.2625612 4.2693868 4.2764083 4.283634 4.2910729 4.2987344 4.3066285 4.3147656 4.3231571 4.3318146
4.0646705 4.0670146 4.0693983 4.0718225 4.0742883 4.0767968 4.079349 4.0819462 4.0845894 4.0872801 4.0900193 4.0928085 4.0956491 4.0985424 4.10149 4.1044933 4.107554 4.1106738 4.1138543 4.1170973 4.1204048 4.1237785 4.1272206 4.1307331 4.1343182 4.1379782 4.1417154 4.1455323 4.1494314 4.1534155 4.1574874 4.1616499 4.1659061 4.1702592 4.1747125 4.1792696 4.1839341 4.1887097 4.1936005 4.1986108 4.2037449 4.2090074 4.2144032 4.2199374 4.2256154 4.2314428 4.2374255 4.2435699 4.2498825 4.2563702 4.2630404 4.2699009 4.2769598 4.2842258 4.2917081 4.2994163 4.3073607 4.3155522 4.3240025 4.3327236
4.0646044 4.0669495 4.0693341 4.0717595 4.0742264 4.0767361 4.0792897 4.0818883 4.0845331 4.0872254 4.0899665 4.0927576 4.0956002 4.0984957 4.1014456 4.1044514 4.1075148 4.1106373 4.1138208 4.1170671 4.1203779 4.1237553 4.1272012 4.1307179 4.1343074 4.137972 4.1417142 4.1455365 4.1494413 4.1534314 4.1575097 4.1616791 4.1659426 4.1703035 4.1747652 4.1793312 4.1840051 4.1887909 4.1936926 4.1987144 4.2038609 4.2091367 4.2145467 4.2200961 4.2257904 4.2316353 4.2376368 4.2438013 4.2501355 4.2566465 4.2633418 4.2702293 4.2773173 4.2846147 4.2921309 4.2998758 4.3078599 4.3160944 4.3245913 4.3333632
4.0645028 4.0668479 4.0692327 4.0716582 4.0741253 4.0766353 4.0791891 4.0817881 4.0844333 4.0871261 4.0898677 4.0926595 4.0955028 4.0983991 4.1013498 4.1043567 4.1074211 4.1105449 4.1137298 4.1169775 4.1202899 4.1236691 4.127117 4.1306357 4.1342275 4.1378946 4.1416395 4.1454646 4.1493726 4.1533662 4.1574481 4.1616215 4.1658894 4.1702549 4.1747217 4.1792931 4.1839729 4.188765 4.1936735 4.1987027 4.2038572 4.2091416 4.2145609 4.2201204 4.2258255 4.2316821 4.2376963 4.2438745 4.2502236 4.2567507 4.2634635 4.2703699 4.2774784 4.2847981 4.2923386 4.3001099 4.3081227 4.3163887 4.3249198 4.3337291
4.0643658 4.06671 4.069094 4.0715186 4.0739849 4.0764941 4.0790472 4.0816454 4.0842899 4.086982 4.0897229 4.092514 4.0953567 4.0982524 4.1012027 4.104209 4.1072731 4.1103965 4.113581 4.1168285 4.1201407 4.1235197 4.1269676 4.1304864 4.1340783 4.1377457 4.141491 4.1453166 4.1492252 4.1532195 4.1573024 4.1614769 4.165746 4.1701131 4.1745815 4.1791549 4.1838369 4.1886315 4.1935428 4.1985752 4.2037332 4.2090214 4.2144451 4.2200094 4.2257199 4.2315824 4.2376031 4.2437886 4.2501456 4.2566816 4.263404 4.2703211 4.2774415 4.2847743 4.2923291 4.3001163 4.3081468 4.3164321 4.3249847 4.3338178
4.0641932 4.0665358 4.0689179 4.0713408 4.0738053 4.0763126 4.0788639 4.0814602 4.0841029 4.086793 4.0895321 4.0923213 4.095162 4.0980558 4.1010041 4.1040085 4.1070705 4.1101919 4.1133745 4.1166199 4.1199302 4.1233072 4.1267531 4.1302699 4.1338598 4.1375252 4.1412685 4.1450922 4.1489989 4.1529914 4.1570724 4.1612451 4.1655125 4.1698778 4.1743446 4.1789164 4.1835969 4.1883902 4.1933003 4.1983315 4.2034884 4.2087759 4.2141989 4.2197627 4.225473 4.2313355 4.2373566 4.2435427 4.2499008 4.2564381 4.2631625 4.270082 4.2772054 4.2845419 4.2921011 4.2998936 4.3079302 4.3162229 4.324784 4.3336269
4.0639853 4.0663251 4.0687046 4.0711247 4.0735864 4.0760909 4.0786392 4.0812326 4.0838722 4.0865593 4.0892952 4.0920812 4.0949187 4.0978092 4.1007541 4.103755 4.1068135 4.1099313 4.1131102 4.1163519 4.1196584 4.1230315 4.1264734 4.1299861 4.133572 4.1372332 4.1409722 4.1447915 4.1486938 4.1526817 4.1567581 4.160926 4.1651886 4.1695491 4.1740109 4.1785776 4.183253 4.1880409 4.1929457 4.1979715 4.2031229 4.2084048 4.2138221 4.2193802 4.2250846 4.2309413 4.2369565 4.2431366 4.2494887 4.2560201 4.2627385 4.2696521 4.2767696 4.2841002 4.2916538 4.2994407 4.3074721 4.3157597 4.3243162 4.3331549
4.0637419 4.0660782 4.068454 4.0708704 4.0733284 4.075829 4.0783733 4.0809626 4.0835981 4.0862809 4.0890124 4.091794 4.0946269 4.0975126 4.1004527 4.1034487 4.1065021 4.1096148 4.1127883 4.1160245 4.1193254 4.1226927 4.1261287 4.1296353 4.1332149 4.1368697 4.1406021 4.1444146 4.1483098 4.1522905 4.1563595 4.1605198 4.1647746 4.1691269 4.1735804 4.1781385 4.182805 4.1875839 4.1924792 4.1974953 4.2026367 4.2079082 4.2133148 4.2188619 4.2245549 4.2303999 4.2364029 4.2425704 4.2489096 4.2554275 4.262132 4.2690313 4.2761339 4.2834493 4.2909871 4.2987577 4.3067722 4.3150425 4.323581 4.3324013
4.0634632 4.0657951 4.0681664 4.0705781 4.0730312 4.0755269 4.0780662 4.0806504 4.0832805 4.0859579 4.0886838 4.0914596 4.0942866 4.0971663 4.1001001 4.1030897 4.1061365 4.1092423 4.1124089 4.1156379 4.1189313 4.122291 4.1257191 4.1292176 4.1327888 4.1364349 4.1401583 4.1439616 4.1478473 4.1518182 4.155877 4.1600268 4.1642706 4.1686117 4.1730535 4.1775995 4.1822535 4.1870194 4.1919012 4.1969032 4.2020301 4.2072865 4.2126775 4.2182082 4.2238843 4.2297116 4.2356962 4.2418446 4.2481637 4.2546608 4.2613436 4.2682201 4.2752991 4.2825896 4.2901015 4.297845 4.3058312 4.3140717 4.3225792 4.3313669
4.0631493 4.0654758 4.0678417 4.0702477 4.0726951 4.0751849 4.0777181 4.080296 4.0829197 4.0855905 4.0883095 4.0910783 4.0938981 4.0967703 4.0996965 4.1026782 4.1057169 4.1088143 4.1119722 4.1151922 4.1184764 4.1218266 4.1252448 4.1287332 4.1322939 4.1359291 4.1396413 4.143433 4.1473066 4.151265 4.1553109 4.1594473 4.1636772 4.1680038 4.1724306 4.176961 4.1815988 4.1863478 4.1912121 4.196196 4.2013038 4.2065404 4.2119107 4.2174199 4.2230735 4.2288772 4.2348372 4.2409599 4.2472522 4.253721 4.2603742 4.2672198 4.2742662 4.2815225 4.2889984 4.2967041 4.3046504 4.312849 4.3213122 4.3300532
4.0628003 4.0651207 4.0674801 4.0698796 4.0723202 4.074803 4.0773291 4.0798997 4.0825158 4.0851787 4.0878898 4.0906503 4.0934615 4.096325 4.0992421 4.1022144 4.1052434 4.1083309 4.1114784 4.1146879 4.1179611 4.1212999 4.1247063 4.1281825 4.1317306 4.1353528 4.1390515 4.1428291 4.1466882 4.1506315 4.1546617 4.1587818 4.1629948 4.1673038 4.1717123 4.1762237 4.1808417 4.1855701 4.1904128 4.1953742 4.2004586 4.2056708 4.2110155 4.2164979 4.2221235 4.227898 4.2338273 4.2399178 4.2461762 4.2526096 4.2592255 4.2660318 4.2730369 4.2802497 4.2876798 4.295337 4.3032322 4.3113767 4.3197826 4.328463
4.0624165 4.0647297 4.0670818 4.0694738 4.0719067 4.0743816 4.0768995 4.0794616 4.082069 4.084723 4.0874249 4.0901758 4.0929772 4.0958305 4.0987372 4.1016987 4.1047165 4.1077925 4.1109281 4.1141252 4.1173856 4.1207112 4.124104 4.127566 4.1310994 4.1347063 4.1383892 4.1421504 4.1459925 4.1499181 4.15393 4.158031 4.1622241 4.1665125 4.1708994 4.1753884 4.179983 4.1846869 4.1895042 4.194439 4.1994956 4.2046787 4.209993 4.2154436 4.2210358 4.2267752 4.2326678 4.2387197 4.2449376 4.2513283 4.2578993 4.2646583 4.2716136 4.2787738 4.2861482 4.2937466 4.3015795 4.3096581 4.317994 4.3266001
4.0619979 4.0643032 4.0666471 4.0690307 4.0714549 4.0739208 4.0764295 4.078982 4.0815797 4.0842236 4.086915 4.0896552 4.0924455 4.0952873 4.0981821 4.1011314 4.1041366 4.1071994 4.1103215 4.1135046 4.1167505 4.1200611 4.1234383 4.1268841 4.1304007 4.1339903 4.1376552 4.1413977 4.1452203 4.1491257 4.1531165 4.1571956 4.1613659 4.1656306 4.1699928 4.174456 4.1790236 4.1836995 4.1884874 4.1933915 4.1984161 4.2035655 4.2088446 4.2142583 4.2198119 4.2255107 4.2313606 4.2373677 4.2435384 4.2498795 4.2563982 4.263102 4.269999 4.2770976 4.2844069 4.2919364 4.2996962 4.3076972 4.3159508 4.3244694
4.0615449 4.0638413 4.0661761 4.0685503 4.0709649 4.0734209 4.0759193 4.0784613 4.0810481 4.0836807 4.0863605 4.0890887 4.0918667 4.0946957 4.0975773 4.1005129 4.103504 4.1065522 4.1096591 4.1128266 4.1160562 4.11935 4.1227097 4.1261375 4.1296354 4.1332055 4.1368501 4.1405716 4.1443724 4.148255 4.1522222 4.1562766 4.1604213 4.1646592 4.1689936 4.1734277 4.1779649 4.1826091 4.1873638 4.1922333 4.1972215 4.2023329 4.2075722 4.2129441 4.2184538 4.2241066 4.2299081 4.2358642 4.2419813 4.248266 4.254725 4.261366 4.2681965 4.2752249 4.2824598 4.2899105 4.2975868 4.3054991 4.3136584 4.3220765
4.0610576 4.0633444 4.0656692 4.0680332 4.0704371 4.0728822 4.0753694 4.0778998 4.0804745 4.0830948 4.0857619 4.0884769 4.0912412 4.0940562 4.0969232 4.0998437 4.1028192 4.1058513 4.1089416 4.1120917 4.1153034 4.1185786 4.1219191 4.1253269 4.128804 4.1323525 4.1359748 4.139673 4.1434495 4.147307 4.1512479 4.1552751 4.1593913 4.1635995 4.1679029 4.1723047 4.1768082 4.1814171 4.186135 4.1909658 4.1959136 4.2009827 4.2061776 4.211503 4.2169638 4.2225652 4.2283127 4.234212 4.2402692 4.2464907 4.2528832 4.2594538 4.2662101 4.2731598 4.2803115 4.287674 4.2952566 4.3030694 4.3111229 4.3194283
4.0605364 4.0628127 4.0651267 4.0674794 4.0698719 4.0723051 4.07478 4.0772978 4.0798595 4.0824663 4.0851194 4.0878201 4.0905695 4.0933692 4.0962203 4.0991244 4.1020829 4.1050974 4.1081694 4.1113006 4.1144928 4.1177476 4.1210671 4.124453 4.1279074 4.1314323 4.13503 4.1387028 4.1424528 4.1462827 4.1501949 4.1541921 4.1582771 4.1624528 4.1667223 4.1710886 4.1755551 4.1801252 4.1848026 4.189591 4.1944945 4.199517 4.2046631 4.2099373 4.2153443 4.2208892 4.2265772 4.232414 4.2384053 4.2445573 4.2508765 4.2573697 4.264044 4.2709071 4.277967 4.2852322 4.2927115 4.3004145 4.3083512 4.3165323
