Cobbity/QGIS/C1_Reading3.tif
NCOLS 99
NROWS 110
XLLCORNER 150.663
YLLCORNER -34.0227
CELLSIZE 1e-05
NODATA_VALUE -9999
[rows 25 to 49 of 110, columns 0 to 56 of 99]
0.27661996 0.27792556 0.27945062 0.28106021 0.28253102 0.2835836 0.28399273 0.28369068 0.28275974 0.281381 0.27977606 0.27814873 0.27664807 0.27535938 0.27431459 0.27350922 0.272918 0.27250682 0.27224058 0.27208799 0.27202359 0.27202795 0.27208669 0.27218925 0.27232759 0.27249526 0.27268662 0.27289648 0.27311983 0.27335193 0.27358843 0.27382546 0.27405975 0.27428859 0.27450974 0.27472141 0.27492218 0.27511107 0.27528758 0.27545171 0.27560399 0.27574537 0.2758772 0.27600105 0.27611868 0.2762319 0.27634252 0.27645235 0.27656308 0.27667633 0.27679353 0.27691596 0.27704463 0.27718032 0.27732353 0.27747451 0.2776332
0.27642834 0.27812701 0.28026132 0.2826692 0.28502383 0.28677816 0.28744971 0.28697458 0.28553389 0.28345467 0.28111962 0.27885197 0.27685703 0.27522545 0.27396726 0.27304709 0.27240937 0.27199423 0.27174709 0.27162364 0.27159109 0.27162675 0.27171539 0.27184672 0.2720134 0.27220952 0.27242973 0.27266867 0.27292083 0.27318073 0.27344328 0.27370407 0.2739595 0.2742067 0.27444334 0.27466748 0.27487756 0.27507245 0.2752516 0.27541509 0.27556369 0.27569877 0.27582211 0.27593582 0.27604212 0.27614325 0.27624145 0.27633887 0.27643758 0.27653952 0.27664645 0.27675989 0.27688108 0.27701096 0.27715015 0.27729893 0.27745729
0.27583062 0.27798861 0.28096835 0.28458757 0.28856656 0.29173967 0.29271718 0.29187874 0.28951762 0.28624525 0.28274998 0.27954998 0.27690329 0.27486779 0.27339352 0.27238658 0.27174273 0.27136444 0.27117055 0.27110117 0.27111696 0.27119426 0.27131931 0.27148394 0.27168274 0.27191126 0.27216484 0.27243801 0.2727244 0.2730173 0.27331046 0.27359874 0.27387826 0.27414616 0.27440013 0.27463813 0.27485833 0.27505932 0.27524034 0.27540158 0.27554414 0.27566994 0.27578145 0.27588144 0.27597275 0.27605814 0.27614029 0.27622177 0.27630507 0.27639252 0.27648624 0.27658809 0.27669955 0.27682175 0.27695542 0.27710092 0.27725822
0.27453039 0.27715536 0.28129564 0.28660959 0.2936269 0.30072946 0.30092471 0.29966223 0.29540918 0.29001559 0.28460321 0.28006133 0.27659623 0.27412933 0.27247878 0.2714541 0.27087951 0.27060524 0.27051435 0.27053007 0.27061111 0.27073842 0.27090388 0.2711041 0.27133729 0.27160152 0.27189337 0.27220718 0.27253499 0.27286778 0.27319727 0.27351731 0.27382404 0.27411505 0.2743884 0.27464195 0.27487337 0.27508061 0.27526249 0.27541921 0.2755524 0.27566484 0.27576001 0.27584162 0.27591328 0.27597835 0.27603996 0.27610113 0.2761648 0.27623378 0.27631067 0.27639771 0.27649671 0.27660896 0.27673531 0.27687616 0.27703151
0.27203592 0.2751017 0.2802578 0.28938545 0.29818621 0.31781244 0.31290923 0.31331471 0.30442028 0.29510107 0.28631409 0.27999538 0.27561202 0.27277784 0.27106545 0.27015921 0.26978388 0.26972248 0.26980372 0.26993718 0.27009486 0.27027403 0.27047841 0.27071231 0.27097932 0.27128124 0.2716168 0.27197997 0.27235967 0.27274213 0.27311524 0.27347159 0.27380828 0.27412453 0.27441944 0.27469079 0.27493515 0.27514906 0.2753304 0.27547931 0.27559829 0.27569154 0.27576415 0.2758212 0.27586726 0.27590627 0.27594176 0.27597716 0.27601589 0.2760614 0.27611692 0.2761852 0.27626838 0.27636794 0.27648477 0.27661932 0.27677158
0.26766498 0.26898372 0.27952771 0.28310002 0.29247946 0.30459749 0.31691708 0.31878794 0.32447356 0.29895614 0.28707316 0.27850689 0.27349069 0.270473 0.26892946 0.26838921 0.26842699 0.26877163 0.26911218 0.26937978 0.26960679 0.26982574 0.27005792 0.2703167 0.27061199 0.27095097 0.27133628 0.27176189 0.27221055 0.27265792 0.27308389 0.27348023 0.27384782 0.27419021 0.27450893 0.27480145 0.27506185 0.27528354 0.27546237 0.27559842 0.27569576 0.27576116 0.27580238 0.27582654 0.27583937 0.27584519 0.27584764 0.27585035 0.27585736 0.27587297 0.27590133 0.27594591 0.27600922 0.2760928 0.27619749 0.27632367 0.27647139
0.26259049 0.26037107 0.26658574 0.27452406 0.28195291 0.28953978 0.29729102 0.30355018 0.31137633 0.29230183 0.28685989 0.27321506 0.27052421 0.26632147 0.26582635 0.26594313 0.26676039 0.26798089 0.26861933 0.26896369 0.26921258 0.26943385 0.26966882 0.26993253 0.27024176 0.27061102 0.27105167 0.27156092 0.27211061 0.27264952 0.27313885 0.27357411 0.27396821 0.27433432 0.274679 0.27499862 0.27528135 0.27551355 0.2756869 0.27580171 0.27586537 0.27588935 0.27588611 0.275866 0.27583589 0.27579978 0.27576061 0.27572182 0.27568816 0.27566531 0.27565897 0.27567368 0.27571227 0.27577604 0.27586546 0.27598072 0.27612193
0.25786118 0.25 0.25831996 0.26680351 0.27332928 0.27855551 0.28304878 0.28684985 0.28811291 0.28464746 0.27902494 0.27158647 0.26859709 0.26035814 0.26319354 0.26188488 0.26480676 0.2683136 0.26864425 0.26887306 0.26903927 0.26916809 0.26937371 0.26959549 0.26988798 0.27026484 0.27075903 0.27138605 0.27210902 0.27279371 0.27334962 0.27380647 0.27420981 0.274589 0.27496167 0.2753204 0.27563942 0.27588852 0.27605077 0.27612933 0.27613861 0.2760986 0.27603067 0.27595056 0.2758655 0.27577712 0.27568578 0.2755939 0.2755072 0.27543397 0.27538277 0.27535989 0.2753682 0.27540794 0.27547846 0.27557951 0.27571147
0.25718527 0.24414939 0.25107366 0.2612098 0.26698037 0.27041972 0.27255081 0.27503563 0.27584339 0.27497341 0.27264726 0.26981778 0.26709625 0.26426644 0.26371939 0.26177467 0.26496473 0.26970865 0.26875571 0.26953323 0.2692649 0.26915268 0.26940895 0.26937579 0.26963247 0.26993794 0.27044531 0.27122451 0.27232993 0.27329585 0.27385412 0.27427247 0.27464344 0.27500161 0.27540526 0.27582905 0.2762183 0.27649913 0.27663547 0.27664906 0.27656681 0.27642209 0.27625629 0.2760945 0.2759407 0.27578872 0.27563241 0.27547155 0.27531362 0.27517215 0.27506173 0.2749918 0.27496418 0.27497584 0.27502341 0.27510585 0.27522444
0.26090373 0.25502946 0.25052818 0.2586268 0.26195495 0.26487837 0.26309763 0.2675338 0.26686691 0.26730161 0.26610966 0.26451894 0.26428537 0.26364315 0.26358451 0.26399744 0.26524819 0.2668584 0.26739597 0.26859505 0.26854454 0.26912999 0.2697232 0.26921212 0.26987571 0.26969463 0.27010206 0.27092093 0.2731587 0.27483968 0.27486067 0.27516934 0.27542731 0.27563526 0.27609462 0.27662852 0.27718623 0.27753542 0.27758734 0.27748433 0.27724331 0.27690934 0.27658781 0.27631655 0.27608113 0.27585523 0.27561844 0.27536562 0.2751073 0.27486816 0.27467687 0.27454921 0.27448216 0.27446342 0.2744836 0.27454094 0.2746394
0.26692159 0.26334635 0.260387 0.26221042 0.26208458 0.26425578 0.26243102 0.26485941 0.26029465 0.26278986 0.25843267 0.25513411 0.25994671 0.2585955 0.26054705 0.26281177 0.26369114 0.26437131 0.26466524 0.26547699 0.2662809 0.26716291 0.26782926 0.26829102 0.26922565 0.26918053 0.26993576 0.27058017 0.27514744 0.27895356 0.27607919 0.2771648 0.27693602 0.27650284 0.27727524 0.27783492 0.27897513 0.27948212 0.27913837 0.27890288 0.27837354 0.27762446 0.27705055 0.27664342 0.27632205 0.27601764 0.27568021 0.27530076 0.27489115 0.27449891 0.27419096 0.27399749 0.27389662 0.27385056 0.27383804 0.27385912 0.27392549
0.2740095 0.27208552 0.26995024 0.26848887 0.26749045 0.26691774 0.26609174 0.26526371 0.26350762 0.26253051 0.25735779 0.25447822 0.25781279 0.250492 0.25696009 0.26114956 0.26113264 0.26159496 0.25915138 0.26099421 0.26287212 0.26364551 0.2649613 0.2657725 0.26659275 0.26747341 0.26862924 0.27007158 0.27374946 0.27678278 0.2755354 0.27908186 0.27789401 0.27724229 0.27957113 0.27910306 0.28299462 0.28363219 0.28133963 0.28178294 0.2804777 0.27855649 0.27768063 0.2771217 0.2767384 0.27636786 0.27588968 0.2753384 0.27468167 0.27401043 0.27351921 0.27327278 0.27317394 0.27311593 0.27306086 0.27302306 0.27303502
0.28292367 0.28240089 0.27954316 0.27586935 0.27211775 0.2691672 0.26691895 0.26518528 0.26379128 0.26250169 0.26080359 0.2598817 0.25949437 0.25764659 0.2596726 0.26120094 0.26094706 0.25976569 0.25053236 0.25685265 0.2579733 0.25659899 0.26134751 0.26101543 0.26215921 0.26410688 0.26506603 0.26726267 0.26971864 0.27151382 0.27271113 0.27449225 0.27497421 0.27607194 0.27831339 0.27900059 0.28652387 0.28688738 0.28284763 0.28836834 0.28367857 0.27924678 0.27875769 0.27777324 0.27754866 0.27713597 0.2763551 0.2756703 0.27456133 0.2732454 0.27243352 0.27225486 0.27228379 0.27224771 0.27211981 0.27197114 0.27188761
0.29503738 0.29844682 0.29219956 0.28530104 0.27626497 0.27032279 0.26606107 0.26322622 0.26156255 0.26073199 0.26040266 0.26050974 0.26074303 0.26099754 0.26176806 0.26247825 0.26264684 0.26161221 0.25881976 0.25996337 0.25646248 0.25342671 0.25977755 0.25240219 0.25614258 0.25945753 0.25670128 0.26315338 0.26594064 0.26755838 0.26925758 0.27028395 0.27164462 0.27325117 0.27476155 0.27640038 0.27938186 0.2802328 0.2805915 0.28494156 0.2816419 0.27896685 0.27979824 0.2780573 0.27927657 0.27847394 0.27707632 0.27710094 0.27483211 0.27162286 0.27021648 0.27076342 0.27126114 0.27127352 0.27096741 0.27057529 0.2703362
0.30220989 0.31295972 0.30594175 0.293106 0.27881886 0.26943071 0.26292013 0.25816448 0.25627152 0.2560458 0.25681287 0.25853229 0.25988835 0.26099254 0.26200907 0.2629823 0.26378744 0.26421419 0.2642921 0.26443605 0.26343161 0.26295082 0.26321947 0.25903131 0.26000268 0.25845109 0.25259104 0.26177775 0.26155121 0.26353185 0.26610552 0.2649555 0.26819254 0.27083143 0.27207087 0.27329006 0.27428868 0.27502525 0.27575351 0.27682053 0.27681481 0.27680768 0.27719374 0.27713381 0.27833578 0.27781139 0.27749696 0.28 0.27505005 0.26744424 0.26484836 0.26896852 0.270371 0.27033525 0.26950047 0.2684635 0.26812354
0.28822202 0.29146596 0.2903172 0.28333477 0.27766603 0.26513253 0.26005194 0.24611792 0.24786686 0.24572828 0.2488204 0.25474852 0.25718991 0.2590959 0.26052048 0.26207512 0.26383081 0.26578518 0.26732844 0.26851674 0.26937741 0.26993954 0.26961354 0.26794571 0.26654829 0.26459902 0.26317214 0.26438686 0.26311436 0.26428468 0.26477962 0.26033252 0.26643965 0.26988831 0.27037549 0.27124421 0.27113039 0.27150947 0.27104433 0.27147983 0.27306357 0.27411683 0.27498075 0.27572972 0.27627467 0.27628386 0.27631224 0.27643314 0.27314146 0.26560681 0.26254833 0.26872784 0.27003358 0.26984553 0.26746137 0.26427039 0.26514869
0.27554959 0.27773984 0.27763025 0.275289 0.27134241 0.26536458 0.25988566 0.25007191 0.24857185 0.23484622 0.2427773 0.25099081 0.25373563 0.25481074 0.25676964 0.25853197 0.26151323 0.26656255 0.26950466 0.27197853 0.27479334 0.27754423 0.277999 0.27548197 0.27225967 0.26964626 0.26801323 0.26725822 0.26671345 0.26670848 0.26646821 0.26592971 0.26779797 0.269606 0.27008655 0.2703569 0.27002239 0.26955618 0.26489653 0.26500678 0.27032238 0.27174872 0.27338894 0.27519256 0.27596516 0.2758 0.27547937 0.27467786 0.27281415 0.27013216 0.26901005 0.26998626 0.27015084 0.26964608 0.26618899 0.2603128 0.26342653
0.26577673 0.26801013 0.26875432 0.26839343 0.26705148 0.26467717 0.26159683 0.25806483 0.25507899 0.25106435 0.25265393 0.25467236 0.25618035 0.25284547 0.25551551 0.25203565 0.25774657 0.26834425 0.27082526 0.27404232 0.27926702 0.28970326 0.29314178 0.28478049 0.2770716 0.2726486 0.27011669 0.26877841 0.26805182 0.26766702 0.26746871 0.2675482 0.2681549 0.26890836 0.26939306 0.26966203 0.26964102 0.26856318 0.2643273 0.26459045 0.26968058 0.27 0.27253275 0.27666146 0.27818181 0.27631349 0.27627483 0.27508213 0.27312733 0.27175788 0.27112624 0.27086963 0.2705145 0.26975346 0.26813983 0.26639394 0.26559433
0.25755951 0.25980795 0.2604636 0.26160499 0.26313319 0.26326784 0.2625486 0.26147039 0.26045792 0.25978758 0.26016811 0.26097762 0.26149964 0.26106039 0.26150428 0.26089679 0.26453626 0.26981572 0.27159439 0.27262883 0.27667713 0.31712966 0.33373688 0.29447395 0.27822363 0.27298507 0.26952909 0.26842885 0.26772039 0.26717591 0.26686301 0.26686338 0.26722781 0.2676531 0.26804202 0.26835272 0.26849381 0.26825673 0.26768208 0.26820529 0.26985529 0.27090939 0.27273781 0.27645786 0.27802048 0.27657569 0.2795804 0.27646172 0.27258426 0.27105108 0.27132649 0.27094664 0.27046301 0.26938124 0.26857091 0.2692345 0.26959159
0.25101405 0.25350954 0.24905507 0.25261538 0.25990523 0.26154333 0.26241016 0.262751 0.2635821 0.26458823 0.2654959 0.26654708 0.26725558 0.2676667 0.26796258 0.26840739 0.26996903 0.27209664 0.2744826 0.27676378 0.28574845 0.33176127 0.35457311 0.28958362 0.27097557 0.27070743 0.26334229 0.26635062 0.26538829 0.26498836 0.26430238 0.26410386 0.26503105 0.26529292 0.26575808 0.26616788 0.26659095 0.26706437 0.26752193 0.26831623 0.26941641 0.27055735 0.27190159 0.27354456 0.27454155 0.27517867 0.27668425 0.27499153 0.27200794 0.27041563 0.27124063 0.27024211 0.27013843 0.26707344 0.26346894 0.26999477 0.27410362
0.25231381 0.25272137 0.24414756 0.2492628 0.25944124 0.26024647 0.26170967 0.2612621 0.26512011 0.26820333 0.26954977 0.27240998 0.27319249 0.27448449 0.27444469 0.27383969 0.27436381 0.27571873 0.27769733 0.2805152 0.2870538 0.29971563 0.30206752 0.28557419 0.27564397 0.27097364 0.26358631 0.26633911 0.26124587 0.2625534 0.25784571 0.25732996 0.26180885 0.25999766 0.26206029 0.26220772 0.26303848 0.26446131 0.26512841 0.26657379 0.26797998 0.26915563 0.27030862 0.27138069 0.27229005 0.27302862 0.27351922 0.27323557 0.27244312 0.27189031 0.27165913 0.27094909 0.27041382 0.26727105 0.26373543 0.27181905 0.27967957
0.25617899 0.25575372 0.25420944 0.25629487 0.26006863 0.26144695 0.26204294 0.26145518 0.2664495 0.26993391 0.27191518 0.2793938 0.277829 0.28450376 0.28200337 0.278109 0.27812782 0.27963217 0.2817781 0.28171869 0.28334465 0.28640452 0.2869061 0.2830382 0.27842545 0.27464701 0.27162589 0.26986113 0.26683952 0.26535446 0.25870606 0.25818692 0.26049278 0.25 0.25916564 0.25388776 0.25719604 0.26050582 0.2586666 0.26348311 0.26556834 0.26684741 0.26823264 0.26906537 0.27014911 0.27097841 0.2715842 0.27206945 0.27225137 0.27224235 0.27212728 0.2718583 0.27143471 0.2706211 0.27059276 0.27308269 0.27585121
0.2591248 0.25906024 0.2591853 0.26024937 0.26180632 0.26299151 0.26380473 0.2647988 0.26716795 0.26946003 0.27234391 0.27646309 0.27810691 0.28519026 0.28278062 0.27952152 0.27965026 0.28359639 0.28919817 0.28242353 0.28067396 0.28310288 0.28647801 0.28323758 0.27954554 0.27733708 0.27581242 0.27425001 0.27132928 0.27005005 0.26932668 0.26913588 0.26719352 0.26316701 0.26337401 0.25830025 0.25978607 0.25864942 0.25132427 0.26194857 0.26165174 0.26359 0.2657036 0.26493286 0.26769759 0.26836557 0.26907042 0.27084697 0.27173119 0.27212478 0.27228069 0.27227346 0.27220318 0.27215514 0.27245903 0.27336024 0.2744583
0.26144222 0.26155387 0.26190264 0.26260111 0.26351937 0.26443601 0.26533289 0.26643003 0.2679375 0.26969556 0.27177509 0.2740074 0.27612794 0.27844162 0.27869678 0.27845093 0.27915288 0.28209097 0.28454858 0.28152086 0.28038923 0.28261917 0.28842021 0.28354947 0.2799525 0.27847478 0.27868933 0.27796756 0.27170299 0.27160752 0.27802385 0.28112645 0.27702811 0.27569257 0.27041031 0.26752103 0.26661191 0.26508416 0.26323359 0.26475409 0.26350257 0.26463522 0.26448033 0.26072826 0.26647885 0.26374652 0.26408449 0.26990597 0.27093153 0.27171477 0.27206029 0.27211642 0.27230289 0.27239689 0.27260826 0.27302072 0.2736707
0.26326026 0.26341486 0.26375059 0.264276 0.26494319 0.2656882 0.26650874 0.26747248 0.26863552 0.26998283 0.27148304 0.27304393 0.27455731 0.27585179 0.27662808 0.2772007 0.27805491 0.27937328 0.28026238 0.28012876 0.28021357 0.28112573 0.28224624 0.28085955 0.27906772 0.27776384 0.27709481 0.27582397 0.27269598 0.27331333 0.28194066 0.2862197 0.28377628 0.28731232 0.27320586 0.27059406 0.27175179 0.27199859 0.26921648 0.2679766 0.26712114 0.26711113 0.26727947 0.26733765 0.26870194 0.26636874 0.26671233 0.27049257 0.27008913 0.27150491 0.27135518 0.27094067 0.27189078 0.27162813 0.27179593 0.27167446 0.27177723
