Cobbity/QGIS/C1_Reading.tif
NCOLS 99
NROWS 79
XLLCORNER 150.663
YLLCORNER -34.0224
CELLSIZE 1e-05
NODATA_VALUE -9999
[rows 0 to 23 of 79, columns 0 to 54 of 99]
0.061654055 0.061664074 0.061674204 0.061684405 0.061694629 0.061704828 0.061714951 0.061724944 0.061734753 0.061744323 0.061753597 0.061762523 0.061771045 0.061779114 0.061786679 0.061793696 0.061800121 0.061805917 0.061811048 0.061815486 0.061819206 0.061822185 0.06182441 0.061825868 0.061826554 0.061826463 0.061825598 0.061823965 0.061821571 0.061818428 0.061814551 0.061809957 0.061804665 0.061798695 0.06179207 0.061784813 0.061776949 0.061768502 0.061759497 0.06174996 0.061739917 0.061729393 0.061718413 0.061707003 0.061695188 0.061682992 0.061670439 0.061657553 0.061644358 0.061630878 0.061617136 0.061603155 0.06158896 0.061574572 0.061560016
0.06165496 0.061665583 0.061676351 0.061687218 0.061698133 0.061709042 0.061719891 0.06173062 0.061741168 0.061751476 0.061761482 0.061771125 0.061780347 0.061789091 0.061797303 0.061804933 0.061811935 0.061818265 0.061823888 0.06182877 0.061832885 0.06183621 0.06183873 0.061840434 0.061841313 0.061841368 0.0618406 0.061839016 0.061836627 0.061833445 0.061829489 0.061824777 0.06181933 0.061813172 0.061806327 0.06179882 0.06179068 0.061781931 0.061772602 0.061762721 0.061752314 0.061741409 0.061730032 0.061718211 0.061705971 0.061693337 0.061680336 0.061666991 0.061653328 0.06163937 0.061625142 0.061610669 0.061595974 0.061581081 0.061566015
0.061655416 0.061666683 0.061678132 0.061689712 0.061701369 0.061713044 0.061724676 0.061736201 0.061747551 0.06175866 0.061769459 0.061779883 0.061789865 0.061799344 0.061808258 0.061816554 0.06182418 0.06183109 0.061837243 0.061842605 0.061847146 0.061850844 0.061853681 0.061855646 0.061856732 0.06185694 0.061856272 0.061854739 0.061852351 0.061849126 0.061845082 0.061840241 0.061834628 0.061828267 0.061821186 0.061813414 0.061804979 0.061795911 0.06178624 0.061775995 0.061765205 0.0617539 0.061742107 0.061729855 0.06171717 0.06170408 0.06169061 0.061676787 0.061662635 0.06164818 0.061633446 0.061618459 0.061603243 0.061587823 0.061572225
0.061655366 0.061667318 0.061679493 0.061691838 0.061704293 0.061716795 0.061729275 0.061741662 0.061753883 0.061765862 0.061777525 0.061788797 0.061799607 0.061809884 0.061819564 0.061828583 0.061836887 0.061844426 0.061851153 0.061857033 0.061862034 0.061866131 0.061869307 0.061871551 0.061872856 0.061873225 0.061872662 0.061871179 0.061868789 0.061865513 0.061861372 0.06185639 0.061850595 0.061844016 0.061836682 0.061828626 0.061819878 0.061810472 0.061800438 0.061789809 0.061778617 0.061766891 0.061754662 0.061741959 0.06172881 0.061715243 0.061701285 0.061686963 0.061672302 0.061657328 0.061642067 0.061626544 0.061610785 0.061594816 0.061578662
0.061654743 0.061667422 0.061680374 0.061693541 0.061706856 0.061720251 0.06173365 0.061746974 0.061760141 0.061773068 0.061785672 0.061797869 0.061809581 0.061820729 0.061831241 0.061841048 0.061850089 0.061858309 0.061865659 0.061872099 0.061877595 0.061882121 0.06188566 0.0618882 0.061889737 0.061890274 0.061889819 0.061888384 0.061885987 0.061882651 0.061878401 0.061873265 0.061867273 0.061860458 0.061852853 0.061844492 0.061835411 0.061825645 0.061815228 0.061804194 0.061792577 0.06178041 0.061767723 0.061754549 0.061740915 0.061726851 0.061712385 0.061697543 0.061682352 0.061666838 0.061651028 0.061634947 0.061618622 0.061602079 0.061585345
0.061653472 0.061666926 0.061680708 0.061694757 0.061709001 0.061723363 0.061737759 0.061752102 0.0617663 0.061780261 0.061793892 0.0618071 0.061819796 0.061831894 0.061843314 0.06185398 0.061863823 0.061872783 0.061880808 0.061887853 0.061893882 0.061898869 0.061902795 0.06190565 0.061907431 0.061908143 0.061907797 0.061906408 0.061903997 0.061900592 0.061896219 0.061890913 0.061884706 0.061877635 0.061869738 0.061861052 0.061851615 0.061841466 0.061830642 0.061819181 0.061807117 0.061794486 0.061781321 0.061767653 0.061753513 0.061738931 0.061723935 0.061708552 0.06169281 0.061676735 0.061660353 0.061643691 0.061626776 0.061609634 0.061592295
0.061651468 0.061665745 0.061680418 0.061695416 0.061710664 0.061726074 0.061741555 0.061757008 0.061772332 0.061787423 0.061802177 0.06181649 0.061830264 0.061843401 0.061855812 0.061867414 0.061878131 0.061887896 0.061896652 0.061904351 0.061910955 0.061916435 0.061920775 0.061923963 0.061926001 0.061926894 0.061926656 0.061925308 0.061922876 0.061919388 0.061914878 0.061909383 0.061902941 0.061895593 0.06188738 0.061878344 0.061868527 0.061857971 0.061846717 0.061834804 0.06182227 0.061809152 0.061795485 0.061781302 0.061766635 0.061751514 0.061735967 0.061720022 0.061703706 0.061687047 0.06167007 0.061652803 0.061635273 0.061617508 0.061599535
0.061648635 0.061663788 0.061679413 0.061695435 0.061711769 0.061728319 0.061744982 0.061761648 0.061778204 0.061794533 0.061810517 0.061826042 0.061840996 0.061855271 0.061868768 0.061881392 0.061893062 0.061903703 0.061913252 0.061921658 0.06192888 0.06193489 0.061939669 0.06194321 0.061945514 0.061946593 0.061946463 0.06194515 0.061942684 0.061939099 0.061934433 0.061928729 0.061922029 0.061914379 0.061905825 0.061896413 0.06188619 0.0618752 0.061863489 0.061851099 0.06183807 0.061824442 0.06181025 0.06179553 0.061780314 0.061764631 0.061748512 0.061731984 0.061715073 0.061697807 0.061680213 0.061662316 0.061644145 0.061625729 0.061607095
0.061644861 0.061660946 0.061677593 0.061694719 0.061712231 0.061730023 0.061747978 0.061765973 0.06178388 0.061801568 0.061818904 0.06183576 0.061852009 0.061867532 0.061882218 0.061895961 0.061908671 0.061920265 0.061930676 0.061939846 0.061947734 0.061954309 0.061959556 0.061963467 0.061966048 0.061967315 0.06196729 0.061966003 0.061963489 0.061959789 0.061954947 0.061949009 0.061942026 0.061934047 0.061925123 0.061915307 0.061904648 0.061893196 0.061881 0.061868106 0.061854556 0.061840392 0.061825653 0.061810373 0.061794585 0.061778321 0.061761608 0.061744475 0.061726948 0.061709052 0.061690816 0.061672265 0.061653427 0.06163433 0.061615006
0.06164002 0.061657097 0.06167484 0.061693161 0.061711954 0.061731102 0.061750472 0.061769927 0.06178932 0.061808502 0.061827326 0.061845646 0.061863321 0.061880216 0.061896205 0.061911175 0.061925022 0.061937656 0.061949001 0.061958998 0.061967602 0.061974781 0.061980522 0.061984821 0.061987688 0.061989143 0.061989216 0.061987942 0.061985364 0.061981528 0.061976484 0.061970287 0.061962991 0.061954653 0.061945329 0.061935076 0.06192395 0.061912005 0.061899294 0.061885867 0.061871769 0.061857045 0.061841733 0.061825871 0.06180949 0.061792623 0.061775296 0.061757537 0.061739372 0.061720825 0.061701922 0.061682691 0.061663158 0.061643352 0.061623305
0.061633965 0.061652097 0.061671018 0.061690633 0.061710823 0.061731456 0.061752383 0.061773445 0.061794476 0.061815308 0.061835774 0.061855708 0.061874953 0.061893358 0.061910782 0.061927097 0.061942188 0.061955956 0.061968318 0.061979208 0.06198858 0.061996404 0.062002666 0.062007368 0.062010527 0.062012168 0.062012329 0.062011052 0.062008388 0.062004392 0.06199912 0.061992632 0.061984991 0.061976259 0.0619665 0.061955776 0.061944148 0.061931677 0.061918419 0.061904429 0.061889755 0.061874443 0.061858535 0.061842068 0.061825074 0.061807583 0.061789623 0.061771218 0.061752393 0.061733172 0.06171358 0.061693642 0.061673385 0.061652838 0.061632035
0.061626528 0.06164578 0.061665969 0.061686989 0.061708708 0.061730974 0.061753617 0.061776455 0.061799299 0.061821956 0.061844237 0.061865956 0.061886934 0.061907004 0.061926007 0.0619438 0.061960255 0.061975262 0.061988729 0.062000585 0.062010782 0.06201929 0.062026099 0.062031218 0.06203467 0.062036491 0.062036724 0.062035425 0.062032651 0.062028465 0.062022932 0.06201612 0.062008097 0.061998935 0.061988701 0.061977467 0.0619653 0.061952266 0.061938427 0.061923841 0.061908561 0.061892636 0.061876108 0.061859014 0.061841386 0.061823254 0.061804641 0.061785572 0.061766068 0.061746151 0.061725845 0.061705173 0.061684162 0.061662843 0.061641246
0.061617509 0.061637951 0.061659507 0.061682058 0.061705456 0.061729526 0.06175407 0.061778879 0.061803734 0.061828415 0.061852707 0.061876401 0.061899297 0.061921205 0.06194195 0.061961371 0.061979323 0.061995684 0.062010354 0.062023254 0.062034334 0.062043567 0.062050948 0.062056493 0.062060235 0.062062222 0.06206251 0.062061162 0.062058248 0.062053839 0.062048009 0.062040833 0.062032389 0.062022753 0.062012004 0.062000217 0.061987469 0.061973832 0.061959374 0.061944158 0.061928243 0.061911677 0.061894505 0.061876764 0.061858484 0.061839693 0.061820412 0.061800661 0.06178046 0.061759827 0.061738782 0.06171735 0.061695554 0.061673426 0.061650998
0.061606675 0.06162838 0.061651411 0.061675637 0.061700889 0.061726961 0.061753623 0.061780628 0.061807722 0.061834655 0.061861181 0.061887065 0.061912083 0.061936025 0.061958694 0.061979909 0.061999508 0.062017354 0.062033332 0.062047361 0.062059385 0.062069382 0.062077354 0.062083328 0.062087352 0.062089486 0.062089801 0.062088374 0.062085284 0.062080614 0.062074446 0.062066865 0.062057954 0.062047799 0.062036486 0.0620241 0.062010724 0.06199644 0.061981322 0.061965441 0.061948857 0.061931624 0.061913786 0.061895379 0.061876432 0.061856968 0.061837005 0.061816558 0.061795643 0.061774274 0.061752469 0.061730248 0.061707635 0.061684661 0.061661359
0.061593748 0.061616789 0.061641417 0.061667485 0.061694797 0.061723108 0.061752142 0.061781607 0.061811205 0.061840648 0.061869658 0.061897973 0.061925344 0.061951538 0.061976336 0.061999534 0.062020948 0.062040422 0.062057829 0.062073076 0.062086107 0.062096904 0.062105481 0.06211188 0.062116167 0.062118419 0.062118726 0.06211718 0.062113874 0.062108901 0.062102351 0.062094317 0.06208489 0.062074165 0.062062236 0.062049197 0.062035143 0.062020163 0.062004341 0.061987755 0.06197047 0.061952542 0.061934016 0.061914928 0.061895301 0.061875154 0.0618545 0.061833347 0.061811705 0.061789583 0.061766994 0.061743956 0.061720493 0.061696632 0.06167241
0.061578392 0.061602843 0.061629204 0.061657312 0.061686933 0.061717768 0.061749481 0.061781718 0.061814128 0.061846376 0.06187815 0.061909163 0.061939143 0.061967833 0.06199499 0.062020383 0.062043804 0.062065071 0.062084038 0.0621006 0.062114702 0.06212633 0.062135516 0.062142323 0.06214684 0.062149171 0.062149425 0.062147715 0.062144146 0.062138822 0.062131842 0.062123305 0.06211331 0.062101959 0.062089355 0.062075604 0.062060812 0.062045082 0.062028506 0.062011172 0.061993151 0.061974503 0.061955272 0.06193549 0.061915176 0.061894342 0.061872992 0.061851127 0.061828748 0.061805858 0.061782465 0.061758582 0.061734231 0.06170944 0.061684247
0.061560196 0.061586125 0.061614375 0.061644763 0.061677001 0.061710716 0.061745485 0.061780869 0.061816446 0.061851833 0.061886683 0.061920687 0.061953555 0.061985011 0.062014786 0.06204262 0.062068267 0.062091515 0.062112191 0.062130175 0.062145409 0.062157891 0.062167675 0.062174854 0.062179552 0.062181904 0.062182049 0.062180119 0.062176237 0.062170513 0.062163054 0.062153962 0.062143342 0.062131302 0.062117958 0.062103427 0.062087831 0.062071286 0.062053901 0.062035773 0.06201698 0.061997587 0.061977635 0.061957153 0.061936152 0.061914634 0.061892591 0.061870015 0.061846895 0.061823226 0.061799009 0.061774251 0.061748973 0.061723203 0.061696981
0.061538647 0.061566109 0.061596427 0.061629393 0.061664645 0.061701697 0.061739995 0.061778982 0.061818145 0.061857043 0.061895305 0.061932611 0.061968669 0.062003189 0.062035876 0.062066431 0.062094563 0.062120013 0.062142569 0.062162091 0.062178515 0.062191858 0.062202206 0.062209697 0.0622145 0.062216797 0.06221676 0.062214549 0.062210298 0.062204126 0.06219614 0.062186442 0.062175137 0.062162341 0.062148181 0.062132792 0.062116312 0.062098879 0.06208062 0.062061645 0.062042043 0.062021881 0.0620012 0.06198002 0.061958341 0.061936151 0.061913429 0.061890151 0.061866293 0.061841838 0.061816778 0.061791116 0.061764868 0.061738064 0.061710748
0.061513089 0.061542112 0.061574705 0.061610636 0.061649432 0.061690429 0.061732873 0.061776029 0.061819263 0.061862078 0.061904097 0.061945024 0.061984584 0.062022491 0.062058424 0.062092032 0.06212296 0.062150877 0.062175517 0.062196704 0.06221437 0.062228557 0.0622394 0.062247102 0.0622519 0.062254035 0.062253728 0.062251165 0.062246494 0.062239832 0.062231278 0.062220925 0.062208876 0.06219525 0.062180188 0.062163845 0.062146386 0.062127976 0.062108766 0.062088885 0.062068435 0.062047485 0.062026073 0.062004207 0.061981872 0.061959038 0.061935663 0.061911703 0.061887117 0.061861875 0.061835956 0.061809358 0.061782093 0.061754193 0.061725704
0.061482669 0.061513217 0.061548325 0.061587743 0.061630824 0.061676616 0.061724038 0.061772079 0.061819942 0.061867089 0.06191319 0.061958029 0.0620014 0.06204304 0.062082604 0.062119668 0.062153777 0.062184495 0.062211467 0.062234462 0.062253408 0.062268382 0.062279597 0.062287351 0.06229198 0.062293812 0.062293126 0.062290139 0.062285005 0.062277827 0.062268679 0.062257634 0.062244783 0.062230245 0.062214177 0.062196764 0.062178207 0.062158709 0.062138454 0.062117599 0.062096259 0.062074508 0.062052374 0.062029851 0.062006901 0.061983467 0.061959482 0.061934875 0.061909584 0.061883559 0.061856767 0.061829198 0.061800861 0.061771791 0.061742041
0.061446242 0.061478153 0.061516045 0.061559678 0.061608138 0.061659976 0.061713548 0.061767397 0.06182051 0.061872361 0.061922779 0.06197174 0.06201919 0.062064929 0.062108578 0.062149605 0.062187396 0.06222135 0.062250969 0.06227594 0.062296176 0.062311819 0.062323197 0.062330755 0.062334979 0.062336313 0.062335117 0.06233164 0.062326025 0.062318337 0.062308602 0.062296848 0.062283141 0.062267597 0.062250396 0.062231764 0.062211955 0.062191227 0.062169811 0.0621479 0.062125628 0.062103069 0.062080241 0.062057111 0.062033611 0.062009647 0.061985117 0.061959917 0.061933956 0.061907161 0.061879485 0.061850906 0.061821433 0.061791104 0.061759984
0.06140224 0.061435082 0.061476022 0.061524938 0.061580483 0.061640316 0.061701771 0.061762639 0.061821632 0.06187839 0.061933132 0.061986244 0.062037954 0.062088173 0.062136467 0.062182124 0.062224279 0.062262062 0.062294751 0.062321895 0.062343391 0.062359478 0.062370673 0.062377653 0.062381121 0.062381697 0.062379843 0.062375831 0.062369766 0.062361634 0.062351372 0.062338928 0.062324321 0.062307662 0.062289163 0.062269113 0.062247847 0.0622257 0.062202974 0.062179908 0.06215666 0.062133302 0.062109831 0.062086177 0.062062225 0.062037835 0.062012854 0.061987138 0.06196056 0.061933017 0.061904444 0.06187481 0.061844123 0.061812428 0.061779805
0.061348478 0.06138124 0.061425377 0.061481191 0.061546649 0.061617708 0.061689744 0.061759218 0.061824566 0.061885986 0.061944583 0.062001523 0.062057513 0.062112616 0.062166282 0.062217499 0.06226499 0.062307453 0.0623438 0.062373361 0.062396006 0.062412142 0.06242259 0.062428392 0.062430593 0.062430061 0.062427386 0.062422848 0.062416459 0.062408058 0.062397419 0.06238436 0.062368822 0.06235091 0.062330887 0.062309144 0.062286135 0.062262315 0.062238084 0.062213744 0.062189478 0.062165353 0.062141327 0.062117275 0.062093019 0.062068348 0.062043051 0.062016926 0.061989801 0.061961543 0.061932062 0.061901317 0.061869319 0.061836123 0.06180183
0.061281894 0.061312313 0.061359322 0.06142454 0.061504893 0.06159292 0.061679961 0.061760045 0.061831599 0.061896402 0.061957442 0.062017274 0.062077317 0.062137771 0.06219783 0.062255963 0.062310235 0.062358647 0.062399511 0.062431799 0.062455343 0.062470837 0.062479613 0.062483304 0.062483479 0.062481371 0.062477725 0.06247278 0.062466364 0.062458047 0.062447332 0.062433821 0.062417338 0.062397983 0.062376113 0.062352278 0.062327122 0.062301276 0.062275279 0.062249518 0.062224205 0.062199381 0.062174944 0.062150686 0.062126335 0.06210159 0.062076157 0.062049768 0.062022194 0.061993262 0.061962858 0.061930931 0.061897496 0.061862628 0.061826456
