Cobbity/QGIS/C1_Reading.tif
NCOLS 99
NROWS 79
XLLCORNER 150.663
YLLCORNER -34.0224
CELLSIZE 1e-05
NODATA_VALUE -9999
[rows 24 to 47 of 79, columns 0 to 54 of 99]
0.061198312 0.06122137 0.061269383 0.061347873 0.061452519 0.061568501 0.061678185 0.061771017 0.061846752 0.061911376 0.061971701 0.062032523 0.062096094 0.062162553 0.062230527 0.062297638 0.062360915 0.062417242 0.062463936 0.062499356 0.062523291 0.062536942 0.062542521 0.062542628 0.062539655 0.062535354 0.062530645 0.062525632 0.062519782 0.062512206 0.062501953 0.062488285 0.062470854 0.062449772 0.062425564 0.062399045 0.062371153 0.062342785 0.062314676 0.062287322 0.062260953 0.062235561 0.062210942 0.062186761 0.062162613 0.062138077 0.062112752 0.062086286 0.062058387 0.062028834 0.061997486 0.061964281 0.061929245 0.06189248 0.061854159
0.061092592 0.061097211 0.061139616 0.061236873 0.061384863 0.061551721 0.061697843 0.061803999 0.061876684 0.061932779 0.061986272 0.062044871 0.062111258 0.062184849 0.062263129 0.062342417 0.062418209 0.062485605 0.062540217 0.062579321 0.06260265 0.062612352 0.062612185 0.062606374 0.062598587 0.062591309 0.06258561 0.062581267 0.062577093 0.062571412 0.062562537 0.062549197 0.062530806 0.062507536 0.062480219 0.062450111 0.062418613 0.06238702 0.062356339 0.062327194 0.062299815 0.062274089 0.062249644 0.062225955 0.062202429 0.062178482 0.062153585 0.062127283 0.062099213 0.062069101 0.062036773 0.06200216 0.061965304 0.061926347 0.061885523
0.060960434 0.060922595 0.060938481 0.061059419 0.06129242 0.061563024 0.061771195 0.061882483 0.061931079 0.061961011 0.061997199 0.062049083 0.062117951 0.06220089 0.062293261 0.062389689 0.062483649 0.062567385 0.062633407 0.062676955 0.062697721 0.062699705 0.062689487 0.062674028 0.062658973 0.062647776 0.062641538 0.062639335 0.062638825 0.062637012 0.06263102 0.062618759 0.062599323 0.062573073 0.062541398 0.062506294 0.062469895 0.06243408 0.062400223 0.062369088 0.062340847 0.06231519 0.062291473 0.062268879 0.062246553 0.062223701 0.062199638 0.062173802 0.062145746 0.062115142 0.062081778 0.062045576 0.0620066 0.061965054 0.06192126
0.060805362 0.060676445 0.060602648 0.060734856 0.06115041 0.061661507 0.061977762 0.062049181 0.062018956 0.061990262 0.061993991 0.062034565 0.062107662 0.062204462 0.062316651 0.062437667 0.0625591 0.062668444 0.062752069 0.062801098 0.062815352 0.062802701 0.062775046 0.062743985 0.062718099 0.062701994 0.062696452 0.062699169 0.062705802 0.062711171 0.062710486 0.062700398 0.062679621 0.062648973 0.062610874 0.062568567 0.06252533 0.06248389 0.062446091 0.062412811 0.062384053 0.062359148 0.06233701 0.062316383 0.062296048 0.062274945 0.062252219 0.062227205 0.062199382 0.062168357 0.062133869 0.062095824 0.062054318 0.062009641 0.061962244
0.060657651 0.060359046 0.060018624 0.060043669 0.060872827 0.062012086 0.062497243 0.062353915 0.062130235 0.061998759 0.061952916 0.061980841 0.062066708 0.062186374 0.062325578 0.062481425 0.062646248 0.062798707 0.062911667 0.062967395 0.062966768 0.062926393 0.062868518 0.062812416 0.062770691 0.062748975 0.062746921 0.062759652 0.062779434 0.062797505 0.062805978 0.062799571 0.062776617 0.062738979 0.062690993 0.062637996 0.062585039 0.062536029 0.062493367 0.062457941 0.062429368 0.062406355 0.062387103 0.062369698 0.062352414 0.062333875 0.062313078 0.062289292 0.062261947 0.062230575 0.062194837 0.062154595 0.062109984 0.06206142 0.062009555
0.060604416 0.060097139 0.059120948 0.058478642 0.060161145 0.062806363 0.06342634 0.062704003 0.062195712 0.061939969 0.061825118 0.061848936 0.061976962 0.062135717 0.062304701 0.062506805 0.062744647 0.062976398 0.063142375 0.063205086 0.063170667 0.063077056 0.06296687 0.062871122 0.062806902 0.062779938 0.06278715 0.062819047 0.062862277 0.062902236 0.062925964 0.062925133 0.062897896 0.062848458 0.062784734 0.062715566 0.062648655 0.062589461 0.062540929 0.062503709 0.062476653 0.062457413 0.062443058 0.062430673 0.062417829 0.062402816 0.062384576 0.06236244 0.062335845 0.06230422 0.062267065 0.062224135 0.062175601 0.062122079 0.06206453
0.06077012 0.060321862 0.05876097 0.0567 0.059255738 0.062643667 0.063385449 0.062642405 0.062118053 0.061765625 0.061518727 0.061571788 0.061831561 0.062045261 0.062215862 0.062472198 0.062847234 0.063239271 0.06350821 0.06357146 0.063457494 0.063260113 0.06306057 0.06290368 0.062808802 0.062779625 0.06280751 0.062874825 0.062959109 0.063036362 0.063085037 0.063091732 0.063055202 0.062984926 0.062895589 0.062801746 0.062714826 0.062642098 0.0625868 0.062548843 0.062525708 0.06251333 0.062506982 0.062502195 0.062495554 0.062485068 0.062469916 0.062449789 0.062424256 0.062392549 0.062353802 0.062307506 0.062253855 0.062193799 0.062128826
0.061126473 0.06127884 0.061001316 0.059385796 0.060187224 0.061699739 0.062331432 0.062244822 0.061982616 0.061549737 0.061004576 0.061159439 0.061703538 0.061911771 0.061948189 0.062269944 0.06294102 0.06367502 0.064153845 0.064179759 0.063869772 0.063471695 0.063126544 0.062879383 0.062744267 0.062721575 0.06279233 0.062923668 0.063078957 0.063219769 0.063309129 0.063324064 0.063266456 0.063158222 0.063026863 0.06289559 0.062780409 0.062690184 0.062627731 0.062591356 0.062576299 0.062575844 0.062582401 0.062588959 0.062590633 0.0625854 0.062573426 0.062555456 0.062531413 0.062500048 0.062459626 0.062409017 0.06234843 0.062279445 0.062204476
0.061383294 0.061835627 0.062149403 0.061503069 0.061450735 0.061765477 0.06200784 0.062081523 0.062008525 0.06165899 0.061055299 0.0612441 0.061801706 0.061734106 0.061328519 0.06179847 0.063069285 0.064466487 0.065387084 0.065217999 0.064427073 0.063675167 0.063120884 0.062747005 0.062556449 0.06256041 0.062718156 0.062962586 0.063238558 0.063489053 0.063646149 0.063664408 0.063557411 0.063378886 0.063179593 0.062993088 0.062839307 0.062727519 0.062658667 0.062628195 0.062628135 0.06264796 0.062675421 0.062698952 0.06271119 0.062710825 0.062700873 0.062684717 0.062662981 0.062633111 0.062591287 0.062534993 0.062464527 0.062382786 0.062293923
0.061407313 0.061825936 0.062220777 0.062737976 0.062592003 0.062189847 0.062089475 0.062145901 0.062241023 0.062238962 0.062088031 0.062138097 0.062213449 0.06180534 0.061127987 0.061736894 0.063437361 0.06563335 0.067415322 0.066647712 0.064955899 0.063768006 0.06299283 0.062444107 0.062152503 0.062228866 0.06256246 0.062994038 0.063465777 0.06391121 0.064189541 0.064185371 0.063957144 0.063650137 0.06334772 0.063084649 0.062881146 0.062744733 0.062672124 0.062654527 0.062680468 0.062734703 0.06279702 0.062846561 0.06287099 0.062871809 0.062859631 0.062844018 0.062826636 0.062801351 0.06275936 0.062695183 0.062609666 0.062508733 0.062399917
0.061243929 0.061880198 0.063111603 0.064867514 0.063819385 0.062466604 0.062168755 0.062235668 0.062556615 0.063098202 0.063493132 0.063370031 0.062930664 0.062441127 0.062149769 0.062613907 0.063858385 0.065915169 0.067989523 0.066928029 0.064914623 0.063627872 0.0627639 0.061999611 0.061484165 0.061724213 0.062359827 0.063035416 0.063788775 0.064596487 0.065134945 0.065007788 0.064460467 0.063942526 0.063510133 0.063152282 0.062890486 0.062729286 0.062657582 0.062661945 0.062730361 0.062843988 0.062967947 0.063059585 0.06309474 0.063084026 0.06305811 0.063040394 0.063033061 0.063020366 0.062981691 0.062905444 0.062794914 0.062663393 0.062525098
0.060792855 0.061483913 0.062771175 0.064209514 0.063369167 0.062260426 0.062176011 0.06222432 0.06282187 0.064307193 0.065782817 0.065148496 0.063829004 0.06312101 0.062954082 0.063243447 0.063866129 0.064806298 0.06570038 0.065293949 0.064181887 0.063286169 0.062588767 0.061805265 0.061139253 0.061493803 0.062281611 0.063095817 0.064158683 0.065614229 0.066870049 0.066302217 0.064859778 0.064150098 0.063625668 0.06316703 0.062848144 0.062668233 0.062601681 0.062634187 0.062767399 0.062987445 0.063230218 0.063396221 0.063429195 0.063369913 0.063302749 0.06327948 0.063297982 0.063317947 0.063290963 0.06319295 0.063036425 0.062853321 0.062670802
0.059997255 0.060468868 0.061203244 0.06182771 0.061787066 0.061724838 0.062031227 0.062163536 0.062952149 0.065185611 0.067815445 0.066454541 0.064362004 0.063481712 0.063306486 0.063503146 0.063780791 0.063991023 0.064192546 0.063972548 0.063375086 0.062853138 0.062503023 0.06208194 0.061725786 0.061868719 0.062338389 0.063064104 0.06429318 0.066388268 0.068986672 0.067724985 0.064512571 0.064169562 0.063629801 0.063083753 0.062737986 0.062559079 0.062494549 0.062541847 0.062765124 0.063182514 0.06367409 0.063986013 0.063963014 0.063754607 0.063588477 0.063560818 0.063646536 0.063748378 0.063751953 0.063606232 0.063356185 0.06308223 0.062834372
0.058944714 0.059146657 0.059450329 0.059789059 0.060173758 0.060675124 0.061250005 0.061766892 0.062641092 0.06427624 0.065843791 0.065292763 0.064080482 0.063485865 0.063392498 0.063604904 0.063871871 0.063842417 0.063704505 0.063351453 0.06271383 0.062268397 0.062321943 0.062264137 0.062061924 0.061945263 0.062095748 0.062719436 0.063867565 0.065623107 0.067405257 0.066343724 0.06434944 0.064019051 0.063366617 0.062843827 0.062560305 0.062430309 0.062366721 0.062377973 0.062706768 0.063457957 0.064471749 0.06509811 0.064828028 0.064231311 0.063876676 0.063869381 0.064119856 0.064423169 0.064501186 0.064232531 0.063776587 0.063341153 0.063004422
0.057740288 0.057808685 0.057642686 0.057595624 0.058280954 0.059157878 0.060082688 0.061015226 0.061940288 0.062925564 0.063687255 0.063765394 0.063472 0.06328661 0.06332137 0.063530898 0.063751778 0.063737247 0.063549331 0.063135958 0.062365732 0.0618 0.062164525 0.062290749 0.061952791 0.061342735 0.061214761 0.062044474 0.063118938 0.064149026 0.064760918 0.064371779 0.063627848 0.063099394 0.062667201 0.06243022 0.062328314 0.06231113 0.062320857 0.062329775 0.062711203 0.063782974 0.065627288 0.066886519 0.065929635 0.064637954 0.064068567 0.064161602 0.064763243 0.06555311 0.065823244 0.065208493 0.064289286 0.063586658 0.063156482
0.05644752 0.056830187 0.055601379 0.054460586 0.056197487 0.057280012 0.058689797 0.060319162 0.0613885 0.062093494 0.062631528 0.062911144 0.062987432 0.063033807 0.063161152 0.063375253 0.063575206 0.063660873 0.063596392 0.063289519 0.06272084 0.062311113 0.062428897 0.06239813 0.061851327 0.060746822 0.060421974 0.061575683 0.062566551 0.063121922 0.063198333 0.062667748 0.061756369 0.06132943 0.061626934 0.061922001 0.062056612 0.062139548 0.062242563 0.062375136 0.06275319 0.063778147 0.065810868 0.067382677 0.066082858 0.064575167 0.064032481 0.06433554 0.065484663 0.067296076 0.06808238 0.066561663 0.064754861 0.06371952 0.063262129
0.056499519 0.056759808 0.054545592 0.052377595 0.055128273 0.05469551 0.05721022 0.060355479 0.061533879 0.061813475 0.062189927 0.062505083 0.062675401 0.062768389 0.062929273 0.063243144 0.063614642 0.063917248 0.064018698 0.06380887 0.063399215 0.063072628 0.062925795 0.062707803 0.062186961 0.061410345 0.061198185 0.061832363 0.062394765 0.062593794 0.062347818 0.061431932 0.059736569 0.059224443 0.060625324 0.061505499 0.061818881 0.061917396 0.062014231 0.062199639 0.062533535 0.06317708 0.064244819 0.065076214 0.064648948 0.063930984 0.063718428 0.064208058 0.065694884 0.068451124 0.069919278 0.067315742 0.064808681 0.063654408 0.063331955
0.057884653 0.057662281 0.056499082 0.055609311 0.055819716 0.054737116 0.057434854 0.061068861 0.062075267 0.061834301 0.062063086 0.06234942 0.062482683 0.062431845 0.06250956 0.063074197 0.063870245 0.064675919 0.065096831 0.064782207 0.064182757 0.06376196 0.063514983 0.063233825 0.062806841 0.06235634 0.062176327 0.062308205 0.062456481 0.06241355 0.062045748 0.061135232 0.059597233 0.059157305 0.060484683 0.061369006 0.061706683 0.06179706 0.061825103 0.061950683 0.062164242 0.062418689 0.062702136 0.063068765 0.063208551 0.06313463 0.063204401 0.063674247 0.064781396 0.066638373 0.067569139 0.065976344 0.064309286 0.063513017 0.063387859
0.059352349 0.059013856 0.058613828 0.058146935 0.057805061 0.057763816 0.059086238 0.060879001 0.061661486 0.061836212 0.062104896 0.062351147 0.062406611 0.062110809 0.061992833 0.062924188 0.064318026 0.066120648 0.067323773 0.066315658 0.064988386 0.064412865 0.064257729 0.063981388 0.063483584 0.063031292 0.062773559 0.06267916 0.062617856 0.062467486 0.06213325 0.061542944 0.060822628 0.060603357 0.061026848 0.061424272 0.061639208 0.061763468 0.061750326 0.061737644 0.061832359 0.061914646 0.061893521 0.062097073 0.062343716 0.062467853 0.062623545 0.062927555 0.063386452 0.063970846 0.064399281 0.064175038 0.063707816 0.06342855 0.063319577
0.059813799 0.060351574 0.060725274 0.060366043 0.059828991 0.059775455 0.060364867 0.061169429 0.061718285 0.062041357 0.062296668 0.062487969 0.062527362 0.062339498 0.0623477 0.063177554 0.064695161 0.067235615 0.0693 0.067389279 0.06542596 0.064955562 0.065288899 0.06500709 0.06413451 0.063500033 0.063155416 0.062970418 0.062837968 0.062674215 0.062405546 0.062023628 0.061649252 0.061463463 0.061465132 0.061491287 0.061498623 0.061515714 0.061476479 0.061432948 0.061518167 0.061700776 0.061793728 0.061796365 0.061850462 0.061935472 0.062075966 0.062261434 0.062351983 0.062344445 0.062722137 0.063119505 0.063368391 0.063606876 0.063581808
0.059664241 0.062098567 0.063846808 0.062830041 0.061504322 0.061131653 0.061482885 0.062085612 0.062453353 0.062546437 0.06263754 0.062767477 0.062826823 0.06281455 0.062954271 0.063483734 0.064511574 0.06616482 0.067353863 0.066391424 0.065213032 0.065170513 0.066074873 0.065714109 0.064478224 0.063770388 0.06343095 0.063234566 0.063099433 0.062985814 0.062755254 0.062401653 0.062098586 0.061924209 0.061783565 0.061560338 0.061304707 0.061101111 0.060959115 0.060922614 0.061055068 0.061304173 0.061473485 0.061450573 0.061403814 0.061435247 0.061564906 0.061769466 0.06192455 0.0619 0.062121993 0.062628435 0.063393245 0.064543742 0.064840279
0.06088619 0.063908859 0.0664 0.064461526 0.062535029 0.062021986 0.062466868 0.063373752 0.063671416 0.06321707 0.063050719 0.063196398 0.06326859 0.063190355 0.063229357 0.063488749 0.063962455 0.064656094 0.065165829 0.065004776 0.064643209 0.064721348 0.065201942 0.064969505 0.064261855 0.063877891 0.06370811 0.063534258 0.063349843 0.063314719 0.063109409 0.062668221 0.062380061 0.062349187 0.062275452 0.061753707 0.06107675 0.060519832 0.060160303 0.060107862 0.060339797 0.060645163 0.06084035 0.06087847 0.060850966 0.060871284 0.061007218 0.061266044 0.061581915 0.061777722 0.061882428 0.062289333 0.063307424 0.065167534 0.065726478
0.061675617 0.06342777 0.064671313 0.063850898 0.062739356 0.062463517 0.063034641 0.064185695 0.06449494 0.063639129 0.063368709 0.063722258 0.06384716 0.063489673 0.063313171 0.063336046 0.063426936 0.063716306 0.064050358 0.064116738 0.063993668 0.063892102 0.063852346 0.063798949 0.063827579 0.064022782 0.064221778 0.06407728 0.063600506 0.063390922 0.06321467 0.062766932 0.062539287 0.062870236 0.063203885 0.062104076 0.060743387 0.059678267 0.058916378 0.058863411 0.059415052 0.059923699 0.060190365 0.060252094 0.060205365 0.060189798 0.060323768 0.060594329 0.060899475 0.061134247 0.061324342 0.06170925 0.062510786 0.063647646 0.063942316
0.06176463 0.062553974 0.063055761 0.062907487 0.062569757 0.062559978 0.063015105 0.06372051 0.063915237 0.063510441 0.063442675 0.063866933 0.064000663 0.063567971 0.063295655 0.063194434 0.063117748 0.063281745 0.06352729 0.063584518 0.063424451 0.063042456 0.062528036 0.062593551 0.063399812 0.064430624 0.065445007 0.065488293 0.064353874 0.063520036 0.06309987 0.062726036 0.062507097 0.062810023 0.063156567 0.061799093 0.06005234 0.058666293 0.057453373 0.057449255 0.05856186 0.059319939 0.059640634 0.059668802 0.059512106 0.05937547 0.059520418 0.0598311 0.060078999 0.060246172 0.06045936 0.06083666 0.061371019 0.061898095 0.062069856
