Cobbity/QGIS/C1_Reading1.tof
NCOLS 399
NROWS 220
XLLCORNER 150.662
YLLCORNER -34.0235
CELLSIZE 1e-05
NODATA_VALUE -9999
[rows 130 to 155 of 220, columns 180 to 239 of 399]
3.5692878 3.5668967 3.564631 3.5624887 3.5604675 3.5585651 3.556779 3.5551068 3.5535456 3.5520926 3.5507452 3.5495003 3.5483551 3.5473066 3.5463518 3.5454878 3.5447117 3.5440205 3.5434113 3.5428813 3.5424276 3.5420475 3.5417381 3.5414968 3.541321 3.541208 3.5411553 3.5411604 3.5412209 3.5413344 3.5414987 3.5417113 3.5419702 3.5422732 3.5426183 3.5430034 3.5434266 3.5438859 3.5443796 3.5449058 3.5454629 3.5460492 3.546663 3.547303 3.5479674 3.5486551 3.5493644 3.5500942 3.5508431 3.55161 3.5523936 3.5531929 3.5540067 3.554834 3.5556738 3.5565252 3.5573874 3.5582593 3.5591402 3.5600294
3.5724125 3.5700383 3.5677854 3.5656521 3.5636364 3.5617359 3.5599485 3.5582717 3.556703 3.5552398 3.5538795 3.5526192 3.5514563 3.550388 3.5494114 3.5485237 3.5477222 3.5470041 3.5463666 3.5458069 3.5453223 3.5449102 3.5445679 3.5442928 3.5440824 3.5439341 3.5438455 3.5438142 3.5438378 3.5439141 3.5440408 3.5442157 3.5444367 3.5447017 3.5450087 3.5453556 3.5457408 3.5461621 3.546618 3.5471066 3.5476262 3.5481754 3.5487523 3.5493557 3.5499839 3.5506356 3.5513095 3.5520041 3.5527184 3.553451 3.5542008 3.5549667 3.5557477 3.5565426 3.5573506 3.5581706 3.5590018 3.5598434 3.5606944 3.5615542
3.575482 3.5731249 3.5708854 3.5687618 3.5667521 3.5648545 3.5630667 3.5613864 3.5598113 3.558339 3.556967 3.5556927 3.5545134 3.5534266 3.5524296 3.5515197 3.5506942 3.5499506 3.5492861 3.5486982 3.5481841 3.5477415 3.5473676 3.5470601 3.5468164 3.5466342 3.5465111 3.5464447 3.5464327 3.5464731 3.5465635 3.5467018 3.5468861 3.5471142 3.5473842 3.5476942 3.5480423 3.5484267 3.5488458 3.5492977 3.5497809 3.5502937 3.5508347 3.5514023 3.551995 3.5526117 3.5532508 3.553911 3.5545913 3.5552903 3.556007 3.5567402 3.5574888 3.5582519 3.5590285 3.5598177 3.5606185 3.5614301 3.5622517 3.5630825
3.5784969 3.5761572 3.5739314 3.571818 3.5698152 3.5679211 3.5661338 3.564451 3.5628707 3.5613904 3.5600079 3.5587207 3.5575263 3.5564224 3.5554063 3.5544755 3.5536275 3.5528597 3.5521697 3.5515549 3.5510128 3.5505409 3.5501369 3.5497983 3.5495227 3.5493079 3.5491515 3.5490513 3.5490051 3.5490107 3.549066 3.549169 3.5493177 3.54951 3.5497442 3.5500182 3.5503304 3.550679 3.5510622 3.5514784 3.5519261 3.5524035 3.5529093 3.553442 3.5540002 3.5545824 3.5551875 3.5558142 3.5564611 3.5571272 3.5578113 3.5585124 3.5592293 3.5599612 3.5607069 3.5614657 3.5622365 3.5630186 3.5638112 3.5646134
3.5814579 3.5791358 3.5769241 3.5748214 3.5728261 3.5709363 3.5691503 3.5674659 3.5658813 3.5643941 3.5630023 3.5617034 3.5604952 3.5593754 3.5583415 3.5573911 3.5565219 3.5557313 3.5550171 3.5543767 3.5538079 3.5533082 3.5528754 3.552507 3.5522009 3.5519547 3.5517663 3.5516336 3.5515543 3.5515264 3.5515478 3.5516167 3.5517309 3.5518886 3.552088 3.5523272 3.5526045 3.5529182 3.5532666 3.5536481 3.5540611 3.554504 3.5549756 3.5554742 3.5559985 3.5565472 3.5571191 3.5577127 3.5583271 3.5589609 3.5596131 3.5602827 3.5609685 3.5616696 3.562385 3.5631139 3.5638553 3.5646084 3.5653724 3.5661464
3.5843655 3.5820612 3.579864 3.5777726 3.5757853 3.5739005 3.5721165 3.5704315 3.5688435 3.5673505 3.5659504 3.564641 3.5634202 3.5622856 3.5612352 3.5602665 3.5593773 3.5585653 3.5578281 3.5571636 3.5565693 3.5560431 3.5555827 3.5551859 3.5548505 3.5545743 3.5543552 3.5541911 3.5540799 3.5540197 3.5540085 3.5540443 3.5541252 3.5542494 3.5544151 3.5546205 3.554864 3.5551438 3.5554583 3.5558059 3.5561852 3.5565946 3.5570327 3.5574981 3.5579894 3.5585053 3.5590446 3.5596061 3.5601885 3.5607907 3.5614117 3.5620503 3.5627056 3.5633766 3.5640622 3.5647617 3.5654741 3.5661986 3.5669345 3.5676808
3.5872205 3.5849343 3.5827519 3.5806721 3.5786933 3.5768142 3.5750331 3.5733483 3.5717578 3.5702599 3.5688525 3.5675337 3.5663013 3.5651533 3.5640875 3.5631017 3.5621938 3.5613615 3.5606027 3.5599152 3.5592968 3.5587454 3.5582587 3.5578347 3.5574712 3.5571662 3.5569176 3.5567233 3.5565815 3.5564902 3.5564474 3.5564513 3.5565 3.5565918 3.5567249 3.5568976 3.5571082 3.557355 3.5576367 3.5579514 3.5582979 3.5586746 3.5590801 3.5595131 3.5599721 3.5604561 3.5609636 3.5614936 3.5620447 3.562616 3.5632064 3.5638147 3.56444 3.5650814 3.5657378 3.5664084 3.5670923 3.5677888 3.5684969 3.5692159
3.5900236 3.5877556 3.5855883 3.5835205 3.5815509 3.5796781 3.5779005 3.5762166 3.5746245 3.5731226 3.571709 3.5703818 3.5691389 3.5679785 3.5668985 3.5658968 3.5649713 3.56412 3.5633408 3.5626316 3.5619903 3.5614148 3.5609031 3.5604531 3.5600628 3.5597302 3.5594532 3.5592301 3.5590588 3.5589375 3.5588643 3.5588373 3.558855 3.5589154 3.5590169 3.5591578 3.5593366 3.5595515 3.5598012 3.560084 3.5603985 3.5607434 3.5611172 3.5615185 3.5619462 3.5623989 3.5628754 3.5633745 3.5638951 3.5644361 3.5649965 3.5655751 3.5661711 3.5667834 3.5674111 3.5680534 3.5687093 3.5693781 3.570059 3.5707512
3.5927756 3.590526 3.5883741 3.5863187 3.5843587 3.5824927 3.5807193 3.579037 3.5774442 3.5759392 3.5745202 3.5731855 3.5719333 3.5707615 3.5696684 3.5686519 3.56771 3.5668409 3.5660425 3.5653127 3.5646497 3.5640514 3.5635158 3.563041 3.562625 3.562266 3.5619619 3.561711 3.5615113 3.5613611 3.5612586 3.561202 3.5611896 3.5612197 3.5612906 3.5614008 3.5615487 3.5617326 3.5619513 3.562203 3.5624866 3.5628004 3.5631433 3.5635139 3.5639109 3.5643331 3.5647793 3.5652483 3.5657391 3.5662505 3.5667815 3.5673311 3.5678982 3.5684821 3.5690816 3.5696961 3.5703245 3.5709662 3.5716202 3.572286
3.5954773 3.5932462 3.5911098 3.5890672 3.5871172 3.5852586 3.58349 3.5818101 3.5802172 3.57871 3.5772866 3.5759454 3.5746847 3.5735026 3.5723974 3.5713672 3.5704101 3.5695242 3.5687076 3.5679585 3.5672749 3.5666549 3.5660966 3.5655982 3.5651577 3.5647734 3.5644433 3.5641657 3.5639388 3.5637608 3.5636301 3.5635448 3.5635034 3.5635042 3.5635456 3.5636261 3.563744 3.563898 3.5640865 3.5643081 3.5645614 3.5648452 3.565158 3.5654986 3.5658657 3.5662582 3.5666748 3.5671144 3.567576 3.5680585 3.5685607 3.5690819 3.5696208 3.5701768 3.5707487 3.5713358 3.5719373 3.5725523 3.57318 3.5738197
3.5981294 3.5959169 3.5937964 3.5917668 3.5898273 3.5879765 3.5862133 3.5845364 3.5829442 3.5814355 3.5800085 3.5786617 3.5773934 3.576202 3.5750858 3.5740428 3.5730715 3.57217 3.5713364 3.570569 3.569866 3.5692254 3.5686456 3.5681246 3.5676608 3.5672522 3.5668973 3.5665941 3.566341 3.5661364 3.5659784 3.5658656 3.5657962 3.5657687 3.5657816 3.5658332 3.5659222 3.566047 3.5662063 3.5663987 3.5666227 3.5668772 3.5671607 3.5674721 3.5678101 3.5681736 3.5685614 3.5689723 3.5694054 3.5698595 3.5703337 3.570827 3.5713384 3.5718669 3.5724118 3.5729722 3.5735471 3.5741359 3.5747378 3.575352
3.6007327 3.5985389 3.5964344 3.5944183 3.5924895 3.5906471 3.5888898 3.5872165 3.5856257 3.5841162 3.5826864 3.5813348 3.58006 3.5788601 3.5777338 3.5766792 3.5756947 3.5747785 3.573929 3.5731444 3.5724229 3.5717629 3.5711626 3.5706202 3.570134 3.5697024 3.5693236 3.5689959 3.5687178 3.5684874 3.5683034 3.5681639 3.5680676 3.5680128 3.567998 3.5680218 3.5680828 3.5681794 3.5683104 3.5684744 3.56867 3.5688959 3.569151 3.569434 3.5697437 3.5700789 3.5704385 3.5708215 3.5712267 3.5716532 3.5720999 3.5725659 3.5730503 3.5735521 3.5740705 3.5746045 3.5751535 3.5757166 3.5762931 3.5768821
3.6032881 3.6011131 3.5990247 3.5970222 3.5951046 3.593271 3.5915202 3.589851 3.5882623 3.5867527 3.5853208 3.5839653 3.5826846 3.5814773 3.5803418 3.5792764 3.5782797 3.5773499 3.5764855 3.5756847 3.5749459 3.5742674 3.5736477 3.5730849 3.5725775 3.5721238 3.5717222 3.5713711 3.5710688 3.5708139 3.5706046 3.5704396 3.5703173 3.5702361 3.5701947 3.5701917 3.5702255 3.5702948 3.5703984 3.5705348 3.5707027 3.5709011 3.5711285 3.5713838 3.5716659 3.5719736 3.5723058 3.5726614 3.5730395 3.573439 3.5738589 3.5742982 3.5747561 3.5752317 3.5757241 3.5762324 3.5767559 3.5772938 3.5778453 3.5784097
3.6057963 3.6036402 3.6015682 3.5995795 3.5976734 3.5958489 3.594105 3.5924406 3.5908545 3.5893455 3.5879123 3.5865536 3.5852679 3.5840539 3.5829101 3.5818349 3.5808269 3.5798844 3.579006 3.57819 3.5774349 3.576739 3.5761008 3.5755187 3.5749911 3.5745164 3.574093 3.5737194 3.5733941 3.5731155 3.5728821 3.5726924 3.5725451 3.5724385 3.5723714 3.5723423 3.5723499 3.5723928 3.5724698 3.5725795 3.5727206 3.5728921 3.5730926 3.5733211 3.5735763 3.5738572 3.5741627 3.5744917 3.5748433 3.5752164 3.57561 3.5760233 3.5764554 3.5769053 3.5773723 3.5778554 3.5783539 3.5788671 3.5793941 3.5799343
3.6082582 3.606121 3.6040654 3.6020909 3.6001966 3.5983816 3.596645 3.5949858 3.5934029 3.5918952 3.5904613 3.5891001 3.5878103 3.5865904 3.5854391 3.584355 3.5833365 3.5823823 3.5814909 3.5806607 3.5798902 3.5791778 3.5785222 3.5779217 3.5773748 3.5768801 3.5764359 3.5760408 3.5756934 3.5753921 3.5751355 3.5749222 3.5747507 3.5746197 3.5745277 3.5744736 3.5744558 3.5744731 3.5745243 3.5746082 3.5747233 3.5748687 3.5750432 3.5752455 3.5754746 3.5757294 3.5760088 3.5763119 3.5766376 3.5769849 3.577353 3.5777409 3.5781476 3.5785725 3.5790145 3.5794729 3.579947 3.5804359 3.5809389 3.5814553
3.6106746 3.6085563 3.6065173 3.6045571 3.6026748 3.6008697 3.5991409 3.5974874 3.5959083 3.5944023 3.5929685 3.5916055 3.5903121 3.5890872 3.5879292 3.5868369 3.585809 3.5848439 3.5839403 3.5830968 3.5823118 3.581584 3.5809119 3.5802939 3.5797288 3.5792149 3.5787509 3.5783353 3.5779667 3.5776437 3.5773648 3.5771287 3.576934 3.5767794 3.5766636 3.5765851 3.5765429 3.5765355 3.5765618 3.5766205 3.5767105 3.5768306 3.5769797 3.5771566 3.5773603 3.5775897 3.5778438 3.5781216 3.578422 3.5787443 3.5790874 3.5794504 3.5798324 3.5802327 3.5806504 3.5810846 3.5815347 3.5819998 3.5824793 3.5829725
3.6130463 3.6109469 3.6089247 3.6069789 3.6051089 3.603314 3.6015934 3.599946 3.5983711 3.5968675 3.5954343 3.5940701 3.592774 3.5915446 3.5903808 3.5892812 3.5882445 3.5872694 3.5863545 3.5854985 3.5847 3.5839576 3.5832699 3.5826355 3.582053 3.5815209 3.581038 3.5806028 3.580214 3.5798701 3.5795698 3.5793119 3.5790949 3.5789176 3.5787787 3.5786768 3.5786109 3.5785796 3.5785818 3.5786163 3.5786818 3.5787774 3.5789018 3.5790541 3.5792331 3.5794378 3.5796672 3.5799204 3.5801963 3.580494 3.5808127 3.5811514 3.5815094 3.5818857 3.5822795 3.5826901 3.5831167 3.5835585 3.5840149 3.5844852
3.6153742 3.6132937 3.6112882 3.609357 3.6074996 3.6057152 3.604003 3.6023623 3.6007921 3.5992914 3.5978593 3.5964947 3.5951964 3.5939633 3.5927943 3.5916881 3.5906435 3.5896592 3.5887339 3.5878663 3.5870551 3.5862989 3.5855965 3.5849465 3.5843475 3.5837982 3.5832972 3.5828433 3.5824351 3.5820713 3.5817505 3.5814716 3.5812332 3.581034 3.5808729 3.5807485 3.5806597 3.5806053 3.5805842 3.5805951 3.5806371 3.5807088 3.5808094 3.5809377 3.5810927 3.5812734 3.5814788 3.581708 3.5819599 3.5822338 3.5825287 3.5828437 3.5831781 3.5835309 3.5839014 3.5842889 3.5846925 3.5851116 3.5855454 3.5859932
3.6176589 3.6155975 3.6136088 3.6116924 3.6098477 3.608074 3.6063707 3.6047369 3.6031718 3.6016746 3.6002441 3.5988796 3.5975798 3.5963437 3.5951702 3.5940582 3.5930063 3.5920136 3.5910786 3.5902002 3.5893772 3.5886081 3.5878919 3.5872271 3.5866124 3.5860467 3.5855286 3.5850569 3.5846301 3.5842472 3.5839069 3.5836078 3.5833487 3.5831286 3.582946 3.5827999 3.5826891 3.5826124 3.5825687 3.5825569 3.5825759 3.5826246 3.582702 3.5828071 3.5829388 3.5830961 3.5832782 3.583484 3.5837126 3.5839633 3.5842349 3.5845269 3.5848382 3.5851681 3.5855159 3.5858807 3.5862618 3.5866585 3.5870702 3.5874961
3.6199015 3.617859 3.6158871 3.6139856 3.6121538 3.6103911 3.608697 3.6070705 3.605511 3.6040176 3.6025894 3.6012254 3.5999247 3.5986862 3.5975089 3.5963917 3.5953334 3.594333 3.5933891 3.5925007 3.5916666 3.5908854 3.5901561 3.5894774 3.588848 3.5882667 3.5877323 3.5872435 3.5867991 3.586398 3.5860388 3.5857204 3.5854416 3.5852012 3.584998 3.584831 3.5846989 3.5846007 3.5845352 3.5845014 3.5844982 3.5845246 3.5845795 3.584662 3.5847711 3.5849058 3.5850651 3.5852482 3.5854541 3.5856821 3.5859311 3.5862005 3.5864894 3.5867969 3.5871224 3.5874651 3.5878242 3.5881991 3.588589 3.5889934
3.6221026 3.620079 3.6181241 3.6162375 3.6144188 3.6126674 3.6109826 3.6093638 3.6078102 3.6063211 3.6048956 3.6035328 3.6022317 3.6009914 3.5998109 3.5986892 3.5976251 3.5966177 3.5956657 3.594768 3.5939235 3.5931311 3.5923895 3.5916976 3.5910543 3.5904582 3.5899083 3.5894033 3.5889421 3.5885235 3.5881463 3.5878094 3.5875116 3.5872517 3.5870288 3.5868415 3.586689 3.58657 3.5864834 3.5864284 3.5864037 3.5864085 3.5864417 3.5865023 3.5865894 3.586702 3.5868393 3.5870003 3.5871841 3.58739 3.587617 3.5878643 3.5881313 3.588417 3.5887207 3.5890418 3.5893794 3.5897329 3.5901016 3.5904849
3.6242631 3.6222583 3.6203203 3.6184488 3.6166433 3.6149034 3.6132283 3.6116175 3.6100702 3.6085858 3.6071634 3.6058022 3.6045013 3.6032598 3.6020767 3.6009511 3.5998819 3.5988681 3.5979086 3.5970024 3.5961484 3.5953454 3.5945923 3.593888 3.5932314 3.5926214 3.5920567 3.5915363 3.5910591 3.5906238 3.5902294 3.5898747 3.5895587 3.5892802 3.5890382 3.5888316 3.5886592 3.5885202 3.5884133 3.5883377 3.5882923 3.5882761 3.5882882 3.5883276 3.5883934 3.5884846 3.5886004 3.5887399 3.5889023 3.5890866 3.5892922 3.5895181 3.5897636 3.590028 3.5903106 3.5906105 3.5909271 3.5912597 3.5916076 3.5919702
3.6263838 3.6243977 3.6224767 3.6206204 3.6188282 3.6170999 3.6154347 3.6138321 3.6122916 3.6108122 3.6093934 3.6080343 3.6067341 3.6054919 3.6043068 3.6031778 3.6021041 3.6010847 3.6001184 3.5992043 3.5983414 3.5975285 3.5967647 3.5960488 3.5953797 3.5947564 3.5941778 3.5936428 3.5931502 3.592699 3.5922881 3.5919165 3.591583 3.5912866 3.5910263 3.5908009 3.5906096 3.5904512 3.5903247 3.5902293 3.5901638 3.5901273 3.590119 3.5901378 3.5901829 3.5902534 3.5903483 3.590467 3.5906084 3.5907718 3.5909564 3.5911615 3.5913862 3.5916298 3.5918916 3.5921708 3.5924669 3.592779 3.5931066 3.5934491
3.6284653 3.626498 3.624594 3.6227528 3.6209742 3.6192576 3.6176026 3.6160085 3.6144749 3.613001 3.6115862 3.6102296 3.6089305 3.6076881 3.6065016 3.6053699 3.6042923 3.6032677 3.6022953 3.601374 3.6005029 3.5996809 3.5989069 3.5981801 3.5974993 3.5968635 3.5962716 3.5957227 3.5952155 3.5947492 3.5943226 3.5939347 3.5935845 3.5932709 3.5929929 3.5927496 3.59254 3.5923629 3.5922175 3.5921029 3.592018 3.591962 3.5919338 3.5919327 3.5919578 3.5920081 3.5920828 3.5921811 3.5923022 3.5924453 3.5926096 3.5927943 3.5929986 3.5932219 3.5934635 3.5937226 3.5939986 3.5942907 3.5945985 3.5949212
3.6305086 3.62856 3.6266729 3.6248469 3.6230819 3.6213772 3.6197325 3.6181473 3.6166209 3.6151528 3.6137423 3.6123887 3.6110912 3.6098491 3.6086616 3.6075277 3.6064468 3.6054177 3.6044398 3.6035119 3.6026332 3.6018027 3.6010194 3.6002823 3.5995904 3.5989428 3.5983384 3.5977762 3.5972552 3.5967744 3.5963328 3.5959293 3.5955631 3.595233 3.5949382 3.5946776 3.5944503 3.5942553 3.5940917 3.5939585 3.5938549 3.5937799 3.5937326 3.5937122 3.5937178 3.5937486 3.5938037 3.5938823 3.5939836 3.5941069 3.5942513 3.5944162 3.5946007 3.5948043 3.5950261 3.5952655 3.5955219 3.5957945 3.5960828 3.5963862
3.6325144 3.6305843 3.6287141 3.6269035 3.625152 3.6234595 3.6218253 3.6202491 3.6187303 3.6172683 3.6158625 3.6145122 3.6132167 3.6119754 3.6107873 3.6096518 3.608568 3.6075351 3.6065522 3.6056183 3.6047326 3.6038943 3.6031022 3.6023555 3.6016533 3.6009945 3.6003782 3.5998035 3.5992693 3.5987748 3.5983188 3.5979005 3.597519 3.5971731 3.5968621 3.5965849 3.5963406 3.5961283 3.5959471 3.5957961 3.5956743 3.595581 3.5955152 3.5954761 3.5954629 3.5954747 3.5955107 3.5955702 3.5956523 3.5957563 3.5958814 3.596027 3.5961923 3.5963765 3.5965791 3.5967993 3.5970365 3.5972901 3.5975594 3.5978438
