Cobbity/QGIS/C1_Reading5.tif
NCOLS 99
NROWS 110
XLLCORNER 150.663
YLLCORNER -34.0227
CELLSIZE 1e-05
NODATA_VALUE -9999
[rows 81 to 107 of 110, columns 0 to 59 of 99]
3.282081 3.2816043 3.2810446 3.2804002 3.2796696 3.2788513 3.2779442 3.2769473 3.2758602 3.2746824 3.273414 3.2720553 3.2706072 3.2690708 3.2674478 3.2657403 3.2639511 3.2620832 3.2601406 3.2581276 3.2560491 3.2539108 3.2517189 3.2494801 3.247202 3.2448925 3.2425603 3.2402145 3.2378648 3.2355215 3.2331953 3.2308974 3.2286395 3.2264334 3.2242916 3.2222267 3.2202515 3.2183791 3.2166226 3.214995 3.2135093 3.2121781 3.211014 3.2100287 3.2092336 3.2086393 3.2082554 3.2080907 3.208153 3.2084485 3.2089825 3.2097586 3.210779 3.2120441 3.2135528 3.2153019 3.2172863 3.2194988 3.22193 3.2245679
3.2792707 3.2787731 3.2781964 3.2775389 3.2767993 3.2759764 3.2750693 3.2740774 3.2730002 3.2718377 3.27059 3.2692577 3.2678418 3.2663437 3.264765 3.2631081 3.2613758 3.2595711 3.2576981 3.2557608 3.2537642 3.2517138 3.2496155 3.2474759 3.2453021 3.2431017 3.2408829 3.2386545 3.2364256 3.2342059 3.2320055 3.2298348 3.2277048 3.2256267 3.2236119 3.2216722 3.2198195 3.2180658 3.2164232 3.2149035 3.2135187 3.2122803 3.2111994 3.2102869 3.2095528 3.2090067 3.2086571 3.2085118 3.2085774 3.2088595 3.2093622 3.2100885 3.2110399 3.2122162 3.2136157 3.2152348 3.2170681 3.2191082 3.2213455 3.2237681
3.2765681 3.2760529 3.2754622 3.2747945 3.2740488 3.273224 3.2723194 3.2713347 3.2702695 3.2691239 3.2678984 3.2665936 3.2652107 3.2637512 3.2622169 3.2606102 3.2589337 3.2571909 3.2553854 3.2535215 3.2516038 3.2496377 3.247629 3.2455839 3.2435092 3.2414122 3.2393007 3.237183 3.2350677 3.2329639 3.2308811 3.2288292 3.2268183 3.224859 3.2229618 3.2211377 3.2193977 3.2177528 3.2162141 3.2147926 3.2134991 3.212344 3.2113375 3.2104893 3.2098085 3.2093034 3.2089819 3.2088505 3.2089151 3.2091804 3.2096499 3.2103257 3.2112087 3.2122983 3.2135922 3.2150867 3.2167759 3.2186524 3.2207067 3.2229271
3.2739687 3.2734389 3.2728369 3.2721617 3.2714123 3.270588 3.2696881 3.2687124 3.2676609 3.2665338 3.2653316 3.2640552 3.2627058 3.261285 3.2597948 3.2582376 3.2566161 3.2549335 3.2531936 3.2514004 3.2495587 3.2476735 3.2457503 3.2437952 3.2418146 3.2398156 3.2378055 3.235792 3.2337835 3.2317884 3.2298157 3.2278745 3.2259745 3.2241254 3.2223371 3.2206196 3.2189833 3.2174382 3.2159945 3.2146622 3.2134512 3.212371 3.2114309 3.2106394 3.2100048 3.2095346 3.2092356 3.2091135 3.2091735 3.2094194 3.2098541 3.2104792 3.2112949 3.2123003 3.2134926 3.2148678 3.2164201 3.2181419 3.2200238 3.2220545
3.2714682 3.2709263 3.2703157 3.2696354 3.2688846 3.2680627 3.2671693 3.2662044 3.265168 3.2640604 3.2628825 3.261635 3.2603195 3.2589374 3.2574909 3.2559823 3.2544144 3.2527904 3.251114 3.2493892 3.2476204 3.2458125 3.243971 3.2421016 3.2402104 3.2383041 3.2363897 3.2344745 3.2325662 3.230673 3.2288032 3.2269655 3.2251687 3.2234218 3.2217342 3.2201152 3.2185742 3.2171205 3.2157635 3.2145123 3.213376 3.2123632 3.2114821 3.2107407 3.2101462 3.2097053 3.2094239 3.2093073 3.2093596 3.2095841 3.2099831 3.2105576 3.2113075 3.2122313 3.2133261 3.2145877 3.2160102 3.217586 3.219306 3.2211592
3.2690624 3.2685108 3.2678938 3.2672105 3.2664602 3.2656426 3.2647574 3.2638046 3.2627845 3.2616975 3.2605444 3.2593263 3.2580446 3.256701 3.2552976 3.2538367 3.2523211 3.250754 3.249139 3.2474799 3.2457811 3.2440473 3.2422837 3.2404957 3.2386893 3.2368707 3.2350466 3.2332239 3.2314099 3.2296122 3.2278386 3.2260973 3.2243964 3.2227445 3.2211501 3.2196219 3.2181686 3.2167987 3.2155209 3.2143435 3.2132746 3.2123222 3.2114938 3.2107964 3.2102365 3.2098201 3.2095523 3.2094377 3.2094798 3.2096814 3.2100442 3.2105687 3.2112544 3.2120996 3.2131013 3.2142548 3.2155545 3.2169929 3.2185611 3.2202486
3.2667472 3.2661881 3.2655667 3.2648822 3.2641343 3.2633225 3.2624469 3.2615074 3.2605045 3.2594387 3.258311 3.2571225 3.2558746 3.254569 3.2532079 3.2517937 3.250329 3.248817 3.2472612 3.2456653 3.2440336 3.2423706 3.2406812 3.2389707 3.2372446 3.235509 3.2337701 3.2320344 3.230309 3.2286007 3.2269171 3.2252656 3.2236541 3.2220902 3.2205821 3.2191377 3.217765 3.216472 3.2152664 3.214156 3.2131482 3.2122501 3.2114686 3.2108098 3.2102797 3.2098835 3.2096258 3.2095104 3.2095404 3.2097179 3.2100443 3.2105197 3.2111433 3.211913 3.2128257 3.2138769 3.2150607 3.21637 3.2177961 3.219329
3.2645187 3.263954 3.26333 3.2626461 3.261902 3.2610974 3.2602325 3.2593073 3.2583224 3.2572785 3.2561764 3.2550174 3.2538031 3.2525351 3.2512155 3.2498467 3.2484315 3.2469728 3.2454741 3.243939 3.2423715 3.240776 3.2391573 3.2375203 3.2358704 3.2342132 3.2325546 3.2309009 3.2292585 3.2276341 3.2260345 3.2244669 3.2229384 3.2214563 3.220028 3.2186609 3.2173624 3.2161398 3.2150002 3.2139508 3.2129981 3.2121488 3.2114088 3.210784 3.2102794 3.2098998 3.209649 3.2095305 3.2095468 3.2096996 3.2099898 3.2104172 3.2109807 3.2116782 3.2125064 3.2134607 3.2145354 3.2157236 3.217017 3.2184059
3.2623731 3.2618046 3.2611796 3.2604978 3.2597588 3.2589626 3.2581094 3.2571993 3.256233 3.2552112 3.254135 3.2530055 3.2518243 3.2505932 3.2493142 3.2479897 3.2466224 3.2452152 3.2437714 3.2422946 3.2407886 3.2392576 3.2377061 3.2361389 3.2345611 3.232978 3.2313952 3.2298185 3.2282541 3.2267082 3.2251872 3.2236977 3.2222464 3.2208402 3.2194858 3.2181901 3.2169598 3.2158018 3.2147225 3.2137284 3.2128256 3.21202 3.211317 3.2107219 3.2102391 3.2098728 3.2096265 3.209503 3.2095044 3.2096321 3.2098865 3.2102672 3.2107731 3.2114016 3.2121496 3.2130124 3.2139846 3.2150594 3.2162289 3.217484
3.2603068 3.259736 3.2591115 3.258433 3.2577004 3.2569136 3.2560728 3.2551785 3.2542313 3.2532319 3.2521815 3.2510812 3.2499328 3.2487378 3.2474985 3.246217 3.2448961 3.2435385 3.2421475 3.2407265 3.2392793 3.2378097 3.2363222 3.2348213 3.2333117 3.2317986 3.2302872 3.228783 3.2272918 3.2258194 3.2243718 3.2229552 3.2215758 3.2202399 3.2189538 3.217724 3.2165566 3.2154577 3.2144335 3.2134897 3.212632 3.2118656 3.2111956 3.2106264 3.2101621 3.2098065 3.2095624 3.2094324 3.209418 3.2095204 3.2097397 3.2100754 3.2105259 3.2110888 3.2117608 3.2125375 3.2134135 3.2143823 3.2154364 3.2165672
3.2583163 3.2577446 3.2571219 3.2564479 3.2557226 3.254946 3.2541184 3.2532404 3.2523125 3.2513356 3.2503109 3.2492396 3.2481233 3.2469638 3.245763 3.2445233 3.2432471 3.2419374 3.2405971 3.2392296 3.2378385 3.2364275 3.2350008 3.2335627 3.2321177 3.2306707 3.2292265 3.2277905 3.226368 3.2249644 3.2235854 3.2222367 3.2209241 3.2196536 3.2184308 3.2172618 3.2161521 3.2151076 3.2141337 3.2132357 3.2124187 3.2116876 3.2110467 3.2105002 3.2100516 3.2097042 3.2094606 3.2093227 3.2092921 3.2093693 3.2095544 3.2098466 3.2102443 3.2107449 3.2113452 3.2120409 3.2128267 3.2136966 3.2146432 3.2156586
3.2563983 3.255827 3.2552071 3.2545386 3.2538214 3.2530557 3.2522419 3.2513805 3.2504722 3.2495179 3.2485187 3.2474759 3.2463912 3.2452661 3.2441029 3.2429035 3.2416707 3.240407 3.2391154 3.237799 3.2364614 3.2351062 3.2337373 3.2323587 3.2309748 3.2295902 3.2282095 3.2268375 3.2254794 3.2241403 3.2228254 3.22154 3.2202897 3.2190797 3.2179156 3.2168027 3.2157463 3.2147516 3.2138236 3.2129673 3.2121871 3.2114876 3.2108726 3.2103458 3.2099105 3.2095693 3.2093246 3.2091781 3.2091308 3.2091832 3.2093351 3.2095855 3.2099328 3.2103745 3.2109072 3.2115268 3.2122283 3.2130058 3.2138525 3.2147609
3.2545495 3.2539797 3.2533637 3.2527015 3.2519932 3.251239 3.2504394 3.2495949 3.2487062 3.2477743 3.2468004 3.2457857 3.2447318 3.2436404 3.2425135 3.2413533 3.2401621 3.2389426 3.2376977 3.2364303 3.2351438 3.2338416 3.2325275 3.2312054 3.2298793 3.2285536 3.2272325 3.2259209 3.2246232 3.2233444 3.2220894 3.2208632 3.2196707 3.218517 3.2174072 3.2163461 3.2153387 3.2143897 3.2135038 3.2126854 3.2119386 3.2112674 3.2106754 3.2101658 3.2097415 3.2094049 3.2091579 3.2090019 3.2089379 3.2089659 3.2090858 3.2092963 3.2095957 3.2099816 3.2104507 3.2109989 3.2116216 3.2123131 3.2130671 3.2138762
3.2527669 3.2521995 3.2515883 3.2509331 3.2502343 3.2494921 3.248707 3.2478795 3.2470105 3.2461009 3.2451519 3.2441647 3.2431409 3.2420823 3.2409906 3.2398682 3.2387172 3.2375402 3.2363399 3.2351193 3.2338815 3.2326298 3.2313678 3.2300991 3.2288277 3.2275575 3.2262927 3.2250377 3.2237968 3.2225745 3.2213755 3.2202043 3.2190657 3.2179643 3.2169047 3.2158916 3.2149293 3.2140223 3.2131749 3.2123909 3.2116743 3.2110286 3.210457 3.2099623 3.2095472 3.2092137 3.2089635 3.2087977 3.2087169 3.2087212 3.2088102 3.2089826 3.2092366 3.2095699 3.2099792 3.2104607 3.2110098 3.2116213 3.212289 3.2130064
3.2510476 3.2504835 3.2498777 3.2492303 3.2485414 3.2478116 3.2470412 3.2462308 3.2453814 3.2444938 3.2435693 3.2426091 3.2416147 3.2405878 3.2395303 3.2384442 3.2373319 3.2361956 3.2350381 3.2338622 3.2326708 3.2314672 3.2302546 3.2290366 3.2278168 3.226599 3.2253872 3.2241854 3.2229977 3.2218284 3.2206817 3.219562 3.2184735 3.2174206 3.2164076 3.2154388 3.2145181 3.2136498 3.2128375 3.212085 3.2113957 3.2107729 3.2102193 3.2097377 3.2093302 3.2089985 3.2087443 3.2085683 3.208471 3.2084523 3.2085117 3.2086478 3.2088589 3.2091427 3.2094959 3.209915 3.2103955 3.2109325 3.2115204 3.2121527
3.2493886 3.2488286 3.2482289 3.2475897 3.2469113 3.2461941 3.2454385 3.2446454 3.2438154 3.2429495 3.242049 3.2411151 3.2401493 3.2391533 3.2381288 3.2370778 3.2360026 3.2349054 3.2337888 3.2326555 3.2315084 3.2303504 3.2291847 3.2280146 3.2268437 3.2256754 3.2245135 3.2233617 3.222224 3.2211043 3.2200065 3.2189347 3.217893 3.2168852 3.2159154 3.2149875 3.2141053 3.2132724 3.2124923 3.2117685 3.211104 3.2105017 3.2099642 3.2094939 3.2090925 3.2087618 3.2085029 3.2083166 3.2082031 3.2081622 3.2081933 3.208295 3.2084656 3.2087028 3.2090035 3.2093642 3.2097809 3.2102487 3.2107625 3.2113163
3.2477874 3.2472321 3.246639 3.2460085 3.2453409 3.2446365 3.2438959 3.2431198 3.242309 3.2414646 3.2405876 3.2396794 3.2387414 3.2377752 3.2367825 3.2357654 3.2347258 3.2336661 3.2325887 3.2314961 3.230391 3.2292764 3.2281552 3.2270305 3.2259057 3.2247841 3.2236692 3.2225645 3.2214737 3.2204004 3.2193484 3.2183214 3.2173231 3.2163573 3.2154276 3.2145376 3.2136908 3.2128905 3.21214 3.2114424 3.2108003 3.2102166 3.2096933 3.2092327 3.2088365 3.2085058 3.2082419 3.2080452 3.2079159 3.2078537 3.2078578 3.207927 3.2080594 3.2082528 3.2085044 3.2088107 3.2091679 3.2095716 3.2100167 3.2104978
3.2462414 3.2456913 3.2451054 3.2444839 3.2438272 3.2431358 3.2424101 3.241651 3.2408593 3.2400358 3.2391819 3.2382987 3.2373876 3.2364503 3.2354884 3.2345038 3.2334984 3.2324746 3.2314346 3.2303808 3.2293158 3.2282424 3.2271634 3.2260817 3.2250005 3.223923 3.2228523 3.2217919 3.2207451 3.2197153 3.2187061 3.2177209 3.2167632 3.2158364 3.2149439 3.2140889 3.2132748 3.2125046 3.2117813 3.2111075 3.2104859 3.2099188 3.2094083 3.2089561 3.2085639 3.2082327 3.2079635 3.2077565 3.2076119 3.2075292 3.2075078 3.2075462 3.2076427 3.2077951 3.2080007 3.2082563 3.2085583 3.2089023 3.2092839 3.2096978
3.244748 3.2442037 3.2436253 3.2430131 3.2423676 3.2416892 3.2409785 3.2402362 3.2394631 3.2386603 3.2378288 3.2369699 3.236085 3.2351756 3.2342433 3.2332899 3.2323175 3.231328 3.2303237 3.2293069 3.22828 3.2272458 3.2262068 3.2251658 3.2241259 3.2230899 3.2220609 3.2210421 3.2200366 3.2190477 3.2180785 3.2171323 3.2162124 3.2153219 3.2144639 3.2136415 3.2128577 3.2121152 3.2114167 3.2107648 3.2101617 3.2096097 3.2091105 3.2086657 3.2082767 3.2079445 3.2076696 3.2074526 3.2072932 3.2071911 3.2071453 3.2071547 3.2072175 3.2073316 3.2074943 3.2077027 3.2079533 3.2082421 3.2085648 3.2089167
3.2433051 3.2427668 3.2421963 3.2415937 3.2409594 3.2402941 3.2395982 3.2388725 3.2381178 3.2373351 3.2365255 3.2356903 3.2348306 3.2339482 3.2330444 3.2321211 3.2311802 3.2302236 3.2292534 3.2282718 3.2272813 3.2262842 3.2252831 3.2242807 3.2232797 3.2222829 3.2212932 3.2203136 3.2193469 3.2183962 3.2174646 3.2165549 3.2156703 3.2148136 3.2139877 3.2131954 3.2124395 3.2117226 3.211047 3.2104151 3.209829 3.2092905 3.2088014 3.208363 3.2079765 3.2076428 3.2073624 3.2071355 3.2069619 3.2068413 3.2067726 3.2067547 3.2067859 3.2068641 3.2069868 3.2071513 3.2073542 3.2075918 3.2078601 3.2081547
3.2419102 3.2413784 3.240816 3.2402231 3.2396002 3.2389479 3.2382667 3.2375573 3.2368207 3.2360577 3.2352694 3.2344571 3.2336219 3.2327654 3.2318892 3.2309947 3.230084 3.2291588 3.2282212 3.2272732 3.2263172 3.2253555 3.2243904 3.2234244 3.2224603 3.2215005 3.2205478 3.219605 3.2186748 3.21776 3.2168634 3.2159879 3.2151362 3.214311 3.2135149 3.2127507 3.2120207 3.2113273 3.2106728 3.2100592 3.2094885 3.2089624 3.2084823 3.2080495 3.207665 3.2073295 3.2070434 3.2068069 3.2066199 3.2064816 3.2063913 3.2063478 3.2063494 3.2063941 3.2064796 3.2066032 3.2067619 3.2069521 3.2071701 3.2074118
3.2405613 3.2400363 3.2394821 3.2388991 3.2382876 3.2376482 3.2369815 3.2362883 3.2355693 3.2348255 3.2340579 3.2332678 3.2324563 3.2316249 3.230775 3.2299083 3.2290265 3.2281313 3.2272248 3.2263089 3.2253857 3.2244575 3.2235265 3.2225951 3.2216658 3.220741 3.2198232 3.218915 3.2180191 3.217138 3.2162743 3.2154307 3.2146097 3.2138139 3.2130456 3.2123073 3.2116013 3.2109298 3.2102947 3.209698 3.2091414 3.2086264 3.2081544 3.2077264 3.2073434 3.2070059 3.2067143 3.2064687 3.2062687 3.2061138 3.2060032 3.2059356 3.2059095 3.205923 3.2059739 3.2060596 3.2061772 3.2063235 3.2064951 3.2066879
3.2392563 3.2387384 3.2381926 3.2376195 3.2370194 3.2363928 3.2357405 3.235063 3.2343613 3.2336362 3.2328887 3.2321201 3.2313315 3.2305242 3.2296998 3.2288596 3.2280055 3.2271391 3.2262622 3.2253768 3.2244849 3.2235885 3.2226899 3.2217912 3.2208948 3.2200029 3.219118 3.2182425 3.2173788 3.2165293 3.2156965 3.2148827 3.2140905 3.213322 3.2125797 3.2118656 3.2111818 3.2105305 3.2099133 3.2093321 3.2087884 3.2082836 3.2078189 3.2073952 3.2070132 3.2066736 3.2063766 3.2061221 3.2059099 3.2057394 3.2056096 3.2055195 3.2054676 3.205452 3.2054707 3.2055212 3.2056008 3.2057066 3.2058352 3.205983
3.2379934 3.2374826 3.2369454 3.2363822 3.2357935 3.2351796 3.2345413 3.2338793 3.2331944 3.2324875 3.2317596 3.2310118 3.2302452 3.2294612 3.2286612 3.2278466 3.227019 3.22618 3.2253314 3.2244751 3.2236129 3.2227468 3.2218788 3.2210111 3.2201458 3.2192851 3.2184312 3.2175864 3.216753 3.2159332 3.2151293 3.2143436 3.2135782 3.2128353 3.2121171 3.2114255 3.2107624 3.2101298 3.2095292 3.2089623 3.2084304 3.2079349 3.2074767 3.2070567 3.2066757 3.2063339 3.2060315 3.2057687 3.2055449 3.2053596 3.205212 3.2051009 3.2050248 3.2049822 3.204971 3.2049888 3.2050333 3.2051015 3.2051905 3.2052968
3.2367706 3.2362672 3.2357386 3.2351854 3.2346078 3.2340065 3.2333821 3.2327352 3.2320667 3.2313775 3.2306685 3.2299408 3.2291955 3.2284339 3.2276573 3.2268672 3.2260649 3.2252522 3.2244306 3.223602 3.222768 3.2219306 3.2210918 3.2202534 3.2194175 3.2185862 3.2177616 3.2169458 3.2161409 3.215349 3.2145723 3.2138128 3.2130725 3.2123536 3.2116578 3.2109872 3.2103434 3.2097281 3.2091429 3.2085892 3.2080682 3.2075811 3.2071289 3.2067123 3.2063318 3.2059878 3.2056804 3.2054095 3.2051748 3.2049757 3.2048114 3.2046806 3.2045822 3.2045144 3.2044754 3.2044631 3.204475 3.2045086 3.2045609 3.204629
3.2355862 3.2350902 3.2345704 3.234027 3.2334605 3.2328716 3.2322607 3.2316287 3.2309762 3.2303041 3.2296135 3.2289052 3.2281804 3.2274404 3.2266863 3.2259196 3.2251416 3.224354 3.2235582 3.2227559 3.2219488 3.2211387 3.2203274 3.2195168 3.2187088 3.2179053 3.2171083 3.2163198 3.2155418 3.2147761 3.2140249 3.21329 3.2125733 3.2118767 3.211202 3.2105509 3.209925 3.2093258 3.2087549 3.2082134 3.2077025 3.2072232 3.2067764 3.2063627 3.2059826 3.2056364 3.2053242 3.2050458 3.2048009 3.2045888 3.2044089 3.2042599 3.2041406 3.2040495 3.2039847 3.2039444 3.2039263 3.2039278 3.2039464 3.2039793
3.2344385 3.2339501 3.2334389 3.2329053 3.2323499 3.2317731 3.2311755 3.2305579 3.229921 3.2292656 3.2285927 3.2279032 3.2271982 3.2264788 3.2257464 3.2250021 3.2242474 3.2234837 3.2227125 3.2219353 3.2211538 3.2203696 3.2195845 3.2188002 3.2180186 3.2172414 3.2164705 3.2157077 3.2149549 3.2142139 3.2134867 3.2127748 3.2120803 3.2114046 3.2107496 3.2101167 3.2095075 3.2089234 3.2083657 3.2078355 3.2073339 3.2068618 3.20642 3.206009 3.2056292 3.2052809 3.204964 3.2046786 3.204424 3.2041999 3.2040054 3.2038394 3.2037008 3.203588 3.2034995 3.2034333 3.2033873 3.2033593 3.2033469 3.2033473
