Cobbity/QGIS/C1_Reading3.tif
NCOLS 99
NROWS 110
XLLCORNER 150.663
YLLCORNER -34.0227
CELLSIZE 1e-05
NODATA_VALUE -9999
[rows 50 to 74 of 110, columns 0 to 56 of 99]
0.2647087 0.26486398 0.26515701 0.26558146 0.26611661 0.26674106 0.26745382 0.26827439 0.26921812 0.27027693 0.27141952 0.27258968 0.27371387 0.27470451 0.27551166 0.27622531 0.27698266 0.27778178 0.27840058 0.27874324 0.27902754 0.27936268 0.27945566 0.2788659 0.27790125 0.27693244 0.2760724 0.27515029 0.2743654 0.27504782 0.27769789 0.27920558 0.27978216 0.27903991 0.27290199 0.27126425 0.27584707 0.27852887 0.27111138 0.26959452 0.26717477 0.26639506 0.26886838 0.27077736 0.27277385 0.27305086 0.27255517 0.27253173 0.27211933 0.27217423 0.27150518 0.27102129 0.27172173 0.27010221 0.27083448 0.26861848 0.26575407
0.2658907 0.26603687 0.26629154 0.26664854 0.26709758 0.2676294 0.26824168 0.26893783 0.26971854 0.27057362 0.27147929 0.27239913 0.27328929 0.27410924 0.27484386 0.27551807 0.27616447 0.27676927 0.27726998 0.27763486 0.27789076 0.27803226 0.27796158 0.27759204 0.27699921 0.27632774 0.27567612 0.27510889 0.27480976 0.27507636 0.27581932 0.27634436 0.27632114 0.27536839 0.27357964 0.27290441 0.27410338 0.27412242 0.27097802 0.26965682 0.26453357 0.26155756 0.26944499 0.27108638 0.27949151 0.28073499 0.27671354 0.27527433 0.27319736 0.27257593 0.27246669 0.27252587 0.27239673 0.27149305 0.27075515 0.26727312 0.26235699
0.26687821 0.26701438 0.26723843 0.26754609 0.26793143 0.26838895 0.26891522 0.26950792 0.2701624 0.27086818 0.27160748 0.27235628 0.27308813 0.27378078 0.27442377 0.2750195 0.27557103 0.27606673 0.27648186 0.27679718 0.27700398 0.27708506 0.27700787 0.27675696 0.2763678 0.27591051 0.27545746 0.27508112 0.27487043 0.27488696 0.27504742 0.27512324 0.27491955 0.27434901 0.27359999 0.27312964 0.2729908 0.27247487 0.27127816 0.26990242 0.26760407 0.26722305 0.27045938 0.27276558 0.28352011 0.28419302 0.27901987 0.27797774 0.27140359 0.27170356 0.27197037 0.27318791 0.27387929 0.27163997 0.26992713 0.26932066 0.26961489
0.26772008 0.26784723 0.26804688 0.2683162 0.26865126 0.26904789 0.2695022 0.27000987 0.27056472 0.2711572 0.27177381 0.272398 0.2730125 0.27360252 0.27415838 0.27467493 0.27514692 0.27556436 0.27591294 0.27617876 0.27635012 0.27641488 0.27636239 0.27619435 0.27593405 0.2756224 0.27530716 0.27503605 0.27484943 0.2747575 0.27471277 0.27462187 0.27440185 0.27403461 0.27360079 0.27321971 0.27288296 0.27242844 0.27178488 0.27105249 0.27043804 0.27070097 0.2721032 0.27434568 0.27763887 0.27838615 0.2773111 0.27574685 0.2723363 0.27205548 0.27036218 0.27427869 0.2791678 0.26894841 0.26461449 0.26655561 0.26881628
0.26845 0.26856917 0.26874892 0.26898726 0.26928126 0.26962742 0.27002177 0.27045958 0.27093462 0.27143859 0.27196101 0.27248982 0.27301264 0.27351835 0.27399796 0.27444427 0.27485006 0.2752066 0.2755037 0.27573124 0.27588032 0.27594402 0.27591962 0.27581273 0.27564 0.27542739 0.27520513 0.27500176 0.27483678 0.27471085 0.27459973 0.27446292 0.27426658 0.27400607 0.27371104 0.27341764 0.27312596 0.27280436 0.27245216 0.27214174 0.27203391 0.272359 0.27320146 0.27444079 0.27569711 0.27621794 0.27593575 0.27510488 0.27402443 0.27341125 0.27316222 0.27459992 0.27522745 0.26812589 0.26435854 0.26225874 0.2667439
0.26909183 0.26920386 0.26936694 0.26957959 0.26983944 0.27014342 0.27048778 0.27086794 0.27127818 0.27171144 0.27215935 0.27261263 0.27306181 0.27349793 0.27391296 0.27429963 0.27465082 0.27495904 0.27521655 0.27541603 0.2755515 0.27561935 0.27561982 0.27555868 0.27544795 0.27530469 0.27514803 0.27499514 0.27485675 0.27473302 0.27461273 0.27447841 0.27431629 0.27412508 0.2739165 0.27370524 0.27349795 0.27329737 0.27312199 0.27302194 0.27307792 0.27336918 0.27390844 0.27460132 0.27523889 0.27557901 0.2755446 0.27522327 0.2747998 0.27448614 0.27439118 0.2744611 0.27381218 0.27170486 0.27009781 0.26937925 0.27104846
0.269663 0.26976851 0.26991737 0.27010835 0.27033946 0.27060798 0.27091049 0.2712428 0.27159985 0.27197566 0.27236337 0.27275559 0.27314471 0.27352331 0.2738844 0.27422138 0.27452788 0.27479763 0.27502465 0.27520366 0.27533077 0.27540423 0.27542526 0.27539881 0.27533354 0.27524091 0.27513333 0.27502167 0.27491279 0.27480782 0.27470246 0.27458972 0.2744645 0.27432722 0.27418398 0.27404348 0.27391426 0.27380678 0.27373963 0.27374343 0.27385559 0.27410238 0.27447395 0.27490944 0.27530598 0.2755626 0.27563798 0.27556489 0.27542442 0.27529945 0.27521842 0.27509197 0.27470024 0.27402795 0.27354222 0.27366319 0.27464721
0.27017657 0.27027609 0.27041263 0.27058514 0.27079188 0.27103045 0.27129778 0.27159015 0.27190315 0.27223169 0.27257009 0.27291227 0.27325198 0.27358301 0.27389936 0.27419531 0.2744654 0.27470448 0.2749079 0.27507184 0.27519375 0.27527286 0.27531061 0.27531095 0.27528016 0.27522613 0.27515722 0.27508079 0.27500184 0.27492232 0.27484144 0.27475719 0.27466851 0.27457692 0.27448689 0.27440497 0.27433922 0.27429986 0.27430086 0.27435975 0.2744932 0.27470802 0.27499125 0.27530623 0.27560062 0.27582659 0.27596253 0.27602019 0.27603375 0.27603725 0.27603991 0.27601329 0.27592287 0.2758224 0.27589104 0.27632276 0.27721905
0.27064257 0.27073656 0.27086234 0.27101899 0.27120496 0.27141813 0.27165578 0.27191465 0.27219092 0.27248024 0.27277786 0.27307871 0.27337757 0.27366922 0.27394859 0.2742108 0.27445129 0.27466587 0.27485092 0.27500363 0.27512231 0.27520666 0.27525806 0.27527956 0.27527578 0.27525232 0.27521507 0.27516936 0.27511916 0.27506685 0.27501339 0.27495917 0.27490507 0.27485329 0.2748077 0.27477368 0.27475793 0.27476857 0.27481505 0.27490713 0.27505192 0.27524958 0.27548948 0.27574985 0.27600287 0.27622418 0.27640203 0.27654052 0.27665489 0.27676186 0.27687077 0.27698373 0.2771127 0.27730601 0.27765145 0.27824041 0.2791244
0.27106884 0.27115774 0.27127409 0.27141705 0.27158526 0.27177682 0.27198936 0.27222002 0.2724655 0.2727221 0.2729858 0.27325233 0.2735173 0.27377634 0.27402517 0.27425971 0.27447615 0.27467113 0.2748418 0.27498608 0.2751028 0.27519191 0.27525458 0.27529321 0.27531122 0.27531274 0.2753021 0.27528337 0.27525991 0.2752342 0.27520804 0.27518293 0.27516066 0.27514375 0.2751357 0.27514095 0.27516482 0.27521329 0.27529254 0.27540801 0.27556257 0.2757546 0.27597656 0.27621556 0.27645635 0.27668603 0.2768983 0.27709498 0.27728431 0.27747715 0.27768428 0.27791792 0.27819862 0.27856235 0.27905831 0.27973434 0.28061946
0.27146163 0.27154586 0.27165393 0.27178506 0.27193803 0.27211117 0.2723024 0.27250924 0.27272884 0.27295803 0.27319339 0.27343133 0.27366815 0.27390017 0.2741238 0.27433564 0.27453256 0.27471183 0.27487122 0.27500914 0.27512478 0.2752182 0.27529037 0.27534317 0.27537921 0.27540163 0.27541375 0.27541882 0.27541972 0.27541893 0.27541853 0.27542053 0.27542707 0.27544072 0.27546461 0.27550244 0.27555835 0.27563665 0.27574144 0.27587582 0.27604097 0.27623519 0.27645356 0.2766885 0.27693164 0.27717617 0.27741903 0.27766186 0.27791041 0.27817333 0.27846142 0.27878849 0.27917369 0.27964291 0.28022639 0.28095197 0.28183781
0.27182595 0.27190594 0.27200673 0.27212762 0.27226751 0.27242494 0.27259807 0.27278475 0.27298253 0.2731887 0.27340035 0.27361443 0.27382782 0.27403744 0.27424028 0.27443351 0.27461457 0.27478125 0.27493177 0.27506493 0.27518013 0.27527749 0.27535781 0.27542258 0.27547385 0.27551406 0.27554588 0.27557196 0.27559484 0.27561682 0.2756401 0.27566678 0.27569911 0.27573954 0.27579085 0.27585612 0.27593857 0.2760414 0.2761674 0.27631852 0.27649532 0.2766966 0.27691937 0.27715935 0.27741207 0.27767422 0.27794479 0.27822575 0.27852198 0.27884092 0.27919241 0.27958891 0.28004613 0.28058273 0.28121858 0.28197134 0.28285321
0.27216588 0.27224205 0.27233647 0.27244851 0.27257717 0.27272117 0.27287891 0.27304852 0.27322789 0.2734147 0.27360646 0.27380061 0.2739945 0.27418555 0.27437124 0.27454922 0.2747174 0.27487398 0.27501756 0.27514719 0.27526244 0.27536344 0.27545087 0.27552593 0.27559026 0.27564584 0.27569483 0.27573948 0.27578201 0.27582457 0.27586925 0.27591814 0.27597341 0.27603733 0.27611237 0.27620108 0.27630605 0.27642973 0.27657415 0.27674071 0.27692985 0.27714095 0.27737239 0.27762197 0.27788755 0.27816788 0.27846327 0.27877604 0.27911063 0.27947353 0.27987325 0.28032021 0.28082676 0.28140651 0.28207314 0.28283853 0.28371113
0.27248478 0.27255753 0.2726464 0.27275078 0.27286981 0.27300235 0.273147 0.27330215 0.27346597 0.27363648 0.27381158 0.27398906 0.27416671 0.27434236 0.27451391 0.27467942 0.27483715 0.27498565 0.27512381 0.27525087 0.27536655 0.27547095 0.27556467 0.2756487 0.27572439 0.27579335 0.27585741 0.27591848 0.27597852 0.2760395 0.27610337 0.27617209 0.2762477 0.27633228 0.27642798 0.27653698 0.27666141 0.27680324 0.27696407 0.27714505 0.27734671 0.27756893 0.27781106 0.2780722 0.27835167 0.27864943 0.2789666 0.27930571 0.27967083 0.28006762 0.28050321 0.28098607 0.28152575 0.28213232 0.28281546 0.28358346 0.28444221
0.27278541 0.27285514 0.27293918 0.27303698 0.27314776 0.27327051 0.27340404 0.27354694 0.27369763 0.27385444 0.27401554 0.2741791 0.27434324 0.27450613 0.27466602 0.27482132 0.27497058 0.27511265 0.27524661 0.27537189 0.27548827 0.27559589 0.27569525 0.27578718 0.27587281 0.27595352 0.27603084 0.27610644 0.27618205 0.27625944 0.27634041 0.27642678 0.2765204 0.27662316 0.27673696 0.27686369 0.27700515 0.27716299 0.27733861 0.27753305 0.27774696 0.27798063 0.27823406 0.2785072 0.27880025 0.27911391 0.27944974 0.27981032 0.28019936 0.28062173 0.28108332 0.28159093 0.28215193 0.28277382 0.28346361 0.28422714 0.2850685
0.27307008 0.27313717 0.27321704 0.27330918 0.2734129 0.27352733 0.27365141 0.27378394 0.27392356 0.27406883 0.27421821 0.27437014 0.27452303 0.27467536 0.27482567 0.27497262 0.27511505 0.275252 0.27538276 0.27550687 0.27562419 0.27573485 0.27583929 0.27593824 0.27603266 0.27612371 0.27621274 0.2763012 0.27639062 0.2764826 0.27657876 0.27668078 0.27679033 0.27690911 0.27703883 0.27718113 0.27733761 0.2775097 0.27769866 0.27790553 0.27813107 0.27837586 0.27864036 0.27892504 0.27923061 0.27955821 0.27990961 0.28028732 0.28069466 0.28113578 0.28161554 0.28213933 0.28271286 0.28334175 0.28403112 0.2847851 0.28560648
0.2733407 0.27340552 0.2734818 0.2735691 0.27366681 0.27377417 0.27389025 0.27401401 0.2741443 0.27427988 0.27441944 0.27456166 0.27470521 0.2748488 0.27499123 0.27513139 0.27526832 0.27540125 0.2755296 0.27565303 0.27577144 0.27588498 0.27599404 0.27609926 0.27620147 0.27630168 0.27640107 0.2765009 0.27660256 0.27670747 0.2768171 0.27693297 0.27705659 0.27718951 0.27733324 0.27748927 0.27765902 0.27784378 0.27804475 0.27826295 0.27849925 0.27875443 0.27902922 0.27932443 0.27964106 0.27998047 0.28034448 0.28073545 0.28115633 0.28161061 0.28210228 0.28263563 0.28321506 0.2838448 0.28452858 0.28526935 0.2860689
0.27359891 0.27366177 0.273735 0.27381819 0.2739108 0.27401215 0.27412147 0.27423784 0.27436028 0.27448773 0.27461908 0.27475321 0.274889 0.27502539 0.27516135 0.27529599 0.27542851 0.2755583 0.27568489 0.27580802 0.27592764 0.27604391 0.27615719 0.27626802 0.27637716 0.27648549 0.27659404 0.27670395 0.27681644 0.27693279 0.27705433 0.27718243 0.27731847 0.27746384 0.27761992 0.27778804 0.2779695 0.27816551 0.27837719 0.27860558 0.27885161 0.27911617 0.27940018 0.27970462 0.28003065 0.2803797 0.28075356 0.28115439 0.28158476 0.28204761 0.2825462 0.28308392 0.28366418 0.28429015 0.28496455 0.28568943 0.2864659
0.27384604 0.27390727 0.27397792 0.27405763 0.27414592 0.27424221 0.27434582 0.27445597 0.27457182 0.27469246 0.27481695 0.27494436 0.27507373 0.27520418 0.27533486 0.27546503 0.27559405 0.27572141 0.27584675 0.27596989 0.2760908 0.27620964 0.27632676 0.27644264 0.27655795 0.27667349 0.27679015 0.27690897 0.27703102 0.27715747 0.27728952 0.2774284 0.27757537 0.27773169 0.27789861 0.27807736 0.27826913 0.27847504 0.27869619 0.27893358 0.2791882 0.27946101 0.27975299 0.28006523 0.28039894 0.28075554 0.28113671 0.2815444 0.28198084 0.28244849 0.28294998 0.28348801 0.28406519 0.2846839 0.2853461 0.28605316 0.28680569
0.27408324 0.27414313 0.27421162 0.2742884 0.27437307 0.27446511 0.27456392 0.27466886 0.27477918 0.27489413 0.27501292 0.27513474 0.27525881 0.27538439 0.27551077 0.27563734 0.27576358 0.27588909 0.2760136 0.27613696 0.2762592 0.27638046 0.27650108 0.2766215 0.27674232 0.27686424 0.27698809 0.27711477 0.27724526 0.2773806 0.27752189 0.27767025 0.27782681 0.27799272 0.27816913 0.27835717 0.27855794 0.2787725 0.27900189 0.27924712 0.27950915 0.27978898 0.28008763 0.2804062 0.28074588 0.28110805 0.28149425 0.2819062 0.28234582 0.28281514 0.28331631 0.28385143 0.28442252 0.28503132 0.28567922 0.28636708 0.28709514
0.2743115 0.27437029 0.274437 0.27451136 0.27459299 0.27468146 0.27477627 0.27487684 0.27498256 0.27509277 0.27520682 0.27532402 0.27544372 0.2755653 0.27568819 0.27581188 0.27593595 0.27606009 0.27618408 0.27630784 0.2764314 0.27655494 0.27667874 0.27680324 0.27692895 0.27705654 0.27718672 0.27732032 0.27745823 0.27760139 0.27775078 0.27790742 0.27807236 0.27824663 0.2784313 0.2786274 0.27883595 0.27905797 0.27929445 0.27954633 0.27981461 0.28010024 0.28040424 0.28072768 0.28107173 0.28143764 0.28182682 0.28224077 0.28268112 0.28314955 0.28364778 0.28417747 0.28474011 0.285337 0.28596905 0.28663675 0.28734006
0.27453162 0.27458956 0.27465483 0.27472717 0.27480629 0.2748918 0.27498327 0.27508021 0.27518209 0.27528838 0.2753985 0.27551189 0.275628 0.27574633 0.27586639 0.27598779 0.27611017 0.27623331 0.27635703 0.2764813 0.27660617 0.27673182 0.27685852 0.27698666 0.27711673 0.27724932 0.27738508 0.27752477 0.27766917 0.27781916 0.27797561 0.27813947 0.27831167 0.27849319 0.27868497 0.278888 0.27910322 0.27933157 0.279574 0.27983142 0.28010478 0.28039501 0.28070308 0.28103002 0.28137692 0.28174492 0.28213527 0.28254928 0.2829883 0.28345373 0.28394692 0.28446916 0.28502156 0.28560501 0.28622009 0.286867 0.28754548
0.27474431 0.27480161 0.27486572 0.27493644 0.27501349 0.27509655 0.27518525 0.27527918 0.2753779 0.27548093 0.27558781 0.27569807 0.27581125 0.27592693 0.27604472 0.2761643 0.2762854 0.27640783 0.27653148 0.27665633 0.27678246 0.27691005 0.27703936 0.27717076 0.27730469 0.27744168 0.27758234 0.27772734 0.27787741 0.27803333 0.27819592 0.278366 0.27854447 0.27873219 0.27893006 0.27913896 0.27935978 0.27959341 0.27984073 0.28010262 0.28037995 0.28067362 0.28098456 0.28131371 0.28166206 0.28203067 0.2824206 0.28283299 0.28326897 0.28372965 0.28421612 0.28472933 0.28527009 0.28583899 0.28643634 0.28706208 0.28771581
0.27495017 0.27500701 0.27507023 0.27513964 0.27521501 0.27529606 0.27538249 0.27547394 0.27557004 0.2756704 0.27577462 0.27588231 0.2759931 0.27610664 0.27622262 0.27634078 0.2764609 0.27658285 0.27670656 0.27683203 0.27695937 0.27708873 0.27722039 0.27735467 0.277492 0.27763285 0.27777778 0.2779274 0.27808238 0.27824343 0.27841128 0.27858671 0.27877051 0.27896349 0.27916648 0.27938028 0.27960573 0.27984365 0.28009486 0.28036018 0.28064044 0.28093647 0.28124914 0.2815793 0.28192787 0.28229575 0.2826839 0.28309324 0.28352473 0.28397925 0.28445764 0.2849606 0.28548868 0.28604223 0.28662133 0.28722576 0.28785496
0.27514971 0.27520626 0.2752688 0.27533718 0.2754112 0.27549063 0.27557521 0.27566463 0.27575858 0.27585674 0.27595879 0.27606439 0.27617324 0.27628506 0.2763996 0.27651664 0.27663604 0.27675769 0.27688155 0.27700766 0.27713611 0.27726709 0.27740083 0.27753766 0.27767795 0.27782216 0.27797079 0.2781244 0.2782836 0.27844903 0.27862136 0.27880132 0.27898961 0.27918699 0.27939421 0.27961202 0.27984118 0.28008246 0.28033662 0.28060442 0.28088663 0.28118402 0.28149737 0.28182747 0.28217512 0.28254112 0.28292628 0.28333138 0.28375719 0.2842044 0.28467364 0.2851654 0.28568004 0.28621769 0.28677826 0.2873614 0.28796644
