Cobbity/QGIS/C1_Reading3.tif
NCOLS 99
NROWS 110
XLLCORNER 150.663
YLLCORNER -34.0227
CELLSIZE 1e-05
NODATA_VALUE -9999
[rows 75 to 99 of 110, columns 0 to 56 of 99]
0.27534336 0.27539976 0.27546182 0.27552942 0.27560238 0.2756805 0.27576358 0.27585135 0.27594356 0.27603993 0.27614021 0.27624411 0.27635139 0.27646183 0.27657522 0.27669141 0.27681027 0.27693175 0.27705582 0.27718255 0.27731203 0.27744445 0.27758003 0.27771908 0.27786195 0.27800906 0.27816086 0.27831788 0.27848066 0.27864979 0.2788259 0.27900963 0.27920164 0.27940262 0.27961325 0.27983423 0.28006626 0.28031005 0.28056629 0.28083569 0.28111894 0.28141677 0.28172986 0.28205892 0.28240466 0.28276777 0.28314892 0.28354876 0.2839679 0.28440688 0.28486614 0.28534601 0.28584665 0.28636806 0.28691002 0.28747203 0.28805337
0.27553151 0.27558788 0.27564963 0.27571664 0.27578878 0.27586588 0.27594775 0.27603419 0.27612499 0.27621992 0.27631876 0.27642129 0.27652731 0.27663665 0.27674913 0.27686466 0.27698314 0.27710453 0.27722885 0.27735616 0.27748657 0.27762025 0.27775744 0.27789841 0.27804349 0.27819306 0.27834756 0.27850745 0.27867323 0.27884545 0.27902468 0.27921149 0.27940651 0.27961035 0.27982365 0.28004703 0.28028116 0.28052666 0.28078418 0.28105436 0.28133784 0.28163525 0.28194723 0.28227439 0.28261734 0.28297667 0.28335295 0.2837467 0.28415839 0.2845884 0.28503705 0.28550451 0.28599082 0.28649583 0.28701921 0.28756039 0.28811858
0.27571447 0.27577092 0.2758325 0.2758991 0.27597062 0.27604692 0.27612785 0.27621323 0.2763029 0.27639666 0.27649434 0.27659577 0.27670078 0.27680923 0.27692101 0.27703603 0.27715423 0.2772756 0.27740016 0.277528 0.27765923 0.27779401 0.27793257 0.27807517 0.27822212 0.27837377 0.27853051 0.27869278 0.27886104 0.27903578 0.27921752 0.2794068 0.27960417 0.2798102 0.28002547 0.28025056 0.28048606 0.28073255 0.28099061 0.28126084 0.28154379 0.28184004 0.28215014 0.28247463 0.28281403 0.28316885 0.28353953 0.28392649 0.28433008 0.28475058 0.28518815 0.28564286 0.28611463 0.28660322 0.2871082 0.28762895 0.28816461
0.27589252 0.27594915 0.27601067 0.27607702 0.27614809 0.27622379 0.27630398 0.27638853 0.27647729 0.27657012 0.27666687 0.27676741 0.27687161 0.27697936 0.27709058 0.2772052 0.2773232 0.27744458 0.27756937 0.27769768 0.2778296 0.27796532 0.27810504 0.278249 0.27839749 0.27855085 0.27870943 0.27887363 0.27904387 0.2792206 0.27940431 0.27959547 0.2797946 0.2800022 0.28021882 0.28044497 0.28068119 0.28092801 0.28118596 0.28145555 0.2817373 0.2820317 0.28233925 0.28266041 0.28299562 0.28334528 0.28370976 0.28408937 0.28448437 0.28489492 0.2853211 0.28576286 0.28622003 0.28669229 0.28717915 0.28767993 0.28819375
0.27606592 0.27612279 0.27618436 0.27625056 0.27632134 0.27639659 0.27647622 0.27656012 0.27664817 0.27674026 0.27683627 0.2769361 0.27703965 0.27714684 0.2772576 0.27737191 0.27748976 0.27761115 0.27773615 0.27786484 0.27799735 0.27813383 0.27827449 0.27841956 0.2785693 0.27872402 0.27888406 0.27904977 0.27922155 0.2793998 0.27958497 0.27977749 0.27997782 0.28018644 0.28040383 0.28063046 0.28086681 0.28111335 0.28137058 0.28163893 0.28191887 0.28221084 0.28251525 0.28283249 0.28316294 0.28350692 0.28386471 0.28423654 0.28462257 0.28502288 0.28543746 0.28586618 0.28630879 0.28676492 0.28723401 0.28771535 0.28820806
0.27623487 0.27629204 0.27635373 0.2764199 0.27649049 0.27656543 0.27664465 0.27672805 0.27681555 0.27690705 0.27700247 0.27710173 0.27720475 0.27731148 0.27742188 0.27753594 0.27765365 0.27777505 0.27790021 0.2780292 0.27816217 0.27829926 0.27844066 0.27858659 0.2787373 0.27889307 0.27905421 0.27922106 0.27939396 0.27957329 0.27975946 0.27995285 0.2801539 0.28036302 0.28058065 0.28080722 0.28104316 0.2812889 0.28154486 0.28181144 0.28208904 0.28237804 0.2826788 0.28299164 0.28331686 0.28365472 0.28400543 0.28436913 0.28474592 0.28513579 0.28553866 0.28595435 0.28638254 0.2868228 0.28727454 0.28773704 0.28820939
0.27639955 0.27645707 0.27651896 0.27658517 0.27665567 0.27673041 0.27680933 0.27689235 0.27697942 0.27707046 0.27716541 0.2772642 0.2773668 0.27747315 0.27758324 0.27769708 0.27781467 0.27793606 0.27806131 0.27819053 0.27832383 0.27846136 0.27860331 0.27874987 0.27890129 0.27905782 0.27921974 0.27938737 0.27956101 0.27974103 0.27992777 0.2801216 0.28032291 0.28053207 0.28074947 0.2809755 0.28121055 0.28145499 0.28170919 0.28197352 0.28224831 0.28253389 0.28283056 0.28313858 0.28345818 0.28378958 0.28413289 0.28448822 0.28485558 0.28523491 0.28562606 0.2860288 0.28644277 0.28686749 0.28730236 0.28774663 0.28819941
0.27656014 0.27661804 0.27668017 0.27674649 0.27681698 0.27689161 0.27697032 0.27705307 0.2771398 0.27723048 0.27732504 0.27742346 0.27752569 0.27763172 0.27774155 0.27785518 0.27797263 0.27809397 0.27821927 0.27834861 0.27848212 0.27861995 0.27876226 0.27890924 0.27906112 0.27921813 0.27938054 0.27954862 0.27972266 0.27990299 0.28008992 0.2802838 0.28048495 0.28069372 0.28091046 0.28113553 0.28136925 0.28161196 0.28186399 0.28212564 0.28239721 0.28267898 0.28297118 0.28327403 0.28358771 0.28391235 0.28424805 0.28459483 0.28495265 0.2853214 0.2857009 0.28609084 0.28649085 0.28690041 0.28731892 0.2877456 0.28817959
0.27671677 0.27677508 0.27683749 0.27690397 0.27697451 0.27704909 0.27712766 0.27721021 0.2772967 0.27738708 0.27748133 0.27757943 0.27768136 0.27778711 0.27789668 0.2780101 0.27812741 0.27824865 0.27837392 0.27850329 0.27863689 0.27877486 0.27891735 0.27906456 0.27921667 0.27937391 0.27953652 0.27970476 0.27987889 0.2800592 0.28024597 0.28043952 0.28064014 0.28084815 0.28106385 0.28128756 0.28151956 0.28176016 0.28200964 0.28226825 0.28253625 0.28281387 0.28310129 0.28339869 0.28370619 0.28402388 0.28435179 0.28468991 0.28503816 0.28539637 0.28576431 0.28614167 0.28652802 0.28692284 0.28732551 0.28773528 0.28815127
0.27686958 0.27692832 0.27699103 0.2770577 0.27712834 0.27720292 0.27728142 0.27736383 0.27745012 0.27754026 0.27763426 0.27773208 0.27783373 0.27793921 0.27804854 0.27816174 0.27827887 0.27839997 0.27852513 0.27865444 0.27878801 0.27892598 0.27906849 0.27921572 0.27936785 0.27952509 0.27968766 0.27985578 0.2800297 0.28020968 0.28039598 0.28058888 0.28078864 0.28099554 0.28120986 0.28143186 0.28166181 0.28189996 0.28214655 0.28240181 0.28266594 0.28293912 0.28322151 0.28351323 0.28381436 0.28412494 0.28444497 0.28477438 0.28511306 0.28546081 0.28581736 0.28618238 0.28655542 0.28693595 0.28732334 0.28771685 0.28811563
0.27701868 0.27707785 0.27714089 0.27720778 0.27727854 0.27735316 0.27743163 0.27751394 0.27760007 0.27769002 0.27778379 0.27788136 0.27798276 0.27808798 0.27819706 0.27831002 0.27842692 0.27854782 0.2786728 0.27880195 0.27893538 0.27907321 0.27921559 0.27936267 0.27951462 0.27967164 0.27983392 0.28000167 0.28017513 0.2803545 0.28054005 0.280732 0.28093059 0.28113608 0.28134871 0.2815687 0.28179629 0.2820317 0.28227512 0.28252676 0.28278676 0.28305528 0.28333243 0.28361829 0.2839129 0.28421628 0.28452837 0.28484908 0.28517825 0.28551566 0.28586103 0.28621399 0.28657409 0.28694078 0.28731346 0.28769137 0.28807372
0.27716418 0.27722379 0.27728715 0.27735428 0.27742519 0.27749987 0.27757833 0.27766057 0.27774658 0.27783636 0.27792992 0.27802726 0.2781284 0.27823336 0.27834217 0.27845487 0.2785715 0.27869214 0.27881687 0.27894576 0.27907893 0.27921649 0.27935858 0.27950534 0.27965694 0.27981354 0.27997532 0.28014248 0.28031522 0.28049375 0.28067827 0.28086901 0.28106617 0.28126998 0.28148064 0.28169835 0.28192332 0.28215573 0.28239575 0.28264353 0.28289919 0.28316286 0.28343461 0.28371448 0.28400248 0.2842986 0.28460274 0.28491478 0.28523455 0.2855618 0.28589621 0.28623742 0.28658496 0.2869383 0.28729682 0.28765981 0.28802647
0.27730617 0.27736621 0.27742991 0.27749728 0.27756834 0.27764311 0.27772158 0.27780376 0.27788966 0.27797928 0.27807265 0.27816976 0.27827065 0.27837533 0.27848384 0.27859624 0.27871256 0.27883288 0.27895726 0.27908581 0.27921861 0.27935578 0.27949744 0.27964373 0.2797948 0.27995079 0.28011189 0.28027825 0.28045006 0.28062751 0.28081078 0.28100006 0.28119555 0.28139743 0.28160589 0.2818211 0.28204322 0.28227241 0.28250881 0.28275255 0.28300371 0.28326238 0.2835286 0.28380239 0.28408373 0.28437256 0.28466878 0.28497224 0.28528274 0.28560001 0.28592373 0.28625351 0.2865889 0.28692936 0.28727429 0.287623 0.28797471
0.27744475 0.2775052 0.27756923 0.27763684 0.27770807 0.27778292 0.2778614 0.27794354 0.27802934 0.27811881 0.27821197 0.27830885 0.27840947 0.27851386 0.27862205 0.2787341 0.27885006 0.27896998 0.27909396 0.27922207 0.2793544 0.27949106 0.27963216 0.27977784 0.27992822 0.28008344 0.28024366 0.28040903 0.28057972 0.28075588 0.28093769 0.28112532 0.28131892 0.28151867 0.28172471 0.28193721 0.28215629 0.28238208 0.28261469 0.28285423 0.28310075 0.2833543 0.28361491 0.28388257 0.28415722 0.28443879 0.28472715 0.28502213 0.28532352 0.28563102 0.28594432 0.28626303 0.28658667 0.28691474 0.28724664 0.28758169 0.28791917
0.27757998 0.27764084 0.27770518 0.27777304 0.27784442 0.27791935 0.27799786 0.27807994 0.27816564 0.27825495 0.27834791 0.27844454 0.27854487 0.27864894 0.27875678 0.27886844 0.27898397 0.27910345 0.27922694 0.27935452 0.27948628 0.27962232 0.27976275 0.27990767 0.28005722 0.28021152 0.2803707 0.28053492 0.2807043 0.280879 0.28105917 0.28124495 0.28143648 0.2816339 0.28183735 0.28204696 0.28226283 0.28248507 0.28271376 0.28294896 0.28319074 0.2834391 0.28369405 0.28395554 0.28422352 0.28449787 0.28477846 0.2850651 0.28535755 0.28565552 0.2859587 0.28626667 0.28657899 0.28689514 0.28721455 0.28753657 0.2878605
0.27771196 0.27777321 0.27783785 0.27790592 0.27797746 0.27805247 0.27813098 0.27821301 0.27829859 0.27838774 0.27848048 0.27857684 0.27867686 0.27878057 0.27888802 0.27899924 0.27911431 0.27923327 0.2793562 0.27948317 0.27961427 0.27974958 0.27988921 0.28003327 0.28018185 0.28033509 0.28049309 0.28065599 0.28082392 0.28099699 0.28117535 0.28135911 0.28154841 0.28174335 0.28194406 0.28215063 0.28236315 0.28258171 0.28280636 0.28303715 0.2832741 0.28351722 0.28376647 0.28402181 0.28428314 0.28455035 0.28482327 0.28510172 0.28538543 0.28567413 0.28596747 0.28626507 0.28656647 0.28687118 0.28717864 0.28748822 0.28779927
0.27784076 0.27790236 0.27796729 0.27803557 0.27810723 0.2781823 0.27826081 0.27834278 0.27842823 0.27851719 0.2786097 0.27870577 0.27880545 0.27890878 0.27901579 0.27912653 0.27924107 0.27935945 0.27948175 0.27960803 0.27973838 0.27987287 0.2800116 0.28015467 0.28030217 0.28045421 0.28061091 0.28077236 0.28093868 0.28110998 0.28128639 0.281468 0.28165491 0.28184724 0.28204507 0.28224848 0.28245754 0.28267231 0.28289284 0.28311914 0.28335122 0.28358907 0.28383263 0.28408183 0.28433658 0.28459673 0.28486212 0.28513254 0.28540773 0.28568741 0.28597123 0.2862588 0.2865497 0.28684343 0.28713945 0.28743718 0.28773597
0.27796643 0.27802837 0.27809355 0.27816202 0.2782338 0.27830892 0.27838741 0.27846929 0.2785546 0.27864335 0.2787356 0.27883135 0.27893066 0.27903357 0.2791401 0.27925032 0.27936427 0.27948201 0.27960361 0.27972913 0.27985864 0.27999222 0.28012996 0.28027194 0.28041825 0.28056898 0.28072424 0.28088412 0.28104871 0.28121812 0.28139245 0.28157177 0.28175619 0.28194578 0.28214062 0.28234077 0.28254628 0.28275719 0.28297353 0.2831953 0.28342248 0.28365505 0.28389293 0.28413605 0.28438429 0.2846375 0.2848955 0.28515807 0.28542496 0.28569588 0.28597048 0.28624839 0.28652918 0.28681239 0.28709748 0.2873839 0.28767104
0.27808906 0.2781513 0.27821672 0.27828535 0.27835722 0.27843236 0.27851081 0.27859259 0.27867772 0.27876625 0.27885821 0.27895362 0.27905253 0.27915497 0.27926099 0.27937063 0.27948394 0.27960099 0.27972182 0.2798465 0.2799751 0.28010769 0.28024434 0.28038513 0.28053015 0.28067948 0.28083319 0.28099139 0.28115415 0.28132155 0.28149369 0.28167063 0.28185244 0.2820392 0.28223096 0.28242777 0.28262966 0.28283665 0.28304876 0.28326596 0.28348824 0.28371554 0.28394779 0.28418489 0.2844267 0.28467309 0.28492385 0.28517877 0.28543759 0.28570001 0.28596571 0.28623431 0.2865054 0.28677851 0.28705317 0.28732881 0.28760487
0.27820869 0.27827121 0.27833683 0.2784056 0.27847754 0.27855268 0.27863107 0.27871271 0.27879766 0.27888593 0.27897757 0.2790726 0.27917107 0.27927302 0.27937848 0.2794875 0.27960012 0.27971641 0.27983642 0.2799602 0.28008781 0.28021933 0.28035481 0.28049434 0.28063797 0.2807858 0.28093788 0.2810943 0.28125512 0.28142043 0.28159028 0.28176474 0.28194387 0.28212771 0.28231632 0.28250972 0.28270793 0.28291097 0.28311882 0.28333145 0.28354884 0.2837709 0.28399757 0.28422872 0.28446422 0.28470392 0.28494761 0.28519507 0.28544605 0.28570025 0.28595735 0.28621698 0.28647875 0.28674221 0.28700689 0.28727226 0.28753779
0.27832539 0.27838816 0.27845396 0.27852284 0.27859482 0.27866994 0.27874823 0.27882972 0.27891444 0.27900243 0.27909372 0.27918835 0.27928635 0.27938775 0.27949261 0.27960096 0.27971285 0.27982833 0.27994745 0.28007026 0.28019683 0.2803272 0.28046144 0.28059962 0.2807418 0.28088804 0.2810384 0.28119296 0.28135177 0.28151489 0.28168237 0.28185428 0.28203065 0.28221152 0.28239692 0.28258687 0.28278137 0.28298042 0.283184 0.28339208 0.28360459 0.28382147 0.28404261 0.28426791 0.28449722 0.28473037 0.28496716 0.28520737 0.28545074 0.28569699 0.2859458 0.2861968 0.28644962 0.28670384 0.28695898 0.28721458 0.2874701
0.27843922 0.2785022 0.27856815 0.27863711 0.2787091 0.27878417 0.27886234 0.27894365 0.27902812 0.2791158 0.27920671 0.2793009 0.27939839 0.27949922 0.27960343 0.27971107 0.27982218 0.2799368 0.28005498 0.28017677 0.28030222 0.28043138 0.28056432 0.28070108 0.28084172 0.28098631 0.28113488 0.2812875 0.28144422 0.28160509 0.28177015 0.28193944 0.28211299 0.28229083 0.28247298 0.28265944 0.28285021 0.28304527 0.28324459 0.28344813 0.28365581 0.28386755 0.28408326 0.28430281 0.28452604 0.28475279 0.28498286 0.28521603 0.28545203 0.28569059 0.2859314 0.28617411 0.28641835 0.28666372 0.28690977 0.28715604 0.28740205
0.27855024 0.2786134 0.27867947 0.27874848 0.27882045 0.27889544 0.27897346 0.27905456 0.27913875 0.27922609 0.27931659 0.2794103 0.27950724 0.27960746 0.279711 0.27981788 0.27992815 0.28004186 0.28015905 0.28027977 0.28040405 0.28053195 0.28066352 0.2807988 0.28093785 0.28108071 0.28122743 0.28137805 0.28153263 0.28169118 0.28185376 0.28202038 0.28219107 0.28236585 0.28254472 0.28272768 0.28291471 0.28310578 0.28330086 0.28349988 0.28370278 0.28390946 0.28411982 0.28433372 0.28455101 0.28477152 0.28499505 0.28522138 0.28545025 0.28568139 0.28591449 0.28614923 0.28638524 0.28662214 0.28685951 0.2870969 0.28733386
0.27865851 0.27872182 0.27878797 0.27885699 0.27892892 0.2790038 0.27908164 0.27916249 0.27924638 0.27933334 0.2794234 0.2795166 0.27961297 0.27971254 0.27981535 0.27992144 0.28003084 0.2801436 0.28025975 0.28037934 0.2805024 0.28062898 0.28075913 0.28089288 0.28103028 0.28117136 0.28131617 0.28146475 0.28161712 0.28177332 0.28193336 0.28209728 0.28226508 0.28243677 0.28261234 0.28279179 0.28297508 0.28316218 0.28335304 0.2835476 0.28374578 0.28394747 0.28415257 0.28436095 0.28457243 0.28478686 0.28500404 0.28522373 0.2854457 0.28566968 0.28589536 0.28612244 0.28635056 0.28657936 0.28680843 0.28703737 0.28726571
0.27876407 0.27882749 0.2788937 0.27896271 0.27903456 0.27910929 0.27918693 0.27926751 0.27935106 0.27943762 0.27952721 0.27961986 0.27971562 0.2798145 0.27991656 0.28002181 0.2801303 0.28024206 0.28035713 0.28047555 0.28059735 0.28072257 0.28085124 0.28098341 0.28111911 0.28125837 0.28140123 0.28154771 0.28169784 0.28185164 0.28200913 0.28217031 0.2823352 0.28250378 0.28267605 0.28285199 0.28303155 0.28321471 0.28340139 0.28359154 0.28378506 0.28398185 0.2841818 0.28438476 0.28459059 0.2847991 0.2850101 0.28522336 0.28543866 0.28565573 0.28587428 0.286094 0.28631456 0.28653561 0.28675676 0.28697763 0.28719779
