Cobbity/QGIS/C2_anal_3_5.tif
NCOLS 100
NROWS 80
XLLCORNER 150.661
YLLCORNER -34.0272
CELLSIZE 3e-05
NODATA_VALUE -9999
[rows 26 to 51 of 80, columns 0 to 59 of 100]
6.9149836 6.9212702 6.9278356 6.934698 6.9418768 6.9493934 6.9572707 6.9655339 6.9742106 6.9833307 6.9929274 7.0030369 7.0136997 7.0249603 7.0368687 7.0494812 7.0628616 7.0770832 7.092231 7.1084056 7.1257277 7.1443456 7.1644454 7.186267 7.2101272 7.2364565 7.2658539 7.299175 7.3376708 7.3832104 7.4386361 7.5083073 7.5988191 7.7189417 7.8632718 8.0442519 7.9734572 7.7667267 7.8835513 8.2951628 7.9659515 8.1106284 8.7379657 7.8971397 7.4536708 7.21559 7.064911 6.9576062 6.8650493 6.7797101 6.7012437 6.6318509 6.5711489 6.5187106 6.474763 6.4389543 6.4106371 6.3887947 6.3718493 6.358205
6.9149748 6.921305 6.9279194 6.9348365 6.9420767 6.9496616 6.9576153 6.9659635 6.9747347 6.9839599 6.9936728 7.0039107 7.0147146 7.0261297 7.0382061 7.0509996 7.0645728 7.0789962 7.0943505 7.1107288 7.12824 7.1470147 7.1672126 7.189034 7.2127376 7.2386676 7.2672946 7.2992797 7.3355719 7.3775516 7.4272138 7.4872568 7.5603406 7.6447217 7.7271623 7.8001639 7.835018 7.707615 7.8009451 8.0749163 8.0042824 8.5077513 8.0248547 7.5615475 7.3946255 7.2036183 7.0971637 6.9924091 6.8840714 6.7867662 6.6925469 6.6163842 6.5495476 6.4920275 6.4457424 6.4092104 6.3820223 6.3631354 6.3493527 6.3374539
6.9147293 6.921089 6.9277372 6.9346928 6.9419767 6.9496112 6.957621 6.9660326 6.974875 6.9841801 6.9939824 7.0043198 7.0152339 7.0267703 7.038979 7.0519151 7.0656397 7.0802202 7.0957319 7.1122591 7.1298972 7.1487553 7.1689607 7.1906646 7.2140514 7.2393524 7.266866 7.2969863 7.3302419 7.3673395 7.4091914 7.4568109 7.5103527 7.5612673 7.5043389 7.6725145 8.0203258 7.9411237 7.7359092 7.8070189 7.950565 8.3776064 7.715821 7.3987189 7.2941699 7.2503298 7.2039122 6.993171 6.9014641 6.8338677 6.6553854 6.6166621 6.5319729 6.4663953 6.4188569 6.3795148 6.3536307 6.3415608 6.3343687 6.3230554
6.9142439 6.9206186 6.927285 6.9342623 6.9415719 6.9492368 6.9572819 6.9657346 6.9746245 6.9839841 6.9938486 7.0042567 7.0152503 7.0268756 7.0391827 7.0522262 7.0660658 7.0807663 7.0963982 7.1130376 7.1307671 7.1496751 7.169857 7.1914146 7.2144563 7.2390969 7.2654548 7.2936446 7.3237547 7.3557896 7.3895493 7.424493 7.4604186 7.5057175 7.6732725 7.6365421 8.0089328 7.7938552 7.6197492 7.6950743 7.9225044 7.9866838 7.5005012 7.3297326 7.1979026 7.2365591 7.0058142 6.8364738 6.8918935 7.504326 6.6728233 6.7573088 6.5109794 6.4564454 6.4183543 6.3516449 6.3250306 6.3323953 6.3464758 6.3216789
6.9135162 6.9198912 6.9265597 6.9335417 6.9408587 6.9485342 6.9565936 6.9650647 6.9739779 6.9833661 6.9932654 7.0037151 7.0147579 7.0264405 7.0388136 7.0519318 7.0658545 7.0806451 7.0963711 7.1131033 7.1309149 7.1498792 7.1700666 7.1915397 7.2143453 7.238502 7.2639789 7.2906595 7.3182694 7.3462239 7.3732675 7.3965559 7.4094198 7.3986628 7.412557 7.5575467 7.7664706 7.5861923 7.4517076 7.4883298 7.9507879 7.6858216 7.3146808 7.2711626 7.0773862 7.065895 6.8134698 6.6027495 6.724448 6.8207759 6.5632817 6.4325625 6.4679119 6.4809359 6.4489215 6.2896034 6.291344 6.3438827 6.5642648 6.3397284
6.912545 6.9189051 6.9255597 6.9325289 6.9398346 6.9475006 6.9555527 6.9640192 6.972931 6.9823217 6.9922281 7.0026902 7.0137518 7.0254604 7.0378678 7.0510299 7.0650068 7.0798627 7.0956651 7.112484 7.1303896 7.1494492 7.1697219 7.1912504 7.2140483 7.2380801 7.2632297 7.2892491 7.3156662 7.3415981 7.3652745 7.3823844 7.3780799 7.2738137 7.2650703 7.5021175 7.6285514 7.4189547 7.2427727 7.3847652 7.8230105 7.3802405 7.0909901 7.0790546 6.9579723 6.9153994 6.6109763 6.1847457 6.7549401 6.5247074 6.3693948 6.3023537 6.5575513 6.3650088 6.2566285 6.1510168 6.2747522 6.2875277 6.3310443 6.315
6.9113297 6.9176597 6.9242841 6.9312229 6.9384984 6.9461345 6.9541575 6.962596 6.9714814 6.9808479 6.9907331 7.0011779 7.0122273 7.0239303 7.0363404 7.0495156 7.0635187 7.0784172 7.0942824 7.1111889 7.1292123 7.148426 7.1688956 7.1906707 7.2137706 7.2381641 7.2637369 7.290243 7.3172278 7.3439055 7.3689462 7.3900725 7.4028676 7.3626303 7.387106 7.5363998 7.542225 7.2901838 6.9092805 7.2672762 7.4465918 7.1057121 6.6889124 6.7664647 6.8368088 6.688883 6.3980782 6.1632519 6.4542676 6.3434627 6.1205787 6.210981 6.5414578 6.2597949 6.1122228 6.1055616 6.2554503 6.2417675 6.2837723 6.3793232
6.9098711 6.9161558 6.9227333 6.9296241 6.9368502 6.9444359 6.9524076 6.9607943 6.9696278 6.9789429 6.988778 6.999175 7.0101804 7.021845 7.0342246 7.0473807 7.0613803 7.0762968 7.0922093 7.1092029 7.1273676 7.1467962 7.1675809 7.189808 7.2135476 7.2388396 7.265672 7.2939499 7.3234594 7.3538433 7.3846981 7.4164845 7.4585406 7.5803996 7.467346 7.6209629 7.4734514 7.2347049 7.0634423 7.134819 7.1412057 6.8920882 6.2416147 6.6396742 6.5864649 6.4936091 6.1093356 6.1240384 6.2695885 6.1750389 5.7637604 6.1275183 6.2579706 6.1266087 5.9055356 6.1038164 6.2638722 6.1889183 6.2039954 6.299726
6.9081707 6.9143948 6.9209091 6.9277339 6.9348914 6.9424059 6.950304 6.9586148 6.9673705 6.9766064 6.9863617 6.9966794 7.0076074 7.0191987 7.0315123 7.0446136 7.0585755 7.0734794 7.0894158 7.1064857 7.1248013 7.1444876 7.1656825 7.1885378 7.2132193 7.2399065 7.2687931 7.3000935 7.3340682 7.3711151 7.4120497 7.4588019 7.5137043 7.5407766 7.4640627 7.5318877 7.3807634 7.2726431 7.1431578 6.9188944 6.9281408 6.7719964 6.4755895 6.5513526 6.4415543 6.3320466 5.8328004 6.0465724 6.1224734 6.0103373 5.6108444 6.0195078 6.0740961 5.9739285 5.6438645 6.1140145 6.1912441 6.0983148 6.1654557 6.2200802
6.9062314 6.9123796 6.9188141 6.9255553 6.932625 6.9400475 6.9478494 6.9560599 6.9647114 6.9738397 6.9834845 6.99369 7.0045055 7.0159863 7.0281945 7.0412003 7.0550833 7.0699343 7.0858576 7.1029738 7.1214236 7.141373 7.1630205 7.1866072 7.2124314 7.2408721 7.2724255 7.3077724 7.3479118 7.3944746 7.4505972 7.5241211 7.6504041 7.6403317 7.4619534 7.3506929 7.3479408 7.3044344 7.0971289 6.5885062 6.838725 6.7543866 6.6411069 6.3985403 6.3663288 6.2153148 5.9321896 5.9133364 6.0133165 5.8208577 5.6011392 5.8252325 5.8990616 5.778607 5.6872934 6.0588309 6.0375454 5.9172349 6.0291567 6.0911068
6.9040568 6.910114 6.9164526 6.9230924 6.9300551 6.9373649 6.945048 6.9531337 6.9616544 6.9706461 6.9801489 6.9902078 7.0008735 7.0122035 7.0242628 7.0371263 7.0508805 7.0656259 7.0814813 7.0985883 7.1171185 7.1372834 7.1593492 7.1836585 7.2106643 7.2409835 7.275485 7.3154446 7.3628456 7.4210633 7.4968035 7.6072845 7.8168508 7.6902501 7.535563 7.4886233 7.4063048 7.4259227 7.0443208 6.5313842 6.8606464 6.769422 6.6267589 6.21894 6.3105747 6.0830402 5.8705317 5.8260299 5.9340385 5.5990291 5.579758 5.6221725 5.7653449 5.5258385 5.7249044 5.8319914 5.8809111 5.6883142 6.0471092 5.9564325
6.9016517 6.9076033 6.9138298 6.9203508 6.9271877 6.934364 6.9419059 6.9498423 6.9582053 6.9670308 6.9763593 6.9862361 6.9967129 7.0078486 7.0197111 7.0323792 7.0459451 7.0605186 7.0762315 7.093245 7.1117597 7.1320303 7.1543879 7.1792741 7.2072949 7.2393082 7.276572 7.3210073 7.3757046 7.4460639 7.5431055 7.6967098 8.0330249 7.7062983 7.6954257 7.585226 7.5302709 7.5166851 7.0617369 6.7478473 7.0121686 7.1600091 6.5941573 6.1359136 6.3081119 5.9672194 5.9436333 5.769457 5.8708091 5.4844985 5.6441817 5.4557676 5.6776419 5.3015051 5.7062895 5.7709471 5.7582518 5.4979632 5.8842909 5.83181
6.8990221 6.9048536 6.9109524 6.9173376 6.92403 6.9310527 6.9384311 6.9461937 6.9543721 6.9630019 6.9721232 6.9817814 6.9920284 7.002924 7.0145378 7.0269511 7.0402606 7.0545826 7.0700593 7.0868668 7.1052285 7.1254331 7.1478632 7.1730391 7.2016897 7.2348702 7.274165 7.3220558 7.3826314 7.4630996 7.5778986 7.7695676 8.0729776 7.7197339 7.8174883 7.6487662 7.7718148 7.5615782 7.1538705 7.0625894 7.2677075 7.1186678 6.5535557 6.2301485 6.3751278 6.0711702 5.9326161 5.7851135 5.8307326 5.2897359 5.6224301 5.3868147 5.6137041 5.4561186 5.625114 5.5060821 5.655512 5.4068237 5.7817178 5.7468774
6.8961749 6.9018723 6.9078283 6.9140611 6.920591 6.9274402 6.9346334 6.9421983 6.9501656 6.9585702 6.9674514 6.9768539 6.9868292 6.9974371 7.0087471 7.0208418 7.0338196 7.0478003 7.0629313 7.0793971 7.0974338 7.1173492 7.1395543 7.1646124 7.1933187 7.2268329 7.2669134 7.3163498 7.3798135 7.465614 7.5891457 7.772596 7.8377118 7.7473067 7.8980237 7.692132 8.0034412 7.5460911 7.2525606 7.2788755 7.8091402 7.114676 6.5594729 6.5045928 6.560053 6.4683061 5.8101059 5.8561421 5.8460855 5.6368762 5.5689633 5.4957807 5.5459477 5.605753 5.5045809 5.4818958 5.5802805 5.3634008 5.6013645 5.695784
6.8931179 6.8986679 6.9044666 6.9105312 6.9168812 6.9235378 6.9305249 6.9378687 6.9455991 6.9537496 6.9623581 6.9714682 6.9811299 6.9914016 7.0023516 7.0140612 7.026628 7.0401709 7.0548369 7.0708107 7.0883286 7.1076991 7.1293332 7.1537924 7.1818643 7.2146893 7.2539811 7.3024362 7.3645549 7.4484619 7.5705335 7.7704375 7.948828 7.8415629 7.9386187 7.7049113 7.9226819 7.5435315 7.5294563 7.4702415 8.0504032 7.0979801 6.50528 6.7150392 6.844872 6.5520691 5.714225 5.9682172 5.8701304 5.8124029 5.485545 5.5858609 5.4436757 5.6506395 5.3586272 5.5402131 5.5324515 5.3815731 5.5544914 5.6621191
6.8898602 6.8952502 6.9008777 6.9067591 6.9129127 6.9193586 6.9261194 6.9332201 6.9406887 6.9485572 6.9568617 6.9656435 6.9749506 6.9848384 6.9953725 7.0066307 7.0187065 7.0317138 7.0457931 7.0611206 7.0779204 7.0964827 7.1171903 7.1405578 7.1672935 7.1983964 7.2353184 7.2802456 7.336625 7.4102378 7.5116504 7.6612528 7.8912459 7.981447 7.7031641 7.6817486 7.7041385 7.6036147 7.6498551 7.6192395 7.5812577 7.1599959 7.0000931 6.9127584 7.2499803 6.5385098 5.5988994 6.1186231 6.0466369 5.9142533 5.4737441 5.7897701 5.7136278 5.7133007 5.1111178 5.6264825 5.5564652 5.3608917 5.6296933 5.6851464
6.8864116 6.8916298 6.8970732 6.9027573 6.9086991 6.9149174 6.9214331 6.9282697 6.9354533 6.9430136 6.9509844 6.9594041 6.9683174 6.977776 6.9878409 6.9985841 7.0100922 7.0224701 7.0358464 7.0503807 7.0662742 7.0837828 7.1032377 7.1250724 7.1498631 7.1783849 7.2116935 7.2512363 7.2989828 7.3574731 7.4292015 7.5125474 7.5858973 7.5987153 7.5715772 7.6457047 7.6255615 7.7246964 7.7474977 7.7872205 7.4655915 7.325181 7.1972053 7.0765537 7.4234026 6.4635275 6.1380054 6.280826 6.3035443 5.9733156 5.4097844 6.166824 6.1524956 5.7588097 5.4181333 5.775094 5.7512338 5.315243 5.7764317 5.8784863
6.8827829 6.8878183 6.8930659 6.8985397 6.9042555 6.9102305 6.9164839 6.9230372 6.9299144 6.9371424 6.9447522 6.9527787 6.9612624 6.9702502 6.9797969 6.9899671 7.0008379 7.0125018 7.025071 7.038683 7.0535073 7.0697555 7.0876924 7.1076521 7.1300552 7.1554287 7.1844184 7.2177731 7.2562381 7.3001876 7.3485938 7.3968088 7.434956 7.4575973 7.4882029 7.566012 7.7303227 7.941294 7.6154669 7.7346647 7.3929718 7.5673398 7.2557403 7.2949022 7.1706273 6.4156348 6.376798 6.4462213 6.4146178 5.9758885 5.6314065 6.2852012 6.0888733 5.7368215 5.6914816 5.9785439 6.054676 5.6524248 5.9607118 6.0509406
6.8789856 6.8838284 6.8888694 6.8941212 6.8995982 6.9053159 6.9112916 6.9175444 6.9240959 6.9309703 6.9381948 6.9458005 6.953823 6.9623033 6.9712892 6.9808362 6.9910101 7.0018887 7.0135648 7.0261499 7.039778 7.054611 7.0708431 7.088706 7.1084705 7.1304399 7.1549251 7.1821781 7.212242 7.2446531 7.2779787 7.3095599 7.3369859 7.3635847 7.4063467 7.5042113 7.699075 7.6457718 7.3480048 7.277812 7.3749402 7.9090634 7.2376375 7.4885306 6.9948401 6.4826826 6.509839 6.5626189 6.3985368 5.9689516 5.988315 6.496071 6.0847173 5.6738253 5.8928309 6.2474141 6.0814934 5.8495858 6.2261452 6.1734094
6.8750321 6.8796735 6.8844983 6.8895179 6.8947448 6.9001929 6.9058773 6.9118148 6.9180242 6.9245263 6.9313448 6.9385063 6.946041 6.9539835 6.9623734 6.9712566 6.9806862 6.9907242 7.0014426 7.0129254 7.0252706 7.0385903 7.053012 7.0686749 7.0857227 7.1042852 7.124443 7.1461624 7.1691907 7.1929206 7.2163164 7.2381866 7.2582639 7.2790279 7.3061758 7.3418303 7.3572188 7.2765152 7.0591219 7.1043945 7.405073 7.6317647 7.1420038 7.1909903 6.8730855 6.7488851 6.5513118 6.4701029 6.3456216 5.9467306 6.1861577 6.3171725 6.1269892 5.8662653 6.0961196 6.4306457 6.0750303 6.0786447 6.6512259 6.2631952
6.870935 6.8753675 6.879968 6.8847465 6.8897138 6.8948819 6.9002636 6.9058734 6.9117269 6.9178418 6.9242375 6.9309361 6.937962 6.9453429 6.9531103 6.9612996 6.9699512 6.9791105 6.9888292 6.9991647 7.0101801 7.0219432 7.0345224 7.0479811 7.0623656 7.0776852 7.093881 7.1107805 7.1280432 7.1451234 7.1613123 7.175958 7.1888705 7.2004924 7.2106308 7.2141224 7.1948107 7.1257273 6.9209284 7.0703009 7.4906876 7.3860802 6.9318613 6.9057883 6.8728357 6.7704097 6.5458182 6.4261745 6.3632829 6.1215661 6.3219826 6.3076811 6.2281733 6.1186652 6.2190631 6.2923063 6.1178706 6.2329844 6.6171435 6.2622018
6.8667079 6.870925 6.8752944 6.8798245 6.8845245 6.8894041 6.8944742 6.8997463 6.9052334 6.9109494 6.9169098 6.9231316 6.9296337 6.9364368 6.9435639 6.9510403 6.9588936 6.9671539 6.9758531 6.9850243 6.9947001 7.0049097 7.015674 7.0269981 7.0388592 7.0511899 7.0638546 7.0766232 7.0891469 7.1009561 7.1115021 7.1202526 7.126765 7.1305019 7.1300761 7.1221395 7.1018952 7.0690227 7.0509968 7.2997032 7.5028109 6.9569765 6.4043287 6.6646969 6.9585315 6.7353578 6.5290917 6.4580069 6.4291035 6.4440935 6.3409307 6.331036 6.4054856 6.3638571 6.3267904 6.2850444 6.1832508 6.3192759 6.4295214 6.2439005
6.8623643 6.866361 6.8704939 6.87477 6.8791966 6.8837814 6.8885331 6.8934605 6.8985736 6.9038828 6.9093995 6.915136 6.9211053 6.9273214 6.9337993 6.9405545 6.9476027 6.9549597 6.9626399 6.9706552 6.9790122 6.9877091 6.9967302 7.0060385 7.0155656 7.0251983 7.0347633 7.0440122 7.0526114 7.0601461 7.0661413 7.0700894 7.0714378 7.0694712 7.0631174 7.0510749 7.0332741 7.0151052 7.0143548 7.0356376 6.9335928 6.5356255 5.7180493 6.5676493 6.9646433 6.6618373 6.5109868 6.46602 6.4642152 6.446334 6.3700384 6.3524448 6.673478 6.3726251 6.302452 6.3079334 6.33612 6.3678061 6.335581 6.2211805
6.8579182 6.8616906 6.8655832 6.8696012 6.8737502 6.878036 6.8824649 6.8870432 6.891778 6.8966761 6.9017451 6.9069924 6.9124259 6.918053 6.9238811 6.9299168 6.9361652 6.9426293 6.9493085 6.9561968 6.9632802 6.9705329 6.9779125 6.9853535 6.9927588 6.9999909 7.006861 7.0131207 7.0184579 7.0224982 7.0248137 7.0249272 7.0222993 7.0162951 7.0061933 6.9914071 6.9720511 6.9492228 6.921244 6.8667448 6.7225786 6.3721569 5.9725315 6.5422764 6.7406872 6.5407818 6.370201 6.4198064 6.4502881 6.3215296 6.2580488 6.3219691 6.5194624 6.2703353 6.2697934 6.2930037 6.3206314 6.5380478 6.3225138 6.1508614
6.8533836 6.8569293 6.8605789 6.8643363 6.8682054 6.87219 6.8762941 6.8805217 6.8848767 6.889363 6.8939842 6.8987436 6.9036436 6.9086862 6.9138716 6.9191986 6.924663 6.9302569 6.9359674 6.9417741 6.9476471 6.9535431 6.9594012 6.9651379 6.9706402 6.9757593 6.9803041 6.9840356 6.9866646 6.9878524 6.9872126 6.9843121 6.9786652 6.9697288 6.9569191 6.9396554 6.9172789 6.8882302 6.8472317 6.7802849 6.6624152 6.4640767 6.261078 6.7143285 6.592968 6.4453434 6.2252171 6.3373828 6.4855274 6.1144924 6.2056621 6.2870633 6.2716306 6.100879 6.1960044 6.2775532 6.2845318 6.2792451 6.2210836 6.0672411
6.8487745 6.8520921 6.8554978 6.8589938 6.8625823 6.8662654 6.8700449 6.8739225 6.8778995 6.8819766 6.8861539 6.8904306 6.8948048 6.899273 6.9038297 6.9084665 6.9131715 6.917928 6.922713 6.9274955 6.9322337 6.9368722 6.9413386 6.9455387 6.9493525 6.9526289 6.955182 6.956787 6.9571792 6.9560535 6.9530652 6.9478289 6.9399163 6.9288508 6.9140964 6.8950062 6.8706185 6.8391028 6.7968268 6.7380236 6.6579716 6.5653674 6.5100189 6.5326405 6.5163437 6.4258388 6.3574503 5.6521947 6.3865408 6.1873665 6.4463465 6.2564257 6.275242 6.2241317 6.3730056 6.5648419 6.2046501 6.1213439 6.0711588 5.9383538
