Cobbity/QGIS/C2_anal_1_5.tif
NCOLS 299
NROWS 230
XLLCORNER 150.661
YLLCORNER -34.0275
CELLSIZE 1e-05
NODATA_VALUE -9999
[rows 156 to 181 of 230, columns 0 to 59 of 299]
8.8438293 8.8436273 8.8434088 8.8431732 8.8429201 8.8426489 8.8423591 8.84205 8.8417212 8.8413719 8.8410016 8.8406096 8.8401953 8.8397579 8.8392968 8.8388113 8.8383006 8.837764 8.8372006 8.8366097 8.8359904 8.8353418 8.8346632 8.8339535 8.8332118 8.8324372 8.8316286 8.8307851 8.8299056 8.8289891 8.8280343 8.8270401 8.8260054 8.824929 8.8238095 8.8226457 8.8214363 8.8201798 8.818875 8.8175202 8.8161141 8.8146551 8.8131415 8.8115719 8.8099444 8.8082574 8.806509 8.8046975 8.8028209 8.8008774 8.7988649 8.7967813 8.7946246 8.7923925 8.7900829 8.7876934 8.7852217 8.7826653 8.7800218 8.7772886
8.8412912 8.8410615 8.840815 8.840551 8.8402692 8.839969 8.8396498 8.839311 8.8389521 8.8385725 8.8381714 8.8377484 8.8373027 8.8368336 8.8363405 8.8358225 8.8352791 8.8347094 8.8341126 8.833488 8.8328346 8.8321517 8.8314383 8.8306936 8.8299166 8.8291064 8.8282619 8.8273822 8.8264662 8.8255128 8.824521 8.8234895 8.8224173 8.821303 8.8201455 8.8189435 8.8176957 8.8164006 8.815057 8.8136633 8.8122182 8.81072 8.8091673 8.8075583 8.8058915 8.8041652 8.8023776 8.8005269 8.7986113 8.7966288 8.7945775 8.7924554 8.7902604 8.7879904 8.7856432 8.7832166 8.7807083 8.7781159 8.775437 8.7726691
8.8387717 8.8385148 8.8382408 8.837949 8.8376391 8.8373105 8.8369625 8.8365947 8.8362064 8.835797 8.835366 8.8349126 8.8344362 8.8339362 8.8334117 8.8328622 8.8322869 8.831685 8.8310557 8.8303982 8.8297117 8.8289954 8.8282483 8.8274696 8.8266583 8.8258135 8.8249343 8.8240195 8.8230681 8.8220792 8.8210515 8.819984 8.8188755 8.8177248 8.8165307 8.8152919 8.8140071 8.8126749 8.8112941 8.8098631 8.8083806 8.8068449 8.8052547 8.8036083 8.801904 8.8001403 8.7983154 8.7964275 8.7944748 8.7924554 8.7903675 8.7882091 8.7859782 8.7836726 8.7812903 8.778829 8.7762866 8.7736608 8.7709491 8.7681493
8.836271 8.8359875 8.8356865 8.8353675 8.8350301 8.8346736 8.8342975 8.8339012 8.8334842 8.8330458 8.8325855 8.8321025 8.8315962 8.8310659 8.830511 8.8299307 8.8293243 8.828691 8.8280301 8.8273407 8.826622 8.8258732 8.8250934 8.8242817 8.8234372 8.8225589 8.8216459 8.8206971 8.8197116 8.8186883 8.817626 8.8165238 8.8153803 8.8141945 8.8129651 8.8116909 8.8103706 8.8090028 8.8075862 8.8061195 8.8046012 8.8030298 8.8014038 8.7997216 8.7979817 8.7961824 8.794322 8.7923989 8.7904112 8.7883571 8.7862347 8.7840421 8.7817774 8.7794385 8.7770234 8.7745299 8.7719559 8.7692992 8.7665573 8.7637282
8.8337893 8.8334797 8.8331523 8.8328067 8.8324423 8.8320586 8.831655 8.831231 8.8307859 8.8303192 8.8298302 8.8293183 8.8287828 8.8282231 8.8276385 8.8270282 8.8263915 8.8257277 8.825036 8.8243156 8.8235656 8.8227853 8.8219737 8.82113 8.8202533 8.8193426 8.8183969 8.8174153 8.8163968 8.8153402 8.8142446 8.8131088 8.8119317 8.810712 8.8094487 8.8081405 8.8067861 8.8053842 8.8039334 8.8024325 8.80088 8.7992744 8.7976143 8.7958981 8.7941243 8.7922913 8.7903973 8.7884408 8.78642 8.7843332 8.7821783 8.7799538 8.7776575 8.7752875 8.7728419 8.7703185 8.7677152 8.76503 8.7622605 8.7594046
8.831327 8.8309918 8.8306386 8.8302669 8.8298762 8.8294658 8.8290354 8.8285842 8.8281117 8.8276173 8.8271004 8.8265603 8.8259964 8.825408 8.8247944 8.8241549 8.8234888 8.8227953 8.8220737 8.8213231 8.8205428 8.8197319 8.8188895 8.8180148 8.8171069 8.8161648 8.8151875 8.8141742 8.8131238 8.8120352 8.8109073 8.8097392 8.8085297 8.8072775 8.8059816 8.8046407 8.8032536 8.801819 8.8003356 8.798802 8.7972168 8.7955786 8.7938861 8.7921375 8.7903316 8.7884666 8.7865409 8.7845529 8.782501 8.7803832 8.778198 8.7759435 8.7736177 8.7712188 8.7687448 8.7661938 8.7635637 8.7608523 8.7580576 8.7551774
8.8288842 8.828524 8.8281455 8.8277483 8.8273318 8.8268955 8.8264388 8.8259611 8.8254618 8.8249404 8.8243963 8.8238287 8.8232371 8.8226207 8.821979 8.8213111 8.8206164 8.819894 8.8191433 8.8183635 8.8175537 8.8167131 8.8158409 8.8149362 8.813998 8.8130256 8.8120178 8.8109738 8.8098926 8.8087731 8.8076143 8.8064151 8.8051743 8.803891 8.8025638 8.8011916 8.7997732 8.7983072 8.7967925 8.7952277 8.7936114 8.7919423 8.7902189 8.7884397 8.7866032 8.7847079 8.7827523 8.7807347 8.7786534 8.7765068 8.7742931 8.7720106 8.7696574 8.7672317 8.7647315 8.762155 8.7595002 8.756765 8.7539474 8.7510453
8.8264611 8.8260765 8.8256733 8.8252512 8.8248095 8.8243478 8.8238654 8.8233618 8.8228365 8.8222888 8.8217181 8.8211237 8.8205051 8.8198616 8.8191924 8.8184969 8.8177743 8.817024 8.8162451 8.8154368 8.8145985 8.8137291 8.812828 8.8118942 8.8109269 8.8099251 8.8088879 8.8078143 8.8067034 8.8055541 8.8043654 8.8031363 8.8018656 8.8005523 8.7991951 8.7977929 8.7963445 8.7948487 8.7933042 8.7917096 8.7900637 8.7883651 8.7866124 8.7848041 8.7829388 8.781015 8.7790312 8.7769857 8.7748769 8.7727032 8.770463 8.7681544 8.7657758 8.7633253 8.760801 8.7582012 8.7555239 8.7527671 8.7499288 8.747007
8.8240581 8.8236495 8.8232222 8.8227757 8.8223094 8.8218229 8.8213155 8.8207867 8.8202359 8.8196625 8.8190659 8.8184455 8.8178006 8.8171306 8.8164348 8.8157124 8.8149629 8.8141853 8.813379 8.8125433 8.8116772 8.8107801 8.809851 8.8088891 8.8078935 8.8068634 8.8057977 8.8046957 8.8035561 8.8023782 8.8011608 8.799903 8.7986035 8.7972614 8.7958755 8.7944447 8.7929676 8.7914433 8.7898703 8.7882475 8.7865734 8.7848468 8.7830664 8.7812306 8.7793381 8.7773874 8.775377 8.7733053 8.7711708 8.7689719 8.766707 8.7643743 8.7619721 8.7594988 8.7569525 8.7543314 8.7516336 8.7488573 8.7460005 8.7430614
8.8216753 8.8212433 8.8207924 8.8203221 8.8198318 8.819321 8.8187892 8.8182358 8.8176602 8.8170618 8.81644 8.8157943 8.8151238 8.8144281 8.8137063 8.8129579 8.8121821 8.8113782 8.8105454 8.8096829 8.8087901 8.807866 8.8069098 8.8059208 8.804898 8.8038405 8.8027474 8.8016179 8.8004508 8.7992454 8.7980004 8.796715 8.795388 8.7940183 8.7926049 8.7911466 8.7896423 8.7880907 8.7864907 8.7848409 8.7831402 8.7813871 8.7795804 8.7777187 8.7758005 8.7738245 8.7717892 8.7696931 8.7675346 8.7653123 8.7630244 8.7606694 8.7582456 8.7557513 8.7531849 8.7505444 8.7478283 8.7450345 8.7421614 8.7392069
8.8193128 8.8188579 8.818384 8.8178904 8.8173767 8.8168423 8.8162867 8.8157093 8.8151095 8.8144868 8.8138406 8.8131701 8.8124748 8.8117541 8.8110072 8.8102334 8.8094322 8.8086027 8.8077441 8.8068559 8.8059371 8.8049869 8.8040047 8.8029894 8.8019403 8.8008564 8.799737 8.798581 8.7973875 8.7961555 8.7948841 8.7935722 8.7922188 8.7908228 8.7893832 8.7878987 8.7863684 8.7847909 8.7831651 8.7814898 8.7797638 8.7779857 8.7761542 8.774268 8.7723257 8.770326 8.7682674 8.7661484 8.7639676 8.7617235 8.7594144 8.7570389 8.7545953 8.7520819 8.7494972 8.7468394 8.7441068 8.7412976 8.73841 8.7354423
8.8169708 8.8164937 8.8159972 8.815481 8.8149444 8.814387 8.8138082 8.8132074 8.8125841 8.8119377 8.8112676 8.8105731 8.8098537 8.8091087 8.8083374 8.8075391 8.8067132 8.8058589 8.8049754 8.8040622 8.8031183 8.802143 8.8011355 8.8000949 8.7990204 8.7979112 8.7967664 8.7955849 8.794366 8.7931086 8.7918118 8.7904746 8.7890959 8.7876748 8.7862101 8.7847007 8.7831455 8.7815434 8.7798933 8.7781938 8.7764438 8.774642 8.7727872 8.770878 8.7689132 8.7668913 8.7648109 8.7626707 8.7604692 8.7582049 8.7558764 8.753482 8.7510203 8.7484897 8.7458885 8.7432152 8.7404679 8.7376452 8.7347452 8.7317662
8.8146496 8.8141506 8.8136322 8.8130939 8.812535 8.8119552 8.8113538 8.8107302 8.810084 8.8094146 8.8087213 8.8080035 8.8072606 8.806492 8.805697 8.804875 8.8040251 8.8031468 8.8022393 8.8013019 8.8003338 8.7993342 8.7983023 8.7972373 8.7961385 8.7950048 8.7938355 8.7926296 8.7913863 8.7901046 8.7887835 8.787422 8.7860192 8.784574 8.7830854 8.7815523 8.7799736 8.7783482 8.7766748 8.7749525 8.7731799 8.7713558 8.7694791 8.7675483 8.7655623 8.7635197 8.7614191 8.7592592 8.7570386 8.7547558 8.7524094 8.7499979 8.7475199 8.7449736 8.7423578 8.7396706 8.7369106 8.7340761 8.7311656 8.7281772
8.8123492 8.811829 8.8112892 8.8107292 8.8101487 8.809547 8.8089235 8.8082779 8.8076094 8.8069176 8.8062017 8.8054613 8.8046957 8.8039042 8.8030863 8.8022411 8.8013681 8.8004666 8.7995358 8.7985751 8.7975835 8.7965605 8.7955051 8.7944167 8.7932943 8.7921371 8.7909444 8.789715 8.7884483 8.7871432 8.7857989 8.7844143 8.7829885 8.7815204 8.780009 8.7784534 8.7768523 8.7752047 8.7735095 8.7717656 8.7699717 8.7681267 8.7662293 8.7642784 8.7622727 8.7602108 8.7580915 8.7559134 8.7536752 8.7513754 8.7490127 8.7465857 8.7440929 8.7415327 8.7389038 8.7362046 8.7334336 8.7305892 8.7276697 8.7246737
8.8100698 8.8095288 8.8089681 8.8083872 8.8077855 8.8071625 8.8065176 8.8058505 8.8051603 8.8044467 8.803709 8.8029466 8.8021589 8.8013453 8.8005051 8.7996376 8.7987423 8.7978183 8.796865 8.7958817 8.7948675 8.7938219 8.7927439 8.7916329 8.7904879 8.7893082 8.7880928 8.786841 8.7855519 8.7842245 8.7828579 8.7814512 8.7800035 8.7785136 8.7769806 8.7754035 8.7737813 8.7721128 8.7703969 8.7686326 8.7668187 8.7649541 8.7630375 8.7610677 8.7590436 8.7569639 8.7548273 8.7526324 8.7503781 8.7480629 8.7456854 8.7432444 8.7407384 8.738166 8.7355257 8.7328161 8.7300356 8.7271829 8.7242564 8.7212545
8.8078114 8.8072503 8.8066692 8.8060678 8.8054455 8.8048018 8.8041362 8.803448 8.8027369 8.8020021 8.8012432 8.8004595 8.7996504 8.7988153 8.7979535 8.7970645 8.7961475 8.7952018 8.7942268 8.7932217 8.7921858 8.7911184 8.7900187 8.7888859 8.7877192 8.7865178 8.7852808 8.7840075 8.7826969 8.7813482 8.7799604 8.7785327 8.777064 8.7755534 8.7739999 8.7724025 8.7707602 8.769072 8.7673367 8.7655532 8.7637206 8.7618375 8.759903 8.7579157 8.7558746 8.7537784 8.7516258 8.7494156 8.7471466 8.7448174 8.7424267 8.7399732 8.7374555 8.7348723 8.7322222 8.7295038 8.7267155 8.7238562 8.7209241 8.717918
8.8055743 8.8049934 8.8043926 8.8037713 8.8031289 8.8024651 8.8017792 8.8010707 8.8003391 8.7995839 8.7988044 8.798 8.7971702 8.7963143 8.7954317 8.7945217 8.7935838 8.7926172 8.7916212 8.7905951 8.7895383 8.7884499 8.7873292 8.7861755 8.784988 8.7837658 8.7825082 8.7812143 8.7798832 8.7785142 8.7771062 8.7756583 8.7741698 8.7726395 8.7710666 8.7694501 8.7677888 8.766082 8.7643284 8.762527 8.7606768 8.7587766 8.7568253 8.7548218 8.752765 8.7506536 8.7484864 8.7462623 8.7439799 8.7416381 8.7392356 8.7367711 8.7342432 8.7316507 8.7289923 8.7262665 8.723472 8.7206075 8.7176716 8.7146628
8.8033585 8.8027584 8.8021383 8.8014976 8.8008357 8.8001523 8.7994468 8.7987186 8.7979672 8.797192 8.7963925 8.7955681 8.7947182 8.7938422 8.7929395 8.7920093 8.7910512 8.7900644 8.7890482 8.7880019 8.7869249 8.7858164 8.7846756 8.7835019 8.7822943 8.7810523 8.7797748 8.7784612 8.7771106 8.7757221 8.7742949 8.772828 8.7713206 8.7697717 8.7681804 8.7665457 8.7648667 8.7631423 8.7613716 8.7595534 8.7576868 8.7557707 8.7538039 8.7517854 8.7497141 8.7475888 8.7454083 8.7431716 8.7408772 8.7385242 8.7361112 8.733637 8.7311004 8.7285001 8.7258347 8.7231031 8.7203039 8.7174357 8.7144973 8.7114874
8.801164 8.8005453 8.7999064 8.7992468 8.7985661 8.7978636 8.797139 8.7963916 8.795621 8.7948265 8.7940077 8.7931639 8.7922946 8.7913991 8.7904769 8.7895273 8.7885497 8.7875434 8.7865077 8.785442 8.7843456 8.7832177 8.7820576 8.7808647 8.779638 8.7783769 8.7770806 8.7757482 8.7743789 8.7729719 8.7715264 8.7700415 8.7685162 8.7669497 8.765341 8.7636893 8.7619935 8.7602527 8.7584659 8.7566321 8.7547502 8.7528193 8.7508382 8.7488059 8.7467214 8.7445834 8.7423909 8.7401427 8.7378378 8.7354748 8.7330527 8.7305702 8.7280261 8.7254193 8.7227485 8.7200124 8.7172098 8.7143394 8.7114 8.7083904
8.798991 8.7983542 8.797697 8.7970191 8.7963199 8.795599 8.7948558 8.7940899 8.7933006 8.7924875 8.7916499 8.7907874 8.7898993 8.788985 8.788044 8.7870756 8.7860792 8.7850541 8.7839997 8.7829153 8.7818002 8.7806538 8.7794752 8.7782638 8.7770189 8.7757396 8.7744252 8.7730749 8.7716879 8.7702633 8.7688004 8.7672983 8.7657562 8.764173 8.762548 8.7608802 8.7591687 8.7574125 8.7556108 8.7537624 8.7518664 8.7499218 8.7479276 8.7458827 8.7437861 8.7416366 8.7394333 8.737175 8.7348606 8.732489 8.730059 8.7275695 8.7250193 8.7224073 8.7197323 8.7169931 8.7141885 8.7113172 8.7083782 8.7053702
8.7968396 8.796185 8.7955101 8.7948144 8.7940974 8.7933585 8.7925974 8.7918134 8.7910061 8.7901749 8.7893192 8.7884385 8.7875323 8.7865999 8.7856407 8.7846542 8.7836397 8.7825965 8.7815241 8.7804218 8.7792888 8.7781245 8.7769282 8.7756992 8.7744367 8.7731401 8.7718085 8.7704411 8.7690372 8.767596 8.7661167 8.7645984 8.7630403 8.7614414 8.759801 8.7581182 8.756392 8.7546215 8.7528058 8.7509439 8.7490349 8.7470777 8.7450714 8.743015 8.7409075 8.7387478 8.7365348 8.7342676 8.7319449 8.7295659 8.7271292 8.724634 8.722079 8.719463 8.7167851 8.714044 8.7112387 8.7083679 8.7054305 8.7024254
8.7947097 8.794038 8.7933458 8.7926328 8.7918985 8.7911422 8.7903636 8.7895622 8.7887374 8.7878887 8.7870155 8.7861173 8.7851936 8.7842436 8.783267 8.782263 8.7812311 8.7801706 8.7790808 8.7779612 8.7768111 8.7756297 8.7744165 8.7731706 8.7718915 8.7705783 8.7692303 8.7678467 8.7664268 8.7649698 8.7634749 8.7619413 8.7603681 8.7587546 8.7570997 8.7554028 8.7536629 8.7518791 8.7500504 8.7481761 8.7462551 8.7442864 8.7422692 8.7402024 8.738085 8.7359161 8.7336946 8.7314196 8.7290899 8.7267045 8.7242625 8.7217626 8.7192039 8.7165853 8.7139057 8.711164 8.7083591 8.70549 8.7025555 8.6995545
8.7926014 8.791913 8.7912042 8.7904744 8.7897232 8.7889501 8.7881546 8.7873363 8.7864946 8.7856289 8.7847388 8.7838237 8.782883 8.7819163 8.7809228 8.779902 8.7788533 8.7777761 8.7766697 8.7755336 8.774367 8.7731693 8.7719399 8.770678 8.7693829 8.7680539 8.7666903 8.7652913 8.7638563 8.7623844 8.7608748 8.7593267 8.7577394 8.756112 8.7544437 8.7527336 8.750981 8.7491848 8.7473442 8.7454584 8.7435264 8.7415473 8.7395201 8.7374439 8.7353178 8.7331408 8.7309119 8.7286302 8.7262946 8.7239041 8.7214577 8.7189544 8.7163932 8.7137731 8.7110929 8.7083518 8.7055485 8.7026822 8.6997518 8.6967561
8.7905148 8.7898102 8.7890851 8.788339 8.7875715 8.7867821 8.7859703 8.7851356 8.7842775 8.7833955 8.7824891 8.7815577 8.7806007 8.7796177 8.7786079 8.777571 8.7765062 8.775413 8.7742907 8.7731387 8.7719564 8.7707431 8.7694982 8.7682209 8.7669107 8.7655667 8.7641883 8.7627748 8.7613254 8.7598394 8.7583159 8.7567543 8.7551537 8.7535134 8.7518325 8.7501102 8.7483457 8.7465381 8.7446866 8.7427903 8.7408483 8.7388597 8.7368236 8.7347391 8.7326053 8.7304212 8.728186 8.7258986 8.7235581 8.7211635 8.7187139 8.7162083 8.7136457 8.7110251 8.7083456 8.7056061 8.7028056 8.6999433 8.697018 8.6940288
8.7884499 8.7877295 8.7869887 8.7862268 8.7854435 8.7846383 8.7838107 8.7829602 8.7820863 8.7811885 8.7802663 8.7793191 8.7783465 8.7773478 8.7763225 8.77527 8.7741897 8.7730811 8.7719436 8.7707765 8.7695791 8.7683509 8.7670913 8.7657994 8.7644747 8.7631166 8.7617242 8.7602968 8.7588339 8.7573345 8.7557981 8.7542237 8.7526108 8.7509584 8.7492658 8.7475321 8.7457567 8.7439386 8.7420771 8.7401712 8.7382201 8.736223 8.734179 8.7320872 8.7299466 8.7277566 8.725516 8.723224 8.7208796 8.718482 8.7160303 8.7135234 8.7109604 8.7083404 8.7056625 8.7029258 8.7001291 8.6972718 8.6943527 8.691371
8.7864066 8.785671 8.7849149 8.7841377 8.7833391 8.7825186 8.7816757 8.7808099 8.7799208 8.7790078 8.7780703 8.777108 8.7761203 8.7751065 8.7740662 8.7729988 8.7719038 8.7707805 8.7696283 8.7684467 8.767235 8.7659926 8.7647189 8.7634131 8.7620748 8.7607031 8.7592975 8.7578571 8.7563814 8.7548695 8.7533209 8.7517346 8.7501101 8.7484464 8.746743 8.7449989 8.7432134 8.7413857 8.739515 8.7376005 8.7356413 8.7336366 8.7315856 8.7294874 8.7273411 8.725146 8.722901 8.7206054 8.7182582 8.7158586 8.7134057 8.7108985 8.7083362 8.7057179 8.7030426 8.7003096 8.6975178 8.6946664 8.6917546 8.6887814
