Cobbity/QGIS/C2_anal_3_5.tif
NCOLS 100
NROWS 80
XLLCORNER 150.661
YLLCORNER -34.0272
CELLSIZE 3e-05
NODATA_VALUE -9999
[rows 52 to 77 of 80, columns 0 to 59 of 100]
6.8441048 6.8471942 6.8503561 6.8535913 6.8569004 6.8602836 6.863741 6.8672719 6.8708751 6.8745485 6.8782891 6.8820926 6.885953 6.8898623 6.8938097 6.8977812 6.9017585 6.905718 6.9096292 6.9134529 6.9171395 6.920626 6.9238331 6.9266623 6.9289922 6.9306754 6.9315354 6.9313649 6.9299242 6.9269414 6.9221125 6.9151003 6.9055324 6.8929931 6.8770043 6.8569721 6.83207 6.8010646 6.7622876 6.7143613 6.6585982 6.6030171 6.5617838 6.5355725 6.4990889 6.4354017 6.3412125 6.2607715 6.3154211 6.3053364 6.305047 6.2931132 6.2935893 6.3110862 6.381641 6.3223289 6.1152137 5.8830004 5.7131787 5.8161006
6.839388 6.8422504 6.84517 6.8481464 6.8511787 6.8542655 6.857405 6.8605946 6.8638307 6.8671089 6.8704233 6.8737664 6.8771288 6.8804987 6.883861 6.8871972 6.890484 6.8936924 6.8967866 6.8997221 6.9024441 6.9048855 6.9069644 6.9085819 6.9096193 6.9099365 6.9093694 6.9077293 6.9048022 6.9003486 6.8941043 6.8857796 6.8750581 6.8615914 6.8449872 6.8247859 6.8004342 6.7713019 6.7368732 6.6973114 6.6544066 6.6120697 6.5741775 6.5393848 6.5006016 6.4533246 6.4023245 6.3660436 6.3523641 6.3393841 6.3264525 6.3159356 6.3079971 6.3043327 6.2971344 6.250478 6.1345631 5.9484697 5.8021001 5.9266934
6.8346373 6.8372749 6.839955 6.8426759 6.8454355 6.848231 6.8510587 6.8539143 6.8567923 6.8596861 6.8625872 6.8654856 6.8683691 6.8712225 6.8740275 6.8767621 6.8793992 6.8819062 6.8842436 6.8863636 6.8882089 6.889711 6.890788 6.8913437 6.8912649 6.8904209 6.8886617 6.8858181 6.881701 6.8761025 6.8687966 6.8595398 6.8480714 6.8341137 6.8173698 6.7975259 6.7742691 6.7473528 6.7167584 6.6829678 6.6472089 6.6112563 6.5763672 6.5419916 6.5062678 6.4686983 6.4323035 6.4023708 6.380262 6.3621467 6.3460931 6.3318219 6.318573 6.3046046 6.2840601 6.2456442 6.1817714 6.1039501 6.0570122 6.076914
6.8298655 6.8322815 6.8347259 6.8371959 6.8396883 6.8421988 6.8447224 6.8472532 6.8497839 6.8523059 6.854809 6.8572809 6.8597068 6.8620694 6.8643477 6.866517 6.8685478 6.8704049 6.8720468 6.8734244 6.8744795 6.8751441 6.8753389 6.8749719 6.8739374 6.8721153 6.8693706 6.865553 6.860498 6.8540275 6.8459513 6.8360695 6.8241742 6.8100536 6.7934983 6.7743136 6.7523493 6.7275565 6.7000805 6.6703634 6.6391667 6.6073776 6.5755894 6.5438019 6.5117587 6.4798283 6.4494924 6.4225634 6.3995964 6.3797054 6.361898 6.3454306 6.3293298 6.3119061 6.2901672 6.260551 6.2226645 6.1842075 6.1604537 6.1606743
6.8250849 6.8272832 6.8294967 6.8317216 6.8339533 6.8361865 6.8384151 6.8406316 6.8428274 6.8449923 6.8471143 6.8491795 6.8511713 6.8530705 6.8548543 6.8564962 6.8579652 6.8592248 6.8602325 6.8609392 6.8612875 6.8612115 6.8606355 6.8594734 6.8576278 6.8549899 6.8514395 6.846845 6.8410648 6.8339483 6.8253386 6.8150746 6.8029955 6.7889463 6.7727872 6.7544084 6.733756 6.7108692 6.685925 6.6592695 6.6313928 6.6028207 6.5739583 6.5450282 6.5162267 6.4880004 6.4611247 6.4363763 6.414061 6.3939297 6.3754731 6.3580852 6.3409853 6.3230951 6.303089 6.2800599 6.2549761 6.2318569 6.2164878 6.2121702
6.820307 6.8222927 6.8242809 6.8262671 6.8282458 6.8302106 6.8321543 6.8340683 6.8359428 6.8377664 6.8395257 6.8412055 6.8427879 6.8442523 6.8455749 6.8467281 6.84768 6.8483938 6.8488274 6.8489323 6.8486531 6.8479269 6.8466829 6.8448413 6.8423137 6.8390027 6.8348023 6.8295986 6.823271 6.8156941 6.8067401 6.7962821 6.7841987 6.7703803 6.7547389 6.7372203 6.7178232 6.6966207 6.6737797 6.6495666 6.6243239 6.5984158 6.5721693 6.5458621 6.5197822 6.494307 6.4698973 6.4469619 6.4256922 6.4060131 6.3876533 6.370215 6.3531936 6.336007 6.3181438 6.2995407 6.2811018 6.2648818 6.2533459 6.2479028
6.8155428 6.8173214 6.8190909 6.8208458 6.8225799 6.824286 6.825956 6.8275803 6.8291482 6.8306472 6.8320631 6.8333796 6.8345781 6.8356371 6.836532 6.837235 6.8377141 6.8379329 6.83785 6.8374187 6.8365863 6.8352937 6.8334753 6.8310583 6.8279631 6.8241034 6.8193867 6.8137153 6.8069879 6.799101 6.7899521 6.779443 6.7674842 6.754001 6.7389417 6.7222872 6.7040634 6.6843529 6.6633032 6.6411249 6.6180762 6.5944358 6.5704788 6.5464714 6.5226885 6.4994308 6.4770068 6.4556722 6.4355632 6.4166691 6.3988521 6.3818832 6.3654809 6.3493713 6.3334049 6.3177398 6.3030119 6.290304 6.2807739 6.2750913
6.8108025 6.8123803 6.8139381 6.8154699 6.8169686 6.8184264 6.8198345 6.8211826 6.8224592 6.8236512 6.8247436 6.8257196 6.8265599 6.8272428 6.8277436 6.8280344 6.8280837 6.827856 6.8273115 6.8264058 6.8250892 6.823307 6.8209989 6.8180992 6.8145369 6.8102362 6.8051173 6.799097 6.7920909 6.7840147 6.7747873 6.7643339 6.7525902 6.7395073 6.7250585 6.7092461 6.6921093 6.6737303 6.6542377 6.6338032 6.6126322 6.5909498 6.5689881 6.5469814 6.5251675 6.5037863 6.4830642 6.4631846 6.444257 6.4263044 6.4092704 6.3930432 6.3774896 6.3625064 6.3480925 6.334432 6.321942 6.3112171 6.3028443 6.2971643
6.8060956 6.8074794 6.8088332 6.8101504 6.8114234 6.812644 6.8138026 6.8148885 6.8158897 6.8167925 6.8175817 6.81824 6.818748 6.8190839 6.8192233 6.8191387 6.8187996 6.8181718 6.8172175 6.8158947 6.8141574 6.8119552 6.8092333 6.805933 6.8019914 6.7973426 6.791918 6.7856476 6.7784615 6.7702921 6.7610758 6.7507566 6.7392897 6.726645 6.7128128 6.6978081 6.6816759 6.6644942 6.6463752 6.6274627 6.6079259 6.5879512 6.5677344 6.5474757 6.5273753 6.5076281 6.4884117 6.4698709 6.4521026 6.4351501 6.4190083 6.4036398 6.389001 6.3750762 6.3619188 6.3496868 6.338651 6.3291521 6.3215056 6.3158927
6.8014308 6.8026278 6.8037857 6.8048974 6.805955 6.8069497 6.8078716 6.8087097 6.8094515 6.8100833 6.8105895 6.8109528 6.8111538 6.8111712 6.8109809 6.8105564 6.8098683 6.8088841 6.807568 6.8058812 6.803781 6.8012217 6.7981538 6.7945251 6.7902805 6.7853628 6.7797138 6.7732749 6.7659889 6.7578018 6.7486646 6.7385364 6.7273868 6.7151997 6.7019764 6.6877395 6.6725357 6.6564376 6.6395436 6.6219763 6.6038781 6.5854056 6.5667247 6.5480047 6.5294141 6.5111145 6.4932518 6.4759479 6.4592928 6.4433423 6.4281224 6.4136405 6.3999028 6.3869358 6.3748079 6.3636441 6.3536225 6.3449465 6.337794 6.3322636
6.7968162 6.7978339 6.7988043 6.7997198 6.8005724 6.8013529 6.8020511 6.8026559 6.8031546 6.8035333 6.8037766 6.8038672 6.8037862 6.8035125 6.8030231 6.8022924 6.8012924 6.7999925 6.7983594 6.796357 6.7939464 6.7910862 6.7877323 6.7838383 6.7793564 6.7742374 6.768432 6.7618917 6.75457 6.7464242 6.7374173 6.7275199 6.7167129 6.7049899 6.6923597 6.6788489 6.6645039 6.6493915 6.6335986 6.6172312 6.6004105 6.5832699 6.5659502 6.5485953 6.5313481 6.5143446 6.4977091 6.481548 6.4659464 6.4509668 6.4366529 6.4230374 6.4101522 6.3980421 6.3867749 6.3764476 6.3671807 6.3591002 6.3523106 6.3468665
6.7922589 6.7931052 6.7938966 6.7946256 6.7952838 6.7958619 6.7963496 6.7967355 6.7970071 6.7971506 6.7971506 6.7969902 6.7966511 6.7961129 6.7953534 6.7943483 6.7930711 6.7914934 6.7895842 6.7873104 6.7846368 6.7815259 6.7779387 6.7738344 6.7691717 6.7639084 6.7580033 6.7514163 6.74411 6.7360512 6.7272122 6.717573 6.7071226 6.6958615 6.6838036 6.6709775 6.6574279 6.6432159 6.6284189 6.6131292 6.5974513 6.5814995 6.5653944 6.5492591 6.5332157 6.517381 6.5018628 6.4867561 6.4721413 6.4580834 6.4446354 6.4318423 6.4197483 6.4084041 6.3978719 6.3882273 6.3795544 6.3719347 6.3654317 6.3600759
6.7877654 6.7884482 6.7890695 6.7896217 6.7900962 6.7904837 6.7907738 6.7909553 6.7910157 6.7909412 6.7907171 6.7903268 6.7897526 6.788975 6.7879728 6.7867231 6.7852012 6.7833806 6.7812327 6.7787275 6.7758331 6.772516 6.7687417 6.7644748 6.7596794 6.75432 6.748362 6.7417726 6.7345222 6.7265851 6.7179413 6.7085778 6.6984899 6.6876831 6.6761741 6.6639922 6.65118 6.6377935 6.6239018 6.6095856 6.594936 6.5800517 6.5650368 6.5499975 6.5350391 6.5202632 6.5057646 6.4916292 6.4779321 6.4647383 6.452104 6.4400796 6.4287136 6.4180567 6.4081642 6.3990961 6.3909132 6.3836706 6.3774085 6.3721438
6.7833415 6.7838688 6.7843289 6.784714 6.7850155 6.7852241 6.7853296 6.7853207 6.7851852 6.7849098 6.78448 6.7838799 6.7830925 6.7820993 6.7808802 6.7794138 6.777677 6.7756454 6.773293 6.7705923 6.7675148 6.7640308 6.7601099 6.7557213 6.7508343 6.7454189 6.7394465 6.7328905 6.7257275 6.7179383 6.7095088 6.7004313 6.6907061 6.6803417 6.6693568 6.6577806 6.6456531 6.6330256 6.6199599 6.6065274 6.5928078 6.5788872 6.5648558 6.5508061 6.53683 6.5230164 6.5094497 6.4962076 6.48336 6.4709699 6.4590931 6.4477811 6.4370825 6.4270456 6.417719 6.4091512 6.4013881 6.3944685 6.388419 6.383249
6.7789922 6.7793721 6.7796798 6.7799075 6.7800466 6.7800879 6.7800213 6.7798358 6.7795195 6.7790594 6.7784416 6.7776509 6.7766711 6.7754846 6.7740727 6.7724153 6.7704912 6.7682778 6.7657515 6.7628876 6.7596605 6.756044 6.7520115 6.7475365 6.7425926 6.7371548 6.7311995 6.7247054 6.7176543 6.7100321 6.7018295 6.6930431 6.6836763 6.6737402 6.6632543 6.652247 6.640756 6.6288282 6.616519 6.6038919 6.5910171 6.5779701 6.56483 6.5516777 6.5385938 6.5256572 6.512943 6.5005217 6.4884582 6.4768117 6.4656364 6.4549819 6.4448951 6.4354206 6.4266011 6.4184768 6.4110836 6.4044502 6.3985952 6.3935237
6.7747219 6.7749625 6.7751266 6.7752064 6.7751935 6.7750788 6.7748524 6.7745036 6.7740209 6.7733918 6.7726028 6.7716397 6.770487 6.7691282 6.7675459 6.7657213 6.7636349 6.7612662 6.7585938 6.7555954 6.7522484 6.7485296 6.7444159 6.7398844 6.7349129 6.7294805 6.7235678 6.7171581 6.7102375 6.702796 6.694828 6.6863334 6.677318 6.6677944 6.6577825 6.6473096 6.636411 6.6251295 6.6135152 6.6016247 6.5895202 6.5772684 6.5649389 6.5526031 6.5403322 6.5281963 6.5162628 6.5045957 6.4932545 6.4822945 6.4717666 6.461718 6.4521925 6.4432307 6.4348705 6.4271457 6.4200856 6.4137123 6.4080394 6.4030702
6.7705342 6.7706435 6.7706727 6.770614 6.7704593 6.7701996 6.7698253 6.769326 6.7686908 6.7679075 6.7669635 6.7658451 6.7645378 6.7630262 6.7612939 6.759324 6.7570984 6.7545983 6.7518046 6.7486974 6.7452564 6.7414616 6.7372928 6.7327304 6.7277558 6.7223516 6.7165023 6.7101946 6.7034183 6.6961667 6.6884372 6.6802321 6.671559 6.6624314 6.652869 6.6428981 6.6325514 6.6218683 6.6108939 6.5996791 6.5882793 6.5767536 6.5651638 6.553573 6.5420447 6.5306414 6.5194236 6.5084493 6.4977731 6.4874459 6.4775152 6.4680247 6.4590149 6.4505228 6.4425819 6.4352215 6.4284659 6.4223331 6.4168337 6.41197
6.7664323 6.7664182 6.7663209 6.7661329 6.7658463 6.7654522 6.7649415 6.7643041 6.7635295 6.7626062 6.7615222 6.7602645 6.7588197 6.7571733 6.7553103 6.753215 6.7508709 6.7482611 6.7453683 6.7421748 6.7386628 6.7348148 6.7306133 6.7260417 6.7210845 6.7157272 6.7099576 6.7037654 6.6971434 6.6900875 6.6825974 6.6746773 6.666336 6.6575874 6.6484509 6.6389515 6.6291197 6.6189915 6.6086079 6.5980146 6.5872613 6.5764006 6.5654876 6.5545786 6.54373 6.532998 6.5224371 6.5120997 6.5020356 6.4922917 6.4829115 6.4739354 6.4654005 6.4573404 6.449785 6.4427598 6.4362858 6.430378 6.4250454 6.4202899
6.7624188 6.7622889 6.7620735 6.7617651 6.761356 6.7608379 6.7602017 6.759438 6.7585365 6.7574866 6.7562767 6.7548949 6.7533284 6.7515639 6.7495876 6.747385 6.7449413 6.7422411 6.7392689 6.7360092 6.7324462 6.7285647 6.7243497 6.7197872 6.7148642 6.7095691 6.7038921 6.6978256 6.6913647 6.6845075 6.6772555 6.6696143 6.6615933 6.6532067 6.6444735 6.6354171 6.626066 6.6164533 6.6066162 6.596596 6.5864373 6.5761873 6.5658952 6.5556113 6.5453864 6.5352706 6.5253133 6.5155618 6.5060616 6.4968553 6.487983 6.4794816 6.471385 6.4637237 6.4565243 6.4498097 6.4435981 6.4379028 6.4327314 6.4280859
6.7584957 6.7582575 6.7579319 6.7575118 6.7569895 6.7563571 6.755606 6.7547271 6.7537107 6.7525466 6.7512242 6.7497321 6.7480587 6.7461914 6.7441177 6.7418244 6.739298 6.7365248 6.7334909 6.7301825 6.7265859 6.7226879 6.7184757 6.7139376 6.7090628 6.7038419 6.6982675 6.6923341 6.6860387 6.679381 6.6723641 6.6649943 6.6572818 6.6492406 6.6408889 6.6322489 6.6233472 6.614214 6.6048834 6.5953927 6.5857822 6.5760942 6.566373 6.5566637 6.5470119 6.5374628 6.5280609 6.5188491 6.5098686 6.5011585 6.4927552 6.4846925 6.4770012 6.469709 6.46284 6.4564146 6.4504491 6.4449553 6.4399402 6.4354058
6.7546644 6.7543253 6.7538973 6.7533737 6.7527471 6.7520099 6.7511538 6.7501702 6.74905 6.7477836 6.746361 6.7447717 6.7430048 6.7410489 6.7388924 6.7365233 6.7339295 6.7310986 6.7280184 6.7246768 6.7210617 6.7171618 6.7129663 6.7084653 6.70365 6.6985131 6.6930489 6.6872536 6.681126 6.6746671 6.6678809 6.6607745 6.6533582 6.645646 6.6376552 6.6294068 6.6209255 6.6122391 6.6033787 6.5943782 6.5852741 6.5761045 6.5669093 6.5577292 6.5486051 6.5395779 6.5306878 6.5219736 6.5134729 6.5052211 6.4972514 6.4895947 6.482279 6.4753295 6.468768 6.462613 6.4568792 6.4515773 6.4467139 6.4422912
6.7509262 6.7504931 6.7499703 6.7493511 6.7486286 6.7477954 6.7468438 6.7457656 6.7445521 6.7431944 6.7416831 6.7400086 6.7381606 6.7361289 6.7339027 6.7314714 6.7288238 6.7259491 6.7228364 6.7194749 6.7158545 6.7119651 6.7077979 6.7033445 6.6985979 6.6935524 6.6882039 6.6825502 6.676591 6.6703287 6.6637679 6.6569162 6.649784 6.6423849 6.6347355 6.6268556 6.6187679 6.6104983 6.6020752 6.5935294 6.5848939 6.5762034 6.5674939 6.5588019 6.5501647 6.5416189 6.5332011 6.5249465 6.5168891 6.5090612 6.501493 6.4942127 6.4872458 6.4806152 6.4743408 6.4684394 6.4629244 6.4578056 6.4530894 6.4487783
6.7472815 6.7467613 6.7461508 6.7454437 6.7446334 6.7437127 6.7426745 6.741511 6.740214 6.7387752 6.737186 6.7354372 6.7335197 6.7314238 6.72914 6.7266585 6.7239695 6.7210631 6.7179298 6.7145603 6.7109457 6.7070775 6.7029482 6.6985511 6.6938805 6.6889322 6.6837033 6.6781928 6.6724016 6.6663326 6.6599913 6.6533853 6.6465252 6.6394239 6.6320975 6.6245643 6.6168457 6.6089654 6.6009494 6.592826 6.5846251 6.5763782 6.5681178 6.5598771 6.5516896 6.5435888 6.5356075 6.5277779 6.5201308 6.5126955 6.5054997 6.4985689 6.4919264 6.4855932 6.4795874 6.4739244 6.4686164 6.4636728 6.4590995 6.4548992
6.7437309 6.74313 6.7424386 6.7416509 6.7407603 6.7397603 6.7386438 6.7374038 6.7360325 6.7345222 6.7328648 6.731052 6.7290753 6.726926 6.7245954 6.7220746 6.7193549 6.7164276 6.7132844 6.709917 6.7063178 6.7024797 6.6983965 6.6940627 6.6894738 6.6846268 6.6795201 6.6741534 6.6685284 6.6626489 6.6565206 6.6501513 6.6435513 6.6367333 6.6297123 6.6225057 6.6151333 6.607617 6.5999808 6.5922504 6.5844531 6.5766176 6.5687733 6.5609504 6.5531793 6.5454902 6.5379131 6.5304771 6.5232102 6.5161391 6.5092891 6.5026834 6.4963433 6.490288 6.484534 6.4790955 6.4739839 6.4692078 6.4647731 6.4606825
6.7402741 6.7395988 6.7388332 6.7379716 6.737008 6.7359361 6.7347494 6.733441 6.732004 6.7304309 6.7287145 6.726847 6.7248206 6.7226276 6.7202598 6.7177096 6.7149689 6.7120302 6.7088862 6.7055296 6.7019542 6.6981538 6.6941232 6.6898582 6.6853555 6.6806128 6.6756295 6.6704061 6.6649451 6.6592506 6.6533284 6.6471867 6.6408354 6.6342866 6.6275546 6.6206558 6.6136085 6.6064331 6.5991514 6.5917872 6.5843654 6.576912 6.5694539 6.5620185 6.5546333 6.547326 6.5401236 6.5330526 6.5261387 6.519406 6.5128776 6.5065748 6.500517 6.4947217 6.4892043 6.4839776 6.4790524 6.4744367 6.4701362 6.466154
6.7369109 6.7361671 6.7353335 6.7344046 6.7333748 6.7322382 6.7309885 6.7296195 6.7281246 6.726497 6.7247299 6.7228162 6.7207488 6.7185207 6.7161246 6.7135535 6.7108005 6.7078587 6.7047219 6.7013838 6.697839 6.6940825 6.69011 6.6859183 6.6815049 6.6768684 6.6720089 6.6669278 6.6616277 6.6561132 6.6503903 6.6444671 6.6383532 6.6320603 6.6256019 6.6189933 6.6122515 6.6053955 6.5984454 6.5914229 6.5843508 6.577253 6.5701539 6.5630784 6.5560516 6.5490987 6.5422443 6.5355125 6.5289266 6.5225088 6.51628 6.5102598 6.504466 6.4989145 6.4936195 6.488593 6.4838449 6.4793829 6.4752124 6.4713366
