Cobbity/QGIS/C2_anal_3_5.tif
NCOLS 100
NROWS 80
XLLCORNER 150.661
YLLCORNER -34.0272
CELLSIZE 3e-05
NODATA_VALUE -9999
[rows 0 to 25 of 80, columns 0 to 59 of 100]
6.8580333 6.8606066 6.8631895 6.8657776 6.8683661 6.8709494 6.8735214 6.8760752 6.8786028 6.8810957 6.883544 6.885937 6.8882625 6.8905074 6.892657 6.8946951 6.8966042 6.8983649 6.8999565 6.9013564 6.9025405 6.9034831 6.9041572 6.9045342 6.904585 6.9042794 6.9035871 6.9024783 6.9009237 6.8988957 6.8963688 6.8933207 6.8897326 6.8855902 6.8808844 6.8756116 6.8697745 6.8633822 6.85645 6.8490001 6.8410606 6.8326655 6.8238541 6.8146701 6.805161 6.7953772 6.785371 6.7751957 6.7649049 6.7545515 6.7441868 6.7338602 6.7236183 6.7135044 6.7035584 6.6938163 6.68431 6.6750676 6.6661129 6.6574656
6.8612192 6.8639417 6.8666809 6.8694328 6.8721927 6.8749554 6.8777149 6.8804645 6.8831965 6.8859023 6.8885721 6.8911952 6.8937593 6.8962509 6.8986549 6.9009546 6.9031316 6.9051655 6.9070343 6.9087139 6.9101781 6.9113989 6.9123466 6.9129896 6.913295 6.913229 6.9127569 6.9118442 6.9104571 6.908563 6.9061317 6.9031362 6.8995536 6.8953658 6.8905607 6.8851327 6.8790832 6.8724212 6.865163 6.8573329 6.8489621 6.8400888 6.830757 6.8210163 6.8109202 6.8005257 6.7898919 6.7790788 6.7681467 6.7571546 6.74616 6.7352174 6.7243785 6.7136908 6.7031976 6.692938 6.6829462 6.6732518 6.6638796 6.6548502
6.8643969 6.8672728 6.8701732 6.8730942 6.8760317 6.8789807 6.8819355 6.8848897 6.8878358 6.8907654 6.8936689 6.8965356 6.8993533 6.9021082 6.904785 6.9073665 6.9098335 6.9121648 6.9143371 6.9163245 6.9180991 6.9196304 6.9208858 6.9218302 6.922427 6.9226378 6.9224234 6.9217438 6.9205596 6.9188327 6.9165271 6.9136101 6.9100538 6.9058356 6.9009395 6.8953573 6.8890887 6.8821425 6.874536 6.8662958 6.8574568 6.8480618 6.8381609 6.8278099 6.8170699 6.8060053 6.7946831 6.7831711 6.7715371 6.7598476 6.7481665 6.7365548 6.7250692 6.713762 6.7026805 6.6918667 6.6813573 6.6711833 6.6613707 6.6519403
6.8675596 6.8705929 6.8736589 6.8767543 6.8798752 6.8830172 6.8861749 6.8893421 6.892512 6.8956763 6.8988258 6.9019499 6.9050364 6.9080718 6.9110404 6.9139247 6.916705 6.9193594 6.9218631 6.9241891 6.9263071 6.9281843 6.929785 6.9310707 6.9320003 6.9325307 6.932617 6.9322133 6.9312739 6.9297536 6.9276098 6.924803 6.921299 6.9170695 6.912094 6.9063605 6.899867 6.8926213 6.8846422 6.8759587 6.86661 6.8566444 6.8461189 6.835097 6.8236483 6.8118463 6.7997668 6.787487 6.7750833 6.7626306 6.7502003 6.7378603 6.7256734 6.7136969 6.7019822 6.6905748 6.6795135 6.6688311 6.6585543 6.648704
6.8706999 6.8738942 6.87713 6.8804046 6.8837146 6.8870559 6.8904237 6.8938124 6.8972155 6.9006253 6.9040328 6.907428 6.910799 6.9141322 6.9174121 6.9206212 6.9237392 6.9267436 6.9296087 6.9323059 6.9348032 6.9370652 6.9390531 6.9407245 6.9420338 6.9429323 6.9433691 6.9432914 6.9426457 6.941379 6.9394405 6.9367825 6.9333629 6.9291467 6.9241073 6.9182283 6.9115049 6.9039442 6.8955658 6.8864019 6.8764965 6.8659048 6.8546916 6.8429297 6.8306986 6.8180824 6.8051678 6.7920422 6.7787923 6.7655025 6.7522529 6.7391192 6.7261706 6.7134703 6.701074 6.6890306 6.6773812 6.6661602 6.6553947 6.6451056
6.87381 6.8771685 6.880578 6.8840362 6.8875404 6.891087 6.8946718 6.8982899 6.9019353 6.905601 6.9092786 6.9129585 6.9166294 6.920278 6.9238892 6.9274455 6.9309265 6.9343093 6.9375674 6.940671 6.9435863 6.9462756 6.9486967 6.9508034 6.9525451 6.9538672 6.9547118 6.9550181 6.9547239 6.9537669 6.952086 6.9496238 6.9463288 6.942157 6.9370745 6.9310592 6.9241026 6.9162104 6.9074036 6.8977177 6.8872026 6.8759213 6.8639482 6.8513671 6.8382695 6.8247516 6.8109129 6.796853 6.7826706 6.7684608 6.7543137 6.7403134 6.7265369 6.7130532 6.6999228 6.6871979 6.6749223 6.6631312 6.6518522 6.6411053
6.8768817 6.8804071 6.8839936 6.8876394 6.8913423 6.8950997 6.898908 6.9027629 6.9066593 6.9105909 6.9145501 6.9185281 6.9225141 6.9264958 6.9304584 6.9343847 6.9382548 6.9420454 6.9457297 6.9492769 6.9526518 6.9558143 6.9587194 6.9613165 6.96355 6.9653588 6.9666771 6.9674353 6.9675608 6.9669799 6.96562 6.9634114 6.9602906 6.9562027 6.9511045 6.9449666 6.9377756 6.9295354 6.920268 6.9100131 6.8988277 6.886784 6.873968 6.8604767 6.8464156 6.8318959 6.8170316 6.8019369 6.7867241 6.7715009 6.7563686 6.7414212 6.7267436 6.7124114 6.6984902 6.6850355 6.6720933 6.6596998 6.6478821 6.6366594
6.8799062 6.8836008 6.887367 6.8912037 6.8951095 6.8990825 6.90312 6.9072186 6.911374 6.9155809 6.9198328 6.9241216 6.9284377 6.9327696 6.9371035 6.9414229 6.9457084 6.9499371 6.9540822 6.9581123 6.9619911 6.9656767 6.969121 6.9722696 6.9750614 6.9774285 6.9792965 6.9805855 6.9812111 6.9810862 6.9801238 6.9782394 6.9753547 6.9714009 6.966323 6.9600819 6.9526582 6.944053 6.9342896 6.9234125 6.9114871 6.8985971 6.8848423 6.8703356 6.8551994 6.8395623 6.8235561 6.8073119 6.7909577 6.7746157 6.7584002 6.7424159 6.7267567 6.7115051 6.6967319 6.6824962 6.6688454 6.6558162 6.6434352 6.6317194
6.8828743 6.8867397 6.8906877 6.8947181 6.8988302 6.9030229 6.9072946 6.9116429 6.9160646 6.9205554 6.9251101 6.9297218 6.9343823 6.9390811 6.9438058 6.948541 6.9532685 6.9579661 6.9626075 6.9671614 6.9715909 6.9758527 6.9798964 6.9836637 6.9870882 6.9900947 6.9925997 6.9945115 6.9957322 6.9961589 6.9956869 6.9942136 6.991642 6.9878861 6.9828752 6.9765582 6.9689073 6.9599202 6.9496212 6.9380611 6.9253152 6.9114814 6.8966764 6.8810321 6.8646913 6.8478036 6.8305217 6.8129965 6.7953746 6.7777949 6.7603862 6.7432653 6.7265358 6.7102878 6.6945971 6.6795258 6.6651229 6.6514247 6.6384562 6.6262318
6.8857764 6.8898137 6.893945 6.8981709 6.9024918 6.9069076 6.9114177 6.9160209 6.9207151 6.9254975 6.9303641 6.9353098 6.9403278 6.9454093 6.9505434 6.9557166 6.9609121 6.9661093 6.971283 6.9764028 6.9814319 6.9863264 6.9910342 6.9954937 6.9996335 7.0033711 7.006613 7.0092549 7.011183 7.0122757 7.0124074 7.0114523 7.0092905 7.0058134 7.0009304 6.9945746 6.9867073 6.9773214 6.9664428 6.9541294 6.9404694 6.9255779 6.9095923 6.8926677 6.8749715 6.8566788 6.8379665 6.8190095 6.799976 6.781024 6.7622986 6.7439304 6.7260333 6.7087052 6.6920268 6.676063 6.6608633 6.6464629 6.6328842 6.6201379
6.8886025 6.892812 6.8971272 6.9015499 6.9060814 6.9107226 6.9154742 6.9203362 6.925308 6.9303884 6.935575 6.9408644 6.9462517 6.9517303 6.9572913 6.9629234 6.9686122 6.974339 6.9800809 6.9858091 6.9914881 6.9970744 7.0025151 7.0077465 7.0126927 7.0172642 7.0213574 7.0248541 7.0276224 7.029519 7.0303923 7.0300884 7.0284577 7.0253627 7.0206868 7.0143423 7.0062762 6.9964753 6.9849669 6.9718186 6.9571346 6.9410514 6.923732 6.9053596 6.8861319 6.8662539 6.8459323 6.8253698 6.80476 6.784283 6.7641026 6.744364 6.7251927 6.7066939 6.6889533 6.6720377 6.655996 6.6408613 6.6266519 6.6133733
6.8913425 6.8957236 6.9002227 6.9048423 6.9095851 6.914453 6.9194481 6.9245717 6.929825 6.9352084 6.9407214 6.9463626 6.9521294 6.9580176 6.9640211 6.9701314 6.9763368 6.982622 6.9889669 6.9953457 7.0017253 7.0080642 7.0143102 7.0203987 7.0262509 7.031771 7.0368456 7.0413417 7.0451075 7.0479737 7.049758 7.0502708 7.0493244 7.0467439 7.0423784 7.0361123 7.0278741 7.0176423 7.0054468 6.9913676 6.9755295 6.9580958 6.9392612 6.9192439 6.8982774 6.8766034 6.8544642 6.8320956 6.8097207 6.7875455 6.7657545 6.7445094 6.723947 6.7041805 6.6852991 6.6673705 6.650442 6.6345425 6.619685 6.6058682
6.8939858 6.8985372 6.903219 6.908035 6.9129886 6.9180834 6.9233226 6.9287094 6.9342465 6.9399361 6.94578 6.9517792 6.9579336 6.964242 6.9707013 6.9773065 6.9840497 6.9909195 6.9979002 7.0049701 7.0121003 7.0192529 7.0263787 7.0334143 7.0402797 7.0468752 7.053078 7.0587407 7.0636895 7.0677256 7.070629 7.0721656 7.0720987 7.0702035 7.0662833 7.0601853 7.0518132 7.0411353 7.0281858 7.0130612 6.9959134 6.97694 6.9563749 6.9344786 6.9115288 6.8878114 6.8636113 6.8392037 6.8148471 6.7907767 6.7672007 6.7442981 6.7222177 6.7010794 6.6809752 6.6619718 6.6441128 6.6274213 6.6119027 6.5975468
6.8965216 6.9012412 6.9061038 6.9111142 6.9162773 6.9215978 6.9270805 6.9327303 6.9385517 6.9445491 6.9507265 6.9570876 6.9636353 6.9703715 6.9772969 6.9844107 6.9917094 6.9991869 7.0068328 7.0146312 7.0225595 7.0305857 7.0386659 7.0467412 7.0547337 7.0625422 7.0700375 7.0770586 7.0834091 7.0888568 7.0931364 7.0959579 7.0970205 7.0960328 7.0927355 7.0869251 7.0784724 7.0673332 7.0535491 7.0372408 7.0185959 6.9978558 6.975303 6.9512496 6.9260266 6.8999734 6.8734266 6.8467091 6.8201209 6.7939313 6.7683746 6.7436482 6.7199122 6.697292 6.6758803 6.6557405 6.6369102 6.619404 6.603217 6.5883281
6.8989392 6.9038238 6.9088642 6.9140662 6.919436 6.9249797 6.9307039 6.9366149 6.9427194 6.9490239 6.9555352 6.9622596 6.9692032 6.9763718 6.9837702 6.9914023 6.9992701 7.0073736 7.0157093 7.024269 7.0330382 7.0419939 7.0511009 7.0603085 7.0695455 7.0787139 7.0876826 7.0962802 7.1042886 7.1114393 7.1174138 7.1218516 7.1243676 7.1245792 7.1221403 7.116777 7.1083156 7.0966979 7.0819798 7.0643176 7.0439478 7.0211677 6.9963193 6.9697767 6.9419353 6.9131993 6.8839685 6.8546239 6.8255151 6.796951 6.7691945 6.7424615 6.7169221 6.6927047 6.6698996 6.648564 6.6287259 6.6103884 6.5935336 6.578126
6.9012277 6.9062734 6.9114874 6.916877 6.9224495 6.9282126 6.9341744 6.9403431 6.9467275 6.9533365 6.9601794 6.9672656 6.9746047 6.9822066 6.9900807 6.9982362 7.0066814 7.0154235 7.0244672 7.0338139 7.0434599 7.0533939 7.063594 7.0740225 7.084621 7.0953016 7.1059385 7.1163565 7.1263202 7.1355244 7.1435896 7.1500676 7.1544611 7.1562608 7.1549967 7.1502938 7.141918 7.1297979 7.1140174 7.0947882 7.072415 7.0472657 7.0197533 6.9903246 6.9594514 6.9276175 6.8953013 6.8629557 6.8309908 6.7997611 6.7695601 6.7406211 6.7131212 6.6871876 6.6629042 6.6403173 6.6194416 6.6002649 6.5827522 6.5668506
6.9033762 6.9085779 6.9139606 6.9195326 6.9253026 6.9312797 6.9374737 6.9438948 6.9505538 6.9574621 6.9646317 6.9720752 6.979806 6.987838 6.9961858 7.0048645 7.0138893 7.0232754 7.0330373 7.0431877 7.0537362 7.0646869 7.0760356 7.087764 7.099834 7.1121778 7.1246856 7.1371903 7.149449 7.161125 7.1717731 7.1808377 7.1876718 7.1915864 7.1919283 7.1881732 7.1800027 7.1673386 7.1503215 7.1292536 7.1045354 7.0766226 7.0460076 7.0132183 6.9788157 6.9433823 6.9074974 6.8717063 6.8364936 6.8022663 6.7693491 6.7379889 6.7083638 6.6805939 6.6547503 6.6308635 6.6089298 6.5889167 6.5707683 6.5544098
6.9053741 6.9107259 6.9162711 6.922019 6.9279798 6.9341642 6.9405835 6.9472497 6.9541759 6.9613759 6.9688645 6.9766577 6.9847724 6.9932272 7.0020418 7.0112375 7.0208369 7.0308642 7.0413446 7.0523039 7.0637675 7.0757585 7.088295 7.1013854 7.1150215 7.1291678 7.1437467 7.1586175 7.1735492 7.1881886 7.2020287 7.2143885 7.2244228 7.2311817 7.2337317 7.2313152 7.2234932 7.2102017 7.1916982 7.1684386 7.1409606 7.1098202 7.0755879 7.0388714 7.0003342 6.9606856 6.9206408 6.8808688 6.8419484 6.8043456 6.768413 6.7344024 6.7024834 6.6727591 6.6452805 6.6200552 6.5970552 6.5762227 6.5574753 6.540712
6.9072109 6.9127058 6.9184062 6.9243226 6.9304663 6.9368496 6.9434854 6.9503877 6.9575716 6.9650533 6.9728505 6.9809823 6.9894695 6.9983351 7.0076042 7.0173042 7.0274657 7.0381222 7.0493103 7.0610704 7.0734454 7.0864807 7.1002217 7.1147107 7.12998 7.146042 7.1628722 7.1803837 7.1983898 7.2165543 7.2343311 7.2509077 7.2651829 7.2758244 7.2814493 7.2809133 7.2735928 7.2594954 7.2391252 7.2132108 7.1824823 7.1475917 7.1091544 7.0678364 7.0244161 6.9797765 6.9348306 6.8904222 6.8472509 6.805845 6.7665728 6.7296742 6.6952931 6.6635033 6.6343252 6.6077362 6.5836776 6.5620599 6.5427684 6.5256698
6.9088763 6.9145066 6.9203539 6.92643 6.9327474 6.9393199 6.9461619 6.9532893 6.9607192 6.9684702 6.9765627 6.9850189 6.9938634 7.0031234 7.0128291 7.0230144 7.0337175 7.0449811 7.056854 7.0693913 7.0826551 7.0967151 7.1116484 7.1275373 7.1444659 7.1625111 7.1817271 7.2021178 7.2235913 7.2458894 7.2684869 7.2904701 7.310433 7.3264836 7.3364885 7.3386074 7.3319062 7.3166107 7.2937634 7.26459 7.2300737 7.1908991 7.1476235 7.1009024 7.0516426 7.0009935 6.950184 6.90032 6.8522556 6.8065703 6.7636175 6.7235925 6.686589 6.652634 6.6217067 6.5937462 6.5686563 6.5463089 6.5265499 6.5092065
6.9103606 6.9161174 6.9221024 6.9283283 6.934809 6.9415594 6.9485958 6.9559355 6.9635978 6.9716034 6.9799752 6.9887386 6.9979214 7.0075549 7.0176744 7.0283195 7.0395355 7.0513745 7.0638965 7.0771713 7.0912804 7.1063188 7.1223971 7.1396429 7.1582006 7.1782275 7.1998839 7.2233089 7.2485744 7.2755993 7.3040037 7.3328878 7.3605586 7.3843433 7.4008142 7.4067601 7.4006356 7.3832641 7.3569195 7.323741 7.2849648 7.2410951 7.1923785 7.1392918 7.0828956 7.0248116 6.9668292 6.9104661 6.8567563 6.8062798 6.7593058 6.7159293 6.6761583 6.6399545 6.6072458 6.5779266 6.5518566 6.5288613 6.5087378 6.4912645
6.9116544 6.9175282 6.9236405 6.9300053 6.9366376 6.9435535 6.9507708 6.9583085 6.9661875 6.9744308 6.9830637 6.9921139 7.0016128 7.0115952 7.0221006 7.033174 7.0448672 7.0572402 7.0703635 7.0843204 7.0992101 7.1151519 7.1322897 7.1507973 7.1708838 7.1927982 7.2168295 7.2432964 7.2725151 7.3047191 7.3398882 7.3774165 7.4155549 7.4507163 7.4772503 7.4889881 7.4829002 7.4614394 7.4298805 7.3919589 7.3488255 7.3002782 7.2457317 7.1850799 7.1195991 7.0518996 6.9848656 6.9206628 6.8604615 6.8046874 6.7533836 6.7064589 6.6637957 6.6252757 6.5907713 6.5601294 6.5331595 6.5096309 6.4892791 6.47182
6.9127491 6.9187293 6.9249578 6.9314495 6.9382205 6.9452882 6.9526716 6.9603913 6.9684699 6.9769321 6.9858053 6.9951199 7.0049096 7.0152126 7.026072 7.0375372 7.0496653 7.062523 7.0761892 7.0907583 7.1063444 7.1230876 7.1411609 7.1607805 7.1822176 7.2058134 7.2319957 7.2612924 7.2943343 7.3318202 7.3743846 7.4222342 7.474288 7.5265 7.5698111 7.5912426 7.5832424 7.5529001 7.5134665 7.4708066 7.4242626 7.3720998 7.3120156 7.2421518 7.16417 7.0831352 7.0042284 6.930516 6.8629811 6.8014968 6.7456297 6.6949972 6.6493307 6.6084344 6.5721329 6.5402286 6.5124752 6.4885712 6.4681701 6.450905
6.9136364 6.9197118 6.9260445 6.9326502 6.9395461 6.9467508 6.9542843 6.9621686 6.9704279 6.9790885 6.9881797 6.9977337 7.0077867 7.0183793 7.0295576 7.0413743 7.0538903 7.0671773 7.0813198 7.0964201 7.1126028 7.1300226 7.1488741 7.1694058 7.1919388 7.2168931 7.2448222 7.2764592 7.3127724 7.3550209 7.4047682 7.4637115 7.5328858 7.610033 7.6831157 7.7238975 7.7081941 7.657034 7.6072553 7.5633271 7.5161193 7.4635763 7.4004994 7.3186352 7.2207847 7.1193445 7.0243218 6.9393078 6.8638886 6.7965238 6.7359595 6.6814705 6.632669 6.5893175 6.5512174 6.5181362 6.4897638 6.4657032 6.4454917 6.4286447
6.9143089 6.9204675 6.9268915 6.9335976 6.9406036 6.9479293 6.9555958 6.9636263 6.9720461 6.9808833 6.9901683 6.9999354 7.0102223 7.0210717 7.0325316 7.044657 7.0575112 7.0711683 7.0857161 7.1012604 7.1179306 7.135888 7.1553378 7.176545 7.199859 7.2257484 7.2548518 7.2880538 7.3265963 7.3722438 7.4275164 7.4959705 7.5822774 7.6906638 7.8149019 7.9028182 7.8643692 7.7626419 7.7103475 7.6811215 7.6341348 7.589112 7.535157 7.4339346 7.2959682 7.15992 7.0432618 6.9460288 6.8630619 6.7900086 6.7246192 6.6660204 6.6138498 6.5678927 6.5279682 6.493823 6.4650666 6.4411634 6.4214698 6.4053214
6.91476 6.9209891 6.9274909 6.9342828 6.9413834 6.9488133 6.9565946 6.9647517 6.973311 6.9823016 6.9917554 7.0017079 7.0121983 7.0232704 7.0349737 7.0473641 7.060506 7.0744738 7.0893554 7.1052559 7.1223032 7.1406565 7.160518 7.1821501 7.2059016 7.232246 7.2618413 7.2956212 7.3349408 7.3818111 7.4392886 7.5121367 7.6079372 7.7385558 7.9187682 8.1116774 8.0247106 7.8231024 7.8357619 7.8874522 7.7928885 7.780326 7.8001007 7.6404263 7.3924838 7.198245 7.0572696 6.9504177 6.8617601 6.7832628 6.7124717 6.6491395 6.5931272 6.5442534 6.5024165 6.4673527 6.438559 6.4152904 6.3965917 6.3814911
