Cobbity/QGIS/C2_anal_1_5.tif
NCOLS 299
NROWS 230
XLLCORNER 150.661
YLLCORNER -34.0275
CELLSIZE 1e-05
NODATA_VALUE -9999
[rows 0 to 25 of 230, columns 60 to 119 of 299]
9.2628112 9.2661173 9.2694049 9.2726713 9.2759136 9.279129 9.2823141 9.2854659 9.2885809 9.2916557 9.2946865 9.2976696 9.3006011 9.303477 9.306293 9.3090449 9.3117282 9.3143385 9.316871 9.319321 9.3216835 9.3239537 9.3261265 9.3281967 9.3301591 9.3320085 9.3337396 9.3353471 9.3368255 9.3381696 9.3393739 9.3404334 9.3413425 9.3420963 9.3426896 9.3431174 9.3433748 9.3434572 9.3433599 9.3430787 9.3426093 9.3419479 9.3410907 9.3400344 9.3387757 9.3373118 9.3356402 9.3337588 9.3316655 9.3293589 9.3268379 9.3241016 9.3211498 9.3179824 9.3145997 9.3110027 9.3071924 9.3031706 9.2989391 9.2945005
9.2673162 9.27073 9.2741272 9.2775048 9.2808601 9.2841899 9.2874911 9.2907604 9.2939944 9.2971894 9.3003416 9.3034473 9.3065023 9.3095025 9.3124436 9.3153212 9.3181306 9.3208672 9.323526 9.3261022 9.3285906 9.3309861 9.3332834 9.335477 9.3375616 9.3395317 9.3413816 9.3431057 9.3446984 9.3461541 9.3474672 9.348632 9.3496429 9.3504945 9.3511815 9.3516984 9.3520401 9.3522015 9.3521779 9.3519646 9.3515571 9.3509512 9.350143 9.3491287 9.347905 9.3464689 9.3448175 9.3429484 9.3408597 9.3385496 9.3360169 9.3332608 9.3302806 9.3270765 9.3236487 9.319998 9.3161256 9.3120333 9.3077229 9.3031971
9.2718448 9.2753693 9.278879 9.2823711 9.2858426 9.2892903 9.2927112 9.2961018 9.2994585 9.3027778 9.3060557 9.3092882 9.3124712 9.3156005 9.3186715 9.3216796 9.3246202 9.3274882 9.3302787 9.3329866 9.3356064 9.3381329 9.3405604 9.3428833 9.345096 9.3471927 9.3491674 9.3510143 9.3527274 9.3543008 9.3557286 9.3570047 9.3581234 9.3590788 9.3598652 9.3604768 9.3609083 9.3611543 9.3612095 9.3610691 9.3607282 9.3601823 9.3594272 9.358459 9.3572739 9.3558687 9.3542404 9.3523863 9.3503044 9.3479926 9.3454497 9.3426746 9.3396667 9.336426 9.3329528 9.3292477 9.3253121 9.3211476 9.3167564 9.312141
9.2763955 9.2800336 9.2836589 9.2872686 9.2908596 9.2944289 9.2979731 9.3014887 9.3049723 9.3084199 9.3118277 9.3151916 9.3185072 9.3217703 9.3249761 9.3281199 9.3311969 9.3342018 9.3371296 9.3399747 9.3427318 9.3453951 9.3479589 9.3504173 9.3527643 9.3549938 9.3570997 9.3590758 9.3609157 9.3626133 9.3641621 9.3655561 9.3667888 9.3678542 9.3687461 9.3694586 9.3699858 9.3703219 9.3704615 9.3703992 9.37013 9.369649 9.3689516 9.3680335 9.366891 9.3655203 9.3639183 9.3620821 9.3600092 9.3576978 9.3551462 9.3523533 9.3493184 9.3460414 9.3425224 9.3387623 9.3347623 9.3305241 9.3260499 9.3213424
9.2809663 9.284721 9.2884651 9.2921956 9.2959096 9.299604 9.3032752 9.3069199 9.3105343 9.3141146 9.3176567 9.3211565 9.3246096 9.3280114 9.3313571 9.3346419 9.3378607 9.3410081 9.3440789 9.3470673 9.3499676 9.352774 9.3554804 9.3580807 9.3605685 9.3629375 9.3651813 9.3672932 9.3692667 9.3710952 9.372772 9.3742904 9.3756439 9.376826 9.37783 9.3786497 9.3792788 9.3797112 9.3799411 9.3799626 9.3797705 9.3793594 9.3787246 9.3778613 9.3767655 9.3754332 9.3738609 9.3720455 9.3699845 9.3676756 9.365117 9.3623076 9.3592465 9.3559334 9.3523686 9.3485528 9.3444873 9.3401737 9.3356144 9.3308121
9.2855555 9.2894297 9.2932956 9.2971504 9.3009909 9.3048139 9.308616 9.3123937 9.3161431 9.3198604 9.3235415 9.3271819 9.3307773 9.3343229 9.3378139 9.3412451 9.3446113 9.3479071 9.3511268 9.3542647 9.3573146 9.3602706 9.3631262 9.365875 9.3685106 9.371026 9.3734147 9.3756696 9.3777838 9.3797504 9.3815622 9.3832123 9.3846937 9.3859994 9.3871225 9.3880562 9.388794 9.3893292 9.3896556 9.3897671 9.3896578 9.3893223 9.3887552 9.3879516 9.386907 9.3856172 9.3840783 9.3822871 9.3802408 9.3779368 9.3753732 9.3725487 9.3694623 9.3661136 9.3625029 9.3586308 9.3544985 9.3501079 9.3454614 9.3405616
9.2901608 9.2941576 9.2981486 9.3021309 9.3061013 9.3100567 9.3139936 9.3179084 9.3217971 9.3256559 9.3294805 9.3332665 9.3370093 9.340704 9.3443456 9.3479289 9.3514485 9.3548987 9.3582736 9.3615673 9.3647734 9.3678856 9.3708974 9.3738019 9.3765923 9.3792615 9.3818024 9.3842078 9.3864703 9.3885825 9.390537 9.3923263 9.3939431 9.39538 9.3966295 9.3976846 9.398538 9.399183 9.3996127 9.3998206 9.3998005 9.3995464 9.3990527 9.398314 9.3973255 9.3960827 9.3945813 9.3928179 9.3907893 9.3884929 9.3859264 9.3830884 9.3799778 9.3765941 9.3729374 9.3690084 9.3648083 9.360339 9.3556029 9.3506029
9.29478 9.2989024 9.3030217 9.3071349 9.311239 9.3153305 9.3194062 9.3234621 9.3274946 9.3314994 9.3354723 9.3394088 9.3433042 9.3471534 9.3509513 9.3546926 9.3583716 9.3619824 9.365519 9.3689752 9.3723444 9.37562 9.3787951 9.3818627 9.3848154 9.3876461 9.3903471 9.3929108 9.3953294 9.3975953 9.3997005 9.4016371 9.4033974 9.4049733 9.4063571 9.4075413 9.4085181 9.4092802 9.4098203 9.4101317 9.4102074 9.4100411 9.4096268 9.4089587 9.4080316 9.4068405 9.4053811 9.4036494 9.4016419 9.3993559 9.3967889 9.3939392 9.3908056 9.3873875 9.383685 9.3796986 9.3754296 9.3708798 9.3660519 9.3609488
9.2994107 9.3036618 9.3079126 9.3121602 9.3164015 9.320633 9.3248514 9.3290528 9.3332334 9.337389 9.3415151 9.3456072 9.3496605 9.3536698 9.3576299 9.3615351 9.3653798 9.3691577 9.3728628 9.3764884 9.3800279 9.3834742 9.3868202 9.3900586 9.3931817 9.3961818 9.399051 9.4017814 9.4043646 9.4067926 9.409057 9.4111494 9.4130616 9.414785 9.4163116 9.417633 9.4187412 9.4196284 9.4202868 9.4207089 9.4208876 9.4208161 9.4204876 9.4198962 9.4190362 9.4179021 9.4164893 9.4147935 9.412811 9.4105386 9.4079736 9.4051143 9.4019591 9.3985074 9.3947591 9.3907149 9.3863758 9.381744 9.3768218 9.3716126
9.3040504 9.3084332 9.3128188 9.3172043 9.3215863 9.3259618 9.330327 9.3346782 9.3390114 9.3433224 9.3476068 9.3518598 9.3560765 9.3602516 9.3643798 9.3684553 9.3724721 9.376424 9.3803045 9.3841068 9.3878239 9.3914487 9.3949735 9.3983907 9.4016925 9.4048705 9.4079167 9.4108224 9.4135791 9.4161782 9.4186107 9.420868 9.422941 9.424821 9.4264991 9.4279667 9.429215 9.4302357 9.4310205 9.4315615 9.4318509 9.4318813 9.4316458 9.4311376 9.4303507 9.4292793 9.4279184 9.4262631 9.4243095 9.4220542 9.4194942 9.4166274 9.4134522 9.4099679 9.4061742 9.4020716 9.3976615 9.3929458 9.387927 9.3826086
9.3086962 9.3132139 9.3177376 9.3222643 9.326791 9.3313141 9.3358303 9.3403356 9.3448261 9.3492975 9.3537452 9.3581644 9.3625502 9.366897 9.3711995 9.3754517 9.3796474 9.3837801 9.3878433 9.3918298 9.3957324 9.3995436 9.4032555 9.4068602 9.4103492 9.4137141 9.4169462 9.4200365 9.4229761 9.4257556 9.4283659 9.4307975 9.4330411 9.4350871 9.4369263 9.4385494 9.439947 9.4411103 9.4420304 9.4426987 9.443107 9.4432474 9.4431122 9.4426944 9.4419873 9.4409847 9.4396811 9.4380714 9.4361512 9.4339167 9.4313648 9.428493 9.4252997 9.4217838 9.4179451 9.413784 9.4093018 9.4045004 9.3993826 9.3939518
9.3133454 9.318001 9.322666 9.3273375 9.3320124 9.3366873 9.3413586 9.3460225 9.3506749 9.3553115 9.3599278 9.3645187 9.3690793 9.373604 9.3780871 9.3825225 9.386904 9.3912249 9.3954783 9.3996568 9.403753 9.407759 9.4116666 9.4154675 9.419153 9.4227141 9.4261417 9.4294264 9.4325586 9.4355287 9.4383268 9.4409429 9.4433672 9.4455894 9.4475998 9.4493883 9.4509452 9.4522607 9.4533255 9.4541304 9.4546665 9.4549252 9.4548985 9.4545786 9.4539585 9.4530313 9.4517911 9.4502324 9.4483504 9.4461409 9.4436006 9.4407267 9.4375172 9.4339711 9.4300879 9.4258681 9.4213128 9.416424 9.4112046 9.4056581
9.3179947 9.3227913 9.3276009 9.3324207 9.3372475 9.3420781 9.3469088 9.3517357 9.3565548 9.3613617 9.3661518 9.3709201 9.3756614 9.3803701 9.3850403 9.3896659 9.3942404 9.3987569 9.4032082 9.4075869 9.411885 9.4160946 9.4202069 9.4242134 9.4281049 9.431872 9.4355051 9.4389944 9.4423297 9.4455009 9.4484975 9.4513089 9.4539247 9.456334 9.4585262 9.4604909 9.4622175 9.4636957 9.4649153 9.4658666 9.4665399 9.4669262 9.4670167 9.466803 9.4662775 9.4654329 9.4642627 9.4627609 9.4609223 9.4587424 9.4562174 9.4533444 9.4501212 9.4465463 9.4426194 9.4383407 9.4337114 9.4287335 9.42341 9.4177445
9.3226408 9.3275814 9.3325389 9.3375105 9.3424931 9.3474833 9.3524775 9.357472 9.3624626 9.367445 9.3724143 9.3773656 9.3822936 9.3871927 9.3920568 9.3968796 9.4016544 9.4063742 9.4110315 9.4156187 9.4201276 9.4245498 9.4288763 9.433098 9.4372055 9.441189 9.4450382 9.4487429 9.4522924 9.4556758 9.4588822 9.4619004 9.464719 9.4673269 9.4697126 9.4718648 9.4737724 9.4754242 9.4768096 9.4779178 9.4787386 9.4792623 9.4794792 9.4793806 9.4789581 9.4782038 9.4771107 9.4756723 9.4738828 9.4717375 9.4692321 9.4663634 9.463129 9.4595272 9.4555574 9.4512198 9.4465157 9.441447 9.4360167 9.4302287
9.3272803 9.3323679 9.3374766 9.3426034 9.3477454 9.3528992 9.3580614 9.363228 9.3683949 9.3735578 9.3787118 9.383852 9.3889729 9.3940688 9.3991336 9.4041608 9.4091435 9.4140746 9.4189464 9.4237508 9.4284795 9.4331237 9.4376742 9.4421214 9.4464555 9.450666 9.4547425 9.4586739 9.4624492 9.4660567 9.4694849 9.4727219 9.4757558 9.4785744 9.4811657 9.4835177 9.4856183 9.4874557 9.4890184 9.4902949 9.4912742 9.4919457 9.4922994 9.4923254 9.4920149 9.4913593 9.4903509 9.4889828 9.4872488 9.4851435 9.4826624 9.4798018 9.476559 9.4729322 9.4689206 9.4645244 9.4597447 9.4545834 9.4490438 9.4431298
9.3319094 9.337147 9.34241 9.3476955 9.3530007 9.3583221 9.3636564 9.3689997 9.3743478 9.3796965 9.3850408 9.3903757 9.3956958 9.4009951 9.4062676 9.4115066 9.4167051 9.4218557 9.4269504 9.4319812 9.4369391 9.4418153 9.4466 9.4512833 9.4558548 9.4603039 9.4646192 9.4687895 9.4728027 9.4766469 9.4803096 9.4837783 9.4870403 9.4900828 9.4928928 9.4954575 9.497764 9.4997997 9.5015521 9.5030091 9.5041587 9.5049896 9.5054907 9.5056517 9.5054629 9.5049151 9.5039999 9.5027098 9.501038 9.4989786 9.4965268 9.4936784 9.4904305 9.4867811 9.4827291 9.4782746 9.4734186 9.4681632 9.4625115 9.4564678
9.3365242 9.3419147 9.3473352 9.3527828 9.3582548 9.3637479 9.3692585 9.3747831 9.3803173 9.3858569 9.3913971 9.3969328 9.4024583 9.407968 9.4134553 9.4189137 9.4243359 9.4297144 9.4350411 9.4403075 9.4455045 9.4506228 9.4556523 9.4605828 9.4654035 9.4701029 9.4746694 9.4790911 9.4833553 9.4874493 9.49136 9.4950741 9.4985781 9.5018583 9.5049009 9.5076922 9.5102184 9.512466 9.5144216 9.5160721 9.5174047 9.5184071 9.5190675 9.5193747 9.5193181 9.5188879 9.5180749 9.516871 9.5152689 9.513262 9.510845 9.5080136 9.5047643 9.5010948 9.4970039 9.4924916 9.4875588 9.4822076 9.4764413 9.4702642
9.3411205 9.3466668 9.3522478 9.357861 9.3635034 9.369172 9.3748633 9.3805736 9.3862989 9.3920348 9.3977765 9.4035189 9.4092565 9.4149832 9.4206927 9.4263783 9.4320325 9.4376476 9.4432153 9.448727 9.4541732 9.4595442 9.4648298 9.4700191 9.4751007 9.4800631 9.4848937 9.48958 9.4941089 9.4984667 9.5026397 9.5066137 9.5103744 9.5139071 9.5171971 9.5202299 9.5229906 9.5254647 9.5276378 9.5294959 9.5310252 9.5322124 9.5330447 9.5335102 9.5335972 9.5332952 9.5325943 9.5314856 9.5299612 9.5280139 9.525638 9.5228285 9.5195818 9.5158952 9.5117674 9.507198 9.5021881 9.4967396 9.490856 9.4845416
9.3456939 9.3513988 9.3571434 9.3629253 9.3687418 9.3745898 9.380466 9.3863667 9.3922879 9.3982253 9.4041742 9.4101295 9.4160855 9.4220363 9.4279754 9.433896 9.4397906 9.4456513 9.4514695 9.4572364 9.4629423 9.4685771 9.4741302 9.4795904 9.4849457 9.490184 9.4952923 9.5002574 9.5050653 9.5097018 9.5141522 9.5184015 9.5224344 9.5262354 9.5297888 9.5330789 9.5360899 9.5388061 9.5412122 9.543293 9.5450337 9.5464199 9.5474379 9.5480746 9.5483176 9.5481554 9.5475772 9.5465735 9.5451356 9.5432557 9.5409276 9.5381457 9.5349061 9.5312058 9.5270432 9.5224178 9.5173304 9.5117833 9.5057797 9.4993243
9.3502399 9.356106 9.3620171 9.3679711 9.3739651 9.3799963 9.3860615 9.392157 9.3982791 9.4044233 9.4105851 9.4167593 9.4229404 9.4291223 9.4352986 9.4414623 9.4476059 9.4537212 9.4597997 9.465832 9.4718084 9.4777185 9.4835511 9.4892947 9.4949369 9.5004649 9.5058651 9.5111236 9.5162258 9.5211566 9.5259004 9.5304414 9.5347632 9.5388493 9.542683 9.5462474 9.5495256 9.5525009 9.5551566 9.5574763 9.5594442 9.5610448 9.5622632 9.5630853 9.5634976 9.5634876 9.5630439 9.5621558 9.5608139 9.55901 9.556737 9.553989 9.5507616 9.5470514 9.5428565 9.5381763 9.5330116 9.5273644 9.5212383 9.5146379
9.3547536 9.3607834 9.3668639 9.372993 9.3791679 9.3853861 9.3916444 9.3979392 9.4042669 9.4106232 9.4170036 9.4234028 9.4298156 9.4362357 9.4426568 9.4490718 9.4554731 9.4618525 9.4682011 9.4745095 9.4807676 9.4869647 9.4930894 9.4991294 9.5050722 9.5109042 9.5166113 9.5221788 9.5275913 9.5328329 9.5378872 9.5427372 9.5473656 9.5517548 9.5558869 9.5597438 9.5633074 9.5665597 9.5694828 9.5720591 9.5742713 9.5761029 9.5775376 9.5785603 9.5791563 9.5793122 9.5790154 9.5782545 9.5770192 9.5753005 9.5730907 9.5703835 9.5671738 9.563458 9.5592338 9.5545005 9.5492586 9.5435103 9.5372591 9.5305099
9.3592298 9.3654259 9.3716785 9.3779856 9.3843448 9.3907536 9.3972089 9.4037074 9.4102455 9.4168191 9.4234236 9.4300541 9.4367051 9.4433706 9.4500442 9.4567188 9.4633867 9.4700396 9.4766685 9.4832638 9.4898152 9.4963115 9.5027411 9.5090914 9.515349 9.5215 9.5275297 9.5334224 9.5391622 9.5447322 9.5501149 9.5552924 9.5602462 9.5649576 9.5694075 9.5735763 9.5774448 9.5809935 9.5842032 9.5870549 9.58953 9.5916104 9.5932788 9.5945185 9.5953139 9.5956503 9.5955141 9.5948929 9.5937756 9.5921523 9.5900148 9.5873558 9.5841701 9.5804535 9.5762034 9.5714189 9.5661005 9.5602502 9.5538715 9.5469695
9.3636634 9.3700279 9.3764551 9.3829432 9.3894898 9.3960927 9.4027489 9.4094554 9.4162085 9.4230044 9.4298387 9.4367065 9.4436024 9.4505205 9.4574543 9.4643969 9.4713404 9.4782765 9.4851961 9.4920894 9.4989459 9.5057541 9.512502 9.5191765 9.5257639 9.5322497 9.5386182 9.5448535 9.5509384 9.5568551 9.5625853 9.5681099 9.5734093 9.5784634 9.5832516 9.5877533 9.5919476 9.5958136 9.5993305 9.6024779 9.6052357 9.6075843 9.609505 9.6109797 9.6119914 9.6125243 9.6125635 9.6120957 9.6111088 9.6095921 9.6075364 9.6049341 9.6017793 9.5980673 9.5937953 9.5889621 9.5835679 9.5776148 9.5711064 9.5640478
9.3680486 9.3745837 9.381188 9.3878596 9.3945967 9.401397 9.4082579 9.4151764 9.4221492 9.4291724 9.4362419 9.443353 9.4505003 9.4576782 9.4648801 9.472099 9.4793272 9.4865564 9.4937773 9.5009799 9.5081536 9.5152867 9.5223666 9.5293801 9.5363129 9.5431496 9.5498744 9.5564701 9.5629188 9.5692019 9.5752999 9.5811924 9.5868587 9.5922771 9.5974259 9.6022828 9.6068254 9.6110311 9.6148775 9.6183426 9.6214045 9.6240423 9.6262354 9.6279644 9.6292108 9.6299574 9.6301883 9.6298887 9.6290457 9.6276476 9.6256845 9.6231482 9.6200318 9.6163306 9.6120412 9.6071621 9.6016935 9.5956373 9.588997 9.5817781
9.3723797 9.3790874 9.3858708 9.3927286 9.399659 9.4066599 9.4137289 9.4208634 9.4280602 9.4353157 9.4426258 9.4499861 9.4573914 9.464836 9.4723137 9.4798174 9.4873396 9.4948717 9.5024046 9.5099282 9.5174315 9.5249027 9.532329 9.5396966 9.5469908 9.5541957 9.5612946 9.5682696 9.575102 9.5817721 9.5882592 9.5945418 9.6005976 9.6064038 9.6119368 9.6171729 9.6220878 9.6266573 9.6308573 9.6346637 9.638053 9.6410025 9.6434899 9.6454941 9.6469951 9.6479743 9.6484142 9.648299 9.6476147 9.6463485 9.6444897 9.6420293 9.6389601 9.6352764 9.6309748 9.6260534 9.6205121 9.6143527 9.6075789 9.600196
9.3766506 9.3835326 9.3904972 9.3975434 9.4046696 9.4118741 9.4191547 9.426509 9.433934 9.4414264 9.4489823 9.4565976 9.4642672 9.4719856 9.4797467 9.4875437 9.495369 9.5032141 9.5110699 9.5189261 9.5267718 9.5345948 9.5423821 9.5501195 9.5577918 9.5653825 9.5728743 9.5802485 9.5874854 9.5945642 9.6014631 9.6081592 9.6146288 9.6208476 9.6267902 9.6324311 9.6377444 9.6427037 9.647283 9.6514563 9.6551982 9.6584838 9.6612892 9.6635913 9.6653685 9.6666005 9.6672685 9.6673554 9.6668457 9.6657259 9.6639842 9.661611 9.6585981 9.6549398 9.6506319 9.6456722 9.6400605 9.6337985 9.6268896 9.6193395
