Cobbity/QGIS/C2_anal_1_5.tif
NCOLS 299
NROWS 230
XLLCORNER 150.661
YLLCORNER -34.0275
CELLSIZE 1e-05
NODATA_VALUE -9999
[rows 26 to 51 of 230, columns 60 to 119 of 299]
9.3808551 9.3879128 9.3950604 9.402297 9.4096215 9.4170323 9.4245276 9.4321051 9.4397623 9.4474961 9.4553029 9.4631787 9.4711188 9.479118 9.4871702 9.4952688 9.5034063 9.5115744 9.519764 9.5279648 9.5361657 9.5443545 9.5525178 9.5606411 9.5687088 9.5767038 9.5846081 9.5924022 9.6000655 9.6075759 9.6149105 9.6220451 9.6289543 9.6356121 9.6419915 9.6480649 9.6538043 9.6591814 9.664168 9.6687359 9.6728575 9.6765058 9.6796547 9.6822794 9.6843562 9.6858632 9.6867799 9.6870878 9.6867702 9.6858125 9.684202 9.6819281 9.6789822 9.6753578 9.6710503 9.6660573 9.6603782 9.6540145 9.6469697 9.6392492
9.3849865 9.3922211 9.3995532 9.4069821 9.414507 9.4221265 9.4298393 9.4376435 9.4455366 9.453516 9.4615785 9.4697202 9.4779369 9.4862234 9.4945741 9.5029825 9.5114414 9.5199426 9.5284769 9.5370343 9.5456035 9.5541722 9.5627269 9.5712527 9.5797336 9.5881521 9.5964892 9.6047249 9.6128374 9.6208037 9.6285995 9.6361989 9.6435752 9.6507004 9.6575456 9.6640811 9.6702766 9.6761018 9.6815258 9.6865181 9.6910488 9.6950885 9.6986088 9.7015827 9.7039845 9.7057904 9.7069782 9.7075278 9.7074214 9.7066429 9.7051789 9.7030178 9.7001504 9.6965696 9.6922703 9.6872497 9.6815069 9.6750433 9.6678621 9.6599689
9.3890381 9.3964507 9.4039684 9.4115911 9.4193181 9.4271487 9.4350815 9.4431152 9.4512477 9.4594767 9.4677993 9.4762121 9.484711 9.4932914 9.5019478 9.5106742 9.5194634 9.5283075 9.5371975 9.5461234 9.5550741 9.5640372 9.5729989 9.5819443 9.5908567 9.5997183 9.6085096 9.6172095 9.6257953 9.6342429 9.6425265 9.6506189 9.6584914 9.6661142 9.6734563 9.6804858 9.6871699 9.6934755 9.6993696 9.7048187 9.7097904 9.7142526 9.7181744 9.7215265 9.7242809 9.7264117 9.7278948 9.7287088 9.728834 9.7282536 9.7269527 9.7249193 9.7221431 9.7186166 9.7143343 9.7092929 9.7034912 9.6969302 9.6896131 9.6815451
9.3930029 9.4005941 9.4082984 9.416116 9.4240467 9.43209 9.4402452 9.448511 9.456886 9.4653682 9.4739551 9.4826437 9.4914303 9.5003107 9.5092799 9.518332 9.5274603 9.536657 9.5459136 9.5552201 9.5645656 9.5739375 9.5833221 9.5927043 9.6020671 9.6113923 9.6206596 9.6298472 9.6389315 9.6478871 9.6566868 9.6653019 9.6737018 9.6818545 9.6897269 9.6972844 9.7044919 9.7113133 9.7177126 9.7236537 9.7291009 9.7340194 9.7383755 9.7421372 9.745274 9.7477579 9.7495628 9.7506654 9.7510447 9.7506826 9.7495632 9.7476735 9.7450027 9.7415427 9.7372874 9.7322331 9.7263783 9.7197236 9.7122718 9.7040282
9.3968737 9.4046438 9.4125353 9.4205487 9.4286842 9.4369417 9.445321 9.4538212 9.4624414 9.47118 9.480035 9.4890038 9.4980832 9.5072695 9.516558 9.5259433 9.5354191 9.5449782 9.5546119 9.5643109 9.5740642 9.5838596 9.5936832 9.6035198 9.6133523 9.6231619 9.6329279 9.6426277 9.6522367 9.6617284 9.6710741 9.6802432 9.6892035 9.6979207 9.7063591 9.7144815 9.7222498 9.729625 9.7365677 9.7430387 9.748999 9.7544106 9.7592366 9.763442 9.7669938 9.7698613 9.7720165 9.7734342 9.7740918 9.77397 9.7730519 9.7713237 9.768774 9.7653939 9.7611771 9.7561193 9.7502185 9.743475 9.7358913 9.727472
9.400643 9.408592 9.4166708 9.4248805 9.4332215 9.4416944 9.4502992 9.4590357 9.4679033 9.4769011 9.4860275 9.4952804 9.5046573 9.5141548 9.5237689 9.5334946 9.5433261 9.5532565 9.5632779 9.573381 9.5835553 9.5937886 9.6040673 9.6143762 9.6246979 9.6350133 9.6453014 9.6555387 9.6656998 9.6757569 9.6856798 9.6954364 9.7049922 9.7143106 9.7233532 9.73208 9.7404497 9.7484198 9.7559474 9.7629897 9.7695039 9.7754484 9.7807829 9.7854691 9.7894711 9.7927555 9.7952919 9.7970532 9.7980154 9.7981578 9.7974626 9.7959152 9.7935037 9.7902188 9.7860534 9.7810031 9.7750652 9.7682395 9.7605279 9.7519345
9.4043033 9.4124307 9.4206967 9.4291026 9.4376495 9.4463383 9.4551696 9.4641438 9.4732607 9.4825199 9.4919205 9.501461 9.5111395 9.5209531 9.5308985 9.5409712 9.551166 9.5614767 9.5718957 9.5824143 9.5930223 9.6037079 9.6144579 9.6252568 9.6360875 9.6469307 9.6577647 9.6685657 9.6793073 9.6899604 9.7004935 9.7108727 9.7210612 9.73102 9.7407079 9.7500817 9.7590964 9.7677059 9.7758634 9.7835218 9.7906343 9.7971552 9.8030404 9.8082478 9.8127382 9.8164753 9.8194264 9.8215622 9.8228573 9.8232896 9.8228407 9.8214954 9.8192411 9.8160682 9.8119693 9.8069393 9.8009751 9.7940758 9.7862423 9.7774782
9.4078468 9.4161519 9.4246044 9.4332061 9.4419587 9.4508636 9.4599218 9.4691344 9.4785018 9.4880242 9.4977013 9.5075324 9.5175159 9.52765 9.5379317 9.5483575 9.5589228 9.569622 9.5804481 9.5913931 9.6024473 9.6135994 9.6248364 9.6361433 9.6475029 9.6588958 9.6703003 9.6816918 9.6930431 9.7043242 9.715502 9.7265408 9.7374015 9.7480426 9.7584197 9.7684861 9.778193 9.7874902 9.7963264 9.8046498 9.812409 9.8195537 9.8260354 9.8318079 9.8368282 9.841057 9.8444589 9.8470025 9.8486609 9.849411 9.8492338 9.8481134 9.8460372 9.8429953 9.8389799 9.8339855 9.8280082 9.8210462 9.8130996 9.8041706
9.4112655 9.419747 9.4283849 9.4371817 9.4461393 9.4552598 9.464545 9.4739962 9.4836148 9.4934015 9.5033567 9.5134804 9.523772 9.5342301 9.5448527 9.555637 9.5665792 9.5776745 9.5889167 9.6002984 9.6118107 9.6234429 9.6351825 9.6470149 9.6589232 9.6708882 9.6828878 9.6948972 9.7068885 9.7188307 9.7306893 9.7424265 9.7540013 9.7653691 9.7764823 9.7872905 9.7977407 9.8077779 9.8173458 9.8263875 9.8348463 9.8426666 9.8497948 9.8561801 9.8617756 9.8665381 9.8704297 9.8734168 9.8754712 9.876569 9.8766906 9.8758202 9.8739452 9.8710555 9.8671433 9.8622023 9.8562281 9.8492176 9.8411696 9.8320847
9.4145513 9.4232076 9.4320294 9.4410197 9.4501812 9.4595165 9.4690278 9.4787174 9.4885872 9.4986386 9.5088729 9.5192908 9.5298924 9.5406773 9.5516445 9.5627919 9.5741167 9.5856149 9.5972813 9.6091093 9.621091 9.6332163 9.6454736 9.6578487 9.6703254 9.6828845 9.6955042 9.7081593 9.7208216 9.7334589 9.7460357 9.7585122 9.7708451 9.7829869 9.7948865 9.8064894 9.8177379 9.8285719 9.8389294 9.8487476 9.8579638 9.8665162 9.8743456 9.8813959 9.8876154 9.8929572 9.8973804 9.9008494 9.9033347 9.9048119 9.9052616 9.9046683 9.9030197 9.9003061 9.8965195 9.8916532 9.8857019 9.878661 9.8705274 9.8612996
9.4176962 9.426525 9.4355286 9.4447106 9.4540742 9.4636226 9.4733588 9.4832858 9.493406 9.5037219 9.5142354 9.5249481 9.5358611 9.546975 9.5582894 9.5698036 9.5815157 9.5934227 9.6055205 9.6178036 9.6302649 9.6428957 9.6556848 9.6686193 9.6816834 9.6948585 9.7081231 9.7214521 9.7348167 9.7481843 9.761518 9.7747764 9.7879137 9.8008796 9.8136192 9.8260736 9.83818 9.8498724 9.8610826 9.871741 9.8817778 9.8911244 9.8997148 9.9074869 9.9143836 9.9203539 9.9253536 9.9293452 9.9322984 9.9341889 9.9349979 9.9347108 9.9333164 9.9308057 9.9271708 9.9224046 9.9165005 9.9094522 9.9012539 9.8919014
9.4206918 9.4296904 9.4388733 9.4482445 9.4578079 9.4675672 9.4775264 9.4876889 9.4980581 9.5086373 9.5194294 9.5304367 9.5416615 9.5531052 9.5647688 9.5766524 9.5887554 9.601076 9.6136113 9.6263571 9.6393075 9.6524548 9.6657892 9.6792987 9.6929686 9.706781 9.720715 9.7347457 9.7488444 9.7629779 9.7771083 9.7911927 9.8051831 9.819026 9.8326627 9.8460296 9.8590582 9.8716761 9.8838078 9.8953761 9.9063031 9.916512 9.9259291 9.9344851 9.9421168 9.9487686 9.9543927 9.9589503 9.9624104 9.9647497 9.9659508 9.9660012 9.9648916 9.962614 9.9591611 9.9545254 9.9486986 9.9416719 9.9334364 9.9239839
9.4235298 9.4326952 9.4420542 9.4516114 9.4613715 9.471339 9.4815183 9.4919139 9.5025299 9.5133705 9.5244395 9.5357403 9.5472762 9.5590497 9.5710631 9.5833176 9.595814 9.6085517 9.6215294 9.6347441 9.6481915 9.6618653 9.6757571 9.6898562 9.7041491 9.7186191 9.7332462 9.7480062 9.7628706 9.777806 9.7927738 9.8077299 9.8226239 9.8373995 9.8519939 9.8663385 9.8803587 9.8939749 9.9071036 9.9196583 9.931552 9.9426983 9.9530142 9.9624221 9.9708517 9.9782419 9.9845417 9.9897106 9.9937183 9.9965432 9.998171 9.9985925 9.9978009 9.9957908 9.9925555 9.9880868 9.9823746 9.9754066 9.9671697 9.9576504
9.426202 9.4355303 9.4450616 9.4548013 9.4647545 9.4749265 9.4853226 9.4959479 9.5068077 9.5179067 9.5292501 9.5408422 9.5526873 9.5647895 9.577152 9.5897776 9.6026684 9.6158254 9.6292488 9.6429373 9.6568881 9.6710967 9.6855563 9.700258 9.7151899 9.7303366 9.7456795 9.7611954 9.7768564 9.7926296 9.808476 9.8243502 9.8402002 9.8559667 9.871583 9.886975 9.9020617 9.9167553 9.9309632 9.9445887 9.9575335 9.9697001 9.9809945 9.9913289 10.000625 10.008815 10.015844 10.021672 10.026269 10.029617 10.031707 10.032535 10.032098 10.030395 10.027419 10.023162 10.017611 10.010749 10.002557 9.9930146
9.4287 9.4381869 9.4478863 9.4578041 9.4679461 9.4783184 9.4889269 9.4997779 9.5108772 9.5222309 9.533845 9.545725 9.5578765 9.5703048 9.5830145 9.5960099 9.6092946 9.6228715 9.6367422 9.6509075 9.6653663 9.6801162 9.6951524 9.7104678 9.7260526 9.7418933 9.757973 9.7742701 9.7907578 9.807404 9.8241698 9.8410093 9.857869 9.8746869 9.8913924 9.9079059 9.9241393 9.9399963 9.9553736 9.9701626 9.9842521 9.997531 10.009892 10.021235 10.031472 10.040527 10.048343 10.054878 10.060106 10.064015 10.066604 10.067876 10.067834 10.066482 10.063816 10.059826 10.054494 10.047798 10.039711 10.030203
9.4310157 9.4406564 9.4505189 9.4606097 9.4709355 9.4815029 9.4923189 9.5033904 9.5147244 9.5263279 9.5382079 9.5503713 9.562825 9.5755754 9.5886289 9.6019913 9.6156679 9.6296632 9.6439811 9.6586241 9.6735935 9.6888889 9.704508 9.720446 9.7366954 9.7532452 9.7700806 9.787182 9.8045247 9.8220777 9.839803 9.8576547 9.8755784 9.8935099 9.9113748 9.9290882 9.9465545 9.9636678 9.980313 9.9963679 10.011706 10.026199 10.039725 10.052168 10.063427 10.073418 10.082079 10.08937 10.09527 10.099777 10.1029 10.104654 10.105053 10.104105 10.101809 10.098154 10.093115 10.086662 10.078757 10.069359
9.4331407 9.4429298 9.4529499 9.4632082 9.4737119 9.4844687 9.4954862 9.5067723 9.5183349 9.5301822 9.5423223 9.5547633 9.5675135 9.5805808 9.5939731 9.6076978 9.6217622 9.6361729 9.6509355 9.666055 9.6815351 9.6973778 9.7135835 9.7301502 9.7470731 9.7643441 9.7819512 9.7998776 9.8181009 9.8365923 9.8553154 9.8742253 9.893267 9.912375 9.9314718 9.9504672 9.9692579 9.9877277 10.005749 10.023182 10.039884 10.055707 10.070507 10.084151 10.096521 10.107523 10.11709 10.125184 10.131794 10.136932 10.140623 10.142899 10.143788 10.143307 10.141457 10.138222 10.133571 10.12746 10.119837 10.110645
9.4350673 9.4449988 9.4551703 9.4655896 9.4762649 9.4872043 9.4984165 9.5099103 9.5216946 9.5337786 9.5461716 9.5588832 9.5719228 9.5853001 9.5990244 9.6131051 9.6275514 9.6423719 9.6575746 9.6731669 9.689155 9.7055439 9.7223369 9.7395351 9.757137 9.775138 9.7935292 9.8122975 9.8314237 9.8508819 9.8706384 9.8906498 9.9108623 9.9312096 9.9516118 9.971974 9.9921855 10.012119 10.031633 10.05057 10.068765 10.086046 10.102244 10.117201 10.13078 10.142873 10.153408 10.16235 10.169702 10.175498 10.179787 10.182626 10.184061 10.184122 10.182811 10.180107 10.175965 10.170323 10.163109 10.154247
9.4367875 9.4468548 9.4571709 9.4677444 9.4785839 9.4896985 9.5010978 9.5127914 9.5247893 9.5371017 9.5497394 9.562713 9.5760335 9.5897121 9.60376 9.6181884 9.6330085 9.648231 9.6638666 9.6799251 9.6964158 9.7133466 9.7307241 9.748553 9.7668354 9.7855707 9.8047543 9.8243769 9.8444237 9.8648727 9.8856936 9.9068465 9.9282793 9.9499266 9.9717073 9.9935228 10.015255 10.036767 10.0579 10.078478 10.098309 10.117193 10.134929 10.151328 10.166226 10.179495 10.191057 10.200885 10.209002 10.215473 10.220383 10.223825 10.225872 10.226567 10.225917 10.223888 10.220413 10.215404 10.208763 10.200389
9.4382938 9.4484898 9.4589431 9.4696629 9.4806587 9.4919403 9.5035181 9.5154026 9.527605 9.5401365 9.5530092 9.5662349 9.5798263 9.593796 9.6081571 9.6229228 9.6381062 9.6537206 9.6697791 9.6862945 9.7032789 9.7207437 9.738699 9.7571534 9.7761134 9.7955827 9.8155614 9.8360454 9.8570246 9.8784824 9.9003934 9.9227218 9.9454196 9.9684235 9.991653 10.015007 10.038363 10.061572 10.08446 10.106828 10.128455 10.149106 10.16854 10.186527 10.202866 10.217404 10.230052 10.240794 10.249682 10.256828 10.262372 10.266455 10.26919 10.270641 10.27081 10.269644 10.267044 10.262883 10.257024 10.249334
9.4395789 9.4498959 9.4604784 9.4713362 9.4824795 9.493919 9.5056658 9.5177315 9.5301281 9.5428682 9.5559648 9.5694314 9.583282 9.5975308 9.6121929 9.6272832 9.6428173 9.6588108 9.6752795 9.6922391 9.7097049 9.7276918 9.746214 9.7652842 9.7849136 9.8051108 9.8258815 9.8472271 9.8691437 9.8916209 9.9146396 9.9381702 9.9621699 9.9865801 10.011323 10.036298 10.061377 10.086404 10.111189 10.13551 10.159111 10.181714 10.20303 10.222773 10.240694 10.2566 10.270389 10.282056 10.2917 10.299498 10.30567 10.310431 10.313949 10.31631 10.317512 10.317465 10.316016 10.312981 10.30817 10.301411
9.4406358 9.4510655 9.4617685 9.4727553 9.4840367 9.4956242 9.5075297 9.5197658 9.5323454 9.5452823 9.5585907 9.5722854 9.5863818 9.6008961 9.6158449 9.6312452 9.6471149 9.663472 9.680335 9.6977227 9.7156539 9.7341471 9.7532206 9.7728917 9.7931766 9.8140894 9.8356418 9.8578417 9.8806922 9.9041904 9.9283248 9.9530736 9.9784018 10.004258 10.030569 10.057237 10.084136 10.1111 10.137928 10.164371 10.190139 10.214904 10.238313 10.260011 10.279676 10.297063 10.312041 10.324623 10.33497 10.34336 10.350129 10.355602 10.360023 10.363509 10.366037 10.367457 10.367533 10.365989 10.362563 10.357034
9.441458 9.4519916 9.4628059 9.473912 9.4853214 9.4970462 9.5090993 9.5214939 9.5342443 9.5473651 9.5608717 9.5747803 9.5891078 9.603872 9.6190912 9.6347846 9.6509722 9.6676747 9.6849132 9.7027096 9.7210862 9.7400654 9.7596697 9.7799213 9.8008416 9.8224507 9.8447667 9.8678048 9.8915761 9.9160859 9.9413321 9.9673025 9.9939718 10.021298 10.049217 10.077639 10.106439 10.135451 10.164462 10.193203 10.221345 10.248504 10.27425 10.298135 10.319741 10.338737 10.354948 10.368403 10.379351 10.388219 10.395519 10.401734 10.407218 10.412124 10.41639 10.419763 10.42187 10.422299 10.42068 10.416737
9.4420393 9.4526675 9.4635834 9.4747984 9.4863249 9.4981757 9.5103643 9.5229049 9.5358127 9.5491033 9.5627933 9.5769002 9.5914425 9.6064392 9.6219107 9.6378782 9.6543637 9.6713905 9.6889825 9.7071646 9.7259627 9.7454031 9.7655126 9.7863184 9.8078474 9.8301259 9.853179 9.8770295 9.9016972 9.927197 9.953537 9.9807165 10.008722 10.037524 10.067071 10.097284 10.128047 10.159198 10.190519 10.221725 10.252451 10.282254 10.310614 10.336965 10.360751 10.381514 10.398997 10.413242 10.424621 10.433778 10.441488 10.448474 10.455242 10.461988 10.468577 10.474589 10.479431 10.482473 10.483187 10.481235
9.442374 9.453087 9.4640941 9.4754072 9.4870394 9.499004 9.5113153 9.5239884 9.5370393 9.5504846 9.564342 9.5786304 9.5933694 9.6085798 9.6242835 9.6405037 9.6572647 9.674592 9.6925123 9.7110537 9.7302453 9.7501175 9.7707014 9.7920292 9.8141333 9.8370466 9.8608011 9.8854278 9.9109557 9.9374097 9.9648096 9.9931672 10.022483 10.052743 10.08391 10.115922 10.148677 10.182025 10.215752 10.249566 10.283074 10.315776 10.347054 10.376196 10.402462 10.425195 10.444 10.458904 10.470446 10.479599 10.487534 10.495323 10.503687 10.512871 10.52262 10.532254 10.540825 10.547346 10.551042 10.551508
9.4424568 9.4532445 9.464332 9.4757318 9.4874575 9.4995232 9.5119437 9.524735 9.5379137 9.5514975 9.5655053 9.5799569 9.5948732 9.6102767 9.6261907 9.6426404 9.659652 9.6772533 9.6954739 9.7143446 9.7338979 9.7541679 9.7751901 9.7970016 9.8196405 9.8431456 9.8675565 9.8929123 9.9192512 9.9466088 9.975017 10.004501 10.035077 10.066747 10.099494 10.133274 10.168007 10.20356 10.239737 10.276248 10.312693 10.348523 10.383028 10.415332 10.44445 10.469437 10.489646 10.50503 10.516348 10.525067 10.53296 10.541602 10.552005 10.564468 10.578575 10.593259 10.606999 10.618205 10.625679 10.628945
