Cobbity/QGIS/C2_anal_1_5.tif
NCOLS 299
NROWS 230
XLLCORNER 150.661
YLLCORNER -34.0275
CELLSIZE 1e-05
NODATA_VALUE -9999
[rows 156 to 181 of 230, columns 120 to 179 of 299]
8.3172574 8.3039707 8.2906126 8.2772039 8.2637676 8.2503286 8.2369142 8.2235547 8.2102832 8.1971364 8.1841543 8.1713809 8.1588632 8.1466518 8.1347992 8.1233596 8.1123871 8.1019341 8.0920497 8.0827778 8.0741555 8.0662116 8.0589652 8.0524258 8.0465926 8.0414556 8.0369958 8.0331872 8.0299976 8.0273904 8.0253261 8.0237633 8.0226599 8.0219741 8.021665 8.0216929 8.0220201 8.0226111 8.0234327 8.0244544 8.0256489 8.0269918 8.0284628 8.0300456 8.0317285 8.0335047 8.0353732 8.0373383 8.03941 8.0416033 8.0439375 8.0464348 8.0491184 8.0520107 8.0551306 8.058492 8.0621017 8.0659585 8.0700528 8.0743668
8.3200184 8.307218 8.2943623 8.2814718 8.268569 8.2556781 8.2428256 8.2300404 8.2173541 8.2048008 8.1924176 8.1802446 8.168324 8.1567005 8.1454203 8.13453 8.124076 8.1141028 8.104652 8.0957605 8.0874596 8.0797737 8.0727195 8.0663057 8.0605327 8.0553933 8.050873 8.046951 8.0436014 8.0407943 8.0384967 8.0366738 8.0352898 8.0343087 8.0336949 8.0334138 8.0334322 8.0337187 8.0342438 8.0349805 8.0359044 8.036994 8.0382311 8.039601 8.0410931 8.0427009 8.0444224 8.0462599 8.0482201 8.0503135 8.0525538 8.0549564 8.0575378 8.0603131 8.0632952 8.066493 8.0699102 8.0735443 8.0773867 8.0814229
8.32281 8.3104715 8.2980919 8.2856913 8.2732913 8.2609155 8.2485891 8.2363398 8.2241971 8.2121929 8.2003614 8.1887388 8.1773633 8.1662744 8.1555127 8.1451188 8.1351327 8.1255926 8.1165338 8.1079879 8.0999815 8.0925356 8.0856647 8.0793771 8.0736739 8.06855 8.0639942 8.0599902 8.0565168 8.0535494 8.0510605 8.0490209 8.0474001 8.0461671 8.0452911 8.0447418 8.0444903 8.0445086 8.0447707 8.0452527 8.0459328 8.0467918 8.0478133 8.0489841 8.0502942 8.0517371 8.05331 8.0550135 8.0568516 8.0588312 8.0609615 8.0632531 8.0657168 8.0683631 8.0711999 8.0742326 8.0774625 8.0808863 8.0844962 8.0882797
8.3256236 8.3137239 8.3017955 8.289858 8.2779321 8.2660403 8.254207 8.242458 8.230821 8.2193257 8.2080034 8.1968871 8.1860109 8.1754103 8.1651209 8.1551783 8.1456171 8.1364705 8.1277687 8.119539 8.1118043 8.1045827 8.0978873 8.0917255 8.0860991 8.0810047 8.0764337 8.072373 8.0688054 8.0657107 8.0630659 8.0608464 8.0590262 8.0575786 8.0564771 8.0556953 8.0552077 8.0549898 8.0550186 8.0552727 8.0557327 8.0563815 8.0572042 8.0581887 8.0593256 8.0606083 8.0620332 8.0635995 8.0653091 8.067166 8.069176 8.0713458 8.0736824 8.0761922 8.07888 8.0817483 8.0847966 8.0880211 8.0914144 8.0949657
8.3284519 8.3169689 8.3054682 8.2939684 8.2824896 8.2710531 8.259682 8.2484006 8.2372348 8.226212 8.2153609 8.2047115 8.1942947 8.1841418 8.1742846 8.1647544 8.1555815 8.1467946 8.1384201 8.1304816 8.1229989 8.1159881 8.1094608 8.1034238 8.0978794 8.0928255 8.0882554 8.0841586 8.0805214 8.0773269 8.0745559 8.0721876 8.0702 8.0685701 8.0672749 8.0662915 8.0655976 8.0651715 8.064993 8.0650431 8.0653043 8.0657613 8.0664006 8.0672109 8.0681833 8.0693112 8.0705904 8.0720189 8.0735968 8.075326 8.0772096 8.0792513 8.0814553 8.0838249 8.0863625 8.0890685 8.0919412 8.0949763 8.0981668 8.1015029
8.3312881 8.3202011 8.3091058 8.29802 8.2869629 8.2759549 8.2650175 8.2541737 8.2434475 8.2328643 8.2224503 8.2122329 8.2022398 8.1924993 8.1830394 8.173888 8.1650716 8.1566154 8.1485425 8.1408736 8.1336261 8.1268141 8.1204481 8.1145345 8.1090758 8.1040709 8.0995147 8.095399 8.0917123 8.088441 8.0855688 8.0830783 8.0809506 8.079166 8.0777047 8.0765467 8.0756725 8.075063 8.0747003 8.0745674 8.0746489 8.0749308 8.0754008 8.0760483 8.076865 8.0778442 8.0789812 8.0802731 8.0817186 8.083318 8.0850721 8.0869827 8.0890515 8.0912798 8.093668 8.0962151 8.0989184 8.1017732 8.1047727 8.1079083
8.3341264 8.3234156 8.3127047 8.3020106 8.2913517 8.2807471 8.2702172 8.2597834 8.2494681 8.2392946 8.2292871 8.2194704 8.2098696 8.2005101 8.191417 8.182615 8.1741275 8.165977 8.1581836 8.1507656 8.1437384 8.1371146 8.1309036 8.1251115 8.1197411 8.1147919 8.1102601 8.1061393 8.1024201 8.0990911 8.096139 8.0935487 8.0913043 8.089389 8.0877855 8.0864764 8.0854446 8.0846734 8.084147 8.0838501 8.083769 8.0838909 8.0842045 8.0847003 8.0853699 8.0862069 8.0872061 8.088364 8.0896783 8.0911477 8.0927719 8.0945506 8.096484 8.0985717 8.1008128 8.103205 8.105745 8.108428 8.1112473 8.1141949
8.3369616 8.3266085 8.3162622 8.305939 8.2956561 8.2854318 8.2752851 8.2652359 8.2553052 8.2455145 8.2358858 8.2264418 8.2172053 8.2081992 8.1994459 8.1909675 8.182785 8.174918 8.1673847 8.1602012 8.1533812 8.1469361 8.1408744 8.1352018 8.1299214 8.125033 8.1205341 8.1164195 8.1126817 8.1093113 8.106297 8.1036262 8.1012853 8.0992598 8.0975347 8.096095 8.0949257 8.0940121 8.09334 8.092896 8.0926676 8.0926433 8.0928129 8.0931671 8.0936982 8.0943997 8.0952662 8.0962938 8.0974793 8.0988204 8.1003156 8.1019635 8.1037628 8.1057121 8.1078092 8.1100512 8.1124343 8.1149533 8.117602 8.1203728
8.3397893 8.3297764 8.3197761 8.3098042 8.2998768 8.2900112 8.2802253 8.2705376 8.2609675 8.2515349 8.24226 8.2331636 8.2242664 8.215589 8.2071517 8.1989742 8.1910754 8.1834727 8.1761825 8.1692189 8.1625945 8.1563194 8.1504016 8.1448463 8.1396567 8.1348331 8.1303739 8.126275 8.1225302 8.1191319 8.1160706 8.1133357 8.1109154 8.1087975 8.1069689 8.1054165 8.1041272 8.103088 8.1022864 8.1017104 8.1013487 8.1011909 8.1012274 8.1014499 8.1018508 8.1024237 8.1031632 8.1040648 8.1051249 8.1063405 8.1077091 8.1092284 8.1108962 8.1127101 8.1146672 8.1167641 8.1189964 8.1213591 8.1238459 8.1264499
8.3426057 8.3329163 8.3232447 8.3136057 8.3040148 8.2944879 8.285042 8.2756944 8.266463 8.2573661 8.2484226 8.2396511 8.2310707 8.2227 8.2145574 8.2066607 8.1990267 8.1916713 8.1846089 8.1778525 8.1714132 8.1653004 8.1595212 8.1540809 8.1489825 8.1442267 8.1398126 8.135737 8.131995 8.1285802 8.1254847 8.1226996 8.1202148 8.1180198 8.1161033 8.1144539 8.11306 8.1119103 8.1109935 8.110299 8.1098166 8.1095368 8.1094508 8.1095507 8.1098294 8.1102806 8.1108989 8.1116795 8.1126184 8.113712 8.1149573 8.1163512 8.1178909 8.1195732 8.1213948 8.1233517 8.1254395 8.1276529 8.1299861 8.1324322
8.3454075 8.336026 8.3266667 8.3173435 8.3080711 8.2988645 8.2897395 8.2807123 8.2717995 8.2630181 8.2543852 8.2459182 8.2376344 8.2295507 8.2216839 8.2140499 8.206664 8.1995405 8.1926925 8.1861316 8.1798681 8.1739104 8.1682651 8.1629374 8.15793 8.1532442 8.1488795 8.1448334 8.1411022 8.1376805 8.1345618 8.1317384 8.129202 8.1269432 8.1249524 8.1232196 8.1217348 8.1204878 8.1194686 8.1186678 8.1180761 8.1176848 8.1174859 8.117472 8.1176363 8.1179726 8.1184756 8.1191405 8.1199628 8.1209387 8.1220645 8.1233369 8.1247524 8.1263074 8.1279982 8.1298206 8.1317699 8.1338409 8.1360279 8.1383246
8.3481917 8.3391035 8.3300411 8.3210178 8.3120472 8.3031437 8.294322 8.2855971 8.2769844 8.2684998 8.260159 8.251978 8.2439725 8.236158 8.2285498 8.2211624 8.2140096 8.2071044 8.2004586 8.1940829 8.1879866 8.1821773 8.1766615 8.1714437 8.166527 8.1619127 8.1576007 8.1535894 8.1498756 8.1464551 8.1433224 8.140471 8.1378938 8.1355827 8.1335295 8.1317255 8.1301616 8.1288291 8.127719 8.1268228 8.1261321 8.1256391 8.1253363 8.1252167 8.125274 8.1255022 8.125896 8.1264504 8.1271611 8.1280238 8.1290346 8.1301897 8.1314854 8.1329177 8.1344827 8.136176 8.1379928 8.1399279 8.1419759 8.1441306
8.3509561 8.3421473 8.3333674 8.3246289 8.3159448 8.3073284 8.2987935 8.2903542 8.2820249 8.27382 8.2657543 8.2578423 8.2500985 8.2425373 8.2351723 8.2280169 8.2210837 8.2143844 8.2079299 8.2017299 8.1957929 8.1901261 8.1847354 8.179625 8.1747982 8.1702564 8.1659998 8.1620273 8.1583365 8.154924 8.1517851 8.1489145 8.1463059 8.1439526 8.1418474 8.1399825 8.1383502 8.1369426 8.1357518 8.1347701 8.1339899 8.133404 8.1330056 8.1327881 8.1327455 8.1328721 8.1331626 8.1336122 8.1342163 8.1349705 8.1358709 8.1369133 8.1380938 8.1394083 8.1408526 8.1424221 8.1441122 8.1459178 8.1478334 8.1498534
8.3536985 8.3451561 8.3366452 8.3281776 8.3197654 8.3114213 8.3031582 8.2949891 8.2869274 8.2789867 8.2711805 8.2635221 8.2560251 8.2487024 8.2415667 8.2346301 8.2279042 8.2213998 8.2151267 8.2090938 8.203309 8.1977789 8.1925091 8.1875037 8.1827658 8.1782969 8.1740977 8.1701674 8.1665042 8.1631053 8.159967 8.1570846 8.1544529 8.152066 8.1499177 8.1480014 8.14631 8.1448366 8.1435743 8.1425159 8.1416548 8.1409842 8.1404979 8.1401897 8.140054 8.1400852 8.1402784 8.1406286 8.1411312 8.1417821 8.1425768 8.1435112 8.1445813 8.1457828 8.1471114 8.1485626 8.1501317 8.1518136 8.1536033 8.1554951
8.3564173 8.3481291 8.3398745 8.3316646 8.323511 8.3154253 8.3074198 8.2995067 8.2916984 8.2840075 8.2764464 8.2690277 8.2617637 8.2546662 8.2477471 8.2410174 8.2344877 8.2281679 8.2220671 8.2161934 8.2105542 8.2051556 8.2000028 8.1950998 8.1904496 8.1860539 8.1819135 8.1780281 8.1743962 8.1710157 8.1678835 8.1649958 8.162348 8.1599351 8.1577517 8.155792 8.1540498 8.152519 8.1511933 8.1500664 8.1491321 8.1483843 8.1478173 8.1474252 8.1472028 8.1471448 8.1472462 8.1475024 8.1479089 8.1484612 8.1491551 8.1499864 8.1509508 8.1520443 8.1532623 8.1546004 8.156054 8.1576181 8.1592877 8.1610576
8.3591111 8.3510655 8.3430553 8.3350909 8.3271831 8.3193431 8.3115822 8.3039119 8.2963437 8.2888893 8.2815604 8.2743684 8.2673248 8.2604405 8.2537263 8.2471926 8.2408489 8.2347045 8.2287676 8.2230459 8.2175461 8.2122741 8.2072345 8.2024314 8.1978676 8.193545 8.1894644 8.1856259 8.1820284 8.1786704 8.1755491 8.1726615 8.1700037 8.1675714 8.1653599 8.1633639 8.1615783 8.1599975 8.1586157 8.1574275 8.1564272 8.1556091 8.154968 8.1544984 8.1541954 8.1540539 8.1540692 8.1542367 8.154552 8.1550108 8.1556087 8.1563416 8.1572053 8.1581955 8.159308 8.1605382 8.1618815 8.1633333 8.1648887 8.1665425
8.3617787 8.3539649 8.3461878 8.3384574 8.3307838 8.3231775 8.3156491 8.3082093 8.300869 8.293639 8.28653 8.2795529 8.2727181 8.2660359 8.2595161 8.2531683 8.2470013 8.2410237 8.2352432 8.2296668 8.2243008 8.2191505 8.2142207 8.2095149 8.2050361 8.2007861 8.196766 8.192976 8.1894155 8.1860832 8.182977 8.1800942 8.1774316 8.1749856 8.1727519 8.1707262 8.1689036 8.1672793 8.1658483 8.1646053 8.1635454 8.1626634 8.1619543 8.1614132 8.1610353 8.1608159 8.1607503 8.1608343 8.1610635 8.1614335 8.1619403 8.1625796 8.1633473 8.1642391 8.1652509 8.1663781 8.1676164 8.1689612 8.1704077 8.171951
8.3644191 8.3568269 8.3492725 8.3417652 8.3343148 8.326931 8.3196238 8.3124032 8.3052794 8.2982625 8.2913625 8.2845893 8.2779527 8.2714623 8.2651271 8.258956 8.2529573 8.2471387 8.2415074 8.23607 8.2308324 8.2257996 8.220976 8.2163652 8.2119698 8.2077919 8.2038326 8.2000923 8.1965707 8.1932669 8.1901791 8.1873052 8.1846425 8.1821877 8.1799372 8.1778872 8.1760335 8.1743717 8.1728973 8.1716056 8.1704921 8.169552 8.1687807 8.1681736 8.1677262 8.1674341 8.1672928 8.1672982 8.167446 8.1677321 8.1681524 8.1687028 8.1693791 8.1701773 8.1710931 8.1721223 8.1732605 8.1745033 8.1758461 8.1772842
8.3670317 8.3596514 8.3523097 8.3450156 8.337778 8.3306063 8.3235098 8.3164979 8.30958 8.3027657 8.2960643 8.289485 8.2830368 8.2767288 8.2705692 8.2645663 8.2587279 8.253061 8.2475725 8.2422684 8.2371542 8.2322348 8.2275141 8.2229957 8.2186822 8.2145756 8.2106772 8.2069875 8.2035064 8.2002333 8.1971669 8.1943053 8.1916463 8.1891871 8.1869245 8.1848552 8.1829755 8.1812815 8.1797691 8.1784342 8.1772724 8.1762795 8.1754513 8.1747834 8.1742717 8.1739118 8.1736997 8.1736313 8.1737025 8.1739092 8.1742476 8.1747136 8.1753031 8.1760122 8.1768368 8.1777726 8.1788155 8.1799611 8.1812052 8.1825431
8.3696157 8.3624383 8.3553001 8.3482096 8.3411753 8.3342059 8.3273103 8.3204972 8.3137755 8.3071541 8.3006416 8.2942468 8.2879781 8.2818437 8.2758514 8.270009 8.2643235 8.2588016 8.2534498 8.2482736 8.2432781 8.238468 8.2338472 8.2294188 8.2251856 8.2211494 8.2173117 8.2136732 8.2102339 8.2069934 8.2039507 8.2011044 8.1984525 8.1959926 8.1937221 8.1916379 8.1897368 8.1880153 8.1864698 8.1850965 8.1838914 8.1828508 8.1819705 8.1812467 8.1806754 8.1802525 8.1799742 8.1798365 8.1798355 8.1799674 8.1802283 8.1806143 8.1811215 8.1817459 8.1824836 8.1833306 8.1842828 8.185336 8.1864859 8.1877284
8.3721709 8.3651877 8.3582442 8.3513484 8.3445083 8.3377322 8.3310282 8.3244048 8.3178701 8.3114326 8.3051003 8.2988814 8.2927836 8.2868147 8.2809821 8.2752928 8.2697534 8.2643704 8.2591495 8.2540961 8.2492151 8.2445106 8.2399864 8.2356458 8.2314911 8.2275245 8.2237472 8.2201601 8.2167635 8.2135572 8.2105403 8.2077117 8.2050698 8.2026125 8.2003376 8.1982424 8.1963241 8.1945794 8.1930052 8.1915979 8.1903542 8.1892703 8.1883426 8.1875673 8.1869409 8.1864594 8.1861193 8.1859167 8.1858479 8.1859092 8.1860969 8.1864071 8.1868362 8.1873803 8.1880356 8.1887981 8.1896639 8.190629 8.1916894 8.192841
8.3746967 8.3678997 8.3611427 8.3544332 8.3477789 8.3411874 8.3346666 8.3282242 8.3218682 8.3156061 8.3094457 8.3033945 8.29746 8.2916491 8.2859689 8.280426 8.2750265 8.2697764 8.2646812 8.2597459 8.254975 8.2503726 8.2459423 8.241687 8.2376093 8.2337111 8.2299938 8.2264583 8.2231051 8.219934 8.2169446 8.2141359 8.2115065 8.2090547 8.2067786 8.2046759 8.2027439 8.2009798 8.1993809 8.1979438 8.1966655 8.1955425 8.1945715 8.1937491 8.1930718 8.192536 8.1921381 8.1918748 8.1917423 8.1917371 8.1918557 8.1920943 8.1924494 8.1929173 8.1934942 8.1941764 8.1949601 8.1958415 8.1968166 8.1978815
8.3771932 8.3705747 8.3639964 8.3574653 8.3509887 8.3445739 8.3382282 8.3319589 8.3257734 8.319679 8.3136828 8.3077919 8.3020132 8.2963534 8.290819 8.2854161 8.2801507 8.2750281 8.2700536 8.2652319 8.2605673 8.2560636 8.2517242 8.2475521 8.2435496 8.2397187 8.2360608 8.2325769 8.2292674 8.2261326 8.223172 8.220385 8.2177703 8.2153266 8.2130521 8.2109447 8.2090024 8.2072225 8.2056023 8.2041392 8.20283 8.2016719 8.2006616 8.1997959 8.1990716 8.1984853 8.1980338 8.1977136 8.1975214 8.1974537 8.197507 8.197678 8.197963 8.1983587 8.1988612 8.1994672 8.2001728 8.2009745 8.2018684 8.2028507
8.37966 8.3732129 8.3668059 8.3604459 8.3541395 8.3478938 8.3417157 8.3356119 8.3295896 8.3236555 8.3178163 8.3120787 8.3064491 8.3009338 8.295539 8.2902703 8.2851332 8.2801331 8.2752746 8.2705623 8.2660003 8.2615921 8.257341 8.2532498 8.2493209 8.2455561 8.2419569 8.2385243 8.235259 8.2321611 8.2292305 8.2264666 8.2238685 8.2214349 8.2191645 8.2170553 8.2151055 8.2133128 8.2116748 8.2101889 8.2088525 8.2076627 8.2066167 8.2057114 8.2049438 8.2043108 8.2038093 8.203436 8.2031877 8.2030612 8.2030531 8.2031602 8.203379 8.2037062 8.2041382 8.2046717 8.2053032 8.206029 8.2068456 8.2077494
8.3820972 8.3758146 8.3695721 8.363376 8.3572329 8.3511492 8.3451315 8.3391864 8.3333202 8.3275395 8.3218505 8.3162596 8.3107728 8.305396 8.3001349 8.2949949 8.2899811 8.2850986 8.2803518 8.2757449 8.2712819 8.2669661 8.2628007 8.2587883 8.2549312 8.2512313 8.2476901 8.2443086 8.2410875 8.2380271 8.2351273 8.2323878 8.2298079 8.2273864 8.2251222 8.2230136 8.221059 8.2192562 8.2176033 8.2160978 8.2147372 8.2135191 8.2124407 8.2114992 8.2106918 8.2100156 8.2094676 8.2090447 8.208744 8.2085622 8.2084963 8.208543 8.2086992 8.2089616 8.2093268 8.2097915 8.2103525 8.2110061 8.2117492 8.2125781
8.3845049 8.3783803 8.3722956 8.3662569 8.3602704 8.3543421 8.3484782 8.342685 8.3369684 8.3313347 8.3257897 8.3203394 8.3149894 8.3097453 8.3046124 8.2995959 8.2947007 8.2899313 8.285292 8.2807868 8.2764194 8.2721931 8.2681108 8.2641751 8.2603883 8.2567521 8.253268 8.2499371 8.2467602 8.2437376 8.2408694 8.2381554 8.2355949 8.2331872 8.2309311 8.2288252 8.2268681 8.2250579 8.2233927 8.2218703 8.2204886 8.2192451 8.2181374 8.2171629 8.2163189 8.2156028 8.2150115 8.2145425 8.2141926 8.213959 8.2138387 8.2138285 8.2139255 8.2141265 8.2144284 8.2148279 8.2153219 8.215907 8.21658 8.2173376
