Cobbity/QGIS/C2_DUALEM.tif
NCOLS 299
NROWS 169
XLLCORNER 150.661
YLLCORNER -34.027
CELLSIZE 1e-05
NODATA_VALUE -9999
[rows 100 to 124 of 169, columns 171 to 227 of 299]
0.34437426 0.34694313 0.33987509 0.33092092 0.32010364 0.29863778 0.26231945 0.29168175 0.3053744 0.30970351 0.31017558 0.30841068 0.30639043 0.30746666 0.3107053 0.31397507 0.31746073 0.32079811 0.32381446 0.32652997 0.32900182 0.33127724 0.33338909 0.33535994 0.33720597 0.33893947 0.34057035 0.34210695 0.34355652 0.34492553 0.34621979 0.34744463 0.34860491 0.34970509 0.35074931 0.35174136 0.35268474 0.3535827 0.35443821 0.35525404 0.35603275 0.35677668 0.35748802 0.35816879 0.35882085 0.35944594 0.36004566 0.36062149 0.36117481 0.36170691 0.36221898 0.36271212 0.36318737 0.36364569 0.36408797 0.36451504 0.3649277
0.34656835 0.34163976 0.33347861 0.32801305 0.3213195 0.31097189 0.29429857 0.30102859 0.30699963 0.30742455 0.30448669 0.2978548 0.28689138 0.28386974 0.29515843 0.30458295 0.31073179 0.31532441 0.31910439 0.32237162 0.32527458 0.32789961 0.33030164 0.33251775 0.33457435 0.33649111 0.33828339 0.33996357 0.34154201 0.34302752 0.34442781 0.34574963 0.34699903 0.34818145 0.34930179 0.3503645 0.35137365 0.35233294 0.35324578 0.35411527 0.35494427 0.35573543 0.35649117 0.35721371 0.35790514 0.35856734 0.3592021 0.35981103 0.36039566 0.36095739 0.36149752 0.36201726 0.36251774 0.363 0.36346502 0.36391372 0.36434694
0.32130545 0.32731998 0.32731079 0.32598812 0.32447107 0.32774473 0.32180496 0.31211827 0.30832017 0.30407797 0.29763587 0.28669828 0.26398781 0.25483321 0.28045667 0.29545059 0.30383082 0.3096391 0.31421997 0.31807779 0.32144384 0.32444455 0.32715808 0.32963683 0.331918 0.33402919 0.33599165 0.33782227 0.33953484 0.34114088 0.34265015 0.34407113 0.34541118 0.34667684 0.3478739 0.34900757 0.35008254 0.35110304 0.35207291 0.35299568 0.35387453 0.35471241 0.35551198 0.35627574 0.35700593 0.35770467 0.35837388 0.35901534 0.35963071 0.36022151 0.36078916 0.36133498 0.36186018 0.36236591 0.36285322 0.36332309 0.36377644
0.28228452 0.31312716 0.32175213 0.32484967 0.32868442 0.32981176 0.32410624 0.3148592 0.30681823 0.29868333 0.28894883 0.27762946 0.26603485 0.26351212 0.27643708 0.28853392 0.29730048 0.30392932 0.30924458 0.31369886 0.31754689 0.320942 0.32398306 0.32673758 0.32925388 0.33156786 0.33370705 0.33569316 0.33754369 0.33927306 0.34089335 0.34241485 0.34384643 0.34519579 0.34646973 0.34767428 0.34881478 0.34989606 0.35092246 0.3518979 0.35282594 0.35370984 0.35455255 0.35535679 0.35612505 0.3568596 0.35756257 0.35823587 0.35888132 0.35950055 0.36009511 0.36066641 0.36121578 0.36174442 0.36225349 0.36274404 0.36321705
0.30188517 0.31130958 0.31818502 0.32394804 0.33998948 0.36041363 0.32962892 0.31346058 0.30220136 0.29037753 0.2752701 0.25742493 0.2489568 0.25711415 0.26975056 0.281356 0.2907336 0.29817542 0.30422167 0.30928149 0.31362422 0.31742584 0.32080469 0.32384332 0.32660137 0.3291233 0.33144318 0.33358771 0.33557831 0.33743246 0.33916467 0.34078716 0.34231036 0.34374327 0.34509371 0.34636858 0.34757395 0.34871527 0.34979737 0.35082462 0.35180098 0.35273002 0.35361498 0.35445883 0.35526429 0.35603383 0.35676974 0.35747411 0.35814887 0.35879581 0.35941658 0.3600127 0.36058558 0.36113653 0.36166678 0.36217745 0.36266959
0.29138899 0.30912466 0.31467054 0.31942488 0.33133367 0.34415659 0.32360118 0.30773496 0.29474105 0.27946375 0.25631985 0.21469564 0.18617838 0.22618123 0.25595806 0.27257252 0.28382194 0.29235034 0.29919078 0.30487457 0.30972025 0.31393364 0.31765416 0.32097985 0.32398186 0.32671333 0.32921494 0.3315185 0.3336494 0.33562822 0.33747198 0.33919488 0.34080896 0.34232453 0.3437505 0.34509464 0.3463638 0.34756402 0.34870069 0.34977864 0.3508022 0.35177527 0.35270141 0.35358384 0.35442549 0.35522905 0.35599696 0.3567315 0.35743473 0.35810856 0.35875475 0.35937494 0.35997063 0.36054322 0.361094 0.36162418 0.36213488
0.30179414 0.30845176 0.31022355 0.31205121 0.31721069 0.31662807 0.30924773 0.29828321 0.2850021 0.26739358 0.2411843 0.19517752 0.16094482 0.21027101 0.24473154 0.2640413 0.27694658 0.28658162 0.29423084 0.30054016 0.30588561 0.31050675 0.31456527 0.31817488 0.3214182 0.32435691 0.32703819 0.32949887 0.33176823 0.33386999 0.33582357 0.33764519 0.33934848 0.34094506 0.34244493 0.34385677 0.34518815 0.34644577 0.34763555 0.34876277 0.34983215 0.35084794 0.35181399 0.35273378 0.35361046 0.35444692 0.35524579 0.35600949 0.35674022 0.35744003 0.35811079 0.35875423 0.35937195 0.35996543 0.36053605 0.36108507 0.36161369
0.31187028 0.3077512 0.30379922 0.30116376 0.30978607 0.30662306 0.29720693 0.28747638 0.27351864 0.25327144 0.22566996 0.19894597 0.19364028 0.21334155 0.23765694 0.25655147 0.27045451 0.28104043 0.28944582 0.29635176 0.30217631 0.30718935 0.31157349 0.31545725 0.31893404 0.3220736 0.32492924 0.32754252 0.32994644 0.33216765 0.33422795 0.33614545 0.33793532 0.33961048 0.34118196 0.34265933 0.34405091 0.34536401 0.34660507 0.34777983 0.3488934 0.34995036 0.35095485 0.35191061 0.352821 0.35368911 0.35451776 0.35530949 0.35606667 0.35679145 0.35748582 0.35815161 0.35879052 0.35940409 0.35999379 0.36056094 0.36110681
0.31234732 0.30436999 0.29428821 0.2782446 0.26607917 0.28226044 0.28385024 0.27598774 0.26071261 0.23555286 0.19241293 0.13202738 0.14614923 0.19659343 0.22839116 0.24935163 0.26440934 0.27585635 0.28493823 0.29238534 0.2986499 0.30402623 0.30871444 0.31285575 0.31655296 0.31988292 0.32290438 0.32566316 0.32819564 0.33053114 0.33269364 0.33470301 0.33657589 0.33832638 0.33996652 0.3415067 0.34295596 0.34432219 0.34561236 0.34683263 0.34798848 0.34908483 0.35012609 0.35111623 0.35205886 0.35295724 0.35381434 0.35463288 0.35541534 0.35616401 0.35688096 0.35756813 0.3582273 0.3588601 0.35946805 0.36005257 0.36061495
0.31097956 0.29889624 0.28345961 0.26277796 0.24667144 0.26766932 0.27230368 0.26465012 0.2474703 0.21857483 0.1665063 0.069441932 0.10132507 0.18073692 0.21982737 0.24292701 0.25900327 0.27115899 0.28080334 0.28871219 0.29536086 0.30106 0.30602211 0.31039792 0.31429757 0.31780362 0.32097932 0.32387407 0.32652711 0.32897011 0.33122896 0.3333251 0.33527647 0.33709826 0.33880343 0.34040315 0.34190709 0.34332372 0.34466046 0.3459239 0.34711987 0.34825359 0.34932974 0.35035252 0.35132575 0.35225286 0.35313698 0.35398099 0.35478747 0.35555883 0.35629725 0.35700476 0.3576832 0.35833431 0.35895965 0.3595607 0.36013882
0.307608 0.29212263 0.26753099 0.23572463 0.24724929 0.26177234 0.26344197 0.2538635 0.23366632 0.2016757 0.16089855 0.1314684 0.14463801 0.18386677 0.21566794 0.23808332 0.25447531 0.26706619 0.27712117 0.28539274 0.29235643 0.29832828 0.30352694 0.30810873 0.31218859 0.31585306 0.31916872 0.3221877 0.32495152 0.32749375 0.32984186 0.33201861 0.33404309 0.33593142 0.33769738 0.3393528 0.34090798 0.34237185 0.34375231 0.34505628 0.34628995 0.3474588 0.34856776 0.34962126 0.35062329 0.35157746 0.35248706 0.35335507 0.35418422 0.354977 0.35573571 0.35646243 0.35715911 0.35782753 0.35846934 0.35908606 0.3596791
0.30177783 0.28690791 0.2563825 0.18805639 0.22921783 0.25619656 0.25626825 0.24356236 0.21871112 0.17678595 0.10784525 0.082213117 0.1411676 0.18341359 0.21284872 0.23447745 0.25084085 0.26363306 0.27394394 0.28247126 0.28967336 0.29586157 0.30125435 0.30600952 0.31024404 0.31404658 0.3174857 0.32061534 0.32347862 0.3261105 0.32853968 0.33078998 0.33288139 0.33483082 0.33665273 0.33835956 0.33996208 0.3414697 0.34289067 0.34423227 0.34550096 0.34670249 0.34784201 0.34892413 0.34995303 0.35093248 0.35186587 0.35275634 0.3536067 0.35441956 0.35519727 0.35594203 0.35665584 0.35734053 0.35799783 0.3586293 0.35923641
0.29762488 0.28551927 0.2689646 0.25286438 0.25295633 0.25700989 0.2507953 0.2338378 0.20421712 0.15694641 0.080044192 0.048730814 0.13058346 0.18001365 0.21033234 0.23178125 0.24803984 0.26086926 0.2712966 0.27997426 0.28733626 0.29368181 0.29922364 0.30411717 0.30847868 0.31239706 0.31594151 0.31916682 0.32211701 0.32482792 0.32732907 0.32964505 0.33179653 0.33380103 0.33567356 0.33742703 0.33907263 0.34062014 0.34207814 0.34345419 0.34475501 0.34598657 0.34715421 0.34826272 0.34931642 0.35031921 0.35127464 0.35218591 0.35305595 0.35388744 0.35468284 0.35544439 0.35617415 0.35687404 0.3575458 0.35819107 0.35881134
0.29442164 0.28441541 0.27299051 0.26970053 0.2647337 0.25808028 0.24584734 0.22449198 0.19005784 0.13615333 0.079044916 0.095592296 0.14149081 0.18101247 0.209385 0.23014341 0.24607321 0.25877113 0.26918363 0.27791154 0.2853574 0.29180202 0.29744763 0.30244379 0.30690368 0.31091465 0.3145453 0.31785034 0.32087401 0.32365252 0.32621583 0.32858898 0.3307931 0.33284614 0.3347635 0.33655846 0.33824253 0.33982579 0.34131707 0.34272418 0.34405403 0.34531279 0.34650595 0.34763846 0.34871477 0.34973889 0.35071446 0.3516448 0.35253291 0.35338154 0.35419322 0.35497025 0.35571476 0.35642869 0.35711386 0.35777192 0.35840443
0.29179963 0.28228351 0.2729196 0.26994483 0.265932 0.25643516 0.24028639 0.21518643 0.17738104 0.11678813 0.019650373 0.079276544 0.14630211 0.18393104 0.21002538 0.22959306 0.24491769 0.2573127 0.26758952 0.27627723 0.28373738 0.2902266 0.29593271 0.30099668 0.30552655 0.30960669 0.31330402 0.31667236 0.31975555 0.32258969 0.32520482 0.32762616 0.32987505 0.3319697 0.33392575 0.33575672 0.33747436 0.33908897 0.34060956 0.34204413 0.34339974 0.34468271 0.34589867 0.34705267 0.34814928 0.3491926 0.35018636 0.35113395 0.35203844 0.35290265 0.35372916 0.35452032 0.3552783 0.35600511 0.35670257 0.3573724 0.35801617
0.29004783 0.27833825 0.25597231 0.26462568 0.26444003 0.2530593 0.23372369 0.2051042 0.16411206 0.11467322 0.094848263 0.1182617 0.15747933 0.18853211 0.21182434 0.22993224 0.24446776 0.25643166 0.26647775 0.2750513 0.28246659 0.28895239 0.29467961 0.29977876 0.30435141 0.30847786 0.31222249 0.31563761 0.31876612 0.32164364 0.32429994 0.32676015 0.32904563 0.33117466 0.33316298 0.33502425 0.33677034 0.33841168 0.33995743 0.34141569 0.34279364 0.3440977 0.3453336 0.34650649 0.347621 0.34868131 0.34969122 0.35065418 0.3515733 0.35245147 0.3532913 0.3540952 0.35486536 0.35560381 0.35631244 0.35699297 0.357647
0.29071475 0.28482069 0.26930415 0.26946035 0.26397599 0.24889576 0.2259668 0.19367228 0.14822603 0.07539814 0.073254266 0.13247681 0.16737096 0.1935363 0.21420365 0.23086295 0.24456458 0.25603863 0.26579635 0.27420349 0.28152797 0.28797049 0.29368448 0.29878933 0.30337942 0.30753037 0.31130352 0.31474914 0.31790886 0.32081743 0.32350412 0.32599371 0.3283074 0.33046338 0.33247737 0.33436303 0.33613228 0.33779559 0.33936219 0.34084024 0.34223699 0.34355892 0.34481182 0.34600089 0.34713083 0.34820585 0.34922981 0.35020619 0.35113816 0.35202862 0.35288023 0.35369542 0.35447641 0.35522528 0.3559439 0.35663404 0.35729732
0.29318487 0.30275103 0.30863592 0.28156842 0.26390231 0.24370508 0.21650919 0.17931627 0.13226728 0.099904181 0.10857402 0.14389258 0.17435514 0.19783896 0.21664767 0.2321102 0.24505158 0.25604114 0.26548932 0.27369952 0.28090064 0.2872685 0.29294036 0.2980249 0.30260933 0.30676441 0.31054814 0.31400851 0.31718558 0.32011301 0.3228193 0.32532875 0.3276622 0.3298376 0.33187053 0.33377456 0.33556156 0.33724198 0.33882502 0.34031887 0.3417308 0.3430673 0.34433418 0.34553667 0.34667949 0.3477669 0.34880276 0.34979058 0.35073355 0.35163461 0.35249642 0.35332143 0.3541119 0.35486989 0.35559733 0.35629597 0.35696746
0.29467419 0.30322191 0.30345738 0.28258027 0.26110089 0.23675398 0.20505227 0.16157053 0.09314586 0.037793633 0.10908658 0.15148936 0.17969606 0.20142391 0.21896087 0.23351378 0.24581799 0.25636555 0.26550812 0.27350744 0.28056366 0.28683285 0.29243863 0.29748021 0.30203815 0.30617849 0.30995589 0.31341593 0.31659691 0.31953125 0.32224653 0.32476638 0.32711114 0.32929843 0.33134355 0.33325988 0.33505917 0.33675176 0.33834679 0.3398524 0.34127582 0.34262353 0.34390132 0.34511443 0.34626757 0.34736499 0.34841056 0.34940781 0.35035992 0.35126985 0.35214025 0.3529736 0.35377215 0.35453799 0.35527303 0.35597905 0.35665769
0.29755806 0.3219109 0.30256805 0.2780933 0.25526053 0.22776908 0.19122233 0.14283263 0.094736692 0.0795935 0.11865021 0.15673116 0.18382363 0.20449655 0.22116016 0.23502893 0.24681134 0.2569673 0.26581853 0.27360206 0.28049888 0.28665064 0.29217025 0.29714902 0.30166165 0.30576985 0.30952504 0.31297039 0.31614238 0.31907206 0.32178595 0.32430691 0.32665467 0.32884636 0.33089695 0.33281954 0.33462566 0.33632548 0.33792802 0.33944132 0.34087254 0.34222808 0.3435137 0.3447346 0.34589544 0.34700049 0.34805357 0.34905821 0.35001759 0.35093463 0.35181202 0.3526522 0.35345744 0.35422981 0.35497124 0.3556835 0.35636823
0.29366515 0.30838011 0.29474133 0.27129844 0.2473884 0.21723177 0.17525719 0.1107205 0.020984071 0.070613327 0.12705563 0.16196257 0.18755696 0.20736701 0.22336272 0.23668614 0.24802665 0.25782956 0.26640181 0.27396645 0.28069222 0.28671064 0.29212649 0.29702464 0.30147479 0.30553473 0.30925283 0.3126699 0.31582057 0.31873444 0.32143691 0.32394993 0.32629253 0.3284813 0.33053074 0.33245361 0.33426114 0.3359633 0.33756891 0.33908585 0.34052116 0.34188117 0.34317153 0.34439738 0.34556334 0.34667361 0.34773201 0.348742 0.34970675 0.35062917 0.35151191 0.35235742 0.35316794 0.35394554 0.35469213 0.35540949 0.35609925
0.29304662 0.30126088 0.2806851 0.26160128 0.23810426 0.20595869 0.16028415 0.10055821 0.047776088 0.079896014 0.13186022 0.16645098 0.19121059 0.2103021 0.22571396 0.23855216 0.24948785 0.25895521 0.26725159 0.27459092 0.28113354 0.2870035 0.29229921 0.29710026 0.30147196 0.30546857 0.3091356 0.31251153 0.31562916 0.31851657 0.32119797 0.32369432 0.32602387 0.32820257 0.33024441 0.3321617 0.33396535 0.33566502 0.3372693 0.33878589 0.34022165 0.34158278 0.34287482 0.34410282 0.34527131 0.34638443 0.34744593 0.34845924 0.34942749 0.35035354 0.35124002 0.35208934 0.35290374 0.35368526 0.35443581 0.35515712 0.35585084
0.27430092 0.28347352 0.26775964 0.25108587 0.22830301 0.19473363 0.14250756 0.055630002 0.021235711 0.092364649 0.13928618 0.17157188 0.19522688 0.21354525 0.22835435 0.24070206 0.25123039 0.26035714 0.26836871 0.27547045 0.28181536 0.28752113 0.29268067 0.29736885 0.30164701 0.30556611 0.30916888 0.31249155 0.31556502 0.31841585 0.32106697 0.32353829 0.32584722 0.32800897 0.33003695 0.33194299 0.33373759 0.33543007 0.33702874 0.33854106 0.33997369 0.34133266 0.34262337 0.34385075 0.34501922 0.34613283 0.34719527 0.34820989 0.34917977 0.35010772 0.35099633 0.35184799 0.35266487 0.35344901 0.35420229 0.35492643 0.35562304
0.2326958 0.24716253 0.25124615 0.24012263 0.21865829 0.18528354 0.13510048 0.055913319 0.0223987 0.09958441 0.14728443 0.17769642 0.19992922 0.21728673 0.23139633 0.24319987 0.25328737 0.26204929 0.26975586 0.27660153 0.28273114 0.28825582 0.293263 0.29782296 0.30199318 0.30582133 0.30934744 0.31260542 0.31562428 0.31842897 0.32104109 0.32347945 0.32576052 0.32789875 0.32990689 0.33179623 0.3335768 0.33525754 0.33684646 0.3383507 0.33977672 0.34113033 0.34241677 0.34364081 0.34480677 0.34591857 0.34697981 0.34799377 0.34896345 0.3498916 0.35078076 0.35163326 0.35245125 0.35323674 0.35399154 0.35471738 0.35541583
0.22134774 0.23451613 0.23931832 0.23013728 0.20921031 0.17611508 0.12826891 0.079871401 0.090291008 0.12503876 0.15886834 0.18516037 0.20545113 0.22162174 0.2349047 0.2460853 0.25567978 0.26403977 0.27141293 0.27797926 0.28387348 0.28919912 0.29403763 0.29845441 0.30250291 0.30622745 0.30966524 0.31284787 0.31580233 0.31855193 0.32111688 0.32351482 0.32576121 0.32786969 0.3298523 0.33171975 0.33348154 0.33514621 0.33672137 0.33821388 0.33962992 0.34097508 0.3422544 0.34347248 0.3446335 0.34574124 0.34679921 0.34781057 0.34877825 0.34970493 0.35059309 0.35144499 0.35226275 0.3530483 0.35380346 0.35452989 0.35522914
