Cobbity/QGIS/C2_DUALEM.tif
NCOLS 299
NROWS 169
XLLCORNER 150.661
YLLCORNER -34.027
CELLSIZE 1e-05
NODATA_VALUE -9999
[rows 125 to 149 of 169, columns 228 to 284 of 299]
0.3557364 0.35638579 0.35701225 0.35761693 0.3582009 0.35876517 0.35931069 0.35983834 0.36034895 0.3608433 0.36132215 0.36178616 0.36223601 0.36267232 0.36309565 0.36350656 0.36390558 0.3642932 0.36466988 0.36503607 0.36539218 0.36573862 0.36607575 0.36640395 0.36672355 0.36703487 0.36733822 0.36763391 0.3679222 0.36820337 0.36847767 0.36874534 0.36900661 0.36926171 0.36951084 0.36975422 0.36999202 0.37022445 0.37045167 0.37067385 0.37089115 0.37110374 0.37131176 0.37151536 0.37171466 0.37190981 0.37210093 0.37228814 0.37247156 0.37265129 0.37282746 0.37300016 0.37316948 0.37333554 0.37349842 0.3736582 0.37381499
0.35558938 0.35623815 0.35686423 0.35746874 0.35805274 0.35861721 0.35916309 0.35969123 0.36020246 0.36069755 0.36117721 0.36164214 0.36209298 0.36253033 0.36295477 0.36336684 0.36376706 0.36415592 0.36453387 0.36490135 0.36525878 0.36560656 0.36594504 0.3662746 0.36659557 0.36690826 0.367213 0.36751006 0.36779973 0.36808227 0.36835793 0.36862697 0.36888959 0.36914604 0.36939651 0.36964121 0.36988033 0.37011406 0.37034256 0.37056602 0.37078459 0.37099843 0.37120769 0.3714125 0.37161302 0.37180936 0.37200165 0.37219002 0.37237458 0.37255545 0.37273273 0.37290653 0.37307694 0.37324407 0.373408 0.37356883 0.37372663
0.35546142 0.35610869 0.35673358 0.35733716 0.35792047 0.35848446 0.35903005 0.35955808 0.36006935 0.36056462 0.36104459 0.36150993 0.36196128 0.36239924 0.36282437 0.3632372 0.36363824 0.36402797 0.36440684 0.36477529 0.36513372 0.36548253 0.36582208 0.36615273 0.3664748 0.36678862 0.36709449 0.36739271 0.36768353 0.36796724 0.36824407 0.36851427 0.36877807 0.36903568 0.36928732 0.36953318 0.36977346 0.37000834 0.370238 0.3704626 0.3706823 0.37089726 0.37110763 0.37131355 0.37151515 0.37171257 0.37190594 0.37209537 0.37228098 0.37246288 0.37264119 0.372816 0.37298741 0.37315553 0.37332044 0.37348223 0.37364099
0.35535223 0.35599719 0.35662009 0.357222 0.35780391 0.35836677 0.35891144 0.35943875 0.3599495 0.36044441 0.36092418 0.36138946 0.36184086 0.36227899 0.36270439 0.36311758 0.36351906 0.36390931 0.36428876 0.36465785 0.36501697 0.36536652 0.36570685 0.36603831 0.36636124 0.36667593 0.36698271 0.36728184 0.36757361 0.36785827 0.36813607 0.36840725 0.36867204 0.36893065 0.36918328 0.36943015 0.36967143 0.36990732 0.37013797 0.37036357 0.37058427 0.37080023 0.37101159 0.37121849 0.37142108 0.37161947 0.3718138 0.37200419 0.37219075 0.3723736 0.37255284 0.37272858 0.37290091 0.37306993 0.37323574 0.37339842 0.37355806
0.35526151 0.35590335 0.35652351 0.35712303 0.35770287 0.35826393 0.35880707 0.3593331 0.35984277 0.3603368 0.36081587 0.36128061 0.36173162 0.36216949 0.36259475 0.36300791 0.36340947 0.36379988 0.36417958 0.36454899 0.3649085 0.36525849 0.36559932 0.36593133 0.36625485 0.36657018 0.36687762 0.36717745 0.36746995 0.36775536 0.36803393 0.3683059 0.36857149 0.36883092 0.36908439 0.3693321 0.36957423 0.36981097 0.37004249 0.37026896 0.37049053 0.37070735 0.37091958 0.37112735 0.3713308 0.37153006 0.37172526 0.3719165 0.37210392 0.37228762 0.3724677 0.37264427 0.37281744 0.37298729 0.37315391 0.37331741 0.37347785
0.35518892 0.35582686 0.35644355 0.35703998 0.35761709 0.35817574 0.35871676 0.35924093 0.359749 0.36024164 0.36071952 0.36118326 0.36163345 0.36207064 0.36249536 0.36290812 0.36330939 0.36369961 0.36407923 0.36444864 0.36480824 0.36515839 0.36549945 0.36583175 0.3661556 0.36647133 0.3667792 0.36707952 0.36737252 0.36765848 0.36793763 0.36821021 0.36847643 0.3687365 0.36899064 0.36923903 0.36948186 0.36971931 0.36995155 0.37017875 0.37040105 0.37061862 0.3708316 0.37104012 0.37124433 0.37144435 0.3716403 0.3718323 0.37202048 0.37220493 0.37238577 0.37256309 0.37273701 0.3729076 0.37307497 0.3732392 0.37340038
0.35513406 0.35576737 0.35637988 0.35697256 0.3575463 0.35810194 0.35864027 0.35916205 0.35966798 0.36015875 0.36063497 0.36109727 0.3615462 0.36198231 0.36240611 0.36281809 0.36321872 0.36360843 0.36398764 0.36435675 0.36471613 0.36506616 0.36540718 0.3657395 0.36606346 0.36637934 0.36668742 0.366988 0.36728131 0.36756762 0.36784715 0.36812015 0.36838682 0.36864738 0.36890202 0.36915093 0.36939431 0.36963233 0.36986515 0.37009294 0.37031585 0.37053404 0.37074765 0.37095681 0.37116166 0.37136232 0.37155893 0.37175159 0.37194043 0.37212555 0.37230705 0.37248504 0.37265962 0.37283088 0.37299891 0.3731638 0.37332564
0.35509651 0.35572448 0.35633215 0.35692045 0.35749021 0.35804226 0.35857735 0.35909621 0.35959952 0.36008793 0.36056205 0.36102247 0.36146973 0.36190437 0.36232687 0.36273772 0.36313736 0.36352622 0.36390471 0.36427322 0.36463211 0.36498174 0.36532245 0.36565455 0.36597836 0.36629416 0.36660224 0.36690286 0.36719627 0.36748273 0.36776246 0.3680357 0.36830264 0.36856351 0.3688185 0.36906779 0.36931156 0.36955 0.36978327 0.37001152 0.37023491 0.3704536 0.37066771 0.3708774 0.37108278 0.37128399 0.37148115 0.37167437 0.37186377 0.37204946 0.37223154 0.37241011 0.37258528 0.37275712 0.37292574 0.37309122 0.37325365
0.35507581 0.35569777 0.35629997 0.35688327 0.35744849 0.3579964 0.35852773 0.35904317 0.35954338 0.36002897 0.36050056 0.36095868 0.36140388 0.36183666 0.3622575 0.36266686 0.36306519 0.36345288 0.36383035 0.36419796 0.36455607 0.36490504 0.36524518 0.36557682 0.36590024 0.36621574 0.36652359 0.36682404 0.36711736 0.36740378 0.36768352 0.36795682 0.36822387 0.36848489 0.36874006 0.36898957 0.36923359 0.36947231 0.36970589 0.36993447 0.37015822 0.37037728 0.37059179 0.37080188 0.37100769 0.37120934 0.37140695 0.37160064 0.37179051 0.37197668 0.37215925 0.37233831 0.37251397 0.37268632 0.37285545 0.37302145 0.37318439
0.35507146 0.3556868 0.35628293 0.35686066 0.35742079 0.35796404 0.3584911 0.35900264 0.35949929 0.35998165 0.36045027 0.3609057 0.36134845 0.361779 0.36219784 0.36260538 0.36300206 0.36338829 0.36376443 0.36413086 0.36448793 0.36483597 0.3651753 0.36550622 0.36582903 0.36614401 0.36645141 0.36675151 0.36704453 0.36733071 0.36761029 0.36788347 0.36815046 0.36841146 0.36866666 0.36891624 0.36916038 0.36939924 0.36963299 0.36986178 0.37008576 0.37030507 0.37051986 0.37073025 0.37093638 0.37113836 0.37133632 0.37153037 0.37172062 0.37190718 0.37209015 0.37226963 0.37244571 0.37261849 0.37278805 0.37295448 0.37311787
0.35508296 0.35569108 0.35628058 0.35685222 0.35740673 0.35794482 0.35846715 0.35897434 0.359467 0.35994569 0.36041095 0.36086331 0.36130324 0.36173123 0.36214771 0.36255311 0.36294785 0.3633323 0.36370683 0.36407181 0.36442757 0.36477443 0.36511271 0.36544269 0.36576466 0.36607889 0.36638565 0.36668518 0.36697771 0.36726348 0.36754271 0.36781561 0.36808238 0.3683432 0.36859828 0.36884778 0.36909189 0.36933075 0.36956454 0.36979341 0.3700175 0.37023695 0.3704519 0.37066248 0.37086882 0.37107104 0.37126925 0.37146357 0.37165411 0.37184097 0.37202425 0.37220406 0.37238048 0.3725536 0.37272353 0.37289033 0.37305409
0.35510977 0.35571013 0.35629247 0.3568575 0.35740593 0.3579384 0.35845554 0.35895796 0.35944621 0.35992084 0.36038237 0.36083128 0.36126805 0.36169313 0.36210694 0.36250989 0.36290237 0.36328477 0.36365742 0.36402068 0.36437488 0.36472031 0.3650573 0.36538611 0.36570703 0.36602031 0.36632622 0.36662498 0.36691685 0.36720203 0.36748074 0.36775318 0.36801956 0.36828006 0.36853487 0.36878415 0.36902808 0.36926682 0.36950052 0.36972934 0.36995342 0.37017289 0.37038789 0.37059856 0.370805 0.37100735 0.37120572 0.37140022 0.37159095 0.37177802 0.37196154 0.37214159 0.37231826 0.37249166 0.37266187 0.37282896 0.37299303
0.35515133 0.35574343 0.35631812 0.35687608 0.35741796 0.35794438 0.35845593 0.35895316 0.35943662 0.35990682 0.36036424 0.36080937 0.36124264 0.36166449 0.36207532 0.36247552 0.36286548 0.36324554 0.36361605 0.36397734 0.36432972 0.3646735 0.36500896 0.36533639 0.36565604 0.36596817 0.36627303 0.36657085 0.36686186 0.36714627 0.36742429 0.36769613 0.36796196 0.36822198 0.36847637 0.3687253 0.36896892 0.3692074 0.36944089 0.36966954 0.36989349 0.37011287 0.37032781 0.37053845 0.3707449 0.37094728 0.37114571 0.37134029 0.37153113 0.37171833 0.37190199 0.3720822 0.37225906 0.37243266 0.37260307 0.37277039 0.37293469
0.35520706 0.35579044 0.35635704 0.3569075 0.35744242 0.35796238 0.35846793 0.3589596 0.35943791 0.35990332 0.36035631 0.36079733 0.36122679 0.3616451 0.36205265 0.36244983 0.36283698 0.36321444 0.36358255 0.36394163 0.36429197 0.36463386 0.36496758 0.36529341 0.36561159 0.36592238 0.36622601 0.3665227 0.36681268 0.36709615 0.36737332 0.36764438 0.36790952 0.36816892 0.36842275 0.36867117 0.36891436 0.36915245 0.36938561 0.36961397 0.36983767 0.37005685 0.37027163 0.37048213 0.37068849 0.37089081 0.3710892 0.37128377 0.37147463 0.37166187 0.37184559 0.37202589 0.37220285 0.37237657 0.37254712 0.3727146 0.37287907
0.35527638 0.35585062 0.35640872 0.35695128 0.35747885 0.35799198 0.35849118 0.35897694 0.35944975 0.35991005 0.36035829 0.36079488 0.36122023 0.36163472 0.36203872 0.3624326 0.36281668 0.3631913 0.36355677 0.3639134 0.36426147 0.36460126 0.36493304 0.36525706 0.36557358 0.36588283 0.36618504 0.36648043 0.36676921 0.36705158 0.36732774 0.36759788 0.36786217 0.3681208 0.36837393 0.36862173 0.36886434 0.36910193 0.36933463 0.36956258 0.36978593 0.37000479 0.3702193 0.37042958 0.37063574 0.3708379 0.37103616 0.37123063 0.37142142 0.37160862 0.37179233 0.37197263 0.37214962 0.37232339 0.37249401 0.37266156 0.37282613
0.3553587 0.35592341 0.35647265 0.35700695 0.35752682 0.35803277 0.35852528 0.35900481 0.3594718 0.35992668 0.36036987 0.36080175 0.36122271 0.36163311 0.3620333 0.36242363 0.3628044 0.36317594 0.36353854 0.36389249 0.36423808 0.36457556 0.36490519 0.36522722 0.36554189 0.36584942 0.36615004 0.36644395 0.36673136 0.36701247 0.36728747 0.36755654 0.36781985 0.36807757 0.36832987 0.3685769 0.36881883 0.36905578 0.3692879 0.36951534 0.36973822 0.36995666 0.3701708 0.37038075 0.37058662 0.37078852 0.37098657 0.37118086 0.37137149 0.37155857 0.37174217 0.37192241 0.37209935 0.37227309 0.3724437 0.37261128 0.37277588
0.35545339 0.35600826 0.3565483 0.357074 0.35758586 0.35808432 0.35856984 0.35904283 0.35950372 0.3599529 0.36039076 0.36081766 0.36123397 0.36164003 0.36203616 0.36242269 0.36279992 0.36316815 0.36352767 0.36387874 0.36422164 0.36455661 0.3648839 0.36520375 0.36551639 0.36582203 0.36612088 0.36641316 0.36669905 0.36697875 0.36725244 0.36752029 0.36778247 0.36803915 0.36829049 0.36853664 0.36877775 0.36901395 0.36924539 0.36947219 0.3696945 0.36991242 0.37012608 0.3703356 0.37054109 0.37074265 0.37094039 0.37113441 0.3713248 0.37151167 0.37169511 0.37187519 0.37205201 0.37222566 0.3723962 0.37256372 0.3727283
0.35555987 0.35610459 0.35663513 0.35715196 0.35765551 0.3581462 0.35862445 0.35909063 0.35954515 0.35998837 0.36042065 0.36084232 0.36125374 0.36165521 0.36204706 0.36242957 0.36280304 0.36316776 0.36352398 0.36387197 0.36421198 0.36454425 0.36486903 0.36518652 0.36549695 0.36580053 0.36609747 0.36638795 0.36667217 0.36695031 0.36722254 0.36748904 0.36774997 0.36800548 0.36825573 0.36850087 0.36874104 0.36897638 0.36920702 0.36943309 0.36965472 0.36987202 0.37008511 0.37029411 0.37049912 0.37070024 0.37089759 0.37109125 0.37128133 0.37146792 0.3716511 0.37183096 0.37200759 0.37218107 0.37235147 0.37251888 0.37268336
0.35567753 0.35621183 0.35673263 0.35724032 0.35773531 0.35821798 0.3586887 0.35914783 0.35959574 0.36003275 0.36045921 0.36087543 0.36128173 0.3616784 0.36206574 0.36244403 0.36281354 0.36317454 0.36352727 0.36387199 0.36420894 0.36453834 0.36486042 0.36517538 0.36548345 0.36578482 0.36607968 0.36636822 0.36665062 0.36692706 0.3671977 0.36746271 0.36772225 0.36797647 0.36822551 0.36846953 0.36870865 0.36894302 0.36917275 0.36939798 0.36961883 0.36983541 0.37004783 0.37025622 0.37046066 0.37066126 0.37085813 0.37105136 0.37124105 0.37142727 0.37161012 0.37178969 0.37196606 0.3721393 0.3723095 0.37247672 0.37264104
0.35580574 0.35632942 0.35684025 0.35733858 0.35782479 0.35829921 0.35876218 0.35921404 0.35965511 0.36008571 0.36050613 0.36091669 0.36131766 0.36170933 0.36209197 0.36246584 0.3628312 0.36318829 0.36353736 0.36387864 0.36421234 0.3645387 0.36485792 0.3651702 0.36547575 0.36577475 0.36606738 0.36635384 0.36663428 0.36690889 0.36717781 0.36744121 0.36769924 0.36795204 0.36819976 0.36844254 0.36868051 0.36891379 0.36914252 0.36936681 0.36958678 0.36980254 0.37001421 0.37022188 0.37042567 0.37062568 0.37082199 0.3710147 0.37120391 0.3713897 0.37157215 0.37175136 0.37192739 0.37210033 0.37227025 0.37243723 0.37260134
0.35594392 0.3564568 0.35695746 0.35744625 0.35792347 0.35838945 0.35884448 0.35928887 0.35972291 0.36014689 0.36056109 0.36096579 0.36136125 0.36174773 0.36212549 0.36249476 0.36285579 0.36320881 0.36355404 0.3638917 0.36422201 0.36454517 0.36486138 0.36517083 0.3654737 0.36577019 0.36606047 0.3663447 0.36662306 0.3668957 0.36716277 0.36742444 0.36768084 0.36793211 0.3681784 0.36841983 0.36865653 0.36888863 0.36911625 0.3693395 0.3695585 0.36977336 0.36998418 0.37019106 0.37039411 0.37059343 0.3707891 0.37098122 0.37116988 0.37135516 0.37153715 0.37171592 0.37189155 0.37206412 0.37223371 0.37240038 0.37256421
0.35609147 0.35659339 0.35708374 0.35756282 0.3580309 0.35848826 0.35893518 0.35937192 0.35979876 0.36021596 0.36062376 0.36102243 0.36141221 0.36179333 0.36216603 0.36253054 0.36288708 0.36323587 0.36357711 0.363911 0.36423776 0.36455757 0.36487062 0.3651771 0.36547717 0.36577101 0.3660588 0.36634068 0.36661682 0.36688738 0.36715249 0.36741231 0.36766696 0.3679166 0.36816134 0.36840132 0.36863666 0.36886748 0.36909389 0.36931601 0.36953394 0.3697478 0.36995769 0.3701637 0.37036594 0.37056449 0.37075944 0.3709509 0.37113893 0.37132363 0.37150507 0.37168334 0.37185851 0.37203066 0.37219985 0.37236615 0.37252964
0.35624779 0.35673865 0.35721857 0.3576878 0.3581466 0.35859521 0.35903386 0.35946282 0.3598823 0.36029256 0.36069382 0.3610863 0.36147024 0.36184585 0.36221335 0.36257295 0.36292485 0.36326925 0.36360635 0.36393635 0.36425941 0.36457574 0.3648855 0.36518887 0.365486 0.36577708 0.36606224 0.36634166 0.36661547 0.36688382 0.36714685 0.36740471 0.36765751 0.3679054 0.3681485 0.36838693 0.36862081 0.36885025 0.36907536 0.36929626 0.36951305 0.36972583 0.36993469 0.37013975 0.37034109 0.37053879 0.37073296 0.37092367 0.37111101 0.37129506 0.3714759 0.3716536 0.37182825 0.3719999 0.37216863 0.37233451 0.3724976
0.35641232 0.35689203 0.35736142 0.35782071 0.35827012 0.35870986 0.35914013 0.35956117 0.35997317 0.36037635 0.36077093 0.36115709 0.36153506 0.36190502 0.36226718 0.36262173 0.36296886 0.36330874 0.36364158 0.36396753 0.36428678 0.36459949 0.36490584 0.36520597 0.36550005 0.36578823 0.36607067 0.3663475 0.36661886 0.3668849 0.36714575 0.36740154 0.3676524 0.36789844 0.3681398 0.36837658 0.3686089 0.36883687 0.3690606 0.36928019 0.36949574 0.36970736 0.36991513 0.37011915 0.37031951 0.3705163 0.37070961 0.37089951 0.37108609 0.37126942 0.37144959 0.37162666 0.37180071 0.37197181 0.37214003 0.37230542 0.37246807
0.35658448 0.35705299 0.3575118 0.35796107 0.35840101 0.35883178 0.35925358 0.35966659 0.360071 0.360467 0.36085477 0.3612345 0.36160637 0.36197057 0.36232726 0.36267664 0.36301887 0.36335412 0.36368256 0.36400436 0.36431967 0.36462865 0.36493146 0.36522825 0.36551916 0.36580435 0.36608394 0.36635807 0.36662689 0.36689052 0.36714908 0.36740271 0.36765151 0.36789562 0.36813514 0.36837018 0.36860086 0.36882727 0.36904953 0.36926773 0.36948197 0.36969234 0.36989894 0.37010185 0.37030117 0.37049697 0.37068934 0.37087836 0.37106411 0.37124666 0.3714261 0.37160248 0.37177588 0.37194636 0.37211401 0.37227887 0.37244101
