Cobbity/QGIS/C2_DUALEM.tif
NCOLS 299
NROWS 169
XLLCORNER 150.661
YLLCORNER -34.027
CELLSIZE 1e-05
NODATA_VALUE -9999
[rows 50 to 74 of 169, columns 57 to 113 of 299]
0.41115755 0.41152282 0.41190408 0.41230251 0.41271943 0.41315625 0.41361457 0.41409614 0.4146029 0.41513701 0.41570084 0.41629708 0.41692869 0.41759899 0.41831171 0.41907102 0.41988163 0.42074882 0.42167857 0.42267765 0.42375372 0.42491549 0.4261729 0.42753727 0.42902158 0.43064072 0.4324118 0.43435458 0.43649188 0.43885018 0.44146028 0.44435809 0.44758556 0.45119188 0.45523477 0.45978208 0.46491351 0.47072241 0.4773174 0.48482309 0.49337845 0.50313005 0.51421476 0.52672332 0.54063421 0.5557033 0.57119191 0.58777685 0.6116692 0.61771671 0.61927657 0.6048283 0.57514377 0.53499256 0.48708929 0.45782186 0.47341086
0.41071151 0.41105818 0.41141964 0.41179699 0.41219142 0.41260424 0.41303692 0.41349105 0.41396843 0.41447103 0.41500104 0.41556092 0.41615341 0.41678155 0.41744878 0.41815894 0.41891636 0.41972592 0.42059313 0.42152422 0.42252627 0.4236073 0.42477647 0.42604421 0.42742247 0.42892493 0.4305673 0.43236767 0.43434689 0.43652909 0.43894217 0.44161851 0.4445957 0.44791743 0.45163444 0.45580555 0.46049868 0.46579155 0.47177173 0.4785349 0.48617936 0.49479205 0.50441603 0.51497709 0.52612289 0.53690895 0.54536953 0.54350488 0.55760205 0.57760381 0.57914492 0.56712335 0.54302785 0.50875679 0.46696937 0.42908647 0.46930447
0.41025575 0.41058312 0.41092403 0.41127945 0.41165046 0.41203826 0.41244415 0.41286958 0.41331616 0.41378567 0.4142801 0.41480165 0.41535278 0.41593626 0.41655518 0.41721301 0.41791365 0.41866149 0.41946151 0.42031933 0.42124132 0.42223472 0.42330774 0.42446977 0.42573153 0.42710525 0.42860497 0.43024676 0.43204913 0.4340333 0.43622375 0.43864859 0.44134021 0.44433575 0.44767773 0.45141449 0.4556005 0.46029602 0.46556592 0.47147633 0.4780873 0.48543668 0.49350406 0.50212347 0.51074946 0.51774526 0.51818208 0.5114184 0.53182618 0.54479517 0.54602867 0.53717931 0.51965589 0.49323814 0.45239801 0.46660125 0.47487066
0.4097914 0.41009888 0.41041857 0.41075133 0.41109813 0.41146001 0.41183812 0.41223375 0.41264831 0.41308336 0.41354066 0.41402215 0.41453 0.41506664 0.41563478 0.41623748 0.41687817 0.41756072 0.41828948 0.41906938 0.41990601 0.42080569 0.42177562 0.42282397 0.42396005 0.42519447 0.42653934 0.42800848 0.42961766 0.43138491 0.43333077 0.43547863 0.43785504 0.44048996 0.44341697 0.44667319 0.45029894 0.45433664 0.45882867 0.46381341 0.46931832 0.47534794 0.48186189 0.4887278 0.49558738 0.50130826 0.50104155 0.48639492 0.50863516 0.51970723 0.52088947 0.51587906 0.50630447 0.49346552 0.48545593 0.47948772 0.47761503
0.40931965 0.40960673 0.40990466 0.41021417 0.41053608 0.4108713 0.41122081 0.41158571 0.41196721 0.41236666 0.41278554 0.41322553 0.41368847 0.41417642 0.41469172 0.41523695 0.41581503 0.41642924 0.41708329 0.41778134 0.41852813 0.41932897 0.42018993 0.42111786 0.42212052 0.42320675 0.42438656 0.42567127 0.42707375 0.4286085 0.43029187 0.43214218 0.43417984 0.43642731 0.43890895 0.44165056 0.44467843 0.44801765 0.45168931 0.45570617 0.46006669 0.46474852 0.46970652 0.47489455 0.48038459 0.48692384 0.49809028 0.50885225 0.50024098 0.50097843 0.50186234 0.5012229 0.50132615 0.50159424 0.49308662 0.48551727 0.47690946
0.40884171 0.40910801 0.40938374 0.40966952 0.40996602 0.41027398 0.41059424 0.41092769 0.41127533 0.41163826 0.41201772 0.41241505 0.41283178 0.41326959 0.41373039 0.41421627 0.41472961 0.41527307 0.41584964 0.4164627 0.41711604 0.41781393 0.41856121 0.41936332 0.4202264 0.42115738 0.42216402 0.42325505 0.42444025 0.42573044 0.42713764 0.42867494 0.43035648 0.43219719 0.43421235 0.43641673 0.43882329 0.44144094 0.44427111 0.44730261 0.45050473 0.45382005 0.45716509 0.46046804 0.46383963 0.46831568 0.48093523 0.50063957 0.48507225 0.48389882 0.4861246 0.48977884 0.50060837 0.5436248 0.52031734 0.48646916 0.47283002
0.40835885 0.40860409 0.40885731 0.409119 0.40938971 0.40967001 0.40996054 0.41026202 0.4105752 0.41090097 0.41124025 0.4115941 0.41196368 0.41235029 0.41275537 0.41318053 0.41362757 0.4140985 0.41459557 0.41512131 0.41567855 0.41627046 0.41690059 0.41757292 0.41829189 0.41906244 0.41989005 0.42078074 0.42174111 0.42277828 0.42389984 0.42511368 0.42642772 0.42784952 0.42938559 0.43104031 0.43281432 0.4347019 0.43668698 0.43873664 0.44079088 0.44274625 0.44443157 0.44558116 0.4458354 0.44445589 0.43415035 0.43807284 0.45933241 0.46650558 0.47159838 0.47801285 0.48970758 0.50591348 0.49976 0.47863667 0.46537849
0.40787234 0.40809634 0.40832687 0.40856428 0.40880896 0.40906134 0.40932186 0.40959105 0.40986944 0.41015763 0.41045629 0.41076615 0.41108801 0.41142277 0.41177139 0.41213499 0.41251476 0.41291204 0.41332834 0.41376531 0.41422478 0.4147088 0.4152196 0.41575966 0.41633168 0.4169386 0.41758354 0.41826983 0.41900088 0.4197801 0.42061069 0.42149541 0.42243616 0.42343338 0.42448525 0.42558647 0.42672643 0.42788656 0.42903592 0.43012395 0.4310669 0.43172051 0.43181867 0.4308266 0.42762024 0.42072316 0.4172755 0.42568265 0.44036719 0.45049509 0.45761612 0.46541773 0.47835427 0.49851548 0.48005403 0.46592829 0.45555
0.40738347 0.40758618 0.40779395 0.408007 0.40822559 0.40844996 0.4086804 0.40891719 0.40916066 0.40941116 0.40966905 0.40993475 0.4102087 0.41049137 0.41078328 0.411085 0.41139713 0.41172036 0.4120554 0.41240302 0.41276406 0.41313942 0.41353001 0.4139368 0.41436074 0.41480276 0.41526367 0.41574408 0.41624427 0.416764 0.41730221 0.41785667 0.41842343 0.41899616 0.41956511 0.42011587 0.42062749 0.42106992 0.4214 0.42155464 0.42143782 0.42089186 0.4196252 0.41700039 0.41127366 0.39577948 0.36273416 0.40249969 0.42495064 0.43625329 0.44391099 0.45190991 0.46543388 0.47235628 0.46228371 0.45259205 0.44467387
0.40689353 0.407075 0.40726007 0.40744885 0.40764142 0.40783788 0.40803832 0.40824284 0.40845152 0.40866446 0.40888175 0.40910346 0.40932967 0.40956045 0.40979586 0.41003594 0.4102807 0.41053014 0.41078421 0.41104281 0.41130577 0.41157285 0.41184366 0.41211765 0.41239408 0.41267187 0.41294955 0.4132251 0.41349575 0.4137577 0.41400578 0.41423295 0.41442968 0.41458308 0.41467578 0.41468457 0.41457849 0.41431649 0.41384419 0.41308901 0.41195187 0.41029018 0.40787953 0.40431926 0.39877493 0.38981589 0.38320531 0.39676341 0.41308172 0.42348244 0.43011847 0.4352412 0.44689479 0.45888898 0.44515357 0.43901763 0.43340774
0.40640379 0.40656419 0.40672676 0.40689147 0.40705826 0.40722708 0.40739782 0.40757039 0.40774465 0.40792044 0.40809756 0.40827579 0.40845483 0.40863436 0.40881397 0.40899318 0.40917143 0.40934805 0.40952223 0.40969301 0.40985924 0.41001956 0.41017229 0.41031543 0.41044655 0.41056263 0.41066002 0.41073411 0.41077922 0.41078814 0.41075175 0.41065843 0.41049325 0.410237 0.40986484 0.40934468 0.40863516 0.4076832 0.40642131 0.4047647 0.40260834 0.39982396 0.39625788 0.39175377 0.38643755 0.38210792 0.3805974 0.39123379 0.40328203 0.41185682 0.41678645 0.41672939 0.39840855 0.41157779 0.42582621 0.42575828 0.42215737
0.40591551 0.40605512 0.4061955 0.40633649 0.4064779 0.4066195 0.40676103 0.40690218 0.40704262 0.40718193 0.40731965 0.40745523 0.40758803 0.40771735 0.40784232 0.40796198 0.40807519 0.40818063 0.40827677 0.4083618 0.40843363 0.40848981 0.40852743 0.40854307 0.40853267 0.40849138 0.4084134 0.40829171 0.4081178 0.40788125 0.4075692 0.40716563 0.4066505 0.40599843 0.40517716 0.40414543 0.40285038 0.40122441 0.39918179 0.39661578 0.39339777 0.38938133 0.38440989 0.37828644 0.37038455 0.35953156 0.36782737 0.38252846 0.39352193 0.40093404 0.40486426 0.40533064 0.40269651 0.40647312 0.41289547 0.4140039 0.41123329
0.40542992 0.40554913 0.40566775 0.4057855 0.40590205 0.40601703 0.40613001 0.4062405 0.40634795 0.40645171 0.40655105 0.40664513 0.406733 0.40681356 0.40688553 0.40694746 0.40699767 0.40703424 0.40705491 0.40705711 0.40703782 0.40699355 0.40692022 0.40681305 0.40666645 0.40647382 0.40622731 0.40591762 0.40553359 0.40506174 0.40448569 0.40378532 0.40293568 0.40190552 0.40065522 0.39913403 0.39727636 0.39499685 0.39218429 0.38869481 0.38434662 0.37892225 0.3721941 0.36398833 0.35425589 0.34442479 0.35267053 0.37169196 0.38357305 0.39031396 0.39340433 0.39548449 0.4 0.39998035 0.40297486 0.40360077 0.4006914
0.4049482 0.40504749 0.4051449 0.40524002 0.4053324 0.40542151 0.40550678 0.40558754 0.40566304 0.40573242 0.40579469 0.40584875 0.40589332 0.40592695 0.40594798 0.4059545 0.40594433 0.40591494 0.40586345 0.40578652 0.40568029 0.40554028 0.40536131 0.40513733 0.40486129 0.40452493 0.40411853 0.40363059 0.40304749 0.4023529 0.40152714 0.40054627 0.3993808 0.39799394 0.39633901 0.39435588 0.39196552 0.38906231 0.38550264 0.38108904 0.37554916 0.36851312 0.35951361 0.34822319 0.3355403 0.3213394 0.3437075 0.36256862 0.3740849 0.37973369 0.3807177 0.37673412 0.38123292 0.38963049 0.39333083 0.39387428 0.39045195
0.40447148 0.40455146 0.40462831 0.40470152 0.40477053 0.40483468 0.40489324 0.40494539 0.40499019 0.40502658 0.40505335 0.40506913 0.40507237 0.40506129 0.40503385 0.40498774 0.4049203 0.40482849 0.4047088 0.4045572 0.40436904 0.40413897 0.40386074 0.40352715 0.40312978 0.40265884 0.40210283 0.40144824 0.40067913 0.39977653 0.39871771 0.39747522 0.39601541 0.39429649 0.39226543 0.38985347 0.3869689 0.38348571 0.37922509 0.37392494 0.36718954 0.35840726 0.34659873 0.32980119 0.30496146 0.31021797 0.33527346 0.35446979 0.36522416 0.36908822 0.36754289 0.36361609 0.36623003 0.37830952 0.38384793 0.38458057 0.38054141
0.40400085 0.40406219 0.40411923 0.40417137 0.40421794 0.40425816 0.40429117 0.404316 0.40433154 0.40433655 0.40432962 0.40430914 0.40427331 0.40422005 0.40414699 0.40405146 0.40393037 0.40378019 0.40359688 0.40337578 0.40311152 0.40279793 0.40242785 0.40199297 0.40148365 0.40088867 0.40019491 0.39938698 0.39844679 0.39735289 0.39607977 0.39459674 0.39286645 0.39084274 0.38846729 0.38566435 0.38233209 0.37832791 0.37344253 0.3673528 0.35953151 0.34906995 0.33438659 0.31339094 0.28251755 0.28619493 0.32746397 0.34776162 0.35710937 0.35845091 0.35053024 0.33476257 0.35549146 0.36904439 0.37508437 0.37573656 0.37085222
0.40353732 0.40358077 0.40361885 0.40365086 0.40367603 0.40369348 0.40370223 0.40370118 0.40368907 0.4036645 0.40362588 0.40357141 0.40349903 0.40340643 0.40329095 0.40314959 0.40297889 0.40277491 0.40253311 0.4022483 0.40191449 0.40152477 0.40107114 0.40054435 0.39993364 0.3992265 0.3984083 0.39746195 0.39636733 0.39510071 0.39363395 0.39193337 0.38995829 0.38765882 0.3849725 0.3818188 0.37808992 0.3736342 0.36822568 0.36150474 0.35285491 0.34111262 0.32366681 0.2930963 0.25590259 0.29393639 0.32540462 0.34275096 0.34988157 0.3487829 0.33974676 0.32916799 0.34639925 0.36090768 0.36712855 0.36732559 0.36135305
0.40308181 0.40310821 0.40312826 0.40314117 0.40314608 0.40314203 0.40312794 0.40310258 0.40306458 0.4030124 0.40294429 0.40285828 0.40275212 0.40262329 0.40246889 0.40228563 0.40206975 0.40181696 0.40152232 0.40118016 0.40078398 0.40032624 0.39979823 0.39918986 0.39848941 0.3976832 0.39675528 0.39568695 0.39445624 0.39303726 0.39139932 0.38950589 0.38731311 0.38476774 0.381804 0.37833861 0.37426211 0.36942309 0.36359805 0.35643104 0.34730709 0.3350788 0.31753225 0.28979757 0.25496435 0.29450459 0.32497784 0.3390237 0.34344408 0.33958416 0.32257347 0.31323855 0.34098095 0.35449563 0.35998528 0.35920918 0.35144854
0.40263518 0.40264545 0.40264845 0.40264336 0.40262925 0.40260506 0.40256964 0.40252166 0.40245966 0.40238198 0.40228674 0.40217183 0.40203487 0.40187314 0.40168356 0.40146262 0.40120632 0.40091008 0.40056865 0.400176 0.39972519 0.39920819 0.39861571 0.39793697 0.39715942 0.39626841 0.39524679 0.39407444 0.39272765 0.39117844 0.38939365 0.38733381 0.38495173 0.3821906 0.37898133 0.37523848 0.3708535 0.36568225 0.35952042 0.35205293 0.34274595 0.33058914 0.31334222 0.28818303 0.28673722 0.30893186 0.32679107 0.33606628 0.33745115 0.33165852 0.32069833 0.31923671 0.33773671 0.34930229 0.35346092 0.35118769 0.34142446
0.40219822 0.40219329 0.40218031 0.40215839 0.40212654 0.40208366 0.40202851 0.40195971 0.4018757 0.40177473 0.40165485 0.40151384 0.40134919 0.40115807 0.40093726 0.40068309 0.40039138 0.40005736 0.39967556 0.39923967 0.39874245 0.3981755 0.3975291 0.39679195 0.39595085 0.39499035 0.39389232 0.39263537 0.39119423 0.38953891 0.38763372 0.38543603 0.3828948 0.37994873 0.37652397 0.37253113 0.36786099 0.3623771 0.35590068 0.34817568 0.3387896 0.32703164 0.31169171 0.2898202 0.29050825 0.31453624 0.32787004 0.33315863 0.33117549 0.32186302 0.30263091 0.31882439 0.33594472 0.34490761 0.34731224 0.34286024 0.32904532
0.40177158 0.40175246 0.4017246 0.40168708 0.40163886 0.40157879 0.40150558 0.4014178 0.40131385 0.40119192 0.40104998 0.40088575 0.40069666 0.40047979 0.40023185 0.39994906 0.39962716 0.39926125 0.39884574 0.39837416 0.3978391 0.39723194 0.3965427 0.39575974 0.39486941 0.39385571 0.39269974 0.3913791 0.38986715 0.38813202 0.38613548 0.38383144 0.38116421 0.37806639 0.37445641 0.37023596 0.3652876 0.35947259 0.352628 0.34455279 0.33493937 0.32309559 0.30736788 0.29373986 0.30500866 0.31918079 0.3281228 0.33015506 0.32392894 0.30853552 0.30351314 0.31803084 0.33319624 0.34075694 0.34142499 0.33467875 0.31513396
0.40135588 0.40132359 0.401282 0.40123013 0.40116692 0.4010912 0.40100166 0.40089682 0.40077505 0.40063451 0.40047316 0.40028868 0.40007847 0.39983958 0.39956868 0.399262 0.39891524 0.39852347 0.39808107 0.39758156 0.39701748 0.39638016 0.39565954 0.39484384 0.39391925 0.39286946 0.39167511 0.39031312 0.38875577 0.38696959 0.38491392 0.38253908 0.37978397 0.37657317 0.37281344 0.3683898 0.36316232 0.35696588 0.34961859 0.34094601 0.33080551 0.31892151 0.30335712 0.28486602 0.30506297 0.32064613 0.32782119 0.32789574 0.31829967 0.28419553 0.26246167 0.31340453 0.33090252 0.33694153 0.33568647 0.32678548 0.30784713
0.40095158 0.4009072 0.40085303 0.40078809 0.40071133 0.40062153 0.40051739 0.40039742 0.40025998 0.40010324 0.39992515 0.3997234 0.39949541 0.39923825 0.39894863 0.39862282 0.39825656 0.39784501 0.39738262 0.39686302 0.39627885 0.39562157 0.39488124 0.39404622 0.39310278 0.39203464 0.39082239 0.38944266 0.38786717 0.38606132 0.3839825 0.38157764 0.37878003 0.37550496 0.37164388 0.36705665 0.36156231 0.35493042 0.34688322 0.33714475 0.32564823 0.31304607 0.30111484 0.29819545 0.30948652 0.32124183 0.32751143 0.32721875 0.31927371 0.30525452 0.30244379 0.31883529 0.33023652 0.33350321 0.32973756 0.31799448 0.29016992
0.4005591 0.40050369 0.40043811 0.40036141 0.40027251 0.40017022 0.40005322 0.39992006 0.39976911 0.39959856 0.39940639 0.39919035 0.39894791 0.39867622 0.39837207 0.39803184 0.39765143 0.39722613 0.39675061 0.39621871 0.39562335 0.3949563 0.39420798 0.39336713 0.39242045 0.3913521 0.39014305 0.38877027 0.38720554 0.38541398 0.38335191 0.38096386 0.3781784 0.37490196 0.37100957 0.36633095 0.36062901 0.35356704 0.34466141 0.33323343 0.3185334 0.30140874 0.29095756 0.29209313 0.30712258 0.32070314 0.32738961 0.32765719 0.3213721 0.30478383 0.31120122 0.32429095 0.33025577 0.33014974 0.32302339 0.30595714 0.28377729
0.40017875 0.40011336 0.40003756 0.39995038 0.39985077 0.39973755 0.39960944 0.399465 0.39930266 0.39912065 0.39891704 0.39868963 0.39843601 0.39815344 0.39783887 0.39748886 0.39709949 0.39666634 0.39618437 0.3956478 0.39504997 0.39438316 0.39363838 0.39280505 0.39187067 0.39082027 0.3896358 0.38829524 0.38677138 0.38503016 0.38302832 0.38070991 0.37800123 0.37480288 0.37097718 0.36632722 0.36056034 0.3532212 0.34356044 0.33024071 0.31046307 0.27692904 0.23066257 0.26555465 0.30215096 0.32003505 0.32757691 0.32851344 0.32484979 0.32082871 0.32252796 0.32775049 0.32981441 0.32661451 0.31608382 0.29099484 0.22463243
