Cobbity/QGIS/C2_DUALEM.tif
NCOLS 299
NROWS 169
XLLCORNER 150.661
YLLCORNER -34.027
CELLSIZE 1e-05
NODATA_VALUE -9999
[rows 50 to 74 of 169, columns 171 to 227 of 299]
0.41714862 0.41695265 0.4167975 0.41667902 0.41659165 0.41652737 0.41647518 0.41642133 0.41635031 0.4162464 0.41609535 0.41588573 0.41560982 0.41526383 0.41484758 0.41436403 0.41381849 0.41321786 0.41256985 0.4118822 0.41116218 0.41041629 0.40965019 0.4088689 0.40807699 0.40727882 0.40647867 0.40568075 0.40488911 0.40410755 0.40333948 0.40258785 0.40185506 0.40114298 0.40045299 0.39978597 0.39914244 0.39852258 0.39792629 0.39735328 0.39680309 0.39627514 0.39576879 0.39528333 0.39481803 0.39437213 0.39394489 0.39353555 0.39314338 0.39276768 0.39240774 0.39206289 0.3917325 0.39141594 0.39111263 0.39082199 0.39054348
0.41768541 0.417529 0.41741829 0.41735131 0.41732403 0.41732838 0.41735124 0.41737466 0.4173776 0.41733845 0.41723793 0.41706128 0.41679931 0.41644849 0.41601017 0.4154897 0.4148953 0.41423702 0.41352554 0.41277115 0.41198293 0.41116848 0.410334 0.40948468 0.40862521 0.40776019 0.40689432 0.40603239 0.40517914 0.40433902 0.40351596 0.40271328 0.4019336 0.40117885 0.4004503 0.39974868 0.39907426 0.39842694 0.39780635 0.39721188 0.39664282 0.39609832 0.3955775 0.39507942 0.39460316 0.39414778 0.39371238 0.39329606 0.39289796 0.39251726 0.39215317 0.39180492 0.3914718 0.39115312 0.39084821 0.39055646 0.39027727
0.41829426 0.41817833 0.41811341 0.4181022 0.41814434 0.41823272 0.41835146 0.41847621 0.41857705 0.41862314 0.4185876 0.41845117 0.41820343 0.41784208 0.41737126 0.41679997 0.41614071 0.41540801 0.41461677 0.41378068 0.41291103 0.41201637 0.41110294 0.41017557 0.40923864 0.4082968 0.40735527 0.40641968 0.40549572 0.40458874 0.40370341 0.40284349 0.4020118 0.40121023 0.40043987 0.39970116 0.39899399 0.39831789 0.39767207 0.39705557 0.39646732 0.39590615 0.39537088 0.39486034 0.39437335 0.3939088 0.39346558 0.39304265 0.39263903 0.39225375 0.39188592 0.3915347 0.39119926 0.39087886 0.39057277 0.39028031 0.39000084
0.41899234 0.41891315 0.41889011 0.41893536 0.41905635 0.41924895 0.41949354 0.41975545 0.41998999 0.42015102 0.42019992 0.42011175 0.41987616 0.41949434 0.41897526 0.41833328 0.41758683 0.41675692 0.41586461 0.41492829 0.41396178 0.41297407 0.41197035 0.41095397 0.40992828 0.40889777 0.40786842 0.40684717 0.40584126 0.40485736 0.40390109 0.40297674 0.40208726 0.40123439 0.40041883 0.39964055 0.39889889 0.39819282 0.39752105 0.39688215 0.39627458 0.3956968 0.39514731 0.39462461 0.39412729 0.39365399 0.39320343 0.39277438 0.39236572 0.39197637 0.39160531 0.39125159 0.39091433 0.39059268 0.39028587 0.38999314 0.3897138
0.41980494 0.41974917 0.41975304 0.41984738 0.42005537 0.42037972 0.42079547 0.42125055 0.4216746 0.42199488 0.42215395 0.42212077 0.4218896 0.42147028 0.42087956 0.42013853 0.41927348 0.41831492 0.41729331 0.41623386 0.4151532 0.41405927 0.41295398 0.41183707 0.41070961 0.40957581 0.40844308 0.40732078 0.4062186 0.40514524 0.40410758 0.40311045 0.40215676 0.4012478 0.40038362 0.39956339 0.39878569 0.39804875 0.39735059 0.39668916 0.39606241 0.39546834 0.39490504 0.39437069 0.39386359 0.39338213 0.39292483 0.39249028 0.39207719 0.39168434 0.39131063 0.39095499 0.39061644 0.39029408 0.38998704 0.38969453 0.38941581
0.42077185 0.42070664 0.42069972 0.42081898 0.42111818 0.42161377 0.42227284 0.42301326 0.4237182 0.4242659 0.42456692 0.42458728 0.42433984 0.42385477 0.42315926 0.42227957 0.42125107 0.42011921 0.41893017 0.41771968 0.41650695 0.41529552 0.41407925 0.4128503 0.41160558 0.41034934 0.40909222 0.4078481 0.40663086 0.40545215 0.40432042 0.40324086 0.4022159 0.40124591 0.40032979 0.39946555 0.39865064 0.39788229 0.39715766 0.39647394 0.39582845 0.39521867 0.39464224 0.39409697 0.39358084 0.39309198 0.39262868 0.39218935 0.39177254 0.39137691 0.3910012 0.39064427 0.39030505 0.38998256 0.38967587 0.38938412 0.38910652
0.42196034 0.42181181 0.42170959 0.42179615 0.42218239 0.42290977 0.4239329 0.4251181 0.42626237 0.42714686 0.42762147 0.42766461 0.42735068 0.42675683 0.4259155 0.42484382 0.42358567 0.42221407 0.42080451 0.41940988 0.41805021 0.41671678 0.41538565 0.41403401 0.41265202 0.41124597 0.409834 0.40843871 0.40708096 0.40577653 0.40453538 0.40336242 0.40225873 0.40122289 0.40025193 0.39934212 0.39848938 0.39768963 0.39693893 0.3962336 0.39557021 0.39494564 0.39435703 0.3938018 0.39327759 0.39278226 0.39231387 0.39187063 0.39145094 0.3910533 0.39067635 0.39031885 0.38997964 0.38965766 0.38935193 0.38906152 0.3887856
0.42349254 0.42309528 0.42271564 0.42264895 0.42310455 0.42416368 0.42576103 0.42767944 0.42955773 0.43096813 0.43162065 0.43156027 0.4310618 0.43031069 0.42929423 0.42796193 0.42636824 0.42465063 0.4229441 0.42132903 0.4198196 0.41837723 0.41694003 0.41545638 0.4139072 0.41230769 0.41069346 0.40910375 0.4075704 0.40611412 0.40474537 0.40346705 0.40227724 0.40117133 0.40014346 0.39918739 0.398297 0.39746657 0.39669085 0.3959651 0.39528508 0.394647 0.39404749 0.39348353 0.39295243 0.39245175 0.39197932 0.39153318 0.39111154 0.39071279 0.39033544 0.38997817 0.38963971 0.38931895 0.38901483 0.3887264 0.38845274
0.42560978 0.42456834 0.42352243 0.42307934 0.42357228 0.42514538 0.42769111 0.43087997 0.43408713 0.43640492 0.43711544 0.43650405 0.43554918 0.43467175 0.43354491 0.43185636 0.42972865 0.4274809 0.42536532 0.4234989 0.4218705 0.42037345 0.41886525 0.41723928 0.41546872 0.41359823 0.41170336 0.40985373 0.40809646 0.4064557 0.40493885 0.40354318 0.40226088 0.40108207 0.3999966 0.39899485 0.39806809 0.39720861 0.39640964 0.39566529 0.39497041 0.39432053 0.39371172 0.39314054 0.39260394 0.39209923 0.39162399 0.39117608 0.39075356 0.39035468 0.38997787 0.38962168 0.38928479 0.38896601 0.38866423 0.38837843 0.38810768
0.42886525 0.42605768 0.42353645 0.42242982 0.42289402 0.42539436 0.42954613 0.43500413 0.44083089 0.44507808 0.4452824 0.44246253 0.44047074 0.44004653 0.43924177 0.43695044 0.43383921 0.43073237 0.42805085 0.42593337 0.42429996 0.42289618 0.42140457 0.41961129 0.41750215 0.41521069 0.41290088 0.41069236 0.40864681 0.40678344 0.40509776 0.40357472 0.40219612 0.40094406 0.39980244 0.39875733 0.39779687 0.39691107 0.39609149 0.39533103 0.3946236 0.39396404 0.39334788 0.39277126 0.3922308 0.39172355 0.39124689 0.39079848 0.39037626 0.38997835 0.38960307 0.3892489 0.38891445 0.38859847 0.38829978 0.38801733 0.38775015
0.43508534 0.4262138 0.42067158 0.41953493 0.41926565 0.42428236 0.43088604 0.44049266 0.45162849 0.46163321 0.45955723 0.44738571 0.44363588 0.44719498 0.44815061 0.44397223 0.43882811 0.43434285 0.43090898 0.42863241 0.42730181 0.42635723 0.42507522 0.4230181 0.42028421 0.41726687 0.41431257 0.41160249 0.40919052 0.40706618 0.40519547 0.40354039 0.40206644 0.40074458 0.3995512 0.39846725 0.3974774 0.39656924 0.39573265 0.39495926 0.39424215 0.39357546 0.39295424 0.39237424 0.39183179 0.39132368 0.39084712 0.39039961 0.38997896 0.38958319 0.38921054 0.38885939 0.38852832 0.38821599 0.3879212 0.38764286 0.38737995
0.45344167 0.42550985 0.41297207 0.41598279 0.41227728 0.42239197 0.43000313 0.44892786 0.46891365 0.49620216 0.49155864 0.44181892 0.43862097 0.46128253 0.46527664 0.45303271 0.44451881 0.43806887 0.43371362 0.43157118 0.43128784 0.43171459 0.43105803 0.42834729 0.42424054 0.4198777 0.41591201 0.41252045 0.40966601 0.40725494 0.4051957 0.40341399 0.40185298 0.40046997 0.39923282 0.3981171 0.39710397 0.39617871 0.39532961 0.39454721 0.39382379 0.39315294 0.39252926 0.39194819 0.39140579 0.39089868 0.39042388 0.38997879 0.38956108 0.38916871 0.38879983 0.38845278 0.38812606 0.3878183 0.38752826 0.3872548 0.38699689
0.49 0.4467777 0.42557904 0.42108969 0.41973152 0.42078085 0.42647293 0.46577609 0.51328871 0.49796401 0.49143916 0.44781328 0.44475702 0.47622846 0.47840311 0.46149144 0.45075588 0.44137323 0.43602022 0.43464081 0.43707307 0.44131657 0.4422266 0.43728923 0.42983812 0.42298619 0.41753239 0.41330159 0.40997127 0.40728218 0.40505432 0.40316641 0.40153619 0.40010677 0.39883781 0.39769999 0.39667147 0.39573558 0.39487935 0.39409246 0.39336659 0.39269488 0.39207163 0.391492 0.3909519 0.39044776 0.38997651 0.38953543 0.38912213 0.38873449 0.3883706 0.38802875 0.38770741 0.38740516 0.38712075 0.386853 0.38660085
0.46862829 0.44608186 0.43072446 0.42422739 0.42164034 0.41846517 0.40446524 0.44562061 0.50461846 0.47157671 0.45981115 0.44901082 0.44779486 0.45724048 0.46615992 0.47769738 0.45580989 0.44296614 0.43712058 0.43735672 0.4455686 0.46052818 0.46530586 0.45202332 0.43678925 0.42599074 0.41875581 0.41370257 0.40996938 0.40706999 0.40472569 0.40276997 0.40109862 0.39964354 0.39835837 0.39721042 0.39617585 0.3952368 0.39437951 0.39359315 0.39286904 0.39220005 0.3915803 0.39100482 0.39046937 0.38997031 0.38950447 0.38906909 0.38866172 0.38828019 0.38792255 0.38758707 0.38727216 0.38697641 0.38669853 0.38643732 0.38619172
0.45773177 0.43917136 0.42898018 0.42374399 0.42111043 0.41708976 0.40458197 0.43 0.44267212 0.44720838 0.44436109 0.44160857 0.44196121 0.44651271 0.45510082 0.46067055 0.45184987 0.44185644 0.43630939 0.43811105 0.45378173 0.49155729 0.50434634 0.4686275 0.44188495 0.42738892 0.4189334 0.41343511 0.40952484 0.40655061 0.40417384 0.40220441 0.4005282 0.39907268 0.39778945 0.39664485 0.39561454 0.39468041 0.39382855 0.39304803 0.39233011 0.3916676 0.39105458 0.39048603 0.38995768 0.38946587 0.38900739 0.38857945 0.38817958 0.38780558 0.3874555 0.38712756 0.38682019 0.38653194 0.38626152 0.38600772 0.38576946
0.44222353 0.43167114 0.4250984 0.42157974 0.42018944 0.41890852 0.41021732 0.43273815 0.43405062 0.4350764 0.43477916 0.43446412 0.43552474 0.4387163 0.44470407 0.45731545 0.45167363 0.43890068 0.43318734 0.43443191 0.44906295 0.48806343 0.50245187 0.46538389 0.43934723 0.42557447 0.41755798 0.4123182 0.40856618 0.40569345 0.40338471 0.40146282 0.39982123 0.39839201 0.39712963 0.39600224 0.39498673 0.39406573 0.39322587 0.39245658 0.39174933 0.39109711 0.39049408 0.3899353 0.38941656 0.3889342 0.38848506 0.38806633 0.38767555 0.38731054 0.38696933 0.38665015 0.38635143 0.38607171 0.38580969 0.38556417 0.38533406
0.4298155 0.42448476 0.42059067 0.41842801 0.41798804 0.4200461 0.44038827 0.45261868 0.432092 0.42898351 0.42843485 0.42875116 0.43008039 0.43257353 0.43585622 0.43945446 0.43909371 0.43286936 0.42791245 0.42626377 0.4303001 0.44305352 0.45109975 0.441662 0.4295805 0.42080754 0.41476529 0.4104244 0.40713436 0.40452277 0.40237319 0.40055456 0.3989837 0.39760538 0.39638137 0.39528418 0.39429338 0.39339334 0.39257182 0.39181897 0.39112678 0.39048858 0.38989878 0.3893526 0.38884595 0.38837525 0.38793741 0.38752967 0.38714961 0.38679504 0.38646404 0.38615485 0.38586589 0.38559573 0.38534307 0.38510671 0.38488558
0.42091256 0.41834016 0.41601425 0.41444941 0.41354844 0.40825397 0.42396534 0.43037452 0.4262737 0.42405574 0.42360875 0.42423364 0.42591593 0.42858073 0.43076816 0.43 0.43028384 0.42668531 0.42180206 0.4164956 0.40931521 0.40832024 0.41836817 0.42180773 0.41917778 0.41508647 0.41127217 0.40805294 0.40537054 0.40311175 0.40118004 0.39950357 0.39803025 0.39672203 0.39555064 0.39449458 0.39353713 0.39266504 0.3918676 0.39113604 0.39046304 0.38984243 0.38926897 0.38873813 0.388246 0.38778915 0.38736457 0.38696959 0.38660183 0.38625917 0.38593971 0.38564172 0.38536366 0.3851041 0.38486175 0.38463545 0.38442411
0.41475128 0.41326931 0.41159243 0.409695 0.40796638 0.40942016 0.43032467 0.42411679 0.42037322 0.41945994 0.41951542 0.42052003 0.42289032 0.42750328 0.43341738 0.43168162 0.42711995 0.42186961 0.41623045 0.40909699 0.39650741 0.39183063 0.40476777 0.41087756 0.41154226 0.41000261 0.40780131 0.4055491 0.40345082 0.40155586 0.3998598 0.39834241 0.39698102 0.39575482 0.39464588 0.39363911 0.39272185 0.39188351 0.39111515 0.39040919 0.38975915 0.38915945 0.38860526 0.38809238 0.38761712 0.38717622 0.3867668 0.3863863 0.38603243 0.38570312 0.38539652 0.38511096 0.3848449 0.38459696 0.38436589 0.38415052 0.3839498
0.40986911 0.40904593 0.40761039 0.40448518 0.39482495 0.39308004 0.41018231 0.41436172 0.41521229 0.4154231 0.415922 0.41722581 0.42012256 0.42716664 0.44616752 0.4387561 0.42454511 0.41740378 0.41113168 0.40468638 0.39885227 0.39749375 0.40193863 0.40540799 0.40648987 0.4060026 0.40473159 0.40315566 0.40152159 0.39994314 0.39846629 0.39710476 0.39585765 0.39471798 0.39367666 0.39272435 0.39185218 0.39105209 0.3903169 0.38964024 0.38901648 0.38844069 0.38790849 0.38741602 0.38695984 0.38653692 0.38614451 0.38578018 0.38544173 0.38512718 0.38483474 0.38456279 0.38430984 0.38407456 0.3838557 0.38365214 0.38346285
0.40567717 0.40555331 0.40451849 0.40160645 0.39323326 0.39209356 0.40821595 0.41043032 0.41164296 0.41212826 0.41273928 0.4141067 0.41681136 0.42118495 0.42776576 0.42681507 0.41920988 0.41260641 0.40524245 0.3962979 0.39147405 0.3946452 0.39899763 0.40184695 0.40301563 0.40295026 0.40215235 0.40098538 0.39967198 0.39833618 0.39704194 0.3958192 0.39467952 0.39362484 0.39265233 0.39175697 0.39093295 0.39017436 0.38947554 0.38883124 0.38823666 0.38768745 0.38717971 0.38670991 0.38627492 0.38587188 0.38549823 0.38515169 0.38483015 0.38453173 0.38425472 0.38399755 0.38375879 0.38353716 0.38333144 0.38314056 0.3829635
0.40213894 0.40272542 0.40227946 0.3996512 0.39414723 0.40842743 0.41324852 0.4100652 0.40962825 0.40950177 0.40984341 0.4111278 0.41391562 0.41853067 0.4190931 0.41700764 0.41341546 0.40825554 0.39939092 0.38102121 0.36802013 0.38460665 0.39518506 0.39923688 0.40058567 0.4006442 0.40002615 0.39906058 0.39793786 0.39676815 0.39561318 0.3945057 0.39346142 0.39248632 0.39158095 0.39074301 0.38996875 0.38925384 0.38859384 0.3879844 0.38742144 0.38690117 0.3864201 0.38597507 0.38556319 0.38518183 0.38482863 0.38450141 0.38419821 0.38391724 0.38365688 0.38341562 0.38319212 0.38298511 0.38279345 0.38261609 0.38245205
0.3992364 0.40042255 0.40078728 0.39912872 0.38774414 0.40863642 0.41431004 0.41059949 0.40832508 0.40718154 0.40697982 0.40810607 0.41107624 0.41477438 0.41494203 0.41209956 0.40945994 0.40598993 0.39875645 0.38114864 0.36799147 0.3843434 0.39458376 0.39813676 0.39908469 0.39893905 0.39827365 0.39735233 0.39631635 0.39524683 0.39419085 0.39317485 0.39221256 0.39131004 0.39046874 0.38968747 0.3889636 0.38829379 0.38767444 0.38710189 0.38657264 0.38608337 0.38563098 0.38521261 0.38482563 0.38446764 0.38413644 0.38383001 0.38354651 0.38328426 0.38304173 0.38281749 0.38261025 0.38241882 0.3822421 0.38207908 0.38192884
0.39684671 0.39831114 0.39935623 0.40014014 0.40749298 0.44399365 0.42334565 0.41134798 0.40699019 0.40472694 0.40374246 0.40455482 0.40959804 0.41805279 0.41158163 0.40815098 0.40693807 0.40633195 0.40474021 0.39932336 0.39382346 0.39533354 0.39771643 0.39850803 0.39832181 0.39766661 0.396786 0.39580094 0.39477915 0.39376154 0.39277324 0.39182906 0.39093698 0.39010041 0.38931988 0.38859412 0.38792081 0.38729706 0.38671978 0.38618581 0.38569207 0.38523562 0.38481369 0.38442371 0.38406328 0.38373022 0.38342249 0.38313824 0.38287574 0.38263342 0.38240984 0.38220367 0.38201369 0.38183875 0.38167783 0.38152995 0.38139424
0.39463405 0.39587186 0.39693121 0.39477588 0.40079392 0.42517991 0.41970342 0.41029472 0.40503433 0.40179827 0.39966361 0.398767 0.40200347 0.41055168 0.40617796 0.40418739 0.40524372 0.4088407 0.41619243 0.42179394 0.41431536 0.40582527 0.40161624 0.39940332 0.39787433 0.39659531 0.39542844 0.39432894 0.39328361 0.39229032 0.39135028 0.39046488 0.38963467 0.38885913 0.38813682 0.38746562 0.38684296 0.38626608 0.38573209 0.38523814 0.38478148 0.38435947 0.38396962 0.38360961 0.38327726 0.38297058 0.38268771 0.38242692 0.38218664 0.3819654 0.38176186 0.38157476 0.38140297 0.38124541 0.38110111 0.38096915 0.38084869
