Cobbity/QGIS/C2_Reading4.tif
NCOLS 299
NROWS 160
XLLCORNER 150.661
YLLCORNER -34.0268
CELLSIZE 1e-05
NODATA_VALUE -9999
[rows 78 to 103 of 160, columns 60 to 119 of 299]
2.2627342 2.2630573 2.2633646 2.2636537 2.2639215 2.2641648 2.2643798 2.2645623 2.2647072 2.2648092 2.264862 2.2648583 2.2647902 2.2646482 2.2644217 2.2640988 2.2636656 2.2631062 2.2624027 2.2615344 2.2604778 2.2592059 2.257688 2.2558887 2.2537681 2.2512804 2.2483737 2.2449889 2.2410595 2.2365107 2.2312588 2.2252121 2.218271 2.210331 2.2012881 2.191049 2.1795537 2.1668313 2.1532081 2.1406481 2.1405679 2.1309488 2.1058295 2.0961719 2.0812886 2.0554043 2.0136808 1.9588083 1.9454248 2.0077782 2.043441 2.0545748 2.0456921 2.0139432 1.9368459 1.7821701 1.9530476 2.0531918 2.1099349 2.1558187
2.2643601 2.2647546 2.2651378 2.2655075 2.2658611 2.2661957 2.2665079 2.2667939 2.2670494 2.2672694 2.2674481 2.2675791 2.2676549 2.2676667 2.2676049 2.2674579 2.2672129 2.2668547 2.2663662 2.2657274 2.2649154 2.2639041 2.2626631 2.2611577 2.259348 2.2571882 2.2546262 2.2516024 2.2480497 2.2438925 2.2390473 2.2334239 2.2269286 2.2194717 2.2109821 2.2014377 2.1909258 2.1797754 2.1688475 2.1599036 2.1557433 2.149827 2.1290405 2.109884 2.0870159 2.054515 2.0014772 1.9024436 1.9674843 2.0253304 2.0521354 2.0584318 2.0446842 2.0054614 1.9450263 1.9399635 2.0029054 2.0675571 2.1154696 2.164942
2.266013 2.2664823 2.2669451 2.2673997 2.2678438 2.2682751 2.2686906 2.2690872 2.269461 2.2698078 2.2701225 2.2703994 2.2706318 2.2708121 2.2709313 2.2709791 2.2709435 2.2708108 2.2705647 2.2701867 2.2696551 2.2689447 2.2680265 2.2668667 2.2654261 2.2636597 2.2615154 2.2589335 2.2558457 2.2521751 2.2478355 2.2427338 2.2367733 2.2298633 2.2219392 2.2130031 2.2032058 2.1930148 2.1836031 2.1781168 2.1787131 2.1627331 2.1422035 2.1191712 2.0907932 2.053358 2.0051358 1.9691578 1.9988303 2.0414887 2.0626082 2.0650194 2.0471 1.9951586 1.8459773 1.9134152 2.0267904 2.0782091 2.1138176 2.1535803
2.2676887 2.268236 2.268782 2.2693254 2.2698645 2.2703975 2.270922 2.2714355 2.271935 2.2724168 2.2728769 2.2733105 2.2737118 2.2740745 2.2743906 2.2746514 2.2748462 2.2749627 2.2749865 2.2749005 2.274685 2.2743166 2.273768 2.2730071 2.2719966 2.2706926 2.269044 2.2669912 2.2644655 2.2613874 2.2576665 2.2532015 2.2478831 2.2416011 2.2342629 2.2258339 2.2164267 2.2064837 2.1970871 2.1901462 2.1888071 2.1755693 2.1527736 2.1259163 2.0925273 2.0490365 1.9844955 1.9548973 2.0224745 2.0575795 2.0746159 2.0747426 2.0551939 2.0104505 1.9652411 1.9907645 2.0489666 2.0842426 2.1047297 2.1122162
2.2693832 2.2700111 2.2706434 2.2712792 2.2719173 2.2725565 2.2731952 2.2738316 2.2744633 2.2750879 2.2757021 2.2763024 2.2768842 2.2774423 2.2779706 2.2784618 2.278907 2.2792959 2.2796162 2.2798532 2.2799893 2.280004 2.2798724 2.2795653 2.2790479 2.2782787 2.2772089 2.2757803 2.2739244 2.2715599 2.2685914 2.2649072 2.2603778 2.2548574 2.2481913 2.2402419 2.230965 2.2206251 2.2104024 2.2040456 2.2002582 2.1843137 2.161267 2.1311271 2.0922009 2.0402679 1.9812565 1.9888499 2.0373782 2.0719015 2.0881961 2.0880462 2.0683832 2.0065343 1.9269225 2.0270311 2.0686841 2.0868812 2.0904464 2.0906937
2.2710916 2.2718026 2.2725239 2.2732552 2.2739958 2.2747453 2.2755028 2.2762672 2.2770373 2.2778114 2.2785877 2.2793637 2.2801364 2.2809023 2.2816568 2.2823946 2.2831092 2.2837925 2.284435 2.2850247 2.2855474 2.2859858 2.2863187 2.2865208 2.2865612 2.2864026 2.2859998 2.2852982 2.2842317 2.2827198 2.2806644 2.2779448 2.2744112 2.2698757 2.2641008 2.2567879 2.2475832 2.236211 2.2232253 2.2121137 2.2085728 2.1942785 2.169555 2.1357991 2.0907215 2.0273516 1.919975 1.9641244 2.0480859 2.0866849 2.1039901 2.1052413 2.0912274 2.0651327 2.0411727 2.0655648 2.0843297 2.0866649 2.0713259 2.03
2.2728093 2.2736053 2.2744178 2.2752471 2.2760932 2.2769563 2.2778364 2.2787334 2.279647 2.2805767 2.281522 2.2824818 2.2834548 2.2844391 2.2854326 2.2864319 2.2874333 2.2884315 2.2894201 2.2903909 2.2913336 2.2922352 2.2930794 2.293846 2.2945098 2.2950395 2.2953962 2.2955317 2.2953861 2.2948844 2.2939321 2.2924074 2.2901505 2.2869436 2.2824771 2.2762863 2.2676114 2.2550261 2.2359272 2.2148293 2.2142702 2.2041072 2.1785956 2.1408813 2.0888267 2.0122159 1.9386232 1.9981841 2.065061 2.1042319 2.1227666 2.1257568 2.1126589 2.0815622 2.0922385 2.0977023 2.0965006 2.0838755 2.0537287 2.0415729
2.2745309 2.2754135 2.276319 2.2772483 2.2782022 2.2791817 2.2801875 2.2812206 2.2822819 2.2833722 2.2844922 2.2856426 2.2868238 2.2880361 2.2892794 2.2905534 2.291857 2.2931884 2.2945451 2.2959231 2.297317 2.2987192 2.3001196 2.3015048 2.302857 2.3041536 2.3053649 2.3064531 2.3073696 2.3080522 2.30842 2.3083656 2.3077419 2.3063374 2.3038283 2.2996835 2.2929621 2.2816965 2.258751 2.2120059 2.2269897 2.2197245 2.1900433 2.1471832 2.0887306 2.0015347 1.8836903 2.0051152 2.085875 2.1256349 2.1453089 2.1507437 2.1450101 2.1291457 2.1229723 2.1179393 2.1041103 2.0789927 2.0357926 2.0167073
2.2762512 2.2772214 2.278221 2.2792518 2.2803151 2.2814128 2.2825467 2.2837187 2.2849309 2.2861855 2.2874847 2.288831 2.2902267 2.2916745 2.2931768 2.2947363 2.2963552 2.2980357 2.2997796 2.301588 2.3034613 2.3053984 2.3073969 2.3094519 2.3115555 2.3136962 2.3158573 2.3180161 2.3201418 2.3221938 2.3241184 2.3258437 2.32727 2.3282505 2.32855 2.3277545 2.3250787 2.3194384 2.3146396 2.3052376 2.2714739 2.2423229 2.2042265 2.1546288 2.0859968 1.9875675 1.9774504 2.0537069 2.1141018 2.1513379 2.1725494 2.1803788 2.1671567 2.1624989 2.1522129 2.1334784 2.1075151 2.0675947 1.9992762 2.0234382
2.2779647 2.2790229 2.2801173 2.2812502 2.2824239 2.283641 2.2849044 2.286217 2.2875821 2.2890035 2.290485 2.2920308 2.2936457 2.2953345 2.2971026 2.2989559 2.3009004 2.3029427 2.3050895 2.3073477 2.3097245 2.3122266 2.3148606 2.3176322 2.3205457 2.3236039 2.3268071 2.3301527 2.3336349 2.3372446 2.3409704 2.3447996 2.3487209 2.3527251 2.3568008 2.3609184 2.3649105 2.3667923 2.3537537 2.340326 2.3109211 2.2677025 2.2203801 2.1639977 2.0886675 1.9600049 1.9592612 2.0845664 2.144676 2.1806924 2.2057946 2.2281844 2.2360726 2.2044459 2.1765253 2.145205 2.1067408 2.0553077 1.9926945 2.0221119
2.2796657 2.2808119 2.2820011 2.2832363 2.2845205 2.2858573 2.2872505 2.2887042 2.2902232 2.2918125 2.2934778 2.2952252 2.2970616 2.2989948 2.301033 2.3031856 2.3054627 2.3078757 2.3104369 2.3131599 2.3160592 2.3191508 2.3224518 2.3259804 2.3297556 2.333798 2.3381287 2.3427709 2.3477508 2.3531006 2.358865 2.3651133 2.3719612 2.3796094 2.3884089 2.3989886 2.412786 2.4360047 2.4749282 2.4166791 2.349011 2.2930515 2.2374779 2.1739093 2.0894111 2.0124571 2.0595102 2.1277368 2.1777829 2.2125675 2.2417817 2.2817292 2.36 2.2615841 2.1990011 2.1534942 2.1007492 2.0171739 1.9375189 2.041537
2.2813485 2.2825821 2.2838655 2.2852023 2.2865964 2.2880523 2.2895748 2.2911692 2.2928416 2.2945985 2.2964473 2.2983964 2.3004549 2.3026332 2.3049429 2.307397 2.3100102 2.3127987 2.3157812 2.3189782 2.322413 2.3261116 2.3301033 2.3344206 2.3391002 2.3441832 2.3497164 2.3557538 2.3623604 2.3696182 2.3776393 2.3865908 2.3967422 2.4085586 2.4228745 2.4411989 2.4658376 2.497143 2.5353522 2.4757399 2.3856963 2.3177341 2.2552257 2.1858029 2.0915849 1.9721305 2.0873752 2.1665077 2.2121367 2.2460756 2.2795281 2.3192428 2.320265 2.26956 2.2128257 2.1585527 2.0931541 2.0105153 1.9754592 2.0534076
2.2830075 2.2843273 2.2857036 2.2871407 2.2886434 2.2902169 2.2918671 2.2936005 2.2954244 2.2973471 2.2993776 2.3015264 2.3038051 2.3062268 2.3088064 2.3115609 2.3145093 2.3176736 2.3210786 2.3247528 2.3287287 2.3330436 2.3377401 2.3428672 2.3484815 2.3546483 2.3614441 2.3689592 2.3773037 2.386617 2.3970861 2.4089825 2.4227352 2.4390831 2.4593993 2.4864428 2.5268557 2.5975448 2.6138344 2.5029156 2.4133611 2.3407315 2.2737166 2.1966981 2.0964018 2.0823235 2.1496324 2.2070165 2.2474192 2.2803706 2.3176324 2.3966984 2.3922497 2.2864443 2.223394 2.1621686 2.0806572 1.9168487 1.9156021 2.0672859
2.2846369 2.2860412 2.2875086 2.289044 2.290653 2.2923417 2.2941169 2.2959864 2.2979589 2.300044 2.3022526 2.3045972 2.3070918 2.3097524 2.3125972 2.3156469 2.3189256 2.3224606 2.3262836 2.3304311 2.3349456 2.3398762 2.3452804 2.3512253 2.3577897 2.3650663 2.3731654 2.3822196 2.3923909 2.4038831 2.4169645 2.4320113 2.4495964 2.4706815 2.4970527 2.5322764 2.5827623 2.6605319 2.6900551 2.5401782 2.438028 2.3629009 2.2952437 2.2168833 2.0812159 2.0770584 2.1938282 2.2476866 2.2837906 2.3159625 2.3530075 2.3833939 2.3570113 2.294331 2.2329997 2.1670821 2.0806271 1.9830781 1.9966568 2.0939329
2.2862313 2.2877178 2.2892738 2.2909047 2.292617 2.2944176 2.2963142 2.2983159 2.3004324 2.302675 2.3050562 2.3075906 2.3102946 2.3131867 2.3162886 2.3196249 2.3232243 2.3271197 2.3313496 2.3359589 2.3410002 2.3465353 2.3526372 2.3593924 2.3669039 2.3752951 2.3847144 2.3953424 2.4074009 2.421168 2.4370029 2.4553912 2.4770351 2.5030456 2.5353879 2.5782008 2.6436134 2.7378967 2.661343 2.5478916 2.456926 2.3846351 2.3195526 2.2505603 2.197311 2.2064361 2.250654 2.2894786 2.3214956 2.354091 2.3982376 2.47 2.3787816 2.3055783 2.2437467 2.1742333 2.072479 1.873358 2.0115185 2.1269489
2.2877852 2.2893512 2.2909926 2.2927157 2.2945275 2.2964357 2.2984492 2.3005778 2.3028327 2.3052263 2.3077731 2.3104892 2.3133935 2.3165071 2.3198547 2.3234649 2.3273707 2.3316106 2.3362298 2.3412813 2.346828 2.3529444 2.3597195 2.36726 2.3756947 2.3851799 2.3959063 2.4081088 2.4220783 2.4381811 2.4568856 2.4788098 2.5048076 2.5361452 2.5748763 2.6243022 2.6864244 2.7527051 2.675892 2.5597026 2.4743875 2.407096 2.3464255 2.2701565 2.1666117 2.2520465 2.2998732 2.3306869 2.3605595 2.3980236 2.4468609 2.444933 2.3852339 2.3193098 2.2570146 2.1853418 2.087278 2.0172475 2.0806899 2.1655763
2.2892934 2.2909355 2.2926588 2.29447 2.2963768 2.2983878 2.3005125 2.3027618 2.305148 2.3076849 2.3103882 2.3132762 2.3163694 2.3196918 2.3232707 2.3271382 2.3313316 2.3358946 2.3408786 2.3463446 2.3523651 2.3590272 2.3664354 2.374717 2.3840269 2.394556 2.4065402 2.4202742 2.4361289 2.4545756 2.4762211 2.5018625 2.5325806 2.5699264 2.6163919 2.6776195 2.7728614 2.8051052 2.6733285 2.5707686 2.4924277 2.4313067 2.379885 2.3364108 2.3128831 2.3205715 2.3456449 2.3704254 2.3995663 2.4435519 2.5498596 2.5448524 2.4078291 2.3352653 2.2732806 2.2017516 2.0801017 1.9367942 2.1216349 2.2082476
2.2907511 2.2924655 2.2942664 2.2961611 2.2981578 2.3002657 2.3024952 2.304858 2.3073673 2.3100382 2.3128879 2.3159358 2.3192047 2.3227204 2.3265131 2.3306178 2.3350757 2.339935 2.345253 2.3510976 2.3575504 2.3647098 2.3726953 2.3816534 2.3917645 2.4032538 2.4164036 2.4315722 2.4492184 2.4699364 2.4945055 2.5239653 2.5597379 2.6038569 2.6593995 2.729757 2.8079156 2.822337 2.6891833 2.585297 2.511681 2.4567469 2.4125919 2.3665374 2.347782 2.371196 2.3879495 2.4088436 2.4380003 2.4824163 2.5257243 2.4918626 2.41631 2.3513427 2.2923778 2.2250299 2.1476877 2.1368102 2.1938391 2.25595
2.2921536 2.2939362 2.2958101 2.297783 2.2998637 2.3020621 2.3043891 2.3068572 2.3094806 2.3122751 2.3152592 2.3184538 2.3218829 2.3255744 2.3295606 2.3338792 2.3385745 2.3436986 2.3493136 2.3554935 2.3623275 2.369924 2.3784153 2.3879649 2.3987764 2.4111066 2.4252819 2.4417234 2.4609806 2.4837812 2.5111047 2.5442947 2.585239 2.6366793 2.7030077 2.7959347 2.930392 2.8251367 2.6934237 2.5994794 2.5318007 2.4830524 2.4476116 2.426351 2.4114748 2.4148908 2.4268565 2.4466286 2.4776677 2.5251068 2.5942904 2.5028493 2.4266005 2.3684026 2.3145904 2.2516819 2.1478917 2.1810341 2.2529127 2.3049169
2.2934967 2.2953429 2.2972846 2.2993301 2.3014886 2.3037703 2.3061869 2.3087514 2.3114787 2.3143854 2.317491 2.3208173 2.3243897 2.3282375 2.3323947 2.336901 2.3418032 2.3471564 2.3530263 2.3594916 2.3666476 2.37461 2.3835214 2.3935587 2.4049443 2.4179607 2.432972 2.4504543 2.47104 2.4955857 2.5252754 2.5617872 2.6075753 2.6663561 2.7435147 2.8392722 2.9044668 2.8277089 2.7045757 2.6150591 2.5530494 2.5107217 2.4786205 2.4432138 2.4522098 2.4551388 2.4638279 2.4847695 2.5236564 2.5922707 2.5871683 2.5067593 2.4405391 2.3875414 2.3394947 2.2872762 2.2459014 2.2638651 2.3052374 2.3528994
2.2947766 2.2966814 2.2986855 2.3007975 2.3030269 2.3053845 2.3078821 2.3105334 2.3133537 2.3163604 2.3195735 2.3230156 2.326713 2.330696 2.3349998 2.3396654 2.3447413 2.3502846 2.3563633 2.3630592 2.3704711 2.3787197 2.387954 2.3983596 2.4101708 2.4236878 2.4393001 2.4575229 2.4790507 2.5048402 2.5362439 2.5752327 2.6247925 2.6897568 2.7796154 2.9251216 3.0565487 2.8475961 2.7172239 2.6319917 2.575554 2.5417308 2.5299539 2.525813 2.5004491 2.4920362 2.4989313 2.5230448 2.5690035 2.6478513 2.6384823 2.5240427 2.456953 2.4085847 2.3665076 2.3155966 2.2413372 2.3045717 2.3507915 2.4005363
2.2959898 2.297948 2.3000088 2.3021809 2.3044741 2.3068994 2.3094691 2.3121971 2.315099 2.3181928 2.3214986 2.3250398 2.3288429 2.332939 2.3373637 2.3421588 2.3473734 2.3530656 2.3593042 2.3661722 2.3737697 2.382219 2.3916712 2.4023148 2.4143881 2.4281971 2.4441411 2.4627507 2.4847468 2.5111331 2.5433473 2.5835183 2.6349137 2.7026999 2.7944695 2.9096645 2.9595914 2.8499707 2.7314715 2.6501332 2.5986645 2.5717432 2.5701465 2.5855798 2.5426438 2.5251969 2.5318758 2.561394 2.6285993 2.7246863 2.6213734 2.5330473 2.4736022 2.4314273 2.396658 2.3624523 2.3508611 2.3626562 2.3941461 2.4438766
2.2971335 2.2991396 2.301251 2.3034765 2.3058261 2.3083109 2.3109434 2.3137376 2.3167094 2.3198768 2.3232603 2.3268832 2.3307723 2.3349586 2.3394778 2.3443718 2.3496893 2.3554881 2.3618367 2.3688169 2.3765278 2.3850901 2.3946521 2.4053989 2.417564 2.4314466 2.4474366 2.4660515 2.4879942 2.5142434 2.5462024 2.5859535 2.6367122 2.7037154 2.7966886 2.9440718 3.0779983 2.8716934 2.7479949 2.6696046 2.6223423 2.6011457 2.6104056 2.6023277 2.5664019 2.5524866 2.5623503 2.5963974 2.659532 2.7350485 2.6310377 2.543141 2.4904393 2.456603 2.4340289 2.3979577 2.3867059 2.4078955 2.4343826 2.4891472
2.298205 2.3002536 2.3024094 2.3046814 2.3070798 2.3096156 2.3123013 2.3151511 2.3181808 2.3214084 2.3248541 2.3285413 2.3324964 2.33675 2.3413374 2.3462996 2.3516843 2.3575477 2.3639565 2.3709898 2.378743 2.3873317 2.3968973 2.4076153 2.4197057 2.4334482 2.4492045 2.4674506 2.4888258 2.5142089 2.5448404 2.5825236 2.6299683 2.6913821 2.7730966 2.8767629 2.9513998 2.8893306 2.7663924 2.6918327 2.6479346 2.6288305 2.6372635 2.6310462 2.5859251 2.5760758 2.5916552 2.6329877 2.7227885 2.7205528 2.6176881 2.5507296 2.5070748 2.4825646 2.4824257 2.5221357 2.4626183 2.4492212 2.4697055 2.5267679
2.2992024 2.3012877 2.3034817 2.3057934 2.3082328 2.310811 2.3135405 2.3164352 2.3195108 2.3227849 2.3262777 2.3300118 2.3340132 2.3383117 2.3429413 2.3479417 2.3533588 2.3592463 2.3656676 2.3726975 2.3804255 2.3889592 2.3984293 2.4089963 2.420859 2.4342674 2.4495394 2.467086 2.4874466 2.5113418 2.5397511 2.5740255 2.6160397 2.6683266 2.7339195 2.8169413 2.9238772 2.870363 2.7963782 2.7213476 2.6817887 2.6618047 2.6429628 2.6128584 2.5958716 2.5980396 2.6221437 2.6690062 2.7213389 2.7030177 2.6189 2.5598258 2.5233473 2.5058658 2.5066093 2.5143656 2.4902227 2.481149 2.5019673 2.5541342
2.3001241 2.3022405 2.3044664 2.3068108 2.3092835 2.3118956 2.3146594 2.3175884 2.320698 2.3240055 2.3275304 2.3312946 2.3353232 2.3396447 2.3442917 2.3493018 2.3547185 2.3605921 2.3669815 2.3739559 2.3815971 2.3900026 2.3992894 2.4095988 2.4211035 2.4340162 2.4486011 2.46519 2.4842027 2.5061741 2.5317848 2.56189 2.5975129 2.639715 2.6891059 2.7439047 2.7897115 2.8234954 2.8438327 2.7460554 2.7493299 2.6656606 2.6407845 2.6141723 2.6079621 2.6215408 2.6559998 2.7232283 2.8406438 2.7094239 2.6223772 2.5700165 2.5392496 2.5277498 2.5413024 2.5379155 2.5091893 2.5068697 2.5338481 2.6232136
