Cobbity/QGIS/C2_Reading1.tif
NCOLS 299
NROWS 159
XLLCORNER 150.661
YLLCORNER -34.0271
CELLSIZE 1e-05
NODATA_VALUE -9999
[rows 104 to 129 of 159, columns 180 to 239 of 299]
4.622942 4.5134194 4.4326756 4.3760263 4.3348473 4.3037075 4.2793854 4.2599255 4.244096 4.2310872 4.2203421 4.2114607 4.2041433 4.1981571 4.1933153 4.1894647 4.1864768 4.1842424 4.1826674 4.1816705 4.1811806 4.1811354 4.1814802 4.1821665 4.1831518 4.1843982 4.1858724 4.1875445 4.1893883 4.1913803 4.1934997 4.1957281 4.1980491 4.2004478 4.2029115 4.2054285 4.2079886 4.2105826 4.2132024 4.2158409 4.2184917 4.2211492 4.2238083 4.2264646 4.2291144 4.2317541 4.2343808 4.2369919 4.2395851 4.2421584 4.2447101 4.2472387 4.249743 4.2522219 4.2546745 4.2571001 4.2594981 4.2618679 4.2642093 4.2665219
4.4590871 4.3951385 4.3466055 4.3100325 4.2822201 4.2605885 4.2433763 4.2294293 4.2179867 4.2085341 4.2007106 4.1942535 4.1889628 4.1846811 4.1812801 4.1786523 4.1767063 4.1753625 4.1745515 4.1742119 4.1742893 4.1747352 4.1755063 4.1765641 4.1778739 4.1794047 4.181129 4.1830218 4.185061 4.1872267 4.189501 4.1918681 4.1943136 4.1968249 4.1993905 4.2020003 4.2046452 4.2073171 4.2100087 4.2127136 4.2154262 4.2181414 4.2208545 4.2235618 4.2262597 4.228945 4.2316151 4.2342676 4.2369005 4.2395119 4.2421002 4.2446642 4.2472027 4.2497147 4.2521995 4.2546564 4.2570848 4.2594844 4.2618548 4.2641958
4.3252034 4.2910877 4.2666926 4.2475456 4.2320617 4.2193723 4.2088715 4.2001222 4.1928094 4.1867033 4.1816329 4.1774661 4.1740973 4.1714393 4.1694173 4.1679661 4.1670277 4.1665499 4.1664854 4.1667912 4.1674282 4.1683606 4.169556 4.1709846 4.1726196 4.1744364 4.1764128 4.1785286 4.1807657 4.1831076 4.1855393 4.1880474 4.1906198 4.1932456 4.1959151 4.1986193 4.2013504 4.2041013 4.2068658 4.209638 4.2124131 4.2151865 4.2179541 4.2207125 4.2234586 4.2261895 4.2289029 4.2315967 4.2342689 4.236918 4.2395425 4.2421414 4.2447136 4.2472582 4.2497745 4.252262 4.2547202 4.2571488 4.2595475 4.2619161
4.2028796 4.1982083 4.1946447 4.1903519 4.1856174 4.1808831 4.1764314 4.1724059 4.1688681 4.1658365 4.1633075 4.1612657 4.1596897 4.1585545 4.1578334 4.1574983 4.1575212 4.157874 4.1585294 4.1594608 4.1606428 4.1620513 4.1636634 4.1654579 4.1674148 4.1695156 4.1717432 4.1740819 4.1765172 4.1790358 4.1816257 4.1842758 4.186976 4.1897173 4.1924914 4.1952909 4.198109 4.2009396 4.2037774 4.2066173 4.2094552 4.2122869 4.2151091 4.2179186 4.2207128 4.2234891 4.2262455 4.2289801 4.2316913 4.2343776 4.2370379 4.239671 4.2422762 4.2448528 4.2474 4.2499174 4.2524047 4.2548615 4.2572877 4.2596831
4.0939808 4.1180144 4.1320273 4.1398234 4.1439072 4.1458374 4.1465603 4.1466461 4.1464396 4.1461517 4.1459123 4.1458013 4.1458669 4.1461365 4.1466236 4.1473321 4.1482594 4.1493985 4.1507392 4.1522693 4.1539756 4.1558442 4.157861 4.1600122 4.1622842 4.164664 4.1671392 4.1696981 4.1723297 4.1750239 4.1777712 4.1805627 4.1833905 4.1862472 4.189126 4.1920207 4.1949258 4.1978361 4.2007472 4.2036548 4.2065553 4.2094452 4.2123217 4.2151821 4.218024 4.2208453 4.2236443 4.2264192 4.2291688 4.2318917 4.234587 4.2372538 4.2398914 4.2424991 4.2450765 4.2476231 4.2501386 4.2526229 4.2550759 4.2574973
4.0106374 4.0544197 4.0805696 4.0969924 4.1076431 4.1147473 4.1196343 4.1231263 4.1257445 4.1278263 4.1295944 4.1311976 4.1327364 4.1342788 4.13587 4.1375397 4.1393062 4.1411796 4.1431644 4.1452606 4.1474653 4.1497735 4.1521789 4.154674 4.1572511 4.159902 4.1626186 4.1653929 4.1682171 4.171084 4.1739863 4.1769176 4.1798716 4.1828425 4.185825 4.1888143 4.1918057 4.1947952 4.197779 4.2007537 4.2037163 4.2066639 4.2095942 4.2125048 4.2153939 4.2182596 4.2211004 4.2239151 4.2267023 4.2294612 4.2321909 4.2348906 4.2375597 4.2401978 4.2428045 4.2453795 4.2479225 4.2504335 4.2529123 4.255359
3.9612158 4.0096119 4.0410142 4.0622498 4.0771153 4.0878535 4.095856 4.1020174 4.1069276 4.1109846 4.1144618 4.1175497 4.1203827 4.1230568 4.1256402 4.1281817 4.1307157 4.1332659 4.1358485 4.1384733 4.1411463 4.1438699 4.1466442 4.1494675 4.1523368 4.1552485 4.1581981 4.1611811 4.1641925 4.1672276 4.1702814 4.1733494 4.1764271 4.1795102 4.1825948 4.185677 4.1887535 4.1918209 4.1948765 4.1979173 4.2009411 4.2039456 4.2069288 4.2098889 4.2128242 4.2157335 4.2186155 4.221469 4.2242931 4.2270871 4.2298502 4.232582 4.2352819 4.2379495 4.2405847 4.2431871 4.2457568 4.2482935 4.2507974 4.2532685
3.9375912 3.9810641 4.0123218 4.035132 4.0521337 4.0651036 4.075241 4.0833665 4.0900497 4.095692 4.1005798 4.1049206 4.1088656 4.1125266 4.1159863 4.1193062 4.1225321 4.1256978 4.128828 4.1319408 4.1350488 4.1381604 4.1412812 4.1444142 4.1475608 4.1507208 4.1538933 4.1570765 4.1602681 4.1634656 4.1666661 4.1698668 4.1730647 4.1762571 4.1794412 4.1826142 4.1857738 4.1889176 4.1920433 4.1951489 4.1982326 4.2012928 4.2043277 4.2073361 4.2103168 4.2132686 4.2161907 4.2190821 4.2219422 4.2247703 4.227566 4.2303288 4.2330585 4.2357548 4.2384175 4.2410466 4.2436419 4.2462036 4.2487316 4.2512261
3.9277644 3.963755 3.9921905 4.0144985 4.0321102 4.0461934 4.0576381 4.0671074 4.0750921 4.0819563 4.0879715 4.0933415 4.0982202 4.1027248 4.1069448 4.1109487 4.1147893 4.118507 4.1221329 4.1256906 4.1291979 4.132668 4.1361109 4.1395334 4.1429402 4.1463346 4.1497181 4.1530916 4.1564551 4.159808 4.1631492 4.1664775 4.1697914 4.1730894 4.1763698 4.1796309 4.1828712 4.186089 4.1892829 4.1924516 4.1955936 4.1987078 4.2017931 4.2048486 4.2078733 4.2108665 4.2138275 4.2167556 4.2196505 4.2225118 4.225339 4.2281319 4.2308904 4.2336143 4.2363036 4.2389582 4.2415783 4.2441639 4.2467152 4.2492323
3.9238332 3.9531652 3.9781254 3.9989513 4.0162445 4.0306585 4.0427775 4.0530857 4.0619703 4.0697362 4.076622 4.0828142 4.0884587 4.0936698 4.0985376 4.1031328 4.1075114 4.1117175 4.1157861 4.1197445 4.1236142 4.1274121 4.1311511 4.1348412 4.1384901 4.1421032 4.1456848 4.1492376 4.1527636 4.1562638 4.1597389 4.163189 4.1666139 4.170013 4.1733859 4.1767317 4.1800497 4.183339 4.1865987 4.1898282 4.1930266 4.1961931 4.1993272 4.2024281 4.2054954 4.2085285 4.2115271 4.2144908 4.2174193 4.2203124 4.22317 4.2259919 4.2287781 4.2315285 4.2342434 4.2369226 4.2395664 4.242175 4.2447485 4.2472872
3.9220113 3.9463119 3.9681098 3.9871923 4.0037119 4.0179756 4.0303274 4.041092 4.0505538 4.0589527 4.0664863 4.0733161 4.0795731 4.0853635 4.0907729 4.0958707 4.100713 4.1053453 4.109804 4.1141189 4.1183138 4.1224077 4.1264162 4.1303514 4.1342229 4.1380385 4.1418041 4.1455242 4.1492024 4.1528413 4.1564427 4.160008 4.163538 4.1670334 4.1704943 4.173921 4.1773132 4.1806709 4.1839938 4.1872817 4.1905341 4.1937509 4.1969318 4.2000764 4.2031846 4.2062561 4.2092908 4.2122886 4.2152494 4.2181731 4.2210598 4.2239095 4.2267222 4.2294981 4.2322374 4.2349402 4.2376067 4.2402372 4.2428319 4.2453912
3.9208102 3.9415222 3.9607542 3.9781908 3.9937842 4.007642 4.0199444 4.0308936 4.0406866 4.0495023 4.0574973 4.0648054 4.0715395 4.0777939 4.0836473 4.0891649 4.0944006 4.0993991 4.1041971 4.1088252 4.1133082 4.1176667 4.1219175 4.1260746 4.130149 4.13415 4.138085 4.1419598 4.1457793 4.1495474 4.1532668 4.1569402 4.1605692 4.1641553 4.1676995 4.1712027 4.1746655 4.1780881 4.1814711 4.1848145 4.1881185 4.1913833 4.1946088 4.1977951 4.2009424 4.2040506 4.2071199 4.2101502 4.2131418 4.2160947 4.2190092 4.2218853 4.2247234 4.2275235 4.2302861 4.2330113 4.2356994 4.2383507 4.2409657 4.2435446
3.9197615 3.9379407 3.9551832 3.9712003 3.9858767 3.9992193 4.011308 4.0222597 4.0322041 4.0412693 4.0495747 4.0572274 4.0643216 4.0709385 4.0771481 4.0830096 4.0885732 4.0938816 4.0989705 4.1038698 4.1086049 4.1131969 4.1176634 4.1220192 4.1262765 4.1304456 4.1345349 4.1385514 4.1425009 4.1463881 4.150217 4.1539908 4.1577121 4.161383 4.1650053 4.1685804 4.1721095 4.1755935 4.1790331 4.1824291 4.1857819 4.1890921 4.1923599 4.1955859 4.1987702 4.2019132 4.2050152 4.2080765 4.2110973 4.214078 4.2170188 4.2199201 4.2227822 4.2256053 4.2283899 4.2311363 4.2338449 4.236516 4.2391501 4.2417476
3.9187874 3.9351526 3.9508689 3.9657076 3.9795462 3.9923481 4.0041377 4.0149765 4.024946 4.034135 4.0426317 4.0505196 4.0578752 4.0647668 4.0712549 4.077392 4.0832239 4.0887901 4.0941242 4.0992552 4.1042079 4.1090033 4.1136593 4.118191 4.1226113 4.1269311 4.1311595 4.1353044 4.1393723 4.1433685 4.1472979 4.1511642 4.1549708 4.1587203 4.1624152 4.1660573 4.1696482 4.1731895 4.1766823 4.1801275 4.1835262 4.1868791 4.1901868 4.19345 4.1966693 4.1998451 4.202978 4.2060684 4.2091169 4.2121237 4.2150894 4.2180144 4.2208991 4.2237439 4.2265493 4.2293157 4.2320436 4.2347334 4.2373855 4.2400004
3.9179343 3.932962 3.9474963 3.961367 3.9744665 3.986745 3.9981986 4.0088555 4.0187644 4.027985 4.036581 4.0446163 4.0521515 4.059243 4.0659421 4.0722945 4.0783409 4.0841171 4.0896545 4.0949802 4.1001178 4.1050879 4.1099081 4.1145936 4.1191573 4.1236107 4.1279632 4.1322232 4.1363977 4.1404926 4.1445133 4.148464 4.1523486 4.1561703 4.1599319 4.1636358 4.1672841 4.1708785 4.1744206 4.1779117 4.1813531 4.1847458 4.1880907 4.1913887 4.1946407 4.1978472 4.201009 4.2041268 4.2072011 4.2102324 4.2132214 4.2161686 4.2190745 4.2219396 4.2247645 4.2275497 4.2302957 4.2330029 4.2356719 4.2383033
3.9172704 3.9312753 3.9448747 3.9579454 3.9704003 3.9821903 3.9932988 4.0037352 4.013527 4.022713 4.0313386 4.0394517 4.0470997 4.0543285 4.0611807 4.0676955 4.0739087 4.0798521 4.0855543 4.0910403 4.0963324 4.1014502 4.1064105 4.1112284 4.1159168 4.120487 4.1249488 4.1293107 4.1335801 4.1377633 4.141866 4.1458929 4.1498482 4.1537355 4.157558 4.1613184 4.1650191 4.1686623 4.1722498 4.1757832 4.179264 4.1826935 4.1860729 4.1894032 4.1926854 4.1959204 4.1991091 4.2022523 4.2053505 4.2084047 4.2114154 4.2143832 4.2173089 4.2201929 4.223036 4.2258386 4.2286014 4.2313249 4.2340097 4.2366563
3.9168523 3.9300434 3.9428831 3.9552825 3.9671742 3.9785147 3.9892836 3.9994801 4.0091183 4.018223 4.0268259 4.0349624 4.0426693 4.0499833 4.0569396 4.0635713 4.0699093 4.0759816 4.0818138 4.0874289 4.0928473 4.0980873 4.1031652 4.1080953 4.1128903 4.1175611 4.1221178 4.1265687 4.1309215 4.1351828 4.1393583 4.1434531 4.1474716 4.1514179 4.1552952 4.1591067 4.162855 4.1665425 4.1701714 4.1737433 4.1772602 4.1807234 4.1841343 4.1874942 4.1908043 4.1940655 4.197279 4.2004455 4.2035659 4.206641 4.2096717 4.2126586 4.2156025 4.2185041 4.2213639 4.2241827 4.226961 4.2296996 4.2323989 4.2350597
3.9167172 3.9292355 3.9414393 3.9532643 3.964659 3.9755872 3.9860285 3.995977 4.005439 4.0144297 4.022971 4.0310888 4.0388115 4.046168 4.0531871 4.0598966 4.0663228 4.0724902 4.0784214 4.0841371 4.0896559 4.0949949 4.1001692 4.1051925 4.1100768 4.1148329 4.1194705 4.123998 4.128423 4.1327521 4.1369913 4.1411459 4.1452203 4.1492188 4.153145 4.1570021 4.1607931 4.1645204 4.1681864 4.1717931 4.1753425 4.1788362 4.1822758 4.1856626 4.188998 4.1922831 4.1955191 4.1987069 4.2018475 4.2049418 4.2079908 4.2109952 4.2139557 4.2168732 4.2197484 4.222582 4.2253746 4.228127 4.2308397 4.2335134
3.9168842 3.9288269 3.9404832 3.9518063 3.9627567 3.9733051 3.9834328 3.993132 4.0024042 4.0112583 4.0197093 4.027776 4.0354799 4.042844 4.0498916 4.0566457 4.0631285 4.0693613 4.0753639 4.0811546 4.0867505 4.092167 4.0974181 4.1025167 4.1074742 4.1123009 4.1170061 4.1215982 4.1260846 4.1304718 4.1347659 4.1389721 4.1430951 4.1471393 4.1511083 4.1550055 4.1588341 4.1625966 4.1662957 4.1699334 4.1735119 4.1770328 4.180498 4.183909 4.1872671 4.1905736 4.1938298 4.1970368 4.2001957 4.2033074 4.2063728 4.209393 4.2123686 4.2153006 4.2181897 4.2210367 4.2238423 4.2266072 4.2293321 4.2320177
3.9173586 3.9287942 3.9399672 3.9508427 3.9613903 3.9715863 3.9814145 3.9908666 3.9999412 4.0086433 4.0169828 4.0249735 4.0326315 4.0399748 4.0470223 4.0537928 4.0603052 4.0665775 4.0726271 4.0784702 4.0841219 4.0895963 4.0949063 4.1000637 4.1050793 4.1099628 4.1147232 4.1193684 4.1239056 4.1283415 4.1326818 4.1369318 4.1410964 4.1451796 4.1491855 4.1531175 4.1569787 4.1607719 4.1644998 4.1681647 4.1717686 4.1753136 4.1788014 4.1822337 4.1856119 4.1889374 4.1922116 4.1954357 4.1986107 4.2017379 4.204818 4.2078523 4.2108414 4.2137864 4.2166879 4.2195469 4.2223642 4.2251403 4.2278761 4.2305723
3.9181357 3.9291141 3.9398512 3.9503203 3.9604978 3.9703643 3.9799061 3.9891148 3.9979878 4.0065275 4.0147402 4.0226357 4.0302262 4.0375258 4.0445496 4.051313 4.0578317 4.0641212 4.0701965 4.0760716 4.0817602 4.0872748 4.0926272 4.0978283 4.1028879 4.1078154 4.1126191 4.1173066 4.1218849 4.1263602 4.1307385 4.1350247 4.1392238 4.1433398 4.1473767 4.1513381 4.155227 4.1590464 4.162799 4.1664872 4.1701131 4.1736788 4.1771862 4.1806369 4.1840326 4.1873747 4.1906646 4.1939035 4.1970928 4.2002334 4.2033265 4.2063731 4.2093741 4.2123304 4.215243 4.2181126 4.2209401 4.2237263 4.2264718 4.2291775
3.9192041 3.9297628 3.9400998 3.9501945 3.9600277 3.9695838 3.9788507 3.9878208 3.9964908 4.004861 4.0129356 4.0207214 4.0282276 4.0354649 4.0424455 4.0491819 4.0556873 4.0619747 4.0680569 4.0739464 4.0796549 4.0851939 4.0905737 4.0958045 4.1008953 4.1058548 4.1106907 4.1154103 4.1200202 4.1245265 4.1289347 4.1332499 4.1374767 4.1416193 4.1456816 4.1496671 4.1535789 4.1574201 4.1611933 4.164901 4.1685453 4.1721285 4.1756524 4.1791187 4.1825293 4.1858854 4.1891887 4.1924404 4.1956418 4.198794 4.2018982 4.2049554 4.2079667 4.2109329 4.2138549 4.2167338 4.2195702 4.222365 4.225119 4.2278329
3.9205481 3.9307163 3.9406814 3.9504266 3.9599365 3.9691979 3.9782004 3.9869369 3.9954037 4.0036002 4.0115286 4.0191936 4.026602 4.0337622 4.0406836 4.0473766 4.053852 4.0601207 4.0661937 4.0720817 4.0777952 4.0833442 4.0887381 4.0939859 4.0990961 4.1040764 4.1089343 4.1136764 4.1183091 4.1228381 4.1272687 4.1316059 4.135854 4.1400173 4.1440994 4.148104 4.1520341 4.1558926 4.1596824 4.1634058 4.1670651 4.1706625 4.1741999 4.1776791 4.1811018 4.1844696 4.187784 4.1910463 4.1942577 4.1974196 4.2005331 4.2035992 4.206619 4.2095935 4.2125236 4.2154103 4.2182543 4.2210565 4.2238177 4.2265387
3.9221499 3.9319509 3.9415666 3.9509828 3.9601865 3.9691665 3.9779137 3.9864216 3.9946863 4.0027064 4.0104828 4.0180187 4.025319 4.03239 4.0392393 4.0458751 4.0523063 4.0585421 4.0645919 4.0704649 4.0761701 4.0817164 4.0871122 4.0923656 4.0974843 4.1024754 4.1073457 4.1121015 4.1167487 4.1212927 4.1257386 4.130091 4.1343543 4.1385325 4.1426292 4.1466479 4.1505916 4.1544634 4.1582657 4.1620012 4.1656721 4.1692805 4.1728285 4.1763178 4.1797501 4.1831271 4.1864502 4.1897209 4.1929404 4.19611 4.199231 4.2023043 4.205331 4.2083123 4.2112489 4.2141419 4.2169921 4.2198004 4.2225676 4.2252945
3.9239901 3.9334437 3.9427285 3.9518325 3.9607445 3.9694546 3.9779548 3.986239 3.9943032 4.0021456 4.0097661 4.0171666 4.0243507 4.031323 4.0380894 4.0446567 4.0510319 4.0572228 4.0632373 4.0690832 4.0747684 4.0803008 4.0856877 4.0909363 4.0960537 4.1010462 4.1059202 4.1106815 4.1153355 4.1198873 4.1243417 4.1287031 4.1329758 4.1371634 4.1412696 4.1452977 4.1492507 4.1531314 4.1569426 4.1606866 4.1643657 4.1679821 4.1715377 4.1750343 4.1784737 4.1818574 4.185187 4.188464 4.1916895 4.194865 4.1979916 4.2010704 4.2041025 4.2070889 4.2100306 4.2129285 4.2157836 4.2185967 4.2213686 4.2241002
3.9260496 3.9351724 3.9441422 3.9529484 3.961581 3.9700313 3.978292 3.9863573 3.9942232 4.0018874 4.0093494 4.0166101 4.0236717 4.0305377 4.0372127 4.043702 4.0500113 4.056147 4.0621158 4.0679243 4.0735794 4.0790878 4.0844561 4.0896907 4.0947979 4.0997834 4.1046531 4.1094122 4.1140658 4.1186187 4.1230753 4.1274399 4.1317163 4.1359082 4.140019 4.144052 4.14801 4.1518958 4.1557121 4.1594612 4.1631453 4.1667665 4.1703269 4.1738281 4.177272 4.1806602 4.1839941 4.1872752 4.1905048 4.1936842 4.1968146 4.1998972 4.202933 4.205923 4.2088684 4.2117699 4.2146285 4.2174451 4.2202205 4.2229556
