Cobbity/QGIS/C2_Reading1.tif
NCOLS 299
NROWS 159
XLLCORNER 150.661
YLLCORNER -34.0271
CELLSIZE 1e-05
NODATA_VALUE -9999
[rows 0 to 25 of 159, columns 120 to 179 of 299]
5.6298575 5.6268489 5.622956 5.6181746 5.6125055 5.6059543 5.598532 5.5902546 5.5811432 5.5712241 5.560528 5.5490902 5.5369496 5.524149 5.5107335 5.4967509 5.4822507 5.4672831 5.4518992 5.4361498 5.4200855 5.4037556 5.3872082 5.3704899 5.3536451 5.3367165 5.3197443 5.3027665 5.2858186 5.268934 5.2521434 5.2354753 5.218956 5.2026093 5.1864571 5.1705189 5.1548123 5.139353 5.1241547 5.1092293 5.0945872 5.0802368 5.0661854 5.0524384 5.039 5.0258733 5.0130599 5.0005604 4.9883743 4.9765002 4.9649358 4.953678 4.9427228 4.9320657 4.9217018 4.9116252 4.9018301 4.8923099 4.8830578 4.874067
5.6546883 5.6517419 5.6478521 5.6430129 5.6372236 5.6304895 5.6228214 5.6142364 5.604757 5.5944118 5.5832344 5.5712636 5.5585426 5.5451184 5.5310413 5.5163639 5.501141 5.485428 5.4692811 5.4527562 5.4359083 5.4187913 5.4014574 5.3839568 5.3663374 5.3486446 5.3309214 5.313208 5.2955421 5.2779585 5.2604894 5.2431646 5.226011 5.2090535 5.1923143 5.1758134 5.1595687 5.1435958 5.1279085 5.1125187 5.0974363 5.0826696 5.0682253 5.0541084 5.0403227 5.0268705 5.0137528 5.0009695 4.9885195 4.9764004 4.9646092 4.953142 4.941994 4.9311599 4.9206338 4.9104092 4.9004791 4.8908364 4.8814735 4.8723825
5.6806326 5.6777735 5.6739062 5.6690223 5.6631197 5.6562025 5.6482819 5.6393755 5.6295077 5.6187095 5.607018 5.594476 5.5811313 5.5670362 5.5522466 5.536821 5.5208199 5.5043049 5.487338 5.4699805 5.4522928 5.4343337 5.4161597 5.397825 5.3793812 5.360877 5.3423579 5.3238666 5.3054427 5.2871227 5.2689403 5.2509263 5.2331086 5.2155126 5.1981611 5.1810744 5.1642705 5.1477652 5.131572 5.1157026 5.1001666 5.084972 5.0701248 5.0556297 5.0414896 5.0277063 5.0142799 5.0012096 4.9884934 4.9761281 4.9641099 4.9524339 4.9410944 4.9300851 4.9193993 4.9090296 4.898968 4.8892066 4.8797369 4.8705501
5.7077681 5.7050265 5.7012055 5.6962937 5.6902869 5.6831883 5.6750087 5.6657666 5.6554884 5.6442079 5.631966 5.6188101 5.6047936 5.5899747 5.5744158 5.5581822 5.5413413 5.5239616 5.5061114 5.4878586 5.4692692 5.4504076 5.4313351 5.4121103 5.3927887 5.373422 5.354059 5.3347445 5.3155202 5.2964243 5.2774918 5.2587546 5.2402413 5.2219781 5.203988 5.1862916 5.168907 5.1518498 5.1351334 5.1187691 5.1027662 5.0871321 5.0718722 5.0569906 5.0424894 5.0283695 5.0146304 5.0012703 4.9882863 4.9756742 4.9634292 4.9515454 4.9400162 4.9288344 4.917992 4.9074808 4.8972918 4.8874161 4.8778441 4.8685665
5.7361804 5.733593 5.7298473 5.7249286 5.7188302 5.7115536 5.7031094 5.6935169 5.6828044 5.6710092 5.6581764 5.6443589 5.6296165 5.6140144 5.5976225 5.5805141 5.5627645 5.5444499 5.5256463 5.5064285 5.4868695 5.4670392 5.4470046 5.4268289 5.4065715 5.3862879 5.3660294 5.3458435 5.3257738 5.3058603 5.286139 5.2666428 5.2474013 5.2284408 5.2097848 5.191454 5.1734664 5.1558375 5.1385803 5.1217057 5.1052225 5.0891373 5.0734551 5.0581789 5.0433102 5.0288489 5.0147935 5.0011413 4.9878882 4.9750292 4.9625583 4.9504686 4.9387522 4.927401 4.9164058 4.9057573 4.8954456 4.8854605 4.8757917 4.8664286
5.7659651 5.7635757 5.7599409 5.7550416 5.7488678 5.7414191 5.7327056 5.7227472 5.7115748 5.6992289 5.6857599 5.6712273 5.6556979 5.6392455 5.6219488 5.6038902 5.5851543 5.5658264 5.5459911 5.5257315 5.5051277 5.4842563 5.4631901 5.4419974 5.4207417 5.3994823 5.3782733 5.3571647 5.336202 5.3154266 5.2948759 5.2745834 5.2545793 5.2348904 5.2155403 5.1965497 5.1779363 5.1597153 5.1418994 5.1244989 5.1075219 5.0909743 5.0748602 5.0591818 5.0439395 5.0291323 5.0147576 5.0008116 4.987289 4.9741837 4.9614885 4.9491952 4.9372949 4.9257781 4.9146346 4.9038538 4.8934248 4.8833361 4.8735764 4.8641339
5.7972285 5.7950902 5.7916095 5.7867621 5.7805339 5.7729223 5.7639359 5.7535958 5.741935 5.7289985 5.7148425 5.6995338 5.6831482 5.6657691 5.6474859 5.6283918 5.6085822 5.5881529 5.5671986 5.5458114 5.5240798 5.5020876 5.479914 5.4576324 5.4353111 5.4130127 5.3907944 5.3687086 5.3468024 5.3251186 5.3036956 5.2825678 5.2617655 5.2413159 5.2212424 5.2015657 5.1823032 5.1634695 5.1450768 5.1271347 5.1096505 5.0926293 5.0760741 5.0599861 5.0443647 5.0292076 5.0145112 5.0002702 4.9864783 4.973128 4.9602108 4.9477172 4.935637 4.9239594 4.9126728 4.9017655 4.8912252 4.8810394 4.8711953 4.8616804
5.8300903 5.8282669 5.8249929 5.8202376 5.813982 5.80622 5.7969592 5.7862208 5.7740407 5.7604685 5.7455676 5.7294135 5.7120923 5.6936993 5.6743363 5.6541095 5.633127 5.6114969 5.5893255 5.5667152 5.5437637 5.5205631 5.497199 5.4737508 5.450291 5.4268859 5.4035957 5.3804746 5.3575717 5.3349306 5.3125906 5.2905864 5.2689489 5.2477049 5.226878 5.2064882 5.1865526 5.1670852 5.1480975 5.1295981 5.1115934 5.0940875 5.0770823 5.0605779 5.0445723 5.0290621 5.0140421 4.9995059 4.9854457 4.9718525 4.9587164 4.9460266 4.9337714 4.9219385 4.910515 4.8994878 4.8888432 4.8785674 4.8686464 4.8590664
5.8646858 5.8632542 5.8602508 5.855637 5.849388 5.8414933 5.8319582 5.8208046 5.8080708 5.7938123 5.7781003 5.7610208 5.7426726 5.7231651 5.702615 5.681144 5.6588755 5.6359319 5.6124328 5.5884926 5.5642194 5.5397137 5.5150687 5.4903692 5.4656925 5.4411083 5.4166793 5.3924616 5.3685056 5.3448557 5.3215518 5.2986288 5.2761174 5.2540444 5.2324329 5.2113024 5.1906693 5.1705469 5.1509456 5.1318732 5.113335 5.0953337 5.0778702 5.0609429 5.0445488 5.0286828 5.0133383 4.9985073 4.9841806 4.9703475 4.9569967 4.9441157 4.9316912 4.9197095 4.9081562 4.8970166 4.8862755 4.8759178 4.8659282 4.8562914
5.9011692 5.900222 5.8975666 5.8931552 5.8869554 5.8789513 5.8691453 5.8575589 5.8442335 5.8292306 5.812631 5.7945335 5.775052 5.754313 5.7324515 5.7096078 5.6859235 5.661538 5.6365865 5.6111967 5.5854882 5.5595713 5.5335463 5.507504 5.4815261 5.4556852 5.4300464 5.4046673 5.3795989 5.3548864 5.3305696 5.3066834 5.2832581 5.2603202 5.237892 5.2159925 5.194637 5.1738379 5.1536046 5.1339437 5.114859 5.0963521 5.0784222 5.0610664 5.04428 5.0280563 5.0123872 4.9972629 4.9826724 4.9686036 4.9550432 4.941977 4.9293901 4.9172672 4.9055921 4.8943484 4.8835197 4.873089 4.8630398 4.8533552
5.9397176 5.939366 5.9371524 5.9330179 5.9269209 5.9188384 5.9087684 5.8967314 5.8827716 5.8669577 5.8493816 5.8301575 5.8094179 5.7873102 5.7639921 5.7396264 5.7143765 5.6884023 5.6618566 5.6348829 5.6076132 5.5801679 5.552655 5.5251709 5.4978012 5.4706212 5.4436975 5.4170885 5.3908456 5.365014 5.3396332 5.3147376 5.290357 5.2665171 5.2432393 5.2205416 5.1984384 5.1769409 5.156057 5.135792 5.1161484 5.097126 5.0787224 5.0609332 5.0437516 5.0271694 5.0111765 4.9957613 4.9809109 4.9666114 4.9528476 4.9396034 4.9268622 4.9146066 4.9028188 4.8914807 4.880574 4.8700804 4.8599814 4.850259
5.9805364 5.9809137 5.9792552 5.9754888 5.9695615 5.961441 5.9511191 5.9386138 5.9239717 5.9072693 5.8886122 5.8681329 5.8459871 5.8223486 5.7974028 5.7713402 5.7443509 5.716619 5.6883181 5.6596092 5.6306381 5.6015356 5.5724173 5.5433848 5.5145265 5.4859198 5.4576318 5.4297211 5.4022386 5.3752291 5.348731 5.3227781 5.2973993 5.2726189 5.2484576 5.2249321 5.2020554 5.1798374 5.1582845 5.1374002 5.1171855 5.0976383 5.0787545 5.0605276 5.0429489 5.0260083 5.0096935 4.993991 4.9788858 4.9643619 4.9504022 4.9369884 4.9241021 4.9117237 4.8998335 4.8884117 4.8774379 4.8668922 4.8567545 4.847005
6.0238653 6.0251312 6.0241645 6.0208778 6.0152038 6.0070981 5.9965433 5.9835526 5.9681742 5.9504928 5.93063 5.9087417 5.8850125 5.8596491 5.8328718 5.8049061 5.7759743 5.7462894 5.7160496 5.6854352 5.6546069 5.623706 5.592855 5.5621593 5.5317097 5.5015837 5.471848 5.4425603 5.4137704 5.3855214 5.3578508 5.3307908 5.3043691 5.2786088 5.2535291 5.2291453 5.205469 5.1825082 5.1602678 5.1387494 5.117952 5.0978715 5.0785016 5.0598338 5.0418572 5.0245593 5.0079258 4.9919408 4.9765873 4.9618467 4.9476998 4.9341263 4.9211053 4.9086152 4.8966344 4.8851406 4.8741119 4.8635261 4.8533615 4.8435966
6.0699875 6.0723322 6.0722217 6.0695509 6.0642352 6.0562136 6.0454548 6.0319637 6.0157875 5.99702 5.9758019 5.9523179 5.92679 5.899467 5.8706138 5.8404993 5.8093862 5.7775219 5.7451329 5.7124212 5.6795629 5.6467092 5.6139879 5.5815071 5.5493573 5.5176148 5.4863444 5.4556012 5.425433 5.3958807 5.3669798 5.338761 5.3112501 5.2844689 5.2584349 5.2331617 5.208659 5.1849332 5.161987 5.13982 5.1184288 5.0978072 5.0779465 5.0588356 5.0404614 5.0228088 5.0058611 4.9896 4.9740058 4.9590578 4.9447341 4.931012 4.9178684 4.9052793 4.8932206 4.8816682 4.8705977 4.859985 4.8498066 4.840039
6.11924 6.1228888 6.1238316 6.1219437 6.1171185 6.1092723 6.098353 6.0843504 6.0673072 6.0473256 6.0245695 5.9992607 5.9716693 5.9420993 5.9108732 5.8783152 5.8447377 5.8104301 5.7756513 5.7406266 5.7055474 5.670573 5.6358345 5.6014393 5.5674753 5.5340151 5.5011192 5.468839 5.4372188 5.4062966 5.3761054 5.3466737 5.3180256 5.2901809 5.2631554 5.2369607 5.2116047 5.1870914 5.1634214 5.1405917 5.1185965 5.097427 5.0770717 5.0575169 5.0387468 5.0207435 5.0034877 4.9869582 4.9711328 4.955988 4.9414994 4.9276417 4.914389 4.901715 4.8895931 4.8779966 4.8668989 4.8562739 4.8460957 4.836339
6.172028 6.1772455 6.1794768 6.1785763 6.17441 6.1668618 6.1558471 6.1413303 6.1233419 6.1019915 6.0774713 6.0500515 6.0200661 5.9878924 5.9539284 5.9185697 5.882191 5.8451315 5.8076872 5.7701078 5.732598 5.6953223 5.6584108 5.6219662 5.5860697 5.550787 5.5161719 5.4822702 5.4491213 5.4167596 5.3852153 5.3545142 5.3246785 5.2957259 5.2676703 5.2405212 5.2142843 5.188961 5.1645493 5.1410436 5.1184351 5.0967118 5.0758596 5.0558615 5.0366987 5.0183503 5.000794 4.9840057 4.9679603 4.9526314 4.9379916 4.9240128 4.9106665 4.8979233 4.8857542 4.8741298 4.8630211 4.8523994 4.8422367 4.8325057
6.2288427 6.2359357 6.2397346 6.2400733 6.2367829 6.2297001 6.2186888 6.2036699 6.1846495 6.1617409 6.1351717 6.1052771 6.072478 6.0372514 6.0000958 5.9614998 5.9219159 5.8817433 5.8413186 5.8009151 5.7607471 5.7209782 5.6817312 5.643098 5.6051479 5.5679353 5.5315047 5.4958939 5.4611364 5.4272622 5.3942983 5.3622681 5.3311915 5.3010845 5.2719585 5.243821 5.216675 5.1905192 5.1653485 5.1411541 5.1179239 5.0956426 5.0742925 5.0538533 5.0343027 5.0156167 4.9977695 4.980734 4.9644816 4.948983 4.9342077 4.9201245 4.9067016 4.8939071 4.8817087 4.8700742 4.858972 4.8483708 4.8382402 4.8285506
6.2902851 6.2996019 6.3052965 6.3071865 6.3050573 6.2986741 6.2878184 6.2723366 6.2521892 6.2274865 6.1985021 6.1656607 6.1295055 6.0906511 6.0497327 6.0073607 5.9640857 5.9203767 5.8766136 5.8330892 5.7900194 5.7475575 5.7058091 5.6648467 5.624721 5.5854698 5.5471247 5.5097137 5.4732635 5.4377994 5.4033452 5.3699221 5.337548 5.3062369 5.2759983 5.246837 5.2187532 5.1917423 5.1657958 5.1409011 5.1170422 5.0942001 5.0723529 5.0514767 5.0315453 5.0125311 4.9944047 4.9771354 4.9606913 4.9450396 4.9301466 4.9159776 4.9024976 4.8896713 4.8774634 4.8658386 4.8547621 4.8442 4.8341193 4.824488
6.3570961 6.3690198 6.3769912 6.3808229 6.3802386 6.3748928 6.3644309 6.3485732 6.3271979 6.3004012 6.2685185 6.2321042 6.1918773 6.1486474 6.1032379 6.0564202 6.0088671 5.9611278 5.9136234 5.8666565 5.8204307 5.7750736 5.7306598 5.6872302 5.644808 5.6034088 5.5630475 5.5237408 5.4855081 5.4483706 5.4123494 5.3774641 5.3437313 5.3111632 5.2797671 5.2495451 5.220494 5.1926057 5.1658673 5.1402619 5.115769 5.092365 5.0700237 5.0487167 5.0284138 5.009083 4.9906912 4.973204 4.9565858 4.9408 4.9258093 4.9115755 4.89806 4.885224 4.8730284 4.8614348 4.8504051 4.8399024 4.8298907 4.8203357
6.4301977 6.4451253 6.4558072 6.4620758 6.463569 6.4597625 6.4500746 6.4340105 6.4113048 6.3820212 6.3465851 6.3057453 6.2604819 6.2118871 6.1610465 6.1089449 6.0564053 6.0040635 5.9523721 5.9016241 5.851987 5.8035397 5.7563051 5.7102776 5.6654419 5.6217848 5.5793016 5.5379971 5.4978842 5.4589811 5.421308 5.3848841 5.3497253 5.3158426 5.2832411 5.2519197 5.2218714 5.1930834 5.1655381 5.1392133 5.1140831 5.0901186 5.0672885 5.0455595 5.0248966 5.0052635 4.9866228 4.968936 4.9521636 4.9362652 4.9211995 4.9069245 4.8933976 4.8805761 4.8684172 4.8568785 4.8459186 4.8354971 4.8255751 4.8161154
6.5107492 6.529043 6.5429124 6.5522589 6.5565945 6.5550984 6.5468022 6.5308432 6.506709 6.4744037 6.4344941 6.3880344 6.3364045 6.2811129 6.2236148 6.1651761 6.1067989 6.0492021 5.992845 5.9379754 5.8846868 5.8329747 5.7827833 5.7340401 5.6866792 5.6406529 5.5959351 5.55252 5.5104168 5.4696436 5.4302223 5.3921736 5.355514 5.3202535 5.2863949 5.2539335 5.2228574 5.1931484 5.1647828 5.1377319 5.1119637 5.0874429 5.0641322 5.0419927 5.0209843 5.0010658 4.9821952 4.9643298 4.947426 4.9314391 4.9163238 4.9020339 4.8885225 4.8757426 4.8636472 4.8521897 4.8413246 4.831008 4.8211976 4.8118535
6.600228 6.6221121 6.6396604 6.6529384 6.6612592 6.6632956 6.6574122 6.6421119 6.6164611 6.5803686 6.534643 6.4808388 6.4209646 6.3571545 6.291385 6.2252868 6.1600615 6.096486 6.0349748 5.9756688 5.9185289 5.8634179 5.8101645 5.7586063 5.7086142 5.6601019 5.613024 5.5673683 5.5231459 5.4803801 5.4390985 5.3993259 5.3610806 5.3243722 5.2892007 5.2555565 5.223422 5.1927719 5.1635747 5.1357942 5.1093905 5.0843209 5.0605413 5.0380063 5.0166699 4.9964858 4.9774072 4.959387 4.9423772 4.926329 4.9111926 4.8969172 4.8834514 4.8707433 4.858741 4.8473935 4.8366507 4.8264646 4.8167893 4.8075817
6.7005526 6.725895 6.747564 6.765954 6.7800383 6.7876038 6.7858487 6.7721714 6.7449227 6.7038782 6.6502926 6.5865735 6.5157441 6.4408877 6.3647138 6.2893081 6.2160643 6.1457476 6.0786296 6.0146441 5.953531 5.8949531 5.8385778 5.7841271 5.7313991 5.68027 5.6306824 5.5826281 5.5361294 5.4912229 5.4479471 5.4063345 5.3664066 5.328172 5.2916269 5.2567557 5.2235325 5.1919231 5.1618865 5.1333768 5.1063444 5.080738 5.0565051 5.0335931 5.0119497 4.9915229 4.9722613 4.9541129 4.9370257 4.9209463 4.9058204 4.8915925 4.8782058 4.865603 4.853727 4.8425213 4.8319308 4.8219028 4.8123876 4.8033386
6.814271 6.8421373 6.8681945 6.893414 6.9161381 6.9325844 6.9378891 6.9274978 6.8985374 6.8506428 6.7859431 6.7083561 6.6225742 6.5331277 6.4437366 6.3570105 6.2744553 6.19667 6.1236104 6.0548452 5.9897679 5.9277527 5.8682531 5.8108518 5.7552723 5.7013643 5.6490756 5.5984197 5.5494456 5.5022141 5.4567818 5.4131917 5.371469 5.3316207 5.2936368 5.257493 5.2231525 5.1905694 5.1596903 5.130457 5.1028085 5.0766824 5.0520167 5.0287506 5.0068247 4.9861815 4.9667644 4.9485174 4.9313842 4.9153071 4.9002271 4.8860833 4.8728133 4.8603537 4.8486408 4.8376121 4.8272068 4.8173668 4.808038 4.7991704
6.9448198 6.9725874 7.0029317 7.0376372 7.0738079 7.1048974 7.1223758 7.1181328 7.0871637 7.0290947 6.9478611 6.8501453 6.7434139 6.6343868 6.5281223 6.4277194 6.3345544 6.2487543 6.1696712 6.0962746 6.0274418 5.9621507 5.899587 5.8391816 5.7805974 5.7236864 5.6684338 5.6149038 5.563194 5.513404 5.4656155 5.4198842 5.3762377 5.3346782 5.2951861 5.2577241 5.222241 5.1886752 5.1569574 5.1270139 5.098769 5.0721473 5.0470751 5.0234824 5.0013024 4.9804717 4.9609296 4.9426161 4.9254711 4.9094332 4.8944383 4.8804198 4.8673088 4.8550348 4.8435266 4.8327143 4.8225302 4.8129105 4.8037959 4.7951328
7.0966962 7.1184573 7.1524465 7.2010149 7.2588221 7.3146632 7.3535253 7.3604041 7.326433 7.2519555 7.1447466 7.016749 6.8799664 6.74436 6.6166406 6.5000456 6.3952376 6.3013181 6.2165922 6.1391065 6.0670084 5.9987617 5.9332428 5.8697441 5.8079131 5.747661 5.689065 5.6322835 5.5774924 5.5248456 5.4744553 5.4263885 5.3806705 5.3372927 5.2962198 5.2573963 5.2207512 5.1862021 5.1536594 5.1230294 5.0942178 5.0671329 5.0416875 5.0178008 4.9953985 4.974412 4.954777 4.936431 4.9193112 4.9033525 4.8884863 4.8746396 4.8617357 4.8496956 4.8384391 4.8278873 4.8179645 4.8085998 4.7997284 4.7912927
