Cobbity/QGIS/C2_Reading7.tif
NCOLS 200
NROWS 169
XLLCORNER 150.661
YLLCORNER -34.0269
CELLSIZE 1e-05
NODATA_VALUE -9999
[rows 100 to 124 of 169, columns 114 to 170 of 200]
-2.9367323 -2.9270955 -2.9157067 -2.9012355 -2.9080642 -2.9495069 -3.0415213 -3.0470257 -2.9461655 -2.8475011 -2.7677379 -2.6968762 -2.6246066 -2.5413826 -2.4798168 -2.5465504 -2.5806321 -2.5929937 -2.5994634 -2.6107917 -2.6451314 -2.6041579 -2.5382138 -2.4815053 -2.4078082 -2.2640495 -2.1825181 -2.3401897 -2.3873261 -2.3991693 -2.3922441 -2.3677844 -2.3104244 -2.3072082 -2.3427402 -2.3402915 -2.3160938 -2.2656605 -2.2046895 -2.2211126 -2.2746837 -2.2996193 -2.2938983 -2.2603098 -2.2467661 -2.2971655 -2.319618 -2.3214454 -2.306982 -2.2708694 -2.1955386 -2.2516012 -2.3012569 -2.3177956 -2.3173067 -2.3011142 -2.2584457
-2.9775489 -3.0218276 -2.9592223 -2.9331644 -2.9412671 -2.9893762 -3.1497482 -3.1452811 -2.9460688 -2.8466147 -2.7726016 -2.7032496 -2.6200114 -2.5386526 -2.5735124 -2.5987644 -2.6147097 -2.623887 -2.6331365 -2.6507542 -2.6985809 -2.6554403 -2.5631199 -2.4927613 -2.4143768 -2.335406 -2.3301094 -2.3781583 -2.4079439 -2.4147046 -2.4041377 -2.3768244 -2.3477522 -2.3503511 -2.3598133 -2.3509129 -2.3208259 -2.2538561 -2.0909209 -2.2067454 -2.2885137 -2.3073243 -2.2857436 -2.2417831 -2.2814709 -2.3145062 -2.3280653 -2.3246532 -2.3034075 -2.2597691 -2.2408555 -2.2788451 -2.3104648 -2.3236696 -2.3209143 -2.302995 -2.2681894
-2.9988796 -3.0095393 -2.9786938 -2.9602373 -2.9735291 -3.022093 -3.0653692 -3.0246549 -2.9294354 -2.8479043 -2.7807582 -2.71661 -2.6392311 -2.5519003 -2.6086802 -2.6373209 -2.6474845 -2.6555375 -2.6703184 -2.707061 -2.731617 -2.6556742 -2.5760993 -2.5005859 -2.4063315 -2.2400988 -2.3392534 -2.4077694 -2.4297844 -2.4321611 -2.4183324 -2.3774436 -2.3 -2.361579 -2.3755049 -2.3613252 -2.3265405 -2.2700792 -2.2269239 -2.2629168 -2.3087863 -2.3195533 -2.2872244 -2.2045708 -2.2869871 -2.3284184 -2.3373441 -2.3285343 -2.3000008 -2.2291493 -2.1888752 -2.2841735 -2.3199007 -2.3313302 -2.3261585 -2.3030929 -2.2606438
-3.041599 -3.0378372 -2.995152 -2.9847935 -3.0075365 -3.1002655 -3.226205 -3.0309103 -2.9248056 -2.8527395 -2.7926668 -2.7345359 -2.6758427 -2.6572711 -2.6645547 -2.6732871 -2.6788568 -2.6871978 -2.7068673 -2.7638451 -2.8506995 -2.6858969 -2.5871235 -2.5062516 -2.4191462 -2.3659515 -2.3957861 -2.4360008 -2.4520836 -2.4517571 -2.4383608 -2.4140913 -2.3876654 -2.3937443 -2.3923568 -2.3715505 -2.3288691 -2.2316467 -2.1770448 -2.2918332 -2.3309873 -2.3352648 -2.3174891 -2.3119326 -2.329961 -2.3466107 -2.3476787 -2.333126 -2.2985987 -2.246056 -2.2536687 -2.3015849 -2.331594 -2.34127 -2.3342496 -2.3079923 -2.2429745
-3.0544075 -3.0440716 -3.0140749 -3.0096928 -3.0407317 -3.0978612 -3.1148652 -3.0154011 -2.925904 -2.8615909 -2.8093334 -2.7580495 -2.6829478 -2.6734419 -2.7022732 -2.7063246 -2.7092533 -2.7190898 -2.7468497 -2.7923548 -2.7577027 -2.6749581 -2.5915062 -2.50847 -2.3829152 -2.3189912 -2.4290963 -2.4639493 -2.4754201 -2.4735277 -2.458507 -2.4266049 -2.4284576 -2.4248225 -2.4095616 -2.3813536 -2.3358156 -2.2760248 -2.261968 -2.3223697 -2.3546131 -2.3492737 -2.2844071 -2.3295295 -2.3586992 -2.364784 -2.3583464 -2.3378961 -2.2954737 -2.1917178 -2.2371267 -2.3165014 -2.3459422 -2.3540575 -2.3452984 -2.3199633 -2.3007185
-3.1387972 -3.0771747 -3.0328969 -3.034915 -3.0918083 -3.2473011 -3.1271032 -3.0041144 -2.9285869 -2.8735157 -2.8309567 -2.7985825 -2.7740965 -2.7483397 -2.7411956 -2.7377117 -2.7391144 -2.7508769 -2.7846086 -2.8842614 -2.7835383 -2.6738926 -2.5926238 -2.5123761 -2.4417651 -2.4260183 -2.4665554 -2.4913333 -2.5001173 -2.4991655 -2.4896169 -2.4661487 -2.4577798 -2.4479496 -2.4246811 -2.3888549 -2.3278498 -2.2156004 -2.2878288 -2.3538525 -2.3845872 -2.392708 -2.3721489 -2.3746121 -2.383889 -2.3815398 -2.3683682 -2.3404111 -2.2927764 -2.2663145 -2.2967278 -2.3395723 -2.3636355 -2.3705206 -2.3607619 -2.3203884 -2.2942277
-3.1070064 -3.0759181 -3.0477377 -3.05751 -3.1107191 -3.187376 -3.1096012 -3.0024131 -2.9345794 -2.8885901 -2.8559808 -2.8291259 -2.8195785 -2.7966191 -2.7767885 -2.7678734 -2.7691813 -2.7860711 -2.8277848 -2.8244478 -2.7542747 -2.6716436 -2.5904918 -2.485603 -2.3528715 -2.4511161 -2.499424 -2.5185722 -2.5263089 -2.5282389 -2.5321141 -2.5400928 -2.5012908 -2.4703112 -2.4376267 -2.3947586 -2.335615 -2.2690528 -2.3191236 -2.3819351 -2.4173885 -2.4540196 -2.4526783 -2.4192264 -2.4082412 -2.397125 -2.3778471 -2.3415656 -2.2513227 -2.1982495 -2.3174555 -2.3627987 -2.3841954 -2.3913364 -2.3869905 -2.3749034 -2.3535547
-3.1612513 -3.0826713 -3.0604284 -3.0828504 -3.1835765 -3.2341111 -3.0888573 -2.9992763 -2.9421169 -2.9071151 -2.8921571 -2.8863646 -2.8543453 -2.8277947 -2.806659 -2.7967394 -2.7999828 -2.821496 -2.8915659 -2.8823606 -2.7567928 -2.6720175 -2.5911276 -2.5018739 -2.4211412 -2.4830668 -2.527696 -2.5455355 -2.554281 -2.5600598 -2.5613651 -2.5553023 -2.5264206 -2.4886211 -2.4475616 -2.393701 -2.3023305 -2.2621228 -2.3562885 -2.411936 -2.447351 -2.4658744 -2.4622873 -2.4431902 -2.4276552 -2.4108253 -2.3866354 -2.3488411 -2.3026955 -2.2985333 -2.3493039 -2.3868746 -2.4073437 -2.4158744 -2.4138491 -2.4095712 -2.3894438
-3.1280356 -3.0860068 -3.0712811 -3.0989352 -3.1905727 -3.2355023 -3.0826044 -2.9978874 -2.9504871 -2.926936 -2.933804 -3.0080988 -2.930551 -2.8616388 -2.8340179 -2.8253219 -2.8342373 -2.8670936 -2.8998771 -2.8458721 -2.7580875 -2.674419 -2.5840367 -2.4644125 -2.4811389 -2.5315894 -2.5582034 -2.5733017 -2.584699 -2.6012546 -2.6379341 -2.6085017 -2.5498977 -2.5033792 -2.4544397 -2.3926586 -2.3025713 -2.2676923 -2.3792252 -2.4428252 -2.4939904 -2.5254249 -2.4870433 -2.4624811 -2.443512 -2.4221986 -2.3927359 -2.3429537 -2.242758 -2.3133261 -2.3780942 -2.4125238 -2.4335212 -2.4460335 -2.4527177 -2.4401216 -2.4070024
-3.1526912 -3.0899914 -3.0807956 -3.1250327 -3.1964247 -3.1320201 -3.0532141 -2.9942707 -2.9591983 -2.9466756 -2.9571648 -2.9699396 -2.9322873 -2.8834152 -2.8583549 -2.8542729 -2.872348 -2.9304776 -3.07 -2.8899266 -2.7670103 -2.680458 -2.592415 -2.4748101 -2.5014137 -2.5632818 -2.5870778 -2.6017254 -2.6173151 -2.6398025 -2.6836797 -2.6483022 -2.5708953 -2.5152826 -2.4573425 -2.3751225 -2.2643872 -2.3260369 -2.4137026 -2.4740736 -2.5258951 -2.563741 -2.5106134 -2.4800592 -2.4571381 -2.4309946 -2.3946183 -2.3465497 -2.3120804 -2.3510335 -2.4051259 -2.4395659 -2.4630264 -2.4812661 -2.5103452 -2.5275548 -2.4338736
-3.1285677 -3.0866207 -3.0850706 -3.1393821 -3.2544656 -3.1263201 -3.0391368 -2.9925632 -2.9689887 -2.9688613 -3.0131684 -3.0398941 -2.9465291 -2.8999811 -2.8802947 -2.8842585 -2.9185718 -2.9806895 -2.967477 -2.872046 -2.7713285 -2.6866039 -2.5982988 -2.5428301 -2.570622 -2.5975903 -2.6150054 -2.6303884 -2.6546887 -2.7044046 -2.7171926 -2.6461954 -2.5823164 -2.5242461 -2.4598691 -2.3655084 -2.1900663 -2.3208729 -2.4434597 -2.5132643 -2.5641056 -2.5519044 -2.5212992 -2.4945738 -2.4690424 -2.4376845 -2.38787 -2.2794794 -2.2791953 -2.3822821 -2.4338734 -2.4688735 -2.496843 -2.5245645 -2.5400138 -2.5123337 -2.4438727
-3.115017 -3.0781096 -3.0850579 -3.1385096 -3.1445913 -3.0818832 -3.0263562 -2.9929886 -2.9808293 -2.9907735 -3.0173334 -3.0189389 -2.9543206 -2.9139178 -2.900479 -2.9141887 -2.9690503 -3.1444236 -3.0476888 -2.8710851 -2.7743523 -2.6955522 -2.6009146 -2.5199309 -2.5985925 -2.6270908 -2.641429 -2.657715 -2.6879224 -2.7710919 -2.8202989 -2.6706871 -2.5935372 -2.5316775 -2.4599755 -2.3594004 -2.3173432 -2.3976964 -2.4814296 -2.5573454 -2.6730912 -2.5988928 -2.539413 -2.5086174 -2.4800624 -2.4440912 -2.3913031 -2.3166234 -2.3223981 -2.4095788 -2.4629364 -2.5006036 -2.5345465 -2.5824808 -2.68094 -2.5475427 -2.4438853
-3.0834364 -3.063993 -3.0772609 -3.1530672 -3.1527727 -3.0606564 -3.0166824 -2.9954276 -2.9955646 -3.030935 -3.0978679 -3.0179462 -2.9568952 -2.9250542 -2.9187173 -2.944895 -3.0154814 -3.0536247 -2.9770056 -2.8628629 -2.7767137 -2.7067336 -2.6529476 -2.6333224 -2.6428155 -2.6550801 -2.6660412 -2.6837657 -2.7183711 -2.7596555 -2.7392661 -2.6685873 -2.6016813 -2.5391002 -2.4616399 -2.3085309 -2.2222293 -2.4268628 -2.5181964 -2.5828397 -2.6150458 -2.5907539 -2.5526789 -2.5218685 -2.4905983 -2.4488271 -2.3748165 -2.2765365 -2.3683145 -2.4437632 -2.4944008 -2.5354542 -2.5778249 -2.621522 -2.6220364 -2.5466663 -2.4508732
-3.0553517 -3.0476999 -3.0597416 -3.0792443 -3.0691944 -3.0356564 -3.0097642 -3.0000373 -3.0099383 -3.0472245 -3.1038517 -3.0253082 -2.9626065 -2.9345118 -2.9335125 -2.9702789 -3.1137869 -3.206016 -2.9643865 -2.8536054 -2.7786752 -2.7099718 -2.6241366 -2.6580592 -2.6745416 -2.6798504 -2.6880695 -2.7074757 -2.7612059 -2.9095802 -2.7889061 -2.6762642 -2.6094579 -2.5471455 -2.4705635 -2.3903799 -2.399333 -2.4822124 -2.5604381 -2.6579015 -2.7031874 -2.6100428 -2.5665807 -2.5347987 -2.501088 -2.4558614 -2.3832788 -2.284177 -2.3931151 -2.4761742 -2.5278028 -2.5733264 -2.6295982 -2.7564017 -2.6842634 -2.550891 -2.4272312
-3.0339313 -3.0332692 -3.0483019 -3.0804863 -3.0462056 -3.0201987 -3.0068686 -3.0077894 -3.0299432 -3.0860818 -3.0833813 -3.0134321 -2.9651247 -2.9418862 -2.9446963 -2.978807 -3.0323268 -3.0297577 -2.9294771 -2.8452139 -2.7834628 -2.7356349 -2.6994545 -2.6956395 -2.6995277 -2.7007416 -2.7067213 -2.7246832 -2.7631199 -2.8085938 -2.7567681 -2.6776512 -2.6169469 -2.5563678 -2.465593 -2.2724963 -2.4106236 -2.5274719 -2.5979681 -2.6614035 -2.6800139 -2.6209681 -2.5803196 -2.5478724 -2.5113385 -2.4567666 -2.3734476 -2.3888391 -2.4551932 -2.5137195 -2.563307 -2.6151836 -2.6787992 -2.713721 -2.6582117 -2.5601999 -2.4805463
-3.0187405 -3.022394 -3.0320547 -3.0349714 -3.0246731 -3.0123533 -3.0087352 -3.0190989 -3.0503549 -3.1221903 -3.1165366 -3.0167842 -2.9675383 -2.9476915 -2.95503 -3.0048534 -3.1118702 -2.9913515 -2.9024286 -2.8393363 -2.7889356 -2.7423903 -2.7342569 -2.7288006 -2.7217898 -2.7186432 -2.7222437 -2.7396302 -2.7942893 -2.8232236 -2.736306 -2.6764661 -2.6246168 -2.5695393 -2.5032635 -2.4497112 -2.4957092 -2.5759391 -2.6563985 -2.7259088 -2.6788721 -2.6296458 -2.5938835 -2.5617341 -2.5236498 -2.4641841 -2.3401179 -2.3911258 -2.4932315 -2.5497977 -2.5991437 -2.659302 -2.7854399 -2.8592608 -2.6619774 -2.5609853 -2.4470938
-3.0093622 -3.0169929 -3.0304044 -3.0304786 -3.0168959 -3.0111801 -3.0154094 -3.0354817 -3.0826633 -3.1392046 -3.0786818 -3.0107001 -2.9677988 -2.9521041 -2.965496 -3.004399 -3.0249888 -2.9596877 -2.8888581 -2.8394024 -2.8042592 -2.7749899 -2.7589303 -2.7505718 -2.7400484 -2.7340214 -2.7349786 -2.746676 -2.7783055 -2.7901408 -2.7284001 -2.6787804 -2.6336314 -2.5793415 -2.4817065 -2.4339788 -2.5478936 -2.6206148 -2.7098238 -2.8501802 -2.7175802 -2.6458033 -2.6088975 -2.5770543 -2.5377477 -2.4787788 -2.4370035 -2.4766599 -2.5348759 -2.5847146 -2.6343073 -2.6968157 -2.7625755 -2.7592954 -2.6561076 -2.5725292 -2.5101664
-3.0048785 -3.0165539 -3.0277279 -3.0233582 -3.0167457 -3.0159682 -3.0266872 -3.0563426 -3.114142 -3.1940895 -3.0884532 -3.0068708 -2.9655736 -2.9541825 -2.979807 -3.0860411 -3.0334448 -2.934655 -2.8797258 -2.8436835 -2.824873 -2.8328978 -2.7973983 -2.77065 -2.7556299 -2.7477858 -2.7469779 -2.7544114 -2.7695866 -2.7540553 -2.7203828 -2.6840045 -2.645807 -2.5988593 -2.5278285 -2.5001496 -2.5910161 -2.6619098 -2.7259254 -2.7404868 -2.700162 -2.6565344 -2.6244806 -2.5946827 -2.5554138 -2.4740867 -2.3773525 -2.5083554 -2.5722661 -2.6183556 -2.6682829 -2.7502201 -2.8982975 -2.7438043 -2.6477721 -2.5674537 -2.4813048
-3.0038502 -3.0209108 -3.0333408 -3.0303625 -3.0244989 -3.0264726 -3.042232 -3.0842698 -3.1844359 -3.1818567 -3.0694268 -2.9976812 -2.9592748 -2.9520337 -2.9773501 -3.0145561 -2.984132 -2.9168705 -2.8747914 -2.8522767 -2.8437425 -2.8339638 -2.8108349 -2.7851793 -2.7689085 -2.7609378 -2.7608566 -2.7671023 -2.7732312 -2.7557356 -2.7242 -2.6937205 -2.6611375 -2.6165132 -2.5551074 -2.5866382 -2.6416213 -2.7084857 -2.8424415 -2.793331 -2.7069542 -2.6685203 -2.6414933 -2.6155052 -2.5819539 -2.5408005 -2.5265674 -2.5649811 -2.6094824 -2.6509165 -2.6999832 -2.7595041 -2.7906068 -2.7216762 -2.6483065 -2.5861355 -2.5307699
-3.0039144 -3.028644 -3.0572961 -3.0478702 -3.0412571 -3.0438685 -3.0619999 -3.1074633 -3.1922001 -3.1821027 -3.054143 -2.9827448 -2.9469448 -2.9445057 -3.0026445 -3.0418456 -2.9461433 -2.8991601 -2.8722727 -2.8654789 -2.897603 -2.871094 -2.8222417 -2.7959679 -2.780315 -2.7738516 -2.7784798 -2.802979 -2.8112392 -2.7659159 -2.7336426 -2.7074387 -2.6816952 -2.6448428 -2.5736458 -2.6220172 -2.6810983 -2.7336791 -2.7834446 -2.7641675 -2.7134561 -2.6824434 -2.6608635 -2.6402344 -2.6072308 -2.5271748 -2.5562329 -2.6102704 -2.6450959 -2.6821439 -2.7348934 -2.8525799 -2.8003221 -2.7070034 -2.6497537 -2.5950838 -2.5864146
-3.0019402 -3.0317793 -3.0733356 -3.0809619 -3.072908 -3.0723928 -3.0891293 -3.1521282 -3.2384317 -3.11065 -3.0210402 -2.960214 -2.9264391 -2.9194813 -2.9436505 -2.9607527 -2.9155571 -2.8854288 -2.8720537 -2.8742387 -2.8889824 -2.8702343 -2.830253 -2.8047055 -2.7902869 -2.7858686 -2.7937467 -2.8253539 -2.84295 -2.779328 -2.7454783 -2.723716 -2.7067344 -2.6953098 -2.689233 -2.6888832 -2.7223452 -2.7928329 -2.8271223 -2.7578637 -2.7205579 -2.6977837 -2.6830083 -2.671892 -2.6586266 -2.6281049 -2.6260416 -2.6518904 -2.6780901 -2.7115485 -2.7576579 -2.7944957 -2.7650808 -2.7035986 -2.6566143 -2.6065115 -2.6017046
-2.9954272 -3.0278092 -3.0710878 -3.1176801 -3.1318226 -3.1273858 -3.1283153 -3.158029 -3.1737713 -3.0704517 -2.9860815 -2.9313544 -2.8978803 -2.8868775 -2.8986818 -2.8945309 -2.8839829 -2.8742727 -2.8756543 -2.8998208 -2.9235574 -2.8735983 -2.8355222 -2.8117815 -2.7990204 -2.7968545 -2.8087321 -2.8344287 -2.8148078 -2.7812168 -2.7565326 -2.7410969 -2.7316973 -2.7206926 -2.71441 -2.725989 -2.7528219 -2.8085149 -2.8340452 -2.765936 -2.7316954 -2.7147971 -2.7074982 -2.7072733 -2.717923 -2.7242636 -2.6912068 -2.6912415 -2.7083633 -2.7395571 -2.7979232 -2.8305537 -2.7492593 -2.7039213 -2.6643405 -2.6328257 -2.6445572
-2.9830524 -3.0114997 -3.0491478 -3.1039772 -3.1344691 -3.1965741 -3.128246 -3.1394985 -3.0695404 -3.0062558 -2.9456696 -2.897249 -2.8601679 -2.8345234 -2.8515325 -2.8621383 -2.8631212 -2.866916 -2.8802801 -2.9170388 -2.9591054 -2.8840692 -2.8405485 -2.8176549 -2.8066737 -2.8065028 -2.819997 -2.8560558 -2.8224319 -2.7864919 -2.7676759 -2.7592883 -2.7622486 -2.7755872 -2.7593434 -2.7562204 -2.7827005 -2.8348382 -2.8072928 -2.7667646 -2.7429042 -2.7326894 -2.7340885 -2.7469863 -2.7565771 -2.7436926 -2.7269664 -2.7221193 -2.7348392 -2.7670981 -2.8165785 -2.793423 -2.747051 -2.7121415 -2.6801835 -2.6430346 -2.6668907
-2.9663336 -2.9888458 -3.0163376 -3.0466254 -3.073751 -3.0867772 -3.0646936 -3.0434882 -3.0021885 -2.9535726 -2.9055316 -2.8605999 -2.8182058 -2.7658621 -2.7694569 -2.8279516 -2.8481283 -2.8632801 -2.8889813 -2.930493 -2.9194479 -2.8758084 -2.8421467 -2.822241 -2.813535 -2.8155952 -2.832298 -2.8403779 -2.8131009 -2.7911046 -2.7788706 -2.7769017 -2.7880045 -2.8244829 -2.7937453 -2.7795558 -2.8027173 -2.8740824 -2.8208608 -2.7729474 -2.7542596 -2.7506429 -2.7615484 -2.7980643 -2.8944428 -2.8156867 -2.7582279 -2.7470286 -2.7569453 -2.7856814 -2.8526236 -2.7988395 -2.7501905 -2.726275 -2.7162598 -2.7081052 -2.7000161
-2.9475334 -2.9639635 -2.9819759 -2.9992844 -3.011814 -3.0133646 -3.0011376 -2.9795701 -2.9485671 -2.9109203 -2.8698396 -2.8246718 -2.7675717 -2.7317083 -2.7767719 -2.8150278 -2.8399479 -2.8617137 -2.8968064 -2.9840415 -2.9458524 -2.874682 -2.8427032 -2.8260169 -2.8201595 -2.824388 -2.8379454 -2.841959 -2.8141361 -2.7968841 -2.7902856 -2.7947771 -2.8121807 -2.8233024 -2.8040382 -2.7956767 -2.8146538 -2.8270308 -2.8004079 -2.7759112 -2.7647739 -2.7678974 -2.7877724 -2.8252846 -2.8662696 -2.823192 -2.7779909 -2.7675876 -2.7771811 -2.8024032 -2.8042573 -2.7783377 -2.7557514 -2.7438129 -2.7341611 -2.7298049 -2.7244054
