Cobbity/QGIS/C2_Reading5.tif
NCOLS 299
NROWS 169
XLLCORNER 150.661
YLLCORNER -34.0268
CELLSIZE 1e-05
NODATA_VALUE -9999
[rows 52 to 77 of 169, columns 180 to 239 of 299]
12.540073 12.53095 12.522321 12.514172 12.506484 12.499243 12.492434 12.486039 12.480047 12.47444 12.469207 12.464333 12.459806 12.455611 12.451737 12.448172 12.444903 12.441919 12.439208 12.436759 12.434561 12.432603 12.430874 12.429364 12.428063 12.42696 12.426046 12.425312 12.424748 12.424346 12.424096 12.423991 12.424022 12.424181 12.424462 12.424857 12.425359 12.425962 12.42666 12.427446 12.428316 12.429263 12.430282 12.43137 12.432521 12.43373 12.434995 12.43631 12.437673 12.43908 12.440527 12.442012 12.443531 12.445082 12.446662 12.44827 12.449901 12.451555 12.453229 12.454921
12.527058 12.517989 12.509427 12.501353 12.49375 12.486602 12.479892 12.473605 12.467725 12.462238 12.457129 12.452384 12.44799 12.443934 12.440202 12.436782 12.433663 12.430831 12.428275 12.425984 12.423946 12.42215 12.420585 12.41924 12.418105 12.417169 12.416423 12.415856 12.415459 12.415223 12.415139 12.415199 12.415393 12.415714 12.416155 12.416709 12.417367 12.418124 12.418974 12.419909 12.420926 12.422017 12.423179 12.424405 12.425693 12.427036 12.428432 12.429876 12.431365 12.432895 12.434462 12.436065 12.4377 12.439364 12.441054 12.442769 12.444506 12.446263 12.448038 12.449829
12.513721 12.504719 12.496233 12.488245 12.480736 12.47369 12.467089 12.460917 12.455158 12.449797 12.444819 12.440211 12.435958 12.432046 12.428463 12.425196 12.422233 12.41956 12.417167 12.41504 12.413169 12.411542 12.410148 12.408975 12.408013 12.40725 12.406678 12.406285 12.406062 12.405998 12.406086 12.406316 12.40668 12.407169 12.407775 12.408492 12.409311 12.410227 12.411233 12.412322 12.41349 12.414729 12.416036 12.417406 12.418833 12.420313 12.421843 12.423418 12.425036 12.426691 12.428382 12.430105 12.431857 12.433635 12.435438 12.437262 12.439106 12.440968 12.442845 12.444735
12.500068 12.491143 12.482744 12.474852 12.467447 12.460511 12.454027 12.447979 12.442349 12.437122 12.432283 12.427818 12.423712 12.419952 12.416524 12.413416 12.410615 12.408108 12.405883 12.403928 12.402231 12.40078 12.399563 12.398569 12.397787 12.397205 12.396813 12.396601 12.396557 12.396674 12.396939 12.397346 12.397885 12.398547 12.399324 12.400209 12.401195 12.402274 12.403441 12.404688 12.406011 12.407402 12.408858 12.410374 12.411944 12.413565 12.415231 12.416941 12.418689 12.420472 12.422288 12.424133 12.426004 12.427899 12.429816 12.431752 12.433704 12.435671 12.437651 12.439643
12.486102 12.477267 12.468966 12.461179 12.453888 12.447072 12.440714 12.434796 12.429302 12.424216 12.419523 12.415207 12.411255 12.407653 12.404387 12.401445 12.398812 12.396477 12.394427 12.39265 12.391133 12.389865 12.388832 12.388024 12.387429 12.387035 12.38683 12.386805 12.386949 12.387251 12.387702 12.388291 12.389011 12.389852 12.390805 12.391865 12.393022 12.394269 12.395601 12.397011 12.398492 12.40004 12.401649 12.403313 12.40503 12.406793 12.4086 12.410446 12.412327 12.414241 12.416184 12.418153 12.420146 12.422159 12.424191 12.42624 12.428302 12.430376 12.432461 12.434554
12.471833 12.463098 12.454906 12.447236 12.440067 12.43338 12.427155 12.421376 12.416026 12.411087 12.406545 12.402385 12.398593 12.395154 12.392055 12.389283 12.386825 12.384668 12.3828 12.381207 12.379878 12.378799 12.377958 12.377342 12.376941 12.376742 12.376732 12.376902 12.377239 12.377734 12.378376 12.379154 12.380061 12.381087 12.382223 12.383461 12.384795 12.386215 12.387717 12.389293 12.390938 12.392645 12.39441 12.396228 12.398094 12.400003 12.401952 12.403937 12.405955 12.408001 12.410073 12.412169 12.414284 12.416418 12.418567 12.420729 12.422903 12.425086 12.427276 12.429473
12.457271 12.448648 12.440576 12.433032 12.425995 12.419444 12.413361 12.407728 12.402526 12.397741 12.393356 12.389356 12.385728 12.382457 12.37953 12.376935 12.374657 12.372684 12.371003 12.369601 12.368465 12.367582 12.36694 12.366525 12.366325 12.366328 12.36652 12.366892 12.36743 12.368125 12.368964 12.369939 12.371039 12.372256 12.37358 12.375003 12.376518 12.378117 12.379793 12.38154 12.383352 12.385223 12.387148 12.389122 12.39114 12.393198 12.395293 12.397419 12.399575 12.401756 12.40396 12.406183 12.408423 12.410679 12.412946 12.415224 12.41751 12.419803 12.4221 12.424401
12.442429 12.433931 12.42599 12.418581 12.411685 12.405278 12.399343 12.39386 12.388813 12.384186 12.379961 12.376126 12.372666 12.369568 12.366817 12.364402 12.362309 12.360525 12.359037 12.357832 12.356896 12.356217 12.35578 12.355573 12.355582 12.355795 12.356197 12.356778 12.357525 12.358427 12.359471 12.360649 12.361949 12.363363 12.36488 12.366494 12.368195 12.369977 12.371833 12.373755 12.375738 12.377776 12.379865 12.381998 12.384172 12.386382 12.388624 12.390895 12.393191 12.395509 12.397846 12.400199 12.402566 12.404944 12.407332 12.409727 12.412126 12.41453 12.416935 12.419341
12.427325 12.418964 12.411163 12.4039 12.397151 12.390896 12.385114 12.379787 12.374898 12.370431 12.366371 12.362703 12.359414 12.35649 12.353919 12.351688 12.349783 12.348193 12.346903 12.345901 12.345172 12.344703 12.34448 12.344488 12.344714 12.345144 12.345765 12.346564 12.347527 12.348643 12.3499 12.351287 12.352794 12.354411 12.356129 12.357938 12.359832 12.361802 12.363841 12.365943 12.368101 12.370311 12.372566 12.374862 12.377194 12.379559 12.381951 12.384369 12.386807 12.389264 12.391736 12.394221 12.396716 12.399219 12.401728 12.40424 12.406755 12.40927 12.411784 12.414296
12.411982 12.403768 12.396119 12.389008 12.382414 12.376315 12.37069 12.365522 12.360794 12.356489 12.352593 12.349093 12.345976 12.343228 12.340838 12.338793 12.337081 12.335688 12.334602 12.333808 12.333293 12.333041 12.333039 12.333271 12.333722 12.334379 12.335226 12.33625 12.337438 12.338777 12.340254 12.341858 12.343579 12.345406 12.347329 12.349341 12.351432 12.353594 12.355822 12.358108 12.360446 12.36283 12.365256 12.367717 12.370211 12.372733 12.375279 12.377845 12.380428 12.383025 12.385634 12.388252 12.390877 12.393506 12.396137 12.398769 12.401399 12.404027 12.40665 12.409269
12.396426 12.388371 12.380881 12.373931 12.367496 12.361556 12.356091 12.351083 12.346515 12.342371 12.33864 12.335306 12.332359 12.329787 12.327578 12.325721 12.324203 12.323011 12.322132 12.321553 12.321257 12.321231 12.321457 12.321921 12.322607 12.323499 12.324582 12.325841 12.327262 12.328832 12.330537 12.332366 12.334308 12.336351 12.338487 12.340706 12.343 12.345361 12.347782 12.350256 12.352777 12.35534 12.357939 12.36057 12.363228 12.365909 12.36861 12.371327 12.374057 12.376797 12.379544 12.382297 12.385052 12.387808 12.390563 12.393315 12.396062 12.398803 12.401537 12.404263
12.380693 12.372806 12.365483 12.358697 12.352425 12.346646 12.34134 12.336489 12.332079 12.328094 12.324521 12.321351 12.318571 12.316171 12.314141 12.312471 12.311147 12.310159 12.309492 12.309132 12.309064 12.30927 12.309734 12.31044 12.31137 12.312507 12.313835 12.315339 12.317002 12.318812 12.320753 12.322815 12.324985 12.327252 12.329607 12.33204 12.334542 12.337106 12.339725 12.342391 12.345099 12.347844 12.35062 12.353423 12.356248 12.359092 12.36195 12.36482 12.367698 12.370583 12.37347 12.376359 12.379246 12.38213 12.38501 12.387882 12.390747 12.393603 12.396448 12.399281
12.364822 12.357112 12.349961 12.343342 12.337233 12.331613 12.326462 12.321765 12.317505 12.313671 12.310252 12.307236 12.304616 12.302383 12.300528 12.299041 12.297913 12.29713 12.296678 12.296543 12.296709 12.297156 12.297868 12.298826 12.30001 12.301403 12.302987 12.304746 12.306662 12.308721 12.310908 12.313211 12.315617 12.318115 12.320695 12.323347 12.326064 12.328836 12.331657 12.33452 12.337419 12.34035 12.343306 12.346283 12.349278 12.352286 12.355304 12.358328 12.361357 12.364387 12.367416 12.370442 12.373462 12.376476 12.37948 12.382475 12.385458 12.388428 12.391385 12.394326
12.348865 12.341337 12.334359 12.327907 12.321957 12.316491 12.311489 12.306936 12.302818 12.299124 12.295844 12.292972 12.290501 12.288425 12.286737 12.28543 12.284493 12.283916 12.283683 12.28378 12.284187 12.284885 12.285855 12.287076 12.288527 12.290188 12.292041 12.294065 12.296244 12.298563 12.301005 12.303558 12.306208 12.308945 12.311757 12.314635 12.317571 12.320556 12.323584 12.326648 12.329742 12.332861 12.336 12.339155 12.342322 12.345496 12.348676 12.351857 12.355037 12.358215 12.361386 12.36455 12.367705 12.370848 12.373979 12.377096 12.380198 12.383284 12.386352 12.389402
12.332883 12.325538 12.318731 12.31244 12.306643 12.301321 12.296456 12.292033 12.288041 12.28447 12.281313 12.278567 12.276229 12.274296 12.272764 12.271628 12.27088 12.270508 12.270498 12.270832 12.27149 12.272451 12.273692 12.275189 12.276921 12.278863 12.280996 12.2833 12.285754 12.288343 12.291051 12.293863 12.296766 12.299748 12.302799 12.30591 12.30907 12.312274 12.315513 12.318782 12.322074 12.325385 12.32871 12.332045 12.335386 12.338729 12.342072 12.345411 12.348745 12.35207 12.355385 12.358689 12.361978 12.365252 12.36851 12.37175 12.374971 12.378172 12.381353 12.384511
12.31695 12.309782 12.303139 12.296999 12.291341 12.286149 12.281404 12.277093 12.273205 12.269733 12.266675 12.264031 12.261803 12.259992 12.2586 12.257625 12.257059 12.256892 12.257108 12.257687 12.258608 12.259844 12.261371 12.263161 12.265188 12.267428 12.269857 12.272453 12.275196 12.278067 12.281051 12.284132 12.287296 12.290532 12.293829 12.297178 12.300569 12.303996 12.307451 12.310928 12.314422 12.317928 12.321441 12.324958 12.328475 12.331989 12.335496 12.338995 12.342483 12.345958 12.349418 12.352861 12.356286 12.359692 12.363077 12.36644 12.369781 12.373097 12.37639 12.379658
12.301152 12.29415 12.287654 12.281647 12.276111 12.271027 12.26638 12.262154 12.258341 12.254938 12.251945 12.249369 12.247219 12.245504 12.244231 12.2434 12.243008 12.243045 12.243492 12.244328 12.245524 12.247053 12.248884 12.250985 12.253327 12.255883 12.258624 12.261529 12.264574 12.267741 12.271012 12.274372 12.277806 12.281304 12.284854 12.288447 12.292074 12.295729 12.299404 12.303093 12.306792 12.310496 12.3142 12.317901 12.321596 12.325282 12.328956 12.332615 12.336259 12.339884 12.343489 12.347073 12.350634 12.354171 12.357684 12.36117 12.36463 12.368063 12.371468 12.374845
12.285593 12.278733 12.272359 12.266459 12.261018 12.256018 12.251438 12.247265 12.24349 12.240111 12.237138 12.234585 12.23247 12.230814 12.229629 12.228924 12.228697 12.228936 12.229623 12.230728 12.23222 12.234063 12.236221 12.238656 12.241336 12.244227 12.247301 12.250531 12.253895 12.257371 12.260942 12.264591 12.268305 12.272073 12.275883 12.279726 12.283595 12.287481 12.29138 12.295285 12.299192 12.303095 12.306993 12.31088 12.314755 12.318614 12.322455 12.326276 12.330076 12.333852 12.337603 12.341328 12.345025 12.348694 12.352334 12.355944 12.359524 12.363073 12.36659 12.370075
12.270395 12.263633 12.257342 12.251515 12.246138 12.241189 12.236643 12.232481 12.228693 12.225284 12.222269 12.219676 12.217539 12.215891 12.214756 12.214152 12.214078 12.214523 12.21546 12.216856 12.218669 12.220855 12.223368 12.226167 12.22921 12.232462 12.235891 12.239467 12.243165 12.246965 12.250848 12.254799 12.258802 12.262847 12.266924 12.271024 12.275138 12.279262 12.283388 12.287511 12.291628 12.295734 12.299827 12.303902 12.307958 12.311991 12.316001 12.319984 12.32394 12.327867 12.331765 12.335631 12.339465 12.343266 12.347033 12.350767 12.354466 12.35813 12.361759 12.365353
12.255693 12.248965 12.2427 12.236902 12.231553 12.22662 12.222068 12.217868 12.214006 12.21049 12.207351 12.204634 12.202394 12.200686 12.199552 12.199017 12.199086 12.199743 12.200952 12.202668 12.204838 12.207404 12.210311 12.213508 12.216948 12.22059 12.224398 12.228341 12.232394 12.236534 12.240743 12.245005 12.249307 12.253638 12.257988 12.262349 12.266715 12.271078 12.275435 12.27978 12.28411 12.28842 12.292709 12.296973 12.301211 12.30542 12.309598 12.313744 12.317857 12.321936 12.325979 12.329986 12.333957 12.33789 12.341785 12.345641 12.34946 12.353239 12.35698 12.360681
12.241637 12.234842 12.228528 12.222707 12.217349 12.212402 12.207805 12.20351 12.199494 12.195773 12.192394 12.189434 12.186981 12.185122 12.183923 12.183423 12.183627 12.184512 12.186027 12.188109 12.190685 12.193683 12.197033 12.200673 12.204549 12.208614 12.21283 12.217165 12.221591 12.226088 12.230636 12.235221 12.239831 12.244455 12.249085 12.253713 12.258334 12.262941 12.267531 12.2721 12.276644 12.28116 12.285647 12.290101 12.294521 12.298906 12.303253 12.307562 12.311833 12.316063 12.320252 12.3244 12.328506 12.332571 12.336593 12.340572 12.344509 12.348403 12.352255 12.356064
12.228375 12.221365 12.214905 12.209008 12.203619 12.198642 12.193968 12.189515 12.185245 12.181181 12.177402 12.174031 12.171211 12.169075 12.167728 12.167223 12.167566 12.168714 12.170592 12.173108 12.176163 12.179661 12.183516 12.187654 12.192012 12.19654 12.201197 12.205949 12.21077 12.21564 12.220542 12.225461 12.230388 12.235312 12.240227 12.245127 12.250006 12.25486 12.259686 12.26448 12.26924 12.273963 12.278648 12.283292 12.287895 12.292456 12.296972 12.301445 12.305872 12.310253 12.314588 12.318876 12.323118 12.327313 12.331462 12.335563 12.339618 12.343626 12.347588 12.351503
12.216027 12.208587 12.201865 12.195861 12.190456 12.185469 12.18071 12.176035 12.17138 12.166781 12.162369 12.158344 12.154934 12.152351 12.150749 12.150205 12.15071 12.15219 12.154525 12.15758 12.161215 12.165306 12.169746 12.174449 12.179345 12.18438 12.189512 12.194709 12.199948 12.205208 12.210476 12.21574 12.22099 12.226221 12.231427 12.236602 12.241742 12.246845 12.251908 12.256929 12.261905 12.266836 12.271719 12.276554 12.28134 12.286077 12.290762 12.295397 12.29998 12.304512 12.308992 12.31342 12.317797 12.322122 12.326396 12.330619 12.334791 12.338912 12.342983 12.347004
12.204623 12.196455 12.189357 12.183272 12.17795 12.173052 12.168246 12.163288 12.158073 12.152661 12.147269 12.142227 12.137904 12.134635 12.132651 12.132048 12.132786 12.134725 12.137672 12.14142 12.145778 12.150586 12.155714 12.161063 12.16656 12.17215 12.177795 12.183466 12.189143 12.19481 12.200456 12.206073 12.211655 12.217198 12.222697 12.22815 12.233554 12.238907 12.244209 12.249457 12.25465 12.259788 12.26487 12.269895 12.274864 12.279775 12.284629 12.289425 12.294164 12.298845 12.30347 12.308037 12.312547 12.317002 12.3214 12.325743 12.330031 12.334264 12.338444 12.34257
12.193983 12.184682 12.177148 12.171159 12.166189 12.161623 12.156899 12.151612 12.145591 12.138945 12.132041 12.125425 12.119704 12.115415 12.112903 12.112272 12.113403 12.116033 12.11984 12.124515 12.129797 12.135481 12.141421 12.147511 12.153679 12.159877 12.166073 12.172245 12.178379 12.184467 12.190502 12.19648 12.202399 12.208257 12.214053 12.219785 12.225454 12.231058 12.236598 12.242073 12.247482 12.252827 12.258107 12.263322 12.268472 12.273557 12.278578 12.283535 12.288429 12.293259 12.298026 12.302731 12.307374 12.311956 12.316478 12.32094 12.325343 12.329687 12.333973 12.338203
12.18345 12.172505 12.164683 12.159298 12.155269 12.151531 12.147174 12.141538 12.13435 12.125811 12.116547 12.107476 12.099612 12.093828 12.090647 12.090142 12.092008 12.095742 12.100809 12.106752 12.113226 12.119991 12.126891 12.133827 12.14074 12.147597 12.154379 12.161077 12.167686 12.174206 12.180637 12.186982 12.193241 12.199416 12.205509 12.211521 12.217454 12.223309 12.229086 12.234787 12.240412 12.245963 12.251439 12.256842 12.262172 12.267431 12.272617 12.277734 12.28278 12.287757 12.292666 12.297507 12.302282 12.306991 12.311634 12.316214 12.32073 12.325184 12.329576 12.333908
