Cobbity/QGIS/C2_Reading5.tif
NCOLS 299
NROWS 169
XLLCORNER 150.661
YLLCORNER -34.0268
CELLSIZE 1e-05
NODATA_VALUE -9999
[rows 0 to 25 of 169, columns 120 to 179 of 299]
13.322015 13.315756 13.309365 13.302847 13.296206 13.289445 13.28257 13.275585 13.268494 13.261303 13.254016 13.246639 13.239176 13.231632 13.224014 13.216327 13.208576 13.200766 13.192903 13.184993 13.177041 13.169052 13.161033 13.152988 13.144923 13.136844 13.128755 13.120663 13.112571 13.104486 13.096412 13.088354 13.080317 13.072306 13.064324 13.056378 13.04847 13.040604 13.032786 13.025019 13.017306 13.009651 13.002058 12.99453 12.98707 12.97968 12.972364 12.965125 12.957965 12.950886 12.94389 12.936981 12.930158 12.923425 12.916784 12.910234 12.903779 12.897418 12.891154 12.884987
13.328223 13.321842 13.315325 13.308676 13.301899 13.294999 13.28798 13.280848 13.273606 13.266261 13.258816 13.251278 13.243652 13.235943 13.228158 13.2203 13.212378 13.204395 13.196358 13.188272 13.180144 13.171979 13.163783 13.155561 13.14732 13.139064 13.130799 13.122532 13.114266 13.106008 13.097762 13.089534 13.081329 13.073151 13.065005 13.056896 13.048829 13.040806 13.032833 13.024914 13.017051 13.00925 13.001514 12.993845 12.986247 12.978724 12.971278 12.963911 12.956627 12.949427 12.942314 12.935291 12.928358 12.921519 12.914773 12.908124 12.901572 12.895119 12.888765 12.882513
13.334595 13.328088 13.321441 13.314657 13.307741 13.300697 13.29353 13.286245 13.278847 13.271342 13.263735 13.256031 13.248236 13.240357 13.232397 13.224365 13.216265 13.208103 13.199886 13.191619 13.183309 13.174962 13.166583 13.158179 13.149755 13.141317 13.132871 13.124422 13.115977 13.107541 13.099119 13.090716 13.082337 13.073988 13.065673 13.057397 13.049165 13.040981 13.032849 13.024773 13.016758 13.008806 13.000923 12.99311 12.985372 12.977712 12.970132 12.962635 12.955224 12.947901 12.940669 12.933529 12.926484 12.919536 12.912686 12.905935 12.899286 12.892738 12.886294 12.879954
13.341137 13.334502 13.32772 13.320797 13.313736 13.306543 13.299223 13.291781 13.284222 13.276552 13.268777 13.260901 13.252932 13.244876 13.236737 13.228523 13.22024 13.211893 13.20349 13.195036 13.186538 13.178003 13.169435 13.160842 13.152229 13.143603 13.13497 13.126336 13.117705 13.109085 13.100481 13.091897 13.08334 13.074815 13.066326 13.057879 13.049477 13.041127 13.032831 13.024596 13.016423 13.008318 13.000283 12.992324 12.984442 12.976641 12.968924 12.961294 12.953754 12.946305 12.938951 12.931693 12.924534 12.917475 12.910518 12.903664 12.896915 12.890272 12.883736 12.877308
13.347857 13.341088 13.334168 13.3271 13.319891 13.312544 13.305066 13.297461 13.289736 13.281895 13.273946 13.265893 13.257744 13.249504 13.24118 13.232778 13.224305 13.215768 13.207172 13.198525 13.189833 13.181102 13.172339 13.163551 13.154744 13.145924 13.137098 13.128271 13.11945 13.11064 13.101848 13.093078 13.084338 13.075631 13.066963 13.058339 13.049764 13.041242 13.032779 13.024379 13.016045 13.007781 12.999593 12.991482 12.983453 12.975508 12.967652 12.959886 12.952213 12.944636 12.937158 12.92978 12.922504 12.915332 12.908267 12.901308 12.894458 12.887719 12.881089 12.874572
13.35476 13.347854 13.34079 13.333574 13.326211 13.318706 13.311064 13.303291 13.295393 13.287377 13.279247 13.271011 13.262675 13.254246 13.24573 13.237134 13.228465 13.219729 13.210935 13.202087 13.193194 13.184262 13.175298 13.166308 13.1573 13.14828 13.139254 13.130229 13.12121 13.112205 13.103219 13.094258 13.085328 13.076434 13.067581 13.058776 13.050022 13.041325 13.03269 13.02412 13.015621 13.007195 12.998848 12.990583 12.982403 12.974311 12.966312 12.958407 12.950599 12.942892 12.935286 12.927785 12.920391 12.913105 12.905929 12.898864 12.891912 12.885074 12.878351 12.871743
13.361854 13.354806 13.347595 13.340226 13.332703 13.325034 13.317223 13.309276 13.3012 13.293001 13.284685 13.276259 13.26773 13.259104 13.25039 13.241593 13.232721 13.223781 13.21478 13.205725 13.196624 13.187484 13.178312 13.169114 13.159898 13.15067 13.141438 13.132208 13.122986 13.113779 13.104594 13.095435 13.08631 13.077223 13.068181 13.059189 13.050251 13.041374 13.032561 13.023818 13.015148 13.006557 12.998047 12.989624 12.981289 12.973047 12.964902 12.956854 12.948909 12.941068 12.933333 12.925707 12.918192 12.91079 12.903501 12.896328 12.889273 12.882335 12.875516 12.868817
13.369146 13.361952 13.354588 13.347061 13.339374 13.331535 13.323549 13.315422 13.307161 13.298773 13.290264 13.281641 13.272912 13.264084 13.255163 13.246158 13.237076 13.227924 13.21871 13.209441 13.200125 13.19077 13.181382 13.171968 13.162538 13.153096 13.143651 13.134209 13.124778 13.115363 13.105971 13.096609 13.087282 13.077997 13.06876 13.059575 13.050448 13.041385 13.032391 13.023469 13.014625 13.005863 12.997187 12.988601 12.980109 12.971713 12.963418 12.955225 12.947139 12.939162 12.931295 12.923542 12.915904 12.908383 12.90098 12.893698 12.886537 12.879499 12.872583 12.865792
13.376645 13.3693 13.361778 13.354087 13.34623 13.338215 13.330048 13.321735 13.313283 13.304699 13.29599 13.287164 13.278228 13.269189 13.260055 13.250834 13.241534 13.232163 13.222728 13.213237 13.203699 13.19412 13.184509 13.174873 13.16522 13.155558 13.145892 13.136232 13.126584 13.116954 13.10735 13.097777 13.088243 13.078754 13.069315 13.059932 13.050612 13.041358 13.032176 13.023071 13.014048 13.005111 12.996265 12.987512 12.978858 12.970305 12.961857 12.953516 12.945286 12.93717 12.929169 12.921286 12.913523 12.905881 12.898363 12.890969 12.883702 12.876561 12.869548 12.862664
13.384358 13.376857 13.369173 13.361312 13.353279 13.345082 13.336728 13.328221 13.319571 13.310785 13.301869 13.292831 13.28368 13.274423 13.265069 13.255624 13.246099 13.2365 13.226836 13.217116 13.207347 13.197537 13.187695 13.177829 13.167946 13.158055 13.148162 13.138276 13.128404 13.118552 13.108729 13.09894 13.089192 13.079492 13.069846 13.060259 13.050738 13.041288 13.031914 13.022622 13.013415 13.004298 12.995277 12.986354 12.977534 12.96882 12.960215 12.951723 12.943347 12.935088 12.926951 12.918935 12.911045 12.903281 12.895645 12.888139 12.880763 12.873519 12.866407 12.859429
13.392295 13.384632 13.37678 13.368743 13.360529 13.352144 13.343594 13.334888 13.326033 13.317036 13.307905 13.298649 13.289275 13.279792 13.270208 13.260532 13.250773 13.240938 13.231038 13.221079 13.211071 13.201023 13.190942 13.180837 13.170717 13.160589 13.150461 13.140342 13.130238 13.120157 13.110107 13.100095 13.090127 13.08021 13.07035 13.060554 13.050827 13.041175 13.031603 13.022117 13.012722 13.003421 12.99422 12.985123 12.976133 12.967254 12.95849 12.949843 12.941317 12.932914 12.924636 12.916487 12.908467 12.900579 12.892823 12.885202 12.877717 12.870368 12.863157 12.856083
13.400464 13.392635 13.384608 13.37639 13.367987 13.359407 13.350656 13.341742 13.332674 13.323459 13.314105 13.304622 13.295017 13.285299 13.275478 13.265562 13.25556 13.245481 13.235335 13.225129 13.214874 13.204578 13.19425 13.183898 13.173532 13.163159 13.152788 13.142427 13.132085 13.121768 13.111484 13.101241 13.091045 13.080904 13.070825 13.060812 13.050873 13.041014 13.031239 13.021555 13.011965 13.002476 12.993091 12.983815 12.974651 12.965604 12.956676 12.947872 12.939193 12.930642 12.922223 12.913936 12.905784 12.89777 12.889893 12.882156 12.87456 12.867106 12.859793 12.852624
13.408876 13.400874 13.392667 13.38426 13.375662 13.366879 13.35792 13.348791 13.339502 13.330061 13.320476 13.310757 13.300912 13.290951 13.280883 13.270718 13.260464 13.250132 13.239731 13.229269 13.218758 13.208205 13.19762 13.187013 13.176392 13.165766 13.155144 13.144533 13.133944 13.123382 13.112857 13.102376 13.091946 13.081574 13.071268 13.061033 13.050876 13.040803 13.030819 13.020931 13.011143 13.00146 12.991887 12.982427 12.973086 12.963866 12.954771 12.945805 12.93697 12.928269 12.919705 12.911279 12.902994 12.894851 12.886851 12.878997 12.871288 12.863727 12.856313 12.849046
13.41754 13.40936 13.400965 13.392364 13.383563 13.374571 13.365394 13.356042 13.346524 13.336848 13.327023 13.317059 13.306965 13.296752 13.286428 13.276004 13.265489 13.254894 13.244228 13.233501 13.222724 13.211905 13.201055 13.190183 13.179298 13.16841 13.157527 13.146659 13.135814 13.125 13.114226 13.103499 13.092827 13.082217 13.071677 13.061213 13.050831 13.040539 13.030341 13.020243 13.010251 13.000369 12.990602 12.980955 12.971432 12.962035 12.95277 12.943639 12.934645 12.925791 12.917079 12.908512 12.90009 12.891817 12.883693 12.875719 12.867897 12.860227 12.852711 12.845347
13.426467 13.418102 13.409514 13.400711 13.3917 13.38249 13.373088 13.363505 13.353748 13.343828 13.333754 13.323536 13.313183 13.302707 13.292118 13.281425 13.270639 13.259771 13.24883 13.237828 13.226775 13.215681 13.204555 13.193408 13.18225 13.171091 13.159939 13.148803 13.137694 13.126619 13.115588 13.104607 13.093685 13.08283 13.072049 13.061349 13.050737 13.040218 13.029799 13.019486 13.009285 12.999199 12.989234 12.979395 12.969685 12.960108 12.950669 12.94137 12.932214 12.923203 12.914341 12.905629 12.89707 12.888664 12.880414 12.872319 12.864383 12.856604 12.848983 12.841521
13.435669 13.427112 13.418324 13.409311 13.400082 13.390645 13.38101 13.371186 13.361182 13.351008 13.340675 13.330193 13.319572 13.308823 13.297957 13.286985 13.275918 13.264766 13.253541 13.242253 13.230913 13.219533 13.208122 13.19669 13.185249 13.173808 13.162377 13.150966 13.139584 13.128239 13.116941 13.105699 13.09452 13.083412 13.072382 13.061439 13.050589 13.039837 13.029192 13.018658 13.008241 12.997946 12.987778 12.977742 12.967841 12.958081 12.948463 12.938992 12.92967 12.920501 12.911486 12.902628 12.893928 12.885388 12.877009 12.868793 12.86074 12.852851 12.845126 12.837566
13.445157 13.436402 13.427406 13.418175 13.40872 13.399048 13.38917 13.379096 13.368835 13.358397 13.347795 13.337038 13.326138 13.315105 13.303952 13.29269 13.28133 13.269883 13.258362 13.246778 13.235141 13.223463 13.211756 13.20003 13.188295 13.176563 13.164843 13.153146 13.141481 13.129858 13.118285 13.106772 13.095327 13.083958 13.072673 13.061479 13.050383 13.039393 13.028514 13.017753 13.007115 12.996606 12.98623 12.975992 12.965896 12.955947 12.946147 12.936501 12.927011 12.917679 12.908509 12.899501 12.890659 12.881983 12.873475 12.865135 12.856965 12.848965 12.841135 12.833475
13.454945 13.445984 13.436771 13.427315 13.417624 13.407709 13.397578 13.387244 13.376715 13.366004 13.355121 13.344078 13.332887 13.32156 13.310108 13.298544 13.28688 13.275127 13.263298 13.251406 13.23946 13.227475 13.21546 13.203428 13.191389 13.179355 13.167336 13.155343 13.143385 13.131474 13.119617 13.107824 13.096104 13.084466 13.072917 13.061465 13.050118 13.038881 13.027763 13.016768 13.005903 12.995174 12.984585 12.97414 12.963845 12.953703 12.943717 12.933892 12.92423 12.914733 12.905405 12.896246 12.887259 12.878445 12.869806 12.861341 12.853053 12.84494 12.837005 12.829245
13.465045 13.455871 13.446434 13.436743 13.426807 13.416638 13.406245 13.395639 13.384832 13.373836 13.362661 13.351321 13.339828 13.328193 13.316431 13.304553 13.292572 13.280501 13.268353 13.25614 13.243874 13.231568 13.219234 13.206885 13.19453 13.182183 13.169855 13.157555 13.145295 13.133085 13.120934 13.108853 13.09685 13.084933 13.073112 13.061394 13.049787 13.038298 13.026933 13.015698 13.004601 12.993645 12.982837 12.972182 12.961682 12.951343 12.941168 12.93116 12.921323 12.911658 12.902169 12.892856 12.883723 12.874769 12.865997 12.857406 12.848998 12.840773 12.832731 12.824871
13.475472 13.466076 13.456406 13.446471 13.436281 13.425847 13.415181 13.404293 13.393197 13.381903 13.370425 13.358775 13.346967 13.335013 13.322927 13.310722 13.298412 13.28601 13.273529 13.260983 13.248384 13.235746 13.223081 13.210401 13.19772 13.185048 13.172398 13.159781 13.147208 13.134689 13.122235 13.109855 13.097559 13.085356 13.073254 13.061262 13.049388 13.037638 13.026019 13.014539 13.003202 12.992015 12.980983 12.970111 12.959403 12.948862 12.938494 12.9283 12.918284 12.908448 12.898795 12.889327 12.880045 12.87095 12.862043 12.853325 12.844797 12.836458 12.828308 12.820348
13.48624 13.476614 13.466701 13.456512 13.446058 13.435349 13.424399 13.413217 13.401819 13.390215 13.378421 13.366448 13.354312 13.342025 13.329603 13.317058 13.304405 13.291658 13.278831 13.265938 13.252993 13.24001 13.227 13.213979 13.200958 13.187949 13.174966 13.16202 13.149123 13.136284 13.123516 13.110828 13.09823 13.085731 13.07334 13.061065 13.048915 13.036897 13.025018 13.013285 13.001703 12.990279 12.979017 12.967923 12.957001 12.946255 12.935689 12.925305 12.915108 12.905098 12.895279 12.885652 12.876219 12.866981 12.857938 12.849092 12.840442 12.831989 12.823733 12.815672
13.497366 13.4875 13.477335 13.466882 13.456152 13.445157 13.43391 13.422423 13.410709 13.398783 13.386659 13.37435 13.361872 13.349238 13.336464 13.323565 13.310555 13.29745 13.284263 13.27101 13.257704 13.244361 13.230994 13.217617 13.204244 13.190886 13.177558 13.164271 13.151037 13.137868 13.124775 13.111768 13.098858 13.086053 13.073364 13.060798 13.048365 13.036071 13.023924 13.011931 13.000097 12.98843 12.976933 12.965612 12.954472 12.943516 12.932748 12.922171 12.911788 12.901602 12.891614 12.881827 12.872241 12.862858 12.853678 12.844702 12.835931 12.827363 12.818998 12.810837
13.508865 13.498751 13.488324 13.477596 13.466578 13.455285 13.443728 13.431922 13.41988 13.407617 13.395149 13.38249 13.369654 13.356659 13.34352 13.330251 13.316869 13.30339 13.289828 13.2762 13.262519 13.248803 13.235064 13.221318 13.207578 13.193858 13.180172 13.166531 13.15295 13.139438 13.126009 13.112673 13.09944 13.08632 13.073323 13.060457 13.047732 13.035154 13.022732 13.010471 12.99838 12.986462 12.974725 12.963172 12.951808 12.940638 12.929664 12.91889 12.908319 12.897953 12.887794 12.877844 12.868104 12.858574 12.849256 12.84015 12.831255 12.822572 12.8141 12.805838
13.520757 13.510383 13.499683 13.488668 13.477351 13.465746 13.453867 13.441727 13.429343 13.41673 13.403902 13.390877 13.377669 13.364297 13.350776 13.337122 13.323352 13.309483 13.295531 13.281512 13.267442 13.253336 13.239211 13.225081 13.210961 13.196865 13.182806 13.1688 13.154858 13.140992 13.127215 13.113538 13.099971 13.086526 13.073211 13.060037 13.04701 13.034141 13.021435 13.008901 12.996544 12.984371 12.972387 12.960596 12.949005 12.937615 12.926432 12.915457 12.904695 12.894146 12.883813 12.873698 12.863801 12.854124 12.844666 12.835429 12.826411 12.817612 12.809032 12.800669
13.533059 13.522415 13.51143 13.500116 13.488487 13.476557 13.464341 13.451854 13.439112 13.426132 13.412929 13.399522 13.385926 13.37216 13.35824 13.344184 13.33001 13.315735 13.301376 13.28695 13.272473 13.257963 13.243436 13.228907 13.214391 13.199904 13.185461 13.171074 13.156758 13.142525 13.128389 13.114359 13.100448 13.086667 13.073025 13.059531 13.046196 13.033026 13.020029 13.007213 12.994584 12.982149 12.969912 12.957879 12.946054 12.934441 12.923044 12.911865 12.900908 12.890174 12.879665 12.869383 12.859328 12.849501 12.839903 12.830533 12.821391 12.812477 12.803789 12.795326
13.545792 13.534867 13.523584 13.511958 13.500003 13.487733 13.475166 13.462316 13.4492 13.435837 13.422242 13.408436 13.394434 13.380257 13.365921 13.351446 13.33685 13.322151 13.307367 13.292517 13.277617 13.262686 13.24774 13.232796 13.21787 13.202977 13.188133 13.173352 13.158649 13.144036 13.129527 13.115133 13.100866 13.086738 13.072758 13.058936 13.045281 13.031802 13.018507 13.005402 12.992494 12.97979 12.967295 12.955013 12.94295 12.931109 12.919494 12.908108 12.896952 12.88603 12.875343 12.864891 12.854677 12.844699 12.83496 12.825457 12.816191 12.807161 12.798365 12.789803
