Cobbity/QGIS/C2_Reading6.tif
NCOLS 299
NROWS 169
XLLCORNER 150.661
YLLCORNER -34.0268
CELLSIZE 1e-05
NODATA_VALUE -9999
[rows 108 to 134 of 169, columns 120 to 179 of 299]
7.5795979 7.7296306 7.5556416 7.4127246 7.3524747 7.300479 7.2470184 7.1921359 7.1374392 7.1234698 7.1142757 7.0705623 6.9956965 6.8795006 6.6816675 6.4593062 6.5739404 6.6080885 6.5297802 6.3306119 5.932791 6.2053431 6.4341265 6.5045359 6.5035361 6.4462763 6.3034567 6.0064224 6.1717418 6.2881432 6.2588104 6.1312466 5.9022681 5.853946 6.0219774 6.1372459 6.1409642 6.0481364 5.9668715 6.0437204 6.1737796 6.2310665 6.2208267 6.1420696 5.9966438 5.9509508 6.1667663 6.2744977 6.3044477 6.2733711 6.1573032 5.8145956 5.9629101 6.066907 6.1143757 6.2881921 6.3899423 6.4443696 6.4537887 6.4110559
7.6162453 7.8981822 7.6622344 7.444837 7.3479491 7.2802728 7.2233949 7.1891382 7.1909487 7.1495562 7.1134657 7.0660838 6.9956583 6.8871037 6.6751962 6.3030058 6.5715246 6.608472 6.4875654 6.2426721 6.129999 6.3071559 6.4453882 6.5015915 6.4987619 6.4545887 6.3936171 6.3435818 6.3214002 6.3129523 6.2487716 6.0966895 5.7207153 5.7149197 6.0492572 6.1392493 6.0998853 5.8396993 5.6845241 6.048367 6.1807589 6.2164749 6.17662 6.0187307 5.7202572 5.9225238 6.1516731 6.2572924 6.2884391 6.2623269 6.1787335 6.0439338 6.0576686 5.977351 5.9949861 6.2517283 6.3763146 6.4412695 6.4568234 6.3990744
7.6118632 7.6369907 7.535225 7.4151652 7.3244193 7.2476831 7.1748891 7.141744 7.1621056 7.1381083 7.1096306 7.0705102 7.0148193 6.9367052 6.8603524 6.7688946 6.7011847 6.6207212 6.4464144 6.0629426 5.8457433 6.3028123 6.4554968 6.5027022 6.4945 6.4511214 6.4056093 6.3957374 6.3689183 6.3237172 6.2365392 6.0851898 5.9141465 5.9517505 6.0904657 6.1448608 6.093493 5.9158535 5.8370403 6.079299 6.1882195 6.2057146 6.1496691 5.9638123 5.4729186 5.8379903 6.1445407 6.2519466 6.2816084 6.2582881 6.1837269 6.1184302 6.1141935 5.9997926 6.098166 6.2638175 6.3818164 6.4521921 6.4741384 6.446818
7.6855729 7.6864581 7.4786859 7.3739492 7.2924217 7.20797 7.079231 6.9127452 7.0556998 7.1108303 7.1070489 7.0855021 7.0556172 7.0110398 6.9236806 6.8880367 6.7782962 6.6280285 6.4024843 6.1461316 6.1796366 6.3620475 6.4730221 6.5079648 6.4882512 6.4169049 6.3461254 6.3722476 6.3698815 6.3171915 6.2135066 6.0255907 5.6262098 5.907579 6.112524 6.1523623 6.0629018 5.903409 6.0279891 6.1463656 6.2025415 6.1982507 6.1372508 6.0253431 5.9600424 6.04524 6.1804071 6.2591558 6.2816303 6.2565222 6.1957938 6.148676 6.1080667 5.8900647 6.0783341 6.2794547 6.401643 6.47892 6.4977339 6.4263235
7.5123765 7.4970261 7.4098468 7.3324838 7.2631961 7.1843341 7.0642638 6.9061845 7.0380897 7.1033853 7.113311 7.1121871 7.1220269 7.1795872 7.2114705 7.0063116 6.82393 6.6293964 6.3226998 5.6441184 6.0913863 6.3980162 6.4955709 6.5202993 6.4930501 6.3707539 6.1 6.3239174 6.3625973 6.3007438 6.1758226 5.9907511 5.8860385 6.0068648 6.1429016 6.1758998 6.0654627 5.7824722 6.0525107 6.1853866 6.2137675 6.1856362 6.1062961 5.9820632 5.9353015 6.0957844 6.2080026 6.2721334 6.2875289 6.2464381 6.1404526 6.1400587 6.0709203 5.9556211 6.1393255 6.3084654 6.4345424 6.5293947 6.5782438 6.5192092
7.5789789 7.4247825 7.3498608 7.2954289 7.2427479 7.1763714 7.0839116 7.0596533 7.09296 7.116525 7.1285922 7.1479855 7.1976627 7.3362733 7.5502234 7.1148403 6.8540864 6.6371415 6.3873502 6.2032165 6.3007925 6.4550484 6.5235919 6.5412042 6.5299239 6.4914517 6.3977323 6.3936553 6.3676216 6.2800871 6.118342 5.7549008 5.5483961 6.0160834 6.1784322 6.2227166 6.1979589 6.1567893 6.1887631 6.2278263 6.2209642 6.162656 6.029901 5.8162971 5.894067 6.0964983 6.2236018 6.2895771 6.3060794 6.2618088 6.0901276 6.1233401 6.0337369 5.8158111 6.1491961 6.3417881 6.4769908 6.6019155 6.7764184 6.8503093
7.4054614 7.3451379 7.2983166 7.2659857 7.2368765 7.1948063 7.0801885 7.0651442 7.1223086 7.1326794 7.1472833 7.1901432 7.3005187 7.473689 7.3407972 7.0865534 6.8559108 6.6385284 6.3225785 6.1667393 6.4208889 6.5138529 6.5527549 6.5634385 6.5726222 6.662268 6.5883195 6.458209 6.373554 6.2559253 6.0703255 5.8424153 5.8188441 6.0713559 6.2266875 6.2724073 6.2050369 6.2497638 6.2698712 6.2624107 6.2236276 6.1362071 5.9537825 5.4584133 5.6913717 6.0896095 6.2424781 6.3151856 6.3419523 6.337656 6.3008789 6.2092325 6.0281836 6.0111665 6.2174193 6.3853737 6.5229944 6.6575686 6.8213743 6.8880214
7.2054801 7.2509754 7.2493847 7.2434113 7.2488382 7.2840125 7.291905 7.198913 7.1573463 7.1451644 7.1625042 7.2289426 7.3943463 7.8339913 7.4401282 7.0663078 6.8402705 6.644524 6.476503 6.4248406 6.5071573 6.558152 6.5763753 6.5780902 6.5798695 6.5993766 6.5605056 6.4688918 6.3694801 6.2270953 5.957081 5.3904824 5.7869703 6.1340401 6.3009051 6.387465 6.3618393 6.3382911 6.3213454 6.2854017 6.2206697 6.1030861 5.9072354 5.7977196 5.9369904 6.1428762 6.2754421 6.3510559 6.3890137 6.3943582 6.3866577 6.2606129 5.9621675 5.9528221 6.2652737 6.433257 6.5716308 6.7203043 6.8727371 6.8314201
7.1464699 7.1887847 7.2083685 7.2242222 7.2618436 7.3916029 7.5820622 7.287369 7.1754581 7.1453375 7.1663691 7.2668929 7.4922207 7.5173941 7.2722257 7.0150749 6.8066129 6.5869498 6.3526966 6.4985248 6.5659103 6.5893575 6.5923873 6.5850686 6.5808662 6.5841393 6.5355139 6.4615861 6.3607549 6.2096643 5.9684925 5.6516721 5.8982986 6.2063631 6.3974728 6.6358082 6.6374929 6.4387213 6.3623912 6.3000775 6.2138598 6.0652107 5.7139642 5.5104986 5.9919899 6.1971057 6.3167879 6.3968644 6.4624016 6.5110924 6.4351387 6.3018495 6.1618221 6.1990241 6.3433386 6.4850465 6.6199343 6.7682722 6.9535925 6.8609892
7.0667585 7.1401599 7.1731245 7.203911 7.2642778 7.3518445 7.3597524 7.2455244 7.1581616 7.1247596 7.144499 7.2640945 7.7105315 7.7028626 7.1926798 6.9540354 6.7668307 6.5883752 6.4528143 6.5409712 6.5973445 6.6087871 6.6014589 6.5852815 6.5749531 6.5796682 6.5270162 6.4546561 6.3535579 6.1888487 5.8591673 5.7061353 6.0633281 6.2975854 6.4797586 6.6278313 6.6165875 6.4754396 6.385513 6.3070298 6.2040013 6.042158 5.8502867 5.8568558 6.0765709 6.2482059 6.3607054 6.4449834 6.5417918 6.7812211 6.5495017 6.3104414 6.0351469 6.2128618 6.3966193 6.5352747 6.6767092 6.8286735 6.8722299 6.8252052
7.0261864 7.1043032 7.1399294 7.1743628 7.2727523 7.5621099 7.3565566 7.1909771 7.1173004 7.0818311 7.0879371 7.1600272 7.272214 7.2524081 7.0649432 6.8899493 6.7085689 6.4606894 6.4988521 6.5927014 6.6211659 6.6213659 6.6063167 6.578855 6.5394885 6.5348624 6.5104399 6.4483433 6.3534898 6.203409 5.8994991 5.7477892 6.1492747 6.3858314 6.6522889 6.8538199 6.6245014 6.4844335 6.3938264 6.3076378 6.1913176 5.9706192 5.4661535 5.8289746 6.1415183 6.2993521 6.406342 6.4921531 6.572468 6.6071936 6.4953316 6.2837277 6.1444407 6.284146 6.4436321 6.5811021 6.7318135 6.9922695 7.0061108 6.8380879
7.029475 7.0809886 7.1070704 7.1191065 7.1442436 7.2632107 7.2151673 7.1225081 7.0633332 7.0193058 6.9982001 7.0687531 7.3 7.0909442 6.9573483 6.8399446 6.6994223 6.4732583 6.5204004 6.6214364 6.6381394 6.6301076 6.6120789 6.5833321 6.5235239 6.5255637 6.5045443 6.4443751 6.3562484 6.2307238 6.094627 6.1298775 6.2719845 6.438428 6.7272867 7.0572182 6.651199 6.4834549 6.3927884 6.3038884 6.1836265 6.0115017 5.833642 5.9872162 6.2104245 6.3510936 6.4550118 6.5480288 6.6756373 6.7394062 6.4960475 6.210346 5.8639525 6.296279 6.4899853 6.6232715 6.7494442 6.8585862 6.8768226 6.8264436
7.0215842 7.063255 7.0816337 7.0636249 6.9173594 6.8234889 7.0372043 7.0484249 7.0059038 6.944158 6.8518259 6.744257 6.8790919 6.9190588 6.8751671 6.8086662 6.7308882 6.6850523 6.6582865 6.6582604 6.650963 6.6355775 6.620608 6.6200118 6.6080367 6.5542024 6.5044091 6.4399337 6.3536648 6.2342661 6.0563288 6.18436 6.3311092 6.4346356 6.5108801 6.5819399 6.5376029 6.4588782 6.3849501 6.2969764 6.1610471 5.8873249 5.8801958 6.1288073 6.2837967 6.4028011 6.5077544 6.6209788 6.7060212 6.6622192 6.5048495 6.3466327 6.2986278 6.4140222 6.5497694 6.6704557 6.791073 6.8950689 6.8420973 6.8192884
7.0157388 7.0513961 7.0771163 7.0800515 6.9886012 6.9098534 7.0053831 7.0051983 6.9588935 6.8801399 6.7205209 6.2253651 6.4580608 6.7762314 6.8173292 6.7929552 6.7429842 6.7064055 6.7009516 6.6791824 6.6567694 6.6354274 6.622402 6.6490894 6.6742365 6.568646 6.5015285 6.4318097 6.3376479 6.1991344 6.1458109 6.261088 6.3697584 6.4365504 6.4047485 6.4621841 6.4760745 6.4367578 6.3768931 6.2913928 6.1603715 5.976962 5.9895956 6.2008668 6.3404821 6.4485048 6.5562486 6.7312092 7.0717864 6.7095433 6.5049987 6.2549102 6.3373657 6.4967739 6.6123009 6.7277263 6.8284321 6.8604372 6.8405781 6.8287328
7.0000749 7.0432158 7.0932892 7.1732917 7.2940596 7.1279168 7.0376934 6.9866465 6.9275799 6.8449337 6.72339 6.6003292 6.6382818 6.7561733 6.7936954 6.7969134 6.7981736 6.7601915 6.7194242 6.6847283 6.6537793 6.6276126 6.6100288 6.6057132 6.5956227 6.5494471 6.4912899 6.4210777 6.3199074 6.1083678 5.9880319 6.2787041 6.4090152 6.4964171 6.5069323 6.488808 6.4657068 6.4279893 6.3740113 6.2876069 6.1123739 5.8665239 6.0904709 6.2682489 6.387524 6.4863601 6.5864443 6.7005097 6.7924117 6.6583223 6.5298731 6.4546876 6.4687475 6.5640942 6.6729478 6.7994333 6.9642475 6.9243699 6.8601815 6.8500723
6.9712496 7.03475 7.1163096 7.2243009 7.3230453 7.1757598 7.0496803 6.9738567 6.9085275 6.8300966 6.6945201 6.6270538 6.7292864 6.7710282 6.7869006 6.8043652 6.8932043 6.8068481 6.7253949 6.6789832 6.6421233 6.6127216 6.5944449 6.5979077 6.5748946 6.5304582 6.4781197 6.4095894 6.3098241 6.1991987 6.2156783 6.3329014 6.4548669 6.6648502 6.7768037 6.5474758 6.4710352 6.4270381 6.3786793 6.3056937 6.1520684 5.8908799 6.1449324 6.3220239 6.4272377 6.5195744 6.6196519 6.7621097 6.7100148 6.5978394 6.5237824 6.5009993 6.5382354 6.6193293 6.734422 6.8757159 6.960979 6.9342947 6.8886677 6.8801612
6.9340278 7.0222567 7.15521 7.4034732 7.4024301 7.1700677 7.0389345 6.9584343 6.8967871 6.8373962 6.7780672 6.746093 6.7695242 6.7813394 6.7790388 6.7724509 6.7865656 6.7621761 6.7096732 6.6623993 6.6213798 6.5900901 6.5753825 6.574169 6.5517742 6.5120287 6.4649244 6.4000878 6.2831546 6.0173143 6.2068476 6.3618556 6.4612103 6.607286 6.6780131 6.5348744 6.4662392 6.4263063 6.387084 6.3382881 6.2920795 6.2620434 6.2965423 6.3783138 6.4595182 6.5521942 6.6691882 6.7253597 6.6603496 6.54944 6.4627517 6.4802797 6.5546016 6.6563034 6.795208 7.0497596 7.2993982 7.0152971 6.9217797 6.9145069
6.8904408 6.994435 7.1497978 7.5115085 7.5169119 7.1543044 7.0125928 6.9389353 6.8891125 6.8417678 6.8013991 6.8032969 6.7956615 6.7893868 6.7750785 6.7268419 6.7210723 6.7257412 6.6860354 6.637031 6.5894472 6.5541866 6.5608877 6.5758933 6.5236957 6.4903891 6.4522896 6.3979465 6.3205389 6.2496412 6.2989356 6.3826621 6.4478955 6.4919617 6.5045579 6.4813078 6.4502862 6.4225729 6.3930003 6.3574807 6.3145386 6.3249143 6.364042 6.4138565 6.4748749 6.5693975 6.8241341 6.9828622 6.6419186 6.4847494 6.19307 6.3212269 6.5480764 6.6817119 6.8253272 7.0197256 7.1667542 7.0114543 6.940666 6.9467549
6.8396983 6.9479058 7.0891803 7.2218703 7.180596 7.0585757 6.9677816 6.916189 6.8906724 6.8776088 6.8418244 6.8236941 6.8079096 6.8005218 6.7999438 6.7800299 6.7496185 6.716414 6.6638837 6.6048028 6.5422649 6.4831779 6.4780811 6.5104983 6.4799633 6.4651982 6.4409229 6.3953164 6.298346 6.2490606 6.3425784 6.3923569 6.4411678 6.4969454 6.464641 6.4485512 6.434071 6.4167198 6.3937135 6.3618552 6.3414598 6.3613661 6.3918246 6.4260252 6.4644544 6.5119165 6.6162798 6.7079151 6.5784177 6.4614853 6.3424113 6.4042216 6.5687359 6.708904 6.8561936 7.0220217 7.016582 6.964363 6.9464348 6.9738834
6.7826691 6.8836606 7.0197773 7.2399506 7.0685079 6.9689791 6.9156912 6.8919071 6.9001979 6.9727511 6.9226518 6.8396862 6.8133572 6.815674 6.8581162 6.9632796 6.8184637 6.7152425 6.640901 6.5668801 6.4811152 6.3570694 6.1513696 6.2990786 6.4132063 6.4390695 6.434519 6.4094262 6.3478134 6.3090105 6.3613122 6.3851916 6.4058494 6.4256408 6.4272889 6.4242557 6.4200459 6.4107345 6.3921111 6.3525043 6.3079946 6.3696055 6.4005969 6.4221402 6.4380498 6.4251943 6.3121297 6.4788334 6.5081912 6.407878 6.1737699 6.4226341 6.6034985 6.7444704 6.8857902 7.025626 7.0065288 6.9547099 6.9553066 6.9992053
6.7219734 6.8060427 6.8463571 6.8821752 6.9154557 6.8843038 6.8605694 6.8666047 6.9155094 6.9441839 6.8956922 6.8311785 6.8104281 6.8332407 6.8896935 6.9186803 6.8130508 6.7009448 6.6134671 6.5255986 6.4173357 6.2737942 6.1095445 6.2371165 6.3718 6.4209638 6.4351407 6.4390278 6.4636343 6.41415 6.3727992 6.3617475 6.3909578 6.3871381 6.3910479 6.4015646 6.4081819 6.4071367 6.3921549 6.3635233 6.3610995 6.3832996 6.399967 6.4079967 6.4072851 6.3940189 6.3902037 6.455194 6.5010337 6.4692151 6.3395941 6.4952075 6.6531028 6.7969002 6.9636889 7.0692001 6.9938047 6.9580837 6.969227 7.0260417
6.6596162 6.7395696 6.7913895 6.8071288 6.8169048 6.805704 6.796873 6.8272081 7.0035484 7.1190711 6.8725237 6.8024011 6.7948079 6.8571653 7.0837721 6.9786983 6.7816068 6.6719111 6.5819893 6.4856471 6.3470557 6.0906768 5.9856236 6.2299894 6.356452 6.4141054 6.4428995 6.4621803 6.4779344 6.4270534 6.345373 6.2807494 6.2988658 6.328021 6.3526601 6.3796555 6.3998176 6.4112842 6.400005 6.3193351 6.3495821 6.3887925 6.392071 6.384138 6.366387 6.3195959 6.3632132 6.4559441 6.5314732 6.6527811 6.6600676 6.6232513 6.7167431 6.8643638 7.0410456 7.1569525 7.0198313 6.9701311 6.9857291 7.0527785
6.5837514 6.6869229 6.7789275 6.752127 6.744136 6.7281434 6.713605 6.7208723 6.7943537 6.8736726 6.7888065 6.7536431 6.7582957 6.8104178 6.959103 6.8964573 6.7350315 6.6348064 6.5504571 6.4583443 6.3223651 6.0023441 5.8137236 6.2164474 6.3562301 6.4170911 6.462025 6.530669 6.5474388 6.4156611 6.2816374 6.0510714 5.9423009 6.204784 6.3075629 6.3591276 6.3965054 6.4320833 6.4644258 6.4403646 6.4093947 6.3965377 6.3775542 6.3474997 6.2916521 6.2865921 6.3611282 6.4521636 6.5365338 6.6623153 6.6890246 6.6703644 6.7705498 6.9778184 7.2438447 7.1497362 7.0224593 6.9793421 7.0016538 7.0797093
6.460382 6.4755462 6.6994961 6.6895584 6.6711076 6.6418453 6.6080099 6.57903 6.5131778 6.6078001 6.6749572 6.6941405 6.7119026 6.7276462 6.7300193 6.7288445 6.6669123 6.5929305 6.5210513 6.4462901 6.3583899 6.2816048 6.2426756 6.3040939 6.3736962 6.426397 6.4843099 6.5800442 6.6202016 6.4030344 6.2253797 5.9985448 5.9043008 6.1532338 6.2754246 6.3424772 6.3963449 6.4638926 6.6141121 6.693508 6.4769534 6.3979902 6.3558991 6.3095858 6.1713983 6.0681239 6.3352889 6.4472611 6.5153698 6.5293033 6.5977572 6.6718505 6.7948999 7.0566318 7.6321884 7.2796579 7.0271735 6.981055 7.0146633 7.1097413
6.4367655 6.4161139 6.5769566 6.6138921 6.5903366 6.5399761 6.4743591 6.4050921 6.4433893 6.522699 6.5934862 6.6420153 6.6807204 6.7040518 6.7003685 6.67348 6.6153918 6.5517039 6.4919343 6.4402708 6.392586 6.3190731 6.3356754 6.3556476 6.3873348 6.4356133 6.528416 6.6628123 6.5490968 6.3536867 6.1395752 5.88346 5.9934566 6.1555466 6.258046 6.3288977 6.3943683 6.4787932 6.5936767 6.6209347 6.4681381 6.3760452 6.3213128 6.2844528 6.2668524 6.2584929 6.354256 6.4498595 6.5121064 6.521327 6.5808271 6.6665996 6.7857678 6.9529594 7.0944417 7.0602916 6.9791284 6.9695559 7.0229927 7.137055
6.5052302 6.5246308 6.5548717 6.5494026 6.5002039 6.4176124 6.314219 6.1753888 6.1962323 6.4194981 6.5274175 6.6012875 6.6793209 6.7808188 6.7428385 6.6481084 6.573055 6.5086057 6.4564199 6.4293118 6.4681786 6.4921828 6.389997 6.3696677 6.3835106 6.4282982 6.5554003 6.9419282 6.6096514 6.3073915 6.0757099 5.7166998 5.9427579 6.1458814 6.2436384 6.3142946 6.3876538 6.5043179 6.7279378 6.5732453 6.4193473 6.3286184 6.2575542 6.2068328 6.2745544 6.287724 6.3690879 6.4631507 6.5439889 6.5674511 6.593435 6.6614189 6.7719941 6.9679757 7.0596283 6.9472184 6.9246256 6.9512619 7.0279745 7.1631906
6.5467274 6.5455707 6.5304295 6.4852783 6.3995113 6.2695281 6.0865319 5.9811269 6.1818021 6.3508868 6.471418 6.5629211 6.6731763 6.9251615 6.8177016 6.6214968 6.5266168 6.4564408 6.4037253 6.3826665 6.4385304 6.4878939 6.3810723 6.3521264 6.3593554 6.3946653 6.4681475 6.527841 6.4227858 6.2319669 6.0290932 5.9414509 6.0421761 6.1492762 6.2282225 6.2946235 6.3703805 6.4760282 6.6095609 6.4997036 6.3561088 6.2623388 6.1646934 5.9331587 5.9597037 6.2373107 6.3693091 6.4803336 6.5711503 6.584842 6.595344 6.6487979 6.7358246 6.8525966 6.9155388 6.87396 6.8806838 6.9328807 7.0321666 7.1898016
