Cobbity/QGIS/C2_Reading4.tif
NCOLS 299
NROWS 160
XLLCORNER 150.661
YLLCORNER -34.0268
CELLSIZE 1e-05
NODATA_VALUE -9999
[rows 26 to 51 of 160, columns 60 to 119 of 299]
2.2232124 2.2230217 2.2228292 2.222635 2.2224396 2.2222433 2.2220463 2.221849 2.2216518 2.2214551 2.2212591 2.2210644 2.220871 2.2206795 2.2204901 2.2203031 2.2201186 2.2199368 2.2197578 2.2195817 2.2194084 2.2192376 2.2190691 2.2189025 2.2187372 2.2185725 2.2184076 2.2182413 2.2180724 2.2178996 2.2177213 2.2175357 2.2173408 2.2171347 2.2169151 2.2166798 2.2164265 2.2161529 2.2158566 2.2155356 2.2151878 2.2148113 2.2144047 2.2139666 2.2134962 2.212993 2.212457 2.2118883 2.211288 2.210657 2.2099969 2.2093098 2.2085977 2.2078631 2.2071087 2.206337 2.205551 2.2047534 2.2039469 2.203134
2.2235485 2.223357 2.2231637 2.2229689 2.2227729 2.222576 2.2223788 2.2221815 2.2219845 2.2217884 2.2215934 2.2214 2.2212086 2.2210196 2.2208333 2.2206501 2.2204702 2.2202939 2.2201214 2.2199527 2.2197878 2.2196266 2.2194688 2.2193141 2.2191619 2.2190115 2.2188619 2.2187122 2.2185609 2.2184065 2.2182473 2.2180814 2.2179066 2.2177206 2.2175209 2.217305 2.2170701 2.2168137 2.216533 2.2162254 2.2158887 2.2155205 2.2151191 2.214683 2.2142109 2.2137024 2.2131573 2.2125759 2.2119591 2.2113082 2.2106251 2.2099119 2.2091713 2.208406 2.2076191 2.2068137 2.205993 2.2051602 2.2043184 2.2034705
2.2238898 2.2236974 2.2235031 2.2233074 2.2231106 2.2229132 2.2227155 2.2225179 2.222321 2.2221252 2.221931 2.2217389 2.2215493 2.2213627 2.2211795 2.2210002 2.220825 2.2206545 2.2204886 2.2203278 2.2201719 2.220021 2.2198748 2.219733 2.2195951 2.2194604 2.2193279 2.2191966 2.2190649 2.2189313 2.2187938 2.2186504 2.2184986 2.2183359 2.2181593 2.2179661 2.217753 2.217517 2.217255 2.2169639 2.2166409 2.2162834 2.2158892 2.2154564 2.2149837 2.2144702 2.2139158 2.2133209 2.2126863 2.2120137 2.2113052 2.2105633 2.2097911 2.2089917 2.2081689 2.2073261 2.2064672 2.2055957 2.2047151 2.2038288
2.2242364 2.2240429 2.2238475 2.2236508 2.223453 2.2232547 2.2230562 2.2228582 2.2226611 2.2224655 2.2222719 2.2220808 2.2218928 2.2217085 2.2215283 2.2213529 2.2211826 2.2210179 2.220859 2.2207064 2.22056 2.2204201 2.2202863 2.2201586 2.2200363 2.2199188 2.2198052 2.2196942 2.2195845 2.2194743 2.2193614 2.2192436 2.2191181 2.2189822 2.2188325 2.2186657 2.2184783 2.2182665 2.2180269 2.2177557 2.2174497 2.2171057 2.216721 2.2162934 2.2158212 2.2153033 2.2147395 2.2141302 2.2134763 2.2127799 2.2120432 2.2112694 2.210462 2.2096248 2.2087619 2.2078776 2.2069762 2.2060619 2.2051387 2.2042104
2.2245886 2.2243938 2.2241971 2.223999 2.2238 2.2236005 2.2234011 2.2232024 2.2230048 2.222809 2.2226157 2.2224254 2.2222389 2.2220567 2.2218794 2.2217077 2.2215423 2.2213835 2.2212318 2.2210877 2.2209514 2.2208231 2.2207027 2.22059 2.2204846 2.220386 2.2202931 2.2202048 2.2201195 2.2200355 2.2199503 2.2198616 2.2197663 2.2196612 2.2195426 2.2194067 2.2192494 2.2190664 2.2188535 2.2186064 2.2183212 2.2179941 2.2176217 2.2172015 2.2167312 2.2162097 2.2156363 2.2150116 2.2143368 2.2136139 2.212846 2.2120365 2.2111897 2.21031 2.2094023 2.2084717 2.2075231 2.2065613 2.205591 2.2046164
2.2249465 2.2247501 2.2245518 2.2243522 2.2241516 2.2239508 2.2237501 2.2235502 2.2233519 2.2231557 2.2229623 2.2227726 2.2225871 2.2224067 2.2222322 2.2220642 2.2219034 2.2217506 2.2216062 2.221471 2.2213451 2.221229 2.2211228 2.2210263 2.2209392 2.2208611 2.2207909 2.2207276 2.2206695 2.2206148 2.2205609 2.2205051 2.2204442 2.2203745 2.2202919 2.220192 2.22007 2.219921 2.21974 2.219522 2.2192621 2.218956 2.2185995 2.2181893 2.2177228 2.2171984 2.2166155 2.2159743 2.2152764 2.2145243 2.2137213 2.2128717 2.2119805 2.211053 2.210095 2.2091124 2.2081109 2.2070963 2.2060738 2.2050482
2.2253104 2.2251121 2.224912 2.2247105 2.2245081 2.2243055 2.2241032 2.2239019 2.2237023 2.2235053 2.2233115 2.2231219 2.2229372 2.2227583 2.2225861 2.2224215 2.2222653 2.2221184 2.2219814 2.2218551 2.2217401 2.2216368 2.2215455 2.2214662 2.2213989 2.2213429 2.2212976 2.2212618 2.2212338 2.2212117 2.221193 2.2211746 2.2211528 2.2211238 2.2210827 2.2210246 2.2209441 2.2208353 2.2206923 2.2205092 2.2202803 2.22 2.2196635 2.2192667 2.2188064 2.2182803 2.2176877 2.2170289 2.2163056 2.2155206 2.2146781 2.2137832 2.2128417 2.21186 2.2108451 2.2098038 2.2087431 2.2076693 2.2065888 2.2055069
2.2256803 2.22548 2.2252778 2.2250741 2.2248695 2.2246647 2.2244604 2.2242573 2.2240561 2.2238578 2.2236631 2.2234731 2.2232887 2.2231109 2.2229407 2.2227791 2.2226272 2.2224859 2.2223563 2.2222391 2.2221352 2.2220451 2.2219695 2.2219085 2.2218621 2.2218301 2.2218118 2.2218061 2.2218114 2.2218257 2.2218464 2.2218701 2.2218929 2.2219104 2.2219173 2.2219079 2.2218759 2.2218145 2.2217168 2.2215758 2.2213844 2.221136 2.2208247 2.2204454 2.219994 2.2194679 2.2188657 2.2181878 2.2174362 2.2166143 2.215727 2.2147804 2.2137815 2.2127382 2.2116585 2.2105508 2.2094231 2.2082831 2.2071378 2.2059936
2.2260566 2.2258541 2.2256494 2.2254432 2.225236 2.2250287 2.2248219 2.2246164 2.2244131 2.2242129 2.2240169 2.223826 2.2236413 2.223464 2.2232953 2.2231363 2.2229882 2.2228523 2.2227298 2.2226216 2.2225289 2.2224525 2.2223931 2.2223513 2.2223273 2.222321 2.2223319 2.222359 2.222401 2.2224556 2.2225203 2.2225914 2.2226649 2.2227356 2.2227979 2.222845 2.2228698 2.2228645 2.2228207 2.2227301 2.2225843 2.2223752 2.2220955 2.2217388 2.2213 2.2207757 2.2201642 2.2194656 2.2186824 2.2178185 2.21688 2.2158741 2.2148094 2.2136954 2.2125418 2.2113584 2.2101549 2.2089402 2.2077226 2.2065091
2.2264397 2.2262345 2.2260271 2.225818 2.2256079 2.2253975 2.2251877 2.2249794 2.2247734 2.2245708 2.2243727 2.2241802 2.2239946 2.2238172 2.2236493 2.2234922 2.2233475 2.2232165 2.2231007 2.2230013 2.2229198 2.2228572 2.2228146 2.2227928 2.2227923 2.2228134 2.2228557 2.2229185 2.2230006 2.2230998 2.2232135 2.223338 2.2234688 2.2236004 2.2237264 2.2238392 2.2239306 2.2239913 2.2240118 2.2239819 2.2238914 2.2237306 2.2234903 2.2231626 2.222741 2.2222211 2.2216006 2.2208796 2.2200608 2.219149 2.2181514 2.217077 2.2159364 2.2147407 2.213502 2.2122321 2.2109423 2.2096432 2.2083443 2.2070538
2.2268298 2.2266217 2.2264111 2.2261987 2.2259852 2.2257714 2.2255581 2.2253463 2.2251369 2.2249312 2.2247303 2.2245356 2.2243483 2.2241699 2.224002 2.2238462 2.2237041 2.2235774 2.2234677 2.2233767 2.2233061 2.2232573 2.2232318 2.2232307 2.2232548 2.2233048 2.2233807 2.2234821 2.2236079 2.2237562 2.2239244 2.2241087 2.2243043 2.2245053 2.2247045 2.2248935 2.2250628 2.2252016 2.2252986 2.2253417 2.2253184 2.2252169 2.2250258 2.2247351 2.2243366 2.2238246 2.2231958 2.2224503 2.221591 2.2206239 2.2195579 2.2184039 2.2171747 2.2158844 2.2145473 2.2131777 2.2117892 2.2103944 2.2090041 2.2076278
2.2272274 2.2270161 2.226802 2.2265859 2.2263685 2.2261506 2.2259332 2.2257172 2.2255039 2.2252943 2.2250898 2.2248919 2.224702 2.2245218 2.224353 2.2241975 2.224057 2.2239337 2.2238294 2.2237462 2.223686 2.2236508 2.2236423 2.2236623 2.2237119 2.2237922 2.2239038 2.2240466 2.2242198 2.2244219 2.2246503 2.2249014 2.2251701 2.22545 2.2257334 2.2260107 2.2262711 2.2265022 2.2266904 2.2268213 2.2268799 2.2268514 2.2267217 2.2264781 2.2261102 2.2256104 2.2249745 2.2242021 2.2232966 2.2222654 2.2211192 2.2198718 2.2185389 2.2171379 2.2156863 2.2142014 2.2126996 2.2111957 2.2097024 2.2082304
2.2276329 2.227418 2.2272 2.2269798 2.226758 2.2265355 2.2263133 2.2260926 2.2258744 2.2256601 2.2254511 2.225249 2.2250555 2.2248724 2.2247016 2.2245451 2.2244053 2.2242842 2.2241843 2.2241078 2.2240574 2.2240352 2.2240436 2.2240847 2.2241603 2.2242722 2.2244213 2.2246081 2.2248324 2.2250931 2.2253879 2.2257132 2.226064 2.2264336 2.2268135 2.2271931 2.22756 2.2279 2.2281971 2.2284339 2.2285921 2.2286536 2.2286006 2.2284171 2.2280895 2.2276079 2.2269665 2.2261644 2.2252057 2.2240993 2.2228586 2.2215007 2.2200455 2.2185141 2.2169284 2.2153095 2.213677 2.2120485 2.2104387 2.2088599
2.2280468 2.227828 2.2276058 2.2273809 2.2271542 2.2269265 2.2266989 2.2264725 2.2262486 2.2260287 2.2258142 2.2256069 2.2254086 2.2252213 2.2250472 2.2248885 2.2247478 2.2246277 2.2245308 2.2244599 2.224418 2.2244079 2.2244325 2.2244945 2.2245964 2.2247406 2.2249287 2.2251621 2.225441 2.2257651 2.2261325 2.2265401 2.2269828 2.2274538 2.227944 2.2284418 2.2289333 2.229402 2.229829 2.2301936 2.2304735 2.2306462 2.2306892 2.2305822 2.2303076 2.229852 2.2292077 2.2283729 2.2273523 2.226157 2.2248039 2.2233144 2.2217134 2.2200276 2.2182839 2.2165083 2.2147244 2.212953 2.2112115 2.2095133
2.2284697 2.2282467 2.2280198 2.2277898 2.2275576 2.227324 2.2270903 2.2268575 2.2266271 2.2264004 2.2261793 2.2259656 2.2257611 2.2255683 2.2253893 2.2252269 2.2250838 2.2249629 2.2248674 2.2248005 2.2247656 2.2247663 2.2248059 2.224888 2.225016 2.2251927 2.225421 2.2257029 2.2260398 2.226432 2.2268783 2.2273764 2.2279215 2.2285068 2.2291228 2.229757 2.2303939 2.2310145 2.2315967 2.2321158 2.2325446 2.2328549 2.2330187 2.2330094 2.2328041 2.2323852 2.2317418 2.2308707 2.2297776 2.2284763 2.2269882 2.2253405 2.2235647 2.2216946 2.2197636 2.2178037 2.2158437 2.2139082 2.2120173 2.210186
2.2289023 2.2286746 2.2284427 2.2282071 2.2279688 2.2277288 2.2274881 2.227248 2.22701 2.2267757 2.2265467 2.2263251 2.2261131 2.2259131 2.2257277 2.2255597 2.2254122 2.2252886 2.2251924 2.2251275 2.2250977 2.2251072 2.2251603 2.2252612 2.2254142 2.2256233 2.2258923 2.2262242 2.2266218 2.2270863 2.2276178 2.2282147 2.2288732 2.2295867 2.2303457 2.2311368 2.2319431 2.2327429 2.2335107 2.2342167 2.234828 2.2353094 2.2356252 2.2357412 2.2356271 2.2352591 2.234622 2.2337109 2.2325321 2.2311032 2.2294513 2.2276116 2.2256246 2.2235327 2.2213783 2.2192009 2.2170353 2.2149109 2.2128506 2.210871
2.2293451 2.2291126 2.2288752 2.2286335 2.2283886 2.2281414 2.227893 2.2276448 2.2273982 2.2271549 2.2269168 2.2266859 2.2264647 2.2262558 2.2260619 2.2258862 2.2257322 2.2256036 2.2255044 2.2254389 2.2254117 2.2254277 2.225492 2.2256097 2.2257861 2.2260264 2.2263357 2.2267184 2.2271786 2.2277191 2.2283416 2.2290457 2.2298288 2.2306852 2.2316057 2.2325767 2.2335797 2.2345907 2.2355802 2.2365127 2.2373483 2.2380429 2.2385511 2.2388284 2.2388345 2.2385369 2.2379142 2.2369588 2.2356779 2.2340935 2.2322412 2.2301665 2.2279217 2.2255613 2.2231388 2.2207032 2.218297 2.2159547 2.2137024 2.2115582
2.2297991 2.2295614 2.2293181 2.2290699 2.2288178 2.2285627 2.2283058 2.2280484 2.2277921 2.2275387 2.22729 2.2270484 2.2268163 2.2265964 2.226392 2.2262063 2.2260433 2.225907 2.2258019 2.2257329 2.2257052 2.2257247 2.225797 2.2259286 2.2261259 2.2263954 2.2267436 2.2271768 2.2277006 2.2283199 2.2290382 2.2298572 2.230776 2.2317905 2.2328925 2.2340686 2.2352994 2.2365586 2.2378126 2.2390197 2.2401313 2.2410926 2.2418453 2.2423312 2.2424963 2.2422959 2.2416998 2.2406957 2.2392916 2.2375162 2.2354159 2.2330506 2.2304888 2.2278008 2.2250548 2.2223116 2.2196228 2.217029 2.2145597 2.2122337
2.2302651 2.2300219 2.2297724 2.2295172 2.2292573 2.2289936 2.2287274 2.2284599 2.2281929 2.2279279 2.2276672 2.2274131 2.2271682 2.2269353 2.226718 2.2265198 2.2263449 2.2261978 2.2260835 2.2260075 2.2259758 2.2259948 2.2260715 2.2262132 2.2264277 2.2267232 2.2271077 2.2275896 2.2281766 2.228876 2.2296938 2.2306343 2.2316992 2.2328869 2.234191 2.2355993 2.2370925 2.2386425 2.2402115 2.2417514 2.2432032 2.2444989 2.2455639 2.2463212 2.246698 2.2466322 2.2460803 2.2450231 2.2434694 2.2414563 2.2390455 2.2363174 2.2333621 2.2302717 2.227133 2.2240221 2.2210011 2.2181175 2.2154036 2.2128784
2.230744 2.2304951 2.2302391 2.2299765 2.2297082 2.2294353 2.2291589 2.2288804 2.2286014 2.2283237 2.2280494 2.227781 2.2275212 2.2272731 2.2270403 2.2268268 2.2266368 2.2264755 2.2263483 2.2262612 2.226221 2.2262351 2.2263113 2.2264583 2.2266853 2.2270021 2.2274188 2.2279459 2.2285939 2.2293728 2.2302918 2.2313586 2.2325786 2.2339536 2.2354804 2.2371495 2.2389427 2.2408314 2.2427746 2.2447169 2.2465884 2.2483046 2.2497698 2.2508825 2.2515431 2.2516645 2.2511833 2.2500694 2.2483316 2.246019 2.2432153 2.2400291 2.2365813 2.2329931 2.2293758 2.2258241 2.2224126 2.2191956 2.2162078 2.2134666
2.2312369 2.2309821 2.2307192 2.2304488 2.2301717 2.2298889 2.2296016 2.2293111 2.2290189 2.2287271 2.2284376 2.2281531 2.2278764 2.2276107 2.2273597 2.2271276 2.2269193 2.2267399 2.2265955 2.2264927 2.2264391 2.2264427 2.2265127 2.226659 2.2268922 2.2272242 2.2276671 2.228234 2.2289383 2.2297936 2.2308129 2.2320083 2.2333898 2.2349641 2.2367331 2.2386915 2.2408245 2.2431048 2.2454896 2.2479175 2.250306 2.2525518 2.2545325 2.2561131 2.257157 2.2575404 2.2571698 2.2559971 2.2540305 2.2513357 2.248028 2.2442572 2.2401876 2.2359798 2.2317771 2.2276966 2.2238268 2.2202282 2.2169361 2.2139642
2.2317448 2.2314841 2.2312141 2.2309356 2.2306492 2.2303559 2.2300569 2.2297534 2.229447 2.2291396 2.2288334 2.2285309 2.228235 2.2279491 2.2276771 2.2274232 2.2271927 2.226991 2.2268248 2.2267011 2.2266283 2.2266152 2.2266722 2.2268104 2.2270423 2.2273814 2.2278424 2.2284411 2.2291945 2.2301199 2.2312352 2.2325576 2.2341032 2.2358853 2.2379128 2.2401872 2.2427 2.2454284 2.2483304 2.2513405 2.2543645 2.2572773 2.2599236 2.2621242 2.2636901 2.2644433 2.2642437 2.2630144 2.2607598 2.2575698 2.2536071 2.2490817 2.2442201 2.2392373 2.2343171 2.2296033 2.2251979 2.2211657 2.2175397 2.2143269
2.2322691 2.2320022 2.2317251 2.2314381 2.2311421 2.2308378 2.2305263 2.230209 2.2298873 2.2295631 2.2292385 2.2289161 2.2285988 2.2282901 2.2279939 2.2277149 2.2274581 2.2272297 2.2270364 2.2268861 2.2267876 2.2267507 2.2267868 2.2269084 2.2271295 2.2274657 2.2279344 2.2285544 2.2293461 2.2303316 2.231534 2.2329769 2.2346839 2.2366767 2.2389735 2.2415862 2.2445161 2.2477494 2.2512499 2.254952 2.2587525 2.2625037 2.2660109 2.2690372 2.2713197 2.2725999 2.2726643 2.2713878 2.2687663 2.2649249 2.2600983 2.2545875 2.2487096 2.2427539 2.2369554 2.2314863 2.2264597 2.2219402 2.2179539 2.214497
2.2328109 2.232538 2.2322536 2.231958 2.231652 2.2313363 2.2310118 2.2306798 2.2303417 2.2299994 2.2296548 2.2293107 2.2289698 2.2286356 2.2283122 2.2280042 2.2277171 2.2274571 2.2272313 2.227048 2.2269167 2.226848 2.2268542 2.2269492 2.2271485 2.22747 2.2279333 2.2285606 2.2293763 2.2304073 2.2316826 2.2332333 2.2350917 2.23729 2.2398586 2.2428233 2.2462005 2.2499911 2.2541722 2.2586857 2.2634257 2.2682247 2.2728441 2.2769734 2.2802473 2.282286 2.2827593 2.2814601 2.2783647 2.2736516 2.267668 2.2608557 2.2536654 2.2464879 2.2396193 2.2332577 2.2275195 2.2224607 2.2180942 2.2144005
2.2333717 2.2330929 2.2328012 2.232497 2.2321808 2.2318532 2.2315152 2.2311679 2.2308125 2.2304508 2.2300849 2.2297171 2.2293503 2.228988 2.2286342 2.2282937 2.2279718 2.2276751 2.227411 2.227188 2.2270162 2.2269069 2.2268732 2.2269302 2.2270951 2.2273876 2.2278299 2.2284473 2.2292684 2.2303251 2.231653 2.2332912 2.2352818 2.2376698 2.2405005 2.2438176 2.2476584 2.2520468 2.256983 2.2624286 2.2682873 2.2743814 2.2804295 2.2860328 2.290686 2.2938276 2.2949382 2.2936685 2.289953 2.2840519 2.2764943 2.2679447 2.2590535 2.250348 2.2421903 2.2347913 2.2282526 2.2226083 2.217851 2.2139421
2.2339528 2.2336684 2.2333696 2.2330568 2.2327304 2.2323908 2.2320389 2.2316756 2.2313021 2.23092 2.2305313 2.2301381 2.2297434 2.2293504 2.2289631 2.2285862 2.2282252 2.2278866 2.227578 2.2273083 2.2270877 2.2269282 2.2268437 2.2268503 2.2269665 2.2272137 2.2276166 2.2282035 2.229007 2.2300642 2.2314171 2.2331134 2.2352063 2.2377545 2.2408211 2.2444717 2.2487709 2.2537746 2.2595192 2.2660034 2.2731612 2.280826 2.2886868 2.2962496 2.3028257 2.307584 2.3096961 2.30856 2.304022 2.2964715 2.2867397 2.2758515 2.2647582 2.2541648 2.2444883 2.2359156 2.2284989 2.222232 2.2170837 2.2129977
