Cobbity/QGIS/C2_Reading2.tif
NCOLS 299
NROWS 160
XLLCORNER 150.661
YLLCORNER -34.0268
CELLSIZE 1e-05
NODATA_VALUE -9999
[rows 26 to 51 of 160, columns 180 to 239 of 299]
6.6414601 6.6327152 6.6241195 6.6156682 6.6073563 6.5991791 6.5911317 6.5832093 6.5754075 6.5677217 6.5601477 6.5526815 6.5453191 6.5380568 6.5308914 6.5238195 6.5168382 6.5099447 6.5031365 6.4964114 6.4897672 6.4832022 6.4767146 6.470303 6.463966 6.4577026 6.4515117 6.4453925 6.4393444 6.4333667 6.4274588 6.4216205 6.4158513 6.410151 6.4045194 6.3989563 6.3934615 6.388035 6.3826765 6.3773861 6.3721636 6.367009 6.361922 6.3569027 6.3519508 6.3470662 6.3422487 6.337498 6.3328141 6.3281965 6.3236449 6.3191592 6.3147388 6.3103834 6.3060926 6.3018659 6.2977029 6.2936031 6.2895659 6.2855908
6.6436453 6.6347786 6.6260676 6.6175068 6.6090908 6.6008141 6.5926715 6.5846577 6.5767678 6.5689968 6.5613403 6.5537937 6.5463529 6.5390139 6.5317731 6.5246272 6.5175728 6.5106073 6.5037278 6.4969322 6.4902181 6.4835837 6.4770273 6.4705475 6.4641428 6.4578123 6.451555 6.44537 6.4392567 6.4332145 6.427243 6.4213419 6.4155109 6.4097497 6.4040582 6.3984363 6.3928839 6.387401 6.3819874 6.3766431 6.3713681 6.3661623 6.3610256 6.355958 6.3509593 6.3460293 6.341168 6.336375 6.3316502 6.3269933 6.322404 6.3178819 6.3134267 6.309038 6.3047154 6.3004583 6.2962663 6.2921389 6.2880756 6.2840756
6.6457858 6.6367996 6.6279756 6.6193076 6.6107897 6.6024159 6.5941802 6.5860771 6.5781011 6.5702468 6.5625093 6.5548838 6.5473658 6.5399512 6.532636 6.5254166 6.5182897 6.5112523 6.5043017 6.4974353 6.490651 6.4839468 6.477321 6.4707722 6.464299 6.4579004 6.4515755 6.4453235 6.4391438 6.433036 6.4269996 6.4210343 6.4151401 6.4093167 6.403564 6.3978821 6.3922708 6.3867301 6.3812602 6.3758609 6.3705323 6.3652743 6.3600869 6.3549701 6.3499237 6.3449476 6.3400417 6.3352058 6.3304396 6.3257428 6.3211153 6.3165565 6.3120662 6.3076439 6.3032892 6.2990016 6.2947806 6.2906256 6.286536 6.2825113
6.6478812 6.6387782 6.6298438 6.6210714 6.6124543 6.6039859 6.5956598 6.5874697 6.5794097 6.5714741 6.5636574 6.5559546 6.5483609 6.5408717 6.5334829 6.5261908 6.5189918 6.5118827 6.5048608 6.4979235 6.4910685 6.4842939 6.477598 6.4709793 6.4644365 6.4579687 6.451575 6.4452547 6.4390072 6.4328322 6.4267294 6.4206986 6.4147396 6.4088525 6.4030371 6.3972936 6.391622 6.3860224 6.3804947 6.3750391 6.3696557 6.3643444 6.3591053 6.3539382 6.3488432 6.3438202 6.338869 6.3339893 6.3291811 6.324444 6.3197777 6.3151819 6.3106562 6.3062 6.3018131 6.2974948 6.2932446 6.289062 6.2849462 6.2808968
6.6499317 6.6407148 6.6316733 6.6227996 6.6140863 6.6055263 6.5971124 6.588838 6.5806965 6.5726817 6.5647879 6.5570095 6.5493414 6.5417788 6.5343174 6.5269531 6.5196823 6.5125017 6.5054085 6.4983999 6.4914737 6.4846279 6.4778609 6.4711713 6.4645577 6.4580193 6.4515554 6.4451652 6.4388483 6.4326046 6.4264337 6.4203356 6.4143102 6.4083577 6.402478 6.3966713 6.3909378 6.3852776 6.3796908 6.3741776 6.368738 6.3633721 6.35808 6.3528617 6.3477172 6.3426463 6.3376489 6.3327248 6.3278739 6.3230959 6.3183904 6.3137571 6.3091955 6.3047053 6.3002858 6.2959367 6.2916573 6.287447 6.2833051 6.2792311
6.6519376 6.6426105 6.6334654 6.624494 6.615688 6.6070397 6.5985412 6.5901853 6.5819649 6.5738734 6.5659045 6.5580523 6.5503113 6.5426765 6.5351433 6.5277075 6.5203652 6.5131132 6.5059483 6.4988679 6.4918698 6.484952 6.4781128 6.4713509 6.4646651 6.4580546 6.4515187 6.4450569 6.4386689 6.4323545 6.4261136 6.4199463 6.4138526 6.4078328 6.401887 6.3960154 6.3902182 6.3844958 6.3788483 6.3732758 6.3677787 6.3623569 6.3570106 6.3517399 6.3465446 6.3414249 6.3363804 6.3314112 6.3265169 6.3216973 6.3169521 6.3122808 6.3076831 6.3031584 6.2987063 6.2943262 6.2900175 6.2857795 6.2816116 6.277513
6.6539 6.6444669 6.6352223 6.6261571 6.6172623 6.6085293 6.5999497 6.5915155 6.5832192 6.5750535 6.5670117 6.5590876 6.5512753 6.5435695 6.5359654 6.5284586 6.521045 6.5137214 6.5064845 6.4993317 6.4922607 6.4852697 6.478357 6.4715212 6.4647615 6.4580771 6.4514673 6.4449319 6.4384706 6.4320835 6.4257705 6.4195318 6.4133678 6.4072786 6.4012645 6.395326 6.3894633 6.3836768 6.3779668 6.3723335 6.3667772 6.3612981 6.3558962 6.3505718 6.3453248 6.3401551 6.3350627 6.3300474 6.325109 6.3202471 6.3154616 6.3107519 6.3061177 6.3015583 6.2970733 6.2926621 6.288324 6.2840583 6.2798643 6.2757414
6.6558206 6.6462862 6.6369467 6.6277922 6.6188129 6.6099993 6.6013424 6.5928334 6.5844642 6.576227 6.5681148 6.5601207 6.5522387 6.5444631 6.5367889 6.5292115 6.5217268 6.5143313 6.5070218 6.4997957 6.4926507 6.485585 6.4785971 6.4716858 6.4648502 6.4580897 6.4514038 6.4447925 6.4382556 6.4317933 6.4254058 6.4190934 6.4128566 6.4066957 6.4006112 6.3946035 6.3886732 6.3828206 6.3770462 6.3713502 6.3657331 6.360195 6.3547361 6.3493566 6.3440565 6.3388358 6.3336944 6.3286322 6.3236489 6.3187442 6.3139177 6.3091692 6.304498 6.2999036 6.2953855 6.290943 6.2865755 6.2822821 6.2780622 6.273915
6.6577016 6.6480712 6.6386421 6.6294034 6.6203443 6.6114546 6.6027244 6.5941444 6.5857057 6.5774001 6.5692198 6.5611579 6.5532078 6.5453636 6.53762 6.5299723 6.5224163 6.5149484 6.5075655 6.5002649 6.4930445 6.4859025 6.4788375 6.4718484 6.4649346 6.4580956 6.4513311 6.4446412 6.438026 6.4314858 6.4250211 6.4186323 6.4123201 6.4060849 6.3999274 6.3938482 6.3878479 6.381927 6.3760861 6.3703255 6.3646456 6.3590469 6.3535294 6.3480934 6.3427389 6.337466 6.3322746 6.3271644 6.3221353 6.317187 6.3123191 6.3075312 6.3028227 6.298193 6.2936416 6.2891677 6.2847707 6.2804497 6.276204 6.2720326
6.6595463 6.6498258 6.640313 6.6309956 6.6218621 6.6129012 6.6041023 6.5954552 6.5869506 6.5785796 6.5703339 6.5622062 6.5541895 6.5462777 6.5384654 6.5307475 6.5231199 6.515579 6.5081216 6.5007451 6.4934475 6.4862271 6.4790826 6.4720133 6.4650186 6.4580982 6.4512522 6.4444807 6.4377842 6.4311631 6.4246181 6.4181499 6.4117593 6.4054469 6.3992137 6.3930603 6.3869874 6.3809958 6.3750861 6.3692587 6.3635142 6.3578529 6.3522751 6.346781 6.3413708 6.3360444 6.3308017 6.3256427 6.320567 6.3155744 6.3106644 6.3058365 6.3010903 6.296425 6.2918401 6.2873348 6.2829082 6.2785596 6.2742882 6.2700929
6.6613586 6.6515549 6.6419647 6.6325749 6.6233727 6.6143459 6.6054832 6.5967735 6.5882068 6.5797736 6.5714652 6.5632738 6.5551921 6.5472137 6.539333 6.5315449 6.5238452 6.5162301 6.5086968 6.5012425 6.4938655 6.4865643 6.4793377 6.4721852 6.4651065 6.4581015 6.4511706 6.4443141 6.4375328 6.4308273 6.4241987 6.4176477 6.4111754 6.4047827 6.3984706 6.39224 6.3860918 6.3800268 6.3740458 6.3681493 6.3623379 6.3566121 6.3509722 6.3454184 6.3399508 6.3345696 6.3292746 6.3240656 6.3189424 6.3139047 6.308952 6.3040837 6.2992994 6.2945982 6.2899796 6.2854426 6.2809866 6.2766105 6.2723134 6.2680945
6.6631439 6.6532644 6.643604 6.6341485 6.624884 6.6157973 6.6068759 6.5981082 6.5894834 6.5809914 6.572623 6.5643699 6.5562246 6.5481804 6.5402316 6.5323729 6.5246001 6.5169096 6.5092985 6.5017643 6.4943053 6.4869202 6.4796083 6.4723692 6.4652029 6.4581096 6.4510899 6.4441445 6.4372745 6.4304808 6.4237646 6.4171271 6.4105694 6.4040929 6.3976985 6.3913876 6.385161 6.3790197 6.3729647 6.3669966 6.361116 6.3553235 6.3496195 6.3440042 6.3384777 6.3330403 6.3276916 6.3224316 6.31726 6.3121764 6.3071803 6.3022711 6.2974482 6.2927109 6.2880584 6.2834898 6.2790042 6.2746007 6.2702783 6.2660359
6.6649085 6.6549615 6.645239 6.6357252 6.6264053 6.6172648 6.6082905 6.5994698 6.5907911 6.5822437 6.573818 6.5655052 6.5572976 6.5491882 6.5411711 6.5332412 6.5253941 6.5176263 6.509935 6.5023181 6.494774 6.4873016 6.4799007 6.472571 6.4653128 6.4581269 6.4510141 6.4439755 6.4370123 6.430126 6.423318 6.4165897 6.4099426 6.4033783 6.396898 6.3905031 6.3841947 6.3779741 6.3718421 6.3657996 6.3598473 6.3539859 6.3482156 6.342537 6.33695 6.3314548 6.3260512 6.320739 6.315518 6.3103877 6.3053476 6.3003969 6.2955352 6.2907614 6.2860749 6.2814746 6.2769596 6.2725288 6.2681812 6.2639157
6.6666602 6.656655 6.6468791 6.6373153 6.6279474 6.61876 6.6097387 6.6008701 6.5921418 6.5835426 6.5750623 6.5666918 6.5584229 6.5502486 6.5421629 6.5341605 6.5262373 6.5183899 6.5106157 6.5029127 6.4952797 6.487716 6.4802215 6.4727966 6.4654419 6.4581584 6.4509475 6.4438105 6.4367493 6.4297654 6.4228608 6.4160371 6.4092962 6.4026397 6.3960693 6.3895866 6.3831928 6.3768893 6.3706772 6.3645574 6.3585308 6.3525979 6.3467593 6.3410152 6.3353659 6.3298114 6.3243515 6.3189861 6.3137147 6.3085368 6.303452 6.2984594 6.2935584 6.288748 6.2840273 6.2793953 6.2748509 6.2703931 6.2660206 6.2617323
6.6684088 6.6583555 6.6485357 6.6389308 6.6295231 6.620296 6.6112341 6.602323 6.5935496 6.5849022 6.5763698 6.5679432 6.5596138 6.5513745 6.5432193 6.5351429 6.5271414 6.5192114 6.5113507 6.5035576 6.4958312 6.4881714 6.4805783 6.4730528 6.465596 6.4582093 6.4508946 6.4436537 6.4364888 6.4294019 6.4223953 6.415471 6.4086312 6.4018778 6.3952129 6.388638 6.3821549 6.3757648 6.3694692 6.3632689 6.357165 6.3511581 6.3452487 6.3394372 6.3337237 6.3281082 6.3225907 6.3171707 6.3118479 6.3066217 6.3014915 6.2964566 6.2915159 6.2866686 6.2819137 6.27725 6.2726765 6.2681918 6.2637948 6.2594841
6.6701655 6.6600755 6.6502224 6.6405859 6.6311471 6.6218881 6.6127922 6.6038443 6.5950304 6.5863381 6.5777562 6.5692748 6.5608854 6.5525807 6.5443545 6.5362019 6.528119 6.5201028 6.5121513 6.5042633 6.4964384 6.4886767 6.4809791 6.4733468 6.4657816 6.4582854 6.4508604 6.4435092 6.4362343 6.4290382 6.4219235 6.4148929 6.4079487 6.4010933 6.3943288 6.3876572 6.3810803 6.3745997 6.3682168 6.3619327 6.3557485 6.3496648 6.3436821 6.3378009 6.3320213 6.3263432 6.3207665 6.3152908 6.3099156 6.3046403 6.2994642 6.2943863 6.2894057 6.2845214 6.2797322 6.275037 6.2704344 6.2659232 6.261502 6.2571694
6.6719442 6.6618297 6.6519547 6.6422972 6.6328367 6.6235539 6.6144311 6.6054521 6.5966023 6.5878686 6.5792392 6.5707042 6.5622547 6.5538834 6.5455843 6.5373525 6.5291845 6.5210776 6.5130302 6.5050416 6.4971118 6.4892418 6.4814327 6.4736866 6.4660057 6.4583925 6.4508501 6.4433813 6.4359893 6.4286771 6.4214479 6.4143045 6.4072498 6.4002865 6.3934171 6.3866437 6.3799684 6.3733929 6.3669188 6.3605473 6.3542794 6.348116 6.3420575 6.3361043 6.3302566 6.3245141 6.3188768 6.3133441 6.3079155 6.3025903 6.2973675 6.2922463 6.2872256 6.2823041 6.2774807 6.2727541 6.2681228 6.2635854 6.2591404 6.2547865
6.6737611 6.6636357 6.6537512 6.644084 6.6346117 6.6253138 6.6161714 6.6071672 6.598286 6.589514 6.5808391 6.5722509 6.5637407 6.5553011 6.5469262 6.5386115 6.5303536 6.5221505 6.5140011 6.5059051 6.4978634 6.4898772 6.4819488 6.4740806 6.4662757 6.4585374 6.4508692 6.4432747 6.4357576 6.4283217 6.4209704 6.4137072 6.4065354 6.3994579 6.3924776 6.385597 6.3788182 6.3721432 6.3655736 6.3591108 6.3527559 6.3465096 6.3403725 6.334345 6.328427 6.3226185 6.316919 6.3113281 6.3058451 6.3004692 6.2951993 6.2900344 6.2849732 6.2800146 6.2751571 6.2703992 6.2657395 6.2611763 6.2567082 6.2523334
6.6756353 6.6655138 6.6556335 6.6459686 6.6364952 6.6271912 6.6180367 6.6090133 6.600105 6.5912975 6.5825784 6.5739371 6.5653648 6.5568543 6.5483999 6.5399975 6.5316441 6.5233382 6.5150794 6.5068681 6.4987058 6.4905947 6.4825377 6.4745381 6.4665998 6.4587268 6.4509235 6.4431941 6.4355431 6.4279748 6.4204933 6.4131025 6.4058061 6.3986076 6.39151 6.3845161 6.3776283 6.3708488 6.3641792 6.3576211 6.3511755 6.3448431 6.3386246 6.3325202 6.3265299 6.3206535 6.3148904 6.3092401 6.3037017 6.2982743 6.2929568 6.2877478 6.2826462 6.2776504 6.2727589 6.2679701 6.2632824 6.258694 6.2542033 6.2498085
6.6775896 6.6674882 6.6576266 6.647977 6.6385137 6.6292132 6.6200541 6.6110174 6.6020861 6.5932455 6.5844829 6.5757877 6.5671512 6.5585662 6.5500275 6.5415313 6.5330754 6.5246589 6.5162819 6.5079459 6.4996532 6.4914068 6.4832106 6.4750689 6.4669864 6.4589681 6.4510191 6.4431446 6.4353497 6.4276394 6.4200186 6.4124915 6.4050626 6.3977354 6.3905135 6.3834 6.3763974 6.369508 6.3627336 6.3560758 6.3495356 6.3431138 6.336811 6.3306272 6.3245624 6.3186162 6.312788 6.3070771 6.3014824 6.2960029 6.2906372 6.2853841 6.2802418 6.275209 6.2702837 6.2654644 6.2607492 6.2561363 6.2516237 6.2472096
6.6796505 6.6695868 6.6597597 6.6501393 6.6406979 6.6314105 6.6222546 6.6132101 6.6042595 6.5953876 6.5865816 6.5778308 6.5691266 6.5604624 6.5518333 6.5432361 6.5346692 6.5261326 6.5176273 6.5091557 6.500721 6.4923275 6.48398 6.4756838 6.4674448 6.4592689 6.4511624 6.4431311 6.4351812 6.4273184 6.4195481 6.4118754 6.4043049 6.3968409 6.3894872 6.382247 6.3751233 6.3681183 6.361234 6.354472 6.3478332 6.3413186 6.3349283 6.3286626 6.3225211 6.3165033 6.3106086 6.3048359 6.2991841 6.2936518 6.2882377 6.2829402 6.2777574 6.2726877 6.2677291 6.2628798 6.2581378 6.2535009 6.2489673 6.2445348
6.6818494 6.6718424 6.6620668 6.6524902 6.6430831 6.6338188 6.6246736 6.6156266 6.6066597 6.5977574 6.588907 6.5800978 6.5713215 6.5625719 6.5538447 6.5451376 6.5364497 6.5277818 6.5191362 6.5105161 6.5019262 6.4933718 6.4848589 6.4763942 6.4679847 6.4596376 6.45136 6.4431591 6.4350417 6.4270145 6.4190836 6.4112547 6.4035331 6.3959233 6.3884295 6.3810553 6.3738036 6.366677 6.3596775 6.3528065 6.346065 6.3394538 6.3329731 6.3266228 6.3204024 6.3143114 6.3083486 6.3025131 6.2968034 6.291218 6.2857551 6.2804131 6.27519 6.2700838 6.2650923 6.2602136 6.2554455 6.2507856 6.2462319 6.241782
6.6842228 6.6742934 6.6645875 6.6550702 6.64571 6.6364787 6.6273514 6.6183066 6.6093257 6.6003931 6.591496 6.5826241 6.5737696 6.5649269 6.5560924 6.5472645 6.5384435 6.5296312 6.5208311 6.5120478 6.5032872 6.494556 6.4858617 6.4772124 6.4686165 6.4600825 6.4516187 6.4432336 6.4349349 6.4267301 6.4186263 6.4106299 6.4027464 6.3949812 6.3873385 6.3798222 6.3724355 6.365181 6.3580605 6.3510755 6.3442271 6.3375157 6.3309414 6.3245038 6.3182025 6.3120364 6.3060044 6.300105 6.2943368 6.2886977 6.2831861 6.2777997 6.2725365 6.2673942 6.2623706 6.2574633 6.2526698 6.2479879 6.2434151 6.238949
6.6868137 6.6769843 6.6673675 6.6579257 6.6486254 6.6394369 6.6303344 6.6212955 6.6123017 6.6033373 6.5943898 6.5854495 6.5765089 6.5675634 6.5586102 6.5496488 6.5406804 6.5317083 6.5227373 6.5137734 6.5048242 6.4958979 6.4870039 6.4781517 6.4693513 6.4606126 6.4519457 6.4433599 6.4348643 6.4264675 6.4181773 6.4100006 6.4019439 6.3940127 6.3862117 6.3785448 6.3710155 6.3636262 6.3563789 6.3492749 6.3423151 6.3354997 6.3288287 6.3223014 6.315917 6.3096742 6.3035717 6.2976077 6.2917803 6.2860875 6.280527 6.2750966 6.2697937 6.264616 6.259561 6.2546259 6.2498082 6.2451054 6.2405147 6.2360336
6.6896725 6.6799675 6.6704603 6.6611108 6.6518834 6.6427471 6.6336751 6.6246449 6.6156379 6.6066386 6.5976352 6.5886185 6.5795821 6.5705219 6.5614364 6.5523261 6.5431936 6.5340437 6.5248825 6.515718 6.5065595 6.4974172 6.4883022 6.479226 6.4702005 6.4612373 6.4523478 6.4435431 6.4348335 6.4262285 6.4177369 6.4093663 6.4011238 6.3930153 6.3850457 6.3772192 6.3695392 6.3620082 6.354628 6.3473998 6.3403241 6.333401 6.3266301 6.3200106 6.3135411 6.3072202 6.3010461 6.2950168 6.2891299 6.2833832 6.2777742 6.2723001 6.2669582 6.2617459 6.2566603 6.2516986 6.2468579 6.2421354 6.2375282 6.2330336
6.6928585 6.6833039 6.6739281 6.6646881 6.6555464 6.6464707 6.6374339 6.6284134 6.6193909 6.6103517 6.6012847 6.5921815 6.5830368 6.5738477 6.5646136 6.5553364 6.5460202 6.5366713 6.5272977 6.5179094 6.5085177 6.499135 6.4897748 6.4804506 6.4711764 6.4619659 6.4528323 6.4437882 6.4348453 6.4260143 6.4173048 6.4087254 6.4002835 6.3919855 6.3838365 6.3758409 6.3680018 6.3603218 6.3528024 6.3454446 6.3382486 6.3312141 6.3243404 6.3176261 6.3110698 6.3046695 6.2984229 6.2923277 6.2863813 6.2805809 6.2749236 6.2694064 6.2640265 6.2587805 6.2536656 6.2486785 6.2438161 6.2390754 6.2344532 6.2299466
