Cobbity/QGIS/C2_Reading6.tif
NCOLS 299
NROWS 169
XLLCORNER 150.661
YLLCORNER -34.0268
CELLSIZE 1e-05
NODATA_VALUE -9999
[rows 135 to 161 of 169, columns 0 to 59 of 299]
7.5852641 7.5853518 7.5854241 7.5854805 7.5855202 7.5855425 7.5855466 7.5855319 7.5854975 7.5854425 7.5853661 7.5852675 7.5851455 7.5849994 7.584828 7.5846304 7.5844053 7.5841518 7.5838686 7.5835544 7.583208 7.5828281 7.5824133 7.5819621 7.5814731 7.5809446 7.5803752 7.5797631 7.5791066 7.5784038 7.5776529 7.576852 7.5759989 7.5750917 7.574128 7.5731057 7.5720224 7.5708756 7.5696628 7.5683813 7.5670284 7.5656013 7.564097 7.5625124 7.5608445 7.5590899 7.5572452 7.5553069 7.5532714 7.5511349 7.5488935 7.5465432 7.5440798 7.541499 7.5387964 7.5359675 7.5330075 7.5299115 7.5266747 7.5232917
7.5818195 7.5818612 7.5818868 7.5818956 7.5818869 7.58186 7.5818142 7.5817486 7.5816625 7.581555 7.5814252 7.5812723 7.5810951 7.5808929 7.5806645 7.5804089 7.580125 7.5798116 7.5794675 7.5790916 7.5786825 7.5782388 7.5777593 7.5772424 7.5766866 7.5760905 7.5754523 7.5747705 7.5740432 7.5732687 7.572445 7.5715703 7.5706425 7.5696595 7.5686191 7.5675191 7.5663571 7.5651308 7.5638375 7.5624746 7.5610395 7.5595293 7.5579412 7.5562721 7.5545189 7.5526783 7.550747 7.5487217 7.5465986 7.544374 7.5420443 7.5396054 7.5370532 7.5343836 7.5315922 7.5286745 7.5256261 7.522442 7.5191175 7.5156476
7.5783923 7.5783886 7.5783681 7.5783301 7.5782738 7.5781985 7.5781035 7.577988 7.5778511 7.5776919 7.5775097 7.5773034 7.5770721 7.5768148 7.5765304 7.576218 7.5758764 7.5755044 7.5751008 7.5746644 7.5741939 7.5736879 7.5731451 7.572564 7.5719431 7.5712809 7.5705757 7.5698258 7.5690296 7.5681852 7.5672907 7.5663442 7.5653437 7.5642871 7.5631722 7.5619968 7.5607586 7.5594551 7.5580839 7.5566423 7.5551277 7.5535373 7.5518682 7.5501175 7.548282 7.5463586 7.5443441 7.5422349 7.5400277 7.5377187 7.5353042 7.5327804 7.5301432 7.5273886 7.5245123 7.52151 7.5183772 7.5151092 7.5117014 7.5081487
7.574983 7.5749347 7.5748688 7.5747847 7.5746816 7.5745588 7.5744154 7.5742507 7.5740639 7.573854 7.5736202 7.5733616 7.5730772 7.5727659 7.5724267 7.5720586 7.5716604 7.571231 7.5707692 7.5702736 7.5697431 7.5691762 7.5685716 7.5679278 7.5672434 7.5665167 7.5657461 7.56493 7.5640666 7.5631542 7.5621908 7.5611746 7.5601034 7.5589754 7.5577882 7.5565397 7.5552276 7.5538494 7.5524028 7.550885 7.5492936 7.5476257 7.5458785 7.5440491 7.5421345 7.5401314 7.5380367 7.5358471 7.5335591 7.531169 7.5286734 7.5260683 7.5233498 7.520514 7.5175567 7.5144737 7.5112605 7.5079127 7.5044256 7.5007945
7.5715924 7.5715002 7.5713897 7.5712602 7.571111 7.5709414 7.5707505 7.5705376 7.5703017 7.5700421 7.5697578 7.5694478 7.5691112 7.568747 7.5683541 7.5679315 7.567478 7.5669924 7.5664736 7.5659202 7.565331 7.5647046 7.5640397 7.5633348 7.5625883 7.5617987 7.5609645 7.5600838 7.5591551 7.5581765 7.5571462 7.5560622 7.5549225 7.5537251 7.5524678 7.5511485 7.5497648 7.5483144 7.5467948 7.5452035 7.5435378 7.5417952 7.5399727 7.5380675 7.5360766 7.533997 7.5318253 7.5295584 7.5271929 7.5247252 7.5221519 7.519469 7.516673 7.5137597 7.5107252 7.5075653 7.5042757 7.500852 7.4972898 7.4935843
7.5682211 7.5680857 7.5679313 7.5677573 7.5675628 7.5673472 7.5671097 7.5668493 7.5665654 7.5662569 7.5659229 7.5655626 7.565175 7.5647589 7.5643135 7.5638374 7.5633298 7.5627893 7.5622147 7.5616048 7.5609584 7.5602739 7.5595501 7.5587855 7.5579786 7.5571278 7.5562315 7.5552881 7.5542959 7.553253 7.5521576 7.5510077 7.5498015 7.5485369 7.5472117 7.5458238 7.5443708 7.5428505 7.5412605 7.5395981 7.537861 7.5360462 7.5341512 7.5321731 7.5301089 7.5279556 7.5257101 7.5233691 7.5209293 7.5183874 7.5157397 7.5129826 7.5101125 7.5071254 7.5040173 7.5007844 7.4974222 7.4939266 7.4902932 7.4865173
7.5648698 7.5646919 7.5644944 7.5642765 7.5640376 7.5637769 7.5634935 7.5631866 7.5628555 7.5624991 7.5621165 7.5617069 7.5612692 7.5608024 7.5603054 7.5597772 7.5592165 7.5586223 7.5579934 7.5573283 7.5566259 7.5558848 7.5551036 7.5542809 7.5534151 7.5525047 7.5515481 7.5505436 7.5494896 7.5483842 7.5472256 7.546012 7.5447413 7.5434115 7.5420205 7.5405662 7.5390463 7.5374585 7.5358004 7.5340695 7.5322634 7.5303792 7.5284144 7.5263662 7.5242315 7.5220076 7.5196912 7.5172792 7.5147684 7.5121554 7.5094368 7.5066089 7.5036681 7.5006108 7.4974329 7.4941305 7.4906996 7.4871359 7.4834351 7.4795928
7.5615392 7.5613195 7.5610795 7.5608186 7.5605361 7.560231 7.5599026 7.5595502 7.5591727 7.5587693 7.5583392 7.5578813 7.5573946 7.5568781 7.5563307 7.5557514 7.555139 7.5544924 7.5538102 7.5530913 7.5523344 7.551538 7.5507009 7.5498215 7.5488984 7.54793 7.5469147 7.5458509 7.5447369 7.5435709 7.542351 7.5410755 7.5397423 7.5383494 7.5368948 7.5353763 7.5337917 7.5321388 7.530415 7.5286181 7.5267454 7.5247945 7.5227626 7.520647 7.5184447 7.516153 7.5137687 7.5112889 7.5087101 7.5060293 7.503243 7.5003476 7.4973397 7.4942155 7.4909713 7.4876032 7.4841072 7.4804791 7.4767149 7.4728101
7.5582297 7.5579689 7.5576874 7.5573842 7.5570588 7.5567102 7.5563378 7.5559406 7.5555177 7.5550684 7.5545916 7.5540863 7.5535517 7.5529866 7.55239 7.5517608 7.5510979 7.5504 7.549666 7.5488945 7.5480844 7.5472342 7.5463426 7.5454081 7.5444292 7.5434044 7.5423321 7.5412106 7.5400384 7.5388135 7.5375343 7.5361988 7.5348051 7.5333512 7.5318351 7.5302546 7.5286075 7.5268917 7.5251047 7.5232441 7.5213075 7.5192924 7.517196 7.5150157 7.5127486 7.510392 7.5079428 7.505398 7.5027544 7.5000089 7.4971581 7.4941985 7.4911268 7.4879393 7.4846322 7.4812019 7.4776444 7.4739557 7.4701317 7.4661681
7.554942 7.5546409 7.5543185 7.5539739 7.5536064 7.5532152 7.5527995 7.5523584 7.5518911 7.5513967 7.5508743 7.5503228 7.5497412 7.5491286 7.5484839 7.547806 7.5470937 7.5463458 7.5455612 7.5447385 7.5438766 7.542974 7.5420293 7.5410411 7.540008 7.5389284 7.5378007 7.5366234 7.5353946 7.5341127 7.5327759 7.5313824 7.5299301 7.5284172 7.5268417 7.5252013 7.523494 7.5217176 7.5198697 7.5179479 7.5159498 7.513873 7.5117147 7.5094724 7.5071433 7.5047246 7.5022133 7.4996065 7.4969011 7.494094 7.4911818 7.4881613 7.4850291 7.4817815 7.4784151 7.474926 7.4713105 7.4675647 7.4636846 7.4596661
7.5516766 7.551336 7.5509734 7.5505881 7.5501794 7.5497464 7.5492883 7.5488043 7.5482935 7.547755 7.5471879 7.5465911 7.5459638 7.5453048 7.544613 7.5438875 7.543127 7.5423304 7.5414965 7.5406239 7.5397115 7.5387578 7.5377616 7.5367213 7.5356355 7.5345026 7.5333212 7.5320896 7.5308061 7.5294689 7.5280764 7.5266267 7.5251179 7.523548 7.5219151 7.520217 7.5184516 7.5166168 7.5147103 7.5127296 7.5106725 7.5085365 7.5063189 7.5040172 7.5016287 7.4991507 7.4965801 7.4939143 7.49115 7.4882843 7.4853139 7.4822355 7.479046 7.4757417 7.4723191 7.4687748 7.4651048 7.4613055 7.4573728 7.4533029
7.5484341 7.5480546 7.5476527 7.5472275 7.5467783 7.5463044 7.5458048 7.5452788 7.5447254 7.5441438 7.543533 7.542892 7.5422198 7.5415155 7.5407779 7.5400059 7.5391985 7.5383544 7.5374724 7.5365512 7.5355897 7.5345864 7.53354 7.532449 7.531312 7.5301275 7.528894 7.5276097 7.5262732 7.5248826 7.5234362 7.5219322 7.5203687 7.5187438 7.5170555 7.5153018 7.5134805 7.5115896 7.5096267 7.5075895 7.5054757 7.5032829 7.5010086 7.4986501 7.4962049 7.4936702 7.4910432 7.488321 7.4855008 7.4825794 7.4795538 7.4764207 7.473177 7.4698192 7.4663438 7.4627475 7.4590264 7.455177 7.4511953 7.4470776
7.5452149 7.5447973 7.5443568 7.5438925 7.5434038 7.5428897 7.5423495 7.5417824 7.5411873 7.5405635 7.53991 7.5392258 7.53851 7.5377614 7.536979 7.5361618 7.5353086 7.5344182 7.5334894 7.532521 7.5315116 7.5304601 7.5293649 7.5282247 7.5270381 7.5258035 7.5245195 7.5231843 7.5217964 7.520354 7.5188556 7.5172991 7.5156829 7.5140049 7.5122633 7.510456 7.508581 7.506636 7.504619 7.5025276 7.5003595 7.4981124 7.4957837 7.493371 7.4908716 7.4882829 7.4856022 7.4828265 7.4799531 7.476979 7.4739011 7.4707164 7.4674215 7.4640133 7.4604884 7.4568433 7.4530745 7.4491783 7.4451511 7.440989
7.5420195 7.5415646 7.5410863 7.5405837 7.5400562 7.5395029 7.5389229 7.5383155 7.5376798 7.5370148 7.5363195 7.5355932 7.5348346 7.5340429 7.5332169 7.5323556 7.5314577 7.5305223 7.5295479 7.5285335 7.5274778 7.5263793 7.5252369 7.524049 7.5228142 7.521531 7.520198 7.5188135 7.517376 7.5158836 7.5143348 7.5127278 7.5110607 7.5093316 7.5075386 7.5056798 7.5037531 7.5017563 7.4996873 7.497544 7.4953239 7.4930248 7.4906442 7.4881797 7.4856288 7.4829887 7.4802568 7.4774304 7.4745067 7.4714827 7.4683554 7.4651219 7.461779 7.4583234 7.454752 7.4510614 7.447248 7.4433084 7.439239 7.435036
7.5388484 7.5383569 7.5378415 7.5373015 7.536736 7.5361443 7.5355255 7.5348787 7.5342032 7.5334979 7.532762 7.5319945 7.5311943 7.5303605 7.529492 7.5285877 7.5276464 7.5266671 7.5256485 7.5245894 7.5234885 7.5223446 7.5211562 7.519922 7.5186405 7.5173104 7.51593 7.5144978 7.5130123 7.5114717 7.5098743 7.5082185 7.5065023 7.504724 7.5028817 7.5009733 7.4989969 7.4969504 7.4948317 7.4926386 7.4903688 7.4880201 7.48559 7.4830762 7.4804761 7.4777872 7.4750068 7.4721323 7.4691609 7.4660898 7.462916 7.4596366 7.4562486 7.4527487 7.4491339 7.4454008 7.4415461 7.4375663 7.4334579 7.4292174
7.5357019 7.5351746 7.534623 7.5340463 7.5334437 7.5328144 7.5321576 7.5314725 7.5307581 7.5300135 7.5292378 7.5284301 7.5275894 7.5267146 7.5258046 7.5248585 7.523875 7.5228531 7.5217914 7.5206889 7.5195442 7.5183561 7.5171232 7.5158442 7.5145175 7.5131419 7.5117157 7.5102374 7.5087055 7.5071183 7.5054741 7.5037713 7.5020079 7.5001823 7.4982925 7.4963365 7.4943125 7.4922184 7.4900521 7.4878114 7.4854941 7.483098 7.4806208 7.47806 7.4754133 7.472678 7.4698517 7.4669318 7.4639154 7.4607998 7.4575823 7.4542599 7.4508296 7.4472883 7.4436331 7.4398606 7.4359676 7.4319507 7.4278066 7.4235317
7.5325806 7.5320183 7.5314312 7.5308186 7.5301797 7.5295137 7.5288198 7.5280971 7.5273447 7.5265618 7.5257474 7.5249006 7.5240203 7.5231056 7.5221553 7.5211685 7.5201439 7.5190805 7.5179771 7.5168324 7.5156453 7.5144143 7.5131383 7.5118158 7.5104454 7.5090258 7.5075553 7.5060326 7.5044559 7.5028238 7.5011345 7.4993864 7.4975776 7.4957065 7.4937711 7.4917696 7.4897 7.4875603 7.4853484 7.4830623 7.4806997 7.4782585 7.4757364 7.473131 7.47044 7.4676609 7.4647912 7.4618282 7.4587695 7.4556122 7.4523536 7.4489909 7.4455212 7.4419414 7.4382486 7.4344397 7.4305114 7.4264606 7.4222839 7.4179778
7.5294848 7.5288881 7.5282663 7.5276186 7.5269443 7.5262424 7.5255123 7.524753 7.5239636 7.5231433 7.5222912 7.5214062 7.5204874 7.5195338 7.5185443 7.5175179 7.5164534 7.5153498 7.5142058 7.5130203 7.5117919 7.5105195 7.5092017 7.5078372 7.5064245 7.5049623 7.5034491 7.5018834 7.5002637 7.4985883 7.4968556 7.4950639 7.4932115 7.4912967 7.4893177 7.4872724 7.4851591 7.4829758 7.4807205 7.478391 7.4759853 7.4735012 7.4709365 7.4682888 7.4655559 7.4627353 7.4598245 7.4568212 7.4537226 7.4505262 7.4472292 7.4438289 7.4403225 7.436707 7.4329795 7.429137 7.4251765 7.4210946 7.4168883 7.4125542
7.5264148 7.5257846 7.5251289 7.5244469 7.5237379 7.5230011 7.5222355 7.5214405 7.520615 7.5197583 7.5188694 7.5179473 7.516991 7.5159996 7.514972 7.5139071 7.5128039 7.5116612 7.5104779 7.5092527 7.5079844 7.5066718 7.5053136 7.5039084 7.5024549 7.5009517 7.4993973 7.4977902 7.4961289 7.4944118 7.4926373 7.4908039 7.4889096 7.486953 7.484932 7.482845 7.4806899 7.478465 7.4761682 7.4737975 7.4713507 7.4688259 7.4662207 7.463533 7.4607604 7.4579007 7.4549514 7.45191 7.4487741 7.4455411 7.4422083 7.438773 7.4352325 7.4315841 7.4278247 7.4239515 7.4199615 7.4158516 7.4116186 7.4072594
7.5233711 7.5227081 7.5220192 7.5213038 7.5205609 7.5197899 7.5189899 7.51816 7.5172994 7.5164071 7.5154824 7.5145241 7.5135314 7.5125033 7.5114386 7.5103364 7.5091956 7.508015 7.5067935 7.5055299 7.504223 7.5028716 7.5014743 7.5000298 7.4985369 7.496994 7.4953999 7.4937529 7.4920516 7.4902945 7.4884799 7.4866063 7.4846719 7.4826751 7.4806141 7.4784871 7.4762922 7.4740276 7.4716913 7.4692813 7.4667956 7.4642322 7.4615887 7.4588632 7.4560532 7.4531566 7.4501711 7.4470941 7.4439233 7.4406561 7.43729 7.4338223 7.4302505 7.4265716 7.4227831 7.4188819 7.4148652 7.41073 7.4064733 7.4020919
7.5203539 7.5196589 7.5189376 7.5181895 7.5174136 7.5166093 7.5157756 7.5149118 7.5140169 7.5130901 7.5121305 7.5111371 7.510109 7.5090451 7.5079445 7.506806 7.5056287 7.5044114 7.5031529 7.5018522 7.5005079 7.4991189 7.4976839 7.4962015 7.4946705 7.4930895 7.491457 7.4897716 7.4880319 7.4862363 7.4843833 7.4824712 7.4804983 7.4784632 7.4763639 7.4741987 7.4719658 7.4696634 7.4672896 7.4648424 7.4623197 7.4597196 7.45704 7.4542788 7.4514337 7.4485025 7.4454829 7.4423727 7.4391693 7.4358704 7.4324734 7.4289759 7.4253752 7.4216686 7.4178535 7.413927 7.4098863 7.4057286 7.401451 7.3970503
7.5173636 7.5166372 7.5158844 7.5151043 7.5142963 7.5134594 7.512593 7.5116961 7.5107679 7.5098075 7.5088139 7.5077864 7.5067238 7.5056253 7.5044898 7.5033162 7.5021035 7.5008506 7.4995564 7.4982197 7.4968393 7.4954139 7.4939425 7.4924235 7.4908559 7.4892381 7.4875687 7.4858465 7.4840699 7.4822373 7.4803474 7.4783984 7.4763888 7.4743169 7.4721811 7.4699796 7.4677105 7.4653722 7.4629627 7.4604801 7.4579225 7.4552879 7.4525742 7.4497794 7.4469013 7.4439377 7.4408864 7.4377451 7.4345115 7.4311832 7.4277578 7.4242328 7.4206057 7.4168738 7.4130347 7.4090855 7.4050235 7.400846 7.39655 7.3921328
7.5144004 7.5136435 7.5128598 7.5120487 7.5112092 7.5103407 7.5094423 7.5085132 7.5075526 7.5065595 7.505533 7.5044723 7.5033763 7.5022441 7.5010747 7.4998671 7.4986202 7.4973328 7.496004 7.4946325 7.4932172 7.4917568 7.4902502 7.488696 7.487093 7.4854399 7.4837351 7.4819774 7.4801654 7.4782974 7.4763721 7.4743879 7.4723432 7.4702363 7.4680656 7.4658294 7.463526 7.4611536 7.4587103 7.4561943 7.4536037 7.4509365 7.4481908 7.4453644 7.4424553 7.4394614 7.4363806 7.4332105 7.4299489 7.4265935 7.423142 7.4195919 7.4159408 7.4121862 7.4083255 7.4043561 7.4002753 7.3960806 7.391769 7.3873378
7.5114645 7.5106779 7.5098641 7.5090227 7.5081526 7.5072533 7.5063238 7.5053634 7.5043712 7.5033463 7.5022879 7.5011949 7.5000665 7.4989017 7.4976995 7.4964589 7.4951788 7.4938582 7.4924959 7.4910908 7.4896418 7.4881477 7.4866072 7.4850191 7.4833821 7.4816949 7.4799561 7.4781644 7.4763184 7.4744166 7.4724574 7.4704395 7.4683612 7.466221 7.4640172 7.4617481 7.4594121 7.4570073 7.4545321 7.4519845 7.4493628 7.4466649 7.4438891 7.4410332 7.4380952 7.4350731 7.4319648 7.4287681 7.4254807 7.4221005 7.4186251 7.4150522 7.4113795 7.4076044 7.4037246 7.3997374 7.3956404 7.3914309 7.3871062 7.3826637
7.5085564 7.5077406 7.5068976 7.5060266 7.5051268 7.5041975 7.5032378 7.5022469 7.501224 7.5001683 7.4990787 7.4979545 7.4967947 7.4955983 7.4943643 7.4930918 7.4917796 7.4904268 7.4890322 7.4875947 7.4861132 7.4845865 7.4830134 7.4813926 7.4797229 7.4780031 7.4762317 7.4744074 7.4725289 7.4705946 7.4686032 7.4665531 7.4644429 7.4622709 7.4600355 7.4577352 7.4553682 7.4529329 7.4504275 7.4478502 7.4451992 7.4424726 7.4396686 7.4367851 7.4338203 7.430772 7.4276383 7.424417 7.421106 7.4177031 7.4142061 7.4106126 7.4069205 7.4031273 7.3992307 7.3952281 7.3911172 7.3868954 7.3825601 7.3781087
7.5056761 7.504832 7.5039605 7.5030607 7.5021319 7.5011734 7.5001843 7.4991638 7.4981112 7.4970254 7.4959058 7.4947513 7.493561 7.4923339 7.4910692 7.4897658 7.4884226 7.4870387 7.4856129 7.4841442 7.4826314 7.4810733 7.4794688 7.4778167 7.4761156 7.4743644 7.4725618 7.4707063 7.4687966 7.4668314 7.4648091 7.4627284 7.4605878 7.4583856 7.4561204 7.4537905 7.4513942 7.4489301 7.4463962 7.443791 7.4411125 7.438359 7.4355287 7.4326195 7.4296298 7.4265573 7.4234002 7.4201564 7.4168238 7.4134003 7.4098838 7.406272 7.4025627 7.3987536 7.3948424 7.3908268 7.3867043 7.3824725 7.378129 7.3736712
7.5028239 7.5019522 7.5010529 7.5001251 7.4991681 7.4981812 7.4971636 7.4961144 7.4950328 7.493918 7.4927691 7.4915852 7.4903655 7.4891088 7.4878143 7.4864811 7.485108 7.4836941 7.4822382 7.4807394 7.4791964 7.4776082 7.4759735 7.4742912 7.4725601 7.4707788 7.4689462 7.4670609 7.4651215 7.4631268 7.4610752 7.4589653 7.4567957 7.4545649 7.4522713 7.4499135 7.4474896 7.4449983 7.4424377 7.4398062 7.437102 7.4343235 7.4314686 7.4285357 7.4255229 7.4224282 7.4192497 7.4159853 7.4126332 7.4091912 7.4056572 7.4020291 7.3983048 7.394482 7.3905584 7.3865319 7.3824001 7.3781606 7.3738111 7.3693492
