Cobbity/QGIS/C2_Reading1.tif
NCOLS 299
NROWS 159
XLLCORNER 150.661
YLLCORNER -34.0271
CELLSIZE 1e-05
NODATA_VALUE -9999
[rows 26 to 51 of 159, columns 0 to 59 of 299]
4.7484646 4.7509182 4.7534176 4.7559643 4.7585594 4.7612042 4.7639002 4.7666488 4.7694514 4.7723095 4.7752248 4.7781988 4.7812333 4.78433 4.7874907 4.7907175 4.7940121 4.7973767 4.8008134 4.8043245 4.8079122 4.8115789 4.8153271 4.8191595 4.8230787 4.8270876 4.831189 4.8353861 4.8396821 4.8440803 4.8485842 4.8531975 4.8579238 4.8627673 4.867732 4.8728223 4.8780428 4.8833981 4.8888934 4.8945337 4.9003247 4.9062719 4.9123815 4.9186596 4.925113 4.9317486 4.9385736 4.9455957 4.952823 4.9602639 4.9679273 4.9758225 4.9839594 4.9923483 5.0010001 5.0099261 5.0191385 5.0286499 5.0384736 5.0486236
4.7460005 4.748422 4.7508889 4.7534023 4.7559636 4.7585739 4.7612348 4.7639476 4.7667137 4.7695346 4.7724119 4.7753473 4.7783424 4.781399 4.7845188 4.7877037 4.7909558 4.794277 4.7976695 4.8011354 4.8046771 4.8082968 4.8119972 4.8157808 4.8196502 4.8236083 4.827658 4.8318024 4.8360445 4.8403879 4.8448358 4.849392 4.8540602 4.8588444 4.8637488 4.8687776 4.8739354 4.879227 4.8846574 4.8902317 4.8959554 4.9018343 4.9078744 4.914082 4.9204638 4.9270267 4.933778 4.9407255 4.9478774 4.955242 4.9628283 4.9706459 4.9787047 4.9870151 4.9955882 5.0044355 5.0135694 5.0230027 5.032749 5.0428227
4.7434936 4.745882 4.7483151 4.7507941 4.7533202 4.7558948 4.7585192 4.7611947 4.7639228 4.7667051 4.7695429 4.772438 4.775392 4.7784066 4.7814837 4.784625 4.7878325 4.7911082 4.7944543 4.7978728 4.8013661 4.8049366 4.8085865 4.8123187 4.8161356 4.82004 4.824035 4.8281234 4.8323085 4.8365935 4.840982 4.8454774 4.8500836 4.8548045 4.8596442 4.8646071 4.8696976 4.8749204 4.8802807 4.8857835 4.8914343 4.8972389 4.9032033 4.9093337 4.9156369 4.9221198 4.9287898 4.9356546 4.9427224 4.9500017 4.9575016 4.9652315 4.9732015 4.9814223 4.9899048 4.998661 5.0077032 5.0170445 5.0266988 5.0366806
4.7409447 4.7432988 4.7456969 4.7481402 4.75063 4.7531675 4.755754 4.7583909 4.7610797 4.7638217 4.7666185 4.7694717 4.7723829 4.7753538 4.7783863 4.781482 4.784643 4.7878713 4.7911688 4.7945378 4.7979804 4.801499 4.8050961 4.8087742 4.8125358 4.8163838 4.820321 4.8243505 4.8284752 4.8326986 4.837024 4.8414549 4.8459952 4.8506487 4.8554195 4.8603119 4.8653304 4.8704797 4.8757647 4.8811906 4.8867628 4.8924871 4.8983694 4.904416 4.9106337 4.9170293 4.9236102 4.9303841 4.9373592 4.9445442 4.9519479 4.9595801 4.9674507 4.9755704 4.9839505 4.9926029 5.00154 5.0107751 5.0203223 5.0301964
4.7383543 4.740673 4.743035 4.7454415 4.7478937 4.7503928 4.7529402 4.7555371 4.758185 4.7608853 4.7636395 4.7664492 4.769316 4.7722415 4.7752275 4.7782759 4.7813884 4.7845671 4.787814 4.7911312 4.7945209 4.7979854 4.8015271 4.8051485 4.8088522 4.8126409 4.8165174 4.8204847 4.824546 4.8287043 4.8329631 4.8373259 4.8417964 4.8463785 4.8510761 4.8558937 4.8608355 4.8659062 4.8711108 4.8764544 4.8819424 4.8875804 4.8933743 4.8993306 4.9054557 4.9117566 4.9182407 4.9249156 4.9317894 4.9388708 4.9461688 4.953693 4.9614534 4.9694608 4.9777264 4.9862621 4.9950806 5.0041952 5.01362 5.0233701
4.7357232 4.7380054 4.7403302 4.7426986 4.745112 4.7475715 4.7500783 4.7526339 4.7552395 4.7578967 4.7606068 4.7633714 4.7661921 4.7690705 4.7720084 4.7750075 4.7780697 4.7811968 4.784391 4.7876542 4.7909887 4.7943968 4.7978806 4.8014428 4.8050859 4.8088125 4.8126255 4.8165277 4.8205222 4.8246121 4.8288009 4.8330919 4.8374888 4.8419955 4.8466158 4.851354 4.8562145 4.8612019 4.866321 4.871577 4.876975 4.8825208 4.8882202 4.8940794 4.9001051 4.906304 4.9126834 4.9192511 4.926015 4.9329838 4.9401664 4.9475724 4.9552118 4.9630953 4.9712341 4.9796403 4.9883265 4.9973061 5.0065932 5.0162029
4.733052 4.7352967 4.7375831 4.7399124 4.7422858 4.7447043 4.7471694 4.7496823 4.7522443 4.7548569 4.7575214 4.7602394 4.7630124 4.765842 4.76873 4.771678 4.7746879 4.7777616 4.780901 4.7841082 4.7873853 4.7907345 4.7941581 4.7976586 4.8012384 4.8049002 4.8086468 4.8124808 4.8164055 4.8204238 4.8245391 4.8287547 4.8330742 4.8375015 4.8420403 4.8466949 4.8514696 4.8563688 4.8613974 4.8665603 4.8718628 4.8773105 4.8829091 4.8886648 4.8945841 4.9006737 4.9069408 4.9133931 4.9200386 4.9268856 4.9339431 4.9412207 4.9487282 4.9564764 4.9644764 4.9727402 4.9812803 4.9901101 4.999244 5.0086968
4.7303416 4.7325477 4.7347947 4.7370836 4.7394158 4.7417923 4.7442143 4.7466832 4.7492002 4.7517668 4.7543842 4.757054 4.7597778 4.762557 4.7653934 4.7682886 4.7712444 4.7742626 4.7773453 4.7804943 4.7837118 4.787 4.790361 4.7937973 4.7973113 4.8009056 4.8045828 4.8083458 4.8121975 4.816141 4.8201794 4.8243161 4.8285546 4.8328985 4.8373518 4.8419185 4.8466028 4.8514091 4.8563421 4.8614068 4.8666083 4.871952 4.8774437 4.8830894 4.8888955 4.8948686 4.9010158 4.9073447 4.9138631 4.9205793 4.9275022 4.9346412 4.9420061 4.9496075 4.9574564 4.9655648 4.9739451 4.9826107 4.9915756 5.000855
4.7275928 4.7297592 4.7319656 4.7342132 4.736503 4.7388362 4.741214 4.7436376 4.7461083 4.7486274 4.7511964 4.7538166 4.7564895 4.7592167 4.7619998 4.7648404 4.7677403 4.7707013 4.7737252 4.776814 4.7799698 4.7831947 4.7864908 4.7898605 4.7933061 4.7968303 4.8004355 4.8041245 4.8079003 4.8117657 4.8157239 4.8197782 4.823932 4.8281889 4.8325526 4.8370271 4.8416166 4.8463253 4.8511579 4.8561192 4.8612143 4.8664483 4.8718271 4.8773564 4.8830424 4.8888919 4.8949117 4.9011092 4.907492 4.9140685 4.9208473 4.9278376 4.9350492 4.9424924 4.9501783 4.9581184 4.9663251 4.9748118 4.9835923 4.9926816
4.7248063 4.726932 4.7290969 4.731302 4.7335483 4.7358371 4.7381694 4.7405465 4.7429696 4.74544 4.747959 4.7505281 4.7531487 4.7558223 4.7585505 4.7613348 4.764177 4.7670789 4.7700422 4.7730688 4.7761608 4.7793202 4.7825491 4.7858498 4.7892247 4.7926761 4.7962066 4.7998188 4.8035157 4.8073 4.8111748 4.8151433 4.8192088 4.8233748 4.827645 4.8320233 4.8365136 4.8411202 4.8458476 4.8507005 4.8556837 4.8608025 4.8660623 4.871469 4.8770285 4.8827473 4.8886322 4.8946904 4.9009295 4.9073574 4.9139827 4.9208144 4.9278621 4.9351359 4.9426467 4.9504058 4.9584254 4.9667186 4.9752992 4.9841819
4.721983 4.7240671 4.7261894 4.7283509 4.7305527 4.7327959 4.7350816 4.7374109 4.7397851 4.7422055 4.7446733 4.7471899 4.7497567 4.7523751 4.7550468 4.7577732 4.760556 4.763397 4.7662977 4.7692603 4.7722864 4.7753782 4.7785377 4.7817672 4.7850688 4.7884449 4.7918981 4.7954308 4.7990459 4.802746 4.8065343 4.8104136 4.8143874 4.818459 4.8226319 4.8269098 4.8312968 4.8357968 4.8404143 4.8451538 4.85002 4.855018 4.8601531 4.865431 4.8708575 4.8764388 4.8821816 4.8880929 4.8941799 4.9004506 4.9069133 4.9135766 4.92045 4.9275433 4.9348672 4.9424327 4.9502518 4.9583373 4.9667027 4.9753623
4.7191239 4.7211654 4.7232441 4.7253611 4.7275172 4.7297137 4.7319516 4.734232 4.7365561 4.7389251 4.7413403 4.7438031 4.7463147 4.7488765 4.7514901 4.754157 4.7568788 4.759657 4.7624935 4.76539 4.7683483 4.7713705 4.7744585 4.7776144 4.7808405 4.7841389 4.7875122 4.7909627 4.7944932 4.7981063 4.8018048 4.8055919 4.8094705 4.8134441 4.8175159 4.8216897 4.8259692 4.8303583 4.8348613 4.8394826 4.8442268 4.8490987 4.8541034 4.8592465 4.8645337 4.8699708 4.8755644 4.8813212 4.8872484 4.8933534 4.8996444 4.9061298 4.9128187 4.9197207 4.9268461 4.9342057 4.9418111 4.9496748 4.9578098 4.9662304
4.7162298 4.7182278 4.720262 4.7223334 4.7244429 4.7265916 4.7287806 4.7310109 4.7332837 4.7356002 4.7379615 4.7403691 4.742824 4.7453279 4.7478819 4.7504877 4.7531468 4.7558607 4.7586311 4.7614597 4.7643484 4.7672989 4.7703133 4.7733935 4.7765418 4.7797602 4.783051 4.7864168 4.78986 4.7933832 4.7969891 4.8006807 4.804461 4.8083331 4.8123003 4.8163661 4.8205341 4.8248081 4.8291923 4.8336907 4.8383079 4.8430485 4.8479175 4.85292 4.8580616 4.8633482 4.8687857 4.8743808 4.8801402 4.8860714 4.892182 4.8984802 4.9049747 4.9116749 4.9185905 4.9257322 4.9331111 4.9407391 4.9486291 4.9567947
4.7133018 4.7152553 4.7172441 4.7192689 4.7213308 4.7234307 4.7255697 4.7277489 4.7299692 4.7322319 4.7345382 4.7368892 4.7392862 4.7417306 4.7442237 4.7467669 4.7493617 4.7520096 4.7547123 4.7574713 4.7602884 4.7631654 4.7661042 4.7691066 4.7721748 4.7753109 4.778517 4.7817955 4.7851488 4.7885793 4.7920898 4.795683 4.7993617 4.8031291 4.8069881 4.8109423 4.814995 4.8191499 4.8234109 4.827782 4.8322675 4.8368718 4.8415997 4.8464562 4.8514464 4.856576 4.8618509 4.8672772 4.8728615 4.8786108 4.8845326 4.8906346 4.8969252 4.9034132 4.9101083 4.9170203 4.9241601 4.9315392 4.9391697 4.947065
4.7103408 4.712249 4.7141914 4.7161687 4.718182 4.7202322 4.7223202 4.7244471 4.7266139 4.7288217 4.7310716 4.7333649 4.7357027 4.7380863 4.740517 4.7429962 4.7455252 4.7481056 4.7507388 4.7534265 4.7561704 4.758972 4.7618332 4.7647559 4.767742 4.7707935 4.7739126 4.7771014 4.7803623 4.7836976 4.7871099 4.7906017 4.7941759 4.7978353 4.8015829 4.8054219 4.8093557 4.8133876 4.8175214 4.8217609 4.8261101 4.8305733 4.8351551 4.8398601 4.8446933 4.84966 4.8547658 4.8600166 4.8654186 4.8709785 4.8767033 4.8826004 4.8886778 4.894944 4.9014078 4.908079 4.9149677 4.9220848 4.9294422 4.9370521
4.7073478 4.7092099 4.711105 4.713034 4.7149978 4.7169972 4.7190332 4.7211068 4.723219 4.7253708 4.7275633 4.7297976 4.732075 4.7343965 4.7367635 4.7391772 4.7416391 4.7441504 4.7467127 4.7493275 4.7519963 4.7547207 4.7575026 4.7603436 4.7632456 4.7662105 4.7692403 4.7723372 4.7755032 4.7787408 4.7820522 4.78544 4.7889067 4.7924552 4.7960882 4.7998087 4.80362 4.8075252 4.8115279 4.8156316 4.8198403 4.8241579 4.8285887 4.8331371 4.8378078 4.8426059 4.8475366 4.8526054 4.8578183 4.8631815 4.8687016 4.8743856 4.880241 4.8862758 4.8924985 4.898918 4.9055441 4.9123869 4.9194577 4.9267681
4.7043238 4.706139 4.7079861 4.7098659 4.7117792 4.713727 4.7157101 4.7177294 4.7197859 4.7218806 4.7240146 4.7261889 4.7284046 4.7306628 4.7329648 4.7353118 4.7377051 4.7401459 4.7426358 4.7451761 4.7477682 4.7504139 4.7531146 4.755872 4.758688 4.7615643 4.7645028 4.7675056 4.7705745 4.7737119 4.77692 4.7802011 4.7835577 4.7869923 4.7905077 4.7941066 4.797792 4.801567 4.8054349 4.809399 4.813463 4.8176306 4.8219059 4.8262929 4.8307961 4.8354201 4.8401699 4.8450507 4.850068 4.8552275 4.8605356 4.8659986 4.8716237 4.8774183 4.8833902 4.8895479 4.8959003 4.9024571 4.9092287 4.9162259
4.70127 4.7030375 4.7048358 4.7066655 4.7085276 4.7104228 4.7123521 4.7143162 4.7163161 4.7183527 4.7204271 4.7225402 4.7246932 4.7268869 4.7291227 4.7314017 4.7337251 4.7360941 4.7385101 4.7409744 4.7434884 4.7460536 4.7486715 4.7513437 4.7540719 4.7568577 4.7597029 4.7626094 4.7655792 4.7686142 4.7717165 4.7748885 4.7781323 4.7814504 4.7848452 4.7883195 4.7918759 4.7955175 4.7992471 4.8030679 4.8069834 4.8109969 4.8151123 4.8193334 4.8236642 4.8281091 4.8326726 4.8373596 4.8421752 4.8471246 4.8522137 4.8574485 4.8628355 4.8683814 4.8740935 4.8799797 4.8860482 4.892308 4.8987684 4.9054396
4.6981875 4.6999066 4.7016552 4.7034342 4.7052442 4.707086 4.7089606 4.7108686 4.7128109 4.7147885 4.7168023 4.7188533 4.7209423 4.7230706 4.725239 4.7274488 4.729701 4.7319969 4.7343377 4.7367246 4.739159 4.7416423 4.7441758 4.7467611 4.7493997 4.7520932 4.7548433 4.7576517 4.7605202 4.7634507 4.7664451 4.7695056 4.7726342 4.7758332 4.7791049 4.7824517 4.7858763 4.7893812 4.7929692 4.7966434 4.8004067 4.8042624 4.8082139 4.8122648 4.8164187 4.8206798 4.825052 4.8295399 4.834148 4.8388814 4.8437451 4.8487448 4.8538862 4.8591757 4.8646197 4.8702255 4.8760005 4.8819527 4.8880909 4.8944241
4.6950773 4.6967473 4.6984456 4.700173 4.7019302 4.7037179 4.7055369 4.7073879 4.7092719 4.7111895 4.7131418 4.7151296 4.7171538 4.7192154 4.7213154 4.7234549 4.7256348 4.7278564 4.7301207 4.7324289 4.7347824 4.7371823 4.73963 4.7421268 4.7446743 4.7472738 4.749927 4.7526354 4.7554008 4.7582248 4.7611092 4.7640561 4.7670672 4.7701448 4.7732908 4.7765076 4.7797975 4.7831629 4.7866064 4.7901307 4.7937386 4.7974329 4.8012168 4.8050936 4.8090665 4.8131392 4.8173155 4.8215994 4.8259949 4.8305065 4.835139 4.8398972 4.8447865 4.8498123 4.8549806 4.8602977 4.8657703 4.8714056 4.8772112 4.8831954
4.6919406 4.6935608 4.6952082 4.6968833 4.698587 4.7003198 4.7020824 4.7038757 4.7057004 4.7075573 4.7094472 4.7113709 4.7133293 4.7153233 4.7173539 4.7194219 4.7215285 4.7236745 4.7258612 4.7280896 4.7303608 4.732676 4.7350364 4.7374434 4.7398983 4.7424023 4.744957 4.7475638 4.7502242 4.7529399 4.7557124 4.7585436 4.7614352 4.7643891 4.7674072 4.7704916 4.7736443 4.7768676 4.7801638 4.7835353 4.7869846 4.7905144 4.7941273 4.7978263 4.8016145 4.8054949 4.8094711 4.8135463 4.8177245 4.8220094 4.8264052 4.8309163 4.8355472 4.8403029 4.8451884 4.8502094 4.8553716 4.8606813 4.8661451 4.8717702
4.6887786 4.6903484 4.6919442 4.6935664 4.6952158 4.696893 4.6985987 4.7003335 4.7020981 4.7038934 4.7057201 4.7075788 4.7094706 4.7113961 4.7133562 4.7153519 4.717384 4.7194536 4.7215615 4.7237088 4.7258966 4.7281259 4.7303979 4.7327137 4.7350745 4.7374816 4.7399363 4.7424399 4.7449938 4.7475995 4.7502584 4.7529721 4.7557422 4.7585705 4.7614585 4.7644083 4.7674216 4.7705004 4.7736467 4.7768628 4.7801508 4.783513 4.7869519 4.79047 4.7940699 4.7977545 4.8015266 4.8053893 4.8093458 4.8133995 4.8175539 4.8218127 4.8261798 4.8306595 4.835256 4.8399742 4.8448188 4.8497952 4.854909 4.8601661
4.6855925 4.6871113 4.6886548 4.6902236 4.6918181 4.693439 4.695087 4.6967626 4.6984666 4.7001995 4.7019621 4.7037552 4.7055794 4.7074355 4.7093244 4.7112468 4.7132036 4.7151956 4.7172238 4.719289 4.7213923 4.7235346 4.7257169 4.7279403 4.7302058 4.7325147 4.734868 4.737267 4.7397129 4.7422071 4.7447507 4.7473453 4.7499922 4.752693 4.7554492 4.7582623 4.7611341 4.7640663 4.7670605 4.7701188 4.773243 4.7764351 4.7796972 4.7830315 4.7864402 4.7899257 4.7934905 4.7971371 4.8008682 4.8046866 4.8085953 4.8125973 4.8166959 4.8208945 4.8251967 4.8296062 4.8341271 4.8387635 4.84352 4.8484013
4.6823833 4.6838507 4.6853415 4.6868561 4.6883952 4.6899593 4.6915489 4.6931647 4.6948072 4.6964771 4.6981751 4.6999017 4.7016576 4.7034436 4.7052604 4.7071087 4.7089893 4.7109029 4.7128504 4.7148326 4.7168504 4.7189046 4.7209962 4.723126 4.7252952 4.7275046 4.7297554 4.7320485 4.7343851 4.7367663 4.7391933 4.7416673 4.7441895 4.7467612 4.7493838 4.7520586 4.754787 4.7575706 4.7604108 4.7633091 4.7662674 4.7692871 4.77237 4.775518 4.7787329 4.7820166 4.7853711 4.7887985 4.792301 4.7958808 4.7995402 4.8032816 4.8071076 4.8110208 4.815024 4.8191199 4.8233117 4.8276025 4.8319956 4.8364946
4.6791525 4.6805679 4.6820054 4.6834654 4.6849485 4.6864551 4.6879859 4.6895412 4.6911217 4.692728 4.6943606 4.6960201 4.6977071 4.6994222 4.7011662 4.7029396 4.7047432 4.7065776 4.7084436 4.7103419 4.7122733 4.7142385 4.7162384 4.7182738 4.7203455 4.7224545 4.7246016 4.7267877 4.7290138 4.7312809 4.7335899 4.735942 4.7383381 4.7407793 4.7432668 4.7458018 4.7483853 4.7510187 4.7537031 4.7564398 4.7592302 4.7620756 4.7649773 4.7679369 4.7709557 4.7740352 4.777177 4.7803827 4.7836539 4.7869922 4.7903993 4.793877 4.7974271 4.8010514 4.8047518 4.8085302 4.8123887 4.8163292 4.8203541 4.8244654
4.6759011 4.6772641 4.6786478 4.6800528 4.6814794 4.6829281 4.6843994 4.6858938 4.6874117 4.6889538 4.6905204 4.6921122 4.6937296 4.6953733 4.6970437 4.6987416 4.7004675 4.702222 4.7040057 4.7058194 4.7076636 4.709539 4.7114464 4.7133864 4.7153598 4.7173674 4.7194098 4.721488 4.7236026 4.7257544 4.7279445 4.7301735 4.7324423 4.7347519 4.7371031 4.7394969 4.7419342 4.7444159 4.7469431 4.7495167 4.7521377 4.7548071 4.757526 4.7602954 4.7631164 4.7659899 4.7689171 4.771899 4.7749367 4.7780313 4.7811838 4.7843953 4.7876669 4.7909995 4.7943942 4.797852 4.8013739 4.8049609 4.8086137 4.8123335
