Cobbity/QGIS/C2_Reading1.tif
NCOLS 299
NROWS 159
XLLCORNER 150.661
YLLCORNER -34.0271
CELLSIZE 1e-05
NODATA_VALUE -9999
[rows 26 to 51 of 159, columns 120 to 179 of 299]
7.2746622 7.2790831 7.3158189 7.3857968 7.479144 7.5776608 7.6555549 7.6824826 7.6418799 7.5387687 7.3882476 7.2134602 7.0326971 6.8608445 6.7064393 6.5715409 6.4548579 6.3535803 6.2643544 6.1838988 6.10939 6.038669 5.9702988 5.903498 5.837997 5.7738675 5.7113645 5.6508014 5.5924676 5.5365842 5.4832931 5.4326635 5.3847077 5.3393959 5.296669 5.2564456 5.2186285 5.1831085 5.149769 5.1184906 5.0891552 5.0616506 5.0358733 5.0117306 4.9891407 4.9680311 4.948336 4.9299923 4.9129364 4.8971006 4.8824115 4.8687891 4.8561476 4.8443971 4.8334462 4.8232051 4.8135879 4.8045156 4.7959173 4.7877313
7.4793201 7.4493157 7.4894287 7.5939136 7.7455715 7.9176312 8.0725496 8.138647 8.0737728 7.9212098 7.691045 7.4457333 7.1981966 6.9774106 6.791982 6.6383863 6.51132 6.4049287 6.3134942 6.2319717 6.1563299 6.0837204 6.0124657 5.941872 5.8719391 5.8030665 5.7358123 5.6707237 5.6082369 5.5486425 5.4920947 5.4386429 5.3882659 5.3408981 5.2964453 5.2547926 5.2158084 5.1793485 5.1452612 5.1133929 5.0835948 5.0557284 5.0296702 5.0053145 4.9825728 4.9613717 4.9416473 4.9233396 4.9063869 4.8907207 4.8762629 4.8629253 4.8506105 4.8392149 4.8286325 4.8187594 4.8094975 4.8007579 4.7924628 4.7845467
7.6971245 7.6162553 7.6663707 7.8269959 8.0724957 8.3638793 8.6766692 8.8827167 8.6418572 8.4698827 8.0465615 7.7283369 7.3578357 7.079111 6.8641008 6.6954375 6.562528 6.4555232 6.3657574 6.2860523 6.2109734 6.136991 6.0624044 5.9869474 5.9112214 5.8362105 5.7629484 5.6923039 5.6248773 5.5609986 5.5007872 5.4442276 5.3912325 5.3416812 5.2954344 5.252336 5.2122116 5.1748712 5.1401158 5.1077461 5.0775718 5.0494202 5.0231432 4.998621 4.9757613 4.9544946 4.9347653 4.9165227 4.8997113 4.8842643 4.8700991 4.8571172 4.8452058 4.8342431 4.8241038 4.8146654 4.8058145 4.7974503 4.7894879 4.7818582
7.8835266 7.7591821 7.837689 8.0855931 8.4776606 8.9709825 9.375029 10.30899 9.0096558 8.895586 8.386332 8.0168558 7.4369585 7.1428668 6.9103768 6.7371928 6.6075324 6.5074255 6.4252103 6.3513544 6.2788395 6.2035289 6.1241866 6.0416832 5.9577845 5.8744169 5.7933045 5.715716 5.6423787 5.5735643 5.5092531 5.4492856 5.3934627 5.3415909 5.2934838 5.2489413 5.2077368 5.1696183 5.1343213 5.1015828 5.0711553 5.0428204 5.0163989 4.9917572 4.9688045 4.9474846 4.9277613 4.9096025 4.8929665 4.8777912 4.8639893 4.8514482 4.8400342 4.8296 4.8199937 4.8110688 4.8026917 4.794748 4.7871449 4.7798118
7.9923356 7.8608557 7.9952676 8.3660323 8.9599689 9.7577462 10.159533 9.4184909 8.7282693 8.2696067 8.0060538 7.6231478 7.4543656 7.1392921 6.9167381 6.7606777 6.6486822 6.5664179 6.5000337 6.4373951 6.3695524 6.2916465 6.2039482 6.1101636 6.0140532 5.918861 5.8272583 5.7409412 5.6605891 5.586176 5.5173452 5.4536688 5.3947826 5.3404226 5.2903786 5.2444175 5.2022455 5.1635204 5.1278814 5.0949739 5.06447 5.0360878 5.0096091 4.9848877 4.9618459 4.9404581 4.9207256 4.9026509 4.886216 4.871368 4.8580133 4.846019 4.835221 4.8254356 4.8164739 4.8081564 4.800324 4.7928462 4.7856235 4.7785864
8.0040107 7.9121683 8.133839 8.6458497 9.5772571 10.467769 9.572626 8.8076675 8.2575669 7.855944 7.5599539 7.3243143 7.1194342 7.0061792 6.8826433 6.7710549 6.6944518 6.6445494 6.6053976 6.5611062 6.5003624 6.4155182 6.3106009 6.1978117 6.0828836 5.9705095 5.8647476 5.7675968 5.6791746 5.598635 5.5249539 5.4572688 5.395004 5.3378877 5.2857865 5.2384692 5.1955353 5.1564911 5.1208274 5.0880561 5.0577333 5.0294874 5.0030487 4.9782654 4.9550949 4.933573 4.9137699 4.8957472 4.8795254 4.8650652 4.8522621 4.8409521 4.8309251 4.8219444 4.8137683 4.8061718 4.7989632 4.7919941 4.7851613 4.7784024
7.8877902 7.9235069 8.255047 8.9216634 9.7879355 9.9482561 9.0754831 8.3944753 7.9144573 7.5590756 7.2857066 7.0625688 6.9144088 6.8954643 6.8372107 6.7838389 6.761484 6.7634957 6.7686386 6.7516808 6.7046929 6.6023937 6.4546153 6.3119339 6.1673211 6.0295195 5.9047089 5.7947261 5.6976854 5.6108714 5.5321874 5.4601662 5.3939614 5.3335212 5.2791233 5.2305992 5.1872937 5.1484215 5.1132435 5.0810809 5.0513214 5.0234613 4.997162 4.9722811 4.9488555 4.9270395 4.907025 4.8889704 4.8729537 4.8589513 4.8468376 4.8363981 4.8273524 4.8193844 4.812176 4.805439 4.7989401 4.7925129 4.7860581 4.7795316
7.7628086 7.9173672 8.3508281 9.1467656 10.660494 9.5755287 8.6408088 8.0641029 7.6458586 7.3337761 7.0939073 6.8777376 6.6571538 6.7825955 6.8043427 6.8194083 6.8754218 6.9593045 7.0396568 7.0592727 7.0453132 6.9203924 6.6315882 6.4661057 6.2690684 6.0941861 5.9438387 5.8207393 5.7159672 5.6233343 5.5397539 5.4630444 5.3916266 5.3263765 5.2692051 5.2199245 5.1770371 5.1391849 5.1053172 5.0745052 5.0458893 5.0187591 4.9926768 4.9675457 4.9435709 4.9211319 4.9006323 4.8823822 4.8665371 4.8530836 4.8418528 4.8325475 4.824778 4.8181083 4.8121075 4.8063991 4.800697 4.7948215 4.7886934 4.7823089
7.6549973 7.9030071 8.410616 9.3445152 9.8209594 8.9563013 8.2799118 7.7849227 7.4211995 7.1531748 6.9620758 6.8296695 6.7225293 6.7602799 6.8048615 6.8943182 7.0702291 7.3085318 7.4385715 7.6345989 7.3014402 7.1828118 6.762883 6.6037187 6.4106715 6.1550038 5.97344 5.8447054 5.7354018 5.6374762 5.5495669 5.4686861 5.3885757 5.3138248 5.2533579 5.204915 5.1640732 5.1286733 5.0974396 5.0691617 5.0425981 5.0166819 4.9908152 4.9650295 4.9398858 4.9161934 4.8947178 4.8759932 4.8602616 4.8474934 4.8374339 4.8296506 4.8235843 4.8186152 4.8141442 4.8096693 4.8048392 4.7994743 4.793549 4.7871425
7.5934523 7.8833862 8.4406467 9.2642219 9.2347607 8.5348754 7.9618103 7.5381993 7.2231399 6.9959815 6.8569912 6.8538257 6.8417399 6.772421 6.8305408 7.0086794 7.3464561 8.0206412 7.9556091 7.4529836 7.0330884 6.7702331 6.5612879 6.5099945 6.5607455 6.1256141 5.9814616 5.8736887 5.7608905 5.6540864 5.5647 5.4896177 5.3875523 5.2858296 5.2256759 5.1834289 5.1475922 5.1168917 5.0903906 5.0665786 5.0435608 5.0195681 4.9936943 4.9663044 4.9387314 4.9126152 4.8893289 4.8697005 4.8540201 4.8421675 4.8337268 4.8280538 4.8243276 4.821642 4.8191406 4.816142 4.8122175 4.8072171 4.8012355 4.7945182
7.537158 7.8499125 8.4346681 9.489132 9.0660686 8.192016 7.6818236 7.3148663 7.0407788 6.8429893 6.7233061 6.7201662 6.7427915 6.7428176 6.8576001 7.1444857 7.7324801 8.0786454 7.7542889 7.1291269 6.7623408 6.5125121 6.3407454 6.2315797 6.0257268 5.9644476 5.9919068 5.9457771 5.8037435 5.6482667 5.5829376 5.5767245 5.3818795 5.201425 5.1795995 5.1541431 5.1268879 5.1041046 5.0856668 5.0695875 5.0527698 5.0318339 5.0051319 4.9739664 4.9414149 4.9107389 4.8842956 4.8631814 4.8475521 4.8370261 4.8309123 4.8282633 4.8278599 4.8283268 4.8284043 4.8271581 4.8240699 4.8190787 4.8125235 4.8049804
7.469687 7.7913219 8.4792105 9.2579197 8.3957641 7.8377526 7.4225992 7.109264 6.8693917 6.6904267 6.5681481 6.5099355 6.6011625 6.6904878 6.8714157 7.2349773 7.9042861 8.2845925 7.3475891 6.8644336 6.5466018 6.3269497 6.1743972 6.0583615 5.9295036 5.9336313 6.0845067 6.1853382 6.0087859 5.6340669 5.5909318 5.5205438 5.3098186 5.1065718 5.135426 5.1175089 5.1012087 5.0910228 5.0860629 5.0834261 5.0781777 5.062478 5.0323083 4.9923689 4.9496333 4.9105336 4.8789395 4.8557273 4.8403772 4.8319083 4.8292253 4.8310494 4.8355695 4.840531 4.8440292 4.8448266 4.8422837 4.8365359 4.8283857 4.819049
7.3828683 7.6848238 8.1602485 8.3776048 7.9562348 7.5225469 7.1860433 6.9207906 6.7083874 6.5304118 6.4077509 6.4397755 6.5117894 6.6364525 6.8659899 7.3263569 8.048033 7.4711199 6.9986076 6.6282138 6.3616969 6.1744506 6.0519649 5.9814086 5.8734124 5.9411371 6.4576058 6.5123718 6.360391 5.8179879 5.5852631 5.4244602 5.268938 5.1469887 5.0991285 5.0770044 5.0678404 5.0794321 5.0967104 5.1171787 5.1367835 5.1325117 5.088669 5.0290348 4.9650492 4.9106005 4.871534 4.8460274 4.8317648 4.826587 4.8289273 4.8375686 4.8499475 4.8615422 4.8695118 4.8726689 4.8699055 4.8618536 4.850094 4.8369797
7.2857375 7.5814989 8.0527626 8.0667735 7.6023088 7.2556529 6.9762516 6.7518144 6.5667069 6.3739435 6.006625 6.1594674 6.414842 6.5789016 6.8364533 7.2728302 7.5246642 7.144416 6.7286943 6.4219483 6.1963173 6.0380632 5.9453448 5.9461864 6.0877586 6.2191667 8.0371406 7.220417 6.1963157 5.7936891 5.5416181 5.3623039 5.2110598 5.0726317 4.9697339 4.9547107 5.0196092 5.075248 5.1271284 5.1824922 5.2644043 5.3074832 5.1899248 5.101572 4.9853866 4.9055237 4.8586698 4.831933 4.8208636 4.8209102 4.8299979 4.84907 4.876386 4.8979848 4.910657 4.9172052 4.9120895 4.8989341 4.8795773 4.8582536
7.2020905 7.5351652 8.1180704 7.7416012 7.3348802 7.0305504 6.7907013 6.602419 6.4563322 6.3339562 6.1938114 6.2263708 6.3629869 6.5194304 6.7886234 7.3734377 7.7326106 6.9104329 6.5090602 6.2396186 6.0437503 5.9063828 5.8230749 5.791118 5.8684669 5.9626247 6.3820023 6.4681594 5.9743063 5.6722029 5.4598001 5.2917349 5.1418489 4.9687477 4.5931528 4.7443309 4.9844896 5.0921349 5.1953434 5.2959978 5.4373677 5.7397282 5.2755887 5.2458261 4.9727237 4.8877593 4.8347691 4.809921 4.8073172 4.8155375 4.8311393 4.8626307 4.929111 4.9675636 4.9741497 4.9928381 4.9769598 4.9564681 4.9204423 4.8816493
7.1494086 7.5622011 7.7914709 7.4795506 7.1067705 6.8312614 6.6225788 6.4673792 6.36498 6.336262 6.3375357 6.2761089 6.318747 6.4525681 6.7310652 7.1622543 7.0033476 6.6216875 6.3036047 6.0710318 5.8991462 5.7761443 5.69655 5.6390756 5.6501614 5.6189111 5.2894533 5.7464428 5.6914037 5.5244768 5.3618051 5.2151231 5.0782863 4.940841 4.8331241 4.8731017 5.0062753 5.1441633 5.284433 5.5 5.3497663 5.3940966 5.1930146 5.090398 4.9113445 4.8675904 4.7780741 4.7744367 4.7932555 4.8148398 4.8304251 4.8513997 4.9851532 5.0688665 5.0289423 5.0803076 5.0904878 5.0593995 4.9769836 4.9172587
7.1162005 7.6163347 7.8628602 7.2386584 6.8899451 6.6452277 6.4643565 6.3388503 6.2745033 6.2945753 6.3185601 6.2313584 6.2485667 6.3666572 6.6241447 7.0574136 6.752039 6.3730507 6.1113163 5.9121707 5.7602796 5.6470824 5.5587389 5.5175049 5.5894869 5.6374443 5.5986901 5.5752439 5.5099545 5.39434 5.2655934 5.1373486 5.0112415 4.8957082 4.8060162 4.9074752 5.0323736 5.2510701 5.4944721 5.2890487 5.1905642 5.1154248 5.0264615 4.9306838 4.8347684 4.7133174 4.6444664 4.7298994 4.7868145 4.8356452 4.8425317 4.8 4.8837895 4.9462138 4.9668546 5.0238809 5.2268703 5.141068 5.0422509 5.0360339
7.1080927 7.8870481 7.4100693 6.9738912 6.6801491 6.4661413 6.3095809 6.2096008 6.18603 6.2256125 6.1750435 6.1348631 6.156548 6.2682546 6.5514417 6.8593603 6.4507386 6.1570687 5.9356397 5.76238 5.6261341 5.5203336 5.4506744 5.4246466 5.5258757 5.6169472 5.57745 5.4806305 5.3912431 5.2892921 5.1794048 5.0626409 4.9217627 4.7486529 4.7926161 4.9136772 5.0261347 5.1537781 5.3097642 5.1558732 5.054536 4.9792029 4.904302 4.8233178 4.7339251 4.6446651 4.6293078 4.7010538 4.7963349 4.9083624 4.9467226 4.8465571 4.8444872 4.8666805 4.8974235 4.9524037 5.0426089 5.137453 5.137727 5.0685225
7.0231978 7.2873685 7.0668181 6.7240384 6.4769539 6.2910009 6.1520726 6.0654902 6.0837741 6.2486182 6.0856822 6.0265502 6.0529855 6.1531558 6.3487351 6.5372205 6.2248039 5.9654919 5.7734829 5.6206516 5.4966708 5.3823249 5.2332902 5.3648945 5.5199867 5.6423658 5.4958076 5.3914097 5.2961536 5.2012752 5.1055494 5.00482 4.8636161 4.5119323 4.6642806 4.9001348 5.0095214 5.0959835 5.0665992 5.0173537 4.9500895 4.8831616 4.8139195 4.7364835 4.6370124 4.449482 4.4548465 4.6640307 4.8216434 4.9851646 4.9453292 4.8497357 4.8157711 4.8190879 4.8413712 4.8811543 4.9522107 5.1192032 5.6 5.1038876
6.9862497 7.1750788 6.7582123 6.4892886 6.2831032 6.1194773 5.9886903 5.8833146 5.8063883 5.8630491 5.8990075 5.9054902 5.9499656 6.0545197 6.2571499 6.1833419 5.9779531 5.7855455 5.6211285 5.4850483 5.3739169 5.2827975 5.1942664 5.3267588 5.5211829 5.5679897 5.4270537 5.3068186 5.2101788 5.1225677 5.0415691 4.9689683 4.9097347 4.8451208 4.8367884 4.9148166 4.9990491 5.0326081 4.9845883 4.9283076 4.8687521 4.8070172 4.7411273 4.6642704 4.5652123 4.456027 4.4812317 4.6395168 4.8139308 5.2366295 4.9647473 4.8122487 4.7775248 4.776643 4.7913275 4.8123337 4.812062 4.6972143 4.9579401 4.9574993
7.1049402 6.8969863 6.5120078 6.2787395 6.100472 5.9531318 5.8264364 5.7091513 5.5375731 5.6139743 5.7376665 5.7875922 5.8586662 6.0035517 6.1182551 5.98972 5.7952364 5.6237265 5.476466 5.3517892 5.2500451 5.1588854 5.1708657 5.3314137 5.7715583 5.5952097 5.3384098 5.2182547 5.1263165 5.0470785 4.9802649 4.934626 4.9467001 4.9759981 4.894887 4.9252549 5.0129806 5.0499659 4.9386809 4.8648035 4.8027027 4.7426349 4.6795685 4.6031801 4.4717514 4.2630977 4.4768672 4.6075359 4.6499086 4.6451296 4.7480984 4.740976 4.7322763 4.7357896 4.7471494 4.7567648 4.7538148 4.7617514 4.8127325 4.8432983
6.579094 6.529086 6.27447 6.083014 5.9286549 5.7929762 5.6633402 5.5357679 5.4993564 5.5596341 5.6248468 5.6806123 5.7681689 6.0038372 6.3341117 5.8668669 5.6376533 5.4748844 5.3360331 5.2141344 5.1098333 5.0683337 5.1181971 5.2327417 5.3536756 5.3424998 5.2222074 5.1235239 5.0411217 4.9699873 4.9138041 4.8838195 4.8881098 4.8895772 4.8742272 4.9221573 5.0980376 5.0269718 4.8893221 4.8075665 4.7431403 4.6839699 4.6246022 4.5590116 4.4697888 4.3663027 4.492691 4.5915153 4.5862768 4.4728246 4.640303 4.6811695 4.6894605 4.6981567 4.7104052 4.7125172 4.6217108 4.8339671 4.8565584 4.8083812
6.4783097 6.2337115 6.0517499 5.9015394 5.7680094 5.641253 5.5054388 5.2877175 5.1772722 5.4312678 5.5207288 5.5792946 5.6606309 5.7854107 5.8205033 5.6646585 5.4848957 5.3324485 5.1961514 5.0678018 4.9292553 4.7197927 4.9791954 5.1432407 5.2903769 5.1879693 5.1049491 5.0270895 4.9538059 4.8876141 4.8357582 4.8210902 4.894079 4.8378131 4.8243374 4.8795382 4.9933933 4.949159 4.8270254 4.7474658 4.6840604 4.6256343 4.568483 4.5110172 4.4536112 4.4666941 4.5315512 4.6072028 4.7109653 4.7098617 4.6493196 4.6482153 4.6532817 4.6638582 4.6803029 4.6974882 4.7086686 5.0375302 4.8971954 4.7869304
6.1226852 6.0024724 5.8627456 5.7375952 5.6196151 5.4975768 5.3618709 5.2499368 5.2491023 5.355849 5.4287332 5.4858196 5.568895 5.7700574 5.7663746 5.5088317 5.3398089 5.1934401 5.054362 4.9072923 4.7468983 4.7477312 4.9040704 5.0618511 5.1248052 5.0708483 5.0021472 4.9334683 4.8645018 4.7971881 4.7355439 4.6904112 4.712779 4.7348766 4.7527363 4.8234753 5 4.8404058 4.748902 4.6826026 4.6228184 4.563301 4.501757 4.4475434 4.4153216 4.4468362 4.5292025 4.6157836 4.707245 4.7035567 4.6424702 4.6207243 4.6193058 4.6298015 4.6499938 4.6662656 4.7239057 4.9406293 4.8235122 4.7486742
6.0138677 5.8252877 5.6981474 5.5904221 5.4856656 5.3644875 5.1628194 4.8877771 5.1371567 5.2814175 5.3468538 5.4019641 5.4907693 5.5951081 5.5191411 5.3567156 5.2006178 5.0557646 4.9107008 4.7419474 4.4038015 4.4262361 4.8149798 5.0180466 5.1125231 4.9777656 4.9080304 4.8429212 4.7733506 4.6984843 4.6178885 4.5051676 4.4488466 4.6095173 4.6634101 4.6782325 4.7069378 4.7125308 4.6681518 4.6162073 4.5595846 4.4955396 4.4127584 4.2915137 4.3059822 4.4244284 4.5118674 4.6237318 4.8657367 4.7121513 4.6149647 4.5870487 4.582073 4.5915236 4.6149134 4.644675 4.7102357 4.9197772 4.7720692 4.701363
5.7884467 5.6536739 5.5494461 5.4575474 5.3689745 5.2700323 5.108812 4.8672977 5.0872396 5.217957 5.2746014 5.3239191 5.4203531 5.6296604 5.3975551 5.2151602 5.063751 4.9161188 4.7591271 4.5730022 4.4312301 4.542428 4.7599442 4.8847173 4.904807 4.873018 4.8185915 4.7551815 4.6808368 4.5904925 4.4776783 4.3914854 4.4312419 4.5280235 4.5898204 4.5719047 4.5342087 4.6127099 4.5964333 4.5523936 4.4956154 4.4256406 4.3296046 4.1238934 4.1337892 4.3739877 4.4765422 4.5562734 4.6435927 4.6186828 4.5670955 4.5451854 4.538358 4.5442135 4.5685339 4.6086442 4.7435726 4.7828549 4.6857843 4.6446539
