Cobbity/QGIS/C2_Reading8.tif
NCOLS 200
NROWS 169
XLLCORNER 150.661
YLLCORNER -34.0269
CELLSIZE 1e-05
NODATA_VALUE -9999
[rows 0 to 24 of 169, columns 0 to 56 of 200]
-3.5082883 -3.5078723 -3.5074491 -3.5070185 -3.5065806 -3.506135 -3.5056818 -3.5052208 -3.5047518 -3.5042747 -3.5037894 -3.5032957 -3.5027936 -3.5022828 -3.5017632 -3.5012348 -3.5006973 -3.5001507 -3.4995948 -3.4990294 -3.4984544 -3.4978698 -3.4972753 -3.4966708 -3.4960562 -3.4954314 -3.4947963 -3.4941506 -3.4934944 -3.4928275 -3.4921497 -3.491461 -3.4907613 -3.4900504 -3.4893283 -3.4885949 -3.48785 -3.4870938 -3.4863259 -3.4855465 -3.4847555 -3.4839527 -3.4831383 -3.4823121 -3.4814743 -3.4806247 -3.4797634 -3.4788905 -3.4780059 -3.4771098 -3.4762023 -3.4752835 -3.4743534 -3.4734122 -3.4724602 -3.4714974 -3.4705241
-3.5086074 -3.5081915 -3.5077683 -3.5073377 -3.5068995 -3.5064537 -3.5060001 -3.5055385 -3.5050689 -3.5045911 -3.5041049 -3.5036102 -3.5031068 -3.5025947 -3.5020737 -3.5015436 -3.5010044 -3.5004557 -3.4998976 -3.4993299 -3.4987523 -3.4981649 -3.4975674 -3.4969597 -3.4963417 -3.4957131 -3.495074 -3.4944242 -3.4937635 -3.4930917 -3.4924089 -3.4917148 -3.4910094 -3.4902926 -3.4895641 -3.488824 -3.4880722 -3.4873085 -3.4865329 -3.4857453 -3.4849456 -3.4841339 -3.4833101 -3.4824741 -3.4816259 -3.4807656 -3.4798931 -3.4790085 -3.4781117 -3.477203 -3.4762823 -3.4753497 -3.4744054 -3.4734495 -3.4724822 -3.4715036 -3.4705139
-3.5089337 -3.508518 -3.508095 -3.5076644 -3.5072262 -3.5067803 -3.5063264 -3.5058645 -3.5053943 -3.5049159 -3.5044289 -3.5039333 -3.503429 -3.5029157 -3.5023933 -3.5018617 -3.5013208 -3.5007703 -3.5002101 -3.4996401 -3.4990602 -3.4984701 -3.4978697 -3.4972589 -3.4966375 -3.4960054 -3.4953625 -3.4947085 -3.4940434 -3.4933671 -3.4926793 -3.4919799 -3.4912689 -3.4905461 -3.4898114 -3.4890647 -3.4883059 -3.4875348 -3.4867515 -3.4859558 -3.4851476 -3.4843269 -3.4834937 -3.4826478 -3.4817893 -3.4809182 -3.4800344 -3.479138 -3.478229 -3.4773075 -3.4763735 -3.4754271 -3.4744684 -3.4734975 -3.4725146 -3.4715199 -3.4705136
-3.5092674 -3.5088521 -3.5084293 -3.5079989 -3.5075608 -3.5071148 -3.5066608 -3.5061987 -3.5057282 -3.5052492 -3.5047617 -3.5042653 -3.5037601 -3.5032457 -3.5027222 -3.5021892 -3.5016467 -3.5010945 -3.5005325 -3.4999604 -3.4993781 -3.4987855 -3.4981824 -3.4975686 -3.4969441 -3.4963085 -3.4956619 -3.495004 -3.4943346 -3.4936537 -3.492961 -3.4922565 -3.4915401 -3.4908114 -3.4900706 -3.4893173 -3.4885516 -3.4877733 -3.4869823 -3.4861784 -3.4853618 -3.4845321 -3.4836895 -3.4828337 -3.4819649 -3.481083 -3.4801879 -3.4792797 -3.4783583 -3.4774239 -3.4764764 -3.475516 -3.4745427 -3.4735567 -3.4725581 -3.471547 -3.4705237
-3.5096085 -3.5091936 -3.5087713 -3.5083413 -3.5079034 -3.5074575 -3.5070035 -3.5065413 -3.5060706 -3.5055913 -3.5051033 -3.5046063 -3.5041003 -3.5035851 -3.5030605 -3.5025263 -3.5019824 -3.5014287 -3.5008649 -3.5002908 -3.4997064 -3.4991115 -3.4985058 -3.4978892 -3.4972616 -3.4966227 -3.4959725 -3.4953107 -3.4946373 -3.4939519 -3.4932546 -3.492545 -3.4918232 -3.4910888 -3.4903419 -3.4895822 -3.4888097 -3.4880242 -3.4872255 -3.4864137 -3.4855885 -3.48475 -3.483898 -3.4830324 -3.4821532 -3.4812604 -3.480354 -3.4794339 -3.4785001 -3.4775526 -3.4765916 -3.475617 -3.474629 -3.4736276 -3.4726131 -3.4715854 -3.4705449
-3.5099571 -3.5095429 -3.5091211 -3.5086915 -3.508254 -3.5078084 -3.5073546 -3.5068924 -3.5064217 -3.5059422 -3.5054538 -3.5049565 -3.5044499 -3.5039339 -3.5034084 -3.5028732 -3.5023281 -3.5017729 -3.5012075 -3.5006317 -3.5000453 -3.4994481 -3.49884 -3.4982208 -3.4975903 -3.4969483 -3.4962946 -3.4956292 -3.4949517 -3.4942621 -3.4935601 -3.4928457 -3.4921186 -3.4913787 -3.4906258 -3.4898598 -3.4890806 -3.4882879 -3.4874817 -3.4866619 -3.4858284 -3.484981 -3.4841196 -3.4832442 -3.4823547 -3.4814511 -3.4805332 -3.4796011 -3.4786549 -3.4776943 -3.4767196 -3.4757308 -3.4747279 -3.473711 -3.4726802 -3.4716357 -3.4705777
-3.5103133 -3.5098999 -3.5094788 -3.5090498 -3.5086129 -3.5081677 -3.5077142 -3.5072522 -3.5067815 -3.506302 -3.5058136 -3.5053159 -3.5048089 -3.5042923 -3.5037661 -3.50323 -3.5026838 -3.5021274 -3.5015606 -3.5009832 -3.500395 -3.4997957 -3.4991854 -3.4985637 -3.4979304 -3.4972854 -3.4966285 -3.4959595 -3.4952782 -3.4945845 -3.4938781 -3.4931589 -3.4924267 -3.4916813 -3.4909226 -3.4901504 -3.4893646 -3.4885649 -3.4877513 -3.4869236 -3.4860817 -3.4852255 -3.4843549 -3.4834697 -3.4825699 -3.4816554 -3.4807261 -3.4797821 -3.4788232 -3.4778496 -3.4768611 -3.4758578 -3.4748399 -3.4738073 -3.4727601 -3.4716986 -3.4706228
-3.5106772 -3.5102647 -3.5098445 -3.5094163 -3.50898 -3.5085354 -3.5080824 -3.5076207 -3.5071503 -3.506671 -3.5061825 -3.5056847 -3.5051775 -3.5046605 -3.5041338 -3.5035969 -3.5030499 -3.5024924 -3.5019243 -3.5013455 -3.5007556 -3.5001545 -3.4995421 -3.4989181 -3.4982822 -3.4976344 -3.4969744 -3.4963021 -3.4956172 -3.4949195 -3.4942088 -3.493485 -3.4927478 -3.4919971 -3.4912328 -3.4904545 -3.4896622 -3.4888556 -3.4880347 -3.4871992 -3.4863491 -3.4854841 -3.4846043 -3.4837093 -3.4827992 -3.4818739 -3.4809332 -3.4799772 -3.4790058 -3.4780189 -3.4770166 -3.4759988 -3.4749657 -3.4739172 -3.4728535 -3.4717747 -3.4706809
-3.5110488 -3.5106374 -3.5102182 -3.5097909 -3.5093555 -3.5089116 -3.5084593 -3.5079982 -3.5075282 -3.5070492 -3.5065609 -3.5060632 -3.5055558 -3.5050387 -3.5045115 -3.5039741 -3.5034264 -3.5028681 -3.5022989 -3.5017188 -3.5011275 -3.5005247 -3.4999104 -3.4992842 -3.498646 -3.4979956 -3.4973327 -3.4966572 -3.4959688 -3.4952673 -3.4945525 -3.4938243 -3.4930823 -3.4923265 -3.4915566 -3.4907724 -3.4899737 -3.4891604 -3.4883323 -3.4874892 -3.4866309 -3.4857573 -3.4848683 -3.4839637 -3.4830433 -3.4821072 -3.4811552 -3.4801872 -3.4792031 -3.478203 -3.4771867 -3.4761544 -3.4751059 -3.4740414 -3.472961 -3.4718647 -3.4707526
-3.5114283 -3.5110182 -3.5106001 -3.5101739 -3.5097395 -3.5092965 -3.508845 -3.5083846 -3.5079152 -3.5074367 -3.5069488 -3.5064513 -3.505944 -3.5054269 -3.5048995 -3.5043618 -3.5038136 -3.5032545 -3.5026845 -3.5021034 -3.5015108 -3.5009066 -3.5002905 -3.4996624 -3.499022 -3.4983692 -3.4977036 -3.4970251 -3.4963334 -3.4956283 -3.4949096 -3.4941771 -3.4934306 -3.4926697 -3.4918945 -3.4911045 -3.4902997 -3.4894798 -3.4886446 -3.4877939 -3.4869276 -3.4860455 -3.4851475 -3.4842332 -3.4833028 -3.4823559 -3.4813925 -3.4804125 -3.4794158 -3.4784024 -3.4773722 -3.4763251 -3.4752613 -3.4741806 -3.4730833 -3.4719693 -3.4708387
-3.5118157 -3.511407 -3.5109902 -3.5105653 -3.510132 -3.5096902 -3.5092396 -3.5087801 -3.5083116 -3.5078337 -3.5073463 -3.5068493 -3.5063423 -3.5058253 -3.505298 -3.5047601 -3.5042116 -3.5036521 -3.5030814 -3.5024994 -3.5019057 -3.5013002 -3.5006827 -3.5000529 -3.4994105 -3.4987554 -3.4980874 -3.497406 -3.4967113 -3.4960028 -3.4952804 -3.4945438 -3.4937929 -3.4930273 -3.4922469 -3.4914513 -3.4906405 -3.4898141 -3.4889721 -3.488114 -3.4872398 -3.4863493 -3.4854423 -3.4845186 -3.4835781 -3.4826205 -3.4816458 -3.4806539 -3.4796446 -3.4786179 -3.4775736 -3.4765119 -3.4754325 -3.4743356 -3.4732212 -3.4720893 -3.47094
-3.5122111 -3.5118039 -3.5113887 -3.5109652 -3.5105333 -3.5100927 -3.5096433 -3.5091849 -3.5087173 -3.5082403 -3.5077536 -3.5072572 -3.5067508 -3.5062341 -3.505707 -3.5051692 -3.5046206 -3.5040608 -3.5034897 -3.502907 -3.5023125 -3.501706 -3.5010872 -3.5004559 -3.4998118 -3.4991547 -3.4984843 -3.4978004 -3.4971028 -3.4963912 -3.4956653 -3.4949249 -3.4941697 -3.4933995 -3.4926141 -3.4918132 -3.4909966 -3.490164 -3.4893152 -3.4884499 -3.487568 -3.4866693 -3.4857534 -3.4848203 -3.4838698 -3.4829017 -3.4819158 -3.4809119 -3.4798901 -3.4788501 -3.4777918 -3.4767152 -3.4756203 -3.474507 -3.4733754 -3.4722255 -3.4710573
-3.5126145 -3.5122091 -3.5117956 -3.5113737 -3.5109433 -3.5105041 -3.5100561 -3.509599 -3.5091325 -3.5086566 -3.5081709 -3.5076753 -3.5071696 -3.5066535 -3.5061268 -3.5055893 -3.5050408 -3.5044809 -3.5039096 -3.5033265 -3.5027314 -3.5021241 -3.5015042 -3.5008716 -3.500226 -3.4995671 -3.4988947 -3.4982085 -3.4975083 -3.4967937 -3.4960645 -3.4953205 -3.4945614 -3.4937869 -3.4929967 -3.4921906 -3.4913684 -3.4905297 -3.4896744 -3.4888021 -3.4879127 -3.4870058 -3.4860813 -3.485139 -3.4841787 -3.4832001 -3.482203 -3.4811874 -3.480153 -3.4790997 -3.4780274 -3.476936 -3.4758255 -3.4746958 -3.4735468 -3.4723787 -3.4711913
-3.5130261 -3.5126226 -3.5122109 -3.5117908 -3.5113621 -3.5109246 -3.5104781 -3.5100225 -3.5095574 -3.5090827 -3.5085982 -3.5081036 -3.5075988 -3.5070835 -3.5065575 -3.5060205 -3.5054723 -3.5049127 -3.5043413 -3.5037581 -3.5031626 -3.5025547 -3.501934 -3.5013004 -3.5006535 -3.4999931 -3.4993189 -3.4986306 -3.497928 -3.4972107 -3.4964785 -3.4957312 -3.4949683 -3.4941897 -3.493395 -3.492584 -3.4917564 -3.4909119 -3.4900502 -3.4891711 -3.4882743 -3.4873596 -3.4864266 -3.4854753 -3.4845052 -3.4835163 -3.4825082 -3.4814808 -3.480434 -3.4793675 -3.4782812 -3.4771751 -3.4760489 -3.4749026 -3.4737363 -3.4725498 -3.4713432
-3.5134459 -3.5130445 -3.5126348 -3.5122167 -3.5117899 -3.5113542 -3.5109095 -3.5104555 -3.509992 -3.5095188 -3.5090356 -3.5085424 -3.5080387 -3.5075244 -3.5069992 -3.506463 -3.5059154 -3.5053561 -3.5047851 -3.5042019 -3.5036063 -3.502998 -3.5023768 -3.5017424 -3.5010945 -3.5004329 -3.4997571 -3.499067 -3.4983623 -3.4976426 -3.4969076 -3.4961572 -3.4953908 -3.4946083 -3.4938094 -3.4929937 -3.492161 -3.4913109 -3.4904431 -3.4895575 -3.4886535 -3.4877311 -3.4867899 -3.4858297 -3.4848501 -3.4838509 -3.482832 -3.4817931 -3.4807339 -3.4796543 -3.478554 -3.4774331 -3.4762913 -3.4751285 -3.4739446 -3.4727397 -3.4715136
-3.5138739 -3.5134748 -3.5130673 -3.5126514 -3.5122267 -3.5117931 -3.5113503 -3.5108982 -3.5104364 -3.5099649 -3.5094834 -3.5089916 -3.5084893 -3.5079762 -3.5074522 -3.5069169 -3.5063701 -3.5058116 -3.505241 -3.5046581 -3.5040626 -3.5034543 -3.5028329 -3.502198 -3.5015493 -3.5008867 -3.5002097 -3.499518 -3.4988115 -3.4980896 -3.4973522 -3.4965989 -3.4958294 -3.4950433 -3.4942404 -3.4934203 -3.4925827 -3.4917273 -3.4908537 -3.4899617 -3.4890509 -3.488121 -3.4871718 -3.4862028 -3.485214 -3.4842048 -3.4831752 -3.4821248 -3.4810534 -3.4799607 -3.4788467 -3.477711 -3.4765536 -3.4753742 -3.4741728 -3.4729494 -3.4717038
-3.5143102 -3.5139136 -3.5135086 -3.513095 -3.5126726 -3.5122412 -3.5118006 -3.5113505 -3.5108908 -3.5104212 -3.5099415 -3.5094514 -3.5089507 -3.5084392 -3.5079165 -3.5073824 -3.5068367 -3.5062791 -3.5057093 -3.505127 -3.504532 -3.5039238 -3.5033024 -3.5026673 -3.5020182 -3.5013548 -3.5006768 -3.499984 -3.4992758 -3.4985521 -3.4978125 -3.4970567 -3.4962843 -3.4954949 -3.4946883 -3.4938641 -3.493022 -3.4921615 -3.4912824 -3.4903843 -3.4894669 -3.4885299 -3.4875728 -3.4865955 -3.4855975 -3.4845786 -3.4835384 -3.4824767 -3.4813933 -3.4802878 -3.47916 -3.4780097 -3.4768366 -3.4756408 -3.4744218 -3.4731798 -3.4719145
-3.5147548 -3.5143609 -3.5139585 -3.5135475 -3.5131276 -3.5126987 -3.5122605 -3.5118127 -3.5113552 -3.5108878 -3.5104101 -3.509922 -3.5094232 -3.5089133 -3.5083923 -3.5078597 -3.5073153 -3.5067589 -3.5061902 -3.5056087 -3.5050144 -3.5044068 -3.5037856 -3.5031505 -3.5025013 -3.5018375 -3.5011589 -3.5004651 -3.4997557 -3.4990305 -3.498289 -3.497531 -3.496756 -3.4959637 -3.4951537 -3.4943257 -3.4934793 -3.4926141 -3.4917297 -3.4908259 -3.4899022 -3.4889582 -3.4879937 -3.4870082 -3.4860014 -3.4849729 -3.4839225 -3.4828498 -3.4817544 -3.4806362 -3.4794948 -3.47833 -3.4771415 -3.4759291 -3.4746927 -3.473432 -3.472147
-3.5152079 -3.5148168 -3.5144173 -3.514009 -3.5135919 -3.5131656 -3.51273 -3.5122848 -3.5118298 -3.5113647 -3.5108894 -3.5104034 -3.5099067 -3.5093989 -3.5088797 -3.5083489 -3.5078061 -3.5072512 -3.5066838 -3.5061035 -3.5055101 -3.5049033 -3.5042827 -3.5036481 -3.502999 -3.5023351 -3.5016562 -3.5009617 -3.5002515 -3.499525 -3.498782 -3.4980221 -3.4972449 -3.4964499 -3.4956369 -3.4948054 -3.4939551 -3.4930855 -3.4921963 -3.491287 -3.4903573 -3.4894068 -3.488435 -3.4874416 -3.4864263 -3.4853886 -3.4843281 -3.4832446 -3.4821376 -3.4810069 -3.4798521 -3.4786729 -3.477469 -3.4762403 -3.4749864 -3.4737071 -3.4724024
-3.5156694 -3.5152814 -3.5148849 -3.5144796 -3.5140654 -3.5136421 -3.5132093 -3.5127668 -3.5123145 -3.5118521 -3.5113793 -3.5108958 -3.5104015 -3.5098959 -3.5093789 -3.5088501 -3.5083093 -3.5077561 -3.5071903 -3.5066115 -3.5060194 -3.5054137 -3.504794 -3.50416 -3.5035114 -3.5028478 -3.5021689 -3.5014742 -3.5007634 -3.500036 -3.4992919 -3.4985304 -3.4977513 -3.4969541 -3.4961384 -3.4953038 -3.49445 -3.4935763 -3.4926826 -3.4917682 -3.4908329 -3.4898761 -3.4888974 -3.4878966 -3.486873 -3.4858263 -3.4847561 -3.4836621 -3.4825437 -3.4814007 -3.4802327 -3.4790393 -3.4778203 -3.4765753 -3.475304 -3.4740062 -3.4726818
-3.5161395 -3.5157547 -3.5153614 -3.5149594 -3.5145483 -3.5141281 -3.5136984 -3.5132589 -3.5128096 -3.51235 -3.51188 -3.5113993 -3.5109076 -3.5104045 -3.5098899 -3.5093635 -3.5088249 -3.5082737 -3.5077098 -3.5071328 -3.5065423 -3.5059381 -3.5053196 -3.5046867 -3.5040389 -3.5033759 -3.5026973 -3.5020027 -3.5012917 -3.5005639 -3.4998189 -3.4990563 -3.4982757 -3.4974766 -3.4966586 -3.4958213 -3.4949643 -3.494087 -3.4931891 -3.49227 -3.4913294 -3.4903668 -3.4893817 -3.4883736 -3.4873421 -3.4862869 -3.4852073 -3.484103 -3.4829736 -3.4818186 -3.4806376 -3.4794303 -3.4781963 -3.4769352 -3.4756467 -3.4743305 -3.4729864
-3.516618 -3.5162367 -3.5158469 -3.5154483 -3.5150406 -3.5146237 -3.5141973 -3.5137612 -3.513315 -3.5128586 -3.5123917 -3.5119139 -3.5114251 -3.5109249 -3.510413 -3.5098892 -3.509353 -3.5088043 -3.5082427 -3.5076677 -3.5070792 -3.5064767 -3.5058598 -3.5052283 -3.5045817 -3.5039197 -3.5032418 -3.5025476 -3.5018368 -3.5011089 -3.5003635 -3.4996001 -3.4988184 -3.4980178 -3.497198 -3.4963584 -3.4954986 -3.4946181 -3.4937164 -3.4927931 -3.4918476 -3.4908795 -3.4898883 -3.4888735 -3.4878345 -3.486771 -3.4856824 -3.4845683 -3.4834281 -3.4822615 -3.4810679 -3.4798469 -3.4785981 -3.4773211 -3.4760156 -3.4746811 -3.4733174
-3.5171051 -3.5167275 -3.5163414 -3.5159464 -3.5155424 -3.5151291 -3.5147062 -3.5142736 -3.5138309 -3.5133778 -3.5129142 -3.5124398 -3.5119541 -3.5114571 -3.5109482 -3.5104273 -3.509894 -3.509348 -3.5087889 -3.5082164 -3.5076301 -3.5070297 -3.5064148 -3.505785 -3.50514 -3.5044793 -3.5038025 -3.5031092 -3.5023989 -3.5016713 -3.5009259 -3.5001623 -3.4993798 -3.4985782 -3.4977569 -3.4969155 -3.4960533 -3.49517 -3.4942651 -3.4933379 -3.492388 -3.4914149 -3.490418 -3.4893969 -3.4883509 -3.4872796 -3.4861824 -3.4850588 -3.4839082 -3.4827303 -3.4815244 -3.4802901 -3.4790269 -3.4777343 -3.476412 -3.4750594 -3.4736763
-3.5176007 -3.5172271 -3.5168449 -3.5164538 -3.5160536 -3.5156441 -3.5152251 -3.5147962 -3.5143572 -3.5139079 -3.5134479 -3.512977 -3.5124948 -3.5120012 -3.5114956 -3.510978 -3.5104478 -3.5099048 -3.5093486 -3.5087789 -3.5081952 -3.5075973 -3.5069847 -3.5063571 -3.505714 -3.505055 -3.5043797 -3.5036877 -3.5029785 -3.5022516 -3.5015066 -3.500743 -3.4999604 -3.4991582 -3.4983359 -3.497493 -3.496629 -3.4957434 -3.4948356 -3.4939051 -3.4929513 -3.4919736 -3.4909716 -3.4899446 -3.488892 -3.4878133 -3.486708 -3.4855753 -3.4844149 -3.4832261 -3.4820083 -3.480761 -3.4794837 -3.4781759 -3.476837 -3.4754666 -3.4740643
-3.518105 -3.5177355 -3.5173574 -3.5169704 -3.5165744 -3.516169 -3.515754 -3.5153291 -3.5148941 -3.5144487 -3.5139926 -3.5135256 -3.5130472 -3.5125573 -3.5120554 -3.5115413 -3.5110146 -3.5104749 -3.509922 -3.5093554 -3.5087748 -3.5081797 -3.5075698 -3.5069447 -3.506304 -3.5056471 -3.5049738 -3.5042834 -3.5035756 -3.5028499 -3.5021058 -3.5013428 -3.5005604 -3.4997581 -3.4989353 -3.4980915 -3.4972261 -3.4963387 -3.4954286 -3.4944952 -3.493538 -3.4925563 -3.4915496 -3.4905172 -3.4894586 -3.4883731 -3.48726 -3.4861189 -3.484949 -3.4837498 -3.4825205 -3.4812607 -3.4799697 -3.478647 -3.477292 -3.4759041 -3.4744828
