Cobbity/QGIS/C2_Reading.tif
NCOLS 299
NROWS 159
XLLCORNER 150.661
YLLCORNER -34.0269
CELLSIZE 1e-05
NODATA_VALUE -9999
[rows 72 to 95 of 159, columns 108 to 161 of 299]
0.078596063 0.077624743 0.076951867 0.076348337 0.075637909 0.074573464 0.073259659 0.073653977 0.074953387 0.075591319 0.075835253 0.076235926 0.076658841 0.076896072 0.077098149 0.077257363 0.077344563 0.077374011 0.077448233 0.077680324 0.078039802 0.078515546 0.079279135 0.080660029 0.082177852 0.081331791 0.079900514 0.07904903 0.078528521 0.078256217 0.078271114 0.078736207 0.079646042 0.079353753 0.078688224 0.078500457 0.078192555 0.07777209 0.077352736 0.076964095 0.076620749 0.076337718 0.07612813 0.075976509 0.075789507 0.075442396 0.074979025 0.074589831 0.074457347 0.074600872 0.074753369 0.074843752 0.074939102 0.075177465
0.078749849 0.077688129 0.076976386 0.076383508 0.075823889 0.075307033 0.074909548 0.074935968 0.075206907 0.075054186 0.07409639 0.07383041 0.075294241 0.076338437 0.076879627 0.077152557 0.07719965 0.07700856 0.076852182 0.077205968 0.077767519 0.078351764 0.079208377 0.080847811 0.08284817 0.08166094 0.079782811 0.078806514 0.078273669 0.077975241 0.077905937 0.07815367 0.078590748 0.078701861 0.079017676 0.079576321 0.078860557 0.077945865 0.077319266 0.076844558 0.076447267 0.07611101 0.075838112 0.075605456 0.075331984 0.074918732 0.074374854 0.073993446 0.074067583 0.074322253 0.074521665 0.074625598 0.074710221 0.074958591
0.078365007 0.077593756 0.076957371 0.076371023 0.075798424 0.075411334 0.075386037 0.075423175 0.075350871 0.074790219 0.07313652 0.072530815 0.074665531 0.076099443 0.076828183 0.077182049 0.077170942 0.076599537 0.075921029 0.076672493 0.077530177 0.078102403 0.078740492 0.079687646 0.080519128 0.080103061 0.079140276 0.078435 0.077950589 0.077567362 0.077271894 0.077246937 0.077627046 0.078194732 0.079249351 0.080445394 0.079243053 0.077974092 0.07722318 0.076683146 0.076219293 0.075802439 0.07546864 0.075233988 0.074966125 0.074432176 0.07338079 0.072216831 0.072830329 0.073824419 0.07425514 0.074359899 0.074327921 0.074364348
0.078042106 0.077490346 0.076948095 0.076376277 0.075693795 0.075116754 0.075347107 0.07556989 0.075482689 0.075081122 0.074343313 0.074211645 0.075245888 0.076280523 0.076998843 0.077436804 0.077491938 0.076935999 0.07629827 0.076892716 0.077526414 0.077857103 0.078153541 0.07853869 0.078841839 0.078774317 0.07842653 0.0780261 0.077613382 0.077090155 0.076312823 0.075755887 0.076525835 0.077554123 0.078436032 0.078978274 0.07846976 0.077665347 0.077022304 0.07647508 0.075930947 0.075350469 0.074869983 0.074743243 0.074678817 0.074191669 0.072859198 0.071034573 0.072096033 0.073557417 0.074071051 0.074080399 0.073771034 0.073285757
0.077969134 0.077465432 0.077000893 0.076517554 0.075972632 0.075554513 0.075602497 0.075674736 0.075557105 0.075348664 0.075193843 0.075339877 0.075892527 0.076626492 0.077361366 0.078013646 0.078390644 0.078212172 0.077783749 0.077691586 0.077690309 0.077593683 0.077511019 0.077612054 0.077841499 0.077966336 0.077903719 0.077700889 0.077369895 0.076788209 0.075611837 0.0744 0.0757272 0.077054616 0.077687316 0.077899989 0.077705125 0.077274639 0.076785392 0.07626475 0.07564589 0.074793434 0.073861314 0.074014166 0.074472199 0.074298074 0.073554569 0.072765019 0.07310378 0.073790634 0.074047036 0.07386232 0.073144071 0.071624388
0.077975539 0.077489615 0.077106717 0.076748571 0.076385466 0.076084284 0.075902448 0.075707381 0.075419103 0.075148566 0.075137242 0.075498306 0.07612249 0.076901273 0.077828705 0.078984695 0.080216456 0.080422818 0.079373773 0.078452831 0.077820187 0.077152722 0.076478578 0.0764388 0.076994363 0.077425384 0.077565789 0.077499775 0.077278588 0.076860167 0.076146872 0.075615619 0.07627882 0.077079824 0.07745442 0.07750822 0.07733506 0.077010026 0.076595643 0.076110145 0.07550545 0.074625811 0.073548811 0.073803063 0.074464285 0.074513863 0.074249579 0.073995256 0.074011896 0.074155783 0.074147319 0.073817437 0.072892597 0.070765278
0.077909449 0.077515918 0.077243069 0.077017306 0.07675316 0.076421563 0.076048313 0.07558734 0.0749355 0.074164537 0.07404418 0.074919625 0.075987154 0.077016091 0.078214644 0.080046592 0.082978183 0.083847243 0.080985326 0.079056255 0.077901753 0.07653533 0.074598784 0.074537504 0.076179116 0.077084289 0.077386372 0.07740943 0.077291801 0.077082056 0.076837059 0.076767988 0.077077529 0.07751441 0.077694848 0.077545909 0.077246203 0.076883971 0.076469766 0.076004646 0.075493108 0.074938036 0.07446622 0.074475302 0.074679068 0.07467695 0.074561376 0.074476587 0.07445506 0.074437971 0.074321405 0.073992263 0.073289487 0.072073151
0.077802417 0.077538502 0.077422594 0.077412186 0.077249293 0.07676279 0.076135723 0.075395071 0.074275064 0.072410369 0.071850653 0.073957765 0.075713089 0.076990454 0.078279897 0.080142132 0.083050225 0.083909189 0.081176825 0.079305344 0.078147685 0.076603207 0.074060491 0.073996598 0.076077743 0.077063738 0.077365344 0.077401908 0.077338178 0.077247343 0.077193586 0.077283472 0.077653538 0.078314471 0.07851327 0.07790295 0.077315498 0.076842884 0.07637589 0.075865014 0.075351737 0.074980298 0.074839205 0.07484926 0.074836094 0.074657496 0.074477521 0.074544676 0.074647804 0.074646082 0.074530241 0.074283828 0.073882999 0.073386282
0.077722149 0.077548612 0.07763065 0.078078977 0.078158546 0.077219891 0.07620685 0.07524803 0.074070759 0.072335428 0.071822559 0.073889977 0.075671599 0.076951175 0.078082977 0.079335883 0.080658465 0.081023686 0.080169339 0.079353221 0.078796434 0.0779949 0.076733013 0.076386906 0.076992776 0.077375831 0.077472671 0.077442056 0.077376492 0.077326459 0.077333502 0.077473939 0.077928937 0.07898392 0.079354128 0.078187524 0.07737247 0.076827346 0.076292831 0.075619398 0.074786181 0.074256164 0.074519415 0.074887513 0.074897222 0.074401011 0.07383047 0.074324878 0.074746422 0.074826437 0.074742163 0.074571758 0.074348812 0.074119798
0.077658875 0.077478381 0.077641124 0.078431465 0.078722362 0.077381771 0.07611375 0.074982368 0.073913345 0.0732606 0.073458746 0.0745763 0.075897182 0.077021701 0.077946235 0.078731968 0.079347919 0.079616575 0.079573607 0.079602519 0.079967307 0.080332717 0.079692128 0.078613394 0.078047818 0.07779294 0.077623225 0.077483741 0.077378214 0.077326472 0.077343463 0.077458959 0.077765173 0.078331907 0.078497807 0.077881589 0.077300174 0.076826202 0.076278017 0.075394531 0.07379058 0.072370569 0.073684222 0.074876608 0.075112498 0.074581191 0.073887197 0.074481018 0.074956473 0.075030236 0.074940634 0.074800099 0.074657467 0.074522334
0.077565407 0.077247143 0.077202648 0.077532119 0.077588544 0.076829652 0.075764858 0.074337723 0.07242909 0.071544884 0.073028362 0.074768195 0.076161479 0.077267366 0.078102108 0.078653808 0.078987356 0.079211801 0.079460907 0.080032174 0.081514469 0.083899439 0.083011263 0.080282466 0.078810375 0.07811459 0.077734184 0.077490706 0.077325278 0.077251482 0.077285487 0.077363858 0.077484092 0.077626424 0.077660722 0.077482728 0.077207688 0.07689715 0.076463171 0.075643563 0.073977464 0.072429093 0.073872267 0.075234671 0.075696063 0.075607408 0.075313404 0.07532423 0.075365105 0.07527604 0.075111255 0.074927852 0.074803859 0.074736201
0.077409341 0.076828588 0.076360149 0.076292032 0.07646256 0.076243129 0.075463407 0.073780833 0.070269899 0.067892297 0.071769895 0.074776387 0.076497951 0.07775785 0.078729609 0.079160218 0.079156925 0.079208334 0.079499581 0.080228856 0.081994784 0.084988905 0.083969901 0.080812438 0.079108855 0.07825288 0.077768982 0.077469417 0.07728007 0.077202209 0.077242985 0.077286308 0.077306551 0.077306293 0.077331591 0.077301997 0.077208048 0.077092867 0.076925734 0.076541538 0.075749267 0.075085682 0.075411099 0.076059882 0.076680631 0.077184425 0.076939878 0.076291479 0.075843845 0.075541629 0.075262117 0.074935923 0.074724909 0.074807954
0.077232161 0.076331281 0.075150635 0.074819091 0.075697054 0.075978163 0.075539482 0.074310157 0.071879357 0.070434452 0.072935525 0.075367683 0.076998266 0.078416236 0.079897427 0.080330387 0.079603007 0.079332952 0.079547007 0.080125418 0.081076207 0.082073745 0.081651011 0.080176796 0.078984388 0.078210002 0.077711602 0.077405103 0.07725613 0.077216376 0.077221223 0.07723771 0.077232001 0.077201686 0.077237267 0.077262969 0.077293141 0.077404755 0.07766275 0.077978565 0.07787273 0.077215105 0.076778878 0.076901655 0.077776044 0.079406421 0.078838678 0.077127298 0.076249984 0.075813024 0.075488511 0.075109821 0.074841571 0.074926041
0.07717376 0.07621314 0.074812085 0.074405135 0.075532731 0.076034322 0.075930875 0.075491983 0.074826162 0.074443989 0.075127239 0.076325043 0.07752024 0.078767945 0.080273702 0.080710637 0.079757143 0.079414 0.079640833 0.080216624 0.080803695 0.080893595 0.080395623 0.079557481 0.078723244 0.078046226 0.077527661 0.077177188 0.077047486 0.077082532 0.077150295 0.077202496 0.07722214 0.077217776 0.077236032 0.077281967 0.077407917 0.077750199 0.07858607 0.080189857 0.081010723 0.079260319 0.077774651 0.077378055 0.078007069 0.079479418 0.078948702 0.077309791 0.076460994 0.076091941 0.075880147 0.075620173 0.075356654 0.075218647
0.077299239 0.076634844 0.075888103 0.075655181 0.076047088 0.076323794 0.076388084 0.07647806 0.076607284 0.076361281 0.076472556 0.07712978 0.077999631 0.07884981 0.079533421 0.079738013 0.079476746 0.079404625 0.079789536 0.080786047 0.082100221 0.081725679 0.080339611 0.079293778 0.078498794 0.077828788 0.077194887 0.076605255 0.076444813 0.076767883 0.07704467 0.077191958 0.077252196 0.077258611 0.077264045 0.077315001 0.077487254 0.077952287 0.079148802 0.081903764 0.083784751 0.080575229 0.078253954 0.077457305 0.07748582 0.077824124 0.077598201 0.076939849 0.076506013 0.076411094 0.076534916 0.076448899 0.075987583 0.075568164
0.077520586 0.077149262 0.076786808 0.076589276 0.076595423 0.076652473 0.076720929 0.076933639 0.0772 0.076994902 0.077120528 0.077723904 0.078619038 0.079484731 0.07974821 0.079532191 0.07932585 0.079350001 0.079807421 0.081083807 0.083169181 0.082499112 0.080374192 0.079118023 0.078314305 0.077639375 0.076863221 0.075780603 0.075456756 0.076409623 0.076986161 0.077276398 0.077409091 0.077368765 0.077309516 0.077331592 0.077485902 0.077886795 0.078790227 0.080426123 0.08125833 0.079598621 0.078006627 0.077241291 0.076984218 0.076928977 0.076805231 0.076594943 0.076499906 0.076761201 0.077585266 0.077831574 0.076703163 0.075887878
0.077769538 0.077602446 0.077372534 0.077129557 0.07697341 0.076903048 0.076903469 0.076989028 0.077087731 0.077152505 0.077464085 0.078155434 0.079388325 0.081141531 0.081224786 0.079936215 0.079330779 0.079245957 0.079552671 0.080324675 0.081265754 0.08095174 0.079764734 0.078822612 0.078143422 0.077556768 0.07688681 0.076005886 0.075753928 0.076496014 0.077051978 0.077488657 0.077790836 0.077558501 0.077352679 0.077321289 0.077421139 0.077668874 0.078107436 0.078647831 0.0787839 0.078189445 0.077399807 0.076816315 0.076499417 0.076400769 0.076379865 0.076360683 0.076432472 0.07683884 0.077904692 0.078268884 0.076926345 0.076040279
0.078036644 0.078083832 0.077870813 0.077489786 0.077210718 0.07705407 0.076994988 0.077020868 0.077110927 0.077286261 0.077644083 0.078305591 0.079560756 0.08167425 0.081725242 0.080008877 0.079257327 0.079095781 0.079218852 0.079500672 0.079731024 0.079569673 0.079054191 0.078486087 0.077985311 0.077545779 0.077129328 0.076744859 0.076619876 0.076825877 0.077119747 0.077493396 0.077790423 0.077550966 0.077331787 0.077285973 0.077346097 0.077477898 0.077647727 0.077773885 0.077708072 0.077367451 0.076837355 0.076241373 0.075813 0.075852149 0.076054396 0.076171412 0.076281227 0.076531437 0.076960492 0.077030917 0.076483293 0.076016
0.07823465 0.078477565 0.078226245 0.077691218 0.077316845 0.077083912 0.076963712 0.076966649 0.077088399 0.077310919 0.077648713 0.078138386 0.078849502 0.079742918 0.079923403 0.079378646 0.079024952 0.07894821 0.079013296 0.079093543 0.079087142 0.078924177 0.078610291 0.078226094 0.077843733 0.077509071 0.077257143 0.077079082 0.076978339 0.076987519 0.077084989 0.077246824 0.077365196 0.077313762 0.07723898 0.077239518 0.077307158 0.077407595 0.077481599 0.077462244 0.07730737 0.076991517 0.076473427 0.075643847 0.07478964 0.075198572 0.075801373 0.076032424 0.076125622 0.076214432 0.076304384 0.076272752 0.076092073 0.075970445
0.078248952 0.078319733 0.078118235 0.077683211 0.077289297 0.07695983 0.076709529 0.076675589 0.076895349 0.077204027 0.077535698 0.07787286 0.078139299 0.078411765 0.078707662 0.078780174 0.078793062 0.078887735 0.07905203 0.079120803 0.078968046 0.078704648 0.078398824 0.078066623 0.077725123 0.077406222 0.077207204 0.07714674 0.077063385 0.076986487 0.076964022 0.077004938 0.077066957 0.077102683 0.077134331 0.077204392 0.077336019 0.077518504 0.077639513 0.077539727 0.077268682 0.0769128 0.076417038 0.075623031 0.074786957 0.075193273 0.075782804 0.075990362 0.076038583 0.07603929 0.076014867 0.075954014 0.075881786 0.075924284
0.078329115 0.078180507 0.077942498 0.077588277 0.077180218 0.076709045 0.076149316 0.076011971 0.0765401 0.077020933 0.07737701 0.077676089 0.077820804 0.077875817 0.078193037 0.078458627 0.078671666 0.07894592 0.079380633 0.079621104 0.079173543 0.078692499 0.078321655 0.077990455 0.077661047 0.077324155 0.077104662 0.077128705 0.077035274 0.076856535 0.076711927 0.076696433 0.076796804 0.076920969 0.077038318 0.077182905 0.077424675 0.077853969 0.078279548 0.078004583 0.077447489 0.077019465 0.076618905 0.076150001 0.07577355 0.075809526 0.075979419 0.076042854 0.076037423 0.075993018 0.075911241 0.075816014 0.075749642 0.075800717
0.078735598 0.078381437 0.077966913 0.077536927 0.077082633 0.076547113 0.075822286 0.075608268 0.076331813 0.076855962 0.077172132 0.077453817 0.077715991 0.077811209 0.078024272 0.07833457 0.078652692 0.079006887 0.079507234 0.07980816 0.079248594 0.07869049 0.078294221 0.077971202 0.07767427 0.077395148 0.077209379 0.077135012 0.076936226 0.076560553 0.076149724 0.076108945 0.076430028 0.076732068 0.076944754 0.077147357 0.077464044 0.078116325 0.078968934 0.078435779 0.077608919 0.077189967 0.07692411 0.076666973 0.076429441 0.076282745 0.076196867 0.076131669 0.076110742 0.076064265 0.07591164 0.075755963 0.075648328 0.075622987
0.079695999 0.07888969 0.07812649 0.077525071 0.077000653 0.076531466 0.076163918 0.076109492 0.076433225 0.076724201 0.076853016 0.076962492 0.077243997 0.077573007 0.077922201 0.078330895 0.078755916 0.079125822 0.079344282 0.079344978 0.079039 0.078631209 0.078275309 0.077978946 0.077723344 0.077501134 0.077320568 0.07714065 0.076815159 0.076133145 0.075054074 0.07502476 0.075984461 0.076567533 0.076864299 0.077080782 0.077350041 0.07779352 0.078243939 0.078002185 0.077566394 0.077383758 0.077342417 0.07724686 0.076990589 0.076666224 0.076388873 0.076204982 0.076177999 0.076158837 0.075930169 0.075721866 0.075577896 0.075489367
0.080979022 0.079406914 0.078259243 0.077479242 0.076805256 0.0762103 0.075953216 0.076128538 0.076415844 0.076548576 0.076340696 0.075919556 0.076246596 0.077110685 0.077810633 0.078424212 0.079080994 0.079735278 0.079901992 0.0794858 0.079012736 0.078603955 0.078265735 0.077992314 0.077769375 0.077580493 0.077404987 0.077196048 0.076837798 0.076072313 0.074720157 0.074697446 0.075897713 0.07653608 0.076828635 0.077014293 0.077189262 0.07738177 0.07753218 0.077529198 0.077506909 0.077683249 0.078083961 0.078292847 0.077818817 0.077106597 0.076583447 0.076275477 0.076143432 0.076061966 0.075875169 0.075683212 0.075549916 0.075480526
