Cobbity/QGIS/C2_Reading2.tif
NCOLS 299
NROWS 160
XLLCORNER 150.661
YLLCORNER -34.0268
CELLSIZE 1e-05
NODATA_VALUE -9999
[rows 130 to 155 of 160, columns 0 to 59 of 299]
5.9405719 5.9387545 5.9368955 5.9349937 5.9330479 5.931057 5.9290196 5.9269346 5.9248005 5.9226161 5.9203799 5.9180905 5.9157464 5.9133461 5.910888 5.9083705 5.9057919 5.9031505 5.9004445 5.8976721 5.8948314 5.8919205 5.8889373 5.8858798 5.8827459 5.8795334 5.8762401 5.8728637 5.8694017 5.8658517 5.8622113 5.8584778 5.8546487 5.8507211 5.8466923 5.8425594 5.8383194 5.8339694 5.8295063 5.8249269 5.8202279 5.8154061 5.8104579 5.8053801 5.8001691 5.7948212 5.7893328 5.7837002 5.7779196 5.7719871 5.7658989 5.7596511 5.7532397 5.7466606 5.7399099 5.7329836 5.7258777 5.7185881 5.7111109 5.7034421
5.9376459 5.9358006 5.9339134 5.9319833 5.930009 5.9279894 5.9259233 5.9238094 5.9216465 5.919433 5.9171678 5.9148493 5.9124761 5.9100467 5.9075596 5.9050131 5.9024056 5.8997354 5.8970008 5.8942 5.8913311 5.8883922 5.8853814 5.8822967 5.8791359 5.875897 5.8725779 5.8691761 5.8656895 5.8621156 5.858452 5.8546963 5.8508458 5.8468979 5.8428499 5.838699 5.8344425 5.8300774 5.8256006 5.8210093 5.8163002 5.8114702 5.8065161 5.8014346 5.7962223 5.7908757 5.7853914 5.7797659 5.7739956 5.7680769 5.7620061 5.7557796 5.7493935 5.7428442 5.736128 5.729241 5.7221796 5.7149401 5.7075188 5.6999121
5.9347596 5.9328873 5.930973 5.9290157 5.927014 5.924967 5.9228734 5.9207319 5.9185412 5.9163001 5.9140071 5.9116609 5.90926 5.906803 5.9042883 5.9017143 5.8990795 5.8963821 5.8936206 5.890793 5.8878976 5.8849326 5.881896 5.8787859 5.8756002 5.8723369 5.8689939 5.8655689 5.8620597 5.8584641 5.8547796 5.8510038 5.8471343 5.8431685 5.8391037 5.8349374 5.8306667 5.8262889 5.8218012 5.8172005 5.812484 5.8076486 5.8026912 5.7976087 5.7923978 5.7870553 5.7815779 5.7759623 5.7702051 5.7643028 5.7582521 5.7520494 5.7456913 5.7391743 5.7324949 5.7256496 5.718635 5.7114477 5.7040842 5.6965413
5.9319132 5.9300149 5.9280746 5.926091 5.9240632 5.9219898 5.9198698 5.9177019 5.9154848 5.9132172 5.9108978 5.9085253 5.9060981 5.9036148 5.901074 5.898474 5.8958134 5.8930905 5.8903035 5.8874509 5.8845308 5.8815413 5.8784807 5.875347 5.8721383 5.8688525 5.8654876 5.8620414 5.8585118 5.8548965 5.8511932 5.8473996 5.8435132 5.8395317 5.8354525 5.831273 5.8269907 5.8226027 5.8181064 5.8134989 5.8087775 5.8039392 5.798981 5.7939001 5.7886932 5.7833574 5.7778895 5.7722863 5.7665447 5.7606614 5.7546333 5.7484569 5.7421292 5.7356468 5.7290065 5.722205 5.7152392 5.7081058 5.7008019 5.6933243
5.9291067 5.9271835 5.9252181 5.9232094 5.9211564 5.9190579 5.9169127 5.9147195 5.9124772 5.9101845 5.90784 5.9054423 5.9029902 5.9004821 5.8979166 5.8952921 5.8926072 5.8898602 5.8870495 5.8841734 5.8812301 5.878218 5.8751351 5.8719797 5.8687497 5.8654433 5.8620584 5.8585929 5.8550448 5.8514119 5.8476919 5.8438825 5.8399815 5.8359866 5.8318951 5.8277047 5.8234129 5.8190171 5.8145145 5.8099026 5.8051787 5.8003399 5.7953835 5.7903065 5.7851061 5.7797794 5.7743234 5.7687351 5.7630115 5.7571496 5.7511463 5.7449986 5.7387034 5.7322577 5.7256585 5.7189027 5.7119874 5.7049097 5.6976668 5.6902557
5.9263402 5.924393 5.9224036 5.920371 5.9182939 5.9161713 5.914002 5.9117848 5.9095185 5.9072018 5.9048334 5.902412 5.8999362 5.8974046 5.8948158 5.8921683 5.8894606 5.886691 5.8838581 5.8809601 5.8779954 5.8749622 5.8718587 5.8686833 5.8654338 5.8621086 5.8587056 5.8552227 5.851658 5.8480094 5.8442747 5.8404517 5.8365381 5.8325317 5.8284302 5.8242311 5.819932 5.8155305 5.811024 5.80641 5.8016858 5.7968488 5.7918964 5.7868257 5.7816342 5.7763189 5.7708771 5.7653059 5.7596025 5.7537642 5.7477879 5.7416709 5.7354102 5.7290032 5.7224468 5.7157385 5.7088754 5.7018548 5.6946741 5.6873308
5.9236138 5.9216437 5.9196313 5.9175756 5.9154756 5.91333 5.9111377 5.9088976 5.9066085 5.904269 5.901878 5.8994342 5.8969361 5.8943823 5.8917716 5.8891025 5.8863733 5.8835827 5.880729 5.8778107 5.8748261 5.8717734 5.8686511 5.8654572 5.8621901 5.8588478 5.8554284 5.85193 5.8483506 5.8446882 5.8409407 5.8371059 5.8331818 5.8291661 5.8250565 5.8208508 5.8165466 5.8121415 5.8076332 5.8030191 5.7982969 5.7934639 5.7885176 5.7834555 5.7782749 5.7729731 5.7675477 5.7619957 5.7563147 5.7505019 5.7445546 5.7384702 5.732246 5.7258793 5.7193676 5.7127082 5.7058987 5.6989365 5.6918192 5.6845445
5.9209275 5.9189354 5.9169011 5.9148234 5.9127014 5.9105339 5.9083198 5.906058 5.9037472 5.9013862 5.8989738 5.8965086 5.8939895 5.891415 5.8887837 5.8860942 5.8833451 5.8805348 5.8776619 5.8747248 5.8717218 5.8686513 5.8655116 5.862301 5.8590178 5.8556601 5.8522262 5.848714 5.8451217 5.8414473 5.8376889 5.8338443 5.8299115 5.8258883 5.8217727 5.8175623 5.813255 5.8088484 5.8043403 5.7997283 5.79501 5.7901831 5.785245 5.7801935 5.7750259 5.7697397 5.7643326 5.7588019 5.7531451 5.7473598 5.7414433 5.7353933 5.7292072 5.7228825 5.7164169 5.7098078 5.7030531 5.6961504 5.6890975 5.6818923
5.9182814 5.9162683 5.914213 5.9121144 5.9099714 5.9077831 5.9055482 5.9032657 5.9009344 5.898553 5.8961204 5.8936353 5.8910964 5.8885023 5.8858518 5.8831433 5.8803756 5.8775471 5.8746564 5.8717018 5.868682 5.8655951 5.8624397 5.859214 5.8559164 5.852545 5.8490981 5.8455738 5.8419704 5.8382858 5.8345182 5.8306656 5.826726 5.8226973 5.8185774 5.8143643 5.8100557 5.8056496 5.8011436 5.7965356 5.7918233 5.7870044 5.7820765 5.7770374 5.7718848 5.7666161 5.7612292 5.7557215 5.7500909 5.7443347 5.7384508 5.7324368 5.7262903 5.7200091 5.7135909 5.7070335 5.7003347 5.6934925 5.6865048 5.6793696
5.9156755 5.9136423 5.9115669 5.9094483 5.9072855 5.9050774 5.9028228 5.9005208 5.89817 5.8957694 5.8933178 5.8908139 5.8882564 5.885644 5.8829755 5.8802495 5.8774645 5.8746191 5.871712 5.8687415 5.8657062 5.8626045 5.8594349 5.8561956 5.852885 5.8495015 5.8460433 5.8425087 5.8388957 5.8352027 5.8314277 5.8275688 5.8236241 5.8195916 5.8154693 5.8112553 5.8069473 5.8025435 5.7980415 5.7934393 5.7887348 5.7839257 5.7790099 5.7739852 5.7688492 5.7635999 5.7582349 5.752752 5.7471491 5.7414238 5.735574 5.7295974 5.723492 5.7172555 5.710886 5.7043813 5.6977395 5.6909586 5.6840367 5.6769722
5.9131097 5.9110573 5.9089629 5.9068253 5.9046436 5.9024167 5.9001435 5.897823 5.8954539 5.8930352 5.8905657 5.8880442 5.8854693 5.8828399 5.8801547 5.8774123 5.8746113 5.8717504 5.8688282 5.8658432 5.8627939 5.8596788 5.8564964 5.853245 5.8499231 5.846529 5.8430611 5.8395176 5.8358968 5.8321969 5.8284161 5.8245526 5.8206046 5.81657 5.8124471 5.8082339 5.8039283 5.7995284 5.7950322 5.7904376 5.7857427 5.7809452 5.7760431 5.7710344 5.7659169 5.7606885 5.7553471 5.7498906 5.744317 5.738624 5.7328097 5.726872 5.7208089 5.7146184 5.7082986 5.7018476 5.6952636 5.6885447 5.6816894 5.6746959
5.9105839 5.9085134 5.9064008 5.9042452 5.9020456 5.8998009 5.8975101 5.8951721 5.8927859 5.8903502 5.8878639 5.8853259 5.8827348 5.8800896 5.8773889 5.8746313 5.8718157 5.8689406 5.8660046 5.8630064 5.8599445 5.8568174 5.8536236 5.8503616 5.8470298 5.8436267 5.8401505 5.8365997 5.8329726 5.8292675 5.8254825 5.821616 5.8176662 5.8136313 5.8095093 5.8052985 5.800997 5.7966028 5.792114 5.7875287 5.7828449 5.7780607 5.7731741 5.768183 5.7630855 5.7578796 5.7525634 5.7471347 5.7415918 5.7359325 5.730155 5.7242574 5.7182378 5.7120944 5.7058253 5.6994289 5.6929034 5.6862472 5.6794588 5.6725367
5.9080981 5.9060103 5.9038805 5.9017078 5.8994913 5.8972298 5.8949225 5.8925681 5.8901657 5.8877141 5.8852121 5.8826587 5.8800527 5.8773927 5.8746777 5.8719063 5.8690772 5.8661892 5.8632408 5.8602307 5.8571574 5.8540197 5.8508159 5.8475447 5.8442044 5.8407937 5.8373108 5.8337542 5.8301222 5.8264133 5.8226257 5.8187578 5.8148078 5.810774 5.8066546 5.8024479 5.7981519 5.793765 5.7892852 5.7847108 5.7800398 5.7752704 5.7704006 5.7654287 5.7603528 5.7551709 5.7498811 5.7444817 5.7389708 5.7333465 5.7276071 5.7217507 5.7157757 5.7096802 5.7034628 5.6971217 5.6906553 5.6840623 5.6773412 5.6704907
5.9056523 5.903548 5.901402 5.8992131 5.8969806 5.8947033 5.8923804 5.8900106 5.8875931 5.8851266 5.8826101 5.8800424 5.8774225 5.874749 5.8720208 5.8692367 5.8663954 5.8634956 5.860536 5.8575153 5.8544321 5.851285 5.8480726 5.8447935 5.8414461 5.8380291 5.8345409 5.8309799 5.8273446 5.8236334 5.8198446 5.8159768 5.8120281 5.8079969 5.8038816 5.7996804 5.7953916 5.7910134 5.7865442 5.781982 5.7773253 5.7725721 5.7677208 5.7627695 5.7577164 5.7525598 5.747298 5.7419291 5.7364514 5.7308633 5.725163 5.7193489 5.7134193 5.7073728 5.7012077 5.6949225 5.6885159 5.6819866 5.6753331 5.6685543
5.9032463 5.9011265 5.898965 5.8967609 5.8945133 5.8922212 5.8898836 5.8874995 5.8850678 5.8825875 5.8800575 5.8774766 5.8748438 5.8721579 5.8694178 5.8666221 5.8637698 5.8608594 5.8578899 5.8548598 5.8517678 5.8486127 5.8453929 5.8421072 5.8387541 5.8353322 5.83184 5.828276 5.8246387 5.8209266 5.8171381 5.8132717 5.8093257 5.8052987 5.8011888 5.7969946 5.7927144 5.7883464 5.7838891 5.7793407 5.7746996 5.7699641 5.7651325 5.7602031 5.7551743 5.7500443 5.7448115 5.7394743 5.7340311 5.7284801 5.72282 5.7170491 5.7111659 5.7051689 5.6990569 5.6928283 5.6864819 5.6800164 5.6734308 5.6667238
5.9008799 5.8987454 5.8965694 5.894351 5.8920893 5.8897833 5.887432 5.8850344 5.8825896 5.8800965 5.8775539 5.874961 5.8723164 5.8696192 5.8668681 5.8640621 5.8611998 5.8582801 5.8553017 5.8522635 5.849164 5.846002 5.8427762 5.8394852 5.8361276 5.8327021 5.8292072 5.8256415 5.8220036 5.8182919 5.814505 5.8106414 5.8066996 5.8026779 5.798575 5.7943891 5.7901188 5.7857624 5.7813183 5.7767851 5.7721609 5.7674444 5.7626338 5.7577276 5.7527242 5.747622 5.7424194 5.737115 5.7317071 5.7261944 5.7205753 5.7148484 5.7090124 5.7030657 5.6970073 5.6908357 5.6845499 5.6781487 5.671631 5.6649958
5.8985531 5.8964047 5.8942151 5.8919832 5.8897082 5.8873892 5.8850252 5.8826152 5.8801582 5.8776532 5.8750992 5.8724951 5.8698398 5.8671323 5.8643715 5.8615561 5.858685 5.8557571 5.8527711 5.8497258 5.8466199 5.8434523 5.8402216 5.8369265 5.8335657 5.8301378 5.8266415 5.8230754 5.8194381 5.8157282 5.8119442 5.8080847 5.8041483 5.8001334 5.7960386 5.7918624 5.7876032 5.7832597 5.7788302 5.7743133 5.7697074 5.765011 5.7602226 5.7553408 5.7503639 5.7452906 5.7401193 5.7348487 5.7294772 5.7240036 5.7184264 5.7127443 5.706956 5.7010603 5.695056 5.6889419 5.6827169 5.6763801 5.6699304 5.663367
5.8962656 5.8941043 5.8919018 5.8896573 5.88737 5.8850388 5.882663 5.8802414 5.8777732 5.8752573 5.8726928 5.8700786 5.8674137 5.8646969 5.8619273 5.8591036 5.8562248 5.8532897 5.8502972 5.847246 5.844135 5.8409629 5.8377285 5.8344305 5.8310676 5.8276386 5.8241421 5.8205768 5.8169413 5.8132344 5.8094545 5.8056004 5.8016706 5.7976637 5.7935783 5.789413 5.7851663 5.7808368 5.7764231 5.7719237 5.7673372 5.7626621 5.7578971 5.7530406 5.7480914 5.743048 5.737909 5.732673 5.7273388 5.7219051 5.7163705 5.7107339 5.704994 5.6991498 5.6932 5.6871437 5.6809799 5.6747076 5.6683259 5.6618341
5.8940174 5.8918438 5.8896293 5.8873731 5.8850742 5.8827319 5.8803451 5.8779129 5.8754344 5.8729086 5.8703345 5.8677111 5.8650375 5.8623125 5.8595351 5.8567042 5.8538187 5.8508775 5.8478795 5.8448236 5.8417084 5.838533 5.835296 5.8319962 5.8286324 5.8252034 5.8217079 5.8181446 5.8145122 5.8108093 5.8070348 5.8031872 5.7992652 5.7952675 5.7911927 5.7870395 5.7828064 5.7784921 5.7740953 5.7696146 5.7650485 5.7603959 5.7556552 5.7508252 5.7459046 5.740892 5.7357861 5.7305858 5.7252896 5.7198965 5.7144053 5.7088148 5.7031238 5.6973315 5.6914366 5.6854384 5.6793358 5.6731281 5.6668144 5.6603942
5.8918081 5.8896231 5.8873975 5.8851303 5.8828208 5.880468 5.8780711 5.8756292 5.8731413 5.8706065 5.8680238 5.8653922 5.8627108 5.8599785 5.8571944 5.8543572 5.8514661 5.8485199 5.8455175 5.8424577 5.8393396 5.8361618 5.8329233 5.8296229 5.8262593 5.8228314 5.819338 5.8157778 5.8121495 5.808452 5.8046839 5.800844 5.796931 5.7929436 5.7888805 5.7847404 5.7805221 5.7762241 5.7718453 5.7673842 5.7628397 5.7582105 5.7534952 5.7486926 5.7438014 5.7388205 5.7337487 5.7285847 5.7233273 5.7179755 5.7125282 5.7069843 5.7013428 5.6956027 5.6897631 5.6838231 5.6777819 5.6716388 5.6653931 5.659044
5.8896377 5.887442 5.885206 5.8829287 5.8806093 5.878247 5.8758409 5.8733901 5.8708937 5.8683507 5.8657603 5.8631214 5.8604332 5.8576946 5.8549046 5.8520623 5.8491665 5.8462162 5.8432103 5.8401479 5.8370277 5.8338487 5.8306098 5.8273097 5.8239474 5.8205217 5.8170314 5.8134754 5.8098524 5.8061612 5.8024007 5.7985696 5.7946666 5.7906906 5.7866402 5.7825144 5.7783118 5.7740312 5.7696713 5.765231 5.760709 5.756104 5.751415 5.7466407 5.7417799 5.7368316 5.7317944 5.7266675 5.7214496 5.7161397 5.7107369 5.70524 5.6996483 5.6939608 5.6881767 5.6822952 5.6763154 5.6702369 5.6640589 5.6577809
5.8875058 5.8853003 5.8830546 5.880768 5.8784396 5.8760685 5.873654 5.8711951 5.8686911 5.8661408 5.8635436 5.8608983 5.8582042 5.8554602 5.8526653 5.8498187 5.8469191 5.8439658 5.8409575 5.8378933 5.8347721 5.8315929 5.8283545 5.8250558 5.8216958 5.8182733 5.8147873 5.8112364 5.8076197 5.803936 5.800184 5.7963626 5.7924707 5.7885071 5.7844706 5.78036 5.7761741 5.7719118 5.7675719 5.7631532 5.7586545 5.7540749 5.749413 5.7446678 5.7398382 5.734923 5.7299214 5.7248321 5.7196542 5.7143868 5.7090289 5.7035796 5.6980381 5.6924034 5.686675 5.680852 5.6749337 5.6689197 5.6628093 5.656602
5.8854122 5.8831976 5.8809431 5.8786479 5.8763112 5.8739322 5.8715101 5.869044 5.8665331 5.8639765 5.8613732 5.8587225 5.8560233 5.8532748 5.850476 5.8476259 5.8447236 5.841768 5.8387583 5.8356933 5.832572 5.8293935 5.8261566 5.8228604 5.8195037 5.8160854 5.8126045 5.8090599 5.8054504 5.8017751 5.7980327 5.7942221 5.7903422 5.786392 5.7823702 5.7782757 5.7741075 5.7698644 5.7655454 5.7611492 5.7566748 5.7521212 5.7474872 5.7427719 5.7379741 5.7330929 5.7281274 5.7230764 5.7179391 5.7127147 5.7074021 5.7020007 5.6965096 5.690928 5.6852554 5.6794909 5.6736342 5.6676845 5.6616414 5.6555046
5.8833568 5.8811338 5.8788711 5.8765681 5.8742239 5.8718378 5.8694089 5.8669364 5.8644194 5.8618572 5.8592488 5.8565934 5.85389 5.8511379 5.8483359 5.8454834 5.8425791 5.8396223 5.836612 5.8335471 5.8304268 5.8272499 5.8240155 5.8207225 5.81737 5.8139569 5.8104822 5.8069447 5.8033435 5.7996775 5.7959456 5.7921467 5.7882798 5.7843438 5.7803377 5.7762603 5.7721107 5.7678877 5.7635903 5.7592174 5.7547681 5.7502413 5.745636 5.7409512 5.736186 5.7313394 5.7264105 5.7213983 5.7163021 5.711121 5.7058542 5.700501 5.6950606 5.6895323 5.6839155 5.6782097 5.6724143 5.6665288 5.6605528 5.6544861
5.8813392 5.8791085 5.8768384 5.8745283 5.8721774 5.8697849 5.8673499 5.8648718 5.8623496 5.8597826 5.8571698 5.8545106 5.8518039 5.8490489 5.8462447 5.8433905 5.8404852 5.837528 5.834518 5.8314541 5.8283355 5.8251612 5.8219302 5.8186415 5.8152941 5.811887 5.8084193 5.8048899 5.8012978 5.797642 5.7939215 5.7901353 5.7862822 5.7823614 5.7783718 5.7743123 5.7701821 5.7659799 5.761705 5.7573563 5.7529327 5.7484335 5.7438575 5.739204 5.7344719 5.7296604 5.7247687 5.7197959 5.7147412 5.7096038 5.7043831 5.6990783 5.6936887 5.6882138 5.682653 5.6770058 5.6712716 5.6654502 5.659541 5.6535439
5.8793592 5.8771214 5.8748447 5.8725283 5.8701713 5.8677731 5.8653329 5.8628498 5.8603232 5.8577521 5.8551359 5.8524735 5.8497643 5.8470073 5.8442017 5.8413466 5.8384412 5.8354845 5.8324756 5.8294136 5.8262976 5.8231267 5.8198999 5.8166163 5.8132749 5.8098748 5.806415 5.8028945 5.7993124 5.7956677 5.7919594 5.7881866 5.7843483 5.7804434 5.7764711 5.7724304 5.7683203 5.7641399 5.7598881 5.7555642 5.7511672 5.7466961 5.7421501 5.7375284 5.73283 5.7280542 5.7232002 5.7182671 5.7132543 5.708161 5.7029866 5.6977305 5.6923919 5.6869705 5.6814656 5.6758769 5.6702039 5.6644462 5.6586036 5.6526758
