Cobbity/QGIS/C2_Reading7.tif
NCOLS 200
NROWS 169
XLLCORNER 150.661
YLLCORNER -34.0269
CELLSIZE 1e-05
NODATA_VALUE -9999
[rows 25 to 49 of 169, columns 0 to 56 of 200]
-2.6035479 -2.6034537 -2.6033553 -2.6032525 -2.6031452 -2.6030332 -2.6029165 -2.6027947 -2.6026679 -2.6025358 -2.6023983 -2.6022553 -2.6021065 -2.6019518 -2.601791 -2.6016239 -2.6014504 -2.6012702 -2.6010832 -2.6008891 -2.6006878 -2.600479 -2.6002625 -2.6000382 -2.5998057 -2.5995649 -2.5993155 -2.5990573 -2.59879 -2.5985134 -2.5982272 -2.5979312 -2.5976251 -2.5973086 -2.5969815 -2.5966435 -2.5962944 -2.5959337 -2.5955614 -2.595177 -2.5947803 -2.5943709 -2.5939487 -2.5935134 -2.5930645 -2.592602 -2.5921254 -2.5916344 -2.5911289 -2.5906086 -2.5900731 -2.5895223 -2.5889558 -2.5883735 -2.5877751 -2.5871605 -2.5865294
-2.6039653 -2.6038754 -2.6037813 -2.6036828 -2.6035798 -2.6034722 -2.6033598 -2.6032425 -2.6031201 -2.6029924 -2.6028593 -2.6027207 -2.6025763 -2.6024261 -2.6022697 -2.602107 -2.6019379 -2.6017621 -2.6015794 -2.6013897 -2.6011926 -2.6009881 -2.6007759 -2.6005557 -2.6003273 -2.6000905 -2.599845 -2.5995907 -2.5993272 -2.5990542 -2.5987716 -2.598479 -2.5981762 -2.5978629 -2.5975388 -2.5972036 -2.5968571 -2.5964989 -2.5961287 -2.5957463 -2.5953514 -2.5949436 -2.5945226 -2.5940882 -2.5936399 -2.5931776 -2.5927009 -2.5922096 -2.5917032 -2.5911816 -2.5906444 -2.5900913 -2.5895222 -2.5889367 -2.5883346 -2.5877156 -2.5870796
-2.6043872 -2.6043017 -2.604212 -2.604118 -2.6040195 -2.6039164 -2.6038086 -2.6036958 -2.6035779 -2.6034549 -2.6033264 -2.6031924 -2.6030526 -2.602907 -2.6027552 -2.6025971 -2.6024326 -2.6022614 -2.6020833 -2.6018981 -2.6017056 -2.6015055 -2.6012977 -2.6010819 -2.6008579 -2.6006254 -2.6003841 -2.6001339 -2.5998744 -2.5996054 -2.5993266 -2.5990377 -2.5987385 -2.5984287 -2.5981079 -2.5977758 -2.5974322 -2.5970768 -2.5967092 -2.5963291 -2.5959362 -2.5955302 -2.5951108 -2.5946776 -2.5942303 -2.5937686 -2.5932921 -2.5928006 -2.5922936 -2.591771 -2.5912324 -2.5906775 -2.5901059 -2.5895175 -2.5889119 -2.5882888 -2.5876481
-2.6048136 -2.6047327 -2.6046476 -2.6045581 -2.6044643 -2.6043659 -2.6042627 -2.6041546 -2.6040415 -2.6039232 -2.6037995 -2.6036703 -2.6035353 -2.6033945 -2.6032475 -2.6030943 -2.6029346 -2.6027682 -2.6025949 -2.6024144 -2.6022267 -2.6020314 -2.6018282 -2.6016171 -2.6013976 -2.6011697 -2.6009329 -2.6006871 -2.6004319 -2.6001671 -2.5998925 -2.5996076 -2.5993123 -2.5990062 -2.598689 -2.5983604 -2.59802 -2.5976677 -2.597303 -2.5969255 -2.5965351 -2.5961312 -2.5957136 -2.595282 -2.594836 -2.5943752 -2.5938993 -2.5934079 -2.5929008 -2.5923775 -2.5918377 -2.5912812 -2.5907075 -2.5901164 -2.5895075 -2.5888807 -2.5882355
-2.6052445 -2.6051682 -2.6050878 -2.6050032 -2.6049141 -2.6048205 -2.6047222 -2.604619 -2.6045108 -2.6043974 -2.6042787 -2.6041544 -2.6040245 -2.6038886 -2.6037467 -2.6035985 -2.6034438 -2.6032824 -2.6031141 -2.6029387 -2.602756 -2.6025656 -2.6023674 -2.6021612 -2.6019466 -2.6017234 -2.6014914 -2.6012503 -2.6009997 -2.6007395 -2.6004692 -2.6001887 -2.5998976 -2.5995956 -2.5992823 -2.5989575 -2.5986208 -2.5982718 -2.5979103 -2.5975359 -2.5971482 -2.5967468 -2.5963315 -2.5959018 -2.5954574 -2.5949978 -2.5945229 -2.594032 -2.593525 -2.5930014 -2.5924609 -2.591903 -2.5913275 -2.5907341 -2.5901223 -2.5894919 -2.5888425
-2.6056797 -2.6056083 -2.6055328 -2.605453 -2.6053689 -2.6052803 -2.605187 -2.6050888 -2.6049857 -2.6048775 -2.6047639 -2.6046448 -2.6045201 -2.6043894 -2.6042527 -2.6041098 -2.6039603 -2.6038042 -2.6036412 -2.603471 -2.6032935 -2.6031084 -2.6029154 -2.6027143 -2.6025049 -2.6022868 -2.6020598 -2.6018236 -2.601578 -2.6013226 -2.6010571 -2.6007812 -2.6004946 -2.600197 -2.599888 -2.5995673 -2.5992346 -2.5988894 -2.5985315 -2.5981604 -2.5977758 -2.5973774 -2.5969647 -2.5965373 -2.5960949 -2.595637 -2.5951633 -2.5946734 -2.5941669 -2.5936433 -2.5931024 -2.5925436 -2.5919667 -2.5913712 -2.5907568 -2.5901231 -2.5894698
-2.6061194 -2.6060529 -2.6059824 -2.6059077 -2.6058287 -2.6057452 -2.6056571 -2.6055642 -2.6054664 -2.6053634 -2.6052552 -2.6051415 -2.6050221 -2.6048969 -2.6047656 -2.6046281 -2.6044842 -2.6043335 -2.604176 -2.6040113 -2.6038393 -2.6036596 -2.6034721 -2.6032765 -2.6030725 -2.6028598 -2.6026381 -2.6024073 -2.6021668 -2.6019166 -2.6016562 -2.6013853 -2.6011036 -2.6008107 -2.6005063 -2.6001901 -2.5998617 -2.5995207 -2.5991667 -2.5987994 -2.5984184 -2.5980232 -2.5976135 -2.5971888 -2.5967488 -2.596293 -2.5958211 -2.5953325 -2.5948268 -2.5943038 -2.5937628 -2.5932035 -2.5926255 -2.5920284 -2.5914117 -2.5907752 -2.5901183
-2.6065634 -2.606502 -2.6064367 -2.6063672 -2.6062934 -2.6062153 -2.6061325 -2.606045 -2.6059526 -2.6058552 -2.6057524 -2.6056443 -2.6055305 -2.6054109 -2.6052853 -2.6051535 -2.6050153 -2.6048704 -2.6047186 -2.6045596 -2.6043934 -2.6042195 -2.6040377 -2.6038478 -2.6036495 -2.6034425 -2.6032265 -2.6030012 -2.6027663 -2.6025216 -2.6022666 -2.602001 -2.6017245 -2.6014368 -2.6011374 -2.6008261 -2.6005024 -2.6001659 -2.5998163 -2.5994532 -2.5990761 -2.5986846 -2.5982783 -2.5978568 -2.5974197 -2.5969664 -2.5964966 -2.5960097 -2.5955054 -2.5949833 -2.5944427 -2.5938833 -2.5933047 -2.5927063 -2.5920878 -2.5914487 -2.5907886
-2.6070117 -2.6069556 -2.6068955 -2.6068314 -2.6067631 -2.6066904 -2.6066132 -2.6065313 -2.6064445 -2.6063527 -2.6062557 -2.6061533 -2.6060454 -2.6059316 -2.6058119 -2.605686 -2.6055537 -2.6054147 -2.6052689 -2.605116 -2.6049557 -2.6047879 -2.6046121 -2.6044282 -2.6042359 -2.6040349 -2.6038249 -2.6036055 -2.6033766 -2.6031376 -2.6028884 -2.6026285 -2.6023576 -2.6020754 -2.6017814 -2.6014753 -2.6011568 -2.6008253 -2.6004805 -2.6001219 -2.5997492 -2.5993619 -2.5989595 -2.5985416 -2.5981077 -2.5976574 -2.5971902 -2.5967056 -2.5962032 -2.5956823 -2.5951427 -2.5945837 -2.5940048 -2.5934057 -2.5927858 -2.5921446 -2.5914817
-2.6074642 -2.6074135 -2.607359 -2.6073004 -2.6072376 -2.6071706 -2.607099 -2.6070229 -2.6069419 -2.606856 -2.6067649 -2.6066685 -2.6065666 -2.6064589 -2.6063453 -2.6062255 -2.6060994 -2.6059667 -2.6058271 -2.6056804 -2.6055265 -2.6053649 -2.6051955 -2.6050179 -2.6048319 -2.6046372 -2.6044334 -2.6042204 -2.6039976 -2.6037648 -2.6035217 -2.6032679 -2.603003 -2.6027267 -2.6024385 -2.6021381 -2.6018251 -2.601499 -2.6011594 -2.6008059 -2.600438 -2.6000553 -2.5996573 -2.5992435 -2.5988134 -2.5983666 -2.5979025 -2.5974206 -2.5969205 -2.5964015 -2.5958633 -2.5953051 -2.5947266 -2.5941272 -2.5935064 -2.5928636 -2.5921984
-2.607921 -2.6078759 -2.6078269 -2.607774 -2.607717 -2.6076557 -2.6075901 -2.6075199 -2.6074449 -2.607365 -2.6072801 -2.6071898 -2.6070941 -2.6069927 -2.6068854 -2.6067721 -2.6066524 -2.6065261 -2.606393 -2.6062529 -2.6061055 -2.6059505 -2.6057877 -2.6056168 -2.6054374 -2.6052493 -2.6050522 -2.6048457 -2.6046295 -2.6044033 -2.6041667 -2.6039193 -2.6036608 -2.6033908 -2.6031089 -2.6028146 -2.6025075 -2.6021873 -2.6018534 -2.6015054 -2.6011428 -2.6007652 -2.600372 -2.5999629 -2.5995371 -2.5990943 -2.5986338 -2.5981552 -2.597658 -2.5971414 -2.5966051 -2.5960484 -2.5954707 -2.5948716 -2.5942504 -2.5936065 -2.5929395
-2.6083819 -2.6083425 -2.6082993 -2.6082522 -2.6082011 -2.6081458 -2.6080862 -2.6080221 -2.6079534 -2.6078798 -2.6078011 -2.6077173 -2.607628 -2.6075331 -2.6074324 -2.6073256 -2.6072126 -2.607093 -2.6069667 -2.6068335 -2.6066929 -2.6065448 -2.6063889 -2.6062249 -2.6060525 -2.6058713 -2.6056812 -2.6054816 -2.6052724 -2.6050531 -2.6048234 -2.6045829 -2.6043312 -2.6040679 -2.6037926 -2.6035048 -2.6032042 -2.6028903 -2.6025626 -2.6022206 -2.6018639 -2.6014919 -2.6011041 -2.6007 -2.6002792 -2.5998409 -2.5993846 -2.5989099 -2.5984161 -2.5979025 -2.5973687 -2.596814 -2.5962378 -2.5956395 -2.5950185 -2.5943741 -2.5937059
-2.6088469 -2.6088133 -2.608776 -2.608735 -2.6086899 -2.6086408 -2.6085874 -2.6085297 -2.6084673 -2.6084001 -2.608328 -2.6082507 -2.6081681 -2.60808 -2.607986 -2.6078861 -2.60778 -2.6076675 -2.6075482 -2.607422 -2.6072886 -2.6071477 -2.606999 -2.6068422 -2.6066771 -2.6065032 -2.6063204 -2.6061282 -2.6059263 -2.6057143 -2.6054919 -2.6052586 -2.6050141 -2.604758 -2.6044898 -2.6042091 -2.6039154 -2.6036083 -2.6032872 -2.6029518 -2.6026014 -2.6022356 -2.6018538 -2.6014554 -2.6010399 -2.6006068 -2.6001554 -2.5996851 -2.5991953 -2.5986854 -2.5981547 -2.5976027 -2.5970285 -2.5964317 -2.5958115 -2.5951673 -2.5944984
-2.6093159 -2.6092883 -2.6092571 -2.6092222 -2.6091834 -2.6091406 -2.6090937 -2.6090423 -2.6089865 -2.608926 -2.6088606 -2.6087902 -2.6087145 -2.6086333 -2.6085464 -2.6084536 -2.6083547 -2.6082493 -2.6081374 -2.6080186 -2.6078926 -2.6077591 -2.607618 -2.6074688 -2.6073113 -2.6071451 -2.6069699 -2.6067854 -2.6065912 -2.606387 -2.6061722 -2.6059467 -2.6057098 -2.6054613 -2.6052007 -2.6049275 -2.6046412 -2.6043414 -2.6040275 -2.6036991 -2.6033557 -2.6029966 -2.6026213 -2.6022292 -2.6018198 -2.6013924 -2.6009465 -2.6004813 -2.5999962 -2.5994906 -2.5989637 -2.598415 -2.5978436 -2.597249 -2.5966303 -2.5959869 -2.5953181
-2.6097889 -2.6097674 -2.6097425 -2.6097139 -2.6096815 -2.6096452 -2.6096048 -2.6095602 -2.6095111 -2.6094574 -2.609399 -2.6093355 -2.6092669 -2.6091929 -2.6091133 -2.6090279 -2.6089364 -2.6088386 -2.6087342 -2.6086231 -2.6085048 -2.6083792 -2.6082459 -2.6081046 -2.607955 -2.6077969 -2.6076297 -2.6074533 -2.6072672 -2.6070711 -2.6068645 -2.606647 -2.6064183 -2.6061779 -2.6059253 -2.6056601 -2.6053817 -2.6050898 -2.6047837 -2.6044629 -2.6041269 -2.6037751 -2.603407 -2.6030219 -2.6026191 -2.6021982 -2.6017583 -2.6012989 -2.6008192 -2.6003186 -2.5997963 -2.5992516 -2.5986838 -2.598092 -2.5974756 -2.5968338 -2.5961658
-2.6102657 -2.6102505 -2.610232 -2.6102098 -2.610184 -2.6101544 -2.6101208 -2.610083 -2.6100409 -2.6099943 -2.609943 -2.6098868 -2.6098255 -2.6097589 -2.6096868 -2.609609 -2.6095252 -2.6094352 -2.6093387 -2.6092355 -2.6091253 -2.6090077 -2.6088826 -2.6087496 -2.6086084 -2.6084586 -2.6082999 -2.6081319 -2.6079543 -2.6077667 -2.6075687 -2.6073598 -2.6071397 -2.6069078 -2.6066637 -2.606407 -2.6061371 -2.6058536 -2.6055558 -2.6052432 -2.6049153 -2.6045715 -2.6042111 -2.6038336 -2.6034382 -2.6030244 -2.6025913 -2.6021384 -2.6016649 -2.60117 -2.600653 -2.6001132 -2.5995496 -2.5989616 -2.5983483 -2.5977089 -2.5970424
-2.6107463 -2.6107376 -2.6107255 -2.6107101 -2.610691 -2.6106682 -2.6106415 -2.6106108 -2.6105758 -2.6105365 -2.6104925 -2.6104438 -2.6103901 -2.6103312 -2.6102669 -2.6101969 -2.6101211 -2.6100391 -2.6099508 -2.6098558 -2.6097539 -2.6096448 -2.6095282 -2.6094038 -2.6092712 -2.6091301 -2.6089802 -2.6088212 -2.6086525 -2.6084738 -2.6082848 -2.608085 -2.6078739 -2.6076511 -2.6074161 -2.6071684 -2.6069076 -2.606633 -2.6063441 -2.6060403 -2.6057212 -2.6053859 -2.605034 -2.6046647 -2.6042774 -2.6038714 -2.6034459 -2.6030002 -2.6025336 -2.6020453 -2.6015345 -2.6010003 -2.6004419 -2.5998585 -2.5992491 -2.5986129 -2.597949
-2.6112307 -2.6112285 -2.6112231 -2.6112145 -2.6112023 -2.6111865 -2.611167 -2.6111435 -2.6111159 -2.6110839 -2.6110476 -2.6110065 -2.6109606 -2.6109096 -2.6108533 -2.6107914 -2.6107238 -2.6106502 -2.6105703 -2.6104839 -2.6103906 -2.6102903 -2.6101825 -2.610067 -2.6099435 -2.6098116 -2.6096709 -2.6095211 -2.6093617 -2.6091925 -2.6090129 -2.6088226 -2.6086211 -2.6084079 -2.6081825 -2.6079444 -2.6076931 -2.607428 -2.6071487 -2.6068544 -2.6065445 -2.6062186 -2.6058758 -2.6055155 -2.605137 -2.6047395 -2.6043224 -2.6038848 -2.603426 -2.6029451 -2.6024412 -2.6019136 -2.6013613 -2.6007833 -2.6001788 -2.5995469 -2.5988864
-2.6117186 -2.6117231 -2.6117246 -2.6117229 -2.6117178 -2.6117092 -2.611697 -2.6116809 -2.6116608 -2.6116366 -2.611608 -2.6115748 -2.6115369 -2.611494 -2.611446 -2.6113925 -2.6113334 -2.6112684 -2.6111972 -2.6111197 -2.6110354 -2.6109441 -2.6108456 -2.6107394 -2.6106252 -2.6105028 -2.6103717 -2.6102316 -2.610082 -2.6099227 -2.609753 -2.6095727 -2.6093812 -2.6091781 -2.6089628 -2.6087349 -2.6084938 -2.6082389 -2.6079696 -2.6076854 -2.6073857 -2.6070696 -2.6067367 -2.6063861 -2.6060172 -2.6056292 -2.6052212 -2.6047926 -2.6043423 -2.6038697 -2.6033738 -2.6028537 -2.6023083 -2.6017369 -2.6011383 -2.6005116 -2.5998556
-2.61221 -2.6122214 -2.6122299 -2.6122353 -2.6122375 -2.6122362 -2.6122315 -2.612223 -2.6122107 -2.6121943 -2.6121737 -2.6121486 -2.6121189 -2.6120844 -2.6120449 -2.6120001 -2.6119497 -2.6118936 -2.6118315 -2.6117631 -2.6116881 -2.6116062 -2.6115172 -2.6114207 -2.6113163 -2.6112038 -2.6110827 -2.6109527 -2.6108133 -2.6106643 -2.6105051 -2.6103352 -2.6101543 -2.6099618 -2.6097572 -2.60954 -2.6093097 -2.6090656 -2.6088071 -2.6085337 -2.6082447 -2.6079393 -2.607617 -2.6072769 -2.6069184 -2.6065406 -2.6061427 -2.6057238 -2.6052831 -2.6048198 -2.6043327 -2.6038211 -2.6032838 -2.6027199 -2.6021283 -2.6015079 -2.6008576
-2.6127048 -2.6127233 -2.6127389 -2.6127516 -2.6127611 -2.6127674 -2.6127703 -2.6127697 -2.6127653 -2.6127569 -2.6127445 -2.6127278 -2.6127066 -2.6126807 -2.6126499 -2.612614 -2.6125727 -2.6125258 -2.612473 -2.612414 -2.6123486 -2.6122765 -2.6121974 -2.6121108 -2.6120166 -2.6119144 -2.6118037 -2.6116843 -2.6115556 -2.6114173 -2.611269 -2.6111101 -2.6109403 -2.610759 -2.6105657 -2.6103598 -2.6101408 -2.6099082 -2.6096612 -2.6093992 -2.6091216 -2.6088278 -2.6085168 -2.6081881 -2.6078407 -2.607474 -2.607087 -2.6066789 -2.6062488 -2.6057957 -2.6053186 -2.6048165 -2.6042883 -2.6037331 -2.6031496 -2.6025367 -2.6018932
-2.6132029 -2.6132285 -2.6132515 -2.6132716 -2.6132887 -2.6133027 -2.6133135 -2.6133208 -2.6133245 -2.6133244 -2.6133204 -2.6133122 -2.6132998 -2.6132827 -2.6132609 -2.6132342 -2.6132022 -2.6131647 -2.6131215 -2.6130723 -2.6130169 -2.6129548 -2.6128859 -2.6128098 -2.6127261 -2.6126346 -2.6125347 -2.6124263 -2.6123087 -2.6121817 -2.6120447 -2.6118974 -2.6117392 -2.6115696 -2.6113882 -2.6111942 -2.6109873 -2.6107667 -2.6105319 -2.6102821 -2.6100167 -2.609735 -2.6094363 -2.6091197 -2.6087845 -2.6084298 -2.6080547 -2.6076583 -2.6072397 -2.6067978 -2.6063317 -2.6058403 -2.6053225 -2.6047771 -2.6042029 -2.6035988 -2.6029635
-2.6137042 -2.6137371 -2.6137675 -2.6137952 -2.6138201 -2.6138419 -2.6138607 -2.6138762 -2.6138882 -2.6138966 -2.6139012 -2.6139018 -2.6138983 -2.6138903 -2.6138778 -2.6138604 -2.613838 -2.6138103 -2.613777 -2.6137379 -2.6136927 -2.6136411 -2.6135828 -2.6135174 -2.6134447 -2.6133642 -2.6132756 -2.6131786 -2.6130726 -2.6129573 -2.6128322 -2.612697 -2.6125509 -2.6123937 -2.6122246 -2.6120433 -2.611849 -2.6116412 -2.6114192 -2.6111823 -2.61093 -2.6106613 -2.6103756 -2.610072 -2.6097498 -2.609408 -2.6090458 -2.6086621 -2.6082561 -2.6078266 -2.6073727 -2.6068931 -2.6063868 -2.6058525 -2.605289 -2.604695 -2.6040692
-2.6142085 -2.6142489 -2.6142869 -2.6143223 -2.6143551 -2.614385 -2.6144119 -2.6144357 -2.6144563 -2.6144733 -2.6144868 -2.6144964 -2.614502 -2.6145034 -2.6145004 -2.6144927 -2.6144801 -2.6144624 -2.6144394 -2.6144107 -2.614376 -2.6143352 -2.6142878 -2.6142336 -2.6141721 -2.6141031 -2.6140263 -2.613941 -2.6138471 -2.6137441 -2.6136314 -2.6135087 -2.6133754 -2.613231 -2.613075 -2.6129069 -2.6127259 -2.6125316 -2.6123232 -2.6121 -2.6118614 -2.6116066 -2.6113348 -2.6110451 -2.6107368 -2.610409 -2.6100606 -2.6096908 -2.6092984 -2.6088825 -2.6084418 -2.6079754 -2.6074818 -2.60696 -2.6064085 -2.6058261 -2.6052112
-2.6147157 -2.6147637 -2.6148095 -2.6148528 -2.6148936 -2.6149317 -2.614967 -2.6149993 -2.6150286 -2.6150545 -2.615077 -2.6150958 -2.6151108 -2.6151217 -2.6151285 -2.6151307 -2.6151283 -2.6151209 -2.6151084 -2.6150904 -2.6150666 -2.6150369 -2.6150008 -2.6149581 -2.6149083 -2.6148513 -2.6147865 -2.6147136 -2.6146322 -2.6145418 -2.6144421 -2.6143325 -2.6142125 -2.6140816 -2.6139393 -2.6137849 -2.613618 -2.6134378 -2.6132437 -2.613035 -2.612811 -2.6125709 -2.6123139 -2.6120391 -2.6117457 -2.6114328 -2.6110993 -2.6107444 -2.6103669 -2.6099656 -2.6095396 -2.6090875 -2.6086081 -2.6081001 -2.6075621 -2.6069927 -2.6063904
