Cobbity/QGIS/C2_Reading6.tif
NCOLS 299
NROWS 169
XLLCORNER 150.661
YLLCORNER -34.0268
CELLSIZE 1e-05
NODATA_VALUE -9999
[rows 27 to 53 of 169, columns 120 to 179 of 299]
8.3946001 8.3872691 8.3794386 8.3711196 8.3623247 8.3530676 8.343363 8.3332272 8.3226771 8.3117309 8.3004076 8.288727 8.2767097 8.2643766 8.2517497 8.2388508 8.2257023 8.2123269 8.1987471 8.1849856 8.1710649 8.1570074 8.142835 8.1285694 8.1142318 8.0998428 8.0854224 8.0709901 8.0565646 8.0421639 8.027805 8.0135046 7.999278 7.9851401 7.9711048 7.9571851 7.9433932 7.9297404 7.9162373 7.9028937 7.8897183 7.8767192 7.8639039 7.8512789 7.8388501 7.8266225 7.8146008 7.8027887 7.7911895 7.7798057 7.7686395 7.7576924 7.7469655 7.7364591 7.7261736 7.7161085 7.7062631 7.6966364 7.6872269 7.678033
8.4124834 8.4049468 8.396886 8.3883129 8.3792405 8.3696834 8.3596574 8.3491796 8.3382683 8.3269426 8.3152228 8.3031301 8.2906864 8.2779141 8.2648363 8.2514767 8.237859 8.2240072 8.2099456 8.195698 8.1812885 8.1667408 8.1520783 8.1373237 8.1224995 8.1076276 8.092729 8.0778242 8.0629328 8.0480737 8.0332648 8.0185233 8.0038653 7.9893062 7.9748604 7.9605414 7.9463617 7.932333 7.918466 7.9047707 7.8912561 7.8779304 7.8648009 7.8518742 7.8391562 7.8266519 7.8143657 7.8023013 7.7904618 7.7788495 7.7674664 7.7563137 7.7453922 7.7347021 7.7242433 7.7140152 7.7040167 7.6942464 7.6847027 7.6753833
8.4310122 8.4232618 8.414961 8.4061223 8.3967595 8.3868882 8.3765252 8.3656885 8.3543977 8.3426732 8.3305367 8.3180106 8.3051183 8.2918839 8.2783321 8.2644879 8.2503767 8.2360242 8.2214561 8.206698 8.1917754 8.1767133 8.1615367 8.1462697 8.1309362 8.115559 8.1001604 8.0847621 8.0693845 8.0540475 8.0387699 8.0235695 8.0084631 7.9934668 7.9785953 7.9638627 7.9492817 7.9348645 7.920622 7.9065642 7.8927004 7.8790387 7.8655866 7.8523506 7.8393365 7.8265493 7.8139931 7.8016716 7.7895875 7.7777432 7.76614 7.7547792 7.7436611 7.7327858 7.7221527 7.7117609 7.7016089 7.6916952 7.6820176 7.6725736
8.4502205 8.4422478 8.4336967 8.4245805 8.4149138 8.4047132 8.3939965 8.382783 8.3710933 8.3589495 8.3463745 8.3333923 8.320028 8.3063072 8.2922562 8.277902 8.2632715 8.2483923 8.2332916 8.2179968 8.202535 8.1869329 8.1712169 8.1554127 8.1395454 8.1236393 8.1077179 8.0918038 8.0759188 8.0600835 8.0443175 8.0286395 8.0130671 7.9976167 7.9823038 7.9671427 7.9521466 7.9373279 7.9226978 7.9082664 7.8940431 7.8800362 7.8662529 7.8526999 7.8393828 7.8263064 7.8134748 7.8008914 7.7885587 7.7764786 7.7646526 7.7530813 7.7417649 7.7307029 7.7198946 7.7093386 7.6990332 7.6889764 7.6791655 7.6695978
8.4701448 8.4619408 8.4531287 8.4437224 8.4337376 8.4231917 8.4121037 8.4004942 8.3883851 8.3758 8.3627633 8.3493009 8.3354393 8.321206 8.3066293 8.2917378 8.2765605 8.2611266 8.2454654 8.2296061 8.2135774 8.197408 8.1811257 8.1647578 8.148331 8.131871 8.1154025 8.0989493 8.0825343 8.0661791 8.0499043 8.0337293 8.0176723 8.0017505 7.9859797 7.9703747 7.9549492 7.9397157 7.9246856 7.9098693 7.895276 7.8809142 7.8667912 7.8529134 7.8392863 7.8259146 7.8128022 7.7999521 7.7873667 7.7750477 7.762996 7.751212 7.7396956 7.7284459 7.7174617 7.7067414 7.6962828 7.6860834 7.6761402 7.6664501
8.4908239 8.4823795 8.4732951 8.4635856 8.4532676 8.4423595 8.4308815 8.4188556 8.4063053 8.3932555 8.3797325 8.3657638 8.351378 8.3366044 8.3214734 8.3060154 8.2902617 8.2742434 8.2579919 8.2415382 8.2249132 8.2081472 8.19127 8.1743104 8.1572968 8.1402563 8.1232151 8.1061982 8.0892296 8.072332 8.0555268 8.0388343 8.0222735 8.005862 7.9896163 7.9735515 7.9576818 7.9420197 7.9265769 7.911364 7.8963902 7.8816639 7.8671923 7.8529819 7.8390378 7.8253647 7.811966 7.7988447 7.7860028 7.7734416 7.7611617 7.7491631 7.7374453 7.726007 7.7148466 7.7039621 7.6933507 7.6830096 7.6729353 7.6631243
8.5122997 8.5036052 8.4942369 8.4842104 8.4735432 8.462255 8.4503673 8.4379034 8.4248884 8.411349 8.3973132 8.3828106 8.3678717 8.352528 8.3368119 8.3207563 8.3043945 8.28776 8.2708861 8.2538063 8.2365534 8.2191598 8.201657 8.184076 8.1664466 8.1487975 8.1311565 8.1135498 8.0960027 8.0785389 8.0611808 8.0439495 8.0268647 8.0099446 7.9932063 7.9766653 7.960336 7.9442312 7.9283628 7.9127413 7.8973762 7.8822755 7.8674467 7.8528957 7.8386277 7.8246471 7.810957 7.79756 7.7844579 7.7716514 7.759141 7.7469261 7.7350057 7.7233782 7.7120416 7.7009931 7.6902298 7.6797481 7.6695444 7.6596144
8.5346167 8.5256623 8.5159979 8.5056399 8.494607 8.4829198 8.4706014 8.4576765 8.4441719 8.4301162 8.4155394 8.4004731 8.3849501 8.3690043 8.3526703 8.3359835 8.3189797 8.3016946 8.2841643 8.2664242 8.2485097 8.2304551 8.2122943 8.1940601 8.175784 8.1574966 8.139227 8.1210031 8.1028512 8.0847962 8.0668616 8.0490692 8.0314394 8.0139912 7.9967419 7.9797077 7.9629029 7.946341 7.9300336 7.9139915 7.8982239 7.8827391 7.867544 7.8526446 7.8380459 7.8237517 7.8097651 7.7960882 7.7827223 7.7696679 7.7569248 7.7444921 7.7323683 7.7205514 7.7090386 7.697827 7.6869128 7.6762922 7.6659608 7.655914
8.5578231 8.5485988 8.5386256 8.5279211 8.5165048 8.5043987 8.4916273 8.4782169 8.4641962 8.4495957 8.4344476 8.4187858 8.4026454 8.386063 8.3690758 8.3517217 8.3340393 8.3160669 8.2978433 8.2794065 8.2607941 8.2420432 8.2231896 8.2042682 8.1853127 8.1663553 8.1474269 8.1285567 8.1097724 8.0911 8.072564 8.0541872 8.0359906 8.0179937 8.0002146 7.9826694 7.9653731 7.948339 7.9315791 7.9151039 7.8989228 7.8830437 7.8674736 7.852218 7.8372817 7.8226682 7.8083801 7.7944191 7.7807861 7.7674812 7.7545037 7.7418521 7.7295244 7.717518 7.7058298 7.694456 7.6833925 7.6726348 7.662178 7.6520169
8.5819705 8.5724659 8.5621711 8.5511042 8.5392861 8.5267402 8.5134921 8.4995702 8.4850051 8.4698292 8.4540773 8.4377857 8.4209923 8.4037362 8.3860576 8.3679975 8.3495971 8.3308979 8.3119414 8.2927685 8.2734196 8.2539342 8.2343507 8.2147061 8.1950363 8.1753754 8.155756 8.1362088 8.1167629 8.0974456 8.0782823 8.0592966 8.0405104 8.0219437 8.0036149 7.9855407 7.9677361 7.9502147 7.9329883 7.9160676 7.8994616 7.8831783 7.8672242 7.8516047 7.836324 7.8213854 7.806791 7.7925422 7.7786391 7.7650815 7.751868 7.7389966 7.7264649 7.7142695 7.7024067 7.6908722 7.6796612 7.6687687 7.6581892 7.6479168
8.6071144 8.5973192 8.5866894 8.5752439 8.5630048 8.5499968 8.5362472 8.5217861 8.5066462 8.4908623 8.4744717 8.4575135 8.4400284 8.4220587 8.4036477 8.3848394 8.3656786 8.3462099 8.326478 8.3065268 8.2863997 8.266139 8.2457857 8.2253795 8.2049582 8.1845581 8.1642135 8.143957 8.1238189 8.1038276 8.0840098 8.0643899 8.0449903 8.0258318 8.006933 7.9883111 7.9699811 7.9519566 7.9342496 7.9168706 7.8998285 7.8831308 7.8667839 7.8507927 7.8351612 7.819892 7.8049868 7.7904464 7.7762706 7.7624583 7.7490077 7.7359162 7.7231806 7.710797 7.6987609 7.6870676 7.6757115 7.6646869 7.6539876 7.6436073
8.6333148 8.6232187 8.6122403 8.6003994 8.5877193 8.5742258 8.5599482 8.5449184 8.5291714 8.5127445 8.4956778 8.4780132 8.4597948 8.4410682 8.4218802 8.4022785 8.3823114 8.3620271 8.3414737 8.3206986 8.2997485 8.2786688 8.2575032 8.236294 8.2150816 8.1939044 8.1727986 8.1517984 8.1309357 8.1102402 8.0897393 8.0694585 8.049421 8.0296477 8.010158 7.990969 7.9720961 7.9535527 7.9353507 7.9175005 7.9000107 7.8828886 7.8661401 7.8497698 7.833781 7.8181759 7.8029557 7.7881205 7.7736695 7.759601 7.7459126 7.7326008 7.719662 7.7070914 7.6948839 7.683034 7.6715355 7.660382 7.6495666 7.6390821
8.6606365 8.6502294 8.6388886 8.6266351 8.613493 8.5994897 8.5846562 8.5690264 8.5526377 8.5355301 8.5177467 8.4993329 8.4803361 8.4608058 8.4407927 8.4203484 8.3995251 8.3783752 8.3569506 8.3353025 8.3134811 8.2915351 8.2695115 8.2474553 8.2254096 8.2034149 8.1815096 8.1597296 8.1381081 8.1166764 8.0954627 8.0744933 8.0537921 8.0333806 8.0132782 7.9935024 7.9740685 7.9549899 7.9362785 7.9179441 7.8999952 7.8824386 7.8652799 7.8485229 7.8321707 7.8162247 7.8006855 7.7855526 7.7708244 7.7564986 7.7425719 7.7290404 7.7158994 7.7031436 7.690767 7.6787633 7.6671257 7.6558469 7.6449193 7.634335
8.6891497 8.6784217 8.6667051 8.6540213 8.6403956 8.625857 8.6104379 8.5941748 8.5771073 8.5592787 8.540735 8.5215255 8.5017015 8.4813166 8.4604259 8.4390855 8.417352 8.3952822 8.3729325 8.3503581 8.3276132 8.3047502 8.2818194 8.2588691 8.2359448 8.2130898 8.1903443 8.1677461 8.1453301 8.1231285 8.1011709 8.0794841 8.0580926 8.0370183 8.016281 7.9958981 7.9758848 7.9562546 7.9370188 7.9181873 7.8997678 7.8817669 7.8641893 7.8470386 7.830317 7.8140254 7.7981637 7.7827304 7.7677235 7.7531397 7.738975 7.7252246 7.7118831 7.6989442 7.6864014 7.6742473 7.6624743 7.6510743 7.6400391 7.6293599
8.7189304 8.7078724 8.6957665 8.6826347 8.6685034 8.6534027 8.6373671 8.6204351 8.6026493 8.5840559 8.5647049 8.5446492 8.5239449 8.50265 8.4808245 8.4585295 8.4358269 8.4127782 8.3894446 8.3658862 8.3421614 8.3183265 8.2944358 8.2705406 8.2466896 8.2229285 8.1992998 8.175843 8.1525946 8.1295881 8.1068539 8.0844196 8.0623103 8.040548 8.0191528 7.9981419 7.9775306 7.957332 7.9375571 7.9182153 7.8993138 7.8808587 7.8628541 7.8453028 7.8282062 7.8115647 7.7953772 7.7796415 7.7643548 7.7495128 7.7351107 7.7211429 7.707603 7.6944839 7.6817781 7.6694775 7.6575735 7.6460572 7.6349193 7.6241505
8.7500613 8.7386654 8.7261574 8.71256 8.6979002 8.6822098 8.6655249 8.6478865 8.6293398 8.6099347 8.5897251 8.5687685 8.5471258 8.5248602 8.5020374 8.4787241 8.4549878 8.4308956 8.4065143 8.381909 8.357143 8.3322771 8.3073695 8.2824752 8.2576459 8.23293 8.2083723 8.1840142 8.1598936 8.1360453 8.1125005 8.0892876 8.0664318 8.0439556 8.0218788 8.0002188 7.9789905 7.9582066 7.9378777 7.9180125 7.8986178 7.8796988 7.8612591 7.8433006 7.8258239 7.8088285 7.7923125 7.7762729 7.7607057 7.7456059 7.7309677 7.7167845 7.7030489 7.6897531 7.6768883 7.6644457 7.6524156 7.6407883 7.6295536 7.618701
8.7826329 8.7708923 8.7579704 8.74389 8.7286791 8.7123703 8.6950018 8.6766167 8.6572637 8.6369961 8.6158724 8.593955 8.5713102 8.5480076 8.5241188 8.499717 8.4748761 8.4496699 8.4241709 8.3984502 8.3725765 8.3466154 8.3206295 8.2946776 8.2688148 8.2430922 8.217557 8.1922525 8.167218 8.1424893 8.1180986 8.0940745 8.0704428 8.0472259 8.0244435 8.0021127 7.9802481 7.9588618 7.9379639 7.9175624 7.8976634 7.8782713 7.8593887 7.8410167 7.8231552 7.8058025 7.7889558 7.7726111 7.7567635 7.7414068 7.7265344 7.7121385 7.6982108 7.6847422 7.6717232 7.6591437 7.6469932 7.6352608 7.6239355 7.6130058
8.8167439 8.804654 8.7913078 8.7767281 8.7609431 8.7439866 8.7258984 8.7067243 8.6865158 8.6653308 8.6432322 8.6202884 8.5965718 8.5721588 8.5471282 8.5215605 8.4955372 8.4691391 8.4424458 8.4155348 8.3884808 8.361355 8.3342244 8.3071522 8.2801969 8.2534124 8.2268483 8.2005497 8.1745573 8.1489079 8.1236343 8.0987656 8.0743275 8.0503425 8.0268299 8.0038064 7.981286 7.9592802 7.9377985 7.9168479 7.8964337 7.8765593 7.8572265 7.8384354 7.8201847 7.8024718 7.7852928 7.7686426 7.7525151 7.7369033 7.7217992 7.707194 7.6930782 7.6794417 7.6662738 7.6535633 7.6412987 7.629468 7.618059 7.6070594
8.852503 8.8400619 8.8262832 8.8111889 8.7948074 8.7771734 8.758328 8.7383195 8.7172031 8.6950407 8.671901 8.6478585 8.6229929 8.5973884 8.571132 8.5443128 8.5170207 8.4893449 8.4613729 8.4331895 8.4048761 8.3765098 8.3481629 8.3199028 8.2917917 8.2638864 8.236239 8.2088961 8.1818998 8.1552876 8.1290929 8.1033448 8.0780691 8.0532878 8.0290199 8.0052814 7.9820857 7.9594434 7.937363 7.9158506 7.8949107 7.8745454 7.8547555 7.83554 7.8168964 7.798821 7.7813087 7.7643533 7.7479474 7.7320828 7.7167503 7.7019399 7.6876409 7.6738421 7.6605314 7.6476966 7.6353249 7.6234033 7.6119184 7.6008568
8.89003 8.8772397 8.8630229 8.8474009 8.8304015 8.8120598 8.7924182 8.7715275 8.7494463 8.7262415 8.7019876 8.6767665 8.6506662 8.6237798 8.5962041 8.568038 8.5393813 8.5103326 8.4809886 8.4514425 8.4217831 8.3920939 8.3624529 8.3329321 8.3035975 8.274509 8.2457205 8.2172805 8.189232 8.1616133 8.1344577 8.1077946 8.0816491 8.0560429 8.0309943 8.0065184 7.9826276 7.9593318 7.9366381 7.9145518 7.8930758 7.8722115 7.8519581 7.8323135 7.813274 7.7948345 7.7769887 7.759729 7.7430468 7.7269326 7.7113758 7.6963652 7.6818888 7.6679339 7.6544875 7.6415359 7.629065 7.6170606 7.6055082 7.5943932
8.9294583 8.9163253 8.901669 8.8855088 8.8678715 8.8487921 8.8283141 8.8064903 8.783383 8.7590645 8.7336159 8.7071274 8.6796967 8.6514273 8.6224273 8.5928075 8.5626788 8.5321514 8.5013321 8.4703236 8.439223 8.408121 8.3771018 8.3462421 8.3156116 8.2852731 8.2552826 8.22569 8.1965391 8.1678682 8.1397108 8.1120958 8.0850477 8.0585875 8.0327324 8.0074965 7.9828912 7.9589249 7.9356037 7.9129314 7.8909098 7.8695387 7.8488161 7.8287384 7.8093006 7.7904962 7.7723173 7.7547552 7.7377997 7.7214398 7.7056638 7.6904589 7.6758116 7.6617081 7.6481337 7.6350736 7.6225122 7.6104342 7.5988236 7.5876646
8.9709366 8.9574737 8.9423813 8.9256763 8.9073836 8.8875374 8.8661816 8.8433708 8.8191713 8.7936606 8.7669278 8.7390725 8.7102035 8.6804371 8.6498946 8.6187006 8.5869797 8.5548549 8.5224452 8.4898639 8.4572176 8.4246048 8.392116 8.3598329 8.3278291 8.29617 8.2649133 8.2341099 8.203804 8.1740338 8.1448324 8.1162278 8.0882437 8.0608999 8.0342123 8.0081939 7.9828545 7.9582012 7.9342385 7.9109689 7.8883924 7.8665075 7.8453106 7.8247966 7.8049589 7.7857895 7.767279 7.7494171 7.7321922 7.7155918 7.6996024 7.68421 7.6693995 7.6551556 7.6414621 7.6283027 7.6156606 7.6035188 7.5918601 7.5806674
9.0146324 9.0008602 8.9853418 8.9680904 8.9491282 8.9284875 8.9062118 8.8823572 8.8569934 8.8302042 8.802087 8.7727528 8.7423234 8.7109303 8.678711 8.6458062 8.6123569 8.5785014 8.5443725 8.510096 8.4757887 8.4415578 8.4075004 8.3737033 8.3402435 8.3071889 8.2745985 8.2425235 8.211008 8.1800899 8.149801 8.1201684 8.0912143 8.062957 8.035411 8.0085876 7.9824948 7.9571382 7.9325206 7.9086427 7.8855029 7.8630978 7.8414223 7.8204695 7.8002313 7.7806977 7.7618581 7.7437001 7.7262107 7.7093756 7.69318 7.6776079 7.6626428 7.6482677 7.634465 7.6212167 7.6085044 7.5963098 7.5846141 7.5733988
9.0607359 9.0466849 9.0307587 9.012966 8.9933248 8.9718644 8.9486266 8.9236682 8.8970621 8.8688982 8.8392839 8.8083431 8.7762139 8.7430455 8.7089952 8.6742236 8.6388911 8.6031539 8.5671614 8.5310532 8.4949578 8.4589914 8.423258 8.3878494 8.3528458 8.3183166 8.2843215 8.2509116 8.2181303 8.1860141 8.1545934 8.1238936 8.0939351 8.0647343 8.0363039 8.0086531 7.9817881 7.9557124 7.930427 7.9059305 7.8822196 7.8592888 7.8371313 7.8157383 7.7950997 7.775204 7.7560385 7.7375892 7.7198413 7.7027787 7.6863849 7.6706421 7.6555322 7.6410364 7.6271354 7.6138095 7.6010388 7.5888032 7.5770826 7.5658567
9.1094651 9.0951776 9.0788723 9.0605518 9.0402285 9.017927 8.9936859 8.9675607 8.9396269 8.909981 8.8787415 8.8460478 8.8120573 8.7769419 8.7408825 8.7040642 8.666671 8.6288807 8.5908617 8.5527694 8.5147452 8.476915 8.4393896 8.4022651 8.3656241 8.3295371 8.2940635 8.2592532 8.2251479 8.1917823 8.1591846 8.1273779 8.0963804 8.0662061 8.0368653 8.0083651 7.9807094 7.9538994 7.9279339 7.9028094 7.8785203 7.8550594 7.8324174 7.8105836 7.789546 7.7692911 7.7498043 7.7310696 7.7130703 7.6957886 7.6792058 7.6633026 7.6480588 7.6334539 7.6194667 7.6060759 7.5932596 7.5809961 7.5692636 7.5580402
9.1610729 9.1466056 9.1299621 9.1111379 9.0901382 9.06698 9.0416961 9.0143388 8.9849841 8.9537354 8.9207236 8.886107 8.850067 8.8128033 8.7745269 8.735453 8.6957944 8.6557548 8.6155248 8.575278 8.5351695 8.4953352 8.4558923 8.4169405 8.3785637 8.3408318 8.3038028 8.2675245 8.2320358 8.1973685 8.163548 8.1305943 8.0985229 8.067345 8.0370683 8.007697 7.9792326 7.9516737 7.9250166 7.8992555 7.8743824 7.8503876 7.8272597 7.8049859 7.7835518 7.7629419 7.7431394 7.7241265 7.7058843 7.688393 7.671632 7.6555798 7.6402144 7.6255133 7.6114534 7.5980114 7.5851636 7.5728864 7.5611561 7.5499494
9.2158556 9.2012817 9.1843559 9.1650655 9.1434062 9.1193844 9.0930227 9.0643659 9.0334887 9.0004999 8.9655452 8.9288057 8.8904934 8.8508434 8.8101045 8.76853 8.7263679 8.6838534 8.6412029 8.5986105 8.5562459 8.5142547 8.4727596 8.4318622 8.391646 8.3521788 8.3135154 8.2756997 8.238767 8.2027449 8.1676552 8.1335142 8.100334 8.0681227 8.0368846 8.0066211 7.9773306 7.9490091 7.9216499 7.8952445 7.8697824 7.8452514 7.8216374 7.7989254 7.7770985 7.7561391 7.7360281 7.7167455 7.6982702 7.6805803 7.663653 7.6474648 7.6319915 7.6172086 7.6030907 7.5896127 7.5767487 7.5644732 7.5527607 7.5415857
