Cobbity/QGIS/C2_Reading8.tif
NCOLS 200
NROWS 169
XLLCORNER 150.661
YLLCORNER -34.0269
CELLSIZE 1e-05
NODATA_VALUE -9999
[rows 0 to 24 of 169, columns 114 to 170 of 200]
-3.4158831 -3.4153873 -3.4149147 -3.414465 -3.414038 -3.4136334 -3.413251 -3.4128903 -3.4125511 -3.412233 -3.4119356 -3.4116586 -3.4114016 -3.4111643 -3.4109462 -3.4107471 -3.4105664 -3.4104039 -3.4102592 -3.4101319 -3.4100218 -3.4099285 -3.4098516 -3.4097909 -3.4097461 -3.4097169 -3.409703 -3.4097042 -3.4097202 -3.4097508 -3.4097957 -3.4098548 -3.4099279 -3.4100147 -3.410115 -3.4102287 -3.4103555 -3.4104954 -3.4106481 -3.4108135 -3.4109915 -3.4111818 -3.4113843 -3.4115989 -3.4118254 -3.4120637 -3.4123137 -3.4125751 -3.4128478 -3.4131317 -3.4134267 -3.4137325 -3.4140491 -3.4143763 -3.414714 -3.4150619 -3.4154199
-3.4146704 -3.4141698 -3.4136932 -3.4132403 -3.4128109 -3.4124046 -3.4120211 -3.41166 -3.411321 -3.4110037 -3.4107077 -3.4104326 -3.4101779 -3.4099433 -3.4097284 -3.4095327 -3.4093559 -3.4091975 -3.4090573 -3.4089347 -3.4088296 -3.4087414 -3.4086699 -3.4086148 -3.4085758 -3.4085525 -3.4085446 -3.408552 -3.4085744 -3.4086115 -3.4086631 -3.4087289 -3.4088088 -3.4089025 -3.4090099 -3.4091307 -3.4092649 -3.4094122 -3.4095724 -3.4097454 -3.4099311 -3.4101292 -3.4103397 -3.4105623 -3.410797 -3.4110435 -3.4113018 -3.4115717 -3.411853 -3.4121457 -3.4124494 -3.4127642 -3.4130899 -3.4134262 -3.4137731 -3.4141304 -3.4144979
-3.4134275 -3.4129223 -3.4124419 -3.4119861 -3.4115546 -3.4111469 -3.4107627 -3.4104017 -3.4100633 -3.4097472 -3.409453 -3.4091802 -3.4089283 -3.4086969 -3.4084855 -3.4082938 -3.4081213 -3.4079676 -3.4078322 -3.4077148 -3.407615 -3.4075325 -3.4074668 -3.4074177 -3.4073847 -3.4073677 -3.4073664 -3.4073803 -3.4074094 -3.4074533 -3.4075118 -3.4075847 -3.4076717 -3.4077727 -3.4078874 -3.4080157 -3.4081574 -3.4083124 -3.4084804 -3.4086613 -3.4088549 -3.4090611 -3.4092797 -3.4095107 -3.4097537 -3.4100088 -3.4102757 -3.4105543 -3.4108445 -3.411146 -3.4114589 -3.4117828 -3.4121177 -3.4124634 -3.4128198 -3.4131867 -3.4135639
-3.412153 -3.4116434 -3.4111596 -3.4107012 -3.4102679 -3.4098592 -3.4094748 -3.4091142 -3.4087769 -3.4084626 -3.4081706 -3.4079005 -3.4076519 -3.4074242 -3.407217 -3.4070297 -3.406862 -3.4067134 -3.4065834 -3.4064716 -3.4063777 -3.4063012 -3.4062417 -3.406199 -3.4061726 -3.4061623 -3.4061677 -3.4061886 -3.4062248 -3.4062758 -3.4063416 -3.4064218 -3.4065163 -3.4066248 -3.4067472 -3.4068833 -3.4070329 -3.4071957 -3.4073718 -3.4075608 -3.4077627 -3.4079772 -3.4082043 -3.4084438 -3.4086955 -3.4089593 -3.409235 -3.4095226 -3.4098218 -3.4101326 -3.4104547 -3.4107881 -3.4111325 -3.4114879 -3.411854 -3.4122307 -3.4126179
-3.4108456 -3.4103319 -3.4098449 -3.4093842 -3.4089495 -3.4085403 -3.4081561 -3.4077965 -3.4074608 -3.4071487 -3.4068595 -3.4065928 -3.406348 -3.4061245 -3.4059219 -3.4057397 -3.4055773 -3.4054343 -3.4053102 -3.4052046 -3.4051169 -3.4050469 -3.4049942 -3.4049583 -3.4049389 -3.4049357 -3.4049483 -3.4049766 -3.4050201 -3.4050787 -3.405152 -3.40524 -3.4053422 -3.4054587 -3.405589 -3.4057331 -3.4058908 -3.4060619 -3.4062463 -3.4064437 -3.4066541 -3.4068772 -3.407113 -3.4073613 -3.4076219 -3.4078947 -3.4081796 -3.4084764 -3.4087849 -3.4091051 -3.4094368 -3.4097798 -3.410134 -3.4104992 -3.4108753 -3.4112622 -3.4116596
-3.4095037 -3.4089862 -3.4084964 -3.4080339 -3.4075983 -3.407189 -3.4068056 -3.4064474 -3.4061139 -3.4058046 -3.4055188 -3.405256 -3.4050156 -3.404797 -3.4045996 -3.404423 -3.4042665 -3.4041297 -3.404012 -3.403913 -3.4038322 -3.4037692 -3.4037236 -3.403695 -3.403683 -3.4036874 -3.4037077 -3.4037436 -3.403795 -3.4038614 -3.4039428 -3.4040388 -3.4041492 -3.4042738 -3.4044124 -3.4045649 -3.404731 -3.4049106 -3.4051036 -3.4053097 -3.4055288 -3.4057608 -3.4060056 -3.4062629 -3.4065327 -3.4068148 -3.407109 -3.4074153 -3.4077334 -3.4080633 -3.4084048 -3.4087577 -3.409122 -3.4094973 -3.4098837 -3.4102809 -3.4106887
-3.4081258 -3.4076048 -3.4071126 -3.4066488 -3.4062127 -3.4058039 -3.4054218 -3.4050657 -3.404735 -3.4044291 -3.4041474 -3.4038891 -3.4036538 -3.4034407 -3.4032492 -3.4030787 -3.4029288 -3.4027987 -3.4026881 -3.4025963 -3.4025229 -3.4024675 -3.4024295 -3.4024087 -3.4024047 -3.402417 -3.4024453 -3.4024894 -3.402549 -3.4026237 -3.4027134 -3.4028178 -3.4029367 -3.4030698 -3.403217 -3.4033782 -3.403553 -3.4037415 -3.4039433 -3.4041584 -3.4043866 -3.4046278 -3.4048817 -3.4051484 -3.4054276 -3.4057192 -3.4060231 -3.4063391 -3.4066671 -3.407007 -3.4073585 -3.4077216 -3.4080962 -3.4084819 -3.4088788 -3.4092866 -3.4097052
-3.40671 -3.406186 -3.4056919 -3.4052273 -3.4047914 -3.4043837 -3.4040035 -3.4036501 -3.4033229 -3.4030212 -3.4027442 -3.4024912 -3.4022616 -3.4020547 -3.4018698 -3.4017062 -3.4015634 -3.4014408 -3.4013378 -3.4012538 -3.4011884 -3.4011411 -3.4011114 -3.4010989 -3.4011032 -3.401124 -3.4011608 -3.4012135 -3.4012817 -3.4013651 -3.4014635 -3.4015767 -3.4017044 -3.4018464 -3.4020026 -3.4021727 -3.4023566 -3.4025541 -3.4027652 -3.4029895 -3.4032271 -3.4034777 -3.4037412 -3.4040174 -3.4043064 -3.4046078 -3.4049216 -3.4052476 -3.4055857 -3.4059358 -3.4062977 -3.4066712 -3.4070563 -3.4074527 -3.4078604 -3.4082791 -3.4087087
-3.4052547 -3.4047282 -3.4042327 -3.4037678 -3.4033327 -3.4029267 -3.4025492 -3.4021994 -3.4018764 -3.4015796 -3.4013081 -3.4010612 -3.4008381 -3.4006381 -3.4004605 -3.4003046 -3.4001697 -3.4000552 -3.3999605 -3.399885 -3.3998281 -3.3997895 -3.3997686 -3.3997649 -3.3997782 -3.3998079 -3.3998538 -3.3999155 -3.3999927 -3.4000852 -3.4001927 -3.4003151 -3.4004519 -3.4006032 -3.4007686 -3.400948 -3.4011413 -3.4013483 -3.4015688 -3.4018027 -3.4020499 -3.4023102 -3.4025835 -3.4028697 -3.4031686 -3.4034801 -3.4038041 -3.4041404 -3.4044889 -3.4048495 -3.405222 -3.4056063 -3.4060022 -3.4064096 -3.4068283 -3.4072582 -3.407699
-3.4037579 -3.4032293 -3.4027331 -3.4022686 -3.401835 -3.4014316 -3.4010575 -3.400712 -3.4003941 -3.400103 -3.3998379 -3.3995979 -3.3993822 -3.39919 -3.3990205 -3.398873 -3.3987467 -3.3986411 -3.3985554 -3.398489 -3.3984414 -3.3984121 -3.3984006 -3.3984064 -3.398429 -3.3984682 -3.3985236 -3.3985948 -3.3986815 -3.3987836 -3.3989006 -3.3990325 -3.3991789 -3.3993397 -3.3995148 -3.3997038 -3.3999068 -3.4001235 -3.4003539 -3.4005976 -3.4008548 -3.4011251 -3.4014085 -3.4017048 -3.402014 -3.4023359 -3.4026704 -3.4030172 -3.4033764 -3.4037478 -3.4041312 -3.4045265 -3.4049335 -3.4053521 -3.4057822 -3.4062236 -3.406676
-3.4022175 -3.4016874 -3.4011912 -3.4007278 -3.4002966 -3.3998965 -3.3995268 -3.3991865 -3.3988746 -3.3985902 -3.3983324 -3.3981002 -3.3978928 -3.3977093 -3.3975488 -3.3974105 -3.3972938 -3.3971977 -3.3971218 -3.3970653 -3.3970277 -3.3970084 -3.3970068 -3.3970226 -3.3970553 -3.3971045 -3.3971699 -3.3972511 -3.3973478 -3.3974597 -3.3975867 -3.3977285 -3.3978849 -3.3980556 -3.3982406 -3.3984397 -3.3986527 -3.3988795 -3.39912 -3.3993739 -3.3996413 -3.3999219 -3.4002157 -3.4005225 -3.4008423 -3.4011748 -3.40152 -3.4018778 -3.402248 -3.4026304 -3.403025 -3.4034316 -3.40385 -3.4042802 -3.4047219 -3.405175 -3.4056393
-3.4006312 -3.4001005 -3.3996049 -3.3991436 -3.3987155 -3.3983199 -3.3979555 -3.3976214 -3.3973165 -3.3970398 -3.3967903 -3.396567 -3.3963689 -3.396195 -3.3960444 -3.3959163 -3.3958099 -3.3957244 -3.3956591 -3.3956132 -3.3955863 -3.3955776 -3.3955867 -3.3956132 -3.3956565 -3.3957162 -3.3957921 -3.3958838 -3.3959909 -3.3961133 -3.3962506 -3.3964027 -3.3965694 -3.3967505 -3.3969459 -3.3971553 -3.3973786 -3.3976158 -3.3978667 -3.3981312 -3.3984091 -3.3987003 -3.3990048 -3.3993224 -3.3996531 -3.3999966 -3.4003528 -3.4007217 -3.4011032 -3.401497 -3.4019031 -3.4023213 -3.4027514 -3.4031934 -3.4036471 -3.4041122 -3.4045887
-3.3989966 -3.398466 -3.3979721 -3.3975137 -3.39709 -3.3966997 -3.3963417 -3.3960149 -3.3957182 -3.3954504 -3.3952103 -3.394997 -3.3948092 -3.394646 -3.3945064 -3.3943895 -3.3942944 -3.3942203 -3.3941664 -3.394132 -3.3941165 -3.3941192 -3.3941397 -3.3941775 -3.394232 -3.3943029 -3.3943898 -3.3944925 -3.3946105 -3.3947437 -3.3948919 -3.3950548 -3.3952322 -3.395424 -3.39563 -3.3958501 -3.3960842 -3.3963321 -3.3965937 -3.396869 -3.3971578 -3.39746 -3.3977755 -3.3981042 -3.398446 -3.3988007 -3.3991684 -3.3995488 -3.3999418 -3.4003473 -3.4007652 -3.4011953 -3.4016374 -3.4020916 -3.4025575 -3.403035 -3.403524
-3.3973113 -3.3967817 -3.3962904 -3.3958361 -3.3954177 -3.395034 -3.3946837 -3.3943655 -3.3940782 -3.3938204 -3.3935911 -3.3933888 -3.3932126 -3.3930613 -3.3929337 -3.3928291 -3.3927463 -3.3926845 -3.392643 -3.3926209 -3.3926177 -3.3926326 -3.3926652 -3.3927149 -3.3927813 -3.3928639 -3.3929625 -3.3930766 -3.3932061 -3.3933506 -3.39351 -3.3936841 -3.3938726 -3.3940755 -3.3942926 -3.3945238 -3.3947689 -3.3950279 -3.3953006 -3.395587 -3.395887 -3.3962004 -3.3965273 -3.3968674 -3.3972206 -3.397587 -3.3979663 -3.3983585 -3.3987634 -3.3991809 -3.3996109 -3.4000532 -3.4005078 -3.4009743 -3.4014528 -3.4019431 -3.4024449
-3.3955724 -3.3950449 -3.3945573 -3.3941083 -3.3936966 -3.3933208 -3.3929795 -3.3926713 -3.3923947 -3.3921484 -3.3919311 -3.3917413 -3.3915779 -3.3914397 -3.3913254 -3.3912341 -3.3911647 -3.3911163 -3.3910882 -3.3910794 -3.3910892 -3.3911172 -3.3911626 -3.3912249 -3.3913038 -3.3913988 -3.3915096 -3.3916358 -3.3917772 -3.3919335 -3.3921046 -3.3922903 -3.3924904 -3.3927047 -3.3929332 -3.3931758 -3.3934324 -3.3937028 -3.3939869 -3.3942848 -3.3945963 -3.3949213 -3.3952598 -3.3956116 -3.3959767 -3.3963549 -3.3967463 -3.3971505 -3.3975677 -3.3979975 -3.3984399 -3.3988948 -3.399362 -3.3998414 -3.4003328 -3.4008361 -3.4013511
-3.393777 -3.3932527 -3.3927701 -3.3923278 -3.3919242 -3.3915578 -3.391227 -3.3909303 -3.390666 -3.3904327 -3.3902288 -3.390053 -3.3899038 -3.38978 -3.3896803 -3.3896036 -3.3895488 -3.3895149 -3.3895011 -3.3895065 -3.3895304 -3.3895722 -3.3896312 -3.389707 -3.3897991 -3.3899071 -3.3900306 -3.3901695 -3.3903233 -3.3904919 -3.3906752 -3.3908729 -3.3910849 -3.3913111 -3.3915515 -3.3918058 -3.3920741 -3.3923563 -3.3926522 -3.3929619 -3.3932852 -3.3936222 -3.3939726 -3.3943365 -3.3947137 -3.3951042 -3.3955078 -3.3959246 -3.3963542 -3.3967967 -3.3972519 -3.3977197 -3.3982 -3.3986925 -3.3991972 -3.3997138 -3.4002423
-3.3919219 -3.3914022 -3.3909261 -3.3904919 -3.3900981 -3.3897427 -3.3894241 -3.3891405 -3.3888903 -3.3886716 -3.3884829 -3.3883225 -3.3881891 -3.3880812 -3.3879974 -3.3879366 -3.3878976 -3.3878794 -3.3878811 -3.3879018 -3.3879407 -3.3879971 -3.3880706 -3.3881606 -3.3882665 -3.3883882 -3.3885251 -3.3886771 -3.3888439 -3.3890253 -3.3892212 -3.3894313 -3.3896557 -3.3898942 -3.3901468 -3.3904133 -3.3906937 -3.390988 -3.391296 -3.3916179 -3.3919534 -3.3923026 -3.3926653 -3.3930416 -3.3934313 -3.3938343 -3.3942507 -3.3946802 -3.3951227 -3.3955782 -3.3960466 -3.3965276 -3.3970212 -3.3975272 -3.3980455 -3.3985759 -3.3991183
-3.3900036 -3.38949 -3.389022 -3.3885978 -3.3882155 -3.387873 -3.3875685 -3.3873 -3.3870655 -3.3868633 -3.3866915 -3.3865484 -3.3864324 -3.386342 -3.3862757 -3.3862322 -3.3862104 -3.3862091 -3.3862273 -3.3862643 -3.3863192 -3.3863913 -3.3864801 -3.386585 -3.3867056 -3.3868415 -3.3869925 -3.3871582 -3.3873385 -3.3875332 -3.3877421 -3.3879652 -3.3882024 -3.3884535 -3.3887186 -3.3889977 -3.3892906 -3.3895973 -3.3899179 -3.3902522 -3.3906003 -3.390962 -3.3913374 -3.3917264 -3.3921289 -3.3925449 -3.3929743 -3.3934169 -3.3938727 -3.3943416 -3.3948234 -3.3953181 -3.3958254 -3.3963453 -3.3968776 -3.3974221 -3.3979787
-3.3880183 -3.3875126 -3.3870547 -3.3866424 -3.3862736 -3.3859461 -3.3856578 -3.3854064 -3.3851898 -3.3850061 -3.3848531 -3.3847292 -3.3846324 -3.3845611 -3.3845139 -3.3844893 -3.384486 -3.384503 -3.3845391 -3.3845935 -3.3846654 -3.3847541 -3.3848591 -3.3849797 -3.3851157 -3.3852666 -3.3854322 -3.3856122 -3.3858065 -3.386015 -3.3862375 -3.3864739 -3.3867243 -3.3869885 -3.3872666 -3.3875585 -3.3878642 -3.3881838 -3.3885172 -3.3888644 -3.3892253 -3.3896 -3.3899884 -3.3903905 -3.3908062 -3.3912355 -3.3916782 -3.3921344 -3.3926038 -3.3930864 -3.3935821 -3.3940908 -3.3946122 -3.3951464 -3.395693 -3.396252 -3.3968232
-3.3859622 -3.3854663 -3.3850205 -3.3846223 -3.3842694 -3.3839592 -3.3836893 -3.3834574 -3.383261 -3.383098 -3.3829661 -3.3828633 -3.3827877 -3.3827375 -3.382711 -3.3827069 -3.3827237 -3.3827603 -3.3828156 -3.3828886 -3.3829786 -3.3830849 -3.383207 -3.3833442 -3.3834963 -3.3836628 -3.3838437 -3.3840386 -3.3842475 -3.3844702 -3.3847067 -3.3849569 -3.3852209 -3.3854986 -3.38579 -3.3860952 -3.3864141 -3.3867469 -3.3870935 -3.3874539 -3.3878281 -3.3882161 -3.3886179 -3.3890334 -3.3894627 -3.3899056 -3.3903621 -3.3908321 -3.3913155 -3.3918123 -3.3923223 -3.3928453 -3.3933813 -3.39393 -3.3944914 -3.3950653 -3.3956515
-3.3838307 -3.383347 -3.3829157 -3.3825341 -3.3821996 -3.3819093 -3.3816606 -3.3814507 -3.381277 -3.3811371 -3.3810286 -3.3809492 -3.3808969 -3.3808697 -3.380866 -3.3808841 -3.3809226 -3.3809803 -3.3810561 -3.381149 -3.3812582 -3.3813831 -3.3815231 -3.3816778 -3.3818467 -3.3820297 -3.3822264 -3.3824368 -3.3826608 -3.3828982 -3.3831492 -3.3834136 -3.3836916 -3.3839832 -3.3842883 -3.3846072 -3.3849397 -3.385286 -3.3856461 -3.3860201 -3.3864079 -3.3868096 -3.3872251 -3.3876545 -3.3880977 -3.3885547 -3.3890253 -3.3895096 -3.3900075 -3.3905188 -3.3910434 -3.3915812 -3.3921321 -3.3926959 -3.3932725 -3.3938617 -3.3944633
-3.3816192 -3.3811502 -3.3807361 -3.380374 -3.3800608 -3.3797933 -3.3795686 -3.3793836 -3.3792354 -3.3791214 -3.3790388 -3.3789853 -3.3789586 -3.3789567 -3.3789776 -3.3790198 -3.3790817 -3.3791621 -3.3792598 -3.3793739 -3.3795035 -3.3796481 -3.3798071 -3.37998 -3.3801666 -3.3803665 -3.3805798 -3.3808062 -3.3810458 -3.3812985 -3.3815644 -3.3818435 -3.3821359 -3.3824417 -3.382761 -3.3830938 -3.3834403 -3.3838005 -3.3841746 -3.3845625 -3.3849643 -3.38538 -3.3858097 -3.3862533 -3.3867108 -3.3871822 -3.3876674 -3.3881664 -3.3886791 -3.3892053 -3.389745 -3.3902981 -3.3908643 -3.3914436 -3.3920359 -3.3926408 -3.3932583
-3.3793225 -3.3788711 -3.3784774 -3.378138 -3.3778493 -3.377608 -3.3774105 -3.3772536 -3.377134 -3.3770488 -3.376995 -3.37697 -3.3769715 -3.3769971 -3.3770449 -3.3771132 -3.3772003 -3.377305 -3.3774261 -3.3775627 -3.377714 -3.3778793 -3.3780581 -3.3782502 -3.3784551 -3.3786729 -3.3789032 -3.3791463 -3.379402 -3.3796704 -3.3799516 -3.3802458 -3.380553 -3.3808734 -3.3812072 -3.3815544 -3.3819153 -3.3822898 -3.3826781 -3.3830803 -3.3834965 -3.3839267 -3.3843709 -3.3848291 -3.3853014 -3.3857877 -3.3862879 -3.386802 -3.3873299 -3.3878715 -3.3884268 -3.3889955 -3.3895776 -3.3901728 -3.3907811 -3.3914022 -3.392036
-3.376935 -3.3765046 -3.3761348 -3.3758217 -3.3755612 -3.3753497 -3.3751831 -3.3750578 -3.3749703 -3.3749171 -3.3748953 -3.3749018 -3.3749341 -3.3749898 -3.3750668 -3.3751632 -3.3752775 -3.3754083 -3.3755543 -3.3757148 -3.3758889 -3.376076 -3.3762757 -3.3764877 -3.3767119 -3.376948 -3.3771961 -3.3774563 -3.3777286 -3.3780132 -3.3783102 -3.3786198 -3.3789423 -3.3792777 -3.3796263 -3.3799883 -3.3803639 -3.3807531 -3.3811561 -3.381573 -3.382004 -3.382449 -3.3829081 -3.3833814 -3.3838688 -3.3843704 -3.3848861 -3.3854158 -3.3859594 -3.3865169 -3.3870881 -3.387673 -3.3882713 -3.388883 -3.3895078 -3.3901456 -3.3907962
-3.3744507 -3.3740451 -3.3737032 -3.3734204 -3.3731924 -3.3730148 -3.3728832 -3.3727935 -3.3727417 -3.3727243 -3.3727378 -3.372779 -3.3728451 -3.3729336 -3.3730422 -3.3731691 -3.3733125 -3.3734711 -3.3736438 -3.3738295 -3.3740277 -3.3742377 -3.3744593 -3.3746921 -3.3749361 -3.3751914 -3.3754578 -3.3757356 -3.376025 -3.3763262 -3.3766394 -3.3769649 -3.377303 -3.3776538 -3.3780177 -3.3783948 -3.3787854 -3.3791896 -3.3796077 -3.3800397 -3.3804859 -3.3809462 -3.3814207 -3.3819095 -3.3824125 -3.3829298 -3.3834614 -3.3840071 -3.384567 -3.3851408 -3.3857285 -3.38633 -3.3869451 -3.3875737 -3.3882156 -3.3888705 -3.3895384
