Cobbity/QGIS/C2_Reading2.tif
NCOLS 299
NROWS 160
XLLCORNER 150.661
YLLCORNER -34.0268
CELLSIZE 1e-05
NODATA_VALUE -9999
[rows 104 to 129 of 160, columns 180 to 239 of 299]
5.5998391 5.6159164 5.6758592 5.7647318 5.9051816 6.1068238 6.0645881 5.9377045 5.883987 5.8608383 5.8499047 5.8450498 5.8436276 5.8442402 5.8460712 5.8486202 5.8515709 5.8547198 5.8579345 5.8611288 5.864247 5.8672544 5.8701303 5.8728643 5.8754526 5.8778963 5.8801997 5.8823692 5.8844124 5.886338 5.8881545 5.8898706 5.8914949 5.8930354 5.8944998 5.8958952 5.8972282 5.8985048 5.8997307 5.9009107 5.9020494 5.9031508 5.9042186 5.9052561 5.9062661 5.9072513 5.9082138 5.9091557 5.9100789 5.9109848 5.9118749 5.9127504 5.9136123 5.9144616 5.9152991 5.9161256 5.9169416 5.9177477 5.9185444 5.9193321
5.5387837 5.5999028 5.6736942 5.7705608 5.9126791 6.1090989 6.0658972 5.9323272 5.8705945 5.8425428 5.8288826 5.8224712 5.8201651 5.8203245 5.8219976 5.8245976 5.8277496 5.8312089 5.8348134 5.8384551 5.8420622 5.8455875 5.849001 5.8522844 5.8554281 5.8584284 5.8612857 5.8640031 5.866586 5.8690407 5.8713745 5.8735949 5.8757094 5.8777256 5.8796508 5.8814919 5.8832554 5.8849475 5.8865738 5.8881397 5.8896499 5.8911089 5.8925207 5.8938891 5.8952173 5.8965084 5.8977652 5.8989901 5.9001853 5.9013529 5.9024947 5.9036124 5.9047074 5.9057811 5.9068346 5.9078691 5.9088855 5.9098848 5.9108677 5.9118349
5.4939956 5.5825345 5.6738154 5.7815595 5.8924688 5.9638066 5.9536031 5.8970844 5.8510242 5.8233331 5.8081305 5.8004804 5.797406 5.7971602 5.798688 5.8013295 5.8046593 5.8083969 5.8123544 5.8164046 5.820461 5.8244651 5.8283779 5.8321742 5.8358384 5.8393622 5.8427421 5.8459784 5.8490736 5.8520323 5.85486 5.8575629 5.8601478 5.8626215 5.8649907 5.8672622 5.8694422 5.8715369 5.8735521 5.8754932 5.8773653 5.8791731 5.880921 5.882613 5.8842528 5.8858439 5.8873894 5.8888923 5.8903551 5.8917803 5.89317 5.8945265 5.8958514 5.8971466 5.8984135 5.8996536 5.9008683 5.9020587 5.9032259 5.904371
5.4797295 5.573263 5.6860069 5.8430503 6.0282219 6.0653256 5.9659224 5.8842003 5.8335208 5.8037884 5.7871852 5.7786196 5.7750045 5.7744909 5.775949 5.778667 5.7821835 5.786192 5.7904849 5.7949196 5.7993979 5.8038515 5.8082337 5.8125129 5.8166684 5.8206874 5.8245629 5.8282921 5.8318753 5.835315 5.8386151 5.8417807 5.8448173 5.8477312 5.8505285 5.8532156 5.8557985 5.8582834 5.860676 5.8629818 5.8652061 5.8673538 5.8694296 5.8714378 5.8733824 5.8752672 5.8770958 5.8788714 5.8805969 5.8822752 5.883909 5.8855004 5.8870519 5.8885654 5.8900428 5.8914859 5.8928963 5.8942756 5.895625 5.896946
5.4671567 5.5661452 5.6995956 5.9369966 6.3926327 6.4099936 6.0460718 5.8855155 5.8171861 5.7833609 5.7655667 5.7565241 5.7526937 5.7521177 5.7536274 5.7564894 5.7602259 5.7645164 5.7691416 5.7739491 5.7788317 5.7837139 5.7885427 5.7932809 5.7979035 5.8023937 5.8067414 5.810941 5.8149905 5.8188905 5.8226434 5.8262531 5.8297242 5.833062 5.8362722 5.8393607 5.8423335 5.8451963 5.847955 5.8506151 5.853182 5.8556607 5.8580562 5.8603729 5.8626153 5.8647875 5.8668931 5.8689359 5.8709192 5.872846 5.8747193 5.8765418 5.8783161 5.8800445 5.8817293 5.8833724 5.8849758 5.8865414 5.8880707 5.8895654
5.4535527 5.5549164 5.6884781 5.904239 6.2613889 6.2870839 6.0070902 5.8599862 5.7932641 5.7600518 5.7426893 5.7339337 5.7303078 5.7299135 5.7316192 5.7347094 5.7387124 5.7433077 5.7482725 5.7534497 5.7587268 5.7640234 5.7692817 5.7744603 5.7795302 5.7844716 5.7892714 5.7939216 5.7984181 5.8027598 5.8069478 5.8109845 5.8148738 5.8186203 5.8222291 5.8257056 5.8290554 5.8322844 5.8353981 5.8384022 5.841302 5.8441029 5.8468097 5.8494274 5.8519605 5.8544133 5.8567899 5.8590942 5.8613298 5.8635002 5.8656085 5.8676579 5.8696511 5.8715907 5.8734794 5.8753194 5.8771129 5.8788621 5.8805687 5.8822347
5.4390221 5.5429016 5.6682466 5.8121455 5.9378388 5.9599586 5.8832356 5.8081482 5.760778 5.7335509 5.7184965 5.7108293 5.7078152 5.7078332 5.7098724 5.7132739 5.7175926 5.7225198 5.7278366 5.7333859 5.7390532 5.7447551 5.7504305 5.756035 5.7615365 5.7669123 5.7721471 5.7772306 5.7821571 5.7869239 5.7915306 5.7959788 5.8002713 5.8044121 5.8084058 5.8122573 5.8159721 5.8195557 5.8230137 5.8263516 5.8295749 5.8326889 5.8356988 5.8386096 5.8414261 5.8441528 5.846794 5.849354 5.8518365 5.8542453 5.8565839 5.8588556 5.8610635 5.8632106 5.8652995 5.867333 5.8693135 5.8712432 5.8731244 5.8749591
5.4247871 5.5378936 5.6821451 5.8547933 5.928944 5.8718414 5.8090672 5.7603846 5.7268258 5.7057975 5.6936418 5.6874668 5.6853163 5.6859058 5.6883809 5.6921598 5.6968364 5.7021209 5.7078035 5.7137301 5.7197866 5.7258883 5.7319721 5.7379913 5.7439116 5.749708 5.7553632 5.7608652 5.7662067 5.7713834 5.7763942 5.7812394 5.7859212 5.7904429 5.7948085 5.7990227 5.8030907 5.8070178 5.8108094 5.8144712 5.8180085 5.8214269 5.8247315 5.8279276 5.8310201 5.8340138 5.8369132 5.8397227 5.8424465 5.8450884 5.8476523 5.8501417 5.85256 5.8549103 5.8571958 5.8594191 5.8615831 5.8636903 5.865743 5.8677437
5.4123947 5.536349 5.7138574 6.0282565 6.1464274 5.894422 5.7767265 5.7246523 5.6958079 5.6786835 5.6689439 5.6642184 5.6629827 5.664205 5.6671686 5.6713656 5.6764292 5.6820909 5.6881513 5.694461 5.7009076 5.7074061 5.7138923 5.7203179 5.7266467 5.7328523 5.7389155 5.744823 5.7505661 5.7561394 5.7615407 5.7667697 5.7718277 5.7767176 5.7814429 5.7860081 5.7904179 5.7946776 5.7987926 5.8027684 5.8066104 5.8103243 5.8139154 5.8173889 5.8207501 5.8240037 5.8271547 5.8302076 5.8331667 5.8360363 5.8388204 5.8415226 5.8441467 5.8466961 5.8491739 5.8515834 5.8539274 5.8562086 5.8584298 5.8605933
5.4033556 5.5305967 5.6886062 5.8992704 5.9770628 5.8347959 5.7400022 5.6929972 5.6674921 5.6529086 5.6449315 5.6413919 5.6409788 5.6428122 5.6462697 5.650899 5.656365 5.6624168 5.6688642 5.6755626 5.6824012 5.6892952 5.6961798 5.7030054 5.7097348 5.7163401 5.7228008 5.7291024 5.7352352 5.741193 5.7469726 5.752573 5.7579952 5.7632413 5.7683147 5.7732194 5.7779601 5.782542 5.7869702 5.7912503 5.7953879 5.7993885 5.8032577 5.8070007 5.810623 5.8141296 5.8175255 5.8208154 5.824004 5.8270956 5.8300944 5.8330045 5.8358297 5.8385736 5.8412397 5.8438313 5.8463515 5.8488033 5.8511896 5.8535129
5.4020467 5.53907 5.6843739 5.7835226 5.7954066 5.7492225 5.6981334 5.6629213 5.6412839 5.6285996 5.6218367 5.6191643 5.6194132 5.6217855 5.6257103 5.630767 5.63664 5.6430891 5.6499305 5.6570225 5.6642556 5.671545 5.6788255 5.6860467 5.6931703 5.7001674 5.7070166 5.7137026 5.7202146 5.7265458 5.7326923 5.7386528 5.7444277 5.7500187 5.755429 5.7606624 5.7657234 5.7706171 5.7753487 5.7799236 5.7843476 5.7886263 5.7927651 5.7967698 5.8006457 5.804398 5.808032 5.8115525 5.8149644 5.8182723 5.8214805 5.8245932 5.8276146 5.8305485 5.8333984 5.836168 5.8388606 5.8414793 5.8440272 5.846507
5.4101674 5.5783882 5.8122913 5.95487 5.8172869 5.7212871 5.6694906 5.6374718 5.6175647 5.605822 5.5997159 5.5975874 5.5983221 5.6011446 5.6054972 5.610968 5.6172471 5.6240982 5.6313396 5.6388304 5.6464613 5.6541474 5.6618228 5.6694365 5.6769494 5.6843319 5.691562 5.6986234 5.7055052 5.7121997 5.7187029 5.7250127 5.7311294 5.7370546 5.7427911 5.7483426 5.7537137 5.7589091 5.7639343 5.7687948 5.7734961 5.7780441 5.7824444 5.7867027 5.7908245 5.7948154 5.7986806 5.8024252 5.8060542 5.8095723 5.8129843 5.8162944 5.819507 5.822626 5.8256553 5.8285987 5.8314595 5.8342413 5.8369471 5.83958
5.4227259 5.6084481 5.8746005 6.049627 5.8409934 5.7129568 5.6515065 5.6169025 5.5963063 5.5844454 5.5784676 5.5766007 5.5776706 5.5808673 5.5856138 5.5914879 5.598174 5.6054331 5.6130815 5.6209775 5.629011 5.6370963 5.6451668 5.6531712 5.6610698 5.6688325 5.6764367 5.683866 5.6911088 5.6981574 5.7050073 5.7116564 5.7181047 5.7243537 5.730406 5.7362655 5.7419365 5.7474239 5.7527332 5.7578698 5.7628395 5.7676481 5.7723015 5.7768055 5.7811657 5.7853878 5.7894772 5.7934392 5.797279 5.8010015 5.8046115 5.8081135 5.8115121 5.8148114 5.8180154 5.821128 5.824153 5.8270938 5.8299538 5.8327362
5.445103 5.6416283 5.8190489 5.8702855 5.7925107 5.6995835 5.6369685 5.5990507 5.5766395 5.5640096 5.5578231 5.5560442 5.5573624 5.5608944 5.5660224 5.5723013 5.5794029 5.5870805 5.5951464 5.6034563 5.6118988 5.6203874 5.6288548 5.6372493 5.6455309 5.6536693 5.6616419 5.6694321 5.677028 5.684422 5.6916094 5.6985881 5.7053581 5.7119208 5.718279 5.7244364 5.7303975 5.7361672 5.741751 5.7471545 5.7523836 5.7574443 5.7623425 5.7670841 5.771675 5.7761209 5.7804275 5.7846002 5.7886443 5.792565 5.7963671 5.8000556 5.8036348 5.8071093 5.8104833 5.8137607 5.8169455 5.8200412 5.8230515 5.8259797
5.4871785 5.7752109 6.1413688 6.0808348 5.8344415 5.6985594 5.624321 5.5818104 5.5573346 5.5438359 5.5373953 5.5356902 5.5372607 5.541142 5.5466705 5.5533751 5.560912 5.5690262 5.5775247 5.5862607 5.595121 5.6040185 5.6128857 5.6216706 5.6303335 5.6388442 5.64718 5.6553244 5.663266 5.6709971 5.6785131 5.6858122 5.6928942 5.6997609 5.7064151 5.7128606 5.719102 5.7251443 5.7309933 5.7366546 5.7421342 5.7474383 5.7525729 5.757544 5.7623578 5.7670202 5.7715368 5.7759134 5.7801553 5.7842679 5.7882563 5.7921255 5.79588 5.7995246 5.8030636 5.8065011 5.8098412 5.8130876 5.8162442 5.8193143
5.5217002 5.8710672 6.4818278 6.3007254 5.8714123 5.6928882 5.6084475 5.5627841 5.5371152 5.5232129 5.5167731 5.515294 5.5172166 5.5215185 5.5275016 5.534674 5.54268 5.5512572 5.560209 5.5693865 5.5786758 5.5879895 5.5972605 5.6064372 5.6154803 5.62436 5.6330542 5.6415469 5.649827 5.6578871 5.6657232 5.6733334 5.6807181 5.6878791 5.6948195 5.7015433 5.7080553 5.7143608 5.7204655 5.7263754 5.7320966 5.7376354 5.742998 5.7481907 5.7532196 5.7580908 5.7628103 5.7673838 5.7718169 5.7761152 5.7802838 5.7843278 5.7882522 5.7920616 5.7957605 5.7993533 5.8028442 5.806237 5.8095357 5.8127438
5.5424346 5.8076456 6.0227736 5.9826616 5.7935787 5.6606038 5.5839801 5.5400432 5.5150205 5.5015863 5.4956195 5.4946464 5.4970997 5.5019428 5.5084656 5.516168 5.5246892 5.5337641 5.5431949 5.5528328 5.5625644 5.5723031 5.5819828 5.591553 5.6009755 5.6102213 5.6192694 5.6281044 5.6367159 5.6450971 5.6532445 5.6611568 5.6688347 5.6762805 5.6834974 5.6904898 5.6972628 5.7038219 5.710173 5.7163223 5.7222761 5.7280409 5.733623 5.7390291 5.7442652 5.7493378 5.7542528 5.7590162 5.7636339 5.7681113 5.7724539 5.776667 5.7807555 5.7847244 5.7885782 5.7923214 5.7959584 5.7994932 5.8029297 5.8062718
5.5990676 5.9758742 6.1199897 5.8826755 5.7210376 5.6176115 5.5527308 5.5134888 5.4907376 5.4786854 5.4737368 5.4736122 5.476821 5.4823583 5.4895283 5.4978377 5.5069301 5.5165436 5.5264834 5.536603 5.5467914 5.5569646 5.5670583 5.5770241 5.5868251 5.5964342 5.6058314 5.6150026 5.6239383 5.6326326 5.6410827 5.649288 5.6572497 5.6649704 5.6724541 5.6797054 5.6867296 5.6935327 5.7001207 5.7065001 5.7126775 5.7186596 5.7244528 5.7300639 5.7354994 5.7407656 5.7458688 5.7508151 5.7556105 5.7602606 5.764771 5.7691471 5.7733941 5.777517 5.7815204 5.7854091 5.7891874 5.7928596 5.7964297 5.7999016
5.6254894 6.0608844 6.247176 5.8612536 5.6710659 5.5746156 5.5180106 5.4840132 5.4644578 5.4545055 5.4510753 5.4521425 5.4563443 5.4627423 5.4706778 5.4796793 5.4894044 5.499601 5.5100815 5.5207051 5.5313657 5.5419829 5.5524958 5.5628586 5.5730372 5.5830062 5.5927474 5.6022484 5.6115008 5.6204999 5.6292438 5.6377326 5.6459684 5.6539544 5.661695 5.6691952 5.6764609 5.6834982 5.6903136 5.6969139 5.7033058 5.7094962 5.715492 5.7212999 5.7269266 5.7323788 5.7376627 5.7427847 5.7477509 5.7525671 5.757239 5.7617721 5.7661718 5.770443 5.7745908 5.7786199 5.7825347 5.7863397 5.7900389 5.7936364
5.623364 5.8525065 5.8591713 5.7295612 5.6066436 5.5282673 5.4806768 5.4523345 5.4365352 5.4292019 5.4277013 5.4302674 5.4356865 5.4431082 5.4519273 5.4617065 5.4721264 5.4829507 5.4940036 5.5051533 5.5163004 5.5273702 5.5383065 5.5490673 5.5596214 5.5699462 5.5800258 5.5898495 5.5994106 5.6087057 5.6177341 5.6264968 5.6349968 5.643238 5.6512253 5.6589644 5.6664616 5.6737233 5.6807565 5.6875682 5.6941654 5.7005552 5.7067448 5.7127412 5.7185511 5.7241813 5.7296385 5.734929 5.7400591 5.7450346 5.7498616 5.7545456 5.759092 5.7635061 5.7677929 5.7719571 5.7760035 5.7799365 5.7837604 5.7874792
5.6508702 5.9722272 5.8141757 5.6394786 5.541313 5.4794515 5.4413056 5.4189912 5.4073419 5.4030055 5.403757 5.4080783 5.4149109 5.4235033 5.4333148 5.4439516 5.4551242 5.4666177 5.478272 5.4899672 5.5016132 5.5131426 5.5245049 5.5356629 5.5465893 5.5572648 5.567676 5.5778145 5.5876756 5.5972574 5.6065604 5.6155869 5.6243408 5.6328268 5.6410505 5.6490182 5.6567366 5.6642128 5.6714539 5.6784674 5.6852606 5.6918409 5.6982156 5.7043918 5.7103767 5.7161772 5.7218 5.7272517 5.7325385 5.7376668 5.7426424 5.747471 5.7521583 5.7567095 5.7611297 5.765424 5.7695969 5.7736532 5.7775971 5.7814328
5.6894734 5.7749374 5.6796543 5.5599789 5.4795243 5.4301276 5.4007104 5.3845037 5.3772538 5.3761849 5.3794324 5.3857116 5.3941181 5.4040045 5.4149011 5.4264639 5.4384387 5.4506364 5.4629161 5.4751724 5.4873264 5.4993193 5.5111079 5.5226604 5.5339542 5.5449736 5.5557085 5.5661529 5.5763043 5.5861625 5.5957297 5.6050094 5.6140064 5.6227263 5.6311757 5.6393614 5.6472907 5.6549711 5.6624103 5.6696159 5.6765956 5.6833571 5.689908 5.6962556 5.7024072 5.70837 5.7141507 5.7197561 5.7251927 5.7304668 5.7355844 5.7405515 5.7453735 5.750056 5.7546043 5.7590232 5.7633177 5.7674924 5.7715517 5.7754999
5.9287378 5.9498723 5.6171879 5.4861483 5.4187638 5.3805082 5.3594138 5.3493357 5.3466452 5.3490311 5.3549499 5.3633365 5.3734379 5.3847127 5.396766 5.4093077 5.4221225 5.4350506 5.4479727 5.4607999 5.4734662 5.4859231 5.498135 5.5100766 5.5217306 5.5330855 5.5441346 5.5548747 5.5653056 5.5754293 5.5852494 5.5947708 5.6039996 5.6129423 5.6216063 5.6299991 5.6381285 5.6460027 5.6536297 5.6610175 5.6681742 5.6751077 5.6818257 5.688336 5.694646 5.7007629 5.7066938 5.7124455 5.7180247 5.7234378 5.7286908 5.7337899 5.7387407 5.7435487 5.7482193 5.7527576 5.7571685 5.7614567 5.7656268 5.769683
5.6209127 5.6496761 5.5040554 5.4078145 5.3570823 5.3304529 5.3177798 5.313916 5.3158952 5.3218541 5.3305555 5.3411462 5.353022 5.3657476 5.3790049 5.3925596 5.406238 5.4199114 5.433484 5.446885 5.4600625 5.4729789 5.4856075 5.49793 5.5099345 5.5216142 5.5329661 5.5439902 5.5546887 5.5650657 5.5751266 5.5848778 5.5943264 5.6034801 5.6123472 5.6209358 5.6292544 5.6373117 5.6451161 5.652676 5.6599999 5.6670959 5.6739721 5.6806363 5.6870962 5.6933591 5.6994324 5.7053229 5.7110374 5.7165824 5.7219642 5.7271889 5.7322623 5.73719 5.7419774 5.7466297 5.7511518 5.7555486 5.7598246 5.7639842
5.6737941 5.4752269 5.3792102 5.3245219 5.2944605 5.2803686 5.2763119 5.2787183 5.2854076 5.294984 5.3065139 5.3193511 5.3330375 5.3472423 5.3617242 5.3763054 5.3908548 5.4052756 5.4194968 5.4334665 5.4471476 5.4605141 5.4735485 5.4862399 5.4985824 5.5105739 5.5222154 5.5335101 5.5444629 5.55508 5.5653686 5.5753367 5.5849926 5.5943451 5.6034032 5.6121759 5.6206725 5.6289018 5.636873 5.6445949 5.652076 5.659325 5.6663501 5.6731593 5.6797606 5.6861613 5.692369 5.6983907 5.7042332 5.7099033 5.7154072 5.7207511 5.7259409 5.7309823 5.7358808 5.7406415 5.7452697 5.74977 5.7541472 5.7584058
5.4317001 5.3400828 5.2743412 5.2453767 5.2333951 5.2313698 5.2357365 5.2442931 5.2556178 5.268768 5.2831021 5.2981725 5.3136609 5.3293382 5.3450374 5.3606367 5.3760471 5.3912039 5.4060609 5.4205854 5.4347554 5.4485568 5.4619816 5.4750263 5.4876912 5.4999791 5.5118949 5.5234451 5.5346374 5.5454802 5.5559825 5.5661538 5.5760037 5.5855421 5.5947788 5.6037237 5.6123865 5.6207767 5.6289039 5.6367772 5.6444056 5.6517978 5.6589625 5.6659078 5.6726417 5.679172 5.6855062 5.6916514 5.6976146 5.7034026 5.7090218 5.7144785 5.7197785 5.7249276 5.7299315 5.7347953 5.7395242 5.7441231 5.7485967 5.7529495
