Cobbity/QGIS/C2_Reading5.tif
NCOLS 299
NROWS 169
XLLCORNER 150.661
YLLCORNER -34.0268
CELLSIZE 1e-05
NODATA_VALUE -9999
[rows 104 to 129 of 169, columns 60 to 119 of 299]
13.80574 13.818539 13.831751 13.845401 13.859515 13.874123 13.88926 13.90496 13.921266 13.938221 13.955877 13.97429 13.993524 14.013649 14.034748 14.056913 14.080248 14.104874 14.130931 14.158578 14.188004 14.219425 14.253099 14.28933 14.328479 14.370982 14.41737 14.468297 14.52459 14.587323 14.657948 14.738541 14.832278 14.944412 15.084509 15.274215 15.570037 15.679838 15.371127 15.164302 15.051985 15.022191 15.074781 15.215528 15.272902 15.098685 14.933479 14.86508 14.895267 15.050943 15.522611 15.488426 14.804443 14.435932 14.155198 13.897382 13.571369 13.252517 13.581253 13.722698
13.801405 13.814161 13.827335 13.840952 13.855039 13.869629 13.884755 13.900456 13.916773 13.933755 13.951453 13.969927 13.989243 14.009478 14.030716 14.053054 14.076605 14.101496 14.127875 14.155913 14.18581 14.2178 14.252159 14.289213 14.329353 14.373048 14.420869 14.473517 14.53187 14.597053 14.670563 14.754516 14.852165 14.969087 15.115669 15.309115 15.573145 15.671884 15.337782 15.145376 15.059673 15.053174 15.124487 15.317394 15.420668 15.107125 14.95924 14.921252 14.99448 15.225546 15.49047 15.238559 14.801893 14.461035 14.200303 13.97836 13.808936 13.734152 13.781996 13.87346
13.79679 13.80949 13.82261 13.836176 13.850219 13.864769 13.879862 13.895538 13.91184 13.928816 13.946522 13.965019 13.984376 14.004672 14.025995 14.048447 14.072144 14.097222 14.123833 14.15216 14.182412 14.214836 14.249725 14.287426 14.328353 14.373007 14.421994 14.476056 14.536111 14.603311 14.679141 14.765595 14.865588 14.984055 15.131726 15.340989 15.627418 15.464325 15.254713 15.123934 15.070384 15.090314 15.192434 15.336709 15.259304 15.089074 14.981907 14.973703 15.085387 15.40206 16.046928 15.290968 14.790893 14.479904 14.245964 14.048795 13.859495 13.879121 13.944034 14.024333
13.791893 13.804521 13.81757 13.831069 13.845047 13.859535 13.874572 13.890196 13.906453 13.923392 13.941069 13.959548 13.9789 13.999205 14.020554 14.043053 14.066822 14.091999 14.118744 14.147245 14.177721 14.210428 14.245672 14.283816 14.325295 14.370634 14.420471 14.475584 14.536925 14.605668 14.683257 14.77147 14.87251 14.989177 15.125244 15.286083 15.464947 15.358004 15.19752 15.110161 15.086728 15.132331 15.270683 15.562126 15.326664 15.094692 15.004167 15.022035 15.173121 15.506353 15.529581 15.134526 14.765069 14.497004 14.293197 14.11498 13.987667 14.018373 14.077852 14.175876
13.786712 13.799251 13.812214 13.825626 13.839517 13.853922 13.868877 13.884422 13.900603 13.91747 13.935081 13.953499 13.972796 13.993055 14.014369 14.036844 14.060603 14.085787 14.11256 14.141112 14.171668 14.204491 14.239895 14.278254 14.320018 14.36573 14.416052 14.471795 14.533947 14.603716 14.682547 14.772088 14.873972 14.989069 15.115199 15.240162 15.295105 15.238442 15.16149 15.111327 15.111549 15.181409 15.346368 15.457493 15.275476 15.096945 15.023258 15.064438 15.244946 15.657156 15.629089 15.068464 14.742016 14.518539 14.353875 14.192057 13.962059 14.115155 14.204181 14.336363
13.781244 13.79368 13.806537 13.819843 13.833629 13.847926 13.862773 13.87821 13.894283 13.911043 13.928547 13.946859 13.966052 13.986209 14.007422 14.029799 14.053464 14.078557 14.105245 14.133718 14.164202 14.196964 14.232319 14.270646 14.312401 14.358138 14.408534 14.464423 14.526832 14.597026 14.676534 14.76712 14.870531 14.987561 15.114794 15.232111 15.276428 15.230213 15.169224 15.134759 15.146786 15.230938 15.464544 15.746486 15.307317 15.096461 15.0346 15.099937 15.350483 15.727235 15.355197 14.986855 14.725464 14.54878 14.436638 14.408787 14.361577 14.285664 14.334529 14.492333
13.775491 13.787807 13.800541 13.813722 13.827379 13.841545 13.856258 13.871559 13.887491 13.904108 13.921464 13.939625 13.958662 13.978658 13.999704 14.021908 14.045392 14.070295 14.096782 14.125041 14.155297 14.187812 14.222899 14.260933 14.302368 14.347755 14.397773 14.453264 14.515279 14.585144 14.664526 14.755509 14.860616 14.982664 15.12453 15.291219 15.3938 15.298155 15.225299 15.188594 15.198986 15.276799 15.454999 15.464375 15.240806 15.077609 15.033251 15.111936 15.347493 15.702876 15.275032 14.926248 14.717262 14.588407 14.525363 14.499124 14.463799 14.410523 14.458307 14.672643
13.769454 13.781633 13.794226 13.807262 13.820769 13.834781 13.849334 13.864467 13.880227 13.896664 13.913832 13.931796 13.950625 13.970401 13.991215 14.01317 14.036385 14.060999 14.087169 14.11508 14.144948 14.17703 14.211628 14.249105 14.2899 14.334548 14.383709 14.438208 14.499088 14.567691 14.645775 14.735699 14.840738 14.965624 15.117026 15.298103 15.514213 15.463234 15.337552 15.289319 15.289418 15.343497 15.520245 15.504145 15.188094 15.04472 15.019578 15.113223 15.395705 15.403111 15.095622 14.869012 14.718985 14.637755 14.637852 14.750931 14.575987 14.504954 14.562103 14.815107
13.763135 13.775161 13.787596 13.800467 13.813802 13.827636 13.842002 13.85694 13.872495 13.888715 13.905655 13.923376 13.941948 13.961447 13.981962 14.003593 14.026456 14.050681 14.076421 14.103852 14.13318 14.164647 14.198539 14.2352 14.27504 14.318563 14.366388 14.419286 14.478243 14.544533 14.619858 14.706565 14.808043 14.929504 15.0799 15.280639 15.550723 15.556244 15.563295 15.47267 15.466896 15.519402 15.428109 15.254944 15.094251 15.000666 14.997088 15.086082 15.261932 15.248083 14.997846 14.831783 14.735145 14.699966 14.716591 14.730655 14.638071 14.585043 14.655115 14.883031
13.756538 13.768395 13.780654 13.793341 13.806484 13.820115 13.834269 13.848984 13.864302 13.880271 13.896943 13.914378 13.932641 13.951808 13.971961 13.993198 14.015625 14.039369 14.064571 14.091397 14.120038 14.150719 14.183703 14.219305 14.257898 14.299936 14.345973 14.396698 14.452977 14.515928 14.587019 14.668246 14.762398 14.873493 15.007288 15.169366 15.351142 15.645237 15.804428 15.711693 15.867707 15.477134 15.340681 15.130797 15.008012 14.955296 14.97555 15.085558 15.285353 15.082782 14.920128 14.815245 14.770824 14.790198 14.897824 14.879237 14.706914 14.65931 14.753505 15.156345
13.749668 13.761341 13.773406 13.78589 13.79882 13.812227 13.826143 13.840607 13.855658 13.871341 13.887709 13.904815 13.922723 13.941504 13.961237 13.982011 14.003928 14.027102 14.051667 14.077773 14.105594 14.135334 14.167229 14.201556 14.238643 14.278882 14.322745 14.370808 14.42378 14.482544 14.548223 14.622249 14.706448 14.803064 14.914471 15.04236 15.191282 15.370942 15.45416 15.524404 15.563656 15.302511 15.140512 15.012318 14.933918 14.915549 14.961393 15.064243 15.113751 14.997613 14.877099 14.819052 14.829544 14.920806 15.018637 14.946652 14.786423 14.732516 14.840212 15.080575
13.742532 13.754005 13.76586 13.778123 13.79082 13.803981 13.817636 13.831822 13.846577 13.861943 13.877969 13.894708 13.912217 13.930564 13.94982 13.97007 13.991406 14.013933 14.037771 14.063055 14.089941 14.118606 14.149255 14.182127 14.217497 14.255688 14.297079 14.342118 14.391335 14.44536 14.504928 14.570886 14.644137 14.725493 14.815315 14.913019 15.016092 15.112036 15.172322 15.20393 15.182692 15.083922 14.982393 14.905925 14.867647 14.881577 14.960442 15.115648 15.10936 14.934721 14.852693 14.838256 14.904974 15.11649 15.7093 15.220312 14.863016 14.798537 14.990588 15.594464
13.735137 13.746395 13.758025 13.77005 13.782495 13.795389 13.80876 13.822644 13.837075 13.852095 13.867747 13.884081 13.901151 13.919018 13.937749 13.957419 13.978112 13.999923 14.022956 14.047332 14.073184 14.100665 14.129946 14.161223 14.194719 14.230685 14.269405 14.311203 14.356432 14.40548 14.45874 14.516567 14.57918 14.646461 14.717627 14.790668 14.861234 14.920946 14.959907 14.973213 14.954839 14.907925 14.85488 14.815877 14.80555 14.843361 14.984573 15.217152 15.015951 14.88647 14.841951 14.867626 14.984614 15.227983 15.395192 15.151854 14.886877 14.836652 15.001631 15.31681
13.727492 13.738521 13.74991 13.761681 13.773857 13.786464 13.799531 13.813089 13.827172 13.841817 13.857065 13.872962 13.889556 13.906904 13.925065 13.944107 13.964105 13.98514 14.007305 14.030702 14.055444 14.081656 14.109478 14.139065 14.170586 14.204224 14.240179 14.278655 14.319859 14.363974 14.41113 14.461338 14.514391 14.569693 14.626015 14.681161 14.731584 14.772431 14.798886 14.807937 14.799195 14.777569 14.753754 14.739105 14.742226 14.770117 14.854097 15.104504 14.907781 14.839255 14.843851 14.904943 15.061428 15.484823 15.74597 15.110834 14.874788 14.864403 15.163549 15.326146
13.719605 13.730393 13.741528 13.753029 13.764919 13.777222 13.789965 13.803177 13.816888 13.831134 13.845951 13.861381 13.877468 13.894262 13.911816 13.93019 13.949447 13.96966 13.990906 14.01327 14.036845 14.061731 14.088037 14.115878 14.145376 14.176654 14.209836 14.245032 14.282327 14.321759 14.363279 14.406694 14.451587 14.497204 14.542321 14.585112 14.623135 14.653621 14.67421 14.68388 14.683783 14.677915 14.672545 14.673729 14.683083 14.68561 14.58261 14.331128 14.716728 14.813616 14.87228 14.95952 15.119769 15.361103 15.33366 15.02988 14.840381 14.846297 15.131818 15.293578
13.711488 13.722023 13.73289 13.744107 13.755696 13.76768 13.780081 13.792928 13.806248 13.820072 13.834435 13.849373 13.864925 13.881136 13.898052 13.915724 13.934207 13.953561 13.973851 13.995145 14.017516 14.041042 14.065803 14.091881 14.119354 14.148297 14.178772 14.210816 14.24443 14.279553 14.316034 14.353585 14.391731 14.429746 14.466604 14.500968 14.531285 14.556055 14.574284 14.586017 14.592785 14.597739 14.605097 14.618625 14.63857 14.655144 14.645937 14.67204 14.755243 14.86801 14.958393 15.063934 15.227516 15.576818 15.366252 14.955756 14.787936 14.82684 14.986539 14.83397
13.703152 13.713423 13.72401 13.734931 13.746206 13.757855 13.769899 13.782364 13.795275 13.808659 13.822547 13.836972 13.851967 13.867571 13.883824 13.900768 13.918451 13.936922 13.95623 13.976432 13.997582 14.019736 14.042951 14.067278 14.092763 14.11944 14.147325 14.176404 14.206623 14.237867 14.269937 14.302524 14.33518 14.367293 14.398083 14.426648 14.452069 14.473623 14.491071 14.504966 14.516882 14.529433 14.545971 14.569902 14.603708 14.648444 14.705379 14.750056 14.93345 15.035697 15.151558 15.28904 15.491463 15.612043 15.167936 14.851776 14.710034 14.787722 15.099137 14.740247
13.694608 13.704605 13.714902 13.725516 13.736464 13.747766 13.75944 13.771509 13.783995 13.796924 13.81032 13.824214 13.838634 13.853613 13.869184 13.885384 13.90225 13.91982 13.938135 13.957235 13.977161 13.997951 14.019638 14.042253 14.065814 14.090325 14.11577 14.142102 14.169236 14.197032 14.225285 14.253705 14.28191 14.309424 14.335697 14.360157 14.382316 14.401917 14.41912 14.434691 14.45013 14.467704 14.490363 14.521638 14.565853 14.629503 14.726213 14.908934 15.186919 15.35945 15.493571 15.894436 15.608038 15.602215 15.026245 14.714443 14.59848 14.658614 14.675343 14.540789
13.68587 13.695583 13.705581 13.715878 13.726489 13.737432 13.748725 13.760386 13.772435 13.784895 13.797787 13.811136 13.824968 13.839309 13.854186 13.869629 13.885668 13.902332 13.919651 13.937653 13.956366 13.975812 13.99601 14.016969 14.038689 14.061152 14.084322 14.108133 14.132487 14.157241 14.182202 14.207122 14.231694 14.255569 14.27838 14.299796 14.319601 14.337802 14.35475 14.371259 14.388688 14.408987 14.43473 14.469227 14.516975 14.584939 14.685615 14.83807 15.026108 15.397057 15.479576 15.609729 15.344775 15.043238 14.756854 14.53414 14.440899 14.604967 14.614663 14.402873
13.676949 13.686372 13.696062 13.706033 13.716299 13.726875 13.737776 13.749019 13.760622 13.772602 13.78498 13.797775 13.811009 13.824704 13.83888 13.853562 13.868771 13.88453 13.900858 13.917775 13.935297 13.953433 13.97219 13.991562 14.011535 14.032078 14.053142 14.074654 14.096512 14.118584 14.1407 14.162655 14.184217 14.205141 14.225194 14.244205 14.262123 14.279087 14.295513 14.312161 14.33019 14.351198 14.377258 14.411013 14.455886 14.516444 14.598347 14.705363 14.836102 14.983584 15.044205 15.022764 14.896775 14.699249 14.500321 14.327143 14.177326 14.053339 14.21278 14.249203
13.667859 13.676985 13.686361 13.695999 13.705913 13.716114 13.726616 13.737434 13.748582 13.760076 13.771933 13.784168 13.796799 13.809843 13.823316 13.837237 13.85162 13.866481 13.881833 13.897686 13.914046 13.930914 13.948286 13.966147 13.984473 14.003224 14.022346 14.041765 14.061383 14.081083 14.100721 14.120135 14.139153 14.157608 14.175363 14.192344 14.208586 14.224283 14.239832 14.255882 14.273356 14.293466 14.31771 14.347868 14.385954 14.43401 14.493329 14.562601 14.635404 14.694753 14.710948 14.670441 14.572592 14.432871 14.278864 14.130243 13.988586 13.843412 14.014794 14.129978
13.658614 13.667437 13.676494 13.685794 13.695349 13.705169 13.715267 13.725654 13.736343 13.747346 13.758677 13.77035 13.782376 13.794769 13.807542 13.820706 13.834273 13.84825 13.862644 13.877459 13.892693 13.908341 13.92439 13.940819 13.957597 13.974681 13.992015 14.009527 14.02713 14.044719 14.062178 14.07938 14.096199 14.112524 14.128277 14.143441 14.158087 14.172409 14.186744 14.201602 14.217661 14.235756 14.256839 14.281896 14.311776 14.346838 14.386276 14.42703 14.462494 14.481637 14.471499 14.423988 14.33853 14.221793 14.084595 13.936985 13.785971 13.792909 13.932567 14.053003
13.649228 13.657744 13.666476 13.675434 13.684626 13.694061 13.703751 13.713704 13.72393 13.734441 13.745246 13.756355 13.767778 13.779524 13.791602 13.804019 13.816781 13.829892 13.843352 13.857161 13.87131 13.885788 13.900578 13.915653 13.930981 13.946516 13.962203 13.977975 13.993755 14.009453 14.024973 14.040217 14.055094 14.069527 14.083476 14.096947 14.110017 14.12285 14.135708 14.148954 14.163043 14.178485 14.195785 14.215331 14.237208 14.260895 14.284823 14.305841 14.318824 14.316911 14.293022 14.242089 14.162013 14.052495 13.912268 13.744045 13.620695 13.651468 13.832047 13.994574
13.639713 13.647919 13.656324 13.664936 13.673762 13.682811 13.69209 13.701607 13.711371 13.721388 13.731668 13.742216 13.75304 13.764146 13.775538 13.787221 13.799195 13.811461 13.824015 13.83685 13.849956 13.863317 13.876912 13.890712 13.904681 13.918776 13.932944 13.947123 13.961245 13.975234 13.98901 14.002497 14.015624 14.028341 14.040621 14.052479 14.063979 14.075243 14.086452 14.097841 14.109678 14.122219 14.135648 14.149967 14.164846 14.179415 14.192016 14.199987 14.199616 14.186447 14.155979 14.104303 14.027763 13.920545 13.767849 13.520237 13.067719 13.423772 13.747641 13.955899
13.630085 13.637978 13.646053 13.654318 13.662777 13.671438 13.680306 13.689388 13.698689 13.708216 13.717973 13.727965 13.738197 13.748671 13.75939 13.770353 13.781559 13.793003 13.80468 13.816579 13.828686 13.840982 13.853444 13.866042 13.87874 13.891496 13.904259 13.916974 13.929581 13.942012 13.954204 13.966092 13.977622 13.988755 13.999471 14.00978 14.019724 14.029383 14.038866 14.048302 14.057815 14.067485 14.077288 14.087015 14.096162 14.103806 14.108486 14.108131 14.100105 14.081405 14.048906 13.999346 13.92842 13.827963 13.679294 13.445513 13.190249 13.386667 13.709782 13.945926
13.620355 13.627935 13.63568 13.643596 13.651688 13.659961 13.668419 13.677067 13.685909 13.694948 13.704188 13.713632 13.723281 13.733134 13.743193 13.753454 13.763912 13.774562 13.785392 13.796392 13.807544 13.818827 13.830217 13.841684 13.853191 13.864699 13.876161 13.887525 13.898738 13.909742 13.92048 13.930901 13.940958 13.950615 13.959855 13.968676 13.9771 13.985165 13.992922 14.00042 14.007684 14.014682 14.021273 14.027159 14.031808 14.034389 14.033729 14.028297 14.01627 13.995635 13.96425 13.919649 13.858186 13.772862 13.648318 13.444322 13.058089 13.394449 13.737587 13.976272
