Cobbity/QGIS/C2_Reading8.tif
NCOLS 200
NROWS 169
XLLCORNER 150.661
YLLCORNER -34.0269
CELLSIZE 1e-05
NODATA_VALUE -9999
[rows 25 to 49 of 169, columns 114 to 170 of 200]
-3.3718628 -3.3714865 -3.371177 -3.3709293 -3.3707384 -3.3705994 -3.3705073 -3.3704576 -3.3704459 -3.3704682 -3.3705207 -3.3706 -3.3707031 -3.3708273 -3.3709703 -3.37113 -3.3713047 -3.371493 -3.3716938 -3.3719063 -3.3721298 -3.3723639 -3.3726082 -3.3728627 -3.3731274 -3.3734023 -3.3736876 -3.3739836 -3.3742906 -3.3746088 -3.3749386 -3.3752803 -3.3756343 -3.3760008 -3.3763803 -3.3767729 -3.3771789 -3.3775986 -3.3780322 -3.3784797 -3.3789415 -3.3794175 -3.3799078 -3.3804125 -3.3809317 -3.3814653 -3.3820132 -3.3825755 -3.383152 -3.3837427 -3.3843475 -3.3849661 -3.3855985 -3.3862445 -3.386904 -3.3875766 -3.3882623
-3.3691642 -3.3688222 -3.3685504 -3.3683431 -3.3681946 -3.3680993 -3.3680518 -3.368047 -3.3680801 -3.3681465 -3.3682421 -3.3683634 -3.368507 -3.36867 -3.3688501 -3.369045 -3.3692532 -3.3694732 -3.369704 -3.3699447 -3.3701948 -3.370454 -3.370722 -3.370999 -3.3712849 -3.3715801 -3.3718848 -3.3721994 -3.3725244 -3.37286 -3.3732067 -3.373565 -3.3739353 -3.374318 -3.3747134 -3.3751218 -3.3755437 -3.3759792 -3.3764287 -3.3768922 -3.3773699 -3.3778621 -3.3783687 -3.3788899 -3.3794257 -3.379976 -3.3805409 -3.3811202 -3.381714 -3.3823221 -3.3829444 -3.3835808 -3.384231 -3.384895 -3.3855725 -3.3862635 -3.3869675
-3.366347 -3.366045 -3.3658168 -3.3656559 -3.3655559 -3.3655103 -3.3655132 -3.3655588 -3.3656417 -3.365757 -3.3659003 -3.3660676 -3.3662554 -3.3664606 -3.3666807 -3.3669137 -3.3671577 -3.3674114 -3.3676737 -3.3679441 -3.3682221 -3.3685074 -3.3688001 -3.3691002 -3.3694081 -3.3697241 -3.3700487 -3.3703824 -3.3707256 -3.371079 -3.371443 -3.3718182 -3.3722051 -3.3726042 -3.3730159 -3.3734406 -3.3738787 -3.3743305 -3.3747962 -3.3752761 -3.3757704 -3.3762792 -3.3768026 -3.3773408 -3.3778936 -3.3784613 -3.3790436 -3.3796406 -3.3802522 -3.3808783 -3.3815187 -3.3821734 -3.3828421 -3.3835246 -3.3842209 -3.3849306 -3.3856536
-3.3634024 -3.3631471 -3.3629694 -3.3628618 -3.3628171 -3.3628279 -3.3628875 -3.3629896 -3.3631281 -3.3632977 -3.3634935 -3.3637113 -3.3639472 -3.3641983 -3.3644617 -3.3647353 -3.3650175 -3.3653069 -3.3656026 -3.3659042 -3.3662112 -3.3665237 -3.3668418 -3.3671658 -3.3674962 -3.3678336 -3.3681784 -3.3685315 -3.3688934 -3.3692648 -3.3696464 -3.3700388 -3.3704427 -3.3708586 -3.3712869 -3.3717282 -3.3721829 -3.3726513 -3.3731338 -3.3736305 -3.3741418 -3.3746678 -3.3752086 -3.3757642 -3.3763348 -3.3769203 -3.3775207 -3.378136 -3.378766 -3.3794106 -3.3800698 -3.3807434 -3.3814311 -3.3821329 -3.3828484 -3.3835776 -3.3843202
-3.3603211 -3.3601201 -3.3600007 -3.3599543 -3.3599725 -3.3600473 -3.3601709 -3.3603362 -3.3605367 -3.3607664 -3.3610201 -3.3612932 -3.3615817 -3.3618823 -3.3621923 -3.3625095 -3.3628323 -3.3631595 -3.3634903 -3.3638245 -3.3641617 -3.3645023 -3.3648466 -3.3651952 -3.3655486 -3.3659076 -3.3662731 -3.3666458 -3.3670267 -3.3674164 -3.3678159 -3.3682258 -3.3686469 -3.3690798 -3.3695252 -3.3699834 -3.3704551 -3.3709406 -3.3714403 -3.3719544 -3.3724832 -3.3730269 -3.3735856 -3.3741593 -3.3747482 -3.3753522 -3.3759713 -3.3766055 -3.3772546 -3.3779185 -3.3785971 -3.3792902 -3.3799977 -3.3807193 -3.3814548 -3.3822041 -3.3829668
-3.3570925 -3.3569548 -3.3569027 -3.3569264 -3.3570164 -3.3571635 -3.3573592 -3.3575954 -3.3578649 -3.3581612 -3.3584786 -3.3588122 -3.3591579 -3.3595121 -3.3598721 -3.3602359 -3.3606018 -3.3609689 -3.3613366 -3.3617046 -3.3620732 -3.3624428 -3.362814 -3.3631875 -3.3635643 -3.3639454 -3.3643317 -3.3647244 -3.3651243 -3.3655326 -3.3659502 -3.3663778 -3.3668164 -3.3672667 -3.3677294 -3.3682051 -3.3686942 -3.3691972 -3.3697146 -3.3702466 -3.3707935 -3.3713555 -3.3719327 -3.3725251 -3.373133 -3.3737562 -3.3743946 -3.3750484 -3.3757172 -3.3764011 -3.3770998 -3.3778132 -3.3785411 -3.3792833 -3.3800395 -3.3808095 -3.3815931
-3.3537054 -3.3536411 -3.3536667 -3.3537708 -3.3539426 -3.3541717 -3.3544484 -3.354764 -3.3551103 -3.3554802 -3.3558678 -3.3562676 -3.3566753 -3.3570874 -3.3575011 -3.3579145 -3.358326 -3.358735 -3.3591411 -3.3595444 -3.3599453 -3.3603446 -3.3607432 -3.3611421 -3.3615426 -3.3619459 -3.3623533 -3.362766 -3.3631852 -3.3636122 -3.3640479 -3.3644935 -3.3649499 -3.3654179 -3.3658983 -3.3663917 -3.3668987 -3.3674198 -3.3679554 -3.3685059 -3.3690714 -3.3696523 -3.3702487 -3.3708606 -3.3714881 -3.3721311 -3.3727897 -3.3734638 -3.3741531 -3.3748577 -3.3755773 -3.3763118 -3.3770608 -3.3778243 -3.3786019 -3.3793934 -3.3801986
-3.3501471 -3.3501682 -3.3502834 -3.3504797 -3.3507446 -3.3510666 -3.3514346 -3.3518389 -3.3522706 -3.352722 -3.3531865 -3.3536586 -3.3541336 -3.3546081 -3.3550792 -3.3555453 -3.356005 -3.3564579 -3.356904 -3.3573436 -3.3577777 -3.3582072 -3.3586336 -3.3590582 -3.3594825 -3.3599081 -3.3603365 -3.3607693 -3.3612078 -3.3616536 -3.3621077 -3.3625714 -3.3630458 -3.3635318 -3.3640302 -3.3645418 -3.3650672 -3.3656068 -3.3661613 -3.3667308 -3.3673157 -3.3679162 -3.3685325 -3.3691645 -3.3698124 -3.3704761 -3.3711556 -3.3718508 -3.3725615 -3.3732876 -3.3740289 -3.3747852 -3.3755562 -3.3763418 -3.3771416 -3.3779554 -3.3787829
-3.3464041 -3.3465243 -3.3467428 -3.3470448 -3.3474159 -3.3478429 -3.3483136 -3.3488171 -3.3493438 -3.3498851 -3.3504342 -3.350985 -3.3515329 -3.3520744 -3.3526069 -3.3531287 -3.3536391 -3.3541377 -3.3546251 -3.3551021 -3.35557 -3.3560302 -3.3564845 -3.3569347 -3.3573828 -3.3578306 -3.35828 -3.3587328 -3.3591907 -3.3596552 -3.3601278 -3.3606098 -3.3611024 -3.3616067 -3.3621236 -3.3626538 -3.363198 -3.3637568 -3.3643307 -3.36492 -3.3655249 -3.3661458 -3.3667827 -3.3674357 -3.3681049 -3.3687901 -3.3694914 -3.3702085 -3.3709415 -3.3716899 -3.3724538 -3.3732328 -3.3740267 -3.3748352 -3.375658 -3.3764949 -3.3773456
-3.3424612 -3.3426966 -3.3430344 -3.3434575 -3.3439495 -3.3444954 -3.3450817 -3.3456961 -3.3463282 -3.3469688 -3.3476104 -3.3482469 -3.3488736 -3.349487 -3.3500847 -3.3506654 -3.3512287 -3.3517748 -3.3523047 -3.3528198 -3.3533218 -3.3538128 -3.3542951 -3.3547708 -3.3552424 -3.3557122 -3.3561823 -3.3566549 -3.3571319 -3.3576152 -3.3581063 -3.3586067 -3.3591178 -3.3596407 -3.3601764 -3.3607257 -3.3612894 -3.361868 -3.362462 -3.3630718 -3.3636976 -3.3643396 -3.3649981 -3.365673 -3.3663643 -3.3670719 -3.3677959 -3.368536 -3.369292 -3.3700639 -3.3708512 -3.3716539 -3.3724715 -3.3733039 -3.3741507 -3.3750116 -3.3758863
-3.338302 -3.3386714 -3.3391469 -3.3397088 -3.3403385 -3.341019 -3.3417351 -3.3424735 -3.3432225 -3.3439724 -3.3447153 -3.345445 -3.3461566 -3.3468468 -3.3475137 -3.3481563 -3.3487747 -3.3493698 -3.3499431 -3.3504967 -3.3510329 -3.3515546 -3.3520644 -3.3525652 -3.3530598 -3.3535511 -3.3540415 -3.3545336 -3.3550295 -3.3555314 -3.356041 -3.35656 -3.3570898 -3.3576317 -3.3581866 -3.3587556 -3.3593394 -3.3599384 -3.3605534 -3.3611844 -3.361832 -3.3624962 -3.3631771 -3.3638748 -3.3645892 -3.3653204 -3.366068 -3.3668321 -3.3676123 -3.3684085 -3.3692204 -3.3700477 -3.3708901 -3.3717473 -3.372619 -3.3735049 -3.3744045
-3.3339085 -3.3344337 -3.3350683 -3.3357894 -3.3365759 -3.3374087 -3.3382707 -3.3391473 -3.3400259 -3.3408962 -3.3417499 -3.3425805 -3.3433834 -3.3441556 -3.3448955 -3.3456028 -3.3462782 -3.3469234 -3.3475406 -3.3481328 -3.348703 -3.3492546 -3.3497913 -3.3503164 -3.3508334 -3.3513454 -3.3518556 -3.3523666 -3.3528812 -3.3534014 -3.3539295 -3.3544672 -3.3550159 -3.3555772 -3.356152 -3.3567412 -3.3573458 -3.3579661 -3.3586028 -3.3592562 -3.3599264 -3.3606138 -3.3613182 -3.3620398 -3.3627785 -3.3635341 -3.3643066 -3.3650957 -3.3659013 -3.3667229 -3.3675604 -3.3684135 -3.3692817 -3.3701649 -3.3710625 -3.3719743 -3.3728999
-3.3292612 -3.3299678 -3.3307861 -3.3316899 -3.332655 -3.3336599 -3.3346857 -3.3357164 -3.3367386 -3.3377411 -3.3387155 -3.3396553 -3.3405562 -3.3414154 -3.3422321 -3.3430066 -3.3437407 -3.3444366 -3.3450979 -3.3457281 -3.3463315 -3.3469122 -3.3474746 -3.3480229 -3.3485611 -3.349093 -3.349622 -3.3501515 -3.3506841 -3.3512226 -3.3517691 -3.3523255 -3.3528935 -3.3534746 -3.3540698 -3.3546801 -3.3553062 -3.3559488 -3.3566083 -3.3572849 -3.357979 -3.3586906 -3.3594197 -3.3601664 -3.3609305 -3.3617119 -3.3625105 -3.3633258 -3.3641579 -3.3650062 -3.3658705 -3.3667505 -3.3676457 -3.3685559 -3.3694806 -3.3704195 -3.3713721
-3.3243388 -3.3252568 -3.3262876 -3.3274009 -3.3285692 -3.3297685 -3.330978 -3.3321803 -3.3333611 -3.3345088 -3.3356146 -3.3366723 -3.3376779 -3.3386292 -3.3395262 -3.3403702 -3.3411638 -3.3419108 -3.3426155 -3.3432828 -3.3439179 -3.3445262 -3.3451127 -3.3456826 -3.3462406 -3.3467911 -3.347338 -3.347885 -3.3484353 -3.3489916 -3.3495565 -3.3501318 -3.3507195 -3.3513209 -3.3519372 -3.3525694 -3.3532181 -3.353884 -3.3545673 -3.3552685 -3.3559876 -3.3567247 -3.3574799 -3.358253 -3.3590438 -3.3598523 -3.3606782 -3.3615212 -3.362381 -3.3632573 -3.3641497 -3.3650579 -3.3659814 -3.3669199 -3.3678729 -3.3688399 -3.3698207
-3.3191185 -3.3202832 -3.3215597 -3.3229131 -3.3243125 -3.3257311 -3.3271464 -3.3285395 -3.3298954 -3.331202 -3.3324507 -3.3336353 -3.3347524 -3.3358008 -3.3367812 -3.3376964 -3.3385501 -3.3393475 -3.3400943 -3.3407969 -3.3414617 -3.3420952 -3.3427037 -3.3432932 -3.3438691 -3.3444366 -3.3450001 -3.3455638 -3.346131 -3.3467049 -3.347288 -3.3478826 -3.3484904 -3.3491129 -3.3497511 -3.3504062 -3.3510786 -3.3517689 -3.3524775 -3.3532045 -3.3539501 -3.3547142 -3.3554968 -3.3562977 -3.3571168 -3.3579538 -3.3588085 -3.3596805 -3.3605696 -3.3614753 -3.3623972 -3.3633349 -3.3642881 -3.3652561 -3.3662387 -3.3672352 -3.3682453
-3.3135763 -3.3150288 -3.3165893 -3.3182178 -3.3198797 -3.3215454 -3.3231907 -3.3247956 -3.3263443 -3.3278248 -3.3292283 -3.3305492 -3.3317848 -3.3329349 -3.3340015 -3.3349888 -3.3359022 -3.3367485 -3.3375352 -3.3382703 -3.3389618 -3.3396176 -3.3402452 -3.3408516 -3.3414432 -3.3420258 -3.3426044 -3.3431836 -3.3437671 -3.3443582 -3.3449597 -3.3455738 -3.3462023 -3.3468466 -3.3475079 -3.348187 -3.3488845 -3.3496008 -3.3503361 -3.3510905 -3.3518641 -3.3526568 -3.3534684 -3.3542988 -3.3551477 -3.3560148 -3.3568999 -3.3578025 -3.3587224 -3.359659 -3.3606119 -3.3615808 -3.362565 -3.3635641 -3.3645776 -3.365605 -3.3666457
-3.3076869 -3.3094756 -3.3113643 -3.3133075 -3.3152667 -3.3172102 -3.319112 -3.3209514 -3.3227123 -3.3243825 -3.3259536 -3.3274205 -3.3287816 -3.3300377 -3.3311925 -3.332252 -3.3332236 -3.3341161 -3.3349393 -3.335703 -3.3364172 -3.3370913 -3.3377343 -3.3383543 -3.3389588 -3.3395541 -3.3401461 -3.3407395 -3.3413386 -3.3419466 -3.3425666 -3.3432007 -3.3438507 -3.344518 -3.3452037 -3.3459083 -3.3466324 -3.3473763 -3.34814 -3.3489237 -3.3497271 -3.3505501 -3.3513926 -3.3522542 -3.3531347 -3.3540337 -3.3549509 -3.3558859 -3.3568382 -3.3578074 -3.358793 -3.3597945 -3.3608114 -3.3618432 -3.3628891 -3.3639488 -3.3650217
-3.3014247 -3.3036061 -3.3058735 -3.3081758 -3.3104711 -3.3127256 -3.3149127 -3.3170112 -3.3190049 -3.3208819 -3.3226341 -3.3242573 -3.3257506 -3.3271167 -3.3283609 -3.3294915 -3.3305184 -3.3314531 -3.3323077 -3.3330947 -3.3338261 -3.3345135 -3.3351672 -3.3357968 -3.3364107 -3.3370162 -3.3376195 -3.3382259 -3.3388397 -3.3394645 -3.3401033 -3.3407581 -3.3414307 -3.3421224 -3.342834 -3.3435659 -3.3443186 -3.345092 -3.3458863 -3.3467011 -3.3475364 -3.3483918 -3.3492671 -3.350162 -3.351076 -3.3520088 -3.35296 -3.3539292 -3.3549158 -3.3559194 -3.3569395 -3.3579754 -3.3590267 -3.3600927 -3.3611729 -3.3622665 -3.3633729
-3.2947651 -3.2974047 -3.300108 -3.3028185 -3.3054919 -3.3080936 -3.3105968 -3.3129807 -3.3152296 -3.3173318 -3.3192797 -3.3210697 -3.3227022 -3.3241815 -3.3255152 -3.3267143 -3.3277919 -3.3287626 -3.3296417 -3.3304448 -3.3311865 -3.3318805 -3.3325392 -3.3331735 -3.3337929 -3.3344055 -3.3350179 -3.3356358 -3.3362637 -3.3369053 -3.3375634 -3.33824 -3.3389367 -3.3396545 -3.340394 -3.3411554 -3.3419389 -3.3427442 -3.3435713 -3.3444197 -3.3452892 -3.3461793 -3.3470897 -3.3480199 -3.3489696 -3.3499383 -3.3509256 -3.3519309 -3.3529539 -3.3539938 -3.3550503 -3.3561226 -3.3572102 -3.3583123 -3.3594283 -3.3605576 -3.3616994
-3.2876861 -3.2908593 -3.2940622 -3.2972343 -3.3003305 -3.3033172 -3.3061691 -3.3088668 -3.311395 -3.3137426 -3.3159021 -3.3178704 -3.3196491 -3.3212441 -3.3226661 -3.3239292 -3.3250504 -3.3260484 -3.3269426 -3.3277523 -3.3284952 -3.3291877 -3.3298444 -3.3304776 -3.3310978 -3.331714 -3.3323331 -3.3329612 -3.3336028 -3.3342614 -3.3349397 -3.3356396 -3.3363622 -3.3371084 -3.3378783 -3.3386718 -3.3394888 -3.3403289 -3.3411915 -3.3420762 -3.3429824 -3.3439098 -3.3448577 -3.3458257 -3.3468134 -3.3478203 -3.3488459 -3.3498896 -3.350951 -3.3520295 -3.3531244 -3.3542352 -3.3553611 -3.3565013 -3.3576552 -3.358822 -3.3600009
-3.2801712 -3.2839635 -3.2877353 -3.2914249 -3.2949898 -3.2984004 -3.3016352 -3.3046768 -3.3075111 -3.3101267 -3.3125159 -3.3146754 -3.3166075 -3.3183202 -3.3198273 -3.3211472 -3.3223018 -3.3233151 -3.3242118 -3.3250155 -3.3257481 -3.3264291 -3.3270752 -3.3277003 -3.3283162 -3.3289321 -3.3295556 -3.3301925 -3.3308475 -3.3315238 -3.3322238 -3.332949 -3.3337002 -3.3344776 -3.335281 -3.3361099 -3.3369637 -3.3378417 -3.338743 -3.339667 -3.340613 -3.3415804 -3.3425686 -3.3435771 -3.3446054 -3.3456529 -3.3467192 -3.3478037 -3.3489059 -3.3500252 -3.3511609 -3.3523123 -3.3534787 -3.3546593 -3.3558532 -3.3570596 -3.3582777
-3.272214 -3.27672 -3.281133 -3.2853956 -3.2894738 -3.2933469 -3.2969995 -3.3004179 -3.3035885 -3.3064988 -3.3091391 -3.3115049 -3.3135986 -3.3154301 -3.3170168 -3.3183827 -3.3195562 -3.3205684 -3.3214505 -3.322232 -3.3229397 -3.3235966 -3.3242218 -3.324831 -3.3254366 -3.3260482 -3.3266736 -3.3273184 -3.3279869 -3.3286822 -3.329406 -3.3301593 -3.3309423 -3.3317547 -3.3325955 -3.3334638 -3.3343583 -3.335278 -3.3362218 -3.3371886 -3.3381777 -3.3391883 -3.3402198 -3.3412716 -3.3423432 -3.343434 -3.3445437 -3.3456715 -3.346817 -3.3479796 -3.3491585 -3.3503531 -3.3515624 -3.3527857 -3.354022 -3.3552703 -3.3565297
-3.2638248 -3.2691444 -3.2742685 -3.2791542 -3.2837854 -3.2881567 -3.292263 -3.2960948 -3.2996377 -3.3028756 -3.3057942 -3.3083855 -3.3106505 -3.3126008 -3.3142586 -3.3156548 -3.3168269 -3.3178152 -3.3186598 -3.3193979 -3.3200621 -3.3206795 -3.3212718 -3.321856 -3.3224448 -3.3230481 -3.3236731 -3.3243252 -3.3250082 -3.3257244 -3.3264751 -3.3272603 -3.3280796 -3.3289316 -3.3298146 -3.3307271 -3.3316671 -3.3326331 -3.3336235 -3.3346372 -3.3356731 -3.3367304 -3.3378085 -3.3389067 -3.3400246 -3.3411617 -3.3423175 -3.3434914 -3.3446829 -3.3458915 -3.3471163 -3.3483566 -3.3496115 -3.3508801 -3.3521614 -3.3534541 -3.3547573
-3.25504 -3.2612708 -3.2671641 -3.2727088 -3.2779215 -3.2828218 -3.2874189 -3.2917071 -3.2956679 -3.2992766 -3.3025099 -3.3053524 -3.3078014 -3.3098698 -3.3115856 -3.3129895 -3.3141312 -3.3150641 -3.3158404 -3.3165073 -3.3171045 -3.3176638 -3.3182091 -3.3187581 -3.3193234 -3.3199143 -3.3205372 -3.3211967 -3.3218959 -3.3226363 -3.323418 -3.3242404 -3.3251015 -3.3259992 -3.3269306 -3.3278932 -3.3288843 -3.3299018 -3.3309438 -3.3320088 -3.3330957 -3.3342036 -3.3353318 -3.3364799 -3.3376473 -3.3388337 -3.3400386 -3.3412616 -3.342502 -3.3437594 -3.345033 -3.346322 -3.3476254 -3.3489422 -3.3502713 -3.3516113 -3.352961
-3.2459351 -3.2531565 -3.2598483 -3.2660603 -3.2718639 -3.2773165 -3.2824451 -3.2872444 -3.2916849 -3.295725 -3.2993244 -3.3024543 -3.3051051 -3.3072898 -3.3090441 -3.3104225 -3.3114925 -3.312326 -3.312992 -3.3135511 -3.3140518 -3.3145306 -3.3150128 -3.3155158 -3.3160509 -3.3166257 -3.3172454 -3.3179135 -3.3186319 -3.319401 -3.3202197 -3.321086 -3.3219965 -3.3229474 -3.3239348 -3.3249548 -3.3260038 -3.3270791 -3.3281782 -3.3292996 -3.330442 -3.3316046 -3.3327869 -3.3339884 -3.3352088 -3.3364478 -3.3377051 -3.3389802 -3.3402727 -3.341582 -3.3429075 -3.3442483 -3.3456034 -3.3469716 -3.3483516 -3.3497421 -3.3511414
