Cobbity/QGIS/C2_Reading2.tif
NCOLS 299
NROWS 160
XLLCORNER 150.661
YLLCORNER -34.0268
CELLSIZE 1e-05
NODATA_VALUE -9999
[rows 52 to 77 of 160, columns 180 to 239 of 299]
6.6964412 6.6870651 6.6778433 6.6687301 6.6596862 6.6506784 6.6416796 6.6326677 6.623625 6.6145382 6.6053972 6.5961948 6.5869269 6.5775916 6.5681897 6.5587245 6.5492017 6.5396293 6.5300174 6.5203783 6.5107257 6.5010747 6.4914412 6.4818415 6.4722919 6.4628084 6.4534062 6.4440996 6.434902 6.4258252 6.4168799 6.4080754 6.3994196 6.390919 6.3825792 6.3744042 6.3663974 6.3585608 6.3508959 6.3434031 6.3360823 6.3289328 6.3219534 6.3151423 6.3084975 6.3020166 6.2956969 6.2895356 6.2835296 6.2776759 6.271971 6.2664118 6.2609947 6.2557164 6.2505734 6.2455624 6.2406799 6.2359226 6.2312871 6.2267702
6.7005027 6.6913351 6.6822908 6.6733214 6.6643861 6.6554516 6.646491 6.6374835 6.628413 6.6192678 6.6100392 6.6007218 6.5913125 6.5818108 6.5722188 6.5625411 6.552785 6.5429605 6.5330803 6.5231591 6.5132135 6.5032618 6.4933228 6.4834159 6.4735603 6.4637745 6.454076 6.4444814 6.4350052 6.425661 6.4164602 6.4074128 6.3985273 6.3898104 6.3812675 6.3729028 6.3647191 6.3567184 6.3489014 6.3412683 6.3338185 6.3265505 6.3194627 6.3125528 6.3058181 6.2992557 6.2928625 6.2866352 6.2805701 6.2746636 6.2689122 6.2633119 6.257859 6.2525498 6.2473804 6.2423472 6.2374464 6.2326743 6.2280274 6.2235022
6.7051401 6.6962128 6.6873699 6.6785605 6.6697427 6.6608836 6.651958 6.642947 6.6338371 6.6246188 6.6152857 6.605834 6.5962619 6.5865702 6.576762 6.5668433 6.5568231 6.5467137 6.5365301 6.5262903 6.5160145 6.5057244 6.4954426 6.4851921 6.4749954 6.4648741 6.4548483 6.4449366 6.4351555 6.4255199 6.4160421 6.4067328 6.3976007 6.3886527 6.3798941 6.3713288 6.3629591 6.3547864 6.346811 6.3390324 6.3314493 6.3240597 6.3168611 6.3098506 6.303025 6.2963808 6.289914 6.2836209 6.2774974 6.2715393 6.2657424 6.2601025 6.2546154 6.249277 6.2440831 6.2390296 6.2341124 6.2293276 6.2246714 6.22014
6.7104685 6.7018154 6.693198 6.6845629 6.6758683 6.6670827 6.6581837 6.6491561 6.6399902 6.6306797 6.6212208 6.6116117 6.601852 6.591943 6.5818889 6.5716967 6.5613769 6.5509441 6.5404165 6.5298157 6.519166 6.5084937 6.4978258 6.4871896 6.4766115 6.4661167 6.4557283 6.4454673 6.4353521 6.4253987 6.4156206 6.4060288 6.3966323 6.3874378 6.3784503 6.3696731 6.361108 6.3527557 6.3446157 6.3366866 6.3289664 6.3214522 6.3141408 6.3070285 6.3001114 6.293385 6.2868451 6.280487 6.2743061 6.2682976 6.2624569 6.2567791 6.2512598 6.2458942 6.2406778 6.2356062 6.2306749 6.2258798 6.2212165 6.2166812
6.7166255 6.7082821 6.6999135 6.6914643 6.6828936 6.6741733 6.665286 6.6562221 6.6469772 6.6375498 6.6279394 6.6181461 6.6081702 6.5980134 6.5876798 6.5771769 6.5665167 6.555716 6.5447967 6.533785 6.5227102 6.5116042 6.5004996 6.4894288 6.4784231 6.4675115 6.4567207 6.4460742 6.4355923 6.4252924 6.4151887 6.4052925 6.3956126 6.3861555 6.3769255 6.3679251 6.3591553 6.3506159 6.3423052 6.3342211 6.3263603 6.3187191 6.3112934 6.3040785 6.2970695 6.2902615 6.2836492 6.2772272 6.2709904 6.2649333 6.2590506 6.2533372 6.2477878 6.2423974 6.237161 6.2320737 6.2271309 6.2223278 6.2176601 6.2131233
6.7237758 6.7157798 6.7076818 6.6994253 6.6909722 6.6823003 6.6734002 6.664271 6.6549163 6.6453408 6.6355481 6.6255399 6.6153165 6.6048782 6.5942278 6.5833723 6.5723246 6.5611042 6.5497372 6.5382553 6.5266948 6.5150944 6.5034935 6.4919312 6.4804443 6.4690665 6.4578282 6.4467558 6.4358714 6.4251936 6.414737 6.4045131 6.3945301 6.3847937 6.3753074 6.3660726 6.3570891 6.3483552 6.3398684 6.3316251 6.3236208 6.3158508 6.3083097 6.3009919 6.2938915 6.2870027 6.2803192 6.2738351 6.2675443 6.2614407 6.2555185 6.2497719 6.2441951 6.2387825 6.2335288 6.2284287 6.223477 6.2186689 6.2139994 6.209464
6.7321189 6.7245096 6.7167013 6.7086372 6.7002847 6.6916315 6.682681 6.6734453 6.6639398 6.6541776 6.644167 6.6339104 6.623406 6.6126504 6.6016428 6.5903879 6.5788987 6.5671975 6.555316 6.5432934 6.5311745 6.5190072 6.5068398 6.4947191 6.4826888 6.4707881 6.4590515 6.447508 6.4361817 6.425092 6.4142535 6.4036772 6.3933706 6.3833381 6.3735817 6.3641014 6.3548954 6.3459606 6.3372927 6.3288867 6.3207367 6.3128367 6.3051799 6.2977596 6.2905688 6.2836006 6.276848 6.2703039 6.2639616 6.2578143 6.2518553 6.2460784 6.2404771 6.2350455 6.2297775 6.2246676 6.2197102 6.2149 6.2102319 6.2057008
6.7418982 6.7347173 6.7272132 6.7193303 6.7110456 6.702363 6.6933055 6.6839054 6.6741951 6.6641992 6.6539309 6.6433914 6.632573 6.6214644 6.6100571 6.5983508 6.5863576 6.5741032 6.5616267 6.5489775 6.5362122 6.5233907 6.5105727 6.4978149 6.485169 6.4726804 6.4603879 6.4483232 6.4365119 6.4249736 6.4137225 6.4027684 6.3921172 6.3817716 6.3717318 6.3619955 6.352559 6.3434173 6.3345643 6.3259929 6.3176959 6.3096655 6.3018935 6.2943719 6.2870925 6.2800472 6.2732279 6.2666267 6.2602359 6.2540479 6.2480556 6.2422517 6.2366294 6.2311821 6.2259034 6.2207871 6.2158274 6.2110185 6.2063549 6.2018314
6.7534138 6.7467062 6.7395142 6.7317852 6.7235119 6.7147242 6.7054761 6.6958305 6.6858447 6.675559 6.6649913 6.6541372 6.6429767 6.6314829 6.6196334 6.6074187 6.5948483 6.581953 6.5687824 6.5554005 6.5418804 6.5282984 6.5147288 6.5012405 6.4878947 6.4747437 6.4618305 6.4491893 6.4368462 6.4248203 6.4131244 6.4017664 6.3907497 6.3800745 6.3697383 6.3597365 6.3500626 6.3407091 6.3316679 6.3229297 6.3144853 6.3063251 6.2984395 6.2908187 6.2834532 6.2763337 6.269451 6.2627961 6.2563605 6.2501358 6.2441138 6.2382869 6.2326474 6.2271883 6.2219026 6.2167838 6.2118254 6.2070213 6.2023658 6.1978533
6.7670416 6.7608583 6.7539764 6.7463491 6.737995 6.7289852 6.7194227 6.7094178 6.6990647 6.6884245 6.6775182 6.6663281 6.6548099 6.6429089 6.6305779 6.6177921 6.6045574 6.590912 6.576922 6.5626736 6.5482632 6.5337894 6.5193455 6.5050156 6.4908717 6.4769731 6.4633667 6.4500881 6.437163 6.4246085 6.4124349 6.4006467 6.3892441 6.3782238 6.3675796 6.3573038 6.3473868 6.3378182 6.328587 6.3196818 6.311091 6.3028029 6.294806 6.2870891 6.2796411 6.2724512 6.2655092 6.258805 6.2523289 6.2460717 6.2400245 6.2341788 6.2285266 6.22306 6.2177715 6.2126542 6.2077011 6.2029059 6.1982623 6.1937645
6.7832611 6.7776641 6.7710767 6.7634609 6.7548777 6.7454654 6.7354048 6.7248796 6.7140396 6.7029742 6.6917025 6.6801789 6.6683139 6.6560038 6.6431604 6.6297343 6.6157269 6.6011906 6.5862186 6.5709306 6.5554573 6.5399276 6.5244597 6.5091555 6.4940989 6.4793559 6.4649759 6.4509942 6.4374339 6.4243086 6.4116241 6.3993804 6.3875726 6.376193 6.365231 6.3546745 6.3445105 6.334725 6.325304 6.316233 6.307498 6.2990852 6.2909809 6.2831721 6.2756461 6.2683907 6.2613943 6.2546457 6.2481341 6.2418495 6.2357821 6.2299227 6.2242624 6.218793 6.2135064 6.208395 6.2034516 6.1986694 6.1940419 6.1895627
6.8026983 6.7977726 6.7914438 6.7836891 6.7746401 6.7645449 6.7537099 6.7424346 6.7309529 6.7193922 6.707759 6.6959523 6.6838018 6.6711188 6.6577473 6.643601 6.6286795 6.6130624 6.5968891 6.580332 6.5635721 6.5467797 6.530104 6.5136675 6.4975656 6.4818691 6.4666274 6.4518724 6.4376221 6.4238836 6.4106562 6.3979329 6.3857029 6.3739521 6.3626646 6.3518234 6.3414107 6.3314086 6.3217995 6.312566 6.3036909 6.295158 6.2869515 6.2790563 6.271458 6.2641429 6.2570979 6.2503107 6.2437695 6.2374632 6.2313811 6.2255134 6.2198505 6.2143834 6.2091036 6.204003 6.1990741 6.1943094 6.1897022 6.1852459
6.8261982 6.8220726 6.8159359 6.8077928 6.7978963 6.7866778 6.7746476 6.7622896 6.7499666 6.7378563 6.7259308 6.7139843 6.7017013 6.6887474 6.6748563 6.6598894 6.6438546 6.626887 6.6092064 6.5910688 6.5727282 6.5544104 6.5363015 6.5185452 6.501246 6.4844751 6.4682771 6.4526761 6.4376807 6.4232881 6.409488 6.3962645 6.3835982 6.3714676 6.35985 6.3487226 6.3380622 6.3278465 6.3180536 6.3086626 6.2996533 6.2910067 6.2827046 6.2747299 6.2670662 6.2596982 6.2526116 6.2457926 6.2392283 6.2329067 6.2268162 6.2209462 6.2152865 6.2098273 6.2045598 6.1994753 6.1945658 6.1898235 6.1852413 6.1808123
6.8549498 6.8518367 6.8457718 6.836821 6.8254534 6.812409 6.7985323 6.7846025 6.7711831 6.7585174 6.7464996 6.7347282 6.7226295 6.7096181 6.6952489 6.6793149 6.6618633 6.6431421 6.6235119 6.6033619 6.5830501 6.5628728 6.5430561 6.5237608 6.5050932 6.4871171 6.4698645 6.4533448 6.4375515 6.4224675 6.4080693 6.3943291 6.3812169 6.368702 6.3567538 6.3453423 6.3344386 6.324015 6.3140451 6.3045041 6.2953686 6.2866165 6.2782271 6.2701811 6.2624602 6.2550475 6.2479271 6.2410839 6.2345039 6.2281741 6.2220822 6.2162165 6.2105662 6.2051212 6.1998718 6.1948089 6.1899241 6.1852094 6.180657 6.1762601
6.8907256 6.8889826 6.8827593 6.8722778 6.8584014 6.8423937 6.8256452 6.8094117 6.7945746 6.7814618 6.7698046 6.758841 6.7475346 6.7348628 6.7200914 6.7029381 6.6835685 6.6624604 6.6402235 6.6174539 6.5946515 6.5721931 6.5503389 6.529254 6.5090315 6.4897139 6.4713088 6.4538016 6.4371634 6.4213572 6.406342 6.3920748 6.3785129 6.3656145 6.3533398 6.3416508 6.3305117 6.3198892 6.3097521 6.3000713 6.2908197 6.2819723 6.2735057 6.2653982 6.2576298 6.2501816 6.2430362 6.2361774 6.22959 6.2232599 6.217174 6.2113198 6.2056859 6.2002615 6.1950364 6.1900012 6.1851468 6.180465 6.1759477 6.1715877
6.9363725 6.9365711 6.9296979 6.9164038 6.89826 6.8774237 6.8561608 6.8365011 6.8198535 6.8066491 6.7962891 6.7873519 6.7779674 6.7663338 6.7512429 6.7323705 6.710197 6.6856682 6.6598284 6.6335825 6.6076047 6.582344 6.5580688 6.5349186 6.5129472 6.4921539 6.4725058 6.4539517 6.4364317 6.4198823 6.4042401 6.3894441 6.3754359 6.3621614 6.3495698 6.3376145 6.3262524 6.3154438 6.3051524 6.2953445 6.2859895 6.2770591 6.2685272 6.2603697 6.2525646 6.2450914 6.2379311 6.2310662 6.2244804 6.2181586 6.2120869 6.206252 6.2006419 6.1952451 6.190051 6.1850497 6.1802318 6.1755885 6.1711118 6.1667938
6.9969225 6.9997669 6.9910753 6.9726901 6.9472201 6.9184887 6.8900188 6.8651364 6.8462334 6.8338116 6.8266025 6.8220031 6.8166266 6.8072246 6.7917851 6.7701106 6.7434822 6.713798 6.6828369 6.6519207 6.6218895 6.5932072 6.5660866 6.5405866 6.5166791 6.4942903 6.4733252 6.4536815 6.4352581 6.4179579 6.401691 6.3863744 6.3719324 6.3582963 6.3454041 6.3331993 6.321631 6.3106531 6.3002236 6.2903045 6.2808613 6.2718623 6.2632788 6.2550844 6.247255 6.2397685 6.2326043 6.2257437 6.2191694 6.2128653 6.2068166 6.2010093 6.1954308 6.1900691 6.184913 6.1799523 6.1751771 6.1705784 6.1661478 6.1618773
7.0824474 7.087661 7.0741308 7.0470854 7.0084367 6.9670973 6.9267221 6.8934853 6.8719931 6.8623176 6.861826 6.8659435 6.8685006 6.8633529 6.8470278 6.8200697 6.7857934 6.7480153 6.7096533 6.672463 6.6373118 6.6045229 6.5741267 6.5460127 6.5200117 6.4959381 6.4736102 6.4528589 6.4335314 6.4154908 6.3986159 6.3827993 6.3679459 6.3539717 6.340802 6.3283704 6.3166179 6.3054916 6.2949439 6.2849324 6.2754186 6.2663677 6.2577483 6.2495317 6.2416918 6.2342048 6.2270489 6.220204 6.2136519 6.2073755 6.2013591 6.1955883 6.1900498 6.184731 6.1796203 6.1747071 6.1699813 6.1654335 6.1610549 6.1568373
7.2164296 7.2168052 7.1890695 7.152359 7.0850166 7.0279082 6.9646092 6.9170778 6.8937925 6.8910619 6.9039067 6.9251259 6.9433886 6.9459912 6.9264597 6.8882857 6.8400719 6.7893077 6.7402922 6.694836 6.6533969 6.6158341 6.5817909 6.5508642 6.522672 6.4968749 6.4731798 6.4513362 6.4311307 6.4123814 6.3949325 6.3786504 6.3634194 6.3491394 6.335723 6.3230937 6.311184 6.2999345 6.2892923 6.2792102 6.2696461 6.2605621 6.2519243 6.2437017 6.2358664 6.2283931 6.2212585 6.2144417 6.2079231 6.201685 6.1957111 6.1899862 6.1844963 6.1792287 6.1741712 6.1693128 6.1646432 6.1601526 6.1558321 6.1516733
7.4348324 7.4153982 7.3252416 7.2998445 7.1744831 7.1249395 6.9925045 6.925059 6.906305 6.9186031 6.9562202 7.0109023 7.0617919 7.0785697 7.0474094 6.9833586 6.909003 6.8376634 6.7738721 6.718045 6.6692783 6.6264467 6.5885386 6.5547233 6.5243361 6.4968479 6.471835 6.4489552 6.4279292 6.4085271 6.3905574 6.3738592 6.3582964 6.3437527 6.3301282 6.3173363 6.3053018 6.2939587 6.2832489 6.273121 6.2635294 6.2544334 6.2457964 6.2375855 6.2297713 6.2223268 6.2152278 6.2084519 6.2019791 6.1957906 6.1898696 6.1842004 6.1787684 6.1735605 6.1685643 6.1637682 6.1591618 6.1547352 6.150479 6.1463848
7.48335 7.4188382 7.2840942 7.2392131 7.2244949 7.1882104 6.9459111 6.9003834 6.9046674 6.9437129 7.0230896 7.1432226 7.2688398 7.313078 7.2400455 7.1139745 6.9920655 6.8904536 6.8079508 6.7402538 6.6836487 6.6354353 6.5937076 6.5571075 6.5246462 6.495587 6.4693686 6.4455547 6.4238001 6.4038271 6.3854093 6.36836 6.3525231 6.3377674 6.3239809 6.311068 6.298946 6.2875429 6.276796 6.2666499 6.257056 6.2479707 6.2393554 6.2311756 6.2234 6.2160006 6.2089519 6.2022309 6.1958165 6.1896896 6.1838325 6.1782291 6.1728646 6.1677253 6.1627986 6.1580727 6.1535369 6.1491809 6.1449956 6.1409721
7.415338 7.2540002 7.1572763 7.0945636 7.0509209 6.9310444 6.8089464 6.8525542 6.8902742 6.9655427 7.1039329 7.3428747 7.655982 7.7590335 7.5379508 7.2743573 7.078976 6.9404938 6.8381629 6.7588266 6.6948646 6.6417326 6.5965769 6.557513 6.5232396 6.4928247 6.4655793 6.4409808 6.4186235 6.398187 6.3794133 6.3620925 6.3460509 6.3311436 6.3172486 6.3042618 6.2920941 6.2806685 6.269918 6.259784 6.2502149 6.241165 6.232594 6.2244655 6.2167472 6.2094099 6.2024274 6.1957756 6.189433 6.1833799 6.1775981 6.1720712 6.166784 6.1617225 6.1568738 6.1522261 6.1477682 6.14349 6.139382 6.1354353
7.2982592 7.1520466 7.060272 6.9940505 6.9329291 6.8533681 6.7865148 6.7889987 6.8670987 6.9833319 7.1795536 7.55826 8.23145 8.4462696 7.8632823 7.4092661 7.1444217 6.9765073 6.8590839 6.7708888 6.7012631 6.6443054 6.5964679 6.555474 6.5197857 6.4883197 6.4602871 6.4350964 6.4122939 6.3915242 6.3725042 6.3550046 6.3388377 6.3238476 6.3099036 6.2968952 6.2847278 6.2733204 6.2626025 6.2525128 6.2429976 6.2340093 6.2255061 6.2174505 6.209809 6.2025517 6.1956516 6.1890841 6.1828271 6.1768604 6.1711657 6.1657262 6.1605263 6.1555519 6.15079 6.1462285 6.1418562 6.1376628 6.1336388 6.1297751
7.1804464 7.0634415 6.9821941 6.9211088 6.8664622 6.7944835 6.6336952 6.6965491 6.8519407 7.0025622 7.2267493 7.6026493 8.2342263 8.4435267 7.8731209 7.4297303 7.1628927 6.9893695 6.8666634 6.77432 6.7016008 6.6423666 6.5928544 6.5506249 6.5140224 6.4818799 6.4533481 6.4277923 6.4047269 6.383773 6.3646299 6.3470552 6.3308507 6.3158528 6.3019246 6.2889507 6.276833 6.265487 6.25484 6.2448288 6.2353979 6.2264987 6.2180879 6.2101275 6.2025831 6.1954242 6.1886232 6.1821553 6.1759981 6.1701309 6.1645353 6.1591941 6.1540918 6.1492141 6.1445478 6.1400808 6.1358017 6.1317003 6.1277669 6.1239925
7.0710042 6.9815002 6.9139887 6.8632203 6.8233906 6.7881495 6.7562285 6.7739126 6.8736617 7.0373141 7.2888296 7.6023755 7.8456847 7.8680529 7.6331913 7.3562239 7.1390044 6.979472 6.860367 6.7685046 6.6953654 6.6355228 6.5854415 6.5427448 6.5057836 6.4733789 6.4446657 6.4189937 6.3958643 6.3748879 6.3557548 6.3382158 6.3220673 6.3071412 6.2932972 6.2804171 6.2684004 6.2571611 6.246625 6.2367276 6.2274126 6.2186305 6.2103376 6.2024951 6.1950685 6.1880268 6.1813422 6.1749896 6.1689464 6.1631919 6.1577075 6.1524759 6.1474816 6.1427102 6.1381484 6.1337841 6.129606 6.1256038 6.1217678 6.118089
6.9788641 6.9066181 6.8514487 6.8117822 6.7872472 6.7830047 6.8 6.8098687 6.8992132 7.0875205 7.4361053 7.9698573 8.1646268 7.8292501 7.5220871 7.284356 7.0981277 6.9542739 6.8425561 6.7541947 6.6827632 6.6237907 6.5741834 6.5317729 6.4950102 6.4627655 6.434197 6.4086658 6.3856782 6.3648464 6.345861 6.3284725 6.3124766 6.2977043 6.2840148 6.2712892 6.2594265 6.2483401 6.2379555 6.228208 6.2190409 6.2104047 6.2022553 6.194554 6.1872662 6.1803607 6.1738097 6.1675883 6.1616736 6.1560451 6.150684 6.1455734 6.1406974 6.1360419 6.1315935 6.1273403 6.1232709 6.1193751 6.1156432 6.1120663
