Cobbity/QGIS/C2_Reading5.tif
NCOLS 299
NROWS 169
XLLCORNER 150.661
YLLCORNER -34.0268
CELLSIZE 1e-05
NODATA_VALUE -9999
[rows 52 to 77 of 169, columns 120 to 179 of 299]
14.175791 14.149534 14.122055 14.093358 14.063447 14.032329 14.000019 13.966546 13.931955 13.896312 13.859705 13.822243 13.784055 13.745284 13.706085 13.666616 13.627033 13.587489 13.548121 13.509058 13.47041 13.432271 13.394721 13.357826 13.321635 13.286188 13.251515 13.217638 13.184572 13.152327 13.120909 13.090321 13.060565 13.03164 13.003544 12.976275 12.949829 12.924201 12.899387 12.875381 12.852177 12.829768 12.808146 12.787303 12.76723 12.747915 12.729349 12.711519 12.694413 12.678018 12.662318 12.6473 12.632946 12.619243 12.606172 12.593717 12.58186 12.570585 12.559874 12.549709
14.217337 14.190233 14.161864 14.132216 14.101275 14.069031 14.035485 14.00065 13.964566 13.927296 13.888934 13.849605 13.809456 13.768658 13.727393 13.685847 13.644205 13.602643 13.56132 13.520378 13.479938 13.440104 13.400956 13.362559 13.324963 13.288201 13.252299 13.217274 13.183134 13.149885 13.117528 13.086061 13.055483 13.025788 12.996973 12.969032 12.941958 12.915747 12.89039 12.865882 12.842215 12.81938 12.797368 12.776171 12.755777 12.736174 12.717352 12.699297 12.681994 12.66543 12.649588 12.634452 12.620005 12.606229 12.593107 12.58062 12.56875 12.557477 12.546783 12.536649
14.261125 14.233219 14.204002 14.173442 14.141501 14.108146 14.073353 14.037119 13.999469 13.960464 13.920205 13.878835 13.836529 13.79349 13.749939 13.706099 13.662189 13.618415 13.574961 13.531985 13.489622 13.447979 13.407139 13.367165 13.328099 13.289972 13.2528 13.216593 13.181352 13.147076 13.113761 13.081399 13.049984 13.019508 12.989963 12.96134 12.933631 12.906829 12.880926 12.855912 12.831778 12.808516 12.786114 12.764564 12.743851 12.723965 12.704892 12.686617 12.669126 12.652401 12.636425 12.621182 12.606652 12.592815 12.579653 12.567146 12.555273 12.544014 12.533349 12.523258
14.307353 14.278718 14.248727 14.217322 14.184438 14.150009 14.113981 14.076319 14.03703 13.996169 13.953844 13.910223 13.865518 13.819978 13.773873 13.727476 13.681051 13.634838 13.589051 13.543869 13.499436 13.455864 13.413235 13.371604 13.331009 13.291468 13.252988 13.215568 13.179202 13.14388 13.109589 13.076318 13.044054 13.012785 12.982499 12.953186 12.924835 12.897437 12.87098 12.845456 12.820854 12.797163 12.774373 12.75247 12.731443 12.711278 12.691959 12.673472 12.655799 12.638923 12.622825 12.607485 12.592883 12.578998 12.565809 12.553293 12.541431 12.530198 12.519574 12.509538
14.356268 14.327011 14.296352 14.264205 14.230472 14.195044 14.157818 14.118718 14.077718 14.03486 13.990265 13.944132 13.896727 13.84836 13.799371 13.750096 13.700857 13.651939 13.603589 13.556006 13.509344 13.463716 13.419198 13.375836 13.333652 13.292653 13.252832 13.214175 13.176663 13.140277 13.104997 13.070803 13.037679 13.005606 12.974571 12.944559 12.915559 12.887557 12.860543 12.834505 12.809432 12.785312 12.762132 12.73988 12.718542 12.698102 12.678545 12.659854 12.642009 12.624992 12.608782 12.593358 12.578697 12.564777 12.551574 12.539065 12.527225 12.516033 12.505463 12.495494
14.408179 14.378444 14.347261 14.314522 14.280084 14.243782 14.205441 14.164919 14.122138 14.07712 14.029999 13.981022 13.93053 13.878923 13.826634 13.774086 13.721671 13.669734 13.618555 13.568355 13.519294 13.471479 13.424975 13.379809 13.335987 13.293493 13.252304 13.212389 13.173716 13.136253 13.099972 13.064845 13.030849 12.997963 12.966169 12.93545 12.905792 12.877181 12.849604 12.823049 12.797502 12.772952 12.749384 12.726785 12.705139 12.684431 12.664643 12.645755 12.627749 12.610603 12.594294 12.578799 12.564094 12.550153 12.536951 12.524463 12.512663 12.501524 12.491023 12.481134
14.463491 14.433455 14.401934 14.368804 14.333879 14.296904 14.257601 14.215717 14.171093 14.123716 14.073739 14.021481 13.967394 13.91201 13.85589 13.799574 13.743548 13.688219 13.63391 13.580856 13.529216 13.479084 13.430501 13.38347 13.337967 13.293952 13.251377 13.210192 13.170347 13.131798 13.094506 13.058437 13.02356 12.989851 12.957289 12.925854 12.895531 12.866303 12.838157 12.811079 12.785056 12.760074 12.736118 12.713175 12.691227 12.670256 12.650245 12.631172 12.613016 12.595754 12.57936 12.56381 12.549076 12.535131 12.521947 12.509496 12.49775 12.486681 12.476262 12.466467
14.522741 14.492599 14.460959 14.427713 14.392617 14.355294 14.31529 14.272178 14.225665 14.175676 14.1224 14.066268 14.007903 13.948029 13.887391 13.826687 13.766515 13.707359 13.649577 13.593414 13.539014 13.486442 13.435702 13.386759 13.33955 13.294 13.250033 13.207573 13.166552 13.126912 13.088602 13.051581 13.015814 12.981271 12.94793 12.915769 12.88477 12.854917 12.826195 12.79859 12.772087 12.746671 12.722329 12.699044 12.676798 12.655572 12.635347 12.6161 12.597808 12.580444 12.563982 12.548393 12.533648 12.519716 12.506568 12.494172 12.482497 12.471515 12.461194 12.451508
14.586661 14.556582 14.525061 14.49206 14.457268 14.420111 14.379853 14.335772 14.287348 14.234414 14.177214 14.116373 14.052781 13.987454 13.921401 13.855521 13.790557 13.727066 13.665437 13.6059 13.548566 13.493448 13.440495 13.389616 13.340695 13.293616 13.248263 13.204534 13.162339 13.121605 13.082271 13.044288 13.007618 12.97223 12.938097 12.905197 12.873512 12.843023 12.813717 12.785577 12.75859 12.732739 12.70801 12.684386 12.661847 12.640375 12.619946 12.600538 12.582123 12.564674 12.548161 12.532553 12.517816 12.503919 12.490827 12.478505 12.466921 12.456042 12.445837 12.436274
14.656255 14.626291 14.595104 14.562826 14.529063 14.492915 14.453163 14.408581 14.35827 14.301912 14.239867 14.173092 14.102921 14.030819 13.958162 13.886117 13.815581 13.74718 13.681301 13.618133 13.557715 13.49998 13.444794 13.391986 13.341378 13.292794 13.246078 13.201095 13.157732 13.115902 13.075536 13.03658 12.998993 12.962742 12.927801 12.894147 12.861761 12.830625 12.800723 12.772041 12.744563 12.718274 12.693158 12.669197 12.646372 12.624661 12.604041 12.584484 12.565964 12.548448 12.531905 12.516299 12.501594 12.487753 12.474739 12.462514 12.451041 12.440284 12.43021 12.420786
14.732919 14.702817 14.672078 14.641175 14.609585 14.575846 14.537905 14.493659 14.44155 14.381029 14.312699 14.238126 14.159398 14.078672 13.997843 13.918395 13.841373 13.76743 13.696901 13.629877 13.566275 13.505906 13.448516 13.393834 13.341595 13.291558 13.243516 13.1973 13.152778 13.109849 13.068439 13.028491 12.989966 12.952831 12.91706 12.882632 12.849528 12.817728 12.787219 12.757983 12.730007 12.703275 12.677771 12.653476 12.63037 12.60843 12.58763 12.567942 12.549335 12.531774 12.515224 12.499644 12.484996 12.471237 12.458326 12.446221 12.434881 12.424267 12.414343 12.405074
14.818593 14.787438 14.757024 14.728426 14.700879 14.671939 14.638085 14.595657 14.541939 14.47601 14.399009 14.313676 14.223423 14.131481 14.040424 13.952065 13.867528 13.7874 13.711866 13.640836 13.574036 13.511096 13.451604 13.395156 13.341383 13.289968 13.240651 13.193231 13.147555 13.103516 13.061039 13.020072 12.980578 12.942529 12.905902 12.870675 12.836829 12.804347 12.773212 12.74341 12.714926 12.687745 12.66185 12.637223 12.613842 12.591683 12.570718 12.550917 12.532244 12.514662 12.498131 12.482607 12.468044 12.454396 12.441617 12.429658 12.418475 12.408026 12.39827 12.38917
14.915952 14.8815 14.850845 14.82598 14.805627 14.785639 14.75992 14.721982 14.666976 14.593371 14.503491 14.402486 14.296171 14.189391 14.085497 13.98649 13.893375 13.806487 13.725715 13.650667 13.580786 13.515452 13.454048 13.396007 13.340841 13.288147 13.237615 13.189013 13.142178 13.097003 13.053421 13.01139 12.970884 12.931881 12.89436 12.858302 12.823687 12.790498 12.758717 12.728331 12.699326 12.671688 12.645399 12.620441 12.596792 12.574425 12.553311 12.533415 12.514701 12.497126 12.480645 12.465209 12.450766 12.437263 12.424646 12.412864 12.401865 12.391603 12.382034 12.373119
15.028524 14.986056 14.953917 14.935152 14.927395 14.92368 14.913485 14.884987 14.829238 14.743535 14.63279 14.507597 14.378256 14.251746 14.131931 14.020495 13.917885 13.823881 13.737873 13.659014 13.586356 13.518954 13.455935 13.396543 13.34016 13.286302 13.23461 13.184833 13.13681 13.090446 13.045694 13.002533 12.960952 12.92094 12.88248 12.845552 12.810134 12.776207 12.743755 12.712764 12.683221 12.655113 12.628425 12.603137 12.579226 12.556663 12.535417 12.515451 12.496723 12.479187 12.462792 12.447481 12.433197 12.419877 12.407461 12.395889 12.385103 12.375052 12.365689 12.356972
15.160245 15.100977 15.065426 15.056929 15.070947 15.096425 15.115842 15.106356 15.050888 14.944304 14.795811 14.631145 14.468408 14.316118 14.177368 14.052163 13.939617 13.838584 13.747725 13.665584 13.590704 13.521734 13.457506 13.397064 13.339662 13.284748 13.231929 13.180951 13.13167 13.084022 13.037996 12.993605 12.950863 12.909771 12.870315 12.83247 12.79621 12.76151 12.728354 12.69673 12.666628 12.638037 12.610942 12.585323 12.561156 12.53841 12.517051 12.49704 12.478329 12.460869 12.444602 12.429463 12.415384 12.402294 12.390121 12.378797 12.368256 12.358441 12.349302 12.340794
15.313011 15.223162 15.182462 15.191701 15.242484 15.319073 15.397224 15.426947 15.372055 15.231484 15.000373 14.770574 14.560397 14.376538 14.21763 14.078726 13.956777 13.849522 13.754763 13.670299 13.594051 13.524199 13.459257 13.398086 13.339847 13.283945 13.229981 13.177717 13.127045 13.077953 13.030491 12.984725 12.940704 12.898446 12.85793 12.819118 12.78197 12.746455 12.712556 12.680264 12.649575 12.620481 12.592969 12.567017 12.5426 12.519684 12.498233 12.478203 12.459547 12.442206 12.426116 12.411202 12.397385 12.38458 12.372702 12.36167 12.351409 12.341855 12.332955 12.324664
15.480812 15.343731 15.299332 15.339193 15.449963 15.609435 15.805285 15.951032 15.836343 15.71406 15.21706 14.915579 14.634426 14.420847 14.24664 14.096813 13.967469 13.855808 13.758845 13.673547 13.597118 13.527216 13.462067 13.400426 13.341438 13.284524 13.229308 13.175584 13.123296 13.072508 13.023364 12.976016 12.930566 12.887042 12.845402 12.805574 12.76749 12.731108 12.696414 12.663408 12.632097 12.602476 12.574534 12.548247 12.523585 12.500512 12.478989 12.458971 12.440408 12.423237 12.407383 12.392762 12.379276 12.366823 12.355301 12.344611 12.334669 12.325401 12.316751 12.308678
15.63129 15.446039 15.408159 15.498156 15.703066 16.000113 16.271435 16.936706 16.143058 16.158403 15.285732 15.030344 14.62665 14.432921 14.258196 14.103268 13.970249 13.857215 13.760647 13.676622 13.601512 13.532416 13.467384 13.405283 13.345418 13.287301 13.230599 13.175127 13.120873 13.068003 13.016807 12.967583 12.920517 12.875632 12.832824 12.791944 12.752876 12.715563 12.680005 12.646225 12.614245 12.584069 12.555683 12.529056 12.504151 12.480931 12.459355 12.43938 12.420953 12.40401 12.388465 12.374218 12.36115 12.349135 12.338044 12.327759 12.318175 12.309213 12.300817 12.292951
15.720033 15.513597 15.50145 15.665007 15.998953 16.504551 16.773485 16.295801 15.829133 15.462796 15.098612 14.711751 14.51414 14.410912 14.248922 14.09639 13.964939 13.85491 13.762398 13.682445 13.610416 13.542708 13.477472 13.414318 13.353021 13.293248 13.234683 13.177067 13.120346 13.064797 13.010976 12.959455 12.910562 12.864273 12.820318 12.77839 12.738289 12.699957 12.663435 12.628796 12.596089 12.565326 12.536481 12.50951 12.484363 12.460998 12.439381 12.419473 12.401229 12.384581 12.369434 12.355667 12.343131 12.331664 12.321101 12.311291 12.302109 12.293467 12.285313 12.277623
15.724805 15.534614 15.574985 15.825734 16.372172 16.927898 16.361024 15.838393 15.43756 15.105867 14.818983 14.575888 14.444976 14.362339 14.221248 14.077099 13.95364 13.852553 13.769057 13.696812 13.62998 13.56335 13.495673 13.429613 13.365602 13.303363 13.242501 13.182337 13.122473 13.063293 13.005891 12.951446 12.900549 12.852985 12.808074 12.76518 12.723985 12.684486 12.646843 12.611225 12.577725 12.546348 12.517039 12.489719 12.464319 12.440798 12.419133 12.399306 12.381287 12.365012 12.350376 12.337228 12.325376 12.314605 12.304695 12.295448 12.286711 12.278387 12.270435 12.262861
15.614992 15.51636 15.632931 15.979172 16.472976 16.580233 16.008379 15.534224 15.172021 14.87837 14.636383 14.452587 14.387386 14.312981 14.177824 14.048896 13.941959 13.858034 13.790358 13.730341 13.672623 13.605058 13.525914 13.453569 13.384205 13.318279 13.255025 13.192289 13.128421 13.063898 13.001132 12.942767 12.88993 12.841742 12.796465 12.752811 12.710386 12.669435 12.630405 12.593641 12.559284 12.527295 12.497537 12.469867 12.444185 12.420458 12.398702 12.378941 12.36118 12.345369 12.331388 12.319048 12.308092 12.298223 12.289136 12.280561 12.272304 12.264264 12.256432 12.248861
15.481595 15.4816 15.679258 16.118367 16.964595 16.318851 15.712492 15.298674 14.973142 14.710484 14.499209 14.332431 14.21965 14.217012 14.122654 14.019322 13.940795 13.886734 13.84423 13.801459 13.762558 13.696686 13.565846 13.490391 13.407822 13.337378 13.273159 13.209407 13.140338 13.066849 12.994912 12.93091 12.877223 12.830574 12.786382 12.742272 12.698191 12.655183 12.614311 12.576194 12.540966 12.508439 12.4783 12.450278 12.424234 12.400176 12.378207 12.358442 12.340949 12.325705 12.312575 12.301311 12.291558 12.282891 12.274866 12.267101 12.259341 12.251492 12.243608 12.235842
15.358662 15.443982 15.712778 16.286559 16.594404 15.958922 15.478035 15.10578 14.81174 14.576975 14.393853 14.267256 14.208894 14.159711 14.072492 13.99868 13.967276 13.974854 13.945151 13.955326 13.836911 13.782533 13.590805 13.522684 13.435069 13.356286 13.297743 13.239865 13.162677 13.071187 12.981248 12.907955 12.858774 12.820317 12.780228 12.735561 12.688489 12.642141 12.598696 12.55904 12.523096 12.490285 12.459931 12.431537 12.404936 12.380259 12.357802 12.337856 12.320599 12.306047 12.29404 12.284243 12.276154 12.269143 12.262538 12.255761 12.248467 12.240597 12.232345 12.224038
15.266651 15.41064 15.733713 16.247116 16.208774 15.702936 15.273012 14.93861 14.673973 14.46699 14.312572 14.212193 14.187221 14.108058 14.028912 13.992331 14.031358 14.206774 14.150994 13.909497 13.743159 13.622814 13.518742 13.465319 13.462172 13.34564 13.333271 13.303205 13.203722 13.068097 12.943888 12.845155 12.82729 12.816701 12.784471 12.736396 12.682709 12.630515 12.583486 12.542362 12.506291 12.473831 12.443603 12.414743 12.387113 12.361182 12.337669 12.317183 12.300062 12.286358 12.275864 12.268122 12.262415 12.257787 12.253167 12.247619 12.240648 12.232314 12.223098 12.213657
15.193779 15.381978 15.743114 16.406594 16.111266 15.486262 15.090351 14.788625 14.552274 14.374724 14.261376 14.203101 14.147524 14.055864 13.987012 13.994165 14.159177 14.258009 14.086209 13.808736 13.634902 13.511514 13.424641 13.36872 13.272677 13.268048 13.411207 13.471147 13.282022 12.974403 12.880826 12.647644 12.790497 12.846638 12.811461 12.750343 12.682099 12.619665 12.568168 12.526499 12.491863 12.461144 12.431685 12.402022 12.37223 12.343666 12.317975 12.29629 12.279116 12.266482 12.258077 12.253282 12.2511 12.250082 12.248424 12.244456 12.237402 12.227672 12.216388 12.204799
15.13435 15.358489 15.810577 16.306233 15.696195 15.262077 14.919825 14.650712 14.442043 14.294717 14.237649 14.282999 14.112219 13.997249 13.937411 13.962442 14.183186 14.359386 13.923046 13.690579 13.528887 13.413046 13.335307 13.288205 13.245273 13.309589 13.625007 14.005371 13.727421 12.900842 12.931329 12.749126 12.819613 12.896013 12.861067 12.791225 12.685646 12.606739 12.551677 12.512422 12.482764 12.456669 12.429125 12.397705 12.362946 12.328721 12.298736 12.274762 12.257277 12.246063 12.24059 12.24008 12.243266 12.248052 12.251283 12.249492 12.241253 12.22813 12.212736 12.197265
