Cobbity/QGIS/C2_Reading.tif
NCOLS 299
NROWS 159
XLLCORNER 150.661
YLLCORNER -34.0269
CELLSIZE 1e-05
NODATA_VALUE -9999
[rows 96 to 119 of 159, columns 162 to 215 of 299]
0.075861772 0.075652999 0.074867457 0.073966317 0.073075176 0.072126476 0.070988096 0.069768844 0.069587177 0.069993406 0.070089688 0.070604083 0.071209309 0.071585817 0.07176789 0.071819413 0.071797136 0.071756772 0.071742922 0.071753877 0.071732808 0.071598979 0.071319993 0.07112793 0.07131184 0.071641301 0.071904622 0.07208775 0.072218354 0.072317713 0.072398434 0.072467697 0.072529626 0.072586646 0.072640214 0.072691231 0.072740263 0.072787673 0.072833696 0.072878486 0.072922144 0.072964736 0.07300631 0.073046897 0.073086522 0.073125205 0.073162964 0.073199815 0.073235774 0.073270859 0.073305087 0.073338476 0.073371045 0.073402813
0.076923121 0.07683279 0.075205928 0.073863408 0.072825766 0.071964626 0.071247238 0.070655448 0.070125935 0.068980923 0.067617826 0.069075102 0.070648016 0.071411661 0.071748454 0.071876903 0.07191559 0.071926768 0.071925181 0.071900139 0.071808316 0.071558172 0.07106719 0.070712682 0.071044849 0.071536466 0.071872351 0.072084895 0.072228486 0.072334155 0.072418078 0.072488889 0.072551393 0.072608373 0.072661499 0.072711806 0.07275995 0.072806355 0.072851303 0.072894981 0.072937517 0.072978996 0.07301948 0.073059013 0.073097627 0.073135347 0.073172193 0.073208185 0.073243339 0.073277671 0.073311197 0.073343934 0.073375898 0.073407106
0.07688065 0.076776588 0.075021183 0.073511431 0.072272389 0.071309114 0.070831737 0.070643728 0.070162828 0.068590835 0.066733032 0.068621824 0.070526656 0.071414562 0.071790345 0.071901262 0.07193083 0.071988401 0.072023201 0.072002703 0.071902154 0.071662703 0.071247418 0.070966013 0.07121312 0.071617655 0.071915431 0.072113017 0.072250647 0.072353948 0.07243695 0.072507372 0.072569618 0.072626304 0.072679036 0.072728834 0.072776365 0.07282207 0.072866252 0.072909118 0.072950813 0.072991441 0.073031075 0.073069771 0.073107568 0.073144499 0.073180589 0.073215859 0.073250329 0.073284016 0.073316935 0.073349103 0.073380535 0.073411247
0.075612317 0.075292809 0.074239348 0.072868608 0.071228705 0.069560285 0.069302394 0.070115947 0.070356181 0.069802258 0.069256554 0.069952353 0.070967921 0.071605666 0.071885559 0.071869801 0.071836627 0.071995316 0.072090877 0.072092116 0.072019181 0.071867909 0.071656982 0.071527399 0.071617975 0.071823473 0.072016093 0.072166738 0.072283375 0.072377013 0.072455473 0.072523725 0.072584897 0.072640987 0.072693305 0.072742727 0.072789853 0.072835103 0.072878775 0.072921082 0.07296218 0.073002185 0.073041181 0.073079233 0.07311639 0.073152692 0.073188169 0.073222846 0.073256747 0.07328989 0.073322292 0.073353971 0.073384942 0.07341522
0.075089425 0.074549637 0.073633122 0.072284901 0.070123384 0.066728511 0.06666464 0.069428355 0.070548911 0.070740593 0.070768294 0.071061026 0.071518448 0.071891806 0.072054627 0.07196762 0.071920477 0.072085375 0.072178168 0.072179251 0.072129721 0.072049595 0.071959146 0.071904261 0.071927875 0.072014704 0.072122396 0.072226063 0.072318555 0.072400001 0.072472349 0.072537574 0.072597272 0.072652647 0.072704595 0.072753779 0.07280069 0.072845699 0.072889082 0.07293105 0.072971764 0.073011346 0.073049891 0.073087473 0.07312415 0.073159967 0.073194962 0.073229165 0.073262604 0.073295298 0.07332727 0.073358536 0.073389113 0.073419018
0.075416656 0.074438004 0.073360372 0.072077061 0.070252443 0.067640639 0.067558456 0.069757986 0.070872045 0.071268964 0.071456025 0.071674993 0.071965901 0.072248586 0.072404767 0.072373799 0.072308248 0.072311334 0.072300422 0.07225996 0.072210923 0.072166498 0.072127957 0.07210002 0.07210088 0.072137988 0.072200216 0.072273068 0.072347269 0.072418563 0.07248553 0.072548039 0.072606456 0.072661293 0.072713056 0.072762198 0.072809098 0.072854069 0.072897366 0.072939192 0.072979708 0.073019045 0.073057305 0.073094571 0.073130909 0.073166373 0.073201006 0.073234845 0.073267919 0.073300255 0.073331875 0.073362801 0.073393049 0.073422637
0.075760434 0.074381389 0.073175592 0.071997099 0.070859787 0.070026337 0.070010911 0.070727403 0.07132282 0.071612317 0.071793311 0.072015246 0.07232505 0.072716155 0.073055594 0.073071432 0.072820233 0.072583978 0.072422456 0.072313758 0.072250019 0.072226797 0.072213905 0.072189267 0.072178028 0.072196816 0.072240708 0.07229918 0.072363778 0.072429344 0.072493214 0.072554244 0.072612104 0.072666868 0.072718782 0.072768148 0.072815265 0.072860406 0.072903807 0.072945667 0.072986154 0.073025403 0.073063525 0.073100613 0.07313674 0.073171968 0.073206348 0.07323992 0.073272721 0.07330478 0.073336124 0.073366775 0.073396755 0.073426081
0.074919375 0.073980015 0.07289201 0.071622061 0.070302664 0.070097333 0.070741127 0.071294293 0.071639549 0.071747717 0.071910538 0.072189139 0.07260189 0.073299473 0.074224551 0.074258998 0.073432113 0.072825354 0.072493943 0.072315356 0.072243605 0.072260235 0.072270435 0.07222156 0.072193045 0.072205834 0.07224677 0.072302992 0.072366005 0.072430739 0.072494417 0.072555689 0.072614034 0.072669384 0.07272189 0.072771798 0.072819379 0.072864894 0.072908578 0.072950636 0.072991242 0.073030542 0.073068657 0.073105687 0.073141717 0.073176815 0.073211037 0.073244433 0.073277043 0.073308901 0.073340037 0.073370477 0.073400244 0.073429359
0.074205539 0.073570197 0.072651504 0.071284976 0.069170789 0.069135863 0.070806958 0.071539442 0.071746327 0.071712123 0.071943532 0.072265943 0.072717576 0.073631054 0.07521002 0.075227677 0.073773875 0.072896607 0.072457936 0.072237845 0.072178512 0.072252412 0.072280299 0.072198494 0.072157157 0.072174126 0.072223055 0.07228622 0.072354346 0.072422735 0.072489087 0.072552397 0.072612352 0.072669003 0.072722573 0.072773352 0.072821642 0.072867725 0.072911857 0.072954257 0.072995114 0.073034586 0.073072807 0.073109887 0.073145919 0.073180978 0.073215131 0.073248431 0.073280924 0.073312648 0.073343639 0.073373925 0.073403532 0.073432483
0.073888489 0.073347176 0.072594331 0.071638361 0.070511579 0.070424792 0.071278727 0.071776281 0.071917707 0.071941314 0.072085466 0.072288292 0.072588127 0.073200521 0.074142854 0.074205264 0.073354843 0.072678324 0.072261397 0.072025966 0.07196651 0.072046801 0.072094434 0.072060432 0.072056419 0.072101727 0.072172484 0.072251497 0.072330618 0.072406504 0.072477999 0.072544915 0.072607475 0.072666068 0.072721126 0.072773071 0.072822284 0.072869105 0.072913825 0.07295669 0.072997911 0.07303766 0.073076085 0.073113306 0.073149426 0.07318453 0.07321869 0.073251965 0.073284407 0.07331606 0.073346962 0.073377145 0.07340664 0.07343547
0.073767797 0.073219692 0.07250644 0.071857701 0.07155728 0.071578679 0.071842942 0.072075606 0.072169002 0.072184037 0.072203922 0.072223141 0.07224298 0.072372867 0.072687242 0.072836436 0.072616668 0.072248549 0.071874927 0.071580268 0.071465194 0.071541414 0.071672778 0.071776844 0.07187793 0.071987885 0.072098451 0.072202575 0.072297793 0.07238415 0.072462588 0.072534225 0.072600096 0.072661088 0.072717941 0.072771266 0.072821565 0.072869253 0.072914671 0.072958101 0.072999776 0.073039888 0.073078599 0.07311604 0.073152323 0.073187542 0.073221775 0.073255088 0.073287538 0.073319175 0.073350039 0.073380167 0.073409592 0.073438341
0.073699903 0.073126953 0.072237548 0.071200206 0.071373964 0.071914673 0.072172967 0.07233353 0.072393863 0.072338162 0.072247073 0.07207432 0.071714304 0.071292707 0.071441152 0.071884589 0.071990561 0.071751388 0.071281763 0.070745242 0.070458052 0.070619928 0.071007232 0.071363366 0.071634884 0.071843392 0.072009461 0.072145685 0.072260189 0.072358573 0.072444781 0.072521617 0.072591095 0.072654684 0.072713472 0.072768285 0.07281976 0.072868395 0.072914586 0.072958653 0.073000852 0.073041396 0.073080458 0.073118184 0.073154693 0.073190087 0.073224451 0.073257857 0.073290368 0.073322035 0.073352906 0.073383021 0.073412415 0.073441119
0.073688863 0.073177232 0.072326402 0.071240965 0.071460084 0.07210969 0.072350277 0.072454769 0.072497496 0.072412448 0.072259959 0.071940676 0.071191321 0.070066704 0.070369615 0.071300482 0.071573007 0.071286614 0.070498991 0.06932123 0.06858302 0.069118399 0.070122808 0.070885281 0.07137461 0.071695735 0.071921104 0.072089926 0.072223302 0.072333186 0.072426748 0.072508504 0.072581421 0.072647511 0.072708192 0.072764485 0.072817148 0.072866757 0.072913759 0.072958505 0.073001277 0.073042303 0.07308177 0.073119833 0.073156621 0.07319224 0.073226785 0.073260331 0.073292945 0.073324687 0.073355604 0.073385742 0.073415139 0.073443829
0.073779088 0.073422202 0.072915512 0.072398076 0.072299344 0.072424063 0.072470762 0.072473572 0.072468244 0.072415603 0.072279938 0.071965269 0.0712763 0.070363725 0.070553277 0.071237141 0.071393868 0.070964508 0.069785716 0.067667413 0.06617774 0.067484635 0.069340745 0.070507985 0.071176728 0.071583365 0.071852591 0.072045419 0.072192779 0.072311312 0.072410535 0.072496199 0.072571945 0.072640177 0.07270254 0.072760194 0.072813987 0.07286455 0.072912366 0.072957811 0.073001185 0.073042729 0.07308264 0.073121081 0.073158189 0.073194076 0.073228842 0.073262567 0.073295324 0.073327175 0.073358174 0.073388367 0.073417797 0.0734465
0.073945698 0.073784353 0.073550336 0.073196859 0.072878306 0.072668703 0.072532745 0.072463819 0.072439367 0.072413411 0.072338148 0.072145313 0.071779723 0.071391167 0.07135078 0.071495428 0.071415856 0.07090639 0.069704533 0.067606182 0.066158021 0.067418887 0.069246467 0.070425461 0.07111427 0.071537632 0.071818767 0.072019759 0.072172782 0.072295379 0.072397643 0.072485675 0.072563333 0.072633154 0.072696867 0.072755688 0.072810501 0.07286196 0.072910567 0.072956711 0.0730007 0.073042784 0.073083168 0.073122019 0.07315948 0.073195669 0.073230689 0.073264627 0.073297558 0.073329549 0.073360657 0.073390933 0.073420421 0.073449162
0.074142133 0.074278043 0.074376755 0.073886307 0.073218267 0.072718505 0.072408904 0.072299 0.07232954 0.072399955 0.072439809 0.072395119 0.072239159 0.072034803 0.071890414 0.071779057 0.071562314 0.071101168 0.070257715 0.069072105 0.068335567 0.068832025 0.069831486 0.070643667 0.071193367 0.071563064 0.071822682 0.072014941 0.072164625 0.07228628 0.072388701 0.072477397 0.072555941 0.072626726 0.072691408 0.072751166 0.072806861 0.072859141 0.072908501 0.07295533 0.072999937 0.073042575 0.07308345 0.073122734 0.073160573 0.073197091 0.073232393 0.07326657 0.073299702 0.073331858 0.073363099 0.07339348 0.073423047 0.073451845
0.074273568 0.074809115 0.075625246 0.074559698 0.073322243 0.0724343 0.071840434 0.071754634 0.072034364 0.072353349 0.072605757 0.072747916 0.072707867 0.072506975 0.072261837 0.072023044 0.071752356 0.071386385 0.070885834 0.070326047 0.069992455 0.070116292 0.070534378 0.070982422 0.071352051 0.071636374 0.071854909 0.072026931 0.072166528 0.072283232 0.072383393 0.072471275 0.07254979 0.07262097 0.072686268 0.072746743 0.072803189 0.072856212 0.072906283 0.072953778 0.072999 0.073042198 0.073083577 0.073123311 0.073161548 0.073198415 0.073234019 0.073268456 0.073301809 0.07333415 0.073365544 0.073396047 0.073425712 0.073454583
0.074199533 0.074572615 0.075146364 0.074295518 0.073043482 0.071647693 0.070268468 0.070431625 0.071504531 0.072306113 0.072924363 0.073414847 0.073449723 0.073036519 0.072579621 0.072215887 0.071909983 0.071614574 0.071311926 0.071034182 0.070868581 0.07088518 0.071053572 0.071286332 0.071518751 0.071724662 0.071899851 0.072048055 0.072174587 0.072284205 0.072380657 0.072466764 0.072544621 0.072615788 0.072681437 0.072742463 0.072799555 0.072853259 0.072904007 0.072952152 0.072997984 0.073041745 0.073083636 0.073123832 0.073162481 0.073199711 0.073235634 0.073270346 0.073303935 0.073336476 0.073368037 0.073398677 0.073428451 0.073457408
0.073997599 0.073963314 0.073987792 0.073617173 0.072665841 0.07083433 0.067959334 0.068764122 0.07108487 0.072346929 0.073435009 0.074712488 0.074767768 0.073657766 0.072823844 0.072318356 0.071974448 0.071712807 0.071509514 0.07136203 0.071281845 0.071285088 0.071367009 0.071499501 0.071651549 0.071802642 0.071943184 0.072070306 0.072184311 0.072286663 0.072379057 0.072463059 0.072539997 0.07261096 0.072676829 0.072738315 0.072795997 0.072850345 0.07290175 0.072950536 0.072996976 0.073041302 0.073083712 0.073124378 0.073163447 0.07320105 0.073237301 0.0732723 0.073306135 0.073338886 0.073370624 0.073401411 0.073431304 0.073460354
0.073865863 0.073800087 0.073732402 0.073368648 0.072653629 0.071355636 0.069557632 0.069927755 0.07142388 0.07244987 0.073634516 0.075484232 0.075515461 0.073864475 0.072841662 0.072275971 0.071906357 0.071647082 0.071493901 0.071433313 0.071427086 0.071458674 0.071526442 0.071623556 0.071737815 0.071857777 0.071975745 0.072087656 0.072191907 0.072288271 0.072377181 0.072459323 0.072535438 0.072606229 0.072672323 0.072734268 0.072792534 0.072847523 0.072899583 0.07294901 0.072996059 0.073040953 0.073083885 0.073125025 0.07316452 0.073202502 0.073239087 0.073274377 0.073308464 0.073341431 0.073373351 0.07340429 0.073434307 0.073463456
0.073801985 0.073737611 0.073603149 0.073297468 0.07289911 0.072480872 0.072045912 0.071850471 0.072056069 0.072429796 0.073047113 0.073945885 0.074041103 0.073248167 0.072562255 0.072084872 0.071710093 0.071408391 0.071272424 0.071319303 0.071412309 0.071497912 0.071584036 0.071678491 0.071780953 0.071887421 0.071993707 0.072096788 0.072194924 0.072287354 0.072373935 0.072454872 0.072530539 0.072601373 0.072667818 0.072730294 0.072789188 0.072844846 0.072897576 0.072947652 0.072995316 0.073040782 0.073084238 0.073125852 0.073165774 0.073204135 0.073241054 0.073276637 0.073310978 0.073344161 0.073376265 0.073407356 0.073437499 0.073466748
0.073774832 0.073738287 0.073504634 0.073250499 0.073139998 0.073493631 0.073811369 0.07298404 0.072406437 0.072216451 0.072208273 0.072413895 0.072597447 0.072458563 0.072154167 0.071823031 0.071475594 0.071111621 0.070963742 0.071141677 0.071333855 0.071470253 0.071581399 0.071685994 0.071790134 0.071894273 0.071997004 0.072096739 0.072192306 0.072283039 0.072368689 0.072449289 0.072525047 0.072596259 0.072663264 0.072726402 0.072786003 0.072842376 0.072895805 0.072946547 0.072994833 0.073040872 0.073084852 0.073126938 0.073167283 0.073206019 0.073243269 0.07327914 0.07331373 0.073347127 0.07337941 0.073410652 0.073440918 0.073470265
0.073703247 0.073646027 0.073370834 0.073123435 0.073136795 0.073922171 0.074693961 0.073343874 0.072393409 0.071842221 0.071308838 0.071300791 0.071739547 0.071880601 0.0717722 0.071560195 0.071311325 0.071053935 0.07094854 0.071094866 0.071273743 0.071420056 0.071546236 0.071662914 0.071774689 0.071882929 0.071987581 0.072088141 0.072184116 0.072275198 0.072361289 0.072442459 0.0725189 0.072590877 0.072658689 0.072722646 0.072783053 0.072840202 0.072894363 0.072945787 0.072994702 0.073041314 0.073085812 0.073128363 0.073169121 0.073208224 0.073245794 0.073281944 0.073316775 0.073350377 0.073382834 0.073414219 0.073444602 0.073474042
0.073452124 0.073345678 0.073111899 0.072824088 0.07266543 0.072931364 0.073204356 0.072683912 0.072083388 0.071542007 0.070880945 0.070864307 0.07134512 0.071503445 0.071434648 0.071270822 0.071110132 0.0710206 0.071014362 0.07108804 0.071213585 0.07135301 0.071489548 0.071619192 0.071741831 0.071858022 0.071968182 0.072072528 0.072171186 0.072264283 0.072351995 0.072434553 0.072512234 0.072585347 0.07265421 0.072719143 0.072780453 0.072838434 0.072893358 0.072945477 0.072995021 0.0730422 0.073087205 0.073130208 0.073171365 0.073210819 0.073248695 0.07328511 0.073320167 0.073353962 0.07338658 0.073418098 0.073448587 0.073478111
