Cobbity/QGIS/C2_Reading7.tif
NCOLS 200
NROWS 169
XLLCORNER 150.661
YLLCORNER -34.0269
CELLSIZE 1e-05
NODATA_VALUE -9999
[rows 75 to 99 of 169, columns 57 to 113 of 200]
-2.6511742 -2.6516765 -2.6521754 -2.6526697 -2.6531579 -2.6536383 -2.654109 -2.6545679 -2.6550127 -2.6554405 -2.6558485 -2.656233 -2.6565903 -2.656916 -2.6572052 -2.6574523 -2.6576512 -2.6577948 -2.6578753 -2.6578839 -2.6578108 -2.6576447 -2.6573735 -2.6569832 -2.6564582 -2.6557814 -2.6549335 -2.6538928 -2.6526353 -2.6511341 -2.649359 -2.6472758 -2.6448457 -2.6420236 -2.6387565 -2.6349796 -2.6306113 -2.6255425 -2.61962 -2.6126148 -2.6041671 -2.5936936 -2.5802884 -2.5625804 -2.5356478 -2.5314233 -2.5404718 -2.5389863 -2.5285624 -2.507783 -2.4706295 -2.4269157 -2.459125 -2.4873606 -2.5017597 -2.5052043 -2.5003567
-2.65337 -2.6539544 -2.6545398 -2.6551254 -2.6557099 -2.656292 -2.6568703 -2.6574429 -2.6580079 -2.6585631 -2.6591059 -2.6596333 -2.660142 -2.6606284 -2.6610879 -2.6615159 -2.6619067 -2.6622541 -2.6625509 -2.6627892 -2.6629599 -2.6630527 -2.6630561 -2.6629572 -2.6627414 -2.6623924 -2.6618918 -2.6612193 -2.660352 -2.6592645 -2.6579283 -2.6563117 -2.6543792 -2.6520905 -2.6493994 -2.6462517 -2.6425812 -2.6383024 -2.6332958 -2.6273798 -2.620253 -2.6113597 -2.5995406 -2.583188 -2.5707527 -2.5654121 -2.561624 -2.5533099 -2.5380895 -2.5138736 -2.4758729 -2.4317607 -2.4722574 -2.5001391 -2.5109406 -2.5113433 -2.5030631
-2.6555776 -2.6562459 -2.65692 -2.6575992 -2.6582827 -2.6589695 -2.6596585 -2.6603485 -2.6610379 -2.6617251 -2.6624079 -2.6630841 -2.6637509 -2.6644052 -2.6650436 -2.6656617 -2.666255 -2.666818 -2.6673445 -2.6678275 -2.6682589 -2.6686296 -2.6689291 -2.6691456 -2.6692659 -2.6692749 -2.6691557 -2.6688894 -2.6684551 -2.6678292 -2.666986 -2.6658972 -2.6645317 -2.6628562 -2.6608345 -2.6584281 -2.6555954 -2.6522907 -2.6484591 -2.6440233 -2.6388515 -2.6326944 -2.6248431 -2.609885 -2.5836152 -2.5895543 -2.5820634 -2.5679111 -2.5486716 -2.5216923 -2.4780943 -2.4582975 -2.4951438 -2.5145 -2.521576 -2.5190146 -2.5066101
-2.6577932 -2.6585471 -2.6593117 -2.6600865 -2.6608712 -2.6616653 -2.6624681 -2.6632788 -2.6640964 -2.6649197 -2.6657474 -2.6665777 -2.6674087 -2.6682381 -2.669063 -2.6698802 -2.670686 -2.6714761 -2.6722452 -2.6729875 -2.6736962 -2.6743634 -2.6749802 -2.6755361 -2.6760195 -2.6764171 -2.6767137 -2.6768926 -2.676935 -2.6768201 -2.6765255 -2.6760271 -2.6752998 -2.6743183 -2.673059 -2.6715028 -2.6696401 -2.6674789 -2.6650579 -2.662465 -2.6598548 -2.657485 -2.656627 -2.6665802 -2.6578368 -2.6232937 -2.6024851 -2.5823773 -2.5596529 -2.5318989 -2.4982312 -2.484954 -2.5143918 -2.5297128 -2.5337756 -2.5290468 -2.5142463
-2.6600128 -2.6608536 -2.6617101 -2.6625823 -2.6634703 -2.6643739 -2.665293 -2.6662273 -2.6671764 -2.6681397 -2.6691165 -2.6701059 -2.6711067 -2.6721174 -2.6731361 -2.6741608 -2.6751886 -2.6762164 -2.6772404 -2.6782561 -2.6792581 -2.6802401 -2.6811949 -2.6821139 -2.6829874 -2.6838041 -2.6845514 -2.6852148 -2.6857785 -2.6862252 -2.6865361 -2.6866924 -2.6866754 -2.6864692 -2.6860638 -2.6854613 -2.6846863 -2.6838066 -2.6829708 -2.6824836 -2.6829408 -2.6853149 -2.6894437 -2.6886926 -2.6796135 -2.6493703 -2.6213304 -2.5960069 -2.5699228 -2.5384239 -2.4946989 -2.5163565 -2.5362167 -2.5459455 -2.5476386 -2.5418243 -2.5282516
-2.6622322 -2.6631609 -2.6641106 -2.6650816 -2.6660744 -2.6670894 -2.6681269 -2.6691873 -2.6702707 -2.6713772 -2.672507 -2.6736597 -2.6748352 -2.6760329 -2.6772521 -2.6784916 -2.6797501 -2.6810258 -2.6823162 -2.6836184 -2.6849289 -2.6862433 -2.6875562 -2.6888614 -2.6901515 -2.6914178 -2.6926504 -2.6938382 -2.6949685 -2.6960281 -2.697003 -2.6978798 -2.6986472 -2.6992989 -2.6998385 -2.7002883 -2.7007049 -2.7012095 -2.7020488 -2.7037325 -2.7073832 -2.7158624 -2.7377682 -2.7667751 -2.7169568 -2.6718451 -2.6379547 -2.6081281 -2.5787222 -2.5488451 -2.5283568 -2.5388269 -2.5550555 -2.5626654 -2.5632558 -2.5571179 -2.5426637
-2.664447 -2.6654644 -2.6665081 -2.6675789 -2.6686778 -2.6698056 -2.6709632 -2.6721516 -2.6733716 -2.674624 -2.6759098 -2.6772295 -2.6785839 -2.6799736 -2.6813989 -2.68286 -2.684357 -2.6858895 -2.6874568 -2.6890578 -2.6906911 -2.6923543 -2.6940445 -2.6957582 -2.6974907 -2.6992364 -2.7009889 -2.7027407 -2.7044834 -2.7062083 -2.707907 -2.7095723 -2.7112008 -2.712796 -2.7143748 -2.7159776 -2.7176869 -2.7196626 -2.7222112 -2.7259381 -2.7321209 -2.7436834 -2.7682984 -2.8076409 -2.7474809 -2.691844 -2.6525319 -2.6183711 -2.5842476 -2.5439099 -2.5273294 -2.5583257 -2.5731076 -2.5802155 -2.5811219 -2.5759516 -2.5648827
-2.6666528 -2.6677592 -2.6688975 -2.6700687 -2.6712744 -2.672516 -2.6737949 -2.6751127 -2.676471 -2.6778713 -2.6793155 -2.6808051 -2.6823419 -2.6839275 -2.6855637 -2.6872521 -2.6889942 -2.6907914 -2.6926449 -2.6945558 -2.6965248 -2.6985521 -2.7006376 -2.7027808 -2.7049804 -2.7072345 -2.7095407 -2.7118959 -2.7142968 -2.7167403 -2.7192241 -2.7217485 -2.7243188 -2.7269489 -2.729669 -2.7325363 -2.7356555 -2.7392138 -2.7435466 -2.7492636 -2.7575181 -2.7708155 -2.7945253 -2.7998534 -2.7536233 -2.7061046 -2.6650489 -2.6268494 -2.5862661 -2.5457987 -2.5481454 -2.5735365 -2.5905949 -2.5992349 -2.6022388 -2.5998255 -2.5856005
-2.6688449 -2.6700405 -2.6712734 -2.6725454 -2.6738582 -2.675214 -2.6766148 -2.6780629 -2.6795604 -2.68111 -2.6827142 -2.6843757 -2.6860974 -2.6878821 -2.6897329 -2.691653 -2.6936457 -2.6957142 -2.6978619 -2.7000921 -2.7024081 -2.7048131 -2.7073103 -2.7099024 -2.7125923 -2.7153823 -2.7182749 -2.7212722 -2.724377 -2.7275927 -2.7309247 -2.7343819 -2.7379795 -2.741744 -2.7457199 -2.7499832 -2.7546625 -2.7599759 -2.7662964 -2.774271 -2.7850029 -2.7998069 -2.8196462 -2.8250421 -2.7689714 -2.71952 -2.6767008 -2.6347607 -2.5860783 -2.5104054 -2.5380048 -2.5879656 -2.6092317 -2.6204513 -2.6276085 -2.6358811 -2.642211
-2.6710188 -2.6723032 -2.6736306 -2.675003 -2.6764229 -2.6778928 -2.6794156 -2.680994 -2.6826313 -2.6843307 -2.6860957 -2.6879302 -2.6898382 -2.6918239 -2.6938919 -2.696047 -2.6982943 -2.7006392 -2.7030872 -2.7056445 -2.7083171 -2.7111116 -2.7140346 -2.7170931 -2.7202943 -2.7236459 -2.7271557 -2.7308325 -2.7346859 -2.7387275 -2.7429718 -2.7474383 -2.7521547 -2.757162 -2.7625236 -2.7683392 -2.7747702 -2.7820836 -2.7907322 -2.8015141 -2.8160405 -2.8390602 -2.8714317 -2.8352732 -2.7811424 -2.732801 -2.6886289 -2.643373 -2.5879875 -2.5394125 -2.5706921 -2.6081541 -2.6305045 -2.6442509 -2.6558816 -2.6745827 -2.7351156
-2.6731698 -2.6745424 -2.6759634 -2.6774356 -2.6789619 -2.6805455 -2.6821896 -2.683898 -2.6856746 -2.6875235 -2.6894494 -2.691457 -2.6935518 -2.6957393 -2.6980256 -2.7004174 -2.7029218 -2.7055463 -2.7082992 -2.7111892 -2.7142258 -2.7174189 -2.7207796 -2.7243193 -2.7280504 -2.7319864 -2.736142 -2.7405332 -2.7451783 -2.7500986 -2.7553197 -2.7608743 -2.7668055 -2.7731737 -2.7800662 -2.7876154 -2.7960295 -2.8056506 -2.8170682 -2.831343 -2.8502203 -2.8750682 -2.9081838 -2.8643271 -2.7981879 -2.7471427 -2.701668 -2.6547246 -2.59327 -2.5121397 -2.5863521 -2.6319168 -2.6548903 -2.6709165 -2.6878772 -2.711147 -2.7085414
-2.6752931 -2.6767528 -2.6782665 -2.6798374 -2.6814689 -2.6831649 -2.6849293 -2.6867665 -2.6886812 -2.6906786 -2.6927643 -2.6949442 -2.697225 -2.6996137 -2.7021183 -2.704747 -2.7075092 -2.7104147 -2.7134746 -2.7167007 -2.720106 -2.7237045 -2.7275116 -2.731544 -2.7358202 -2.7403602 -2.7451865 -2.750324 -2.755801 -2.7616505 -2.7679119 -2.774634 -2.7818797 -2.789734 -2.7983164 -2.8078032 -2.8184665 -2.8307501 -2.8454306 -2.8640229 -2.8903396 -2.9344231 -2.9445815 -2.8747731 -2.8135756 -2.7621898 -2.715784 -2.666916 -2.6105354 -2.599223 -2.6307412 -2.6610304 -2.6824236 -2.7004797 -2.7223838 -2.7713366 -2.7653567
-2.6773842 -2.6789295 -2.6805343 -2.6822023 -2.6839374 -2.6857441 -2.6876269 -2.689591 -2.691642 -2.693786 -2.6960294 -2.6983796 -2.7008445 -2.7034327 -2.7061537 -2.7090178 -2.7120366 -2.7152224 -2.7185893 -2.7221522 -2.725928 -2.7299352 -2.7341939 -2.738727 -2.7435592 -2.7487185 -2.7542361 -2.7601471 -2.7664918 -2.7733172 -2.7806792 -2.7886464 -2.7973067 -2.8067764 -2.8172174 -2.8288643 -2.8420743 -2.8574222 -2.8759015 -2.8993249 -2.9305192 -2.9754214 -2.9911516 -2.8983937 -2.8304036 -2.7780868 -2.7313208 -2.6815565 -2.6078789 -2.6046048 -2.6631697 -2.691826 -2.7127479 -2.7340023 -2.7631359 -2.7859558 -2.7516319
-2.6794384 -2.6810675 -2.6827615 -2.6845245 -2.686361 -2.688276 -2.6902748 -2.6923633 -2.6945479 -2.6968354 -2.6992337 -2.7017511 -2.7043969 -2.7071812 -2.7101153 -2.7132115 -2.7164837 -2.7199469 -2.7236179 -2.7275156 -2.7316605 -2.736076 -2.7407877 -2.7458246 -2.751219 -2.7570074 -2.7632309 -2.7699367 -2.7771788 -2.7850206 -2.7935377 -2.802823 -2.8129943 -2.8242078 -2.8366791 -2.8507201 -2.8668026 -2.8856758 -2.9086163 -2.9382187 -2.9818039 -3.0374937 -2.987418 -2.9102639 -2.8466039 -2.7948112 -2.7478705 -2.6974991 -2.6575297 -2.6716308 -2.7000749 -2.72411 -2.7456934 -2.7713527 -2.8146813 -2.9 -2.7872849
-2.6814511 -2.6831618 -2.6849426 -2.6867981 -2.6887333 -2.6907538 -2.6928655 -2.6950751 -2.6973896 -2.6998171 -2.7023662 -2.7050465 -2.7078686 -2.7108443 -2.7139865 -2.7173097 -2.7208299 -2.7245649 -2.7285347 -2.7327617 -2.7372708 -2.7420902 -2.7472514 -2.7527903 -2.7587471 -2.7651679 -2.7721051 -2.7796191 -2.7877799 -2.7966699 -2.8063878 -2.8170551 -2.8288256 -2.8419032 -2.8565699 -2.8732366 -2.8925311 -2.9154557 -2.9436619 -2.9797199 -3.0265771 -3.0895246 -3.0220987 -2.9282724 -2.8636419 -2.8128225 -2.7666929 -2.7125172 -2.6466247 -2.7006499 -2.7350143 -2.7577789 -2.7814938 -2.8149247 -2.8627847 -2.860039 -2.7910117
-2.6834179 -2.6852076 -2.6870724 -2.6890175 -2.6910482 -2.6931707 -2.6953916 -2.6977182 -2.7001584 -2.7027211 -2.7054159 -2.7082538 -2.7112465 -2.7144073 -2.7177509 -2.7212939 -2.7250545 -2.7290533 -2.7333135 -2.7378611 -2.7427255 -2.7479399 -2.7535421 -2.7595751 -2.7660879 -2.7731368 -2.7807866 -2.7891125 -2.7982026 -2.808161 -2.819113 -2.831213 -2.8446567 -2.8597031 -2.8767118 -2.8962113 -2.9190272 -2.9465273 -2.9811301 -3.0279792 -3.09869 -3.1174627 -3.0239867 -2.943109 -2.8813298 -2.83252 -2.7875932 -2.7418297 -2.7298205 -2.7481877 -2.7711133 -2.7928689 -2.819605 -2.8624161 -2.9694219 -2.9621688 -2.8113913
-2.6853346 -2.6872004 -2.689146 -2.6911771 -2.6932997 -2.6955202 -2.6978459 -2.7002847 -2.7028455 -2.7055379 -2.7083725 -2.7113613 -2.7145174 -2.7178556 -2.7213923 -2.7251459 -2.729137 -2.733389 -2.737928 -2.742784 -2.7479906 -2.7535865 -2.7596155 -2.7661282 -2.7731829 -2.7808467 -2.7891978 -2.7983279 -2.8083446 -2.8193767 -2.8315795 -2.8451448 -2.8603159 -2.8774135 -2.896882 -2.9193762 -2.9459346 -2.9783447 -3.0198531 -3.0753142 -3.1506093 -3.1769474 -3.046986 -2.9593688 -2.9000354 -2.8550515 -2.8131347 -2.7496901 -2.7447892 -2.7866204 -2.8077339 -2.8295503 -2.8606053 -2.9106987 -2.9564607 -2.9125477 -2.8196159
-2.6871971 -2.6891356 -2.6911586 -2.6932719 -2.695482 -2.6977959 -2.7002215 -2.7027673 -2.7054428 -2.7082584 -2.7112257 -2.7143578 -2.7176689 -2.7211753 -2.7248949 -2.728848 -2.7330576 -2.7375494 -2.7423528 -2.7475012 -2.7530328 -2.7589913 -2.765427 -2.7723981 -2.7799721 -2.7882277 -2.7972572 -2.8071696 -2.8180944 -2.830187 -2.8436363 -2.8586762 -2.8756032 -2.8948064 -2.9168207 -2.9424269 -2.972855 -3.0102394 -3.0589849 -3.1318285 -3.2341324 -3.1568989 -3.050828 -2.9735183 -2.9195719 -2.880595 -2.851082 -2.8335599 -2.8213667 -2.8295893 -2.8450491 -2.8678821 -2.9045567 -2.9747291 -3.11 -2.9462439 -2.8316707
-2.6890015 -2.6910092 -2.6931055 -2.6952968 -2.6975898 -2.6999922 -2.7025121 -2.7051588 -2.7079423 -2.7108739 -2.7139661 -2.7172327 -2.7206892 -2.7243531 -2.7282439 -2.7323836 -2.7367972 -2.7415129 -2.746563 -2.7519844 -2.7578193 -2.7641165 -2.7709325 -2.7783331 -2.7863949 -2.7952084 -2.8048803 -2.8155377 -2.8273329 -2.8404504 -2.8551159 -2.8716099 -2.8902886 -2.9116174 -2.9362307 -2.9650428 -2.9994687 -3.0418734 -3.0961626 -3.1660434 -3.245706 -3.1675926 -3.0580195 -2.9872656 -2.9401423 -2.9078556 -2.8801216 -2.8514655 -2.8640262 -2.8694974 -2.8823504 -2.9081385 -2.9541197 -3.0227074 -3.0279505 -2.9398981 -2.8440774
-2.6907442 -2.6928171 -2.6949826 -2.6972472 -2.6996181 -2.7021034 -2.7047116 -2.7074526 -2.7103369 -2.7133765 -2.7165847 -2.7199761 -2.7235672 -2.7273767 -2.7314254 -2.735737 -2.7403381 -2.7452594 -2.7505356 -2.7562069 -2.7623192 -2.7689261 -2.7760899 -2.7838833 -2.7923922 -2.8017181 -2.811982 -2.8233294 -2.8359361 -2.8500167 -2.8658364 -2.8837266 -2.9041096 -2.9275372 -2.9547577 -2.9868403 -3.0254314 -3.0733689 -3.1371024 -3.2356231 -3.2705505 -3.1514514 -3.0624786 -3.0014749 -2.9623162 -2.9396021 -2.9324665 -2.9246782 -2.9074203 -2.9060834 -2.9187942 -2.9496039 -3.0091363 -3.1512953 -3.1438474 -2.9574409 -2.8581715
-2.6924218 -2.6945559 -2.6967859 -2.6991189 -2.7015623 -2.7041245 -2.7068145 -2.7096426 -2.7126199 -2.7157589 -2.7190734 -2.722579 -2.726293 -2.730235 -2.734427 -2.738894 -2.7436643 -2.7487704 -2.7542494 -2.7601441 -2.766504 -2.7733867 -2.7808596 -2.7890019 -2.7979077 -2.8076888 -2.8184798 -2.8304436 -2.843779 -2.858731 -2.8756052 -2.8947868 -2.9167702 -2.9422033 -2.971963 -3.0072966 -3.0501131 -3.1035701 -3.1719631 -3.2551652 -3.2784244 -3.1554754 -3.0698474 -3.0168921 -2.9861094 -2.9722731 -2.9718 -2.9740665 -2.9465556 -2.9401225 -2.953959 -2.9916495 -3.0664996 -3.1439563 -3.0778656 -2.9621663 -2.8722698
-2.6940315 -2.6962221 -2.6985119 -2.700908 -2.7034181 -2.706051 -2.708816 -2.7117236 -2.7147855 -2.7180145 -2.7214252 -2.7250336 -2.7288577 -2.732918 -2.7372374 -2.741842 -2.7467615 -2.7520297 -2.7576858 -2.7637747 -2.7703487 -2.7774687 -2.7852066 -2.7936468 -2.8028904 -2.8130583 -2.8242967 -2.8367842 -2.8507407 -2.8664398 -2.8842261 -2.9045388 -2.9279468 -2.9552005 -2.9873166 -3.0257295 -3.0726027 -3.1317532 -3.2138191 -3.3282494 -3.2483071 -3.1468838 -3.077217 -3.0335078 -3.011675 -3.0110517 -3.0258111 -3.0007663 -2.976396 -2.9708154 -2.9872048 -3.0314367 -3.1247184 -3.2961076 -3.0981246 -2.9671692 -2.8860412
-2.6955703 -2.6978129 -2.7001575 -2.7026111 -2.705182 -2.7078789 -2.7107116 -2.7136907 -2.7168284 -2.7201378 -2.7236338 -2.727333 -2.7312538 -2.7354174 -2.7398474 -2.7445706 -2.7496177 -2.7550237 -2.7608291 -2.7670804 -2.7738319 -2.7811472 -2.7891011 -2.7977823 -2.8072968 -2.8177727 -2.8293653 -2.8422658 -2.8567114 -2.8729999 -2.8915104 -2.9127314 -2.9373026 -2.9660767 -3.0002145 -3.0413451 -3.0918468 -3.1550995 -3.2316405 -3.2924689 -3.2359409 -3.146988 -3.0869724 -3.0516037 -3.0379606 -3.0465076 -3.0842797 -3.0442082 -3.0057517 -2.9989392 -3.018444 -3.0712365 -3.1717696 -3.177454 -3.0675973 -2.9699244 -2.9002368
-2.6970359 -2.6993258 -2.7017198 -2.7042254 -2.7068508 -2.7096049 -2.7124977 -2.7155401 -2.7187444 -2.7221241 -2.7256942 -2.7294716 -2.7334752 -2.7377264 -2.7422494 -2.7470713 -2.7522236 -2.7577418 -2.7636671 -2.7700473 -2.7769376 -2.7844031 -2.7925204 -2.8013806 -2.8110931 -2.8217898 -2.8336321 -2.8468193 -2.8616002 -2.8782897 -2.8972921 -2.9191342 -2.944514 -2.9743735 -3.0100085 -3.0532438 -3.1067746 -3.1754365 -3.2747467 -3.3562017 -3.2326707 -3.1517708 -3.1000869 -3.071628 -3.0660239 -3.087146 -3.1035824 -3.0616724 -3.0295198 -3.0240281 -3.0472274 -3.1054684 -3.2239213 -3.2163708 -3.0614116 -2.9739214 -2.91565
-2.6984264 -2.7007586 -2.7031967 -2.7057484 -2.7084218 -2.7112261 -2.7141714 -2.7172686 -2.7205301 -2.7239696 -2.7276023 -2.7314451 -2.7355172 -2.73984 -2.7444378 -2.7493381 -2.7545723 -2.7601763 -2.7661915 -2.7726657 -2.7796545 -2.7872234 -2.7954492 -2.8044237 -2.8142568 -2.8250817 -2.8370614 -2.8503977 -2.8653438 -2.8822214 -2.9014463 -2.9235649 -2.949309 -2.9796786 -3.0160684 -3.0604572 -3.1156442 -3.1849851 -3.2649024 -3.2987776 -3.2345064 -3.1641627 -3.1176976 -3.0939645 -3.0935696 -3.128518 -3.1795387 -3.090306 -3.0498609 -3.0459363 -3.0741115 -3.1490794 -3.2542381 -3.1507499 -3.049778 -2.979339 -2.9328925
