Cobbity/QGIS/C2_Reading.tif
NCOLS 299
NROWS 159
XLLCORNER 150.661
YLLCORNER -34.0269
CELLSIZE 1e-05
NODATA_VALUE -9999
[rows 120 to 143 of 159, columns 216 to 269 of 299]
0.073511173 0.073538969 0.073565943 0.073592142 0.073617607 0.073642377 0.073666489 0.073689973 0.073712862 0.073735181 0.073756958 0.073778216 0.073798977 0.073819261 0.073839088 0.073858476 0.073877441 0.073895999 0.073914165 0.073931953 0.073949375 0.073966444 0.073983171 0.073999568 0.074015645 0.074031412 0.074046877 0.074062051 0.074076941 0.074091556 0.074105904 0.074119991 0.074133825 0.074147413 0.074160761 0.074173876 0.074186764 0.07419943 0.074211879 0.074224119 0.074236153 0.074247986 0.074259624 0.074271071 0.074282332 0.074293411 0.074304312 0.074315039 0.074325597 0.074335988 0.074346218 0.074356289 0.074366205 0.074375969
0.073515963 0.073543778 0.073570757 0.073596947 0.073622392 0.073647132 0.073671204 0.073694641 0.073717474 0.073739733 0.073761443 0.07378263 0.073803316 0.073823523 0.07384327 0.073862575 0.073881456 0.073899929 0.073918009 0.073935709 0.073953045 0.073970027 0.073986667 0.074002978 0.074018969 0.074034651 0.074050033 0.074065124 0.074079932 0.074094467 0.074108735 0.074122745 0.074136503 0.074150016 0.074163291 0.074176334 0.074189151 0.074201748 0.074214131 0.074226305 0.074238275 0.074250046 0.074261623 0.07427301 0.074284213 0.074295235 0.074306081 0.074316755 0.07432726 0.074337601 0.074347781 0.074357804 0.074367673 0.074377392
0.073521123 0.073548942 0.073575912 0.07360208 0.073627493 0.073652191 0.073676213 0.073699592 0.073722362 0.073744552 0.073766188 0.073787298 0.073807903 0.073828025 0.073847686 0.073866903 0.073885695 0.073904078 0.073922067 0.073939676 0.07395692 0.073973811 0.073990362 0.074006582 0.074022484 0.074038078 0.074053372 0.074068377 0.074083101 0.074097552 0.074111738 0.074125667 0.074139345 0.074152781 0.07416598 0.074178948 0.074191692 0.074204218 0.074216531 0.074228637 0.07424054 0.074252246 0.07426376 0.074275085 0.074286228 0.074297191 0.07430798 0.074318598 0.074329049 0.074339336 0.074349465 0.074359438 0.074369258 0.074378929
0.073526681 0.073554485 0.073581428 0.07360756 0.073632926 0.07365757 0.073681529 0.073704841 0.073727537 0.073749648 0.073771202 0.073792226 0.073812742 0.073832774 0.073852342 0.073871465 0.073890162 0.073908449 0.073926342 0.073943856 0.073961004 0.0739778 0.073994255 0.074010382 0.074026191 0.074041692 0.074056896 0.074071811 0.074086446 0.074100811 0.074114911 0.074128756 0.074142353 0.074155708 0.074168827 0.074181719 0.074194387 0.074206839 0.074219079 0.074231114 0.074242948 0.074254587 0.074266035 0.074277296 0.074288376 0.074299278 0.074310007 0.074320567 0.074330961 0.074341194 0.074351269 0.074361189 0.074370959 0.07438058
0.07353266 0.07356043 0.073587327 0.073613404 0.073638708 0.073663282 0.073687166 0.073710397 0.073733008 0.073755031 0.073776493 0.073797422 0.073817841 0.073837775 0.073857243 0.073876266 0.073894861 0.073913047 0.073930838 0.073948251 0.073965298 0.073981993 0.07399835 0.074014378 0.074030089 0.074045495 0.074060604 0.074075426 0.074089969 0.074104243 0.074118255 0.074132013 0.074145524 0.074158795 0.074171833 0.074184644 0.074197234 0.074209609 0.074221774 0.074233736 0.074245498 0.074257067 0.074268446 0.074279641 0.074290656 0.074301495 0.074312162 0.074322661 0.074332997 0.074343172 0.074353192 0.074363058 0.074372774 0.074382344
0.073539085 0.073566795 0.073593626 0.073619629 0.073644853 0.073669342 0.073693136 0.073716273 0.073738786 0.073760709 0.073782068 0.073802893 0.073823206 0.073843033 0.073862393 0.073881308 0.073899796 0.073917873 0.073935557 0.073952862 0.073969803 0.073986394 0.074002646 0.074018571 0.074034181 0.074049486 0.074064496 0.074079221 0.074093669 0.074107849 0.074121769 0.074135436 0.074148859 0.074162043 0.074174996 0.074187724 0.074200232 0.074212527 0.074224615 0.074236501 0.074248189 0.074259685 0.074270993 0.074282119 0.074293067 0.07430384 0.074314443 0.07432488 0.074335155 0.074345271 0.074355232 0.074365042 0.074374703 0.07438422
0.073545974 0.073573601 0.073600342 0.07362625 0.073651375 0.073675761 0.073699449 0.073722477 0.07374488 0.073766689 0.073787935 0.073808644 0.073828842 0.073848553 0.073867797 0.073886596 0.073904968 0.073922931 0.073940501 0.073957693 0.073974522 0.073991002 0.074007144 0.074022962 0.074038465 0.074053666 0.074068573 0.074083197 0.074097545 0.074111628 0.074125452 0.074139026 0.074152356 0.07416545 0.074178315 0.074190956 0.074203381 0.074215594 0.074227601 0.074239407 0.074251019 0.07426244 0.074273675 0.07428473 0.074295607 0.074306312 0.074316849 0.074327221 0.074337433 0.074347488 0.074357389 0.07436714 0.074376745 0.074386206
0.073553346 0.073580863 0.073607489 0.073633281 0.073658286 0.07368255 0.073706115 0.073729019 0.073751296 0.07377298 0.073794099 0.073814682 0.073834754 0.073854339 0.073873458 0.073892133 0.073910381 0.073928222 0.073945671 0.073962744 0.073979455 0.073995818 0.074011846 0.074027551 0.074042943 0.074058034 0.074072834 0.074087352 0.074101598 0.074115579 0.074129304 0.07414278 0.074156015 0.074169016 0.074181789 0.074194342 0.074206679 0.074218806 0.07423073 0.074242455 0.074253987 0.074265331 0.07427649 0.074287471 0.074298276 0.074308911 0.074319379 0.074329684 0.074339831 0.074349822 0.074359661 0.074369352 0.074378898 0.074388302
0.073561218 0.073588595 0.073615081 0.073640732 0.073665596 0.073689719 0.073713143 0.073735905 0.073758042 0.073779585 0.073800565 0.07382101 0.073840945 0.073860394 0.073879379 0.07389792 0.073916037 0.073933748 0.073951069 0.073968016 0.073984603 0.074000844 0.074016751 0.074032338 0.074047614 0.074062591 0.07407728 0.074091688 0.074105826 0.074119702 0.074133323 0.074146699 0.074159835 0.074172739 0.074185418 0.074197878 0.074210125 0.074222164 0.074234002 0.074245643 0.074257093 0.074268356 0.074279437 0.074290341 0.074301072 0.074311634 0.074322032 0.074332268 0.074342347 0.074352273 0.074362048 0.074371677 0.074381162 0.074390506
0.0735696 0.073596808 0.073623128 0.073648613 0.073673313 0.073697274 0.073720538 0.073743142 0.073765122 0.073786511 0.073807338 0.073827632 0.073847419 0.073866721 0.073885561 0.073903961 0.073921938 0.073939511 0.073956696 0.07397351 0.073989966 0.074006079 0.07402186 0.074037323 0.074052478 0.074067336 0.074081908 0.074096202 0.074110229 0.074123995 0.07413751 0.07415078 0.074163814 0.074176619 0.0741892 0.074201564 0.074213717 0.074225666 0.074237414 0.074248969 0.074260334 0.074271514 0.074282515 0.07429334 0.074303994 0.074314482 0.074324806 0.074334971 0.07434498 0.074354838 0.074364548 0.074374112 0.074383534 0.074392818
0.073578503 0.073605512 0.073631636 0.073656931 0.073681444 0.073705222 0.073728306 0.073750733 0.073772541 0.07379376 0.073814421 0.073834551 0.073854177 0.073873322 0.073892008 0.073910255 0.073928084 0.073945511 0.073962553 0.073979226 0.073995545 0.074011523 0.074027172 0.074042506 0.074057534 0.074072269 0.074086719 0.074100895 0.074114805 0.074128458 0.074141862 0.074155024 0.074167952 0.074180653 0.074193133 0.074205399 0.074217456 0.07422931 0.074240967 0.074252432 0.074263709 0.074274804 0.074285722 0.074296466 0.074307041 0.074317451 0.0743277 0.074337791 0.07434773 0.074357517 0.074367159 0.074376657 0.074386014 0.074395235
0.073587934 0.073614712 0.073640613 0.07366569 0.073689993 0.073713566 0.07373645 0.073758683 0.073780301 0.073801335 0.073821815 0.073841768 0.073861221 0.073880197 0.073898718 0.073916804 0.073934475 0.073951748 0.073968639 0.073985165 0.074001339 0.074017175 0.074032687 0.074047885 0.074062782 0.074077388 0.074091712 0.074105764 0.074119554 0.07413309 0.074146379 0.074159429 0.074172248 0.074184841 0.074197217 0.074209381 0.074221338 0.074233096 0.074244658 0.07425603 0.074267218 0.074278225 0.074289057 0.074299717 0.074310211 0.074320541 0.074330712 0.074340729 0.074350593 0.074360309 0.07436988 0.07437931 0.074388601 0.074397757
0.073597897 0.073624412 0.073650061 0.073674895 0.073698962 0.073722308 0.073744972 0.073766993 0.073788403 0.073809236 0.073829521 0.073849284 0.073868552 0.073887348 0.073905693 0.073923608 0.073941112 0.073958221 0.073974954 0.073991324 0.074007347 0.074023036 0.074038403 0.074053461 0.07406822 0.074082691 0.074096885 0.07411081 0.074124475 0.074137888 0.074151059 0.074163993 0.074176698 0.074189182 0.07420145 0.074213508 0.074225364 0.074237021 0.074248485 0.074259763 0.074270857 0.074281774 0.074292518 0.074303092 0.074313502 0.07432375 0.074333842 0.074343781 0.074353569 0.074363211 0.074372711 0.07438207 0.074391293 0.074400382
0.073608391 0.073634612 0.07365998 0.073684544 0.073708353 0.073731449 0.073753873 0.073775662 0.073796848 0.073817464 0.073837539 0.073857099 0.073876169 0.073894773 0.073912932 0.073930665 0.073947993 0.073964931 0.073981496 0.073997704 0.074013568 0.074029103 0.074044319 0.074059231 0.074073847 0.074088179 0.074102236 0.074116029 0.074129565 0.074142852 0.0741559 0.074168714 0.074181303 0.074193673 0.07420583 0.07421778 0.07422953 0.074241084 0.074252448 0.074263628 0.074274627 0.074285451 0.074296103 0.07430659 0.074316913 0.074327078 0.074337088 0.074346946 0.074356657 0.074366223 0.074375649 0.074384936 0.074394089 0.074403109
0.073619415 0.073645311 0.073670368 0.073694636 0.073718162 0.073740987 0.073763151 0.073784689 0.073805634 0.073826018 0.073845868 0.073865211 0.073884071 0.073902471 0.073920433 0.073937975 0.073955117 0.073971875 0.073988265 0.074004302 0.074020001 0.074035374 0.074050435 0.074065193 0.074079661 0.074093848 0.074107765 0.07412142 0.074134823 0.07414798 0.074160901 0.074173592 0.07418606 0.074198312 0.074210355 0.074222194 0.074233835 0.074245283 0.074256544 0.074267623 0.074278524 0.074289253 0.074299812 0.074310208 0.074320443 0.074330521 0.074340447 0.074350224 0.074359855 0.074369343 0.074378693 0.074387906 0.074396987 0.074405937
0.073630962 0.073656502 0.073681221 0.073705168 0.073728387 0.073750919 0.073772803 0.073794072 0.073814759 0.073834894 0.073854505 0.073873617 0.073892255 0.07391044 0.073928194 0.073945535 0.073962481 0.07397905 0.073995257 0.074011117 0.074026643 0.074041849 0.074056746 0.074071346 0.07408566 0.074099698 0.074113469 0.074126982 0.074140246 0.074153269 0.074166059 0.074178623 0.074190967 0.074203099 0.074215024 0.074226748 0.074238277 0.074249617 0.074260772 0.074271747 0.074282548 0.074293178 0.074303643 0.074313945 0.074324089 0.074334079 0.074343919 0.074353611 0.074363161 0.074372569 0.074381841 0.074390979 0.074399985 0.074408864
0.073643025 0.073668179 0.073692533 0.073716133 0.073739022 0.07376124 0.073782823 0.073803805 0.073824217 0.073844089 0.073863446 0.073882315 0.073900718 0.073918677 0.073936212 0.073953342 0.073970084 0.073986456 0.074002471 0.074018146 0.074033492 0.074048524 0.074063252 0.074077687 0.074091842 0.074105724 0.074119345 0.074132712 0.074145834 0.074158718 0.074171373 0.074183806 0.074196022 0.07420803 0.074219834 0.07423144 0.074242855 0.074254083 0.074265129 0.074275999 0.074286696 0.074297226 0.074307592 0.074317799 0.07432785 0.07433775 0.074347501 0.074357108 0.074366573 0.0743759 0.074385093 0.074394153 0.074403084 0.074411888
0.073655591 0.073680331 0.073704293 0.073727522 0.073750059 0.073771942 0.073793206 0.073813884 0.073834005 0.073853598 0.073872688 0.0738913 0.073909456 0.073927177 0.073944483 0.073961392 0.073977922 0.073994087 0.074009904 0.074025385 0.074040545 0.074055396 0.074069948 0.074084214 0.074098204 0.074111926 0.074125391 0.074138607 0.074151582 0.074164324 0.07417684 0.074189138 0.074201223 0.074213103 0.074224783 0.074236268 0.074247565 0.074258679 0.074269614 0.074280375 0.074290967 0.074301393 0.074311659 0.074321769 0.074331725 0.074341532 0.074351193 0.074360711 0.074370091 0.074379334 0.074388445 0.074397426 0.07440628 0.074415009
0.073668648 0.073692945 0.073716491 0.073739326 0.073761489 0.073783018 0.073803945 0.073824301 0.073844115 0.073863414 0.073882223 0.073900566 0.073918463 0.073935936 0.073953003 0.073969682 0.07398599 0.074001941 0.07401755 0.074032832 0.074047798 0.074062462 0.074076833 0.074090923 0.074104742 0.0741183 0.074131604 0.074144665 0.074157489 0.074170084 0.074182458 0.074194617 0.074206568 0.074218316 0.074229869 0.074241231 0.074252407 0.074263403 0.074274224 0.074284874 0.074295357 0.074305679 0.074315842 0.074325852 0.07433571 0.074345422 0.074354991 0.07436442 0.074373712 0.07438287 0.074391898 0.074400797 0.074409572 0.074418224
0.073682177 0.073706008 0.073729113 0.073751532 0.073773302 0.073794457 0.073815029 0.073835047 0.073854539 0.073873531 0.073892046 0.073910108 0.073927735 0.073944949 0.073961767 0.073978207 0.073994283 0.074010012 0.074025407 0.074040482 0.074055248 0.074069718 0.074083902 0.074097811 0.074111455 0.074124842 0.074137982 0.074150882 0.074163551 0.074175996 0.074188223 0.07420024 0.074212053 0.074223667 0.074235089 0.074246324 0.074257377 0.074268253 0.074278957 0.074289493 0.074299866 0.07431008 0.074320139 0.074330046 0.074339805 0.07434942 0.074358895 0.074368232 0.074377434 0.074386505 0.074395448 0.074404265 0.074412958 0.074421532
0.073696162 0.073719501 0.073742144 0.073764126 0.073785483 0.073806247 0.073826448 0.073846113 0.073865269 0.07388394 0.073902149 0.073919917 0.073937265 0.073954209 0.073970769 0.07398696 0.074002798 0.074018297 0.07403347 0.074048331 0.074062891 0.074077161 0.074091152 0.074104875 0.074118338 0.07413155 0.07414452 0.074157256 0.074169766 0.074182056 0.074194133 0.074206005 0.074217676 0.074229153 0.074240441 0.074251546 0.074262473 0.074273227 0.074283811 0.074294231 0.074304491 0.074314595 0.074324546 0.074334349 0.074344007 0.074353524 0.074362902 0.074372145 0.074381256 0.074390238 0.074399094 0.074407826 0.074416438 0.074424931
0.073710581 0.073733407 0.073755567 0.073777094 0.073798021 0.073818377 0.073838191 0.073857488 0.073876295 0.073894633 0.073912524 0.073929988 0.073947044 0.07396371 0.073980002 0.073995936 0.074011527 0.074026789 0.074041733 0.074056373 0.074070721 0.074084786 0.074098579 0.074112109 0.074125387 0.07413842 0.074151216 0.074163784 0.07417613 0.074188262 0.074200185 0.074211908 0.074223434 0.074234771 0.074245922 0.074256895 0.074267693 0.074278321 0.074288783 0.074299085 0.07430923 0.074319221 0.074329063 0.07433876 0.074348315 0.07435773 0.07436701 0.074376158 0.074385176 0.074394067 0.074402835 0.074411481 0.074420009 0.07442842
0.073725411 0.073747706 0.073769364 0.073790418 0.073810898 0.073830831 0.073850244 0.073869161 0.073887605 0.073905598 0.07392316 0.07394031 0.073957065 0.073973443 0.07398946 0.074005129 0.074020466 0.074035482 0.074050191 0.074064605 0.074078733 0.074092587 0.074106177 0.074119511 0.074132598 0.074145447 0.074158065 0.07417046 0.074182639 0.074194609 0.074206376 0.074217945 0.074229324 0.074240517 0.07425153 0.074262367 0.074273033 0.074283533 0.074293871 0.074304052 0.074314079 0.074323956 0.074333687 0.074343276 0.074352725 0.074362038 0.074371218 0.074380268 0.074389191 0.07439799 0.074406668 0.074415227 0.074423669 0.074431997
0.07374063 0.073762375 0.073783515 0.073804081 0.073824099 0.073843596 0.073862594 0.073881118 0.073899189 0.073916825 0.073934048 0.073950874 0.073967319 0.073983401 0.073999134 0.074014531 0.074029606 0.074044371 0.074058839 0.074073019 0.074086923 0.074100561 0.074113942 0.074127074 0.074139967 0.074152627 0.074165063 0.074177282 0.07418929 0.074201095 0.074212701 0.074224115 0.074235343 0.07424639 0.07425726 0.074267959 0.074278491 0.074288861 0.074299072 0.07430913 0.074319037 0.074328798 0.074338416 0.074347894 0.074357235 0.074366444 0.074375523 0.074384474 0.074393301 0.074402006 0.074410592 0.074419061 0.074427417 0.07443566
