Cobbity/QGIS/C2_Reading7.tif
NCOLS 200
NROWS 169
XLLCORNER 150.661
YLLCORNER -34.0269
CELLSIZE 1e-05
NODATA_VALUE -9999
[rows 75 to 99 of 169, columns 0 to 56 of 200]
-2.6283767 -2.6286569 -2.6289406 -2.6292278 -2.6295185 -2.6298129 -2.6301109 -2.6304127 -2.6307182 -2.6310276 -2.6313409 -2.6316582 -2.6319796 -2.632305 -2.6326345 -2.6329683 -2.6333064 -2.6336488 -2.6339956 -2.6343469 -2.6347027 -2.6350631 -2.6354281 -2.6357978 -2.6361723 -2.6365516 -2.6369357 -2.6373248 -2.6377188 -2.6381179 -2.6385219 -2.6389311 -2.6393453 -2.6397647 -2.6401891 -2.6406188 -2.6410536 -2.6414935 -2.6419385 -2.6423886 -2.6428438 -2.6433038 -2.6437688 -2.6442385 -2.6447128 -2.6451916 -2.6456747 -2.6461618 -2.6466528 -2.6471472 -2.6476448 -2.6481452 -2.6486478 -2.6491523 -2.6496578 -2.6501639 -2.6506696
-2.6288946 -2.6291843 -2.6294778 -2.629775 -2.630076 -2.630381 -2.63069 -2.631003 -2.6313201 -2.6316414 -2.631967 -2.6322969 -2.6326313 -2.6329701 -2.6333135 -2.6336616 -2.6340144 -2.6343721 -2.6347346 -2.6351022 -2.6354747 -2.6358525 -2.6362355 -2.6366238 -2.6370175 -2.6374167 -2.6378214 -2.6382319 -2.638648 -2.63907 -2.6394979 -2.6399318 -2.6403717 -2.6408177 -2.6412699 -2.6417284 -2.6421931 -2.6426643 -2.6431418 -2.6436257 -2.6441161 -2.644613 -2.6451163 -2.6456261 -2.6461423 -2.6466649 -2.6471937 -2.6477288 -2.6482698 -2.6488168 -2.6493695 -2.6499276 -2.6504909 -2.6510589 -2.6516314 -2.6522078 -2.6527875
-2.6294099 -2.629709 -2.6300122 -2.6303194 -2.6306307 -2.6309463 -2.6312661 -2.6315903 -2.631919 -2.6322522 -2.63259 -2.6329326 -2.6332799 -2.6336322 -2.6339894 -2.6343518 -2.6347194 -2.6350922 -2.6354705 -2.6358543 -2.6362436 -2.6366387 -2.6370397 -2.6374466 -2.6378595 -2.6382786 -2.638704 -2.6391359 -2.6395742 -2.6400192 -2.640471 -2.6409296 -2.6413953 -2.6418681 -2.6423481 -2.6428355 -2.6433304 -2.6438329 -2.6443431 -2.6448611 -2.645387 -2.6459209 -2.646463 -2.6470132 -2.6475716 -2.6481384 -2.6487135 -2.649297 -2.6498888 -2.650489 -2.6510974 -2.6517142 -2.652339 -2.6529718 -2.6536123 -2.6542603 -2.6549156
-2.6299222 -2.6302308 -2.6305436 -2.6308608 -2.6311823 -2.6315084 -2.6318391 -2.6321745 -2.6325146 -2.6328596 -2.6332097 -2.6335648 -2.6339251 -2.6342908 -2.6346618 -2.6350384 -2.6354207 -2.6358087 -2.6362027 -2.6366027 -2.6370088 -2.6374213 -2.6378401 -2.6382656 -2.6386977 -2.6391368 -2.6395828 -2.640036 -2.6404966 -2.6409646 -2.6414402 -2.6419237 -2.6424151 -2.6429147 -2.6434227 -2.6439391 -2.6444642 -2.6449982 -2.6455411 -2.6460934 -2.646655 -2.6472262 -2.6478071 -2.648398 -2.648999 -2.6496103 -2.650232 -2.6508643 -2.6515074 -2.6521613 -2.6528262 -2.6535022 -2.6541894 -2.6548878 -2.6555974 -2.6563182 -2.6570502
-2.6304313 -2.6307492 -2.6310717 -2.6313988 -2.6317305 -2.6320671 -2.6324086 -2.632755 -2.6331066 -2.6334635 -2.6338256 -2.6341933 -2.6345665 -2.6349455 -2.6353303 -2.6357211 -2.636118 -2.6365212 -2.6369307 -2.6373469 -2.6377697 -2.6381994 -2.6386362 -2.6390802 -2.6395315 -2.6399904 -2.640457 -2.6409316 -2.6414143 -2.6419053 -2.6424048 -2.6429131 -2.6434303 -2.6439568 -2.6444926 -2.645038 -2.6455934 -2.6461588 -2.6467347 -2.6473212 -2.6479186 -2.6485271 -2.6491471 -2.6497789 -2.6504226 -2.6510786 -2.6517472 -2.6524287 -2.6531233 -2.6538314 -2.6545532 -2.655289 -2.6560392 -2.6568038 -2.6575833 -2.6583779 -2.6591876
-2.6309369 -2.6312642 -2.6315962 -2.6319331 -2.632275 -2.632622 -2.6329742 -2.6333317 -2.6336947 -2.6340633 -2.6344375 -2.6348176 -2.6352037 -2.6355959 -2.6359944 -2.6363993 -2.6368108 -2.637229 -2.6376541 -2.6380863 -2.6385258 -2.6389728 -2.6394273 -2.6398897 -2.6403602 -2.6408389 -2.641326 -2.6418219 -2.6423266 -2.6428406 -2.6433639 -2.6438969 -2.6444399 -2.6449931 -2.6455567 -2.6461312 -2.6467167 -2.6473137 -2.6479224 -2.6485431 -2.6491763 -2.6498223 -2.6504814 -2.651154 -2.6518405 -2.6525414 -2.653257 -2.6539878 -2.6547343 -2.6554967 -2.6562758 -2.6570718 -2.6578853 -2.6587167 -2.6595667 -2.6604356 -2.6613239
-2.6314389 -2.6317754 -2.632117 -2.6324636 -2.6328156 -2.6331729 -2.6335358 -2.6339042 -2.6342785 -2.6346587 -2.635045 -2.6354374 -2.6358363 -2.6362416 -2.6366537 -2.6370726 -2.6374986 -2.6379318 -2.6383724 -2.6388206 -2.6392766 -2.6397406 -2.6402129 -2.6406936 -2.6411831 -2.6416815 -2.642189 -2.6427061 -2.6432328 -2.6437696 -2.6443166 -2.6448743 -2.6454429 -2.6460227 -2.6466141 -2.6472174 -2.6478331 -2.6484614 -2.6491029 -2.6497578 -2.6504267 -2.65111 -2.6518081 -2.6525216 -2.653251 -2.6539967 -2.6547594 -2.6555395 -2.6563378 -2.6571548 -2.6579911 -2.6588475 -2.6597246 -2.6606232 -2.6615439 -2.6624876 -2.663455
-2.631937 -2.6322827 -2.6326336 -2.63299 -2.6333519 -2.6337195 -2.6340929 -2.6344723 -2.6348577 -2.6352495 -2.6356476 -2.6360523 -2.6364638 -2.6368823 -2.6373078 -2.6377406 -2.638181 -2.638629 -2.6390849 -2.639549 -2.6400214 -2.6405025 -2.6409923 -2.6414913 -2.6419996 -2.6425175 -2.6430454 -2.6435834 -2.644132 -2.6446914 -2.645262 -2.6458442 -2.6464382 -2.6470445 -2.6476635 -2.6482956 -2.6489412 -2.6496008 -2.6502749 -2.6509638 -2.6516683 -2.6523888 -2.6531258 -2.65388 -2.654652 -2.6554425 -2.656252 -2.6570815 -2.6579315 -2.6588029 -2.6596966 -2.6606133 -2.661554 -2.6625197 -2.6635113 -2.66453 -2.6655767
-2.6324309 -2.6327857 -2.6331459 -2.6335119 -2.6338837 -2.6342614 -2.6346453 -2.6350354 -2.635432 -2.6358352 -2.6362451 -2.636662 -2.637086 -2.6375174 -2.6379563 -2.6384029 -2.6388575 -2.6393202 -2.6397914 -2.6402712 -2.6407599 -2.6412577 -2.641765 -2.642282 -2.642809 -2.6433463 -2.6438943 -2.6444532 -2.6450234 -2.6456053 -2.6461993 -2.6468057 -2.647425 -2.6480576 -2.648704 -2.6493646 -2.65004 -2.6507306 -2.651437 -2.6521598 -2.6528995 -2.6536569 -2.6544326 -2.6552273 -2.6560417 -2.6568766 -2.6577329 -2.6586114 -2.6595129 -2.6604386 -2.6613893 -2.6623661 -2.6633703 -2.664403 -2.6654654 -2.6665589 -2.6676849
-2.6329204 -2.6332842 -2.6336537 -2.6340291 -2.6344107 -2.6347985 -2.6351927 -2.6355935 -2.6360011 -2.6364155 -2.6368372 -2.6372661 -2.6377025 -2.6381467 -2.6385988 -2.639059 -2.6395277 -2.640005 -2.6404912 -2.6409865 -2.6414913 -2.6420058 -2.6425304 -2.6430652 -2.6436107 -2.6441672 -2.6447351 -2.6453146 -2.6459063 -2.6465105 -2.6471276 -2.647758 -2.6484023 -2.649061 -2.6497345 -2.6504233 -2.6511281 -2.6518494 -2.6525879 -2.6533441 -2.6541189 -2.6549129 -2.6557269 -2.6565617 -2.6574182 -2.6582972 -2.6591998 -2.6601269 -2.6610796 -2.662059 -2.6630664 -2.664103 -2.6651702 -2.6662694 -2.6674022 -2.6685702 -2.6697751
-2.6334053 -2.6337779 -2.6341566 -2.6345414 -2.6349326 -2.6353304 -2.6357348 -2.6361461 -2.6365645 -2.6369902 -2.6374233 -2.6378641 -2.6383128 -2.6387696 -2.6392348 -2.6397085 -2.6401911 -2.6406828 -2.6411838 -2.6416946 -2.6422153 -2.6427462 -2.6432878 -2.6438403 -2.6444041 -2.6449795 -2.645567 -2.646167 -2.6467798 -2.647406 -2.6480459 -2.6487001 -2.6493692 -2.6500535 -2.6507538 -2.6514705 -2.6522044 -2.6529561 -2.6537262 -2.6545156 -2.655325 -2.6561551 -2.657007 -2.6578815 -2.6587795 -2.6597022 -2.6606505 -2.6616257 -2.662629 -2.6636617 -2.6647252 -2.6658209 -2.6669505 -2.6681157 -2.6693182 -2.67056 -2.6718431
-2.6338854 -2.6342667 -2.6346544 -2.6350485 -2.6354492 -2.6358568 -2.6362713 -2.636693 -2.6371221 -2.6375588 -2.6380033 -2.6384559 -2.6389167 -2.6393859 -2.639864 -2.640351 -2.6408473 -2.6413532 -2.6418689 -2.6423948 -2.6429312 -2.6434784 -2.6440367 -2.6446066 -2.6451884 -2.6457826 -2.6463895 -2.6470095 -2.6476432 -2.6482911 -2.6489535 -2.6496312 -2.6503246 -2.6510343 -2.6517609 -2.6525052 -2.6532678 -2.6540493 -2.6548507 -2.6556727 -2.6565162 -2.657382 -2.6582712 -2.6591848 -2.6601238 -2.6610894 -2.6620829 -2.6631056 -2.6641587 -2.6652439 -2.6663627 -2.6675168 -2.668708 -2.6699382 -2.6712095 -2.6725241 -2.6738845
-2.6343603 -2.6347503 -2.6351468 -2.63555 -2.6359602 -2.6363774 -2.6368019 -2.6372339 -2.6376735 -2.6381211 -2.6385768 -2.6390409 -2.6395136 -2.6399952 -2.6404859 -2.640986 -2.6414959 -2.6420157 -2.6425459 -2.6430867 -2.6436385 -2.6442017 -2.6447766 -2.6453636 -2.6459632 -2.6465757 -2.6472017 -2.6478415 -2.6484958 -2.6491649 -2.6498496 -2.6505503 -2.6512676 -2.6520023 -2.6527549 -2.6535262 -2.6543169 -2.6551279 -2.65596 -2.6568141 -2.6576911 -2.658592 -2.6595179 -2.6604699 -2.6614492 -2.6624571 -2.6634949 -2.6645642 -2.6656663 -2.6668031 -2.6679763 -2.6691877 -2.6704394 -2.6717335 -2.6730724 -2.6744587 -2.675895
-2.6348299 -2.6352284 -2.6356337 -2.6360459 -2.6364653 -2.636892 -2.6373263 -2.6377684 -2.6382185 -2.6386767 -2.6391435 -2.6396189 -2.6401034 -2.640597 -2.6411002 -2.6416132 -2.6421364 -2.6426699 -2.6432143 -2.6437698 -2.6443368 -2.6449157 -2.6455068 -2.6461107 -2.6467277 -2.6473583 -2.648003 -2.6486623 -2.6493367 -2.6500268 -2.6507332 -2.6514565 -2.6521974 -2.6529565 -2.6537346 -2.6545324 -2.6553508 -2.6561907 -2.6570529 -2.6579384 -2.6588482 -2.6597835 -2.6607453 -2.661735 -2.6627538 -2.6638031 -2.6648844 -2.6659993 -2.6671494 -2.6683367 -2.6695631 -2.6708306 -2.6721415 -2.6734982 -2.6749034 -2.6763597 -2.6778703
-2.635294 -2.6357008 -2.6361147 -2.6365358 -2.6369643 -2.6374004 -2.6378443 -2.6382963 -2.6387566 -2.6392254 -2.6397029 -2.6401896 -2.6406855 -2.641191 -2.6417065 -2.6422321 -2.6427683 -2.6433154 -2.6438737 -2.6444436 -2.6450255 -2.6456198 -2.6462269 -2.6468473 -2.6474813 -2.6481297 -2.6487927 -2.6494711 -2.6501652 -2.6508759 -2.6516036 -2.652349 -2.6531129 -2.653896 -2.654699 -2.6555228 -2.6563683 -2.6572364 -2.658128 -2.6590443 -2.6599862 -2.6609551 -2.6619521 -2.6629785 -2.6640358 -2.6651255 -2.6662492 -2.6674087 -2.6686057 -2.6698422 -2.6711205 -2.6724427 -2.6738113 -2.675229 -2.6766986 -2.6782233 -2.6798062
-2.6357523 -2.6361674 -2.6365897 -2.6370195 -2.6374569 -2.6379022 -2.6383556 -2.6388173 -2.6392876 -2.6397667 -2.6402549 -2.6407525 -2.6412597 -2.6417769 -2.6423044 -2.6428424 -2.6433914 -2.6439517 -2.6445237 -2.6451077 -2.6457042 -2.6463135 -2.6469362 -2.6475728 -2.6482236 -2.6488892 -2.6495703 -2.6502672 -2.6509807 -2.6517114 -2.6524599 -2.653227 -2.6540134 -2.6548199 -2.6556472 -2.6564964 -2.6573683 -2.6582639 -2.6591843 -2.6601305 -2.6611037 -2.6621053 -2.6631365 -2.6641987 -2.6652935 -2.6664225 -2.6675875 -2.6687902 -2.6700328 -2.6713172 -2.6726458 -2.6740212 -2.6754458 -2.6769227 -2.6784548 -2.6800456 -2.6816986
-2.6362046 -2.6366278 -2.6370584 -2.6374967 -2.6379429 -2.6383972 -2.6388598 -2.6393311 -2.6398112 -2.6403004 -2.6407991 -2.6413074 -2.6418257 -2.6423543 -2.6428935 -2.6434437 -2.6440052 -2.6445784 -2.6451637 -2.6457615 -2.6463723 -2.6469964 -2.6476343 -2.6482867 -2.6489538 -2.6496364 -2.6503349 -2.6510501 -2.6517824 -2.6525327 -2.6533015 -2.6540897 -2.654898 -2.6557272 -2.6565783 -2.6574521 -2.6583497 -2.6592721 -2.6602203 -2.6611957 -2.6621993 -2.6632327 -2.664297 -2.665394 -2.6665252 -2.6676924 -2.6688973 -2.670142 -2.6714285 -2.6727593 -2.6741366 -2.6755633 -2.677042 -2.678576 -2.6801685 -2.6818231 -2.6835437
-2.6366508 -2.6370818 -2.6375206 -2.6379672 -2.638422 -2.6388851 -2.6393568 -2.6398374 -2.6403272 -2.6408263 -2.6413351 -2.6418539 -2.642383 -2.6429228 -2.6434735 -2.6440355 -2.6446093 -2.6451951 -2.6457935 -2.6464047 -2.6470294 -2.6476679 -2.6483207 -2.6489884 -2.6496715 -2.6503705 -2.6510862 -2.651819 -2.6525697 -2.653339 -2.6541276 -2.6549362 -2.6557658 -2.6566172 -2.6574913 -2.658389 -2.6593115 -2.6602599 -2.6612352 -2.6622387 -2.6632718 -2.6643359 -2.6654324 -2.6665629 -2.6677293 -2.6689332 -2.6701767 -2.6714618 -2.6727908 -2.6741662 -2.6755904 -2.6770664 -2.6785972 -2.680186 -2.6818364 -2.6835522 -2.6853376
-2.6370905 -2.6375293 -2.637976 -2.6384308 -2.638894 -2.6393657 -2.6398463 -2.6403361 -2.6408352 -2.641344 -2.6418627 -2.6423918 -2.6429314 -2.6434821 -2.644044 -2.6446176 -2.6452033 -2.6458014 -2.6464125 -2.6470369 -2.647675 -2.6483275 -2.6489948 -2.6496775 -2.6503761 -2.6510911 -2.6518234 -2.6525734 -2.6533419 -2.6541296 -2.6549373 -2.6557659 -2.6566161 -2.6574889 -2.6583853 -2.6593062 -2.6602528 -2.6612262 -2.6622276 -2.6632584 -2.6643199 -2.6654136 -2.6665411 -2.667704 -2.6689041 -2.6701434 -2.6714239 -2.6727479 -2.6741177 -2.6755358 -2.677005 -2.6785282 -2.6801087 -2.6817499 -2.6834555 -2.6852296 -2.6870767
-2.6375237 -2.6379701 -2.6384245 -2.6388873 -2.6393587 -2.6398388 -2.6403281 -2.6408267 -2.641335 -2.6418532 -2.6423817 -2.6429207 -2.6434707 -2.6440319 -2.6446047 -2.6451896 -2.6457868 -2.646397 -2.6470203 -2.6476575 -2.6483088 -2.6489749 -2.6496563 -2.6503534 -2.651067 -2.6517976 -2.6525459 -2.6533126 -2.6540983 -2.6549039 -2.6557302 -2.6565779 -2.6574481 -2.6583416 -2.6592594 -2.6602027 -2.6611725 -2.6621701 -2.6631967 -2.6642537 -2.6653425 -2.6664646 -2.6676218 -2.6688157 -2.6700482 -2.6713214 -2.6726374 -2.6739985 -2.6754071 -2.676866 -2.678378 -2.6799462 -2.681574 -2.6832649 -2.685023 -2.6868524 -2.6887577
-2.6379502 -2.6384039 -2.6388659 -2.6393365 -2.6398158 -2.6403042 -2.6408019 -2.6413092 -2.6418264 -2.6423537 -2.6428916 -2.6434404 -2.6440003 -2.6445718 -2.6451553 -2.6457511 -2.6463596 -2.6469813 -2.6476167 -2.6482662 -2.6489303 -2.6496096 -2.6503045 -2.6510158 -2.6517439 -2.6524895 -2.6532533 -2.6540361 -2.6548385 -2.6556613 -2.6565054 -2.6573717 -2.658261 -2.6591744 -2.660113 -2.6610777 -2.6620698 -2.6630906 -2.6641413 -2.6652234 -2.6663384 -2.6674877 -2.6686733 -2.6698968 -2.6711603 -2.6724658 -2.6738155 -2.6752119 -2.6766574 -2.678155 -2.6797076 -2.6813183 -2.6829907 -2.6847286 -2.686536 -2.6884174 -2.6903776
-2.6383696 -2.6388305 -2.6392999 -2.6397781 -2.6402652 -2.6407615 -2.6412674 -2.6417832 -2.642309 -2.6428453 -2.6433924 -2.6439505 -2.6445202 -2.6451017 -2.6456954 -2.6463018 -2.6469213 -2.6475542 -2.6482012 -2.6488627 -2.6495391 -2.6502311 -2.6509392 -2.651664 -2.6524061 -2.6531663 -2.6539451 -2.6547433 -2.6555617 -2.6564011 -2.6572624 -2.6581465 -2.6590543 -2.6599868 -2.6609451 -2.6619305 -2.6629439 -2.6639869 -2.6650607 -2.6661667 -2.6673066 -2.6684819 -2.6696945 -2.6709462 -2.672239 -2.6735751 -2.6749567 -2.6763865 -2.6778669 -2.679401 -2.6809917 -2.6826425 -2.6843569 -2.6861387 -2.6879923 -2.6899223 -2.6919335
-2.638782 -2.6392499 -2.6397264 -2.6402119 -2.6407066 -2.6412107 -2.6417245 -2.6422485 -2.6427827 -2.6433277 -2.6438836 -2.6444509 -2.64503 -2.6456211 -2.6462248 -2.6468415 -2.6474715 -2.6481153 -2.6487735 -2.6494465 -2.6501348 -2.6508391 -2.6515599 -2.6522977 -2.6530534 -2.6538274 -2.6546206 -2.6554337 -2.6562675 -2.6571229 -2.6580006 -2.6589017 -2.6598271 -2.6607779 -2.6617552 -2.6627602 -2.663794 -2.6648581 -2.6659538 -2.6670826 -2.6682461 -2.6694461 -2.6706842 -2.6719625 -2.673283 -2.674648 -2.6760598 -2.6775209 -2.6790341 -2.6806024 -2.6822288 -2.6839169 -2.6856704 -2.6874931 -2.6893896 -2.6913644 -2.6934228
-2.639187 -2.6396617 -2.6401452 -2.6406378 -2.6411398 -2.6416514 -2.642173 -2.6427049 -2.6432473 -2.6438006 -2.6443651 -2.6449413 -2.6455294 -2.6461299 -2.6467432 -2.6473697 -2.6480099 -2.6486642 -2.6493332 -2.6500173 -2.6507171 -2.6514332 -2.6521661 -2.6529165 -2.6536851 -2.6544726 -2.6552796 -2.6561069 -2.6569554 -2.657826 -2.6587194 -2.6596368 -2.660579 -2.6615472 -2.6625425 -2.6635661 -2.6646193 -2.6657034 -2.6668199 -2.6679702 -2.6691561 -2.6703793 -2.6716415 -2.6729449 -2.6742914 -2.6756835 -2.6771234 -2.6786139 -2.6801576 -2.6817577 -2.6834173 -2.68514 -2.6869296 -2.68879 -2.6907259 -2.6927419 -2.6948434
-2.6395846 -2.6400658 -2.6405561 -2.6410556 -2.6415647 -2.6420836 -2.6426127 -2.6431522 -2.6437024 -2.6442638 -2.6448367 -2.6454213 -2.6460182 -2.6466277 -2.6472503 -2.6478863 -2.6485363 -2.6492007 -2.64988 -2.6505748 -2.6512856 -2.652013 -2.6527576 -2.6535201 -2.654301 -2.6551012 -2.6559214 -2.6567624 -2.6576249 -2.6585099 -2.6594184 -2.6603512 -2.6613094 -2.6622941 -2.6633065 -2.6643477 -2.6654192 -2.6665222 -2.6676582 -2.6688289 -2.6700358 -2.6712807 -2.6725655 -2.6738923 -2.6752631 -2.6766804 -2.6781465 -2.6796642 -2.6812362 -2.6828656 -2.6845558 -2.6863103 -2.6881329 -2.6900278 -2.6919995 -2.6940529 -2.6961933
