Cobbity/QGIS/C2_Reading4.tif
NCOLS 299
NROWS 160
XLLCORNER 150.661
YLLCORNER -34.0268
CELLSIZE 1e-05
NODATA_VALUE -9999
[rows 130 to 155 of 160, columns 60 to 119 of 299]
2.2998958 2.3014337 2.3030103 2.3046264 2.3062827 2.3079796 2.3097177 2.3114975 2.3133193 2.3151834 2.31709 2.3190391 2.3210306 2.3230643 2.3251399 2.3272568 2.3294145 2.3316122 2.3338489 2.3361235 2.3384348 2.3407816 2.3431624 2.3455758 2.3480201 2.3504939 2.3529957 2.3555241 2.3580777 2.3606554 2.3632561 2.3658792 2.3685241 2.3711906 2.3738789 2.3765896 2.3793235 2.3820824 2.3848682 2.3876839 2.390533 2.3934201 2.3963502 2.3993288 2.402361 2.4054504 2.408597 2.4117939 2.4150239 2.4182537 2.4214278 2.4244622 2.4272397 2.429608 2.4313855 2.432377 2.4324025 2.4313415 2.4291881 2.4261164
2.2992455 2.3007415 2.3022737 2.3038428 2.3054491 2.3070931 2.3087752 2.3104958 2.312255 2.3140529 2.3158897 2.3177651 2.319679 2.3216311 2.3236208 2.3256477 2.3277108 2.3298095 2.3319425 2.3341089 2.3363074 2.3385364 2.3407947 2.3430806 2.3453926 2.347729 2.3500882 2.3524687 2.3548689 2.3572874 2.3597229 2.3621743 2.3646405 2.3671208 2.3696146 2.3721216 2.3746417 2.3771752 2.3797226 2.3822848 2.3848629 2.3874582 2.3900717 2.392704 2.395354 2.3980182 2.4006884 2.4033497 2.4059769 2.4085316 2.4109578 2.4131791 2.415097 2.4165928 2.4175347 2.417792 2.4172582 2.415882 2.4137057 2.4109076
2.2985714 2.3000257 2.3015138 2.3030361 2.3045929 2.3061847 2.3078116 2.3094738 2.3111715 2.3129046 2.314673 2.3164765 2.3183148 2.3201874 2.3220938 2.3240332 2.3260049 2.3280078 2.3300409 2.332103 2.3341927 2.3363086 2.3384491 2.3406127 2.3427976 2.3450022 2.3472247 2.3494634 2.3517165 2.3539825 2.3562596 2.3585464 2.3608413 2.3631431 2.3654505 2.3677623 2.3700776 2.3723952 2.3747143 2.377034 2.3793532 2.3816703 2.3839832 2.3862884 2.3885804 2.3908505 2.3930852 2.3952648 2.3973607 2.3993333 2.4011302 2.4026845 2.4039156 2.4047324 2.4050396 2.4047505 2.4038032 2.4021825 2.3999452 2.3972451
2.2978755 2.2992883 2.3007325 2.3022085 2.3037164 2.3052566 2.3068291 2.308434 2.3100713 2.3117408 2.3134424 2.3151757 2.3169403 2.3187357 2.3205611 2.3224158 2.3242989 2.3262094 2.328146 2.3301075 2.3320925 2.3340994 2.3361268 2.3381729 2.3402359 2.342314 2.3444054 2.3465081 2.3486203 2.35074 2.3528654 2.3549945 2.3571255 2.3592564 2.3613853 2.3635105 2.3656298 2.3677413 2.3698427 2.3719315 2.3740047 2.3760586 2.3780883 2.3800875 2.3820472 2.3839555 2.3857959 2.387546 2.3891765 2.3906492 2.3919168 2.3929221 2.3935998 2.3938797 2.3936927 2.3929801 2.3917052 2.3898679 2.3875197 2.3847767
2.2971595 2.2985311 2.2999319 2.301362 2.3028217 2.304311 2.30583 2.3073786 2.3089567 2.310564 2.3122003 2.3138652 2.3155581 2.3172783 2.3190252 2.3207978 2.3225952 2.3244162 2.3262597 2.3281242 2.3300083 2.3319105 2.3338291 2.3357623 2.3377082 2.339665 2.3416306 2.3436031 2.3455802 2.3475599 2.34954 2.3515182 2.3534922 2.3554597 2.3574183 2.3593652 2.3612978 2.3632131 2.3651076 2.3669776 2.3688185 2.3706247 2.3723896 2.3741046 2.3757585 2.3773374 2.3788232 2.3801927 2.3814172 2.3824614 2.3832831 2.383834 2.384061 2.3839095 2.3833279 2.3822744 2.3807251 2.3786823 2.3761829 2.3733033
2.2964253 2.297756 2.2991137 2.3004986 2.3019107 2.3033499 2.3048163 2.3063097 2.3078298 2.3093763 2.3109489 2.312547 2.3141701 2.3158174 2.317488 2.3191811 2.3208955 2.3226302 2.3243837 2.3261548 2.3279418 2.3297432 2.3315572 2.3333819 2.3352155 2.3370559 2.338901 2.3407485 2.3425963 2.344442 2.3462831 2.3481171 2.3499413 2.3517529 2.3535489 2.3553262 2.3570814 2.3588105 2.3605093 2.3621728 2.3637954 2.3653701 2.3668889 2.3683416 2.3697159 2.3709967 2.3721653 2.3731989 2.3740702 2.3747469 2.375192 2.3753646 2.375221 2.3747175 2.3738141 2.3724786 2.3706919 2.3684526 2.3657805 2.3627164
2.2956743 2.2969647 2.2982799 2.2996201 2.3009853 2.3023753 2.30379 2.3052293 2.3066926 2.3081798 2.3096902 2.3112234 2.3127785 2.3143549 2.3159516 2.3175677 2.3192019 2.3208531 2.3225199 2.3242009 2.3258944 2.3275988 2.3293123 2.3310329 2.3327586 2.3344874 2.336217 2.337945 2.339669 2.3413865 2.3430949 2.3447911 2.3464724 2.3481355 2.3497771 2.3513933 2.3529802 2.3545334 2.3560477 2.3575173 2.3589358 2.3602952 2.3615864 2.3627986 2.3639186 2.3649309 2.365817 2.366555 2.3671193 2.367481 2.3676073 2.3674633 2.3670124 2.3662186 2.3650491 2.3634767 2.3614831 2.3590608 2.3562137 2.3529548
2.2949084 2.2961587 2.297432 2.2987283 2.3000473 2.301389 2.3027531 2.3041393 2.3055472 2.3069763 2.3084262 2.3098961 2.3113852 2.3128928 2.3144179 2.3159594 2.3175161 2.3190867 2.3206698 2.322264 2.3238675 2.3254786 2.3270955 2.3287161 2.3303385 2.3319603 2.3335792 2.3351929 2.3367986 2.3383937 2.3399753 2.3415404 2.3430857 2.3446076 2.3461025 2.3475663 2.3489943 2.3503816 2.3517227 2.353011 2.3542394 2.3553995 2.3564815 2.357474 2.3583638 2.3591353 2.3597707 2.3602491 2.3605472 2.3606385 2.3604945 2.3600847 2.3593778 2.3583431 2.3569523 2.3551806 2.3530088 2.3504234 2.3474155 2.343978
2.2941289 2.2953398 2.2965718 2.2978247 2.2990984 2.3003927 2.3017071 2.3030415 2.3043952 2.3057678 2.3071586 2.308567 2.3099921 2.3114329 2.3128886 2.3143579 2.3158396 2.3173324 2.3188349 2.3203454 2.3218623 2.3233838 2.3249079 2.3264327 2.3279559 2.3294752 2.3309883 2.3324926 2.3339854 2.3354638 2.3369247 2.3383649 2.339781 2.3411691 2.3425252 2.3438449 2.3451232 2.3463549 2.3475339 2.3486533 2.3497055 2.3506818 2.3515721 2.352365 2.3530471 2.3536036 2.3540171 2.3542682 2.3543355 2.3541952 2.3538218 2.3531885 2.3522681 2.3510336 2.3494594 2.3475221 2.3452009 2.3424776 2.3393345 2.3357513
2.2933373 2.2945094 2.2957007 2.2969111 2.2981403 2.299388 2.3006539 2.3019376 2.3032384 2.3045559 2.3058893 2.3072378 2.3086006 2.3099768 2.3113652 2.3127647 2.314174 2.3155918 2.3170165 2.3184465 2.3198801 2.3213154 2.3227506 2.3241834 2.3256116 2.327033 2.3284449 2.3298448 2.3312299 2.332597 2.3339431 2.3352648 2.3365583 2.3378197 2.3390448 2.3402288 2.3413666 2.3424526 2.3434804 2.3444431 2.3453326 2.3461401 2.3468556 2.3474676 2.3479633 2.3483281 2.3485458 2.3485985 2.3484662 2.3481277 2.3475599 2.3467393 2.3456415 2.3442422 2.3425179 2.3404459 2.3380047 2.3351725 2.3319264 2.3282389
2.2925351 2.2936689 2.2948202 2.2959888 2.2971744 2.2983766 2.299595 2.3008291 2.3020784 2.3033422 2.3046197 2.3059101 2.3072126 2.308526 2.3098494 2.3111814 2.3125208 2.3138662 2.315216 2.3165685 2.317922 2.3192747 2.3206244 2.3219691 2.3233065 2.3246342 2.3259495 2.3272499 2.3285323 2.3297936 2.3310307 2.3322399 2.3334175 2.3345593 2.3356609 2.3367175 2.3377237 2.3386737 2.3395611 2.3403787 2.3411186 2.3417717 2.3423283 2.3427771 2.3431058 2.3433005 2.3433461 2.3432259 2.3429216 2.342414 2.3416824 2.3407054 2.3394613 2.337928 2.3360835 2.333906 2.3313734 2.3284629 2.3251488 2.3214008
2.2917236 2.2928197 2.2939317 2.2950593 2.2962022 2.2973598 2.2985318 2.2997177 2.3009167 2.3021282 2.3033513 2.3045854 2.3058293 2.307082 2.3083425 2.3096093 2.3108813 2.3121569 2.3134345 2.3147126 2.3159892 2.3172625 2.3185304 2.3197908 2.3210413 2.3222794 2.3235026 2.3247081 2.3258929 2.3270538 2.3281875 2.3292903 2.3303583 2.3313875 2.3323731 2.3333102 2.3341935 2.3350171 2.3357744 2.3364583 2.3370608 2.3375732 2.3379859 2.338288 2.3384677 2.3385121 2.3384068 2.3381365 2.3376846 2.3370335 2.3361645 2.3350584 2.3336954 2.3320553 2.3301176 2.3278616 2.3252657 2.3223069 2.3189594 2.315193
2.2909039 2.2919631 2.2930366 2.294124 2.295225 2.2963391 2.2974658 2.2986046 2.2997546 2.3009153 2.3020857 2.303265 2.3044522 2.3056462 2.3068458 2.3080497 2.3092566 2.310465 2.3116733 2.3128797 2.3140825 2.3152797 2.3164693 2.317649 2.3188164 2.3199692 2.3211046 2.3222198 2.3233119 2.3243775 2.3254133 2.3264156 2.3273805 2.3283037 2.3291805 2.3300061 2.3307749 2.3314811 2.3321183 2.3326792 2.3331563 2.3335408 2.3338236 2.3339942 2.3340416 2.3339534 2.3337165 2.3333167 2.3327388 2.3319668 2.3309838 2.3297724 2.3283146 2.3265919 2.3245856 2.322276 2.3196428 2.3166641 2.3133153 2.3095685
2.2900775 2.2911003 2.292136 2.2931841 2.2942442 2.2953158 2.2963983 2.2974911 2.2985936 2.2997048 2.300824 2.3019503 2.3030825 2.3042197 2.3053605 2.3065038 2.307648 2.3087917 2.3099332 2.3110709 2.3122029 2.3133272 2.3144418 2.3155444 2.3166326 2.317704 2.3187559 2.3197853 2.3207894 2.3217648 2.3227082 2.3236157 2.3244835 2.3253072 2.3260823 2.3268038 2.3274663 2.328064 2.3285905 2.3290388 2.3294015 2.3296703 2.3298362 2.3298895 2.3298196 2.3296153 2.3292641 2.3287531 2.3280685 2.3271955 2.3261191 2.3248235 2.3232922 2.3215087 2.3194556 2.3171151 2.3144683 2.3114952 2.3081736 2.3044789
2.2892453 2.2902325 2.2912312 2.2922408 2.2932609 2.294291 2.2953305 2.2963786 2.2974348 2.298498 2.2995676 2.3006424 2.3017215 2.3028038 2.3038879 2.3049725 2.3060564 2.3071378 2.3082153 2.309287 2.3103511 2.3114057 2.3124485 2.3134775 2.3144902 2.3154841 2.3164566 2.3174047 2.3183254 2.3192155 2.3200716 2.32089 2.3216666 2.3223972 2.3230774 2.3237021 2.3242661 2.3247636 2.3251885 2.3255339 2.3257927 2.325957 2.3260182 2.3259672 2.325794 2.3254882 2.3250384 2.3244327 2.3236584 2.3227023 2.3215507 2.3201894 2.3186036 2.3167784 2.314698 2.3123466 2.3097071 2.3067619 2.3034916 2.2998754
2.2884085 2.2893608 2.2903232 2.2912953 2.2922764 2.293266 2.2942635 2.2952682 2.2962793 2.297296 2.2983174 2.2993425 2.3003702 2.3013994 2.3024288 2.3034571 2.3044828 2.3055044 2.3065203 2.3075288 2.3085279 2.3095157 2.3104901 2.3114489 2.3123896 2.3133099 2.3142069 2.3150779 2.3159198 2.3167294 2.3175033 2.3182378 2.318929 2.3195727 2.3201645 2.3206994 2.3211723 2.3215777 2.3219094 2.3221612 2.3223259 2.3223962 2.3223639 2.3222205 2.3219567 2.3215628 2.3210285 2.3203427 2.319494 2.3184706 2.3172599 2.3158493 2.3142256 2.3123754 2.3102849 2.30794 2.3053258 2.3024271 2.2992277 2.2957108
2.287568 2.2884863 2.2894133 2.2903485 2.2912916 2.2922418 2.2931985 2.2941609 2.2951284 2.2960999 2.2970747 2.2980516 2.2990297 2.3000076 2.3009843 2.3019582 2.302928 2.3038922 2.3048491 2.3057969 2.3067338 2.3076579 2.3085669 2.3094588 2.3103311 2.3111813 2.3120069 2.3128049 2.3135723 2.3143061 2.3150027 2.3156586 2.3162699 2.3168325 2.3173421 2.3177938 2.3181828 2.3185035 2.3187503 2.3189169 2.3189968 2.3189828 2.3188674 2.3186425 2.3182997 2.3178299 2.3172236 2.316471 2.3155615 2.3144845 2.313229 2.3117835 2.3101364 2.3082759 2.3061899 2.3038662 2.3012922 2.2984552 2.2953422 2.2919399
2.286725 2.2876098 2.2885022 2.2894017 2.2903076 2.2912194 2.2921364 2.2930578 2.2939829 2.2949107 2.2958403 2.2967707 2.2977007 2.2986293 2.2995551 2.3004768 2.3013929 2.3023019 2.3032022 2.304092 2.3049694 2.3058326 2.3066793 2.3075075 2.3083148 2.3090986 2.3098565 2.3105854 2.3112827 2.311945 2.312569 2.3131513 2.313688 2.3141752 2.3146085 2.3149835 2.3152952 2.3155385 2.3157078 2.3157974 2.3158009 2.3157116 2.3155226 2.3152264 2.314815 2.3142802 2.3136134 2.3128056 2.3118474 2.3107292 2.3094412 2.3079733 2.3063153 2.304457 2.3023879 2.3000978 2.2975761 2.2948127 2.2917973 2.2885203
2.2858802 2.2867324 2.287591 2.2884555 2.2893254 2.2901998 2.2910782 2.2919598 2.2928438 2.2937292 2.2946151 2.2955005 2.2963843 2.2972653 2.2981421 2.2990136 2.2998781 2.3007342 2.3015803 2.3024145 2.3032352 2.3040402 2.3048277 2.3055953 2.3063408 2.3070617 2.3077555 2.3084193 2.3090504 2.3096456 2.3102016 2.3107151 2.3111823 2.3115993 2.3119621 2.3122663 2.3125071 2.3126796 2.3127787 2.3127987 2.3127337 2.3125776 2.3123237 2.3119651 2.3114947 2.3109048 2.3101877 2.3093351 2.3083388 2.3071901 2.3058805 2.304401 2.3027429 2.3008973 2.2988555 2.2966088 2.294149 2.2914679 2.2885581 2.2854129
2.2850346 2.285855 2.2866806 2.2875111 2.2883457 2.2891839 2.2900248 2.2908678 2.2917119 2.2925563 2.2934001 2.294242 2.2950812 2.2959163 2.2967461 2.2975692 2.2983842 2.2991896 2.2999838 2.300765 2.3015314 2.3022811 2.3030121 2.3037221 2.3044091 2.3050704 2.3057036 2.3063061 2.3068749 2.3074071 2.3078995 2.3083487 2.3087512 2.3091033 2.309401 2.30964 2.3098159 2.309924 2.3099594 2.3099168 2.3097907 2.3095753 2.3092645 2.308852 2.3083311 2.307695 2.3069365 2.3060485 2.3050233 2.3038536 2.3025317 2.3010499 2.2994007 2.2975766 2.2955704 2.2933751 2.2909842 2.2883916 2.2855923 2.282582
2.284189 2.2849783 2.2857718 2.2865691 2.2873696 2.2881724 2.288977 2.2897825 2.2905881 2.2913929 2.2921958 2.2929959 2.293792 2.2945829 2.2953675 2.2961442 2.2969118 2.2976686 2.2984131 2.2991436 2.2998583 2.3005553 2.3012326 2.3018881 2.3025195 2.3031245 2.3037007 2.3042453 2.3047556 2.3052288 2.3056617 2.3060511 2.3063935 2.3066854 2.306923 2.3071022 2.3072189 2.3072685 2.3072464 2.3071477 2.3069672 2.3066995 2.3063391 2.3058801 2.3053165 2.304642 2.3038504 2.302935 2.3018893 2.3007067 2.2993805 2.2979042 2.2962715 2.294476 2.292512 2.2903739 2.2880569 2.2855568 2.2828704 2.2799955
2.2833442 2.2841031 2.2848654 2.2856304 2.2863976 2.2871663 2.2879356 2.2887048 2.2894731 2.2902395 2.2910031 2.2917627 2.2925174 2.2932659 2.2940069 2.2947392 2.2954612 2.2961716 2.2968687 2.2975508 2.2982162 2.2988631 2.2994894 2.3000931 2.300672 2.3012238 2.3017461 2.3022363 2.3026918 2.3031097 2.3034871 2.3038208 2.3041075 2.3043439 2.3045262 2.3046507 2.3047133 2.3047099 2.304636 2.3044871 2.3042585 2.303945 2.3035416 2.3030429 2.3024435 2.3017378 2.30092 2.2999845 2.2989253 2.2977368 2.2964132 2.294949 2.2933389 2.2915777 2.2896609 2.2875844 2.2853445 2.2829388 2.2803656 2.2776247
2.2825008 2.2832302 2.283962 2.2846957 2.2854306 2.286166 2.2869012 2.2876353 2.2883675 2.2890969 2.2898225 2.2905432 2.291258 2.2919657 2.2926649 2.2933545 2.294033 2.2946989 2.2953507 2.2959867 2.2966052 2.2972044 2.2977823 2.298337 2.2988662 2.2993678 2.2998394 2.3002785 2.3006826 2.3010488 2.3013745 2.3016565 2.3018917 2.3020768 2.3022084 2.3022829 2.3022964 2.302245 2.3021247 2.3019312 2.30166 2.3013065 2.3008661 2.3003339 2.2997049 2.2989742 2.2981367 2.2971872 2.2961207 2.2949323 2.293617 2.2921703 2.2905877 2.2888653 2.2869994 2.2849871 2.2828262 2.2805153 2.2780542 2.2754439
2.2816596 2.2823602 2.2830625 2.2837657 2.2844692 2.2851724 2.2858745 2.2865746 2.287272 2.2879656 2.2886546 2.2893378 2.2900142 2.2906827 2.2913419 2.2919906 2.2926274 2.2932508 2.2938594 2.2944515 2.2950253 2.2955792 2.2961113 2.2966195 2.2971018 2.2975561 2.29798 2.2983711 2.2987271 2.2990452 2.2993227 2.2995567 2.2997443 2.2998823 2.2999674 2.2999962 2.2999652 2.2998707 2.2997088 2.2994756 2.2991671 2.298779 2.298307 2.2977467 2.2970938 2.2963436 2.2954918 2.2945338 2.2934653 2.292282 2.2909798 2.2895549 2.2880038 2.2863233 2.2845109 2.2825646 2.2804831 2.2782662 2.2759146 2.2734306
2.2808212 2.2814938 2.2821673 2.2828409 2.2835141 2.2841861 2.2848561 2.2855234 2.2861871 2.2868462 2.2874999 2.288147 2.2887866 2.2894174 2.2900382 2.2906477 2.2912446 2.2918275 2.2923949 2.2929451 2.2934765 2.2939875 2.294476 2.2949404 2.2953784 2.2957881 2.2961672 2.2965134 2.2968244 2.2970976 2.2973304 2.29752 2.2976636 2.2977582 2.2978008 2.2977881 2.2977168 2.2975835 2.2973846 2.2971165 2.2967753 2.2963574 2.2958587 2.2952753 2.2946032 2.2938385 2.2929772 2.2920154 2.2909494 2.2897755 2.2884903 2.2870907 2.285574 2.2839378 2.2821804 2.2803006 2.278298 2.2761733 2.273928 2.271565
2.2799862 2.2806316 2.2812771 2.281922 2.2825657 2.2832075 2.2838465 2.2844821 2.2851132 2.2857392 2.2863589 2.2869713 2.2875754 2.2881701 2.2887541 2.2893261 2.289885 2.2904291 2.2909572 2.2914676 2.2919588 2.2924289 2.2928764 2.2932992 2.2936956 2.2940633 2.2944004 2.2947045 2.2949735 2.2952049 2.2953961 2.2955447 2.2956478 2.2957027 2.2957065 2.2956561 2.2955485 2.2953804 2.2951486 2.2948497 2.2944803 2.2940368 2.2935158 2.2929137 2.2922269 2.2914519 2.2905853 2.2896237 2.2885639 2.2874028 2.2861378 2.2847662 2.283286 2.2816956 2.2799939 2.2781804 2.2762555 2.2742204 2.2720774 2.2698298
