Cobbity/QGIS/C2_Reading8.tif
NCOLS 200
NROWS 169
XLLCORNER 150.661
YLLCORNER -34.0269
CELLSIZE 1e-05
NODATA_VALUE -9999
[rows 25 to 49 of 169, columns 57 to 113 of 200]
-3.4734581 -3.4719469 -3.4703992 -3.4688147 -3.4671929 -3.4655334 -3.4638359 -3.4621004 -3.4603265 -3.4585143 -3.4566639 -3.4547754 -3.4528491 -3.4508855 -3.4488852 -3.446849 -3.4447777 -3.4426727 -3.4405351 -3.4383666 -3.4361691 -3.4339447 -3.4316958 -3.429425 -3.4271353 -3.42483 -3.4225127 -3.4201875 -3.4178586 -3.4155305 -3.4132084 -3.4108972 -3.4086027 -3.4063306 -3.4040868 -3.4018775 -3.3997089 -3.3975874 -3.3955193 -3.3935107 -3.3915677 -3.3896958 -3.3879006 -3.3861867 -3.3845586 -3.3830201 -3.381574 -3.3802227 -3.3789676 -3.3778095 -3.3767482 -3.3757828 -3.3749115 -3.374132 -3.3734413 -3.3728356 -3.3723109
-3.4739223 -3.4723897 -3.4708189 -3.4692094 -3.4675606 -3.4658721 -3.4641435 -3.4623745 -3.4605649 -3.4587145 -3.4568234 -3.4548914 -3.452919 -3.4509064 -3.4488541 -3.4467628 -3.4446335 -3.442467 -3.4402649 -3.4380286 -3.43576 -3.4334611 -3.4311344 -3.4287826 -3.4264087 -3.4240162 -3.4216089 -3.4191908 -3.4167666 -3.4143411 -3.4119196 -3.4095078 -3.4071115 -3.4047372 -3.4023912 -3.4000805 -3.3978118 -3.3955922 -3.3934287 -3.3913281 -3.3892973 -3.3873427 -3.3854702 -3.3836854 -3.3819932 -3.3803979 -3.3789028 -3.3775106 -3.3762228 -3.3750403 -3.3739628 -3.3729891 -3.3721174 -3.3713447 -3.3706675 -3.3700816 -3.3695822
-3.4744221 -3.4728685 -3.4712748 -3.4696406 -3.467965 -3.4662477 -3.464488 -3.4626856 -3.4608401 -3.4589513 -3.4570189 -3.455043 -3.4530237 -3.4509611 -3.4488557 -3.4467081 -3.444519 -3.4422895 -3.4400207 -3.4377141 -3.4353716 -3.4329952 -3.4305873 -3.4281507 -3.4256885 -3.4232042 -3.4207017 -3.4181854 -3.4156601 -3.4131309 -3.4106034 -3.4080838 -3.4055784 -3.4030942 -3.4006381 -3.3982178 -3.3958407 -3.3935147 -3.3912476 -3.3890472 -3.3869209 -3.3848762 -3.3829197 -3.3810578 -3.3792962 -3.3776395 -3.3760918 -3.3746559 -3.3733338 -3.3721262 -3.3710329 -3.3700524 -3.3691825 -3.3684197 -3.36776 -3.3671984 -3.3667294
-3.474959 -3.4733849 -3.4717689 -3.4701103 -3.4684083 -3.4666624 -3.4648718 -3.463036 -3.4611545 -3.4592271 -3.4572532 -3.4552329 -3.453166 -3.4510527 -3.4488932 -3.4466879 -3.4444376 -3.4421431 -3.4398055 -3.4374263 -3.4350072 -3.4325501 -3.4300575 -3.4275322 -3.4249773 -3.4223964 -3.4197935 -3.4171732 -3.4145405 -3.4119008 -3.4092603 -3.4066252 -3.4040027 -3.4014001 -3.3988253 -3.3962863 -3.3937917 -3.3913502 -3.3889703 -3.3866609 -3.3844305 -3.3822874 -3.3802392 -3.3782933 -3.376456 -3.3747329 -3.3731283 -3.3716458 -3.3702875 -3.3690542 -3.3679455 -3.3669599 -3.3660945 -3.3653453 -3.3647076 -3.3641756 -3.3637429
-3.4755348 -3.4739407 -3.4723029 -3.4706205 -3.4688925 -3.4671183 -3.4652971 -3.4634281 -3.4615108 -3.4595446 -3.4575291 -3.455464 -3.453349 -3.4511842 -3.4489696 -3.4467055 -3.4443925 -3.4420314 -3.439623 -3.4371688 -3.4346702 -3.4321294 -3.4295485 -3.4269305 -3.4242783 -3.4215958 -3.418887 -3.4161566 -3.4134099 -3.4106526 -3.4078911 -3.4051324 -3.402384 -3.3996539 -3.3969506 -3.3942831 -3.3916608 -3.3890933 -3.3865904 -3.3841619 -3.3818175 -3.3795666 -3.377418 -3.37538 -3.37346 -3.3716644 -3.3699983 -3.3684657 -3.3670691 -3.3658093 -3.364686 -3.3636972 -3.3628396 -3.3621084 -3.3614981 -3.3610018 -3.3606122
-3.4761512 -3.474538 -3.472879 -3.4711733 -3.4694199 -3.4676179 -3.4657664 -3.4638645 -3.4619115 -3.4599067 -3.4578495 -3.4557393 -3.4535759 -3.4513589 -3.4490885 -3.4467645 -3.4443876 -3.4419581 -3.4394769 -3.4369453 -3.4343647 -3.4317369 -3.4290641 -3.4263492 -3.4235952 -3.4208058 -3.4179853 -3.4151384 -3.4122707 -3.4093881 -3.4064975 -3.4036062 -3.4007223 -3.3978545 -3.3950121 -3.3922051 -3.3894438 -3.3867388 -3.3841013 -3.3815422 -3.3790725 -3.376703 -3.3744439 -3.3723047 -3.3702939 -3.368419 -3.3666859 -3.3650992 -3.3636619 -3.362375 -3.3612379 -3.3602483 -3.3594022 -3.3586943 -3.3581176 -3.3576644 -3.3573258
-3.4768101 -3.4751784 -3.473499 -3.4717709 -3.4699927 -3.4681636 -3.4662823 -3.464348 -3.4623596 -3.4603164 -3.4582175 -3.4560622 -3.4538501 -3.4515806 -3.4492535 -3.4468688 -3.4444266 -3.4419273 -3.4393715 -3.4367603 -3.4340948 -3.4313769 -3.4286087 -3.4257927 -3.4229321 -3.4200305 -3.4170922 -3.4141221 -3.4111259 -3.4081099 -3.4050812 -3.4020476 -3.3990179 -3.3960014 -3.3930084 -3.3900495 -3.3871365 -3.3842811 -3.3814958 -3.3787931 -3.3761854 -3.3736851 -3.3713039 -3.3690528 -3.3669418 -3.3649796 -3.3631731 -3.3615278 -3.3600471 -3.3587321 -3.3575823 -3.3565949 -3.3557651 -3.3550864 -3.3545508 -3.3541491 -3.3538709
-3.4775132 -3.475864 -3.4741652 -3.4724154 -3.4706133 -3.4687577 -3.4668474 -3.4648812 -3.462858 -3.4607768 -3.4586364 -3.4564362 -3.4541752 -3.4518529 -3.4494687 -3.4470225 -3.444514 -3.4419434 -3.4393113 -3.4366182 -3.4338654 -3.4310544 -3.428187 -3.4252658 -3.4222937 -3.4192744 -3.4162121 -3.4131119 -3.4099794 -3.4068213 -3.4036449 -3.4004587 -3.3972719 -3.3940946 -3.390938 -3.3878138 -3.3847349 -3.3817146 -3.3787667 -3.3759055 -3.3731452 -3.3704999 -3.3679832 -3.365608 -3.3633859 -3.361327 -3.3594398 -3.3577305 -3.3562032 -3.3548594 -3.3536982 -3.3527163 -3.3519082 -3.3512661 -3.3507804 -3.3504402 -3.3502334
-3.4782624 -3.4765969 -3.4748796 -3.4731091 -3.471284 -3.4694029 -3.4674644 -3.4654672 -3.4634098 -3.461291 -3.4591097 -3.4568648 -3.4545551 -3.4521799 -3.4497383 -3.4472299 -3.4446543 -3.4420113 -3.4393012 -3.4365244 -3.4336818 -3.4307746 -3.4278046 -3.4247739 -3.4216856 -3.4185429 -3.4153502 -3.4121125 -3.4088355 -3.4055261 -3.402192 -3.398842 -3.3954859 -3.3921346 -3.3888003 -3.3854958 -3.3822352 -3.3790336 -3.3759063 -3.3728697 -3.36994 -3.3671334 -3.3644658 -3.3619521 -3.359606 -3.3574397 -3.3554629 -3.3536834 -3.3521057 -3.350732 -3.3495611 -3.3485891 -3.3478093 -3.3472123 -3.346787 -3.3465202 -3.3463976
-3.4790596 -3.4773789 -3.4756443 -3.4738544 -3.4720074 -3.4701019 -3.4681362 -3.4661088 -3.4640181 -3.4618627 -3.459641 -3.4573518 -3.4549938 -3.4525658 -3.4500667 -3.4474958 -3.4448524 -3.4421361 -3.4393467 -3.4364843 -3.4335496 -3.4305434 -3.4274673 -3.4243232 -3.4211137 -3.4178421 -3.4145124 -3.4111297 -3.4076997 -3.4042294 -3.4007268 -3.397201 -3.3936625 -3.3901229 -3.3865952 -3.3830937 -3.379634 -3.3762325 -3.372907 -3.3696756 -3.3665571 -3.3635703 -3.3607337 -3.3580647 -3.3555797 -3.3532929 -3.3512163 -3.349359 -3.3477267 -3.3463219 -3.3451434 -3.3441863 -3.3434426 -3.3429013 -3.3425487 -3.3423693 -3.3423461
-3.4799068 -3.4782122 -3.4764617 -3.4746535 -3.472786 -3.4708573 -3.4688656 -3.4668092 -3.4646863 -3.4624951 -3.460234 -3.4579013 -3.4554955 -3.4530151 -3.4504587 -3.4478253 -3.4451137 -3.4423233 -3.4394535 -3.436504 -3.4334752 -3.4303675 -3.427182 -3.4239204 -3.420585 -3.4171788 -3.4137056 -3.4101702 -3.4065784 -3.4029372 -3.3992547 -3.3955404 -3.3918052 -3.3880617 -3.3843237 -3.3806069 -3.3769282 -3.3733063 -3.3697608 -3.3663125 -3.3629831 -3.3597941 -3.3567673 -3.3539233 -3.3512815 -3.3488589 -3.3466701 -3.3447261 -3.3430339 -3.3415967 -3.3404129 -3.339477 -3.3387791 -3.3383059 -3.3380409 -3.3379657 -3.3380597
-3.4808057 -3.4790987 -3.4773338 -3.475509 -3.4736223 -3.4716719 -3.4696556 -3.4675715 -3.4654177 -3.463192 -3.4608925 -3.4585174 -3.4560646 -3.4535325 -3.4509193 -3.4482235 -3.4454438 -3.4425788 -3.4396278 -3.4365901 -3.4334653 -3.4302537 -3.4269559 -3.4235732 -3.4201073 -3.4165609 -3.4129376 -3.4092418 -3.4054792 -3.4016566 -3.3977823 -3.393866 -3.389919 -3.3859547 -3.3819878 -3.3780353 -3.3741159 -3.3702501 -3.3664602 -3.3627698 -3.3592036 -3.3557869 -3.352545 -3.3495026 -3.3466827 -3.344106 -3.3417901 -3.3397485 -3.3379902 -3.3365188 -3.335333 -3.3344256 -3.3337851 -3.333395 -3.3332357 -3.3332845 -3.3335171
-3.4817584 -3.4800407 -3.4782629 -3.476423 -3.4745189 -3.4725484 -3.4705092 -3.4683991 -3.4662158 -3.4639571 -3.4616207 -3.4592043 -3.4567058 -3.454123 -3.4514538 -3.4486962 -3.4458485 -3.4429091 -3.4398764 -3.4367495 -3.4335275 -3.4302101 -3.4267973 -3.4232899 -3.4196892 -3.4159974 -3.4122174 -3.4083535 -3.4044109 -3.4003963 -3.3963178 -3.3921853 -3.3880105 -3.3838072 -3.3795912 -3.3753807 -3.3711961 -3.3670603 -3.3629981 -3.3590365 -3.3552037 -3.3515294 -3.3480432 -3.3447744 -3.341751 -3.3389979 -3.3365369 -3.3343846 -3.3325523 -3.3310449 -3.3298605 -3.3289911 -3.328422 -3.3281335 -3.3281014 -3.3282982 -3.3286948
-3.4827667 -3.48104 -3.4792513 -3.4773982 -3.4754785 -3.4734897 -3.4714294 -3.4692951 -3.4670843 -3.4647943 -3.4624226 -3.4599667 -3.4574238 -3.4547916 -3.4520676 -3.4492492 -3.4463343 -3.4433207 -3.4402065 -3.43699 -3.4336698 -3.430245 -3.426715 -3.4230799 -3.4193405 -3.4154981 -3.4115554 -3.4075158 -3.4033841 -3.3991666 -3.3948712 -3.3905077 -3.386088 -3.3816263 -3.3771392 -3.3726463 -3.3681696 -3.3637344 -3.3593684 -3.3551021 -3.3509683 -3.3470011 -3.3432359 -3.3397076 -3.3364498 -3.3334935 -3.3308652 -3.3285859 -3.32667 -3.3251239 -3.3239457 -3.3231254 -3.3226451 -3.3224806 -3.322602 -3.3229759 -3.3235668
-3.4838325 -3.4820988 -3.4803011 -3.4784369 -3.4765037 -3.4744987 -3.4724194 -3.470263 -3.4680266 -3.4657074 -3.4633025 -3.4608089 -3.4582236 -3.4555438 -3.4527664 -3.4498887 -3.4469077 -3.4438208 -3.4406255 -3.4373195 -3.4339007 -3.4303675 -3.4267187 -3.4229535 -3.4190718 -3.4150744 -3.4109631 -3.4067405 -3.4024108 -3.3979796 -3.3934544 -3.3888447 -3.3841623 -3.3794215 -3.3746399 -3.3698378 -3.3650393 -3.3602718 -3.3555662 -3.3509571 -3.346482 -3.3421809 -3.3380954 -3.3342675 -3.3307381 -3.3275454 -3.3247225 -3.3222961 -3.3202845 -3.3186963 -3.3175297 -3.3167725 -3.3164027 -3.3163897 -3.3166969 -3.3172829 -3.3181046
-3.4849577 -3.4832191 -3.4814146 -3.4795415 -3.477597 -3.4755782 -3.4734823 -3.4713061 -3.4690466 -3.4667005 -3.4642647 -3.4617357 -3.4591103 -3.456385 -3.4535563 -3.450621 -3.4475756 -3.4444169 -3.4411416 -3.4377468 -3.4342296 -3.4305877 -3.426819 -3.4229217 -3.418895 -3.4147387 -3.4104535 -3.4060412 -3.4015049 -3.3968495 -3.3920816 -3.3872102 -3.3822466 -3.3772053 -3.372104 -3.366964 -3.361811 -3.3566745 -3.3515891 -3.3465934 -3.3417304 -3.3370468 -3.3325918 -3.3284161 -3.3245696 -3.3210996 -3.318048 -3.315449 -3.3133263 -3.3116917 -3.3105435 -3.3098668 -3.309634 -3.3098071 -3.3103397 -3.3111807 -3.3122771
-3.486144 -3.4844029 -3.482594 -3.4807144 -3.4787611 -3.4767311 -3.4746211 -3.4724278 -3.4701478 -3.4677776 -3.4653135 -3.4627519 -3.4600889 -3.4573207 -3.4544434 -3.4514529 -3.4483453 -3.4451167 -3.4417632 -3.4382809 -3.4346663 -3.4309161 -3.4270271 -3.4229968 -3.4188232 -3.4145048 -3.4100412 -3.4054331 -3.4006824 -3.3957927 -3.3907696 -3.385621 -3.3803577 -3.3749934 -3.369546 -3.3640373 -3.3584941 -3.3529484 -3.3474377 -3.3420054 -3.3367006 -3.3315774 -3.3266942 -3.3221121 -3.3178925 -3.3140945 -3.3107713 -3.3079671 -3.3057134 -3.3040263 -3.3029048 -3.3023305 -3.3022685 -3.3026704 -3.3034778 -3.3046266 -3.3060508
-3.4873932 -3.4856521 -3.4838413 -3.4819579 -3.4799986 -3.47796 -3.4758388 -3.4736314 -3.4713339 -3.4689426 -3.4664535 -3.4638623 -3.4611649 -3.4583569 -3.4554339 -3.4523912 -3.4492242 -3.4459284 -3.442499 -3.4389315 -3.4352212 -3.4313639 -3.4273554 -3.423192 -3.4188703 -3.4143878 -3.4097424 -3.4049334 -3.3999613 -3.3948281 -3.389538 -3.3840973 -3.3785155 -3.3728056 -3.3669847 -3.3610746 -3.355103 -3.3491036 -3.3431171 -3.3371915 -3.3313824 -3.3257525 -3.3203709 -3.3153113 -3.3106495 -3.3064597 -3.3028103 -3.2997591 -3.2973482 -3.2956003 -3.2945156 -3.2940712 -3.2942228 -3.294908 -3.296052 -3.2975735 -3.2993904
-3.488707 -3.4869685 -3.4851586 -3.4832742 -3.4813118 -3.4792679 -3.4771387 -3.4749203 -3.4726087 -3.4701997 -3.4676889 -3.4650717 -3.4623435 -3.4594993 -3.4565341 -3.4534428 -3.45022 -3.4468604 -3.4433584 -3.4397085 -3.4359052 -3.4319431 -3.4278168 -3.4235212 -3.4190518 -3.4144041 -3.4095748 -3.4045613 -3.3993621 -3.3939775 -3.3884094 -3.3826625 -3.3767444 -3.3706663 -3.364444 -3.3580987 -3.3516581 -3.345157 -3.3386387 -3.3321558 -3.3257705 -3.3195552 -3.3135912 -3.3079674 -3.3027776 -3.2981155 -3.2940698 -3.2907168 -3.2881139 -3.2862934 -3.2852578 -3.2849787 -3.2853987 -3.2864367 -3.2879955 -3.2899708 -3.2922593
-3.4900869 -3.4883538 -3.4865479 -3.4846656 -3.4827033 -3.4806573 -3.4785235 -3.4762977 -3.4739757 -3.4715528 -3.4690242 -3.466385 -3.46363 -3.4607538 -3.4577507 -3.4546149 -3.4513405 -3.4479212 -3.4443506 -3.4406223 -3.4367297 -3.432666 -3.4284248 -3.4239995 -3.4193838 -3.4145718 -3.409558 -3.4043377 -3.3989075 -3.3932651 -3.38741 -3.3813444 -3.3750731 -3.3686051 -3.361954 -3.3551391 -3.3481871 -3.3411331 -3.3340221 -3.3269104 -3.3198671 -3.3129744 -3.3063277 -3.300034 -3.2942093 -3.2889727 -3.2844396 -3.2807124 -3.2778704 -3.27596 -3.2749884 -3.2749201 -3.27568 -3.2771608 -3.2792343 -3.2817651 -3.2846216
-3.4915345 -3.4898099 -3.488011 -3.4861341 -3.4841754 -3.4821308 -3.4799961 -3.4777669 -3.4754384 -3.4730057 -3.4704637 -3.467807 -3.4650297 -3.4621261 -3.4590899 -3.4559147 -3.4525935 -3.4491195 -3.4454854 -3.4416836 -3.4377064 -3.4335459 -3.429194 -3.4246427 -3.4198839 -3.4149098 -3.4097127 -3.4042858 -3.3986226 -3.3927183 -3.3865694 -3.3801747 -3.3735357 -3.366658 -3.3595517 -3.3522333 -3.3447271 -3.3370668 -3.3292976 -3.3214787 -3.3136849 -3.3060085 -3.2985601 -3.2914678 -3.2848748 -3.2789328 -3.2737932 -3.2695948 -3.2664484 -3.2644228 -3.2635329 -3.2637349 -3.2649288 -3.2669703 -3.2696877 -3.2729022 -3.2764452
-3.4930511 -3.4913382 -3.4895497 -3.4876817 -3.4857302 -3.4836909 -3.4815594 -3.4793308 -3.4770003 -3.4745624 -3.4720117 -3.4693422 -3.4665479 -3.4636222 -3.4605584 -3.4573492 -3.4539871 -3.4504643 -3.4467725 -3.4429032 -3.4388474 -3.4345959 -3.4301391 -3.4254672 -3.4205704 -3.4154385 -3.4100617 -3.4044302 -3.3985349 -3.3923674 -3.3859207 -3.3791896 -3.3721714 -3.3648669 -3.3572819 -3.3494282 -3.3413258 -3.3330052 -3.3245097 -3.315899 -3.3072522 -3.2986706 -3.2902805 -3.2822337 -3.274706 -3.2678906 -3.2619874 -3.2571858 -3.2536438 -3.2514643 -3.2506769 -3.2512274 -3.2529811 -3.25574 -3.2592702 -3.2633319 -3.2677064
-3.494638 -3.4929401 -3.4911655 -3.4893101 -3.4873698 -3.4853399 -3.4832158 -3.4809924 -3.4786645 -3.4762263 -3.473672 -3.4709953 -3.4681896 -3.4652477 -3.4621623 -3.4589255 -3.4555291 -3.4519642 -3.4482218 -3.4442921 -3.440165 -3.4358297 -3.4312753 -3.4264901 -3.4214621 -3.4161791 -3.4106285 -3.4047976 -3.3986739 -3.3922453 -3.3855006 -3.3784298 -3.3710249 -3.3632812 -3.3551981 -3.3467811 -3.3380438 -3.3290105 -3.3197201 -3.3102295 -3.3006187 -3.2909958 -3.2815017 -3.2723133 -3.2636442 -3.2557397 -3.2488641 -3.2432785 -3.2392104 -3.2368174 -3.2361553 -3.2371583 -3.2396422 -3.2433302 -3.2478966 -3.2530146 -3.2583979
-3.4962963 -3.494617 -3.49286 -3.4910211 -3.489096 -3.4870799 -3.4849677 -3.4827544 -3.4804341 -3.478001 -3.4754488 -3.4727707 -3.4699596 -3.467008 -3.4639078 -3.4606505 -3.4572271 -3.453628 -3.4498429 -3.4458612 -3.4416713 -3.4372612 -3.4326181 -3.4277287 -3.4225788 -3.4171537 -3.4114379 -3.4054158 -3.3990711 -3.3923876 -3.385349 -3.37794 -3.3701466 -3.3619569 -3.3533625 -3.3443605 -3.3349554 -3.3251625 -3.3150118 -3.3045531 -3.2938628 -3.2830506 -3.2722685 -3.2617177 -3.2516535 -3.242384 -3.2342578 -3.2276372 -3.222854 -3.2201535 -3.2196387 -3.2212336 -3.2246823 -3.2295893 -3.2354912 -3.2419348 -3.2485413
-3.4980268 -3.4963698 -3.4946343 -3.4928161 -3.4909105 -3.4889127 -3.4868174 -3.4846192 -3.482312 -3.4798896 -3.4773455 -3.4746723 -3.4718626 -3.4689083 -3.4658008 -3.4625309 -3.4590888 -3.455464 -3.4516454 -3.4476211 -3.4433785 -3.4389039 -3.4341831 -3.4292006 -3.4239402 -3.4183847 -3.4125157 -3.406314 -3.3997596 -3.3928316 -3.3855087 -3.3777692 -3.3695919 -3.360957 -3.3518465 -3.3422468 -3.3321507 -3.3215603 -3.3104923 -3.2989836 -3.2870996 -3.2749444 -3.2626735 -3.2505069 -3.2387417 -3.2277579 -3.218012 -3.2100065 -3.2042302 -3.201071 -3.2007187 -3.2030933 -3.207834 -3.2143631 -3.2220057 -3.2301219 -3.2382064
