Cobbity/QGIS/C2_Reading.tif
NCOLS 299
NROWS 159
XLLCORNER 150.661
YLLCORNER -34.0269
CELLSIZE 1e-05
NODATA_VALUE -9999
[rows 24 to 47 of 159, columns 108 to 161 of 299]
0.076903334 0.076895601 0.076886627 0.07687642 0.076865006 0.07685242 0.076838709 0.07682393 0.076808148 0.076791431 0.076773853 0.076755486 0.076736407 0.076716685 0.076696392 0.076675593 0.076654346 0.076632708 0.076610724 0.076588436 0.076565876 0.076543069 0.07652003 0.076496769 0.076473285 0.076449574 0.076425622 0.076401413 0.076376926 0.076352137 0.076327022 0.076301555 0.076275715 0.07624948 0.076222832 0.076195759 0.076168251 0.076140304 0.076111921 0.076083106 0.076053872 0.076024233 0.075994208 0.075963822 0.075933101 0.075902073 0.075870771 0.075839227 0.075807479 0.075775562 0.075743515 0.075711377 0.075679189 0.075646992
0.076932084 0.07692431 0.076915179 0.076904703 0.076892913 0.076879852 0.076865576 0.076850156 0.076833666 0.076816188 0.076797809 0.076778615 0.07675869 0.076738119 0.076716981 0.07669535 0.076673295 0.076650875 0.076628146 0.076605151 0.076581925 0.076558495 0.076534877 0.076511077 0.076487095 0.076462918 0.07643853 0.076413906 0.076389019 0.076363837 0.076338329 0.076312462 0.076286205 0.076259533 0.076232423 0.076204856 0.07617682 0.076148311 0.076119327 0.076089874 0.076059965 0.076029616 0.075998847 0.075967685 0.075936158 0.075904298 0.075872139 0.075839717 0.07580707 0.075774239 0.075741264 0.075708186 0.075675049 0.075641896
0.076962264 0.076954447 0.07694514 0.076934358 0.076922137 0.076908531 0.07689361 0.076877457 0.076860163 0.076841825 0.076822543 0.076802419 0.076781552 0.076760037 0.076737966 0.076715422 0.076692483 0.076669217 0.076645685 0.076621936 0.076598009 0.07657393 0.076549718 0.076525376 0.076500898 0.076476268 0.076451463 0.076426449 0.07640119 0.076375646 0.076349775 0.076323536 0.076296891 0.076269804 0.076242249 0.0762142 0.076185644 0.076156572 0.076126982 0.076096882 0.076066282 0.076035202 0.076003665 0.075971698 0.075939335 0.075906609 0.075873557 0.075840219 0.075806636 0.07577285 0.075738905 0.075704846 0.075670716 0.075636564
0.07699403 0.076986169 0.076976661 0.076965525 0.076952807 0.076938573 0.076922909 0.076905915 0.076887701 0.076868384 0.076848082 0.076826912 0.076804989 0.076782422 0.076759317 0.076735767 0.07671186 0.076687675 0.076663277 0.076638723 0.076614055 0.076589302 0.076564482 0.076539595 0.076514631 0.076489568 0.076464372 0.076439002 0.076413409 0.076387543 0.076361349 0.076334777 0.076307776 0.076280306 0.076252328 0.076223815 0.076194748 0.076165115 0.076134915 0.076104155 0.076072847 0.076041014 0.076008681 0.07597588 0.075942646 0.075909018 0.075875036 0.075840742 0.075806181 0.075771398 0.07573644 0.075701353 0.075666186 0.075630989
0.077027566 0.07701966 0.07700992 0.076998373 0.076985075 0.076970109 0.076953583 0.076935618 0.076916348 0.076895912 0.076874449 0.076852098 0.076828989 0.076805248 0.076780993 0.076756332 0.076731363 0.076706174 0.076680841 0.076655425 0.076629974 0.076604521 0.076579079 0.07655365 0.076528216 0.076502747 0.076477199 0.076451517 0.076425641 0.076399504 0.07637304 0.076346183 0.076318872 0.076291054 0.076262685 0.076233729 0.076204163 0.076173973 0.076143158 0.076111725 0.076079691 0.07604708 0.076013921 0.075980252 0.075946111 0.07591154 0.075876586 0.075841293 0.07580571 0.075769884 0.075733866 0.075697706 0.075661453 0.07562516
0.077063089 0.077055137 0.077045129 0.077033098 0.077019117 0.077003292 0.076985756 0.076966662 0.076946171 0.076924451 0.076901666 0.076877975 0.076853531 0.076828476 0.076802941 0.076777049 0.076750911 0.076724626 0.076698278 0.076671937 0.076645658 0.076619475 0.076593403 0.076567439 0.07654156 0.076515723 0.076489872 0.076463939 0.076437844 0.076411504 0.076384835 0.076357756 0.07633019 0.076302073 0.076273349 0.076243976 0.076213927 0.076183185 0.07615175 0.076119631 0.076086848 0.076053429 0.076019411 0.075984835 0.075949746 0.07591419 0.075878218 0.07584188 0.075805228 0.075768312 0.075731185 0.0756939 0.075656511 0.075619072
0.077100864 0.077092865 0.077082541 0.077069934 0.077055139 0.077038294 0.077019568 0.07699915 0.07697724 0.07695404 0.076929742 0.076904532 0.076878582 0.076852052 0.076825091 0.076797835 0.076770406 0.076742918 0.076715466 0.07668813 0.076660972 0.07663403 0.076607321 0.076580837 0.076554546 0.076528393 0.076502307 0.076476199 0.076449968 0.076423512 0.076396723 0.0763695 0.07634175 0.076313392 0.076284359 0.076254602 0.076224088 0.0761928 0.076160738 0.076127915 0.076094357 0.076060098 0.076025182 0.075989656 0.075953572 0.075916984 0.075879946 0.075842513 0.07580474 0.075766682 0.075728395 0.075689934 0.075651355 0.075612714
0.077141212 0.077133167 0.077122463 0.07710916 0.077093384 0.077075315 0.077055169 0.077033189 0.077009621 0.076984706 0.076958674 0.076931737 0.076904088 0.076875906 0.076847353 0.07681858 0.076789725 0.076760914 0.076732256 0.076703845 0.076675751 0.076648021 0.076620671 0.076593689 0.076567033 0.076540634 0.076514399 0.076488216 0.076461958 0.076435494 0.076408692 0.076381424 0.076353577 0.076325051 0.076295766 0.076265663 0.076234706 0.076202876 0.076170178 0.07613663 0.076102264 0.076067126 0.076031265 0.075994741 0.075957611 0.075919937 0.075881779 0.075843197 0.075804251 0.075764998 0.075725497 0.075685804 0.075645979 0.07560608
0.077184532 0.07717644 0.077165275 0.077151118 0.077134139 0.07711458 0.077092726 0.077068885 0.077043366 0.077016461 0.076988438 0.076959537 0.076929974 0.07689994 0.076869613 0.076839155 0.076808719 0.076778447 0.076748467 0.076718888 0.076689795 0.076661243 0.076633252 0.076605805 0.076578848 0.076552295 0.076526024 0.076499895 0.076473747 0.076447416 0.076420735 0.076393546 0.07636571 0.076337104 0.076307634 0.076277231 0.076245854 0.076213487 0.076180138 0.076145836 0.076110623 0.076074556 0.076037698 0.076000117 0.075961882 0.075923064 0.075883728 0.075843941 0.075803765 0.075763261 0.075722489 0.075681508 0.075640378 0.075599161
0.077231326 0.077223188 0.077211448 0.077196221 0.077177744 0.077156346 0.077132409 0.077106334 0.077078508 0.077049284 0.077018974 0.076987846 0.07695613 0.076924028 0.076891725 0.076859395 0.076827205 0.076795316 0.076763878 0.076733023 0.076702855 0.076673444 0.076644815 0.076616949 0.076589777 0.076563187 0.076537029 0.076511119 0.076485259 0.076459238 0.076432848 0.076405893 0.076378201 0.076349625 0.07632005 0.076289398 0.076257626 0.076224721 0.0761907 0.076155605 0.076119493 0.076082438 0.076044517 0.076005813 0.075966407 0.075926378 0.075885801 0.075844747 0.075803282 0.075761469 0.075719369 0.075677042 0.075634548 0.075591951
0.077282235 0.077274054 0.077261582 0.077244986 0.077224605 0.077200899 0.077174389 0.077145603 0.077115033 0.077083104 0.077050173 0.077016528 0.076982405 0.076948006 0.076913513 0.076879106 0.076844966 0.076811277 0.07677822 0.076745957 0.076714623 0.076684309 0.076655052 0.076626828 0.076599553 0.076573083 0.076547226 0.076521751 0.076496404 0.076470919 0.076445035 0.076418509 0.076391127 0.07636271 0.076333125 0.076302283 0.076270138 0.076236687 0.076201961 0.07616602 0.076128944 0.076090824 0.076051762 0.076011855 0.075971201 0.07592989 0.075888004 0.075845619 0.075802804 0.075759622 0.075716135 0.075672403 0.075628484 0.075584443
0.077338105 0.077329884 0.077316453 0.07729806 0.077275204 0.077248544 0.077218808 0.077186702 0.077152852 0.077117768 0.077081845 0.07704538 0.077008592 0.076971662 0.076934756 0.076898051 0.07686174 0.076826037 0.076791163 0.07675733 0.076724716 0.076693444 0.076663571 0.076635071 0.076607839 0.076581693 0.076556386 0.076531624 0.076507081 0.076482421 0.076457315 0.07643146 0.076404591 0.076376493 0.076347008 0.076316037 0.076283538 0.076249522 0.07621404 0.07617718 0.07613905 0.076099772 0.07605947 0.076018268 0.075976277 0.075933602 0.075890334 0.075846551 0.075802324 0.075757716 0.075712785 0.075667588 0.075622185 0.075576635
0.077400069 0.077391817 0.077377089 0.077356271 0.077330113 0.077299594 0.077265747 0.077229531 0.077191745 0.07715299 0.077113685 0.077074101 0.077034407 0.07699473 0.076955192 0.076915953 0.076877218 0.076839242 0.076802307 0.076766694 0.076732648 0.076700346 0.076669873 0.076641206 0.076614212 0.076588657 0.076564225 0.076540536 0.076517173 0.076493708 0.076469726 0.076444846 0.076418741 0.076391152 0.076361893 0.076330859 0.076298014 0.076263392 0.076227078 0.076189197 0.076149897 0.076109337 0.076067677 0.076025066 0.075981638 0.075937511 0.075892782 0.075847533 0.075801834 0.075755742 0.075709313 0.075662596 0.075615648 0.075568526
0.0774697 0.077461436 0.077444894 0.077420689 0.077390002 0.077354318 0.077315142 0.077273791 0.077231274 0.077188279 0.077145209 0.077102252 0.077059469 0.077016874 0.07697451 0.076932494 0.076891045 0.076850475 0.076811158 0.076773485 0.076737803 0.076704371 0.076673319 0.076644627 0.076618128 0.07659352 0.076570388 0.076548243 0.076526547 0.076504753 0.076482334 0.076458813 0.076433784 0.076406932 0.076378043 0.076347006 0.076313805 0.076278507 0.076241247 0.076202201 0.076161574 0.076119575 0.076076408 0.076032254 0.075987274 0.075941596 0.075895327 0.075848546 0.075801317 0.075753692 0.075705714 0.075657427 0.075608878 0.075560119
0.077549252 0.077541017 0.077521835 0.07749273 0.077455626 0.077412854 0.077366653 0.07731883 0.077270643 0.07722282 0.077175668 0.077129199 0.077083266 0.077037687 0.076992355 0.076947319 0.076902811 0.076859234 0.076817106 0.076776985 0.076739381 0.076704675 0.076673066 0.076644542 0.076618886 0.076595698 0.076574432 0.07655445 0.076535056 0.076515549 0.076495257 0.076473577 0.076450007 0.076424166 0.076395806 0.076364817 0.076331217 0.076295126 0.076256748 0.076216339 0.076174175 0.076130533 0.076085673 0.076039817 0.075993151 0.075945819 0.075897929 0.075849555 0.07580075 0.07575155 0.075701984 0.075652083 0.075601882 0.075551426
0.077642087 0.077633975 0.077610784 0.077574289 0.07752777 0.077475012 0.077419397 0.077363391 0.07730847 0.077255291 0.077203918 0.077154033 0.077105124 0.077056678 0.077008344 0.076960056 0.076912067 0.076864926 0.076819383 0.076776262 0.076736322 0.076700134 0.076667998 0.07663991 0.076615572 0.076594444 0.0765758 0.076558799 0.07654254 0.076526118 0.076508677 0.076489454 0.07646782 0.076443313 0.076415652 0.076384739 0.076350643 0.076313571 0.076273827 0.076231773 0.076187789 0.076142241 0.076095455 0.076047706 0.075999207 0.075950113 0.075900528 0.075850512 0.075800097 0.075749297 0.075698119 0.075646572 0.075594676 0.075542468
0.077753438 0.077745681 0.077716099 0.077667937 0.07760706 0.077539853 0.077471477 0.07740517 0.077342436 0.077283594 0.077228223 0.077175443 0.077124149 0.077073282 0.077022098 0.076970347 0.076918334 0.076866847 0.07681701 0.076770073 0.076727189 0.076689219 0.076656606 0.076629336 0.076606983 0.076588794 0.07657379 0.076560859 0.07654883 0.076536538 0.076522885 0.076506902 0.076487798 0.076465009 0.07643822 0.076407364 0.076372594 0.076334245 0.076292769 0.076248679 0.076202494 0.076154695 0.076105697 0.07605583 0.076005335 0.075954372 0.07590303 0.075851343 0.07579931 0.075746909 0.075694115 0.075640909 0.07558729 0.075533278
0.077891868 0.077885057 0.077844718 0.077777147 0.077693442 0.077604795 0.077519084 0.077440106 0.077368741 0.077304431 0.077245942 0.077191539 0.077139171 0.077086888 0.07703331 0.076977925 0.076921139 0.076864153 0.0768087 0.076756716 0.076709982 0.076669801 0.076636808 0.076610938 0.076591529 0.076577503 0.076567522 0.076560115 0.076553763 0.07654697 0.076538326 0.076526589 0.076510759 0.076490142 0.076464388 0.076433487 0.076397732 0.07635765 0.076313908 0.076267234 0.076218334 0.07616784 0.076116273 0.076064025 0.076011363 0.075958436 0.075905302 0.075851951 0.075798328 0.075744361 0.075689979 0.075635124 0.075579768 0.075523913
0.078072166 0.078067891 0.078008302 0.077906483 0.077784783 0.077663651 0.077554816 0.077461238 0.077381312 0.077312662 0.077253023 0.077199542 0.077148655 0.077096906 0.077041891 0.076982734 0.076920081 0.076855828 0.076792706 0.076733771 0.076681815 0.076638829 0.076605686 0.076582143 0.076567105 0.076558971 0.076555899 0.076555958 0.0765572 0.076557708 0.076555674 0.076549493 0.076537879 0.076519965 0.076495367 0.076464182 0.076426924 0.07638441 0.076337626 0.0762876 0.076235293 0.07618153 0.076126957 0.076072031 0.07601703 0.075962072 0.075907158 0.075852202 0.075797073 0.075741626 0.075685725 0.075629266 0.075572182 0.075514453
0.07832133 0.078324149 0.078227643 0.078061312 0.077873195 0.077702162 0.077564498 0.077457069 0.077370759 0.077300224 0.077243028 0.077195233 0.077150606 0.077102951 0.077048225 0.076985161 0.076914942 0.07684063 0.076766569 0.076697654 0.076638368 0.0765918 0.076559064 0.076539425 0.076530941 0.076531167 0.076537575 0.076547684 0.07655905 0.076569249 0.076575951 0.076577052 0.07657086 0.076556269 0.076532862 0.07650092 0.076461309 0.076415299 0.076364343 0.076309892 0.076253249 0.076195478 0.076137371 0.076079441 0.07602195 0.07596495 0.075908342 0.075851925 0.075795454 0.075738683 0.075681392 0.075623413 0.075564637 0.07550502
0.078691087 0.078714976 0.078541924 0.078245619 0.077935386 0.077687322 0.077521095 0.077409866 0.077323243 0.077253973 0.077205032 0.077171934 0.077142549 0.077105273 0.077053663 0.076986413 0.076905888 0.076817022 0.076726684 0.076642823 0.07657289 0.07652183 0.076490868 0.076477968 0.076479476 0.076491587 0.076510934 0.076534492 0.076559314 0.076582387 0.076600686 0.076611395 0.076612211 0.076601663 0.076579305 0.076545734 0.076502396 0.076451264 0.076394489 0.076334116 0.076271893 0.076209177 0.076146911 0.07608564 0.076025564 0.075966611 0.075908516 0.075850905 0.075793371 0.075735528 0.075677049 0.075617689 0.075557291 0.075495785
0.079280819 0.079371565 0.079025511 0.078453577 0.077908554 0.077539641 0.077372882 0.077296813 0.077219534 0.077149847 0.077118477 0.077118829 0.077122054 0.077105793 0.077061368 0.076989108 0.076893823 0.076783155 0.076667625 0.076560307 0.076474265 0.076417959 0.076392133 0.076391341 0.07640836 0.076437316 0.076474109 0.076515475 0.076558115 0.076598343 0.076632179 0.076655721 0.076665693 0.076660023 0.076638234 0.07660148 0.076552183 0.076493442 0.076428448 0.076360069 0.076290618 0.076221782 0.076154641 0.076089718 0.076027077 0.075966424 0.075907236 0.075848882 0.075790723 0.075732189 0.07567282 0.075612283 0.07555037 0.075486989
0.080240092 0.080547872 0.079784924 0.078646945 0.077642755 0.077052548 0.077023651 0.077107012 0.077031752 0.07693347 0.076941129 0.077019993 0.077089481 0.077110371 0.07707759 0.076998076 0.076881057 0.07673715 0.076581243 0.076434945 0.076323054 0.076261869 0.076249621 0.076271554 0.076312916 0.076365304 0.076425019 0.076489573 0.076555702 0.076618933 0.076673884 0.07671492 0.076737098 0.076737274 0.076714926 0.076672231 0.07661332 0.076543136 0.07646643 0.076387167 0.076308328 0.076231931 0.076159132 0.076090343 0.076025362 0.075963536 0.075903939 0.075845557 0.075787432 0.075728756 0.075668913 0.075607476 0.075544195 0.075478967
0.081412839 0.082241968 0.080671056 0.078753827 0.076941197 0.075682693 0.076374324 0.076914585 0.076694691 0.076459115 0.076592186 0.076864221 0.077057091 0.077132783 0.077113029 0.077021208 0.076872597 0.076678573 0.076456282 0.076240382 0.076082791 0.076021267 0.07604449 0.076110675 0.076189719 0.076272987 0.076361339 0.076455354 0.076552352 0.076646755 0.076731025 0.076796644 0.076835641 0.076842791 0.076817476 0.076763871 0.076689266 0.076601705 0.076508229 0.076414166 0.076323166 0.076237483 0.076158234 0.07608557 0.07601884 0.075956807 0.075897924 0.075840615 0.075783484 0.075725426 0.075665658 0.075603678 0.075539215 0.075472175
