Cobbity/QGIS/C2_Reading4.tif
NCOLS 299
NROWS 160
XLLCORNER 150.661
YLLCORNER -34.0268
CELLSIZE 1e-05
NODATA_VALUE -9999
[rows 130 to 155 of 160, columns 0 to 59 of 299]
2.2515403 2.2519462 2.2523592 2.2527797 2.2532078 2.2536436 2.2540875 2.2545395 2.2550001 2.2554693 2.2559474 2.2564347 2.2569314 2.2574378 2.2579541 2.2584807 2.2590178 2.2595657 2.2601248 2.2606953 2.2612777 2.2618722 2.2624792 2.2630991 2.2637323 2.2643792 2.2650401 2.2657155 2.2664059 2.2671116 2.2678333 2.2685713 2.2693261 2.2700984 2.2708885 2.2716971 2.2725248 2.2733721 2.2742396 2.2751281 2.276038 2.2769701 2.277925 2.2789035 2.2799063 2.2809341 2.2819877 2.2830678 2.2841752 2.2853108 2.2864753 2.2876695 2.2888944 2.2901507 2.2914392 2.2927609 2.2941166 2.2955071 2.2969333 2.2983959
2.2515468 2.2519515 2.2523633 2.2527824 2.253209 2.2536433 2.2540856 2.254536 2.2549947 2.255462 2.2559381 2.2564232 2.2569176 2.2574216 2.2579354 2.2584593 2.2589935 2.2595384 2.2600943 2.2606615 2.2612402 2.2618309 2.2624339 2.2630495 2.2636782 2.2643202 2.264976 2.265646 2.2663307 2.2670303 2.2677455 2.2684767 2.2692243 2.2699888 2.2707707 2.2715707 2.2723891 2.2732266 2.2740838 2.2749611 2.2758593 2.276779 2.2777207 2.2786851 2.279673 2.2806849 2.2817216 2.2827838 2.2838721 2.2849874 2.2861304 2.2873018 2.2885023 2.2897327 2.2909938 2.2922863 2.2936109 2.2949685 2.2963596 2.2977851
2.2515471 2.2519504 2.2523607 2.2527783 2.2532033 2.253636 2.2540764 2.2545249 2.2549817 2.2554469 2.2559207 2.2564035 2.2568954 2.2573968 2.2579078 2.2584288 2.2589599 2.2595015 2.2600539 2.2606174 2.2611923 2.2617789 2.2623776 2.2629886 2.2636124 2.2642493 2.2648997 2.265564 2.2662425 2.2669358 2.2676442 2.2683681 2.269108 2.2698645 2.2706379 2.2714287 2.2722375 2.2730648 2.2739112 2.2747771 2.2756631 2.2765699 2.2774979 2.2784479 2.2794203 2.2804159 2.2814353 2.2824791 2.283548 2.2846427 2.2857637 2.2869118 2.2880876 2.2892919 2.2905252 2.2917883 2.2930817 2.2944061 2.2957622 2.2971504
2.2515411 2.2519429 2.2523517 2.2527676 2.2531908 2.2536216 2.2540601 2.2545066 2.2549611 2.255424 2.2558954 2.2563757 2.2568649 2.2573634 2.2578715 2.2583892 2.2589171 2.2594552 2.2600039 2.2605635 2.2611342 2.2617165 2.2623105 2.2629167 2.2635353 2.2641668 2.2648115 2.2654697 2.2661419 2.2668284 2.2675296 2.268246 2.2689779 2.2697259 2.2704904 2.2712718 2.2720706 2.2728873 2.2737224 2.2745765 2.27545 2.2763434 2.2772574 2.2781925 2.2791492 2.2801281 2.2811298 2.2821549 2.2832039 2.2842776 2.2853763 2.2865009 2.2876518 2.2888296 2.2900349 2.2912684 2.2925305 2.2938217 2.2951426 2.2964938
2.251529 2.2519292 2.2523362 2.2527503 2.2531716 2.2536004 2.2540368 2.2544809 2.2549331 2.2553935 2.2558624 2.2563399 2.2568262 2.2573217 2.2578265 2.2583409 2.2588652 2.2593996 2.2599443 2.2604997 2.2610661 2.2616437 2.2622329 2.262834 2.2634472 2.264073 2.2647116 2.2653635 2.2660289 2.2667084 2.2674021 2.2681106 2.2688343 2.2695735 2.2703286 2.2711003 2.2718887 2.2726945 2.2735181 2.2743599 2.2752205 2.2761003 2.2769999 2.2779197 2.2788603 2.2798222 2.2808059 2.2818119 2.2828409 2.2838932 2.2849695 2.2860702 2.2871959 2.2883471 2.2895244 2.2907281 2.2919587 2.2932168 2.2945027 2.2958168
2.2515109 2.2519092 2.2523144 2.2527265 2.2531458 2.2535723 2.2540064 2.2544482 2.2548979 2.2553556 2.2558217 2.2562962 2.2567795 2.2572717 2.2577731 2.2582839 2.2588044 2.2593348 2.2598754 2.2604264 2.2609882 2.261561 2.262145 2.2627407 2.2633483 2.2639681 2.2646004 2.2652457 2.2659041 2.2665762 2.2672622 2.2679625 2.2686775 2.2694076 2.2701532 2.2709147 2.2716925 2.2724871 2.2732988 2.2741281 2.2749754 2.2758413 2.2767262 2.2776304 2.2785546 2.2794992 2.2804646 2.2814513 2.2824598 2.2834906 2.2845441 2.2856209 2.2867213 2.2878458 2.2889948 2.2901688 2.291368 2.292593 2.293844 2.2951213
2.2514868 2.2518832 2.2522863 2.2526963 2.2531133 2.2535376 2.2539692 2.2544084 2.2548554 2.2553103 2.2557734 2.2562448 2.2567248 2.2572136 2.2577114 2.2582184 2.258735 2.2592612 2.2597974 2.2603438 2.2609007 2.2614684 2.2620471 2.2626371 2.2632388 2.2638524 2.2644782 2.2651165 2.2657677 2.2664322 2.2671101 2.267802 2.2685081 2.2692289 2.2699646 2.2707157 2.2714825 2.2722655 2.273065 2.2738815 2.2747154 2.275567 2.2764369 2.2773253 2.2782328 2.2791598 2.2801066 2.2810738 2.2820618 2.2830709 2.2841015 2.2851541 2.2862291 2.2873268 2.2884476 2.2895918 2.2907598 2.2919518 2.2931681 2.2944088
2.2514568 2.2518511 2.2522521 2.2526598 2.2530745 2.2534962 2.2539252 2.2543617 2.2548058 2.2552578 2.2557177 2.2561858 2.2566624 2.2571476 2.2576416 2.2581446 2.258657 2.2591788 2.2597104 2.260252 2.2608039 2.2613663 2.2619394 2.2625236 2.2631191 2.2637262 2.2643452 2.2649764 2.2656201 2.2662767 2.2669464 2.2676295 2.2683265 2.2690376 2.2697631 2.2705036 2.2712592 2.2720304 2.2728175 2.2736209 2.274441 2.2752782 2.2761327 2.2770051 2.2778957 2.2788049 2.2797331 2.2806805 2.2816477 2.2826349 2.2836426 2.284671 2.2857205 2.2867914 2.287884 2.2889986 2.2901353 2.2912945 2.2924763 2.2936809
2.251421 2.2518132 2.2522118 2.2526171 2.2530293 2.2534484 2.2538747 2.2543083 2.2547493 2.2551981 2.2556548 2.2561194 2.2565924 2.2570738 2.2575638 2.2580627 2.2585707 2.259088 2.2596148 2.2601514 2.260698 2.2612548 2.2618221 2.2624003 2.2629894 2.2635898 2.2642018 2.2648257 2.2654616 2.2661101 2.2667712 2.2674454 2.268133 2.2688342 2.2695494 2.2702789 2.2710231 2.2717823 2.2725567 2.2733468 2.2741529 2.2749754 2.2758145 2.2766707 2.2775442 2.2784354 2.2793447 2.2802723 2.2812186 2.2821839 2.2831685 2.2841726 2.2851967 2.2862408 2.2873053 2.2883903 2.2894961 2.2906227 2.2917703 2.292939
2.2513795 2.2517693 2.2521655 2.2525683 2.2529778 2.2533942 2.2538175 2.2542481 2.254686 2.2551315 2.2555847 2.2560458 2.2565149 2.2569923 2.2574782 2.2579728 2.2584763 2.2589888 2.2595106 2.260042 2.2605831 2.2611343 2.2616956 2.2622675 2.26285 2.2634436 2.2640483 2.2646646 2.2652926 2.2659327 2.2665852 2.2672502 2.2679281 2.2686193 2.2693239 2.2700423 2.2707748 2.2715217 2.2722833 2.2730599 2.2738518 2.2746594 2.2754829 2.2763226 2.2771789 2.278052 2.2789423 2.2798499 2.2807753 2.2817186 2.2826801 2.2836601 2.2846586 2.2856761 2.2867126 2.2877682 2.2888432 2.2899375 2.2910513 2.2921846
2.2513324 2.2517197 2.2521134 2.2525135 2.2529202 2.2533337 2.253754 2.2541814 2.2546161 2.2550581 2.2555077 2.255965 2.2564302 2.2569035 2.2573851 2.2578751 2.2583739 2.2588815 2.2593982 2.2599242 2.2604597 2.2610049 2.2615601 2.2621255 2.2627013 2.2632877 2.2638851 2.2644936 2.2651135 2.265745 2.2663885 2.2670442 2.2677123 2.2683931 2.269087 2.2697941 2.2705147 2.2712492 2.2719977 2.2727607 2.2735383 2.2743308 2.2751385 2.2759617 2.2768006 2.2776556 2.2785267 2.2794144 2.2803188 2.2812401 2.2821785 2.2831343 2.2841075 2.2850984 2.2861071 2.2871336 2.288178 2.2892404 2.2903207 2.291419
2.2512797 2.2516645 2.2520555 2.2524528 2.2528566 2.253267 2.2536842 2.2541083 2.2545395 2.254978 2.2554238 2.2558772 2.2563383 2.2568073 2.2572845 2.2577699 2.2582638 2.2587663 2.2592777 2.2597981 2.2603278 2.260867 2.2614158 2.2619746 2.2625434 2.2631226 2.2637123 2.2643129 2.2649245 2.2655473 2.2661817 2.2668278 2.2674859 2.2681563 2.2688392 2.2695348 2.2702434 2.2709653 2.2717007 2.2724498 2.2732129 2.2739903 2.2747821 2.2755887 2.2764102 2.2772468 2.2780989 2.2789665 2.2798499 2.2807492 2.2816646 2.2825963 2.2835443 2.2845088 2.2854899 2.2864875 2.2875017 2.2885325 2.2895798 2.2906435
2.2512216 2.2516037 2.2519919 2.2523864 2.2527871 2.2531944 2.2536083 2.254029 2.2544566 2.2548913 2.2553332 2.2557826 2.2562395 2.2567041 2.2571766 2.2576573 2.2581461 2.2586434 2.2591493 2.2596641 2.2601878 2.2607207 2.2612631 2.261815 2.2623767 2.2629485 2.2635305 2.2641229 2.264726 2.26534 2.2659651 2.2666015 2.2672495 2.2679092 2.268581 2.269265 2.2699614 2.2706706 2.2713926 2.2721278 2.2728764 2.2736385 2.2744143 2.2752042 2.2760082 2.2768266 2.2776595 2.2785071 2.2793695 2.2802469 2.2811394 2.2820471 2.2829701 2.2839083 2.284862 2.285831 2.2868153 2.2878149 2.2888296 2.2898594
2.2511582 2.2515375 2.2519228 2.2523142 2.2527119 2.2531159 2.2535263 2.2539435 2.2543674 2.2547983 2.2552362 2.2556813 2.2561339 2.256594 2.2570618 2.2575374 2.2580211 2.2585131 2.2590134 2.2595222 2.2600399 2.2605664 2.2611021 2.2616471 2.2622016 2.2627657 2.2633398 2.263924 2.2645185 2.2651234 2.2657391 2.2663656 2.2670033 2.2676523 2.2683128 2.2689851 2.2696693 2.2703656 2.2710742 2.2717954 2.2725292 2.273276 2.2740359 2.2748089 2.2755954 2.2763955 2.2772093 2.2780369 2.2788784 2.279734 2.2806037 2.2814876 2.2823857 2.283298 2.2842245 2.2851652 2.28612 2.2870888 2.2880715 2.2890678
2.2510895 2.2514659 2.2518482 2.2522365 2.2526309 2.2530315 2.2534385 2.253852 2.2542721 2.254699 2.2551328 2.2555736 2.2560217 2.2564771 2.25694 2.2574106 2.257889 2.2583754 2.25887 2.2593729 2.2598843 2.2604043 2.2609332 2.2614711 2.2620182 2.2625746 2.2631407 2.2637164 2.2643021 2.2648979 2.265504 2.2661206 2.2667479 2.267386 2.2680352 2.2686956 2.2693674 2.2700508 2.2707459 2.271453 2.2721721 2.2729035 2.2736473 2.2744036 2.2751726 2.2759544 2.2767491 2.2775567 2.2783775 2.2792113 2.2800584 2.2809186 2.2817921 2.2826787 2.2835784 2.2844912 2.2854169 2.2863553 2.2873064 2.2882698
2.2510157 2.2513892 2.2517684 2.2521534 2.2525444 2.2529416 2.2533449 2.2537546 2.2541708 2.2545936 2.2550231 2.2554596 2.255903 2.2563536 2.2568116 2.257277 2.25775 2.2582308 2.2587194 2.2592162 2.2597212 2.2602346 2.2607566 2.2612873 2.2618268 2.2623755 2.2629333 2.2635006 2.2640774 2.2646639 2.2652604 2.2658669 2.2664836 2.2671108 2.2677485 2.268397 2.2690563 2.2697267 2.2704082 2.2711012 2.2718055 2.2725215 2.2732493 2.2739888 2.2747403 2.2755039 2.2762795 2.2770674 2.2778674 2.2786798 2.2795043 2.2803412 2.2811902 2.2820514 2.2829246 2.2838098 2.2847068 2.2856154 2.2865354 2.2874665
2.2509369 2.2513072 2.2516832 2.252065 2.2524526 2.2528461 2.2532457 2.2536515 2.2540637 2.2544823 2.2549075 2.2553394 2.2557781 2.2562238 2.2566766 2.2571367 2.2576042 2.2580792 2.258562 2.2590525 2.259551 2.2600577 2.2605726 2.2610959 2.2616279 2.2621686 2.2627181 2.2632768 2.2638446 2.2644218 2.2650084 2.2656048 2.2662109 2.266827 2.2674532 2.2680897 2.2687365 2.2693938 2.2700618 2.2707405 2.2714301 2.2721307 2.2728424 2.2735652 2.2742993 2.2750447 2.2758014 2.2765696 2.2773491 2.27814 2.2789423 2.279756 2.2805809 2.2814169 2.2822641 2.2831221 2.2839909 2.2848701 2.2857596 2.286659
2.2508531 2.2512203 2.251593 2.2519714 2.2523554 2.2527452 2.253141 2.2535429 2.2539509 2.2543652 2.2547859 2.2552132 2.2556471 2.2560878 2.2565354 2.2569901 2.257452 2.2579211 2.2583977 2.2588819 2.2593739 2.2598737 2.2603815 2.2608974 2.2614216 2.2619542 2.2624954 2.2630453 2.2636041 2.2641718 2.2647486 2.2653347 2.2659302 2.2665351 2.2671498 2.2677741 2.2684084 2.2690527 2.269707 2.2703716 2.2710464 2.2717316 2.2724273 2.2731335 2.2738502 2.2745775 2.2753154 2.276064 2.2768231 2.2775929 2.2783731 2.2791638 2.2799649 2.2807762 2.2815976 2.2824289 2.2832699 2.2841203 2.2849798 2.2858482
2.2507646 2.2511285 2.2514979 2.2518727 2.252253 2.2526391 2.253031 2.2534288 2.2538326 2.2542425 2.2546586 2.2550812 2.2555102 2.2559458 2.2563881 2.2568373 2.2572934 2.2577566 2.258227 2.2587048 2.25919 2.2596829 2.2601834 2.2606918 2.2612082 2.2617327 2.2622655 2.2628066 2.2633561 2.2639143 2.2644813 2.265057 2.2656418 2.2662356 2.2668386 2.2674509 2.2680726 2.2687037 2.2693445 2.2699948 2.2706549 2.2713248 2.2720045 2.2726941 2.2733935 2.2741029 2.2748221 2.2755513 2.2762903 2.277039 2.2777975 2.2785656 2.2793431 2.28013 2.2809261 2.281731 2.2825447 2.2833668 2.284197 2.2850349
2.2506713 2.2510319 2.2513978 2.251769 2.2521457 2.2525279 2.2529158 2.2533094 2.2537089 2.2541143 2.2545258 2.2549435 2.2553675 2.2557979 2.2562349 2.2566784 2.2571287 2.2575859 2.2580501 2.2585213 2.2589998 2.2594856 2.2599788 2.2604796 2.2609881 2.2615044 2.2620286 2.2625608 2.2631012 2.2636498 2.2642067 2.2647722 2.2653461 2.2659287 2.2665201 2.2671203 2.2677294 2.2683475 2.2689746 2.2696108 2.2702562 2.2709108 2.2715746 2.2722477 2.27293 2.2736215 2.2743223 2.2750322 2.2757512 2.2764792 2.2772162 2.2779619 2.2787163 2.2794791 2.2802502 2.2810293 2.2818162 2.2826105 2.283412 2.2842201
2.2505735 2.2509307 2.251293 2.2516606 2.2520334 2.2524117 2.2527955 2.2531848 2.2535799 2.2539808 2.2543876 2.2548004 2.2552193 2.2556445 2.2560759 2.2565138 2.2569582 2.2574092 2.257867 2.2583317 2.2588033 2.259282 2.2597679 2.260261 2.2607615 2.2612695 2.2617851 2.2623084 2.2628395 2.2633785 2.2639254 2.2644805 2.2650436 2.265615 2.2661947 2.2667828 2.2673793 2.2679843 2.2685979 2.26922 2.2698508 2.2704902 2.2711382 2.2717949 2.2724602 2.273134 2.2738164 2.2745073 2.2752066 2.2759141 2.2766298 2.2773535 2.2780851 2.2788242 2.2795708 2.2803246 2.2810852 2.2818523 2.2826256 2.2834046
2.2504712 2.2508249 2.2511836 2.2515474 2.2519164 2.2522906 2.2526702 2.2530553 2.2534459 2.2538422 2.2542442 2.254652 2.2550657 2.2554855 2.2559114 2.2563435 2.256782 2.2572268 2.2576782 2.2581362 2.2586009 2.2590724 2.2595508 2.2600362 2.2605287 2.2610284 2.2615354 2.2620497 2.2625715 2.2631008 2.2636377 2.2641823 2.2647346 2.2652948 2.2658629 2.2664388 2.2670228 2.2676148 2.2682148 2.2688229 2.2694391 2.2700634 2.2706957 2.2713361 2.2719846 2.2726409 2.2733052 2.2739772 2.274657 2.2753443 2.2760391 2.2767411 2.2774502 2.2781661 2.2788886 2.2796175 2.2803523 2.2810928 2.2818385 2.2825891
2.2503645 2.2507146 2.2510697 2.2514297 2.2517947 2.2521649 2.2525402 2.2529209 2.253307 2.2536985 2.2540957 2.2544984 2.254907 2.2553213 2.2557416 2.2561679 2.2566003 2.2570389 2.2574838 2.257935 2.2583927 2.258857 2.2593279 2.2598055 2.26029 2.2607813 2.2612796 2.2617849 2.2622973 2.262817 2.2633438 2.263878 2.2644195 2.2649685 2.2655249 2.2660888 2.2666603 2.2672393 2.2678259 2.26842 2.2690217 2.269631 2.2702478 2.2708721 2.2715037 2.2721428 2.2727891 2.2734426 2.2741031 2.2747705 2.2754446 2.2761253 2.2768123 2.2775054 2.2782043 2.2789087 2.2796183 2.2803327 2.2810516 2.2817744
2.2502535 2.2506001 2.2509514 2.2513075 2.2516685 2.2520345 2.2524056 2.2527818 2.2531633 2.2535501 2.2539423 2.2543399 2.2547431 2.255152 2.2555666 2.255987 2.2564133 2.2568456 2.257284 2.2577284 2.2581791 2.2586361 2.2590995 2.2595693 2.2600456 2.2605285 2.2610181 2.2615144 2.2620175 2.2625274 2.2630442 2.2635679 2.2640987 2.2646364 2.2651813 2.2657332 2.2662921 2.2668582 2.2674314 2.2680117 2.268599 2.2691934 2.2697948 2.2704031 2.2710183 2.2716402 2.2722688 2.2729039 2.2735455 2.2741932 2.2748471 2.2755068 2.2761721 2.2768427 2.2775184 2.2781989 2.2788839 2.2795728 2.2802654 2.2809611
2.2501385 2.2504813 2.2508288 2.251181 2.2515379 2.2518997 2.2522664 2.2526382 2.253015 2.2533969 2.2537841 2.2541766 2.2545745 2.2549778 2.2553867 2.2558012 2.2562213 2.2566472 2.257079 2.2575166 2.2579603 2.2584099 2.2588657 2.2593277 2.2597958 2.2602703 2.2607512 2.2612384 2.2617322 2.2622324 2.2627391 2.2632525 2.2637724 2.264299 2.2648323 2.2653722 2.2659188 2.266472 2.2670319 2.2675984 2.2681715 2.2687512 2.2693373 2.2699298 2.2705286 2.2711336 2.2717447 2.2723618 2.2729846 2.2736131 2.274247 2.274886 2.27553 2.2761787 2.2768317 2.2774888 2.2781496 2.2788136 2.2794806 2.2801499
2.2500194 2.2503585 2.2507021 2.2510503 2.2514031 2.2517606 2.2521229 2.2524901 2.2528622 2.2532393 2.2536214 2.2540087 2.2544011 2.2547989 2.255202 2.2556105 2.2560244 2.2564439 2.2568691 2.2572998 2.2577364 2.2581787 2.2586269 2.2590809 2.259541 2.260007 2.2604791 2.2609574 2.2614417 2.2619322 2.262429 2.2629319 2.2634412 2.2639566 2.2644784 2.2650064 2.2655406 2.2660811 2.2666278 2.2671807 2.2677397 2.2683047 2.2688757 2.2694526 2.2700352 2.2706236 2.2712174 2.2718167 2.2724211 2.2730306 2.2736448 2.2742637 2.2748868 2.2755139 2.2761447 2.2767789 2.2774161 2.2780559 2.2786978 2.2793414
