Cobbity/QGIS/C2_Reading6.tif
NCOLS 299
NROWS 169
XLLCORNER 150.661
YLLCORNER -34.0268
CELLSIZE 1e-05
NODATA_VALUE -9999
[rows 0 to 26 of 169, columns 180 to 239 of 299]
7.7008401 7.6949146 7.6890598 7.6832767 7.6775661 7.6719287 7.666365 7.6608756 7.6554608 7.6501209 7.6448562 7.6396669 7.6345528 7.6295141 7.6245507 7.6196623 7.6148488 7.6101099 7.6054452 7.6008544 7.5963371 7.5918926 7.5875206 7.5832205 7.5789916 7.5748333 7.5707451 7.566726 7.5627756 7.5588929 7.5550774 7.5513281 7.5476443 7.5440251 7.5404699 7.5369776 7.5335476 7.5301789 7.5268707 7.5236221 7.5204323 7.5173004 7.5142255 7.5112069 7.5082435 7.5053346 7.5024793 7.4996767 7.4969261 7.4942265 7.4915771 7.4889771 7.4864257 7.483922 7.4814652 7.4790546 7.4766893 7.4743686 7.4720916 7.4698577
7.7006884 7.6946705 7.6887265 7.6828571 7.6770631 7.6713452 7.665704 7.6601399 7.6546532 7.6492442 7.6439131 7.6386599 7.6334847 7.6283874 7.6233678 7.6184257 7.6135608 7.6087729 7.6040614 7.599426 7.5948662 7.5903814 7.585971 7.5816345 7.5773711 7.5731802 7.569061 7.5650129 7.5610349 7.5571264 7.5532866 7.5495145 7.5458094 7.5421704 7.5385966 7.5350871 7.5316411 7.5282577 7.5249359 7.5216749 7.5184737 7.5153315 7.5122474 7.5092204 7.5062496 7.5033342 7.5004733 7.4976659 7.4949112 7.4922083 7.4895563 7.4869545 7.4844018 7.4818975 7.4794408 7.4770308 7.4746667 7.4723476 7.4700729 7.4678416
7.7004834 7.6943719 7.6883373 7.6823805 7.6765022 7.670703 7.6649835 7.659344 7.6537848 7.6483062 7.6429083 7.637591 7.6323544 7.6271983 7.6221224 7.6171266 7.6122104 7.6073735 7.6026154 7.5979357 7.5933337 7.5888088 7.5843604 7.5799878 7.5756904 7.5714672 7.5673177 7.5632409 7.5592361 7.5553023 7.5514387 7.5476445 7.5439187 7.5402604 7.5366688 7.5331427 7.5296815 7.526284 7.5229493 7.5196766 7.5164648 7.513313 7.5102203 7.5071856 7.5042082 7.501287 7.4984211 7.4956096 7.4928516 7.4901461 7.4874923 7.4848892 7.482336 7.4798319 7.4773759 7.4749671 7.4726048 7.4702882 7.4680163 7.4657883
7.7002228 7.6940162 7.6878899 7.6818446 7.675881 7.6699997 7.6642011 7.6584856 7.6528535 7.6473048 7.6418397 7.6364581 7.6311598 7.6259448 7.6208126 7.6157631 7.6107957 7.60591 7.6011055 7.5963816 7.5917377 7.5871731 7.5826871 7.578279 7.5739479 7.5696931 7.5655137 7.5614088 7.5573776 7.5534192 7.5495326 7.5457169 7.541971 7.5382942 7.5346853 7.5311435 7.5276676 7.5242568 7.52091 7.5176263 7.5144046 7.511244 7.5081434 7.5051019 7.5021185 7.4991923 7.4963222 7.4935073 7.4907466 7.4880393 7.4853844 7.4827809 7.4802279 7.4777246 7.47527 7.4728632 7.4705034 7.4681898 7.4659214 7.4636975
7.6999039 7.693601 7.6873818 7.6812469 7.6751971 7.6692328 7.6633545 7.6575624 7.6518568 7.6462376 7.640705 7.6352588 7.6298988 7.6246248 7.6194364 7.6143332 7.6093147 7.6043805 7.5995298 7.5947621 7.5900767 7.5854728 7.5809496 7.5765063 7.5721422 7.5678562 7.5636476 7.5595153 7.5554584 7.5514759 7.5475669 7.5437304 7.5399653 7.5362706 7.5326453 7.5290883 7.5255987 7.5221753 7.5188171 7.5155232 7.5122924 7.5091236 7.506016 7.5029684 7.4999799 7.4970494 7.4941758 7.4913583 7.4885959 7.4858875 7.4832321 7.4806289 7.4780769 7.4755751 7.4731226 7.4707186 7.4683621 7.4660522 7.463788 7.4615688
7.6995242 7.6931237 7.6868104 7.6805849 7.674448 7.6684 7.6624412 7.656572 7.6507924 7.6451025 7.6395021 7.6339911 7.6285693 7.6232363 7.6179917 7.6128349 7.6077656 7.602783 7.5978865 7.5930753 7.5883488 7.583706 7.5791462 7.5746684 7.5702717 7.5659552 7.5617179 7.5575589 7.553477 7.5494712 7.5455406 7.5416839 7.5379003 7.5341885 7.5305475 7.5269763 7.5234736 7.5200385 7.5166698 7.5133664 7.5101273 7.5069513 7.5038374 7.5007846 7.4977917 7.4948577 7.4919815 7.4891622 7.4863987 7.48369 7.481035 7.4784329 7.4758825 7.4733831 7.4709335 7.4685329 7.4661803 7.4638749 7.4616157 7.4594018
7.6990809 7.6925815 7.686173 7.679856 7.6736311 7.6674986 7.6614588 7.6555119 7.6496579 7.6438968 7.6382285 7.6326526 7.6271689 7.621777 7.6164762 7.6112662 7.6061462 7.6011156 7.5961736 7.5913194 7.5865522 7.5818711 7.5772752 7.5727634 7.5683349 7.5639885 7.5597233 7.5555382 7.551432 7.5474037 7.5434522 7.5395763 7.5357749 7.5320469 7.5283911 7.5248063 7.5212915 7.5178454 7.514467 7.5111551 7.5079085 7.5047261 7.5016068 7.4985495 7.4955531 7.4926165 7.4897386 7.4869183 7.4841545 7.4814463 7.4787925 7.4761923 7.4736444 7.471148 7.4687021 7.4663057 7.4639579 7.4616577 7.4594041 7.4571964
7.6985712 7.6919717 7.6854669 7.6790574 7.6727436 7.6665259 7.6604045 7.6543795 7.6484508 7.6426183 7.6368819 7.6312411 7.6256955 7.6202447 7.614888 7.6096249 7.6044546 7.5993764 7.5943893 7.5894926 7.5846853 7.5799664 7.575335 7.5707899 7.5663302 7.5619547 7.5576623 7.5534518 7.5493222 7.5452722 7.5413006 7.5374063 7.533588 7.5298446 7.5261748 7.5225775 7.5190513 7.5155953 7.512208 7.5088884 7.5056352 7.5024473 7.4993235 7.4962627 7.4932636 7.4903252 7.4874464 7.4846259 7.4818628 7.4791559 7.4765042 7.4739066 7.4713621 7.4688696 7.4664282 7.4640368 7.4616944 7.4594002 7.4571531 7.4549522
7.6979921 7.6912914 7.6846892 7.6781863 7.6717829 7.6654793 7.6592758 7.6531722 7.6471685 7.6412644 7.6354597 7.629754 7.6241466 7.6186371 7.6132248 7.6079089 7.6026887 7.5975632 7.5925316 7.5875929 7.5827461 7.5779901 7.5733238 7.5687462 7.564256 7.5598521 7.5555334 7.5512984 7.5471462 7.5430753 7.5390845 7.5351727 7.5313384 7.5275805 7.5238977 7.5202887 7.5167522 7.513287 7.5098919 7.5065655 7.5033067 7.5001142 7.4969868 7.4939233 7.4909226 7.4879833 7.4851044 7.4822847 7.4795231 7.4768184 7.4741696 7.4715755 7.4690351 7.4665474 7.4641112 7.4617256 7.4593895 7.457102 7.4548621 7.4526688
7.6973407 7.6905375 7.6838369 7.6772397 7.670746 7.664356 7.6580698 7.6518873 7.6458083 7.6398326 7.6339596 7.6281889 7.6225199 7.616952 7.6114843 7.606116 7.6008463 7.5956741 7.5905985 7.5856184 7.5807328 7.5759404 7.57124 7.5666306 7.5621108 7.5576794 7.5533351 7.5490766 7.5449026 7.5408117 7.5368027 7.5328743 7.529025 7.5252536 7.5215587 7.517939 7.5143931 7.5109198 7.5075178 7.5041856 7.5009221 7.497726 7.494596 7.4915308 7.4885292 7.48559 7.482712 7.479894 7.4771348 7.4744332 7.4717882 7.4691985 7.4666631 7.464181 7.4617509 7.4593719 7.4570429 7.454763 7.4525311 7.4503462
7.6966138 7.6897069 7.682907 7.6762146 7.6696299 7.6631529 7.6567837 7.650522 7.6443676 7.63832 7.6323788 7.6265434 7.620813 7.6151869 7.6096642 7.604244 7.5989253 7.593707 7.588588 7.5835673 7.5786435 7.5738154 7.5690819 7.5644415 7.5598929 7.5554349 7.5510659 7.5467848 7.54259 7.5384802 7.534454 7.53051 7.5266467 7.5228628 7.5191568 7.5155274 7.5119732 7.5084928 7.5050848 7.5017479 7.4984807 7.495282 7.4921503 7.4890844 7.486083 7.4831449 7.4802687 7.4774533 7.4746974 7.4719999 7.4693595 7.4667752 7.4642457 7.46177 7.4593469 7.4569753 7.4546543 7.4523828 7.4501596 7.4479839
7.695808 7.6887964 7.6818963 7.675108 7.6684316 7.6618672 7.6554145 7.6490734 7.6428435 7.6367241 7.6307148 7.6248148 7.6190233 7.6133394 7.6077622 7.6022906 7.5969235 7.5916597 7.5864981 7.5814374 7.5764763 7.5716135 7.5668475 7.5621771 7.5576007 7.553117 7.5487245 7.5444217 7.5402072 7.5360795 7.5320371 7.5280785 7.5242023 7.5204069 7.516691 7.513053 7.5094915 7.506005 7.5025922 7.4992516 7.4959818 7.4927814 7.4896491 7.4865835 7.4835833 7.4806472 7.4777739 7.4749621 7.4722105 7.469518 7.4668832 7.4643051 7.4617824 7.459314 7.4568988 7.4545356 7.4522234 7.4499611 7.4477475 7.4455819
7.6949201 7.6878027 7.6808015 7.6739166 7.667148 7.6604957 7.6539594 7.6475387 7.6412331 7.6350421 7.6289649 7.6230006 7.6171483 7.6114071 7.6057759 7.6002535 7.5948387 7.5895302 7.5843267 7.5792269 7.5742294 7.5693327 7.5645353 7.5598358 7.5552327 7.5507243 7.5463093 7.541986 7.5377528 7.5336083 7.5295508 7.5255788 7.5216907 7.517885 7.5141602 7.5105147 7.506947 7.5034556 7.500039 7.4966958 7.4934245 7.4902236 7.4870918 7.4840275 7.4810296 7.4780966 7.4752271 7.4724199 7.4696736 7.466987 7.4643589 7.4617879 7.459273 7.4568129 7.4544064 7.4520524 7.4497499 7.4474976 7.4452946 7.4431397
7.6939465 7.6867224 7.6796192 7.672637 7.6657758 7.6590352 7.652415 7.6459147 7.6395337 7.6332711 7.6271262 7.621098 7.6151855 7.6093875 7.6037029 7.5981303 7.5926686 7.5873162 7.5820717 7.5769338 7.5719008 7.5669712 7.5621434 7.5574159 7.5527871 7.5482552 7.5438188 7.539476 7.5352254 7.5310652 7.5269938 7.5230095 7.5191108 7.515296 7.5115635 7.5079116 7.5043389 7.5008438 7.4974246 7.4940799 7.4908081 7.4876079 7.4844776 7.4814158 7.4784212 7.4754923 7.4726278 7.4698262 7.4670862 7.4644066 7.4617861 7.4592233 7.456717 7.4542661 7.4518694 7.4495255 7.4472336 7.4449923 7.4428006 7.4406574
7.6928835 7.6855518 7.6783459 7.6712659 7.6643116 7.6574826 7.6507784 7.6441985 7.637742 7.6314082 7.625196 7.6191043 7.6131321 7.607278 7.6015407 7.5959188 7.590411 7.5850156 7.5797311 7.5745559 7.5694885 7.5645271 7.5596701 7.5549158 7.5502624 7.5457082 7.5412515 7.5368906 7.5326237 7.528449 7.5243649 7.5203697 7.5164615 7.5126388 7.5088998 7.5052429 7.5016663 7.4981686 7.494748 7.4914031 7.4881321 7.4849336 7.481806 7.4787478 7.4757577 7.472834 7.4699754 7.4671805 7.464448 7.4617764 7.4591644 7.4566108 7.4541142 7.4516735 7.4492874 7.4469546 7.4446741 7.4424447 7.4402652 7.4381346
7.6917275 7.6842873 7.6769781 7.6697998 7.662752 7.6558344 7.6490462 7.6423868 7.6358551 7.6294504 7.6231713 7.6170168 7.6109854 7.6050759 7.5992868 7.5936165 7.5880635 7.5826261 7.5773026 7.5720914 7.5669907 7.5619987 7.5571136 7.5523336 7.5476569 7.5430817 7.538606 7.5342282 7.5299463 7.5257585 7.521663 7.517658 7.5137418 7.5099124 7.5061682 7.5025075 7.4989284 7.4954294 7.4920086 7.4886646 7.4853956 7.4822 7.4790763 7.476023 7.4730384 7.4701211 7.4672696 7.4644825 7.4617584 7.4590959 7.4564936 7.4539502 7.4514643 7.4490347 7.4466602 7.4443395 7.4420714 7.4398548 7.4376884 7.4355712
7.6904745 7.6829251 7.675512 7.6682349 7.6610935 7.6540872 7.6472151 7.6404763 7.6338699 7.6273946 7.6210493 7.6148325 7.6087429 7.6027788 7.5969387 7.591221 7.5856238 7.5801455 7.5747842 7.5695381 7.5644053 7.5593839 7.5544721 7.5496677 7.5449691 7.5403741 7.5358809 7.5314875 7.5271919 7.5229924 7.5188869 7.5148736 7.5109505 7.5071159 7.5033678 7.4997046 7.4961243 7.4926252 7.4892056 7.4858638 7.482598 7.4794067 7.4762881 7.4732407 7.4702629 7.4673531 7.4645099 7.4617318 7.4590172 7.4563649 7.4537733 7.4512411 7.448767 7.4463496 7.4439877 7.44168 7.4394253 7.4372224 7.43507 7.4329672
7.6891206 7.6814612 7.6739437 7.6665677 7.6593325 7.6522375 7.6452816 7.6384639 7.6317831 7.6252379 7.618827 7.6125487 7.6064016 7.6003839 7.5944939 7.5887298 7.5830896 7.5775716 7.5721737 7.566894 7.5617305 7.5566811 7.5517438 7.5469165 7.5421973 7.537584 7.5330746 7.528667 7.5243593 7.5201494 7.5160353 7.5120151 7.5080867 7.5042482 7.5004977 7.4968333 7.4932531 7.4897554 7.4863383 7.483 7.4797387 7.4765529 7.4734406 7.4704005 7.4674306 7.4645296 7.4616959 7.4589278 7.456224 7.4535829 7.4510031 7.4484833 7.4460219 7.4436178 7.4412695 7.4389758 7.4367355 7.4345472 7.4324099 7.4303222
7.6876615 7.6798916 7.6722694 7.6647942 7.6574652 7.6502816 7.6432423 7.636346 7.6295914 7.622977 7.6165012 7.6101624 7.6039588 7.5978886 7.5919498 7.5861404 7.5804586 7.5749021 7.569469 7.5641571 7.5589642 7.5538882 7.5489269 7.5440782 7.5393399 7.5347098 7.5301857 7.5257656 7.5214472 7.5172285 7.5131073 7.5090816 7.5051493 7.5013084 7.4975569 7.4938928 7.4903142 7.4868192 7.4834059 7.4800725 7.4768171 7.4736381 7.4705335 7.4675018 7.4645413 7.4616503 7.4588272 7.4560704 7.4533784 7.4507498 7.4481829 7.4456765 7.443229 7.4408391 7.4385055 7.4362269 7.4340018 7.4318292 7.4297078 7.4276364
7.6860931 7.6782123 7.670485 7.6629105 7.6554878 7.648216 7.6410936 7.6341193 7.6272916 7.6206087 7.6140691 7.6076707 7.6014117 7.59529 7.5893037 7.5834505 7.5777283 7.5721348 7.5666679 7.5613252 7.5561045 7.5510035 7.5460198 7.5411512 7.5363954 7.5317501 7.5272129 7.5227818 7.5184543 7.5142283 7.5101016 7.5060719 7.5021373 7.4982955 7.4945445 7.4908823 7.4873067 7.4838159 7.4804079 7.4770808 7.4738327 7.4706618 7.4675662 7.4645443 7.4615943 7.4587146 7.4559034 7.4531591 7.4504802 7.4478651 7.4453124 7.4428205 7.440388 7.4380135 7.4356956 7.433433 7.4312243 7.4290683 7.4269638 7.4249095
7.6844109 7.6764187 7.6685863 7.6609125 7.6533964 7.6460367 7.6388318 7.6317802 7.6248801 7.6181298 7.6115273 7.6050705 7.5987573 7.5925856 7.5865531 7.5806574 7.5748963 7.5692674 7.5637682 7.5583964 7.5531495 7.5480251 7.5430207 7.5381339 7.5333622 7.5287033 7.5241548 7.5197143 7.5153793 7.5111477 7.5070171 7.5029852 7.4990498 7.4952088 7.4914598 7.4878009 7.4842299 7.4807448 7.4773436 7.4740242 7.4707848 7.4676234 7.4645383 7.4615276 7.4585894 7.4557222 7.4529242 7.4501937 7.4475291 7.4449288 7.4423913 7.4399151 7.4374987 7.4351406 7.4328395 7.430594 7.4284028 7.4262644 7.4241778 7.4221415
7.6826104 7.6745067 7.666569 7.6587962 7.651187 7.6437399 7.6364532 7.6293251 7.6223537 7.615537 7.6088728 7.6023588 7.5959928 7.5897725 7.5836952 7.5777587 7.5719603 7.5662976 7.5607678 7.5553686 7.5500972 7.5449512 7.5399278 7.5350245 7.5302388 7.5255682 7.52101 7.5165618 7.5122212 7.5079857 7.5038529 7.4998204 7.495886 7.4920473 7.488302 7.4846481 7.4810832 7.4776053 7.4742123 7.4709022 7.467673 7.4645226 7.4614493 7.4584511 7.4555262 7.4526729 7.4498893 7.4471738 7.4445248 7.4419405 7.4394195 7.4369602 7.434561 7.4322205 7.4299373 7.42771 7.4255371 7.4234175 7.4213497 7.4193325
7.6806869 7.6724715 7.6644288 7.6565573 7.6488555 7.6413217 7.633954 7.6267504 7.6197088 7.6128269 7.6061023 7.5995326 7.5931153 7.5868479 7.5807276 7.5747519 7.568918 7.5632231 7.5576647 7.5522398 7.5469458 7.54178 7.5367395 7.5318216 7.5270237 7.5223431 7.5177772 7.5133232 7.5089787 7.5047411 7.5006079 7.4965766 7.4926448 7.4888102 7.4850703 7.4814229 7.4778658 7.4743968 7.4710137 7.4677143 7.4644968 7.4613589 7.4582988 7.4553146 7.4524044 7.4495663 7.4467985 7.4440994 7.4414671 7.4389002 7.4363968 7.4339555 7.4315747 7.429253 7.4269888 7.4247807 7.4226273 7.4205274 7.4184795 7.4164824
7.6786356 7.6703087 7.6621612 7.6541915 7.6463978 7.6387781 7.6313304 7.6240525 7.6169419 7.6099961 7.6032126 7.5965888 7.5901219 7.583809 7.5776475 7.5716344 7.5657668 7.5600419 7.5544566 7.5490081 7.5436934 7.5385097 7.533454 7.5285236 7.5237155 7.5190269 7.514455 7.5099972 7.5056508 7.5014129 7.4972812 7.4932529 7.4893256 7.4854967 7.481764 7.4781249 7.4745773 7.4711187 7.467747 7.4644601 7.4612557 7.4581319 7.4550866 7.4521178 7.4492236 7.4464021 7.4436515 7.44097 7.4383559 7.4358075 7.4333231 7.4309011 7.4285399 7.426238 7.4239939 7.4218062 7.4196734 7.4175942 7.4155672 7.4135912
7.6764517 7.6680134 7.6597616 7.6516942 7.6438095 7.636105 7.6285785 7.6212275 7.6140493 7.6070413 7.6002006 7.5935243 7.5870095 7.5806532 7.5744523 7.5684038 7.5625046 7.5567515 7.5511415 7.5456714 7.5403381 7.5351387 7.5300699 7.5251289 7.5203126 7.5156181 7.5110424 7.5065828 7.5022363 7.4980002 7.4938718 7.4898484 7.4859274 7.4821062 7.4783824 7.4747534 7.4712169 7.4677706 7.464412 7.4611391 7.4579495 7.4548413 7.4518122 7.4488603 7.4459836 7.4431802 7.4404482 7.4377857 7.4351911 7.4326625 7.4301982 7.4277967 7.4254563 7.4231755 7.4209527 7.4187864 7.4166753 7.414618 7.4126129 7.4106589
7.67413 7.6655808 7.6572252 7.6490611 7.6410863 7.6332982 7.6256942 7.6182716 7.6110275 7.6039589 7.5970628 7.590336 7.5837754 7.5773776 7.5711395 7.5650577 7.5591289 7.5533499 7.5477173 7.5422278 7.5368782 7.5316652 7.5265855 7.5216361 7.5168138 7.5121155 7.5075381 7.5030787 7.4987342 7.4945019 7.4903789 7.4863623 7.4824496 7.478638 7.4749249 7.4713079 7.4677843 7.4643519 7.4610082 7.4577509 7.4545778 7.4514867 7.4484755 7.445542 7.4426843 7.4399004 7.4371884 7.4345463 7.4319725 7.429465 7.4270222 7.4246425 7.4223241 7.4200655 7.4178651 7.4157215 7.4136332 7.4115987 7.4096167 7.4076858
7.6716654 7.6630058 7.6545473 7.6462876 7.6382239 7.6303535 7.6226736 7.6151811 7.6078729 7.6007457 7.5937961 7.5870209 7.5804165 7.5739795 7.5677063 7.5615935 7.5556376 7.5498349 7.544182 7.5386755 7.5333118 7.5280876 7.5229994 7.5180439 7.5132178 7.5085179 7.503941 7.4994839 7.4951437 7.4909173 7.4868016 7.482794 7.4788915 7.4750914 7.471391 7.4677877 7.464279 7.4608622 7.4575351 7.4542952 7.4511402 7.4480679 7.4450761 7.4421627 7.4393255 7.4365625 7.4338719 7.4312517 7.4287 7.426215 7.423795 7.4214383 7.4191432 7.416908 7.4147313 7.4126114 7.410547 7.4085365 7.4065785 7.4046717
