Cobbity/QGIS/Smooth_OpenEM_C2.tif
NCOLS 299
NROWS 229
XLLCORNER 150.661
YLLCORNER -34.0274
CELLSIZE 1e-05
NODATA_VALUE -9999
[rows 192 to 215 of 229, columns 220 to 274 of 299]
0.074235901 0.074241804 0.074247773 0.074253801 0.07425988 0.074266003 0.074272165 0.074278359 0.07428458 0.074290822 0.074297082 0.074303354 0.074309635 0.07431592 0.074322206 0.074328491 0.07433477 0.074341041 0.074347301 0.074353549 0.074359781 0.074365996 0.074372191 0.074378365 0.074384517 0.074390645 0.074396747 0.074402822 0.074408869 0.074414888 0.074420876 0.074426833 0.074432759 0.074438652 0.074444512 0.074450338 0.07445613 0.074461887 0.074467609 0.074473296 0.074478946 0.07448456 0.074490138 0.074495679 0.074501183 0.07450665 0.074512079 0.074517471 0.074522826 0.074528143 0.074533423 0.074538665 0.07454387 0.074549037 0.074554167
0.074250129 0.074255719 0.074261382 0.074267111 0.074272898 0.074278736 0.074284619 0.07429054 0.074296495 0.074302478 0.074308485 0.07431451 0.07432055 0.0743266 0.074332657 0.074338718 0.074344779 0.074350837 0.07435689 0.074362935 0.07436897 0.074374992 0.074381 0.074386991 0.074392964 0.074398917 0.074404849 0.074410759 0.074416644 0.074422504 0.074428338 0.074434145 0.074439923 0.074445673 0.074451393 0.074457082 0.074462741 0.074468368 0.074473962 0.074479524 0.074485053 0.074490548 0.07449601 0.074501437 0.07450683 0.074512188 0.074517512 0.074522801 0.074528054 0.074533272 0.074538455 0.074543602 0.074548714 0.074553791 0.074558831
0.074264217 0.074269505 0.074274872 0.07428031 0.074285813 0.074291373 0.074296985 0.074302641 0.074308337 0.074314067 0.074319826 0.07432561 0.074331414 0.074337234 0.074343067 0.074348908 0.074354755 0.074360605 0.074366454 0.0743723 0.07437814 0.074383973 0.074389796 0.074395606 0.074401403 0.074407184 0.074412948 0.074418694 0.074424419 0.074430123 0.074435804 0.074441462 0.074447095 0.074452703 0.074458284 0.074463838 0.074469363 0.074474861 0.074480329 0.074485767 0.074491175 0.074496553 0.074501899 0.074507213 0.074512496 0.074517747 0.074522965 0.07452815 0.074533303 0.074538422 0.074543509 0.074548562 0.074553581 0.074558567 0.07456352
0.074278162 0.074283156 0.074288236 0.074293393 0.074298621 0.074303912 0.074309259 0.074314657 0.074320101 0.074325584 0.074331102 0.07433665 0.074342223 0.074347818 0.074353431 0.074359057 0.074364694 0.074370338 0.074375987 0.074381638 0.074387287 0.074392934 0.074398574 0.074404207 0.07440983 0.074415442 0.07442104 0.074426624 0.074432191 0.07443774 0.074443271 0.074448781 0.074454271 0.074459738 0.074465181 0.074470601 0.074475995 0.074481365 0.074486707 0.074492023 0.074497311 0.074502571 0.074507803 0.074513006 0.074518179 0.074523322 0.074528436 0.074533519 0.074538571 0.074543592 0.074548583 0.074553542 0.07455847 0.074563366 0.07456823
0.074291959 0.07429667 0.074301472 0.074306357 0.074311317 0.074316346 0.074321437 0.074326584 0.074331782 0.074337024 0.074342307 0.074347624 0.074352973 0.074358347 0.074363745 0.074369161 0.074374592 0.074380035 0.074385488 0.074390946 0.074396408 0.074401871 0.074407333 0.07441279 0.074418242 0.074423687 0.074429122 0.074434546 0.074439957 0.074445354 0.074450736 0.074456101 0.074461447 0.074466775 0.074472083 0.07447737 0.074482634 0.074487876 0.074493095 0.074498289 0.074503458 0.074508602 0.07451372 0.074518812 0.074523876 0.074528913 0.074533923 0.074538904 0.074543856 0.07454878 0.074553675 0.074558541 0.074563377 0.074568184 0.074572961
0.074305605 0.074310043 0.074314577 0.074319198 0.074323899 0.074328674 0.074333516 0.074338419 0.074343377 0.074348385 0.074353438 0.074358531 0.074363659 0.074368819 0.074374006 0.074379216 0.074384445 0.074389692 0.074394951 0.074400221 0.074405499 0.074410782 0.074416067 0.074421353 0.074426636 0.074431916 0.07443719 0.074442457 0.074447714 0.074452961 0.074458195 0.074463416 0.074468623 0.074473813 0.074478986 0.074484141 0.074489277 0.074494394 0.074499489 0.074504563 0.074509615 0.074514643 0.074519649 0.07452463 0.074529586 0.074534518 0.074539424 0.074544304 0.074549157 0.074553984 0.074558784 0.074563557 0.074568302 0.07457302 0.07457771
0.074319098 0.074323272 0.074327546 0.074331912 0.074336362 0.074340891 0.074345491 0.074350157 0.074354882 0.074359662 0.074364492 0.074369365 0.074374279 0.074379229 0.074384209 0.074389218 0.074394251 0.074399304 0.074404375 0.07440946 0.074414557 0.074419663 0.074424775 0.074429891 0.074435009 0.074440127 0.074445242 0.074450354 0.07445546 0.074460558 0.074465647 0.074470727 0.074475794 0.074480848 0.074485889 0.074490914 0.074495923 0.074500914 0.074505888 0.074510843 0.074515778 0.074520692 0.074525586 0.074530457 0.074535307 0.074540134 0.074544937 0.074549716 0.074554472 0.074559203 0.074563908 0.074568589 0.074573244 0.074577873 0.074582476
0.074332435 0.074336355 0.074340378 0.074344496 0.074348704 0.074352994 0.07435736 0.074361795 0.074366294 0.074370853 0.074375464 0.074380125 0.074384829 0.074389573 0.074394353 0.074399165 0.074404005 0.074408869 0.074413755 0.074418659 0.074423578 0.07442851 0.074433453 0.074438402 0.074443358 0.074448316 0.074453276 0.074458234 0.074463191 0.074468143 0.074473089 0.074478028 0.074482958 0.074487879 0.074492788 0.074497684 0.074502567 0.074507436 0.074512289 0.074517126 0.074521945 0.074526747 0.074531529 0.074536293 0.074541036 0.074545759 0.074550461 0.07455514 0.074559798 0.074564433 0.074569045 0.074573634 0.074578199 0.07458274 0.074587257
0.074345615 0.074349289 0.074353069 0.07435695 0.074360922 0.074364981 0.074369119 0.074373331 0.074377611 0.074381953 0.074386353 0.074390806 0.074395306 0.07439985 0.074404434 0.074409053 0.074413704 0.074418384 0.074423088 0.074427815 0.07443256 0.074437322 0.074442097 0.074446884 0.074451679 0.074456481 0.074461287 0.074466095 0.074470905 0.074475713 0.074480518 0.074485319 0.074490114 0.074494902 0.074499681 0.074504451 0.074509209 0.074513956 0.07451869 0.07452341 0.074528115 0.074532805 0.074537478 0.074542134 0.074546772 0.074551392 0.074555993 0.074560574 0.074565135 0.074569675 0.074574194 0.074578692 0.074583168 0.074587621 0.074592052
0.074358635 0.074362072 0.074365619 0.074369269 0.074373014 0.074376849 0.074380767 0.074384762 0.074388829 0.074392962 0.074397155 0.074401406 0.074405707 0.074410056 0.074414448 0.07441888 0.074423346 0.074427845 0.074432372 0.074436925 0.0744415 0.074446095 0.074450707 0.074455333 0.074459971 0.074464619 0.074469274 0.074473935 0.074478599 0.074483265 0.074487931 0.074492596 0.074497258 0.074501915 0.074506566 0.074511211 0.074515847 0.074520473 0.074525089 0.074529694 0.074534286 0.074538865 0.074543429 0.074547979 0.074552513 0.074557031 0.074561531 0.074566015 0.074570479 0.074574926 0.074579352 0.07458376 0.074588147 0.074592514 0.07459686
0.074371496 0.074374704 0.074378026 0.074381453 0.074384979 0.074388597 0.074392301 0.074396086 0.074399946 0.074403875 0.074407869 0.074411922 0.07441603 0.074420189 0.074424394 0.074428642 0.074432929 0.074437251 0.074441605 0.074445987 0.074450396 0.074454827 0.074459278 0.074463747 0.07446823 0.074472727 0.074477234 0.074481749 0.074486271 0.074490798 0.074495327 0.074499858 0.074504388 0.074508916 0.074513442 0.074517962 0.074522477 0.074526985 0.074531484 0.074535975 0.074540455 0.074544924 0.074549382 0.074553826 0.074558257 0.074562674 0.074567075 0.074571461 0.074575831 0.074580184 0.074584519 0.074588837 0.074593136 0.074597417 0.074601678
0.074384194 0.074387183 0.074390287 0.074393499 0.074396813 0.074400222 0.074403719 0.074407301 0.07441096 0.074414691 0.07441849 0.074422352 0.074426272 0.074430245 0.074434269 0.074438338 0.074442449 0.074446598 0.074450783 0.074454999 0.074459244 0.074463515 0.074467809 0.074472123 0.074476455 0.074480803 0.074485164 0.074489537 0.074493919 0.074498308 0.074502703 0.074507101 0.074511502 0.074515904 0.074520304 0.074524703 0.074529098 0.074533489 0.074537873 0.074542251 0.074546621 0.074550982 0.074555333 0.074559673 0.074564002 0.074568319 0.074572622 0.074576912 0.074581187 0.074585448 0.074589692 0.074593921 0.074598133 0.074602328 0.074606506
0.074396731 0.074399508 0.074402403 0.074405407 0.074408516 0.074411722 0.07441502 0.074418404 0.074421868 0.074425408 0.074429018 0.074432694 0.07443643 0.074440224 0.07444407 0.074447964 0.074451904 0.074455885 0.074459904 0.074463957 0.074468042 0.074472156 0.074476296 0.074480459 0.074484643 0.074488845 0.074493064 0.074497296 0.07450154 0.074505794 0.074510056 0.074514325 0.074518598 0.074522875 0.074527153 0.074531431 0.074535708 0.074539983 0.074544255 0.074548521 0.074552782 0.074557036 0.074561282 0.074565519 0.074569747 0.074573964 0.074578171 0.074582365 0.074586547 0.074590716 0.074594871 0.074599011 0.074603137 0.074607247 0.074611341
0.074409105 0.074411678 0.074414371 0.074417176 0.074420087 0.074423097 0.074426202 0.074429395 0.07443267 0.074436024 0.074439451 0.074442945 0.074446504 0.074450122 0.074453795 0.07445752 0.074461292 0.074465108 0.074468966 0.07447286 0.074476789 0.074480749 0.074484738 0.074488753 0.074492792 0.074496851 0.074500929 0.074505024 0.074509133 0.074513254 0.074517386 0.074521527 0.074525675 0.074529828 0.074533985 0.074538145 0.074542306 0.074546467 0.074550626 0.074554782 0.074558935 0.074563084 0.074567226 0.074571362 0.07457549 0.074579609 0.074583719 0.074587819 0.074591909 0.074595987 0.074600053 0.074604106 0.074608146 0.074612172 0.074616184
0.074421316 0.074423694 0.074426192 0.074428804 0.074431524 0.074434346 0.074437263 0.074440271 0.074443364 0.074446537 0.074449786 0.074453105 0.07445649 0.074459938 0.074463443 0.074467002 0.074470611 0.074474267 0.074477967 0.074481706 0.074485482 0.074489292 0.074493134 0.074497003 0.074500899 0.074504818 0.074508759 0.074512718 0.074516694 0.074520685 0.074524689 0.074528704 0.074532729 0.074536761 0.074540799 0.074544842 0.074548888 0.074552937 0.074556985 0.074561034 0.07456508 0.074569124 0.074573164 0.074577199 0.074581228 0.074585251 0.074589266 0.074593273 0.074597271 0.074601259 0.074605237 0.074609203 0.074613158 0.074617101 0.074621031
0.074433364 0.074435554 0.074437865 0.074440292 0.074442827 0.074445466 0.074448203 0.074451032 0.074453948 0.074456947 0.074460023 0.074463171 0.074466389 0.07446967 0.074473011 0.074476409 0.07447986 0.074483359 0.074486905 0.074490492 0.074494119 0.074497783 0.074501479 0.074505207 0.074508963 0.074512745 0.074516551 0.074520378 0.074524223 0.074528086 0.074531964 0.074535856 0.074539759 0.074543672 0.074547593 0.074551521 0.074555455 0.074559392 0.074563332 0.074567273 0.074571215 0.074575155 0.074579094 0.07458303 0.074586962 0.074590889 0.07459481 0.074598725 0.074602632 0.074606531 0.074610421 0.074614302 0.074618173 0.074622033 0.074625882
0.07444525 0.074447259 0.07444939 0.074451638 0.074453996 0.074456458 0.074459021 0.074461677 0.074464422 0.074467251 0.074470159 0.074473143 0.074476197 0.074479317 0.074482499 0.07448574 0.074489036 0.074492383 0.074495778 0.074499217 0.074502699 0.074506219 0.074509774 0.074513363 0.074516983 0.07452063 0.074524303 0.074528 0.074531718 0.074535455 0.07453921 0.07454298 0.074546764 0.074550559 0.074554365 0.07455818 0.074562002 0.07456583 0.074569663 0.074573499 0.074577337 0.074581176 0.074585015 0.074588853 0.074592688 0.074596521 0.074600349 0.074604172 0.07460799 0.074611801 0.074615605 0.074619401 0.074623189 0.074626967 0.074630736
0.074456974 0.074458809 0.074460767 0.074462842 0.074465029 0.074467322 0.074469715 0.074472204 0.074474784 0.074477449 0.074480195 0.074483018 0.074485913 0.074488877 0.074491905 0.074494993 0.074498138 0.074501336 0.074504585 0.07450788 0.074511219 0.074514599 0.074518016 0.074521469 0.074524955 0.074528471 0.074532015 0.074535584 0.074539176 0.07454279 0.074546424 0.074550074 0.074553741 0.074557421 0.074561114 0.074564818 0.07456853 0.074572251 0.074575978 0.07457971 0.074583446 0.074587185 0.074590925 0.074594666 0.074598407 0.074602145 0.074605882 0.074609615 0.074613345 0.074617069 0.074620787 0.074624499 0.074628205 0.074631902 0.074635591
0.074468537 0.074470204 0.074471996 0.074473905 0.074475927 0.074478056 0.074480287 0.074482614 0.074485033 0.07448754 0.074490129 0.074492796 0.074495538 0.074498349 0.074501226 0.074504166 0.074507165 0.074510218 0.074513324 0.074516478 0.074519679 0.074522921 0.074526204 0.074529524 0.074532879 0.074536266 0.074539683 0.074543127 0.074546597 0.07455009 0.074553604 0.074557138 0.074560689 0.074564256 0.074567838 0.074571432 0.074575037 0.074578652 0.074582274 0.074585904 0.07458954 0.07459318 0.074596823 0.074600468 0.074604115 0.074607762 0.074611408 0.074615052 0.074618694 0.074622332 0.074625966 0.074629595 0.074633218 0.074636836 0.074640446
0.074479939 0.074481446 0.074483077 0.074484827 0.07448669 0.074488661 0.074490734 0.074492905 0.07449517 0.074497523 0.07449996 0.074502476 0.074505068 0.074507732 0.074510463 0.074513259 0.074516114 0.074519027 0.074521994 0.074525011 0.074528076 0.074531185 0.074534336 0.074537527 0.074540753 0.074544014 0.074547307 0.074550629 0.074553978 0.074557353 0.07456075 0.074564169 0.074567607 0.074571063 0.074574535 0.074578021 0.07458152 0.074585031 0.074588551 0.07459208 0.074595617 0.074599159 0.074602707 0.074606258 0.074609812 0.074613368 0.074616924 0.074620481 0.074624036 0.074627589 0.07463114 0.074634687 0.07463823 0.074641767 0.0746453
0.074491181 0.074492534 0.074494011 0.074495607 0.074497317 0.074499136 0.074501058 0.074503078 0.074505193 0.074507397 0.074509687 0.074512057 0.074514505 0.074517025 0.074519614 0.07452227 0.074524987 0.074527762 0.074530594 0.074533477 0.07453641 0.074539389 0.074542411 0.074545475 0.074548576 0.074551714 0.074554885 0.074558087 0.074561318 0.074564577 0.07456786 0.074571166 0.074574493 0.07457784 0.074581204 0.074584585 0.07458798 0.074591388 0.074594807 0.074598237 0.074601676 0.074605123 0.074608576 0.074612034 0.074615497 0.074618963 0.074622431 0.0746259 0.07462937 0.07463284 0.074636308 0.074639774 0.074643237 0.074646696 0.074650151
0.074502264 0.074503469 0.074504799 0.074506247 0.07450781 0.074509482 0.074511257 0.074513132 0.074515103 0.074517163 0.07451931 0.074521539 0.074523846 0.074526227 0.074528679 0.074531198 0.07453378 0.074536422 0.074539122 0.074541875 0.074544679 0.07454753 0.074550427 0.074553367 0.074556347 0.074559364 0.074562416 0.074565501 0.074568617 0.074571761 0.074574932 0.074578127 0.074581346 0.074584585 0.074587844 0.074591121 0.074594413 0.07459772 0.074601041 0.074604373 0.074607716 0.074611068 0.074614428 0.074617795 0.074621168 0.074624545 0.074627926 0.07463131 0.074634696 0.074638082 0.074641469 0.074644854 0.074648238 0.07465162 0.074654999
0.07451319 0.074514253 0.074515441 0.074516747 0.074518168 0.074519698 0.074521333 0.074523068 0.074524898 0.07452682 0.074528829 0.074530921 0.074533092 0.074535338 0.074537656 0.074540043 0.074542494 0.074545006 0.074547577 0.074550203 0.074552882 0.07455561 0.074558384 0.074561203 0.074564063 0.074566962 0.074569898 0.074572868 0.074575871 0.074578904 0.074581965 0.074585052 0.074588164 0.074591298 0.074594453 0.074597628 0.07460082 0.074604028 0.074607251 0.074610487 0.074613735 0.074616994 0.074620263 0.07462354 0.074626824 0.074630114 0.074633409 0.074636708 0.074640011 0.074643315 0.074646621 0.074649928 0.074653234 0.074656539 0.074659843
0.074523959 0.074524887 0.074525938 0.074527108 0.074528392 0.074529786 0.074531285 0.074532884 0.07453458 0.074536367 0.074538243 0.074540202 0.074542241 0.074544357 0.074546545 0.074548803 0.074551127 0.074553513 0.074555959 0.074558462 0.074561018 0.074563625 0.07456628 0.074568981 0.074571725 0.074574509 0.074577331 0.074580189 0.074583081 0.074586005 0.074588958 0.074591939 0.074594946 0.074597977 0.07460103 0.074604104 0.074607198 0.074610309 0.074613436 0.074616578 0.074619733 0.0746229 0.074626079 0.074629267 0.074632463 0.074635667 0.074638878 0.074642094 0.074645314 0.074648538 0.074651764 0.074654993 0.074658222 0.074661451 0.07466468
