Cobbity/QGIS/Smooth_OpenEM_C2.tif
NCOLS 299
NROWS 229
XLLCORNER 150.661
YLLCORNER -34.0274
CELLSIZE 1e-05
NODATA_VALUE -9999
[rows 144 to 167 of 229, columns 220 to 274 of 299]
0.073607 0.073631556 0.073655421 0.073678632 0.073701222 0.073723221 0.073744659 0.073765562 0.073785954 0.073805857 0.073825293 0.073844282 0.073862842 0.073880989 0.073898741 0.073916111 0.073933114 0.073949764 0.073966072 0.073982051 0.073997711 0.074013063 0.074028117 0.074042882 0.074057367 0.074071581 0.074085532 0.074099227 0.074112673 0.074125879 0.074138849 0.074151592 0.074164112 0.074176416 0.07418851 0.074200398 0.074212086 0.07422358 0.074234883 0.074246001 0.074256938 0.074267698 0.074278285 0.074288705 0.074298959 0.074309053 0.07431899 0.074328773 0.074338407 0.074347893 0.074357236 0.074366438 0.074375502 0.074384433 0.074393231
0.073613712 0.07363812 0.073661838 0.073684903 0.073707347 0.073729203 0.073750498 0.073771259 0.073791511 0.073811276 0.073830576 0.073849431 0.073867858 0.073885875 0.073903498 0.073920743 0.073937622 0.073954151 0.07397034 0.073986202 0.074001748 0.074016988 0.074031932 0.07404659 0.074060971 0.074075082 0.074088933 0.074102531 0.074115882 0.074128995 0.074141875 0.074154529 0.074166963 0.074179184 0.074191196 0.074203004 0.074214615 0.074226033 0.074237263 0.07424831 0.074259177 0.07426987 0.074280392 0.074290747 0.07430094 0.074310974 0.074320852 0.074330578 0.074340155 0.074349588 0.074358878 0.074368029 0.074377044 0.074385927 0.074394678
0.073620827 0.073645068 0.073668622 0.073691525 0.073713809 0.073735507 0.073756647 0.073777256 0.073797357 0.073816974 0.073836129 0.07385484 0.073873127 0.073891006 0.073908494 0.073925606 0.073942355 0.073958756 0.073974821 0.073990561 0.074005987 0.07402111 0.074035941 0.074050487 0.074064759 0.074078764 0.074092511 0.074106008 0.07411926 0.074132277 0.074145063 0.074157626 0.074169971 0.074182104 0.074194032 0.074205758 0.074217289 0.074228629 0.074239783 0.074250755 0.074261551 0.074272174 0.074282627 0.074292917 0.074303045 0.074313016 0.074322833 0.0743325 0.07434202 0.074351396 0.074360632 0.07436973 0.074378694 0.074387526 0.074396229
0.07362835 0.073652406 0.073675778 0.073698502 0.073720612 0.073742138 0.07376311 0.073783554 0.073803494 0.073822953 0.073841952 0.073860511 0.073878649 0.073896383 0.073913728 0.0739307 0.073947313 0.073963581 0.073979515 0.073995127 0.074010429 0.074025431 0.074040142 0.074054573 0.074068731 0.074082626 0.074096265 0.074109656 0.074122807 0.074135723 0.074148412 0.07416088 0.074173133 0.074185176 0.074197016 0.074208657 0.074220105 0.074231364 0.07424244 0.074253336 0.074264057 0.074274607 0.07428499 0.074295211 0.074305272 0.074315178 0.074324932 0.074334538 0.074343998 0.074353317 0.074362496 0.074371539 0.07438045 0.07438923 0.074397883
0.073636287 0.073660137 0.073683309 0.073705838 0.073727757 0.073749098 0.073769888 0.073790155 0.073809922 0.073829212 0.073848046 0.073866444 0.073884425 0.073902005 0.0739192 0.073936026 0.073952496 0.073968623 0.073984421 0.0739999 0.074015072 0.074029947 0.074044535 0.074058845 0.074072885 0.074086666 0.074100193 0.074113475 0.07412652 0.074139333 0.074151921 0.074164291 0.074176448 0.074188399 0.074200148 0.074211701 0.074223063 0.074234238 0.074245232 0.074256049 0.074266693 0.074277169 0.074287479 0.074297629 0.074307621 0.07431746 0.074327149 0.074336691 0.07434609 0.074355348 0.074364469 0.074373456 0.074382311 0.074391037 0.074399638
0.073644639 0.073668264 0.073691217 0.073713533 0.073735246 0.073756387 0.073776982 0.073797059 0.073816642 0.073835752 0.073854412 0.073872639 0.073890454 0.073907872 0.073924909 0.073941581 0.073957901 0.073973882 0.073989537 0.074004878 0.074019914 0.074034658 0.074049117 0.074063302 0.074077221 0.074090882 0.074104294 0.074117463 0.074130397 0.074143104 0.074155588 0.074167856 0.074179915 0.074191769 0.074203425 0.074214887 0.07422616 0.074237249 0.074248159 0.074258895 0.074269459 0.074279857 0.074290092 0.074300169 0.07431009 0.07431986 0.074329481 0.074338958 0.074348293 0.074357489 0.074366549 0.074375477 0.074384276 0.074392947 0.074401493
0.073653408 0.073676787 0.073699502 0.073721589 0.07374308 0.073764005 0.073784392 0.073804267 0.073823653 0.073842573 0.073861047 0.073879095 0.073896735 0.073913982 0.073930854 0.073947365 0.073963528 0.073979357 0.073994864 0.074010059 0.074024955 0.074039561 0.074053887 0.074067942 0.074081735 0.074095273 0.074108565 0.074121618 0.074134438 0.074147034 0.07415941 0.074171574 0.074183531 0.074195286 0.074206845 0.074218213 0.074229395 0.074240395 0.074251219 0.07426187 0.074272353 0.074282671 0.074292829 0.07430283 0.074312677 0.074322376 0.074331928 0.074341336 0.074350606 0.074359738 0.074368736 0.074377604 0.074386343 0.074394956 0.074403447
0.073662593 0.073685705 0.073708163 0.073730003 0.073751256 0.073771952 0.073792117 0.073811776 0.073830955 0.073849673 0.073867952 0.07388581 0.073903266 0.073920335 0.073937033 0.073953376 0.073969375 0.073985045 0.074000397 0.074015443 0.074030192 0.074044656 0.074058844 0.074072764 0.074086426 0.074099837 0.074113005 0.074125937 0.074138641 0.074151122 0.074163387 0.074175443 0.074187295 0.074198948 0.074210407 0.074221678 0.074232766 0.074243675 0.074254409 0.074264974 0.074275372 0.074285608 0.074295686 0.074305609 0.074315381 0.074325006 0.074334486 0.074343826 0.074353027 0.074362093 0.074371028 0.074379833 0.074388511 0.074397066 0.074405499
0.07367219 0.073695015 0.073717199 0.073738775 0.073759773 0.073780224 0.073800153 0.073819585 0.073838544 0.073857049 0.073875123 0.073892782 0.073910045 0.073926927 0.073943445 0.073959611 0.07397544 0.073990945 0.074006136 0.074021025 0.074035623 0.07404994 0.074063984 0.074077765 0.074091292 0.074104571 0.074117611 0.074130419 0.074143002 0.074155365 0.074167517 0.074179461 0.074191204 0.074202752 0.074214109 0.074225281 0.074236272 0.074247086 0.074257729 0.074268204 0.074278515 0.074288667 0.074298663 0.074308506 0.074318201 0.07432775 0.074337156 0.074346424 0.074355556 0.074364554 0.074373423 0.074382163 0.07439078 0.074399273 0.074407648
0.073682196 0.073704714 0.073726604 0.073747898 0.073768627 0.073788819 0.073808498 0.07382769 0.073846417 0.0738647 0.073882557 0.073900008 0.073917069 0.073933757 0.073950085 0.073966069 0.07398172 0.073997053 0.074012077 0.074026805 0.074041246 0.07405541 0.074069306 0.074082944 0.07409633 0.074109474 0.074122382 0.074135062 0.07414752 0.074159762 0.074171796 0.074183626 0.074195258 0.074206697 0.074217949 0.074229018 0.074239909 0.074250627 0.074261175 0.074271559 0.074281781 0.074291846 0.074301757 0.074311519 0.074321133 0.074330605 0.074339936 0.07434913 0.07435819 0.074367119 0.074375919 0.074384594 0.074393146 0.074401578 0.074409891
0.073692602 0.073714794 0.073736373 0.07375737 0.073777813 0.073797731 0.073817148 0.073836088 0.073854571 0.07387262 0.073890252 0.073907485 0.073924336 0.07394082 0.073956952 0.073972745 0.073988213 0.074003367 0.074018218 0.074032779 0.074047057 0.074061064 0.074074807 0.074088296 0.074101538 0.074114542 0.074127315 0.074139862 0.074152192 0.07416431 0.074176222 0.074187935 0.074199452 0.07421078 0.074221924 0.074232888 0.074243677 0.074254295 0.074264747 0.074275036 0.074285167 0.074295143 0.074304968 0.074314645 0.074324178 0.074333569 0.074342823 0.074351942 0.074360928 0.074369786 0.074378517 0.074387124 0.07439561 0.074403977 0.074412228
0.073703403 0.07372525 0.073746499 0.073767182 0.073787326 0.073806956 0.073826097 0.073844772 0.073863002 0.073880806 0.073898202 0.073915208 0.07393184 0.073948113 0.073964041 0.073979637 0.073994914 0.074009883 0.074024556 0.074038943 0.074053054 0.074066898 0.074080484 0.07409382 0.074106914 0.074119774 0.074132406 0.074144818 0.074157016 0.074169006 0.074180794 0.074192386 0.074203786 0.074215 0.074226033 0.074236889 0.074247573 0.074258089 0.074268442 0.074278635 0.074288672 0.074298556 0.074308293 0.074317883 0.074327332 0.074336642 0.074345816 0.074354857 0.074363769 0.074372553 0.074381213 0.07438975 0.074398169 0.07440647 0.074414657
0.073714587 0.073736071 0.073756975 0.073777328 0.073797157 0.073816486 0.073835339 0.073853738 0.073871702 0.073889251 0.073906403 0.073923173 0.073939578 0.073955632 0.073971348 0.07398674 0.07400182 0.074016598 0.074031087 0.074045295 0.074059233 0.07407291 0.074086333 0.074099512 0.074112454 0.074125165 0.074137654 0.074149927 0.07416199 0.074173848 0.074185509 0.074196976 0.074208256 0.074219353 0.074230272 0.074241018 0.074251595 0.074262006 0.074272257 0.074282352 0.074292293 0.074302084 0.074311729 0.074321232 0.074330594 0.074339821 0.074348913 0.074357876 0.07436671 0.074375419 0.074384006 0.074392473 0.074400822 0.074409056 0.074417178
0.073726143 0.073747247 0.07376779 0.073787798 0.073807299 0.073826314 0.073844867 0.073862978 0.073880667 0.073897952 0.073914849 0.073931375 0.073947544 0.073963371 0.073978869 0.07399405 0.074008926 0.074023508 0.074037807 0.074051831 0.074065591 0.074079095 0.074092352 0.074105369 0.074118154 0.074130714 0.074143056 0.074155185 0.074167109 0.074178833 0.074190363 0.074201704 0.07421286 0.074223837 0.07423464 0.074245273 0.07425574 0.074266045 0.074276192 0.074286185 0.074296028 0.074305724 0.074315276 0.074324688 0.074333963 0.074343104 0.074352113 0.074360995 0.07436975 0.074378383 0.074386895 0.074395289 0.074403567 0.074411733 0.074419787
0.07373806 0.073758767 0.073778933 0.073798584 0.073817742 0.073836432 0.073854673 0.073872486 0.073889889 0.0739069 0.073923534 0.073939807 0.073955733 0.073971327 0.073986599 0.074001563 0.074016229 0.074030609 0.074044711 0.074058547 0.074072124 0.074085451 0.074098537 0.074111388 0.074124012 0.074136416 0.074148607 0.07416059 0.074172372 0.074183959 0.074195354 0.074206565 0.074217596 0.07422845 0.074239134 0.074249651 0.074260006 0.074270202 0.074280243 0.074290133 0.074299875 0.074309474 0.074318931 0.074328251 0.074337436 0.074346489 0.074355414 0.074364212 0.074372887 0.074381442 0.074389878 0.074398197 0.074406404 0.074414499 0.074422485
0.073750322 0.073770619 0.073790394 0.073809673 0.073828477 0.073846829 0.073864748 0.073882253 0.073899361 0.073916088 0.073932451 0.073948464 0.07396414 0.073979492 0.073994532 0.074009272 0.074023723 0.074037894 0.074051796 0.074065438 0.074078827 0.074091973 0.074104883 0.074117564 0.074130024 0.074142269 0.074154305 0.074166139 0.074177775 0.074189221 0.07420048 0.074211558 0.07422246 0.074233189 0.074243752 0.074254151 0.07426439 0.074274475 0.074284408 0.074294192 0.074303833 0.074313331 0.074322692 0.074331918 0.074341011 0.074349975 0.074358813 0.074367527 0.07437612 0.074384594 0.074392953 0.074401197 0.074409329 0.074417352 0.074425269
0.073762916 0.073782787 0.073802159 0.073821054 0.073839493 0.073857496 0.073875083 0.07389227 0.073909073 0.07392551 0.073941593 0.073957338 0.073972756 0.07398786 0.074002662 0.074017173 0.074031402 0.074045361 0.074059057 0.074072499 0.074085697 0.074098657 0.074111387 0.074123895 0.074136186 0.074148268 0.074160146 0.074171827 0.074183315 0.074194617 0.074205737 0.074216679 0.074227449 0.074238051 0.07424849 0.074258768 0.074268891 0.074278862 0.074288684 0.074298362 0.074307897 0.074317295 0.074326557 0.074335686 0.074344686 0.07435356 0.074362309 0.074370937 0.074379447 0.074387839 0.074396118 0.074404285 0.074412342 0.074420292 0.074428137
0.073775824 0.073795258 0.073814214 0.073832714 0.073850777 0.073868422 0.073885667 0.073902527 0.073919018 0.073935156 0.073950952 0.073966421 0.073981576 0.073996426 0.074010984 0.074025259 0.074039262 0.074053002 0.074066487 0.074079727 0.074092728 0.074105498 0.074118045 0.074130375 0.074142495 0.07415441 0.074166127 0.074177652 0.074188989 0.074200144 0.074211121 0.074221925 0.074232562 0.074243034 0.074253346 0.074263502 0.074273505 0.07428336 0.07429307 0.074302638 0.074312068 0.074321362 0.074330523 0.074339555 0.07434846 0.074357241 0.0743659 0.074374441 0.074382864 0.074391174 0.074399372 0.07440746 0.074415441 0.074423317 0.074431089
0.073789031 0.073808015 0.073826545 0.07384464 0.073862318 0.073879596 0.07389649 0.073913015 0.073929186 0.073945017 0.07396052 0.073975708 0.073990591 0.074005182 0.07401949 0.074033525 0.074047296 0.074060813 0.074074083 0.074087115 0.074099915 0.074112492 0.074124852 0.074137001 0.074148945 0.074160691 0.074172244 0.074183609 0.074194792 0.074205798 0.07421663 0.074227294 0.074237793 0.074248133 0.074258317 0.074268348 0.07427823 0.074287967 0.074297563 0.074307019 0.074316341 0.074325529 0.074334589 0.074343521 0.074352329 0.074361016 0.074369584 0.074378035 0.074386372 0.074394597 0.074402713 0.074410721 0.074418624 0.074426424 0.074434122
0.073802517 0.073821043 0.073839137 0.073856818 0.073874102 0.073891004 0.07390754 0.073923723 0.073939567 0.073955085 0.073970288 0.073985188 0.073999795 0.074014121 0.074028174 0.074041963 0.074055499 0.074068788 0.074081839 0.074094658 0.074107255 0.074119634 0.074131803 0.074143767 0.074155533 0.074167107 0.074178492 0.074189696 0.074200722 0.074211575 0.07422226 0.074232781 0.074243142 0.074253347 0.0742634 0.074273304 0.074283063 0.07429268 0.074302159 0.074311503 0.074320714 0.074329796 0.074338751 0.074347582 0.074356292 0.074364883 0.074373358 0.074381719 0.074389968 0.074398107 0.074406139 0.074414066 0.07442189 0.074429612 0.074437235
0.073816266 0.073834324 0.073851975 0.073869233 0.073886115 0.073902635 0.073918805 0.07393464 0.07395015 0.073965349 0.073980246 0.073994853 0.074009179 0.074023235 0.074037028 0.074050568 0.074063863 0.07407692 0.074089747 0.074102352 0.07411474 0.074126919 0.074138893 0.07415067 0.074162255 0.074173653 0.074184869 0.074195907 0.074206774 0.074217473 0.074228008 0.074238383 0.074248603 0.074258671 0.074268591 0.074278367 0.074288001 0.074297496 0.074306857 0.074316086 0.074325185 0.074334159 0.074343008 0.074351737 0.074360347 0.074368841 0.074377221 0.07438549 0.074393649 0.074401701 0.074409648 0.074417492 0.074425236 0.074432879 0.074440426
0.073830257 0.073847841 0.073865041 0.073881871 0.073898345 0.073914475 0.073930275 0.073945754 0.073960926 0.0739758 0.073990387 0.074004695 0.074018736 0.074032516 0.074046045 0.074059331 0.074072382 0.074085204 0.074097804 0.074110189 0.074122366 0.074134341 0.074146118 0.074157705 0.074169105 0.074180325 0.074191368 0.07420224 0.074212945 0.074223486 0.074233869 0.074244098 0.074254174 0.074264104 0.074273889 0.074283533 0.07429304 0.074302413 0.074311654 0.074320766 0.074329752 0.074338615 0.074347358 0.074355982 0.074364491 0.074372886 0.07438117 0.074389345 0.074397414 0.074405378 0.074413239 0.074420999 0.07442866 0.074436225 0.074443694
0.073844472 0.073861576 0.073878319 0.073894715 0.073910776 0.073926512 0.073941935 0.073957055 0.073971883 0.073986427 0.074000699 0.074014705 0.074028455 0.074041957 0.074055218 0.074068247 0.074081049 0.074093632 0.074106002 0.074118165 0.074130128 0.074141895 0.074153473 0.074164866 0.07417608 0.074187119 0.074197987 0.074208689 0.07421923 0.074229613 0.074239841 0.07424992 0.074259852 0.074269641 0.074279289 0.074288801 0.074298179 0.074307426 0.074316546 0.07432554 0.074334411 0.074343163 0.074351797 0.074360316 0.074368722 0.074377017 0.074385204 0.074393284 0.074401261 0.074409135 0.074416908 0.074424584 0.074432162 0.074439646 0.074447036
0.073858892 0.073875511 0.073891794 0.073907751 0.073923394 0.073938731 0.073953773 0.07396853 0.073983009 0.073997221 0.074011173 0.074024873 0.074038329 0.074051549 0.074064539 0.074077306 0.074089857 0.074102198 0.074114335 0.074126273 0.074138019 0.074149577 0.074160952 0.074172149 0.074183174 0.074194029 0.074204721 0.074215251 0.074225626 0.074235847 0.07424592 0.074255847 0.074265632 0.074275279 0.074284789 0.074294166 0.074303414 0.074312535 0.074321531 0.074330405 0.074339161 0.074347799 0.074356323 0.074364735 0.074373037 0.074381231 0.074389319 0.074397304 0.074405187 0.07441297 0.074420655 0.074428244 0.074435739 0.074443141 0.074450451
