Cobbity/QGIS/Smooth_DUALEM_C2.asc
NCOLS 299
NROWS 220
XLLCORNER 150.661
YLLCORNER -34.0275
CELLSIZE 1e-05
NODATA_VALUE -9999
[rows 78 to 103 of 220, columns 0 to 59 of 299]
13.402527 13.406473 13.410479 13.414547 13.418677 13.422872 13.427132 13.431461 13.435858 13.440325 13.444865 13.44948 13.45417 13.458937 13.463785 13.468714 13.473727 13.478826 13.484013 13.48929 13.49466 13.500125 13.505688 13.511351 13.517117 13.522989 13.52897 13.535062 13.541269 13.547595 13.554041 13.560613 13.567313 13.574146 13.581115 13.588224 13.595478 13.602882 13.610439 13.618154 13.626033 13.634081 13.642304 13.650706 13.659295 13.668076 13.677055 13.686241 13.695639 13.705258 13.715106 13.725191 13.735521 13.746106 13.756956 13.768081 13.779491 13.7912 13.803218 13.815558
13.400946 13.404868 13.40885 13.412893 13.416999 13.421168 13.425402 13.429704 13.434073 13.438513 13.443025 13.44761 13.45227 13.457008 13.461824 13.466721 13.471702 13.476767 13.48192 13.487163 13.492497 13.497926 13.503452 13.509076 13.514804 13.520636 13.526575 13.532626 13.53879 13.545072 13.551474 13.558 13.564653 13.571438 13.578359 13.585418 13.592621 13.599972 13.607476 13.615137 13.622961 13.630952 13.639117 13.64746 13.655988 13.664708 13.673626 13.682748 13.692082 13.701636 13.711418 13.721435 13.731698 13.742215 13.752996 13.764052 13.775395 13.787034 13.798984 13.811257
13.399311 13.403208 13.407165 13.411182 13.415261 13.419404 13.423611 13.427884 13.432225 13.436636 13.441117 13.445672 13.450301 13.455006 13.45979 13.464653 13.469599 13.47463 13.479747 13.484953 13.490249 13.495639 13.501126 13.50671 13.512396 13.518186 13.524082 13.530088 13.536207 13.542443 13.548797 13.555274 13.561878 13.568612 13.57548 13.582486 13.589635 13.59693 13.604377 13.61198 13.619744 13.627674 13.635776 13.644056 13.65252 13.661173 13.670024 13.679077 13.688342 13.697825 13.707534 13.717478 13.727667 13.738109 13.748815 13.759795 13.771061 13.782623 13.794497 13.806694
13.397622 13.401494 13.405425 13.409415 13.413466 13.417581 13.421759 13.426003 13.430314 13.434693 13.439144 13.443666 13.448262 13.452933 13.457682 13.462511 13.467421 13.472414 13.477493 13.48266 13.487917 13.493267 13.498711 13.504253 13.509896 13.515641 13.521491 13.527451 13.533522 13.539708 13.546012 13.552438 13.558989 13.565669 13.572481 13.579431 13.586521 13.593757 13.601143 13.608683 13.616383 13.624249 13.632284 13.640496 13.64889 13.657473 13.66625 13.67523 13.684419 13.693825 13.703456 13.713321 13.723429 13.733789 13.744412 13.755308 13.766489 13.777967 13.789755 13.801867
13.395881 13.399726 13.403629 13.407591 13.411614 13.415699 13.419847 13.42406 13.42834 13.432687 13.437104 13.441593 13.446154 13.45079 13.455503 13.460295 13.465167 13.470122 13.475161 13.480287 13.485502 13.490809 13.49621 13.501707 13.507303 13.513001 13.518804 13.524714 13.530734 13.536869 13.54312 13.549491 13.555986 13.562609 13.569363 13.576252 13.583281 13.590454 13.597775 13.605249 13.612882 13.620678 13.628642 13.636781 13.645101 13.653608 13.662307 13.671208 13.680316 13.689639 13.699186 13.708965 13.718985 13.729256 13.739789 13.750593 13.761682 13.773066 13.784759 13.796776
13.394088 13.397905 13.401779 13.405712 13.409705 13.413759 13.417876 13.422057 13.426303 13.430617 13.435 13.439453 13.443979 13.448578 13.453253 13.458006 13.462838 13.467752 13.47275 13.477834 13.483005 13.488268 13.493622 13.499073 13.504621 13.510269 13.516021 13.521879 13.527847 13.533926 13.540121 13.546435 13.552871 13.559434 13.566126 13.572952 13.579916 13.587022 13.594275 13.601679 13.60924 13.616962 13.624851 13.632913 13.641154 13.649579 13.658196 13.667012 13.676033 13.685267 13.694724 13.70441 13.714336 13.724511 13.734946 13.745651 13.756638 13.767919 13.779509 13.791421
13.392243 13.396031 13.399876 13.403778 13.40774 13.411762 13.415846 13.419994 13.424206 13.428485 13.432832 13.437248 13.441736 13.446297 13.450933 13.455645 13.460436 13.465308 13.470262 13.475301 13.480427 13.485643 13.49095 13.496351 13.501848 13.507445 13.513144 13.518948 13.52486 13.530882 13.537018 13.543272 13.549647 13.556146 13.562773 13.569532 13.576428 13.583463 13.590644 13.597975 13.60546 13.613104 13.620914 13.628894 13.63705 13.64539 13.653919 13.662644 13.671572 13.680712 13.690072 13.699659 13.709484 13.719555 13.729884 13.740481 13.751359 13.762529 13.774005 13.785802
13.390348 13.394106 13.397919 13.40179 13.405719 13.409708 13.413759 13.417871 13.422048 13.426291 13.430601 13.434979 13.439428 13.443948 13.448543 13.453214 13.457962 13.462789 13.467698 13.472691 13.47777 13.482936 13.488193 13.493543 13.498988 13.504531 13.510175 13.515922 13.521775 13.527737 13.533812 13.540003 13.546313 13.552746 13.559305 13.565994 13.572818 13.57978 13.586885 13.594138 13.601543 13.609105 13.616831 13.624724 13.632793 13.641041 13.649477 13.658106 13.666936 13.675976 13.685232 13.694714 13.70443 13.714391 13.724606 13.735088 13.745846 13.756896 13.768248 13.77992
13.388403 13.392129 13.39591 13.399748 13.403644 13.407599 13.411614 13.415691 13.419831 13.424036 13.428307 13.432646 13.437054 13.441533 13.446085 13.450712 13.455415 13.460197 13.465059 13.470004 13.475033 13.480149 13.485354 13.49065 13.496041 13.501528 13.507113 13.512801 13.518594 13.524494 13.530505 13.53663 13.542872 13.549236 13.555723 13.56234 13.569088 13.575973 13.582999 13.59017 13.597491 13.604968 13.612605 13.620408 13.628383 13.636535 13.644872 13.653401 13.662127 13.67106 13.680207 13.689576 13.699177 13.70902 13.719114 13.729471 13.740103 13.751021 13.762241 13.773776
13.386408 13.390102 13.39385 13.397654 13.401515 13.405434 13.409413 13.413453 13.417555 13.421721 13.425952 13.43025 13.434616 13.439052 13.44356 13.448142 13.452799 13.457533 13.462347 13.467241 13.472219 13.477282 13.482433 13.487674 13.493008 13.498436 13.503962 13.509589 13.515318 13.521153 13.527098 13.533154 13.539326 13.545617 13.552031 13.558571 13.565241 13.572045 13.578988 13.586074 13.593308 13.600694 13.608238 13.615946 13.623823 13.631875 13.640108 13.64853 13.657147 13.665967 13.674998 13.684249 13.693728 13.703445 13.71341 13.723634 13.73413 13.744909 13.755985 13.767374
13.384364 13.388025 13.391739 13.395508 13.399333 13.403216 13.407157 13.411158 13.415221 13.419347 13.423536 13.427792 13.432115 13.436507 13.440969 13.445504 13.450113 13.454798 13.459561 13.464404 13.469329 13.474338 13.479433 13.484616 13.489891 13.495259 13.500723 13.506285 13.511949 13.517717 13.523592 13.529578 13.535677 13.541893 13.548229 13.554689 13.561278 13.567998 13.574854 13.581852 13.588994 13.596286 13.603734 13.611342 13.619116 13.627063 13.635188 13.643497 13.652 13.660701 13.66961 13.678735 13.688085 13.697669 13.707497 13.717581 13.727931 13.738561 13.749484 13.760715
13.382272 13.385899 13.389578 13.393311 13.397099 13.400944 13.404847 13.408808 13.41283 13.416914 13.421062 13.425273 13.429552 13.433898 13.438313 13.4428 13.447359 13.451994 13.456704 13.461494 13.466364 13.471316 13.476354 13.481478 13.486692 13.491997 13.497397 13.502893 13.508489 13.514187 13.519991 13.525902 13.531926 13.538064 13.54432 13.550698 13.557201 13.563834 13.570601 13.577505 13.584553 13.591747 13.599094 13.606598 13.614265 13.622101 13.630113 13.638305 13.646687 13.655264 13.664045 13.673038 13.682252 13.691695 13.701379 13.711314 13.72151 13.731982 13.742741 13.753803
13.380133 13.383724 13.387367 13.391063 13.394814 13.39862 13.402483 13.406404 13.410384 13.414425 13.418528 13.422695 13.426927 13.431226 13.435593 13.44003 13.444539 13.44912 13.453778 13.458512 13.463325 13.46822 13.473198 13.478261 13.483411 13.488652 13.493985 13.499414 13.504939 13.510565 13.516295 13.52213 13.528075 13.534132 13.540305 13.546598 13.553013 13.559556 13.566229 13.573038 13.579986 13.587079 13.594321 13.601717 13.609273 13.616994 13.624887 13.632957 13.641213 13.64966 13.658307 13.667162 13.676232 13.685528 13.69506 13.704837 13.714871 13.725175 13.735761 13.746643
13.377948 13.381503 13.385108 13.388766 13.392478 13.396244 13.400066 13.403945 13.407882 13.41188 13.415938 13.420058 13.424243 13.428493 13.43281 13.437196 13.441652 13.44618 13.450782 13.45546 13.460215 13.46505 13.469966 13.474966 13.480052 13.485226 13.490491 13.495849 13.501302 13.506854 13.512507 13.518263 13.524127 13.530101 13.536188 13.542393 13.548717 13.555166 13.561743 13.568452 13.575298 13.582285 13.589418 13.596702 13.604142 13.611744 13.619513 13.627457 13.635581 13.643893 13.6524 13.661109 13.670031 13.679172 13.688544 13.698156 13.708019 13.718145 13.728548 13.73924
13.375717 13.379234 13.382802 13.386421 13.390093 13.393818 13.397598 13.401434 13.405327 13.409279 13.413291 13.417364 13.4215 13.4257 13.429966 13.4343 13.438702 13.443175 13.44772 13.452339 13.457034 13.461808 13.466661 13.471596 13.476615 13.481721 13.486915 13.4922 13.497579 13.503054 13.508628 13.514304 13.520084 13.525972 13.531971 13.538084 13.544315 13.550667 13.557144 13.563751 13.570491 13.577369 13.584389 13.591556 13.598876 13.606355 13.613996 13.621808 13.629796 13.637966 13.646327 13.654886 13.663651 13.672631 13.681836 13.691275 13.700958 13.710899 13.721108 13.7316
13.373441 13.376921 13.380449 13.384028 13.387659 13.391342 13.395079 13.398871 13.402719 13.406625 13.410589 13.414614 13.4187 13.422849 13.427062 13.431342 13.435689 13.440105 13.444592 13.449151 13.453785 13.458495 13.463283 13.468152 13.473102 13.478138 13.483259 13.48847 13.493773 13.499169 13.504662 13.510254 13.515948 13.521748 13.527656 13.533675 13.539809 13.546062 13.552436 13.558937 13.565567 13.572332 13.579236 13.586284 13.59348 13.60083 13.608339 13.616014 13.62386 13.631885 13.640094 13.648497 13.657099 13.665911 13.674941 13.684199 13.693696 13.703441 13.713448 13.72373
13.371122 13.374562 13.378051 13.381589 13.385177 13.388818 13.392511 13.396258 13.400059 13.403918 13.407834 13.411808 13.415843 13.41994 13.4241 13.428324 13.432614 13.436972 13.441399 13.445897 13.450468 13.455113 13.459835 13.464635 13.469516 13.474479 13.479526 13.484661 13.489885 13.4952 13.50061 13.506116 13.511722 13.517431 13.523245 13.529168 13.535203 13.541353 13.547622 13.554013 13.560531 13.56718 13.573964 13.580888 13.587956 13.595174 13.602547 13.61008 13.61778 13.625653 13.633706 13.641946 13.65038 13.659018 13.667866 13.676936 13.686237 13.695779 13.705575 13.715637
13.368759 13.37216 13.375607 13.379104 13.382649 13.386246 13.389894 13.393595 13.397349 13.401159 13.405025 13.408949 13.412932 13.416975 13.421079 13.425247 13.429479 13.433778 13.438144 13.442579 13.447086 13.451665 13.456318 13.461049 13.465857 13.470746 13.475718 13.480774 13.485917 13.49115 13.496474 13.501893 13.507409 13.513024 13.518742 13.524566 13.530499 13.536544 13.542704 13.548983 13.555386 13.561916 13.568576 13.575373 13.582309 13.589391 13.596623 13.60401 13.611559 13.619276 13.627167 13.635239 13.643499 13.651956 13.660617 13.669492 13.678589 13.687921 13.697496 13.707328
13.366355 13.369714 13.37312 13.376574 13.380076 13.383628 13.38723 13.390883 13.39459 13.39835 13.402166 13.406037 13.409967 13.413955 13.418003 13.422113 13.426286 13.430524 13.434828 13.439199 13.443639 13.448151 13.452735 13.457394 13.462129 13.466942 13.471836 13.476812 13.481873 13.487021 13.492258 13.497587 13.50301 13.50853 13.51415 13.519872 13.5257 13.531637 13.537686 13.543851 13.550135 13.556542 13.563076 13.569742 13.576543 13.583485 13.590572 13.597809 13.605203 13.612759 13.620483 13.628382 13.636463 13.644733 13.6532 13.661873 13.67076 13.679873 13.68922 13.698814
13.363909 13.367227 13.370591 13.374001 13.377458 13.380964 13.384519 13.388125 13.391782 13.395492 13.399256 13.403074 13.406949 13.410882 13.414873 13.418924 13.423037 13.427212 13.431452 13.435758 13.440131 13.444573 13.449087 13.453672 13.458332 13.463068 13.467883 13.472777 13.477754 13.482815 13.487963 13.4932 13.498529 13.503951 13.50947 13.515089 13.52081 13.526637 13.532572 13.538619 13.544782 13.551063 13.557468 13.563999 13.570662 13.57746 13.584399 13.591482 13.598717 13.606107 13.61366 13.621381 13.629277 13.637354 13.645622 13.654087 13.662758 13.671644 13.680756 13.690104
13.361423 13.364699 13.368019 13.371385 13.374797 13.378256 13.381764 13.38532 13.388927 13.392586 13.396297 13.400062 13.403881 13.407756 13.411689 13.41568 13.419731 13.423844 13.428019 13.432258 13.436562 13.440934 13.445375 13.449886 13.45447 13.459127 13.463861 13.468672 13.473563 13.478535 13.483592 13.488736 13.493967 13.49929 13.504707 13.51022 13.515832 13.521546 13.527365 13.533292 13.53933 13.545484 13.551755 13.55815 13.564671 13.571322 13.578108 13.585035 13.592106 13.599327 13.606704 13.614242 13.621948 13.629829 13.637891 13.646142 13.65459 13.663244 13.672113 13.681207
13.358898 13.36213 13.365407 13.368727 13.372093 13.375505 13.378964 13.382471 13.386027 13.389633 13.393291 13.397 13.400763 13.404581 13.408454 13.412384 13.416372 13.42042 13.424529 13.4287 13.432935 13.437236 13.441603 13.446038 13.450544 13.455121 13.459772 13.464498 13.469301 13.474184 13.479148 13.484196 13.48933 13.494551 13.499863 13.505268 13.510769 13.516368 13.522068 13.527872 13.533784 13.539807 13.545943 13.552198 13.558574 13.565075 13.571706 13.578471 13.585376 13.592424 13.59962 13.606972 13.614484 13.622162 13.630014 13.638046 13.646266 13.654681 13.663301 13.672134
13.356334 13.359523 13.362755 13.366029 13.369348 13.372712 13.376122 13.379578 13.383082 13.386635 13.390238 13.393892 13.397597 13.401356 13.405169 13.409037 13.412961 13.416944 13.420986 13.425088 13.429252 13.433479 13.437771 13.442129 13.446556 13.451051 13.455618 13.460258 13.464973 13.469764 13.474634 13.479584 13.484618 13.489736 13.494941 13.500237 13.505624 13.511106 13.516685 13.522365 13.528148 13.534037 13.540036 13.546148 13.552376 13.558724 13.565197 13.571798 13.578532 13.585403 13.592417 13.599577 13.606891 13.614363 13.622 13.629808 13.637794 13.645965 13.65433 13.662896
13.353733 13.356878 13.360064 13.363292 13.366563 13.369878 13.373238 13.376643 13.380094 13.383593 13.387141 13.390737 13.394385 13.398083 13.401835 13.40564 13.4095 13.413416 13.417389 13.421421 13.425513 13.429667 13.433882 13.438163 13.442508 13.446921 13.451403 13.455955 13.460579 13.465277 13.470051 13.474903 13.479835 13.484848 13.489945 13.495129 13.500401 13.505764 13.511221 13.516774 13.522425 13.528179 13.534038 13.540004 13.546082 13.552275 13.558587 13.565021 13.571581 13.578272 13.585099 13.592065 13.599177 13.606439 13.613856 13.621436 13.629184 13.637107 13.645211 13.653506
13.351097 13.354196 13.357336 13.360517 13.36374 13.367005 13.370313 13.373666 13.377064 13.380509 13.384 13.387539 13.391127 13.394765 13.398454 13.402195 13.40599 13.409838 13.413743 13.417703 13.421722 13.4258 13.429939 13.43414 13.438403 13.442732 13.447127 13.451591 13.456123 13.460727 13.465404 13.470155 13.474984 13.479891 13.484878 13.489948 13.495104 13.500346 13.505678 13.511102 13.516621 13.522237 13.527953 13.533772 13.539698 13.545733 13.551881 13.558145 13.564529 13.571037 13.577674 13.584443 13.591349 13.598397 13.605592 13.61294 13.620445 13.628115 13.635955 13.643973
13.348424 13.351478 13.354571 13.357704 13.360878 13.364093 13.36735 13.37065 13.373994 13.377383 13.380817 13.384298 13.387826 13.391402 13.395028 13.398705 13.402432 13.406213 13.410047 13.413936 13.41788 13.421882 13.425943 13.430063 13.434244 13.438487 13.442795 13.447168 13.451608 13.456116 13.460694 13.465344 13.470068 13.474867 13.479743 13.484698 13.489735 13.494855 13.500061 13.505354 13.510738 13.516215 13.521787 13.527457 13.533228 13.539102 13.545084 13.551176 13.557382 13.563705 13.570149 13.576718 13.583416 13.590247 13.597216 13.604328 13.611588 13.619001 13.626574 13.63431
