Cobbity/QGIS/Smooth_DUALEM_C2.asc
NCOLS 299
NROWS 220
XLLCORNER 150.661
YLLCORNER -34.0275
CELLSIZE 1e-05
NODATA_VALUE -9999
[rows 78 to 103 of 220, columns 180 to 239 of 299]
11.87906 11.92837 12.006574 12.042556 11.968821 11.936965 11.918487 11.902197 11.878655 11.858387 11.88401 11.90994 11.920577 11.926299 11.932199 11.939466 11.948065 11.957695 11.96805 11.97888 11.98999 12.001231 12.012492 12.023693 12.034774 12.045694 12.056423 12.066943 12.07724 12.087308 12.097145 12.106751 12.116127 12.125279 12.134211 12.142928 12.151436 12.159742 12.167852 12.175773 12.18351 12.191071 12.19846 12.205685 12.21275 12.219661 12.226424 12.233043 12.239523 12.245868 12.252084 12.258175 12.264144 12.269995 12.275732 12.281359 12.286879 12.292296 12.297611 12.302829
11.893752 11.942234 11.981858 11.981594 11.953279 11.928627 11.910058 11.889729 11.849962 11.8 11.848906 11.890465 11.909752 11.921223 11.930597 11.93982 11.949452 11.959569 11.970089 11.980891 11.991862 12.002903 12.013935 12.024897 12.035742 12.046434 12.05695 12.067272 12.077387 12.08729 12.096977 12.106447 12.115702 12.124744 12.133578 12.142207 12.150637 12.158873 12.166921 12.174787 12.182476 12.189993 12.197345 12.204536 12.211572 12.218458 12.225199 12.231799 12.238263 12.244596 12.250801 12.256882 12.262844 12.268691 12.274424 12.280049 12.285569 12.290985 12.296302 12.301523
11.908319 11.97096 12.052687 11.984007 11.94238 11.918957 11.900637 11.882609 11.85994 11.841991 11.86033 11.885513 11.903322 11.916681 11.928136 11.93894 11.949628 11.960391 11.971263 11.98222 11.993212 12.004189 12.015104 12.025918 12.0366 12.047125 12.057473 12.067634 12.077596 12.087356 12.09691 12.106257 12.115399 12.124339 12.133079 12.141623 12.149977 12.158144 12.16613 12.173939 12.181578 12.18905 12.196362 12.203518 12.210522 12.21738 12.224097 12.230675 12.237121 12.243438 12.249629 12.2557 12.261652 12.267491 12.273218 12.278839 12.284355 12.289769 12.295086 12.300306
11.920491 11.967643 11.996863 11.965629 11.930888 11.907038 11.887457 11.869759 11.857188 11.856418 11.866895 11.882516 11.898071 11.912172 11.925067 11.937213 11.948938 11.960428 11.971773 11.983008 11.994139 12.005155 12.016042 12.026783 12.037363 12.047769 12.057992 12.068024 12.07786 12.087497 12.096934 12.106171 12.11521 12.124054 12.132706 12.141169 12.149448 12.157547 12.165471 12.173224 12.180811 12.188238 12.195508 12.202626 12.209597 12.216425 12.223114 12.22967 12.236094 12.242393 12.248568 12.254624 12.260565 12.266393 12.272113 12.277726 12.283237 12.288647 12.293961 12.299179
11.936768 12.015876 11.994394 11.945834 11.915731 11.890909 11.867962 11.843974 11.823056 11.833583 11.855329 11.874153 11.891194 11.906858 11.921319 11.934825 11.94762 11.959899 11.971794 11.983392 11.994742 12.005873 12.016798 12.027524 12.038051 12.048382 12.058513 12.068445 12.078177 12.08771 12.097044 12.106183 12.115129 12.123884 12.132452 12.140837 12.149044 12.157076 12.164939 12.172636 12.180171 12.18755 12.194777 12.201857 12.208792 12.215588 12.222249 12.228778 12.23518 12.241457 12.247614 12.253655 12.259581 12.265397 12.271106 12.27671 12.282213 12.287617 12.292925 12.29814
11.937474 11.988826 11.974742 11.930236 11.897932 11.868671 11.841162 11.818215 11.801281 11.813441 11.838841 11.861819 11.88222 11.900458 11.916905 11.931932 11.945873 11.958994 11.971491 11.983503 11.995124 12.006419 12.017428 12.02818 12.038693 12.048979 12.059046 12.068901 12.078549 12.087994 12.097239 12.10629 12.115149 12.123822 12.132312 12.140623 12.14876 12.156727 12.164529 12.172169 12.179653 12.186984 12.194167 12.201206 12.208105 12.214867 12.221497 12.227999 12.234375 12.24063 12.246767 12.252788 12.258699 12.2645 12.270196 12.275789 12.281282 12.286678 12.291979 12.297188
11.947998 11.978422 11.945901 11.910871 11.875285 11.835183 11.793964 11.772012 11.780119 11.794403 11.818562 11.846383 11.87154 11.893219 11.912055 11.928765 11.943911 11.957899 11.971016 11.983463 11.995381 12.006867 12.017989 12.028795 12.039319 12.049583 12.059607 12.069403 12.078982 12.088351 12.097518 12.106489 12.11527 12.123866 12.132282 12.140522 12.148591 12.156495 12.164237 12.171821 12.179253 12.186536 12.193674 12.200671 12.207531 12.214258 12.220856 12.227328 12.233677 12.239908 12.246022 12.252024 12.257915 12.263701 12.269382 12.274962 12.280443 12.285829 12.291121 12.296322
11.955743 12.000055 11.93771 11.892912 11.847558 11.783646 11.691787 11.617156 11.64999 11.725639 11.784224 11.827186 11.859855 11.885762 11.907206 11.925637 11.941971 11.9568 11.970518 11.983392 11.995606 12.007291 12.018537 12.029411 12.039959 12.050218 12.060212 12.069961 12.079482 12.088786 12.097883 12.106782 12.11549 12.124013 12.132359 12.140531 12.148535 12.156376 12.164059 12.171588 12.178967 12.186201 12.193293 12.200248 12.207069 12.213759 12.220323 12.226764 12.233084 12.239288 12.245378 12.251358 12.25723 12.262997 12.268661 12.274226 12.279694 12.285068 12.290349 12.29554
11.940211 11.941934 11.913327 11.873116 11.818088 11.721743 11.516192 11.228691 11.387825 11.627271 11.744767 11.808099 11.84907 11.8791 11.902938 11.92291 11.9403 11.955878 11.970135 11.983396 11.995885 12.007757 12.019124 12.030067 12.040646 12.050905 12.060877 12.070588 12.080059 12.089304 12.098337 12.107169 12.115808 12.124263 12.132541 12.140647 12.148587 12.156367 12.163992 12.171465 12.178792 12.185976 12.193022 12.199934 12.206714 12.213367 12.219895 12.226303 12.232594 12.23877 12.244834 12.25079 12.25664 12.262387 12.268033 12.273581 12.279034 12.284394 12.289663 12.294843
11.975366 11.951962 11.899028 11.854726 11.793874 11.687389 11.451504 11.076463 11.295878 11.588508 11.72468 11.79642 11.841758 11.874338 11.899817 11.920919 11.939119 11.955292 11.969988 11.983571 11.996291 12.008324 12.019797 12.030802 12.041409 12.051668 12.061621 12.071297 12.08072 12.089911 12.098884 12.107652 12.116226 12.124615 12.132827 12.140869 12.148747 12.156466 12.164033 12.171451 12.178725 12.18586 12.192859 12.199726 12.206464 12.213078 12.21957 12.225944 12.232203 12.23835 12.244387 12.250317 12.256144 12.261869 12.267495 12.273025 12.278461 12.283805 12.28906 12.294227
11.929784 11.918776 11.882231 11.836677 11.772721 11.679723 11.554989 11.446629 11.502339 11.633574 11.730836 11.794779 11.83908 11.872063 11.898182 11.919882 11.938584 11.955158 11.970168 11.98399 11.996886 12.009043 12.020597 12.031648 12.042273 12.052528 12.062458 12.072099 12.081476 12.090613 12.099528 12.108234 12.116744 12.125069 12.133217 12.141195 12.149011 12.156671 12.16418 12.171542 12.178764 12.185848 12.192799 12.199621 12.206317 12.212891 12.219346 12.225685 12.23191 12.238026 12.244034 12.249938 12.25574 12.261442 12.267047 12.272557 12.277974 12.283301 12.28854 12.293693
11.945251 11.902698 11.865411 11.81704 11.741783 11.627594 11.520206 11.523107 11.59323 11.674647 11.745064 11.799133 11.840116 11.872104 11.89805 11.919864 11.938764 11.955544 11.970735 11.984705 11.997715 12.009952 12.021557 12.032633 12.043261 12.053502 12.063404 12.073005 12.082335 12.091418 12.100273 12.108918 12.117365 12.125625 12.133709 12.141625 12.14938 12.156979 12.16443 12.171738 12.178906 12.185939 12.192842 12.199618 12.206271 12.212804 12.21922 12.225522 12.231714 12.237797 12.243775 12.249651 12.255426 12.261103 12.266685 12.272174 12.277571 12.28288 12.288102 12.293239
11.910629 11.885498 11.849979 11.798044 11.704431 11.505743 11.220187 11.370919 11.581023 11.688554 11.75608 11.805278 11.84334 11.873896 11.899216 11.9208 11.939655 11.956468 11.971719 11.98575 11.998809 12.01108 12.022701 12.033778 12.044391 12.054605 12.06447 12.074025 12.083303 12.092329 12.101124 12.109706 12.118089 12.126285 12.134305 12.142158 12.14985 12.15739 12.164783 12.172034 12.179149 12.186131 12.192985 12.199714 12.206322 12.212813 12.21919 12.225454 12.23161 12.237661 12.243607 12.249453 12.255201 12.260852 12.26641 12.271876 12.277252 12.282541 12.287744 12.292863
11.88582 11.866848 11.835621 11.784568 11.693043 11.500579 11.219412 11.372511 11.591295 11.701466 11.766365 11.812206 11.847826 11.876905 11.901406 11.92256 11.941202 11.957916 11.973124 11.987138 12.000186 12.012445 12.024048 12.035099 12.045678 12.05585 12.065667 12.075168 12.084387 12.093352 12.102083 12.1106 12.118917 12.127048 12.135003 12.142792 12.150423 12.157902 12.165236 12.172431 12.179491 12.186421 12.193225 12.199907 12.20647 12.212918 12.219253 12.225479 12.231599 12.237615 12.243529 12.249344 12.255063 12.260687 12.266219 12.27166 12.277014 12.282282 12.287465 12.292566
11.874465 11.854017 11.82295 11.77397 11.700598 11.603703 11.524692 11.557746 11.648936 11.723991 11.77851 11.81993 11.85312 11.880748 11.904375 11.925005 11.94333 11.959852 11.974938 11.988868 12.001853 12.014058 12.025609 12.036607 12.047131 12.057246 12.067001 12.076439 12.085593 12.09449 12.103153 12.111602 12.119851 12.127915 12.135804 12.143528 12.151095 12.158513 12.165788 12.172925 12.17993 12.186808 12.193561 12.200194 12.206712 12.213115 12.219409 12.225596 12.231678 12.237657 12.243538 12.249321 12.25501 12.260605 12.26611 12.271527 12.276856 12.282101 12.287264 12.292345
11.859602 11.842066 11.809547 11.755971 11.674881 11.590715 11.57928 11.627478 11.688415 11.7443 11.790353 11.827795 11.85882 11.885138 11.907928 11.928009 11.945967 11.962235 11.977141 11.990934 12.00381 12.015921 12.027389 12.038308 12.048757 12.058797 12.068479 12.077843 12.086923 12.095747 12.104337 12.112714 12.120892 12.128886 12.136707 12.144364 12.151867 12.159223 12.166437 12.173516 12.180465 12.187289 12.193991 12.200575 12.207045 12.213404 12.219655 12.225801 12.231844 12.237787 12.243633 12.249383 12.25504 12.260606 12.266083 12.271473 12.276778 12.281999 12.287139 12.292199
11.851399 11.831391 11.794967 11.730609 11.60521 11.40064 11.452857 11.612136 11.699665 11.756527 11.7999 11.835112 11.864606 11.889876 11.911931 11.931483 11.949054 11.96503 11.97971 11.993324 12.006051 12.018035 12.02939 12.040207 12.050559 12.060508 12.070102 12.079382 12.088379 12.097123 12.105635 12.113935 12.122039 12.129961 12.137711 12.1453 12.152737 12.160029 12.167182 12.174202 12.181094 12.187863 12.194512 12.201047 12.207469 12.213782 12.219989 12.226094 12.232097 12.238003 12.243812 12.249529 12.255153 12.260689 12.266136 12.271498 12.276777 12.281973 12.28709 12.292127
11.843544 11.820781 11.779848 11.711572 11.589604 11.396368 11.44948 11.613879 11.706806 11.764955 11.807691 11.841864 11.870404 11.89489 11.91632 11.935377 11.952551 11.968209 11.982629 11.996026 12.00857 12.020395 12.03161 12.042301 12.052538 12.06238 12.071873 12.081057 12.089963 12.09862 12.107048 12.115267 12.123292 12.131138 12.138816 12.146335 12.153704 12.16093 12.168021 12.17498 12.181814 12.188528 12.195124 12.201607 12.207981 12.214247 12.22041 12.226472 12.232435 12.238302 12.244075 12.249756 12.255347 12.26085 12.266268 12.271601 12.276852 12.282023 12.287114 12.292129
11.836951 11.809236 11.760201 11.685659 11.599158 11.543577 11.568349 11.646485 11.718411 11.77302 11.814914 11.84846 11.876355 11.900223 11.921099 11.939676 11.956442 11.971754 11.985881 11.999029 12.011358 12.022996 12.034045 12.044588 12.054692 12.06441 12.07379 12.082868 12.091674 12.100236 12.108574 12.116707 12.124651 12.132418 12.14002 12.147467 12.154766 12.161926 12.168952 12.17585 12.182625 12.189282 12.195824 12.202256 12.208579 12.214798 12.220916 12.226934 12.232856 12.238683 12.244418 12.250063 12.25562 12.26109 12.266476 12.27178 12.277003 12.282146 12.287212 12.292202
11.830698 11.796442 11.730721 11.612102 11.454608 11.433018 11.548461 11.651119 11.725723 11.780533 11.822238 11.855358 11.8827 11.905989 11.926313 11.944393 11.960722 11.975656 11.989456 12.002321 12.014405 12.025829 12.036689 12.047064 12.057016 12.066597 12.07585 12.084812 12.09351 12.10197 12.110212 12.118255 12.126112 12.133798 12.141322 12.148694 12.155922 12.163013 12.169974 12.17681 12.183525 12.190124 12.196611 12.20299 12.209263 12.215433 12.221505 12.227478 12.233358 12.239144 12.244841 12.250449 12.25597 12.261407 12.266761 12.272034 12.277227 12.282343 12.287382 12.292346
11.826002 11.785663 11.70238 11.511383 11.097219 11.086005 11.457433 11.638468 11.730431 11.788529 11.830424 11.863029 11.889702 11.912321 11.932026 11.949551 11.965395 11.979907 11.993342 12.005891 12.0177 12.028883 12.039533 12.04972 12.059504 12.068934 12.07805 12.086885 12.095467 12.103819 12.11196 12.119907 12.127675 12.135276 12.142719 12.150015 12.15717 12.164191 12.171085 12.177857 12.184511 12.191052 12.197483 12.203807 12.210029 12.216151 12.222175 12.228104 12.23394 12.239685 12.245342 12.250912 12.256397 12.261799 12.26712 12.272361 12.277524 12.282611 12.287622 12.29256
11.823688 11.780761 11.69771 11.528631 11.215167 11.200213 11.486246 11.652858 11.742859 11.799775 11.840451 11.871917 11.897586 11.919333 11.938288 11.955169 11.97046 11.984498 11.997525 12.009723 12.021229 12.032148 12.042565 12.052547 12.062149 12.071416 12.080384 12.089084 12.097542 12.105779 12.113814 12.121662 12.129337 12.13685 12.14421 12.151427 12.158507 12.165457 12.172283 12.17899 12.185582 12.192063 12.198437 12.204708 12.210877 12.216949 12.222925 12.228808 12.2346 12.240303 12.245919 12.25145 12.256899 12.262265 12.267552 12.272761 12.277892 12.282949 12.287932 12.292842
11.823642 11.779048 11.701411 11.593385 11.497316 11.498702 11.595932 11.693872 11.764866 11.815258 11.852779 11.88225 11.906464 11.927078 11.945116 11.961242 11.975903 11.989411 12.001988 12.013801 12.024975 12.035607 12.045773 12.055535 12.064941 12.074033 12.082844 12.091402 12.099729 12.107847 12.115771 12.123517 12.131095 12.138517 12.145792 12.152928 12.159932 12.166809 12.173566 12.180207 12.186736 12.193157 12.199473 12.205688 12.211805 12.217826 12.223753 12.229589 12.235337 12.240997 12.246572 12.252064 12.257474 12.262804 12.268056 12.273231 12.278331 12.283357 12.28831 12.293192
11.826159 11.776286 11.676221 11.518182 11.455419 11.554697 11.655196 11.732462 11.79032 11.83367 11.867112 11.893947 11.916303 11.935526 11.952481 11.967742 11.981696 11.994617 12.006703 12.0181 12.028917 12.039242 12.049142 12.058669 12.067869 12.076777 12.085423 12.093832 12.102024 12.110017 12.117827 12.125466 12.132945 12.140275 12.147463 12.154516 12.161442 12.168246 12.174932 12.181506 12.187971 12.194331 12.200589 12.206748 12.212811 12.21878 12.224658 12.230447 12.236149 12.241765 12.247298 12.25275 12.258121 12.263414 12.268631 12.273772 12.278838 12.283833 12.288756 12.293609
11.834004 11.781793 11.648001 11.309615 11.169323 11.510576 11.682033 11.764674 11.81635 11.853749 11.8829 11.906735 11.926943 11.944572 11.960308 11.974607 11.987788 12.000077 12.011636 12.02259 12.033031 12.043033 12.052653 12.061936 12.07092 12.079637 12.088112 12.096366 12.104418 12.112284 12.119976 12.127506 12.134884 12.142119 12.149218 12.156188 12.163035 12.169764 12.176379 12.182885 12.189285 12.195583 12.201782 12.207885 12.213893 12.21981 12.225638 12.231379 12.237035 12.242607 12.248097 12.253508 12.25884 12.264095 12.269275 12.274381 12.279414 12.284375 12.289267 12.29409
11.850522 11.812544 11.715168 11.496196 11.404815 11.602358 11.733506 11.801732 11.844195 11.875076 11.899654 11.920265 11.938149 11.954057 11.96848 11.981754 11.994115 12.005737 12.016745 12.027238 12.037289 12.046956 12.056286 12.065318 12.074081 12.082601 12.0909 12.098997 12.106906 12.11464 12.122213 12.129632 12.136907 12.144046 12.151056 12.157941 12.164708 12.171361 12.177904 12.184342 12.190677 12.196912 12.203051 12.209097 12.21505 12.220915 12.226692 12.232384 12.237993 12.24352 12.248967 12.254336 12.259628 12.264844 12.269987 12.275057 12.280056 12.284984 12.289844 12.294636
