Cobbity/QGIS/Smooth_DUALEM_C2.asc
NCOLS 299
NROWS 220
XLLCORNER 150.661
YLLCORNER -34.0275
CELLSIZE 1e-05
NODATA_VALUE -9999
[rows 52 to 77 of 220, columns 180 to 239 of 299]
11.961164 11.964231 11.968253 11.973154 11.978848 11.985232 11.992195 11.999618 12.007397 12.015444 12.023704 12.032146 12.040764 12.049567 12.058564 12.067754 12.077125 12.086648 12.096281 12.105974 12.115673 12.125329 12.134896 12.144336 12.153617 12.162717 12.17162 12.180314 12.188793 12.197056 12.205103 12.212937 12.220562 12.227984 12.235209 12.242243 12.249094 12.255768 12.262272 12.268613 12.274799 12.280834 12.286725 12.292478 12.298099 12.303593 12.308965 12.31422 12.319362 12.324395 12.329325 12.334154 12.338886 12.343525 12.348074 12.352536 12.356915 12.361212 12.365431 12.369575
11.928048 11.932289 11.93749 11.943589 11.9505 11.958106 11.966267 11.974834 11.983672 11.992681 12.001804 12.011029 12.020378 12.029893 12.039611 12.04955 12.059704 12.070037 12.080495 12.091009 12.101513 12.111941 12.122239 12.132363 12.142281 12.151968 12.161411 12.170601 12.179536 12.188217 12.196647 12.204834 12.212784 12.220506 12.228009 12.235302 12.242393 12.249291 12.256005 12.262543 12.268914 12.275123 12.281179 12.287088 12.292857 12.298491 12.303996 12.309378 12.314641 12.31979 12.32483 12.329765 12.3346 12.339336 12.343979 12.348532 12.352998 12.357379 12.361679 12.365901
11.893531 11.899067 11.905561 11.912985 11.921261 11.930248 11.93976 11.949597 11.95958 11.969583 11.979554 11.989514 11.999535 12.009714 12.020134 12.030841 12.041831 12.053053 12.064427 12.075858 12.087253 12.098531 12.109625 12.120485 12.131078 12.141381 12.151384 12.161083 12.17048 12.179581 12.188395 12.196933 12.205204 12.213222 12.220998 12.228542 12.235868 12.242984 12.249902 12.256631 12.26318 12.269558 12.275773 12.281832 12.287743 12.293513 12.299147 12.304651 12.310031 12.315292 12.320439 12.325477 12.33041 12.335241 12.339975 12.344615 12.349165 12.353628 12.358006 12.362303
11.857501 11.864431 11.872316 11.881204 11.891032 11.901616 11.91269 11.923966 11.93519 11.9462 11.956957 11.967537 11.978105 11.988852 11.999935 12.011436 12.023344 12.035575 12.048001 12.060481 12.072887 12.085114 12.097081 12.108736 12.120046 12.130994 12.141575 12.151793 12.161657 12.17118 12.180375 12.189258 12.197845 12.206151 12.214191 12.221981 12.229532 12.236859 12.243973 12.250886 12.257607 12.264147 12.270514 12.276718 12.282766 12.288665 12.294422 12.300044 12.305537 12.310906 12.316156 12.321292 12.326319 12.331242 12.336063 12.340788 12.345419 12.34996 12.354414 12.358785
11.819807 11.828156 11.837493 11.848004 11.859647 11.872145 11.88509 11.898041 11.910623 11.922616 11.934006 11.944977 11.955854 11.966994 11.978675 11.991021 12.003992 12.017429 12.031114 12.044834 12.058411 12.071711 12.084645 12.097161 12.109232 12.120852 12.132027 12.142772 12.153103 12.163043 12.172613 12.181834 12.190727 12.199312 12.207608 12.215632 12.223401 12.230929 12.23823 12.245317 12.252203 12.258897 12.26541 12.271752 12.27793 12.283953 12.289829 12.295563 12.301163 12.306635 12.311984 12.317214 12.322332 12.327342 12.332248 12.337053 12.341763 12.346379 12.350906 12.355347
11.780203 11.789823 11.800589 11.812932 11.826811 11.841735 11.857028 11.872003 11.886085 11.898961 11.910671 11.921595 11.932346 11.94358 11.955773 11.969092 11.983401 11.998374 12.013641 12.028876 12.043837 12.058366 12.072374 12.08582 12.098695 12.111011 12.122791 12.134062 12.144857 12.155206 12.165139 12.174686 12.183873 12.192725 12.201264 12.209511 12.217485 12.225204 12.232683 12.239936 12.246977 12.253817 12.260468 12.26694 12.273242 12.279383 12.28537 12.291212 12.296914 12.302484 12.307926 12.313247 12.318452 12.323545 12.328531 12.333414 12.338198 12.342887 12.347485 12.351993
11.738158 11.748552 11.760592 11.775093 11.792025 11.810242 11.828643 11.846188 11.861942 11.875451 11.88687 11.896924 11.906758 11.917583 11.930219 11.94483 11.961013 11.9781 11.995454 12.012592 12.029212 12.045154 12.060352 12.074796 12.088511 12.101537 12.113922 12.125713 12.136959 12.147702 12.157984 12.16784 12.177305 12.186408 12.195176 12.203632 12.211799 12.219696 12.227341 12.234749 12.241936 12.248913 12.255694 12.262288 12.268706 12.274958 12.281051 12.286994 12.292793 12.298455 12.303987 12.309393 12.31468 12.319853 12.324916 12.329873 12.334728 12.339486 12.344151 12.348724
11.692226 11.702436 11.715422 11.732538 11.754568 11.77747 11.800208 11.821233 11.838834 11.852431 11.8624 11.870038 11.877482 11.887055 11.900209 11.916913 11.93605 11.956255 11.976464 11.996032 12.014647 12.0322 12.048697 12.064194 12.078769 12.092505 12.105483 12.117777 12.129453 12.140569 12.151176 12.161322 12.171045 12.18038 12.189359 12.198008 12.206353 12.214415 12.222214 12.229766 12.237087 12.244192 12.251093 12.257801 12.264328 12.270684 12.276876 12.282913 12.288803 12.294553 12.300168 12.305656 12.311021 12.316268 12.321404 12.326431 12.331355 12.336179 12.340906 12.345542
11.637731 11.647288 11.661085 11.679904 11.714551 11.74269 11.772326 11.798453 11.817857 11.830426 11.836816 11.839088 11.841245 11.848123 11.862452 11.883262 11.90754 11.932561 11.956734 11.979386 12.000352 12.019698 12.037573 12.054147 12.069575 12.084 12.097544 12.110308 12.122382 12.133841 12.144746 12.155154 12.165111 12.174657 12.183827 12.192652 12.201159 12.209371 12.217309 12.224992 12.232437 12.239659 12.24667 12.253485 12.260112 12.266563 12.272848 12.278973 12.284948 12.290779 12.296473 12.302037 12.307475 12.312794 12.317998 12.323091 12.328079 12.332966 12.337754 12.342448
11.565755 11.575113 11.599553 11.611072 11.6782 11.700633 11.748187 11.780543 11.800648 11.810169 11.809291 11.800421 11.791049 11.792601 11.810858 11.840898 11.874624 11.907116 11.936655 11.963063 11.986674 12.007918 12.027189 12.044811 12.06105 12.076114 12.090172 12.10336 12.11579 12.127551 12.13872 12.14936 12.159523 12.169254 12.178594 12.187574 12.196224 12.20457 12.212634 12.220435 12.227991 12.235319 12.242431 12.249341 12.256061 12.262601 12.268969 12.275177 12.28123 12.287137 12.292905 12.298539 12.304046 12.309431 12.314699 12.319855 12.324904 12.329849 12.334695 12.339445
11.555387 11.573656 11.616649 11.636904 11.664292 11.675715 11.741455 11.770495 11.789071 11.792643 11.778824 11.747494 11.711283 11.702166 11.734772 11.786861 11.837639 11.880983 11.917185 11.947774 11.974112 11.997208 12.017784 12.036359 12.053315 12.068934 12.083435 12.096983 12.109714 12.121731 12.133122 12.143956 12.154294 12.164184 12.173668 12.182782 12.191557 12.200019 12.208193 12.216098 12.223753 12.231175 12.238378 12.245375 12.252178 12.258798 12.265244 12.271526 12.277652 12.283629 12.289464 12.295164 12.300734 12.306181 12.31151 12.316725 12.32183 12.326831 12.33173 12.336532
11.581414 11.62822 11.66439 11.692191 11.711785 11.732945 11.739571 11.769247 11.785077 11.779139 11.746137 11.673497 11.570132 11.538137 11.622451 11.723501 11.800485 11.856868 11.899959 11.934495 11.963263 11.987944 12.009606 12.028956 12.046485 12.062543 12.07739 12.09122 12.104185 12.116403 12.127969 12.138959 12.149437 12.159455 12.169058 12.178283 12.187162 12.195723 12.203991 12.211986 12.219727 12.227232 12.234514 12.241588 12.248465 12.255157 12.261673 12.268023 12.274214 12.280255 12.286153 12.291913 12.297543 12.303047 12.308431 12.3137 12.318859 12.323911 12.328861 12.333713
11.608072 11.657032 11.695445 11.725809 11.74909 11.764163 11.773641 11.789563 11.78955 11.770751 11.718012 11.596428 11.365232 11.290667 11.5024 11.671036 11.772447 11.838904 11.886949 11.924253 11.954704 11.980473 12.002871 12.022742 12.040653 12.057004 12.072082 12.086102 12.099227 12.111584 12.123274 12.134377 12.144958 12.155074 12.164768 12.17408 12.183043 12.191684 12.200029 12.2081 12.215914 12.223489 12.230841 12.237982 12.244924 12.25168 12.258258 12.264669 12.270919 12.277018 12.282972 12.288788 12.294471 12.300029 12.305464 12.310784 12.315992 12.321092 12.326089 12.330987
11.630235 11.678737 11.718505 11.750877 11.776741 11.796976 11.815072 11.811791 11.797433 11.766213 11.702151 11.580245 11.363669 11.291285 11.49762 11.661455 11.762676 11.83033 11.87956 11.917754 11.948826 11.975022 11.997718 12.017804 12.035876 12.052353 12.067535 12.081645 12.09485 12.107282 12.119042 12.130213 12.140861 12.151041 12.1608 12.170175 12.179201 12.187904 12.19631 12.204441 12.212315 12.219949 12.227359 12.234557 12.241556 12.248367 12.255 12.261464 12.267768 12.273919 12.279924 12.285789 12.291522 12.297127 12.30261 12.307976 12.313229 12.318374 12.323415 12.328355
11.650787 11.698447 11.738734 11.77272 11.801532 11.826607 11.839312 11.827651 11.8048 11.760834 11.683222 11.579545 11.498446 11.495027 11.583146 11.68689 11.769285 11.830861 11.877864 11.915112 11.945717 11.971651 11.994185 12.014164 12.032165 12.048596 12.06375 12.077847 12.091052 12.103493 12.115271 12.126465 12.137142 12.147356 12.157151 12.166566 12.175634 12.184381 12.192832 12.201009 12.20893 12.216611 12.224068 12.231314 12.238361 12.245219 12.2519 12.25841 12.26476 12.270957 12.277007 12.282918 12.288694 12.294343 12.299869 12.305277 12.310572 12.315758 12.320839 12.325819
11.671017 11.717721 11.75823 11.793681 11.825339 11.85743 11.895 11.853786 11.812371 11.752615 11.636411 11.446614 11.377472 11.506514 11.623468 11.712992 11.783043 11.837657 11.880849 11.915909 11.945179 11.97025 11.992202 12.011773 12.029483 12.045703 12.060705 12.074692 12.087819 12.100206 12.111949 12.123125 12.133795 12.144011 12.153817 12.163249 12.172339 12.181112 12.189593 12.197801 12.205756 12.213474 12.220968 12.228252 12.235338 12.242236 12.248956 12.255507 12.261896 12.268133 12.274223 12.280173 12.285989 12.291677 12.297242 12.302688 12.30802 12.313244 12.318361 12.323378
11.691201 11.737076 11.777801 11.814903 11.850736 11.882237 11.880806 11.856662 11.818283 11.752026 11.605179 11.271496 11.145792 11.460476 11.640151 11.735741 11.799851 11.848424 11.887302 11.919479 11.94682 11.970576 11.991607 12.01052 12.027751 12.043617 12.058354 12.072142 12.085121 12.097397 12.109059 12.120176 12.130807 12.140998 12.15079 12.160217 12.16931 12.178092 12.186588 12.194815 12.202792 12.210535 12.218056 12.22537 12.232486 12.239415 12.246168 12.252752 12.259176 12.265447 12.271571 12.277556 12.283406 12.289129 12.294728 12.300208 12.305575 12.310832 12.315983 12.321032
11.711549 11.756649 11.797755 11.836368 11.875791 11.932251 11.911473 11.865385 11.82767 11.770665 11.665785 11.484875 11.41392 11.562347 11.687612 11.765918 11.820269 11.862074 11.896217 11.92511 11.950164 11.972306 11.99218 12.010249 12.026855 12.042251 12.056633 12.07015 12.08292 12.095037 12.106577 12.117601 12.128161 12.138301 12.148057 12.157461 12.166539 12.175316 12.183812 12.192046 12.200034 12.207791 12.215331 12.222664 12.229803 12.236757 12.243535 12.250146 12.256598 12.262897 12.269051 12.275065 12.280946 12.286698 12.292328 12.297839 12.303236 12.308523 12.313704 12.318783
11.731858 11.776387 11.818377 11.860066 11.898767 11.912596 11.899297 11.871695 11.839968 11.795982 11.738746 11.687023 11.663809 11.695901 11.751524 11.802033 11.843331 11.877529 11.906672 11.932106 11.95471 11.975085 11.993666 12.010775 12.026658 12.041506 12.055465 12.068655 12.08117 12.093088 12.104472 12.115374 12.125839 12.135906 12.145607 12.154969 12.164018 12.172775 12.181259 12.189488 12.197477 12.205239 12.212787 12.220133 12.227287 12.234258 12.241056 12.247687 12.254161 12.260484 12.266662 12.272701 12.278607 12.284385 12.290041 12.295578 12.301002 12.306316 12.311524 12.31663
11.752003 11.79605 11.839018 11.885346 11.949374 11.951354 11.905045 11.879909 11.853601 11.813935 11.751468 11.715699 11.742937 11.771201 11.803288 11.836034 11.866258 11.893374 11.917731 11.939798 11.959969 11.978556 11.995802 12.011903 12.027016 12.041268 12.054765 12.067591 12.079819 12.091508 12.10271 12.113468 12.123819 12.133794 12.143423 12.152729 12.161735 12.170461 12.178922 12.187135 12.195115 12.202873 12.210422 12.217773 12.224935 12.231917 12.238727 12.245374 12.251864 12.258205 12.264402 12.270462 12.276389 12.282189 12.287867 12.293427 12.298874 12.304212 12.309444 12.314574
11.771855 11.815501 11.859312 11.904752 11.939794 11.937739 11.911529 11.891014 11.870926 11.838306 11.771947 11.725956 11.7779 11.815948 11.841524 11.864707 11.887044 11.908382 11.928569 11.94759 11.965501 11.982388 11.998339 12.013444 12.027783 12.041428 12.054444 12.066889 12.078811 12.090254 12.101258 12.111855 12.122075 12.131946 12.14149 12.150728 12.15968 12.168363 12.176791 12.18498 12.192942 12.200689 12.208232 12.21558 12.222743 12.229729 12.236547 12.243204 12.249705 12.256059 12.262271 12.268346 12.274291 12.280109 12.285805 12.291385 12.296851 12.302209 12.307462 12.312612
11.791394 11.834765 11.880209 11.937925 12.000965 11.950723 11.919057 11.903523 11.893597 11.881907 11.857208 11.834382 11.841992 11.857812 11.872909 11.888529 11.90497 11.9218 11.938576 11.955008 11.970939 11.986297 12.001058 12.015227 12.028824 12.041878 12.05442 12.066481 12.078092 12.089282 12.100077 12.110504 12.120585 12.13034 12.13979 12.148951 12.15784 12.166471 12.174859 12.183016 12.190953 12.198681 12.206211 12.21355 12.220709 12.227694 12.234513 12.241174 12.247683 12.254045 12.260267 12.266354 12.272311 12.278143 12.283855 12.28945 12.294933 12.300308 12.305578 12.310747
11.810608 11.8541 11.899946 11.946796 11.980113 11.951123 11.925443 11.915519 11.919025 11.939976 11.958027 11.930142 11.902261 11.894838 11.898641 11.907809 11.919776 11.933219 11.947357 11.961716 11.976006 11.990058 12.003774 12.017103 12.030022 12.042524 12.054614 12.066305 12.077611 12.088549 12.099135 12.109387 12.119323 12.128957 12.138306 12.147383 12.156202 12.164775 12.173116 12.181234 12.18914 12.196843 12.204353 12.211679 12.218827 12.225806 12.232622 12.239283 12.245793 12.25216 12.258388 12.264483 12.270449 12.276292 12.282015 12.287622 12.293119 12.298508 12.303792 12.308976
11.829348 11.874082 11.927627 11.99336 11.982852 11.94732 11.928672 11.923497 11.938273 12.000459 12.084111 12.005024 11.940804 11.919824 11.917057 11.922223 11.931295 11.942441 11.954699 11.967505 11.980514 11.993509 12.006352 12.018958 12.031279 12.043284 12.054961 12.066306 12.077322 12.088016 12.098398 12.108477 12.118266 12.127777 12.137021 12.146009 12.154754 12.163265 12.171552 12.179626 12.187496 12.195169 12.202655 12.209961 12.217095 12.224063 12.230871 12.237527 12.244035 12.250402 12.256632 12.262731 12.268703 12.274553 12.280284 12.285901 12.291407 12.296807 12.302103 12.3073
11.847186 11.892881 11.947627 12.025676 12.00185 11.949753 11.929383 11.923931 11.936325 11.986715 12.047949 11.99663 11.948235 11.930549 11.927648 11.931768 11.939575 11.949458 11.960537 11.972283 11.98436 11.996546 12.008694 12.020707 12.032521 12.044095 12.055404 12.066436 12.077185 12.087651 12.097837 12.107749 12.117394 12.126782 12.13592 12.144818 12.153484 12.161929 12.17016 12.178185 12.186014 12.193653 12.201111 12.208393 12.215507 12.22246 12.229257 12.235904 12.242406 12.248769 12.254998 12.261097 12.267071 12.272924 12.278661 12.284284 12.289798 12.295205 12.300511 12.305717
11.863932 11.91238 11.972677 11.998302 11.971584 11.943517 11.925569 11.915954 11.914103 11.926305 11.946778 11.945923 11.935555 11.9307 11.931887 11.937141 11.944974 11.954441 11.964935 11.97605 11.98751 11.999121 12.010748 12.022295 12.033696 12.044909 12.055902 12.066658 12.077166 12.087422 12.097426 12.107179 12.116687 12.125954 12.134987 12.143794 12.152382 12.160758 12.168929 12.176903 12.184688 12.192289 12.199714 12.206969 12.21406 12.220994 12.227775 12.23441 12.240903 12.247259 12.253483 12.259579 12.265552 12.271406 12.277144 12.28277 12.288289 12.293702 12.299014 12.304227
