Cobbity/QGIS/Smooth_DUALEM_C2.asc
NCOLS 299
NROWS 220
XLLCORNER 150.661
YLLCORNER -34.0275
CELLSIZE 1e-05
NODATA_VALUE -9999
[rows 156 to 181 of 220, columns 120 to 179 of 299]
12.729406 12.716857 12.704235 12.691556 12.678832 12.666079 12.653311 12.640545 12.627796 12.61508 12.602415 12.589818 12.577304 12.564891 12.552595 12.540434 12.528424 12.516579 12.504916 12.493449 12.482192 12.471158 12.46036 12.449809 12.439515 12.429488 12.419736 12.410267 12.401087 12.392202 12.383617 12.375336 12.367362 12.359697 12.352342 12.345299 12.338569 12.33215 12.326043 12.320246 12.314759 12.309579 12.304705 12.300134 12.295864 12.291891 12.288213 12.284827 12.281728 12.278913 12.276376 12.274115 12.272123 12.270394 12.268923 12.267703 12.266728 12.265988 12.265477 12.265187
12.728626 12.71641 12.704129 12.691796 12.679424 12.667026 12.654618 12.642214 12.629829 12.617479 12.605179 12.592945 12.580793 12.568738 12.556797 12.544984 12.533316 12.521806 12.510469 12.499319 12.488368 12.47763 12.467115 12.456835 12.4468 12.437018 12.427498 12.418248 12.409273 12.400579 12.392171 12.384054 12.376229 12.368701 12.36147 12.354538 12.347906 12.341574 12.335542 12.329808 12.324373 12.319234 12.31439 12.309839 12.305579 12.301606 12.297918 12.294512 12.291383 12.288529 12.285946 12.283627 12.281569 12.279766 12.278212 12.276901 12.275827 12.274981 12.274357 12.273947
12.72795 12.716055 12.704101 12.6921 12.680065 12.668009 12.655945 12.643887 12.631851 12.61985 12.607898 12.596012 12.584205 12.572492 12.560889 12.549409 12.538067 12.526877 12.515852 12.505005 12.494348 12.483893 12.473651 12.463632 12.453846 12.444302 12.435007 12.425968 12.417192 12.408685 12.40045 12.392493 12.384817 12.377423 12.370315 12.363494 12.356961 12.350716 12.344759 12.339091 12.333709 12.328614 12.323803 12.319274 12.315026 12.311056 12.307362 12.30394 12.300786 12.297898 12.295271 12.292901 12.290782 12.28891 12.28728 12.285884 12.284717 12.283773 12.283043 12.282521
12.72737 12.715785 12.704145 12.692463 12.680751 12.669022 12.657288 12.645562 12.633859 12.622192 12.610574 12.599019 12.587542 12.576157 12.564877 12.553715 12.542686 12.531801 12.521075 12.510518 12.500142 12.48996 12.47998 12.470213 12.460667 12.451352 12.442274 12.433441 12.424858 12.416532 12.408467 12.400667 12.393136 12.385876 12.37889 12.372179 12.365744 12.359587 12.353707 12.348104 12.342778 12.337727 12.332951 12.328448 12.324216 12.320252 12.316554 12.313119 12.309945 12.307026 12.304361 12.301943 12.299769 12.297834 12.296132 12.294658 12.293406 12.292369 12.291541 12.290915
12.72688 12.715592 12.704254 12.692879 12.681478 12.670062 12.658644 12.647237 12.635853 12.624505 12.613206 12.60197 12.590808 12.579736 12.568764 12.557907 12.547177 12.536585 12.526145 12.515866 12.505761 12.49584 12.486112 12.476587 12.467273 12.458179 12.449312 12.440678 12.432284 12.424135 12.416235 12.408589 12.4012 12.394072 12.387205 12.380603 12.374267 12.368197 12.362394 12.356858 12.351588 12.346585 12.341846 12.33737 12.333155 12.329201 12.325503 12.322059 12.318867 12.315922 12.313222 12.310762 12.308537 12.306544 12.304777 12.30323 12.301899 12.300776 12.299856 12.299132
12.726472 12.71547 12.704424 12.693344 12.682241 12.671126 12.660012 12.64891 12.637832 12.62679 12.615797 12.604864 12.594005 12.583232 12.572556 12.561991 12.551547 12.541236 12.53107 12.521059 12.511213 12.501543 12.492058 12.482766 12.473676 12.464796 12.456133 12.447692 12.439481 12.431504 12.423765 12.41627 12.409021 12.402021 12.395273 12.388779 12.38254 12.376558 12.370832 12.365363 12.360151 12.355196 12.350495 12.346049 12.341855 12.337911 12.334216 12.330767 12.32756 12.324593 12.321862 12.319364 12.317093 12.315047 12.313219 12.311606 12.3102 12.308998 12.307992 12.307177
12.726142 12.715416 12.704649 12.693853 12.683037 12.672211 12.661389 12.650579 12.639794 12.629046 12.618346 12.607705 12.597136 12.586649 12.576257 12.565971 12.555802 12.54576 12.535857 12.526103 12.516506 12.507078 12.497826 12.48876 12.479886 12.471212 12.462746 12.454493 12.446459 12.438649 12.431068 12.42372 12.416608 12.409735 12.403104 12.396717 12.390574 12.384679 12.37903 12.373629 12.368476 12.363569 12.358908 12.354493 12.350322 12.346392 12.342702 12.339249 12.336032 12.333046 12.330288 12.327756 12.325444 12.323349 12.321466 12.31979 12.318317 12.31704 12.315955 12.315055
12.725883 12.715423 12.704926 12.694402 12.683862 12.673315 12.662772 12.652243 12.64174 12.631274 12.620854 12.610493 12.600202 12.58999 12.57987 12.569852 12.559946 12.550163 12.540513 12.531005 12.521649 12.512453 12.503426 12.494576 12.485911 12.477438 12.469162 12.461091 12.453229 12.445582 12.438155 12.43095 12.423972 12.417223 12.410707 12.404425 12.398378 12.392569 12.386998 12.381665 12.37657 12.371713 12.367094 12.362711 12.358564 12.35465 12.350968 12.347515 12.34429 12.341288 12.338507 12.335944 12.333595 12.331456 12.329522 12.327789 12.326253 12.324908 12.323748 12.322769
12.725691 12.715486 12.705249 12.694988 12.684713 12.674434 12.66416 12.653901 12.643669 12.633473 12.623323 12.61323 12.603205 12.593258 12.583399 12.573638 12.563985 12.554451 12.545043 12.535772 12.526647 12.517675 12.508865 12.500225 12.491761 12.483481 12.47539 12.467495 12.459801 12.452312 12.445034 12.437969 12.431122 12.424496 12.418092 12.411914 12.405962 12.400238 12.394743 12.389478 12.384443 12.379637 12.37506 12.370711 12.36659 12.362694 12.359022 12.355571 12.35234 12.349326 12.346526 12.343936 12.341553 12.339374 12.337394 12.335608 12.334014 12.332605 12.331376 12.330323
12.72556 12.715603 12.705616 12.695608 12.685589 12.675566 12.665551 12.655552 12.64558 12.635643 12.625753 12.615918 12.606149 12.596455 12.586847 12.577333 12.567924 12.558627 12.549454 12.540411 12.531508 12.522752 12.514151 12.505712 12.497443 12.48935 12.481438 12.473714 12.466182 12.458847 12.451714 12.444787 12.438068 12.431561 12.425268 12.419191 12.413333 12.407694 12.402275 12.397078 12.392102 12.387348 12.382814 12.3785 12.374406 12.37053 12.36687 12.363424 12.36019 12.357166 12.354349 12.351736 12.349324 12.347108 12.345086 12.343252 12.341604 12.340136 12.338844 12.337722
12.725486 12.715767 12.706022 12.696258 12.686485 12.67671 12.666944 12.657195 12.647473 12.637786 12.628144 12.618557 12.609034 12.599584 12.590217 12.580941 12.571765 12.562698 12.553749 12.544926 12.536237 12.527689 12.51929 12.511046 12.502965 12.495052 12.487314 12.479755 12.472381 12.465196 12.458205 12.451411 12.444817 12.438427 12.432243 12.426266 12.4205 12.414945 12.409602 12.404472 12.399556 12.394853 12.390363 12.386086 12.382021 12.378166 12.374519 12.37108 12.367847 12.364816 12.361985 12.359351 12.356912 12.354664 12.352603 12.350726 12.349028 12.347506 12.346154 12.344969
12.725465 12.715977 12.706465 12.696936 12.6874 12.677864 12.668338 12.658829 12.649347 12.6399 12.630498 12.62115 12.611863 12.602648 12.593512 12.584464 12.575513 12.566668 12.557935 12.549323 12.54084 12.532493 12.524288 12.516233 12.508334 12.500596 12.493025 12.485627 12.478406 12.471367 12.464514 12.45785 12.451378 12.445102 12.439024 12.433147 12.427471 12.421999 12.416731 12.411669 12.406812 12.402161 12.397716 12.393476 12.38944 12.385607 12.381977 12.378547 12.375315 12.372279 12.369438 12.366787 12.364325 12.362048 12.359952 12.358035 12.356291 12.354719 12.353312 12.352067
12.725494 12.716228 12.706941 12.697639 12.688331 12.679025 12.66973 12.660453 12.651202 12.641987 12.632816 12.623696 12.614637 12.605647 12.596734 12.587907 12.579172 12.570539 12.562015 12.553607 12.545323 12.537169 12.529153 12.521279 12.513556 12.505987 12.498579 12.491337 12.484265 12.477367 12.470648 12.46411 12.457758 12.451594 12.445621 12.43984 12.434253 12.428863 12.423669 12.418674 12.413877 12.409278 12.404878 12.400675 12.396671 12.392862 12.389249 12.385829 12.382602 12.379564 12.376714 12.374049 12.371566 12.369263 12.367136 12.365182 12.363397 12.361778 12.360321 12.359021
12.725569 12.716518 12.707447 12.698364 12.689277 12.680193 12.67112 12.662066 12.653039 12.644046 12.635097 12.626198 12.617358 12.608585 12.599887 12.591271 12.582746 12.574318 12.565994 12.557783 12.549691 12.541724 12.533888 12.526191 12.518637 12.511233 12.503982 12.496891 12.489963 12.483203 12.476614 12.4702 12.463965 12.45791 12.452039 12.446353 12.440854 12.435544 12.430424 12.425495 12.420757 12.416211 12.411856 12.407692 12.403719 12.399936 12.396341 12.392934 12.389712 12.386675 12.383818 12.381142 12.378642 12.376316 12.374161 12.372173 12.370351 12.368689 12.367185 12.365834
12.725687 12.716843 12.707982 12.69911 12.690236 12.681366 12.672507 12.663668 12.654856 12.646078 12.637343 12.628657 12.620028 12.611464 12.602973 12.594561 12.586236 12.578006 12.569876 12.561855 12.553947 12.546161 12.538501 12.530973 12.523584 12.516338 12.50924 12.502295 12.495507 12.488881 12.48242 12.476126 12.470004 12.464057 12.458285 12.452693 12.44728 12.44205 12.437002 12.432139 12.42746 12.422966 12.418657 12.414532 12.410592 12.406835 12.40326 12.399867 12.396653 12.393617 12.390757 12.388071 12.385556 12.38321 12.38103 12.379013 12.377155 12.375455 12.373907 12.372508
12.725844 12.717201 12.708542 12.699875 12.691206 12.682542 12.673891 12.665259 12.656654 12.648083 12.639554 12.631072 12.622647 12.614285 12.605993 12.597778 12.589647 12.581607 12.573665 12.565826 12.558097 12.550485 12.542994 12.535631 12.528401 12.521309 12.514359 12.507556 12.500905 12.494408 12.48807 12.481895 12.475884 12.47004 12.464367 12.458865 12.453538 12.448386 12.44341 12.438611 12.433991 12.429549 12.425286 12.421201 12.417294 12.413564 12.410011 12.406633 12.403428 12.400396 12.397535 12.394841 12.392314 12.389951 12.387748 12.385704 12.383815 12.382079 12.380491 12.379049
12.726038 12.717589 12.709126 12.700656 12.692185 12.683721 12.675269 12.666838 12.658433 12.650061 12.64173 12.633447 12.625218 12.61705 12.60895 12.600925 12.592981 12.585125 12.577363 12.569701 12.562145 12.554701 12.547374 12.54017 12.533094 12.526151 12.519344 12.512679 12.50616 12.49979 12.493573 12.487511 12.481608 12.475867 12.470289 12.464878 12.459633 12.454558 12.449653 12.444919 12.440357 12.435967 12.43175 12.427705 12.423832 12.42013 12.416599 12.413237 12.410044 12.407017 12.404156 12.401458 12.39892 12.396542 12.39432 12.392252 12.390334 12.388565 12.386941 12.385458
12.726266 12.718005 12.709731 12.701451 12.693172 12.6849 12.676642 12.668404 12.660192 12.652013 12.643874 12.635781 12.627741 12.619761 12.611847 12.604005 12.596241 12.588563 12.580975 12.573483 12.566094 12.558813 12.551645 12.544595 12.537668 12.530869 12.524201 12.51767 12.511279 12.505032 12.498932 12.492982 12.487185 12.481543 12.476059 12.470735 12.465573 12.460573 12.455738 12.451068 12.446563 12.442225 12.438054 12.434049 12.43021 12.426537 12.42303 12.419686 12.416505 12.413485 12.410626 12.407924 12.405379 12.402988 12.400749 12.39866 12.396717 12.394917 12.393259 12.391739
12.726527 12.718446 12.710355 12.70226 12.694167 12.686081 12.678009 12.669957 12.661931 12.653938 12.645984 12.638076 12.630219 12.62242 12.614684 12.607019 12.59943 12.591923 12.584503 12.577177 12.569949 12.562825 12.55581 12.548909 12.542127 12.535467 12.528935 12.522534 12.516267 12.51014 12.504153 12.498312 12.492618 12.487074 12.481681 12.476443 12.471361 12.466436 12.461669 12.457062 12.452615 12.448329 12.444204 12.440239 12.436435 12.432792 12.429308 12.425983 12.422815 12.419805 12.416949 12.414246 12.411695 12.409294 12.40704 12.404931 12.402965 12.401139 12.39945 12.397896
12.726816 12.718911 12.710998 12.703081 12.695166 12.68726 12.679368 12.671497 12.663651 12.655838 12.648063 12.640332 12.632651 12.625027 12.617465 12.60997 12.602549 12.595208 12.587951 12.580784 12.573712 12.56674 12.559874 12.553117 12.546475 12.539951 12.533549 12.527274 12.521129 12.515118 12.509243 12.503507 12.497913 12.492464 12.487162 12.482008 12.477004 12.472152 12.467454 12.462909 12.458518 12.454283 12.450204 12.44628 12.442511 12.438898 12.435439 12.432133 12.428981 12.42598 12.423129 12.420427 12.417872 12.415463 12.413196 12.411071 12.409084 12.407233 12.405516 12.40393
12.727133 12.719399 12.711656 12.703912 12.696171 12.688438 12.680721 12.673023 12.665352 12.657712 12.650109 12.64255 12.63504 12.627585 12.62019 12.61286 12.605602 12.59842 12.591321 12.584308 12.577387 12.570563 12.56384 12.557223 12.550716 12.544324 12.538049 12.531897 12.52587 12.519971 12.514204 12.508572 12.503076 12.49772 12.492505 12.487434 12.482507 12.477727 12.473095 12.468612 12.464278 12.460093 12.45606 12.452176 12.448443 12.44486 12.441427 12.438142 12.435005 12.432016 12.429172 12.426472 12.423915 12.421498 12.419221 12.417081 12.415076 12.413203 12.411461 12.409846
12.727476 12.719906 12.712329 12.704752 12.697178 12.689614 12.682065 12.674536 12.667033 12.65956 12.652125 12.644732 12.637387 12.630095 12.622861 12.615691 12.60859 12.601563 12.594616 12.587752 12.580977 12.574296 12.567712 12.561231 12.554855 12.54859 12.542439 12.536406 12.530493 12.524704 12.519043 12.51351 12.508111 12.502845 12.497716 12.492725 12.487875 12.483166 12.478599 12.474176 12.469898 12.465764 12.461776 12.457933 12.454236 12.450684 12.447276 12.444013 12.440893 12.437916 12.43508 12.432383 12.429826 12.427405 12.425119 12.422966 12.420945 12.419052 12.417286 12.415645
12.727842 12.720431 12.713016 12.7056 12.698189 12.690787 12.683401 12.676035 12.668694 12.661384 12.65411 12.646878 12.639692 12.632558 12.62548 12.618464 12.611516 12.604639 12.597838 12.591119 12.584485 12.577942 12.571493 12.565143 12.558896 12.552754 12.546723 12.540805 12.535004 12.529322 12.523763 12.518328 12.513022 12.507845 12.5028 12.497888 12.493112 12.488472 12.48397 12.479607 12.475383 12.4713 12.467357 12.463555 12.459894 12.456373 12.452992 12.449751 12.446649 12.443685 12.440858 12.438166 12.435609 12.433185 12.430893 12.428729 12.426694 12.424783 12.422997 12.421331
12.728229 12.720974 12.713714 12.706455 12.699201 12.691957 12.684728 12.67752 12.670336 12.663184 12.656066 12.648989 12.641957 12.634975 12.628049 12.621182 12.614381 12.607649 12.60099 12.594411 12.587915 12.581505 12.575187 12.568964 12.56284 12.556819 12.550904 12.545098 12.539405 12.533827 12.528368 12.523029 12.517814 12.512723 12.50776 12.502926 12.498223 12.493651 12.489213 12.484909 12.480739 12.476705 12.472808 12.469046 12.465421 12.461931 12.458578 12.455359 12.452276 12.449326 12.446509 12.443824 12.441269 12.438844 12.436546 12.434374 12.432326 12.4304 12.428594 12.426907
12.728637 12.721532 12.714423 12.707315 12.700213 12.693122 12.686046 12.67899 12.671959 12.664958 12.657992 12.651065 12.644182 12.637348 12.630568 12.623846 12.617187 12.610595 12.604075 12.597631 12.591267 12.584988 12.578796 12.572697 12.566693 12.560788 12.554986 12.54929 12.543702 12.538225 12.532863 12.527617 12.522491 12.517485 12.512602 12.507844 12.503212 12.498707 12.494331 12.490085 12.485969 12.481985 12.478132 12.474411 12.470821 12.467364 12.464038 12.460843 12.457778 12.454844 12.452038 12.44936 12.446809 12.444383 12.442082 12.439902 12.437844 12.435904 12.434082 12.432374
12.729064 12.722104 12.715141 12.708181 12.701226 12.694283 12.687355 12.680447 12.673563 12.666709 12.659889 12.653108 12.646369 12.639678 12.63304 12.626458 12.619937 12.613481 12.607094 12.600781 12.594546 12.588392 12.582324 12.576344 12.570457 12.564665 12.558973 12.553383 12.547897 12.542519 12.537252 12.532097 12.527057 12.522133 12.517329 12.512645 12.508083 12.503644 12.49933 12.495141 12.491078 12.487142 12.483333 12.479652 12.476099 12.472674 12.469375 12.466204 12.46316 12.460241 12.457448 12.454778 12.452232 12.449808 12.447504 12.445319 12.443251 12.4413 12.439462 12.437737
