Cobbity/QGIS/Smooth_OpenEM_C2.tif
NCOLS 299
NROWS 229
XLLCORNER 150.661
YLLCORNER -34.0274
CELLSIZE 1e-05
NODATA_VALUE -9999
[rows 96 to 119 of 229, columns 165 to 219 of 299]
0.074569066 0.074266072 0.07408065 0.073977874 0.073786494 0.073511435 0.073169824 0.07277219 0.072380237 0.072198544 0.072173147 0.07213708 0.072175007 0.072253479 0.072287606 0.072247179 0.072123877 0.071911313 0.071653724 0.071559463 0.071498012 0.07115765 0.070595735 0.069946751 0.06940828 0.069146084 0.069176082 0.069425921 0.069806755 0.070232845 0.070644362 0.071013298 0.071332872 0.071606233 0.071839812 0.072040337 0.072213757 0.072364992 0.072498008 0.072615962 0.072721368 0.072816237 0.07290218 0.072980507 0.073052282 0.073118382 0.073179534 0.073236343 0.073289318 0.073338892 0.073385431 0.073429251 0.073470622 0.073509779 0.073546927
0.074514638 0.074194253 0.074027038 0.07398913 0.073765528 0.073447477 0.073065098 0.072584632 0.071968052 0.071775718 0.071979657 0.072015308 0.072154219 0.072256079 0.072283959 0.072238212 0.072121133 0.071939237 0.071735222 0.071588289 0.071376202 0.070882097 0.070064311 0.069059489 0.068321356 0.068286532 0.068758629 0.069337677 0.069868599 0.070333605 0.07073807 0.071087499 0.071387736 0.071645336 0.071866905 0.072058486 0.072225268 0.072371555 0.072500847 0.072615972 0.072719209 0.072812398 0.072897034 0.072974336 0.073045307 0.073110776 0.073171433 0.073227857 0.073280537 0.073329888 0.073376263 0.073419968 0.073461264 0.073500382 0.073537518
0.074483042 0.074216105 0.074055403 0.073940393 0.073699793 0.073371631 0.07299073 0.072553056 0.072057801 0.071870247 0.071659056 0.071640214 0.072046986 0.072232904 0.072273271 0.072227734 0.072120273 0.07196543 0.071778888 0.07155653 0.071197953 0.070506372 0.069257237 0.067416447 0.065996774 0.066425659 0.067806383 0.068976524 0.069787746 0.070364307 0.070802623 0.071154074 0.071445322 0.071691539 0.071902492 0.072085124 0.072244671 0.072385207 0.072509952 0.072621481 0.072721864 0.072812779 0.072895594 0.072971433 0.073041224 0.07310574 0.073165627 0.073221429 0.073273608 0.073322557 0.073368613 0.073412068 0.073453172 0.073492145 0.073529177
0.074449047 0.074231903 0.074051198 0.073865411 0.073610245 0.073280761 0.072906961 0.072549397 0.072281412 0.07209205 0.071787134 0.071765844 0.072080048 0.072237843 0.072262789 0.072206337 0.072098642 0.071957252 0.071777455 0.071517861 0.071073876 0.070230447 0.068594222 0.065795657 0.063414044 0.064546547 0.066990801 0.068703185 0.069741321 0.070406361 0.070872775 0.071226457 0.071509905 0.071745442 0.071945856 0.072119183 0.072270912 0.072405029 0.072524561 0.072631868 0.072728834 0.072816976 0.072897535 0.072971533 0.073039817 0.073103097 0.073161967 0.073216934 0.073268427 0.073316813 0.073362409 0.073405489 0.073446291 0.073485022 0.073521865
0.074400965 0.074212627 0.074026746 0.073810722 0.073534766 0.073181864 0.072747651 0.072296476 0.07211836 0.072162951 0.072119297 0.072117873 0.072207219 0.072265861 0.072247757 0.072160574 0.072033414 0.071901133 0.071752784 0.071514762 0.071077875 0.070258021 0.068719273 0.066190991 0.064100102 0.065034515 0.067230066 0.068854942 0.069869181 0.070522876 0.070977288 0.071317108 0.071586237 0.071808292 0.071996754 0.072159875 0.072303076 0.072430155 0.072543912 0.072646491 0.072739584 0.072824548 0.072902494 0.072974336 0.073040837 0.073102639 0.073160283 0.07321423 0.073264873 0.073312554 0.073357563 0.073400158 0.073440558 0.07347896 0.073515534
0.074340501 0.074185928 0.074017902 0.073787254 0.073490833 0.073112651 0.07259609 0.07187389 0.071650568 0.072073503 0.072155435 0.072208967 0.072266848 0.072279061 0.072217932 0.072076049 0.071886815 0.071757615 0.071695896 0.071542612 0.071192343 0.070554412 0.069498494 0.068047439 0.066965006 0.067248609 0.068361049 0.069412097 0.070181122 0.070725547 0.071124089 0.071430179 0.071675887 0.071880187 0.072054571 0.072206307 0.072340226 0.072459708 0.072567232 0.072664687 0.072753556 0.072835029 0.072910081 0.072979518 0.073044015 0.073104142 0.073160383 0.073213154 0.073262812 0.073309664 0.073353978 0.073395989 0.073435902 0.073473897 0.073510133
0.074268777 0.07417821 0.074043214 0.073788173 0.073476433 0.073110412 0.072655859 0.072123555 0.07194642 0.072020617 0.071916557 0.072122835 0.072262071 0.072273232 0.072180379 0.071970954 0.071653162 0.071496701 0.071603257 0.071576254 0.071339457 0.070912194 0.070302738 0.069599343 0.069097851 0.069107844 0.069537935 0.070085488 0.070578721 0.070979843 0.071300524 0.071560534 0.071776265 0.071959394 0.072117903 0.072257259 0.072381289 0.072492755 0.072593721 0.072685776 0.072770175 0.072847936 0.072919891 0.072986738 0.073049063 0.073107363 0.073162065 0.073213537 0.073262096 0.073308018 0.073351547 0.073392893 0.073432243 0.073469764 0.073505602
0.074232094 0.074187617 0.074053625 0.073774437 0.073460603 0.073132005 0.072795749 0.072489304 0.072281741 0.072016521 0.071805966 0.072095571 0.072263617 0.072266372 0.072157718 0.071933776 0.071588186 0.071421183 0.071585247 0.071615137 0.071458007 0.071180713 0.070842421 0.070509169 0.070274027 0.070232679 0.07039032 0.070661595 0.070959896 0.071239272 0.071485254 0.071697933 0.071882029 0.072042782 0.072184666 0.072311193 0.072425052 0.072528306 0.072622555 0.072709068 0.072788864 0.072862781 0.072931515 0.072995652 0.07305569 0.073112056 0.073165118 0.073215197 0.073262572 0.073307487 0.073350156 0.073390771 0.073429499 0.07346649 0.073501878
0.074248486 0.074140369 0.073977496 0.073712635 0.073406347 0.073098981 0.072825585 0.072611127 0.072440741 0.072266381 0.072170201 0.072244442 0.072299211 0.072261377 0.072144967 0.071970155 0.071771637 0.071666493 0.071689703 0.071664203 0.071523734 0.071302794 0.071079031 0.070921337 0.070839986 0.07083822 0.0709251 0.071082146 0.071274179 0.071472207 0.071660289 0.071832306 0.071987376 0.072126798 0.072252511 0.072366433 0.072470245 0.072565352 0.072652913 0.072733881 0.07280905 0.072879084 0.072944545 0.073005913 0.073063602 0.07311797 0.073169329 0.073217954 0.073264085 0.073307934 0.073349692 0.073389524 0.073427582 0.073464 0.073498897
0.074240197 0.074092896 0.073895283 0.073623507 0.073298447 0.072956584 0.072668219 0.072517253 0.072460961 0.072409636 0.072368671 0.072354864 0.0723244 0.072237484 0.072092849 0.07193188 0.071820955 0.071778447 0.071761013 0.07169685 0.071530418 0.071258696 0.070992109 0.070921609 0.071009797 0.071121058 0.071236814 0.071368917 0.071515508 0.07166734 0.071816108 0.07195692 0.072087763 0.072208359 0.072319273 0.07242139 0.072515648 0.072602926 0.072684004 0.072759562 0.072830186 0.072896382 0.072958588 0.073017188 0.073072514 0.073124861 0.073174488 0.073221625 0.073266477 0.073309226 0.073350035 0.073389051 0.073426405 0.073462216 0.073496591
0.07422979 0.074097371 0.073850612 0.073533241 0.073150234 0.072685477 0.072215239 0.072129667 0.072309449 0.07239015 0.072400959 0.072379049 0.072314187 0.072179755 0.071955313 0.07168924 0.071589066 0.071684722 0.071753245 0.071708625 0.071513621 0.071123399 0.070668423 0.07064945 0.070974317 0.071243125 0.07142427 0.071567809 0.071699662 0.071827224 0.07195074 0.07206886 0.072180523 0.072285301 0.072383254 0.072474729 0.072560195 0.07264016 0.072715113 0.07278551 0.072851764 0.072914242 0.072973276 0.073029158 0.073082152 0.073132492 0.07318039 0.073226035 0.073269597 0.073311229 0.073351072 0.073389251 0.073425879 0.073461061 0.073494892
0.07425 0.074122609 0.073812169 0.073447225 0.073016585 0.072434938 0.071629835 0.07160925 0.072121053 0.07228273 0.072344556 0.072349477 0.072280808 0.072111719 0.071779975 0.071265006 0.071116683 0.071493217 0.071718863 0.071729778 0.071553475 0.071159304 0.070681517 0.070665503 0.071041035 0.071362179 0.07157241 0.071722871 0.071847187 0.071959978 0.072066424 0.072167911 0.072264592 0.072356389 0.072443297 0.072525437 0.072603023 0.072676321 0.072745616 0.072811194 0.072873327 0.072932272 0.072988267 0.07304153 0.073092261 0.073140644 0.073186844 0.073231015 0.073273297 0.073313816 0.07335269 0.073390025 0.073425918 0.073460461 0.073493735
0.074194045 0.074031622 0.073727211 0.073356188 0.072938067 0.072456949 0.07194085 0.07188146 0.072032884 0.072087768 0.072234632 0.072296606 0.072244122 0.072078846 0.071757132 0.071257658 0.071113434 0.071492317 0.071738923 0.071783557 0.071671135 0.071420604 0.071148419 0.071114738 0.071318629 0.071547787 0.071725444 0.071861136 0.071973303 0.072073271 0.072166457 0.072255075 0.072339882 0.072421078 0.07249871 0.072572818 0.072643485 0.072710829 0.072775 0.072836161 0.07289448 0.072950125 0.07300326 0.073054039 0.07310261 0.07314911 0.07319367 0.073236409 0.073277439 0.073316865 0.073354781 0.073391279 0.07342644 0.073460341 0.073493054
0.074124259 0.073917759 0.073619225 0.073248194 0.072839299 0.072461213 0.072219001 0.072095652 0.071818574 0.071814204 0.072136347 0.072249499 0.072206375 0.072063995 0.071854917 0.071629246 0.071558863 0.071692276 0.071823063 0.071862285 0.071809819 0.071689681 0.0715691 0.071543623 0.07162832 0.071756879 0.071881033 0.071989325 0.072084666 0.07217165 0.072253387 0.072331504 0.072406704 0.07247923 0.072549139 0.072616434 0.072681125 0.072743248 0.072802861 0.072860045 0.072914894 0.072967507 0.073017991 0.073066451 0.07311299 0.073157709 0.073200706 0.073242072 0.073281897 0.073320262 0.073357247 0.073392925 0.073427365 0.073460632 0.073492788
0.074125672 0.07386204 0.073526575 0.073125032 0.072645257 0.072123038 0.071944291 0.072081427 0.071980081 0.071978242 0.072165234 0.072226353 0.072149577 0.071981 0.071809555 0.071732422 0.071753443 0.071829399 0.071904151 0.071937992 0.071923967 0.071877442 0.071831448 0.071822957 0.07186381 0.071936728 0.072020259 0.072103029 0.072181814 0.072256726 0.072328585 0.07239804 0.072465437 0.072530902 0.072594446 0.072656041 0.072715654 0.072773271 0.072828898 0.072882562 0.072934303 0.072984175 0.073032241 0.073078566 0.073123222 0.073166278 0.073207807 0.073247876 0.073286554 0.073323906 0.073359995 0.07339488 0.073428621 0.073461269 0.073492878
0.074177008 0.073830131 0.073446693 0.07301939 0.072484679 0.071718996 0.07146853 0.072012032 0.072151319 0.072186442 0.072231762 0.072210371 0.072059217 0.071754145 0.07143399 0.07145342 0.0716804 0.071849139 0.071944097 0.071988094 0.071997481 0.071988711 0.071980099 0.071987861 0.07201897 0.072069559 0.0721312 0.072197024 0.072263335 0.072328677 0.072392655 0.072455233 0.072516433 0.072576246 0.072634632 0.072691537 0.072746908 0.072800704 0.072852904 0.072903501 0.072952505 0.072999937 0.073045829 0.07309022 0.073133155 0.07317468 0.073214847 0.073253706 0.073291307 0.073327702 0.073362941 0.073397071 0.073430139 0.073462191 0.07349327
0.074092128 0.073746021 0.073352587 0.072936786 0.072503264 0.072063129 0.071918012 0.07207047 0.072128597 0.072205836 0.072247465 0.072193377 0.071977273 0.07148172 0.070823176 0.070982504 0.071529256 0.071824288 0.07195241 0.072005028 0.07202517 0.072035759 0.072049802 0.07207398 0.072110356 0.072157367 0.07221153 0.072269385 0.072328519 0.072387603 0.072446027 0.072503544 0.072560051 0.072615489 0.072669802 0.072722933 0.07277483 0.072825447 0.072874752 0.072922724 0.072969356 0.073014649 0.073058618 0.07310128 0.073142664 0.0731828 0.073221721 0.073259465 0.073296069 0.073331572 0.073366012 0.073399429 0.07343186 0.073463343 0.073493914
0.073936072 0.073618408 0.073224592 0.072788723 0.072404318 0.072209905 0.072137247 0.071962243 0.071877117 0.0721253 0.072236189 0.072193495 0.071988989 0.071546023 0.070999695 0.071113544 0.071572492 0.071837838 0.07194698 0.071983164 0.071997401 0.072018057 0.072053355 0.072099724 0.072152085 0.072207438 0.07226419 0.072321315 0.072378116 0.072434188 0.072489346 0.07254353 0.07259673 0.072648941 0.072700149 0.072750328 0.072799448 0.072847477 0.072894385 0.072940152 0.072984763 0.073028214 0.073070506 0.073111648 0.073151654 0.073190545 0.073228342 0.073265073 0.073300763 0.073335444 0.073369145 0.073401896 0.07343373 0.073464677 0.073494767
0.073831857 0.073507481 0.073084514 0.072520416 0.071871774 0.071812259 0.072090288 0.071968012 0.071879046 0.072130932 0.072243028 0.072212055 0.072070277 0.07182945 0.071598813 0.071601377 0.071764316 0.07188387 0.071917575 0.071899287 0.071885166 0.071916609 0.071988489 0.072073524 0.072154752 0.072228032 0.072294474 0.07235601 0.07241413 0.072469794 0.072523604 0.072575934 0.072627018 0.072676996 0.072725944 0.072773897 0.072820862 0.072866835 0.072911804 0.072955755 0.072998679 0.07304057 0.073081426 0.073121251 0.073160054 0.073197846 0.073234643 0.073270464 0.073305329 0.073339261 0.073372284 0.073404423 0.073435703 0.07346615 0.073495788
0.073785139 0.073444884 0.073010977 0.072380146 0.071467582 0.071453093 0.072072378 0.072182464 0.072179371 0.072241264 0.072267604 0.072221827 0.072121765 0.071998209 0.071899706 0.071874076 0.071898805 0.071900865 0.071831677 0.071703985 0.071624754 0.071692431 0.07184925 0.072004834 0.072130255 0.072228765 0.072309027 0.072377787 0.072439342 0.072496263 0.072550067 0.072601655 0.072651567 0.072700126 0.072747524 0.07279387 0.072839224 0.072883616 0.072927057 0.072969551 0.073011097 0.073051694 0.073091344 0.073130049 0.073167815 0.073204652 0.073240572 0.073275588 0.073309718 0.073342978 0.073375388 0.073406968 0.07343774 0.073467725 0.073496945
0.07377714 0.0734209 0.073031327 0.072571601 0.072100295 0.07203457 0.072230819 0.072287504 0.072298941 0.072301103 0.072266475 0.072184413 0.072080448 0.07199728 0.071956835 0.071947737 0.071936706 0.07187168 0.071686699 0.07136267 0.071148364 0.071331687 0.071661284 0.071920193 0.072097066 0.072221443 0.072315288 0.072391359 0.07245679 0.072515604 0.072570109 0.072621663 0.072671077 0.072718843 0.072765262 0.07281052 0.072854727 0.072897952 0.072940232 0.07298159 0.073022041 0.073061591 0.073100249 0.073138019 0.073174911 0.073210933 0.073246096 0.073280411 0.073313894 0.073346558 0.07337842 0.073409498 0.07343981 0.073469374 0.073498209
0.073761494 0.073377701 0.073036062 0.072738587 0.072506258 0.072388414 0.072310459 0.072226194 0.072281814 0.072295939 0.072216408 0.072061829 0.071887139 0.07180269 0.071837727 0.071900019 0.07191607 0.071836171 0.07157929 0.0710743 0.070712849 0.071047434 0.071538721 0.071870941 0.072078937 0.07221821 0.072320131 0.072400928 0.072469192 0.072529654 0.072585019 0.07263689 0.072686236 0.072733662 0.072779548 0.072824139 0.072867589 0.072910002 0.072951442 0.072991952 0.073031561 0.073070291 0.073108154 0.073145165 0.073181335 0.073216674 0.073251196 0.073284911 0.073317833 0.073349976 0.073381356 0.073411988 0.073441887 0.073471071 0.073499557
0.073667971 0.073237162 0.072890686 0.072686548 0.072580029 0.07248045 0.072322523 0.072180833 0.072265553 0.072267757 0.072124388 0.071832852 0.071444897 0.071318093 0.071557023 0.071783125 0.071876445 0.071837129 0.071631088 0.071235066 0.070961274 0.071204998 0.071603722 0.07189701 0.0720913 0.072226411 0.072327741 0.072409201 0.072478435 0.07253979 0.072595831 0.072648126 0.072697659 0.072745065 0.07279076 0.072835022 0.07287804 0.072919943 0.072960821 0.073000735 0.073039731 0.073077842 0.073115094 0.073151505 0.073187094 0.073221876 0.073255865 0.073289076 0.073321522 0.073353218 0.073384179 0.073414419 0.073443954 0.0734728 0.073500972
0.073484913 0.072947568 0.072444048 0.072323335 0.072458908 0.072489365 0.072414118 0.072334679 0.072311742 0.072234696 0.072026486 0.071596358 0.0708738 0.070662367 0.071259894 0.071676401 0.07184764 0.071870583 0.071777757 0.071602971 0.071490958 0.071584521 0.071787968 0.071978755 0.072128459 0.072244721 0.07233829 0.072416852 0.072485318 0.072546786 0.07260324 0.072655974 0.072705856 0.072753477 0.072799248 0.072843457 0.072886312 0.072927962 0.072968516 0.073008054 0.073046638 0.073084312 0.073121114 0.073157073 0.073192212 0.073226552 0.073260111 0.073292908 0.073324958 0.073356277 0.07338688 0.073416782 0.073446 0.073474547 0.07350244
