Cobbity/QGIS/Smooth_OpenEM_C2.tif
NCOLS 299
NROWS 229
XLLCORNER 150.661
YLLCORNER -34.0274
CELLSIZE 1e-05
NODATA_VALUE -9999
[rows 24 to 47 of 229, columns 110 to 164 of 299]
0.076459331 0.076453932 0.076448177 0.076442061 0.076435583 0.076428741 0.076421532 0.076413956 0.076406011 0.076397697 0.076389014 0.076379961 0.076370539 0.076360748 0.07635059 0.076340065 0.076329174 0.07631792 0.076306305 0.07629433 0.076281998 0.076269312 0.076256275 0.076242891 0.076229165 0.076215099 0.076200701 0.076185974 0.076170925 0.076155561 0.076139888 0.076123915 0.076107649 0.0760911 0.076074277 0.07605719 0.076039851 0.07602227 0.07600446 0.075986432 0.075968202 0.075949781 0.075931185 0.075912429 0.075893526 0.075874494 0.075855349 0.075836105 0.075816781 0.075797393 0.075777958 0.075758493 0.075739015 0.075719542 0.075700092
0.076473233 0.076467844 0.076462087 0.076455959 0.076449456 0.076442578 0.076435322 0.076427687 0.076419672 0.076411277 0.076402501 0.076393344 0.076383807 0.07637389 0.076363595 0.076352921 0.076341871 0.076330446 0.076318648 0.076306479 0.076293942 0.076281039 0.076267774 0.07625415 0.076240171 0.076225841 0.076211166 0.076196151 0.076180801 0.076165124 0.076149127 0.076132817 0.076116203 0.076099294 0.0760821 0.076064631 0.076046898 0.076028914 0.07601069 0.07599224 0.075973577 0.075954717 0.075935673 0.075916461 0.075897097 0.075877598 0.07585798 0.075838261 0.075818457 0.075798587 0.075778668 0.075758719 0.075738757 0.075718801 0.075698869
0.076487464 0.076482087 0.07647633 0.07647019 0.076463664 0.076456751 0.076449448 0.076441754 0.076433669 0.076425192 0.076416322 0.076407061 0.076397407 0.076387363 0.076376928 0.076366104 0.076354891 0.076343293 0.076331309 0.076318944 0.076306198 0.076293074 0.076279576 0.076265706 0.07625147 0.07623687 0.076221913 0.076206603 0.076190946 0.076174948 0.076158618 0.076141963 0.076124991 0.076107712 0.076090136 0.076072273 0.076054135 0.076035734 0.076017084 0.075998197 0.075979088 0.075959772 0.075940265 0.075920582 0.07590074 0.075880757 0.07586065 0.075840436 0.075820135 0.075799765 0.075779345 0.075758893 0.075738429 0.075717972 0.07569754
0.076502034 0.076496672 0.076490917 0.076484767 0.076478219 0.076471271 0.076463921 0.076456168 0.076448012 0.076439452 0.076430488 0.07642112 0.076411349 0.076401174 0.076390598 0.076379621 0.076368245 0.07635647 0.076344298 0.076331732 0.076318774 0.076305426 0.07629169 0.076277571 0.076263073 0.076248198 0.076232952 0.07621734 0.076201369 0.076185043 0.076168372 0.076151362 0.076134023 0.076116364 0.076098394 0.076080126 0.07606157 0.07604274 0.076023649 0.076004311 0.07598474 0.075964953 0.075944966 0.075924795 0.075904458 0.075883973 0.075863359 0.075842633 0.075821817 0.075800928 0.075779987 0.075759013 0.075738028 0.07571705 0.0756961
0.076516954 0.076511609 0.076505859 0.0764997 0.076493131 0.076486148 0.076478751 0.076470939 0.076462712 0.076454068 0.076445008 0.076435532 0.076425641 0.076415335 0.076404616 0.076393484 0.07638194 0.076369986 0.076357624 0.076344855 0.076331681 0.076318104 0.076304128 0.076289755 0.076274989 0.076259834 0.076244294 0.076228374 0.07621208 0.07619542 0.076178399 0.076161025 0.076143309 0.076125258 0.076106884 0.076088198 0.076069212 0.076049939 0.076030393 0.076010588 0.07599054 0.075970266 0.075949782 0.075929105 0.075908255 0.07588725 0.075866109 0.075844852 0.0758235 0.075802073 0.075780591 0.075759076 0.075737549 0.075716031 0.075694543
0.076532236 0.076526911 0.076521167 0.076515001 0.076508411 0.076501394 0.076493951 0.076486079 0.076477778 0.076469049 0.076459892 0.076450307 0.076440294 0.076429855 0.07641899 0.076407701 0.076395988 0.076383852 0.076371296 0.076358321 0.076344928 0.07633112 0.076316899 0.076302268 0.07628723 0.076271789 0.076255949 0.076239715 0.076223092 0.076206088 0.076188709 0.076170963 0.076152859 0.076134407 0.076115617 0.0760965 0.07607707 0.07605734 0.076037324 0.076017037 0.075996495 0.075975716 0.075954717 0.075933517 0.075912134 0.075890589 0.075868902 0.075847094 0.075825186 0.075803199 0.075781156 0.075759078 0.075736989 0.075714909 0.075692862
0.076547893 0.076542591 0.076536855 0.076530682 0.076524072 0.076517021 0.07650953 0.076501597 0.076493223 0.076484407 0.076475151 0.076465454 0.076455318 0.076444743 0.076433731 0.076422282 0.076410397 0.076398078 0.076385326 0.076372141 0.076358527 0.076344483 0.076330014 0.07631512 0.076299806 0.076284074 0.076267928 0.076251374 0.076234416 0.076217061 0.076199315 0.076181187 0.076162686 0.07614382 0.076124602 0.076105043 0.076085155 0.076064953 0.076044451 0.076023666 0.076002613 0.075981312 0.075959779 0.075938036 0.075916101 0.075893995 0.075871741 0.075849359 0.075826873 0.075804305 0.075781678 0.075759016 0.075736342 0.075713678 0.07569105
0.07656394 0.076558661 0.076552934 0.076546757 0.076540126 0.07653304 0.0765255 0.076517506 0.076509056 0.076500152 0.076490795 0.076480985 0.076470723 0.07646001 0.076448848 0.076437237 0.076425178 0.076412673 0.076399722 0.076386326 0.076372486 0.076358205 0.076343484 0.076328324 0.076312729 0.076296702 0.076280245 0.076263364 0.076246064 0.07622835 0.076210229 0.07619171 0.0761728 0.076153511 0.076133852 0.076113836 0.076093477 0.076072788 0.076051784 0.076030483 0.076008902 0.075987059 0.075964974 0.075942666 0.075920158 0.075897471 0.075874627 0.07585165 0.075828563 0.075805391 0.075782157 0.075758886 0.075735603 0.075712333 0.0756891
0.076580389 0.076575137 0.076569421 0.076563237 0.076556586 0.076549465 0.076541875 0.076533816 0.076525289 0.076516295 0.076506834 0.076496908 0.076486518 0.076475665 0.076464351 0.076452576 0.076440341 0.076427647 0.076414494 0.076400884 0.076386818 0.076372296 0.07635732 0.076341891 0.076326011 0.076309684 0.076292911 0.076275698 0.076258048 0.076239968 0.076221464 0.076202544 0.076183217 0.076163491 0.07614338 0.076122894 0.076102048 0.076080856 0.076059334 0.0760375 0.076015371 0.075992967 0.075970308 0.075947415 0.075924312 0.07590102 0.075877564 0.075853968 0.075830256 0.075806455 0.075782589 0.075758685 0.075734769 0.075710867 0.075687005
0.076597257 0.076592033 0.076586328 0.076580139 0.076573466 0.076566308 0.076558666 0.076550541 0.076541934 0.076532846 0.076523279 0.076513235 0.076502714 0.076491718 0.076480249 0.076468308 0.076455894 0.076443009 0.076429654 0.076415828 0.076401532 0.076386767 0.076371533 0.076355832 0.076339664 0.076323033 0.076305939 0.076288388 0.076270383 0.07625193 0.076233034 0.076213704 0.076193948 0.076173775 0.076153198 0.076132229 0.076110881 0.076089169 0.076067112 0.076044725 0.076022029 0.075999043 0.075975789 0.075952289 0.075928567 0.075904647 0.075880554 0.075856313 0.075831951 0.075807495 0.075782972 0.075758409 0.075733833 0.075709274 0.075684757
0.076614561 0.076609366 0.076603671 0.076597476 0.07659078 0.076583583 0.076575887 0.076567692 0.076559002 0.076549817 0.076540141 0.076529974 0.07651932 0.076508179 0.076496553 0.076484442 0.076471848 0.076458771 0.07644521 0.076431167 0.07641664 0.076401629 0.076386136 0.07637016 0.076353701 0.076336762 0.076319344 0.07630145 0.076283083 0.076264249 0.076244954 0.076225204 0.076205009 0.076184378 0.076163322 0.076141854 0.076119989 0.076097741 0.07607513 0.076052172 0.076028887 0.076005298 0.075981427 0.075957296 0.075932931 0.075908357 0.0758836 0.075858689 0.07583365 0.075808512 0.075783303 0.075758053 0.075732791 0.075707545 0.075682346
0.076632318 0.076627153 0.076621469 0.076615266 0.076608544 0.076601305 0.07659355 0.076585282 0.076576504 0.076567219 0.076557429 0.076547137 0.076536345 0.076525055 0.076513269 0.076500988 0.076488211 0.07647494 0.076461173 0.07644691 0.076432151 0.076416895 0.07640114 0.076384887 0.076368135 0.076350885 0.076333138 0.076314897 0.076296163 0.076276943 0.07625724 0.076237061 0.076216416 0.076195314 0.076173766 0.076151785 0.076129386 0.076106586 0.076083401 0.076059851 0.076035958 0.076011742 0.075987229 0.075962442 0.075937408 0.075912154 0.075886707 0.075861097 0.075835352 0.075809503 0.07578358 0.075757613 0.075731635 0.075705675 0.075679764
0.076650548 0.076645412 0.076639738 0.076633524 0.076626774 0.076619488 0.07661167 0.076603324 0.076594453 0.076585062 0.076575154 0.076564732 0.076553799 0.076542357 0.076530408 0.076517953 0.076504993 0.076491526 0.076477551 0.076463069 0.076448077 0.076432573 0.076416557 0.076400026 0.076382979 0.076365417 0.076347338 0.076328745 0.07630964 0.076290026 0.076269908 0.076249292 0.076228187 0.076206602 0.076184548 0.076162039 0.07613909 0.076115718 0.07609194 0.076067777 0.076043252 0.076018387 0.075993206 0.075967737 0.075942007 0.075916044 0.075889878 0.075863539 0.075837058 0.075810468 0.0757838 0.075757086 0.07573036 0.075703654 0.075677001
0.076669272 0.076664165 0.076658497 0.07665227 0.076645485 0.076638147 0.076630261 0.07662183 0.076612861 0.076603358 0.076593325 0.076582768 0.07657169 0.076560092 0.076547978 0.076535347 0.0765222 0.076508537 0.076494355 0.076479653 0.076464428 0.076448678 0.076432399 0.07641559 0.076398248 0.076380371 0.076361959 0.076343012 0.07632353 0.076303517 0.076282977 0.076261915 0.076240339 0.076218259 0.076195687 0.076172634 0.076149118 0.076125154 0.076100763 0.076075965 0.076050784 0.076025243 0.07599937 0.075973191 0.075946736 0.075920034 0.075893118 0.075866019 0.07583877 0.075811406 0.07578396 0.075756466 0.07572896 0.075701475 0.075674048
0.076688514 0.076683434 0.076677769 0.076671522 0.076664697 0.0766573 0.076649336 0.076640813 0.076631737 0.076622115 0.076611952 0.076601254 0.076590025 0.076578268 0.076565984 0.076553176 0.076539842 0.076525981 0.076511592 0.076496671 0.076481214 0.076465218 0.076448679 0.076431593 0.076413956 0.076395765 0.076377018 0.076357714 0.076337852 0.076317435 0.076296466 0.07627495 0.076252894 0.076230307 0.076207201 0.076183589 0.076159487 0.076134913 0.076109887 0.076084431 0.076058569 0.076032326 0.076005731 0.075978813 0.075951602 0.075924131 0.075896432 0.075868539 0.075840489 0.075812316 0.075784057 0.075755748 0.075727427 0.075699129 0.075670892
0.0767083 0.076703243 0.076697575 0.076691302 0.076684428 0.076676962 0.076668912 0.076660287 0.076651095 0.076641345 0.076631043 0.076620197 0.076608812 0.07659689 0.076584434 0.076571446 0.076557924 0.076543866 0.07652927 0.076514131 0.076498445 0.076482207 0.07646541 0.076448049 0.076430118 0.076411614 0.076392532 0.07637287 0.076352626 0.076331801 0.076310397 0.076288418 0.076265872 0.076242767 0.076219113 0.076194926 0.07617022 0.076145015 0.076119332 0.076093192 0.076066623 0.07603965 0.076012304 0.075984615 0.075956616 0.075928341 0.075899825 0.075871104 0.075842216 0.075813198 0.075784089 0.075754928 0.075725754 0.075696606 0.075667523
0.076728658 0.076723619 0.076717941 0.076711631 0.076704698 0.076697152 0.076689003 0.076680264 0.076670945 0.076661056 0.076650606 0.076639604 0.076628055 0.076615963 0.076603332 0.076590162 0.076576451 0.076562197 0.076547397 0.076532044 0.076516132 0.076499654 0.076482603 0.076464971 0.076446751 0.076427936 0.076408521 0.0763885 0.076367873 0.076346636 0.076324793 0.076302345 0.076279298 0.076255662 0.076231447 0.076206667 0.076181339 0.076155481 0.076129116 0.076102268 0.076074964 0.076047232 0.076019103 0.07599061 0.075961789 0.075932674 0.075903304 0.075873716 0.075843952 0.07581405 0.075784052 0.075753999 0.075723933 0.075693896 0.075663928
0.076749621 0.076744593 0.076738894 0.076732536 0.076725529 0.076717887 0.076709625 0.076700757 0.076691296 0.076681255 0.076670646 0.076659478 0.076647759 0.076635492 0.076622682 0.076609328 0.076595428 0.07658098 0.076565978 0.076550415 0.076534282 0.07651757 0.076500271 0.076482374 0.076463869 0.076444748 0.076425003 0.076404627 0.076383615 0.076361966 0.076339678 0.076316754 0.076293198 0.07626902 0.076244229 0.076218839 0.076192868 0.076166336 0.076139265 0.076111681 0.076083612 0.076055088 0.076026143 0.075996812 0.075967131 0.075937139 0.075906875 0.075876382 0.0758457 0.075814873 0.075783944 0.075752957 0.075721958 0.075690988 0.075660094
0.076771226 0.076766197 0.076760465 0.076754041 0.076746943 0.076739188 0.076730793 0.076721777 0.076712158 0.076701951 0.076691169 0.076679824 0.076667925 0.076655477 0.076642484 0.076628944 0.076614857 0.076600218 0.076585018 0.076569251 0.076552904 0.076535967 0.076518427 0.076500273 0.076481491 0.07646207 0.076442 0.076421272 0.076399878 0.076377815 0.07635508 0.076331674 0.076307601 0.076282868 0.076257486 0.07623147 0.076204836 0.076177605 0.076149802 0.076121453 0.076092588 0.076063239 0.076033443 0.076003235 0.075972656 0.075941746 0.075910547 0.075879104 0.075847462 0.075815665 0.075783761 0.075751796 0.075719817 0.075687872 0.075656007
0.076793513 0.076788471 0.076782686 0.076776177 0.076768965 0.076761072 0.076752522 0.076743337 0.076733539 0.076723146 0.076712176 0.076700642 0.076688554 0.076675917 0.076662737 0.076649012 0.076634739 0.076619912 0.076604521 0.076588557 0.076572006 0.076554853 0.076537084 0.076518683 0.076499634 0.076479923 0.076459536 0.076438461 0.076416689 0.076394213 0.076371029 0.076347136 0.076322537 0.076297239 0.076271252 0.07624459 0.076217272 0.076189318 0.076160755 0.07613161 0.076101916 0.076071707 0.076041021 0.076009897 0.075978378 0.075946506 0.075914328 0.07588189 0.07584924 0.075816427 0.0757835 0.075750509 0.075717504 0.075684535 0.075651653
0.07681653 0.076811456 0.076805596 0.076798976 0.076791621 0.076783562 0.076774828 0.076765446 0.076755444 0.076744845 0.076733668 0.076721929 0.076709641 0.076696809 0.076683438 0.076669526 0.07665507 0.076640061 0.076624488 0.076608338 0.076591594 0.076574239 0.076556254 0.076537619 0.076518316 0.076498327 0.076477633 0.076456221 0.076434076 0.076411191 0.076387558 0.076363174 0.076338043 0.076312168 0.076285561 0.076258235 0.076230209 0.076201507 0.076172154 0.076142181 0.076111623 0.076080515 0.076048899 0.076016816 0.075984312 0.075951432 0.075918227 0.075884745 0.075851038 0.075817158 0.075783158 0.07574909 0.075715008 0.075680965 0.075647014
0.076840334 0.076835202 0.076829238 0.076822472 0.076814939 0.076806678 0.076797724 0.076788113 0.076777878 0.076767046 0.07675564 0.07674368 0.076731179 0.076718144 0.076704579 0.076690482 0.076675846 0.076660663 0.076644918 0.076628595 0.076611673 0.076594132 0.076575948 0.076557098 0.076537558 0.076517306 0.07649632 0.076474581 0.076452073 0.076428783 0.076404702 0.076379827 0.076354155 0.076327694 0.076300451 0.076272442 0.076243686 0.076214207 0.076184034 0.076153198 0.076121737 0.07608969 0.0760571 0.076024012 0.075990475 0.075956539 0.075922255 0.075887677 0.07585286 0.07581786 0.075782731 0.075747532 0.075712318 0.075677147 0.075642076
0.076864987 0.076859767 0.076853659 0.076846705 0.076838949 0.07683044 0.076821223 0.076811343 0.076800839 0.076789744 0.076778086 0.076765885 0.076753157 0.076739911 0.076726148 0.076711867 0.076697059 0.076681712 0.076665808 0.076649328 0.076632248 0.076614541 0.07659618 0.076577135 0.07655738 0.076536884 0.076515623 0.076493573 0.076470714 0.076447028 0.076422504 0.076397135 0.076370919 0.07634386 0.076315966 0.076287254 0.076257743 0.076227459 0.076196431 0.076164696 0.076132291 0.07609926 0.076065649 0.076031507 0.075996886 0.075961839 0.075926423 0.075890693 0.075854709 0.075818531 0.075782217 0.075745828 0.075709425 0.075673068 0.075636818
0.076890567 0.076885217 0.076878915 0.076871717 0.076863681 0.076854868 0.076845336 0.076835138 0.076824323 0.07681293 0.07680099 0.076788528 0.076775559 0.076762092 0.07674813 0.076733667 0.076718695 0.076703197 0.076687152 0.076670536 0.07665332 0.076635472 0.07661696 0.076597749 0.076577803 0.076557089 0.076535576 0.076513235 0.076490039 0.076465968 0.076441007 0.076415146 0.076388381 0.076360714 0.076332155 0.076302719 0.076272426 0.076241305 0.076209387 0.076176712 0.07614332 0.076109258 0.076074576 0.076039327 0.076003566 0.075967352 0.075930743 0.075893802 0.075856591 0.075819172 0.07578161 0.07574397 0.075706316 0.075668712 0.075631223
