WatsonE12E13/OpenEM/OpenEM_mag.asc
NCOLS 499
NROWS 370
XLLCORNER 149.806
YLLCORNER -30.2864
CELLSIZE 1e-05
NODATA_VALUE -9999
[rows 312 to 335 of 370, columns 216 to 269 of 499]
-0.21194115 -0.1753283 -0.14691209 -0.13984883 -0.14563038 -0.14929942 -0.14957673 -0.1485112 -0.14818714 -0.15236604 -0.16993969 -0.22248337 -0.34621667 -0.45061447 -0.31381982 -0.15955576 -0.066779522 0.010236881 0.1156621 0.26613814 0.32646389 0.2003976 0.082316081 0.029708681 0.016330908 0.011992332 -0.0046650274 -0.0327536 -0.062213238 -0.089972707 -0.11900425 -0.15337821 -0.19056128 -0.21003414 -0.19888935 -0.18170981 -0.16846513 -0.15875448 -0.15618849 -0.16191271 -0.17219286 -0.17625598 -0.16526591 -0.14501117 -0.12491601 -0.10841198 -0.095381078 -0.085012913 -0.076793552 -0.070806956 -0.067759647 -0.067756328 -0.06621681 -0.056676608
-0.2305153 -0.1943098 -0.17089592 -0.15945799 -0.15580759 -0.15482382 -0.15399295 -0.15206019 -0.14902148 -0.14801572 -0.15739327 -0.19497991 -0.28460204 -0.35195102 -0.24039098 -0.10887978 -0.029840533 0.0403923 0.15910425 0.37319365 0.47441288 0.26597355 0.09616995 0.01861668 -0.013712717 -0.029496275 -0.043445161 -0.059964075 -0.078010078 -0.096488346 -0.11579081 -0.13640813 -0.15621802 -0.17047778 -0.18052668 -0.18761342 -0.17523254 -0.15535867 -0.1433631 -0.13925513 -0.13883964 -0.13686282 -0.1298285 -0.11858018 -0.10610791 -0.094448443 -0.084268542 -0.07559081 -0.068333987 -0.062526992 -0.058193758 -0.054683047 -0.049883645 -0.041887147
-0.24586922 -0.20585888 -0.18197241 -0.16858025 -0.16262298 -0.16191961 -0.16368185 -0.16282616 -0.1552763 -0.14374242 -0.13543777 -0.13709109 -0.14736462 -0.13212824 -0.061257911 0.0013395904 0.0279504 0.057300242 0.12858636 0.25113295 0.2997426 0.18087542 0.058775458 -0.010038626 -0.043619762 -0.059871533 -0.070236418 -0.08035861 -0.091581369 -0.10343555 -0.11549446 -0.12791566 -0.14117667 -0.15754342 -0.18484368 -0.21249936 -0.18841813 -0.15226578 -0.13132647 -0.12059497 -0.11474297 -0.11018692 -0.10467709 -0.097585519 -0.089492699 -0.08123815 -0.073387315 -0.066205219 -0.0597895 -0.054145906 -0.049116949 -0.044174902 -0.038416599 -0.031330421
-0.24747471 -0.20861312 -0.1849534 -0.17137904 -0.16676139 -0.17207453 -0.18573354 -0.19368029 -0.17815655 -0.14735926 -0.11584849 -0.082368639 -0.03095942 0.063408017 0.1735747 0.17954347 0.11231924 0.073544248 0.080217496 0.11035634 0.11264819 0.059736233 -0.0088930755 -0.059307464 -0.084651489 -0.092469847 -0.094753897 -0.098690888 -0.10548959 -0.11324521 -0.11994725 -0.12580072 -0.13319445 -0.1460765 -0.16921873 -0.18907883 -0.17038855 -0.13828186 -0.1158899 -0.10205787 -0.09366535 -0.088532508 -0.084562842 -0.080193186 -0.074940035 -0.069057083 -0.062972414 -0.057009794 -0.051339423 -0.045990941 -0.040842142 -0.035605419 -0.029956836 -0.023987213
-0.23632039 -0.20424886 -0.18245679 -0.1692472 -0.16703718 -0.18387164 -0.22891332 -0.27059129 -0.23354852 -0.16301176 -0.10473679 -0.0450496 0.049997778 0.23432716 0.4773053 0.42101622 0.20401649 0.089991751 0.049292471 0.035076546 0.014863855 -0.027060706 -0.084325425 -0.13403454 -0.14875409 -0.13489432 -0.12061381 -0.1170406 -0.12241662 -0.13008814 -0.13279248 -0.13043306 -0.12892587 -0.13243332 -0.14079767 -0.14543825 -0.1349323 -0.11501372 -0.095797822 -0.08062436 -0.07110601 -0.067409893 -0.066433116 -0.064971576 -0.062022764 -0.05788671 -0.053110489 -0.048104932 -0.043093727 -0.038146957 -0.033217809 -0.028195169 -0.023041674 -0.018112583
-0.2222081 -0.19715514 -0.17712979 -0.16235833 -0.15854294 -0.18253951 -0.26532219 -0.36614767 -0.28997749 -0.17255043 -0.097156086 -0.028880549 0.073806527 0.2652558 0.51398388 0.45134712 0.21550189 0.084462657 0.026322418 -0.0051712883 -0.036619367 -0.085367946 -0.16327818 -0.25098307 -0.25380344 -0.18825526 -0.14518161 -0.1341072 -0.14478801 -0.162497 -0.16267972 -0.14491167 -0.12934394 -0.12196877 -0.11954681 -0.11621832 -0.10705346 -0.091961605 -0.0734032 -0.054504334 -0.042908635 -0.043857235 -0.049043446 -0.05140498 -0.050520464 -0.04765438 -0.043797603 -0.039511202 -0.035064981 -0.030557325 -0.025991802 -0.021341959 -0.016648551 -0.01217499
-0.2122637 -0.19293264 -0.17375773 -0.15266402 -0.13596431 -0.14375182 -0.20540001 -0.28020674 -0.22986781 -0.14363694 -0.083538167 -0.028259991 0.046917864 0.15816554 0.26424547 0.24307639 0.13443422 0.05031189 0.0016496857 -0.030547321 -0.063740698 -0.11602349 -0.21442915 -0.35880431 -0.3517764 -0.22406536 -0.15779142 -0.14482468 -0.16964709 -0.2165025 -0.21525711 -0.1667671 -0.13218285 -0.11481054 -0.10552409 -0.097897754 -0.087962981 -0.073609438 -0.053128372 -0.026305912 -0.0087328513 -0.019227217 -0.033895042 -0.040006765 -0.04047066 -0.038293126 -0.034977093 -0.031188937 -0.027201179 -0.023111449 -0.018939006 -0.014670754 -0.010298906 -0.0058394514
-0.20984213 -0.1993011 -0.18376105 -0.14947724 -0.10072012 -0.060654715 -0.061196437 -0.09608525 -0.10515751 -0.087748726 -0.063502424 -0.03255163 0.009443657 0.059954617 0.097081368 0.090777435 0.050134677 0.0076457167 -0.023889402 -0.048097705 -0.07428874 -0.11529132 -0.18842499 -0.28415854 -0.28177896 -0.19768987 -0.14883794 -0.14248231 -0.17464152 -0.23527259 -0.2335104 -0.17153628 -0.12928757 -0.1074076 -0.094817136 -0.085147718 -0.074813953 -0.061281179 -0.041585057 -0.013487029 0.0060944075 -0.0083332462 -0.02533924 -0.031578081 -0.031867006 -0.029693853 -0.026574658 -0.023086391 -0.019431608 -0.015690231 -0.011886398 -0.0079912627 -0.0039169169 0.00052508918
-0.21572895 -0.22668326 -0.23254156 -0.17534831 -0.06247561 0.07357235 0.16145924 0.10353359 0.011574147 -0.033343639 -0.044024466 -0.036308279 -0.018291888 0.0026658443 0.015884144 0.012270224 -0.0061182605 -0.028940587 -0.047881634 -0.061541841 -0.075544848 -0.097118653 -0.12961924 -0.16192912 -0.16377782 -0.14009269 -0.12364688 -0.12582298 -0.14807913 -0.17928096 -0.17875593 -0.14580064 -0.11624222 -0.097353437 -0.084885447 -0.075019392 -0.065278195 -0.053880111 -0.039310351 -0.021980675 -0.01120014 -0.015903575 -0.023189788 -0.02548409 -0.024345758 -0.021754453 -0.01863234 -0.015248108 -0.0117185 -0.0081718374 -0.0046726045 -0.0011711573 0.0024919303 0.0066086315
-0.22259023 -0.26476836 -0.32204542 -0.23159656 -0.034913935 0.2334172 0.46185533 0.30311627 0.097543076 0.0028971182 -0.032086838 -0.040368544 -0.03662952 -0.029286125 -0.025041897 -0.028543922 -0.040626946 -0.058157839 -0.072831321 -0.076070042 -0.075254118 -0.078326174 -0.082691194 -0.083371988 -0.082963508 -0.086728794 -0.093040086 -0.10227439 -0.11555995 -0.12777195 -0.12767878 -0.11458442 -0.098660904 -0.085390263 -0.074918666 -0.065989416 -0.057426703 -0.048404606 -0.03863605 -0.02914917 -0.022949167 -0.021423528 -0.021270246 -0.019938689 -0.017574144 -0.014855432 -0.011757322 -0.0080513586 -0.0040968412 -0.00038439707 0.0029319259 0.005987272 0.0090509798 0.012460173
-0.21557114 -0.24920777 -0.29178151 -0.20842609 -0.026443091 0.223201 0.42502086 0.29219352 0.10427008 0.0084098887 -0.032487823 -0.047538768 -0.05054009 -0.048918543 -0.047707875 -0.050632408 -0.060658319 -0.080565623 -0.10275045 -0.095854155 -0.076786365 -0.064039097 -0.047240726 -0.019717333 -0.011070592 -0.038236226 -0.064211302 -0.080167799 -0.090690969 -0.096860048 -0.09694274 -0.091129253 -0.082405942 -0.073391641 -0.065044843 -0.057332603 -0.049938407 -0.042621026 -0.035430664 -0.028875008 -0.023698232 -0.019983402 -0.016946041 -0.014175011 -0.012220554 -0.011113625 -0.0082168591 -0.0024783424 0.0034721477 0.0080716252 0.011341371 0.013816909 0.016045837 0.018448174
-0.19548029 -0.19336798 -0.18947333 -0.13753167 -0.037304326 0.086994488 0.1692344 0.13166493 0.046988789 -0.013126784 -0.045185346 -0.05959041 -0.063991606 -0.063461493 -0.061855405 -0.062433108 -0.068767814 -0.086372332 -0.11165614 -0.10116365 -0.074033854 -0.053740511 -0.023924765 0.031142244 0.051041058 -0.0036790115 -0.044655316 -0.064544611 -0.074284062 -0.078504411 -0.078479107 -0.074966732 -0.069197596 -0.062444987 -0.055516988 -0.048742113 -0.04218439 -0.035842836 -0.029779384 -0.024152424 -0.019109802 -0.01464737 -0.010801656 -0.0083482608 -0.0095301529 -0.014744648 -0.011828916 0.001143586 0.012022414 0.018253888 0.021306267 0.022795595 0.023833102 0.025008809
-0.16860795 -0.14390387 -0.127062 -0.09832488 -0.053084219 -0.0028364036 0.027247548 0.018341673 -0.013944153 -0.045223967 -0.066366843 -0.077226718 -0.07985182 -0.077171233 -0.072480383 -0.068624565 -0.068074961 -0.073374875 -0.08139949 -0.075981347 -0.061955664 -0.047241847 -0.022942307 0.017251986 0.030496767 -0.0074543354 -0.040116402 -0.05726353 -0.065395248 -0.068232214 -0.067419819 -0.063981385 -0.058822018 -0.052751408 -0.046373223 -0.040044505 -0.033925458 -0.028062189 -0.022460276 -0.017122135 -0.012049527 -0.0072936967 -0.0032313996 -0.0013283292 -0.0053891924 -0.016719473 -0.012547093 0.0094433908 0.025443597 0.032419273 0.034005069 0.033467053 0.032688407 0.032405969
-0.1231567 -0.088236927 -0.078379706 -0.073263967 -0.061441376 -0.046229587 -0.037841787 -0.043019606 -0.058786982 -0.077567165 -0.093509695 -0.10229554 -0.10147448 -0.093354659 -0.082729096 -0.072545663 -0.063418078 -0.054870577 -0.047512888 -0.045226312 -0.046146563 -0.043108428 -0.032785923 -0.018223398 -0.014598529 -0.028448358 -0.045245964 -0.057213395 -0.063843956 -0.065176327 -0.062215429 -0.056935188 -0.050661677 -0.044022582 -0.03738755 -0.031002852 -0.02498276 -0.019312813 -0.013903292 -0.0086563527 -0.003509976 0.0015048467 0.006074849 0.0091295895 0.0084888762 0.0052277948 0.013623247 0.035099965 0.050524842 0.054103962 0.050848138 0.046173348 0.042597904 0.040604307
-0.037572251 0.006180991 -0.012511393 -0.044549363 -0.061393631 -0.067057815 -0.070845341 -0.078427648 -0.091110348 -0.10827378 -0.12791601 -0.14095881 -0.13486304 -0.11506637 -0.094460306 -0.076463096 -0.058272063 -0.034341459 -0.0065161157 -0.0081225133 -0.029437788 -0.039262617 -0.039253187 -0.036055407 -0.036131464 -0.042153828 -0.051742097 -0.062551988 -0.071566032 -0.071536589 -0.062932808 -0.052946321 -0.043888187 -0.035640172 -0.028055875 -0.021184833 -0.015041103 -0.009462599 -0.0041824531 0.0010205985 0.006267072 0.011622737 0.017141778 0.022878681 0.02928467 0.039223817 0.058732492 0.084167266 0.095952474 0.087712168 0.072617683 0.060422819 0.052952852 0.049185309
0.084891191 0.15773855 0.075285182 -0.01516448 -0.059971096 -0.080098617 -0.091772137 -0.10261708 -0.11598629 -0.13627932 -0.17066247 -0.20494529 -0.1876687 -0.14209009 -0.10702257 -0.081621034 -0.05728675 -0.023822531 0.019163293 0.014460002 -0.020787631 -0.037527277 -0.042249971 -0.043027441 -0.044255402 -0.048135961 -0.055894734 -0.069813183 -0.088116235 -0.087072016 -0.067118176 -0.049917015 -0.037152837 -0.026649315 -0.017544534 -0.0098341289 -0.0035272692 0.0018204198 0.0068638035 0.012012652 0.017370838 0.023023581 0.029402218 0.037672629 0.050451257 0.073214911 0.11371223 0.16427128 0.17477039 0.13573537 0.096841461 0.073779209 0.062215456 0.057291922
0.1317194 0.21715181 0.10511352 -0.011839715 -0.068477235 -0.094424394 -0.10986141 -0.12343407 -0.1368237 -0.15564371 -0.20184634 -0.27059628 -0.23550129 -0.16026889 -0.1155802 -0.08737379 -0.063275744 -0.036205898 -0.010022867 -0.010347994 -0.02870361 -0.040190084 -0.044483829 -0.045772087 -0.046787055 -0.049364863 -0.055572596 -0.068944225 -0.088308793 -0.086943412 -0.064004552 -0.043958907 -0.028775875 -0.015909601 -0.0046232813 0.0043527475 0.010525633 0.015020233 0.019507847 0.024663225 0.030245487 0.035989109 0.042426933 0.051496525 0.067367832 0.098619657 0.16149512 0.2582098 0.27392664 0.18102263 0.11289285 0.081066452 0.067908373 0.063713409
0.052776529 0.08900092 0.028865737 -0.04872672 -0.093770133 -0.11444152 -0.12867722 -0.1466091 -0.1613025 -0.16578426 -0.18738098 -0.22623311 -0.20302957 -0.15072198 -0.11565597 -0.091548343 -0.071713123 -0.053752299 -0.04027783 -0.037014244 -0.041133954 -0.045109296 -0.046800153 -0.047029726 -0.046954065 -0.047788345 -0.051006742 -0.05802398 -0.066177129 -0.064020394 -0.049892841 -0.033567901 -0.018069822 -0.0026635217 0.012318809 0.023658807 0.028615007 0.030494662 0.033909478 0.039617323 0.046057086 0.051746046 0.056852708 0.06383631 0.077504901 0.10619879 0.16408255 0.25137606 0.26429093 0.17305098 0.10532553 0.076157256 0.067282801 0.067224993
-0.026318228 -0.020418523 -0.053353022 -0.10254171 -0.13545996 -0.1408661 -0.14574546 -0.17173086 -0.20006492 -0.18142327 -0.16414601 -0.16189806 -0.14869889 -0.12917568 -0.11071418 -0.093407239 -0.078005669 -0.065125175 -0.055850304 -0.051103371 -0.049739272 -0.049506747 -0.049133673 -0.04811159 -0.046461738 -0.045064072 -0.0449392 -0.046270342 -0.047128112 -0.043586104 -0.034357281 -0.021582485 -0.0063218761 0.012282871 0.034125292 0.051101764 0.05193617 0.047384518 0.049736434 0.058126786 0.067572267 0.073570577 0.075261696 0.076370582 0.082570449 0.099423671 0.13074645 0.16647115 0.16593726 0.11965903 0.074117902 0.055575407 0.058625683 0.067412257
-0.070599651 -0.075035268 -0.101263 -0.14632665 -0.18315196 -0.16881099 -0.15434705 -0.1755344 -0.20551403 -0.18170978 -0.15015427 -0.13296028 -0.12087405 -0.11593062 -0.10687496 -0.093967067 -0.081564665 -0.071304143 -0.06361457 -0.058319054 -0.05482614 -0.052765595 -0.051994522 -0.050635556 -0.046795969 -0.04240243 -0.039128703 -0.03684618 -0.034262304 -0.029614184 -0.021875616 -0.010908351 0.0039062042 0.024805975 0.054274826 0.080395061 0.074002669 0.061521688 0.066246574 0.082872943 0.10114264 0.10914912 0.10315345 0.092336485 0.086693257 0.0901062 0.10110137 0.1111844 0.105828 0.078867414 0.0408391 0.026601766 0.046450735 0.06666812
-0.092363605 -0.09892022 -0.11926538 -0.15427154 -0.18438479 -0.17039077 -0.15155772 -0.15632882 -0.1653036 -0.15473847 -0.13620703 -0.12167085 -0.11359501 -0.11277132 -0.10507504 -0.093819922 -0.083300684 -0.074849729 -0.068454942 -0.063221074 -0.058427382 -0.055156679 -0.056018248 -0.056490914 -0.048574577 -0.039755431 -0.03342865 -0.028800236 -0.024505027 -0.019260729 -0.012144248 -0.0024869274 0.010751895 0.029684687 0.056203294 0.079281387 0.07480174 0.068632609 0.083664492 0.11814821 0.15967533 0.17529583 0.14936613 0.11375251 0.09110595 0.082634551 0.083206826 0.085560921 0.081680156 0.065830436 0.038936996 0.027650525 0.048030173 0.070550813
-0.10205269 -0.10739544 -0.12008473 -0.13852274 -0.15204878 -0.14858361 -0.14041171 -0.13910155 -0.13943258 -0.13474452 -0.12691448 -0.11951087 -0.1144386 -0.11077856 -0.10296436 -0.093060904 -0.084141405 -0.077722541 -0.073753329 -0.069745432 -0.063162722 -0.05674469 -0.056902727 -0.058222 -0.047023615 -0.034820793 -0.026403459 -0.020567453 -0.015655902 -0.010386423 -0.0039307657 0.0042875987 0.014931436 0.028825884 0.045526137 0.059114937 0.06387426 0.072451795 0.10099692 0.16124192 0.25223011 0.29153769 0.21560592 0.13452694 0.090380666 0.072399992 0.069652814 0.072713407 0.07377997 0.068563807 0.058358656 0.054616307 0.064864529 0.08044327
-0.10542858 -0.10882964 -0.11566257 -0.12419923 -0.1301548 -0.1304926 -0.12823226 -0.12701382 -0.12645633 -0.12541933 -0.12443528 -0.1227869 -0.11795317 -0.11071713 -0.10187143 -0.092506613 -0.0847835 -0.081188112 -0.083073595 -0.084136019 -0.073542668 -0.05903562 -0.051456741 -0.046965477 -0.036512818 -0.024664557 -0.016183547 -0.010723446 -0.006347092 -0.0016350362 0.0040052119 0.010761938 0.018790726 0.028223023 0.038586098 0.048387853 0.058065456 0.074398711 0.1094974 0.18210793 0.30608317 0.36773552 0.24843628 0.13343758 0.07252066 0.048554793 0.0509494 0.062904695 0.072253788 0.075973521 0.075905837 0.077047829 0.082916269 0.092527383
-0.10558551 -0.10740856 -0.11083389 -0.11483419 -0.11777693 -0.11875408 -0.11857142 -0.11857933 -0.11958767 -0.12273897 -0.13009687 -0.13841498 -0.13177126 -0.11636469 -0.10357401 -0.092944636 -0.085214473 -0.084376646 -0.096615636 -0.11124169 -0.090966642 -0.062068936 -0.044751547 -0.032831721 -0.019970524 -0.0078715713 -0.00096647457 0.0017736965 0.0041571448 0.0078693473 0.012790977 0.018369304 0.024262823 0.030479856 0.037201478 0.044798608 0.054818857 0.071395736 0.10188486 0.15645099 0.23321513 0.26298458 0.1902055 0.099985087 0.03100124 -0.0008294767 0.02098492 0.053587744 0.075068443 0.086982874 0.092915152 0.096331442 0.099997262 0.10522105
