WatsonE12E13/OpenEM/OpenEM_28.asc
NCOLS 499
NROWS 379
XLLCORNER 149.806
YLLCORNER -30.2866
CELLSIZE 1e-05
NODATA_VALUE -9999
[rows 216 to 239 of 379, columns 330 to 384 of 499]
-0.68718044 -0.67944873 -0.67547708 -0.67443445 -0.67483842 -0.67630241 -0.6792397 -0.68355095 -0.68662256 -0.68391475 -0.67508379 -0.66386056 -0.65250808 -0.64128678 -0.62983259 -0.61776573 -0.60458877 -0.58879199 -0.56579487 -0.52481601 -0.45082111 -0.37604898 -0.41192182 -0.49463924 -0.54465099 -0.5657384 -0.56788132 -0.55423354 -0.52718765 -0.50448946 -0.51431881 -0.54289086 -0.56373194 -0.57140183 -0.56675482 -0.54894931 -0.52198985 -0.51429501 -0.53739453 -0.56069179 -0.57405821 -0.58047214 -0.58287522 -0.58282778 -0.58103378 -0.57774826 -0.57307686 -0.56725364 -0.5608269 -0.55462546 -0.54943544 -0.54546936 -0.54203967 -0.53789943 -0.53218593
-0.67138887 -0.6631013 -0.66181781 -0.66476451 -0.6674037 -0.66908245 -0.67061368 -0.67224087 -0.67294052 -0.67113558 -0.66640432 -0.65967451 -0.651933 -0.64360189 -0.63466619 -0.62479744 -0.61314571 -0.59760331 -0.57318365 -0.52917342 -0.45092585 -0.37261201 -0.4100371 -0.49606673 -0.54849359 -0.57237203 -0.57951049 -0.57583702 -0.56610917 -0.55877608 -0.56183523 -0.57171536 -0.57918569 -0.57921606 -0.56899281 -0.54387457 -0.50471681 -0.49312436 -0.52740576 -0.55788786 -0.57394077 -0.58152582 -0.58473632 -0.58545712 -0.58432592 -0.58120981 -0.5756351 -0.56745987 -0.5575044 -0.54768458 -0.540391 -0.53698369 -0.53659393 -0.53696872 -0.5363732
-0.65586979 -0.6428671 -0.64538294 -0.65525961 -0.66070539 -0.66246397 -0.66313831 -0.66407011 -0.66481988 -0.66421702 -0.66173308 -0.65760868 -0.65232334 -0.64622138 -0.63939636 -0.63161047 -0.62207228 -0.60898285 -0.5888496 -0.55622222 -0.50892872 -0.47119527 -0.48623113 -0.53082772 -0.56564502 -0.58525433 -0.59433901 -0.5969148 -0.59614782 -0.5951949 -0.59596531 -0.59727473 -0.59627717 -0.59066532 -0.57829234 -0.55654624 -0.52909092 -0.52138878 -0.54247187 -0.56444776 -0.5775118 -0.58431219 -0.58774103 -0.58934648 -0.58948184 -0.58720313 -0.58053825 -0.5681114 -0.55097541 -0.53310855 -0.52078009 -0.51848016 -0.52394015 -0.5311537 -0.53626099
-0.64758518 -0.6313645 -0.63617521 -0.64995597 -0.65592039 -0.65633547 -0.65562351 -0.65699857 -0.6594052 -0.6605581 -0.65982816 -0.65747368 -0.6539228 -0.64955384 -0.64460239 -0.63903652 -0.63234293 -0.62326081 -0.60975883 -0.59009251 -0.56647973 -0.55011711 -0.55317345 -0.57030403 -0.58838645 -0.60197509 -0.61136824 -0.61817463 -0.62346239 -0.62695075 -0.62718659 -0.6232357 -0.61569563 -0.60546494 -0.59260784 -0.57718756 -0.56277579 -0.55817851 -0.56546029 -0.57577161 -0.58349529 -0.58840569 -0.59180333 -0.59491376 -0.59814518 -0.59945122 -0.59291044 -0.5731619 -0.54147072 -0.50506083 -0.47967453 -0.48092216 -0.50050443 -0.52032613 -0.53332877
-0.65059836 -0.64152326 -0.64345312 -0.65060685 -0.65316494 -0.65023837 -0.64641143 -0.64963084 -0.6556488 -0.6592206 -0.66017937 -0.65920668 -0.65689963 -0.6538325 -0.65054012 -0.64737381 -0.64423013 -0.64013172 -0.63313477 -0.62184719 -0.6082674 -0.59809335 -0.5960934 -0.60148981 -0.61023281 -0.6196868 -0.62967436 -0.64119375 -0.65429625 -0.66513847 -0.66632461 -0.65559517 -0.63909354 -0.62265006 -0.60801649 -0.59539229 -0.58594277 -0.58174671 -0.58279835 -0.58629506 -0.58982891 -0.59288808 -0.59630153 -0.60177444 -0.6113861 -0.62358464 -0.62274593 -0.59047127 -0.53198731 -0.45709511 -0.39873174 -0.41286279 -0.46616493 -0.50724204 -0.53019063
-0.65469609 -0.65098797 -0.65087258 -0.65252898 -0.65202382 -0.64670475 -0.64011699 -0.64530495 -0.65469296 -0.66052475 -0.66309875 -0.66321625 -0.66160331 -0.65922735 -0.65719364 -0.65653045 -0.65787674 -0.6604256 -0.6602649 -0.65295258 -0.64068547 -0.63001717 -0.62474486 -0.6249143 -0.62906371 -0.63641399 -0.64790843 -0.666171 -0.6933211 -0.72195209 -0.72732615 -0.70104658 -0.66712059 -0.64053093 -0.62195718 -0.60911323 -0.6006353 -0.5959719 -0.59434733 -0.5944884 -0.59537804 -0.59690465 -0.60010343 -0.607682 -0.62516393 -0.65698123 -0.67276866 -0.62145342 -0.5302977 -0.41011243 -0.30322975 -0.34194157 -0.4394522 -0.50042262 -0.53085833
-0.65512964 -0.65366248 -0.65333314 -0.65349641 -0.65264218 -0.64941457 -0.64619166 -0.65023391 -0.65862004 -0.66570033 -0.66992158 -0.67076623 -0.66883168 -0.66594558 -0.66425628 -0.66581406 -0.67274329 -0.68562977 -0.69590182 -0.68816063 -0.66921955 -0.65403299 -0.64588418 -0.64330327 -0.64495466 -0.65097597 -0.66377408 -0.68920325 -0.73666119 -0.80188413 -0.81847768 -0.75744054 -0.69481138 -0.65565522 -0.63263726 -0.61872901 -0.61024435 -0.60526282 -0.60249376 -0.60092979 -0.60004018 -0.60004138 -0.60214326 -0.6092383 -0.62742392 -0.66257022 -0.68194089 -0.62859134 -0.53898245 -0.43071369 -0.34085865 -0.36998909 -0.45305011 -0.50933214 -0.53894931
-0.65282383 -0.65279449 -0.65314182 -0.65366224 -0.65393681 -0.65381691 -0.65461259 -0.65894854 -0.6670576 -0.67655516 -0.68374989 -0.68483424 -0.68020146 -0.67428772 -0.67112891 -0.67360954 -0.68545176 -0.71103002 -0.73729756 -0.72387231 -0.69227302 -0.67241892 -0.66293649 -0.65908672 -0.65889813 -0.66296905 -0.67463021 -0.70155434 -0.75806212 -0.84659057 -0.87185954 -0.78610212 -0.70762395 -0.66300909 -0.63853316 -0.62467099 -0.61673948 -0.61220443 -0.6093222 -0.60686769 -0.60442699 -0.60252076 -0.60240453 -0.60607085 -0.61621477 -0.63201225 -0.63485222 -0.60305768 -0.54944308 -0.48998144 -0.44846415 -0.45685483 -0.49652476 -0.53246863 -0.55532437
-0.64882955 -0.65021157 -0.65163186 -0.65311368 -0.65472057 -0.65678001 -0.66028358 -0.66697761 -0.67867021 -0.6955411 -0.71101158 -0.71158746 -0.69811448 -0.68431695 -0.67705051 -0.67808854 -0.69001793 -0.71673073 -0.74447179 -0.73120396 -0.70199605 -0.68585743 -0.67882132 -0.67512424 -0.67288245 -0.67334657 -0.68010452 -0.69926666 -0.73896777 -0.79379299 -0.80700684 -0.75383292 -0.69691571 -0.66040442 -0.63930249 -0.6275301 -0.62149542 -0.61879329 -0.6170778 -0.61424075 -0.60979762 -0.60510164 -0.60187998 -0.60130394 -0.60359739 -0.60626109 -0.60199398 -0.58488426 -0.5585483 -0.53161259 -0.51543523 -0.51929006 -0.53877091 -0.56166671 -0.57956583
-0.64365535 -0.64665883 -0.6493574 -0.65194121 -0.65472351 -0.65827704 -0.66373155 -0.6732604 -0.69083787 -0.72166768 -0.75765773 -0.75648419 -0.72168593 -0.69417703 -0.68103965 -0.67895472 -0.68643309 -0.7021083 -0.71585303 -0.71276184 -0.70324771 -0.69952999 -0.69890761 -0.69624164 -0.69049904 -0.68472653 -0.68330123 -0.69012598 -0.70687885 -0.72642773 -0.72829627 -0.7049438 -0.67478553 -0.65127925 -0.63626135 -0.62822983 -0.62577624 -0.62733437 -0.62935909 -0.6266091 -0.61817269 -0.60856739 -0.60130551 -0.59704628 -0.59487661 -0.59273241 -0.58772461 -0.57820619 -0.56577931 -0.5546637 -0.55010737 -0.55592196 -0.57179584 -0.5936268 -0.61414311
-0.63759825 -0.6425587 -0.64668226 -0.65036299 -0.6540974 -0.65859913 -0.66511083 -0.6761078 -0.69683374 -0.73658826 -0.7899905 -0.78725084 -0.73457199 -0.69819296 -0.68163241 -0.677174 -0.68070496 -0.6891722 -0.69791228 -0.70407069 -0.71181089 -0.72381769 -0.73351364 -0.7314937 -0.71766464 -0.70067979 -0.68803377 -0.68257629 -0.68339033 -0.68563023 -0.68198576 -0.66983134 -0.65405725 -0.64030902 -0.63116263 -0.62749923 -0.63024066 -0.64015021 -0.65233608 -0.65052449 -0.63170046 -0.61250757 -0.60002121 -0.59294183 -0.58875101 -0.58535363 -0.58123953 -0.57592329 -0.57039349 -0.56693554 -0.56848752 -0.57789228 -0.59752633 -0.6288195 -0.66587604
-0.63105765 -0.63835784 -0.64400168 -0.64870977 -0.653159 -0.65809582 -0.66460531 -0.67465817 -0.69200237 -0.721586 -0.7555961 -0.75410785 -0.71988041 -0.69205827 -0.67782514 -0.67330165 -0.6754729 -0.68242427 -0.6930693 -0.70880387 -0.73422124 -0.77051865 -0.80128924 -0.79766255 -0.76246676 -0.72378999 -0.69568574 -0.67857115 -0.66892279 -0.66251656 -0.65564713 -0.6468657 -0.63741465 -0.62947829 -0.62480893 -0.62505985 -0.63316063 -0.65441515 -0.68706139 -0.68835125 -0.64653851 -0.61262264 -0.59535292 -0.58728455 -0.58296825 -0.57980684 -0.57682445 -0.57398762 -0.57206577 -0.57255597 -0.57758975 -0.59012364 -0.6149831 -0.66053987 -0.73020456
-0.62482808 -0.63469864 -0.64181754 -0.64741594 -0.65238417 -0.6574211 -0.66322891 -0.6708144 -0.6816767 -0.69647218 -0.70965753 -0.70883477 -0.69449893 -0.67954068 -0.67033618 -0.66736619 -0.66997286 -0.67797794 -0.6926677 -0.71864542 -0.76583937 -0.84452471 -0.92565561 -0.91454038 -0.8270515 -0.75093646 -0.70370225 -0.67582176 -0.6586595 -0.64689099 -0.63753818 -0.62947482 -0.62288076 -0.61843467 -0.61693091 -0.61973706 -0.63004519 -0.65430983 -0.69301462 -0.69486505 -0.64031736 -0.59937785 -0.58316583 -0.57836871 -0.57610638 -0.57400397 -0.57203816 -0.57068857 -0.57071321 -0.57324611 -0.57997553 -0.59364861 -0.61944914 -0.6673588 -0.74502823
-0.62033584 -0.63248307 -0.64073097 -0.64697405 -0.6523689 -0.65755115 -0.66273954 -0.66795415 -0.67335584 -0.6788266 -0.68236409 -0.68068967 -0.67390327 -0.66599625 -0.66052587 -0.65916603 -0.66270069 -0.67214735 -0.69011216 -0.72329314 -0.78704332 -0.90637843 -1.0523472 -1.0295229 -0.87741589 -0.76718211 -0.70588623 -0.67071405 -0.64842017 -0.63268953 -0.62090326 -0.61248066 -0.60752323 -0.60581292 -0.60691149 -0.61100688 -0.61955447 -0.63453869 -0.65100927 -0.64358954 -0.6034028 -0.56829 -0.56211327 -0.56667413 -0.5681156 -0.56714036 -0.56579325 -0.56523072 -0.56625384 -0.56972829 -0.5768468 -0.58946495 -0.61062332 -0.64424241 -0.68702731
-0.619596 -0.63280102 -0.64135203 -0.64780671 -0.65366386 -0.65960721 -0.66532839 -0.66948822 -0.67101481 -0.67042819 -0.66836386 -0.66445973 -0.65882071 -0.65290797 -0.64872835 -0.6480222 -0.65213452 -0.66242209 -0.68138321 -0.71486143 -0.77535462 -0.87975229 -0.99599105 -0.97844904 -0.85440163 -0.75593077 -0.697015 -0.66070932 -0.63561085 -0.61621153 -0.60098559 -0.59108988 -0.5877723 -0.58976241 -0.59433147 -0.59984259 -0.60607631 -0.61245625 -0.61458229 -0.60299832 -0.57342509 -0.54340658 -0.5458413 -0.55723672 -0.55994531 -0.55877698 -0.55731014 -0.55696571 -0.55842798 -0.56227577 -0.56917177 -0.5798911 -0.59514237 -0.61434411 -0.63166867
-0.62477107 -0.63677512 -0.64416715 -0.65006178 -0.6564318 -0.66444913 -0.67365078 -0.679793 -0.67779214 -0.6701878 -0.66195833 -0.65418519 -0.64648313 -0.63921482 -0.63381005 -0.63230365 -0.63647083 -0.64727862 -0.66567701 -0.69427071 -0.73788502 -0.79777341 -0.84942062 -0.8420999 -0.78346571 -0.72326956 -0.6786761 -0.64611536 -0.61960871 -0.59526055 -0.57304496 -0.55866221 -0.55827981 -0.56800512 -0.57915887 -0.58777163 -0.59353622 -0.59634075 -0.59446261 -0.58497062 -0.56732117 -0.55059362 -0.54934836 -0.55248125 -0.55089984 -0.54768331 -0.54540904 -0.54494071 -0.5465864 -0.55068065 -0.55751431 -0.56705143 -0.57865852 -0.59054601 -0.59884663
-0.63799922 -0.64556572 -0.64946122 -0.65342576 -0.65991397 -0.67131521 -0.68905239 -0.70403564 -0.69659335 -0.67640723 -0.65945714 -0.64631563 -0.6344417 -0.62287903 -0.61302464 -0.60850613 -0.61268784 -0.62545671 -0.64445609 -0.66845129 -0.69736127 -0.72815691 -0.74927257 -0.74619742 -0.72074074 -0.68798322 -0.65737855 -0.62980265 -0.60216541 -0.57026029 -0.53303191 -0.50521781 -0.51170579 -0.53940092 -0.56260527 -0.57635643 -0.58328315 -0.58538328 -0.58311535 -0.57635965 -0.56624602 -0.55664061 -0.5503487 -0.54422313 -0.53699669 -0.53113934 -0.5281199 -0.52765816 -0.52943877 -0.53390857 -0.5414682 -0.55154974 -0.56262721 -0.57264136 -0.57924425
-0.66268531 -0.66063489 -0.65726352 -0.65715345 -0.6622773 -0.67557175 -0.70144028 -0.72823986 -0.71460068 -0.68119768 -0.65664159 -0.63844472 -0.62110281 -0.60169833 -0.58155296 -0.56925813 -0.57482852 -0.59515414 -0.61966938 -0.64312793 -0.66454655 -0.6823921 -0.69260374 -0.69114739 -0.67864868 -0.65980469 -0.63850977 -0.61534305 -0.58747108 -0.54829264 -0.48992007 -0.43458589 -0.45424134 -0.51170889 -0.54906475 -0.56757064 -0.57572363 -0.57784999 -0.57566787 -0.56993088 -0.56148984 -0.55142718 -0.53983031 -0.52618134 -0.51297309 -0.50487799 -0.50270983 -0.50318026 -0.50475348 -0.5094225 -0.51906345 -0.53243067 -0.54634905 -0.55804471 -0.56582388
-0.70512603 -0.68289707 -0.66674851 -0.6602932 -0.66199609 -0.67221499 -0.69244256 -0.71159192 -0.70121097 -0.67364069 -0.64996676 -0.62956641 -0.60671827 -0.57559005 -0.5343984 -0.50225315 -0.5141772 -0.55596195 -0.59418526 -0.62150841 -0.64063124 -0.65342749 -0.6597833 -0.65909583 -0.651881 -0.63979219 -0.62424441 -0.60512998 -0.57989156 -0.5421266 -0.4827125 -0.42303992 -0.44513047 -0.5066548 -0.54483444 -0.56322193 -0.57105854 -0.57282427 -0.57033221 -0.56421611 -0.55452624 -0.54066101 -0.52117774 -0.49582843 -0.47166587 -0.46208382 -0.46640225 -0.47008149 -0.46880953 -0.47150956 -0.48576135 -0.50760708 -0.52893266 -0.54535729 -0.55587275
-0.76181594 -0.70610906 -0.67446329 -0.66162806 -0.65932605 -0.6639571 -0.67311094 -0.67972021 -0.67397922 -0.65845293 -0.64063943 -0.6210179 -0.59475352 -0.55253737 -0.48356419 -0.41590401 -0.44207115 -0.51955975 -0.57452316 -0.6061803 -0.62464288 -0.63523273 -0.63998044 -0.63963614 -0.63481121 -0.62625021 -0.61448287 -0.59931734 -0.57941079 -0.55212448 -0.51629921 -0.48708453 -0.49565021 -0.5263346 -0.5500398 -0.56318717 -0.56902352 -0.56986314 -0.56672577 -0.55968837 -0.54790041 -0.52910598 -0.49895033 -0.45303431 -0.40309281 -0.39308061 -0.4200818 -0.4302774 -0.41514406 -0.40732387 -0.43331913 -0.4752688 -0.51089083 -0.53500969 -0.54929743
-0.77527029 -0.70990324 -0.67446808 -0.65977463 -0.65528559 -0.65591061 -0.6584815 -0.65930979 -0.65503737 -0.64557341 -0.63249572 -0.61533869 -0.59012173 -0.5480415 -0.4779922 -0.40816321 -0.43534023 -0.5145011 -0.56900901 -0.59910207 -0.61560505 -0.62436137 -0.62795858 -0.6275681 -0.62385202 -0.61728009 -0.60812226 -0.5963642 -0.58178588 -0.56454066 -0.54684782 -0.53526684 -0.53650464 -0.54687209 -0.55784694 -0.56536471 -0.56883604 -0.56861324 -0.56486361 -0.55712008 -0.54384593 -0.52149767 -0.48260426 -0.4148307 -0.32553505 -0.31421219 -0.38079589 -0.39325379 -0.33808853 -0.29927049 -0.35794089 -0.44010904 -0.49645723 -0.52955232 -0.54760028
-0.72121273 -0.68745196 -0.66504126 -0.65454019 -0.65064748 -0.64979753 -0.6496793 -0.64838701 -0.6445027 -0.63755292 -0.62751627 -0.61363377 -0.59352241 -0.56307349 -0.52087273 -0.48698861 -0.49946763 -0.54177244 -0.57743914 -0.59968256 -0.61234504 -0.61882553 -0.62108058 -0.6202056 -0.61684619 -0.61137697 -0.60396385 -0.59463152 -0.58348074 -0.57122147 -0.5599402 -0.55297504 -0.5524856 -0.5571034 -0.56316484 -0.56773996 -0.56966382 -0.56872099 -0.5647316 -0.55698663 -0.54377561 -0.52155506 -0.48336727 -0.41877429 -0.33731928 -0.32650518 -0.38207552 -0.37768466 -0.28242098 -0.21104031 -0.30765013 -0.42400198 -0.49444957 -0.53330623 -0.55350098
-0.66533738 -0.65838166 -0.65143636 -0.64774677 -0.64637541 -0.64585407 -0.64502067 -0.64301743 -0.63927255 -0.63350402 -0.62552601 -0.61489964 -0.60077132 -0.58249054 -0.56228578 -0.54940022 -0.554226 -0.57228943 -0.59122724 -0.60515661 -0.61357935 -0.61747401 -0.61797186 -0.61605972 -0.61243326 -0.60744369 -0.60113607 -0.59333658 -0.58376859 -0.57222201 -0.55916018 -0.54864813 -0.54922267 -0.55777961 -0.56532426 -0.56964448 -0.57102231 -0.5698508 -0.56612099 -0.55917132 -0.54755965 -0.52886131 -0.4995569 -0.45757051 -0.41487338 -0.40395852 -0.41655181 -0.39920512 -0.33290275 -0.29059691 -0.35614914 -0.44754077 -0.51160692 -0.55077366 -0.57115443
-0.62524657 -0.63456861 -0.63920101 -0.64205919 -0.64392806 -0.64461792 -0.64382527 -0.64144782 -0.63755293 -0.63224684 -0.62557324 -0.6174757 -0.60792092 -0.59738388 -0.58777164 -0.58276009 -0.58527362 -0.59396437 -0.60456047 -0.61349199 -0.61883176 -0.62007662 -0.61806476 -0.61422247 -0.6096081 -0.60460664 -0.59905843 -0.59242969 -0.58382995 -0.57170629 -0.55373623 -0.53410183 -0.53712438 -0.55516651 -0.56659683 -0.57153487 -0.57273345 -0.57161654 -0.5685655 -0.56298866 -0.55375202 -0.5396355 -0.51976701 -0.495374 -0.47304383 -0.46151399 -0.45645224 -0.44211351 -0.41620079 -0.40681292 -0.4393191 -0.49317594 -0.54452428 -0.58551438 -0.60759189
