WatsonE12E13/OpenEM/OpenEM_44.asc
NCOLS 499
NROWS 379
XLLCORNER 149.806
YLLCORNER -30.2866
CELLSIZE 1e-05
NODATA_VALUE -9999
[rows 104 to 129 of 379, columns 420 to 479 of 499]
12.396489 12.397683 12.39885 12.399991 12.401105 12.402193 12.403255 12.404291 12.405302 12.406288 12.407248 12.408184 12.409096 12.409983 12.410847 12.411686 12.412502 12.413295 12.414065 12.414812 12.415537 12.416239 12.416919 12.417577 12.418213 12.418828 12.419422 12.419995 12.420547 12.421079 12.421591 12.422082 12.422553 12.423005 12.423438 12.423852 12.424246 12.424622 12.42498 12.425319 12.425641 12.425945 12.426231 12.4265 12.426752 12.426987 12.427206 12.427409 12.427596 12.427766 12.427922 12.428062 12.428187 12.428297 12.428392 12.428474 12.428541 12.428594 12.428634 12.42866
12.398425 12.399626 12.4008 12.401947 12.403066 12.404159 12.405226 12.406266 12.40728 12.408269 12.409233 12.410171 12.411085 12.411974 12.412839 12.413679 12.414496 12.415289 12.416058 12.416805 12.417528 12.418229 12.418908 12.419564 12.420198 12.420811 12.421402 12.421971 12.42252 12.423048 12.423555 12.424042 12.424509 12.424956 12.425384 12.425792 12.426181 12.426551 12.426902 12.427235 12.42755 12.427847 12.428126 12.428388 12.428633 12.42886 12.429071 12.429266 12.429444 12.429607 12.429753 12.429884 12.43 12.430101 12.430188 12.43026 12.430317 12.430361 12.430391 12.430407
12.400389 12.401597 12.402777 12.403929 12.405054 12.406152 12.407223 12.408268 12.409286 12.410278 12.411244 12.412185 12.4131 12.413991 12.414857 12.415698 12.416515 12.417308 12.418077 12.418823 12.419546 12.420245 12.420922 12.421576 12.422208 12.422818 12.423406 12.423972 12.424517 12.425041 12.425544 12.426027 12.426489 12.426931 12.427353 12.427755 12.428139 12.428502 12.428848 12.429174 12.429482 12.429772 12.430044 12.430298 12.430535 12.430754 12.430957 12.431143 12.431313 12.431467 12.431605 12.431727 12.431833 12.431925 12.432002 12.432064 12.432112 12.432146 12.432165 12.432172
12.40238 12.403595 12.404781 12.40594 12.40707 12.408173 12.409248 12.410297 12.411318 12.412313 12.413282 12.414226 12.415143 12.416035 12.416902 12.417744 12.418561 12.419354 12.420123 12.420868 12.421589 12.422287 12.422962 12.423614 12.424243 12.42485 12.425435 12.425998 12.426539 12.427059 12.427558 12.428035 12.428492 12.428929 12.429346 12.429742 12.430119 12.430477 12.430815 12.431135 12.431436 12.431718 12.431983 12.432229 12.432458 12.43267 12.432864 12.433042 12.433203 12.433347 12.433476 12.433589 12.433686 12.433768 12.433835 12.433887 12.433925 12.433948 12.433958 12.433954
12.404399 12.405621 12.406813 12.407978 12.409113 12.410221 12.411301 12.412353 12.413378 12.414377 12.415348 12.416294 12.417213 12.418106 12.418974 12.419816 12.420634 12.421427 12.422195 12.422939 12.423659 12.424355 12.425028 12.425678 12.426304 12.426908 12.42749 12.428049 12.428586 12.429102 12.429596 12.430069 12.43052 12.430952 12.431363 12.431753 12.432124 12.432475 12.432806 12.433119 12.433412 12.433687 12.433944 12.434182 12.434403 12.434606 12.434792 12.434961 12.435113 12.435248 12.435367 12.43547 12.435558 12.43563 12.435687 12.435729 12.435756 12.435769 12.435768 12.435753
12.406446 12.407675 12.408874 12.410044 12.411185 12.412297 12.413382 12.414438 12.415467 12.416468 12.417442 12.418389 12.41931 12.420205 12.421073 12.421916 12.422734 12.423527 12.424294 12.425037 12.425756 12.42645 12.427121 12.427768 12.428392 12.428992 12.42957 12.430126 12.430659 12.43117 12.431659 12.432127 12.432573 12.432999 12.433404 12.433788 12.434152 12.434496 12.434821 12.435126 12.435412 12.435679 12.435928 12.436158 12.43637 12.436565 12.436741 12.436901 12.437044 12.43717 12.437279 12.437372 12.43745 12.437512 12.437558 12.43759 12.437607 12.437609 12.437597 12.437571
12.408522 12.409758 12.410963 12.412139 12.413285 12.414403 12.415491 12.416551 12.417583 12.418587 12.419564 12.420513 12.421436 12.422332 12.423201 12.424044 12.424862 12.425654 12.426421 12.427162 12.42788 12.428572 12.42924 12.429885 12.430506 12.431103 12.431677 12.432228 12.432757 12.433264 12.433748 12.43421 12.434651 12.435071 12.43547 12.435847 12.436205 12.436542 12.436859 12.437157 12.437435 12.437694 12.437934 12.438156 12.43836 12.438545 12.438713 12.438863 12.438996 12.439112 12.439212 12.439295 12.439362 12.439413 12.439449 12.43947 12.439476 12.439467 12.439444 12.439407
12.410628 12.41187 12.413082 12.414263 12.415415 12.416537 12.41763 12.418693 12.419729 12.420736 12.421715 12.422666 12.42359 12.424487 12.425357 12.426201 12.427018 12.42781 12.428575 12.429316 12.430031 12.430722 12.431387 12.432029 12.432647 12.43324 12.433811 12.434358 12.434882 12.435384 12.435863 12.43632 12.436755 12.437168 12.437561 12.437932 12.438282 12.438612 12.438922 12.439212 12.439482 12.439733 12.439964 12.440177 12.440372 12.440548 12.440706 12.440847 12.44097 12.441076 12.441165 12.441238 12.441295 12.441335 12.44136 12.44137 12.441364 12.441344 12.44131 12.441261
12.412763 12.414012 12.41523 12.416417 12.417574 12.418701 12.419798 12.420865 12.421904 12.422913 12.423895 12.424848 12.425773 12.426671 12.427542 12.428386 12.429203 12.429994 12.430758 12.431497 12.432211 12.432899 12.433562 12.434201 12.434815 12.435405 12.435972 12.436514 12.437034 12.43753 12.438004 12.438455 12.438884 12.439291 12.439677 12.440041 12.440384 12.440707 12.441009 12.441291 12.441552 12.441795 12.442018 12.442221 12.442407 12.442573 12.442722 12.442852 12.442965 12.443061 12.44314 12.443202 12.443248 12.443277 12.443291 12.443289 12.443272 12.443241 12.443194 12.443133
12.414928 12.416184 12.417408 12.418601 12.419763 12.420894 12.421995 12.423067 12.424108 12.425121 12.426104 12.427059 12.427986 12.428885 12.429756 12.4306 12.431417 12.432207 12.43297 12.433707 12.434419 12.435105 12.435765 12.436401 12.437012 12.437598 12.43816 12.438698 12.439213 12.439704 12.440172 12.440617 12.44104 12.441441 12.441819 12.442176 12.442512 12.442827 12.443121 12.443394 12.443648 12.443881 12.444095 12.444289 12.444465 12.444622 12.44476 12.444881 12.444983 12.445068 12.445136 12.445187 12.445222 12.44524 12.445242 12.445229 12.4452 12.445156 12.445098 12.445025
12.417125 12.418387 12.419617 12.420816 12.421983 12.423119 12.424224 12.425299 12.426343 12.427359 12.428344 12.429301 12.430229 12.431128 12.432 12.432844 12.43366 12.434449 12.435211 12.435947 12.436656 12.437339 12.437997 12.438629 12.439236 12.439819 12.440376 12.44091 12.441419 12.441905 12.442367 12.442806 12.443223 12.443616 12.443988 12.444338 12.444666 12.444972 12.445258 12.445523 12.445767 12.445992 12.446196 12.446381 12.446547 12.446694 12.446822 12.446932 12.447023 12.447098 12.447154 12.447194 12.447217 12.447224 12.447214 12.447189 12.447148 12.447092 12.447021 12.446935
12.419352 12.420621 12.421858 12.423062 12.424234 12.425374 12.426483 12.427562 12.428609 12.429627 12.430615 12.431573 12.432502 12.433402 12.434274 12.435118 12.435933 12.436721 12.437482 12.438216 12.438923 12.439603 12.440258 12.440887 12.44149 12.442068 12.442621 12.443149 12.443653 12.444133 12.44459 12.445023 12.445432 12.445819 12.446183 12.446525 12.446845 12.447144 12.447421 12.447677 12.447912 12.448127 12.448322 12.448497 12.448653 12.448789 12.448907 12.449006 12.449086 12.449149 12.449195 12.449223 12.449234 12.449228 12.449207 12.449169 12.449115 12.449047 12.448963 12.448864
12.421611 12.422887 12.424129 12.425339 12.426516 12.427661 12.428774 12.429856 12.430906 12.431926 12.432916 12.433876 12.434806 12.435707 12.436579 12.437422 12.438237 12.439024 12.439783 12.440515 12.441219 12.441897 12.442548 12.443174 12.443773 12.444346 12.444895 12.445418 12.445916 12.44639 12.446841 12.447267 12.44767 12.448049 12.448406 12.44874 12.449052 12.449342 12.44961 12.449857 12.450083 12.450288 12.450473 12.450638 12.450783 12.450908 12.451015 12.451103 12.451172 12.451224 12.451257 12.451273 12.451272 12.451255 12.45122 12.45117 12.451104 12.451022 12.450925 12.450813
12.423903 12.425185 12.426433 12.427648 12.42883 12.42998 12.431097 12.432182 12.433235 12.434258 12.435249 12.436211 12.437142 12.438043 12.438915 12.439758 12.440572 12.441357 12.442115 12.442844 12.443546 12.444221 12.444869 12.44549 12.446085 12.446654 12.447198 12.447715 12.448208 12.448676 12.44912 12.449539 12.449935 12.450307 12.450656 12.450982 12.451285 12.451566 12.451825 12.452063 12.452279 12.452474 12.452649 12.452803 12.452938 12.453052 12.453148 12.453224 12.453282 12.453321 12.453343 12.453346 12.453333 12.453302 12.453255 12.453192 12.453112 12.453017 12.452907 12.452782
12.426227 12.427515 12.42877 12.42999 12.431177 12.432331 12.433452 12.43454 12.435596 12.436621 12.437615 12.438577 12.439509 12.440411 12.441283 12.442125 12.442938 12.443722 12.444478 12.445205 12.445904 12.446576 12.44722 12.447837 12.448428 12.448992 12.44953 12.450043 12.450529 12.450991 12.451428 12.45184 12.452229 12.452593 12.452934 12.453251 12.453546 12.453818 12.454068 12.454295 12.454502 12.454687 12.454851 12.454994 12.455118 12.455221 12.455305 12.455369 12.455415 12.455442 12.455451 12.455442 12.455416 12.455372 12.455312 12.455235 12.455142 12.455034 12.454909 12.45477
12.428584 12.429879 12.431139 12.432365 12.433557 12.434715 12.435839 12.436931 12.43799 12.439017 12.440012 12.440976 12.441909 12.442811 12.443683 12.444524 12.445336 12.446119 12.446872 12.447597 12.448294 12.448962 12.449602 12.450216 12.450802 12.451361 12.451893 12.4524 12.452881 12.453336 12.453766 12.454171 12.454551 12.454908 12.45524 12.455549 12.455834 12.456097 12.456337 12.456555 12.456751 12.456925 12.457079 12.457211 12.457323 12.457415 12.457486 12.457539 12.457572 12.457587 12.457583 12.457561 12.457521 12.457464 12.457391 12.4573 12.457193 12.45707 12.456932 12.456779
12.430975 12.432276 12.433543 12.434774 12.43597 12.437132 12.43826 12.439355 12.440417 12.441446 12.442443 12.443408 12.444342 12.445244 12.446115 12.446956 12.447767 12.448548 12.449299 12.450021 12.450715 12.451379 12.452016 12.452625 12.453206 12.45376 12.454287 12.454788 12.455262 12.455711 12.456133 12.456531 12.456903 12.457252 12.457575 12.457875 12.458151 12.458404 12.458634 12.458842 12.459027 12.459191 12.459333 12.459454 12.459554 12.459634 12.459693 12.459733 12.459754 12.459755 12.459738 12.459703 12.45965 12.459579 12.459491 12.459387 12.459266 12.459128 12.458976 12.458807
12.4334 12.434708 12.43598 12.437216 12.438417 12.439584 12.440715 12.441813 12.442878 12.443909 12.444908 12.445874 12.446808 12.44771 12.448581 12.449421 12.45023 12.451009 12.451759 12.452478 12.453168 12.453829 12.454462 12.455066 12.455643 12.456191 12.456713 12.457207 12.457675 12.458116 12.458531 12.458921 12.459286 12.459625 12.45994 12.46023 12.460497 12.46074 12.46096 12.461157 12.461331 12.461484 12.461614 12.461723 12.461811 12.461879 12.461926 12.461953 12.46196 12.461948 12.461918 12.461869 12.461802 12.461717 12.461615 12.461495 12.46136 12.461208 12.46104 12.460857
12.435859 12.437174 12.438451 12.439693 12.440899 12.442069 12.443205 12.444306 12.445373 12.446406 12.447406 12.448373 12.449308 12.45021 12.451081 12.45192 12.452727 12.453505 12.454251 12.454968 12.455655 12.456312 12.45694 12.45754 12.458111 12.458654 12.45917 12.459657 12.460118 12.460552 12.46096 12.461342 12.461698 12.462029 12.462334 12.462615 12.462872 12.463105 12.463314 12.4635 12.463663 12.463804 12.463923 12.46402 12.464095 12.46415 12.464184 12.464198 12.464192 12.464166 12.464122 12.464058 12.463977 12.463878 12.463761 12.463627 12.463476 12.463309 12.463126 12.462927
12.438354 12.439675 12.440958 12.442205 12.443415 12.44459 12.445729 12.446833 12.447903 12.448938 12.449939 12.450907 12.451842 12.452744 12.453614 12.454452 12.455259 12.456034 12.456778 12.457491 12.458175 12.458828 12.459452 12.460047 12.460612 12.46115 12.461659 12.46214 12.462594 12.463021 12.463421 12.463794 12.464141 12.464463 12.464759 12.46503 12.465277 12.465499 12.465697 12.465872 12.466024 12.466153 12.466259 12.466343 12.466406 12.466448 12.466468 12.466469 12.466449 12.466409 12.46635 12.466272 12.466176 12.466062 12.46593 12.465781 12.465614 12.465431 12.465233 12.465018
12.440884 12.442211 12.4435 12.444752 12.445967 12.447146 12.448289 12.449396 12.450468 12.451505 12.452508 12.453476 12.454412 12.455314 12.456183 12.45702 12.457824 12.458597 12.459339 12.460049 12.460729 12.461378 12.461997 12.462587 12.463147 12.463679 12.464181 12.464656 12.465102 12.465521 12.465913 12.466278 12.466616 12.466928 12.467215 12.467476 12.467712 12.467923 12.46811 12.468273 12.468413 12.46853 12.468623 12.468695 12.468745 12.468773 12.46878 12.468766 12.468732 12.468677 12.468604 12.468511 12.4684 12.46827 12.468122 12.467957 12.467775 12.467576 12.467361 12.46713
12.44345 12.444784 12.446079 12.447336 12.448555 12.449738 12.450884 12.451994 12.453068 12.454107 12.455111 12.456081 12.457017 12.457918 12.458787 12.459622 12.460425 12.461196 12.461934 12.462641 12.463317 12.463962 12.464577 12.465161 12.465716 12.466241 12.466737 12.467204 12.467643 12.468054 12.468438 12.468794 12.469123 12.469425 12.469702 12.469952 12.470177 12.470378 12.470553 12.470704 12.470832 12.470936 12.471017 12.471075 12.471111 12.471125 12.471118 12.47109 12.471041 12.470972 12.470883 12.470775 12.470648 12.470502 12.470339 12.470158 12.469959 12.469744 12.469512 12.469264
12.446053 12.447393 12.448693 12.449955 12.45118 12.452366 12.453516 12.454629 12.455705 12.456746 12.457752 12.458722 12.459658 12.460559 12.461427 12.462261 12.463061 12.46383 12.464565 12.465269 12.465941 12.466582 12.467191 12.46777 12.468319 12.468838 12.469327 12.469787 12.470218 12.470621 12.470996 12.471342 12.471662 12.471955 12.472221 12.47246 12.472674 12.472863 12.473027 12.473166 12.47328 12.473371 12.473439 12.473483 12.473505 12.473505 12.473484 12.47344 12.473377 12.473292 12.473188 12.473064 12.472921 12.472759 12.472579 12.472381 12.472166 12.471934 12.471685 12.47142
12.448693 12.450039 12.451345 12.452612 12.453841 12.455032 12.456185 12.4573 12.458379 12.459422 12.460428 12.461399 12.462335 12.463236 12.464103 12.464935 12.465734 12.4665 12.467232 12.467933 12.4686 12.469236 12.469841 12.470414 12.470957 12.471469 12.471951 12.472404 12.472827 12.473221 12.473587 12.473925 12.474234 12.474517 12.474772 12.475001 12.475203 12.47538 12.475531 12.475658 12.475759 12.475837 12.475891 12.475921 12.475929 12.475914 12.475877 12.475819 12.475739 12.475639 12.475519 12.475379 12.475219 12.475041 12.474844 12.474629 12.474396 12.474147 12.47388 12.473598
12.45137 12.452722 12.454034 12.455306 12.45654 12.457734 12.458891 12.460009 12.461091 12.462135 12.463143 12.464114 12.46505 12.465951 12.466816 12.467647 12.468444 12.469207 12.469936 12.470633 12.471296 12.471928 12.472527 12.473094 12.473631 12.474136 12.474611 12.475056 12.475471 12.475856 12.476213 12.476541 12.47684 12.477112 12.477356 12.477574 12.477764 12.477929 12.478068 12.478181 12.478269 12.478333 12.478373 12.478389 12.478381 12.478352 12.478299 12.478225 12.47813 12.478013 12.477877 12.47772 12.477543 12.477348 12.477133 12.476901 12.476651 12.476383 12.476099 12.475798
12.454085 12.455443 12.456761 12.458039 12.459277 12.460475 12.461635 12.462756 12.46384 12.464886 12.465895 12.466867 12.467803 12.468703 12.469567 12.470397 12.471191 12.471951 12.472677 12.47337 12.474029 12.474655 12.475249 12.475811 12.476341 12.476839 12.477307 12.477743 12.47815 12.478526 12.478873 12.479191 12.479481 12.479742 12.479975 12.48018 12.480359 12.48051 12.480636 12.480736 12.48081 12.48086 12.480885 12.480886 12.480864 12.480818 12.48075 12.48066 12.480548 12.480415 12.480261 12.480087 12.479893 12.47968 12.479448 12.479197 12.478929 12.478643 12.47834 12.478021
