WatsonE12E13/OpenEM/OpenEM_mag.asc
NCOLS 499
NROWS 370
XLLCORNER 149.806
YLLCORNER -30.2864
CELLSIZE 1e-05
NODATA_VALUE -9999
[rows 96 to 119 of 370, columns 324 to 377 of 499]
-0.011207849 -0.016018583 -0.020277266 -0.024081057 -0.027493729 -0.030559368 -0.033311266 -0.035777368 -0.037983323 -0.039953915 -0.041713469 -0.043285671 -0.044693125 -0.045956869 -0.047095971 -0.048127287 -0.049065367 -0.049922518 -0.050708957 -0.051433047 -0.052101545 -0.052719873 -0.053292349 -0.053822408 -0.05431278 -0.054765636 -0.05518271 -0.055565389 -0.055914786 -0.056231803 -0.056517175 -0.056771508 -0.056995312 -0.057189029 -0.057353059 -0.057487774 -0.057593544 -0.057670745 -0.057719774 -0.05774106 -0.057735067 -0.057702305 -0.057643328 -0.057558738 -0.057449181 -0.057315351 -0.057157983 -0.056977849 -0.056775756 -0.056552538 -0.056309052 -0.056046176 -0.055764798 -0.055465813
-0.015524768 -0.020259241 -0.024471165 -0.028245861 -0.031634715 -0.034671739 -0.037383442 -0.039794291 -0.041929284 -0.043814673 -0.045477617 -0.046945298 -0.048243907 -0.049397753 -0.05042862 -0.051355412 -0.052194077 -0.052957731 -0.053656932 -0.054300028 -0.054893523 -0.055442434 -0.055950607 -0.056420974 -0.056855774 -0.057256712 -0.057625093 -0.05796191 -0.058267921 -0.058543704 -0.058789696 -0.059006235 -0.059193586 -0.059351966 -0.059481572 -0.059582596 -0.059655243 -0.059699749 -0.059716387 -0.059705481 -0.059667413 -0.059602621 -0.05951161 -0.059394942 -0.059253244 -0.059087197 -0.058897536 -0.058685041 -0.058450536 -0.058194879 -0.057918955 -0.057623672 -0.057309954 -0.056978732
-0.020288656 -0.024885953 -0.029027342 -0.032766907 -0.036131523 -0.039138099 -0.041802857 -0.044145671 -0.046191316 -0.047968832 -0.049509902 -0.050846893 -0.052011034 -0.053030989 -0.053931942 -0.054735184 -0.055458106 -0.056114488 -0.05671496 -0.057267536 -0.057778143 -0.058251095 -0.058689498 -0.059095572 -0.059470891 -0.059816561 -0.060133352 -0.060421784 -0.060682194 -0.06091478 -0.061119642 -0.061296806 -0.061446258 -0.061567962 -0.061661881 -0.061728002 -0.061766347 -0.06177699 -0.061760069 -0.061715791 -0.061644444 -0.061546393 -0.061422086 -0.061272049 -0.061096886 -0.060897268 -0.060673934 -0.060427679 -0.060159347 -0.059869825 -0.059560032 -0.059230913 -0.058883432 -0.058518562
-0.025406888 -0.02984927 -0.033933345 -0.037660066 -0.041019496 -0.044005235 -0.046620987 -0.048882421 -0.050816086 -0.052456612 -0.053843174 -0.055015998 -0.056013453 -0.056869999 -0.057615028 -0.058272494 -0.058861127 -0.059395025 -0.059884421 -0.060336497 -0.060756131 -0.061146528 -0.061509725 -0.061846967 -0.062158967 -0.062446088 -0.062708458 -0.062946042 -0.063158692 -0.063346179 -0.063508216 -0.063644483 -0.063754649 -0.063838388 -0.063895406 -0.063925455 -0.06392835 -0.063903986 -0.063852347 -0.063773514 -0.06366767 -0.063535102 -0.063376199 -0.063191451 -0.062981438 -0.06274683 -0.062488371 -0.062206877 -0.061903219 -0.061578321 -0.061233141 -0.060868669 -0.060485916 -0.060085902
-0.030724514 -0.035076103 -0.039176277 -0.042954151 -0.046353822 -0.049342195 -0.05191089 -0.054074358 -0.055865425 -0.05732937 -0.058517668 -0.059482403 -0.060271997 -0.060928495 -0.061486312 -0.061972138 -0.062405625 -0.062800501 -0.063165828 -0.063507204 -0.063827799 -0.064129174 -0.064411888 -0.064675909 -0.064920878 -0.065146269 -0.065351464 -0.065535805 -0.0656986 -0.065839146 -0.065956729 -0.066050642 -0.066120198 -0.06616475 -0.06618371 -0.066176566 -0.066142903 -0.066082413 -0.065994909 -0.065880333 -0.065738757 -0.065570382 -0.065375538 -0.065154677 -0.064908364 -0.064637267 -0.064342147 -0.064023844 -0.063683268 -0.063321384 -0.062939202 -0.062537763 -0.062118132 -0.061681384
-0.036046598 -0.040492001 -0.044763439 -0.048709738 -0.052226277 -0.055254595 -0.057778726 -0.059818777 -0.061422072 -0.062652888 -0.063582397 -0.064280264 -0.064808764 -0.065219541 -0.065552613 -0.065837001 -0.066092292 -0.066330621 -0.066558645 -0.066779281 -0.0669931 -0.067199342 -0.067396603 -0.067583249 -0.067757642 -0.067918231 -0.068063578 -0.068192337 -0.068303237 -0.068395059 -0.068466622 -0.068516794 -0.068544491 -0.068548706 -0.068528518 -0.06848312 -0.068411834 -0.068314129 -0.068189629 -0.068038119 -0.067859552 -0.067654041 -0.067421856 -0.067163415 -0.06687927 -0.066570096 -0.066236679 -0.065879895 -0.065500699 -0.065100112 -0.064679201 -0.064239071 -0.063780848 -0.063305672
-0.041191816 -0.046059669 -0.050754473 -0.055047313 -0.058789723 -0.061905157 -0.064379889 -0.066251971 -0.067596849 -0.068510947 -0.069096104 -0.069447417 -0.069645637 -0.069753879 -0.069817642 -0.069866917 -0.069919288 -0.069983242 -0.070061159 -0.070151741 -0.070251791 -0.070357413 -0.070464709 -0.070570124 -0.070670564 -0.07076337 -0.070846233 -0.070917102 -0.070974096 -0.071015452 -0.071039491 -0.071044607 -0.07102928 -0.07099209 -0.070931745 -0.0708471 -0.070737184 -0.070601211 -0.070438595 -0.070248955 -0.070032113 -0.069788092 -0.069517102 -0.06921953 -0.068895927 -0.068546984 -0.06817352 -0.067776462 -0.067356823 -0.066915688 -0.066454197 -0.065973527 -0.065474878 -0.064959462
-0.046047453 -0.051825538 -0.057305234 -0.062186949 -0.066292952 -0.069542952 -0.071941594 -0.073564616 -0.07453736 -0.075008706 -0.075127064 -0.075023239 -0.074801452 -0.074537222 -0.074279831 -0.074057184 -0.073881399 -0.073754055 -0.073670534 -0.073623245 -0.073603787 -0.073604205 -0.073617589 -0.073638213 -0.073661437 -0.073683481 -0.073701188 -0.073711816 -0.073712878 -0.073702048 -0.073677107 -0.073635931 -0.073576505 -0.073496943 -0.073395526 -0.073270725 -0.073121233 -0.072945981 -0.07274415 -0.072515174 -0.07225874 -0.071974776 -0.071663438 -0.071325092 -0.070960292 -0.070569764 -0.070154372 -0.069715108 -0.069253058 -0.068769389 -0.068265324 -0.067742126 -0.067201082 -0.066643485
-0.050564211 -0.057977165 -0.064730028 -0.070504367 -0.075130671 -0.078545902 -0.080795135 -0.082022393 -0.082437986 -0.082274816 -0.081750478 -0.081043978 -0.080287081 -0.079566094 -0.07892935 -0.078396774 -0.077969248 -0.07763652 -0.077383179 -0.077192695 -0.077049792 -0.07694155 -0.076857644 -0.076790093 -0.076732776 -0.076680914 -0.07663061 -0.076578501 -0.07652152 -0.076456762 -0.076381426 -0.076292805 -0.076188316 -0.076065536 -0.075922248 -0.075756483 -0.075566549 -0.075351057 -0.075108928 -0.074839399 -0.074542012 -0.074216603 -0.07386328 -0.073482397 -0.073074532 -0.072640455 -0.072181099 -0.071697535 -0.071190944 -0.070662589 -0.070113795 -0.069545925 -0.068960364 -0.068358502
-0.054859987 -0.0649801 -0.073598282 -0.080609752 -0.085916989 -0.089485473 -0.091423827 -0.091993714 -0.091550119 -0.09046003 -0.089041275 -0.087533959 -0.086097496 -0.084821857 -0.083744309 -0.082866446 -0.082168849 -0.081622343 -0.081195718 -0.080860343 -0.080592356 -0.080373164 -0.080188945 -0.080029682 -0.079888102 -0.079758727 -0.079637145 -0.0795195 -0.079402187 -0.079281702 -0.079154589 -0.079017471 -0.078867094 -0.0787004 -0.078514589 -0.078307177 -0.07807603 -0.077819394 -0.077535906 -0.077224587 -0.076884832 -0.076516389 -0.076119326 -0.075694006 -0.075241046 -0.074761285 -0.074255746 -0.073725604 -0.073172151 -0.072596772 -0.072000909 -0.071386044 -0.070753677 -0.070105302
-0.060039426 -0.073850318 -0.084849493 -0.093448794 -0.09959917 -0.10323304 -0.10453778 -0.10398615 -0.10218898 -0.099727628 -0.097058641 -0.094490432 -0.092199782 -0.090262675 -0.088686388 -0.087437242 -0.086462039 -0.085703006 -0.085106938 -0.084629712 -0.084237492 -0.083905882 -0.083618077 -0.083362763 -0.083132214 -0.082920798 -0.082723936 -0.082537452 -0.082357239 -0.082179128 -0.081998903 -0.081812368 -0.081615462 -0.081404359 -0.081175562 -0.080925978 -0.080652963 -0.080354351 -0.080028462 -0.079674089 -0.079290479 -0.078877299 -0.078434601 -0.077962772 -0.077462498 -0.076934713 -0.076380558 -0.075801339 -0.075198488 -0.07457353 -0.073928051 -0.07326367 -0.072582015 -0.071884704
-0.06907611 -0.086202922 -0.099808557 -0.11042055 -0.11765739 -0.1211538 -0.12119444 -0.11868818 -0.1147263 -0.11022645 -0.10581667 -0.10185934 -0.09851624 -0.095813663 -0.093696659 -0.092070321 -0.090828724 -0.089873096 -0.089121259 -0.088510631 -0.087997032 -0.087551287 -0.08715515 -0.086797515 -0.086471406 -0.08617185 -0.085894551 -0.085635186 -0.085389119 -0.085151382 -0.084916792 -0.084680128 -0.084436312 -0.084180574 -0.083908572 -0.083616493 -0.083301098 -0.082959757 -0.082590443 -0.08219171 -0.081762663 -0.081302907 -0.080812497 -0.080291882 -0.079741846 -0.079163454 -0.078557998 -0.077926949 -0.07727191 -0.076594575 -0.075896695 -0.075180049 -0.074446414 -0.073697544
-0.084402346 -0.10345702 -0.11995825 -0.13354932 -0.14253207 -0.14549756 -0.14298466 -0.13699004 -0.1295418 -0.12203098 -0.11523422 -0.10949977 -0.10490263 -0.10135635 -0.098693234 -0.09671982 -0.095252413 -0.094136581 -0.093254487 -0.09252382 -0.091891866 -0.091327739 -0.090814878 -0.090344949 -0.089913507 -0.089517285 -0.089152747 -0.08881549 -0.088500182 -0.088200758 -0.087910739 -0.087623554 -0.087332823 -0.087032592 -0.086717491 -0.086382846 -0.086024735 -0.085640004 -0.085226252 -0.084781792 -0.084305601 -0.083797248 -0.083256831 -0.082684897 -0.082082374 -0.081450501 -0.080790765 -0.080104838 -0.079394529 -0.078661736 -0.077908403 -0.077136491 -0.076347946 -0.075544675
-0.10479468 -0.12570005 -0.14637399 -0.16586072 -0.17872024 -0.18022008 -0.17223175 -0.15987947 -0.14687867 -0.13502981 -0.12505933 -0.11713707 -0.11112341 -0.10672018 -0.10357366 -0.10134149 -0.099731315 -0.098517643 -0.097542792 -0.096707404 -0.095956087 -0.095262615 -0.094617498 -0.094019011 -0.093467567 -0.092962731 -0.092502016 -0.092080737 -0.09169241 -0.091329334 -0.090983201 -0.090645615 -0.090308505 -0.089964426 -0.089606753 -0.089229793 -0.088828838 -0.088400154 -0.087940949 -0.087449304 -0.086924094 -0.086364896 -0.085771898 -0.085145801 -0.084487733 -0.08379916 -0.083081813 -0.082337614 -0.081568619 -0.080776965 -0.079964822 -0.079134358 -0.078287709 -0.077426955
-0.12748103 -0.15065109 -0.17796696 -0.21236613 -0.23595976 -0.23246075 -0.21169123 -0.18793137 -0.16654564 -0.14876267 -0.13477268 -0.12430849 -0.11682815 -0.11168065 -0.10822687 -0.10591153 -0.10429848 -0.10307837 -0.10205607 -0.10112567 -0.10024185 -0.099394372 -0.098589099 -0.097836026 -0.097142974 -0.096513132 -0.095944817 -0.09543231 -0.09496704 -0.094538758 -0.09413652 -0.093749449 -0.09336727 -0.092980668 -0.092581494 -0.092162863 -0.091719177 -0.091246078 -0.090740379 -0.090199953 -0.089623624 -0.089011036 -0.088362537 -0.087679051 -0.086961975 -0.086213069 -0.085434369 -0.084628101 -0.083796617 -0.082942333 -0.082067678 -0.081175058 -0.080266821 -0.079345233
-0.1495643 -0.17048427 -0.20632628 -0.2826266 -0.33748502 -0.3120136 -0.26153534 -0.22013357 -0.18758731 -0.16225965 -0.14348276 -0.13030725 -0.12153555 -0.11597153 -0.11256233 -0.11046253 -0.10905627 -0.10794644 -0.10691689 -0.10587993 -0.10482418 -0.10377354 -0.10276064 -0.10181297 -0.10094767 -0.10017124 -0.099481454 -0.098869841 -0.098324103 -0.097830018 -0.097372868 -0.09693842 -0.09651356 -0.096086654 -0.095647735 -0.095188547 -0.094702511 -0.094184621 -0.093631315 -0.093040314 -0.092410462 -0.091741559 -0.0910342 -0.090289628 -0.089509593 -0.088696229 -0.087851949 -0.086979348 -0.086081127 -0.085160026 -0.084218772 -0.083260036 -0.082286401 -0.081300339
-0.16310013 -0.17359701 -0.21978055 -0.37736209 -0.50219516 -0.40413628 -0.3116432 -0.25391639 -0.2084652 -0.17391524 -0.1498007 -0.13412583 -0.12463188 -0.11932116 -0.11656853 -0.11514819 -0.11423371 -0.11335717 -0.11232586 -0.11112034 -0.10980396 -0.10846109 -0.10716456 -0.1059639 -0.10488515 -0.10393541 -0.10310857 -0.10239029 -0.10176193 -0.10120326 -0.10069425 -0.10021625 -0.099752549 -0.099288705 -0.098812632 -0.098314543 -0.097786816 -0.097223809 -0.096621643 -0.095977979 -0.095291792 -0.094563155 -0.093793032 -0.092983096 -0.092135559 -0.091253026 -0.090338371 -0.08939463 -0.088424913 -0.087432334 -0.086419958 -0.085390751 -0.084347555 -0.08329306
-0.15711421 -0.17715561 -0.23167919 -0.38039022 -0.50055845 -0.41885919 -0.35876219 -0.2917677 -0.22727129 -0.18105254 -0.1516379 -0.13439795 -0.1253903 -0.1215276 -0.12042221 -0.12035772 -0.12028057 -0.11971507 -0.11859241 -0.11705518 -0.11530558 -0.1135216 -0.11182747 -0.11029394 -0.10895008 -0.10779665 -0.10681738 -0.105987 -0.10527676 -0.1046577 -0.10410266 -0.10358728 -0.10309046 -0.10259447 -0.10208481 -0.10155007 -0.10098157 -0.1003731 -0.099720571 -0.099021736 -0.098275854 -0.097483428 -0.096645948 -0.095765658 -0.094845364 -0.093888254 -0.092897761 -0.091877444 -0.090830889 -0.089761638 -0.088673131 -0.087568661 -0.08645135 -0.085324122
-0.14203009 -0.17208679 -0.21990664 -0.29878654 -0.37347012 -0.45558986 -0.46275514 -0.33544594 -0.23709136 -0.17883958 -0.14600915 -0.12933878 -0.12300094 -0.12259419 -0.12469142 -0.12692129 -0.12802174 -0.12767917 -0.12616431 -0.12394867 -0.12146258 -0.11900752 -0.11675733 -0.11479016 -0.11312246 -0.11173524 -0.11059184 -0.10964887 -0.1088625 -0.10819183 -0.10760042 -0.10705692 -0.10653506 -0.10601338 -0.10547481 -0.10490626 -0.10429809 -0.10364366 -0.10293888 -0.10218177 -0.1013721 -0.10051101 -0.099600717 -0.098644212 -0.097645045 -0.096607124 -0.095534553 -0.094431501 -0.093302103 -0.092150383 -0.090980197 -0.089795195 -0.088598792 -0.087394157
-0.1260971 -0.15449263 -0.19059888 -0.24071053 -0.32088471 -0.47514448 -0.49111861 -0.32990715 -0.22119293 -0.16087563 -0.12911088 -0.11651993 -0.11653727 -0.12297311 -0.13073061 -0.13649095 -0.13890599 -0.13826334 -0.13563314 -0.13208899 -0.12838113 -0.12493039 -0.12192417 -0.11940997 -0.11736116 -0.11571741 -0.1144073 -0.11336005 -0.11251105 -0.1118039 -0.11119083 -0.11063232 -0.11009629 -0.10955728 -0.10899563 -0.10839667 -0.10774999 -0.10704877 -0.10628919 -0.10546987 -0.10459135 -0.10365569 -0.10266605 -0.1016264 -0.10054121 -0.099415275 -0.098253479 -0.097060705 -0.095841709 -0.094601052 -0.093343043 -0.092071712 -0.090790784 -0.089503676
-0.11152084 -0.13464116 -0.16054988 -0.18972872 -0.23407239 -0.30572921 -0.31888853 -0.24777558 -0.17458206 -0.12329588 -0.095629113 -0.091688617 -0.10472589 -0.12407565 -0.14149081 -0.1522578 -0.15536791 -0.15288689 -0.14765324 -0.14169331 -0.13606976 -0.13121722 -0.12723572 -0.12406861 -0.12159824 -0.11969333 -0.1182302 -0.11710053 -0.11621313 -0.11549296 -0.1148792 -0.11432333 -0.11378714 -0.11324121 -0.11266342 -0.11203783 -0.11135361 -0.11060416 -0.10978634 -0.10889972 -0.10794601 -0.10692852 -0.10585167 -0.10472064 -0.10354107 -0.10231876 -0.10105955 -0.099769118 -0.098452927 -0.097116119 -0.095763492 -0.09439947 -0.093028095 -0.091653028
-0.098305777 -0.11615703 -0.13796288 -0.15707245 -0.16728364 -0.18972979 -0.19451749 -0.1636301 -0.11476257 -0.064301477 -0.033554417 -0.045294897 -0.085925966 -0.12945374 -0.16308768 -0.18018617 -0.18110591 -0.17311193 -0.16264166 -0.15271234 -0.14433308 -0.13765816 -0.132514 -0.12863017 -0.12573647 -0.12359742 -0.12201948 -0.12084778 -0.11996004 -0.11926042 -0.11867424 -0.11814375 -0.11762483 -0.11708439 -0.11649835 -0.11585002 -0.11512869 -0.11432855 -0.11344766 -0.1124871 -0.11145021 -0.11034195 -0.10916837 -0.10793618 -0.10665238 -0.10532402 -0.103958 -0.10256092 -0.10113899 -0.099698001 -0.09824325 -0.096779567 -0.095311305 -0.093842359
-0.08375482 -0.095702859 -0.11891784 -0.15052991 -0.1554354 -0.14239661 -0.12949031 -0.10376823 -0.057626833 0.016872014 0.082356817 0.037576386 -0.062185866 -0.14633561 -0.20629685 -0.22985164 -0.21978582 -0.19933589 -0.18012342 -0.16455416 -0.15266102 -0.14386637 -0.13748451 -0.13290779 -0.12965302 -0.12735244 -0.12573023 -0.12457985 -0.12374614 -0.12311222 -0.12258991 -0.12211296 -0.12163209 -0.12111138 -0.12052559 -0.11985805 -0.11909899 -0.11824414 -0.11729348 -0.11625026 -0.11512004 -0.11390995 -0.1126281 -0.11128306 -0.10988347 -0.10843784 -0.10695425 -0.10544032 -0.10390309 -0.10234899 -0.10078385 -0.09921289 -0.097640759 -0.096071559
-0.063976251 -0.066152228 -0.087263888 -0.11295216 -0.11784051 -0.10087207 -0.08200138 -0.060249782 -0.018740861 0.077735612 0.20158459 0.11270257 -0.054767949 -0.17935263 -0.27501634 -0.30292216 -0.26631792 -0.22805557 -0.19809427 -0.17591726 -0.16019014 -0.14928252 -0.141792 -0.13667871 -0.13321072 -0.13087742 -0.1293193 -0.12827951 -0.12757217 -0.12706145 -0.12664767 -0.1262578 -0.1258389 -0.12535355 -0.12477653 -0.12409231 -0.12329313 -0.12237723 -0.12134749 -0.12021012 -0.11897367 -0.11764805 -0.11624392 -0.11477209 -0.11324316 -0.11166725 -0.11005379 -0.10841149 -0.10674825 -0.10507116 -0.10338656 -0.10170004 -0.1000165 -0.098340217
