WatsonE12E13/OpenEM/OpenEM_28.asc
NCOLS 499
NROWS 379
XLLCORNER 149.806
YLLCORNER -30.2866
CELLSIZE 1e-05
NODATA_VALUE -9999
[rows 240 to 263 of 379, columns 330 to 384 of 499]
-0.59508035 -0.61766266 -0.63126608 -0.63995263 -0.64528954 -0.64747266 -0.64661896 -0.64337039 -0.63860304 -0.63296782 -0.62678692 -0.62020487 -0.61342183 -0.60697928 -0.60200785 -0.60006584 -0.60225705 -0.60833505 -0.61678653 -0.62510828 -0.62968614 -0.62792854 -0.62147737 -0.61392338 -0.60729732 -0.60190854 -0.59714106 -0.5919481 -0.58500994 -0.57448786 -0.55821123 -0.54080273 -0.54326903 -0.55939558 -0.56987396 -0.57401333 -0.57451646 -0.57328827 -0.57120709 -0.56739813 -0.5606231 -0.55047494 -0.53725975 -0.52239029 -0.50875053 -0.49883026 -0.49137273 -0.4829696 -0.47521361 -0.47766972 -0.49820998 -0.53439008 -0.58196289 -0.6368895 -0.67060616
-0.57450742 -0.60839887 -0.62939408 -0.64386219 -0.6534169 -0.65725366 -0.6552478 -0.64941525 -0.64224428 -0.63514824 -0.62856067 -0.62253183 -0.61713538 -0.61267746 -0.60976818 -0.60922435 -0.61183933 -0.61825937 -0.62893171 -0.64255449 -0.65119675 -0.64461478 -0.62848984 -0.61375364 -0.60374062 -0.5978869 -0.59446213 -0.59149319 -0.58731619 -0.5806621 -0.57125692 -0.5628982 -0.56318628 -0.5699351 -0.57525641 -0.57695496 -0.57565943 -0.57325495 -0.57242769 -0.57118565 -0.56691334 -0.55985476 -0.55092485 -0.54126207 -0.53221418 -0.52473476 -0.5187738 -0.51410745 -0.51229828 -0.51710798 -0.53219788 -0.56018243 -0.60639131 -0.67661096 -0.72813128
-0.56911338 -0.60802931 -0.63471112 -0.65648937 -0.67339386 -0.67976113 -0.67338245 -0.66073425 -0.64832717 -0.63826706 -0.63040229 -0.62418944 -0.61929493 -0.6157002 -0.61368411 -0.61379134 -0.61689182 -0.62454026 -0.6397086 -0.6653983 -0.68802358 -0.67205354 -0.63638834 -0.61005968 -0.5954865 -0.59000202 -0.58961489 -0.59033783 -0.58989743 -0.58748138 -0.58344149 -0.57974031 -0.57876879 -0.58005499 -0.58109311 -0.58020765 -0.57645125 -0.57098753 -0.57141916 -0.5740124 -0.57235255 -0.56767986 -0.56159651 -0.55515817 -0.54911247 -0.54388165 -0.53960081 -0.53656803 -0.53585764 -0.53939298 -0.54950072 -0.56925399 -0.604108 -0.65739202 -0.69538644
-0.57941261 -0.61541736 -0.64621142 -0.67931525 -0.71284366 -0.72542438 -0.70575758 -0.67738283 -0.65576977 -0.6413946 -0.63173215 -0.62495377 -0.62009691 -0.6167885 -0.6150601 -0.6152944 -0.61836296 -0.62616491 -0.64287622 -0.67481165 -0.70792734 -0.68485814 -0.6332864 -0.59576795 -0.57606769 -0.57399529 -0.58100433 -0.58811764 -0.59258823 -0.59436962 -0.5939077 -0.59211383 -0.59016157 -0.58855534 -0.58695059 -0.58463809 -0.58058525 -0.57523992 -0.5755855 -0.57877728 -0.57801248 -0.57460336 -0.57035493 -0.56619505 -0.56249392 -0.55922862 -0.55619739 -0.55345673 -0.55170144 -0.55220679 -0.55652807 -0.56652948 -0.58435978 -0.60868499 -0.62427234
-0.59645204 -0.62571463 -0.6584283 -0.70491292 -0.76760536 -0.79404242 -0.74619877 -0.69341313 -0.66132644 -0.6429735 -0.63183411 -0.62457656 -0.61963931 -0.61635567 -0.61456734 -0.61449412 -0.61678892 -0.62281518 -0.63502332 -0.65515727 -0.67109218 -0.65339 -0.61097828 -0.5664774 -0.53764004 -0.54602275 -0.56898817 -0.58589748 -0.59661582 -0.60326494 -0.60605806 -0.60489043 -0.60109115 -0.59672224 -0.59307172 -0.59049767 -0.58896272 -0.58858806 -0.58923121 -0.58819629 -0.58493219 -0.58117191 -0.57798035 -0.57576244 -0.57444281 -0.5733691 -0.57148617 -0.5681699 -0.5639633 -0.56017004 -0.55793442 -0.55792566 -0.56051289 -0.56528895 -0.56940989
-0.61170308 -0.63350766 -0.66303867 -0.71054388 -0.78027281 -0.81101989 -0.75430212 -0.69496576 -0.66049248 -0.64138789 -0.63008308 -0.62286341 -0.61798349 -0.61465362 -0.61260695 -0.61192574 -0.61297951 -0.6163662 -0.6225498 -0.63014462 -0.6322403 -0.61893934 -0.58828297 -0.54162972 -0.50161943 -0.52231991 -0.56137111 -0.58681583 -0.60434178 -0.61811398 -0.62581148 -0.62377906 -0.61495157 -0.60565882 -0.59919394 -0.59634848 -0.59785911 -0.60440986 -0.60800172 -0.60039177 -0.59216572 -0.58712078 -0.58476293 -0.58477845 -0.58679514 -0.58933216 -0.58938732 -0.5846535 -0.57615757 -0.566499 -0.55683858 -0.54647778 -0.53436401 -0.5228285 -0.5200637
-0.62259035 -0.63680485 -0.6578272 -0.6899308 -0.72967112 -0.74488937 -0.71571164 -0.67809651 -0.65208959 -0.63618265 -0.6262945 -0.61979374 -0.61523411 -0.61188201 -0.60945087 -0.60797099 -0.60768952 -0.60884866 -0.61118026 -0.61309101 -0.61114488 -0.60138352 -0.58121347 -0.55008911 -0.52452301 -0.53768656 -0.5678093 -0.59309526 -0.61738569 -0.64457972 -0.66410412 -0.65731939 -0.6344979 -0.61538001 -0.60446423 -0.60043014 -0.60309944 -0.61351935 -0.6195304 -0.60783085 -0.59691383 -0.59161822 -0.59058911 -0.59366006 -0.60118441 -0.61127626 -0.61620216 -0.60825602 -0.59147936 -0.57342656 -0.55549807 -0.53427763 -0.50468089 -0.46972079 -0.45884462
-0.63038293 -0.63717991 -0.64861612 -0.66475416 -0.68101518 -0.68589626 -0.6740759 -0.65551941 -0.63957323 -0.62832311 -0.62077778 -0.61555114 -0.61158809 -0.60825753 -0.60529012 -0.60275312 -0.60105934 -0.60070819 -0.6015241 -0.60210949 -0.60033436 -0.59435769 -0.58341636 -0.56919889 -0.55973501 -0.56473132 -0.58025696 -0.60085535 -0.63158338 -0.68186488 -0.73057167 -0.70944089 -0.65642699 -0.62308353 -0.60746556 -0.6019027 -0.6029917 -0.60890858 -0.61173599 -0.60512793 -0.59782797 -0.59428598 -0.59509139 -0.60176105 -0.61736802 -0.6425571 -0.65999095 -0.64385855 -0.61069845 -0.58136612 -0.55574628 -0.52604952 -0.48137239 -0.42008651 -0.39951099
-0.6372723 -0.63683587 -0.64039728 -0.64648196 -0.6518834 -0.65232561 -0.64614384 -0.63619665 -0.62643884 -0.61898524 -0.6139681 -0.61042966 -0.60734652 -0.60408034 -0.60031943 -0.59611994 -0.59235376 -0.59077654 -0.59196507 -0.5938114 -0.59388279 -0.59118398 -0.58604003 -0.580136 -0.57673955 -0.57885856 -0.58695868 -0.60234848 -0.63294042 -0.69412477 -0.76350935 -0.7314151 -0.66070668 -0.62232987 -0.60631835 -0.60088443 -0.60062268 -0.60249334 -0.60305023 -0.60052617 -0.59717864 -0.59555646 -0.5976521 -0.60667705 -0.62885304 -0.67063388 -0.70588535 -0.67739575 -0.62556878 -0.58737158 -0.55804459 -0.52704697 -0.48407641 -0.42978672 -0.41230886
-0.64427079 -0.63648644 -0.63408708 -0.63439881 -0.63483139 -0.63312606 -0.62828305 -0.62110233 -0.61369091 -0.6084315 -0.60600574 -0.60473314 -0.60291312 -0.59981034 -0.59498026 -0.58804419 -0.58013779 -0.57652902 -0.58053093 -0.58626066 -0.58910459 -0.58887305 -0.58671425 -0.58402454 -0.58223428 -0.5824752 -0.58556591 -0.59345171 -0.61178774 -0.64857581 -0.68643558 -0.67156057 -0.63239158 -0.60919823 -0.60007488 -0.59785202 -0.59852116 -0.59983683 -0.60026243 -0.59919398 -0.5972782 -0.59604137 -0.59772966 -0.60580968 -0.62589565 -0.66235784 -0.69142488 -0.66753609 -0.62222961 -0.58731129 -0.5607166 -0.53517832 -0.50592856 -0.47702984 -0.46804093
-0.64909932 -0.63496448 -0.62847117 -0.62556483 -0.62365333 -0.62090947 -0.61618513 -0.60913217 -0.60096618 -0.59598747 -0.59682199 -0.5988978 -0.59878924 -0.59606547 -0.59032793 -0.58019672 -0.56546914 -0.55762234 -0.56790465 -0.57981435 -0.58548247 -0.58678056 -0.5858888 -0.58421277 -0.58244246 -0.58064141 -0.57857874 -0.576257 -0.57494801 -0.57783149 -0.58487525 -0.58784195 -0.58683477 -0.58742312 -0.59014574 -0.593904 -0.59781813 -0.6010612 -0.60270876 -0.60208339 -0.59944897 -0.59640866 -0.59550945 -0.59962235 -0.61133871 -0.62966278 -0.64124208 -0.62983245 -0.60511781 -0.58166343 -0.56187262 -0.54365363 -0.52589345 -0.51122583 -0.505426
-0.64650531 -0.63013315 -0.62186823 -0.61764753 -0.61500025 -0.61217957 -0.60777445 -0.60045203 -0.58995102 -0.58325542 -0.58816165 -0.5940531 -0.59551073 -0.59335725 -0.58773471 -0.57710274 -0.56049385 -0.5511028 -0.56360853 -0.57721419 -0.58349778 -0.58508159 -0.58434661 -0.58280902 -0.58085178 -0.57725045 -0.56997905 -0.55597472 -0.53056125 -0.49357639 -0.47258372 -0.49830332 -0.53699851 -0.56343275 -0.57965873 -0.59087029 -0.59992441 -0.60748225 -0.61217376 -0.6116689 -0.6057205 -0.5975949 -0.59155453 -0.59037491 -0.5945836 -0.60161713 -0.60517261 -0.59994362 -0.58796792 -0.57425525 -0.56116571 -0.54898905 -0.53792715 -0.5291273 -0.52407477
-0.6348071 -0.62065603 -0.6128452 -0.60896949 -0.60696578 -0.60513292 -0.60204492 -0.59628261 -0.58717274 -0.58103228 -0.5860238 -0.59181424 -0.59335077 -0.59166634 -0.58727468 -0.57977825 -0.56998453 -0.5651893 -0.57111111 -0.57892533 -0.58307934 -0.58390653 -0.58266911 -0.58107865 -0.57970119 -0.57516097 -0.56369547 -0.53956902 -0.49018274 -0.40250282 -0.33982026 -0.40693619 -0.49399429 -0.54436744 -0.57215232 -0.59056627 -0.60644278 -0.622267 -0.63478618 -0.63502785 -0.62022238 -0.60028636 -0.58512824 -0.57811586 -0.57795738 -0.58094754 -0.58280892 -0.58082898 -0.57512724 -0.56740784 -0.55913654 -0.5511097 -0.54381414 -0.53769781 -0.5330022
-0.61748218 -0.60616639 -0.59999925 -0.59803982 -0.59818663 -0.59847773 -0.59764041 -0.59495473 -0.5906665 -0.58786525 -0.58933002 -0.5915452 -0.59189412 -0.59040474 -0.58741055 -0.58318513 -0.57878313 -0.5767728 -0.57846364 -0.58144565 -0.58328181 -0.58325204 -0.58158312 -0.58007763 -0.57968795 -0.57488584 -0.56164029 -0.53418217 -0.47885644 -0.38159836 -0.31250281 -0.38581385 -0.48136598 -0.53774348 -0.57009265 -0.59343467 -0.61729447 -0.64808139 -0.68150744 -0.68685162 -0.64867107 -0.60224056 -0.57147568 -0.55872424 -0.55826584 -0.56266995 -0.56660014 -0.56768006 -0.56570656 -0.561545 -0.55627734 -0.55081327 -0.54574291 -0.54124443 -0.53711303
-0.59625945 -0.58496847 -0.58074186 -0.58299372 -0.58756864 -0.59130434 -0.59317169 -0.59323384 -0.59213417 -0.59111389 -0.59095554 -0.59094988 -0.5902804 -0.5888212 -0.5867528 -0.58438343 -0.58229312 -0.58127928 -0.58162333 -0.58263155 -0.58332682 -0.58306329 -0.58172827 -0.58040889 -0.57949432 -0.57488739 -0.56313111 -0.54042828 -0.50062526 -0.44474101 -0.41256488 -0.44632622 -0.50228377 -0.54421209 -0.57297186 -0.59738956 -0.62737169 -0.67594217 -0.74727382 -0.76948325 -0.68337547 -0.59030691 -0.53720158 -0.522551 -0.53019706 -0.54292189 -0.55259183 -0.55757277 -0.55850365 -0.55652557 -0.5528303 -0.54861042 -0.54483854 -0.54168864 -0.53851089
-0.56914749 -0.55154965 -0.54950901 -0.56150846 -0.57477912 -0.58360037 -0.58832237 -0.59037005 -0.59085045 -0.59057149 -0.58997865 -0.5890923 -0.58783981 -0.5863041 -0.58466955 -0.5831492 -0.58199635 -0.58146185 -0.58161101 -0.58220047 -0.58278709 -0.58292191 -0.58237017 -0.58136012 -0.57978469 -0.57582292 -0.5672388 -0.55218543 -0.52985897 -0.50506461 -0.49320876 -0.50555438 -0.53122822 -0.55629075 -0.57767553 -0.5989928 -0.62779197 -0.67681138 -0.75214969 -0.77653911 -0.66698183 -0.53438091 -0.45619974 -0.45481907 -0.48998305 -0.52112588 -0.54009377 -0.54969343 -0.55308304 -0.55234545 -0.54895566 -0.54455044 -0.54123447 -0.53967406 -0.53806981
-0.53582314 -0.498832 -0.49961437 -0.53405914 -0.5620099 -0.57678611 -0.58384007 -0.58709931 -0.58833826 -0.5883166 -0.5874358 -0.58596016 -0.58416054 -0.58235522 -0.58080459 -0.57963727 -0.57891999 -0.5787386 -0.57915237 -0.58008089 -0.58125373 -0.58227436 -0.58278357 -0.58260558 -0.5815158 -0.5787551 -0.57326603 -0.56441771 -0.55287099 -0.54187392 -0.53706941 -0.54182325 -0.55348011 -0.56736617 -0.58147061 -0.59691933 -0.61717358 -0.6464305 -0.67879942 -0.67188496 -0.58169097 -0.43369631 -0.32255303 -0.36100922 -0.44756104 -0.50278581 -0.53112496 -0.54455525 -0.54960238 -0.54931831 -0.54519088 -0.53895273 -0.53496251 -0.53576076 -0.53642877
-0.51257541 -0.45268909 -0.45542619 -0.51566559 -0.5556895 -0.57341818 -0.58082238 -0.58422175 -0.5856111 -0.58542901 -0.58394672 -0.58154284 -0.57878668 -0.57635403 -0.57466449 -0.57367322 -0.57319094 -0.57326251 -0.57411637 -0.57584817 -0.57821638 -0.5807155 -0.58281844 -0.58416065 -0.58447893 -0.58339758 -0.58047306 -0.57560012 -0.56950013 -0.56397308 -0.5613422 -0.56293229 -0.56813986 -0.57539975 -0.58366665 -0.5928961 -0.60349807 -0.61434776 -0.6176842 -0.59424162 -0.52198849 -0.39348874 -0.28319759 -0.33440075 -0.43637108 -0.49808667 -0.52871762 -0.54301356 -0.5483728 -0.54798379 -0.54307769 -0.53506306 -0.53008115 -0.53276212 -0.53454368
-0.5229739 -0.48005803 -0.48271198 -0.52762644 -0.56059272 -0.57489163 -0.57978036 -0.58217384 -0.58322307 -0.5824306 -0.57975632 -0.57557692 -0.57087411 -0.56718445 -0.56538328 -0.56476704 -0.56437219 -0.56433283 -0.56552453 -0.56849576 -0.57290791 -0.57784556 -0.58243105 -0.58611759 -0.58859152 -0.58956282 -0.58875953 -0.5861984 -0.58247554 -0.57875278 -0.57631979 -0.57596223 -0.57765286 -0.58082307 -0.58483867 -0.5891663 -0.59299288 -0.59414567 -0.5874721 -0.56439378 -0.51610847 -0.44372506 -0.38850186 -0.40954104 -0.46713313 -0.50996356 -0.53372054 -0.54529749 -0.54949439 -0.54867698 -0.54398192 -0.53709235 -0.53284646 -0.53328853 -0.53217275
-0.54921795 -0.53121125 -0.53281725 -0.55202553 -0.57008269 -0.57853326 -0.57993347 -0.58103222 -0.58146251 -0.57962173 -0.57501846 -0.56763657 -0.55886429 -0.55265092 -0.55164577 -0.5525059 -0.55175473 -0.5502551 -0.55104114 -0.55593213 -0.56403132 -0.57314352 -0.58163056 -0.58878862 -0.59433362 -0.59791163 -0.59906208 -0.59765997 -0.59434114 -0.59034186 -0.58689623 -0.58475089 -0.58405427 -0.58452117 -0.58564562 -0.58676584 -0.58688642 -0.58428763 -0.57621354 -0.55935095 -0.53201148 -0.49916411 -0.47802579 -0.48458602 -0.5083062 -0.53016105 -0.5439111 -0.5507592 -0.55273591 -0.55113115 -0.54685722 -0.5413477 -0.53669726 -0.53244275 -0.52579271
-0.56882597 -0.56094469 -0.56087647 -0.5676941 -0.57554043 -0.57960054 -0.58003936 -0.58068893 -0.58033453 -0.57723868 -0.57026028 -0.55805304 -0.54123317 -0.52951505 -0.53274849 -0.53780473 -0.53460066 -0.5272997 -0.52528026 -0.53388805 -0.54952871 -0.56608685 -0.58063259 -0.59282787 -0.60287596 -0.61027276 -0.61370848 -0.61239165 -0.6074119 -0.60108761 -0.59535102 -0.59110732 -0.58845619 -0.58705454 -0.58634974 -0.58566019 -0.58413301 -0.58066343 -0.57396773 -0.56310189 -0.54866534 -0.53441232 -0.52706797 -0.5307887 -0.54139152 -0.55114019 -0.55659635 -0.55838283 -0.55760493 -0.55476328 -0.55017254 -0.54428321 -0.53713299 -0.52692707 -0.51161505
-0.57975292 -0.57512339 -0.57386488 -0.57555266 -0.57817852 -0.57985087 -0.58050041 -0.58079146 -0.57966731 -0.5756655 -0.5669748 -0.5505001 -0.52392566 -0.50358911 -0.51525557 -0.52463197 -0.51185938 -0.48719372 -0.47600622 -0.4946523 -0.52729533 -0.55688048 -0.58011761 -0.59917534 -0.61606029 -0.63016768 -0.63745089 -0.63449057 -0.62410104 -0.61221838 -0.60240235 -0.59550163 -0.59112649 -0.58850688 -0.58683033 -0.58534587 -0.58335216 -0.58018119 -0.5753034 -0.56865577 -0.56117626 -0.5551953 -0.55380797 -0.55851995 -0.56643738 -0.57117787 -0.57036711 -0.5671522 -0.56343776 -0.55909554 -0.55363401 -0.54651048 -0.53640179 -0.52000404 -0.49325564
-0.58501061 -0.58144113 -0.57959918 -0.57934326 -0.57995533 -0.58065751 -0.58108854 -0.58096836 -0.57949406 -0.57543401 -0.56696046 -0.55114763 -0.52629069 -0.5076807 -0.51620694 -0.51686769 -0.48355009 -0.42012199 -0.3857669 -0.43327187 -0.50011269 -0.54824771 -0.58139569 -0.60841165 -0.635442 -0.66292933 -0.67930508 -0.67064885 -0.64637459 -0.62337636 -0.60717866 -0.597162 -0.591535 -0.58852498 -0.5867362 -0.5852451 -0.58346334 -0.58100486 -0.57769622 -0.57373311 -0.56990458 -0.567709 -0.56911717 -0.57568766 -0.58572737 -0.58987141 -0.58358085 -0.57560481 -0.56939428 -0.56379587 -0.55752287 -0.54945424 -0.53776672 -0.51885234 -0.48846637
-0.58667229 -0.58330229 -0.58109241 -0.5801154 -0.58010297 -0.58057373 -0.58104284 -0.5810315 -0.57988451 -0.5766796 -0.57018536 -0.5590777 -0.54408271 -0.53277155 -0.529502 -0.51545786 -0.46488092 -0.36384503 -0.30229396 -0.38682195 -0.48549119 -0.54651498 -0.585849 -0.61914732 -0.65816634 -0.70911991 -0.74750435 -0.72452177 -0.67136297 -0.63092796 -0.60665614 -0.593818 -0.58832781 -0.58644908 -0.58566953 -0.58490094 -0.58377764 -0.58217904 -0.58012765 -0.5778656 -0.57597151 -0.57543725 -0.57767932 -0.58436511 -0.5951156 -0.5996175 -0.59109312 -0.58157544 -0.57472651 -0.56871395 -0.56209287 -0.5538485 -0.54263429 -0.52639131 -0.50418743
