WatsonE12E13/OpenEM/OpenEM_28.asc
NCOLS 499
NROWS 379
XLLCORNER 149.806
YLLCORNER -30.2866
CELLSIZE 1e-05
NODATA_VALUE -9999
[rows 144 to 167 of 379, columns 220 to 274 of 499]
-0.63127169 -0.643711 -0.65326119 -0.65111602 -0.63389793 -0.61336614 -0.60457425 -0.60444618 -0.60352048 -0.60003017 -0.59500958 -0.59001897 -0.58630479 -0.58286871 -0.57615458 -0.56034388 -0.52509617 -0.47380471 -0.48763645 -0.54015417 -0.56988148 -0.58352684 -0.58881039 -0.58930616 -0.58767231 -0.58589354 -0.58484685 -0.58455043 -0.58443509 -0.58287887 -0.57625848 -0.56028089 -0.53601014 -0.51569126 -0.51529399 -0.53242988 -0.55225405 -0.56684409 -0.57526057 -0.58023936 -0.5859686 -0.59264248 -0.59859661 -0.60388068 -0.60978546 -0.61847307 -0.63215082 -0.64678084 -0.64601828 -0.63017924 -0.6157072 -0.60740351 -0.60434339 -0.60549759 -0.61025559
-0.62159437 -0.62751676 -0.62953962 -0.62352424 -0.60538498 -0.57969071 -0.57845919 -0.59463358 -0.60203077 -0.60259391 -0.60017165 -0.59673521 -0.59309057 -0.58878645 -0.58203754 -0.56977902 -0.54880107 -0.52700481 -0.53341022 -0.56056735 -0.58286944 -0.59671475 -0.60212759 -0.59976925 -0.5937946 -0.58790785 -0.5831284 -0.57892651 -0.57404859 -0.56630696 -0.55164739 -0.52328369 -0.47508529 -0.4264202 -0.4356064 -0.48820574 -0.53211777 -0.55900503 -0.57476727 -0.58444252 -0.59106178 -0.59593002 -0.59976156 -0.60337212 -0.60757142 -0.61303622 -0.61968232 -0.62510976 -0.62532285 -0.62060493 -0.61535991 -0.61237283 -0.61226483 -0.6150572 -0.6209868
-0.61693813 -0.61983906 -0.61920922 -0.61266995 -0.59566668 -0.56802723 -0.56875459 -0.59237345 -0.60382712 -0.60652362 -0.60526253 -0.60238337 -0.59892277 -0.59494152 -0.58974778 -0.58238666 -0.57311014 -0.56653845 -0.57021116 -0.58380573 -0.60205799 -0.6209668 -0.62871392 -0.61778734 -0.60184195 -0.58962411 -0.58085801 -0.57347476 -0.56545943 -0.5543295 -0.53497538 -0.49472429 -0.40735331 -0.28265897 -0.31383485 -0.4394614 -0.51503134 -0.55417962 -0.57676342 -0.59096339 -0.5987536 -0.60149267 -0.60238481 -0.60369278 -0.60600772 -0.60922719 -0.61282061 -0.61570031 -0.6168064 -0.61635601 -0.61574211 -0.6162127 -0.61835989 -0.62252485 -0.62949385
-0.61790787 -0.61887136 -0.61682391 -0.61155008 -0.6017891 -0.5899751 -0.59068915 -0.60301452 -0.61161242 -0.61386245 -0.61201314 -0.60852682 -0.60487643 -0.60145905 -0.59801592 -0.59418527 -0.59031958 -0.58831674 -0.59101556 -0.60082255 -0.62184934 -0.65896415 -0.67923492 -0.64482825 -0.60998903 -0.58987993 -0.57748979 -0.56775135 -0.55784031 -0.54591994 -0.52794746 -0.48989371 -0.40107365 -0.26727961 -0.30094154 -0.43401432 -0.51334387 -0.55632106 -0.58468374 -0.60617038 -0.61588633 -0.61220793 -0.60681244 -0.60468001 -0.60508119 -0.60687418 -0.60924985 -0.61157646 -0.61349672 -0.61516295 -0.61713726 -0.61996171 -0.62386457 -0.62894615 -0.63601065
-0.62700593 -0.62469414 -0.61969008 -0.61475614 -0.61036272 -0.60810154 -0.61161904 -0.6203794 -0.62741058 -0.62736414 -0.62202765 -0.61590231 -0.61123592 -0.60831248 -0.60665799 -0.60552312 -0.60425471 -0.60306622 -0.60374655 -0.61007418 -0.63000037 -0.67586379 -0.70572053 -0.65485258 -0.60962012 -0.58590487 -0.57203094 -0.56119108 -0.54994939 -0.53820414 -0.52713214 -0.50564358 -0.45871704 -0.40554142 -0.41601757 -0.47561236 -0.52692708 -0.56378031 -0.59629946 -0.63150218 -0.64710834 -0.62746581 -0.61151889 -0.60545916 -0.60424381 -0.60518694 -0.60713025 -0.60954185 -0.61224476 -0.61537074 -0.61926108 -0.62420101 -0.62999669 -0.63582418 -0.64163019
-0.65115854 -0.63883826 -0.62589488 -0.6189387 -0.61673873 -0.61931751 -0.628634 -0.64512188 -0.6583225 -0.65248463 -0.63666716 -0.62435407 -0.61768504 -0.61544964 -0.61642051 -0.6189777 -0.62037053 -0.61829398 -0.61427721 -0.61336701 -0.62167502 -0.64217393 -0.65180434 -0.62533055 -0.59494608 -0.57570488 -0.56378825 -0.55394744 -0.54197538 -0.52795287 -0.52367282 -0.51953305 -0.5023045 -0.48617083 -0.49036856 -0.51400063 -0.54246837 -0.56994886 -0.60007308 -0.63762891 -0.65491354 -0.63062618 -0.61181611 -0.60457294 -0.60276238 -0.60340511 -0.60533143 -0.60809077 -0.61158729 -0.61599491 -0.62172961 -0.62928866 -0.63842057 -0.64619241 -0.64924945
-0.69041018 -0.65615082 -0.63154488 -0.62190248 -0.62057714 -0.62644179 -0.64340689 -0.67908103 -0.71575749 -0.69303994 -0.65347867 -0.63187545 -0.62316967 -0.622537 -0.62840409 -0.63908531 -0.64749175 -0.64311093 -0.62863493 -0.61576283 -0.60984458 -0.60899741 -0.6041329 -0.58881947 -0.57103385 -0.5587962 -0.55202362 -0.54652584 -0.53779573 -0.52504318 -0.52220313 -0.52495729 -0.52069122 -0.5173282 -0.5217891 -0.53462449 -0.55205541 -0.57136226 -0.59260094 -0.61444033 -0.62418234 -0.61583957 -0.60612632 -0.60136652 -0.60011451 -0.60091951 -0.60308758 -0.60634385 -0.61066107 -0.61627196 -0.62381614 -0.63457122 -0.64985858 -0.66420868 -0.66229871
-0.68363219 -0.65348522 -0.63085706 -0.62202948 -0.62153309 -0.62873379 -0.64872103 -0.69375948 -0.74608289 -0.71176511 -0.65954474 -0.63460015 -0.62615573 -0.62846925 -0.64235038 -0.67122752 -0.7028872 -0.69285063 -0.65185001 -0.61995388 -0.60068575 -0.58687781 -0.57190758 -0.55363555 -0.53782125 -0.53183685 -0.53416353 -0.53725972 -0.53613147 -0.53122609 -0.52815361 -0.52660398 -0.52434096 -0.52505369 -0.53115536 -0.54194004 -0.55532371 -0.56957919 -0.583638 -0.59562479 -0.60180641 -0.60130195 -0.59842588 -0.59643704 -0.59604284 -0.5971732 -0.59971778 -0.60359885 -0.60879633 -0.61548926 -0.62435238 -0.6371202 -0.65685632 -0.67824125 -0.67210362
-0.6443805 -0.63494116 -0.62446146 -0.61942881 -0.61974464 -0.62587755 -0.64064832 -0.66738983 -0.69095898 -0.67634597 -0.64779691 -0.63090185 -0.62558478 -0.63093775 -0.65228188 -0.70501374 -0.78560168 -0.76330377 -0.67464929 -0.6215816 -0.59179282 -0.56847311 -0.5417003 -0.50821476 -0.48102701 -0.48310183 -0.50529047 -0.52364399 -0.53133283 -0.53093342 -0.52611944 -0.51878964 -0.51306001 -0.51539152 -0.52600893 -0.54003666 -0.55397062 -0.56652646 -0.57720676 -0.58534355 -0.59009414 -0.59153614 -0.59106729 -0.59025223 -0.59013644 -0.59137759 -0.59434194 -0.59906987 -0.60537615 -0.61313541 -0.62261203 -0.6347063 -0.65029368 -0.66406274 -0.6625508
-0.62354165 -0.62142184 -0.61775681 -0.61563325 -0.61624339 -0.62022045 -0.62818201 -0.63912228 -0.64633695 -0.64207392 -0.63153722 -0.62357263 -0.62153913 -0.62767226 -0.64802406 -0.69621821 -0.76607753 -0.74584789 -0.66463375 -0.61222668 -0.58008237 -0.55111187 -0.51033254 -0.44261 -0.36991898 -0.39170895 -0.46415781 -0.50794056 -0.52484252 -0.52563008 -0.51461286 -0.49347467 -0.47461026 -0.48099479 -0.50652935 -0.53132111 -0.54984294 -0.5632232 -0.57287042 -0.57944726 -0.58318659 -0.58440736 -0.5837919 -0.58234062 -0.58130124 -0.58202142 -0.58544509 -0.59159342 -0.59972504 -0.60903317 -0.61912804 -0.6299465 -0.64090022 -0.64935157 -0.65267722
-0.61612324 -0.61495017 -0.61311001 -0.61195796 -0.61226882 -0.6143304 -0.6179668 -0.62206393 -0.62426066 -0.62279024 -0.61894627 -0.6156127 -0.61506117 -0.61932263 -0.63137364 -0.6538742 -0.67585029 -0.66418306 -0.62561554 -0.59135582 -0.56526116 -0.53742701 -0.49008979 -0.39045702 -0.24627469 -0.29959108 -0.43567571 -0.50016395 -0.52210647 -0.52105729 -0.49888504 -0.44716363 -0.38632657 -0.40894787 -0.475369 -0.52005523 -0.54547348 -0.56063165 -0.57007819 -0.57573016 -0.57833039 -0.57818688 -0.57560797 -0.57134126 -0.56715131 -0.56590873 -0.56999581 -0.57914253 -0.59093949 -0.60318335 -0.61489597 -0.62586792 -0.63588611 -0.64442039 -0.65134133
-0.61651942 -0.61317976 -0.61046698 -0.60890339 -0.60855966 -0.60929691 -0.61073049 -0.61215059 -0.61268233 -0.61185671 -0.6100546 -0.60826202 -0.60757958 -0.60898367 -0.61304136 -0.61850218 -0.61934017 -0.60734021 -0.58492794 -0.56335641 -0.54719501 -0.52925875 -0.49445909 -0.42285229 -0.33439292 -0.36601943 -0.45854747 -0.50992563 -0.52772316 -0.52318296 -0.49302006 -0.41639419 -0.30842914 -0.35241753 -0.4575339 -0.51526382 -0.5441309 -0.55981345 -0.5687456 -0.57339549 -0.57453973 -0.57211976 -0.56568959 -0.55519234 -0.54294184 -0.53586103 -0.54143101 -0.55810359 -0.5778945 -0.59571261 -0.6105962 -0.62324531 -0.63460028 -0.64556185 -0.65702518
-0.62362064 -0.61437582 -0.60903394 -0.60632907 -0.6052495 -0.60518566 -0.60563817 -0.60609093 -0.60607019 -0.60529139 -0.60377385 -0.60189534 -0.60020584 -0.59902512 -0.59793167 -0.59503268 -0.58650028 -0.5683945 -0.54254549 -0.5225471 -0.51981006 -0.52133642 -0.51045098 -0.48355063 -0.45884818 -0.47087776 -0.50718946 -0.53394797 -0.54282968 -0.53528428 -0.50852893 -0.45360374 -0.39249922 -0.41401655 -0.47918781 -0.52325086 -0.54762996 -0.56127367 -0.5688482 -0.57221923 -0.57168752 -0.56638455 -0.55422058 -0.53220469 -0.50051252 -0.47549927 -0.48565669 -0.52331159 -0.56027461 -0.58744763 -0.60688971 -0.62198482 -0.63549565 -0.64996617 -0.66826589
-0.63390906 -0.61583813 -0.60751496 -0.60368614 -0.60206946 -0.60167456 -0.60195117 -0.60250392 -0.60286617 -0.60214682 -0.59982299 -0.5966146 -0.59328766 -0.59000529 -0.58602976 -0.57910714 -0.5647593 -0.53575217 -0.48646325 -0.44640555 -0.47006461 -0.50738614 -0.52186421 -0.52112644 -0.51974958 -0.52978956 -0.54963786 -0.56574475 -0.5667721 -0.5550638 -0.53483187 -0.50730565 -0.48522631 -0.49044704 -0.51521049 -0.53855547 -0.5545291 -0.56447069 -0.57009893 -0.57212254 -0.57011412 -0.56218514 -0.54388838 -0.50599037 -0.43593176 -0.35943565 -0.384496 -0.47563753 -0.54217973 -0.5810073 -0.60493701 -0.62203823 -0.63722396 -0.65483639 -0.6811071
-0.63253287 -0.61339218 -0.60445419 -0.60027195 -0.59853185 -0.59827345 -0.59905891 -0.60090323 -0.60378808 -0.60397963 -0.59860062 -0.59208135 -0.58615935 -0.58094679 -0.57578719 -0.56806041 -0.55184184 -0.51482113 -0.4342634 -0.34664205 -0.41478286 -0.49632859 -0.52974376 -0.54170264 -0.54901049 -0.56115003 -0.58276761 -0.60494937 -0.59784238 -0.57618577 -0.55794816 -0.54269067 -0.53308279 -0.53361354 -0.54233423 -0.55301095 -0.5618965 -0.56816116 -0.57189494 -0.57292368 -0.57023766 -0.56128715 -0.54019331 -0.4930848 -0.3920416 -0.25460468 -0.29988521 -0.44774797 -0.53579998 -0.58084387 -0.60635194 -0.62359871 -0.6387011 -0.65685272 -0.68602547
-0.61772536 -0.60623122 -0.59923007 -0.59542606 -0.59393601 -0.59426 -0.59603134 -0.59969384 -0.60674081 -0.60886491 -0.59795204 -0.58653951 -0.57668131 -0.5689817 -0.56418588 -0.55951606 -0.54796566 -0.51858215 -0.45717772 -0.39784788 -0.44459461 -0.50948998 -0.54136421 -0.55571194 -0.5649931 -0.57703249 -0.59933874 -0.627844 -0.61585557 -0.58920052 -0.57316326 -0.56319096 -0.55755909 -0.55650931 -0.55913538 -0.56336077 -0.56753475 -0.57096034 -0.57334274 -0.57412036 -0.57201381 -0.56451591 -0.54665754 -0.5083475 -0.43464576 -0.35039491 -0.37946673 -0.4808021 -0.55135438 -0.5902904 -0.61248479 -0.62709644 -0.63965833 -0.65459015 -0.67740711
-0.60355006 -0.59744444 -0.59204746 -0.58824609 -0.58700552 -0.58850961 -0.59166715 -0.59580159 -0.6008969 -0.60120582 -0.59128425 -0.57696053 -0.56066156 -0.54729391 -0.54458042 -0.54899856 -0.54876705 -0.53657501 -0.51266115 -0.49601963 -0.51116025 -0.53854645 -0.55716517 -0.5675137 -0.57487501 -0.58345121 -0.59624243 -0.60887851 -0.60452793 -0.59143572 -0.58169934 -0.57528438 -0.57125096 -0.56926147 -0.56881485 -0.56920828 -0.57003131 -0.5713265 -0.5730982 -0.57468046 -0.57458825 -0.57067134 -0.56000957 -0.53895498 -0.50701621 -0.48182987 -0.4967903 -0.54204921 -0.5830475 -0.60925599 -0.62409892 -0.63317678 -0.64087207 -0.65007873 -0.66276948
-0.59339706 -0.58896418 -0.58282525 -0.57655697 -0.57469982 -0.57920713 -0.58549186 -0.59016038 -0.59236369 -0.5902785 -0.58127853 -0.5631378 -0.53278876 -0.50030912 -0.50295834 -0.53103506 -0.54893294 -0.5523876 -0.54803265 -0.54560408 -0.5519942 -0.56324489 -0.57203654 -0.57723313 -0.58181692 -0.58710742 -0.5929111 -0.59705676 -0.59631625 -0.59199652 -0.58725965 -0.58314527 -0.57966191 -0.5765833 -0.57356317 -0.57041646 -0.56768554 -0.56679236 -0.5688042 -0.57283521 -0.57649202 -0.57749326 -0.57440144 -0.56703221 -0.55822605 -0.5562959 -0.57020471 -0.59689822 -0.6229458 -0.63806732 -0.64246873 -0.64265507 -0.64340237 -0.64614081 -0.65026611
-0.58604875 -0.58149792 -0.57161611 -0.55605419 -0.54990516 -0.56413607 -0.57833798 -0.58542028 -0.58723537 -0.58429496 -0.5744806 -0.55146613 -0.50033307 -0.42129966 -0.43585676 -0.51105733 -0.55009408 -0.56455667 -0.56868434 -0.5703516 -0.57352979 -0.57787311 -0.58038176 -0.58242574 -0.58673872 -0.59117874 -0.5947255 -0.59676296 -0.59677691 -0.59505908 -0.59237789 -0.58918712 -0.58546784 -0.58081125 -0.57453557 -0.566197 -0.55711674 -0.55203477 -0.55567033 -0.56580499 -0.5762458 -0.58340946 -0.586834 -0.58793893 -0.58993803 -0.5978982 -0.61680133 -0.64689835 -0.67651608 -0.68413582 -0.67072284 -0.65596263 -0.64748752 -0.64392717 -0.64203269
-0.58066623 -0.5765097 -0.562994 -0.53217305 -0.51493927 -0.54916022 -0.5736966 -0.583031 -0.58518231 -0.5826214 -0.57370752 -0.55219095 -0.50384903 -0.42980197 -0.44408706 -0.51843439 -0.56003064 -0.5779514 -0.58466941 -0.58642065 -0.5863682 -0.58462427 -0.58046345 -0.58346703 -0.59102876 -0.5963692 -0.59970058 -0.60136691 -0.60146731 -0.60022753 -0.59795427 -0.59475012 -0.59028047 -0.58359398 -0.57289259 -0.55565241 -0.53181459 -0.51427773 -0.52349863 -0.55004837 -0.57344881 -0.58855718 -0.59744254 -0.60338952 -0.61029941 -0.62329277 -0.64959315 -0.69828185 -0.75988313 -0.76272587 -0.70969039 -0.67063113 -0.65163705 -0.6428835 -0.63751509
-0.57667997 -0.57553701 -0.56577321 -0.54240009 -0.53047592 -0.55638416 -0.57611116 -0.58317119 -0.58474425 -0.58351826 -0.57793054 -0.56450102 -0.53992095 -0.51381831 -0.52018146 -0.55316264 -0.58089833 -0.59676813 -0.60246143 -0.60153587 -0.59797212 -0.59329253 -0.58913986 -0.59161738 -0.59811241 -0.6034879 -0.60711388 -0.60887877 -0.60872442 -0.60703931 -0.6043339 -0.60066936 -0.59537251 -0.58677558 -0.57135978 -0.54172331 -0.48726185 -0.43103196 -0.45900452 -0.52665874 -0.57127306 -0.59536666 -0.60829255 -0.61618612 -0.62406343 -0.6377773 -0.66693796 -0.7304147 -0.83412282 -0.83502861 -0.73577897 -0.67765014 -0.65260042 -0.64151898 -0.63530358
-0.57306642 -0.57766626 -0.57663952 -0.57047197 -0.56859853 -0.57661707 -0.58276928 -0.58268494 -0.58231306 -0.58419404 -0.58359391 -0.57835236 -0.5697424 -0.56376802 -0.56936302 -0.58668353 -0.60811441 -0.62519885 -0.62806921 -0.61988503 -0.61127031 -0.60533679 -0.60246658 -0.60363198 -0.60781687 -0.61295649 -0.61759028 -0.61992503 -0.61886797 -0.61559106 -0.61172781 -0.60752625 -0.60186404 -0.59243343 -0.5747213 -0.53793534 -0.45874231 -0.35584466 -0.40886496 -0.51827551 -0.57885363 -0.6086522 -0.6228661 -0.62944463 -0.6343907 -0.64363985 -0.66502934 -0.71048168 -0.7759004 -0.77657479 -0.71259927 -0.66850039 -0.64777861 -0.63843244 -0.6336203
-0.56880305 -0.58124045 -0.58882941 -0.59249538 -0.59410744 -0.59386593 -0.58814682 -0.57487809 -0.57099223 -0.58223812 -0.58841188 -0.58908924 -0.58797557 -0.5888614 -0.59556806 -0.61082484 -0.63728839 -0.66940187 -0.66776248 -0.64141585 -0.62463587 -0.61671288 -0.61370447 -0.6142723 -0.61796493 -0.6245866 -0.6330247 -0.63779194 -0.63376086 -0.62607687 -0.62003292 -0.61568858 -0.6107104 -0.60200073 -0.58593903 -0.5558036 -0.50099441 -0.44418953 -0.47582837 -0.55201397 -0.60547675 -0.63481045 -0.64641257 -0.64711608 -0.64456228 -0.64483501 -0.65224731 -0.66922061 -0.68859083 -0.68771738 -0.66667992 -0.64798117 -0.63782137 -0.63321927 -0.63122099
-0.56429726 -0.5865459 -0.6036169 -0.61635272 -0.62079541 -0.61375785 -0.59680192 -0.57120652 -0.56452903 -0.58335091 -0.5935379 -0.59724163 -0.59927551 -0.60253874 -0.60966266 -0.62433958 -0.65416808 -0.70102236 -0.695721 -0.65494255 -0.63437255 -0.62584867 -0.62268731 -0.62300726 -0.62708254 -0.63701521 -0.65543064 -0.66945727 -0.65547181 -0.63730719 -0.62836337 -0.62550842 -0.62328166 -0.61596833 -0.60238098 -0.5832243 -0.55983103 -0.54581102 -0.56422931 -0.60807435 -0.65357268 -0.68377829 -0.68842926 -0.67467353 -0.6577734 -0.6453902 -0.63829671 -0.63447986 -0.63093312 -0.62666999 -0.62415907 -0.62409591 -0.62513495 -0.62645904 -0.62783379
