WatsonE12E13/OpenEM/OpenEM_44.asc
NCOLS 499
NROWS 379
XLLCORNER 149.806
YLLCORNER -30.2866
CELLSIZE 1e-05
NODATA_VALUE -9999
[rows 338 to 363 of 379, columns 360 to 419 of 499]
12.603462 12.604207 12.604933 12.60564 12.606325 12.606988 12.607628 12.608242 12.608831 12.609394 12.609929 12.610437 12.610917 12.611369 12.611792 12.612185 12.61255 12.612885 12.613191 12.613468 12.613715 12.613934 12.614123 12.614284 12.614416 12.61452 12.614595 12.614643 12.614663 12.614656 12.614622 12.614561 12.614475 12.614362 12.614224 12.614061 12.613873 12.613661 12.613425 12.613165 12.612882 12.612576 12.612248 12.611898 12.611526 12.611132 12.610718 12.610283 12.609828 12.609354 12.608859 12.608346 12.607814 12.607263 12.606695 12.606109 12.605505 12.604885 12.604248 12.603594
12.598437 12.599205 12.599955 12.600685 12.601393 12.602079 12.602742 12.60338 12.603992 12.604579 12.605139 12.605671 12.606176 12.606653 12.607101 12.607521 12.607912 12.608273 12.608607 12.608911 12.609186 12.609432 12.60965 12.609839 12.61 12.610132 12.610237 12.610314 12.610364 12.610387 12.610383 12.610353 12.610296 12.610214 12.610106 12.609974 12.609816 12.609635 12.609429 12.6092 12.608948 12.608673 12.608375 12.608056 12.607714 12.607352 12.606968 12.606564 12.606139 12.605695 12.605231 12.604748 12.604246 12.603726 12.603188 12.602632 12.602058 12.601468 12.60086 12.600237
12.593543 12.594332 12.595103 12.595854 12.596584 12.597291 12.597975 12.598634 12.599268 12.599877 12.600459 12.601014 12.601542 12.602042 12.602514 12.602958 12.603373 12.60376 12.604118 12.604448 12.604749 12.605022 12.605266 12.605482 12.60567 12.60583 12.605962 12.606067 12.606145 12.606196 12.60622 12.606219 12.606191 12.606138 12.606059 12.605955 12.605827 12.605675 12.605499 12.605299 12.605076 12.60483 12.604562 12.604272 12.60396 12.603627 12.603273 12.602898 12.602503 12.602089 12.601654 12.601201 12.600728 12.600237 12.599728 12.599201 12.598656 12.598095 12.597516 12.596922
12.588773 12.589582 12.590372 12.591142 12.591891 12.592618 12.593321 12.594 12.594655 12.595284 12.595886 12.596462 12.597011 12.597533 12.598027 12.598493 12.598931 12.599341 12.599723 12.600077 12.600402 12.600699 12.600968 12.60121 12.601423 12.601609 12.601767 12.601899 12.602003 12.602081 12.602132 12.602158 12.602157 12.602131 12.60208 12.602005 12.601904 12.60178 12.601632 12.60146 12.601266 12.601048 12.600808 12.600547 12.600263 12.599958 12.599633 12.599286 12.59892 12.598533 12.598127 12.597702 12.597258 12.596795 12.596314 12.595815 12.595299 12.594766 12.594215 12.593648
12.584123 12.58495 12.585758 12.586546 12.587312 12.588056 12.588778 12.589475 12.590148 12.590795 12.591417 12.592012 12.592581 12.593123 12.593637 12.594124 12.594583 12.595015 12.595419 12.595795 12.596143 12.596463 12.596755 12.59702 12.597258 12.597468 12.597651 12.597807 12.597937 12.59804 12.598117 12.598168 12.598194 12.598194 12.598169 12.59812 12.598046 12.597949 12.597827 12.597683 12.597515 12.597325 12.597112 12.596878 12.596621 12.596344 12.596046 12.595727 12.595387 12.595028 12.59465 12.594252 12.593835 12.5934 12.592946 12.592474 12.591985 12.591479 12.590956 12.590416
12.579589 12.580432 12.581256 12.582059 12.582842 12.583602 12.58434 12.585054 12.585743 12.586407 12.587047 12.58766 12.588247 12.588807 12.58934 12.589847 12.590326 12.590778 12.591202 12.591599 12.591968 12.59231 12.592624 12.592911 12.593171 12.593405 12.593611 12.593791 12.593944 12.594071 12.594172 12.594248 12.594298 12.594324 12.594324 12.5943 12.594252 12.594179 12.594084 12.593965 12.593823 12.593659 12.593472 12.593264 12.593034 12.592783 12.592511 12.592218 12.591905 12.591573 12.59122 12.590849 12.590459 12.59005 12.589623 12.589177 12.588715 12.588235 12.587738 12.587225
12.575165 12.576023 12.576861 12.577679 12.578476 12.579251 12.580004 12.580733 12.581437 12.582118 12.582773 12.583402 12.584006 12.584583 12.585134 12.585659 12.586156 12.586626 12.58707 12.587486 12.587875 12.588237 12.588572 12.588881 12.589162 12.589417 12.589645 12.589847 12.590023 12.590173 12.590297 12.590396 12.59047 12.590519 12.590543 12.590543 12.590519 12.590471 12.5904 12.590306 12.590189 12.59005 12.589888 12.589705 12.5895 12.589274 12.589027 12.58876 12.588473 12.588165 12.587839 12.587493 12.587128 12.586745 12.586343 12.585924 12.585487 12.585032 12.584561 12.584073
12.570848 12.571719 12.57257 12.573402 12.574212 12.575 12.575766 12.576509 12.577227 12.577922 12.578592 12.579236 12.579855 12.580449 12.581016 12.581557 12.582071 12.582559 12.58302 12.583455 12.583862 12.584243 12.584598 12.584926 12.585227 12.585502 12.585751 12.585974 12.586171 12.586343 12.586489 12.58661 12.586706 12.586777 12.586824 12.586847 12.586847 12.586822 12.586775 12.586704 12.586611 12.586495 12.586358 12.586199 12.586018 12.585817 12.585594 12.585351 12.585089 12.584806 12.584504 12.584183 12.583842 12.583484 12.583107 12.582712 12.5823 12.581871 12.581424 12.580961
12.566634 12.567516 12.568379 12.569222 12.570044 12.570845 12.571623 12.572378 12.57311 12.573817 12.574501 12.575159 12.575792 12.5764 12.576982 12.577538 12.578069 12.578573 12.57905 12.579502 12.579927 12.580326 12.580698 12.581045 12.581365 12.581659 12.581928 12.582171 12.582388 12.58258 12.582747 12.582889 12.583006 12.583099 12.583168 12.583212 12.583234 12.583231 12.583206 12.583158 12.583088 12.582995 12.582881 12.582745 12.582588 12.582409 12.582211 12.581991 12.581752 12.581493 12.581215 12.580917 12.580601 12.580267 12.579914 12.579543 12.579155 12.578749 12.578327 12.577888
12.562519 12.563412 12.564285 12.565139 12.565971 12.566782 12.567571 12.568338 12.569081 12.569801 12.570496 12.571167 12.571814 12.572435 12.573031 12.573601 12.574146 12.574665 12.575158 12.575626 12.576067 12.576483 12.576872 12.577236 12.577574 12.577886 12.578173 12.578435 12.578671 12.578882 12.579069 12.57923 12.579368 12.579481 12.579571 12.579636 12.579679 12.579698 12.579694 12.579668 12.579619 12.579549 12.579456 12.579342 12.579207 12.579052 12.578875 12.578679 12.578463 12.578226 12.577971 12.577697 12.577403 12.577092 12.576762 12.576415 12.57605 12.575668 12.575269 12.574853
12.558499 12.559401 12.560284 12.561146 12.561989 12.562809 12.563608 12.564385 12.565139 12.565869 12.566576 12.567258 12.567917 12.56855 12.569159 12.569743 12.570301 12.570834 12.571342 12.571824 12.57228 12.572711 12.573117 12.573497 12.573851 12.574181 12.574485 12.574764 12.575018 12.575248 12.575453 12.575634 12.57579 12.575923 12.576032 12.576118 12.57618 12.57622 12.576236 12.576231 12.576203 12.576154 12.576083 12.57599 12.575877 12.575743 12.575588 12.575413 12.575219 12.575005 12.574772 12.574519 12.574249 12.573959 12.573652 12.573327 12.572985 12.572625 12.572248 12.571855
12.554572 12.555481 12.556372 12.557243 12.558094 12.558923 12.559731 12.560516 12.56128 12.56202 12.562737 12.56343 12.564099 12.564744 12.565364 12.56596 12.566531 12.567077 12.567598 12.568094 12.568564 12.56901 12.56943 12.569826 12.570196 12.570541 12.570862 12.571158 12.571429 12.571676 12.571899 12.572097 12.572272 12.572423 12.572551 12.572656 12.572737 12.572796 12.572833 12.572847 12.572839 12.57281 12.572759 12.572687 12.572594 12.572481 12.572347 12.572194 12.57202 12.571828 12.571616 12.571385 12.571136 12.570868 12.570583 12.570279 12.569959 12.569621 12.569266 12.568895
12.550733 12.55165 12.552547 12.553425 12.554283 12.55512 12.555936 12.55673 12.557501 12.55825 12.558976 12.559679 12.560358 12.561013 12.561645 12.562251 12.562834 12.563392 12.563925 12.564434 12.564918 12.565377 12.565811 12.566221 12.566606 12.566966 12.567302 12.567614 12.567901 12.568165 12.568404 12.56862 12.568812 12.56898 12.569126 12.569249 12.569349 12.569426 12.569481 12.569514 12.569526 12.569516 12.569485 12.569432 12.569359 12.569266 12.569153 12.569019 12.568866 12.568694 12.568503 12.568293 12.568064 12.567818 12.567553 12.567271 12.566971 12.566654 12.566321 12.565971
12.54698 12.547902 12.548806 12.54969 12.550554 12.551398 12.552221 12.553022 12.553801 12.554558 12.555292 12.556004 12.556692 12.557356 12.557997 12.558615 12.559208 12.559777 12.560321 12.560842 12.561338 12.56181 12.562257 12.56268 12.563079 12.563454 12.563804 12.564131 12.564433 12.564712 12.564967 12.565199 12.565408 12.565593 12.565756 12.565895 12.566013 12.566108 12.566181 12.566233 12.566262 12.566271 12.566258 12.566225 12.566171 12.566097 12.566003 12.565889 12.565756 12.565603 12.565432 12.565242 12.565033 12.564807 12.564563 12.564301 12.564022 12.563725 12.563413 12.563083
12.54331 12.544237 12.545146 12.546035 12.546905 12.547754 12.548583 12.54939 12.550176 12.55094 12.551682 12.552401 12.553098 12.553771 12.554421 12.555047 12.55565 12.556229 12.556785 12.557316 12.557824 12.558307 12.558767 12.559203 12.559614 12.560002 12.560367 12.560707 12.561024 12.561317 12.561588 12.561835 12.562059 12.56226 12.562439 12.562595 12.562729 12.562841 12.562931 12.563 12.563048 12.563074 12.563079 12.563064 12.563029 12.562973 12.562898 12.562803 12.562688 12.562555 12.562402 12.562232 12.562043 12.561836 12.561611 12.561369 12.561109 12.560833 12.56054 12.560231
12.53972 12.540651 12.541564 12.542458 12.543332 12.544186 12.54502 12.545833 12.546625 12.547395 12.548143 12.54887 12.549573 12.550254 12.550913 12.551548 12.55216 12.552748 12.553313 12.553855 12.554373 12.554868 12.555339 12.555786 12.55621 12.556611 12.556988 12.557341 12.557672 12.557979 12.558264 12.558525 12.558764 12.55898 12.559174 12.559346 12.559496 12.559624 12.559731 12.559816 12.559881 12.559924 12.559947 12.559949 12.559931 12.559893 12.559836 12.559759 12.559662 12.559547 12.559414 12.559262 12.559091 12.558903 12.558697 12.558474 12.558234 12.557977 12.557703 12.557413
12.536207 12.537141 12.538057 12.538955 12.539833 12.540691 12.541529 12.542347 12.543144 12.54392 12.544674 12.545407 12.546117 12.546805 12.547471 12.548114 12.548734 12.549331 12.549905 12.550456 12.550984 12.551489 12.551971 12.552429 12.552865 12.553277 12.553666 12.554032 12.554375 12.554696 12.554994 12.555269 12.555522 12.555753 12.555961 12.556148 12.556313 12.556457 12.556579 12.55668 12.55676 12.55682 12.556859 12.556878 12.556877 12.556856 12.556816 12.556757 12.556678 12.556581 12.556465 12.556331 12.556178 12.556009 12.555821 12.555616 12.555395 12.555156 12.554901 12.55463
12.532769 12.533705 12.534624 12.535524 12.536405 12.537267 12.538109 12.538931 12.539732 12.540513 12.541272 12.54201 12.542727 12.543421 12.544093 12.544743 12.545371 12.545976 12.546559 12.547119 12.547656 12.54817 12.548662 12.54913 12.549576 12.549999 12.5504 12.550778 12.551133 12.551466 12.551777 12.552065 12.552331 12.552575 12.552798 12.552999 12.553178 12.553337 12.553474 12.55359 12.553686 12.553761 12.553816 12.553851 12.553867 12.553862 12.553839 12.553796 12.553734 12.553654 12.553555 12.553438 12.553304 12.553151 12.552982 12.552795 12.552591 12.55237 12.552134 12.551881
12.529403 12.530341 12.531261 12.532164 12.533047 12.533912 12.534757 12.535582 12.536387 12.537172 12.537936 12.538679 12.5394 12.5401 12.540779 12.541435 12.54207 12.542682 12.543272 12.54384 12.544386 12.544909 12.54541 12.545888 12.546344 12.546777 12.547189 12.547577 12.547944 12.548289 12.548611 12.548912 12.549191 12.549448 12.549684 12.549898 12.550092 12.550264 12.550415 12.550546 12.550657 12.550747 12.550817 12.550868 12.550898 12.55091 12.550902 12.550875 12.55083 12.550766 12.550684 12.550584 12.550466 12.550331 12.550178 12.550009 12.549822 12.549619 12.5494 12.549165
12.526107 12.527046 12.527967 12.528871 12.529756 12.530623 12.53147 12.532298 12.533107 12.533895 12.534662 12.53541 12.536136 12.536841 12.537525 12.538187 12.538828 12.539447 12.540044 12.54062 12.541173 12.541704 12.542214 12.542701 12.543166 12.543609 12.54403 12.544429 12.544807 12.545162 12.545496 12.545809 12.5461 12.546369 12.546617 12.546845 12.547051 12.547237 12.547402 12.547547 12.547671 12.547776 12.547861 12.547926 12.547972 12.547998 12.548006 12.547995 12.547965 12.547917 12.547851 12.547767 12.547666 12.547547 12.547411 12.547258 12.547088 12.546902 12.5467 12.546481
12.522878 12.523817 12.524739 12.525644 12.52653 12.527398 12.528248 12.529078 12.529889 12.53068 12.531451 12.532202 12.532932 12.533641 12.53433 12.534998 12.535644 12.536269 12.536873 12.537455 12.538016 12.538554 12.539072 12.539567 12.540041 12.540493 12.540924 12.541333 12.54172 12.542086 12.542431 12.542754 12.543056 12.543338 12.543598 12.543837 12.544056 12.544255 12.544433 12.544591 12.544729 12.544847 12.544946 12.545025 12.545086 12.545127 12.545149 12.545153 12.545138 12.545106 12.545055 12.544987 12.544901 12.544798 12.544678 12.544541 12.544388 12.544218 12.544032 12.543831
12.519715 12.520654 12.521576 12.52248 12.523367 12.524236 12.525087 12.525919 12.526732 12.527525 12.528299 12.529053 12.529786 12.5305 12.531193 12.531865 12.532517 12.533147 12.533757 12.534345 12.534912 12.535458 12.535983 12.536486 12.536968 12.537429 12.537868 12.538286 12.538683 12.539059 12.539414 12.539747 12.54006 12.540353 12.540624 12.540875 12.541106 12.541317 12.541507 12.541678 12.541829 12.541961 12.542073 12.542166 12.54224 12.542295 12.542331 12.54235 12.54235 12.542332 12.542296 12.542243 12.542172 12.542085 12.54198 12.541859 12.541721 12.541567 12.541397 12.541212
12.516615 12.517553 12.518474 12.519378 12.520265 12.521135 12.521986 12.522819 12.523633 12.524429 12.525205 12.525961 12.526698 12.527415 12.528112 12.528788 12.529444 12.53008 12.530694 12.531288 12.531862 12.532414 12.532945 12.533456 12.533945 12.534414 12.534861 12.535288 12.535694 12.536079 12.536443 12.536787 12.53711 12.537413 12.537695 12.537958 12.5382 12.538422 12.538625 12.538807 12.538971 12.539115 12.53924 12.539346 12.539433 12.539502 12.539552 12.539584 12.539598 12.539594 12.539573 12.539534 12.539478 12.539405 12.539316 12.53921 12.539087 12.538949 12.538794 12.538624
12.513576 12.514512 12.515432 12.516336 12.517223 12.518092 12.518944 12.519777 12.520592 12.521389 12.522167 12.522926 12.523665 12.524385 12.525085 12.525765 12.526425 12.527065 12.527684 12.528284 12.528862 12.529421 12.529958 12.530475 12.530972 12.531448 12.531903 12.532338 12.532752 12.533146 12.533519 12.533872 12.534205 12.534518 12.534811 12.535083 12.535336 12.53557 12.535783 12.535978 12.536153 12.536309 12.536446 12.536565 12.536665 12.536746 12.53681 12.536855 12.536882 12.536892 12.536885 12.53686 12.536818 12.53676 12.536685 12.536593 12.536485 12.536362 12.536222 12.536067
12.510596 12.51153 12.512449 12.513351 12.514237 12.515106 12.515957 12.516791 12.517607 12.518405 12.519184 12.519944 12.520685 12.521408 12.522111 12.522794 12.523458 12.524101 12.524725 12.525329 12.525913 12.526477 12.52702 12.527544 12.528047 12.528529 12.528992 12.529434 12.529856 12.530258 12.53064 12.531002 12.531344 12.531666 12.531969 12.532251 12.532515 12.532758 12.532983 12.533188 12.533375 12.533543 12.533692 12.533822 12.533934 12.534028 12.534104 12.534162 12.534203 12.534226 12.534232 12.534221 12.534192 12.534148 12.534087 12.534009 12.533916 12.533806 12.533681 12.533541
12.507673 12.508605 12.509522 12.510423 12.511307 12.512175 12.513026 12.51386 12.514676 12.515474 12.516254 12.517015 12.517758 12.518483 12.519188 12.519874 12.520541 12.521188 12.521816 12.522424 12.523013 12.523581 12.52413 12.524659 12.525168 12.525657 12.526127 12.526576 12.527005 12.527415 12.527805 12.528175 12.528526 12.528857 12.529169 12.529461 12.529734 12.529988 12.530223 12.530439 12.530636 12.530815 12.530975 12.531117 12.531241 12.531347 12.531435 12.531505 12.531558 12.531594 12.531613 12.531615 12.5316 12.531568 12.531521 12.531457 12.531377 12.531282 12.531171 12.531045
