WatsonE12E13/OpenEM/OpenEM_mag.asc
NCOLS 499
NROWS 370
XLLCORNER 149.806
YLLCORNER -30.2864
CELLSIZE 1e-05
NODATA_VALUE -9999
[rows 0 to 23 of 370, columns 0 to 53 of 499]
0.063035068 0.063290412 0.063547201 0.063805446 0.064065159 0.064326353 0.064589041 0.064853235 0.065118949 0.065386197 0.065654994 0.065925354 0.066197292 0.066470825 0.066745968 0.067022739 0.067301154 0.067581232 0.06786299 0.068146449 0.068431626 0.068718543 0.069007221 0.069297681 0.069589945 0.069884036 0.070179978 0.070477796 0.070777515 0.071079161 0.07138276 0.071688342 0.071995934 0.072305567 0.072617271 0.072931078 0.073247021 0.073565133 0.073885449 0.074208007 0.074532841 0.074859992 0.075189499 0.075521403 0.075855746 0.076192572 0.076531926 0.076873855 0.077218406 0.077565629 0.077915575 0.078268297 0.078623849 0.078982287
0.063112343 0.063369013 0.063627138 0.06388673 0.0641478 0.064410362 0.064674427 0.06494001 0.065207123 0.065475781 0.065745998 0.066017788 0.066291168 0.066566152 0.066842758 0.067121001 0.0674009 0.067682471 0.067965734 0.068250708 0.068537411 0.068825865 0.06911609 0.069408108 0.069701942 0.069997613 0.070295147 0.070594568 0.0708959 0.071199172 0.071504409 0.071811639 0.072120892 0.072432198 0.072745588 0.073061092 0.073378745 0.073698581 0.074020634 0.074344942 0.074671541 0.07500047 0.07533177 0.075665482 0.076001649 0.076340314 0.076681523 0.077025324 0.077371764 0.077720894 0.078072766 0.078427433 0.07878495 0.079145373
0.063189367 0.063447371 0.063706842 0.063967789 0.064230226 0.064494164 0.064759617 0.065026598 0.06529512 0.065565197 0.065836844 0.066110075 0.066384905 0.066661351 0.066939428 0.067219154 0.067500545 0.06778362 0.068068397 0.068354895 0.068643134 0.068933134 0.069224915 0.069518501 0.069813913 0.070111173 0.070410307 0.070711339 0.071014295 0.0713192 0.071626082 0.071934969 0.072245891 0.072558877 0.072873959 0.073191169 0.073510539 0.073832105 0.074155901 0.074481965 0.074810333 0.075141046 0.075474144 0.075809668 0.076147662 0.07648817 0.076831238 0.077176914 0.077525246 0.077876285 0.078230084 0.078586697 0.078946179 0.079308587
0.063266142 0.063525491 0.063786316 0.064048629 0.064312442 0.064577768 0.064844618 0.065113007 0.065382948 0.065654454 0.06592754 0.066202221 0.066478513 0.06675643 0.067035989 0.067317207 0.067600102 0.06788469 0.068170991 0.068459024 0.068748807 0.069040363 0.069333711 0.069628874 0.069925873 0.070224733 0.070525476 0.070828129 0.071132716 0.071439263 0.071747799 0.072058352 0.072370951 0.072685626 0.073002408 0.07332133 0.073642425 0.073965727 0.074291273 0.0746191 0.074949244 0.075281747 0.075616648 0.075953989 0.076293815 0.07663617 0.076981101 0.077328655 0.077678881 0.078031833 0.078387561 0.078746121 0.079107569 0.079471963
0.063342674 0.063603377 0.063865567 0.064129255 0.064394455 0.064661177 0.064929436 0.065199243 0.065470613 0.065743559 0.066018096 0.066294238 0.066572 0.0668514 0.067132451 0.067415173 0.067699581 0.067985693 0.068273529 0.068563106 0.068854446 0.069147567 0.069442492 0.069739242 0.07003784 0.070338308 0.070640671 0.070944954 0.071251182 0.071559382 0.071869581 0.072181808 0.072496093 0.072812465 0.073130956 0.073451598 0.073774426 0.074099473 0.074426776 0.074756372 0.0750883 0.075422598 0.075759309 0.076098474 0.076440137 0.076784344 0.077131141 0.077480578 0.077832703 0.078187569 0.078545229 0.078905739 0.079269154 0.079635535
0.063418966 0.063681033 0.063944599 0.064209674 0.06447627 0.064744401 0.065014078 0.065285314 0.065558124 0.065832521 0.066108519 0.066386133 0.066665378 0.066946271 0.067228826 0.067513062 0.067798994 0.068086642 0.068376023 0.068667157 0.068960063 0.069254762 0.069551275 0.069849623 0.070149829 0.070451917 0.07075591 0.071061833 0.071369713 0.071679575 0.071991447 0.072305359 0.072621339 0.072939417 0.073259626 0.073581998 0.073906567 0.074233368 0.074562436 0.07489381 0.075227528 0.075563629 0.075902156 0.07624315 0.076586657 0.076932722 0.077281392 0.077632715 0.077986744 0.078343528 0.078703124 0.079065586 0.079430972 0.079799341
0.063495023 0.063758466 0.064023417 0.06428989 0.064557894 0.064827444 0.065098551 0.065371228 0.065645489 0.065921348 0.066198819 0.066477917 0.066758657 0.067041054 0.067325125 0.067610886 0.067898355 0.06818755 0.068478488 0.06877119 0.069065674 0.069361962 0.069660074 0.069960032 0.070261858 0.070565577 0.070871211 0.071178786 0.071488328 0.071799864 0.07211342 0.072429026 0.072746712 0.073066507 0.073388444 0.073712555 0.074038875 0.074367438 0.074698281 0.075031441 0.075366957 0.075704869 0.07604522 0.076388051 0.076733409 0.077081337 0.077431885 0.077785102 0.078141038 0.078499746 0.078861281 0.079225699 0.079593058 0.079963419
0.06357085 0.063835679 0.064102028 0.064369909 0.064639334 0.064910314 0.065182862 0.065456992 0.065732717 0.06601005 0.066289006 0.0665696 0.066851846 0.06713576 0.067421358 0.067708658 0.067997676 0.06828843 0.068580938 0.06887522 0.069171295 0.069469184 0.069768907 0.070070487 0.070373946 0.070679307 0.070986594 0.071295833 0.071607049 0.071920269 0.072235521 0.072552833 0.072872236 0.073193759 0.073517434 0.073843295 0.074171376 0.074501711 0.074834338 0.075169293 0.075506617 0.075846349 0.076188532 0.076533208 0.076880424 0.077230224 0.077582657 0.077937773 0.078295623 0.07865626 0.079019739 0.079386118 0.079755454 0.080127809
0.063646451 0.063912678 0.064180437 0.064449738 0.064720594 0.064993018 0.06526702 0.065542615 0.065819816 0.066098636 0.066379089 0.066661191 0.066944956 0.0672304 0.06751754 0.06780639 0.06809697 0.068389296 0.068683387 0.068979262 0.069276941 0.069576443 0.069877791 0.070181006 0.07048611 0.070793126 0.071102079 0.071412994 0.071725897 0.072040814 0.072357774 0.072676804 0.072997935 0.073321197 0.073646623 0.073974245 0.074304097 0.074636216 0.074970637 0.075307398 0.075646539 0.075988101 0.076332125 0.076678656 0.077027737 0.077379417 0.077733743 0.078090765 0.078450536 0.078813108 0.079178538 0.079546882 0.0799182 0.080292553
0.063721831 0.063989469 0.064258649 0.064529383 0.064801684 0.065075562 0.065351032 0.065628104 0.065906794 0.066187114 0.066469078 0.066752702 0.067038 0.067324987 0.06761368 0.067904096 0.068196251 0.068490163 0.06878585 0.069083332 0.069382628 0.069683758 0.069986744 0.070291607 0.070598369 0.070907055 0.071217687 0.071530292 0.071844894 0.072161522 0.072480201 0.072800963 0.073123835 0.073448849 0.073776037 0.074105432 0.074437068 0.074770981 0.075107208 0.075445787 0.075786756 0.076130158 0.076476034 0.076824428 0.077175385 0.077528954 0.077885181 0.078244118 0.078605817 0.078970332 0.079337719 0.079708035 0.08008134 0.080457697
0.063796995 0.064066055 0.06433667 0.06460885 0.064882608 0.065157956 0.065434905 0.065713469 0.065993661 0.066275495 0.066558984 0.066844143 0.067130987 0.067419532 0.067709793 0.068001788 0.068295532 0.068591044 0.068888342 0.069187445 0.069488373 0.069791145 0.070095784 0.070402309 0.070710744 0.071021113 0.071333439 0.071647747 0.071964064 0.072282415 0.072602829 0.072925335 0.073249962 0.073576741 0.073905705 0.074236886 0.074570319 0.074906039 0.075244084 0.075584492 0.075927301 0.076272554 0.076620293 0.076970561 0.077323405 0.077678872 0.078037011 0.078397872 0.078761508 0.079127973 0.079497325 0.07986962 0.08024492 0.080623286
0.063871948 0.064142444 0.064414506 0.064688146 0.064963375 0.065240205 0.065518648 0.065798717 0.066080426 0.066363788 0.066648816 0.066935525 0.067223931 0.067514048 0.067805892 0.06809948 0.068394829 0.068691956 0.06899088 0.069291619 0.069594194 0.069898623 0.070204929 0.070513132 0.070823256 0.071135323 0.071449357 0.071765384 0.072083429 0.072403519 0.072725682 0.073049947 0.073376344 0.073704903 0.074035656 0.074368637 0.07470388 0.075041422 0.075381298 0.075723547 0.076068209 0.076415326 0.07676494 0.077117094 0.077471836 0.077829213 0.078189273 0.078552068 0.078917651 0.079286077 0.079657401 0.080031684 0.080408986 0.080789369
0.063946694 0.06421864 0.064492164 0.064767277 0.065043991 0.065322317 0.065602269 0.065883858 0.066167099 0.066452003 0.066738585 0.06702686 0.067316842 0.067608546 0.067901989 0.068197186 0.068494155 0.068792914 0.069093479 0.069395871 0.069700108 0.07000621 0.070314199 0.070624096 0.070935924 0.071249705 0.071565464 0.071883225 0.072203015 0.07252486 0.072848787 0.073174827 0.073503008 0.073833362 0.07416592 0.074500716 0.074837784 0.075177161 0.075518882 0.075862988 0.076209517 0.076558511 0.076910012 0.077264066 0.077620718 0.077980017 0.07834201 0.078706751 0.079074291 0.079444687 0.079817995 0.080194275 0.080573587 0.080955996
0.06402124 0.064294649 0.064569649 0.064846249 0.065124463 0.065404301 0.065685777 0.065968901 0.066253688 0.066540151 0.066828303 0.067118159 0.067409733 0.067703041 0.067998098 0.068294921 0.068593527 0.068893933 0.069196156 0.069500217 0.069806133 0.070113925 0.070423615 0.070735222 0.07104877 0.071364283 0.071681782 0.072001295 0.072322846 0.072646462 0.072972171 0.073300002 0.073629984 0.073962148 0.074296528 0.074633154 0.074972064 0.075313291 0.075656874 0.07600285 0.076351261 0.076702147 0.077055551 0.077411518 0.077770094 0.078131327 0.078495267 0.078861965 0.079231476 0.079603853 0.079979156 0.080357443 0.080738776 0.08112322
0.064095589 0.064370476 0.064646967 0.06492507 0.065204799 0.065486165 0.065769179 0.066053854 0.066340204 0.066628241 0.06691798 0.067209433 0.067502616 0.067797545 0.068094234 0.0683927 0.068692959 0.06899503 0.069298929 0.069604675 0.069912288 0.070221788 0.070533195 0.070846531 0.071161818 0.071479079 0.071798337 0.072119619 0.072442949 0.072768354 0.073095862 0.073425501 0.073757301 0.074091294 0.074427511 0.074765986 0.075106753 0.075449848 0.075795308 0.076143172 0.07649348 0.076846274 0.077201596 0.077559491 0.077920005 0.078283188 0.078649089 0.079017759 0.079389252 0.079763625 0.080140934 0.080521241 0.080904606 0.081291095
0.064169747 0.064446128 0.064724125 0.065003747 0.065285007 0.065567915 0.065852485 0.066138728 0.066426657 0.066716286 0.067007627 0.067300695 0.067595505 0.067892072 0.06819041 0.068490537 0.068792468 0.069096221 0.069401814 0.069709265 0.070018593 0.070329819 0.070642962 0.070958045 0.071275089 0.071594117 0.071915153 0.072238222 0.07256335 0.072890562 0.073219888 0.073551354 0.073884992 0.074220831 0.074558905 0.074899246 0.075241888 0.075586869 0.075934224 0.076283993 0.076636215 0.076990933 0.07734819 0.077708029 0.078070499 0.078435647 0.078803523 0.07917418 0.079547671 0.079924053 0.080303383 0.080685721 0.081071132 0.081459678
0.06424372 0.06452161 0.064801128 0.065082286 0.065365093 0.065649561 0.065935703 0.066223531 0.066513057 0.066804294 0.067097257 0.067391958 0.067688413 0.067986635 0.068286641 0.068588447 0.068892069 0.069197524 0.069504829 0.069814004 0.070125067 0.070438038 0.070752937 0.071069786 0.071388607 0.071709422 0.072032256 0.072357132 0.072684077 0.073013117 0.073344279 0.073677592 0.074013086 0.074350792 0.074690741 0.075032967 0.075377505 0.07572439 0.076073659 0.076425352 0.076779507 0.077136168 0.077495377 0.077857179 0.078221621 0.078588751 0.07895862 0.07933128 0.079706785 0.080085191 0.080466556 0.080850942 0.081238412 0.081629029
0.064317511 0.064596928 0.064877985 0.065160693 0.065445065 0.065731111 0.066018843 0.066308273 0.066599414 0.066892279 0.067186881 0.067483233 0.067781351 0.068081249 0.068382943 0.068686447 0.068991779 0.069298955 0.069607994 0.069918912 0.07023173 0.070546467 0.070863142 0.071181778 0.071502396 0.071825019 0.072149671 0.072476375 0.072805158 0.073136046 0.073469066 0.073804247 0.074141618 0.074481211 0.074823056 0.075167188 0.075513641 0.075862451 0.076213654 0.07656729 0.076923399 0.077282022 0.077643203 0.078006987 0.07837342 0.078742551 0.079114431 0.079489111 0.079866647 0.080247094 0.080630512 0.081016962 0.081406505 0.08179921
0.064391128 0.064672087 0.0649547 0.065238977 0.065524931 0.065812572 0.066101913 0.066392964 0.066685738 0.066980249 0.06727651 0.067574534 0.067874335 0.068175929 0.068479329 0.068784552 0.069091615 0.069400534 0.069711325 0.070024009 0.070338603 0.070655126 0.0709736 0.071294044 0.071616481 0.071940934 0.072267425 0.072595979 0.072926622 0.07325938 0.07359428 0.07393135 0.074270621 0.074612122 0.074955886 0.075301946 0.075650336 0.076001092 0.076354251 0.076709852 0.077067935 0.077428541 0.077791715 0.078157501 0.078525945 0.078897097 0.079271007 0.079647728 0.080027314 0.080409821 0.08079531 0.08118384 0.081575476 0.081970283
0.064464574 0.064747093 0.06503128 0.065317145 0.065604699 0.065893954 0.066184922 0.066477613 0.066772041 0.067068218 0.067366158 0.067665873 0.067967378 0.068270687 0.068575816 0.06888278 0.069191594 0.069502277 0.069814844 0.070129314 0.070445706 0.070764039 0.071084333 0.071406608 0.071730887 0.072057192 0.072385546 0.072715973 0.073048499 0.07338315 0.073719953 0.074058936 0.074400129 0.074743563 0.075089268 0.075437279 0.075787629 0.076140354 0.076495492 0.076853081 0.07721316 0.077575773 0.077940961 0.078308771 0.078679249 0.079052443 0.079428405 0.079807187 0.080188843 0.080573431 0.08096101 0.081351641 0.081745387 0.082142316
0.064537855 0.064821952 0.065107731 0.065395202 0.065684377 0.065975265 0.06626788 0.066562231 0.066858333 0.067156197 0.067455836 0.067757263 0.068060493 0.06836554 0.068672419 0.068981145 0.069291734 0.069604203 0.069918569 0.070234849 0.070553062 0.070873227 0.071195365 0.071519495 0.071845639 0.07217382 0.072504061 0.072836386 0.073170819 0.073507388 0.073846118 0.074187039 0.074530179 0.074875569 0.075223241 0.075573227 0.075925561 0.076280281 0.076637421 0.076997022 0.077359122 0.077723765 0.078090992 0.078460849 0.078833384 0.079208644 0.07958668 0.079967546 0.080351296 0.080737986 0.081127677 0.081520429 0.081916307 0.082315377
0.064610976 0.064896671 0.065184061 0.065473158 0.065763971 0.066056513 0.066350795 0.066646828 0.066944624 0.067244196 0.067545556 0.067848718 0.068153696 0.068460503 0.068769155 0.069079666 0.069392053 0.069706332 0.070022519 0.070340633 0.070660692 0.070982715 0.07130672 0.07163273 0.071960765 0.072290848 0.072623001 0.072957248 0.073293614 0.073632126 0.07397281 0.074315694 0.074660807 0.075008179 0.075357843 0.07570983 0.076064176 0.076420914 0.076780084 0.077141722 0.07750587 0.077872567 0.078241859 0.078613789 0.078988406 0.079365756 0.079745892 0.080128866 0.080514733 0.080903549 0.081295375 0.081690272 0.082088304 0.082489539
0.064683943 0.064971253 0.065260275 0.065551017 0.065843491 0.066137708 0.066433678 0.066731413 0.067030926 0.067332228 0.067635332 0.067940251 0.068246999 0.06855559 0.068866039 0.06917836 0.069492569 0.069808682 0.070126716 0.070446689 0.070768619 0.071092524 0.071418424 0.071746339 0.072076291 0.072408302 0.072742393 0.07307859 0.073416916 0.073757398 0.074100062 0.074444936 0.07479205 0.075141432 0.075493115 0.075847131 0.076203515 0.076562301 0.076923527 0.07728723 0.077653452 0.078022232 0.078393615 0.078767646 0.079144371 0.079523839 0.079906101 0.080291209 0.080679219 0.081070187 0.081464174 0.08186124 0.082261451 0.082664874
0.064756759 0.065045706 0.065336379 0.065628788 0.065922944 0.066218856 0.066516537 0.066815997 0.067117249 0.067420304 0.067725176 0.068031876 0.068340419 0.068650818 0.068963088 0.069277243 0.0695933 0.069911273 0.07023118 0.070553038 0.070876865 0.07120268 0.071530501 0.071860349 0.072192245 0.072526211 0.072862269 0.073200443 0.073540758 0.073883238 0.074227911 0.074574804 0.074923947 0.075275368 0.075629099 0.075985173 0.076343624 0.076704487 0.077067798 0.077433596 0.07780192 0.078172813 0.078546316 0.078922476 0.079301338 0.079682952 0.080067368 0.080454639 0.08084482 0.081237968 0.081634143 0.082033406 0.082435823 0.08284146
