WatsonE12E13/OpenEM/OpenEM_44.asc
NCOLS 499
NROWS 379
XLLCORNER 149.806
YLLCORNER -30.2866
CELLSIZE 1e-05
NODATA_VALUE -9999
[rows 234 to 259 of 379, columns 180 to 239 of 499]
11.585017 11.528809 11.408681 11.229038 11.315101 11.494061 11.58169 11.621006 11.637914 11.640058 11.628137 11.59588 11.53022 11.488383 11.550005 11.597424 11.618856 11.635935 11.658908 11.693071 11.744071 11.788341 11.76809 11.737395 11.724465 11.719132 11.712208 11.695475 11.660895 11.619888 11.629889 11.682523 11.724355 11.747914 11.757172 11.75365 11.73714 11.709111 11.695304 11.713611 11.730114 11.730311 11.711609 11.662996 11.55316 11.364831 11.356916 11.541223 11.643936 11.681025 11.691172 11.697194 11.711991 11.736285 11.764273 11.792219 11.818761 11.836909 11.835993 11.825817
11.621361 11.563446 11.454312 11.318198 11.381672 11.530284 11.619849 11.672761 11.699052 11.692717 11.664883 11.629756 11.592838 11.574584 11.58618 11.596697 11.600549 11.615365 11.642497 11.673295 11.703903 11.724444 11.724102 11.714747 11.708037 11.703758 11.696482 11.674798 11.614201 11.504359 11.526753 11.648095 11.715031 11.744198 11.75405 11.749564 11.725477 11.670005 11.638068 11.68948 11.723534 11.728762 11.713733 11.675938 11.605254 11.516248 11.511096 11.589702 11.643114 11.653863 11.638673 11.627135 11.648446 11.693935 11.738809 11.773825 11.798953 11.814009 11.818682 11.815347
11.664433 11.617733 11.559788 11.515071 11.537508 11.605129 11.675555 11.751213 11.809551 11.778727 11.710504 11.661303 11.630083 11.612192 11.599837 11.575411 11.544299 11.565685 11.6144 11.650286 11.67424 11.688375 11.692741 11.69086 11.687766 11.686447 11.684351 11.669906 11.619344 11.524345 11.546734 11.661843 11.726923 11.754075 11.762215 11.75729 11.734939 11.68785 11.662291 11.700947 11.728673 11.732806 11.721325 11.696939 11.661699 11.628511 11.622079 11.638817 11.645335 11.616985 11.544069 11.47649 11.523218 11.628596 11.707253 11.75503 11.783595 11.799989 11.807559 11.807761
11.70666 11.665563 11.635761 11.621701 11.632426 11.666262 11.723875 11.833598 11.9745 11.884848 11.745481 11.67608 11.642014 11.62198 11.599272 11.547606 11.466801 11.5107 11.590277 11.630456 11.651274 11.662894 11.66742 11.665087 11.659263 11.660185 11.67016 11.67516 11.663817 11.645921 11.668896 11.726719 11.76606 11.779795 11.781286 11.776701 11.763808 11.742343 11.729756 11.736625 11.743268 11.740334 11.729056 11.711787 11.691842 11.675104 11.666799 11.662323 11.644172 11.58194 11.425918 11.230765 11.349016 11.565173 11.683222 11.741997 11.77341 11.790924 11.799927 11.802432
11.726469 11.695381 11.682242 11.680745 11.687579 11.703828 11.740423 11.822166 11.923581 11.852568 11.729807 11.661338 11.630318 11.616986 11.601282 11.564381 11.517204 11.540085 11.588082 11.61396 11.627879 11.637677 11.642551 11.635705 11.61349 11.610096 11.645635 11.676912 11.696383 11.71893 11.763285 11.819531 11.839006 11.823115 11.809613 11.805806 11.803044 11.793478 11.780024 11.769139 11.759521 11.747914 11.733286 11.716398 11.699662 11.686467 11.678169 11.669914 11.647893 11.584721 11.433921 11.250005 11.362775 11.570804 11.684377 11.739675 11.768581 11.784778 11.793464 11.796809
11.721961 11.71187 11.716134 11.7283 11.733658 11.730801 11.737079 11.760916 11.778962 11.74185 11.667222 11.603176 11.582519 11.594166 11.601376 11.592403 11.578731 11.579631 11.586724 11.58875 11.592265 11.603406 11.615591 11.611047 11.567341 11.550353 11.62197 11.675382 11.712647 11.758744 11.842308 11.963075 11.965772 11.878083 11.840591 11.844884 11.862309 11.859649 11.830853 11.799103 11.774016 11.752828 11.731727 11.709175 11.687145 11.671268 11.665766 11.665538 11.656858 11.623235 11.555007 11.496495 11.541618 11.639109 11.709 11.747049 11.767741 11.779963 11.786208 11.787818
11.715251 11.723037 11.749305 11.792549 11.802061 11.763336 11.73582 11.72516 11.711425 11.671229 11.588168 11.476234 11.46912 11.549361 11.593398 11.603257 11.597389 11.584164 11.561454 11.531948 11.519246 11.542346 11.580077 11.600151 11.586728 11.58381 11.632474 11.678029 11.717124 11.770384 11.873243 12.045177 12.03868 11.901577 11.860643 11.895424 11.972403 11.980883 11.898111 11.828018 11.784726 11.753445 11.723304 11.68794 11.647682 11.617687 11.619104 11.64259 11.660585 11.66023 11.645363 11.637382 11.659596 11.701788 11.737722 11.757108 11.767726 11.77509 11.776545 11.771849
11.707 11.726984 11.773609 11.86562 11.889857 11.792431 11.734552 11.707224 11.683204 11.639267 11.54088 11.364078 11.36635 11.519405 11.588943 11.606488 11.598366 11.56821 11.505729 11.407537 11.347901 11.418746 11.524157 11.587261 11.612643 11.628273 11.652792 11.680284 11.709874 11.751511 11.821233 11.909004 11.915377 11.862352 11.858035 11.934002 12.10502 12.12871 11.953584 11.844054 11.787617 11.749219 11.709676 11.653608 11.569022 11.487404 11.506761 11.5924 11.65381 11.682467 11.693411 11.70166 11.717064 11.73845 11.755871 11.761082 11.765777 11.770157 11.763669 11.744049
11.690429 11.716509 11.760954 11.829605 11.84403 11.772065 11.718532 11.690111 11.669811 11.637731 11.571877 11.477637 11.474461 11.553282 11.600418 11.612029 11.597593 11.550738 11.440008 11.206573 10.999692 11.22085 11.460366 11.571915 11.619414 11.642549 11.658996 11.674569 11.691452 11.713621 11.745984 11.781537 11.797948 11.802162 11.827918 11.902816 12.028834 12.0451 11.921895 11.830966 11.779278 11.741351 11.697353 11.622515 11.474407 11.271853 11.332271 11.536056 11.647765 11.69754 11.720727 11.734358 11.746226 11.757328 11.762887 11.760815 11.765777 11.766824 11.748451 11.700836
11.661457 11.692501 11.725193 11.754025 11.755497 11.722937 11.682913 11.658619 11.654904 11.646368 11.619903 11.588336 11.583176 11.603741 11.620838 11.622243 11.603592 11.552375 11.431816 11.167775 10.918354 11.182408 11.452007 11.573395 11.624608 11.645188 11.654303 11.661383 11.664529 11.663798 11.665986 11.679344 11.70405 11.73587 11.776177 11.828669 11.881075 11.887729 11.843521 11.795954 11.76121 11.731964 11.694064 11.624539 11.483304 11.291107 11.349731 11.549819 11.663492 11.716326 11.741572 11.755146 11.764258 11.770479 11.77229 11.771307 11.772531 11.766429 11.736625 11.658071
11.619027 11.661926 11.692692 11.710495 11.709572 11.684252 11.632154 11.595103 11.627869 11.65075 11.648616 11.638557 11.63374 11.636006 11.638563 11.6346 11.617655 11.577792 11.497796 11.367653 11.282438 11.378037 11.513487 11.595243 11.633673 11.643757 11.64477 11.647105 11.632379 11.596027 11.551636 11.541201 11.587904 11.656243 11.716167 11.762311 11.791353 11.795509 11.777588 11.753788 11.73544 11.720635 11.698962 11.657259 11.585878 11.516356 11.540049 11.629763 11.701494 11.742559 11.762207 11.771591 11.778166 11.782811 11.784681 11.784374 11.78191 11.771159 11.739033 11.660991
11.567089 11.630767 11.66807 11.687521 11.689738 11.668947 11.612724 11.566046 11.618475 11.656935 11.664792 11.660514 11.653809 11.649033 11.647159 11.644569 11.634632 11.611526 11.572225 11.524698 11.501831 11.530019 11.581376 11.622382 11.643201 11.643545 11.641812 11.637737 11.597614 11.500561 11.345027 11.274251 11.406814 11.561627 11.659008 11.71324 11.73831 11.739287 11.721816 11.701207 11.695877 11.702343 11.703531 11.691068 11.667535 11.650141 11.662199 11.699775 11.740415 11.770381 11.781747 11.78457 11.789784 11.794563 11.79685 11.796447 11.79264 11.781938 11.757246 11.708565
11.521935 11.604968 11.650015 11.674976 11.684099 11.676099 11.650586 11.633068 11.652523 11.67281 11.677045 11.669224 11.653733 11.639101 11.638533 11.646568 11.648388 11.639992 11.624082 11.607541 11.600724 11.60972 11.628714 11.646626 11.655676 11.654138 11.648879 11.631286 11.568971 11.407197 11.062751 10.854629 11.199889 11.483171 11.618758 11.681878 11.705704 11.698872 11.661625 11.615351 11.623846 11.671254 11.703075 11.714445 11.714792 11.714692 11.723102 11.741563 11.764902 11.785027 11.789827 11.792359 11.800452 11.80672 11.809204 11.808325 11.804283 11.795878 11.780687 11.757251
11.506305 11.587508 11.635819 11.667358 11.684988 11.689896 11.685792 11.682658 11.687406 11.692197 11.688372 11.671176 11.634455 11.588964 11.598038 11.637628 11.657092 11.660005 11.655722 11.650597 11.648419 11.651301 11.658907 11.667434 11.672111 11.670212 11.660682 11.635048 11.569486 11.414053 11.104652 10.927708 11.222812 11.481058 11.609261 11.668849 11.688948 11.673299 11.605986 11.496042 11.524259 11.639466 11.703836 11.732917 11.745769 11.751501 11.756791 11.76577 11.777837 11.788062 11.793098 11.802535 11.814922 11.822523 11.82378 11.820861 11.815836 11.809196 11.800632 11.790733
11.510206 11.566618 11.618533 11.660773 11.68841 11.703327 11.709654 11.712083 11.71314 11.710985 11.701201 11.67629 11.619568 11.531396 11.555373 11.632635 11.665411 11.673911 11.673815 11.672351 11.671396 11.672283 11.677189 11.684751 11.690937 11.690934 11.680465 11.65445 11.602534 11.508055 11.376049 11.318583 11.417433 11.543595 11.626789 11.671366 11.686601 11.671146 11.610299 11.51564 11.541486 11.649559 11.718139 11.756342 11.776735 11.781803 11.780478 11.782262 11.788629 11.797138 11.807504 11.823185 11.840563 11.848509 11.844066 11.834755 11.826127 11.819287 11.813992 11.810438
11.473218 11.506579 11.588712 11.654222 11.694445 11.717936 11.730844 11.736375 11.736136 11.730576 11.718297 11.69457 11.65081 11.598166 11.608849 11.654958 11.678645 11.684308 11.682288 11.67986 11.678998 11.679435 11.685943 11.699098 11.714775 11.72258 11.711976 11.684724 11.645172 11.594312 11.543722 11.525551 11.556351 11.608572 11.6538 11.682936 11.694732 11.68756 11.659952 11.629257 11.64288 11.694302 11.745077 11.790772 11.823869 11.819485 11.801189 11.794234 11.797678 11.807917 11.825342 11.853772 11.888396 11.897916 11.874611 11.849547 11.83336 11.824154 11.819811 11.81936
11.364688 11.403243 11.560364 11.654916 11.706318 11.737491 11.756775 11.764862 11.76226 11.752804 11.739243 11.720968 11.697334 11.676753 11.675846 11.687753 11.694533 11.692334 11.684864 11.679942 11.678945 11.676035 11.684721 11.710363 11.751787 11.783738 11.763438 11.719211 11.679581 11.645905 11.621337 11.61399 11.626784 11.651726 11.677554 11.697078 11.707259 11.70742 11.699995 11.694409 11.703851 11.729845 11.767624 11.822982 11.881577 11.858577 11.814953 11.799958 11.802133 11.814669 11.83911 11.885773 11.959614 11.976204 11.909701 11.85988 11.833975 11.821048 11.816467 11.818308
11.420558 11.45335 11.58654 11.674094 11.726737 11.765336 11.7961 11.808744 11.79745 11.778145 11.760975 11.745954 11.73215 11.721402 11.716219 11.714085 11.70928 11.69881 11.684493 11.67331 11.664013 11.653838 11.664938 11.709608 11.79742 11.887883 11.828772 11.745786 11.697497 11.666208 11.647379 11.643721 11.654634 11.673813 11.693885 11.709933 11.719833 11.723653 11.723632 11.724317 11.730712 11.745535 11.771451 11.814797 11.860227 11.843931 11.808605 11.796169 11.799906 11.814209 11.840784 11.890057 11.967657 11.984657 11.91097 11.854426 11.822594 11.805115 11.799655 11.805118
11.573188 11.591962 11.651535 11.706743 11.751878 11.799429 11.858757 11.887548 11.84591 11.803716 11.779811 11.765691 11.756103 11.748799 11.74224 11.734467 11.722658 11.704033 11.677649 11.644953 11.607207 11.580406 11.600418 11.670808 11.777761 11.869841 11.818932 11.743173 11.694461 11.656405 11.629837 11.628437 11.650537 11.678997 11.703297 11.720721 11.731314 11.736198 11.737426 11.737746 11.739874 11.746034 11.758558 11.778735 11.796825 11.794662 11.783863 11.781982 11.790114 11.805818 11.829235 11.862762 11.900207 11.906382 11.87107 11.82963 11.793937 11.766954 11.7587 11.773252
11.660525 11.675426 11.704583 11.736903 11.771666 11.821899 11.911044 11.966527 11.881209 11.819053 11.791962 11.779232 11.77254 11.767957 11.762002 11.752442 11.736736 11.710197 11.665678 11.591618 11.47814 11.38341 11.43767 11.576312 11.691644 11.753763 11.750754 11.717568 11.673981 11.612736 11.547762 11.550374 11.614905 11.672473 11.709374 11.731504 11.743292 11.747433 11.746551 11.743184 11.739246 11.736154 11.735402 11.738026 11.742073 11.744451 11.74818 11.75767 11.772636 11.791009 11.81149 11.832626 11.848881 11.849488 11.830055 11.794828 11.744597 11.688032 11.668576 11.710558
11.702952 11.718078 11.737786 11.757351 11.780026 11.815703 11.871241 11.900401 11.856295 11.815703 11.795954 11.786758 11.782119 11.779926 11.777184 11.77008 11.754978 11.724117 11.662288 11.535837 11.273812 10.953946 11.136074 11.456818 11.620245 11.689706 11.70844 11.696052 11.652774 11.552536 11.390026 11.403189 11.56625 11.667198 11.718967 11.746975 11.759977 11.761143 11.754794 11.744789 11.732482 11.717825 11.701249 11.685526 11.676473 11.680032 11.696784 11.721297 11.747417 11.771723 11.792909 11.809805 11.819732 11.818511 11.801793 11.762475 11.683672 11.556004 11.499721 11.616268
11.72039 11.738913 11.758469 11.77006 11.780893 11.799834 11.821431 11.829786 11.817401 11.802003 11.793829 11.790157 11.785331 11.780135 11.785592 11.788774 11.78258 11.756897 11.690578 11.544112 11.226656 10.807638 11.045362 11.424051 11.596585 11.667611 11.693227 11.690316 11.654283 11.55746 11.394261 11.408553 11.577279 11.682478 11.739037 11.77384 11.789769 11.783204 11.765209 11.744851 11.72162 11.691551 11.651066 11.602998 11.567109 11.572016 11.615612 11.669141 11.714841 11.749687 11.775327 11.793075 11.802664 11.802143 11.787194 11.747365 11.657121 11.487817 11.402605 11.574811
11.717359 11.744218 11.771633 11.778395 11.780063 11.789912 11.797413 11.796288 11.787602 11.7821 11.785822 11.792005 11.792542 11.78969 11.799473 11.814662 11.829065 11.825291 11.766209 11.63926 11.443314 11.270701 11.34247 11.513121 11.617998 11.668893 11.692901 11.698116 11.680529 11.632534 11.572259 11.579783 11.652425 11.717865 11.767572 11.8155 11.845239 11.818586 11.777573 11.743652 11.708468 11.659817 11.582668 11.466687 11.355075 11.366627 11.486837 11.601194 11.678088 11.727344 11.759621 11.78063 11.792463 11.794769 11.784724 11.755346 11.693764 11.599679 11.56439 11.661106
11.683701 11.728481 11.765253 11.775757 11.779373 11.78539 11.785175 11.772867 11.749177 11.741272 11.766078 11.792 11.806177 11.814079 11.826343 11.850687 11.902126 11.95507 11.884575 11.752979 11.633184 11.557929 11.562364 11.609764 11.646615 11.669972 11.693237 11.710344 11.713144 11.702195 11.689618 11.695744 11.721937 11.753593 11.789303 11.843217 11.889893 11.8419 11.781635 11.738574 11.695248 11.63115 11.513224 11.28605 10.984504 11.021449 11.326657 11.535186 11.646153 11.708423 11.746747 11.771481 11.786551 11.792907 11.789733 11.774917 11.747294 11.716716 11.715608 11.763721
11.587225 11.68373 11.742883 11.767759 11.779009 11.783803 11.778545 11.753039 11.690926 11.659969 11.735498 11.793477 11.824654 11.842593 11.856118 11.880735 11.952921 12.058019 11.962357 11.823471 11.735024 11.684851 11.666691 11.659971 11.639661 11.634189 11.678112 11.719865 11.742704 11.753996 11.760874 11.766807 11.772953 11.781265 11.795868 11.822031 11.841326 11.812051 11.766208 11.726489 11.683984 11.61818 11.489342 11.218501 10.811413 10.865894 11.269004 11.511207 11.630571 11.695971 11.737031 11.764833 11.78333 11.793929 11.797173 11.793692 11.785925 11.781129 11.791552 11.826295
11.406562 11.626609 11.725813 11.764775 11.779796 11.783958 11.778069 11.752548 11.690888 11.660263 11.739978 11.809249 11.857589 11.887183 11.893301 11.89671 11.925941 11.961775 11.917311 11.841129 11.784342 11.746413 11.718452 11.680122 11.599634 11.560459 11.658001 11.731518 11.771702 11.800931 11.824812 11.831778 11.819704 11.805669 11.798678 11.797296 11.791511 11.769262 11.736693 11.705418 11.673272 11.623527 11.52863 11.356701 11.157213 11.179646 11.384234 11.541204 11.631421 11.687922 11.728732 11.759514 11.781736 11.796301 11.804367 11.807632 11.808939 11.812951 11.825837 11.854226
