WatsonE12E13/OpenEM/OpenEM_28.asc
NCOLS 499
NROWS 379
XLLCORNER 149.806
YLLCORNER -30.2866
CELLSIZE 1e-05
NODATA_VALUE -9999
[rows 336 to 359 of 379, columns 220 to 274 of 499]
-0.63697511 -0.63728072 -0.63770806 -0.63824204 -0.63883911 -0.63941121 -0.63981073 -0.63982728 -0.63921033 -0.63772228 -0.63519966 -0.63157196 -0.62678923 -0.62063336 -0.61242747 -0.60122689 -0.59080204 -0.59372696 -0.60046043 -0.59868016 -0.5868917 -0.56622067 -0.56007147 -0.58513374 -0.61282012 -0.63302036 -0.64060094 -0.6335148 -0.62277323 -0.61675222 -0.61576475 -0.61805304 -0.62315161 -0.63277578 -0.65157305 -0.69038276 -0.77421595 -0.93293712 -1.0355739 -0.89313074 -0.74158446 -0.65953213 -0.61711581 -0.59430023 -0.58191968 -0.57110161 -0.55296404 -0.52707817 -0.4973529 -0.47095191 -0.46077982 -0.4759181 -0.51045472 -0.55708526 -0.61611528
-0.63605102 -0.63619493 -0.63640072 -0.63664374 -0.63687721 -0.63702467 -0.63697538 -0.63658771 -0.6357047 -0.63417955 -0.63189761 -0.62877196 -0.62469094 -0.61941081 -0.61246736 -0.60372004 -0.59658552 -0.59783799 -0.60167175 -0.59913037 -0.58678146 -0.56405482 -0.55691614 -0.58974004 -0.63189543 -0.67302289 -0.69181726 -0.67115376 -0.64637589 -0.63319307 -0.6284256 -0.62842312 -0.63177094 -0.63914217 -0.65403323 -0.68717699 -0.76623364 -0.92959756 -1.0422587 -0.88290866 -0.7240456 -0.64450706 -0.60635714 -0.58846491 -0.58460373 -0.58009598 -0.55725476 -0.52513882 -0.49246897 -0.46750295 -0.46056606 -0.47512513 -0.50504459 -0.54305235 -0.58428097
-0.63510707 -0.63511684 -0.63514831 -0.63517506 -0.63515485 -0.63502662 -0.63470999 -0.63410954 -0.63312459 -0.63166193 -0.62964462 -0.62700821 -0.62368082 -0.61956575 -0.61462082 -0.60931634 -0.60549565 -0.60496578 -0.60545111 -0.60307044 -0.59592821 -0.58623498 -0.58754433 -0.61154685 -0.65217112 -0.70795109 -0.73800633 -0.69798686 -0.6613818 -0.64468319 -0.63837797 -0.63678586 -0.63761035 -0.64070198 -0.64748635 -0.66430957 -0.70583789 -0.77524567 -0.80548192 -0.73164702 -0.64966733 -0.60757787 -0.58869846 -0.58178937 -0.5867387 -0.58508916 -0.55543728 -0.51297391 -0.46341484 -0.41713125 -0.40502406 -0.43638446 -0.48171298 -0.52329639 -0.55793343
-0.63417053 -0.6340734 -0.63397251 -0.63384352 -0.63365141 -0.63334961 -0.63288103 -0.63218183 -0.63118771 -0.62984128 -0.62809761 -0.62592606 -0.62331173 -0.62027465 -0.61694908 -0.61375482 -0.61144284 -0.61042332 -0.60992131 -0.60870597 -0.60657684 -0.6057803 -0.61172998 -0.62879781 -0.6571995 -0.6944912 -0.71333135 -0.68934653 -0.66437093 -0.65201509 -0.64729668 -0.64529948 -0.64303997 -0.64084334 -0.64050283 -0.64295274 -0.65169079 -0.6561702 -0.62668702 -0.56614183 -0.5417083 -0.55339766 -0.56418086 -0.56918257 -0.57269708 -0.56658068 -0.53940667 -0.49138207 -0.41523584 -0.31711218 -0.29071333 -0.37027274 -0.45113243 -0.5050551 -0.54098279
-0.63325855 -0.63307902 -0.63288069 -0.63264291 -0.6323381 -0.63193192 -0.63138473 -0.63065467 -0.62970208 -0.6284946 -0.627012 -0.62525103 -0.62323332 -0.62102434 -0.61877036 -0.61673294 -0.61522904 -0.61440509 -0.61408953 -0.61408788 -0.61476465 -0.61750249 -0.62444781 -0.6369788 -0.65409334 -0.67112914 -0.67866746 -0.67294242 -0.66366848 -0.65860072 -0.65851796 -0.65868673 -0.65254916 -0.64225612 -0.6396677 -0.63656915 -0.62310564 -0.59215255 -0.51287867 -0.39999507 -0.41319212 -0.49482917 -0.5372675 -0.55184692 -0.55388586 -0.54543567 -0.52184536 -0.4751474 -0.38798536 -0.25795791 -0.22216058 -0.3353631 -0.43597344 -0.49590643 -0.53321108
-0.6323809 -0.63213973 -0.63187183 -0.63156057 -0.63118505 -0.63072074 -0.6301409 -0.62941915 -0.62853272 -0.62746638 -0.62621668 -0.6247969 -0.62324406 -0.6216296 -0.62007135 -0.61873295 -0.61778759 -0.61735519 -0.61749789 -0.61835366 -0.6203466 -0.62429237 -0.63117926 -0.64154069 -0.65464511 -0.66769137 -0.6752529 -0.67300379 -0.6672414 -0.66720969 -0.67619535 -0.68731154 -0.67803191 -0.64901542 -0.63259797 -0.62243666 -0.60348391 -0.56424086 -0.47366263 -0.34554903 -0.36904332 -0.47020245 -0.52025485 -0.53698157 -0.53916557 -0.53190245 -0.51318189 -0.47675253 -0.41350547 -0.33307915 -0.3120592 -0.37756414 -0.44906248 -0.49864798 -0.5331601
-0.6315422 -0.6312563 -0.63094034 -0.63058149 -0.63016446 -0.62967231 -0.62908777 -0.62839525 -0.62758345 -0.62664833 -0.62559655 -0.62444938 -0.62324724 -0.62205478 -0.62096387 -0.62008975 -0.61955749 -0.61948999 -0.6200252 -0.62137768 -0.62391597 -0.62819263 -0.6348846 -0.64471403 -0.65857041 -0.67725071 -0.69305556 -0.68543658 -0.67332415 -0.67598789 -0.69890094 -0.74249087 -0.7383204 -0.66074881 -0.60624126 -0.59058052 -0.58635292 -0.56121833 -0.50583631 -0.44438682 -0.44646568 -0.48924706 -0.51608489 -0.52551132 -0.5269698 -0.52304435 -0.51142749 -0.48893074 -0.45496777 -0.4203722 -0.41159201 -0.43685384 -0.47373216 -0.50732935 -0.53684242
-0.63074363 -0.63042634 -0.63007852 -0.62969062 -0.6292519 -0.62875114 -0.62817788 -0.627524 -0.62678572 -0.62596592 -0.62507666 -0.62414196 -0.62320058 -0.62230838 -0.62153925 -0.62098344 -0.62074465 -0.62094162 -0.62172299 -0.62329715 -0.62596663 -0.63015341 -0.63643169 -0.64565999 -0.65933926 -0.67911501 -0.69643414 -0.68786876 -0.67543865 -0.67995317 -0.70651174 -0.7633117 -0.76390906 -0.65342659 -0.55897277 -0.55318605 -0.57497177 -0.56641244 -0.53936759 -0.51245852 -0.50447936 -0.50977659 -0.51173123 -0.5099063 -0.51134729 -0.51389542 -0.51099999 -0.50026059 -0.48384653 -0.46865302 -0.46396652 -0.47296632 -0.49078681 -0.51280909 -0.53838171
-0.6299843 -0.62964583 -0.62927802 -0.62887403 -0.62842663 -0.62792886 -0.62737505 -0.6267621 -0.626091 -0.62536852 -0.62460915 -0.62383686 -0.6230869 -0.62240715 -0.62185869 -0.62151596 -0.62146737 -0.62181929 -0.62270567 -0.6243033 -0.62684923 -0.63065917 -0.63615611 -0.64391677 -0.65458699 -0.66762577 -0.67699428 -0.67546552 -0.6733276 -0.68003558 -0.6942754 -0.7113389 -0.69904588 -0.63785612 -0.5740686 -0.56421355 -0.57626827 -0.57182458 -0.55664996 -0.54004838 -0.52707361 -0.51394932 -0.49399679 -0.47723292 -0.48427506 -0.50103218 -0.50900221 -0.50688179 -0.49878275 -0.48966692 -0.48406365 -0.48456949 -0.49216873 -0.50767419 -0.53170755
-0.62926204 -0.62891005 -0.62853073 -0.62811941 -0.62767151 -0.62718314 -0.62665193 -0.62607801 -0.62546519 -0.6248222 -0.62416405 -0.62351325 -0.62290101 -0.62236808 -0.62196545 -0.621755 -0.6218109 -0.62222277 -0.62310107 -0.62458435 -0.62684631 -0.63010038 -0.63459462 -0.64056137 -0.64798367 -0.6559298 -0.66214659 -0.666267 -0.67347942 -0.68726741 -0.69828862 -0.69187438 -0.67006981 -0.63626807 -0.60398602 -0.58891231 -0.58396107 -0.57643054 -0.56473373 -0.55078992 -0.53429033 -0.50948613 -0.46773706 -0.42998525 -0.45086125 -0.48873092 -0.5071745 -0.51025201 -0.50474359 -0.49484856 -0.48346314 -0.47399402 -0.4723757 -0.48478362 -0.51147235
-0.62857413 -0.62821419 -0.62782923 -0.62741626 -0.62697264 -0.62649664 -0.62598805 -0.62544897 -0.62488471 -0.62430464 -0.62372319 -0.62316069 -0.62264415 -0.62220787 -0.62189403 -0.62175333 -0.62184605 -0.62224385 -0.62303218 -0.62431271 -0.62620389 -0.62883633 -0.63233417 -0.63676135 -0.64200669 -0.6476933 -0.65363657 -0.66153516 -0.67671725 -0.70620698 -0.73610641 -0.71344414 -0.67008385 -0.63733136 -0.61365724 -0.59836543 -0.58826164 -0.57905146 -0.56863819 -0.5560677 -0.53915453 -0.51236253 -0.4692987 -0.43225129 -0.45254736 -0.49057857 -0.50992078 -0.51332823 -0.50624069 -0.49071409 -0.46700946 -0.43846812 -0.42051226 -0.43363282 -0.47351709
-0.62791763 -0.62755367 -0.627167 -0.62675586 -0.62631899 -0.6258561 -0.62536833 -0.62485887 -0.62433358 -0.62380168 -0.62327635 -0.62277537 -0.62232159 -0.62194333 -0.6216748 -0.62155638 -0.62163518 -0.62196566 -0.6226101 -0.62363836 -0.62512564 -0.62714607 -0.62975917 -0.63298861 -0.63681597 -0.64129176 -0.6469961 -0.65606024 -0.67359575 -0.70699777 -0.7410005 -0.71539568 -0.66593998 -0.63277288 -0.61176028 -0.59766411 -0.58748542 -0.57895284 -0.57031496 -0.56004602 -0.54623047 -0.52629747 -0.50026172 -0.48175681 -0.48910107 -0.50782655 -0.51871039 -0.51832835 -0.50711938 -0.48312552 -0.44072592 -0.37697492 -0.323157 -0.34510138 -0.42053504
-0.62728967 -0.62692438 -0.62653849 -0.62613111 -0.62570192 -0.62525154 -0.62478185 -0.62429651 -0.62380135 -0.62330488 -0.62281869 -0.62235787 -0.62194123 -0.62159158 -0.62133579 -0.62120488 -0.62123393 -0.62146194 -0.62193114 -0.62268556 -0.62376812 -0.62521589 -0.62705453 -0.62929884 -0.63198323 -0.6352768 -0.63975906 -0.64686283 -0.65910038 -0.67760806 -0.69038957 -0.67465751 -0.64363305 -0.61871884 -0.60178209 -0.59003978 -0.58178303 -0.57569621 -0.57008788 -0.56331169 -0.55419163 -0.54231315 -0.52946791 -0.52139405 -0.52274532 -0.52883651 -0.53156779 -0.52657227 -0.51118386 -0.48026392 -0.42232639 -0.32314429 -0.22394829 -0.26120728 -0.38052682
-0.6266876 -0.62632276 -0.62593911 -0.62553637 -0.62511483 -0.6246756 -0.6242209 -0.6237544 -0.62328155 -0.62280982 -0.62234907 -0.62191166 -0.62151264 -0.62116971 -0.62090317 -0.62073565 -0.62069166 -0.62079683 -0.62107667 -0.62155456 -0.62224886 -0.62316945 -0.62431546 -0.62567969 -0.62727112 -0.62917102 -0.63162057 -0.63505376 -0.63973303 -0.64416306 -0.64269721 -0.63008121 -0.61199798 -0.59682355 -0.58536594 -0.57623594 -0.57043363 -0.5683997 -0.56753404 -0.56530734 -0.561019 -0.5552614 -0.54970333 -0.54672659 -0.5473398 -0.54909564 -0.5475968 -0.53929431 -0.52143401 -0.48930541 -0.43327669 -0.34408331 -0.26113525 -0.29267821 -0.39544566
-0.62610906 -0.62574576 -0.62536513 -0.62496725 -0.62455275 -0.62412297 -0.62368017 -0.62322778 -0.62277058 -0.62231491 -0.6218688 -0.62144205 -0.62104619 -0.62069438 -0.6204011 -0.62018169 -0.6200516 -0.62002527 -0.62011453 -0.62032625 -0.62065928 -0.62110078 -0.62162281 -0.6221807 -0.62271419 -0.62314616 -0.62335201 -0.62302494 -0.62130956 -0.61624368 -0.60517191 -0.58878182 -0.57513897 -0.56957249 -0.565181 -0.5568512 -0.55171835 -0.55593725 -0.56247297 -0.56588886 -0.56621594 -0.56501621 -0.56403913 -0.56482968 -0.5677484 -0.57051316 -0.56832275 -0.55765893 -0.53821471 -0.50919522 -0.46776654 -0.41591441 -0.37909005 -0.39643238 -0.45120589
-0.62555202 -0.62519089 -0.62481357 -0.62442036 -0.62401203 -0.62358995 -0.62315623 -0.62271388 -0.6222669 -0.62182043 -0.62138075 -0.62095529 -0.62055244 -0.62018136 -0.61985152 -0.6195721 -0.61935102 -0.61919362 -0.61910082 -0.61906643 -0.61907372 -0.61909067 -0.61906366 -0.61890816 -0.61849183 -0.6175977 -0.6158385 -0.61247029 -0.60605367 -0.59407604 -0.57348683 -0.54586228 -0.52912042 -0.53797255 -0.54665927 -0.53686283 -0.52801973 -0.54093619 -0.55688033 -0.56608561 -0.57046857 -0.57281945 -0.57527897 -0.57966669 -0.58724628 -0.59595309 -0.59625474 -0.58168132 -0.55859988 -0.53223061 -0.50368069 -0.47695743 -0.46389264 -0.47593846 -0.50567331
-0.62501474 -0.62465611 -0.62428213 -0.62389319 -0.62349008 -0.62307407 -0.62264699 -0.62221133 -0.62177031 -0.62132787 -0.62088868 -0.62045803 -0.62004159 -0.61964509 -0.61927385 -0.61893197 -0.61862136 -0.61834025 -0.61808118 -0.61782817 -0.61755281 -0.61720856 -0.61672213 -0.61597916 -0.61479819 -0.61287988 -0.60970681 -0.60434996 -0.59511851 -0.57901339 -0.55147847 -0.51126279 -0.48506524 -0.50976789 -0.5361478 -0.53105907 -0.52173696 -0.53677184 -0.5558162 -0.56785277 -0.57490061 -0.57986476 -0.58487369 -0.59202565 -0.60431738 -0.62223354 -0.62770897 -0.60576979 -0.5766784 -0.5513224 -0.53019132 -0.51489957 -0.51020508 -0.52024853 -0.54164676
-0.6244958 -0.6241398 -0.62376903 -0.62338389 -0.62298511 -0.62257376 -0.62215133 -0.62171978 -0.62128152 -0.62083942 -0.6203967 -0.61995679 -0.61952305 -0.61909841 -0.61868479 -0.61828235 -0.6178884 -0.61749592 -0.61709151 -0.61665255 -0.61614314 -0.61550806 -0.61466349 -0.61348163 -0.61176402 -0.60919384 -0.60524976 -0.59905239 -0.58910192 -0.57290667 -0.547068 -0.51202765 -0.49066645 -0.51111759 -0.5365542 -0.5404903 -0.53869058 -0.54777946 -0.56135445 -0.57228047 -0.58035291 -0.58712758 -0.59388294 -0.60177257 -0.61329397 -0.63097685 -0.63754102 -0.61452733 -0.58562251 -0.5629138 -0.54647452 -0.53627982 -0.53391616 -0.54109935 -0.55633021
-0.62399403 -0.62364068 -0.62327293 -0.62289115 -0.62249592 -0.62208809 -0.6216688 -0.62123946 -0.62080176 -0.62035758 -0.61990891 -0.61945762 -0.61900517 -0.61855227 -0.61809824 -0.61764028 -0.61717244 -0.61668416 -0.61615838 -0.61556883 -0.61487623 -0.61402279 -0.61292374 -0.61145417 -0.60942776 -0.60656225 -0.60242483 -0.59635137 -0.58735349 -0.57414049 -0.55588268 -0.53559072 -0.52515338 -0.53317194 -0.54600885 -0.55192244 -0.55482914 -0.56092032 -0.56969718 -0.57859137 -0.58701128 -0.59551719 -0.60434141 -0.61248993 -0.61851543 -0.62293291 -0.62154522 -0.60592668 -0.58459993 -0.56673575 -0.55433267 -0.54724664 -0.54559749 -0.54960008 -0.55783806
-0.62350847 -0.62315774 -0.62279284 -0.62241404 -0.62202176 -0.62161663 -0.6211994 -0.620771 -0.62033248 -0.61988488 -0.61942914 -0.61896587 -0.61849508 -0.61801574 -0.6175253 -0.61701895 -0.61648861 -0.61592175 -0.61529959 -0.61459486 -0.61376854 -0.61276542 -0.6115076 -0.60988518 -0.60774281 -0.60486115 -0.60093479 -0.5955564 -0.58824663 -0.57865242 -0.56720097 -0.55637857 -0.55085479 -0.55274913 -0.55797045 -0.56233772 -0.56610173 -0.57106663 -0.57763525 -0.58539381 -0.59447355 -0.6056204 -0.61914112 -0.63249627 -0.6380827 -0.6304103 -0.61506869 -0.59625683 -0.57743294 -0.56331791 -0.55495585 -0.55111016 -0.55072996 -0.55321153 -0.55745018
-0.62303835 -0.62269023 -0.62232803 -0.62195193 -0.6215622 -0.62115919 -0.62074336 -0.6203152 -0.61987518 -0.61942366 -0.61896075 -0.61848608 -0.61799854 -0.61749592 -0.6169744 -0.61642791 -0.61584731 -0.61521931 -0.61452507 -0.61373835 -0.61282313 -0.61173039 -0.61039395 -0.60872518 -0.60660678 -0.60388721 -0.6003805 -0.59588429 -0.59024588 -0.58353113 -0.57633903 -0.57008343 -0.56655052 -0.56638436 -0.5683959 -0.57115547 -0.57440251 -0.57861512 -0.58420782 -0.59158886 -0.60170801 -0.6164643 -0.63847629 -0.66747892 -0.68666687 -0.6666127 -0.62361629 -0.58637313 -0.56176785 -0.55038368 -0.54789673 -0.54915528 -0.55165156 -0.55470372 -0.55796106
-0.62258304 -0.62223752 -0.62187796 -0.6215044 -0.62111697 -0.62071581 -0.62030107 -0.61987287 -0.61943123 -0.61897596 -0.61850653 -0.61802185 -0.61752004 -0.6169981 -0.61645148 -0.61587351 -0.61525479 -0.61458224 -0.61383814 -0.61299872 -0.61203261 -0.61089888 -0.60954493 -0.60790442 -0.60589619 -0.60342628 -0.60039752 -0.59673514 -0.5924416 -0.58769099 -0.58293833 -0.57892669 -0.57641165 -0.57568084 -0.57641204 -0.57812987 -0.58067672 -0.58423883 -0.58921433 -0.59632459 -0.60704842 -0.62438728 -0.65384553 -0.70081831 -0.74299271 -0.71029251 -0.62802537 -0.56101247 -0.52607248 -0.52223579 -0.53209269 -0.54227269 -0.54963667 -0.55480851 -0.55868427
-0.62214203 -0.62179915 -0.62144221 -0.62107115 -0.62068596 -0.62028657 -0.61987289 -0.61944475 -0.61900181 -0.61854345 -0.61806868 -0.61757591 -0.6170628 -0.61652589 -0.61596031 -0.61535934 -0.61471386 -0.61401173 -0.61323707 -0.61236937 -0.61138264 -0.61024446 -0.60891537 -0.60734892 -0.60549342 -0.60329694 -0.60071856 -0.59774949 -0.59444697 -0.59097673 -0.58764011 -0.58483824 -0.58293954 -0.58211742 -0.58231747 -0.58340616 -0.58535048 -0.58829872 -0.59262271 -0.599061 -0.60906333 -0.62541243 -0.65282704 -0.69460945 -0.72913064 -0.69525663 -0.60076321 -0.5070481 -0.46270322 -0.4792969 -0.5109312 -0.53327733 -0.54645939 -0.55429737 -0.55933897
-0.62171488 -0.62137472 -0.62102046 -0.62065196 -0.62026907 -0.61987157 -0.61945918 -0.61903147 -0.61858784 -0.61812738 -0.61764878 -0.61715017 -0.61662892 -0.61608143 -0.61550285 -0.61488673 -0.61422465 -0.61350581 -0.61271655 -0.61183992 -0.61085524 -0.60973802 -0.60846018 -0.60699122 -0.60530101 -0.60336511 -0.60117408 -0.59874751 -0.59615213 -0.59351797 -0.59103985 -0.58894822 -0.58744835 -0.58666053 -0.58661169 -0.58729118 -0.58872921 -0.59105922 -0.59457602 -0.59983103 -0.60778394 -0.61991746 -0.63768835 -0.65882665 -0.66749169 -0.63596905 -0.55927288 -0.46532771 -0.42005297 -0.45215601 -0.49798 -0.52779117 -0.54461179 -0.55426089 -0.56020828
