WatsonE12E13/OpenEM/OpenEM_44.asc
NCOLS 499
NROWS 379
XLLCORNER 149.806
YLLCORNER -30.2866
CELLSIZE 1e-05
NODATA_VALUE -9999
[rows 26 to 51 of 379, columns 300 to 359 of 499]
12.173811 12.175021 12.176226 12.177428 12.178627 12.179823 12.181016 12.182208 12.183398 12.184588 12.185777 12.186966 12.188155 12.189344 12.190534 12.191725 12.192917 12.19411 12.195304 12.196499 12.197696 12.198894 12.200094 12.201295 12.202497 12.203701 12.204905 12.206111 12.207317 12.208524 12.209732 12.21094 12.212149 12.213357 12.214565 12.215773 12.216981 12.218188 12.219394 12.220599 12.221803 12.223005 12.224205 12.225404 12.226601 12.227795 12.228987 12.230176 12.231363 12.232547 12.233727 12.234904 12.236078 12.237248 12.238414 12.239576 12.240734 12.241888 12.243037 12.244182
12.172688 12.173928 12.175162 12.176392 12.177618 12.17884 12.180059 12.181276 12.182491 12.183704 12.184917 12.186129 12.187341 12.188554 12.189766 12.19098 12.192194 12.193409 12.194626 12.195844 12.197063 12.198283 12.199504 12.200727 12.201951 12.203176 12.204402 12.205629 12.206857 12.208086 12.209314 12.210544 12.211773 12.213002 12.214231 12.21546 12.216688 12.217915 12.219141 12.220366 12.22159 12.222812 12.224032 12.22525 12.226465 12.227679 12.228889 12.230097 12.231302 12.232503 12.233701 12.234896 12.236087 12.237274 12.238457 12.239636 12.24081 12.24198 12.243146 12.244307
12.171536 12.172807 12.174071 12.175329 12.176582 12.177831 12.179076 12.180318 12.181558 12.182796 12.184033 12.18527 12.186505 12.187741 12.188977 12.190214 12.191451 12.192689 12.193928 12.195169 12.19641 12.197653 12.198897 12.200142 12.201389 12.202636 12.203884 12.205133 12.206383 12.207634 12.208884 12.210135 12.211386 12.212637 12.213887 12.215137 12.216386 12.217634 12.218881 12.220127 12.22137 12.222612 12.223852 12.22509 12.226325 12.227558 12.228787 12.230014 12.231237 12.232457 12.233674 12.234886 12.236095 12.2373 12.2385 12.239696 12.240887 12.242073 12.243255 12.244432
12.170356 12.171658 12.172951 12.174238 12.175519 12.176795 12.178067 12.179335 12.1806 12.181863 12.183125 12.184385 12.185645 12.186905 12.188165 12.189425 12.190686 12.191947 12.19321 12.194474 12.195738 12.197004 12.198272 12.19954 12.200809 12.202079 12.203351 12.204623 12.205895 12.207168 12.208441 12.209715 12.210988 12.212261 12.213533 12.214804 12.216075 12.217345 12.218613 12.219879 12.221144 12.222406 12.223667 12.224925 12.22618 12.227432 12.228682 12.229927 12.23117 12.232409 12.233644 12.234875 12.236102 12.237324 12.238542 12.239755 12.240963 12.242167 12.243365 12.244558
12.169146 12.170479 12.171803 12.173119 12.174428 12.175731 12.17703 12.178324 12.179615 12.180904 12.18219 12.183476 12.18476 12.186044 12.187328 12.188613 12.189898 12.191183 12.19247 12.193758 12.195046 12.196336 12.197627 12.198919 12.200212 12.201506 12.202801 12.204096 12.205392 12.206688 12.207985 12.209281 12.210577 12.211873 12.213167 12.214461 12.215754 12.217046 12.218336 12.219624 12.22091 12.222194 12.223475 12.224754 12.22603 12.227302 12.228572 12.229837 12.231099 12.232358 12.233612 12.234861 12.236107 12.237347 12.238583 12.239814 12.24104 12.242261 12.243476 12.244686
12.167906 12.169271 12.170625 12.17197 12.173308 12.174639 12.175964 12.177285 12.178602 12.179917 12.181229 12.18254 12.183849 12.185158 12.186467 12.187776 12.189086 12.190396 12.191708 12.19302 12.194333 12.195648 12.196963 12.198279 12.199597 12.200915 12.202234 12.203554 12.204874 12.206194 12.207514 12.208834 12.210154 12.211473 12.212791 12.214108 12.215424 12.216738 12.21805 12.219361 12.220669 12.221974 12.223277 12.224577 12.225874 12.227168 12.228457 12.229744 12.231026 12.232304 12.233577 12.234846 12.23611 12.23737 12.238624 12.239873 12.241117 12.242355 12.243588 12.244814
12.166635 12.168032 12.169416 12.170791 12.172157 12.173516 12.174869 12.176217 12.177561 12.178901 12.180239 12.181576 12.182911 12.184245 12.18558 12.186914 12.188249 12.189585 12.190922 12.192259 12.193598 12.194937 12.196278 12.19762 12.198962 12.200306 12.20165 12.202994 12.204339 12.205684 12.207029 12.208373 12.209717 12.21106 12.212402 12.213743 12.215082 12.21642 12.217756 12.219089 12.22042 12.221748 12.223073 12.224395 12.225713 12.227028 12.228339 12.229646 12.230949 12.232247 12.23354 12.234829 12.236113 12.237391 12.238664 12.239932 12.241194 12.24245 12.2437 12.244944
12.165333 12.166761 12.168176 12.16958 12.170975 12.172362 12.173743 12.175118 12.176488 12.177855 12.17922 12.180582 12.181944 12.183304 12.184665 12.186026 12.187387 12.188748 12.190111 12.191475 12.192839 12.194205 12.195572 12.196939 12.198308 12.199677 12.201047 12.202417 12.203788 12.205158 12.206528 12.207898 12.209267 12.210635 12.212002 12.213367 12.214731 12.216092 12.217452 12.218809 12.220163 12.221514 12.222862 12.224206 12.225547 12.226884 12.228216 12.229545 12.230868 12.232187 12.233501 12.23481 12.236113 12.237411 12.238704 12.23999 12.241271 12.242545 12.243813 12.245075
12.163997 12.165457 12.166903 12.168337 12.169761 12.171176 12.172584 12.173986 12.175384 12.176778 12.178169 12.179559 12.180947 12.182334 12.183721 12.185109 12.186497 12.187885 12.189275 12.190665 12.192057 12.193449 12.194843 12.196237 12.197633 12.199029 12.200425 12.201822 12.203219 12.204616 12.206012 12.207408 12.208803 12.210196 12.211589 12.212979 12.214368 12.215754 12.217138 12.218519 12.219898 12.221272 12.222644 12.224011 12.225375 12.226734 12.228089 12.229439 12.230784 12.232125 12.233459 12.234789 12.236113 12.237431 12.238743 12.240049 12.241348 12.242641 12.243928 12.245208
12.162627 12.164118 12.165595 12.167058 12.168511 12.169955 12.171391 12.172821 12.174246 12.175668 12.177086 12.178503 12.179918 12.181333 12.182747 12.184162 12.185578 12.186994 12.188411 12.189829 12.191248 12.192669 12.19409 12.195513 12.196936 12.198359 12.199783 12.201208 12.202632 12.204056 12.20548 12.206902 12.208324 12.209744 12.211163 12.212579 12.213994 12.215406 12.216815 12.218221 12.219624 12.221023 12.222419 12.22381 12.225197 12.22658 12.227957 12.22933 12.230697 12.232059 12.233416 12.234766 12.236111 12.237449 12.238781 12.240107 12.241426 12.242738 12.244043 12.245342
12.161222 12.162744 12.164251 12.165744 12.167226 12.168698 12.170162 12.17162 12.173073 12.174522 12.175968 12.177413 12.178856 12.180299 12.181742 12.183185 12.184628 12.186073 12.187519 12.188966 12.190414 12.191863 12.193313 12.194764 12.196216 12.197668 12.199121 12.200574 12.202026 12.203479 12.20493 12.206381 12.20783 12.209278 12.210723 12.212167 12.213608 12.215046 12.216482 12.217914 12.219342 12.220766 12.222187 12.223602 12.225013 12.22642 12.227821 12.229216 12.230607 12.231991 12.233369 12.234741 12.236107 12.237466 12.238819 12.240165 12.241504 12.242836 12.24416 12.245477
12.159779 12.161333 12.162869 12.164391 12.165902 12.167403 12.168895 12.170381 12.171862 12.17334 12.174814 12.176287 12.177759 12.17923 12.180702 12.182174 12.183647 12.185121 12.186597 12.188073 12.189551 12.19103 12.19251 12.19399 12.195472 12.196954 12.198437 12.199919 12.201401 12.202882 12.204363 12.205842 12.20732 12.208796 12.21027 12.211742 12.21321 12.214676 12.216138 12.217596 12.219051 12.220501 12.221947 12.223388 12.224824 12.226254 12.22768 12.229099 12.230512 12.23192 12.23332 12.234715 12.236102 12.237483 12.238857 12.240223 12.241582 12.242934 12.244278 12.245614
12.158298 12.159881 12.161447 12.162999 12.164538 12.166067 12.167588 12.169102 12.170612 12.172118 12.173621 12.175123 12.176625 12.178126 12.179627 12.181129 12.182632 12.184137 12.185643 12.18715 12.188659 12.190168 12.191679 12.193191 12.194703 12.196216 12.19773 12.199242 12.200755 12.202267 12.203777 12.205287 12.206794 12.2083 12.209802 12.211303 12.2128 12.214293 12.215783 12.217269 12.218751 12.220228 12.2217 12.223167 12.224628 12.226084 12.227534 12.228977 12.230415 12.231845 12.233269 12.234686 12.236096 12.237499 12.238894 12.240281 12.241661 12.243033 12.244397 12.245753
12.156775 12.158389 12.159984 12.161564 12.163131 12.164689 12.166238 12.167781 12.16932 12.170855 12.172388 12.173919 12.175451 12.176982 12.178514 12.180048 12.181582 12.183118 12.184656 12.186195 12.187735 12.189277 12.19082 12.192364 12.193909 12.195454 12.196999 12.198544 12.200088 12.201631 12.203173 12.204713 12.206251 12.207787 12.20932 12.21085 12.212376 12.213899 12.215418 12.216932 12.218441 12.219946 12.221445 12.222938 12.224426 12.225908 12.227383 12.228851 12.230313 12.231768 12.233216 12.234656 12.236089 12.237514 12.238931 12.24034 12.241741 12.243133 12.244518 12.245894
12.15521 12.156851 12.158475 12.160083 12.161679 12.163265 12.164843 12.166415 12.167982 12.169547 12.17111 12.172673 12.174235 12.175798 12.177362 12.178927 12.180494 12.182063 12.183634 12.185206 12.18678 12.188355 12.189931 12.191509 12.193087 12.194665 12.196243 12.197821 12.199398 12.200974 12.202548 12.204121 12.205691 12.207258 12.208822 12.210383 12.21194 12.213492 12.215041 12.216584 12.218122 12.219655 12.221182 12.222703 12.224218 12.225726 12.227227 12.228721 12.230208 12.231688 12.23316 12.234624 12.23608 12.237528 12.238967 12.240398 12.241821 12.243235 12.24464 12.246036
12.153597 12.155267 12.156918 12.158554 12.160178 12.161792 12.163399 12.165 12.166598 12.168193 12.169787 12.17138 12.172975 12.17457 12.176167 12.177766 12.179367 12.180969 12.182574 12.184181 12.18579 12.1874 12.189011 12.190624 12.192236 12.193849 12.195462 12.197074 12.198686 12.200295 12.201903 12.203509 12.205112 12.206712 12.208308 12.209901 12.211489 12.213073 12.214652 12.216225 12.217793 12.219355 12.220911 12.22246 12.224003 12.225538 12.227066 12.228587 12.2301 12.231605 12.233101 12.23459 12.23607 12.237541 12.239004 12.240457 12.241902 12.243337 12.244764 12.246181
12.151936 12.153633 12.155311 12.156974 12.158625 12.160268 12.161903 12.163534 12.165162 12.166788 12.168414 12.17004 12.171667 12.173296 12.174928 12.176561 12.178197 12.179835 12.181476 12.183119 12.184764 12.18641 12.188058 12.189707 12.191356 12.193005 12.194654 12.196302 12.197949 12.199594 12.201237 12.202877 12.204515 12.206148 12.207778 12.209404 12.211025 12.212641 12.214251 12.215856 12.217454 12.219047 12.220632 12.22221 12.223781 12.225345 12.226901 12.228448 12.229988 12.231518 12.233041 12.234554 12.236059 12.237554 12.23904 12.240517 12.241984 12.243441 12.244889 12.246327
12.150222 12.151944 12.153648 12.155338 12.157017 12.158687 12.160352 12.162013 12.163672 12.16533 12.166988 12.168648 12.170309 12.171974 12.17364 12.17531 12.176983 12.178659 12.180337 12.182017 12.1837 12.185385 12.187071 12.188757 12.190444 12.192131 12.193818 12.195503 12.197187 12.198869 12.200548 12.202225 12.203898 12.205567 12.207231 12.208891 12.210546 12.212195 12.213838 12.215475 12.217105 12.218729 12.220344 12.221953 12.223553 12.225146 12.22673 12.228305 12.229872 12.231429 12.232978 12.234517 12.236046 12.237566 12.239076 12.240577 12.242067 12.243547 12.245017 12.246476
12.148451 12.150197 12.151926 12.153642 12.155348 12.157047 12.158741 12.160432 12.162123 12.163813 12.165506 12.1672 12.168898 12.170598 12.172303 12.17401 12.175722 12.177436 12.179154 12.180874 12.182597 12.184321 12.186047 12.187773 12.1895 12.191227 12.192952 12.194677 12.196399 12.19812 12.199837 12.201551 12.203261 12.204966 12.206667 12.208362 12.210052 12.211736 12.213413 12.215083 12.216746 12.218401 12.220048 12.221688 12.223319 12.224941 12.226554 12.228158 12.229752 12.231337 12.232913 12.234478 12.236033 12.237578 12.239113 12.240637 12.242151 12.243654 12.245146 12.246628
12.146618 12.148388 12.150141 12.151882 12.153615 12.155342 12.157066 12.158788 12.160511 12.162236 12.163963 12.165694 12.167429 12.169168 12.170911 12.172659 12.174411 12.176166 12.177925 12.179687 12.181451 12.183217 12.184985 12.186753 12.188521 12.190289 12.192056 12.193822 12.195585 12.197345 12.199102 12.200855 12.202603 12.204347 12.206085 12.207817 12.209543 12.211262 12.212974 12.214679 12.216375 12.218064 12.219744 12.221415 12.223077 12.22473 12.226373 12.228006 12.229629 12.231243 12.232845 12.234437 12.236019 12.23759 12.239149 12.240698 12.242236 12.243763 12.245278 12.246782
12.144719 12.14651 12.148286 12.150052 12.151812 12.153567 12.155321 12.157075 12.158832 12.160592 12.162356 12.164125 12.165899 12.167678 12.169462 12.171252 12.173046 12.174845 12.176647 12.178453 12.180261 12.182071 12.183883 12.185695 12.187507 12.189319 12.191129 12.192936 12.194742 12.196544 12.198342 12.200135 12.201924 12.203707 12.205484 12.207254 12.209018 12.210774 12.212522 12.214263 12.215994 12.217717 12.21943 12.221134 12.222829 12.224513 12.226187 12.22785 12.229503 12.231145 12.232776 12.234396 12.236004 12.237601 12.239187 12.24076 12.242323 12.243873 12.245412 12.246939
12.142748 12.144559 12.146357 12.148147 12.149932 12.151716 12.153501 12.155288 12.15708 12.158877 12.160679 12.162488 12.164303 12.166125 12.167953 12.169787 12.171626 12.17347 12.175318 12.17717 12.179025 12.180882 12.182739 12.184598 12.186456 12.188313 12.190168 12.19202 12.19387 12.195715 12.197556 12.199392 12.201223 12.203047 12.204864 12.206675 12.208477 12.210271 12.212057 12.213834 12.215602 12.21736 12.219108 12.220846 12.222573 12.22429 12.225996 12.22769 12.229373 12.231045 12.232705 12.234353 12.235989 12.237612 12.239224 12.240824 12.242411 12.243986 12.245548 12.247098
12.140699 12.142527 12.144346 12.146159 12.147971 12.149784 12.1516 12.153422 12.155249 12.157085 12.158927 12.160778 12.162637 12.164504 12.166378 12.168259 12.170146 12.172038 12.173935 12.175836 12.17774 12.179645 12.181552 12.183459 12.185365 12.18727 12.189172 12.191072 12.192967 12.194859 12.196745 12.198625 12.200499 12.202366 12.204225 12.206077 12.20792 12.209754 12.211579 12.213394 12.215199 12.216993 12.218777 12.22055 12.222311 12.224061 12.2258 12.227526 12.22924 12.230942 12.232631 12.234308 12.235972 12.237624 12.239263 12.240888 12.242501 12.244101 12.245688 12.247261
12.138564 12.140407 12.142245 12.144081 12.14592 12.147762 12.149611 12.151468 12.153334 12.15521 12.157096 12.158991 12.160897 12.162811 12.164734 12.166665 12.168603 12.170546 12.172495 12.174447 12.176403 12.17836 12.180319 12.182277 12.184234 12.186189 12.188141 12.19009 12.192034 12.193973 12.195906 12.197832 12.199751 12.201663 12.203566 12.20546 12.207345 12.209221 12.211086 12.21294 12.214784 12.216616 12.218437 12.220246 12.222043 12.223827 12.225599 12.227358 12.229104 12.230837 12.232557 12.234263 12.235956 12.237636 12.239302 12.240954 12.242593 12.244218 12.24583 12.247428
12.136334 12.138191 12.140047 12.141906 12.143771 12.145644 12.147527 12.149421 12.151327 12.153246 12.155177 12.157121 12.159075 12.161041 12.163016 12.165 12.166992 12.16899 12.170994 12.173002 12.175012 12.177024 12.179037 12.181049 12.18306 12.185068 12.187073 12.189073 12.191068 12.193057 12.195039 12.197013 12.19898 12.200938 12.202887 12.204826 12.206754 12.208672 12.210579 12.212474 12.214358 12.216229 12.218088 12.219934 12.221767 12.223587 12.225393 12.227185 12.228964 12.230729 12.23248 12.234217 12.23594 12.237648 12.239342 12.241022 12.242687 12.244338 12.245975 12.247598
12.134001 12.135869 12.137742 12.139623 12.141515 12.143419 12.145338 12.147272 12.149221 12.151186 12.153166 12.15516 12.157168 12.159188 12.16122 12.163261 12.165311 12.167367 12.169429 12.171496 12.173565 12.175635 12.177706 12.179775 12.181842 12.183906 12.185966 12.18802 12.190068 12.19211 12.194143 12.196168 12.198184 12.20019 12.202186 12.204172 12.206145 12.208108 12.210058 12.211995 12.21392 12.215832 12.21773 12.219614 12.221484 12.22334 12.225182 12.227009 12.228822 12.23062 12.232402 12.23417 12.235923 12.237661 12.239384 12.241091 12.242784 12.244461 12.246124 12.247771
