WatsonE12E13/OpenEM/OpenEM_mag.asc
NCOLS 499
NROWS 370
XLLCORNER 149.806
YLLCORNER -30.2864
CELLSIZE 1e-05
NODATA_VALUE -9999
[rows 192 to 215 of 370, columns 378 to 431 of 499]
-0.064008525 -0.0099512332 0.024308614 0.037707862 0.039319158 0.043181511 0.058346008 0.086622673 0.11797774 0.12684099 0.099003663 0.053588619 0.012034053 -0.018337192 -0.036515997 -0.044295585 -0.047321822 -0.050649543 -0.05676061 -0.067476246 -0.084988957 -0.11158153 -0.14619916 -0.17552259 -0.17620467 -0.14853885 -0.1156385 -0.089638857 -0.070369348 -0.054732162 -0.040299084 -0.02640897 -0.016613554 -0.016212737 -0.020286607 -0.023205291 -0.025085298 -0.02665094 -0.027242389 -0.02578484 -0.022681715 -0.019228967 -0.016204336 -0.013787476 -0.011913395 -0.010463356 -0.0093253224 -0.0084072563 -0.0076372056 -0.0069602391 -0.0063350838 -0.005731292 -0.0051270645 -0.0045075923
-0.044057523 0.043731772 0.099037524 0.10483533 0.082572238 0.065086098 0.060597904 0.064865251 0.069866821 0.065849738 0.047916151 0.020720164 -0.0072137061 -0.029606972 -0.043719963 -0.05030035 -0.052372746 -0.053308035 -0.055750886 -0.061412507 -0.07123521 -0.085145391 -0.10073602 -0.1118538 -0.11166752 -0.10025984 -0.084211003 -0.068787085 -0.055338369 -0.043078054 -0.030531288 -0.016505581 -0.0050088609 -0.0073198021 -0.015535423 -0.02082601 -0.025134188 -0.03023148 -0.033719196 -0.031314568 -0.02527687 -0.01968399 -0.015583312 -0.012723209 -0.010727826 -0.0093131478 -0.008281384 -0.0074952838 -0.0068590506 -0.0063052839 -0.0057862515 -0.0052683408 -0.0047285981 -0.0041524448
-0.0055253502 0.12942525 0.2326009 0.21280014 0.13647582 0.09043213 0.070464412 0.060515197 0.051674345 0.038940666 0.019756841 -0.0052317988 -0.032481552 -0.056172501 -0.069718995 -0.071125492 -0.065499666 -0.059193939 -0.055568882 -0.055552569 -0.058882334 -0.064490312 -0.070352842 -0.073708635 -0.072507921 -0.067016701 -0.059198568 -0.050767168 -0.042404386 -0.034026986 -0.025114288 -0.015278215 -0.0074328948 -0.0087868591 -0.014790787 -0.019828271 -0.026090392 -0.037036654 -0.047454916 -0.040963682 -0.028322501 -0.019734205 -0.014584982 -0.011435214 -0.0094562076 -0.0081820502 -0.0073319996 -0.0067298871 -0.0062626012 -0.0058552254 -0.0054565558 -0.0050314551 -0.0045568495 -0.0040192719
0.032678287 0.19356457 0.34834548 0.29794261 0.17138196 0.11182801 0.087847331 0.070182371 0.050826102 0.029087489 0.0034687395 -0.028269339 -0.06688842 -0.1059134 -0.12544749 -0.11377849 -0.089019323 -0.068689143 -0.056321037 -0.050250473 -0.048312499 -0.04853227 -0.049030418 -0.048311175 -0.045997252 -0.042865066 -0.039524318 -0.035795894 -0.031466055 -0.026623013 -0.021479492 -0.01649804 -0.013118774 -0.013108218 -0.015451611 -0.018794832 -0.02470285 -0.038047289 -0.055376407 -0.043967333 -0.027192978 -0.017856679 -0.012709218 -0.0097682759 -0.0080793797 -0.0071090593 -0.0065379553 -0.0061771051 -0.0059136656 -0.0056746412 -0.0054090926 -0.0050816215 -0.0046697427 -0.0041619334
0.042865019 0.15827214 0.25797047 0.23358105 0.15954179 0.13048696 0.12066986 0.096511462 0.062705996 0.029229975 -0.0054345493 -0.048557191 -0.10985741 -0.18889634 -0.23092962 -0.1853116 -0.1207247 -0.079066968 -0.056473216 -0.044748599 -0.038823006 -0.035597283 -0.032900884 -0.02943842 -0.025625571 -0.023499739 -0.02342925 -0.023362878 -0.022134891 -0.019964118 -0.017448827 -0.015209824 -0.01390195 -0.013974405 -0.015225669 -0.017081995 -0.019524644 -0.023468734 -0.028387814 -0.02617104 -0.019348451 -0.013635842 -0.0099050289 -0.007781668 -0.0067101204 -0.0062216531 -0.0060145245 -0.0059342748 -0.0058981946 -0.0058445283 -0.0057223458 -0.0054945378 -0.0051388946 -0.0046465459
0.036502335 0.097111122 0.14201383 0.14702577 0.14147927 0.16766438 0.18793499 0.14261764 0.082198317 0.034558268 -0.0080370925 -0.059741869 -0.14033003 -0.26487175 -0.34089638 -0.24874289 -0.14187056 -0.082771124 -0.052978684 -0.037626324 -0.029412475 -0.024440632 -0.020129638 -0.014706027 -0.0086697535 -0.0067858375 -0.010140966 -0.013300917 -0.014313805 -0.01392385 -0.013026716 -0.012293659 -0.012282596 -0.013403502 -0.015487556 -0.017039197 -0.015781047 -0.010406341 -0.0052177778 -0.010136234 -0.01087561 -0.0086308258 -0.0067140737 -0.0058201784 -0.0056596986 -0.0057759818 -0.0059363625 -0.0061208214 -0.0063162816 -0.0064621937 -0.006493262 -0.0063646919 -0.0060536917 -0.0055550966
0.033905108 0.065446714 0.090457866 0.10744397 0.13470074 0.20053352 0.24537516 0.17421445 0.093384749 0.038679051 -0.005427557 -0.055163396 -0.12756292 -0.22966945 -0.2872725 -0.21743983 -0.12722849 -0.072437486 -0.043135323 -0.027527289 -0.019132993 -0.014220391 -0.010141149 -0.0046520872 0.0026682048 0.0046952181 -0.0012111356 -0.0060504453 -0.0081384833 -0.00877722 -0.0088847785 -0.009110664 -0.010235556 -0.013324384 -0.019016741 -0.024251977 -0.020675444 -0.009841264 -0.0047059056 -0.0055317975 -0.0050147311 -0.0039932532 -0.0037429915 -0.0044361302 -0.0054959839 -0.0061755946 -0.0064882998 -0.0068376198 -0.007271684 -0.0076454999 -0.0078446064 -0.0078124814 -0.007527689 -0.0069908753
0.041407192 0.057882181 0.072126174 0.0876141 0.11461065 0.16153104 0.18682646 0.14202126 0.082389178 0.036960984 -0.00036410883 -0.039176369 -0.086568681 -0.13830009 -0.16212027 -0.13385134 -0.086597753 -0.049705339 -0.026592543 -0.013581298 -0.0070445615 -0.0039820635 -0.0020263671 0.00058379882 0.0043424702 0.0053943565 0.001847258 -0.0015152521 -0.0035796078 -0.0048816748 -0.0057249894 -0.0064623237 -0.0081977677 -0.013471362 -0.026597412 -0.047058896 -0.043547213 -0.016574329 -0.0043069913 -0.00053499054 0.00086163657 0.00053837972 -0.0012444637 -0.0041466351 -0.0069417515 -0.0077703233 -0.0076516818 -0.0081103097 -0.0088904413 -0.0095563824 -0.0099401373 -0.0099954149 -0.0097084699 -0.0090867874
0.062245074 0.067201274 0.069398902 0.074646945 0.087148391 0.10500344 0.11120697 0.091962981 0.060846945 0.031254343 0.0045909768 -0.021708367 -0.048797521 -0.072255263 -0.080992476 -0.069007095 -0.045278929 -0.0217689 -0.0043952611 0.0051291238 0.0080556009 0.0075736113 0.006327461 0.0054988506 0.0052611228 0.0049385711 0.0037712871 0.0018985463 -0.00043199672 -0.0029068458 -0.0047822776 -0.0054696784 -0.0061133743 -0.010746822 -0.027317344 -0.062169597 -0.059519084 -0.012351565 0.0072136277 0.010357017 0.0087634937 0.0055115074 0.0011187824 -0.0043162147 -0.0091157748 -0.0095220154 -0.0089187006 -0.010036756 -0.011444578 -0.012445682 -0.01299959 -0.013122024 -0.012793208 -0.012018626
0.10611076 0.094891332 0.078061119 0.068152915 0.066660817 0.069309055 0.068399392 0.058857815 0.043085876 0.025647793 0.0085811959 -0.0077773871 -0.022658495 -0.033373114 -0.035850119 -0.028059452 -0.012271943 0.006909828 0.02358463 0.03069541 0.027596592 0.021275774 0.016197464 0.012870303 0.010766905 0.0093561187 0.0078712523 0.0053538782 0.0011494197 -0.004474731 -0.0092256868 -0.0094930474 -0.0056616835 -0.0037118959 -0.0095653403 -0.020745146 -0.0060426201 0.030544382 0.03725438 0.027952409 0.018648431 0.01107098 0.0041350935 -0.0026557002 -0.0078198034 -0.0090993657 -0.010575531 -0.013446544 -0.015501051 -0.01662482 -0.017283531 -0.017473308 -0.017058897 -0.016027597
0.19457239 0.14586179 0.094197792 0.065004475 0.052523694 0.048253092 0.045370541 0.039993296 0.031696657 0.021835277 0.011709024 0.0022204659 -0.005593645 -0.010121837 -0.0094386386 -0.0021588846 0.012253421 0.033739916 0.057477821 0.065057835 0.051132906 0.035934608 0.026750062 0.021635383 0.018522476 0.016185981 0.013525063 0.0090750474 0.00095356156 -0.012252779 -0.026602733 -0.027647109 -0.012017685 0.0033377316 0.012316606 0.025534216 0.064977717 0.10737633 0.081503854 0.047590351 0.028345436 0.016538603 0.007646418 0.00024900792 -0.0054014918 -0.0096974687 -0.01501394 -0.019810729 -0.021426708 -0.022151899 -0.023071792 -0.023485677 -0.022932308 -0.021456456
0.31717971 0.19935536 0.10200113 0.055045212 0.036820074 0.031853865 0.030583645 0.02852766 0.024674017 0.019577927 0.014146649 0.0092316316 0.005700268 0.0045773848 0.00702582 0.014302913 0.028180559 0.051665304 0.083397494 0.093456027 0.068848971 0.047260168 0.036130706 0.030440849 0.026976225 0.024077617 0.020391601 0.013929083 0.0009305932 -0.025343181 -0.066007228 -0.074701968 -0.027985491 0.0092696383 0.028243598 0.04804278 0.088617886 0.12759977 0.096164685 0.056686192 0.034387114 0.020709269 0.010517822 0.0021025936 -0.0051078418 -0.012410834 -0.021518759 -0.027833689 -0.027394039 -0.028563777 -0.031014247 -0.032054032 -0.031124321 -0.028786112
0.29334601 0.17939406 0.075437241 0.023228528 0.0097225397 0.013349782 0.01836843 0.020472903 0.020002678 0.018121858 0.015877679 0.014071302 0.013352586 0.014355391 0.017788912 0.024552242 0.036047165 0.054284334 0.077142414 0.084263365 0.067791976 0.052088392 0.043509003 0.038908394 0.035847795 0.032926221 0.028908392 0.021785089 0.007059393 -0.0259361 -0.089595767 -0.10945075 -0.025113514 0.026401706 0.043545561 0.054935367 0.072906436 0.08642543 0.074600354 0.053246553 0.036328327 0.023324372 0.012203408 0.0023141234 -0.0061979311 -0.014185054 -0.023798045 -0.029619313 -0.030774775 -0.037400075 -0.043681985 -0.045167553 -0.04273914 -0.038600172
0.16210729 0.098872486 0.014675796 -0.040621115 -0.034520632 -0.0082894081 0.0076370734 0.01438378 0.01647696 0.016702556 0.016628015 0.017087845 0.018495901 0.021117759 0.025249819 0.031289469 0.03970784 0.050561907 0.061313407 0.065114962 0.060418701 0.054313916 0.050216233 0.047609277 0.045460313 0.042988128 0.039452506 0.033698398 0.023380044 0.0042005682 -0.022952353 -0.012060769 0.05201168 0.073178623 0.067140256 0.062610243 0.063950661 0.065172629 0.059821416 0.049472805 0.037821698 0.025760923 0.01324802 0.0008748324 -0.0090962295 -0.014946116 -0.02230453 -0.030660694 -0.041151646 -0.057490472 -0.067960325 -0.066407695 -0.058931864 -0.051329069
0.084469165 0.042070599 -0.030926549 -0.094069642 -0.068873865 -0.022262566 0.0011887297 0.010287042 0.013266235 0.014326556 0.015639571 0.018050568 0.02154993 0.025883703 0.030928265 0.036709153 0.043215744 0.050043243 0.055920691 0.059127843 0.059563756 0.058891048 0.058192 0.057458077 0.056327523 0.05449836 0.051823232 0.048363424 0.044797473 0.04455355 0.061506099 0.12565322 0.18724244 0.14444389 0.096456199 0.074190625 0.065896166 0.062355178 0.058469773 0.052232472 0.042922602 0.030403449 0.015403698 -0.0006883594 -0.013706674 -0.016310625 -0.022331686 -0.039534252 -0.067788116 -0.10327905 -0.11663601 -0.099740824 -0.079217498 -0.066776971
0.052839156 0.024214684 -0.022025156 -0.060758165 -0.048074369 -0.016709159 0.001297015 0.0078816897 0.0089591287 0.009004606 0.01107494 0.015911901 0.022365076 0.029166899 0.035762244 0.042078999 0.048130182 0.053762045 0.058599585 0.06230337 0.064946812 0.066894155 0.068326672 0.069105255 0.068946166 0.067693 0.065599059 0.063609416 0.064020199 0.072539139 0.10303199 0.17586248 0.23487389 0.17510056 0.11244407 0.083326261 0.071904294 0.068189611 0.067037966 0.064242157 0.055643789 0.040242244 0.021180812 0.0022338302 -0.011900572 -0.01602787 -0.025024945 -0.052230957 -0.10621327 -0.18373428 -0.20069232 -0.1410832 -0.09804979 -0.084487588
0.043070537 0.025684446 0.0030436189 -0.013772929 -0.012621603 -0.0019422674 0.0050899238 0.0052692544 0.000591523 -0.0036899422 -0.0012146579 0.0084707485 0.02045376 0.031326931 0.040395462 0.048000868 0.054564936 0.060341959 0.065435445 0.069895688 0.073787161 0.077194269 0.080202399 0.082628927 0.083786084 0.083090744 0.080884818 0.078636537 0.07896097 0.086209615 0.10707369 0.14414625 0.16775674 0.14305148 0.10750741 0.086486046 0.07825285 0.078886141 0.085554107 0.091359328 0.083367975 0.058968948 0.030942037 0.0086923908 -0.005785787 -0.014969658 -0.02875154 -0.059952618 -0.12518683 -0.22787161 -0.24830789 -0.15679619 -0.10580635 -0.10605321
0.042358317 0.031763897 0.020342833 0.011926467 0.0094473782 0.010228401 0.0086690529 0.00045922234 -0.015854441 -0.032132031 -0.028893858 -0.0068823837 0.01600141 0.03317731 0.045561184 0.054907805 0.06240993 0.068766646 0.074356574 0.079295953 0.083457124 0.086971401 0.091256123 0.09702001 0.10149704 0.10198014 0.098785887 0.094383774 0.091738811 0.093603355 0.10187212 0.11437273 0.12050301 0.11194109 0.097075808 0.086413274 0.083920807 0.092223168 0.1151044 0.14547793 0.14068146 0.088863723 0.039125935 0.0098802016 -0.0049504056 -0.014800667 -0.028181339 -0.053798452 -0.10034963 -0.15964681 -0.17048716 -0.1236769 -0.10002779 -0.11946482
0.045147253 0.038148974 0.031415752 0.026020364 0.022415814 0.01897353 0.011933522 -0.0045113901 -0.037596198 -0.078193751 -0.072735168 -0.026104638 0.012489941 0.036716456 0.052350902 0.063344096 0.071741869 0.07860581 0.084416323 0.088989949 0.091046692 0.089754948 0.093478672 0.10959719 0.12425893 0.12760559 0.12166218 0.11261216 0.10508693 0.10115878 0.10095775 0.10255698 0.10219292 0.097539273 0.090712332 0.085989651 0.08766528 0.10223716 0.14287008 0.21513785 0.22079541 0.11259718 0.027813123 -0.0074254138 -0.015624364 -0.017709719 -0.023929151 -0.038551046 -0.062255644 -0.086474146 -0.09256068 -0.081613102 -0.07922281 -0.091862437
0.049470372 0.044476088 0.039864077 0.035760688 0.03189748 0.026894039 0.017628373 -0.0018854819 -0.040777758 -0.090644627 -0.08405729 -0.02723051 0.01754244 0.044764066 0.062027473 0.073965842 0.082876977 0.089934882 0.095576645 0.099072939 0.096705341 0.082127971 0.07992137 0.12403396 0.16226319 0.16808088 0.15319037 0.13471943 0.12030745 0.11095039 0.10537847 0.10169745 0.098031461 0.093447176 0.088654265 0.085713169 0.087845737 0.10094006 0.13643269 0.19777726 0.19551147 0.068778847 -0.039041432 -0.063843437 -0.043947251 -0.02559316 -0.019128412 -0.022280573 -0.031182839 -0.040334796 -0.044534258 -0.045612144 -0.050726584 -0.060053839
0.054914214 0.051176735 0.047679153 0.044314107 0.04070697 0.035808251 0.027472229 0.012086984 -0.0136929 -0.04018087 -0.03485268 0.00050496291 0.034546586 0.05867992 0.075397756 0.087382655 0.096320302 0.10326518 0.10865668 0.11186574 0.10972294 0.09772904 0.10476546 0.1800415 0.24682196 0.23834364 0.19579801 0.15984679 0.13675769 0.12269686 0.11365789 0.10687964 0.10077492 0.094813007 0.089382969 0.085568613 0.085049643 0.090241295 0.10301551 0.1137329 0.078292874 -0.042758095 -0.17765402 -0.16508192 -0.083392306 -0.034317332 -0.013608828 -0.0070954194 -0.0066643946 -0.0076462641 -0.0085470718 -0.012056103 -0.022407005 -0.04136195
0.061728662 0.058790416 0.055875462 0.052980982 0.049904871 0.046036822 0.040288902 0.03141685 0.019775228 0.011427906 0.016764082 0.035630159 0.057803048 0.077152889 0.092475657 0.10403269 0.11263856 0.11934572 0.12471896 0.12887805 0.1325677 0.14136866 0.18112172 0.29363046 0.39553046 0.33337187 0.2389329 0.18216471 0.15213137 0.13565209 0.12508684 0.11636834 0.10786079 0.099518546 0.091991883 0.085982854 0.081926472 0.079556681 0.076168501 0.061805679 0.013940209 -0.094835689 -0.22646604 -0.19991896 -0.093919453 -0.031831049 -0.0039223199 0.008408741 0.015095739 0.021187065 0.027195061 0.027093703 0.012868784 -0.014428157
0.070591241 0.067946541 0.0650417 0.062255104 0.059683073 0.057075114 0.053997513 0.05025631 0.046760881 0.046348526 0.052367404 0.06501054 0.081215011 0.097882132 0.11274132 0.12403137 0.13206286 0.13886494 0.1448623 0.14968198 0.15605586 0.1732551 0.22234499 0.33263835 0.43114229 0.35682746 0.25204316 0.19311401 0.16448106 0.15029047 0.1409327 0.13100395 0.11914948 0.10682346 0.095877057 0.08714876 0.08030337 0.073854062 0.064531013 0.045897341 0.0078435656 -0.056881979 -0.12056318 -0.11233789 -0.055683255 -0.011840712 0.012140315 0.025329071 0.035728371 0.049584182 0.069622691 0.083409859 0.064929547 0.025142096
0.08282411 0.079511455 0.075587367 0.072247506 0.069887408 0.068367017 0.067421029 0.067022325 0.06772881 0.070773829 0.077449664 0.088140386 0.10223759 0.1186391 0.13485194 0.14612587 0.15301794 0.1620942 0.171705 0.17656263 0.17876124 0.18853293 0.21882226 0.27482853 0.31626893 0.28629316 0.23009753 0.19253859 0.17546694 0.17018705 0.16620069 0.15494758 0.13621703 0.11618958 0.099779111 0.088112826 0.079863065 0.072652438 0.063555857 0.049110401 0.026153291 -0.0040510374 -0.027824081 -0.025965901 -0.0039287071 0.018271927 0.033097822 0.043058481 0.053883112 0.073650655 0.11261017 0.15579882 0.12731428 0.060291311
