WatsonE12E13/1mHCPmag.asc
NCOLS 600
NROWS 370
XLLCORNER 149.806
YLLCORNER -30.2864
CELLSIZE 1e-05
NODATA_VALUE -9999
[rows 275 to 299 of 370, columns 456 to 512 of 600]
0.56009449 0.55988017 0.55966646 0.55945318 0.55924021 0.55902744 0.55881484 0.55860239 0.55839012 0.55817806 0.5579663 0.55775492 0.55754404 0.55733378 0.55712428 0.55691569 0.55670816 0.55650185 0.55629692 0.55609352 0.55589181 0.55569194 0.55549407 0.55529834 0.55510488 0.55491382 0.55472529 0.5545394 0.55435625 0.55417595 0.55399856 0.55382418 0.55365287 0.55348469 0.5533197 0.55315793 0.55299942 0.5528442 0.55269229 0.5525437 0.55239844 0.55225651 0.55211791 0.55198262 0.55185063 0.55172191 0.55159646 0.55147423 0.55135519 0.55123932 0.55112657 0.55101691 0.55091028 0.55080666 0.55070598 0.55060821 0.5505133
0.55955756 0.55935571 0.55915448 0.55895368 0.55875318 0.55855291 0.5583528 0.55815282 0.557953 0.55775337 0.55755398 0.55735492 0.55715627 0.55695816 0.5567607 0.55656402 0.55636826 0.55617357 0.55598009 0.55578795 0.55559732 0.55540833 0.55522111 0.55503581 0.55485255 0.55467146 0.55449265 0.55431623 0.5541423 0.55397095 0.55380227 0.55363634 0.55347322 0.55331298 0.55315567 0.55300133 0.55285 0.55270171 0.5525565 0.55241436 0.55227533 0.55213939 0.55200656 0.55187682 0.55175017 0.5516266 0.55150607 0.55138858 0.5512741 0.5511626 0.55105404 0.55094839 0.55084562 0.55074569 0.55064856 0.55055418 0.55046251
0.55904645 0.55885628 0.55866673 0.55847761 0.55828881 0.55810022 0.55791179 0.5577235 0.55753533 0.55734733 0.55715953 0.556972 0.55678483 0.55659811 0.55641194 0.55622645 0.55604176 0.55585799 0.55567528 0.55549377 0.55531358 0.55513485 0.5549577 0.55478226 0.55460866 0.55443701 0.55426742 0.55409999 0.55393482 0.553772 0.55361162 0.55345375 0.55329845 0.5531458 0.55299583 0.55284861 0.55270417 0.55256255 0.55242376 0.55228784 0.5521548 0.55202464 0.55189738 0.55177301 0.55165153 0.55153293 0.55141719 0.5513043 0.55119424 0.55108698 0.5509825 0.55088077 0.55078175 0.55068543 0.55059175 0.55050068 0.5504122
0.55855973 0.55838052 0.55820191 0.55802374 0.55784589 0.55766825 0.55749076 0.55731341 0.55713617 0.55695906 0.55678213 0.55660542 0.556429 0.55625297 0.55607741 0.55590243 0.55572814 0.55555465 0.55538209 0.55521058 0.55504025 0.5548712 0.55470357 0.55453746 0.55437301 0.5542103 0.55404946 0.55389057 0.55373373 0.55357903 0.55342655 0.55327636 0.55312854 0.55298313 0.5528402 0.5526998 0.55256196 0.55242673 0.55229413 0.55216418 0.55203691 0.55191232 0.55179044 0.55167125 0.55155476 0.55144097 0.55132987 0.55122144 0.55111566 0.55101253 0.55091201 0.55081409 0.55071874 0.55062593 0.55053562 0.5504478 0.55036241
0.55809608 0.55792715 0.55775882 0.55759091 0.55742332 0.55725594 0.55708872 0.55692162 0.55675462 0.55658773 0.55642099 0.55625443 0.55608811 0.55592212 0.55575652 0.55559142 0.55542692 0.55526311 0.55510012 0.55493804 0.554777 0.5546171 0.55445846 0.55430119 0.55414539 0.55399116 0.55383862 0.55368784 0.55353892 0.55339195 0.55324699 0.55310414 0.55296344 0.55282496 0.55268876 0.55255489 0.55242338 0.55229428 0.55216761 0.55204341 0.55192169 0.55180248 0.55168577 0.55157159 0.55145993 0.55135079 0.55124417 0.55114006 0.55103845 0.55093932 0.55084266 0.55074844 0.55065665 0.55056726 0.55048024 0.55039558 0.55031322
0.55765428 0.557495 0.5573363 0.55717804 0.55702007 0.55686233 0.55670474 0.55654725 0.55638986 0.55623257 0.55607539 0.55591836 0.55576153 0.55560496 0.55544874 0.55529293 0.55513764 0.55498295 0.55482897 0.55467579 0.55452352 0.55437226 0.55422212 0.5540732 0.5539256 0.55377942 0.55363475 0.55349167 0.55335028 0.55321066 0.55307288 0.55293701 0.55280312 0.55267126 0.55254149 0.55241387 0.55228843 0.55216521 0.55204424 0.55192556 0.55180918 0.55169514 0.55158343 0.55147407 0.55136707 0.55126243 0.55116015 0.55106023 0.55096265 0.5508674 0.55077448 0.55068386 0.55059554 0.55050948 0.55042567 0.55034408 0.55026469
0.55723317 0.55708297 0.55693333 0.55678411 0.55663519 0.55648649 0.55633794 0.55618949 0.55604112 0.55589283 0.55574463 0.55559655 0.55544864 0.55530095 0.55515353 0.55500648 0.55485985 0.55471375 0.55456826 0.55442348 0.55427949 0.5541364 0.55399431 0.55385329 0.55371346 0.5535749 0.5534377 0.55330194 0.55316771 0.55303508 0.55290413 0.55277492 0.55264752 0.55252199 0.55239838 0.55227673 0.5521571 0.55203952 0.55192402 0.55181064 0.55169941 0.55159033 0.55148344 0.55137874 0.55127624 0.55117594 0.55107786 0.55098198 0.55088831 0.55079683 0.55070754 0.55062042 0.55053546 0.55045265 0.55037196 0.55029337 0.55021686
0.55683171 0.55669003 0.55654891 0.55640819 0.55626778 0.55612757 0.55598751 0.55584754 0.55570765 0.55556782 0.55542807 0.55528841 0.55514888 0.55500953 0.55487041 0.55473159 0.55459313 0.55445513 0.55431765 0.55418079 0.55404463 0.55390926 0.55377477 0.55364124 0.55350877 0.55337743 0.55324732 0.55311851 0.55299109 0.55286512 0.55274067 0.55261781 0.55249661 0.55237711 0.55225938 0.55214345 0.55202938 0.55191721 0.55180697 0.55169868 0.55159238 0.5514881 0.55138584 0.55128562 0.55118746 0.55109136 0.55099733 0.55090537 0.55081548 0.55072765 0.55064188 0.55055816 0.55047647 0.55039681 0.55031915 0.55024349 0.5501698
0.55644889 0.55631524 0.55618212 0.55604941 0.55591699 0.55578477 0.55565268 0.5555207 0.55538877 0.5552569 0.55512508 0.55499334 0.5548617 0.5547302 0.55459889 0.55446783 0.55433707 0.5542067 0.55407679 0.55394741 0.55381864 0.55369056 0.55356326 0.55343682 0.55331132 0.55318684 0.55306346 0.55294125 0.5528203 0.55270066 0.5525824 0.5524656 0.5523503 0.55223657 0.55212446 0.55201401 0.55190527 0.55179828 0.55169307 0.55158967 0.55148812 0.55138844 0.55129064 0.55119475 0.55110077 0.55100872 0.55091861 0.55083044 0.5507442 0.55065991 0.55057755 0.55049712 0.55041861 0.55034201 0.5502673 0.55019448 0.55012353
0.5560838 0.5559577 0.55583212 0.55570693 0.55558203 0.55545732 0.55533275 0.55520826 0.55508383 0.55495944 0.5548351 0.5547108 0.55458659 0.55446248 0.55433852 0.55421477 0.55409128 0.55396811 0.55384533 0.55372301 0.55360123 0.55348005 0.55335956 0.55323983 0.55312094 0.55300296 0.55288596 0.55277003 0.55265522 0.55254161 0.55242925 0.55231822 0.55220856 0.55210033 0.55199359 0.55188838 0.55178473 0.5516827 0.55158232 0.55148362 0.55138663 0.55129137 0.55119786 0.55110613 0.55101619 0.55092805 0.55084172 0.55075721 0.55067451 0.55059364 0.55051459 0.55043735 0.55036192 0.55028829 0.55021645 0.5501464 0.55007811
0.55573557 0.55561659 0.55549811 0.55538 0.55526217 0.55514453 0.55502702 0.5549096 0.55479222 0.55467488 0.55455756 0.55444028 0.55432305 0.55420591 0.55408889 0.55397203 0.55385538 0.55373901 0.55362297 0.55350732 0.55339214 0.55327749 0.55316344 0.55305006 0.55293743 0.55282562 0.55271468 0.5526047 0.55249574 0.55238786 0.55228112 0.55217559 0.5520713 0.55196833 0.55186672 0.55176651 0.55166775 0.55157047 0.55147472 0.55138052 0.55128791 0.5511969 0.55110753 0.5510198 0.55093375 0.55084937 0.55076669 0.55068571 0.55060644 0.55052888 0.55045302 0.55037887 0.55030643 0.55023569 0.55016664 0.55009927 0.55003358
0.5554034 0.55529112 0.55517932 0.55506788 0.55495672 0.55484573 0.55473488 0.5546241 0.55451336 0.55440265 0.55429195 0.55418127 0.55407064 0.55396005 0.55384956 0.5537392 0.55362902 0.55351906 0.55340938 0.55330004 0.55319109 0.55308262 0.55297467 0.55286731 0.55276062 0.55265465 0.55254947 0.55244515 0.55234174 0.55223932 0.55213793 0.55203763 0.55193847 0.55184052 0.55174381 0.55164838 0.55155429 0.55146157 0.55137025 0.55128037 0.55119195 0.55110503 0.55101963 0.55093576 0.55085345 0.55077271 0.55069355 0.55061598 0.55054001 0.55046565 0.55039289 0.55032173 0.55025219 0.55018425 0.5501179 0.55005314 0.54998997
0.55508653 0.55498056 0.55487506 0.55476991 0.55466501 0.5545603 0.55445571 0.55435119 0.5542467 0.55414224 0.55403778 0.55393332 0.55382889 0.5537245 0.55362017 0.55351594 0.55341185 0.55330794 0.55320427 0.55310089 0.55299785 0.55289521 0.55279303 0.55269138 0.55259031 0.55248989 0.55239017 0.55229123 0.5521931 0.55209587 0.55199957 0.55190426 0.55181 0.55171682 0.55162479 0.55153394 0.55144432 0.55135595 0.55126888 0.55118314 0.55109876 0.55101576 0.55093418 0.55085402 0.55077531 0.55069807 0.5506223 0.55054803 0.55047525 0.55040397 0.55033421 0.55026596 0.55019922 0.55013398 0.55007026 0.55000804 0.54994731
0.55478425 0.55468424 0.55458467 0.55448544 0.55438646 0.55428765 0.55418895 0.55409033 0.55399174 0.55389315 0.55379457 0.55369598 0.5535974 0.55349884 0.55340032 0.55330188 0.55320354 0.55310535 0.55300736 0.55290961 0.55281215 0.55271504 0.55261833 0.55252208 0.55242634 0.55233118 0.55223665 0.55214281 0.55204971 0.55195741 0.55186595 0.5517754 0.5516858 0.55159719 0.55150963 0.55142315 0.5513378 0.5512536 0.5511706 0.55108883 0.55100832 0.55092909 0.55085117 0.55077458 0.55069934 0.55062546 0.55055297 0.55048187 0.55041217 0.55034388 0.55027701 0.55021156 0.55014754 0.55008493 0.55002375 0.54996399 0.54990564
0.5544959 0.5544015 0.55430752 0.55421387 0.55412046 0.55402722 0.55393408 0.55384101 0.55374797 0.55365494 0.55356189 0.55346883 0.55337577 0.55328271 0.55318967 0.55309669 0.55300378 0.552911 0.55281837 0.55272594 0.55263376 0.55254188 0.55245034 0.55235921 0.55226854 0.55217837 0.55208876 0.55199977 0.55191144 0.55182383 0.55173699 0.55165097 0.55156581 0.55148156 0.55139826 0.55131596 0.55123469 0.55115449 0.55107538 0.55099742 0.55092061 0.550845 0.5507706 0.55069744 0.55062553 0.5505549 0.55048556 0.55041752 0.55035079 0.55028539 0.55022132 0.55015858 0.55009718 0.55003712 0.5499784 0.54992102 0.54986498
0.55422085 0.55413174 0.55404304 0.55395465 0.55386649 0.55377849 0.5536906 0.55360276 0.55351495 0.55342714 0.55333932 0.55325148 0.55316362 0.55307574 0.55298788 0.55290005 0.55281227 0.55272459 0.55263703 0.55254963 0.55246245 0.55237552 0.55228889 0.55220261 0.55211672 0.55203129 0.55194635 0.55186197 0.55177818 0.55169503 0.55161259 0.55153088 0.55144996 0.55136986 0.55129064 0.55121232 0.55113495 0.55105857 0.5509832 0.55090887 0.55083563 0.55076348 0.55069247 0.5506226 0.5505539 0.55048639 0.55042008 0.55035499 0.55029113 0.55022851 0.55016714 0.55010702 0.55004816 0.54999056 0.54993423 0.54987916 0.54982535
0.55395852 0.55387439 0.55379066 0.55370723 0.55362402 0.55354097 0.55345801 0.55337512 0.55329224 0.55320936 0.55312646 0.55304353 0.55296058 0.5528776 0.55279462 0.55271166 0.55262873 0.55254586 0.55246309 0.55238046 0.552298 0.55221575 0.55213376 0.55205208 0.55197074 0.5518898 0.5518093 0.55172929 0.55164981 0.55157091 0.55149264 0.55141504 0.55133816 0.55126203 0.55118669 0.55111218 0.55103855 0.55096581 0.55089401 0.55082318 0.55075334 0.55068452 0.55061675 0.55055005 0.55048443 0.55041992 0.55035654 0.55029429 0.55023319 0.55017325 0.55011449 0.5500569 0.5500005 0.54994528 0.54989126 0.54983843 0.54978679
0.55370835 0.55362893 0.55354988 0.55347112 0.55339258 0.55331419 0.55323589 0.55315764 0.55307942 0.55300118 0.55292293 0.55284464 0.55276632 0.55268796 0.55260959 0.55253122 0.55245286 0.55237455 0.55229631 0.55221818 0.55214019 0.55206238 0.55198478 0.55190745 0.55183043 0.55175375 0.55167745 0.5516016 0.55152622 0.55145136 0.55137707 0.55130338 0.55123034 0.55115799 0.55108636 0.55101549 0.55094542 0.55087618 0.55080779 0.5507403 0.55067373 0.5506081 0.55054344 0.55047978 0.55041712 0.5503555 0.55029493 0.55023541 0.55017698 0.55011963 0.55006338 0.55000824 0.5499542 0.54990129 0.5498495 0.54979883 0.54974929
0.55346982 0.55339483 0.5533202 0.55324585 0.55317171 0.55309771 0.5530238 0.55294994 0.5528761 0.55280225 0.55272837 0.55265446 0.5525805 0.55250651 0.55243249 0.55235845 0.55228441 0.55221041 0.55213645 0.55206257 0.55198881 0.5519152 0.55184177 0.55176857 0.55169563 0.55162299 0.55155069 0.55147878 0.5514073 0.55133628 0.55126577 0.55119581 0.55112644 0.55105768 0.55098959 0.55092219 0.55085553 0.55078962 0.55072451 0.55066021 0.55059677 0.5505342 0.55047253 0.55041178 0.55035197 0.55029312 0.55023525 0.55017837 0.5501225 0.55006764 0.55001382 0.54996103 0.54990929 0.5498586 0.54980897 0.5497604 0.54971289
0.55324243 0.55317162 0.55310116 0.55303096 0.55296096 0.55289111 0.55282134 0.55275162 0.55268191 0.55261219 0.55254244 0.55247265 0.55240282 0.55233294 0.55226303 0.55219309 0.55212313 0.55205319 0.55198328 0.55191343 0.55184367 0.55177403 0.55170455 0.55163525 0.55156619 0.55149738 0.55142888 0.55136072 0.55129293 0.55122557 0.55115866 0.55109224 0.55102636 0.55096104 0.55089632 0.55083224 0.55076882 0.5507061 0.55064411 0.55058288 0.55052243 0.55046279 0.55040399 0.55034604 0.55028896 0.55023277 0.5501775 0.55012316 0.55006975 0.5500173 0.54996581 0.5499153 0.54986577 0.54981723 0.54976969 0.54972314 0.5496776
0.55302573 0.55295885 0.55289232 0.55282604 0.55275995 0.55269399 0.55262812 0.5525623 0.55249649 0.55243067 0.55236482 0.55229892 0.55223298 0.55216698 0.55210094 0.55203487 0.55196877 0.55190267 0.55183659 0.55177055 0.55170458 0.5516387 0.55157295 0.55150736 0.55144196 0.55137679 0.55131189 0.55124728 0.55118302 0.55111912 0.55105564 0.55099259 0.55093003 0.55086798 0.55080648 0.55074556 0.55068525 0.55062558 0.55056658 0.55050828 0.55045069 0.55039386 0.5503378 0.55028253 0.55022808 0.55017445 0.55012168 0.55006977 0.55001874 0.5499686 0.54991937 0.54987105 0.54982365 0.54977719 0.54973166 0.54968707 0.54964343
0.55281926 0.5527561 0.55269326 0.55263067 0.55256827 0.55250599 0.5524438 0.55238165 0.55231952 0.55225737 0.55219519 0.55213296 0.55207069 0.55200836 0.55194598 0.55188356 0.5518211 0.55175863 0.55169617 0.55163373 0.55157133 0.55150901 0.5514468 0.55138472 0.5513228 0.55126108 0.55119959 0.55113837 0.55107744 0.55101684 0.55095661 0.55089678 0.55083739 0.55077845 0.55072002 0.55066211 0.55060477 0.55054801 0.55049186 0.55043636 0.55038152 0.55032738 0.55027395 0.55022125 0.55016931 0.55011814 0.55006777 0.5500182 0.54996945 0.54992154 0.54987448 0.54982827 0.54978293 0.54973847 0.54969489 0.54965219 0.54961039
0.55262262 0.55256295 0.5525036 0.55244449 0.55238555 0.55232674 0.55226801 0.55220933 0.55215066 0.55209197 0.55203326 0.5519745 0.55191568 0.55185681 0.55179788 0.55173891 0.55167989 0.55162086 0.55156181 0.55150277 0.55144376 0.55138481 0.55132595 0.55126719 0.55120857 0.55115012 0.55109187 0.55103385 0.55097609 0.55091863 0.5508615 0.55080473 0.55074834 0.55069238 0.55063687 0.55058184 0.55052732 0.55047334 0.55041992 0.55036709 0.55031488 0.55026331 0.5502124 0.55016217 0.55011264 0.55006383 0.55001576 0.54996844 0.54992189 0.54987613 0.54983115 0.54978698 0.54974362 0.54970109 0.54965939 0.54961852 0.54957849
0.5524354 0.55237903 0.55232296 0.55226712 0.55221145 0.55215591 0.55210044 0.55204502 0.55198962 0.5519342 0.55187875 0.55182325 0.5517677 0.55171209 0.55165642 0.5516007 0.55154493 0.55148914 0.55143332 0.5513775 0.5513217 0.55126593 0.55121023 0.55115462 0.55109913 0.55104378 0.5509886 0.55093363 0.55087888 0.5508244 0.55077021 0.55071634 0.55066282 0.55060969 0.55055696 0.55050467 0.55045285 0.55040152 0.55035071 0.55030045 0.55025074 0.55020163 0.55015314 0.55010527 0.55005805 0.55001151 0.54996565 0.54992049 0.54987605 0.54983234 0.54978938 0.54974717 0.54970572 0.54966505 0.54962516 0.54958605 0.54954774
0.55225724 0.55220397 0.55215098 0.55209823 0.55204564 0.55199317 0.55194078 0.55188843 0.5518361 0.55178376 0.55173138 0.55167896 0.55162649 0.55157396 0.55152136 0.55146872 0.55141602 0.55136328 0.55131051 0.55125773 0.55120496 0.55115221 0.55109951 0.55104688 0.55099435 0.55094194 0.55088968 0.55083759 0.5507857 0.55073405 0.55068265 0.55063155 0.55058076 0.55053031 0.55048024 0.55043057 0.55038132 0.55033252 0.5502842 0.55023638 0.55018907 0.55014232 0.55009613 0.55005053 0.55000553 0.54996115 0.54991741 0.54987433 0.54983192 0.54979019 0.54974916 0.54970883 0.54966923 0.54963034 0.5495922 0.54955479 0.54951814
