WatsonE12E13/1mHCPcon.asc
NCOLS 499
NROWS 380
XLLCORNER 149.806
YLLCORNER -30.2865
CELLSIZE 1e-05
NODATA_VALUE -9999
[rows 26 to 51 of 380, columns 240 to 299 of 499]
110.64195 110.64645 110.66025 110.6801 110.70337 110.72775 110.75139 110.77283 110.79096 110.80492 110.81414 110.81833 110.81745 110.8117 110.80142 110.78711 110.76931 110.7486 110.72554 110.70067 110.67447 110.64734 110.61966 110.59168 110.56366 110.53575 110.5081 110.48078 110.45387 110.42738 110.40134 110.37574 110.35056 110.32577 110.30135 110.27725 110.25343 110.22984 110.20645 110.18321 110.16007 110.13699 110.11393 110.09085 110.06772 110.04449 110.02113 109.99762 109.97392 109.95002 109.92588 109.9015 109.87684 109.8519 109.82667 109.80114 109.77529 109.74912 109.72264 109.69583
110.62208 110.643 110.67115 110.70487 110.74139 110.77791 110.81236 110.84325 110.86934 110.88967 110.90359 110.91086 110.91155 110.90606 110.89495 110.87894 110.85882 110.83537 110.80933 110.78138 110.75211 110.72203 110.69152 110.66093 110.63049 110.60039 110.57075 110.54165 110.51315 110.48525 110.45796 110.43125 110.4051 110.37945 110.35427 110.32951 110.3051 110.281 110.25715 110.2335 110.20999 110.18658 110.16321 110.13985 110.11645 110.09296 110.06936 110.0456 110.02166 109.99751 109.97313 109.94849 109.92357 109.89836 109.87285 109.84702 109.82087 109.79438 109.76757 109.74042
110.59214 110.62719 110.66992 110.72064 110.77418 110.82592 110.87383 110.91659 110.95276 110.98105 111.00069 111.01149 111.01375 111.00813 110.99556 110.97707 110.95377 110.92671 110.89686 110.86508 110.83208 110.79846 110.76466 110.73105 110.69787 110.66532 110.63349 110.60245 110.57224 110.54285 110.51425 110.4864 110.45925 110.43274 110.40681 110.3814 110.35643 110.33183 110.30755 110.28352 110.25967 110.23596 110.21232 110.18871 110.16507 110.14136 110.11753 110.09356 110.0694 110.04503 110.02042 109.99554 109.97038 109.94491 109.91913 109.89302 109.86657 109.83978 109.81265 109.78517
110.54666 110.58419 110.64165 110.71904 110.79765 110.86886 110.93383 110.99235 111.04202 111.08072 111.1075 111.12239 111.12608 111.11973 111.10475 111.08268 111.05503 111.02322 110.98852 110.95197 110.91444 110.8766 110.83896 110.80188 110.76562 110.73034 110.69612 110.663 110.63097 110.60001 110.57005 110.54104 110.51289 110.48552 110.45886 110.43282 110.40731 110.38226 110.35758 110.33321 110.30906 110.28509 110.26122 110.23739 110.21355 110.18964 110.16564 110.14148 110.11713 110.09257 110.06775 110.04266 110.01727 109.99156 109.96552 109.93914 109.91241 109.88532 109.85787 109.83005
110.46157 110.46477 110.5433 110.68847 110.80882 110.90076 110.98763 111.06921 111.13831 111.19118 111.22703 111.24658 111.25133 111.24322 111.22443 111.19718 111.16359 111.12555 111.08465 111.04219 110.99917 110.95634 110.91424 110.87322 110.83351 110.79522 110.75841 110.72305 110.68912 110.65652 110.62518 110.59499 110.56585 110.53765 110.51029 110.48365 110.45765 110.43218 110.40715 110.38249 110.3581 110.3339 110.30984 110.28584 110.26185 110.2378 110.21364 110.18933 110.16483 110.1401 110.11511 110.08982 110.06423 110.0383 110.01202 109.98538 109.95838 109.93099 109.90323 109.87509
110.27438 110.09858 110.22344 110.65744 110.81839 110.90219 111.02351 111.14541 111.24435 111.31666 111.36384 111.38841 111.39329 111.38171 111.35697 111.32229 111.28059 111.23434 111.18556 111.13579 111.08616 111.03747 110.99022 110.94475 110.90121 110.85965 110.82005 110.78235 110.74643 110.71217 110.67943 110.64808 110.61797 110.58897 110.56095 110.53377 110.50733 110.4815 110.45618 110.43128 110.4067 110.38235 110.35815 110.33403 110.30993 110.28577 110.26151 110.2371 110.21248 110.18761 110.16248 110.13703 110.11125 110.08512 110.05862 110.03174 110.00447 109.9768 109.94873 109.92027
109.83345 109.2026 109.3466 111.04543 110.82611 110.77994 111.02162 111.22381 111.36694 111.46452 111.52497 111.55415 111.55722 111.5393 111.50535 111.46 111.40721 111.35021 111.29144 111.23268 111.17515 111.11961 111.06651 111.01606 110.96832 110.92324 110.8807 110.84055 110.8026 110.76667 110.73255 110.70007 110.66905 110.63931 110.61069 110.58304 110.55623 110.53011 110.50458 110.47951 110.4548 110.43035 110.40608 110.38191 110.35776 110.33355 110.30923 110.28475 110.26006 110.2351 110.20985 110.18427 110.15833 110.13202 110.10532 110.07821 110.05069 110.02275 109.99438 109.9656
109.92409 109.95688 110.19802 111.04121 109.98185 110.31179 111.01334 111.32505 111.52039 111.64677 111.72101 111.75284 111.75035 111.72135 111.67324 111.61256 111.54465 111.47358 111.40224 111.33253 111.26565 111.20222 111.14252 111.0866 111.03433 110.98553 110.93994 110.89729 110.8573 110.81972 110.78428 110.75074 110.71887 110.68847 110.65935 110.63131 110.60421 110.5779 110.55223 110.52707 110.50232 110.47786 110.45359 110.42943 110.40528 110.38109 110.35677 110.33228 110.30755 110.28254 110.25722 110.23154 110.20547 110.17901 110.15212 110.1248 110.09704 110.06883 110.04018 110.01109
110.6239 110.64815 110.77286 110.83298 110.43409 110.73077 111.12265 111.48438 111.72653 111.88149 111.96763 111.99745 111.98261 111.93482 111.86499 111.78234 111.69389 111.60457 111.51754 111.43467 111.35687 111.2845 111.21752 111.15567 111.09862 111.04595 110.99725 110.95211 110.91014 110.87099 110.83431 110.79981 110.76721 110.73626 110.70674 110.67843 110.65115 110.62474 110.59903 110.57389 110.54918 110.52479 110.5006 110.47653 110.45247 110.42836 110.40411 110.37965 110.35495 110.32993 110.30457 110.27883 110.25267 110.22607 110.19902 110.17151 110.14352 110.11506 110.08613 110.05672
110.92843 111.00731 111.10083 111.13515 111.09785 111.03012 111.35328 111.73292 112.01364 112.19485 112.288 112.30675 112.26763 112.18845 112.08548 111.97149 111.85536 111.74264 111.63637 111.53794 111.44769 111.36539 111.29052 111.22242 111.16042 111.10385 111.05207 111.00453 110.96069 110.92009 110.88232 110.847 110.81381 110.78245 110.75267 110.72421 110.69689 110.6705 110.64487 110.61985 110.59529 110.57107 110.54706 110.52317 110.49928 110.47532 110.4512 110.42686 110.40223 110.37726 110.35191 110.32614 110.29992 110.27322 110.24603 110.21834 110.19014 110.16144 110.13223 110.10251
111.12743 111.25404 111.38666 111.39308 111.19074 111.31156 111.67595 112.09676 112.4199 112.62598 112.71735 112.70834 112.62395 112.49283 112.33954 112.18128 112.02843 111.88629 111.75694 111.64059 111.53648 111.44347 111.36031 111.28581 111.21885 111.15845 111.10375 111.05397 111.00846 110.96662 110.92795 110.892 110.8584 110.82681 110.79692 110.76848 110.74126 110.71503 110.68962 110.66485 110.64057 110.61663 110.59291 110.56929 110.54567 110.52194 110.49804 110.47388 110.44939 110.42452 110.39923 110.37348 110.34723 110.32046 110.29315 110.26531 110.23691 110.20797 110.17849 110.14847
111.25011 111.42402 111.70203 111.97153 110.5573 111.44761 112.12458 112.62497 113.00347 113.23658 113.31173 113.24361 113.07606 112.85934 112.63052 112.41092 112.21052 112.03249 111.87638 111.74012 111.62115 111.517 111.42545 111.34461 111.27288 111.20891 111.15155 111.09983 111.05292 111.01011 110.9708 110.93447 110.90069 110.86907 110.83929 110.81105 110.78409 110.75819 110.73315 110.70878 110.68491 110.66138 110.63807 110.61484 110.59158 110.5682 110.54459 110.52069 110.49641 110.47171 110.44653 110.42084 110.3946 110.36779 110.3404 110.31241 110.28384 110.25467 110.22492 110.1946
111.22201 111.42608 111.70668 112.54269 111.99727 112.2268 112.81589 113.39237 113.85299 114.12776 114.16531 113.97473 113.65291 113.29666 112.9574 112.6556 112.39607 112.1762 111.99054 111.83323 111.6991 111.58389 111.48423 111.39744 111.32136 111.25425 111.19467 111.14142 111.0935 111.05008 111.01046 110.97405 110.94036 110.90897 110.87952 110.85169 110.8252 110.79982 110.77533 110.75152 110.72821 110.70524 110.68247 110.65976 110.63699 110.61405 110.59084 110.56728 110.54329 110.51882 110.49382 110.46824 110.44205 110.41523 110.38778 110.35967 110.33093 110.30154 110.27153 110.24091
110.62949 111.255 111.50088 112.11474 112.49041 113.00622 113.72249 114.48849 115.098 115.46552 115.4465 114.98554 114.37617 113.80253 113.3101 112.90402 112.57538 112.30998 112.09395 111.91592 111.7673 111.6418 111.53477 111.44273 111.36299 111.29339 111.23221 111.178 111.12958 111.08601 111.04648 111.01035 110.97708 110.94621 110.91735 110.89018 110.8644 110.83975 110.81599 110.79293 110.77037 110.74812 110.72605 110.704 110.68184 110.65946 110.63675 110.61363 110.59003 110.56586 110.54109 110.51568 110.48959 110.4628 110.43531 110.4071 110.3782 110.3486 110.31833 110.2874
108.3 110.89249 111.82824 112.38588 112.9936 113.79186 114.8648 116.11858 116.89235 117.48322 117.45575 116.3016 115.23029 114.35349 113.66415 113.1357 112.73383 112.4241 112.18018 111.98376 111.82252 111.68817 111.57497 111.47875 111.39633 111.32516 111.26319 111.20875 111.1605 111.11734 111.0784 111.04297 111.01049 110.98047 110.95251 110.92627 110.90145 110.87777 110.85499 110.83288 110.81126 110.78993 110.76872 110.74749 110.72609 110.7044 110.68232 110.65975 110.63661 110.61284 110.58838 110.56318 110.53723 110.51051 110.48301 110.45472 110.42567 110.39587 110.36534 110.3341
110.81885 111.47292 112.13449 112.72504 113.50029 114.62553 116.23919 118.53687 118.72243 119.32401 118.93698 118.00439 116.12776 114.91497 113.97301 113.31845 112.8525 112.5078 112.24284 112.03251 111.86153 111.72033 111.60254 111.50353 111.41972 111.34817 111.28652 111.23282 111.18554 111.14347 111.10569 111.07147 111.0402 111.01141 110.98469 110.95971 110.93613 110.91369 110.89213 110.87123 110.85076 110.83055 110.8104 110.79016 110.76969 110.74885 110.72753 110.70563 110.68306 110.65977 110.63568 110.61077 110.58501 110.55839 110.5309 110.50256 110.47337 110.44336 110.41257 110.38101
111.72942 111.99838 112.37627 112.92616 113.87911 115.58195 118.42251 118.57059 117.3454 116.8681 116.78455 116.8297 117.4 115.31397 114.14634 113.40965 112.91225 112.55222 112.27715 112.05879 111.88133 111.73538 111.61475 111.51467 111.43117 111.36088 111.30097 111.24923 111.20392 111.16378 111.12783 111.09536 111.06579 111.03865 111.01356 110.99017 110.96817 110.94727 110.92722 110.90778 110.88873 110.86987 110.85101 110.83197 110.81261 110.79278 110.77237 110.75127 110.72939 110.70666 110.68304 110.65848 110.63296 110.60648 110.57903 110.55063 110.52131 110.4911 110.46003 110.42815
112.09407 112.21308 112.36568 112.7046 114.01936 115.75083 116.33393 116.23187 115.68631 115.3974 115.25786 115.19481 115.61782 115.41709 114.06664 113.37419 112.90405 112.55529 112.28208 112.06073 111.87893 111.72971 111.60799 111.50902 111.4282 111.36139 111.30517 111.25696 111.21487 111.1776 111.14424 111.11413 111.08678 111.06176 111.03872 111.01732 110.99725 110.97825 110.96004 110.94237 110.92502 110.90778 110.89044 110.87284 110.85479 110.83617 110.81683 110.79667 110.77561 110.75356 110.73048 110.70634 110.68111 110.6548 110.62742 110.59899 110.56954 110.53912 110.50777 110.47554
112.35283 112.24546 111.99722 111.77119 112.54595 113.99675 114.51711 114.63121 114.53991 114.42242 114.30705 114.15277 114.0679 114.17422 113.69227 113.22968 112.84295 112.52651 112.26174 112.03769 111.85027 111.69768 111.57671 111.48202 111.40746 111.34743 111.29759 111.25493 111.21754 111.18422 111.15427 111.1272 111.10263 111.08024 111.05971 111.04075 111.02305 111.00633 110.99032 110.97478 110.95945 110.94413 110.92861 110.91269 110.8962 110.87899 110.86091 110.84187 110.82175 110.8005 110.77806 110.7544 110.72952 110.70342 110.67612 110.64766 110.61808 110.58744 110.55579 110.52319
112.63104 112.26663 111.39884 111.55169 112.56738 113.26163 113.63567 113.79074 113.822 113.80707 113.75834 113.5891 112.95401 113.18897 113.32909 113.06887 112.77176 112.4887 112.22569 111.98861 111.78711 111.62856 111.51133 111.4267 111.36449 111.31635 111.27665 111.24212 111.21112 111.18292 111.15722 111.13385 111.11267 111.09347 111.076 111.05998 111.04512 111.03115 111.01778 111.00475 110.99183 110.97878 110.96539 110.95145 110.93679 110.92123 110.90463 110.88687 110.86786 110.84753 110.82583 110.80273 110.77824 110.75238 110.72519 110.6967 110.66698 110.63609 110.60412 110.57112
112.87141 112.54005 112.24624 112.36031 112.68423 112.99732 113.21148 113.32256 113.37022 113.44758 113.60745 113.51985 113.39563 113.26543 113.17403 112.98914 112.75166 112.47987 112.18999 111.90858 111.66907 111.49953 111.39456 111.33232 111.29352 111.26534 111.24097 111.21767 111.19486 111.17288 111.15221 111.13322 111.11606 111.10068 111.08689 111.07443 111.06299 111.0523 111.04206 111.03202 111.02193 111.01156 111.00067 110.98905 110.97652 110.96289 110.948 110.93174 110.91401 110.89473 110.87386 110.8514 110.82736 110.80177 110.77468 110.74616 110.71628 110.68513 110.65279 110.61936
114.72193 113.03893 112.7293 112.67466 112.7626 112.88828 112.99019 113.03155 112.96346 113.10108 113.64643 113.53075 113.351 113.2775 113.1976 113.06948 112.8808 112.57255 112.18962 111.78676 111.43786 111.25944 111.19564 111.18321 111.18804 111.19227 111.1899 111.18108 111.16801 111.15307 111.13806 111.12409 111.11167 111.10088 111.09154 111.08337 111.07605 111.06928 111.06276 111.05625 111.0495 111.04225 111.0343 111.0254 111.01535 111.00396 110.99106 110.97653 110.96026 110.94218 110.92226 110.90052 110.87697 110.85166 110.82468 110.79611 110.76604 110.73458 110.70184 110.66792
114.12388 113.3077 112.93952 112.81288 112.80086 112.82574 112.84709 112.84893 112.46596 112.5282 113.21507 113.36484 113.40085 113.44051 113.48556 113.43773 113.44255 112.93913 112.36512 111.62474 110.8703 110.80436 110.8646 110.95918 111.04342 111.09751 111.1243 111.13237 111.12967 111.12199 111.113 111.10471 111.09791 111.09271 111.08884 111.08593 111.08359 111.08151 111.07941 111.07706 111.07422 111.07065 111.06612 111.0604 111.05325 111.04446 111.03387 111.02132 111.00672 110.99 110.97115 110.95019 110.92716 110.90216 110.87527 110.84662 110.81631 110.7845 110.75129 110.71683
113.79864 113.27815 112.99383 112.86446 112.81497 112.76146 112.5994 112.70189 112.81428 112.94923 113.25997 113.48681 113.69813 113.92395 114.35493 114.49419 114.22076 113.33586 112.49887 111.09593 109.39639 110.05298 110.30977 110.64194 110.86401 110.98698 111.0472 111.07178 111.07819 111.07702 111.07417 111.0724 111.07253 111.07438 111.0774 111.08101 111.08474 111.0883 111.09144 111.09398 111.09573 111.09647 111.09596 111.09395 111.09018 111.08443 111.0765 111.06623 111.05353 111.03834 111.02067 111.00056 110.97809 110.95338 110.92656 110.89777 110.86717 110.83492 110.80118 110.7661
113.52547 113.17761 112.97428 112.87262 112.82626 112.74573 112.2254 112.54808 113.02512 113.27282 113.56172 113.9214 114.44517 115.25644 115.11264 115.27166 113.46806 112.63628 111.81055 110.77755 109.62675 108.10203 109.38158 110.26219 110.6772 110.87463 110.96323 110.99837 111.00972 111.01323 111.01671 111.02302 111.03229 111.0435 111.05547 111.06732 111.07852 111.08884 111.09818 111.10647 111.1136 111.11938 111.12359 111.12593 111.12613 111.12391 111.11906 111.11141 111.10086 111.08739 111.07101 111.05181 111.02991 111.00547 110.97865 110.94966 110.91868 110.88591 110.85155 110.81576
113.2958 113.05165 112.91909 112.8507 112.79735 112.84984 112.84129 113.00109 113.31444 113.64668 114.10683 114.90223 115.55808 119.13472 115.69569 113.86115 112.90697 112.14357 111.39814 110.50651 109.19 107.60332 108.71919 109.96542 110.53649 110.77871 110.87477 110.90687 110.91559 110.92125 110.93229 110.95009 110.9726 110.99697 111.02098 111.04339 111.06378 111.08218 111.09881 111.11383 111.12726 111.13898 111.14874 111.15622 111.16108 111.16299 111.16172 111.15707 111.14897 111.13739 111.12241 111.10416 111.08281 111.05858 111.03169 111.00239 110.97092 110.93752 110.90241 110.8658
