WatsonE12E13/1mHCPmag.asc
NCOLS 600
NROWS 370
XLLCORNER 149.806
YLLCORNER -30.2864
CELLSIZE 1e-05
NODATA_VALUE -9999
[rows 75 to 99 of 370, columns 114 to 170 of 600]
0.61222275 0.61305216 0.61396396 0.61497194 0.61609679 0.6173727 0.61885282 0.6206019 0.62265876 0.62497279 0.62742068 0.63015248 0.63437553 0.64360418 0.66658057 0.70802023 0.69381433 0.65560588 0.64005337 0.63465843 0.63221609 0.63005357 0.6279488 0.62652069 0.62607527 0.62633339 0.62716401 0.63080737 0.64447274 0.65800532 0.63698667 0.62677206 0.62336838 0.62166539 0.62107952 0.62156661 0.61900495 0.61586719 0.61464952 0.61271246 0.61022678 0.60845524 0.60729944 0.60656204 0.60624717 0.6068357 0.61034976 0.61951133 0.61267459 0.60593624 0.6035179 0.60222436 0.60092598 0.59881439 0.59412303 0.5919918 0.59678041
0.61355889 0.61450091 0.61554497 0.61670596 0.61800613 0.61949123 0.62125616 0.62345864 0.62626078 0.62959811 0.63283644 0.63519441 0.63767519 0.64430382 0.66265973 0.6938096 0.68318883 0.65233026 0.63779306 0.63186713 0.629131 0.6275391 0.62658979 0.62655429 0.62795071 0.6300118 0.62981421 0.62976257 0.63421005 0.63720489 0.63067056 0.62553408 0.62322437 0.6218415 0.62269691 0.6291915 0.62297554 0.61599665 0.6130682 0.61118339 0.60954174 0.60825182 0.60738779 0.60687598 0.60655895 0.60675016 0.60847433 0.61134015 0.60898364 0.60555825 0.60388049 0.60281698 0.60154179 0.59952649 0.59574057 0.59424167 0.59786598
0.61502862 0.61611215 0.6173285 0.61869265 0.6202183 0.62194588 0.62401619 0.62677673 0.63082343 0.63662857 0.64283085 0.64493217 0.64270893 0.64260301 0.64827355 0.65572412 0.65242705 0.64174853 0.63398098 0.62986253 0.62782923 0.62686119 0.62657501 0.62747263 0.63169784 0.64077451 0.63745315 0.62970548 0.62797654 0.62760832 0.62636128 0.62601055 0.62641843 0.624204 0.6222786 0.62383713 0.62018353 0.61513658 0.61232563 0.61056093 0.6092267 0.60822751 0.60771979 0.60777288 0.60730241 0.60660261 0.60660735 0.60676597 0.60607138 0.60508801 0.60472543 0.60438421 0.60296933 0.60126962 0.59974169 0.59931998 0.60030931
0.61665836 0.61792245 0.61937384 0.62103425 0.62289202 0.62492109 0.62723118 0.63040064 0.63593611 0.64669185 0.6635726 0.66806471 0.65291706 0.64280992 0.64022641 0.64006459 0.63813178 0.63433089 0.63085801 0.62868466 0.6277735 0.62772485 0.62782854 0.62839461 0.63278173 0.64539044 0.64034393 0.62929706 0.62602178 0.62532043 0.62581692 0.63003902 0.63941151 0.63168358 0.62237696 0.6189109 0.61634731 0.61373299 0.61178274 0.61039353 0.60927609 0.60839757 0.60816436 0.60956196 0.60865083 0.60672169 0.60602487 0.6056763 0.60531444 0.60523564 0.60662044 0.60830513 0.60493743 0.60286982 0.60198118 0.6019029 0.60263883
0.61848032 0.61997189 0.62174988 0.62388296 0.62634191 0.62890157 0.63132902 0.63418493 0.63991545 0.6547274 0.68982857 0.70292015 0.66332541 0.64353831 0.63684389 0.63435488 0.63267779 0.63095246 0.62943971 0.6286052 0.62905477 0.63115569 0.6321977 0.63000322 0.62972565 0.63213057 0.63063106 0.62697514 0.62575731 0.62607279 0.62670579 0.6315077 0.64598617 0.63455147 0.62203568 0.61717644 0.61462862 0.61285647 0.6116676 0.61083852 0.609875 0.6088051 0.60821222 0.60850299 0.60788658 0.60665656 0.60604515 0.60570181 0.60539347 0.60542135 0.60683456 0.60845782 0.60554662 0.60398071 0.60353198 0.6037493 0.6048536
0.62053894 0.62229911 0.62450568 0.62740326 0.63112253 0.63512189 0.63787319 0.63898573 0.64165623 0.65154622 0.67343911 0.68017965 0.65630821 0.64105214 0.63476778 0.63218841 0.63101017 0.63036039 0.62985987 0.62962689 0.63116129 0.63826933 0.64468426 0.63377768 0.62817538 0.62682623 0.62605928 0.62570784 0.62765206 0.63192292 0.63051464 0.62778886 0.62872693 0.62498387 0.61932358 0.61579098 0.61371927 0.61253255 0.6122969 0.61282924 0.61178482 0.60967408 0.60836113 0.60771533 0.60717978 0.60668432 0.60655764 0.60656374 0.60602483 0.60557351 0.60568612 0.6057979 0.60528699 0.60497859 0.6050916 0.60552306 0.60676566
0.62291607 0.62495438 0.62761516 0.63157399 0.63784613 0.64639068 0.65166055 0.64806121 0.64353079 0.64447598 0.64947438 0.65013358 0.64337324 0.63683357 0.63319899 0.63165745 0.63150479 0.63231804 0.63292334 0.63212855 0.63221503 0.63831872 0.64457891 0.63340167 0.62721868 0.6253727 0.62499685 0.62569954 0.6305096 0.64620545 0.63963245 0.62644805 0.62222722 0.61947569 0.61674076 0.61460727 0.61316896 0.61248226 0.61343586 0.61802964 0.61574777 0.61075701 0.60878897 0.60789017 0.60732719 0.60705002 0.60762925 0.60904687 0.60726117 0.60602056 0.60569345 0.60570275 0.60593241 0.60657353 0.60749742 0.60800017 0.6083292
0.62580274 0.628096 0.63099324 0.6357789 0.64560179 0.66574794 0.68393148 0.66560293 0.64730758 0.64087071 0.63956376 0.63858869 0.63638854 0.63411396 0.63270659 0.63236607 0.63365759 0.63784043 0.64257411 0.6387173 0.63307803 0.6320162 0.63184888 0.62864702 0.62604223 0.62555654 0.62632042 0.62642028 0.62842321 0.63571613 0.63233916 0.62361372 0.61932215 0.61692934 0.61522627 0.61398964 0.61302105 0.61240899 0.61307068 0.61606347 0.61447477 0.61081373 0.60928763 0.60859638 0.60799644 0.60754807 0.60792971 0.60915832 0.60759424 0.6065354 0.60630164 0.60650449 0.60729716 0.60930354 0.61274865 0.61373326 0.61086148
0.62965491 0.63230386 0.63489629 0.63899352 0.64922682 0.67620695 0.70843027 0.67551582 0.64852203 0.63898901 0.63581141 0.63459943 0.63399339 0.6338598 0.63405436 0.63439739 0.63639254 0.64558165 0.66519121 0.65081719 0.6347653 0.62956489 0.62766508 0.62630557 0.62562014 0.62728969 0.63305294 0.63066838 0.62573026 0.62487264 0.62302724 0.61973901 0.6171439 0.61549154 0.61463927 0.61447519 0.61384459 0.61256928 0.61199364 0.61204851 0.61142164 0.61042095 0.610217 0.61042243 0.60955092 0.60831425 0.60776792 0.60767328 0.60738817 0.60722533 0.60735033 0.60774714 0.60890582 0.61270578 0.62438049 0.62968869 0.61513411
0.63544659 0.63935231 0.64102554 0.6418291 0.64647006 0.65896065 0.66959141 0.65773246 0.64363842 0.6368177 0.63417573 0.63354949 0.63430356 0.63646022 0.63900133 0.6391669 0.63844885 0.64385251 0.65661023 0.64647508 0.63350084 0.62849391 0.62689421 0.62649567 0.62613662 0.62784367 0.63639162 0.63247716 0.62405869 0.62089669 0.61893403 0.61705578 0.61550864 0.61457121 0.61472079 0.61723674 0.61698941 0.61322527 0.611635 0.61100064 0.61059481 0.61057727 0.61213918 0.61580249 0.61292677 0.60946383 0.60822496 0.60792971 0.60809101 0.60860998 0.60924184 0.60963437 0.61031079 0.61351294 0.62462103 0.62976231 0.61531844
0.64470473 0.65405464 0.65452178 0.64741627 0.64383951 0.64510426 0.64624721 0.64286616 0.63796907 0.63482388 0.63360989 0.63391336 0.63620631 0.6425023 0.65319767 0.65274411 0.64213479 0.63813828 0.63815557 0.63488067 0.63024192 0.62775661 0.62795615 0.63064604 0.62909644 0.62625316 0.62666869 0.62493302 0.62124315 0.61865376 0.61681538 0.61533034 0.61427126 0.61378793 0.61429726 0.61710209 0.61691516 0.61316768 0.61161746 0.61102762 0.61071962 0.61085604 0.61289388 0.6184626 0.61430669 0.61011742 0.60886427 0.60877867 0.60953807 0.61128131 0.61340668 0.61358209 0.61216302 0.61218631 0.6143982 0.61483569 0.6117459
0.65659583 0.68398356 0.68373244 0.6566674 0.64366572 0.63954437 0.63799512 0.63639891 0.63481372 0.63405175 0.63428483 0.63529295 0.63818615 0.6483645 0.67762056 0.67727454 0.64651924 0.63570957 0.63221425 0.63016371 0.62854623 0.6276501 0.62924593 0.63818333 0.63396342 0.62545628 0.62267499 0.62091769 0.61897752 0.61714516 0.61546866 0.61393167 0.61301791 0.61293885 0.61320007 0.61372784 0.61345848 0.61238793 0.61187442 0.61194209 0.61168601 0.61114676 0.61147003 0.61238712 0.61145496 0.61004329 0.60953592 0.60986306 0.61141731 0.61579259 0.62455071 0.6244516 0.61579846 0.61199309 0.61108743 0.61075323 0.61062351
0.65968175 0.69408903 0.6938304 0.65854394 0.64273517 0.6371081 0.63496588 0.6340364 0.63393563 0.63505319 0.63736017 0.63891694 0.63951448 0.64515838 0.66085833 0.66014948 0.64217427 0.63340856 0.63008732 0.62916122 0.62982416 0.62926099 0.62812971 0.63016685 0.62816665 0.62351063 0.62090644 0.61930286 0.61790086 0.61642558 0.61470708 0.61239543 0.61089326 0.61214037 0.61254726 0.61255612 0.61234526 0.61213983 0.61270726 0.61494839 0.61478654 0.61202206 0.6109384 0.61069867 0.61049748 0.61037627 0.61055911 0.61113768 0.61293592 0.61929944 0.64058166 0.6404551 0.61878806 0.61241772 0.6106775 0.61025089 0.61127338
0.65082631 0.66224471 0.66159069 0.64852921 0.63955281 0.63548672 0.63393082 0.63363343 0.63449361 0.63776481 0.64564343 0.65066316 0.64308278 0.63972778 0.64122607 0.63992394 0.63483612 0.63097795 0.62920858 0.62973656 0.635688 0.63539164 0.62768956 0.62517136 0.62347859 0.62147395 0.61993058 0.6189219 0.61802486 0.61671368 0.61489392 0.61247049 0.61091719 0.6121775 0.61255094 0.61250848 0.61234191 0.61230564 0.61330673 0.61774765 0.61768122 0.6126779 0.61106644 0.61071452 0.61094255 0.61170106 0.61271042 0.61317892 0.61374623 0.61704641 0.62501678 0.62474136 0.61623892 0.61255302 0.61179501 0.61133242 0.61139584
0.64390828 0.6450068 0.64393132 0.63998167 0.63641407 0.6345992 0.63424409 0.63467508 0.63577241 0.63985421 0.65448241 0.66896282 0.64693673 0.63691891 0.63421839 0.632671 0.63102617 0.6301603 0.62972077 0.62948116 0.63307911 0.63257097 0.62632465 0.62329708 0.621674 0.62047161 0.61974445 0.61981234 0.620151 0.61858629 0.61611642 0.61419368 0.61319187 0.61308206 0.61315569 0.61327678 0.61314371 0.61273512 0.61287677 0.61400058 0.61383015 0.61218108 0.61134383 0.61130269 0.61211042 0.61443791 0.61835432 0.61849184 0.61528044 0.61448564 0.61540292 0.61505652 0.61337904 0.61335465 0.61656968 0.61611408 0.61176177
0.64088966 0.63869936 0.63738891 0.63592462 0.6348493 0.63490774 0.63645022 0.63840979 0.63851808 0.63914627 0.64517161 0.64955842 0.64063203 0.63405245 0.63140643 0.63025309 0.63002905 0.63240784 0.63497493 0.6298987 0.62767364 0.62628063 0.62399419 0.62224193 0.62113063 0.62036347 0.62017367 0.62196289 0.62691986 0.62271244 0.61772776 0.6155879 0.61458078 0.61414016 0.61424883 0.61532179 0.61560599 0.61376512 0.61277951 0.61256614 0.61238684 0.612083 0.61197284 0.61223165 0.61342597 0.61776112 0.6312201 0.63115321 0.61774172 0.61381468 0.61300353 0.61270728 0.61251456 0.61435618 0.62474542 0.6245388 0.61247025
0.63890593 0.63625603 0.63520149 0.63474061 0.63484051 0.63636509 0.64143479 0.64994626 0.64703394 0.63936938 0.63733909 0.63663659 0.63408114 0.63160009 0.630487 0.63022308 0.63009681 0.63331671 0.63799745 0.62983539 0.6256957 0.62392432 0.62274772 0.6220645 0.62172479 0.62120232 0.62076571 0.62224571 0.62700409 0.62302693 0.61853245 0.61686065 0.61606282 0.61543385 0.61537922 0.61774341 0.61921951 0.61482945 0.61314471 0.61266541 0.61266876 0.61300297 0.613485 0.61376203 0.61437332 0.61753025 0.62666067 0.62651958 0.61706101 0.61365919 0.613185 0.613616 0.61323538 0.61330969 0.61637047 0.61574743 0.61056945
0.63703374 0.63539721 0.63520328 0.63566712 0.63623226 0.63791199 0.6454861 0.66639613 0.65800708 0.64010655 0.6345151 0.63264159 0.63149676 0.63078172 0.63153897 0.63418059 0.6317064 0.62967948 0.62932434 0.62666525 0.62430576 0.62303068 0.62256336 0.62314102 0.62465634 0.62424166 0.6219365 0.62098684 0.62112669 0.6200905 0.61889672 0.61884251 0.61887393 0.61760279 0.61628906 0.61636349 0.6163413 0.61464605 0.6136261 0.61336058 0.61377795 0.61518797 0.61730102 0.617367 0.61571421 0.61564872 0.61713954 0.61693632 0.61482433 0.61373675 0.61510923 0.61980428 0.61765596 0.6129168 0.61144239 0.61029448 0.60850339
0.63587609 0.63566634 0.63710992 0.63971414 0.64049182 0.63932512 0.64186169 0.64930569 0.64591699 0.63698024 0.63289049 0.63170015 0.63177262 0.63173895 0.63276611 0.63919636 0.63350809 0.6279516 0.62597269 0.62459217 0.62351258 0.62288684 0.62298057 0.62519287 0.63276398 0.63254669 0.62406479 0.6209749 0.62000936 0.61959608 0.62007406 0.62311458 0.62678456 0.62216126 0.61778505 0.61607221 0.61536325 0.6148163 0.61448395 0.61448144 0.61528307 0.61856332 0.62740079 0.6272799 0.61830839 0.6152567 0.61484195 0.61492522 0.6146721 0.61436457 0.61652094 0.62703087 0.62208096 0.61292999 0.61004499 0.60872821 0.60773007
0.63589438 0.63682979 0.64069511 0.65033489 0.65353821 0.64287908 0.63828133 0.63771653 0.63611209 0.63340714 0.63187742 0.63242473 0.63601531 0.63709044 0.63270151 0.63176204 0.62934682 0.62630707 0.62469002 0.62398343 0.62382898 0.62371354 0.62361311 0.62544821 0.63279885 0.63260976 0.62435641 0.62147692 0.62070482 0.62046413 0.62139195 0.62752285 0.64 0.62685413 0.61915186 0.61676723 0.61608719 0.61611444 0.6163158 0.61627905 0.61665988 0.61994629 0.63191572 0.63176906 0.61917802 0.61541715 0.61516819 0.616884 0.61839802 0.61644507 0.61525652 0.61680587 0.61513537 0.61144607 0.60943867 0.60849852 0.60806001
0.63751418 0.63848811 0.64271316 0.65825966 0.66557154 0.64486093 0.63669207 0.63413086 0.63281841 0.63196636 0.63185907 0.63336701 0.64228748 0.64742941 0.6336097 0.62871118 0.62654929 0.62499231 0.62418655 0.62446332 0.62621399 0.62724998 0.62513681 0.62418841 0.62519955 0.62486749 0.62297975 0.62257844 0.62338087 0.62282977 0.62201808 0.62422949 0.62758581 0.62330376 0.61920096 0.61762011 0.61760528 0.61894506 0.62067987 0.62004735 0.6182391 0.61841509 0.62087935 0.62050333 0.61705854 0.61540636 0.61628115 0.62242294 0.63310983 0.62180305 0.6148889 0.61291906 0.61164765 0.61026152 0.60929659 0.60902339 0.60970199
0.64286438 0.64188225 0.64139772 0.64576399 0.64688997 0.63981979 0.63514415 0.63319039 0.63232349 0.63261287 0.63421663 0.63349865 0.6354715 0.63636638 0.63066347 0.62705379 0.62535593 0.6244571 0.6241888 0.62539766 0.6312342 0.63752236 0.62795018 0.62384323 0.62294377 0.62264264 0.62272371 0.62506176 0.63177985 0.62910958 0.62310507 0.62164748 0.62148341 0.62046133 0.61922434 0.61870023 0.61958957 0.62385425 0.63299218 0.6295172 0.62090474 0.61782429 0.61716474 0.61674055 0.6161148 0.61575006 0.61659202 0.62244731 0.6330957 0.62171207 0.61437013 0.61191022 0.61083977 0.6101708 0.6097522 0.60997691 0.61260205
0.65866353 0.65063774 0.64123999 0.63893589 0.63789506 0.63596395 0.63460595 0.63433617 0.63371359 0.6340207 0.63964603 0.63476471 0.63076713 0.62930916 0.62735146 0.62580049 0.62515234 0.6249484 0.62468928 0.62535871 0.62953885 0.63342206 0.62701401 0.62365452 0.62291754 0.62289414 0.62321479 0.62606486 0.63590121 0.63181422 0.6235565 0.62120506 0.62073322 0.62068523 0.62057852 0.62040158 0.62126391 0.62686146 0.64528087 0.63742547 0.62249651 0.61806102 0.61674287 0.61672038 0.61791205 0.6181746 0.61663874 0.61715714 0.61827014 0.61586175 0.61305743 0.61167174 0.6112724 0.61129589 0.61108037 0.61091731 0.61249086
0.66577816 0.65368554 0.64083632 0.63697646 0.63583568 0.6354082 0.63610592 0.63993594 0.63921553 0.63404513 0.63370434 0.63130645 0.62830176 0.62666367 0.62563692 0.6253464 0.62640338 0.62807485 0.62676248 0.62507431 0.62528092 0.62556097 0.6243348 0.62365671 0.62460425 0.62573763 0.624661 0.62441576 0.6260683 0.62509394 0.6225446 0.62154606 0.62199338 0.62350865 0.6247548 0.62387145 0.62261958 0.62410426 0.62843108 0.6263984 0.62111742 0.61857474 0.61752131 0.61798979 0.62333507 0.6264065 0.61781665 0.61502691 0.61418911 0.61327176 0.61235795 0.61204446 0.61286323 0.61489447 0.61471722 0.61250603 0.61184796
0.64646441 0.64334776 0.63854148 0.63663359 0.63687365 0.63776259 0.63831393 0.64542634 0.64496293 0.63388106 0.63009685 0.62809855 0.62644079 0.62534506 0.62483913 0.62536597 0.62893795 0.63765942 0.63143076 0.62546224 0.6239674 0.62366731 0.62357125 0.62433378 0.62856401 0.63568382 0.62841063 0.62402721 0.62311877 0.62270977 0.62230883 0.62259249 0.62456787 0.63015817 0.63745046 0.63251906 0.6251196 0.62243356 0.62202637 0.62144073 0.62084811 0.62083113 0.61979197 0.61878814 0.6216049 0.62305623 0.61698299 0.61421199 0.61326805 0.61287557 0.61268531 0.6129459 0.61509826 0.62359128 0.62348318 0.61486875 0.61295607
