WatsonE12E13/1mHCPcon.asc
NCOLS 499
NROWS 380
XLLCORNER 149.806
YLLCORNER -30.2865
CELLSIZE 1e-05
NODATA_VALUE -9999
[rows 260 to 285 of 380, columns 60 to 119 of 499]
94.186487 94.136535 94.08617 94.035402 93.984242 93.932702 93.880795 93.828537 93.775941 93.723025 93.669807 93.616306 93.562542 93.508539 93.454318 93.399905 93.345328 93.290614 93.235794 93.1809 93.125965 93.071025 93.016119 92.961285 92.906567 92.852008 92.797655 92.743556 92.689764 92.636332 92.583316 92.530775 92.478771 92.427369 92.376635 92.32664 92.277457 92.229162 92.181835 92.135558 92.090415 92.046497 92.003894 91.962703 91.923021 91.88495 91.848594 91.814061 91.78146 91.750905 91.72251 91.69639 91.672664 91.651449 91.632861 91.617016 91.604028 91.594005 91.587052 91.583266
94.18968 94.140394 94.090716 94.040657 93.990229 93.939445 93.888317 93.83686 93.78509 93.733024 93.680681 93.628079 93.575239 93.522185 93.468938 93.415526 93.361974 93.30831 93.254566 93.200773 93.146964 93.093176 93.039445 92.985812 92.932318 92.879007 92.825924 92.773119 92.720642 92.668545 92.616884 92.565717 92.515105 92.46511 92.415799 92.367239 92.319504 92.272665 92.226802 92.181992 92.138321 92.095872 92.054735 92.015002 91.976767 91.940127 91.905182 91.872035 91.840789 91.811552 91.784431 91.759536 91.736976 91.716861 91.6993 91.6844 91.672267 91.663001 91.6567 91.653455
94.193861 94.145245 94.09626 94.046915 93.997224 93.947197 93.89685 93.846198 93.795256 93.744041 93.692573 93.64087 93.588954 93.536846 93.484572 93.432156 93.379625 93.327007 93.274332 93.221633 93.168943 93.116297 93.063732 93.011289 92.959007 92.90693 92.855104 92.803576 92.752396 92.701616 92.651291 92.601477 92.552234 92.503623 92.455709 92.408559 92.362242 92.31683 92.272399 92.229025 92.18679 92.145775 92.106067 92.067753 92.030925 91.995676 91.9621 91.930295 91.900361 91.872398 91.846509 91.822796 91.801363 91.782312 91.765745 91.751763 91.740463 91.73194 91.726285 91.723583
94.198991 94.151051 94.102761 94.054134 94.005182 93.955916 93.906353 93.856506 93.806392 93.756029 93.705435 93.65463 93.603635 93.552472 93.501166 93.449742 93.398227 93.346649 93.295037 93.243424 93.191844 93.14033 93.08892 93.037654 92.986571 92.935714 92.885129 92.834862 92.784962 92.73548 92.68647 92.637987 92.59009 92.542838 92.496296 92.450527 92.4056 92.361585 92.318554 92.276583 92.235749 92.196133 92.157816 92.120884 92.085423 92.051524 92.019276 91.988773 91.960108 91.933379 91.908681 91.886112 91.865768 91.847746 91.832142 91.81905 91.808562 91.800767 91.795751 91.793595
94.205033 94.157771 94.110181 94.062274 94.014063 93.96556 93.91678 93.86774 93.818454 93.768942 93.71922 93.669311 93.619234 93.569013 93.518671 93.468234 93.417728 93.367182 93.316626 93.26609 93.215609 93.165217 93.114951 93.064849 93.014951 92.965299 92.915938 92.866914 92.818275 92.770071 92.722355 92.675181 92.628606 92.582689 92.537491 92.493076 92.44951 92.406861 92.365199 92.324598 92.285131 92.246877 92.209915 92.174327 92.140195 92.107606 92.076646 92.047404 92.01997 91.994434 91.970888 91.949424 91.930134 91.913108 91.898437 91.88621 91.876513 91.869431 91.865045 91.863433
94.211949 94.165369 94.11848 94.071295 94.023826 93.976087 93.928092 93.879857 93.831398 93.782734 93.733884 93.684867 93.635705 93.58642 93.537037 93.48758 93.438077 93.388556 93.339046 93.289578 93.240186 93.190904 93.141768 93.092816 93.044089 92.995626 92.947473 92.899674 92.852276 92.80533 92.758886 92.712997 92.66772 92.623112 92.579232 92.536143 92.493909 92.452595 92.41227 92.373005 92.334872 92.297945 92.262302 92.22802 92.195179 92.163862 92.134151 92.106131 92.079888 92.055507 92.033076 92.012681 91.99441 91.978349 91.964582 91.953194 91.944268 91.937882 91.934116 91.933044
94.219705 94.173808 94.127622 94.08116 94.034433 93.987457 93.940246 93.892815 93.845182 93.797365 93.749382 93.701253 93.653001 93.604648 93.556217 93.507734 93.459226 93.41072 93.362247 93.313837 93.265522 93.217338 93.169319 93.121503 93.07393 93.02664 92.979677 92.933084 92.886908 92.841198 92.796004 92.751377 92.707374 92.664048 92.62146 92.579668 92.538736 92.498727 92.459707 92.421746 92.384912 92.349277 92.314917 92.281904 92.250317 92.220234 92.191735 92.164899 92.139809 92.116546 92.095194 92.075834 92.058549 92.043421 92.03053 92.019957 92.011779 92.006074 92.002915 92.002376
94.228265 94.183052 94.13757 94.091831 94.045847 93.999633 93.953204 93.906576 93.859765 93.812791 93.765671 93.718427 93.671079 93.623651 93.576166 93.528649 93.481127 93.433628 93.386181 93.338817 93.291568 93.244467 93.197552 93.150857 93.104423 93.058288 93.012496 92.96709 92.922116 92.87762 92.833653 92.790266 92.74751 92.705441 92.664117 92.623594 92.583934 92.5452 92.507454 92.470763 92.435195 92.400819 92.367705 92.335927 92.305557 92.276672 92.249346 92.223658 92.199684 92.177504 92.157195 92.138836 92.122505 92.10828 92.096239 92.086455 92.079006 92.073962 92.071398 92.071382
94.237595 94.193068 94.148289 94.103272 94.05803 94.012577 93.966928 93.921099 93.875108 93.828972 93.782711 93.736346 93.689896 93.643386 93.596839 93.55028 93.503735 93.457232 93.410801 93.364471 93.318275 93.272245 93.226418 93.180829 93.135516 93.09052 93.04588 93.001642 92.957848 92.914545 92.871782 92.829609 92.788077 92.747239 92.70715 92.667868 92.629452 92.591961 92.555457 92.520005 92.485669 92.452517 92.420616 92.390037 92.360849 92.333125 92.306938 92.282361 92.259469 92.238336 92.219036 92.201646 92.186238 92.172887 92.161667 92.152649 92.145906 92.141506 92.13952 92.140015
94.247664 94.203821 94.159745 94.115449 94.070946 94.026252 93.98138 93.936348 93.891172 93.84587 93.800463 93.75497 93.709412 93.663813 93.618195 93.572585 93.527007 93.48149 93.436063 93.390755 93.345598 93.300625 93.255871 93.211371 93.167163 93.123286 93.079781 93.036689 92.994055 92.951923 92.910341 92.869358 92.829023 92.789389 92.75051 92.712441 92.675238 92.63896 92.603668 92.569422 92.536286 92.504324 92.473603 92.444187 92.416147 92.38955 92.364466 92.340966 92.31912 92.299 92.280678 92.264223 92.249708 92.237203 92.226778 92.218501 92.212442 92.208667 92.207243 92.208235
94.258438 94.215279 94.171904 94.128328 94.084563 94.040623 93.996525 93.952285 93.90792 93.863447 93.818887 93.77426 93.729587 93.68489 93.640194 93.595522 93.550901 93.506359 93.461923 93.417624 93.373493 93.329562 93.285866 93.242439 93.199318 93.156542 93.114151 93.072186 93.03069 92.989706 92.949282 92.909464 92.870302 92.831846 92.794149 92.757264 92.721245 92.686151 92.652039 92.618969 92.587 92.556196 92.52662 92.498335 92.471408 92.445903 92.421889 92.399431 92.378599 92.35946 92.342082 92.326533 92.312881 92.301193 92.291537 92.283977 92.278579 92.275409 92.274529 92.276004
94.269887 94.22741 94.184735 94.141875 94.098845 94.055657 94.012329 93.968876 93.925316 93.881667 93.837948 93.794179 93.750382 93.70658 93.662795 93.619052 93.575377 93.531798 93.488342 93.445038 93.401918 93.359014 93.316359 93.273988 93.231937 93.190244 93.148948 93.108088 93.067708 93.027851 92.988561 92.949884 92.911869 92.874565 92.838022 92.802293 92.767431 92.73349 92.700528 92.668602 92.637769 92.608091 92.579627 92.55244 92.526592 92.502147 92.479168 92.457721 92.43787 92.419679 92.403215 92.388541 92.375723 92.364825 92.355911 92.349044 92.344286 92.3417 92.341347 92.343288
94.28198 94.240184 94.198206 94.15606 94.11376 94.071321 94.028758 93.986087 93.943326 93.900494 93.857609 93.814691 93.771762 93.728844 93.685961 93.643137 93.600397 93.557768 93.515278 93.472956 93.430833 93.38894 93.347311 93.305978 93.264979 93.224349 93.184128 93.144354 93.105068 93.066314 93.028135 92.990575 92.953682 92.917503 92.882088 92.847487 92.813752 92.780936 92.749094 92.718281 92.688553 92.659968 92.632585 92.606464 92.581663 92.558245 92.53627 92.5158 92.496898 92.479625 92.464044 92.450217 92.438205 92.42807 92.419872 92.413674 92.409534 92.407511 92.407666 92.410056
94.294689 94.253571 94.212287 94.170851 94.129278 94.087582 94.045779 94.003885 93.961917 93.919894 93.877835 93.835761 93.793691 93.751648 93.709656 93.667739 93.625922 93.584231 93.542695 93.501341 93.4602 93.419302 93.378681 93.33837 93.298404 93.258819 93.219652 93.180942 93.14273 93.105056 93.067964 93.031497 92.9957 92.960621 92.926307 92.892807 92.860171 92.828451 92.797699 92.767969 92.739315 92.711793 92.68546 92.660372 92.636587 92.614164 92.593161 92.573638 92.555654 92.539269 92.524541 92.511531 92.500297 92.490899 92.483394 92.47784 92.474295 92.472816 92.473459 92.476281
94.307985 94.267541 94.226948 94.186219 94.145368 94.10441 94.063361 94.022237 93.981056 93.939836 93.898595 93.857354 93.816134 93.774957 93.733846 93.692824 93.651918 93.611152 93.570555 93.530155 93.48998 93.450062 93.410433 93.371126 93.332174 93.293614 93.255482 93.217816 93.180654 93.144039 93.10801 93.072611 93.037887 93.003881 92.970641 92.938215 92.90665 92.875997 92.846306 92.81763 92.79002 92.763531 92.738217 92.714132 92.691332 92.669873 92.649812 92.631205 92.614109 92.598581 92.584679 92.572458 92.561976 92.553288 92.54645 92.541518 92.538547 92.53759 92.538703 92.541939
94.32184 94.282067 94.242161 94.202133 94.162 94.121775 94.081474 94.041114 94.000712 93.960286 93.919855 93.879439 93.83906 93.798738 93.758496 93.718359 93.67835 93.638497 93.598825 93.559363 93.52014 93.481186 93.442531 93.40421 93.366254 93.3287 93.291582 93.254938 93.218806 93.183226 93.148238 93.113883 93.080206 93.047248 93.015057 92.983677 92.953156 92.923542 92.894884 92.867232 92.840637 92.815151 92.790825 92.767713 92.745868 92.725344 92.706194 92.688474 92.672237 92.657539 92.644433 92.632975 92.623217 92.615215 92.60902 92.604687 92.602267 92.601813 92.603377 92.607009
94.336228 94.297122 94.257898 94.218568 94.179146 94.139648 94.100089 94.060485 94.020855 93.981215 93.941585 93.901985 93.862435 93.822958 93.783574 93.744309 93.705186 93.666231 93.627471 93.588933 93.550645 93.512638 93.474941 93.437588 93.40061 93.364041 93.327918 93.292276 93.257152 93.222584 93.188613 93.155279 93.122624 93.090689 93.05952 93.02916 92.999656 92.971053 92.9434 92.916745 92.891136 92.866623 92.843257 92.821089 92.800169 92.78055 92.762282 92.74542 92.730014 92.716117 92.703781 92.693058 92.684 92.676659 92.671084 92.667327 92.665438 92.665466 92.667462 92.671473
94.351122 94.31268 94.274132 94.235494 94.196778 94.158001 94.119176 94.080322 94.041455 94.002594 93.963756 93.924962 93.886231 93.847587 93.80905 93.770645 93.732394 93.694325 93.656461 93.618832 93.581464 93.544387 93.507631 93.471227 93.435208 93.399607 93.364457 93.329795 93.295657 93.262081 93.229104 93.196767 93.165109 93.134173 93.104 93.074634 93.04612 93.018502 92.991826 92.966139 92.941488 92.917921 92.895486 92.874233 92.854209 92.835466 92.818054 92.802021 92.787418 92.774295 92.762703 92.75269 92.744307 92.737602 92.732624 92.729421 92.728042 92.728533 92.730942 92.735316
94.366498 94.328714 94.290838 94.252886 94.21487 94.176806 94.13871 94.100598 94.062486 94.024393 93.986338 93.948339 93.910418 93.872596 93.834894 93.797336 93.759945 93.722746 93.685765 93.649029 93.612565 93.576402 93.540569 93.505097 93.470018 93.435364 93.401169 93.367467 93.334293 93.301685 93.26968 93.238316 93.207632 93.177669 93.148468 93.120071 93.092521 93.065861 93.040135 93.015389 92.991668 92.969019 92.947487 92.927121 92.907966 92.890072 92.873486 92.858256 92.844429 92.832055 92.82118 92.811852 92.804119 92.798027 92.793624 92.790954 92.790065 92.791 92.793805 92.798524
94.382331 94.345199 94.307991 94.270718 94.233396 94.196039 94.158663 94.121284 94.083919 94.046586 94.009304 93.972091 93.934968 93.897956 93.861077 93.824353 93.787808 93.751466 93.715353 93.679495 93.643919 93.608653 93.573726 93.539169 93.505011 93.471285 93.438024 93.405261 93.373031 93.341369 93.310313 93.279899 93.250165 93.221151 93.192897 93.165443 93.138831 93.113103 93.088301 93.06447 93.041652 93.019893 92.999238 92.979731 92.961418 92.944346 92.92856 92.914105 92.901029 92.889377 92.879195 92.870528 92.863422 92.857921 92.85407 92.851913 92.851494 92.852855 92.856039 92.861087
94.398597 94.362113 94.325565 94.288966 94.252331 94.215673 94.17901 94.142356 94.105729 94.069147 94.032627 93.996189 93.959854 93.923641 93.887572 93.851669 93.815957 93.780458 93.745198 93.710203 93.675498 93.641113 93.607075 93.573413 93.540158 93.507341 93.474994 93.443149 93.411842 93.381105 93.350975 93.321488 93.292682 93.264593 93.237261 93.210726 93.185027 93.160205 93.136301 93.113358 93.091417 93.070522 93.050717 93.032043 93.014546 92.998269 92.983257 92.969553 92.957202 92.946248 92.936734 92.928704 92.922202 92.91727 92.913951 92.912286 92.912318 92.914087 92.917633 92.922997
94.415273 94.379431 94.343538 94.307606 94.27165 94.235685 94.199726 94.163789 94.127891 94.092049 94.056282 94.020609 93.985049 93.949623 93.914352 93.879258 93.844365 93.809695 93.775273 93.741125 93.707276 93.673755 93.640588 93.607804 93.575433 93.543506 93.512053 93.481107 93.4507 93.420867 93.391642 93.36306 93.335157 93.30797 93.281537 93.255896 93.231085 93.207144 93.184113 93.162032 93.140943 93.120887 93.101905 93.084039 93.067331 93.051825 93.037561 93.024582 93.012932 93.002651 92.993783 92.986368 92.980447 92.976063 92.973255 92.972064 92.972529 92.974688 92.978581 92.984245
94.432338 94.397132 94.361887 94.326615 94.291332 94.256051 94.220788 94.185559 94.15038 94.11527 94.080245 94.045325 94.01053 93.975879 93.941393 93.907095 93.873006 93.839151 93.805552 93.772236 93.739227 93.706553 93.67424 93.642316 93.610811 93.579754 93.549176 93.519108 93.489583 93.460632 93.432289 93.40459 93.377568 93.35126 93.325702 93.30093 93.276984 93.253899 93.231716 93.210474 93.190211 93.170968 93.152784 93.135701 93.119758 93.104996 93.091457 93.07918 93.068206 93.058576 93.050329 93.043507 93.038147 93.03429 93.031974 93.031238 93.032118 93.034652 93.038876 93.044826
94.449769 94.415193 94.38059 94.345971 94.311353 94.276748 94.242172 94.207642 94.173174 94.138784 94.104492 94.070314 94.036272 94.002384 93.968671 93.935155 93.901857 93.868802 93.836012 93.803512 93.771327 93.739483 93.708007 93.676926 93.646268 93.616063 93.586341 93.557131 93.528465 93.500375 93.472894 93.446055 93.419892 93.39444 93.369734 93.34581 93.322703 93.300452 93.279093 93.258664 93.239203 93.220748 93.203339 93.187013 93.171811 93.15777 93.144931 93.133332 93.123012 93.114009 93.106363 93.100112 93.095293 93.091943 93.0901 93.0898 93.091079 93.093972 93.098513 93.104736
94.467547 94.433594 94.399625 94.365653 94.331691 94.297754 94.263858 94.230017 94.196249 94.162571 94.128999 94.095553 94.062252 94.029115 93.996162 93.963415 93.930895 93.898625 93.866629 93.834929 93.803552 93.772522 93.741866 93.711609 93.681781 93.652409 93.623523 93.595152 93.567326 93.540077 93.513436 93.487436 93.46211 93.437492 93.413615 93.390514 93.368225 93.346783 93.326224 93.306585 93.287902 93.270212 93.253553 93.237962 93.223476 93.210133 93.197971 93.187027 93.177339 93.168942 93.161875 93.156174 93.151876 93.149014 93.147626 93.147746 93.149407 93.152644 93.157488 93.163972
94.48565 94.452314 94.418973 94.385639 94.352326 94.319049 94.285822 94.252663 94.219585 94.186607 94.153746 94.12102 94.088448 94.056049 94.023844 93.991852 93.960096 93.928598 93.89738 93.866467 93.835881 93.805648 93.775795 93.746346 93.717329 93.688772 93.660703 93.63315 93.606145 93.579716 93.553895 93.528713 93.504202 93.480396 93.457326 93.435027 93.413532 93.392876 93.373094 93.354222 93.336293 93.319345 93.303413 93.288533 93.274742 93.262074 93.250567 93.240256 93.231177 93.223365 93.216857 93.211687 93.207889 93.205498 93.204547 93.20507 93.207098 93.210664 93.215799 93.222532
