WatsonE12E13/1mHCPcon.asc
NCOLS 499
NROWS 380
XLLCORNER 149.806
YLLCORNER -30.2865
CELLSIZE 1e-05
NODATA_VALUE -9999
[rows 182 to 207 of 380, columns 120 to 179 of 499]
98.376142 97.721546 96.923548 96.837219 96.754653 96.668266 96.721834 97.202073 98.641108 98.040328 96.888324 96.676893 96.313313 95.733712 95.295375 94.959333 94.667226 94.516897 94.530104 94.980806 95.311274 94.772367 94.532097 94.358318 94.195041 93.944705 93.490618 93.249414 92.400289 93.452988 93.953377 94.231649 94.435366 94.581432 94.695391 94.809656 95.010213 95.45146 95.158217 94.924078 94.844427 94.777543 94.685804 94.569073 94.383916 93.715203 91.780324 93.204427 94.396139 94.775685 94.953069 95.08186 95.203358 95.315151 95.394565 95.597689 96.122608 95.586901 95.365302 95.302035
97.767158 97.403594 96.805432 96.686896 96.739005 96.840231 96.912383 97.51797 101.52142 99.375091 96.591885 95.890989 95.51273 95.157416 94.807206 94.430511 93.856862 93.463886 94.251994 94.480077 94.624641 94.529189 94.394097 94.251394 94.053063 93.715787 92.288915 92.952652 93.626433 93.909163 94.150898 94.322642 94.460523 94.575707 94.672638 94.7805 94.98589 95.440901 95.14052 94.892468 94.801659 94.723814 94.569234 94.322457 94.357701 94.264739 94.028432 94.239134 94.600646 94.809769 94.927331 95.033178 95.199578 95.496644 95.450277 95.379025 95.417824 95.318323 95.217304 95.171271
96.949469 96.823286 96.700169 96.750731 97.148786 97.892519 97.639824 97.123849 97.445882 96.917412 95.903747 95.343524 94.990406 94.681349 94.312042 93.78825 93.103077 91.45431 93.78542 94.254872 94.34005 94.29592 94.203449 94.085938 93.818472 93.393696 93.485262 93.620993 93.936625 94.105891 94.223671 94.32308 94.431225 94.545959 94.626265 94.709256 94.829926 94.924525 94.884566 94.785961 94.713991 94.655162 94.437184 93.564978 94.20369 94.52671 94.571575 94.647019 94.753457 94.82039 94.836054 94.888941 95.107734 95.633029 95.462582 95.213423 95.150386 95.089088 95.03173 95.002058
96.796641 96.751111 96.786247 96.94392 97.920144 102.77167 100.32208 96.956898 96.143594 95.671378 95.195711 94.807617 94.509469 94.241189 93.866341 92.31539 92.94157 93.486275 93.907713 94.116765 94.115987 94.024271 93.935665 93.794867 93.82281 93.664644 93.876314 93.990685 94.095108 94.161052 94.177408 94.186721 94.296579 94.482408 94.599111 94.656164 94.74275 94.776311 94.73428 94.598403 94.471178 94.541072 94.542956 94.375799 94.522359 94.69681 94.7649 94.806097 94.829393 94.789531 94.568179 94.366391 94.805291 95.08131 95.106528 95.027608 94.951018 94.854109 94.78102 94.784126
96.818136 97.063405 97.381288 97.311368 97.708226 100.29939 98.907974 96.3932 95.475681 94.969725 94.564575 94.215332 93.916611 93.813863 93.635029 93.376213 93.503286 93.865642 94.005749 94.012702 93.837859 93.42431 93.542706 93.588071 93.873263 93.976804 94.046514 94.108569 94.148677 94.133253 93.966783 93.607371 93.82602 94.321212 94.554399 94.650076 94.703517 94.710605 94.631089 94.24396 93.402333 94.245833 94.630777 94.715553 94.776951 94.839732 94.877949 94.895835 94.88585 94.790259 94.33469 93.561758 94.589661 94.855551 94.885741 94.841065 94.753021 94.529994 94.147112 94.563539
96.977963 98.064069 100.52851 98.757017 97.124811 96.832014 96.302625 95.468994 94.824387 94.315546 93.829819 93.438237 92.645681 93.215292 93.738701 93.845395 93.925348 94.018597 94.031083 93.905653 93.584797 91.907936 92.794659 93.731616 93.93949 94.03896 94.096859 94.134004 94.14393 94.084057 93.687588 91.613699 92.69215 94.168024 94.541022 94.655065 94.669376 94.653425 94.606078 94.255825 93.417053 94.296202 94.735573 94.867571 94.925434 94.958378 94.971459 94.974062 94.974334 94.891674 94.696101 94.557454 94.693977 94.748092 94.705869 94.647677 94.580371 94.374411 93.665725 94.348659
97.136754 98.765972 106.67351 100.23906 96.710153 95.783619 95.238955 94.698485 94.133289 93.53049 92.679003 91.556385 92.770216 93.281147 93.780309 93.960919 94.063991 94.137715 94.110917 93.735799 93.427653 93.325413 93.455471 93.806173 93.960007 94.037949 94.085604 94.103344 94.077152 94.052168 93.872253 93.160308 93.54622 94.346914 94.650378 94.702669 94.549221 94.397478 94.597575 94.629536 94.585304 94.74784 94.927086 95.023368 95.071759 95.094309 95.07982 95.047275 95.093309 94.994344 94.880806 94.807626 94.750687 94.63478 94.417697 94.340394 94.485433 94.457815 94.353738 94.381707
97.556681 97.546739 98.385763 97.300148 95.868823 95.095958 94.561975 94.043448 93.359006 92.014162 91.991933 91.442658 93.011687 93.564947 93.849583 94.044072 94.198008 94.378066 94.69502 94.021877 93.671001 93.745055 93.78759 93.873931 93.94399 93.992105 94.032049 94.029949 93.782415 93.808525 94.13672 94.216124 94.433336 94.765143 94.94834 94.873666 94.353318 93.485844 94.57639 94.857896 94.959992 95.065189 95.170198 95.236202 95.272397 95.337779 95.289268 95.130772 95.061434 95.018498 94.969048 94.900337 94.765856 94.508442 93.763085 93.244977 94.261969 94.38555 94.340398 94.257033
99.726675 96.860366 96.212789 95.664346 95.027759 94.461578 93.94442 93.371274 92.649534 90.970204 91.855805 92.909128 93.358642 93.674998 93.917236 94.20668 94.599231 94.607961 95.246805 94.295319 93.928347 93.846242 93.837869 93.85762 93.872626 93.866581 93.903363 93.97795 93.794362 93.861535 94.335838 94.609248 94.950571 95.44805 95.715342 95.370387 94.878817 94.607326 94.883124 95.100327 95.245927 95.384854 95.52939 95.599923 95.554466 95.796778 95.746393 95.230302 95.107436 95.089844 95.099569 95.067564 94.837642 94.401712 94.017399 93.687474 94.180226 94.260058 94.169793 93.990909
98.35975 96.166411 95.366773 94.860787 94.371956 93.83264 93.168892 92.637075 91 92.481707 92.884936 93.252101 93.505796 93.727195 93.988438 94.392416 96.126406 94.789148 94.28947 94.053662 93.881232 93.801522 93.771007 93.767314 93.735241 93.502296 93.419708 93.898267 94.129605 94.325862 94.608078 94.921936 95.455733 96.979598 98.624001 96.353263 95.408047 95.18347 95.252058 95.428092 95.620928 95.838447 96.233081 96.575406 96.054487 95.677895 95.494918 95.222053 95.158319 95.234909 95.388619 95.640772 95.32082 94.310385 94.362651 94.26078 94.208534 94.104645 93.901805 93.573411
95.991169 95.299298 94.754751 94.29693 93.810272 93.202115 91.677619 91.602552 92.560342 92.924983 93.182738 93.364019 93.528189 93.722806 94.183385 94.550502 94.477449 94.247733 93.972173 93.829989 93.734123 93.66047 93.591755 93.583049 93.596262 93.108552 92.640845 93.855037 94.283353 94.613152 94.981119 95.299771 95.755107 97.685042 100.75773 96.758472 95.653771 95.475151 95.608275 95.923984 96.273666 96.51068 97.45324 100.53607 97.080034 95.686069 95.290567 95.143975 95.198345 95.537838 96.017376 96.82197 96.651242 94.950802 94.525457 94.304225 94.106534 93.862799 93.495096 92.94133
95.068642 94.669788 94.257954 93.811262 93.250084 92.133613 92.299159 92.43421 92.907099 93.094298 93.222726 93.344926 93.488018 93.648261 93.925328 94.15848 93.923244 93.810486 93.698538 93.606428 93.536872 93.444644 93.151646 93.030283 93.475987 93.579586 93.678788 94.075942 94.46599 94.978484 95.872084 96.311783 95.907229 96.182507 96.518143 95.993851 95.664825 95.699498 96.029558 96.829418 98.044871 97.824371 97.502146 98.672724 96.71267 95.525034 95.101069 94.990441 95.148991 95.967205 98.640369 96.282583 95.601594 94.88273 94.465949 94.171515 93.870469 93.482848 92.864132 91.392283
94.573568 94.247838 93.868857 93.258059 92.772782 92.106117 92.601702 92.875428 92.973271 93.037421 93.122493 93.256194 93.39907 93.632876 93.584342 93.621759 93.585693 93.520523 93.432208 93.321643 93.254726 93.223618 92.688991 92.176682 93.398317 93.76078 94.011556 94.31555 94.674891 95.340535 97.907833 99.882445 96.213528 95.633567 95.609196 95.61062 95.706973 95.9825 96.501329 98.099407 104.66579 101.54305 97.311972 96.403975 95.726117 95.121256 94.726081 94.647627 94.971444 95.364831 96.27195 95.581996 95.004415 94.600566 94.253178 93.908627 93.479689 92.765174 92.154101 90.317552
94.260942 93.977061 93.636646 93.030331 92.481245 92.886481 92.880334 92.858211 92.814946 92.772293 92.828667 93.217326 93.305986 93.321148 93.350419 93.352069 93.323903 93.264859 93.142512 92.814104 92.540391 92.970178 93.113036 93.198441 93.548083 93.865066 94.218329 94.679379 95.018272 95.322455 96.486779 97.105287 95.792216 95.378918 95.38326 95.555258 95.939871 96.639822 97.177138 97.978262 101.53918 99.892613 96.828756 95.782592 95.17896 94.63302 93.919475 93.444844 94.651702 94.893684 95.017156 94.893675 94.617539 94.299735 93.940321 93.487106 92.890783 91.653352 90.468595 92.457468
94.131318 93.92888 93.525384 93.359232 93.087953 92.952556 92.78856 92.58015 92.379721 92.21207 91.696879 92.783808 93.060465 93.120794 93.145249 93.129138 93.070478 92.98988 92.865994 92.157117 90.49672 92.682046 93.204469 93.425461 93.651984 93.94306 94.462554 95.805515 96.567759 95.354071 95.262916 95.333928 95.211954 95.189362 95.345348 95.66028 96.34491 98.710193 100.21188 97.521428 97.286771 96.856155 96.029584 95.393117 94.761636 93.988476 93.165786 91.118063 93.909231 94.525371 94.633993 94.552345 94.327483 93.966563 93.469548 92.848237 91.026006 92.120939 92.529024 93.278967
94.22699 94.360136 93.611227 93.320423 93.063149 92.79657 92.464258 91.962835 90.856329 91.665532 92.018851 92.602159 92.860866 92.946363 92.960918 92.909431 92.736912 92.487402 92.570311 92.53574 92.39613 92.893392 93.241384 93.469824 93.689513 93.954156 94.485058 96.367821 97.724133 95.264393 94.847693 94.845926 94.925621 95.109623 95.496475 96.02575 96.510434 98.624846 100.07741 97.032706 96.268543 95.954935 95.630398 95.289456 94.626737 92.377941 93.494499 93.66958 94.129075 94.422878 94.491317 94.393504 94.114821 93.578861 92.27558 92.017669 91.949075 92.716233 93.410598 93.862709
94.218835 93.807958 93.460752 93.177603 92.887133 92.493729 91.77203 91.155945 89.460023 91.316164 92.282883 92.589318 92.738361 92.793779 92.787381 92.70352 92.292597 90.49146 91.903403 92.665869 92.870325 93.064023 93.270965 93.500806 93.791254 93.974964 94.19629 94.72144 94.982715 94.683386 94.564845 94.631296 94.803727 95.115884 95.940192 98.149969 96.923694 96.546625 96.602249 96.157491 95.877966 95.785495 95.704411 95.683545 95.726351 94.277897 94.121969 94.224824 94.346068 94.466117 94.520424 94.4137 93.951659 93.315713 91.610468 91.468334 93.035625 93.475563 93.845725 94.25507
93.839687 93.512644 93.273922 93.01808 92.662484 92.15032 90.58918 88.915161 91.449656 91.990927 92.366524 92.552615 92.635956 92.642587 92.584265 92.527597 92.299027 91.45422 92.133623 92.721349 92.940429 93.090461 93.255524 93.517125 94.254619 94.326674 93.972728 94.098739 94.225594 94.274304 94.349372 94.525748 94.82961 95.157441 95.852018 98.051147 96.672237 95.870755 95.794631 95.796254 95.866961 96.164611 96.910319 95.884207 95.482445 94.733779 94.434195 94.384563 94.448389 94.583895 94.784755 94.93999 94.060371 92.874635 93.276705 93.24916 93.577115 93.823976 94.061007 94.482263
93.470822 93.32411 93.165103 92.944146 92.417189 91.175189 91.588489 91.425696 91.959571 92.247718 92.41229 92.506993 92.541738 92.477312 92.118497 92.114443 92.440457 92.481663 92.62526 92.817603 92.951311 93.052929 93.180261 93.393984 93.777171 93.877834 93.764407 93.826765 93.932116 94.044685 94.196122 94.488763 95.299878 95.83889 95.331486 95.583949 95.575997 95.526104 95.663042 95.946753 96.513538 96.639115 98.093616 95.918873 95.031758 94.629044 94.420569 94.376975 94.495919 94.802262 95.283452 97.35772 95.256365 94.057225 93.860211 93.823197 93.883126 93.967972 94.026001 94.250388
93.301488 93.27518 93.219554 93.214574 92.730663 91.876065 92.080143 92.145934 92.238927 92.33782 92.409878 92.45303 92.464153 92.387642 91.822878 91.837219 92.487301 92.672666 92.793526 92.888305 92.94746 92.948027 93.042891 93.225268 93.391302 93.499639 93.565898 93.652705 93.765231 93.904114 94.076781 94.356691 95.174698 95.723667 94.996625 95.017009 95.199285 95.501433 96.055257 96.560513 98.684892 97.274962 95.85892 95.207661 94.702913 94.400823 94.237336 94.215169 94.441154 95.411575 96.098207 95.688434 94.988771 94.328977 94.088991 94.011075 93.99988 93.999437 93.803062 93.590547
93.278403 93.52771 93.725413 93.529839 93.041653 92.484347 92.331956 92.302235 92.319172 92.353162 92.380511 92.389997 92.393912 92.394295 92.343114 92.401211 92.60363 92.804477 92.963644 93.000834 92.967745 92.878982 92.961324 93.11452 93.229075 93.329321 93.423481 93.525931 93.651324 93.83802 94.113092 94.170899 94.39583 94.585286 94.636393 94.817677 95.198157 95.80308 97.600108 99.057727 96.683635 95.952495 95.148249 94.678441 94.332673 94.065268 93.879988 93.814973 93.869655 95.095868 95.934664 94.888365 94.516754 94.260868 94.114372 94.045438 94.00163 93.982014 93.976554 93.995412
93.44655 94.097953 96.511187 93.353577 92.759393 92.474387 92.342829 92.305956 92.32433 92.353207 92.353916 92.332762 92.3163 92.374044 92.422312 92.516056 92.702461 93.076308 93.597865 93.377673 93.052407 92.957569 92.975547 93.04525 93.130789 93.223282 93.324608 93.437313 93.560271 93.764009 94.226973 94.058074 94.094878 94.235948 94.423488 94.75845 95.575375 97.039848 97.022799 97.478047 95.740561 95.042456 94.595966 94.238784 93.914833 93.570809 93.1194 93.14556 92.970331 94.017931 94.478672 94.403686 94.257902 94.134474 94.043923 93.997073 93.976504 93.951383 94.038691 94.085543
95.05137 93.83404 93.542066 92.901312 92.517951 92.327841 92.241371 92.245855 92.3574 92.487879 92.390482 92.306174 92.298364 92.332572 92.406301 92.522566 92.743077 93.467692 96.956982 94.250275 93.118587 92.936199 92.933647 92.986033 93.060003 93.147367 93.257422 93.421102 93.529846 93.615132 93.771858 93.852273 93.932901 94.064469 94.312272 94.783991 95.614612 98.368915 96.022909 95.347434 94.865286 94.469341 94.140255 93.799504 93.368466 92.887518 91.260944 91.374801 93.332601 93.854696 94.101795 94.137348 94.065613 93.980906 93.926509 93.826054 93.974312 94.017725 94.058896 94.096341
93.80389 93.210001 92.715334 92.447754 92.248849 92.120567 92.065674 92.128481 92.517064 93.899109 92.573794 92.250045 92.219909 92.274269 92.396751 92.546087 92.689507 93.119023 94.109564 93.529281 92.979918 92.865235 92.884992 92.94576 93.016316 93.093446 93.195165 93.37386 93.495556 93.539857 93.657624 93.763628 93.84685 93.92411 94.173071 95.332701 95.080046 95.111085 94.858899 94.537945 94.277625 94.020906 93.72922 93.329422 92.440959 91.188801 92.161606 92.515812 93.452154 93.850629 94.011066 94.026932 93.879074 93.600198 93.823103 93.901681 93.97329 94.02846 94.079785 94.132157
92.618992 92.473184 92.274885 92.108383 91.973472 91.856825 91.766427 91.862295 92.238826 92.914789 92.348929 92.119063 92.108384 92.203596 92.499198 93.065103 92.703336 92.685445 92.829262 92.825481 92.766884 92.787212 92.874692 92.968999 93.023787 93.079705 93.134781 93.265704 93.405259 93.545886 93.694422 93.83524 93.910048 93.754079 93.661698 94.248141 94.342364 94.257979 94.165167 94.024929 93.855784 93.641594 93.313214 92.661675 92.214899 91.219332 92.791143 93.367804 93.738265 93.969107 94.070525 94.080415 93.854992 93.294059 93.752367 93.909735 93.975686 94.043867 94.136388 94.256607
92.192607 92.072686 91.933744 91.795808 91.681426 91.535437 90.949548 91.296156 91.790452 91.967552 91.963419 91.933387 91.960076 92.080292 92.472873 93.704923 92.642748 92.452254 92.492928 92.553351 92.624919 92.753916 93.006452 93.264197 93.149222 93.08273 93.117735 93.256484 93.45862 93.702056 93.939437 94.201524 94.694273 93.954111 93.682471 93.784404 93.821712 93.798316 93.743557 93.653625 93.506904 93.2395 92.934941 91.668009 92.323226 93.009932 93.432977 93.792495 94.066702 94.264073 94.27613 94.442807 94.097279 93.845533 93.848726 93.907751 93.978609 94.083079 94.268431 94.668767
