WatsonE12E13/1mHCPmag.asc
NCOLS 600
NROWS 370
XLLCORNER 149.806
YLLCORNER -30.2864
CELLSIZE 1e-05
NODATA_VALUE -9999
[rows 175 to 199 of 370, columns 57 to 113 of 600]
0.72070025 0.75739603 0.73071755 0.70805864 0.69274238 0.68399616 0.6811449 0.68092921 0.68544433 0.68083992 0.67312745 0.66995862 0.66754839 0.66590039 0.66477023 0.66337781 0.66249607 0.6623823 0.65741852 0.65540205 0.65283789 0.65096093 0.65064534 0.65182804 0.65330366 0.65961295 0.67663253 0.6569941 0.64526516 0.64042379 0.63696365 0.6342221 0.63213526 0.6306838 0.63084472 0.63254958 0.62846533 0.625465 0.62425827 0.62303454 0.62231937 0.62210361 0.62232617 0.62596709 0.64495675 0.63544262 0.62167007 0.61832863 0.61677678 0.61560939 0.61511713 0.61538757 0.61760883 0.62377922 0.61736635 0.61534285 0.61236344
0.70979241 0.72535137 0.71334717 0.69577043 0.68498298 0.67909723 0.68224605 0.68725327 0.67827335 0.67540302 0.67277096 0.67156054 0.67119737 0.67148623 0.67306873 0.67259442 0.6676248 0.66906898 0.6596267 0.6551109 0.6532289 0.65243362 0.65336729 0.66048871 0.66411789 0.65457542 0.65226336 0.64700585 0.6414093 0.63776064 0.63528332 0.63364072 0.63255515 0.63135825 0.63226796 0.63937714 0.63004735 0.62523675 0.62356819 0.62304155 0.62384632 0.62528864 0.62407863 0.62390632 0.62813877 0.62535463 0.61938793 0.61682204 0.61583704 0.61571164 0.61674938 0.61861135 0.61900649 0.62373148 0.61602502 0.61226398 0.61070853
0.69720375 0.71862406 0.70370153 0.68855823 0.68041715 0.67356894 0.67344457 0.67778606 0.67566705 0.67489068 0.67547587 0.67708915 0.67942889 0.68148015 0.68942726 0.7022742 0.67523981 0.66485956 0.65967758 0.65676561 0.65637634 0.65704894 0.65685898 0.6649939 0.67127514 0.65267399 0.64592162 0.64210995 0.63899331 0.63666141 0.63510375 0.63492037 0.63701639 0.63466046 0.63097955 0.63018488 0.62741516 0.62501339 0.62393095 0.62398237 0.62773059 0.64010781 0.63029435 0.62234427 0.62051103 0.61902641 0.61723297 0.61623288 0.61623055 0.61716284 0.6203138 0.63390156 0.62236229 0.61564201 0.61277388 0.61094244 0.61019524
0.68375238 0.69080872 0.68915081 0.68560003 0.67973729 0.67536697 0.67318609 0.67423483 0.67560642 0.67834923 0.68277712 0.68828315 0.69672513 0.7024983 0.69565472 0.70365998 0.67753896 0.6654213 0.66114654 0.66002271 0.6634689 0.67349033 0.66471033 0.65683824 0.65381324 0.64773176 0.64314461 0.64026158 0.63838619 0.63728909 0.63644647 0.63696523 0.64707366 0.64079084 0.63078151 0.62773423 0.62627921 0.62585443 0.62596611 0.6254807 0.62802663 0.6399664 0.62979163 0.62096092 0.61822015 0.61707666 0.61657168 0.61675241 0.61821801 0.62208754 0.6221654 0.62639242 0.61955646 0.61344942 0.61124066 0.61048355 0.61091037
0.67259635 0.67676548 0.67851046 0.67723455 0.67511131 0.67324412 0.67269489 0.67462682 0.67906619 0.68636177 0.69758067 0.71042867 0.7189182 0.74671241 0.69698083 0.68147074 0.67192628 0.66620964 0.66538203 0.66606175 0.66956482 0.69598767 0.67264093 0.65464045 0.64855666 0.64471478 0.64190237 0.6401243 0.63958656 0.64116456 0.6419211 0.63815185 0.63765875 0.63463271 0.6297255 0.62732874 0.62680137 0.62939418 0.6351107 0.63029498 0.62532102 0.62456852 0.62194873 0.61878479 0.61719623 0.61678809 0.61747413 0.6191923 0.6211288 0.63523275 0.62706589 0.61744201 0.61412423 0.61168291 0.61060501 0.61087605 0.61283605
0.66427311 0.66729448 0.66912066 0.6696655 0.6696981 0.67016445 0.67220646 0.67710484 0.68615694 0.70026303 0.72030002 0.77728579 0.73226658 0.70870433 0.68854195 0.67585488 0.66991481 0.66841647 0.67629891 0.68660482 0.67062982 0.66764368 0.66048178 0.65173908 0.64679299 0.64390548 0.64232667 0.64173006 0.6421839 0.65008722 0.66322432 0.64213374 0.63432611 0.63121906 0.62916246 0.6279435 0.62781856 0.63335988 0.65821022 0.63801598 0.62430156 0.62055853 0.61866558 0.61741316 0.61707476 0.61768472 0.62000726 0.62936743 0.62535613 0.62211198 0.61902607 0.61427171 0.61193699 0.61081565 0.61076575 0.61225817 0.61776041
0.65783417 0.66030412 0.66224922 0.66376177 0.66533332 0.66781274 0.67245239 0.68100995 0.69612566 0.72597515 0.74299687 0.74836719 0.72058893 0.69299806 0.68030461 0.67354324 0.67170382 0.67146541 0.68104594 0.70029403 0.67067714 0.65949918 0.65409102 0.64965223 0.64648859 0.64468036 0.64486805 0.64759002 0.64616646 0.6478184 0.65367148 0.64029889 0.63329436 0.63086113 0.63098883 0.63166656 0.62942718 0.62969246 0.63448703 0.62885594 0.6218571 0.61874057 0.61738582 0.61709446 0.61827899 0.62128289 0.62206071 0.6292328 0.62437441 0.61692232 0.61423833 0.61230818 0.61120383 0.61101596 0.61308076 0.61342184 0.61395179
0.65266704 0.65490092 0.65700656 0.65916474 0.66184319 0.66590022 0.67281547 0.68521192 0.70657708 0.73112381 0.73967589 0.71086238 0.69583971 0.68370219 0.67668493 0.67410338 0.68086483 0.680189 0.6709075 0.66989844 0.66276912 0.65660341 0.6526928 0.64985133 0.64800102 0.64706706 0.6486048 0.66427564 0.65545662 0.64277019 0.63948352 0.63558412 0.63244222 0.63157133 0.63658806 0.64945587 0.63453025 0.62669408 0.6244103 0.62192871 0.6192058 0.61751143 0.61701739 0.6176463 0.62031355 0.63448606 0.62742898 0.61936687 0.616804 0.61427094 0.61279974 0.61197379 0.61221813 0.61249388 0.61475621 0.61434362 0.60942336
0.64835618 0.65049007 0.65273481 0.65531636 0.65870092 0.66374182 0.67202357 0.68695118 0.71899104 0.75636204 0.71246078 0.6955416 0.68552899 0.67967923 0.67793562 0.6786207 0.67745896 0.67525629 0.66612308 0.66224139 0.65927578 0.65662902 0.65447807 0.65265468 0.65242841 0.65397747 0.65013723 0.65253677 0.64805085 0.63986455 0.63623961 0.63442124 0.63319194 0.63224718 0.63653763 0.64926423 0.63377987 0.62472382 0.62125312 0.61914009 0.61758688 0.61682466 0.61754429 0.62084951 0.62082333 0.62383375 0.62120337 0.61614566 0.61422799 0.61350807 0.61375983 0.61362734 0.61511748 0.61776068 0.61081897 0.60900932 0.60716946
0.64461453 0.64668526 0.64899893 0.65178704 0.65547532 0.66080726 0.66908356 0.68253774 0.70307746 0.7172329 0.703224 0.68911259 0.68263445 0.68231498 0.68264831 0.68805658 0.67291994 0.66683429 0.66316872 0.66146466 0.6609781 0.66082493 0.66075419 0.65938924 0.65828561 0.67 0.65264156 0.64476986 0.6409708 0.63757205 0.63578367 0.63710472 0.64018938 0.63467 0.6312269 0.6304384 0.62649027 0.62227128 0.61956538 0.61782779 0.6168098 0.61662311 0.61786162 0.62656499 0.6222677 0.61710353 0.61552547 0.61423392 0.61387064 0.61468931 0.62006553 0.62273615 0.61410586 0.61164371 0.60858322 0.6068321 0.60581651
0.64124942 0.64324454 0.64553651 0.64833072 0.65197179 0.6570162 0.66434091 0.6752844 0.69235449 0.71992655 0.69963735 0.68924553 0.68447161 0.6960252 0.69535763 0.67624663 0.66829445 0.66408293 0.66319863 0.66483772 0.66828781 0.67140695 0.67493768 0.67946565 0.66210171 0.6559241 0.64842881 0.64232582 0.63913893 0.63735423 0.63655828 0.64129964 0.66 0.638703 0.62920229 0.62572559 0.62303811 0.62055856 0.61860274 0.61726347 0.61670305 0.61801231 0.61734291 0.61752341 0.61650621 0.61452795 0.6137692 0.61422915 0.61633232 0.61729493 0.6237038 0.62990046 0.61352126 0.60893253 0.60690989 0.60579139 0.60541499
0.63813818 0.64002739 0.64221336 0.6448575 0.64820639 0.65261855 0.65858451 0.66670322 0.67729433 0.68684786 0.69190072 0.68625476 0.68923165 0.68435981 0.68171329 0.66983711 0.66444724 0.66339982 0.66614292 0.67286984 0.68504146 0.69916608 0.6899343 0.69242541 0.66452542 0.65144689 0.64505205 0.64110637 0.63978561 0.64116302 0.6392494 0.63770175 0.63978084 0.63333523 0.62743784 0.62416476 0.62185812 0.61995091 0.61839979 0.61748262 0.61689724 0.61779439 0.61652553 0.61463683 0.6138144 0.61335444 0.61362338 0.61567742 0.62721926 0.62708959 0.61645634 0.61419841 0.61011232 0.60740747 0.60603074 0.60547204 0.60605693
0.63520845 0.63696239 0.63898099 0.64137798 0.6443091 0.64796931 0.65256224 0.65818527 0.66447292 0.670093 0.67350609 0.67358511 0.67358022 0.67063317 0.66695694 0.6630802 0.66172775 0.66426511 0.67193551 0.68646459 0.70974489 0.78666678 0.71755325 0.67562949 0.65912652 0.64908782 0.64362138 0.6408169 0.64156989 0.65493434 0.64724548 0.63569947 0.63221618 0.62918302 0.62620016 0.62385939 0.62203775 0.62058446 0.61911187 0.61891177 0.61837478 0.61569654 0.61449036 0.61351552 0.61310662 0.61370966 0.61577321 0.61644159 0.62195912 0.62141207 0.61292767 0.60976785 0.60782621 0.60654345 0.60598093 0.60592304 0.60701565
0.63242181 0.63402109 0.63583897 0.63794771 0.6404336 0.64338267 0.64684307 0.65074347 0.65476361 0.65828041 0.66060094 0.66149166 0.66130599 0.6600837 0.65859497 0.65801465 0.65987007 0.66602295 0.67954999 0.71067683 0.74473468 0.7278627 0.6983639 0.66844987 0.65446499 0.64695055 0.64326538 0.641613 0.6407323 0.6445271 0.64104771 0.63409495 0.63064031 0.62836499 0.62650788 0.62499448 0.62368602 0.62358744 0.62199941 0.61862362 0.6170698 0.61505151 0.61391701 0.61344081 0.6134802 0.61505882 0.62570153 0.62023925 0.61401112 0.61213917 0.60970084 0.60799646 0.60700796 0.60668576 0.60758619 0.60883373 0.60756575
0.6297606 0.63119801 0.63280644 0.63462727 0.6367014 0.63905509 0.64167355 0.64446128 0.64720531 0.64959069 0.65131682 0.65227097 0.6525679 0.65250451 0.65270051 0.65413694 0.65826644 0.6675095 0.68598739 0.71414236 0.74063532 0.69709165 0.67494972 0.66005209 0.65059557 0.64518844 0.64432646 0.64760403 0.64051319 0.63781737 0.63563169 0.63300606 0.6310543 0.62973607 0.62882505 0.62882968 0.62773528 0.62722555 0.62593108 0.61888908 0.61631371 0.61491323 0.61427773 0.61491084 0.61619033 0.61517376 0.61753975 0.61525604 0.61105585 0.60922341 0.60813033 0.60761302 0.60757656 0.60792604 0.61172335 0.62490296 0.61047303
0.62721818 0.6284969 0.62990448 0.63146194 0.63318435 0.6350707 0.6370894 0.63916256 0.64116025 0.64292245 0.64431767 0.64531504 0.64602909 0.64675047 0.64800104 0.65061569 0.65597124 0.66679578 0.69110888 0.74 0.69701485 0.67718964 0.66392593 0.65466511 0.64821362 0.6430257 0.64232581 0.64429823 0.63980212 0.63692169 0.63522522 0.63403375 0.63358522 0.63402333 0.63388937 0.63774979 0.64163923 0.62670423 0.62201342 0.61847709 0.61652482 0.61574901 0.6155361 0.61794409 0.62895544 0.61664239 0.61243453 0.61070698 0.60912317 0.60817414 0.60796054 0.60891616 0.6112234 0.61125325 0.61129719 0.61666179 0.6085143
0.62479247 0.62592276 0.62714786 0.62847677 0.62991172 0.63144227 0.6330385 0.63464647 0.63619157 0.63759586 0.63881031 0.63985304 0.64084281 0.64202961 0.6438344 0.64692032 0.65235492 0.66192256 0.67752485 0.6888884 0.68005831 0.66799076 0.65957595 0.65330821 0.64901008 0.64429816 0.64159802 0.64086796 0.63933096 0.63807903 0.63744071 0.63747891 0.63883302 0.64552924 0.64775897 0.63823119 0.63637792 0.62589929 0.62088095 0.61839368 0.61757391 0.61906986 0.61942367 0.6173735 0.61890136 0.61415101 0.61074431 0.60922571 0.60844937 0.60831456 0.60890896 0.61189913 0.62612153 0.62560597 0.61053392 0.60700007 0.60463403
0.62248231 0.62347822 0.6245431 0.62567958 0.6268847 0.62814689 0.62944351 0.63074078 0.63199896 0.63318469 0.63429005 0.63535496 0.63648897 0.63789222 0.63988023 0.6429213 0.64769421 0.65512543 0.66629128 0.68021628 0.67484191 0.66848104 0.66337797 0.65809732 0.65067495 0.64639162 0.64282002 0.64161284 0.64137087 0.64171254 0.64255013 0.64466207 0.64695853 0.65732744 0.66889219 0.6374922 0.62869458 0.62371554 0.62067045 0.61917851 0.61919486 0.62709212 0.63398978 0.61760235 0.61361252 0.61146395 0.60986362 0.60901225 0.6089592 0.61021242 0.61193072 0.61318824 0.62593381 0.62524959 0.60930031 0.6049151 0.60339917
0.6202857 0.62116255 0.62208955 0.62306645 0.62408903 0.62514787 0.62622788 0.62730992 0.62837537 0.62941462 0.63043867 0.63149235 0.63266703 0.634112 0.63604448 0.63875709 0.6426118 0.64797095 0.65485444 0.6617539 0.67014106 0.66786212 0.67650598 0.65681488 0.65013414 0.64562342 0.64412381 0.64466614 0.64659614 0.64951671 0.65242533 0.65783149 0.67100039 0.64910251 0.64251624 0.63266032 0.6263079 0.62288786 0.6218257 0.62278533 0.62090709 0.62200965 0.62282495 0.61570302 0.61228199 0.61076806 0.61011973 0.61001976 0.61055576 0.6152756 0.62791041 0.6150766 0.61142305 0.60958012 0.60596305 0.60422022 0.60406868
0.6181993 0.61897199 0.61978152 0.62062667 0.62150373 0.62240617 0.6233251 0.62425106 0.62517767 0.62610716 0.62705739 0.62806929 0.62921331 0.63059358 0.63234781 0.63463873 0.63762496 0.64138232 0.64573664 0.65017135 0.65388646 0.65541867 0.65525827 0.65024026 0.64677349 0.64567171 0.64710639 0.65097644 0.65684438 0.66510566 0.67949887 0.66658503 0.66126325 0.64435133 0.63481642 0.62905456 0.62528633 0.62314197 0.62417482 0.63758246 0.62531256 0.61803508 0.61574444 0.61348432 0.61190527 0.61134774 0.61212843 0.61403394 0.61355787 0.61578945 0.62763575 0.61364474 0.60738534 0.60532509 0.60425828 0.60508254 0.60981463
0.61621852 0.61690066 0.61761036 0.61834639 0.61910615 0.61988573 0.62068071 0.62148767 0.62230682 0.62314552 0.62402236 0.62497095 0.6260425 0.62730571 0.6288422 0.63073375 0.63303554 0.63572809 0.6386554 0.64149422 0.64376924 0.64506673 0.64524245 0.64466444 0.64495582 0.64741353 0.65288324 0.66243615 0.67818634 0.68801623 0.72160655 0.67769957 0.64972585 0.63858508 0.6317635 0.62781916 0.62651763 0.62549065 0.6235225 0.6261404 0.62142737 0.61646672 0.61427952 0.61313583 0.61278621 0.61322116 0.61629254 0.63129165 0.62355251 0.61260013 0.6106517 0.60772601 0.60525387 0.60420725 0.6039977 0.60629146 0.62470923
0.61433794 0.61494144 0.61556606 0.61621096 0.61687466 0.61755533 0.61825148 0.6189632 0.61969392 0.62045256 0.62125573 0.62212942 0.62310949 0.62423981 0.62556692 0.62712947 0.62894074 0.63096541 0.63309919 0.635171 0.63699181 0.63847565 0.63979346 0.64155977 0.64490676 0.65126439 0.6623122 0.67981363 0.71922712 0.75051901 0.68247878 0.66032369 0.64404908 0.63527948 0.6305064 0.62805839 0.63140393 0.6356846 0.6232954 0.61991155 0.61766963 0.61565607 0.61452938 0.61441148 0.61604376 0.61829841 0.61846422 0.63123929 0.62310553 0.6106277 0.60700881 0.60528592 0.604644 0.60570106 0.60603591 0.60508633 0.60873107
0.61255164 0.61308668 0.61363833 0.61420624 0.61478989 0.61538887 0.61600354 0.61663585 0.61729054 0.61797634 0.61870711 0.61950241 0.62038709 0.62138922 0.62253587 0.62384629 0.62532295 0.6269431 0.62865738 0.63040657 0.63216883 0.63404548 0.63638198 0.63992346 0.64600834 0.65684008 0.67589636 0.71469705 0.72060308 0.70251036 0.66813104 0.64962722 0.63925471 0.63350211 0.63201776 0.63025955 0.62818943 0.62770778 0.62190268 0.61879411 0.61717239 0.61636919 0.61644825 0.61729412 0.6227811 0.64227146 0.62128162 0.61508071 0.61180493 0.60798185 0.60588551 0.60482803 0.60523978 0.61307829 0.61953264 0.60492343 0.60207239
0.61085358 0.61132871 0.61181725 0.61231929 0.612835 0.61336493 0.61391047 0.61447447 0.61506195 0.61568077 0.6163422 0.61706099 0.61785472 0.61874228 0.6197412 0.62086422 0.62211605 0.62349297 0.62498961 0.6266195 0.62845677 0.6307063 0.63381505 0.63866367 0.64698072 0.6625049 0.69313831 0.7211269 0.71248257 0.67374944 0.65477355 0.64304072 0.63635628 0.63315217 0.63528758 0.63427628 0.62590169 0.62305629 0.62083136 0.6192678 0.61853688 0.61895106 0.62199931 0.6245444 0.62312402 0.63007668 0.61800682 0.61108918 0.6083273 0.60697012 0.60696041 0.60651211 0.60543893 0.60944238 0.61196517 0.60306044 0.60003145
0.60923782 0.6096602 0.61009365 0.61053858 0.61099565 0.61146599 0.61195153 0.61245544 0.61298254 0.61353969 0.61413607 0.61478305 0.61549378 0.6162822 0.61716186 0.61814478 0.61924163 0.62046502 0.621839 0.62341894 0.62532712 0.62781243 0.63135319 0.63685679 0.64612065 0.66310544 0.69854642 0.71814565 0.67909117 0.65938625 0.6467448 0.63906866 0.63586436 0.63755836 0.63103243 0.62802151 0.62472438 0.62289868 0.62199744 0.62168943 0.6221305 0.62343904 0.63265867 0.65463094 0.62359049 0.61625954 0.61216314 0.60904439 0.60742212 0.60774118 0.61405707 0.61751125 0.60655574 0.60354481 0.60231572 0.60035495 0.59912803
