WatsonE12E13/1mHCPcon.asc
NCOLS 499
NROWS 380
XLLCORNER 149.806
YLLCORNER -30.2865
CELLSIZE 1e-05
NODATA_VALUE -9999
[rows 78 to 103 of 380, columns 360 to 419 of 499]
108.73342 108.6765 108.61986 108.56355 108.50757 108.45195 108.39671 108.34187 108.28743 108.23341 108.17982 108.12668 108.07398 108.02175 107.96998 107.91868 107.86786 107.81751 107.76764 107.71824 107.66933 107.6209 107.57294 107.52546 107.47845 107.43191 107.38583 107.34022 107.29506 107.25035 107.20609 107.16227 107.11889 107.07594 107.03341 106.9913 106.94959 106.9083 106.8674 106.8269 106.78678 106.74704 106.70768 106.66869 106.63005 106.59178 106.55385 106.51627 106.47902 106.44212 106.40553 106.36928 106.33334 106.29771 106.2624 106.22738 106.19267 106.15825 106.12413 106.09029
108.75377 108.69601 108.63857 108.58146 108.52471 108.46834 108.41237 108.35681 108.30169 108.247 108.19277 108.139 108.08571 108.03289 107.98056 107.92872 107.87738 107.82653 107.77618 107.72632 107.67696 107.6281 107.57973 107.53186 107.48447 107.43757 107.39114 107.34519 107.29971 107.25469 107.21014 107.16603 107.12237 107.07915 107.03637 106.99401 106.95207 106.91054 106.86942 106.8287 106.78838 106.74844 106.70888 106.66969 106.63087 106.59242 106.55431 106.51656 106.47915 106.44207 106.40533 106.36892 106.33283 106.29705 106.26158 106.22643 106.19157 106.15701 106.12275 106.08877
108.7743 108.71568 108.6574 108.59946 108.54191 108.48477 108.42804 108.37175 108.31591 108.26054 108.20564 108.15124 108.09732 108.04392 107.99101 107.93862 107.88675 107.83539 107.78455 107.73423 107.68442 107.63513 107.58635 107.53808 107.49031 107.44304 107.39627 107.34998 107.30418 107.25885 107.214 107.16961 107.12567 107.08219 107.03915 106.99655 106.95437 106.91262 106.87128 106.83034 106.78981 106.74967 106.70992 106.67054 106.63154 106.5929 106.55463 106.5167 106.47913 106.44189 106.40499 106.36842 106.33218 106.29625 106.26064 106.22534 106.19034 106.15564 106.12124 106.08713
108.79504 108.73552 108.67635 108.61756 108.55918 108.50122 108.44371 108.38666 108.3301 108.27402 108.21844 108.16338 108.10883 108.05482 108.00133 107.94838 107.89597 107.8441 107.79276 107.74197 107.69171 107.64198 107.59278 107.54411 107.49596 107.44833 107.4012 107.35458 107.30846 107.26283 107.21768 107.173 107.1288 107.08505 107.04176 106.99891 106.9565 106.91452 106.87297 106.83182 106.79109 106.75075 106.7108 106.67124 106.63206 106.59325 106.5548 106.51671 106.47897 106.44157 106.40451 106.36779 106.33139 106.29532 106.25956 106.22411 106.18897 106.15414 106.1196 106.08535
108.81599 108.75552 108.69544 108.63576 108.57651 108.51771 108.45939 108.40156 108.34424 108.28743 108.23116 108.17542 108.12023 108.06559 108.01151 107.95799 107.90504 107.85264 107.8008 107.74953 107.69881 107.64864 107.59903 107.54996 107.50142 107.45342 107.40595 107.35899 107.31255 107.26661 107.22117 107.17621 107.13174 107.08773 107.04419 107.00111 106.95846 106.91626 106.87449 106.83314 106.7922 106.75167 106.71154 106.67179 106.63243 106.59344 106.55482 106.51657 106.47867 106.44111 106.4039 106.36702 106.33048 106.29426 106.25835 106.22276 106.18749 106.15251 106.11784 106.08346
108.83715 108.7757 108.71466 108.65405 108.5939 108.53424 108.47508 108.41644 108.35834 108.30078 108.24379 108.18736 108.13151 108.07624 108.02155 107.96745 107.91393 107.86101 107.80866 107.7569 107.70572 107.65512 107.60508 107.55561 107.50669 107.45833 107.4105 107.36322 107.31645 107.27021 107.22447 107.17924 107.1345 107.09024 107.04645 107.00313 106.96026 106.91784 106.87585 106.8343 106.79316 106.75244 106.71212 106.67219 106.63266 106.5935 106.55471 106.51629 106.47823 106.44052 106.40315 106.36613 106.32943 106.29307 106.25702 106.22129 106.18587 106.15076 106.11595 106.08144
108.85854 108.79606 108.73401 108.67244 108.61135 108.55079 108.49076 108.43129 108.37238 108.31406 108.25632 108.19919 108.14266 108.08674 108.03143 107.97674 107.92266 107.8692 107.81634 107.76409 107.71245 107.6614 107.61094 107.56106 107.51177 107.46303 107.41486 107.36724 107.32016 107.27362 107.22759 107.18208 107.13708 107.09256 107.04853 107.00498 106.96189 106.91925 106.87706 106.8353 106.79397 106.75306 106.71255 106.67245 106.63274 106.59341 106.55446 106.51588 106.47766 106.4398 106.40228 106.36511 106.32827 106.29175 106.25557 106.2197 106.18414 106.14889 106.11395 106.0793
108.88016 108.81659 108.7535 108.69092 108.62887 108.56737 108.50644 108.4461 108.38637 108.32725 108.26875 108.21089 108.15367 108.09709 108.04115 107.98586 107.93121 107.8772 107.82383 107.77109 107.71897 107.66748 107.6166 107.56632 107.51664 107.46754 107.41902 107.37107 107.32368 107.27684 107.23053 107.18474 107.13948 107.09471 107.05044 107.00666 106.96335 106.9205 106.8781 106.83615 106.79463 106.75353 106.71285 106.67257 106.63269 106.5932 106.55408 106.51534 106.47697 106.43895 106.40129 106.36396 106.32698 106.29032 106.254 106.21799 106.18229 106.14691 106.11183 106.07705
108.902 108.83731 108.77313 108.7095 108.64643 108.58396 108.5221 108.46087 108.40028 108.34035 108.28107 108.22247 108.16454 108.10728 108.0507 107.9948 107.93957 107.88501 107.83111 107.77788 107.72529 107.67335 107.62204 107.57137 107.5213 107.47185 107.42298 107.37471 107.327 107.27986 107.23327 107.18722 107.1417 107.09669 107.05218 107.00817 106.96465 106.92159 106.87899 106.83684 106.79514 106.75386 106.713 106.67255 106.6325 106.59285 106.55358 106.51468 106.47615 106.43799 106.40017 106.3627 106.32557 106.28878 106.25231 106.21617 106.18033 106.14482 106.1096 106.07469
108.92408 108.85821 108.79289 108.72816 108.66404 108.60056 108.53774 108.47559 108.41412 108.35334 108.29327 108.2339 108.17525 108.1173 108.06007 108.00355 107.94773 107.89262 107.83819 107.78446 107.7314 107.67901 107.62728 107.5762 107.52576 107.47594 107.42674 107.37814 107.33013 107.2827 107.23583 107.18951 107.14374 107.09849 107.05376 107.00952 106.96578 106.92252 106.87973 106.83739 106.7955 106.75405 106.71302 106.6724 106.63219 106.59237 106.55295 106.5139 106.47522 106.4369 106.39894 106.36133 106.32406 106.28713 106.25052 106.21424 106.17827 106.14262 106.10727 106.07222
108.94639 108.87928 108.81277 108.7469 108.68169 108.61717 108.55335 108.49024 108.42786 108.36623 108.30533 108.24519 108.18579 108.12715 108.06925 108.0121 107.95569 107.90001 107.84506 107.79082 107.73729 107.68445 107.6323 107.58082 107.53 107.47983 107.43029 107.38137 107.33306 107.28534 107.2382 107.19162 107.1456 107.10012 107.05516 107.01071 106.96677 106.92331 106.88032 106.8378 106.79573 106.7541 106.7129 106.67212 106.63175 106.59178 106.5522 106.513 106.47417 106.43571 106.39761 106.35986 106.32244 106.28537 106.24862 106.2122 106.1761 106.14031 106.10483 106.06966
108.96893 108.90052 108.83277 108.76571 108.69937 108.63376 108.56891 108.50482 108.44151 108.37898 108.31725 108.2563 108.19616 108.1368 108.07823 108.02044 107.96343 107.90719 107.8517 107.79696 107.74295 107.68967 107.6371 107.58522 107.53403 107.48351 107.43363 107.3844 107.33579 107.28779 107.24038 107.19355 107.14729 107.10158 107.0564 107.01174 106.9676 106.92394 106.88077 106.83807 106.79583 106.75403 106.71267 106.67173 106.6312 106.59107 106.55134 106.512 106.47302 106.43442 106.39617 106.35828 106.32073 106.28351 106.24663 106.21008 106.17384 106.13792 106.1023 106.06699
108.99169 108.92193 108.85288 108.78458 108.71706 108.65033 108.5844 108.5193 108.45503 108.39159 108.329 108.26724 108.20632 108.14624 108.08699 108.02856 107.97094 107.91413 107.85811 107.80286 107.74839 107.69466 107.64167 107.5894 107.53784 107.48697 107.43677 107.38722 107.33832 107.29005 107.24238 107.1953 107.14881 107.10287 107.05748 107.01262 106.96828 106.92444 106.88109 106.83821 106.7958 106.75384 106.71231 106.67122 106.63054 106.59026 106.55038 106.51089 106.47177 106.43303 106.39464 106.35661 106.31892 106.28157 106.24455 106.20786 106.17149 106.13543 106.09968 106.06424
109.01467 108.94348 108.87308 108.8035 108.73475 108.66685 108.59982 108.53367 108.46841 108.40404 108.34057 108.27798 108.21628 108.15547 108.09552 108.03644 107.97822 107.92083 107.86427 107.80853 107.75358 107.69941 107.64601 107.59335 107.54142 107.49021 107.43969 107.38984 107.34066 107.29211 107.24419 107.19688 107.15015 107.104 107.0584 107.01335 106.96881 106.92479 106.88127 106.83822 106.79565 106.75352 106.71185 106.6706 106.62977 106.58935 106.54932 106.50969 106.47043 106.43155 106.39302 106.35485 106.31703 106.27954 106.24239 106.20556 106.16905 106.13286 106.09698 106.0614
109.03784 108.96517 108.89336 108.82244 108.75241 108.68331 108.61514 108.54792 108.48164 108.41632 108.35194 108.28851 108.22601 108.16445 108.10381 108.04408 107.98524 107.92728 107.87018 107.81394 107.75852 107.70391 107.6501 107.59706 107.54478 107.49323 107.44239 107.39226 107.34279 107.29399 107.24582 107.19828 107.15133 107.10497 107.05917 107.01393 106.96921 106.92502 106.88132 106.83812 106.79538 106.75311 106.71128 106.66988 106.62891 106.58834 106.54818 106.5084 106.46901 106.42998 106.39132 106.35301 106.31505 106.27743 106.24014 106.20318 106.16654 106.13021 106.0942 106.05849
109.0612 108.98698 108.9137 108.84138 108.77003 108.69968 108.63034 108.56201 108.49469 108.42838 108.36309 108.2988 108.2355 108.17318 108.11183 108.05144 107.99199 107.93346 107.87583 107.81909 107.76321 107.70817 107.65395 107.60054 107.5479 107.49603 107.44489 107.39446 107.34473 107.29568 107.24727 107.1995 107.15235 107.10579 107.0598 107.01437 106.96948 106.92512 106.88126 106.8379 106.79501 106.75259 106.71061 106.66907 106.62796 106.58725 106.54695 106.50704 106.46751 106.42835 106.38955 106.35111 106.31301 106.27526 106.23783 106.20074 106.16396 106.1275 106.09134 106.0555
109.08473 109.00889 108.93407 108.8603 108.78758 108.71595 108.64539 108.57592 108.50753 108.44023 108.374 108.30883 108.24471 108.18164 108.11958 108.05853 107.99846 107.93936 107.8812 107.82396 107.76763 107.71216 107.65755 107.60377 107.5508 107.4986 107.44717 107.39647 107.34648 107.29718 107.24855 107.20057 107.15321 107.10646 107.06029 107.01469 106.96963 106.92511 106.8811 106.83758 106.79455 106.75198 106.70986 106.66818 106.62693 106.58609 106.54565 106.50561 106.46594 106.42665 106.38772 106.34914 106.31091 106.27302 106.23546 106.19823 106.16132 106.12472 106.08843 106.05244
109.10839 109.03086 108.95444 108.87916 108.80504 108.73207 108.66027 108.58963 108.52015 108.45182 108.38464 108.31858 108.25364 108.1898 108.12703 108.06532 108.00464 107.94497 107.88628 107.82856 107.77177 107.71589 107.6609 107.60676 107.55345 107.50095 107.44923 107.39827 107.34803 107.2985 107.24966 107.20147 107.15392 107.10698 107.06064 107.01488 106.96966 106.92499 106.88083 106.83717 106.79399 106.75129 106.70904 106.66722 106.62584 106.58487 106.5443 106.50412 106.46432 106.4249 106.38583 106.34712 106.30876 106.27073 106.23304 106.19567 106.15862 106.12188 106.08546 106.04933
109.13217 109.05287 108.97479 108.89795 108.82236 108.74802 108.67493 108.60309 108.5325 108.46313 108.39498 108.32803 108.26226 108.19764 108.13416 108.07179 108.0105 107.95027 107.89107 107.83286 107.77564 107.71935 107.66398 107.6095 107.55587 107.50308 107.45108 107.39986 107.34939 107.29965 107.2506 107.20222 107.15449 107.10738 107.06088 107.01495 106.96959 106.92477 106.88047 106.83668 106.79337 106.75053 106.70815 106.66621 106.62469 106.58359 106.54289 106.50259 106.46266 106.4231 106.38391 106.34506 106.30657 106.2684 106.23057 106.19307 106.15588 106.119 106.08244 106.04617
109.15601 109.07487 108.99507 108.91661 108.83951 108.76375 108.68935 108.61629 108.54456 108.47414 108.40501 108.33715 108.27054 108.20515 108.14096 108.07793 108.01604 107.95525 107.89554 107.83687 107.77921 107.72253 107.6668 107.61198 107.55805 107.50497 107.45272 107.40126 107.35057 107.30062 107.25138 107.20282 107.15492 107.10765 107.06099 107.01493 106.96942 106.92447 106.88004 106.83611 106.79268 106.74971 106.70721 106.66514 106.6235 106.58228 106.54145 106.50102 106.46096 106.42128 106.38195 106.34298 106.30434 106.26605 106.22808 106.19043 106.1531 106.11609 106.07938 106.04297
109.17989 109.09684 109.01524 108.93511 108.85644 108.77924 108.70349 108.62918 108.55629 108.48479 108.41467 108.34591 108.27846 108.2123 108.14739 108.08372 108.02123 107.9599 107.89968 107.84056 107.78248 107.72542 107.66934 107.61421 107.55999 107.50665 107.45415 107.40247 107.35157 107.30143 107.252 107.20328 107.15522 107.10781 107.06101 107.01481 106.96918 106.92409 106.87954 106.83549 106.79194 106.74885 106.70623 106.66404 106.62228 106.58094 106.53999 106.49943 106.45925 106.41943 106.37998 106.34087 106.3021 106.26367 106.22556 106.18777 106.1503 106.11314 106.07629 106.03974
109.20376 109.11871 109.03526 108.95339 108.87312 108.79443 108.7173 108.64171 108.56764 108.49507 108.42395 108.35427 108.28598 108.21905 108.15345 108.08913 108.02605 107.96419 107.90349 107.84393 107.78545 107.72803 107.67162 107.61619 107.56169 107.5081 107.45538 107.40349 107.3524 107.30208 107.25249 107.20361 107.15541 107.10786 107.06094 107.01461 106.96886 106.92366 106.87899 106.83483 106.79116 106.74797 106.70523 106.66293 106.62105 106.57958 106.53852 106.49783 106.45753 106.41758 106.378 106.33876 106.29985 106.26128 106.22303 106.18511 106.14749 106.11018 106.07318 106.03648
109.22755 109.14043 109.05506 108.97141 108.88949 108.80927 108.73074 108.65385 108.57859 108.50492 108.43281 108.36221 108.29308 108.22539 108.15909 108.09415 108.0305 107.96812 107.90696 107.84697 107.78811 107.73034 107.67362 107.6179 107.56315 107.50933 107.4564 107.40432 107.35306 107.30258 107.25284 107.20383 107.1555 107.10783 107.06079 107.01435 106.96849 106.92318 106.87841 106.83414 106.79037 106.74707 106.70422 106.66181 106.61982 106.57824 106.53705 106.49625 106.45582 106.41574 106.37603 106.33665 106.29761 106.2589 106.22051 106.18244 106.14467 106.10722 106.07006 106.03321
109.25121 109.16195 109.07459 108.98911 108.90549 108.82372 108.74374 108.66555 108.58908 108.51432 108.4412 108.36968 108.29973 108.23129 108.16431 108.09875 108.03455 107.97167 107.91006 107.84966 107.79044 107.73235 107.67534 107.61937 107.56438 107.51035 107.45723 107.40498 107.35356 107.30294 107.25308 107.20394 107.1555 107.10772 107.06058 107.01404 106.96808 106.92268 106.87781 106.83345 106.78958 106.74617 106.70322 106.6607 106.6186 106.57691 106.53561 106.49468 106.45413 106.41393 106.37408 106.33457 106.29539 106.25654 106.218 106.17978 106.14187 106.10426 106.06695 106.02993
109.27467 109.18319 109.09378 109.00641 108.92106 108.8377 108.75627 108.67675 108.59907 108.5232 108.44908 108.37667 108.30589 108.23672 108.16907 108.10291 108.03818 107.97482 107.91278 107.85201 107.79246 107.73406 107.67678 107.62057 107.56538 107.51116 107.45788 107.40548 107.35392 107.30318 107.25321 107.20397 107.15543 107.10756 107.06033 107.0137 106.96766 106.92217 106.87721 106.83276 106.7888 106.7453 106.70225 106.65963 106.61743 106.57563 106.53421 106.49316 106.45248 106.41216 106.37217 106.33253 106.29321 106.25421 106.21552 106.17715 106.13908 106.10131 106.06384 106.02666
109.29784 109.20407 109.11255 109.02325 108.93614 108.85115 108.76825 108.68739 108.6085 108.53153 108.45642 108.38311 108.31154 108.24164 108.17335 108.10662 108.04138 107.97757 107.91513 107.854 107.79414 107.73547 107.67795 107.62153 107.56616 107.51178 107.45835 107.40582 107.35416 107.30331 107.25325 107.20392 107.1553 107.10736 107.06005 107.01336 106.96724 106.92168 106.87664 106.83211 106.78806 106.74448 106.70134 106.65862 106.61631 106.5744 106.53287 106.49171 106.4509 106.41045 106.37033 106.33054 106.29107 106.25193 106.21309 106.17456 106.13633 106.0984 106.06076 106.02341
