WatsonE12E13/1mHCPmag.asc
NCOLS 600
NROWS 370
XLLCORNER 149.806
YLLCORNER -30.2864
CELLSIZE 1e-05
NODATA_VALUE -9999
[rows 125 to 149 of 370, columns 399 to 455 of 600]
0.52952836 0.52968985 0.52984846 0.53000435 0.53015771 0.5303087 0.53045752 0.53060431 0.53074925 0.5308925 0.5310342 0.53117452 0.53131357 0.5314515 0.53158844 0.53172449 0.53185976 0.53199435 0.53212837 0.53226188 0.53239497 0.53252772 0.53266017 0.53279239 0.53292443 0.53305633 0.53318813 0.53331987 0.53345156 0.53358323 0.53371489 0.53384657 0.53397826 0.53410997 0.5342417 0.53437345 0.5345052 0.53463696 0.53476871 0.53490043 0.53503211 0.53516372 0.53529525 0.53542668 0.53555796 0.53568909 0.53582004 0.53595077 0.53608125 0.53621146 0.53634137 0.53647094 0.53660014 0.53672894 0.53685731 0.53698522 0.53711264
0.52932061 0.5294851 0.52964649 0.52980499 0.52996078 0.53011407 0.53026505 0.5304139 0.53056081 0.53070595 0.53084948 0.53099157 0.53113237 0.53127202 0.53141065 0.53154838 0.53168535 0.53182164 0.53195735 0.53209259 0.53222742 0.53236193 0.53249617 0.53263021 0.5327641 0.53289788 0.5330316 0.53316527 0.53329894 0.53343261 0.53356632 0.53370006 0.53383385 0.53396768 0.53410156 0.53423549 0.53436944 0.53450342 0.53463741 0.53477139 0.53490534 0.53503923 0.53517306 0.53530678 0.53544038 0.53557382 0.53570708 0.53584013 0.53597293 0.53610544 0.53623765 0.53636951 0.536501 0.53663207 0.53676269 0.53689283 0.53702247
0.52911608 0.52928347 0.52944755 0.52960853 0.52976664 0.5299221 0.53007511 0.53022589 0.53037463 0.53052152 0.53066676 0.5308105 0.53095292 0.53109417 0.53123439 0.53137372 0.53151227 0.53165017 0.53178751 0.53192439 0.5320609 0.53219711 0.53233309 0.53246891 0.5326046 0.53274023 0.53287583 0.53301142 0.53314705 0.53328272 0.53341845 0.53355426 0.53369015 0.53382611 0.53396216 0.53409827 0.53423444 0.53437066 0.53450691 0.53464316 0.53477941 0.53491562 0.53505177 0.53518783 0.53532377 0.53545956 0.53559517 0.53573057 0.53586571 0.53600058 0.53613512 0.53626931 0.53640311 0.53653649 0.5366694 0.53680182 0.5369337
0.52891508 0.52908527 0.52925191 0.52941524 0.52957552 0.52973299 0.52988789 0.53004043 0.53019085 0.53033936 0.53048615 0.53063141 0.53077531 0.53091804 0.53105973 0.53120053 0.53134057 0.53147998 0.53161886 0.53175731 0.53189542 0.53203327 0.53217094 0.53230847 0.53244594 0.53258338 0.53272083 0.53285832 0.53299589 0.53313354 0.5332713 0.53340917 0.53354716 0.53368527 0.53382348 0.5339618 0.5341002 0.53423868 0.53437721 0.53451577 0.53465435 0.5347929 0.53493141 0.53506984 0.53520816 0.53534633 0.53548433 0.53562211 0.53575965 0.5358969 0.53603382 0.53617038 0.53630654 0.53644226 0.5365775 0.53671222 0.5368464
0.52871799 0.52889083 0.52905987 0.52922539 0.52938767 0.52954698 0.52970357 0.52985771 0.53000964 0.53015959 0.53030777 0.53045439 0.53059963 0.53074369 0.53088672 0.53102888 0.5311703 0.53131111 0.53145143 0.53159137 0.531731 0.53187043 0.53200971 0.53214892 0.53228811 0.53242732 0.53256659 0.53270596 0.53284545 0.53298508 0.53312486 0.53326479 0.53340489 0.53354514 0.53368554 0.53382607 0.53396673 0.53410749 0.53424833 0.53438923 0.53453016 0.53467109 0.53481199 0.53495283 0.53509356 0.53523416 0.53537459 0.53551481 0.53565477 0.53579444 0.53593379 0.53607276 0.53621131 0.53634942 0.53648703 0.53662411 0.53676061
0.52852517 0.52870049 0.52887176 0.52903927 0.52920334 0.52936428 0.52952238 0.52967791 0.52983115 0.52998235 0.53013174 0.53027954 0.53042596 0.5305712 0.53071542 0.5308588 0.53100148 0.53114358 0.53128524 0.53142657 0.53156765 0.53170857 0.53184942 0.53199024 0.5321311 0.53227205 0.53241312 0.53255434 0.53269573 0.53283732 0.53297911 0.53312111 0.53326332 0.53340573 0.53354832 0.5336911 0.53383403 0.5339771 0.53412028 0.53426355 0.53440687 0.53455022 0.53469355 0.53483683 0.53498002 0.53512309 0.53526598 0.53540867 0.53555111 0.53569326 0.53583506 0.53597649 0.53611749 0.53625802 0.53639805 0.53653752 0.53667639
0.52833704 0.52851464 0.5286879 0.52885717 0.52902281 0.52918515 0.52934451 0.52950121 0.52965554 0.52980777 0.52995816 0.53010696 0.53025438 0.53040062 0.53054588 0.53069034 0.53083413 0.53097741 0.5311203 0.53126292 0.53140536 0.5315477 0.53169004 0.53183242 0.53197491 0.53211755 0.53226038 0.53240343 0.53254672 0.53269026 0.53283406 0.53297813 0.53312245 0.53326703 0.53341184 0.53355687 0.53370211 0.53384752 0.53399307 0.53413874 0.53428449 0.53443028 0.53457608 0.53472185 0.53486755 0.53501313 0.53515854 0.53530375 0.53544871 0.53559337 0.53573769 0.53588162 0.53602511 0.53616812 0.5363106 0.53645251 0.5365938
0.52815405 0.52833368 0.52850867 0.52867943 0.52884636 0.52900983 0.52917019 0.5293278 0.52948296 0.52963599 0.52978716 0.52993673 0.53008495 0.53023202 0.53037814 0.53052351 0.53066829 0.53081261 0.53095661 0.53110042 0.53124412 0.53138781 0.53153156 0.53167545 0.53181952 0.53196381 0.53210838 0.53225323 0.53239839 0.53254387 0.53268968 0.53283582 0.53298227 0.53312903 0.53327608 0.5334234 0.53357096 0.53371874 0.53386669 0.5340148 0.53416302 0.53431131 0.53445963 0.53460793 0.53475618 0.53490431 0.5350523 0.53520008 0.53534761 0.53549484 0.53564172 0.53578821 0.53593424 0.53607977 0.53622476 0.53636915 0.53651291
0.52797668 0.52815803 0.52833445 0.52850639 0.52867429 0.52883857 0.52899964 0.52915785 0.52931358 0.52946714 0.52961884 0.52976895 0.52991774 0.53006543 0.53021224 0.53035835 0.53050395 0.53064917 0.53079417 0.53093905 0.53108392 0.53122886 0.53137397 0.53151929 0.53166489 0.5318108 0.53195706 0.5321037 0.53225072 0.53239814 0.53254596 0.53269417 0.53284276 0.53299172 0.53314103 0.53329066 0.53344058 0.53359076 0.53374116 0.53389175 0.53404248 0.53419331 0.5343442 0.53449509 0.53464593 0.53479668 0.53494729 0.53509769 0.53524785 0.5353977 0.5355472 0.53569629 0.53584492 0.53599303 0.53614057 0.5362875 0.53643377
0.52780544 0.52798816 0.52816564 0.52833839 0.5285069 0.52867165 0.52883306 0.52899157 0.52914754 0.52930133 0.52945328 0.52960368 0.5297528 0.52990089 0.53004818 0.53019486 0.53034111 0.5304871 0.53063295 0.53077879 0.53092472 0.53107084 0.53121722 0.53136392 0.531511 0.53165849 0.53180642 0.53195481 0.53210368 0.53225303 0.53240286 0.53255315 0.5327039 0.53285509 0.53300668 0.53315865 0.53331097 0.53346359 0.53361648 0.5337696 0.53392289 0.53407631 0.53422981 0.53438334 0.53453684 0.53469025 0.53484354 0.53499663 0.53514947 0.535302 0.53545417 0.53560593 0.5357572 0.53590795 0.53605811 0.53620763 0.53635645
0.52764088 0.52782455 0.52800266 0.5281758 0.52834451 0.52850931 0.5286707 0.52882912 0.52898498 0.52913869 0.52929058 0.52944098 0.52959018 0.52973843 0.52988598 0.53003303 0.53017977 0.53032635 0.53047292 0.5306196 0.5307665 0.5309137 0.53106128 0.53120929 0.5313578 0.53150682 0.53165639 0.53180653 0.53195723 0.53210851 0.53226036 0.53241275 0.53256568 0.53271911 0.53287302 0.53302736 0.53318211 0.53333722 0.53349265 0.53364834 0.53380424 0.53396031 0.53411648 0.5342727 0.53442892 0.53458507 0.53474109 0.53489692 0.53505251 0.53520779 0.53536269 0.53551717 0.53567116 0.53582459 0.53597742 0.53612959 0.53628103
0.52748359 0.5276677 0.52784596 0.52801899 0.52818742 0.52835183 0.52851275 0.52867067 0.52882605 0.5289793 0.5291308 0.5292809 0.52942989 0.52957805 0.52972564 0.52987285 0.53001988 0.5301669 0.53031405 0.53046144 0.53060919 0.53075738 0.53090609 0.53105535 0.53120523 0.53135575 0.53150694 0.5316588 0.53181134 0.53196455 0.53211842 0.53227293 0.53242805 0.53258376 0.53274001 0.53289678 0.53305401 0.53321165 0.53336966 0.53352798 0.53368655 0.53384533 0.53400423 0.53416322 0.53432221 0.53448115 0.53463998 0.53479862 0.53495702 0.53511511 0.53527281 0.53543008 0.53558684 0.53574303 0.53589859 0.53605346 0.53620758
0.52733416 0.52751815 0.52769597 0.52786834 0.52803596 0.52819946 0.52835942 0.52851638 0.52867085 0.52882325 0.528974 0.52912346 0.52927195 0.52941975 0.52956711 0.52971427 0.52986141 0.53000869 0.53015626 0.53030425 0.53045274 0.53060183 0.53075158 0.53090204 0.53105324 0.53120523 0.531358 0.53151158 0.53166594 0.53182109 0.53197699 0.53213364 0.53229099 0.53244901 0.53260765 0.53276688 0.53292663 0.53308686 0.53324751 0.53340852 0.53356983 0.53373137 0.53389308 0.53405489 0.53421674 0.53437854 0.53454025 0.53470177 0.53486305 0.53502401 0.53518459 0.53534472 0.53550432 0.53566333 0.53582169 0.53597933 0.53613618
0.52719324 0.52737643 0.52755315 0.52772423 0.52789042 0.52805243 0.52821089 0.5283664 0.52851948 0.52867061 0.52882021 0.52896867 0.52911633 0.52926348 0.52941037 0.52955724 0.52970428 0.52985165 0.5299995 0.53014794 0.53029706 0.53044696 0.53059767 0.53074926 0.53090176 0.53105517 0.53120952 0.53136479 0.53152098 0.53167808 0.53183604 0.53199485 0.53215446 0.53231483 0.53247591 0.53263764 0.53279998 0.53296286 0.53312621 0.53328998 0.53345408 0.53361847 0.53378305 0.53394776 0.53411253 0.53427728 0.53444193 0.53460641 0.53477065 0.53493456 0.53509809 0.53526114 0.53542366 0.53558556 0.53574678 0.53590726 0.53606691
0.52706148 0.52724309 0.52741797 0.52758702 0.5277511 0.52791098 0.52806734 0.52822083 0.52837201 0.5285214 0.52866943 0.52881652 0.528963 0.52910918 0.52925533 0.52940168 0.52954841 0.52969569 0.52984365 0.52999242 0.53014206 0.53029267 0.53044429 0.53059695 0.53075069 0.5309055 0.5310614 0.53121838 0.53137641 0.53153546 0.53169551 0.53185651 0.53201842 0.53218118 0.53234475 0.53250905 0.53267403 0.53283962 0.53300574 0.53317233 0.53333932 0.53350662 0.53367415 0.53384184 0.53400961 0.53417738 0.53434507 0.53451259 0.53467986 0.53484681 0.53501336 0.53517942 0.53534493 0.5355098 0.53567396 0.53583734 0.53599986
0.52693956 0.52711869 0.52729085 0.52745707 0.52761827 0.52777529 0.5279289 0.52807976 0.52822849 0.52837562 0.52852163 0.52866693 0.52881188 0.52895678 0.5291019 0.52924748 0.52939368 0.52954069 0.52968861 0.52983757 0.52998763 0.53013886 0.5302913 0.53044499 0.53059993 0.53075613 0.53091358 0.53107225 0.53123213 0.53139317 0.53155533 0.53171856 0.53188282 0.53204803 0.53221414 0.53238107 0.53254876 0.53271713 0.5328861 0.5330556 0.53322554 0.53339583 0.5335664 0.53373716 0.53390802 0.5340789 0.53424971 0.53442035 0.53459075 0.53476082 0.53493048 0.53509963 0.53526821 0.53543613 0.5356033 0.53576966 0.53593512
0.52682815 0.52700377 0.52717225 0.52733471 0.52749217 0.52764554 0.52779565 0.52794323 0.5280889 0.52823325 0.52837675 0.52851983 0.52866286 0.52880615 0.52894995 0.5290945 0.52923997 0.52938651 0.52953424 0.52968325 0.52983362 0.5299854 0.53013861 0.53029327 0.53044939 0.53060695 0.53076594 0.53092633 0.53108807 0.53125112 0.53141544 0.53158095 0.5317476 0.53191532 0.53208404 0.53225367 0.53242415 0.53259538 0.53276728 0.53293977 0.53311275 0.53328613 0.53345983 0.53363375 0.5338078 0.53398187 0.53415589 0.53432976 0.53450337 0.53467666 0.53484951 0.53502185 0.53519358 0.53536463 0.5355349 0.53570431 0.5358728
0.52672792 0.52689886 0.52706255 0.52722021 0.52737298 0.52752184 0.52766766 0.52781123 0.5279532 0.52809418 0.52823466 0.52837508 0.5285158 0.52865712 0.52879931 0.52894258 0.52908709 0.52923298 0.52938037 0.52952932 0.5296799 0.52983214 0.52998606 0.53014166 0.53029893 0.53045785 0.53061839 0.5307805 0.53094414 0.53110924 0.53127576 0.5314436 0.53161271 0.53178301 0.53195441 0.53212682 0.53230016 0.53247434 0.53264927 0.53282484 0.53300096 0.53317753 0.53335446 0.53353163 0.53370896 0.53388634 0.53406367 0.53424086 0.53441779 0.53459438 0.53477053 0.53494614 0.53512113 0.53529539 0.53546884 0.5356414 0.53581299
0.52663951 0.52680444 0.52696209 0.52711382 0.52726085 0.52740423 0.52754491 0.52768369 0.52782128 0.52795829 0.52809522 0.5282325 0.5283705 0.52850951 0.52864978 0.52879151 0.52893485 0.52907992 0.52922681 0.52937559 0.52952628 0.52967892 0.5298335 0.52999 0.53014842 0.5303087 0.5304708 0.53063467 0.53080024 0.53096744 0.53113621 0.53130645 0.53147809 0.53165104 0.5318252 0.53200048 0.53217679 0.53235401 0.53253205 0.53271081 0.53289017 0.53307004 0.53325029 0.53343084 0.53361156 0.53379235 0.5339731 0.53415371 0.53433407 0.53451407 0.53469362 0.53487261 0.53505094 0.53522851 0.53540524 0.53558103 0.5357558
0.52656352 0.52672094 0.52687117 0.52701569 0.52715582 0.52729269 0.5274273 0.52756048 0.52769296 0.52782536 0.52795818 0.52809185 0.52822671 0.52836306 0.52850112 0.52864106 0.52878302 0.5289271 0.52907336 0.52922185 0.52937258 0.52952555 0.52968075 0.52983815 0.5299977 0.53015935 0.53032304 0.5304887 0.53065625 0.53082562 0.5309967 0.53116942 0.53134367 0.53151936 0.53169637 0.53187462 0.53205398 0.53223436 0.53241562 0.53259768 0.53278039 0.53296367 0.53314737 0.5333314 0.53351563 0.53369995 0.53388424 0.53406838 0.53425228 0.5344358 0.53461886 0.53480132 0.53498311 0.5351641 0.5353442 0.53552331 0.53570135
0.52650048 0.5266487 0.52678996 0.52692589 0.52705787 0.52718712 0.52731466 0.52744137 0.52756799 0.52769512 0.52782326 0.52795283 0.52808415 0.52821749 0.52835303 0.52849095 0.52863133 0.52877425 0.52891976 0.52906786 0.52921856 0.52937183 0.52952764 0.52968592 0.52984662 0.53000967 0.53017498 0.53034248 0.53051208 0.53068366 0.53085715 0.53103242 0.53120937 0.53138789 0.53156787 0.53174919 0.53193172 0.53211536 0.53229997 0.53248544 0.53267163 0.53285843 0.53304571 0.53323335 0.53342121 0.53360918 0.53379713 0.53398494 0.53417249 0.53435966 0.53454633 0.5347324 0.53491774 0.53510225 0.53528583 0.53546837 0.53564977
0.52645079 0.52658794 0.52671855 0.52684435 0.52696683 0.52708727 0.52720671 0.52732604 0.52744601 0.5275672 0.52769009 0.52781508 0.52794245 0.52807243 0.52820519 0.52834084 0.52847947 0.52862109 0.52876574 0.52891339 0.52906401 0.52921754 0.52937394 0.52953311 0.52969499 0.52985947 0.53002647 0.53019587 0.53036758 0.53054147 0.53071744 0.53089536 0.53107512 0.53125658 0.53143963 0.53162414 0.53180997 0.53199699 0.53218508 0.53237409 0.53256389 0.53275436 0.53294535 0.53313672 0.53332835 0.53352011 0.53371185 0.53390345 0.53409479 0.53428573 0.53447614 0.53466592 0.53485494 0.53504309 0.53523025 0.53541632 0.53560119
0.52641473 0.52653873 0.52665683 0.52677087 0.52688242 0.52699277 0.52710303 0.52721405 0.52732657 0.52744114 0.52755822 0.52767814 0.52780117 0.52792748 0.52805719 0.52819038 0.52832709 0.5284673 0.528611 0.52875813 0.52890864 0.52906243 0.52921943 0.52937952 0.52954262 0.52970859 0.52987733 0.53004872 0.53022262 0.53039891 0.53057747 0.53075815 0.53094083 0.53112536 0.53131161 0.53149943 0.53168869 0.53187923 0.53207093 0.53226363 0.53245719 0.53265146 0.5328463 0.53304156 0.5332371 0.53343278 0.53362846 0.533824 0.53401925 0.5342141 0.53440839 0.53460202 0.53479484 0.53498674 0.5351776 0.53536731 0.53555575
0.52639238 0.52650095 0.52660453 0.52670505 0.52680414 0.52690312 0.52700306 0.52710483 0.5272091 0.52731639 0.5274271 0.52754151 0.52765982 0.52778216 0.5279086 0.52803915 0.5281738 0.52831251 0.5284552 0.52860179 0.52875217 0.52890624 0.52906386 0.52922493 0.5293893 0.52955684 0.52972741 0.52990086 0.53007707 0.53025587 0.53043713 0.5306207 0.53080642 0.53099414 0.53118373 0.53137501 0.53156784 0.53176206 0.53195752 0.53215406 0.53235152 0.53254975 0.5327486 0.5329479 0.53314751 0.53334727 0.53354704 0.53374666 0.53394598 0.53414487 0.53434319 0.53454079 0.53473755 0.53493333 0.53512801 0.53532148 0.53551361
0.52638353 0.52647422 0.52656113 0.52664628 0.52673133 0.52681758 0.52690609 0.52699765 0.5270929 0.52719227 0.52729608 0.52740457 0.52751784 0.52763595 0.52775892 0.52788669 0.52801919 0.52815633 0.52829798 0.52844402 0.5285943 0.52874867 0.52890699 0.52906909 0.52923482 0.52940401 0.52957651 0.52975215 0.52993077 0.53011221 0.5302963 0.53048288 0.53067179 0.53086286 0.53105593 0.53125083 0.53144739 0.53164544 0.53184482 0.53204537 0.5322469 0.53244926 0.53265228 0.5328558 0.53305964 0.53326365 0.53346766 0.53367152 0.53387507 0.53407816 0.53428064 0.53448237 0.5346832 0.534883 0.53508163 0.53527898 0.53547491
