WatsonE12E13/2mHCPcon.asc
NCOLS 600
NROWS 370
XLLCORNER 149.806
YLLCORNER -30.2864
CELLSIZE 1e-05
NODATA_VALUE -9999
[rows 270 to 296 of 370, columns 180 to 239 of 600]
125.94765 125.896 125.80341 125.6626 125.29565 123.48803 123.4758 125.28899 125.65521 125.71866 125.66016 125.4563 125.1049 124.4528 123.22986 123.56975 122.85972 123.98506 125.19844 125.73954 125.97254 125.73769 124.73283 125.1667 125.85883 125.78274 126.55589 127.34244 127.85492 128.28148 128.65324 129.00848 129.80039 130.7621 129.46878 129.02987 128.9268 128.90761 128.8883 128.80265 128.45228 128.08248 128.50298 128.51856 128.52335 128.7719 128.98666 129.12051 129.1989 129.20758 129.14329 129.04149 128.63727 128.6479 129.16661 129.4611 129.7167 130.06893 130.86202 131.5835
126.02902 125.92005 125.67615 125.34471 125.45728 125.17959 125.2036 125.68391 125.8596 125.8082 125.57585 125.05951 124.23967 123.68283 120.80336 123.33261 124.81617 125.41235 125.92254 126.21556 126.27887 125.76071 122.94945 124.31851 126.42421 127.03954 127.51641 128.00529 128.47271 128.99448 129.47829 129.5702 129.85822 130.28227 129.58858 129.2431 129.0916 128.971 128.90085 128.86027 128.41406 127.72592 128.72441 129.07777 129.22365 129.37438 129.52221 129.64674 129.69422 129.54873 129.09694 129.23892 129.40125 129.51879 129.78393 130.08314 130.32642 130.57558 131.41216 132.50357
125.87108 125.71723 125.36923 124 125.4265 125.86357 125.95281 126.0119 125.95764 125.73232 125.28877 124.36417 120.98733 122.42113 124.02204 124.85924 125.67502 126.1187 126.37979 126.39899 126.38121 126.4138 125.93134 126.29816 127.18766 127.75459 128.19423 128.61098 129.05557 129.84471 131.43361 130.49361 129.81656 129.70065 129.55121 129.3901 129.17961 128.74283 128.41947 128.86223 129.00398 129.00857 129.29895 129.55962 129.74349 129.9045 130.03995 130.2043 130.39554 130.05309 129.69038 129.70635 129.88668 130.06969 130.36696 130.87866 131.24338 131.0364 131.08266 131.19319
125.0448 124.70302 125.42919 125.48989 125.92273 126.21071 126.2478 126.1379 125.88301 125.42408 124.40678 123.96313 122.61055 123.48789 125.19945 125.87192 126.25227 126.46542 126.60782 126.20001 125.77466 126.90595 127.21947 127.51484 127.93557 128.36044 128.79844 129.25462 129.58663 130.13812 131.52824 130.65464 129.94388 129.77082 129.69053 129.5844 129.3118 128.29291 126.82943 128.80449 129.43203 129.65048 129.84337 130.0422 130.25112 130.49545 130.63603 130.64357 130.96771 130.47547 130.22602 130.21459 130.32423 130.50099 130.83856 131.83327 133.08708 131.57498 131.20821 131.18471
123.53741 121.87402 125.35035 126.13477 126.39485 126.48164 126.38616 126.06469 125.41857 124.86082 123.24384 123.22921 124.94687 125.51228 126.11318 126.46476 126.46345 126.12109 126.54865 126.84348 126.94388 127.50574 127.89449 128.19885 128.51975 128.87893 129.37925 130.2955 130.43596 130.09834 130.24546 130.18933 130.04402 129.96957 129.92618 129.87087 129.67361 129.16431 128.78888 129.42533 129.88968 130.14093 130.33349 130.52343 130.76597 131.3306 131.8728 131.07139 130.77454 130.63924 130.57137 130.60104 130.70924 130.85263 131.07872 131.61969 132.08245 131.62677 131.46091 131.50728
125.05982 124.92254 125.99834 126.55335 126.7265 126.67981 126.40876 125.84811 123.93071 122.60855 124.79738 125.28699 126.00142 126.44977 126.75074 126.88089 126.48217 124.26515 126.12028 127.38893 127.80593 128.13933 128.43636 128.70812 128.99192 129.29478 129.71636 130.79999 130.88112 130.2008 130.17747 130.25273 130.29371 130.25667 130.16557 130.10292 130.05313 129.94252 129.93887 130.15274 130.4251 130.6536 130.83999 131.03675 131.21315 131.73688 132.58804 131.38946 130.98367 130.87869 130.86566 130.91547 131.03593 131.14324 131.23422 131.44766 131.62509 131.69194 131.7878 131.97104
125.92953 126.37976 126.74643 126.98645 127.0222 126.82413 126.17133 125.40126 124.74616 124.02785 125.70415 126.35383 126.72356 126.97994 127.07146 127.11808 127.10705 126.65723 127.23787 128.00042 128.40775 128.67918 128.90233 129.12217 129.38999 129.67233 129.81764 130.12276 130.2695 130.26372 130.38663 130.64384 130.88425 130.75405 130.45478 130.25552 130.33671 130.42075 130.54168 130.74795 131.02307 131.29235 131.42169 131.59256 131.72733 131.51578 131.54334 131.34113 131.1849 131.1318 131.13526 131.17356 131.22456 131.22697 131.41093 131.61835 131.80909 132.00241 132.2472 132.57896
126.69675 127.08018 127.31153 127.41164 127.29744 126.95501 126.19359 124.96508 126.08492 126.29821 126.66043 126.92351 127.08086 127.23082 126.90203 126.53751 127.64617 127.99523 128.32549 128.70166 128.9857 129.16686 129.28104 129.41433 129.6436 129.88641 129.92666 130.11147 130.28063 130.43787 130.69261 131.338 132.62023 131.77517 130.92902 130.69803 130.71894 130.84624 131.04196 131.32015 131.7511 132.42236 132.41226 131.87331 131.73724 131.57612 131.5109 131.45222 131.39429 131.35229 131.34568 131.40501 131.46939 131.5464 131.72447 131.94854 132.19011 132.47132 132.87802 133.49817
127.4008 127.65473 127.81587 127.90985 127.59914 126.44736 126.86973 126.84112 127.01263 127.15775 127.22228 127.05788 126.67659 127.12265 127.43053 127.51769 128.29031 128.778 129.11812 129.4069 129.60516 129.63423 129.42733 129.36197 129.76149 129.9812 130.14398 130.33379 130.52077 130.71399 130.95826 131.66526 133.65034 132.27399 131.251 131.05142 131.10286 131.27825 131.55929 131.94694 132.5007 134.51879 134.49775 132.37161 131.89216 131.76767 131.73343 131.70559 131.63707 131.463 131.24159 131.59047 131.77747 131.93434 132.13705 132.39569 132.71807 133.09555 133.61553 135.37143
128.1048 128.17449 128.22324 128.73539 128.57979 127.48631 127.50056 127.60409 127.61787 127.59304 127.49495 126.82508 123.85111 126.32126 128.05121 128.63661 129.12689 129.55205 129.89666 130.20367 130.43177 130.25429 129.41173 128.92415 129.95537 130.30728 130.50812 130.67799 130.87719 131.16665 131.22174 131.37178 131.71914 131.58159 131.34617 131.33261 131.47784 131.73501 132.1434 132.9333 133.15891 133.48924 133.42419 132.49206 132.14167 132.06115 132.09992 132.11496 131.98046 131.77133 131.64283 131.90004 132.13435 132.35618 132.62378 132.95652 133.44329 134.21691 134.26966 134.871
129.03602 128.58926 127.86162 128.7364 128.86297 128.30299 128.12759 128.05923 127.91123 127.56101 127.39917 127.35807 126.44127 127.51918 128.82059 129.50467 130.00657 130.44671 130.80737 131.16901 131.98149 131.49021 130.46642 130.19121 130.49398 130.79363 131.03784 131.15168 131.24157 131.76725 131.54595 131.30234 131.35429 131.40161 131.45892 131.60701 131.89086 132.30913 132.68381 133.86518 133.90582 132.9028 132.70714 132.52771 132.42259 132.41545 132.64275 132.91182 132.44973 132.22605 132.20641 132.34509 132.56407 132.84399 133.23798 133.72222 134.19987 136.08754 135.19167 134.08954
131.12954 129.6543 126.21988 128.2757 128.71341 128.62747 128.47915 128.30971 127.98719 126.49748 125.49483 127.86236 128.53473 129.13082 129.84617 130.4725 131.03329 131.63953 132.18351 132.13322 132.80871 132.19413 131.21696 131.01632 131.13291 131.4598 132.04443 132.06284 131.57817 131.47921 131.40353 131.3241 131.36212 131.46559 131.6381 131.90315 132.34421 133.44372 133.54981 133.06618 133.00873 132.79221 132.76608 132.85396 132.89604 132.8137 132.96068 133.3181 132.7631 132.60315 132.64691 132.80659 133.06122 133.40702 134.02845 135.44149 135.08032 134.70631 134.39838 133.92547
135.22901 132.72255 129.36682 129.02665 129.01764 128.88582 128.60006 128.12511 128.03541 127.29515 126.81758 128.67558 129.63468 130.3023 130.97283 131.67838 132.35488 133.25931 135.62802 133.7187 132.32019 131.90372 131.6667 131.6857 131.80561 132.15331 133.91867 133.8966 131.97812 131.5138 131.39472 131.37609 131.43248 131.57112 131.84613 132.29497 132.64474 133.51629 133.60394 132.93457 132.86407 132.91879 133.11344 133.67092 134.10238 133.41432 133.05551 132.98839 132.92762 132.95114 133.07627 133.29853 133.67036 134.14472 134.55269 136.42761 135.59755 134.3472 134.0613 133.96942
132.57117 131.50502 130.17376 129.6213 129.35375 129.07097 128.55356 126.45337 127.44172 128.75626 129.20757 129.95214 130.72237 131.47206 132.2927 133.40218 134.72531 134.54299 135.86887 134.04142 132.51555 132.136 132.23099 132.7125 132.89865 132.59791 133.00882 132.88908 131.95884 131.57199 131.44307 131.42124 131.46742 131.58515 131.93517 133.01939 133.14605 132.82983 132.91718 132.9528 133.11028 133.30518 133.55551 134.67215 136.43981 134.03363 133.3246 133.19424 133.22753 133.35283 133.56356 133.84731 134.3703 135.81119 134.95045 134.71011 134.55167 134.23982 134.14815 134.24618
131.7211 130.92909 130.35935 129.96648 129.57719 128.87141 128.61975 128.19475 128.69548 129.78273 130.46654 131.14576 131.92733 132.89777 134.05191 135.49094 140.84944 136.48917 133.97328 133.13822 132.59088 132.47276 132.90824 134.96128 136.11012 133.27 132.42314 132.10041 131.78047 131.56031 131.4442 131.39536 131.39924 131.3162 131.39969 132.41084 132.74599 132.74204 132.92176 133.21816 133.7646 134.28657 134.07979 134.19177 134.47597 133.87299 133.54127 133.51088 133.63197 133.84766 134.19024 134.66773 134.70982 135.26059 134.80632 134.43437 134.35967 134.36636 134.46761 134.66363
131.37996 130.92431 130.5837 130.27223 129.87066 128.32725 128.24836 129.63508 130.22708 130.90065 131.59717 132.3827 133.3397 134.76774 137.94134 137.18428 136.98496 135.27613 133.55583 132.93793 132.79395 132.8885 133.22288 135.08358 136.18058 133.32475 132.30829 131.91884 131.67686 131.49322 131.34649 131.1823 131.12106 131.12622 131.01516 132.04612 132.54928 132.87213 133.19351 133.6339 134.88581 137.45792 135.03378 134.06508 133.89571 133.79553 133.7745 133.88913 134.15868 134.52701 134.85485 136.01122 135.10435 134.6723 134.57323 134.52731 134.58014 134.77678 135.22767 135.31494
131.47407 131.17362 130.96622 130.53725 130.13652 129.99105 130.04816 130.73132 131.3858 132.06474 132.83976 133.87321 135.45149 136.45275 140.26993 138.10598 134.93161 133.86232 133.17663 132.94526 133.32794 134.0967 133.46489 133.36239 133.30607 132.66363 132.14165 131.81753 131.56704 131.31226 131.07707 130.62788 129.79298 131.21341 131.76579 132.27769 132.76629 133.29107 133.79704 134.05401 134.79742 136.191 134.87359 134.11508 133.96303 133.98799 134.10669 134.33685 134.8399 136.0527 135.69549 135.20602 134.95233 134.78097 134.79161 134.90528 135.07397 135.33869 136.77774 136.76731
131.83237 131.58946 131.78162 131.19121 130.71284 130.91734 131.29407 131.8924 132.61797 133.41578 134.37354 135.57261 139.45856 139.53273 136.2272 135.17899 133.97195 133.26493 132.90088 132.90188 133.71446 135.9304 133.74959 132.88647 132.58939 132.28797 131.97928 131.68685 131.37736 130.86557 130.07705 130.61909 130.48957 131.51392 132.16136 132.6221 133.13567 134.07038 135.71169 134.92363 134.37945 134.44824 134.30793 134.17349 134.20612 134.34607 134.56111 134.88614 135.26777 136.93893 136.24747 135.23846 135.1088 135.17677 135.31334 135.63739 136.22783 135.92009 136.03643 135.9231
132.38607 132.01252 131.92162 131.61142 131.47908 131.77558 132.36353 133.18447 134.20165 135.25278 136.57368 138.36116 137.37428 136.94538 134.94891 133.97586 133.33412 132.88515 132.55499 132.63673 133.07243 133.48955 133.08918 132.65366 132.37987 132.12447 131.83329 131.45789 130.94339 130.57736 129.29808 130.87586 131.61489 132.12204 132.59457 133.01215 133.45123 134.43016 136.90796 135.35218 134.34159 134.22855 134.27449 134.38872 134.61276 134.93134 135.14142 135.69296 135.49285 135.50888 135.51391 135.4389 135.64482 136.04191 136.24643 136.48515 138.44739 136.72296 135.64735 135.36169
132.68514 131.98399 131.79207 131.80869 132.07027 132.64354 133.55803 134.8347 136.50254 139.20149 137.92284 138.42753 135.95767 134.87693 134.04166 133.36217 132.87142 132.62236 132.23021 132.41988 132.74804 132.83572 132.72927 132.52999 132.30477 132.02232 131.61593 131.12546 129.44315 130.23055 131.16859 131.73224 132.25587 132.66701 133.09683 133.60238 133.75964 134.04333 134.55562 134.48219 134.29973 134.34469 134.5171 134.77915 135.20176 136.22102 136.23388 135.55339 135.41621 135.41422 135.60025 135.91863 136.58678 138.16772 138.7451 137.12069 136.77728 136.19846 135.62835 135.41158
132.10156 131.87273 131.88981 132.14318 132.68133 133.58594 134.98729 137.34189 139.50821 141.81868 138.25451 135.96682 134.91157 134.17179 133.58464 132.85835 131.90461 132.2355 132.54218 132.65773 132.76772 132.77593 132.68989 132.52628 132.28234 131.93237 131.07411 130.48699 130.75858 131.15752 131.96393 132.4839 132.91876 133.22632 133.55349 134.41165 134.15451 133.94602 134.10697 134.25254 134.4016 134.63201 134.95146 135.40768 135.79903 136.92398 136.93425 135.67837 135.52681 135.72031 136.1764 136.80976 137.64307 141.24475 143.89421 137.93336 136.45533 135.98561 135.75522 135.696
131.7376 131.82338 132.05501 132.5171 133.31371 134.62078 136.68252 139.5301 144.04881 138.2636 136.37895 135.1267 134.39388 133.9155 133.53887 132.73425 130.41724 131.87593 132.72639 132.90711 132.95203 132.91379 132.79904 132.6029 132.22499 131.67839 131.46041 131.16368 131.83164 132.23978 132.70496 133.24968 133.91914 134.09065 133.88445 133.98242 133.98954 133.99982 134.15295 134.37606 134.68414 135.1317 135.60977 136.34846 136.89916 136.02571 135.90792 135.73902 135.84791 136.26419 137.26335 139.11692 138.96389 139.00317 139.21247 137.39537 136.46617 136.15598 136.10232 136.20908
131.59648 131.84505 132.23215 132.85976 133.88293 135.57667 139.1668 141.59825 138.28866 136.59196 135.43073 134.70463 134.1952 133.89652 133.9745 133.44377 132.68831 132.80435 133.12317 133.25339 133.26213 133.16397 132.97598 132.71137 132.35212 131.39245 132.06776 132.31542 132.62595 133.00111 133.40241 134.02774 135.92961 135.97918 134.33012 134.02272 134.03127 134.14344 134.34273 134.63227 135.0708 135.98271 137.33227 136.47296 136.26146 135.8791 135.83532 135.99481 136.38121 136.97267 138.31846 143.86906 141.38446 138.06076 137.35755 136.86817 136.58782 136.56165 136.7345 137.04361
131.55751 131.89532 132.3743 133.09682 134.25525 136.29788 138.25065 138.23699 136.59057 135.64503 135.09547 134.69309 134.08641 133.75198 133.91561 133.74659 133.54265 133.54909 133.66486 133.75394 133.7379 133.49493 133.11925 132.73391 132.63542 132.607 132.72432 132.9557 133.29969 133.82992 134.25394 134.45013 135.44079 135.46722 134.44419 134.17823 134.20041 134.35072 134.59542 134.93999 135.42369 136.28513 138.5834 136.63906 136.01157 135.96416 136.12541 136.49873 137.38997 138.51387 138.3486 139.40282 138.84952 137.49566 137.00377 136.88466 137.00689 137.33712 137.77113 139.09402
131.55528 131.936 132.44906 133.17265 134.22267 135.81322 137.27085 136.2558 135.76576 135.37517 135.31399 135.538 134.48115 133.63925 134.04175 134.06239 134.09268 134.18699 134.32396 134.47036 134.58247 134.09011 132.6 133.16269 133.12744 133.1514 133.23875 133.43687 133.86905 135.07554 136.41002 134.92156 134.61675 134.54766 134.37254 134.30961 134.37861 134.57581 134.90682 135.25065 135.79507 135.84349 136.22075 136.15388 136.11638 136.34586 136.75477 137.18069 138.51854 142.3 138.71939 137.68078 137.39511 137.12374 137.07205 137.28009 137.82499 139.21142 139.26792 139.27043
131.55783 131.94924 132.45388 133.11726 133.94308 134.48225 133.68416 136.33819 135.94436 135.53826 135.9813 137.68925 136.34358 134.68749 134.4941 134.57106 134.74122 134.95587 135.17968 135.49185 135.90943 136.32703 134.04629 133.67976 133.57542 133.55186 133.60746 133.75291 134.12415 135.24213 136.49348 135.03184 134.56318 134.46403 134.43003 134.43874 134.49922 134.71101 135.40865 135.83172 135.60601 135.72296 135.93534 136.1686 136.47132 137.08501 138.38479 138.56139 138.10295 138.64313 137.80952 137.21857 137.0966 137.18387 137.47569 138.11619 138.90251 141.32304 141.2469 138.12276
131.55216 131.93351 132.40695 133.00249 133.73626 134.57913 136.3794 142.54807 136.32514 135.46371 137.4445 136.37164 135.6771 135.0746 135.02658 135.26679 135.63461 136.05685 136.44402 136.66082 136.48293 135.55399 134.58249 134.10253 133.91322 133.8498 133.8367 133.76489 134.0628 134.57958 134.8852 134.76569 134.63509 134.58158 134.5663 134.56202 134.45683 134.21388 135.27512 135.87467 135.67977 135.87482 136.20331 136.64801 137.159 137.89778 141.22569 141.23732 137.97061 137.3935 137.17128 137.08274 137.2208 137.6403 138.2915 139.44459 141.6379 139.21292 138.5667 137.52477
