WatsonE12E13/2mHCPmag.asc
NCOLS 499
NROWS 300
XLLCORNER 149.806
YLLCORNER -30.2865
CELLSIZE 1e-05
NODATA_VALUE -9999
[rows 54 to 80 of 300, columns 0 to 59 of 499]
2.6780759 2.6782411 2.678406 2.6785705 2.6787347 2.6788984 2.6790616 2.6792243 2.6793863 2.6795477 2.6797083 2.6798682 2.6800272 2.6801854 2.6803427 2.680499 2.6806543 2.6808086 2.6809618 2.6811139 2.6812649 2.6814147 2.6815633 2.6817108 2.6818571 2.6820021 2.6821459 2.6822885 2.6824299 2.6825702 2.6827092 2.6828471 2.6829839 2.6831196 2.6832542 2.6833879 2.6835206 2.6836525 2.6837835 2.6839139 2.6840436 2.6841727 2.6843014 2.6844298 2.6845579 2.6846859 2.684814 2.6849421 2.6850706 2.6851995 2.6853291 2.6854594 2.6855906 2.6857229 2.6858565 2.6859917 2.6861285 2.6862672 2.686408 2.6865511
2.6782319 2.6784005 2.6785689 2.6787369 2.6789045 2.6790717 2.6792383 2.6794043 2.6795697 2.6797344 2.6798983 2.6800614 2.6802237 2.680385 2.6805454 2.6807047 2.680863 2.6810202 2.6811763 2.6813312 2.6814849 2.6816373 2.6817886 2.6819385 2.6820871 2.6822345 2.6823805 2.6825253 2.6826687 2.6828109 2.6829518 2.6830914 2.6832299 2.6833671 2.6835032 2.6836382 2.6837722 2.6839053 2.6840374 2.6841687 2.6842993 2.6844292 2.6845586 2.6846876 2.6848162 2.6849447 2.6850731 2.6852016 2.6853303 2.6854594 2.6855891 2.6857195 2.6858508 2.6859831 2.6861168 2.6862519 2.6863887 2.6865274 2.6866682 2.6868114
2.6783924 2.6785646 2.6787366 2.6789082 2.6790794 2.6792501 2.6794203 2.6795898 2.6797587 2.6799269 2.6800942 2.6802607 2.6804263 2.6805909 2.6807545 2.6809171 2.6810785 2.6812388 2.6813978 2.6815557 2.6817122 2.6818674 2.6820213 2.6821739 2.682325 2.6824748 2.6826232 2.6827702 2.6829158 2.68306 2.6832028 2.6833443 2.6834844 2.6836233 2.6837609 2.6838974 2.6840327 2.6841669 2.6843001 2.6844324 2.6845639 2.6846947 2.6848248 2.6849544 2.6850836 2.6852125 2.6853413 2.6854701 2.6855991 2.6857284 2.6858581 2.6859886 2.6861199 2.6862523 2.6863859 2.686521 2.6866577 2.6867964 2.6869372 2.6870804
2.6785575 2.6787335 2.6789092 2.6790846 2.6792595 2.679434 2.6796078 2.679781 2.6799536 2.6801253 2.6802963 2.6804663 2.6806354 2.6808034 2.6809704 2.6811363 2.681301 2.6814645 2.6816267 2.6817876 2.6819471 2.6821052 2.6822619 2.6824172 2.682571 2.6827233 2.6828742 2.6830235 2.6831713 2.6833176 2.6834625 2.6836059 2.6837479 2.6838885 2.6840277 2.6841656 2.6843023 2.6844378 2.6845722 2.6847055 2.6848379 2.6849695 2.6851004 2.6852306 2.6853604 2.6854897 2.6856189 2.685748 2.6858772 2.6860066 2.6861365 2.686267 2.6863983 2.6865307 2.6866642 2.6867992 2.6869359 2.6870745 2.6872152 2.6873583
2.6787273 2.6789072 2.6790869 2.6792661 2.679445 2.6796233 2.679801 2.6799781 2.6801544 2.6803299 2.6805046 2.6806783 2.6808511 2.6810227 2.6811933 2.6813626 2.6815307 2.6816976 2.6818631 2.6820271 2.6821898 2.682351 2.6825107 2.6826688 2.6828254 2.6829803 2.6831337 2.6832855 2.6834357 2.6835843 2.6837313 2.6838767 2.6840206 2.6841629 2.6843038 2.6844433 2.6845814 2.6847182 2.6848538 2.6849883 2.6851217 2.6852541 2.6853857 2.6855166 2.6856469 2.6857768 2.6859063 2.6860357 2.6861651 2.6862947 2.6864247 2.6865552 2.6866865 2.6868187 2.6869522 2.687087 2.6872235 2.687362 2.6875026 2.6876456
2.6789019 2.6790859 2.6792697 2.679453 2.6796359 2.6798182 2.68 2.680181 2.6803613 2.6805408 2.6807194 2.680897 2.6810735 2.681249 2.6814232 2.6815962 2.681768 2.6819383 2.6821072 2.6822747 2.6824406 2.682605 2.6827678 2.6829289 2.6830884 2.6832462 2.6834022 2.6835566 2.6837093 2.6838602 2.6840094 2.684157 2.6843028 2.6844471 2.6845897 2.6847308 2.6848704 2.6850086 2.6851455 2.6852811 2.6854155 2.6855488 2.6856812 2.6858128 2.6859437 2.686074 2.6862039 2.6863336 2.6864632 2.6865929 2.6867229 2.6868534 2.6869846 2.6871168 2.68725 2.6873847 2.6875211 2.6876593 2.6877997 2.6879425
2.6790815 2.6792698 2.6794577 2.6796453 2.6798324 2.680019 2.6802049 2.6803902 2.6805746 2.6807582 2.6809409 2.6811225 2.6813031 2.6814824 2.6816606 2.6818374 2.6820129 2.6821869 2.6823594 2.6825304 2.6826998 2.6828675 2.6830335 2.6831978 2.6833604 2.6835211 2.68368 2.6838371 2.6839924 2.6841458 2.6842974 2.6844471 2.6845951 2.6847413 2.6848858 2.6850286 2.6851698 2.6853094 2.6854476 2.6855843 2.6857198 2.6858541 2.6859873 2.6861196 2.6862511 2.6863818 2.6865121 2.6866421 2.6867719 2.6869017 2.6870317 2.6871621 2.6872932 2.6874252 2.6875583 2.6876928 2.6878289 2.6879668 2.688107 2.6882496
2.6792661 2.6794588 2.6796512 2.6798432 2.6800347 2.6802257 2.680416 2.6806056 2.6807944 2.6809823 2.6811692 2.6813551 2.6815398 2.6817233 2.6819055 2.6820864 2.6822658 2.6824437 2.68262 2.6827947 2.6829676 2.6831389 2.6833083 2.6834759 2.6836417 2.6838055 2.6839674 2.6841273 2.6842853 2.6844413 2.6845954 2.6847475 2.6848977 2.6850459 2.6851924 2.685337 2.6854798 2.685621 2.6857605 2.6858985 2.6860351 2.6861704 2.6863044 2.6864374 2.6865695 2.6867007 2.6868314 2.6869616 2.6870915 2.6872214 2.6873514 2.6874818 2.6876128 2.6877445 2.6878774 2.6880116 2.6881473 2.688285 2.6884248 2.6885671
2.6794559 2.6796532 2.6798502 2.6800468 2.6802429 2.6804385 2.6806334 2.6808275 2.6810208 2.6812132 2.6814046 2.6815949 2.681784 2.6819718 2.6821583 2.6823433 2.6825269 2.6827088 2.6828891 2.6830677 2.6832445 2.6834194 2.6835924 2.6837635 2.6839326 2.6840997 2.6842647 2.6844277 2.6845885 2.6847473 2.6849039 2.6850585 2.685211 2.6853615 2.6855099 2.6856564 2.685801 2.6859437 2.6860847 2.686224 2.6863617 2.686498 2.686633 2.6867667 2.6868994 2.6870311 2.6871622 2.6872926 2.6874227 2.6875526 2.6876826 2.6878129 2.6879436 2.6880752 2.6882077 2.6883415 2.6884769 2.6886142 2.6887536 2.6888956
2.679651 2.6798531 2.6800549 2.6802563 2.6804572 2.6806575 2.6808572 2.6810561 2.6812541 2.6814512 2.6816473 2.6818422 2.6820359 2.6822282 2.6824192 2.6826086 2.6827965 2.6829827 2.6831671 2.6833498 2.6835306 2.6837094 2.6838862 2.6840609 2.6842336 2.6844041 2.6845724 2.6847385 2.6849024 2.685064 2.6852234 2.6853806 2.6855355 2.6856883 2.6858388 2.6859873 2.6861337 2.6862781 2.6864206 2.6865613 2.6867002 2.6868376 2.6869734 2.6871079 2.6872412 2.6873735 2.6875049 2.6876356 2.6877658 2.6878958 2.6880257 2.6881558 2.6882863 2.6884176 2.6885497 2.6886832 2.6888181 2.688955 2.6890939 2.6892354
2.6798515 2.6800585 2.6802653 2.6804717 2.6806776 2.680883 2.6810876 2.6812915 2.6814945 2.6816965 2.6818975 2.6820972 2.6822957 2.6824928 2.6826884 2.6828825 2.6830749 2.6832655 2.6834544 2.6836413 2.6838262 2.6840091 2.6841899 2.6843685 2.6845449 2.684719 2.6848908 2.6850602 2.6852273 2.685392 2.6855542 2.6857141 2.6858716 2.6860268 2.6861796 2.6863302 2.6864785 2.6866247 2.6867688 2.6869109 2.6870511 2.6871895 2.6873264 2.6874617 2.6875956 2.6877284 2.6878601 2.6879911 2.6881214 2.6882514 2.6883812 2.6885111 2.6886414 2.6887722 2.688904 2.689037 2.6891714 2.6893077 2.6894462 2.6895871
2.6800575 2.6802697 2.6804817 2.6806933 2.6809045 2.681115 2.6813249 2.6815339 2.6817421 2.6819493 2.6821553 2.6823601 2.6825636 2.6827657 2.6829662 2.6831651 2.6833623 2.6835577 2.6837511 2.6839425 2.6841319 2.6843191 2.684504 2.6846867 2.684867 2.6850449 2.6852203 2.6853933 2.6855637 2.6857316 2.6858969 2.6860597 2.6862199 2.6863776 2.6865328 2.6866855 2.6868359 2.6869839 2.6871297 2.6872733 2.6874148 2.6875544 2.6876922 2.6878284 2.687963 2.6880963 2.6882284 2.6883596 2.68849 2.68862 2.6887497 2.6888793 2.6890092 2.6891397 2.689271 2.6894034 2.6895373 2.689673 2.6898108 2.6899512
2.6802691 2.6804867 2.6807042 2.6809212 2.6811378 2.6813538 2.6815691 2.6817836 2.6819972 2.6822097 2.6824211 2.6826312 2.68284 2.6830473 2.6832529 2.6834569 2.6836591 2.6838594 2.6840576 2.6842538 2.6844478 2.6846395 2.6848289 2.6850158 2.6852002 2.6853821 2.6855614 2.685738 2.685912 2.6860833 2.6862518 2.6864176 2.6865807 2.6867411 2.6868988 2.6870538 2.6872063 2.6873563 2.6875038 2.687649 2.687792 2.6879328 2.6880716 2.6882086 2.6883439 2.6884778 2.6886103 2.6887417 2.6888722 2.6890021 2.6891316 2.689261 2.6893905 2.6895205 2.6896512 2.6897831 2.6899163 2.6900513 2.6901885 2.6903281
2.6804865 2.6807098 2.6809328 2.6811556 2.6813778 2.6815995 2.6818205 2.6820406 2.6822599 2.682478 2.682695 2.6829107 2.683125 2.6833377 2.6835488 2.6837581 2.6839656 2.684171 2.6843744 2.6845755 2.6847744 2.6849708 2.6851648 2.6853562 2.685545 2.6857311 2.6859145 2.686095 2.6862727 2.6864475 2.6866195 2.6867885 2.6869546 2.6871178 2.6872781 2.6874357 2.6875904 2.6877424 2.6878918 2.6880387 2.6881831 2.6883252 2.6884651 2.688603 2.688739 2.6888734 2.6890063 2.6891379 2.6892686 2.6893984 2.6895277 2.6896567 2.6897858 2.6899153 2.6900454 2.6901765 2.690309 2.6904433 2.6905796 2.6907185
2.6807097 2.6809389 2.6811678 2.6813965 2.6816247 2.6818523 2.6820792 2.6823053 2.6825304 2.6827545 2.6829774 2.6831989 2.6834189 2.6836374 2.6838542 2.6840691 2.684282 2.6844929 2.6847016 2.684908 2.685112 2.6853134 2.6855123 2.6857085 2.6859019 2.6860924 2.68628 2.6864647 2.6866463 2.6868249 2.6870004 2.6871728 2.6873421 2.6875083 2.6876715 2.6878316 2.6879887 2.6881429 2.6882942 2.6884428 2.6885888 2.6887322 2.6888733 2.6890122 2.6891489 2.6892839 2.6894172 2.689549 2.6896797 2.6898094 2.6899384 2.6900671 2.6901957 2.6903246 2.690454 2.6905844 2.6907161 2.6908494 2.6909849 2.6911229
2.6809389 2.6811742 2.6814094 2.6816442 2.6818785 2.6821124 2.6823455 2.6825778 2.6828091 2.6830393 2.6832683 2.683496 2.6837221 2.6839466 2.6841693 2.6843901 2.6846088 2.6848254 2.6850397 2.6852516 2.685461 2.6856677 2.6858717 2.6860729 2.6862711 2.6864664 2.6866585 2.6868475 2.6870333 2.6872159 2.6873952 2.6875712 2.6877438 2.6879132 2.6880793 2.6882421 2.6884018 2.6885583 2.6887117 2.6888622 2.6890098 2.6891546 2.6892969 2.6894367 2.6895743 2.6897098 2.6898435 2.6899755 2.6901062 2.6902358 2.6903646 2.6904928 2.6906209 2.6907491 2.6908777 2.6910073 2.691138 2.6912705 2.691405 2.691542
2.6811743 2.681416 2.6816575 2.6818987 2.6821396 2.6823799 2.6826195 2.6828582 2.683096 2.6833327 2.6835682 2.6838022 2.6840347 2.6842655 2.6844944 2.6847214 2.6849463 2.6851689 2.6853891 2.6856068 2.6858219 2.6860342 2.6862436 2.68645 2.6866534 2.6868536 2.6870505 2.6872441 2.6874343 2.6876211 2.6878043 2.6879841 2.6881604 2.6883331 2.6885023 2.688668 2.6888303 2.6889893 2.6891449 2.6892973 2.6894466 2.689593 2.6897365 2.6898774 2.6900158 2.6901519 2.690286 2.6904182 2.6905489 2.6906783 2.6908068 2.6909346 2.691062 2.6911894 2.6913173 2.6914459 2.6915756 2.691707 2.6918404 2.6919764
2.6814159 2.6816642 2.6819124 2.6821604 2.682408 2.682655 2.6829014 2.6831469 2.6833915 2.683635 2.6838772 2.6841179 2.6843571 2.6845945 2.68483 2.6850635 2.6852947 2.6855237 2.6857501 2.6859739 2.686195 2.6864131 2.6866283 2.6868403 2.687049 2.6872545 2.6874564 2.6876549 2.6878497 2.688041 2.6882285 2.6884123 2.6885923 2.6887686 2.6889411 2.6891099 2.689275 2.6894365 2.6895945 2.6897489 2.6899001 2.690048 2.6901929 2.6903348 2.6904741 2.6906108 2.6907453 2.6908778 2.6910085 2.6911377 2.6912658 2.691393 2.6915198 2.6916464 2.6917733 2.6919009 2.6920296 2.6921598 2.692292 2.6924267
2.6816638 2.6819191 2.6821742 2.6824292 2.6826838 2.682938 2.6831914 2.6834441 2.6836958 2.6839463 2.6841955 2.6844433 2.6846895 2.6849339 2.6851763 2.6854166 2.6856546 2.6858902 2.6861232 2.6863534 2.6865808 2.6868052 2.6870263 2.6872442 2.6874587 2.6876696 2.6878769 2.6880805 2.6882803 2.6884762 2.6886682 2.6888563 2.6890403 2.6892203 2.6893964 2.6895684 2.6897365 2.6899008 2.6900612 2.6902178 2.6903709 2.6905205 2.6906668 2.6908099 2.6909501 2.6910875 2.6912224 2.691355 2.6914857 2.6916147 2.6917424 2.691869 2.691995 2.6921208 2.6922467 2.6923731 2.6925006 2.6926295 2.6927605 2.6928939
2.6819182 2.6821807 2.6824431 2.6827054 2.6829674 2.6832289 2.6834898 2.6837499 2.684009 2.6842669 2.6845236 2.6847788 2.6850323 2.6852839 2.6855336 2.6857811 2.6860262 2.6862688 2.6865087 2.6867458 2.6869798 2.6872107 2.6874382 2.6876623 2.6878828 2.6880996 2.6883125 2.6885216 2.6887266 2.6889275 2.6891242 2.6893168 2.6895051 2.6896891 2.6898689 2.6900444 2.6902156 2.6903827 2.6905458 2.6907048 2.6908599 2.6910113 2.691159 2.6913034 2.6914445 2.6915826 2.6917179 2.6918508 2.6919814 2.6921102 2.6922374 2.6923634 2.6924885 2.6926133 2.6927381 2.6928633 2.6929895 2.693117 2.6932465 2.6933785
2.6821792 2.6824492 2.6827193 2.6829892 2.6832588 2.6835281 2.6837967 2.6840645 2.6843314 2.6845971 2.6848616 2.6851245 2.6853857 2.6856451 2.6859024 2.6861574 2.68641 2.68666 2.6869072 2.6871514 2.6873924 2.6876302 2.6878645 2.6880951 2.688322 2.688545 2.6887639 2.6889787 2.6891892 2.6893954 2.6895972 2.6897945 2.6899873 2.6901756 2.6903593 2.6905385 2.6907131 2.6908833 2.6910491 2.6912106 2.6913679 2.6915211 2.6916704 2.6918161 2.6919582 2.692097 2.6922328 2.6923659 2.6924964 2.6926249 2.6927516 2.6928769 2.6930012 2.6931249 2.6932484 2.6933723 2.6934971 2.6936231 2.6937511 2.6938814
2.682447 2.6827248 2.6830027 2.6832806 2.6835583 2.6838356 2.6841123 2.6843883 2.6846633 2.6849372 2.6852098 2.6854808 2.6857502 2.6860176 2.6862829 2.6865459 2.6868063 2.6870641 2.687319 2.6875707 2.6878192 2.6880642 2.6883056 2.6885432 2.6887768 2.6890064 2.6892316 2.6894525 2.6896689 2.6898807 2.6900879 2.6902903 2.6904878 2.6906806 2.6908685 2.6910516 2.6912298 2.6914032 2.691572 2.6917361 2.6918957 2.6920509 2.6922019 2.6923489 2.6924921 2.6926317 2.692768 2.6929012 2.6930317 2.6931599 2.693286 2.6934105 2.6935338 2.6936564 2.6937786 2.6939011 2.6940242 2.6941487 2.6942749 2.6944036
2.6827215 2.6830075 2.6832937 2.6835799 2.6838659 2.6841517 2.6844369 2.6847213 2.6850049 2.6852873 2.6855685 2.6858481 2.6861259 2.6864018 2.6866756 2.6869469 2.6872157 2.6874816 2.6877446 2.6880043 2.6882607 2.6885134 2.6887623 2.6890072 2.689248 2.6894844 2.6897164 2.6899438 2.6901664 2.6903841 2.690597 2.6908047 2.6910074 2.6912049 2.6913973 2.6915845 2.6917665 2.6919435 2.6921153 2.6922823 2.6924443 2.6926017 2.6927545 2.6929029 2.6930472 2.6931876 2.6933244 2.6934578 2.6935883 2.6937161 2.6938416 2.6939653 2.6940875 2.6942088 2.6943296 2.6944505 2.694572 2.6946946 2.694819 2.6949458
2.683003 2.6832975 2.6835923 2.6838871 2.684182 2.6844765 2.6847706 2.685064 2.6853565 2.6856479 2.685938 2.6862265 2.6865133 2.6867982 2.6870808 2.6873609 2.6876384 2.6879131 2.6881845 2.6884527 2.6887173 2.6889782 2.689235 2.6894877 2.689736 2.6899798 2.6902189 2.6904532 2.6906824 2.6909065 2.6911253 2.6913388 2.6915469 2.6917495 2.6919466 2.6921382 2.6923243 2.6925049 2.6926802 2.6928501 2.6930147 2.6931744 2.6933291 2.693479 2.6936245 2.6937658 2.6939031 2.6940367 2.6941671 2.6942945 2.6944193 2.6945421 2.6946632 2.6947831 2.6949024 2.6950216 2.6951412 2.6952619 2.6953844 2.6955092
2.6832915 2.6835949 2.6838986 2.6842026 2.6845065 2.6848103 2.6851136 2.6854164 2.6857182 2.6860191 2.6863186 2.6866165 2.6869127 2.6872069 2.6874989 2.6877883 2.6880751 2.6883588 2.6886393 2.6889164 2.6891897 2.6894592 2.6897244 2.6899854 2.6902417 2.6904933 2.6907399 2.6909814 2.6912177 2.6914485 2.6916737 2.6918933 2.6921071 2.6923152 2.6925174 2.6927136 2.6929041 2.6930886 2.6932674 2.6934405 2.693608 2.69377 2.6939267 2.6940784 2.6942251 2.6943673 2.6945052 2.694639 2.6947692 2.6948962 2.6950204 2.6951421 2.695262 2.6953804 2.695498 2.6956154 2.6957331 2.6958517 2.695972 2.6960946
2.6835871 2.6838998 2.6842129 2.6845263 2.6848398 2.6851532 2.6854663 2.6857788 2.6860905 2.6864012 2.6867105 2.6870184 2.6873245 2.6876286 2.6879304 2.6882296 2.688526 2.6888194 2.6891094 2.6893959 2.6896785 2.689957 2.6902312 2.6905009 2.6907657 2.6910256 2.6912802 2.6915294 2.6917731 2.692011 2.6922431 2.6924692 2.6926892 2.692903 2.6931105 2.6933118 2.6935069 2.6936956 2.6938782 2.6940547 2.6942252 2.6943898 2.6945486 2.694702 2.6948502 2.6949933 2.6951318 2.6952658 2.6953959 2.6955224 2.6956458 2.6957665 2.695885 2.6960019 2.6961177 2.6962331 2.6963486 2.696465 2.696583 2.6967033
2.68389 2.6842123 2.6845352 2.6848585 2.685182 2.6855055 2.6858287 2.6861515 2.6864735 2.6867945 2.6871142 2.6874325 2.687749 2.6880634 2.6883756 2.6886851 2.6889918 2.6892953 2.6895954 2.6898918 2.6901842 2.6904724 2.690756 2.6910349 2.6913088 2.6915774 2.6918405 2.692098 2.6923496 2.6925951 2.6928344 2.6930674 2.6932939 2.6935139 2.6937272 2.6939338 2.6941338 2.6943271 2.6945137 2.6946938 2.6948675 2.6950348 2.695196 2.6953513 2.6955009 2.695645 2.6957841 2.6959184 2.6960484 2.6961744 2.6962969 2.6964165 2.6965335 2.6966487 2.6967626 2.6968758 2.6969891 2.6971031 2.6972186 2.6973363
