WatsonE12E13/2mHCPmag.asc
NCOLS 499
NROWS 300
XLLCORNER 149.806
YLLCORNER -30.2865
CELLSIZE 1e-05
NODATA_VALUE -9999
[rows 189 to 215 of 300, columns 240 to 299 of 499]
2.4930298 2.4952888 2.4951932 2.4919787 2.490628 2.4883213 2.4768766 2.4961373 2.5020035 2.5039191 2.5034724 2.4978656 2.4786 2.4606241 2.4822157 2.4862996 2.4924419 2.5029512 2.5084367 2.5107933 2.5105515 2.5051019 2.4957086 2.5007876 2.5021581 2.4946896 2.506647 2.5161935 2.5191541 2.5185309 2.5139243 2.5109424 2.5063747 2.4894796 2.5111812 2.5254769 2.5303222 2.5317605 2.5309138 2.5284831 2.5224068 2.4954315 2.43 2.4948292 2.520384 2.5261687 2.5296728 2.5299067 2.5204532 2.5070149 2.5218277 2.5317093 2.5325863 2.5381233 2.545818 2.5504433 2.5524321 2.552915 2.5535182 2.5517424
2.4917189 2.4916467 2.489322 2.4749413 2.4645983 2.4894611 2.4947205 2.4994827 2.5021119 2.5017785 2.4988463 2.4922522 2.4605302 2.409609 2.4767458 2.4961044 2.5022246 2.5060476 2.5077306 2.5076911 2.5059543 2.4936311 2.4465825 2.4827672 2.506636 2.5115028 2.5148045 2.5169273 2.5168795 2.5139352 2.4960751 2.4843824 2.5104121 2.5159744 2.5215196 2.5265636 2.5285502 2.5273232 2.5217785 2.5159218 2.5168 2.5088689 2.4941977 2.5105527 2.5235096 2.5271183 2.5282789 2.5262904 2.5052563 2.45 2.5075566 2.5338332 2.5412624 2.5453166 2.54865 2.5506473 2.5499337 2.5445525 2.5453071 2.5516735
2.487461 2.4824432 2.4796204 2.4780994 2.4748954 2.4911254 2.497191 2.499122 2.4992635 2.4960155 2.485534 2.4866014 2.4834588 2.4767067 2.4903645 2.500114 2.5038781 2.5046985 2.50216 2.4969546 2.4979307 2.4964113 2.4815707 2.4951358 2.5100882 2.514914 2.5157044 2.5127459 2.5073749 2.5086376 2.5014142 2.496199 2.5143419 2.5215116 2.524259 2.5252314 2.5247042 2.5211262 2.5045598 2.4726166 2.5038148 2.5178714 2.5197821 2.5226645 2.5234532 2.5184759 2.5171381 2.5228524 2.5179231 2.5062043 2.5228112 2.5376626 2.5439825 2.5467711 2.5480651 2.5487487 2.5466921 2.5297941 2.5302213 2.5501109
2.4803236 2.4686197 2.4572546 2.4835257 2.4897049 2.4939348 2.4954357 2.4936594 2.4919357 2.4899426 2.4680172 2.479013 2.4935372 2.4960173 2.4989126 2.5010322 2.5011215 2.4995625 2.491319 2.459863 2.4743386 2.4990738 2.50445 2.5089209 2.5132931 2.5146378 2.5131306 2.5038088 2.4713748 2.4956279 2.5116231 2.5154497 2.5200541 2.5227953 2.5225705 2.5193025 2.5159174 2.5150244 2.50229 2.4721368 2.5037374 2.5205497 2.5245956 2.5249327 2.5187883 2.489609 2.4739895 2.5149447 2.5276147 2.530858 2.5359911 2.5414607 2.5445906 2.5449539 2.5424613 2.5421937 2.5454256 2.5429285 2.5443242 2.5517257
2.4632836 2.4759194 2.4783768 2.4873271 2.4916104 2.4926457 2.4902467 2.4779259 2.4659272 2.4840382 2.4885845 2.4925123 2.4980426 2.499878 2.4996375 2.4967768 2.4909414 2.4883091 2.4859404 2.4589499 2.473994 2.5011732 2.509553 2.5127043 2.5132416 2.5099196 2.5063899 2.503763 2.4870948 2.5012957 2.5154039 2.5198951 2.5216057 2.5215451 2.5179897 2.5045202 2.4855125 2.5033579 2.5122167 2.5116724 2.5172178 2.5219761 2.5228785 2.5229465 2.5178936 2.4893795 2.4738838 2.5160627 2.5317311 2.5372064 2.5402585 2.5423003 2.5431826 2.5408811 2.5263069 2.518475 2.5411902 2.5486032 2.551183 2.5528766
2.4526571 2.4784933 2.4856913 2.4888106 2.4888756 2.4864001 2.4835194 2.4636434 2.4271839 2.4784381 2.4936307 2.4977558 2.4991526 2.4984301 2.495604 2.4868275 2.4596517 2.4483467 2.4803454 2.4902081 2.4973108 2.5062993 2.510996 2.5123703 2.5107819 2.4979789 2.4790145 2.5041092 2.5100592 2.5142178 2.5185938 2.5201705 2.5193618 2.5174733 2.5134315 2.4931435 2.4436001 2.4935528 2.5148586 2.519718 2.5211255 2.5182647 2.5098171 2.5131764 2.5202642 2.51781 2.5178982 2.5277284 2.5353326 2.5389972 2.5400609 2.5390304 2.5383437 2.5381143 2.5257157 2.5182827 2.5413082 2.5496243 2.55163 2.5513448
2.4733732 2.4818597 2.4858217 2.4862292 2.4809219 2.464132 2.4698485 2.4777009 2.4763452 2.4879248 2.4957054 2.4978354 2.4962182 2.4913914 2.4865474 2.478235 2.4289409 2.3947921 2.4748273 2.496982 2.5045263 2.5086318 2.5096414 2.5075021 2.5075211 2.5015817 2.4918241 2.5080987 2.5155751 2.518257 2.5192241 2.5176461 2.5114604 2.5048556 2.5081811 2.5056317 2.4981357 2.5078983 2.516752 2.5199051 2.5199133 2.5111881 2.4719205 2.4900358 2.51985 2.5272066 2.5304137 2.5340634 2.5371501 2.5385976 2.5370674 2.5279516 2.5196938 2.533757 2.538938 2.5411188 2.5469002 2.5501778 2.5489807 2.5444212
2.4786795 2.4820428 2.4813518 2.4794477 2.4737102 2.434085 2.4540309 2.4831146 2.4900282 2.4939691 2.4960996 2.4953123 2.4893346 2.4713319 2.456767 2.4728658 2.4694892 2.4677294 2.4884876 2.500911 2.5056916 2.5074851 2.5056051 2.4893552 2.497548 2.5092133 2.5113591 2.5149668 2.5175847 2.5180911 2.5171847 2.5134873 2.4966594 2.4603214 2.4959196 2.5108914 2.5132752 2.5146703 2.514572 2.5140069 2.5160049 2.5134066 2.4983772 2.5059867 2.523265 2.530369 2.5335373 2.5353354 2.5360442 2.5359965 2.5339965 2.5184197 2.4944234 2.5299879 2.5427255 2.5471866 2.5498528 2.5502806 2.5444119 2.5212309
2.4790511 2.4782223 2.4668395 2.4550024 2.4712096 2.4719239 2.4777704 2.4884878 2.4932588 2.4944166 2.4930278 2.489961 2.4823481 2.4445303 2.3853689 2.4648094 2.4865462 2.4928843 2.4991113 2.5029097 2.501681 2.5002285 2.5034394 2.4967506 2.5022794 2.5124963 2.5159187 2.5172425 2.5168429 2.5138475 2.5105426 2.5097245 2.4996645 2.4793094 2.4999386 2.5123276 2.5148728 2.5127511 2.5020236 2.4881579 2.5038244 2.515943 2.5187272 2.522312 2.5276685 2.5312627 2.5330936 2.5332696 2.5304459 2.5271937 2.5307491 2.5301791 2.5283087 2.5376272 2.5450584 2.5489368 2.5508104 2.5507954 2.5460694 2.5311934
2.4745228 2.4725944 2.4533906 2.4171665 2.4680314 2.4829936 2.4882124 2.4918343 2.4931443 2.4910159 2.4830555 2.4743702 2.477443 2.4685703 2.4575429 2.4802858 2.494594 2.5001551 2.5026799 2.5021859 2.4895884 2.4698052 2.4990815 2.5080297 2.5117332 2.5151298 2.5166481 2.5164923 2.5137772 2.5028134 2.4849072 2.5014583 2.5084069 2.5075412 2.5099198 2.511855 2.5116781 2.5082262 2.4861773 2.43 2.4883657 2.5154142 2.5230649 2.5263859 2.5284071 2.5292672 2.5296131 2.5290073 2.5198875 2.4968186 2.5221385 2.5344788 2.538338 2.5420809 2.5459951 2.5491486 2.5505263 2.5511041 2.5505146 2.5483144
2.453662 2.459764 2.4679604 2.4668569 2.4787914 2.4871969 2.490556 2.4912795 2.4900289 2.485349 2.4639607 2.4146864 2.4639397 2.4838104 2.4885043 2.4947402 2.5000127 2.501731 2.500612 2.5005218 2.493799 2.4836414 2.502087 2.5111192 2.5143285 2.5154043 2.5146868 2.5129629 2.5104642 2.4979598 2.4685121 2.4979912 2.5108869 2.5123953 2.5099055 2.5034452 2.4994631 2.5030278 2.4980928 2.4864207 2.5030015 2.5177196 2.5236717 2.5257773 2.5254157 2.5221316 2.5194433 2.5227568 2.5206186 2.5093313 2.5249893 2.5355494 2.5389166 2.5405563 2.5436877 2.5478787 2.5500889 2.5509332 2.5520577 2.5521238
2.424151 2.4443555 2.4739549 2.4813131 2.4857835 2.4887278 2.4891391 2.4860678 2.4805378 2.4786331 2.4678896 2.4418161 2.4716491 2.4906432 2.4971387 2.5004581 2.5020632 2.4994096 2.4845719 2.491456 2.5022589 2.504774 2.5092285 2.5128404 2.5142235 2.5133784 2.5085135 2.5008064 2.504221 2.506215 2.5035253 2.5083481 2.5124146 2.5117937 2.5042099 2.4770767 2.4503745 2.4892367 2.5058171 2.5100323 2.5150724 2.5199383 2.5222071 2.5223389 2.5195587 2.5060893 2.4832551 2.5086802 2.5239575 2.5278708 2.532369 2.5358633 2.5348635 2.5293809 2.5339855 2.5439998 2.548986 2.5509377 2.5518566 2.5517588
2.4619288 2.4685968 2.4798942 2.4850728 2.4867328 2.4865183 2.4844765 2.4748962 2.4455686 2.4571342 2.4779222 2.4819046 2.4891368 2.496438 2.5001642 2.5009025 2.5006622 2.4991247 2.4848254 2.492113 2.5054537 2.5096939 2.5117106 2.5124481 2.5119327 2.5100015 2.4998904 2.4647073 2.4906764 2.5081609 2.5113041 2.5118563 2.5111277 2.5091728 2.5013373 2.4657913 2.4201591 2.4842456 2.5081173 2.5150437 2.5179292 2.5187728 2.5169978 2.5142602 2.5128069 2.4988647 2.4611903 2.5028396 2.5244546 2.5308058 2.5334828 2.5344077 2.5288249 2.4992705 2.5140236 2.5393742 2.5470401 2.5496539 2.5502486 2.5493059
2.4730153 2.4796529 2.4838475 2.4851517 2.4826505 2.477291 2.4751878 2.4685815 2.4245581 2.446127 2.481717 2.491452 2.4958971 2.4989264 2.500223 2.4957752 2.4884941 2.499672 2.5019467 2.5044597 2.5085003 2.5106313 2.5109799 2.5089048 2.504432 2.5045827 2.5023438 2.4902003 2.4994922 2.5097059 2.5118264 2.5090313 2.5018414 2.5005936 2.502943 2.4949261 2.4887515 2.5012737 2.5114272 2.5153743 2.5162044 2.5141597 2.5047187 2.4882918 2.4989913 2.5086164 2.508199 2.5175638 2.5264793 2.5294785 2.5292056 2.5306219 2.5299093 2.5193546 2.525716 2.5397638 2.5456615 2.5475495 2.54714 2.5449848
2.478462 2.4829032 2.4841787 2.482371 2.472828 2.4450455 2.4450216 2.4693589 2.470923 2.4773536 2.4889323 2.4947371 2.4963644 2.4963463 2.4980946 2.4954023 2.4885528 2.5010048 2.5060823 2.5079897 2.508993 2.5089816 2.5080265 2.5028637 2.4812198 2.49075 2.5052002 2.5069394 2.5087663 2.510708 2.5101884 2.5031649 2.4735854 2.4733242 2.5016306 2.5070278 2.5079817 2.5105709 2.5125744 2.5119889 2.510095 2.5076027 2.4920288 2.4338013 2.4787838 2.5110864 2.5194238 2.5240543 2.5270566 2.5247741 2.5114523 2.51812 2.5309298 2.5341513 2.5373413 2.5416754 2.5442435 2.5444881 2.5416777 2.5356952
2.4816172 2.4823953 2.480311 2.4770624 2.4658159 2.4080676 2.4084845 2.4693663 2.4839512 2.4893916 2.4932461 2.4949657 2.4916004 2.4792836 2.4898803 2.4991808 2.5015616 2.5047031 2.5068415 2.5073925 2.5062405 2.5027835 2.5012422 2.5010206 2.4899723 2.4956355 2.5067606 2.5095813 2.5092647 2.5073245 2.5062811 2.5026743 2.4842795 2.4843259 2.5043004 2.510676 2.5120615 2.5119281 2.5095941 2.5017371 2.4911134 2.4961298 2.4980629 2.4863845 2.4990712 2.515063 2.5212996 2.5236476 2.5252531 2.5223028 2.5012013 2.5118869 2.5309982 2.536923 2.5395588 2.5410737 2.541337 2.5401073 2.533899 2.5094086
2.4815727 2.4777328 2.4657373 2.4606071 2.467839 2.4594205 2.4619113 2.4802368 2.4894734 2.49234 2.4919704 2.4916387 2.4885194 2.4678523 2.4857693 2.4999194 2.503794 2.504997 2.5048564 2.5038845 2.5007922 2.4864238 2.478394 2.498533 2.503111 2.5052843 2.5078608 2.5083892 2.5047598 2.492413 2.4922256 2.5031073 2.5039177 2.5050867 2.5093153 2.5113505 2.5106972 2.5084094 2.5037981 2.4849191 2.4283319 2.4699222 2.5014812 2.5083064 2.5133325 2.5182433 2.5188513 2.5145275 2.5179732 2.5238828 2.5234197 2.526856 2.5332924 2.5367957 2.5381313 2.53762 2.534713 2.5323893 2.5302727 2.5091465
2.4782703 2.4712669 2.4336558 2.4081927 2.4654727 2.4789001 2.4839724 2.4894279 2.4926083 2.4910579 2.4799584 2.4751238 2.4886757 2.4915109 2.4961212 2.5011747 2.5029489 2.5020586 2.4983275 2.4947884 2.4951372 2.4848227 2.4777347 2.4983395 2.5046049 2.5053651 2.5047697 2.5045151 2.5004898 2.4756909 2.4758054 2.502093 2.5081768 2.5096481 2.5101394 2.5089969 2.5043639 2.4969777 2.495568 2.4870225 2.4550652 2.4797203 2.5049724 2.5127559 2.5158994 2.5177971 2.513948 2.4882128 2.5012263 2.5228779 2.5287627 2.531535 2.5336106 2.5344245 2.5340931 2.5316078 2.5194963 2.5066235 2.5267005 2.5326985
2.4664066 2.4684818 2.4548927 2.4480364 2.4743661 2.4865041 2.4911278 2.493101 2.4932676 2.489755 2.4669762 2.4512551 2.4871918 2.4965804 2.4994917 2.5004915 2.4997795 2.4965044 2.4836795 2.4619924 2.4839418 2.4947229 2.4973997 2.5017862 2.5031871 2.4993461 2.4914711 2.4938393 2.4995734 2.4965719 2.4976503 2.5051875 2.508278 2.508172 2.506602 2.5036483 2.4930609 2.4591179 2.4727341 2.4951671 2.4972906 2.5029806 2.5098632 2.5112248 2.5098945 2.5130586 2.5145266 2.506019 2.5118385 2.5241614 2.5291524 2.5309036 2.530731 2.5281697 2.5250061 2.5246189 2.5124035 2.4907103 2.5256891 2.5396034
2.4141522 2.4598891 2.4744904 2.4790572 2.4861113 2.4914726 2.4936303 2.4918579 2.4878789 2.490275 2.4863908 2.4845324 2.4931352 2.4977659 2.4984117 2.4960401 2.4919279 2.4894698 2.4766888 2.4408926 2.4787682 2.4962556 2.5003398 2.501285 2.4998206 2.4894071 2.4497507 2.4670025 2.4962776 2.5029266 2.5048764 2.5061726 2.5056169 2.5020113 2.4962001 2.4940587 2.4890698 2.4586568 2.4731422 2.4999914 2.5076974 2.5108723 2.5112832 2.5029007 2.480538 2.4975494 2.5144712 2.5188611 2.5220207 2.5256741 2.5274755 2.5273922 2.5250596 2.5152886 2.495396 2.5099444 2.5229296 2.5258888 2.5354957 2.5434614
2.414578 2.462498 2.4816935 2.4880207 2.4914673 2.4934402 2.4939269 2.4882936 2.47 2.4884039 2.4943665 2.4953305 2.4964798 2.4965804 2.4944816 2.4863257 2.4663521 2.472837 2.4845414 2.4840036 2.4911443 2.4971734 2.4975221 2.4949925 2.4942679 2.4889939 2.4657977 2.4757426 2.4968344 2.5031553 2.5040996 2.502931 2.4998074 2.4903108 2.4647656 2.4649913 2.4884614 2.4927377 2.4981203 2.5065886 2.5110342 2.5124031 2.5111926 2.4998377 2.4622965 2.4905911 2.514084 2.5208113 2.5232776 2.5240619 2.5227556 2.5196683 2.5172142 2.5056816 2.4567465 2.4962295 2.5263166 2.5355773 2.541301 2.5454894
2.4700452 2.4792714 2.48725 2.4910875 2.4919474 2.4899494 2.4915052 2.4922797 2.4890069 2.4936055 2.4966544 2.4965595 2.494567 2.4908428 2.4874643 2.4785713 2.4343403 2.4550849 2.486493 2.4932009 2.4955795 2.4957525 2.4894728 2.4716031 2.4779313 2.491106 2.4921618 2.4948598 2.4997491 2.5012785 2.4989771 2.4941018 2.4900035 2.480814 2.43143 2.4320983 2.486487 2.500719 2.5060805 2.5096155 2.5106186 2.5084178 2.5092204 2.5084537 2.5033271 2.508483 2.5163864 2.519877 2.520572 2.51932 2.5135886 2.4984939 2.4986184 2.5100015 2.507264 2.5178189 2.5317535 2.5392856 2.5436141 2.5458554
2.4845626 2.4873117 2.4891805 2.4904792 2.4894769 2.4751254 2.4829607 2.4943958 2.4963154 2.4967898 2.4961026 2.4936529 2.487793 2.4731857 2.4670441 2.4783853 2.4752432 2.4803067 2.490574 2.49365 2.492853 2.4913082 2.4829973 2.442622 2.4611098 2.4905105 2.4971072 2.4988015 2.4990402 2.4968558 2.4889043 2.4705519 2.463702 2.4772409 2.4738782 2.4774414 2.4944757 2.5031848 2.50659 2.5085518 2.5076746 2.4944419 2.5013061 2.5116803 2.5135474 2.5150215 2.5164707 2.5161365 2.5137012 2.5110119 2.504164 2.4634869 2.4642499 2.5103884 2.5226651 2.5298662 2.5367715 2.5418146 2.5447085 2.546152
2.488871 2.4880222 2.4831446 2.4820751 2.4877873 2.4856979 2.4894609 2.4958877 2.497188 2.4956236 2.4914671 2.4860628 2.4793314 2.4464427 2.422908 2.4752371 2.4872402 2.4908043 2.4924254 2.4891569 2.4788109 2.4781171 2.484409 2.479549 2.4837866 2.4934316 2.4968463 2.4963356 2.4937608 2.489725 2.47774 2.4253602 2.3926226 2.4684632 2.4882112 2.4949006 2.5002493 2.5021584 2.5000468 2.5015681 2.5059846 2.5035222 2.5068333 2.5128023 2.5143695 2.5140011 2.5124453 2.5082967 2.4972431 2.4894919 2.4992328 2.4946695 2.4982548 2.5171637 2.5275124 2.5339474 2.5397344 2.5450062 2.5459034 2.5460198
2.4890247 2.4848665 2.4622506 2.4479524 2.4831845 2.4925744 2.4954294 2.4966836 2.4956361 2.4914347 2.4798394 2.4613738 2.4685268 2.4682553 2.4660082 2.4826096 2.4903478 2.4918304 2.490456 2.4823702 2.4440581 2.4439921 2.4822449 2.4902261 2.4926918 2.4942847 2.4934779 2.488788 2.4799467 2.4755276 2.4743397 2.4524434 2.4425394 2.476921 2.4928639 2.4985764 2.5006759 2.49729 2.4765939 2.4775096 2.5018111 2.5087019 2.5110938 2.5122487 2.511259 2.5077995 2.5029981 2.4973873 2.4705507 2.4279551 2.4895557 2.5090766 2.5163683 2.5233685 2.5291169 2.5343626 2.540253 2.5483265 2.546766 2.5446917
2.4827392 2.4826549 2.4702349 2.4630232 2.4858838 2.4944848 2.496239 2.4948015 2.4911153 2.485747 2.4675875 2.4042403 2.4506374 2.4788918 2.4849076 2.4890194 2.4901181 2.4864205 2.4827537 2.4814383 2.4666586 2.4670298 2.485451 2.4916881 2.4921842 2.4902475 2.4864318 2.4763259 2.4434455 2.4279981 2.4670081 2.4774071 2.4809204 2.4890073 2.4947951 2.4962449 2.4968125 2.4951051 2.4759438 2.4767613 2.5008524 2.5082556 2.5096719 2.5084578 2.5045877 2.4945994 2.4772535 2.4803111 2.4809675 2.4712832 2.4980942 2.5140559 2.5207949 2.5237985 2.525654 2.5309874 2.5371282 2.5416315 2.5424016 2.541524
2.4495272 2.4753259 2.485708 2.4881757 2.4929647 2.4955666 2.4947005 2.4892049 2.4773949 2.4745016 2.4741909 2.4604176 2.471196 2.4844654 2.4885615 2.4892804 2.4865553 2.4703123 2.4502534 2.4770894 2.4842386 2.486241 2.4894859 2.4899736 2.4862732 2.478796 2.4727617 2.4664381 2.4261636 2.4006136 2.4642808 2.4832412 2.4887379 2.4918419 2.4922191 2.4839614 2.4804265 2.4935888 2.4960594 2.4982825 2.5038924 2.5062777 2.5048293 2.5002526 2.4942058 2.4783878 2.4111671 2.4425074 2.4896919 2.5008066 2.5097193 2.5171128 2.5211317 2.518832 2.5086576 2.5231485 2.53293 2.5366753 2.5375195 2.5364803
