WatsonE12E13/2mHCPcon.asc
NCOLS 600
NROWS 370
XLLCORNER 149.806
YLLCORNER -30.2864
CELLSIZE 1e-05
NODATA_VALUE -9999
[rows 270 to 296 of 370, columns 360 to 419 of 600]
116.50705 118.22028 119.01218 119.12939 118.67978 116.77277 115.96245 118.08224 118.25993 119.04363 120.5864 121.51944 121.99429 122.21423 122.26169 121.93746 120.0884 116.60986 120.14989 122.05503 122.47844 122.75539 122.76788 122.52679 123.07667 122.99668 122.75061 124.31497 125.91916 127.15733 128.3593 129.66046 131.0708 132.61979 134.59743 137.95738 143.58748 145.54233 141.59602 140.46656 141.29128 140.20479 137.9838 136.44404 135.56765 135.00697 134.5865 134.25361 133.99055 133.78269 133.61696 133.48385 133.37695 133.29174 133.22474 133.1731 133.1345 133.10694 133.08878 133.07859
118.67689 119.05437 118.97507 118.57413 118.0076 114.6874 112.59002 118.07083 119.93905 120.79209 121.52457 122.02317 122.18084 121.97963 121.82825 121.93032 121.05539 119.56328 121.32234 122.79262 123.30578 123.37496 122.39586 120.14047 122.71457 124.42186 125.22351 126.2363 127.43046 128.64193 129.93577 131.4271 133.13842 134.88247 136.72475 140.42921 149.93457 153.69998 143.67555 139.33331 138.12068 137.28579 136.28111 135.40902 134.78717 134.35221 134.03059 133.78168 133.58565 133.43048 133.30728 133.20942 133.13207 133.07169 133.02556 132.99152 132.96776 132.95278 132.9453 132.94423
119.27219 119.09625 117.82967 115.65581 116.77251 117.43899 117.61104 119.53976 120.89799 121.63436 122.09165 122.32217 122.1149 120.78475 119.5584 121.54503 122.38263 122.51397 122.99376 123.41906 123.53408 123.71133 123.30264 122.32674 123.92015 125.63363 126.7684 127.81974 128.95568 130.19773 131.6392 133.53812 136.16926 138.79649 139.60477 140.53311 144.60568 146.08952 141.40366 138.10592 136.62629 135.80209 135.14643 134.59559 134.16493 133.84076 133.59533 133.40593 133.25785 133.14154 133.05027 132.97907 132.92423 132.88295 132.85307 132.83287 132.82091 132.81602 132.81719 132.82353
119.24633 118.74247 116.48222 109.50072 114.55191 118.66715 119.9506 120.90765 121.66346 122.11436 122.31695 122.40719 122.18102 120.39302 118.3238 121.59622 123.14072 123.64487 123.83445 123.44865 122.22956 123.28054 124.49415 125.00421 125.89644 127.06434 128.19752 129.34557 130.59073 131.95265 133.52135 135.86787 140.53127 147.43638 145.89728 141.0988 140.08675 139.74084 138.21114 136.61185 135.55058 134.86955 134.37359 133.98199 133.672 133.43081 133.24443 133.1001 132.98803 132.90114 132.83427 132.78359 132.74618 132.71979 132.70268 132.69344 132.69092 132.69415 132.7023 132.71469
117.93621 117.6608 117.60166 115.82656 117.46487 119.84421 121.03679 121.73322 122.17337 122.28517 121.91269 121.8243 122.40606 122.25009 122.06148 123.0393 123.87353 124.24545 124.34329 123.64245 121.40323 123.19432 125.38297 126.50952 127.48193 128.55019 129.71468 131.02433 132.56424 134.25551 135.80684 137.76949 142.99853 153.83905 150.36486 141.57103 138.39894 137.19808 136.2598 135.38424 134.69159 134.18415 133.8052 133.51122 133.27974 133.09809 132.95657 132.847 132.76274 132.69863 132.65076 132.61612 132.59239 132.57775 132.57076 132.57026 132.57529 132.58507 132.5989 132.61621
114.43329 114.40352 118.42535 119.34147 120.11408 121.07724 121.7813 122.21198 122.44916 122.29217 120.70001 119.79828 122.40628 123.34885 123.73074 124.14011 124.3637 124.23545 124.58864 124.78263 124.52336 125.30483 126.66975 127.84452 128.94885 130.11933 131.41352 132.97417 135.16547 138.08914 139.86367 139.60182 141.06286 144.71919 143.66669 139.57194 137.11444 135.88359 135.10793 134.50541 134.02498 133.65194 133.36397 133.13945 132.96314 132.82495 132.71749 132.6349 132.57242 132.52625 132.49338 132.47144 132.45857 132.45327 132.45437 132.46088 132.472 132.48706 132.5055 132.52681
117.01843 117.0991 119.55659 120.72928 121.38546 121.90063 122.21273 122.2659 122.36677 122.5187 121.81875 121.55945 123.13904 124.07645 124.52954 124.78395 124.56595 123.27431 124.41801 125.72045 126.35746 127.11291 128.13569 129.28515 130.55257 131.96651 133.47731 135.19919 138.17433 144.59918 149.00509 142.9863 139.72047 139.33637 138.661 137.16735 135.83525 134.93593 134.32341 133.86765 133.5116 133.23144 133.01153 132.83892 132.70359 132.59809 132.51681 132.45534 132.4101 132.3782 132.3573 132.34553 132.34135 132.34356 132.35115 132.3633 132.37934 132.39869 132.42085 132.44542
119.65629 120.11418 120.94612 121.62476 122.07488 122.36071 122.31771 121.40368 121.02785 122.56795 123.18862 123.5477 124.16782 124.66682 124.9213 125.21822 125.26825 124.90215 125.59369 126.74107 127.65364 128.56089 129.61545 130.8779 132.46071 134.467 136.54112 137.95776 140.04219 146.88853 152.5282 144.10116 139.02316 137.28662 136.3999 135.5637 134.79538 134.18728 133.73009 133.38144 133.10925 132.89454 132.72512 132.59192 132.4879 132.40761 132.34678 132.302 132.27052 132.25008 132.23882 132.23524 132.23809 132.24635 132.25919 132.2759 132.29591 132.31872 132.34391 132.37112
120.74837 121.37745 121.83472 122.1635 122.36402 122.53401 122.44485 121.05025 120.29112 122.78059 123.89672 124.43139 124.82844 124.91143 124.45404 125.32384 126.07283 126.48506 127.09826 127.97404 128.93745 129.99144 131.19796 132.65797 134.71401 138.12702 142.65344 143.33122 141.21258 142.12208 143.23091 140.45042 137.61095 136.06609 135.19334 134.55764 134.0323 133.60368 133.26415 132.99737 132.78696 132.62054 132.48921 132.38631 132.30666 132.24615 132.2015 132.17006 132.14965 132.13847 132.13503 132.13809 132.14664 132.15981 132.1769 132.19731 132.22053 132.24614 132.27377 132.3031
121.57215 122.04065 122.29247 122.27846 121.94187 122.09474 122.69552 122.70457 122.84012 123.75779 124.48141 124.89456 125.22857 125.29997 124.96277 125.85509 126.86018 127.60543 128.36636 129.27097 130.34419 131.61902 133.09729 134.73684 136.97597 141.96941 152.92528 153.07767 143.24942 139.76361 138.71156 137.46154 136.09597 135.07223 134.37541 133.86928 133.47191 133.15142 132.89374 132.68796 132.52428 132.39462 132.29263 132.21337 132.15293 132.10814 132.07646 132.05576 132.04432 132.04067 132.0436 132.05209 132.06527 132.08244 132.10298 132.12638 132.1522 132.18007 132.20966 132.2407
122.14828 122.36606 122.45279 122.08383 120.15152 120.23318 122.68883 123.60159 124.07015 124.54672 124.83631 124.72865 125.25036 125.93261 126.34138 126.99284 127.84046 128.70031 129.6126 130.65982 131.94553 133.64419 135.82329 137.83058 139.13362 142.25888 150.02806 150.17962 142.41085 138.48534 136.84349 135.81854 134.96419 134.27574 133.75323 133.35607 133.04507 132.79624 132.59605 132.43546 132.30742 132.20621 132.12718 132.06661 132.02149 131.98934 131.96812 131.95616 131.95203 131.95453 131.96267 131.97559 131.99257 132.01299 132.03634 132.06216 132.09008 132.11976 132.15092 132.18331
122.33382 122.18167 122.2441 122.23537 121.01145 121.17297 123.17533 124.13989 124.62135 124.98915 125.02782 124.12093 125.13421 126.49535 127.32083 128.08882 128.95441 129.92352 131.01231 132.2547 133.78388 136.12036 140.25111 144.63525 143.1878 141.22476 142.10708 141.7995 139.21176 136.99676 135.66308 134.80564 134.1662 133.66192 133.26548 132.95454 132.70842 132.51161 132.35358 132.22704 132.12649 132.04756 131.98673 131.94111 131.90832 131.88641 131.87373 131.8689 131.87075 131.87831 131.89073 131.90729 131.92737 131.95044 131.97607 132.00384 132.03344 132.06457 132.09697 132.13043
122.067 120.65565 120.7559 122.37867 122.89959 123.32698 124.06106 124.50639 124.62836 125.08297 125.55159 125.62356 126.2852 127.349 128.2911 129.20073 130.19731 131.36399 132.7585 134.32108 135.95143 138.41441 144.76211 155.41893 148.92524 141.33406 139.04813 138.02377 136.81585 135.63483 134.72924 134.07137 133.57509 133.18643 132.87797 132.63239 132.43626 132.27917 132.15336 132.05312 131.9741 131.91286 131.8666 131.83305 131.81029 131.79673 131.79104 131.79208 131.79887 131.81059 131.82653 131.84607 131.86869 131.89392 131.92139 131.95074 131.98168 132.01395 132.04733 132.08161
121.9049 119.0582 119.12401 122.51991 123.75208 124.32195 124.69455 124.5574 123.36674 124.54684 126.02995 126.79746 127.53614 128.43973 129.41911 130.46286 131.63863 133.10942 135.14441 137.66794 139.37086 140.11304 143.38704 148.96001 145.58388 140.10092 137.52609 136.27657 135.38075 134.61707 133.99125 133.49961 133.1146 132.80942 132.56536 132.36954 132.21238 132.08643 131.98594 131.9065 131.84464 131.79761 131.76317 131.73944 131.7249 131.71822 131.71829 131.72417 131.73503 131.75019 131.76903 131.79102 131.81571 131.8427 131.87166 131.90226 131.93426 131.96743 132.00155 132.03646
122.34541 121.81679 122.08116 123.49577 124.40882 124.87127 125.15211 125.02505 124.15086 125.16764 126.7201 127.758 128.66858 129.65528 130.7696 132.01262 133.3903 135.14721 138.23569 143.97305 147.46333 143.2336 141.03027 141.19046 140.01935 137.84158 136.20518 135.17194 134.44957 133.88156 133.41956 133.04603 132.74573 132.50408 132.30923 132.15211 132.02575 131.92464 131.84446 131.78177 131.7338 131.69834 131.67356 131.65792 131.65015 131.64915 131.654 131.66389 131.67814 131.69614 131.71736 131.74137 131.76775 131.79616 131.82631 131.85791 131.89073 131.92458 131.95926 131.99462
122.58702 123.33842 123.80609 124.42428 124.87707 124.86222 125.30722 125.8475 126.10792 126.7716 127.80076 128.83514 129.88115 131.05045 132.45858 134.13533 135.82113 137.41086 140.61175 149.81478 157.32963 146.32774 140.26286 138.3267 137.20578 136.07211 135.08406 134.33496 133.77197 133.33042 132.97353 132.68265 132.4457 132.25301 132.09664 131.97017 131.8685 131.78749 131.72383 131.67482 131.63825 131.61231 131.59551 131.58657 131.58443 131.58816 131.59698 131.61021 131.62726 131.64761 131.67081 131.69646 131.72422 131.75378 131.78486 131.81724 131.85069 131.88505 131.92013 131.9558
123.16109 124.04667 124.49557 124.92815 125.17493 124.6994 125.45195 126.54784 127.29009 128.06925 129.02085 130.10232 131.30088 132.7059 134.60932 137.42799 140.37778 140.86524 141.10148 145.07496 148.00793 143.13964 138.88832 136.8517 135.73482 134.90699 134.22704 133.68034 133.24708 132.90027 132.61855 132.3879 132.19884 132.04423 131.91833 131.81648 131.73484 131.67028 131.62021 131.5825 131.55537 131.53736 131.5272 131.52385 131.52641 131.5341 131.54624 131.56226 131.58164 131.60394 131.62876 131.65576 131.68462 131.71508 131.74691 131.77987 131.8138 131.84851 131.88387 131.91973
124.04954 124.40204 124.38836 124.92832 125.61569 125.9241 126.5279 127.43875 128.32842 129.26431 130.3524 131.63753 133.09315 134.70828 137.02166 141.97351 150.21789 148.03171 141.93842 140.65638 140.51974 138.95686 137.02804 135.65458 134.75119 134.09753 133.58291 133.16703 132.82982 132.5553 132.33047 132.1456 131.99357 131.86898 131.76751 131.68562 131.6204 131.56941 131.53063 131.50235 131.48312 131.47174 131.46716 131.46851 131.47502 131.48602 131.50095 131.5193 131.54062 131.56453 131.59068 131.61877 131.64852 131.6797 131.71208 131.74549 131.77975 131.8147 131.85021 131.88616
124.65232 124.42569 122.97437 124.33589 126.00939 126.87285 127.62285 128.48844 129.45361 130.5485 131.88797 133.63066 135.73614 137.5653 139.16944 143.74091 153.93057 150.63569 141.98184 138.75354 137.54424 136.54722 135.52317 134.65625 133.99376 133.48665 133.08508 132.75952 132.49297 132.27379 132.09309 131.944 131.82124 131.72068 131.639 131.57347 131.52182 131.48214 131.4528 131.43243 131.41985 131.41406 131.4142 131.41951 131.42935 131.44315 131.46041 131.48071 131.50365 131.52889 131.55613 131.58509 131.61555 131.64727 131.68008 131.7138 131.74827 131.78336 131.81894 131.8549
124.94723 124.96429 124.35271 125.26519 126.7202 127.75586 128.66574 129.64015 130.74326 132.02408 133.66849 136.22953 140.37648 143.66753 142.22061 141.86137 144.2341 143.21613 139.59411 137.24724 136.0027 135.16806 134.47071 133.8779 133.39359 133.00403 132.68859 132.43032 132.21732 132.04109 131.89519 131.77459 131.67535 131.59429 131.52883 131.47682 131.43648 131.40626 131.38488 131.37119 131.36425 131.3632 131.36733 131.376 131.38866 131.40482 131.42405 131.44598 131.47026 131.49659 131.52471 131.55438 131.58538 131.61752 131.65063 131.68454 131.71913 131.75427 131.78984 131.82574
124.59399 125.64381 126.12062 126.8043 127.77593 128.77292 129.80326 130.96867 132.33345 133.86545 135.64456 138.75921 146.48737 155.68371 147.18968 141.08421 139.61394 138.63614 137.16164 135.84626 134.91858 134.25066 133.72169 133.28255 132.91734 132.61561 132.36653 132.16028 131.98902 131.84671 131.72864 131.63107 131.55098 131.48593 131.43388 131.39315 131.36228 131.34005 131.32539 131.31738 131.31522 131.31822 131.32575 131.33727 131.35233 131.37048 131.39137 131.41466 131.44005 131.46728 131.49611 131.52633 131.55774 131.59018 131.62348 131.65751 131.69213 131.72725 131.76274 131.79851
124.52525 126.26086 127.19774 128.0085 128.91923 129.94103 131.11295 132.57839 134.52067 136.72877 138.28963 139.96919 145.39168 151.78843 145.71696 139.97243 137.65529 136.4954 135.55573 134.73716 134.08205 133.57039 133.15969 132.82042 132.53694 132.29985 132.10172 131.93623 131.79807 131.68296 131.58743 131.50866 131.44434 131.39256 131.3517 131.32042 131.29755 131.28208 131.27314 131.26997 131.2719 131.27834 131.28877 131.30274 131.31983 131.33967 131.36195 131.38638 131.41268 131.44064 131.47003 131.50067 131.53239 131.56502 131.59843 131.63249 131.66709 131.70211 131.73747 131.77308
126.14003 127.24594 128.21529 129.14137 130.15169 131.29845 132.64217 134.46742 137.57463 142.45327 144.22366 141.47651 141.19651 142.06876 140.38123 137.88053 136.23312 135.22734 134.50144 133.91445 133.43359 133.04205 132.72079 132.45362 132.22944 132.04077 131.88204 131.74875 131.63713 131.54406 131.46697 131.40371 131.35248 131.31178 131.28032 131.25702 131.24092 131.23121 131.22715 131.22812 131.23354 131.24294 131.25585 131.27189 131.29071 131.31198 131.33543 131.3608 131.38786 131.4164 131.44623 131.47718 131.5091 131.54185 131.57529 131.60932 131.64383 131.67872 131.7139 131.74929
127.54604 128.40074 129.34425 130.38324 131.59834 133.0212 134.55875 136.40999 140.29766 150.01518 153.84311 143.78181 139.52432 138.27357 137.24154 136.05374 135.04946 134.30605 133.74422 133.29589 132.92794 132.62334 132.36969 132.157 131.97771 131.82626 131.69842 131.59081 131.50065 131.42561 131.36373 131.31334 131.27305 131.24166 131.21815 131.20161 131.19128 131.18648 131.1866 131.19111 131.19954 131.21146 131.2265 131.24431 131.2646 131.28708 131.3115 131.33765 131.36532 131.39432 131.42448 131.45565 131.4877 131.52049 131.55391 131.58785 131.62222 131.65692 131.69189 131.72703
128.71413 129.60666 130.61958 131.82069 133.40571 135.56344 137.72536 138.75688 140.49235 145.95835 147.97964 142.02181 138.20814 136.54823 135.58435 134.79857 134.13241 133.59431 133.16464 132.81578 132.52746 132.2867 132.08444 131.91379 131.76941 131.64718 131.54392 131.45702 131.38437 131.32417 131.2749 131.23528 131.20419 131.18067 131.16389 131.15311 131.14771 131.14711 131.15081 131.15836 131.16936 131.18346 131.20031 131.21964 131.24117 131.26466 131.2899 131.31669 131.34484 131.37419 131.40459 131.43591 131.46801 131.50078 131.53412 131.56793 131.60212 131.63661 131.67132 131.70619
129.91733 130.96569 132.13892 133.5032 135.53339 139.43623 144.83651 143.8926 140.56119 140.3953 140.33125 138.48292 136.57559 135.33822 134.53395 133.93166 133.44223 133.03936 132.70799 132.43385 132.205 132.01256 131.84998 131.71227 131.59551 131.49663 131.41318 131.34315 131.28489 131.23699 131.19827 131.16769 131.14436 131.12752 131.11646 131.11061 131.10942 131.11243 131.1192 131.12937 131.14259 131.15854 131.17695 131.19756 131.22014 131.24448 131.27039 131.2977 131.32623 131.35584 131.38641 131.41779 131.44989 131.4826 131.51581 131.54945 131.58342 131.61766 131.6521 131.68667
131.31019 132.68345 134.22506 135.64411 137.45437 142.42556 153.07193 149.59836 141.113 138.25845 137.18909 136.18627 135.17868 134.36717 133.76014 133.2921 132.91448 132.60259 132.34273 132.12508 131.94183 131.78686 131.65546 131.54392 131.44933 131.36934 131.30205 131.24588 131.19954 131.1619 131.13202 131.10907 131.09233 131.08115 131.075 131.07335 131.07578 131.08188 131.0913 131.10372 131.11883 131.13637 131.1561 131.17781 131.20127 131.22632 131.25278 131.28049 131.30931 131.33911 131.36977 131.40117 131.43321 131.4658 131.49885 131.53228 131.56601 131.59998 131.63412 131.66837
