WatsonE12E13/2mHCPcon.asc
NCOLS 600
NROWS 370
XLLCORNER 149.806
YLLCORNER -30.2864
CELLSIZE 1e-05
NODATA_VALUE -9999
[rows 297 to 323 of 370, columns 420 to 479 of 600]
131.68516 131.71911 131.75301 131.78683 131.82052 131.85404 131.88738 131.92049 131.95336 131.98594 132.01823 132.05019 132.08182 132.11308 132.14396 132.17445 132.20453 132.23418 132.26341 132.29218 132.3205 132.34835 132.37573 132.40263 132.42904 132.45496 132.48038 132.5053 132.52972 132.55363 132.57703 132.59992 132.62231 132.64418 132.66555 132.68642 132.70678 132.72664 132.74601 132.76488 132.78327 132.80118 132.81861 132.83557 132.85207 132.86811 132.8837 132.89885 132.91357 132.92785 132.94172 132.95518 132.96824 132.98091 132.99319 133.0051 133.01664 133.02783 133.03866 133.04916
131.66871 131.70228 131.73581 131.76923 131.80253 131.83567 131.86862 131.90135 131.93383 131.96604 131.99796 132.02956 132.06084 132.09175 132.1223 132.15247 132.18224 132.2116 132.24053 132.26904 132.29709 132.3247 132.35185 132.37853 132.40474 132.43046 132.45571 132.48047 132.50474 132.52852 132.5518 132.57459 132.59689 132.61869 132.64001 132.66083 132.68116 132.701 132.72037 132.73925 132.75766 132.7756 132.79308 132.8101 132.82667 132.84279 132.85847 132.87372 132.88855 132.90295 132.91695 132.93055 132.94375 132.95657 132.96901 132.98108 132.99279 133.00415 133.01517 133.02585
131.65324 131.68644 131.71957 131.75261 131.78551 131.81826 131.85082 131.88316 131.91525 131.94709 131.97863 132.00987 132.04079 132.07136 132.10158 132.13142 132.16088 132.18993 132.21858 132.2468 132.2746 132.30196 132.32887 132.35532 132.38132 132.40686 132.43192 132.45651 132.48063 132.50427 132.52743 132.55012 132.57232 132.59404 132.61528 132.63605 132.65634 132.67616 132.69551 132.71439 132.73282 132.75078 132.76829 132.78536 132.80198 132.81817 132.83393 132.84927 132.86419 132.87871 132.89282 132.90654 132.91987 132.93282 132.94541 132.95763 132.9695 132.98102 132.99221 133.00306
131.6387 131.67151 131.70425 131.73689 131.7694 131.80175 131.83391 131.86586 131.89757 131.92903 131.9602 131.99108 132.02163 132.05186 132.08174 132.11125 132.14039 132.16915 132.1975 132.22545 132.25297 132.28008 132.30675 132.33298 132.35876 132.3841 132.40898 132.4334 132.45736 132.48085 132.50389 132.52645 132.54855 132.57018 132.59135 132.61206 132.6323 132.65208 132.67141 132.69028 132.7087 132.72668 132.74422 132.76132 132.77799 132.79423 132.81006 132.82547 132.84048 132.85509 132.8693 132.88313 132.89658 132.90966 132.92238 132.93474 132.94675 132.95842 132.96976 132.98078
131.62504 131.65745 131.68979 131.72204 131.75415 131.7861 131.81786 131.84942 131.88074 131.91182 131.94262 131.97312 132.00333 132.0332 132.06274 132.09193 132.12075 132.1492 132.17726 132.20492 132.23218 132.25903 132.28546 132.31146 132.33702 132.36215 132.38684 132.41109 132.43489 132.45823 132.48113 132.50357 132.52556 132.5471 132.56818 132.58882 132.609 132.62874 132.64804 132.66689 132.6853 132.70328 132.72083 132.73796 132.75466 132.77095 132.78684 132.80231 132.81739 132.83208 132.84639 132.86031 132.87387 132.88706 132.8999 132.91239 132.92453 132.93634 132.94782 132.95898
131.61219 131.64421 131.67615 131.70799 131.7397 131.77125 131.80262 131.83379 131.86472 131.89541 131.92584 131.95598 131.98582 132.01535 132.04455 132.07341 132.10192 132.13006 132.15782 132.1852 132.21219 132.23878 132.26496 132.29073 132.31607 132.341 132.36549 132.38956 132.41319 132.43638 132.45913 132.48145 132.50332 132.52476 132.54575 132.56631 132.58643 132.60611 132.62537 132.64419 132.66259 132.68056 132.69812 132.71526 132.73199 132.74831 132.76424 132.77977 132.79491 132.80967 132.82406 132.83807 132.85172 132.86502 132.87796 132.89056 132.90282 132.91476 132.92637 132.93767
131.60012 131.63174 131.66328 131.69472 131.72603 131.75718 131.78815 131.81892 131.84947 131.87978 131.90983 131.93961 131.96909 131.99827 132.02713 132.05566 132.08385 132.11168 132.13915 132.16625 132.19296 132.21929 132.24522 132.27075 132.29588 132.32059 132.34489 132.36877 132.39223 132.41526 132.43787 132.46005 132.4818 132.50313 132.52403 132.5445 132.56455 132.58417 132.60338 132.62216 132.64053 132.65849 132.67604 132.69319 132.70993 132.72629 132.74225 132.75782 132.77302 132.78784 132.80229 132.81638 132.83012 132.8435 132.85654 132.86925 132.88162 132.89367 132.90541 132.91683
131.58877 131.61999 131.65113 131.68217 131.71308 131.74383 131.7744 131.80478 131.83495 131.86488 131.89455 131.92396 131.95309 131.98192 132.01045 132.03865 132.06651 132.09404 132.12121 132.14802 132.17447 132.20053 132.22622 132.25151 132.27641 132.30091 132.32501 132.3487 132.37198 132.39485 132.41731 132.43935 132.46098 132.48219 132.50299 132.52337 132.54334 132.5629 132.58204 132.60079 132.61912 132.63706 132.65459 132.67174 132.68849 132.70486 132.72084 132.73645 132.75169 132.76657 132.78108 132.79523 132.80904 132.82251 132.83564 132.84844 132.86091 132.87306 132.88491 132.89645
131.57812 131.60894 131.63968 131.67031 131.70082 131.73117 131.76135 131.79134 131.82112 131.85067 131.87997 131.90902 131.93779 131.96628 131.99446 132.02233 132.04989 132.0771 132.10398 132.13051 132.15667 132.18248 132.20791 132.23296 132.25763 132.28192 132.30581 132.32931 132.35242 132.37512 132.39742 132.41932 132.44082 132.46191 132.4826 132.50289 132.52277 132.54226 132.56134 132.58003 132.59833 132.61623 132.63375 132.65088 132.66764 132.68401 132.70001 132.71565 132.73092 132.74584 132.7604 132.77461 132.78849 132.80202 132.81523 132.82811 132.84067 132.85292 132.86487 132.87651
131.56811 131.59853 131.62887 131.6591 131.68921 131.71917 131.74895 131.77856 131.80795 131.83712 131.86606 131.89474 131.92316 131.9513 131.97915 132.0067 132.03393 132.06084 132.08742 132.11366 132.13955 132.16509 132.19027 132.21509 132.23953 132.2636 132.28729 132.31059 132.33352 132.35605 132.37819 132.39995 132.42131 132.44228 132.46285 132.48304 132.50283 132.52224 132.54126 132.55989 132.57814 132.596 132.61349 132.63061 132.64735 132.66372 132.67974 132.69539 132.71069 132.72563 132.74024 132.7545 132.76843 132.78203 132.7953 132.80826 132.8209 132.83324 132.84527 132.85701
131.55872 131.58874 131.61868 131.64851 131.67822 131.70779 131.73718 131.7664 131.79541 131.82421 131.85278 131.88111 131.90917 131.93697 131.96448 131.9917 132.01862 132.04522 132.07151 132.09746 132.12308 132.14836 132.17328 132.19786 132.22207 132.24592 132.2694 132.29251 132.31525 132.33761 132.35959 132.38119 132.40242 132.42326 132.44372 132.4638 132.4835 132.50282 132.52176 132.54033 132.55852 132.57635 132.5938 132.61089 132.62762 132.64398 132.66 132.67566 132.69097 132.70595 132.72058 132.73489 132.74886 132.76251 132.77585 132.78887 132.80159 132.814 132.82612 132.83794
131.54991 131.57953 131.60908 131.63851 131.66783 131.697 131.72601 131.75484 131.78348 131.8119 131.84011 131.86807 131.89579 131.92324 131.95042 131.97732 132.00392 132.03022 132.05621 132.08188 132.10723 132.13224 132.15692 132.18125 132.20523 132.22886 132.25213 132.27504 132.29759 132.31978 132.3416 132.36305 132.38413 132.40484 132.42518 132.44514 132.46474 132.48398 132.50284 132.52134 132.53947 132.55724 132.57466 132.59171 132.60842 132.62477 132.64078 132.65644 132.67177 132.68676 132.70142 132.71575 132.72977 132.74347 132.75685 132.76993 132.78271 132.79519 132.80738 132.81929
131.54165 131.57088 131.60003 131.62907 131.65799 131.68678 131.7154 131.74385 131.77211 131.80017 131.82801 131.85562 131.88299 131.91011 131.93695 131.96353 131.98982 132.01582 132.04151 132.0669 132.09197 132.11672 132.14114 132.16523 132.18898 132.21239 132.23545 132.25817 132.28053 132.30254 132.32419 132.34548 132.36641 132.38699 132.4072 132.42706 132.44655 132.46569 132.48447 132.50289 132.52096 132.53868 132.55604 132.57306 132.58974 132.60607 132.62206 132.63772 132.65305 132.66805 132.68273 132.69709 132.71114 132.72487 132.7383 132.75143 132.76427 132.77681 132.78907 132.80105
131.53392 131.56275 131.59151 131.62016 131.64869 131.67709 131.70533 131.7334 131.7613 131.78899 131.81647 131.84373 131.87075 131.89753 131.92405 131.9503 131.97628 132.00198 132.02738 132.05249 132.07729 132.10177 132.12594 132.14979 132.17331 132.1965 132.21935 132.24186 132.26403 132.28586 132.30734 132.32848 132.34926 132.3697 132.38978 132.40952 132.42891 132.44794 132.46663 132.48498 132.50298 132.52063 132.53795 132.55492 132.57156 132.58787 132.60384 132.61949 132.63481 132.64982 132.66451 132.67889 132.69296 132.70672 132.72019 132.73336 132.74624 132.75884 132.77116 132.7832
131.52668 131.55512 131.58349 131.61175 131.6399 131.66791 131.69578 131.72348 131.751 131.77833 131.80546 131.83236 131.85905 131.88549 131.91168 131.93762 131.96329 131.98869 132.0138 132.03863 132.06315 132.08738 132.1113 132.1349 132.15819 132.18115 132.20379 132.2261 132.24808 132.26973 132.29104 132.31201 132.33265 132.35294 132.3729 132.39251 132.41179 132.43072 132.44932 132.46758 132.4855 132.50309 132.52035 132.53727 132.55387 132.57014 132.58609 132.60173 132.61704 132.63204 132.64674 132.66113 132.67521 132.689 132.7025 132.71571 132.72863 132.74128 132.75364 132.76574
131.51991 131.54797 131.57595 131.60383 131.63159 131.65923 131.68672 131.71405 131.7412 131.76817 131.79495 131.82151 131.84785 131.87396 131.89984 131.92546 131.95082 131.97592 132.00075 132.02529 132.04955 132.07351 132.09718 132.12054 132.14359 132.16634 132.18876 132.21087 132.23266 132.25412 132.27526 132.29607 132.31655 132.3367 132.35652 132.37601 132.39517 132.414 132.4325 132.45067 132.46852 132.48604 132.50323 132.5201 132.53666 132.55289 132.56881 132.58442 132.59972 132.61471 132.6294 132.6438 132.6579 132.6717 132.68522 132.69846 132.71142 132.7241 132.73651 132.74866
131.51359 131.54126 131.56886 131.59636 131.62374 131.651 131.67812 131.70509 131.73188 131.7585 131.78492 131.81114 131.83715 131.86293 131.88848 131.91379 131.93885 131.96366 131.98819 132.01246 132.03645 132.06015 132.08357 132.10669 132.12951 132.15203 132.17425 132.19615 132.21775 132.23903 132.25999 132.28064 132.30096 132.32097 132.34065 132.36001 132.37905 132.39777 132.41617 132.43425 132.45201 132.46946 132.48658 132.5034 132.5199 132.53609 132.55198 132.56756 132.58283 132.59781 132.6125 132.62689 132.641 132.65481 132.66835 132.68161 132.6946 132.70731 132.71976 132.73195
131.5077 131.53499 131.5622 131.58932 131.61634 131.64322 131.66998 131.69658 131.72302 131.74928 131.77536 131.80124 131.82691 131.85237 131.87761 131.90261 131.92737 131.95187 131.97613 132.00012 132.02384 132.04728 132.07045 132.09333 132.11592 132.13822 132.16022 132.18193 132.20333 132.22442 132.24521 132.26569 132.28586 132.30571 132.32526 132.34449 132.36341 132.38202 132.40031 132.4183 132.43597 132.45334 132.47039 132.48714 132.50359 132.51973 132.53558 132.55112 132.56638 132.58134 132.59601 132.61039 132.6245 132.63832 132.65187 132.66515 132.67816 132.6909 132.70338 132.71561
131.50221 131.52912 131.55596 131.58271 131.60935 131.63587 131.66226 131.6885 131.71459 131.7405 131.76624 131.79178 131.81713 131.84227 131.86719 131.89188 131.91634 131.94056 131.96453 131.98824 132.0117 132.03489 132.0578 132.08045 132.10281 132.12488 132.14667 132.16817 132.18938 132.21029 132.2309 132.25121 132.27122 132.29093 132.31033 132.32943 132.34823 132.36672 132.38491 132.40279 132.42038 132.43766 132.45464 132.47132 132.48771 132.5038 132.5196 132.53511 132.55033 132.56527 132.57992 132.5943 132.60839 132.62222 132.63577 132.64906 132.66208 132.67485 132.68736 132.69962
131.4971 131.52364 131.55011 131.57649 131.60276 131.62892 131.65495 131.68084 131.70657 131.73214 131.75754 131.78276 131.80778 131.8326 131.8572 131.88159 131.90576 131.92969 131.95338 131.97682 132.00001 132.02294 132.04561 132.06802 132.09015 132.112 132.13358 132.15488 132.17589 132.19661 132.21704 132.23719 132.25704 132.27659 132.29585 132.31482 132.33349 132.35186 132.36994 132.38773 132.40522 132.42241 132.43932 132.45593 132.47225 132.48829 132.50404 132.51951 132.53469 132.5496 132.56423 132.57859 132.59267 132.60649 132.62005 132.63334 132.64638 132.65916 132.67169 132.68397
131.49236 131.51853 131.54463 131.57064 131.59656 131.62235 131.64803 131.67357 131.69896 131.72419 131.74925 131.77414 131.79884 131.82334 131.84764 131.87173 131.8956 131.91924 131.94266 131.96583 131.98876 132.01144 132.03386 132.05603 132.07793 132.09956 132.12093 132.14202 132.16284 132.18337 132.20363 132.2236 132.24329 132.2627 132.28181 132.30064 132.31918 132.33744 132.35541 132.37309 132.39048 132.40759 132.42441 132.44095 132.4572 132.47318 132.48888 132.5043 132.51944 132.53432 132.54892 132.56325 132.57733 132.59114 132.60469 132.61798 132.63102 132.64381 132.65636 132.66866
131.48797 131.51378 131.53951 131.56516 131.59072 131.61616 131.64148 131.66667 131.69172 131.71662 131.74135 131.76591 131.7903 131.81449 131.83848 131.86227 131.88585 131.90921 131.93235 131.95525 131.97792 132.00035 132.02253 132.04446 132.06613 132.08755 132.1087 132.12959 132.15021 132.17056 132.19064 132.21044 132.22997 132.24922 132.26819 132.28688 132.3053 132.32343 132.34128 132.35885 132.37615 132.39316 132.4099 132.42636 132.44255 132.45846 132.4741 132.48947 132.50457 132.51941 132.53398 132.54829 132.56234 132.57614 132.58968 132.60297 132.61601 132.62881 132.64137 132.65369
131.48391 131.50936 131.53473 131.56002 131.58522 131.61032 131.63529 131.66014 131.68486 131.70942 131.73383 131.75807 131.78214 131.80602 131.82971 131.85321 131.8765 131.89958 131.92244 131.94508 131.96749 131.98967 132.01161 132.0333 132.05475 132.07595 132.09689 132.11758 132.138 132.15817 132.17806 132.1977 132.21706 132.23616 132.25498 132.27353 132.29181 132.30982 132.32756 132.34502 132.36221 132.37914 132.39579 132.41217 132.42828 132.44413 132.45971 132.47502 132.49008 132.50487 132.51941 132.53369 132.54771 132.56149 132.57502 132.5883 132.60134 132.61414 132.6267 132.63903
131.48017 131.50526 131.53028 131.55522 131.58006 131.60481 131.62945 131.65396 131.67834 131.70257 131.72666 131.75058 131.77434 131.79792 131.82131 131.84452 131.86753 131.89033 131.91292 131.9353 131.95745 131.97938 132.00108 132.02254 132.04376 132.06474 132.08547 132.10596 132.12619 132.14617 132.16589 132.18535 132.20455 132.22349 132.24216 132.26058 132.27872 132.29661 132.31422 132.33158 132.34867 132.36549 132.38205 132.39835 132.41438 132.43016 132.44568 132.46093 132.47594 132.49069 132.50518 132.51943 132.53343 132.54718 132.56069 132.57396 132.58699 132.59979 132.61236 132.62469
131.47673 131.50146 131.52613 131.55072 131.57522 131.59963 131.62393 131.6481 131.67215 131.69607 131.71983 131.74345 131.76689 131.79017 131.81327 131.83619 131.85892 131.88144 131.90377 131.92588 131.94778 131.96946 131.99092 132.01215 132.03315 132.05391 132.07444 132.09472 132.11476 132.13455 132.15409 132.17338 132.19242 132.2112 132.22973 132.248 132.26601 132.28377 132.30127 132.31851 132.33549 132.35221 132.36868 132.38489 132.40085 132.41655 132.432 132.4472 132.46215 132.47685 132.4913 132.50551 132.51948 132.53321 132.5467 132.55995 132.57297 132.58576 132.59832 132.61066
131.47358 131.49796 131.52228 131.54652 131.57069 131.59476 131.61872 131.64257 131.66629 131.68989 131.71334 131.73664 131.75979 131.78277 131.80558 131.82821 131.85066 131.87291 131.89497 131.91683 131.93848 131.95991 131.98113 132.00213 132.02291 132.04346 132.06377 132.08386 132.1037 132.1233 132.14267 132.16179 132.18066 132.19928 132.21766 132.23579 132.25367 132.2713 132.28867 132.3058 132.32267 132.3393 132.35567 132.3718 132.38767 132.4033 132.41868 132.43381 132.4487 132.46335 132.47776 132.49193 132.50586 132.51956 132.53302 132.54625 132.55926 132.57204 132.58459 132.59693
131.47069 131.49473 131.51871 131.54262 131.56644 131.59018 131.61381 131.63733 131.66074 131.68402 131.70716 131.73016 131.753 131.77569 131.79821 131.82056 131.84273 131.86472 131.88652 131.90812 131.92952 131.95071 131.9717 131.99247 132.01302 132.03336 132.05347 132.07335 132.093 132.11242 132.1316 132.15055 132.16926 132.18773 132.20596 132.22394 132.24168 132.25918 132.27643 132.29344 132.31021 132.32673 132.34301 132.35904 132.37483 132.39038 132.40569 132.42076 132.43559 132.45018 132.46454 132.47867 132.49256 132.50622 132.51966 132.53287 132.54585 132.55862 132.57116 132.58349
