WatsonE12E13/2mHCPmag.asc
NCOLS 499
NROWS 300
XLLCORNER 149.806
YLLCORNER -30.2865
CELLSIZE 1e-05
NODATA_VALUE -9999
[rows 27 to 53 of 300, columns 120 to 179 of 499]
2.6942346 2.6944758 2.6947142 2.6949493 2.6951809 2.6954085 2.6956317 2.69585 2.6960632 2.6962707 2.6964722 2.6966674 2.6968557 2.6970369 2.6972105 2.6973764 2.6975342 2.6976836 2.6978244 2.6979563 2.6980794 2.6981934 2.6982983 2.6983942 2.6984813 2.6985596 2.6986296 2.6986917 2.6987466 2.698795 2.698838 2.6988769 2.6989134 2.6989493 2.6989871 2.6990296 2.6990805 2.6991439 2.6992252 2.6993308 2.6994687 2.6996489 2.6998833 2.7001852 2.7005683 2.701045 2.7016288 2.7023474 2.7032789 2.7046133 2.7067171 2.7101074 2.7149744 2.7196313 2.7205948 2.719178 2.7211902 2.7299869 2.7414015 2.7387091
2.694531 2.6947769 2.6950197 2.6952591 2.6954945 2.6957256 2.6959519 2.6961729 2.6963882 2.6965973 2.6967998 2.6969952 2.697183 2.697363 2.6975346 2.6976974 2.6978512 2.6979956 2.6981303 2.6982551 2.6983697 2.698474 2.698568 2.6986515 2.6987247 2.6987878 2.6988411 2.6988849 2.69892 2.6989472 2.6989676 2.6989825 2.6989938 2.6990037 2.699015 2.6990309 2.6990557 2.6990944 2.6991534 2.6992408 2.6993671 2.6995461 2.6997952 2.7001358 2.7005897 2.7011732 2.7018888 2.702733 2.703756 2.7052145 2.7078243 2.7131227 2.7235942 2.7377369 2.7373134 2.7232535 2.7148515 2.7129445 2.7126177 2.7087192
2.6948439 2.6950952 2.6953431 2.6955873 2.6958273 2.6960625 2.6962925 2.6965168 2.6967348 2.6969461 2.69715 2.6973462 2.6975341 2.6977132 2.697883 2.6980431 2.6981932 2.6983327 2.6984614 2.6985789 2.6986849 2.6987793 2.6988618 2.6989325 2.6989913 2.6990383 2.6990739 2.6990983 2.6991123 2.6991167 2.6991127 2.6991017 2.6990858 2.6990675 2.69905 2.6990372 2.699034 2.6990465 2.6990825 2.6991519 2.6992684 2.6994508 2.699726 2.7001308 2.7007094 2.7015001 2.7025013 2.7036313 2.7047761 2.7060944 2.7086005 2.71511 2.7329055 2.7718403 2.7712753 2.7295259 2.7098259 2.7016851 2.6967868 2.6915335
2.6951746 2.6954318 2.6956856 2.6959353 2.6961805 2.6964206 2.6966551 2.6968833 2.6971047 2.6973187 2.6975248 2.6977223 2.6979107 2.6980894 2.6982579 2.6984156 2.6985622 2.698697 2.6988197 2.6989299 2.6990272 2.6991114 2.6991822 2.6992394 2.6992831 2.6993132 2.6993299 2.6993337 2.6993251 2.699305 2.6992745 2.6992354 2.6991897 2.6991405 2.6990915 2.6990473 2.6990138 2.6989984 2.6990105 2.699062 2.6991699 2.699359 2.699669 2.7001627 2.7009344 2.7021004 2.7037302 2.7056523 2.7072578 2.708027 2.7089705 2.7133725 2.7278248 2.7582752 2.7570659 2.721846 2.7019517 2.6917844 2.6847855 2.6780519
2.6955239 2.695788 2.6960483 2.6963044 2.6965557 2.6968014 2.6970411 2.697274 2.6974996 2.6977171 2.6979259 2.6981254 2.6983149 2.6984938 2.6986614 2.6988172 2.6989606 2.6990909 2.6992078 2.6993107 2.6993992 2.6994729 2.6995315 2.6995747 2.6996025 2.6996147 2.6996114 2.6995931 2.6995601 2.6995134 2.6994541 2.699384 2.6993056 2.6992222 2.6991381 2.6990591 2.6989924 2.6989471 2.6989345 2.6989688 2.6990698 2.6992671 2.6996125 2.700203 2.7012191 2.7029704 2.7058764 2.7100429 2.7138071 2.7136979 2.7105333 2.7093533 2.7132737 2.7200886 2.7171321 2.7032899 2.6905275 2.6810767 2.6731344 2.6646515
2.6958931 2.6961648 2.6964327 2.696696 2.6969542 2.6972065 2.6974522 2.6976908 2.6979213 2.6981432 2.6983556 2.6985578 2.6987492 2.6989288 2.6990962 2.6992505 2.699391 2.6995172 2.6996284 2.699724 2.6998035 2.6998665 2.6999125 2.6999411 2.6999521 2.6999453 2.6999207 2.6998785 2.6998192 2.6997435 2.6996525 2.6995483 2.6994333 2.6993113 2.6991876 2.6990692 2.6989653 2.6988876 2.6988502 2.6988704 2.6989698 2.6991788 2.699552 2.7002096 2.7014311 2.7038423 2.7087661 2.7184101 2.7313399 2.7304452 2.7161162 2.7063513 2.7023197 2.7000939 2.6953953 2.6872072 2.6778007 2.6687536 2.6602027 2.6501986
2.6962833 2.6965637 2.69684 2.6971116 2.6973776 2.6976375 2.6978904 2.6981355 2.698372 2.6985992 2.6988161 2.699022 2.6992159 2.6993972 2.6995648 2.6997182 2.6998564 2.6999787 2.7000844 2.7001729 2.7002433 2.7002953 2.7003281 2.7003414 2.7003347 2.7003077 2.7002603 2.7001924 2.7001044 2.6999969 2.6998709 2.6997284 2.6995719 2.6994058 2.6992362 2.6990719 2.6989249 2.698811 2.6987497 2.6987637 2.6988783 2.6991202 2.6995247 2.7001847 2.701408 2.7040765 2.7105477 2.7273158 2.7633012 2.7626864 2.7233116 2.7037215 2.6946467 2.6885803 2.6821743 2.6740468 2.664039 2.6530212 2.6433584 2.6347833
2.696696 2.696986 2.6972719 2.6975528 2.6978279 2.6980964 2.6983576 2.6986104 2.698854 2.6990876 2.69931 2.6995205 2.699718 2.6999017 2.7000705 2.7002235 2.7003599 2.7004788 2.7005793 2.7006606 2.700722 2.7007626 2.7007819 2.7007791 2.7007536 2.700705 2.700633 2.7005372 2.7004178 2.7002752 2.7001102 2.6999243 2.6997204 2.6995027 2.6992782 2.699058 2.6988582 2.6987013 2.6986164 2.6986388 2.6988079 2.6991552 2.6996749 2.7003216 2.7012232 2.7032078 2.7085581 2.7227716 2.7510414 2.7499111 2.7171916 2.6979884 2.6873673 2.6794284 2.6714962 2.6617702 2.6480098 2.6287548 2.6125142 2.6132576
2.6971324 2.6974333 2.6977299 2.6980213 2.6983068 2.6985853 2.698856 2.6991178 2.6993698 2.699611 2.6998402 2.7000565 2.7002586 2.7004457 2.7006165 2.70077 2.7009053 2.7010212 2.7011168 2.7011912 2.7012433 2.7012723 2.7012774 2.7012576 2.7012122 2.7011405 2.7010418 2.7009156 2.7007616 2.7005799 2.7003709 2.7001358 2.6998767 2.6995974 2.6993054 2.6990136 2.6987439 2.6985295 2.698416 2.6984638 2.6987533 2.6993787 2.7003506 2.7013056 2.7016351 2.7018924 2.703919 2.7094268 2.7165282 2.7141019 2.7013605 2.6890739 2.6791522 2.6701131 2.6608355 2.6496403 2.6307689 2.5898602 2.5338511 2.567429
2.697594 2.6979071 2.6982158 2.6985192 2.6988164 2.6991063 2.699388 2.6996603 2.6999222 2.7001724 2.7004098 2.7006331 2.7008412 2.7010328 2.7012067 2.7013617 2.7014965 2.7016101 2.7017012 2.7017687 2.7018115 2.7018286 2.7018188 2.7017811 2.7017144 2.7016177 2.7014899 2.7013302 2.7011378 2.7009123 2.7006536 2.7003619 2.7000382 2.6996846 2.6993068 2.6989184 2.6985478 2.698244 2.6980806 2.6981582 2.6986331 2.6997998 2.7021024 2.7050079 2.7047871 2.701669 2.6998055 2.6996079 2.6991998 2.6956849 2.6885404 2.6796842 2.6698979 2.6588928 2.6474056 2.6366717 2.6196295 2.5682718 2.4606896 2.5348584
2.6980825 2.6984093 2.6987316 2.6990485 2.699359 2.699662 2.6999563 2.7002408 2.7005142 2.7007751 2.7010223 2.7012543 2.7014698 2.7016673 2.7018455 2.702003 2.7021383 2.7022502 2.7023372 2.7023981 2.7024315 2.7024362 2.7024108 2.7023541 2.7022644 2.7021406 2.7019809 2.7017839 2.7015484 2.7012732 2.7009575 2.7006005 2.7002011 2.6997575 2.6992694 2.6987449 2.6982153 2.697754 2.6974839 2.6975631 2.6982156 2.6999908 2.7045171 2.7137586 2.7134753 2.7028723 2.6969417 2.6935561 2.6902881 2.6857127 2.67932 2.6710269 2.6598649 2.6435919 2.6233127 2.6138928 2.614287 2.596976 2.5686192 2.5884836
2.6985996 2.6989416 2.6992792 2.6996114 2.699937 2.7002549 2.7005639 2.7008624 2.7011492 2.7014228 2.7016816 2.7019241 2.7021487 2.7023538 2.7025378 2.702699 2.7028359 2.7029469 2.7030303 2.7030848 2.7031088 2.7031006 2.7030587 2.7029815 2.702867 2.7027133 2.7025183 2.7022795 2.7019948 2.7016621 2.7012799 2.7008468 2.7003592 2.6998088 2.699181 2.6984615 2.6976648 2.6968914 2.6963762 2.6964035 2.6971672 2.6990657 2.7036967 2.7133143 2.7129319 2.7012318 2.6940318 2.6891441 2.6843425 2.6786117 2.6716336 2.6630778 2.650468 2.6253975 2.5729052 2.5533316 2.6011348 2.6162007 2.6162404 2.6212058
2.699147 2.6995061 2.6998609 2.7002103 2.7005532 2.7008882 2.7012138 2.7015287 2.7018311 2.7021196 2.7023923 2.7026474 2.7028832 2.7030977 2.7032892 2.7034557 2.7035954 2.7037064 2.703787 2.7038353 2.7038495 2.7038279 2.7037684 2.7036689 2.7035273 2.7033407 2.703106 2.7028195 2.7024775 2.7020764 2.7016141 2.7010894 2.700499 2.6998281 2.6990362 2.6980505 2.6967949 2.6953338 2.6941716 2.6941216 2.6952236 2.6969603 2.6994436 2.7022604 2.701248 2.6959463 2.6904882 2.6852691 2.6793426 2.671929 2.663144 2.6543861 2.6439782 2.6197602 2.554808 2.526666 2.5982385 2.6229422 2.6274303 2.6285492
2.6997268 2.700105 2.7004791 2.7008481 2.7012105 2.7015649 2.7019098 2.7022435 2.7025642 2.7028701 2.7031593 2.7034296 2.7036789 2.7039052 2.7041063 2.7042799 2.7044239 2.7045361 2.7046145 2.7046569 2.7046612 2.7046252 2.7045465 2.7044227 2.7042509 2.7040274 2.7037479 2.7034065 2.7029964 2.7025108 2.7019456 2.7013025 2.7005868 2.6997883 2.6988388 2.6975542 2.6955897 2.6925677 2.6892874 2.6892195 2.6921449 2.6945717 2.6959111 2.6961891 2.6947437 2.6914853 2.6871441 2.6818482 2.6748092 2.6644334 2.6496737 2.637879 2.6369621 2.6293285 2.6081175 2.6007102 2.6177839 2.6266473 2.6235741 2.6176115
2.7003411 2.7007406 2.7011365 2.7015275 2.7019121 2.7022887 2.7026557 2.7030113 2.7033533 2.7036798 2.7039884 2.7042769 2.7045427 2.7047835 2.7049966 2.7051795 2.7053296 2.7054445 2.7055215 2.7055583 2.7055522 2.7055006 2.7054009 2.7052498 2.7050439 2.7047786 2.7044479 2.7040428 2.7035509 2.7029572 2.7022496 2.7014318 2.7005351 2.6995973 2.6985636 2.6971199 2.6944695 2.6888505 2.6790732 2.6790687 2.6883201 2.692734 2.6939076 2.6934222 2.6916396 2.6886488 2.6845639 2.6792107 2.6714448 2.6576774 2.6287324 2.5957941 2.6223076 2.6350659 2.6318519 2.6284513 2.628758 2.6257794 2.6060287 2.5652262
2.7009921 2.7014155 2.7018359 2.7022517 2.7026616 2.7030637 2.7034561 2.703837 2.7042039 2.7045545 2.7048863 2.7051965 2.7054824 2.705741 2.7059692 2.7061641 2.7063226 2.7064417 2.7065185 2.7065498 2.7065327 2.706464 2.7063403 2.7061578 2.7059124 2.7055986 2.7052089 2.7047304 2.7041417 2.7034092 2.7024933 2.7013766 2.7001309 2.6989593 2.6979937 2.6968501 2.6943995 2.6882618 2.6756579 2.675637 2.6875542 2.6923017 2.6931556 2.692229 2.6901007 2.6868945 2.6826738 2.6774566 2.6703207 2.6573588 2.6290736 2.5960551 2.6229818 2.6377093 2.6367448 2.6308524 2.6253962 2.6216196 2.6000161 2.5374554
2.7016824 2.7021326 2.7025804 2.7030244 2.7034629 2.7038941 2.704316 2.7047261 2.7051221 2.7055012 2.7058606 2.706197 2.7065071 2.7067876 2.7070348 2.7072451 2.7074148 2.7075402 2.7076178 2.707644 2.707615 2.7075269 2.7073754 2.7071556 2.7068623 2.7064898 2.7060299 2.7054678 2.7047708 2.7038728 2.7026608 2.7009998 2.6989081 2.6969977 2.6962884 2.696354 2.6954617 2.6923159 2.6875342 2.6872961 2.6912675 2.6933872 2.6933856 2.6920045 2.6895019 2.6858439 2.681034 2.6757871 2.6707439 2.6622926 2.6485475 2.6374197 2.6384563 2.6393542 2.6333678 2.6166781 2.5954907 2.6065083 2.6167915 2.6111393
2.7024146 2.7028946 2.7033734 2.7038493 2.7043205 2.7047851 2.7052408 2.7056851 2.7061151 2.7065279 2.7069201 2.707288 2.7076278 2.7079353 2.7082063 2.7084362 2.7086205 2.7087549 2.708835 2.7088563 2.7088143 2.7087038 2.708519 2.7082531 2.7078988 2.7074498 2.7069001 2.7062393 2.7054326 2.7043761 2.7028233 2.700291 2.6961357 2.6912592 2.6909601 2.6946246 2.6965636 2.696194 2.6949279 2.6945349 2.6950497 2.6951526 2.694336 2.6926028 2.689809 2.6855859 2.6795499 2.6725812 2.6705706 2.6656498 2.6568791 2.6483015 2.6412718 2.6349313 2.6261577 2.5955854 2.5183358 2.5739003 2.6247725 2.6395168
2.7031915 2.7037051 2.7042187 2.7047307 2.7052392 2.7057421 2.7062369 2.706721 2.7071911 2.7076438 2.7080753 2.7084813 2.7088574 2.7091985 2.7094993 2.7097544 2.7099581 2.7101048 2.7101892 2.710206 2.7101494 2.7100129 2.7097879 2.7094636 2.7090275 2.7084692 2.7077861 2.7069874 2.7060714 2.7049365 2.7032022 2.6998702 2.6924928 2.678727 2.6787409 2.6918667 2.6975989 2.6990065 2.6988971 2.6984672 2.6979552 2.697129 2.6958821 2.6942094 2.6915432 2.6868263 2.6799753 2.6725643 2.6704339 2.6655438 2.6568826 2.6454826 2.6293306 2.6142933 2.6144352 2.6056771 2.5739981 2.6009739 2.6369037 2.6529039
2.7040163 2.7045675 2.7051204 2.7056733 2.7062244 2.7067713 2.7073116 2.707842 2.7083593 2.7088596 2.7093384 2.7097908 2.7102116 2.7105946 2.7109334 2.7112211 2.7114503 2.711614 2.7117052 2.7117177 2.7116447 2.7114777 2.7112046 2.7108068 2.710259 2.7095333 2.7086172 2.7075532 2.7064609 2.7053932 2.7039635 2.7009709 2.6936871 2.6793532 2.6794017 2.6934572 2.699824 2.7017618 2.7020151 2.7015727 2.7006788 2.699367 2.6979856 2.6974116 2.6965642 2.6905253 2.6821773 2.6750205 2.6692879 2.6618951 2.6520282 2.6367691 2.600875 2.5406555 2.5783055 2.618011 2.6270636 2.6383425 2.652933 2.6632479
2.7048923 2.7054856 2.7060828 2.7066823 2.7072821 2.7078798 2.7084728 2.7090577 2.7096309 2.710188 2.7107239 2.7112332 2.7117093 2.7121453 2.712533 2.7128634 2.7131268 2.7133137 2.7134151 2.7134232 2.7133308 2.7131285 2.7127998 2.7123145 2.7116211 2.7106415 2.7092889 2.7075768 2.7059015 2.7049907 2.7046562 2.7034572 2.7000559 2.6952635 2.695358 2.7002381 2.7036944 2.7050958 2.7053583 2.7049991 2.7040085 2.7022029 2.7003154 2.7017205 2.7080753 2.6960935 2.6831951 2.6738742 2.6646275 2.6530973 2.6411557 2.6290624 2.5917193 2.5032466 2.5649585 2.6264916 2.6466064 2.6569264 2.665194 2.6714874
2.7058233 2.7064639 2.7071111 2.7077634 2.708419 2.7090754 2.7097299 2.7103789 2.7110185 2.7116438 2.7122493 2.7128285 2.7133741 2.7138776 2.7143291 2.7147167 2.7150272 2.7152466 2.7153623 2.7153647 2.715247 2.7150019 2.7146119 2.7140342 2.7131782 2.7118664 2.7097742 2.7064722 2.7024595 2.7013476 2.7039564 2.705827 2.7057557 2.7049746 2.7053181 2.7069228 2.7084051 2.7091557 2.7094216 2.7096125 2.7093072 2.7068409 2.7027084 2.7011679 2.7035676 2.693265 2.6804054 2.669478 2.656333 2.6338476 2.6077823 2.6146229 2.6171181 2.6031748 2.6188717 2.6448021 2.6597144 2.6682046 2.6739244 2.677829
2.7068131 2.7075068 2.7082106 2.7089231 2.7096427 2.710367 2.7110934 2.7118183 2.7125372 2.713245 2.7139354 2.7146013 2.7152345 2.7158253 2.7163615 2.716828 2.7172055 2.7174726 2.717609 2.7176006 2.7174433 2.7171389 2.7166795 2.7160204 2.7150353 2.7134295 2.7104951 2.7044616 2.6930482 2.6894362 2.7010256 2.7077646 2.7101656 2.7110745 2.7118665 2.7128649 2.7137121 2.7140855 2.7143933 2.7162007 2.7200927 2.7172828 2.7068456 2.6989181 2.6931665 2.6845148 2.6729554 2.6613212 2.6472365 2.6105092 2.5284782 2.5833017 2.6307558 2.6422627 2.6512759 2.6621178 2.6708576 2.6768512 2.680743 2.6831178
2.7078664 2.7086196 2.7093873 2.7101684 2.7109616 2.7117649 2.7125757 2.7133905 2.7142047 2.7150128 2.7158079 2.7165821 2.7173266 2.718031 2.7186819 2.7192602 2.7197383 2.7200805 2.7202495 2.7202192 2.7199878 2.719578 2.719017 2.7182912 2.717275 2.7156246 2.7124925 2.7055368 2.6903463 2.6848813 2.7018008 2.7109239 2.7145938 2.71641 2.7177772 2.7191852 2.7204004 2.7206341 2.7201695 2.7232078 2.7392807 2.7377919 2.7118998 2.697714 2.6876553 2.675735 2.6586386 2.6421607 2.6376856 2.6222869 2.5858254 2.611455 2.6456041 2.6598788 2.6677649 2.6742323 2.6797329 2.6839647 2.6863711 2.6876854
2.7089877 2.7098079 2.710648 2.7115074 2.7123853 2.7132805 2.7141907 2.7151129 2.7160425 2.7169736 2.7178985 2.7188088 2.7196953 2.7205487 2.7213565 2.7220983 2.722736 2.7232087 2.7234406 2.7233703 2.7229883 2.7223514 2.7215608 2.7207112 2.7197755 2.7184405 2.7160888 2.7117288 2.7052691 2.7038659 2.7106088 2.7165247 2.7200164 2.7222655 2.7242902 2.7270432 2.7306169 2.7318297 2.7279551 2.7255173 2.733547 2.7306066 2.7093407 2.6945014 2.6825204 2.6668651 2.6334206 2.5805047 2.6096426 2.6382748 2.6419648 2.6507504 2.6638053 2.6729696 2.6787271 2.6828147 2.6861549 2.68893 2.6898857 2.6909368
2.7101827 2.7110781 2.712 2.7129488 2.7139246 2.714927 2.7159549 2.7170061 2.7180765 2.7191598 2.7202478 2.7213304 2.7223988 2.7234465 2.7244693 2.7254544 2.726359 2.7270819 2.7274624 2.7273404 2.7266617 2.7255217 2.7241011 2.7226752 2.721769 2.7212294 2.7201678 2.7184273 2.7167462 2.7170635 2.7199882 2.7236841 2.726919 2.7294548 2.7319275 2.7368603 2.7484853 2.7583677 2.7433214 2.7274089 2.7203905 2.7132958 2.7012204 2.6875574 2.6749408 2.6619421 2.6264911 2.5494879 2.5997258 2.6483869 2.6631412 2.6711484 2.6785562 2.6844856 2.6880187 2.6897146 2.6906705 2.6908861 2.6909329 2.6932262
2.7114572 2.7124373 2.713452 2.714503 2.7155917 2.7167194 2.717887 2.7190941 2.7203379 2.7216128 2.7229088 2.7242132 2.7255149 2.7268131 2.7281234 2.7294685 2.7308329 2.7320745 2.7328519 2.7327305 2.7315107 2.7293806 2.7265484 2.7229308 2.7210093 2.7229543 2.7238345 2.7239222 2.7242183 2.7255154 2.7281687 2.7319509 2.7362089 2.7395479 2.7412693 2.7459609 2.7686343 2.8077012 2.762965 2.7300401 2.715999 2.706114 2.6940402 2.6748512 2.6527815 2.6555766 2.6511265 2.6348913 2.6457045 2.6655279 2.6767971 2.6840183 2.6907352 2.696828 2.6985737 2.6966208 2.6949981 2.6942398 2.6943787 2.695545
