WatsonE12E13/2mHCPmag.asc
NCOLS 499
NROWS 300
XLLCORNER 149.806
YLLCORNER -30.2865
CELLSIZE 1e-05
NODATA_VALUE -9999
[rows 108 to 134 of 300, columns 360 to 419 of 499]
2.6810471 2.6807667 2.6805579 2.6804159 2.6803363 2.6803147 2.6803472 2.6804298 2.680559 2.6807311 2.6809428 2.681191 2.6814726 2.6817846 2.6821243 2.6824891 2.6828762 2.6832834 2.6837083 2.6841487 2.6846023 2.6850674 2.6855418 2.6860239 2.6865119 2.6870043 2.6874996 2.6879965 2.6884937 2.68899 2.6894845 2.6899763 2.6904644 2.6909482 2.6914271 2.6919004 2.6923677 2.6928287 2.693283 2.6937304 2.6941707 2.6946037 2.6950295 2.695448 2.6958592 2.6962632 2.69666 2.6970498 2.6974327 2.6978088 2.6981784 2.6985416 2.6988986 2.6992496 2.6995949 2.6999345 2.7002688 2.7005979 2.7009221 2.7012415
2.6812477 2.6809103 2.6806545 2.6804746 2.6803649 2.6803203 2.6803359 2.680407 2.6805294 2.6806989 2.6809117 2.6811642 2.6814528 2.6817743 2.6821255 2.6825034 2.6829053 2.6833284 2.6837701 2.684228 2.6846998 2.6851833 2.6856763 2.686177 2.6866836 2.6871942 2.6877075 2.6882218 2.6887359 2.6892485 2.6897587 2.6902654 2.6907677 2.6912649 2.6917564 2.6922415 2.6927199 2.6931912 2.693655 2.6941112 2.6945595 2.695 2.6954325 2.695857 2.6962737 2.6966826 2.6970839 2.6974776 2.697864 2.6982432 2.6986155 2.6989811 2.6993402 2.699693 2.7000398 2.7003808 2.7007162 2.7010463 2.7013713 2.7016914
2.6814132 2.6810178 2.680715 2.6804976 2.6803588 2.6802925 2.6802928 2.6803544 2.6804721 2.6806412 2.6808574 2.6811164 2.6814144 2.6817477 2.6821128 2.6825063 2.6829252 2.6833665 2.6838273 2.6843049 2.6847969 2.6853008 2.6858144 2.6863355 2.6868623 2.6873928 2.6879254 2.6884585 2.6889907 2.6895208 2.6900476 2.6905701 2.6910873 2.6915986 2.6921033 2.6926007 2.6930906 2.6935724 2.6940459 2.6945109 2.6949674 2.6954152 2.6958543 2.6962849 2.6967069 2.6971206 2.697526 2.6979234 2.698313 2.6986951 2.6990698 2.6994374 2.6997983 2.7001526 2.7005006 2.7008426 2.7011789 2.7015096 2.7018352 2.7021557
2.6815335 2.6810799 2.6807306 2.6804769 2.6803107 2.6802248 2.6802122 2.6802667 2.6803823 2.6805538 2.680776 2.6810444 2.6813546 2.6817024 2.6820841 2.6824959 2.6829344 2.6833964 2.6838788 2.6843786 2.6848931 2.6854197 2.6859559 2.6864995 2.6870483 2.6876004 2.6881539 2.6887073 2.689259 2.6898077 2.6903522 2.6908914 2.6914245 2.6919505 2.6924689 2.6929791 2.6934807 2.6939733 2.6944567 2.6949308 2.6953954 2.6958505 2.6962962 2.6967325 2.6971597 2.6975778 2.6979872 2.698388 2.6987805 2.699165 2.6995418 2.6999112 2.7002734 2.7006288 2.7009777 2.7013204 2.7016571 2.7019882 2.702314 2.7026346
2.6815971 2.681086 2.6806916 2.6804036 2.6802127 2.68011 2.6800875 2.6801381 2.680255 2.680432 2.6806636 2.6809446 2.6812701 2.6816357 2.682037 2.6824701 2.6829313 2.6834169 2.6839237 2.6844484 2.684988 2.6855397 2.6861009 2.6866691 2.687242 2.6878176 2.6883939 2.6889692 2.6895418 2.6901104 2.6906737 2.6912306 2.6917802 2.6923217 2.6928545 2.6933779 2.6938916 2.6943953 2.6948887 2.6953718 2.6958445 2.6963069 2.6967589 2.6972009 2.697633 2.6980553 2.6984683 2.6988722 2.6992672 2.6996538 2.7000323 2.700403 2.7007662 2.7011223 2.7014717 2.7018146 2.7021515 2.7024825 2.7028081 2.7031285
2.6815914 2.6810241 2.680587 2.6802679 2.6800557 2.6799401 2.6799118 2.6799625 2.6800845 2.680271 2.6805158 2.6808131 2.6811577 2.6815446 2.6819691 2.682427 2.6829142 2.6834267 2.683961 2.6845136 2.6850812 2.6856607 2.6862495 2.6868447 2.6874441 2.6880452 2.6886461 2.6892449 2.68984 2.6904299 2.6910132 2.6915889 2.692156 2.6927137 2.6932613 2.6937984 2.6943246 2.6948395 2.6953431 2.6958353 2.696316 2.6967855 2.6972437 2.6976911 2.6981277 2.698554 2.6989702 2.6993767 2.6997739 2.7001622 2.7005419 2.7009134 2.7012772 2.7016336 2.701983 2.7023258 2.7026623 2.7029929 2.7033179 2.7036376
2.6815012 2.6808802 2.6804041 2.6800585 2.67983 2.6797066 2.6796775 2.6797332 2.6798651 2.6800657 2.6803281 2.680646 2.6810138 2.6814261 2.6818779 2.6823644 2.6828813 2.6834244 2.6839897 2.6845735 2.6851722 2.6857827 2.6864019 2.6870268 2.687655 2.6882839 2.6889115 2.6895358 2.690155 2.6907676 2.6913722 2.6919677 2.6925532 2.6931278 2.693691 2.6942422 2.6947811 2.6953075 2.6958213 2.6963225 2.6968112 2.6972875 2.6977517 2.6982041 2.698645 2.6990747 2.6994938 2.6999025 2.7003013 2.7006908 2.7010712 2.7014431 2.701807 2.7021632 2.7025121 2.7028543 2.70319 2.7035197 2.7038438 2.7041625
2.6813084 2.6806377 2.6801282 2.6797625 2.6795245 2.6794 2.6793764 2.6794431 2.6795905 2.6798104 2.6800954 2.6804389 2.6808347 2.6812769 2.6817604 2.6822799 2.6828308 2.6834085 2.6840087 2.6846274 2.6852609 2.6859056 2.6865583 2.6872159 2.6878755 2.6885348 2.6891913 2.689843 2.6904881 2.6911249 2.6917522 2.6923687 2.6929735 2.6935658 2.6941451 2.6947108 2.6952627 2.6958007 2.6963248 2.6968349 2.6973314 2.6978143 2.6982842 2.6987412 2.6991859 2.6996186 2.70004 2.7004504 2.7008503 2.7012404 2.701621 2.7019928 2.7023562 2.7027116 2.7030596 2.7034006 2.7037351 2.7040635 2.7043861 2.7047033
2.6809901 2.6802762 2.679742 2.6793656 2.6791273 2.6790101 2.6789998 2.6790845 2.6792539 2.6794992 2.6798126 2.6801871 2.6806161 2.6810936 2.6816137 2.6821711 2.6827606 2.6833774 2.6840169 2.6846747 2.6853469 2.6860295 2.6867192 2.6874125 2.6881067 2.6887989 2.6894867 2.690168 2.6908409 2.6915037 2.692155 2.6927936 2.6934187 2.6940295 2.6946253 2.695206 2.6957712 2.6963209 2.6968551 2.6973741 2.697878 2.6983673 2.6988423 2.6993036 2.6997515 2.7001867 2.7006098 2.7010213 2.7014218 2.7018119 2.7021921 2.7025631 2.7029253 2.7032795 2.7036259 2.7039653 2.7042979 2.7046244 2.7049451 2.7052604
2.6805158 2.6797702 2.6792251 2.6788515 2.6786252 2.6785262 2.6785385 2.6786494 2.6788482 2.6791257 2.6794739 2.6798856 2.6803538 2.6808721 2.6814346 2.6820353 2.6826687 2.6833297 2.6840132 2.6847148 2.6854299 2.6861545 2.6868849 2.6876176 2.6883495 2.6890776 2.6897993 2.6905126 2.6912152 2.6919057 2.6925825 2.6932446 2.6938909 2.6945208 2.6951339 2.6957298 2.6963084 2.6968698 2.6974141 2.6979416 2.6984527 2.6989479 2.6994276 2.6998925 2.7003431 2.7007802 2.7012043 2.7016162 2.7020165 2.7024059 2.7027851 2.7031546 2.7035151 2.7038673 2.7042116 2.7045487 2.704879 2.705203 2.7055212 2.705834
2.6798441 2.679088 2.6785536 2.6782025 2.6780045 2.6779371 2.6779831 2.6781295 2.6783658 2.6786829 2.679073 2.6795286 2.6800426 2.6806084 2.6812194 2.6818694 2.6825526 2.6832634 2.6839965 2.6847468 2.6855097 2.6862809 2.6870563 2.6878322 2.6886052 2.6893723 2.6901309 2.6908785 2.6916132 2.6923332 2.693037 2.6937237 2.6943922 2.695042 2.6956728 2.6962842 2.6968763 2.6974494 2.6980035 2.6985393 2.6990571 2.6995576 2.7000414 2.7005093 2.7009619 2.7014001 2.7018246 2.7022361 2.7026355 2.7030234 2.7034007 2.7037681 2.7041261 2.7044756 2.7048171 2.7051512 2.7054785 2.7057995 2.7061147 2.7064246
2.6789188 2.6781906 2.6777013 2.6774002 2.6772518 2.6772319 2.6773239 2.6775159 2.6777985 2.6781633 2.6786029 2.6791099 2.6796771 2.6802974 2.680964 2.6816703 2.6824099 2.6831768 2.6839654 2.6847702 2.6855863 2.686409 2.687234 2.6880573 2.6888754 2.689685 2.6904834 2.6912681 2.6920371 2.6927885 2.693521 2.6942335 2.6949252 2.6955956 2.6962445 2.6968716 2.6974773 2.6980618 2.6986255 2.699169 2.699693 2.7001982 2.7006854 2.7011555 2.7016093 2.7020477 2.7024716 2.7028819 2.7032795 2.7036652 2.7040398 2.7044041 2.704759 2.705105 2.7054429 2.7057734 2.7060971 2.7064144 2.706726 2.7070324
2.6776663 2.6770335 2.6766418 2.6764282 2.6763551 2.6764005 2.6765515 2.6767993 2.6771371 2.6775581 2.6780556 2.6786223 2.6792509 2.6799339 2.6806641 2.6814343 2.6822377 2.6830678 2.6839186 2.6847843 2.6856595 2.6865393 2.6874189 2.6882944 2.6891617 2.6900176 2.6908592 2.6916839 2.6924895 2.6932744 2.6940372 2.6947768 2.6954927 2.6961843 2.6968516 2.6974946 2.6981137 2.6987093 2.6992821 2.6998328 2.7003623 2.7008714 2.7013611 2.7018325 2.7022865 2.7027242 2.7031467 2.7035548 2.7039496 2.704332 2.704703 2.7050635 2.7054142 2.705756 2.7060896 2.7064157 2.706735 2.707048 2.7073553 2.7076576
2.6759987 2.6755734 2.6753542 2.6752752 2.6753058 2.6754342 2.675656 2.6759691 2.6763708 2.6768568 2.6774213 2.6780571 2.6787565 2.6795116 2.6803144 2.6811572 2.6820328 2.6829341 2.6838547 2.6847884 2.6857294 2.6866723 2.6876124 2.688545 2.6894663 2.6903726 2.6912609 2.6921285 2.6929735 2.693794 2.6945887 2.6953568 2.6960976 2.696811 2.697497 2.6981559 2.6987881 2.6993945 2.6999757 2.7005329 2.7010669 2.701579 2.7020703 2.7025419 2.7029951 2.703431 2.7038508 2.7042556 2.7046466 2.7050248 2.7053912 2.7057468 2.7060925 2.7064291 2.7067575 2.7070784 2.7073925 2.7077005 2.708003 2.7083004
2.6738317 2.673783 2.6738331 2.67394 2.6741006 2.6743254 2.6746266 2.6750125 2.6754863 2.6760466 2.6766882 2.6774039 2.6781851 2.6790229 2.6799088 2.6808343 2.6817916 2.6827732 2.6837721 2.6847816 2.6857958 2.6868089 2.6878156 2.6888112 2.6897914 2.6907525 2.6916914 2.6926054 2.6934924 2.6943506 2.695179 2.6959767 2.6967434 2.697479 2.6981839 2.6988584 2.6995034 2.7001199 2.7007088 2.7012715 2.7018091 2.702323 2.7028146 2.7032853 2.7037364 2.7041692 2.7045852 2.7049856 2.7053716 2.7057443 2.706105 2.7064547 2.7067943 2.7071248 2.7074471 2.707762 2.7080701 2.7083723 2.7086692 2.7089612
2.6711296 2.6716784 2.6721011 2.6724365 2.6727412 2.6730662 2.6734489 2.6739119 2.6744656 2.6751105 2.6758415 2.67665 2.6775261 2.6784595 2.6794406 2.6804603 2.6815101 2.682582 2.6836688 2.6847633 2.685859 2.6869498 2.6880302 2.689095 2.6901398 2.6911607 2.6921544 2.6931182 2.69405 2.6949483 2.6958121 2.6966406 2.6974339 2.698192 2.6989156 2.6996055 2.7002627 2.7008884 2.701484 2.7020511 2.702591 2.7031055 2.703596 2.7040643 2.7045119 2.7049404 2.7053511 2.7057457 2.7061253 2.7064914 2.7068452 2.7071878 2.7075203 2.7078436 2.7081588 2.7084667 2.7087681 2.7090637 2.7093541 2.70964
2.667986 2.6693538 2.6702215 2.6707949 2.6712319 2.6716434 2.6721004 2.6726417 2.6732834 2.6740261 2.6748622 2.67578 2.6767669 2.6778112 2.6789017 2.6800288 2.6811835 2.6823574 2.6835428 2.6847323 2.6859189 2.6870962 2.688258 2.6893991 2.6905147 2.6916007 2.6926537 2.6936711 2.6946508 2.6955914 2.6964922 2.6973527 2.6981731 2.6989539 2.6996961 2.7004007 2.7010692 2.7017031 2.7023042 2.7028742 2.703415 2.7039284 2.7044164 2.7048807 2.7053232 2.7057457 2.7061497 2.7065369 2.7069089 2.7072669 2.7076125 2.7079467 2.7082709 2.708586 2.708893 2.709193 2.7094866 2.7097748 2.7100581 2.7103371
2.6647163 2.6670078 2.6683 2.6690549 2.6695693 2.6700291 2.6705423 2.6711616 2.6719034 2.6727631 2.6737259 2.6747747 2.675893 2.6770664 2.6782831 2.6795328 2.6808063 2.6820953 2.6833916 2.6846876 2.6859757 2.6872491 2.6885013 2.6897265 2.6909197 2.6920766 2.6931939 2.6942688 2.6952996 2.6962849 2.6972243 2.6981177 2.6989656 2.6997691 2.7005293 2.7012478 2.7019265 2.7025673 2.7031722 2.7037436 2.7042834 2.7047941 2.7052776 2.7057362 2.7061718 2.7065865 2.7069821 2.7073604 2.707723 2.7080715 2.7084074 2.708732 2.7090466 2.7093523 2.7096501 2.7099411 2.710226 2.7105058 2.7107811 2.7110526
2.6618845 2.6649305 2.666464 2.6672441 2.6677221 2.668163 2.6687065 2.6694084 2.6702734 2.6712809 2.6724027 2.673612 2.6748873 2.6762122 2.6775743 2.6789639 2.6803722 2.681791 2.6832122 2.6846276 2.6860294 2.68741 2.6887625 2.6900806 2.691359 2.6925934 2.6937802 2.6949169 2.6960019 2.6970342 2.6980138 2.6989409 2.6998166 2.7006423 2.7014197 2.702151 2.7028384 2.7034843 2.7040913 2.704662 2.7051989 2.7057047 2.7061817 2.7066325 2.7070592 2.7074642 2.7078495 2.708217 2.7085686 2.708906 2.7092307 2.7095442 2.7098479 2.7101428 2.7104303 2.7107112 2.7109865 2.711257 2.7115234 2.7117866
2.6601763 2.6634338 2.6648181 2.6653406 2.6655973 2.665924 2.6664751 2.667284 2.6683195 2.6695276 2.6708565 2.6722666 2.6737314 2.675234 2.6767637 2.6783125 2.6798733 2.6814386 2.6830005 2.6845505 2.6860798 2.6875804 2.6890445 2.6904655 2.6918377 2.6931565 2.6944186 2.6956216 2.6967641 2.6978458 2.6988668 2.6998282 2.7007315 2.7015787 2.7023722 2.7031146 2.7038089 2.7044579 2.7050647 2.7056325 2.7061641 2.7066625 2.7071307 2.7075713 2.707987 2.7083801 2.708753 2.7091078 2.7094465 2.709771 2.7100829 2.7103838 2.710675 2.710958 2.7112338 2.7115035 2.7117681 2.7120283 2.7122851 2.712539
2.6601603 2.6627644 2.6633893 2.6632164 2.6629824 2.6630831 2.6636493 2.6646399 2.6659418 2.6674399 2.6690479 2.6707126 2.6724062 2.6741162 2.6758374 2.6775666 2.6792997 2.6810306 2.6827515 2.6844534 2.6861266 2.6877619 2.6893509 2.690886 2.6923615 2.6937726 2.6951161 2.69639 2.6975935 2.6987265 2.6997901 2.700786 2.7017164 2.702584 2.7033919 2.7041435 2.7048423 2.7054919 2.7060959 2.7066579 2.7071815 2.70767 2.7081266 2.7085545 2.7089565 2.7093354 2.7096936 2.7100336 2.7103575 2.7106671 2.7109645 2.7112511 2.7115285 2.711798 2.7120609 2.7123182 2.7125709 2.71282 2.7130661 2.7133099
2.6621937 2.663114 2.6620882 2.6605504 2.6594425 2.6592163 2.6598999 2.6612593 2.6630136 2.6649491 2.6669395 2.6689266 2.6708933 2.6728416 2.674779 2.6767108 2.678638 2.6805564 2.6824581 2.6843327 2.6861691 2.6879566 2.6896855 2.6913479 2.6929373 2.6944492 2.6958808 2.6972305 2.698498 2.6996844 2.7007914 2.7018215 2.702778 2.7036643 2.7044845 2.7052427 2.7059432 2.7065904 2.7071884 2.7077416 2.7082539 2.7087293 2.7091714 2.7095836 2.7099693 2.7103313 2.7106724 2.7109953 2.7113021 2.711595 2.7118759 2.7121465 2.7124084 2.712663 2.7129116 2.7131553 2.7133951 2.7136318 2.7138664 2.7140994
2.6669644 2.6649184 2.6606651 2.6566688 2.654098 2.6535286 2.6546899 2.6568441 2.6593936 2.6619963 2.6645062 2.6668924 2.6691754 2.6713899 2.6735663 2.6757238 2.6778698 2.6800017 2.6821103 2.684183 2.6862061 2.6881666 2.6900535 2.6918579 2.6935732 2.6951954 2.6967219 2.6981522 2.6994871 2.7007284 2.701879 2.7029427 2.7039236 2.7048264 2.705656 2.7064176 2.7071164 2.7077574 2.7083458 2.7088865 2.709384 2.7098427 2.7102669 2.7106603 2.7110266 2.7113689 2.7116903 2.7119935 2.7122809 2.7125549 2.7128174 2.7130702 2.713315 2.7135532 2.7137861 2.7140149 2.7142405 2.7144639 2.7146859 2.7149072
2.6774813 2.6698432 2.6582647 2.6504006 2.644993 2.6444514 2.6471843 2.6510341 2.6549668 2.6585636 2.6617517 2.664606 2.6672351 2.6697332 2.6721669 2.6745737 2.6769675 2.6793455 2.6816946 2.6839975 2.6862363 2.6883951 2.690461 2.6924244 2.6942792 2.6960216 2.6976504 2.6991661 2.700571 2.7018683 2.7030623 2.704158 2.705161 2.7060772 2.7069127 2.7076738 2.7083666 2.7089974 2.7095719 2.7100957 2.7105743 2.7110126 2.7114151 2.7117861 2.7121297 2.7124492 2.7127479 2.7130288 2.7132945 2.7135472 2.7137892 2.7140224 2.7142483 2.7144685 2.7146843 2.7148968 2.7151071 2.7153161 2.7155246 2.7157332
2.700597 2.6818258 2.6517239 2.6412992 2.6257843 2.6291178 2.6362885 2.6435075 2.6497414 2.6547268 2.6587252 2.6620744 2.6650455 2.6678256 2.6705283 2.6732109 2.6758904 2.6785581 2.6811922 2.6837671 2.6862583 2.6886462 2.6909161 2.6930582 2.695067 2.6969403 2.6986787 2.7002845 2.7017617 2.7031154 2.7043516 2.705477 2.7064988 2.7074244 2.7082613 2.709017 2.7096991 2.7103145 2.7108701 2.7113724 2.7118275 2.7122408 2.7126175 2.7129624 2.7132796 2.713573 2.713846 2.7141017 2.714343 2.7145722 2.7147916 2.715003 2.7152083 2.7154088 2.715606 2.715801 2.7159948 2.7161882 2.7163822 2.7165772
2.7005915 2.6763852 2.6501163 2.6215489 2.5845604 2.6066806 2.6205042 2.634242 2.6440403 2.6507163 2.6555237 2.6592979 2.66255 2.6655832 2.6685621 2.6715571 2.6745773 2.6775975 2.6805786 2.6834811 2.6862718 2.6889266 2.6914297 2.6937723 2.6959511 2.6979665 2.6998215 2.7015213 2.7030723 2.7044818 2.7057581 2.7069099 2.7079461 2.708876 2.7097088 2.7104535 2.7111188 2.7117131 2.7122442 2.7127195 2.7131459 2.7135294 2.7138758 2.7141902 2.7144772 2.7147409 2.7149849 2.7152126 2.7154267 2.7156299 2.7158244 2.7160121 2.7161948 2.7163741 2.7165511 2.7167271 2.7169032 2.71708 2.7172584 2.7174391
2.6898714 2.6636338 2.6425803 2.6162362 2.5850277 2.5545217 2.5968722 2.6246998 2.6387851 2.6469202 2.6522461 2.6562231 2.6596191 2.6628501 2.6661185 2.669488 2.6729376 2.676406 2.6798231 2.6831289 2.6862793 2.6892467 2.6920166 2.6945838 2.6969491 2.6991173 2.7010956 2.7028925 2.7045176 2.7059812 2.7072941 2.7084675 2.7095125 2.7104405 2.7112625 2.7119892 2.7126309 2.7131974 2.7136975 2.7141397 2.7145315 2.7148799 2.7151911 2.7154705 2.7157231 2.7159533 2.716165 2.7163614 2.7165456 2.7167202 2.7168875 2.7170494 2.7172077 2.7173639 2.7175193 2.717675 2.717832 2.7179911 2.718153 2.7183184
