WatsonE12E13/2mHCPcon.asc
NCOLS 600
NROWS 370
XLLCORNER 149.806
YLLCORNER -30.2864
CELLSIZE 1e-05
NODATA_VALUE -9999
[rows 297 to 323 of 370, columns 60 to 119 of 600]
127.98908 127.96504 127.94107 127.91719 127.89342 127.86975 127.84621 127.82281 127.79955 127.77645 127.75353 127.7308 127.70827 127.68596 127.66388 127.64204 127.62047 127.59917 127.57817 127.55747 127.53711 127.51708 127.49742 127.47813 127.45924 127.44076 127.42271 127.40512 127.388 127.37136 127.35523 127.33963 127.32458 127.31009 127.29619 127.28289 127.27023 127.25821 127.24685 127.23618 127.22622 127.21699 127.2085 127.20078 127.19384 127.18771 127.1824 127.17793 127.17433 127.1716 127.16977 127.16885 127.16887 127.16983 127.17175 127.17465 127.17854 127.18344 127.18936 127.19631
128.00773 127.98417 127.96069 127.9373 127.91403 127.89087 127.86784 127.84495 127.82221 127.79964 127.77725 127.75505 127.73306 127.71129 127.68975 127.66846 127.64744 127.6267 127.60625 127.58611 127.5663 127.54684 127.52773 127.509 127.49067 127.47276 127.45527 127.43823 127.42166 127.40558 127.39 127.37495 127.36044 127.34649 127.33312 127.32035 127.3082 127.29669 127.28584 127.27567 127.2662 127.25744 127.24943 127.24216 127.23567 127.22997 127.22509 127.22103 127.21782 127.21548 127.21402 127.21345 127.2138 127.21509 127.21732 127.22051 127.22467 127.22983 127.23599 127.24316
128.02651 128.00342 127.98042 127.95753 127.93474 127.91208 127.88955 127.86717 127.84494 127.82289 127.80102 127.77934 127.75788 127.73664 127.71564 127.69489 127.6744 127.6542 127.6343 127.61471 127.59544 127.57653 127.55797 127.53979 127.52201 127.50464 127.4877 127.47121 127.45518 127.43964 127.4246 127.41008 127.3961 127.38267 127.36982 127.35757 127.34593 127.33492 127.32456 127.31488 127.30588 127.29759 127.29003 127.28321 127.27716 127.27188 127.26741 127.26375 127.26093 127.25896 127.25786 127.25764 127.25832 127.25992 127.26245 127.26593 127.27036 127.27577 127.28216 127.28956
128.0454 128.02279 128.00027 127.97785 127.95555 127.93338 127.91134 127.88946 127.86774 127.84619 127.82483 127.80367 127.78272 127.762 127.74153 127.7213 127.70135 127.68168 127.66231 127.64325 127.62453 127.60615 127.58813 127.57049 127.55324 127.53641 127.52 127.50404 127.48855 127.47353 127.45902 127.44501 127.43155 127.41864 127.40629 127.39454 127.38339 127.37287 127.363 127.35378 127.34525 127.33742 127.3303 127.32392 127.31829 127.31343 127.30936 127.30609 127.30365 127.30204 127.30129 127.30141 127.30242 127.30433 127.30715 127.3109 127.3156 127.32126 127.32789 127.3355
128.06442 128.04226 128.02021 127.99826 127.97644 127.95475 127.9332 127.9118 127.89058 127.86953 127.84867 127.82802 127.80758 127.78737 127.76741 127.7477 127.72827 127.70912 127.69027 127.67174 127.65354 127.63569 127.61819 127.60108 127.58436 127.56805 127.55217 127.53673 127.52175 127.50725 127.49324 127.47975 127.46679 127.45438 127.44253 127.43126 127.4206 127.41056 127.40115 127.3924 127.38432 127.37693 127.37024 127.36429 127.35907 127.35462 127.35094 127.34805 127.34598 127.34473 127.34432 127.34477 127.34609 127.3483 127.35141 127.35544 127.3604 127.3663 127.37316 127.38099
128.08353 128.06183 128.04023 128.01875 127.9974 127.97618 127.95511 127.9342 127.91346 127.8929 127.87254 127.85238 127.83244 127.81274 127.79328 127.77408 127.75516 127.73652 127.71818 127.70016 127.68248 127.66514 127.64816 127.63156 127.61535 127.59955 127.58418 127.56925 127.55478 127.54078 127.52728 127.51428 127.50181 127.48989 127.47852 127.46773 127.45754 127.44796 127.43901 127.43071 127.42307 127.41611 127.40985 127.40431 127.3995 127.39544 127.39214 127.38963 127.38791 127.38701 127.38694 127.38771 127.38934 127.39185 127.39524 127.39954 127.40475 127.41089 127.41798 127.42602
128.10273 128.08148 128.06034 128.03931 128.01842 127.99767 127.97707 127.95663 127.93637 127.91629 127.89641 127.87675 127.8573 127.83809 127.81912 127.80042 127.782 127.76386 127.74603 127.72851 127.71133 127.69449 127.67802 127.66192 127.64621 127.63092 127.61604 127.60161 127.58763 127.57413 127.56111 127.5486 127.53661 127.52516 127.51427 127.50395 127.49421 127.48509 127.47658 127.46872 127.46151 127.45497 127.44913 127.44399 127.43957 127.43589 127.43297 127.43082 127.42945 127.42889 127.42914 127.43023 127.43216 127.43496 127.43863 127.44319 127.44865 127.45503 127.46234 127.47059
128.12201 128.1012 128.08051 128.05994 128.0395 128.01921 127.99907 127.9791 127.95931 127.9397 127.9203 127.90111 127.88214 127.86341 127.84494 127.82672 127.80879 127.79114 127.7738 127.75678 127.74009 127.72374 127.70776 127.69215 127.67694 127.66213 127.64775 127.6338 127.62031 127.60728 127.59474 127.58271 127.57119 127.5602 127.54977 127.5399 127.53061 127.52193 127.51386 127.50642 127.49963 127.4935 127.48806 127.48332 127.47928 127.47598 127.47342 127.47162 127.4706 127.47036 127.47094 127.47233 127.47456 127.47764 127.48158 127.48639 127.4921 127.49871 127.50623 127.51469
128.14137 128.121 128.10074 128.08061 128.06062 128.04078 128.0211 128.00158 127.98225 127.96311 127.94418 127.92546 127.90696 127.88871 127.87071 127.85297 127.83552 127.81835 127.80149 127.78495 127.76874 127.75288 127.73738 127.72226 127.70752 127.6932 127.67929 127.66582 127.65279 127.64024 127.62817 127.61659 127.60553 127.595 127.58501 127.57558 127.56673 127.55848 127.55083 127.54381 127.53743 127.53171 127.52666 127.52229 127.51863 127.51569 127.51349 127.51204 127.51135 127.51144 127.51232 127.51401 127.51653 127.51988 127.52409 127.52915 127.5351 127.54193 127.54967 127.55833
128.16079 128.14085 128.12102 128.10133 128.08178 128.06238 128.04315 128.02408 128.0052 127.98652 127.96804 127.94978 127.93175 127.91397 127.89643 127.87917 127.86218 127.84549 127.8291 127.81303 127.79729 127.7819 127.76688 127.75222 127.73796 127.7241 127.71066 127.69765 127.68509 127.67299 127.66137 127.65025 127.63963 127.62954 127.61999 127.611 127.60258 127.59474 127.58751 127.58089 127.57491 127.56957 127.56491 127.56092 127.55762 127.55504 127.55318 127.55206 127.5517 127.5521 127.55329 127.55527 127.55807 127.56169 127.56615 127.57147 127.57764 127.5847 127.59265 127.6015
128.18027 128.16074 128.14135 128.12208 128.10297 128.084 128.06521 128.04659 128.02815 128.00992 127.99189 127.97408 127.95651 127.93918 127.9221 127.90529 127.88877 127.87254 127.85661 127.841 127.82573 127.8108 127.79624 127.78204 127.76824 127.75483 127.74185 127.72929 127.71718 127.70553 127.69436 127.68368 127.6735 127.66384 127.65471 127.64614 127.63813 127.63071 127.62388 127.61766 127.61206 127.60711 127.60281 127.59919 127.59625 127.59401 127.59249 127.5917 127.59165 127.59236 127.59384 127.59611 127.59918 127.60307 127.60778 127.61333 127.61974 127.62701 127.63516 127.6442
128.19979 128.18068 128.1617 128.14286 128.12417 128.10564 128.08727 128.06909 128.05109 128.03329 128.01571 127.99835 127.98122 127.96433 127.94771 127.93135 127.91528 127.8995 127.88402 127.86887 127.85405 127.83957 127.82546 127.81171 127.79836 127.7854 127.77286 127.76075 127.74908 127.73787 127.72712 127.71687 127.70712 127.69788 127.68917 127.68101 127.67341 127.66638 127.65994 127.6541 127.64889 127.64431 127.64037 127.6371 127.63451 127.63261 127.63142 127.63094 127.6312 127.63221 127.63398 127.63653 127.63987 127.64401 127.64896 127.65475 127.66137 127.66886 127.67721 127.68644
128.21936 128.20066 128.18209 128.16366 128.14539 128.12728 128.10933 128.09158 128.07401 128.05664 128.03949 128.02257 128.00587 127.98943 127.97324 127.95733 127.9417 127.92636 127.91133 127.89662 127.88224 127.86821 127.85453 127.84123 127.82831 127.81579 127.80369 127.79201 127.78077 127.76998 127.75966 127.74983 127.74049 127.73166 127.72336 127.7156 127.70839 127.70175 127.69569 127.69023 127.68539 127.68117 127.67759 127.67466 127.67241 127.67083 127.66996 127.66979 127.67035 127.67165 127.67371 127.67652 127.68012 127.68451 127.6897 127.69571 127.70256 127.71024 127.71879 127.7282
128.23895 128.22065 128.20249 128.18447 128.16661 128.14891 128.13139 128.11405 128.0969 128.07996 128.06323 128.04674 128.03047 128.01446 127.99871 127.98322 127.96802 127.95312 127.93852 127.92425 127.9103 127.8967 127.88346 127.87058 127.8581 127.846 127.83432 127.82307 127.81224 127.80188 127.79197 127.78254 127.77361 127.76518 127.75728 127.7499 127.74308 127.73682 127.73114 127.72604 127.72156 127.71769 127.71445 127.71186 127.70994 127.70868 127.70812 127.70825 127.70911 127.71069 127.71301 127.71609 127.71994 127.72457 127.73 127.73623 127.74328 127.75117 127.7599 127.76949
128.25858 128.24067 128.22291 128.20529 128.18783 128.17054 128.15342 128.13649 128.11976 128.10324 128.08693 128.07085 128.05501 128.03942 128.02409 128.00903 127.99425 127.97977 127.9656 127.95175 127.93823 127.92505 127.91223 127.89978 127.88771 127.87603 127.86477 127.85392 127.84351 127.83355 127.82404 127.81502 127.80648 127.79844 127.79092 127.78393 127.77748 127.77159 127.76627 127.76153 127.75739 127.75387 127.75097 127.74871 127.7471 127.74615 127.74589 127.74632 127.74746 127.74932 127.7519 127.75524 127.75933 127.7642 127.76985 127.7763 127.78355 127.79163 127.80055 127.81031
128.27822 128.2607 128.24333 128.2261 128.20904 128.19215 128.17544 128.15891 128.14259 128.12647 128.11057 128.0949 128.07947 128.06429 128.04938 128.03473 128.02037 128.00631 127.99255 127.97912 127.96601 127.95325 127.94084 127.9288 127.91714 127.90587 127.89501 127.88457 127.87456 127.86499 127.85588 127.84724 127.83909 127.83144 127.82429 127.81767 127.81159 127.80605 127.80109 127.7967 127.7929 127.78971 127.78713 127.78519 127.78389 127.78325 127.78328 127.784 127.78541 127.78753 127.79038 127.79396 127.7983 127.80339 127.80926 127.81591 127.82337 127.83163 127.84073 127.85066
128.29787 128.28073 128.26374 128.24691 128.23024 128.21374 128.19742 128.18129 128.16536 128.14965 128.13415 128.11889 128.10386 128.08909 128.07458 128.06034 128.04639 128.03273 128.01938 128.00635 127.99365 127.98129 127.96929 127.95765 127.94639 127.93552 127.92505 127.91501 127.90538 127.89621 127.88748 127.87922 127.87144 127.86416 127.85738 127.85112 127.84539 127.84021 127.83559 127.83154 127.82807 127.8252 127.82295 127.82131 127.82032 127.81997 127.82029 127.82128 127.82296 127.82534 127.82844 127.83226 127.83683 127.84214 127.84822 127.85508 127.86273 127.87117 127.88044 127.89053
128.31752 128.30076 128.28415 128.2677 128.25141 128.2353 128.21937 128.20363 128.18809 128.17277 128.15767 128.1428 128.12817 128.11379 128.09968 128.08584 128.07229 128.05903 128.04608 128.03344 128.02114 128.00918 127.99757 127.98632 127.97545 127.96497 127.95489 127.94523 127.93599 127.92719 127.91884 127.91095 127.90354 127.89661 127.89019 127.88429 127.8789 127.87406 127.86978 127.86605 127.86291 127.86036 127.85841 127.85708 127.85637 127.85631 127.85691 127.85817 127.86011 127.86274 127.86608 127.87014 127.87493 127.88046 127.88674 127.89379 127.90163 127.91025 127.91968 127.92992
128.33718 128.32079 128.30455 128.28847 128.27256 128.25682 128.24127 128.22592 128.21077 128.19583 128.18111 128.16663 128.15239 128.1384 128.12468 128.11123 128.09807 128.0852 128.07264 128.06039 128.04847 128.0369 128.02567 128.01481 128.00433 127.99423 127.98453 127.97523 127.96637 127.95793 127.94995 127.94242 127.93537 127.9288 127.92272 127.91716 127.91212 127.90761 127.90365 127.90024 127.89741 127.89517 127.89352 127.89248 127.89206 127.89228 127.89314 127.89466 127.89686 127.89974 127.90331 127.9076 127.9126 127.91834 127.92482 127.93206 127.94007 127.94886 127.95845 127.96884
128.35683 128.3408 128.32493 128.30922 128.29367 128.27831 128.26313 128.24815 128.23338 128.21882 128.20448 128.19038 128.17652 128.16291 128.14957 128.1365 128.12372 128.11124 128.09905 128.08719 128.07565 128.06445 128.05361 128.04312 128.03301 128.02328 128.01395 128.00502 127.99652 127.98844 127.98081 127.97364 127.96693 127.96071 127.95497 127.94974 127.94503 127.94084 127.9372 127.93411 127.93158 127.92963 127.92827 127.92752 127.92738 127.92787 127.92899 127.93077 127.93321 127.93632 127.94013 127.94463 127.94984 127.95578 127.96245 127.96988 127.97806 127.98701 127.99675 128.00729
128.37646 128.36079 128.34528 128.32993 128.31475 128.29975 128.28494 128.27033 128.25592 128.24173 128.22777 128.21404 128.20055 128.18732 128.17435 128.16166 128.14925 128.13714 128.12533 128.11384 128.10267 128.09184 128.08136 128.07124 128.06149 128.05213 128.04315 128.03459 128.02643 128.01871 128.01143 128.0046 127.99823 127.99234 127.98693 127.98203 127.97763 127.97376 127.97043 127.96764 127.96541 127.96375 127.96268 127.9622 127.96233 127.96308 127.96446 127.96648 127.96916 127.9725 127.97652 127.98124 127.98666 127.99279 127.99965 128.00724 128.01559 128.0247 128.03459 128.04526
128.39608 128.38076 128.3656 128.35061 128.33578 128.32114 128.30669 128.29244 128.2784 128.26457 128.25097 128.2376 128.22448 128.21162 128.19902 128.18669 128.17465 128.1629 128.15145 128.14032 128.12952 128.11906 128.10894 128.09917 128.08978 128.08077 128.07215 128.06393 128.05612 128.04874 128.04179 128.0353 128.02926 128.0237 128.01861 128.01402 128.00994 128.00638 128.00334 128.00085 127.99891 127.99753 127.99673 127.99652 127.99691 127.99791 127.99954 128.0018 128.00471 128.00827 128.01251 128.01743 128.02304 128.02936 128.0364 128.04416 128.05267 128.06193 128.07196 128.08276
128.41567 128.4007 128.38589 128.37124 128.35677 128.34248 128.32838 128.31448 128.3008 128.28732 128.27408 128.26107 128.24831 128.2358 128.22356 128.21159 128.19991 128.18852 128.17743 128.16666 128.15621 128.14609 128.13632 128.12691 128.11787 128.1092 128.10092 128.09304 128.08557 128.07852 128.07191 128.06574 128.06002 128.05477 128.05 128.04572 128.04194 128.03868 128.03593 128.03373 128.03207 128.03096 128.03043 128.03048 128.03112 128.03237 128.03423 128.03673 128.03986 128.04364 128.04808 128.0532 128.059 128.0655 128.07271 128.08064 128.0893 128.0987 128.10886 128.11979
128.43524 128.42061 128.40613 128.39183 128.3777 128.36375 128.35 128.33645 128.32311 128.30999 128.2971 128.28444 128.27203 128.25987 128.24798 128.23636 128.22503 128.21399 128.20325 128.19282 128.18272 128.17295 128.16353 128.15446 128.14575 128.13742 128.12947 128.12193 128.11478 128.10806 128.10177 128.09592 128.09051 128.08558 128.08111 128.07713 128.07364 128.07067 128.06821 128.06628 128.06489 128.06405 128.06378 128.06408 128.06497 128.06645 128.06855 128.07126 128.07461 128.0786 128.08324 128.08855 128.09453 128.10121 128.10858 128.11666 128.12547 128.13501 128.1453 128.15634
128.45477 128.44047 128.42633 128.41236 128.39857 128.38497 128.37155 128.35835 128.34535 128.33257 128.32002 128.3077 128.29564 128.28382 128.27227 128.261 128.25001 128.23931 128.22891 128.21882 128.20906 128.19963 128.19054 128.1818 128.17343 128.16542 128.15781 128.15058 128.14376 128.13735 128.13137 128.12583 128.12073 128.1161 128.11193 128.10824 128.10504 128.10234 128.10016 128.0985 128.09738 128.0968 128.09678 128.09732 128.09845 128.10016 128.10248 128.10541 128.10897 128.11315 128.11799 128.12348 128.12964 128.13648 128.14401 128.15224 128.16119 128.17086 128.18127 128.19242
128.47427 128.46029 128.44648 128.43284 128.41938 128.40611 128.39303 128.38016 128.36749 128.35505 128.34284 128.33086 128.31913 128.30765 128.29644 128.2855 128.27484 128.26447 128.25441 128.24466 128.23522 128.22612 128.21736 128.20895 128.2009 128.19322 128.18591 128.179 128.1725 128.1664 128.16072 128.15548 128.15068 128.14634 128.14246 128.13905 128.13613 128.13371 128.13179 128.1304 128.12953 128.1292 128.12942 128.1302 128.13156 128.1335 128.13603 128.13917 128.14293 128.14731 128.15233 128.158 128.16432 128.17132 128.17901 128.18738 128.19646 128.20625 128.21678 128.22804
128.49372 128.48007 128.46658 128.45326 128.44013 128.42718 128.41443 128.40188 128.38955 128.37743 128.36555 128.3539 128.3425 128.33135 128.32047 128.30985 128.29953 128.28949 128.27975 128.27032 128.26121 128.25243 128.24399 128.23589 128.22816 128.22079 128.2138 128.20719 128.20099 128.19519 128.18982 128.18487 128.18036 128.1763 128.1727 128.16957 128.16692 128.16476 128.16311 128.16196 128.16134 128.16126 128.16172 128.16273 128.16431 128.16646 128.16921 128.17255 128.17649 128.18106 128.18626 128.1921 128.19859 128.20574 128.21357 128.22208 128.23128 128.24119 128.25183 128.26319
