WatsonE12E13/2mPRPcon.asc
NCOLS 600
NROWS 370
XLLCORNER 149.806
YLLCORNER -30.2864
CELLSIZE 1e-05
NODATA_VALUE -9999
[rows 0 to 26 of 370, columns 120 to 179 of 600]
93.2744 93.313423 93.352855 93.392699 93.432958 93.473636 93.514735 93.556261 93.598216 93.640604 93.683429 93.726696 93.770409 93.814573 93.859192 93.904271 93.949817 93.995834 94.042329 94.089307 94.136776 94.184743 94.233215 94.282199 94.331704 94.381738 94.432312 94.483433 94.535114 94.587364 94.640196 94.693621 94.747652 94.802304 94.85759 94.913527 94.97013 95.027417 95.085407 95.14412 95.203575 95.263796 95.324805 95.386628 95.449291 95.512822 95.577249 95.642605 95.708921 95.776231 95.844571 95.913978 95.98449 96.056148 96.128993 96.203066 96.27841 96.35507 96.433088 96.512509
93.263693 93.302891 93.342504 93.382534 93.422984 93.463858 93.505161 93.546894 93.589062 93.63167 93.674721 93.718219 93.76217 93.806577 93.851447 93.896784 93.942594 93.988883 94.035657 94.082923 94.130687 94.178957 94.227741 94.277047 94.326883 94.37726 94.428185 94.47967 94.531727 94.584365 94.637597 94.691438 94.745899 94.800997 94.856746 94.913164 94.970267 95.028076 95.086609 95.145888 95.205936 95.266777 95.328437 95.390942 95.454323 95.51861 95.583835 95.650033 95.717241 95.785497 95.854842 95.925317 95.996967 96.069838 96.143979 96.219439 96.296269 96.374521 96.454249 96.535507
93.25262 93.29199 93.33178 93.371991 93.412629 93.453696 93.495196 93.537133 93.579511 93.622333 93.665604 93.709329 93.753512 93.798158 93.843273 93.888861 93.93493 93.981484 94.028531 94.076077 94.12413 94.172697 94.221786 94.271406 94.321566 94.372276 94.423545 94.475386 94.527808 94.580825 94.63445 94.688696 94.743578 94.799112 94.855314 94.912202 94.969795 95.028114 95.087179 95.147014 95.207643 95.269094 95.331393 95.39457 95.458658 95.523691 95.589705 95.656737 95.72483 95.794026 95.86437 95.935912 96.008701 96.08279 96.158236 96.235095 96.313429 96.393298 96.474769 96.557905
93.241178 93.280716 93.320678 93.361068 93.401889 93.443144 93.484838 93.526974 93.569555 93.612587 93.656074 93.70002 93.74443 93.789309 93.834663 93.880497 93.926818 93.973631 94.020944 94.068764 94.117097 94.165953 94.21534 94.265266 94.315741 94.366776 94.418381 94.470567 94.523347 94.576733 94.63074 94.685381 94.740673 94.796632 94.853276 94.910623 94.968695 95.027511 95.087097 95.147476 95.208674 95.270721 95.333647 95.397484 95.462268 95.528035 95.594825 95.662682 95.73165 95.801777 95.873116 95.94572 96.019646 96.094956 96.171712 96.249982 96.329836 96.411346 96.49459 96.579646
93.229362 93.269064 93.309195 93.349759 93.390759 93.432198 93.474081 93.51641 93.559191 93.602428 93.646125 93.690286 93.734917 93.780024 93.825611 93.871684 93.918251 93.965316 94.012888 94.060974 94.109581 94.158718 94.208393 94.258617 94.309399 94.36075 94.41268 94.465203 94.51833 94.572075 94.626453 94.681479 94.73717 94.793543 94.850616 94.908411 94.966947 95.026249 95.086342 95.147251 95.209005 95.271635 95.335173 95.399656 95.465121 95.531608 95.599162 95.66783 95.737662 95.808711 95.881035 95.954695 96.029755 96.106284 96.184355 96.264045 96.345434 96.428607 96.513654 96.600668
93.217169 93.257031 93.297327 93.33806 93.379234 93.420853 93.46292 93.505439 93.548414 93.59185 93.635751 93.680123 93.72497 93.770297 93.816111 93.862417 93.909222 93.956532 94.004356 94.0527 94.101572 94.150982 94.200938 94.251451 94.30253 94.354187 94.406433 94.459281 94.512745 94.566839 94.621577 94.676976 94.733053 94.789827 94.847317 94.905546 94.964535 95.024308 95.084893 95.146318 95.208612 95.27181 95.335946 95.401058 95.467189 95.534381 95.602684 95.672148 95.742829 95.814787 95.888086 95.962792 96.03898 96.116727 96.196114 96.27723 96.360167 96.445024 96.531903 96.620915
93.204595 93.244613 93.28507 93.325968 93.367312 93.409105 93.451351 93.494054 93.537219 93.580849 93.624949 93.669525 93.714581 93.760123 93.806157 93.852689 93.899725 93.947273 93.99534 94.043934 94.093064 94.142737 94.192965 94.243757 94.295123 94.347076 94.399628 94.452792 94.506581 94.561011 94.616097 94.671856 94.728308 94.78547 94.843364 94.902012 94.961438 95.021669 95.082731 95.144655 95.207474 95.271223 95.335939 95.401664 95.468442 95.536322 95.605356 95.6756 95.747114 95.819966 95.894225 95.969967 96.047274 96.126233 96.206937 96.289484 96.373981 96.460539 96.549279 96.640328
93.191637 93.231807 93.272419 93.313478 93.354987 93.39695 93.439371 93.482253 93.525601 93.56942 93.613713 93.658487 93.703746 93.749496 93.795743 93.842493 93.889754 93.937532 93.985834 94.03467 94.084047 94.133976 94.184466 94.235527 94.287171 94.339409 94.392255 94.445722 94.499825 94.554579 94.610001 94.666108 94.722919 94.780456 94.838739 94.897792 94.957641 95.018312 95.079835 95.142242 95.205568 95.26985 95.335128 95.401446 95.468853 95.537401 95.607146 95.67815 95.75048 95.824208 95.899411 95.976175 96.05459 96.134754 96.216771 96.300753 96.38682 96.475099 96.565728 96.658854
93.178291 93.218608 93.259372 93.300587 93.342257 93.384385 93.426975 93.470031 93.513557 93.557559 93.602039 93.647005 93.69246 93.738412 93.784865 93.831826 93.879303 93.927302 93.975832 94.0249 94.074517 94.124691 94.175432 94.226752 94.278662 94.331175 94.384304 94.438063 94.492467 94.547532 94.603276 94.659717 94.716874 94.77477 94.833427 94.89287 94.953125 95.01422 95.076187 95.139059 95.202873 95.267668 95.333488 95.40038 95.468395 95.537589 95.608024 95.679767 95.75289 95.827473 95.903603 95.981371 96.060881 96.14224 96.225566 96.310984 96.398631 96.488651 96.5812 96.676445
93.164554 93.205014 93.245925 93.287292 93.329118 93.371406 93.41416 93.457384 93.501083 93.545261 93.589923 93.635074 93.680719 93.726865 93.773517 93.820681 93.868366 93.916579 93.965326 94.014619 94.064464 94.114873 94.165856 94.217424 94.26959 94.322365 94.375764 94.429802 94.484494 94.539857 94.595909 94.65267 94.710159 94.768399 94.827414 94.88723 94.947873 95.009375 95.071767 95.135085 95.199368 95.264657 95.330997 95.39844 95.46704 95.536858 95.60796 95.680417 95.75431 95.829726 95.90676 95.985514 96.066101 96.148644 96.233272 96.320129 96.409366 96.501147 96.595648 96.69306
93.150423 93.191021 93.232076 93.273589 93.315566 93.358009 93.400922 93.44431 93.488176 93.532525 93.577361 93.622691 93.668519 93.714851 93.761694 93.809054 93.856939 93.905356 93.954313 94.003819 94.053883 94.104517 94.155731 94.207535 94.259944 94.312969 94.366626 94.42093 94.475897 94.531543 94.587889 94.644954 94.702759 94.761327 94.820684 94.880855 94.94187 95.00376 95.066559 95.130303 95.195034 95.260794 95.327634 95.395604 95.464766 95.535182 95.606924 95.68007 95.754707 95.83093 95.908844 95.988561 96.070208 96.153919 96.239843 96.328138 96.418976 96.512542 96.609035 96.70867
93.135895 93.176628 93.21782 93.259477 93.301599 93.344192 93.387259 93.430804 93.474831 93.519345 93.56435 93.609852 93.655856 93.702367 93.749394 93.796941 93.845016 93.893628 93.942785 93.992495 94.042768 94.093616 94.145048 94.197077 94.249717 94.30298 94.356881 94.411437 94.466664 94.522579 94.579204 94.636557 94.694662 94.753542 94.813223 94.873733 94.935101 94.99736 95.060545 95.124695 95.189852 95.256062 95.323377 95.391851 95.461548 95.532536 95.604891 95.678698 95.754051 95.831053 95.909818 95.990474 96.073158 96.158023 96.245232 96.334967 96.42742 96.522799 96.621331 96.723257
93.120967 93.16183 93.203157 93.244951 93.287215 93.329953 93.373168 93.416864 93.461047 93.505719 93.550886 93.596553 93.642725 93.689409 93.73661 93.784336 93.832594 93.881392 93.930738 93.980641 94.031113 94.082162 94.133802 94.186043 94.238901 94.292388 94.34652 94.401313 94.456785 94.512954 94.569841 94.627467 94.685855 94.74503 94.805017 94.865847 94.927549 94.990158 95.05371 95.118245 95.183807 95.250444 95.318209 95.387162 95.457368 95.528899 95.601839 95.676276 95.752313 95.830063 95.909651 95.991217 96.074914 96.160913 96.249399 96.340574 96.434658 96.531887 96.632516 96.736818
93.105639 93.146627 93.188083 93.23001 93.27241 93.315288 93.358646 93.402489 93.44682 93.491645 93.536967 93.582792 93.629126 93.675974 93.723342 93.771237 93.819668 93.868642 93.918167 93.968253 94.018911 94.070151 94.121985 94.174426 94.227488 94.281185 94.335533 94.390549 94.446251 94.502658 94.559791 94.617672 94.676326 94.735777 94.796053 94.857184 94.919202 94.98214 95.046038 95.110937 95.176881 95.243922 95.312114 95.381519 95.452207 95.524254 95.597747 95.672783 95.749472 95.827936 95.908313 95.990757 96.07544 96.162552 96.252302 96.344921 96.440657 96.53978 96.642581 96.74937
93.089906 93.131017 93.172597 93.214652 93.257184 93.300196 93.343692 93.387675 93.43215 93.47712 93.522591 93.568567 93.615054 93.662058 93.709585 93.757641 93.806235 93.855375 93.905069 93.955327 94.006159 94.057577 94.109593 94.16222 94.215472 94.269364 94.323913 94.379135 94.435051 94.491679 94.549041 94.607161 94.666062 94.725772 94.786318 94.847731 94.910045 94.973294 95.037517 95.102759 95.169064 95.236485 95.305079 95.374911 95.446053 95.518586 95.592601 95.668203 95.745508 95.824651 95.905781 95.989069 96.074707 96.162907 96.253908 96.347972 96.445386 96.546461 96.651529 96.760946
93.073769 93.114996 93.156697 93.198876 93.241534 93.284676 93.328304 93.372422 93.417034 93.462144 93.507756 93.553876 93.600509 93.647661 93.695337 93.743545 93.792292 93.841588 93.891439 93.941857 93.992852 94.044435 94.096619 94.149418 94.202845 94.256917 94.311651 94.367064 94.423176 94.480008 94.537582 94.595922 94.655053 94.715002 94.775799 94.837476 94.900066 94.963605 95.028135 95.093697 95.160342 95.228121 95.297094 95.367328 95.438897 95.511886 95.586393 95.662526 95.740412 95.820195 95.902039 95.986133 96.072689 96.16195 96.254186 96.349699 96.448821 96.551914 96.65937 96.7716
93.057225 93.098565 93.140382 93.18268 93.22546 93.268726 93.31248 93.356727 93.401471 93.446714 93.492461 93.538718 93.585489 93.63278 93.680597 93.728947 93.777838 93.827278 93.877276 93.927841 93.978986 94.030721 94.083059 94.136014 94.189602 94.243837 94.298739 94.354326 94.410617 94.467635 94.525402 94.583943 94.643285 94.703455 94.764485 94.826406 94.889252 94.953063 95.017879 95.083743 95.150707 95.218823 95.288152 95.358764 95.430735 95.504153 95.57912 95.655751 95.734181 95.814564 95.897081 95.981938 96.069374 96.159662 96.253111 96.350073 96.450937 96.556132 96.666122 96.7814
93.040273 93.081722 93.123651 93.166063 93.20896 93.252345 93.296221 93.340592 93.38546 93.43083 93.476706 93.523091 93.569992 93.617414 93.665363 93.713846 93.76287 93.812444 93.862576 93.913277 93.964558 94.01643 94.068908 94.122004 94.175736 94.230118 94.285171 94.340913 94.397365 94.454549 94.512491 94.571214 94.630747 94.69112 94.752362 94.814508 94.877593 94.941657 95.006739 95.072888 95.140151 95.208585 95.278251 95.34922 95.421569 95.495391 95.57079 95.647887 95.726825 95.80777 95.890916 95.97649 96.06476 96.156034 96.25067 96.349075 96.451714 96.559101 96.671803 96.790422
93.022912 93.064466 93.106503 93.149025 93.192034 93.235534 93.279527 93.324015 93.369003 93.414493 93.46049 93.506997 93.55402 93.601565 93.649636 93.698241 93.747388 93.797084 93.847338 93.898162 93.949565 94.00156 94.054162 94.107383 94.161242 94.215754 94.270939 94.326817 94.38341 94.440742 94.498838 94.557724 94.617428 94.677983 94.739419 94.801771 94.865077 94.929375 94.994708 95.061124 95.128671 95.197407 95.267393 95.338701 95.411411 95.485615 95.561421 95.638956 95.718369 95.799836 95.883568 95.969812 96.058866 96.151078 96.246861 96.346694 96.451134 96.560809 96.676423 96.798739
93.005143 93.046798 93.088938 93.131566 93.174683 93.218293 93.262397 93.306998 93.352099 93.397703 93.443814 93.490436 93.537573 93.585231 93.633416 93.682134 93.731392 93.781198 93.831562 93.882495 93.934006 93.986109 94.038818 94.092148 94.146115 94.200738 94.256036 94.312031 94.368745 94.426203 94.484432 94.54346 94.603316 94.664032 94.725643 94.788183 94.851691 94.916208 94.981777 95.048445 95.116264 95.18529 95.255585 95.32722 95.400277 95.474849 95.551046 95.628997 95.708858 95.790814 95.875089 95.961954 96.051735 96.144828 96.241707 96.342936 96.449185 96.561234 96.679974 96.806397
92.986964 93.028716 93.070957 93.113686 93.156908 93.200622 93.244832 93.28954 93.334749 93.380461 93.426679 93.473408 93.520652 93.568416 93.616704 93.665524 93.714882 93.764787 93.815248 93.866275 93.91788 93.970075 94.022875 94.076294 94.130352 94.185065 94.240456 94.296546 94.35336 94.410923 94.469263 94.528411 94.588397 94.649255 94.71102 94.773731 94.837425 94.902146 94.967938 95.034849 95.10293 95.172239 95.242838 95.314797 95.388198 95.463133 95.539713 95.618069 95.69836 95.780779 95.865562 95.953001 96.043454 96.137362 96.235268 96.337836 96.445873 96.56035 96.682413 96.813385
92.968377 93.010223 93.052559 93.095387 93.138708 93.182524 93.226835 93.271646 93.316956 93.36277 93.409089 93.455918 93.50326 93.55112 93.599503 93.648414 93.697862 93.747853 93.798398 93.849505 93.901187 93.953457 94.006329 94.05982 94.113947 94.168731 94.224193 94.280356 94.337246 94.39489 94.453319 94.512564 94.572658 94.633636 94.695537 94.7584 94.822265 94.887178 94.953183 95.02033 95.088672 95.158265 95.229171 95.30146 95.375212 95.450519 95.527489 95.606254 95.686974 95.769846 95.855117 95.943094 96.034164 96.128817 96.227665 96.331484 96.441241 96.558142 96.683668 96.819602
92.949382 92.991319 93.033748 93.07667 93.120087 93.163999 93.208408 93.253316 93.298723 93.344633 93.391047 93.437968 93.485401 93.533348 93.581816 93.630809 93.680334 93.730399 93.781013 93.832185 93.883929 93.936256 93.989182 94.042724 94.0969 94.151731 94.20724 94.263452 94.320394 94.378095 94.436588 94.495905 94.556084 94.617161 94.679178 94.742175 94.806198 94.871291 94.937504 95.004886 95.073492 95.143378 95.214606 95.287245 95.361373 95.437078 95.514467 95.593667 95.674839 95.758179 95.843938 95.932438 96.024088 96.119418 96.219114 96.324063 96.435413 96.554643 96.683648 96.824832
92.929981 92.972005 93.014524 93.057538 93.101047 93.145052 93.189554 93.234554 93.280053 93.326053 93.372556 93.419563 93.467078 93.515105 93.563648 93.612711 93.662302 93.712428 93.763097 93.81432 93.866107 93.918474 93.971434 94.025005 94.079207 94.134062 94.189593 94.245828 94.302795 94.360526 94.419056 94.47842 94.538658 94.599811 94.661923 94.725038 94.789205 94.854472 94.92089 94.988513 95.057395 95.127594 95.199173 95.272198 95.346745 95.4229 95.500764 95.580459 95.66214 95.746 95.832289 95.921332 96.013557 96.109524 96.209979 96.315917 96.428667 96.550011 96.682326 96.828779
92.910174 92.952284 92.99489 93.037992 93.08159 93.125685 93.170277 93.215365 93.260951 93.307036 93.353621 93.400708 93.448299 93.496396 93.545005 93.594129 93.643774 93.693947 93.744657 93.795913 93.847727 93.900113 93.953086 94.006664 94.060868 94.115721 94.171247 94.227476 94.28444 94.342171 94.400708 94.460091 94.520362 94.581566 94.643752 94.706968 94.771267 94.836703 94.903329 94.971203 95.040383 95.110929 95.182903 95.256373 95.331411 95.408099 95.486531 95.566824 95.649121 95.733607 95.820526 95.9102 96.003057 96.099677 96.200844 96.307639 96.421556 96.544677 96.679896 96.831236
92.889964 92.932158 92.974849 93.018037 93.061722 93.105903 93.150581 93.195754 93.241423 93.287588 93.33425 93.38141 93.429069 93.477229 93.525894 93.575068 93.624755 93.674962 93.725698 93.776971 93.828793 93.881178 93.934142 93.987703 94.041883 94.096705 94.152197 94.20839 94.265318 94.323018 94.38153 94.4409 94.501174 94.562402 94.624639 94.687938 94.752359 94.81796 94.884802 94.952947 95.022458 95.093399 95.165835 95.239834 95.315467 95.392812 95.471956 95.553007 95.636095 95.721394 95.809132 95.89962 95.993277 96.090678 96.192617 96.300215 96.415085 96.539571 96.677073 96.832486
92.869355 92.91163 92.954404 92.997676 93.041445 93.085711 93.130472 93.175727 93.221475 93.267716 93.31445 93.361677 93.409397 93.457613 93.506325 93.555538 93.605256 93.655484 93.70623 93.757503 93.809314 93.861677 93.914608 93.968126 94.022253 94.077015 94.13244 94.188563 94.24542 94.303052 94.361504 94.420825 94.481069 94.542291 94.604553 94.667917 94.732448 94.798214 94.865283 94.933727 95.003615 95.075017 95.148006 95.22265 95.299024 95.377203 95.457268 95.539315 95.623464 95.709868 95.79874 95.890373 95.985169 96.08368 96.186667 96.295223 96.41098 96.536461 96.675536 96.833972
