WatsonE12E13/2mPRPcon.asc
NCOLS 600
NROWS 370
XLLCORNER 149.806
YLLCORNER -30.2864
CELLSIZE 1e-05
NODATA_VALUE -9999
[rows 216 to 242 of 370, columns 180 to 239 of 600]
81.840328 82.001832 82.043031 82.061654 82.019709 81.875911 81.464964 80.703506 80.900854 80.21544 81.605631 82.295087 82.571054 82.742253 82.875635 83.114118 83.947233 83.890641 82.781939 82.450248 82.54061 82.675272 82.802569 82.873972 82.821145 82.495924 80.959438 78.272601 81.659603 82.407842 82.464336 82.259546 81.88358 81.106891 78.029955 78.018171 81.02173 81.682453 82.011297 82.18617 82.080877 81.602976 80.29799 77.371767 77.860231 77.749072 79.043354 81.355224 82.468875 83.220704 83.81856 84.34013 85.060679 87.447673 87.534555 85.41561 84.804358 84.405003 84.02795 83.676568
81.904802 82.016895 82.018158 81.940774 81.755443 81.415514 80.799825 77.409398 80.248131 81.618092 82.138205 82.486312 82.669686 82.754827 82.767294 83.015748 83.634507 83.65126 83.083968 82.894966 82.896909 82.98981 83.124831 83.182802 83.080172 83.016385 82.030766 81.254116 81.835149 82.097352 81.948442 81.363214 80.679729 80.608159 79.096212 79.156705 81.181218 81.828937 81.996692 81.939992 81.614409 80.924141 79.444067 72.666285 75.81374 80.029045 81.3152 82.386528 83.225318 83.828412 84.285776 84.828599 84.850362 85.324013 85.385081 84.855725 84.455502 84.116214 83.698308 83.12086
81.817982 81.882403 81.793887 81.58074 81.221768 79.919536 80.396084 80.619478 81.324773 82.089287 82.441311 82.604118 82.674792 82.696314 82.33658 82.766184 83.109954 83.169056 83.084117 83.036974 83.071535 83.216809 83.605428 84.040158 83.408647 83.11014 82.521185 82.085583 81.892759 81.706477 81.362002 79.945087 76.361859 79.785659 80.852759 81.158584 81.609357 81.824369 81.771307 81.521978 80.980015 79.287789 79.525896 79.073634 79.712978 81.33423 82.354479 83.18917 84.100432 84.821058 84.726574 84.86695 84.687387 84.629174 84.584239 84.402381 84.162206 83.862641 83.329107 81.899805
81.664724 81.622264 81.341831 80.589111 80.435866 79.867412 80.605322 81.68243 82.145383 82.492334 82.663539 82.596598 82.374475 82.623337 82.714757 82.852049 82.991939 83.042265 83.048373 83.065374 83.135728 83.324528 84.085944 86.6 83.915594 82.90667 82.403627 81.94229 81.379864 80.687288 80.579583 80.052009 78.303039 80.246221 81.337171 81.640319 81.731915 81.64725 81.261501 80.503349 80.376669 79.298711 79.969843 81.04426 81.615211 82.335914 83.053913 83.800471 85.274515 88.141666 85.552567 84.620459 84.414817 84.31482 84.230455 84.10096 83.90998 83.662046 83.219593 81.864409
81.39904 81.139558 80.726064 78.517415 78.567721 81.087698 81.745028 82.262218 82.621084 82.893605 82.983316 82.622719 81.678205 82.529865 82.805835 82.886959 82.933581 82.959271 82.982719 83.027312 83.133692 83.336617 83.540381 83.970468 83.2978 82.568291 81.977168 81.381471 80.318261 76.990031 78.36486 80.534348 80.894038 81.301056 81.636386 81.704652 81.552706 81.216825 80.551906 77.455456 78.965997 80.813024 81.344945 81.879357 82.364651 82.943254 83.695884 84.265171 85.080429 86.667925 85.264462 84.438817 84.188085 84.06927 83.975759 83.860444 83.643503 83.374249 83.30061 82.914711
80.938056 79.932413 79.203394 80.302748 80.717983 81.752322 82.348053 82.761947 83.058377 83.462193 83.947586 83.0974 82.699333 82.747769 82.822034 82.836169 82.827435 82.823689 82.858418 82.931742 83.051694 83.379155 83.181299 82.979533 82.601534 81.980077 81.033971 80.127992 79.69044 76.894122 78.349385 80.828645 81.492565 81.707548 81.72049 81.525741 81.032383 79.899346 80.014087 79.600444 80.205774 81.375131 81.896779 82.271328 82.649365 83.210188 84.557248 85.360528 84.465534 84.560323 84.375081 84.105537 83.932003 83.796574 83.687915 83.62893 83.452989 83.028607 83.317322 83.26025
79.884953 79.750331 79.277568 81.136278 81.845546 82.379927 82.871152 83.442634 83.712915 83.682727 84.018473 83.268216 82.94537 82.833902 82.770149 82.698589 82.609843 82.5289 82.618335 82.903865 82.904901 82.903606 82.774429 82.476455 82.022273 81.26757 79.135838 74.943638 78.739831 80.052156 80.660118 81.410266 81.779877 81.835458 81.575001 80.94823 80.387532 77.990908 79.265605 80.890977 81.359366 81.757333 82.053411 82.323669 82.539677 82.920196 83.874097 84.369898 84.03047 83.947434 83.875077 83.763234 83.632435 83.406776 83.108771 83.263899 83.430989 83.403164 83.407167 83.334715
76.268191 80.320751 81.241478 81.915979 82.453071 82.910531 83.367903 84.60279 85.555368 83.730653 83.367779 83.12312 82.920907 82.763088 82.600656 82.417646 82.203929 81.711698 81.858124 82.640045 82.720299 82.612288 82.386201 81.908327 81.166805 80.559055 78.925694 74.924589 78.952013 80.880067 81.484779 81.814019 81.962796 81.890534 81.336555 79.034738 78.916101 80.321877 80.789905 81.39622 81.663436 81.747693 81.770032 82.037844 82.177285 82.325109 83.180073 83.540376 83.602189 83.573498 83.492395 83.387482 83.294556 82.961034 81.680984 82.673887 83.338933 83.450932 83.417093 83.299825
80.132553 81.229638 82.017045 82.546477 83.000664 83.622543 83.988143 84.086103 84.27005 83.538037 83.190063 82.986394 82.795596 82.576572 82.258046 81.773197 81.581708 80.748408 80.833041 82.208025 82.42428 82.310496 81.988185 81.13575 78.634301 78.437226 80.074088 80.115085 80.799011 81.504741 81.847725 81.994105 82.040049 81.973726 81.606828 80.061461 79.891907 81.112939 81.464102 81.58619 81.567883 81.263167 80.232251 80.909727 82.11541 82.563444 82.980621 83.213517 83.282097 83.231376 83.029011 82.726186 82.785877 82.893274 82.577516 82.949804 83.342962 83.433754 83.361439 83.15644
81.507831 82.0923 82.697049 83.278623 83.605874 84.282234 84.899522 83.705211 83.454017 83.230713 83.028221 82.836649 82.593324 82.263953 81.764621 79.965961 79.963734 81.492738 81.812009 82.152392 82.161015 81.867871 81.484331 80.770404 77.191517 77.127606 80.589021 81.360817 81.688186 81.909301 81.982687 81.9075 81.902409 82.003558 81.970633 81.653048 81.51796 81.638461 81.601147 81.30082 80.9627 80.687924 78.042773 79.596348 81.929825 82.593245 82.874033 82.981437 82.972112 82.869103 82.420182 80.859023 81.552538 82.778033 83.091813 83.268955 83.411674 83.440549 83.305015 82.854013
82.153168 82.752648 83.472039 84.991611 85.070696 83.962962 83.731813 83.385644 83.169002 83.015433 82.865271 82.668321 82.291244 81.529335 81.239241 80.615279 80.666163 81.772892 82.05478 82.063492 81.831196 80.88108 79.776594 80.874417 80.612835 80.690357 81.508028 81.938509 82.076264 82.047024 81.887725 81.242562 80.858491 81.922705 82.116923 82.095741 81.978859 81.794742 81.414823 80.221529 78.133334 80.081444 80.694443 81.275466 82.163175 82.601265 82.748242 82.681379 82.470548 82.389964 82.179164 80.798466 81.493523 82.772241 83.18543 83.367944 83.489194 83.543913 83.383998 82.872064
82.67959 83.661138 84.280961 86.027109 86.011257 83.864728 83.342249 83.106092 82.941824 82.81339 82.691626 82.515604 82.069142 80.048937 79.981759 81.590676 81.863682 82.05655 81.995435 81.684713 81.423167 80.407301 78.505491 81.079154 81.759416 81.984522 82.214731 82.331698 82.245288 81.825456 81.40581 81.193717 80.860594 82.000627 82.300209 82.283668 82.052619 81.547668 80.976852 79.735185 76.02189 79.866503 81.522087 82.075515 82.430371 82.607599 82.589788 82.218708 81.088607 81.083867 82.110539 82.301242 82.558619 82.97463 83.242771 83.409688 83.607537 84.025768 83.773539 83.193697
83.006709 86.24599 86.479505 84.408031 83.999007 83.411344 83.052969 82.835559 82.666108 82.530402 82.459157 82.360555 82.21866 81.640309 81.55301 82.065652 82.227472 82.171151 81.711468 80.123944 80.052358 81.220736 81.386542 81.949015 82.373287 82.590439 82.683893 82.616702 82.350975 81.360301 79.576244 81.648963 82.077653 82.369409 82.48838 82.399379 81.992586 80.54792 78.783585 80.509845 80.61512 81.356757 82.086332 82.433426 82.554256 82.516073 82.389111 81.911336 79.554844 79.560131 81.993672 82.597766 82.858395 83.093542 83.295144 83.424787 83.614683 84.315839 83.940646 83.225542
82.037599 84.79067 85.233457 83.741967 83.270624 82.97141 82.711912 82.480188 82.234962 81.916043 81.972015 82.245917 82.301146 82.354721 82.363781 82.417062 82.370721 82.204377 81.664366 79.202023 79.17776 81.601762 82.230068 82.581245 82.872918 83.092724 83.151247 82.819071 82.215898 82.131245 81.753741 82.238384 82.534951 82.652898 82.649954 82.489289 82.136513 80.750446 78.899233 81.120787 81.899463 82.277211 82.563965 82.678013 82.540866 82.056855 81.81549 82.000882 81.58678 81.630953 82.297134 82.639948 82.845025 83.103196 83.4714 83.544107 83.434135 83.479751 83.313004 82.955627
79.742136 82.550052 83.178871 83.041051 82.81523 82.570975 82.262205 81.903552 81.575193 80.276422 80.393155 82.085825 82.479124 82.632691 82.68039 82.602928 82.261464 81.899129 82.006786 81.607821 81.639619 82.256928 82.691021 83.019936 83.344106 83.746356 84.144131 83.432391 82.386303 82.661463 82.686346 82.752555 82.823914 82.833822 82.764487 82.437863 82.199282 82.117555 81.862988 82.222374 82.59461 82.827052 82.959841 82.928024 82.528554 80.919978 79.890825 81.932096 82.302684 82.378299 82.452646 82.438416 82.509741 82.90653 83.714045 83.758908 83.251155 83.073705 82.856774 82.517401
81.328723 82.196847 82.563894 82.579324 82.420104 82.133133 81.593774 80.461568 80.382573 80.644523 80.96663 82.1881 82.660925 82.877213 82.969935 82.820532 82.116853 81.091121 82.210206 82.402198 82.505511 82.733694 83.024434 83.399204 83.874134 84.513583 87.062499 84.837486 83.42912 83.136671 83.060916 83.031044 82.985365 82.852321 82.806831 82.722993 82.621103 82.751513 82.816071 82.963575 83.139322 83.280738 83.398288 83.361669 82.899471 81.885547 81.422408 82.243291 82.512296 82.498927 82.29249 81.637484 81.161986 82.209346 82.967552 83.122813 82.941019 82.718968 82.408759 81.887805
81.971587 82.215309 82.318581 82.24777 81.998043 81.551416 80.88738 77.637697 77.680334 81.18723 82.025036 82.56729 82.919255 83.195114 83.595915 83.362482 82.765019 82.449657 82.597493 82.7107 82.797081 82.941167 83.187433 83.720683 85.038267 84.875135 85.155875 84.448378 83.671047 83.372972 83.245168 83.168924 83.066241 82.59785 82.591757 83.024625 83.117723 83.218852 83.350853 83.51834 83.662708 83.735981 83.992378 84.374199 83.475911 82.880012 82.627799 82.622138 82.557131 82.386919 82.041583 80.520868 78.120779 81.452696 82.483605 82.67416 82.558173 82.273458 81.852024 81.099341
82.151143 82.199127 82.110061 81.884945 81.445672 80.12218 79.945812 80.193145 80.489252 81.800793 82.518968 82.988444 83.279881 83.479342 84.356802 83.870247 83.131581 82.898933 82.833721 82.815854 82.823885 82.904003 83.048155 83.506854 84.963478 84.698915 84.164893 83.904266 83.626317 83.433066 83.283991 83.117267 83.144451 83.056 83.081071 83.30588 83.459528 83.609488 83.822132 84.172479 84.501688 84.328053 84.206903 84.443521 83.658133 83.205774 82.965052 82.74198 82.342181 81.83768 81.806332 81.42945 80.965689 81.823841 82.306021 82.342688 82.110735 81.595615 80.895215 80.421688
82.242705 82.139368 81.769435 81.129638 80.871224 79.279886 79.312321 81.290195 81.904974 82.45378 82.969668 83.658869 84.203784 83.69789 83.601781 83.446887 83.177933 82.996846 82.85505 82.712023 82.534623 82.520778 82.666755 82.847918 83.712604 83.932324 83.856535 83.723057 83.53994 83.377866 83.25895 82.861504 83.166775 83.35503 83.453586 83.604936 83.792222 84.003655 84.309364 85.171541 87.106239 85.657649 84.275016 83.841331 83.520601 83.278154 83.091039 82.775268 81.869009 79.547177 81.029017 81.941417 82.057483 82.165356 82.160976 81.951059 81.54196 80.527466 77.925751 78.767982
82.326979 82.1039 81.310609 78.269693 79.534636 80.992466 81.377048 82.021911 82.520155 82.952413 83.336875 84.212568 85.618297 83.880984 83.443782 83.289597 83.142983 82.955786 82.676374 82.34444 81.662106 80.672735 82.45073 83.07882 83.521837 83.741583 83.78624 83.692968 83.378434 82.920825 83.222309 83.30951 83.411864 83.550643 83.690331 83.897239 84.221639 84.587109 84.808966 85.613865 88.756346 86.233581 84.24623 83.628069 83.367781 83.278851 83.27848 83.036687 82.179664 80.646566 81.429263 82.15727 82.26646 82.162528 81.837331 81.204078 80.63891 79.924871 76.173733 77.926541
82.441852 82.173965 81.581748 79.736371 80.360643 81.665116 82.155539 82.539569 82.978323 83.662416 83.830468 83.748615 83.88559 83.574117 83.347555 83.22942 83.113811 82.873112 82.174512 81.148342 81.379472 80.62767 82.465105 83.263667 83.633678 83.836405 83.943158 83.890049 83.416287 82.544773 83.231789 83.496577 83.601929 83.718101 83.884073 84.190949 84.916076 86.254076 85.915317 85.144675 85.214916 84.601373 83.753359 83.249514 83.059016 83.215702 83.917435 83.8624 82.877539 82.347231 82.288026 82.348771 82.251426 81.973819 81.328383 79.398301 77.469037 79.757387 80.079446 80.608913
82.620346 81.970452 82.063396 81.797547 81.857066 82.225476 82.581704 82.895557 83.255915 84.402221 84.454088 83.572822 83.428452 83.328261 83.232324 83.167291 83.125907 82.986856 81.951395 78.770351 81.616121 82.49129 83.095688 83.603367 83.943676 84.127329 84.374051 84.705422 83.926923 83.528659 83.547301 83.645103 83.737229 83.863925 84.054114 84.394133 85.49351 89.816957 87.838359 84.916601 84.144875 83.634806 83.060427 82.44543 82.202418 82.757045 83.819115 83.873409 83.074378 82.732005 82.551641 82.372622 82.04779 81.56321 80.983054 78.671345 75.348963 79.828651 81.281018 81.807318
83.239758 82.484858 82.369472 82.307276 82.331995 82.532079 82.952984 83.449282 83.347808 83.529585 83.569567 83.359244 83.244043 83.159325 83.076308 83.015386 83.122257 83.644694 83.161651 82.277765 82.669147 83.204838 83.642988 84.125575 84.664801 84.748744 84.596962 84.779561 84.119443 83.811525 83.738976 83.765173 83.848688 84.023937 84.324414 84.522171 84.952578 86.142161 85.619951 84.247356 83.468858 82.907823 82.255454 80.710203 79.220102 81.60118 82.799805 83.070214 82.94045 82.752068 82.538675 82.241605 81.593457 80.079751 80.378296 80.618228 80.348522 81.24838 82.004982 82.402234
84.058992 82.895092 82.564522 82.407735 82.332346 82.49813 83.115444 84.310913 83.41191 83.229654 83.221326 83.171555 83.081971 82.949297 82.802022 82.480222 82.64205 83.425031 83.41339 83.278299 83.445266 83.766871 84.156552 84.796872 86.739239 86.733084 84.825153 84.314853 84.041627 83.877371 83.826099 83.852739 83.939189 84.189476 85.119724 85.152683 84.427432 84.350429 84.042373 83.397682 82.615578 81.904426 81.494115 79.870761 77.338884 81.069352 82.426874 82.784709 82.804035 82.649235 82.342162 81.972809 81.391233 79.170239 80.077059 81.485397 81.844868 82.210322 82.599505 82.875595
83.475779 82.834796 82.511267 82.23238 81.666221 81.769663 82.64436 83.118435 83.107502 83.067941 83.069548 83.045255 82.912304 82.526518 82.217711 82.102345 82.270174 83.206347 83.529942 83.739174 83.98835 84.340095 84.82677 85.200617 86.81832 86.798624 84.825003 84.210154 83.978535 83.879214 83.874905 83.965614 84.062328 84.162481 84.718459 84.704086 84.024445 83.680367 83.303292 82.662295 81.292738 79.050534 80.155382 81.004876 81.047519 81.839643 82.45839 82.708053 82.726886 82.521874 81.857777 80.867495 81.461534 81.420286 81.624959 82.12116 82.444702 82.726013 83.102086 83.574957
82.895433 82.532324 82.216929 81.966509 80.740619 80.783392 82.321981 82.74525 82.872799 82.915028 82.949277 82.983466 82.871323 81.80831 79.825521 82.284576 82.956447 83.4473 83.858294 84.27378 84.638451 85.019426 86.50891 85.870536 85.151621 84.901365 84.382662 84.050476 83.901297 83.854722 83.907588 84.239439 84.657725 84.112136 83.983666 83.860334 83.567327 83.213867 82.781316 82.162845 80.430213 75.11866 78.882732 81.334357 81.92756 82.283184 82.556722 82.706484 82.727074 82.533192 81.720248 80.06597 81.513624 82.0829 82.302339 82.551128 82.795085 83.013752 83.381184 84.286442
82.530031 82.022842 81.125594 81.551243 81.783691 81.942413 82.377711 82.609643 82.698242 82.722229 82.759679 82.977693 83.495217 82.692418 81.84356 82.726164 83.340215 83.800276 84.344788 85.28838 86.245512 85.694558 85.934589 85.439984 84.608657 84.25565 84.004675 83.85322 83.819438 83.844386 83.880868 84.191125 84.62144 83.961688 83.659566 83.460529 83.191363 82.74818 82.05524 81.705922 81.249883 80.224817 80.810362 81.737232 82.170073 82.410407 82.579741 82.712071 82.85266 82.782632 82.339342 81.964492 82.119791 82.338914 82.519032 82.770145 83.09612 83.229656 83.311959 83.505888
