WatsonE12E13/2mPRPcon.asc
NCOLS 600
NROWS 370
XLLCORNER 149.806
YLLCORNER -30.2864
CELLSIZE 1e-05
NODATA_VALUE -9999
[rows 0 to 26 of 370, columns 180 to 239 of 600]
96.593376 96.675729 96.759609 96.84505 96.932083 97.020731 97.111009 97.202918 97.296445 97.391554 97.488185 97.586246 97.685609 97.786099 97.88749 97.989499 98.091779 98.193921 98.295455 98.395866 98.494614 98.591182 98.685143 98.776244 98.864529 98.950457 99.035006 99.1197 99.206492 99.297434 99.394106 99.496885 99.604279 99.71261 99.816321 99.908919 99.98432 100.03815 100.06853 100.07623 100.06404 100.03596 99.996288 99.94897 99.897278 99.843689 99.78994 99.73717 99.686072 99.637027 99.590223 99.545733 99.503562 99.463686 99.426062 99.390638 99.357357 99.32615 99.296945 99.269657
96.61835 96.702831 96.789003 96.876917 96.966618 97.058148 97.151537 97.246806 97.343958 97.442977 97.543815 97.646393 97.750584 97.85621 97.963025 98.070711 98.178862 98.286979 98.394468 98.500647 98.604765 98.706054 98.803808 98.897516 98.98704 99.072841 99.156225 99.239502 99.325962 99.419478 99.523608 99.640259 99.768257 99.902502 100.03429 100.15297 100.24843 100.31352 100.34558 100.34639 100.32099 100.27595 100.21783 100.15226 100.08352 100.01457 99.94726 99.882638 99.821193 99.763083 99.708284 99.65669 99.60817 99.562593 99.519838 99.479795 99.442359 99.407426 99.374886 99.344624
96.642776 96.729449 96.817993 96.908475 97.00096 97.095511 97.19218 97.291012 97.392034 97.495254 97.600647 97.708154 97.81766 97.92899 98.041888 98.156001 98.270862 98.385872 98.500286 98.613205 98.72359 98.830297 98.932168 99.028196 99.11779 99.201158 99.279775 99.356862 99.437644 99.529044 99.638394 99.771012 99.92717 100.0999 100.2752 100.43496 100.56177 100.64366 100.67693 100.66579 100.61961 100.54945 100.46542 100.37541 100.28483 100.19697 100.11356 100.03526 99.962148 99.89398 99.830405 99.771064 99.715641 99.663879 99.615566 99.570531 99.528619 99.489686 99.453585 99.420167
96.666596 96.755525 96.846519 96.939667 97.035056 97.132772 97.232899 97.335509 97.440663 97.548402 97.658736 97.771636 97.887015 98.004713 98.124476 98.245929 98.368549 98.491634 98.614268 98.735291 98.853282 98.966567 99.073291 99.171593 99.259946 99.337738 99.406111 99.469007 99.534165 99.613392 99.721101 99.870099 100.06503 100.29676 100.54197 100.76883 100.94617 101.05319 101.08519 101.05214 100.97207 100.86388 100.74304 100.62024 100.50184 100.39098 100.28873 100.19493 100.10889 100.02974 99.956649 99.888929 99.826041 99.767583 99.713254 99.662819 99.61608 99.57285 99.532947 99.49618
96.689749 96.780998 96.874523 96.970436 97.068851 97.169884 97.273653 97.380268 97.489834 97.602437 97.718136 97.836949 97.958836 98.083675 98.211235 98.341139 98.472829 98.60551 98.738093 98.869127 98.996729 99.118525 99.231651 99.33287 99.418939 99.487366 99.537726 99.57366 99.605404 99.651951 99.740636 99.900781 100.14916 100.47454 100.83651 101.17733 101.4391 101.58365 101.60637 101.5313 101.39416 101.22749 101.05418 100.88766 100.73431 100.59603 100.47226 100.36134 100.26132 100.17041 100.08714 100.01043 99.939496 99.873788 99.812931 99.756641 99.704679 99.656826 99.612857 99.572538
96.712176 96.80581 96.901948 97.000726 97.102292 97.206797 97.3144 97.42526 97.539536 97.657374 97.778901 97.904207 98.033324 98.166198 98.302656 98.442358 98.584746 98.72897 98.873798 99.017497 99.157679 99.291131 99.413641 99.519935 99.603888 99.659318 99.681737 99.671545 99.639308 99.612643 99.640872 99.790023 100.11203 100.59261 101.1567 101.69885 102.10901 102.30868 102.29918 102.14024 101.90479 101.64786 101.40046 101.17671 100.98059 100.81066 100.66322 100.53406 100.41939 100.31617 100.22218 100.13587 100.05624 99.982647 99.914664 99.851985 99.794349 99.741502 99.693178 99.649091
96.733822 96.829907 96.928739 97.030487 97.135333 97.24347 97.355105 97.470458 97.589756 97.713225 97.841084 97.973523 98.110684 98.252624 98.399278 98.550399 98.705493 98.86373 99.023814 99.18381 99.340884 99.490947 99.628197 99.744612 99.829652 99.870678 99.854727 99.77239 99.626425 99.449122 99.320689 99.38206 99.811305 100.56597 101.4881 102.39071 103.09439 103.36325 103.26117 102.92819 102.52246 102.12871 101.77937 101.48328 101.23705 101.03243 100.86032 100.71272 100.58331 100.46754 100.36233 100.26575 100.17667 100.0944 100.01856 99.948848 99.885002 99.826738 99.773741 99.72566
96.754633 96.853238 96.954852 97.059677 97.167935 97.279868 97.395742 97.515846 97.640493 97.770013 97.904744 98.045017 98.191132 98.343318 98.501686 98.666168 98.836431 99.011781 99.191012 99.37218 99.552232 99.726425 99.887441 100.02409 100.11972 100.15138 100.09107 99.908022 99.574462 99.103831 98.615829 98.29642 98.910019 100.27433 101.80343 103.16517 104.83037 104.94782 104.67052 103.9398 103.25584 102.66436 102.18115 101.79871 101.49775 101.25805 101.06236 100.89746 100.75395 100.62562 100.50867 100.40096 100.30139 100.20942 100.12477 100.04722 99.976519 99.912351 99.85433 99.802019
96.774567 96.875764 96.980252 97.088268 97.200078 97.315979 97.436304 97.561426 97.691762 97.827771 97.969949 98.118817 98.274896 98.43867 98.610526 98.790689 98.979125 99.175449 99.378783 99.587526 99.798899 100.00816 100.20727 100.38256 100.5103 100.55187 100.45512 100.15759 99.554934 98.508472 97.328182 95.911424 95.75455 100.12569 101.7496 103.36465 106.81448 107.29857 106.61032 105.15284 104.09976 103.23155 102.58507 102.10896 101.75478 101.48421 101.26902 101.08965 100.93338 100.79257 100.66305 100.54287 100.43131 100.32819 100.23347 100.14705 100.06872 99.998086 99.934664 99.877889
96.793589 96.897461 97.004923 97.116255 97.231768 97.35182 97.47682 97.607237 97.743613 97.886567 98.036796 98.195073 98.362227 98.539107 98.72652 98.925145 99.135436 99.357538 99.591229 99.835801 100.08963 100.34921 100.60776 100.85266 101.05674 101.15814 101.05639 100.67079 99.860702 97.797139 94.228057 95.254731 95.376731 99.462523 101.48767 103.13881 104.75273 106.48578 107.17198 106.96983 104.9838 103.77333 102.95768 102.3957 102.00007 101.70937 101.48247 101.29316 101.12581 100.97211 100.82834 100.69347 100.56762 100.45127 100.34478 100.24821 100.16131 100.08359 100.01438 99.952923
96.81168 96.918322 97.028878 97.143667 97.263053 97.387458 97.517372 97.653376 97.796158 97.946527 98.105434 98.273981 98.453416 98.64511 98.850494 99.070953 99.307687 99.561636 99.833593 100.12451 100.43545 100.76624 101.11382 101.47439 101.84038 102.13678 102.10483 101.57481 101.02768 99.11362 94.537062 96.437774 98.398635 100.10614 101.55976 102.79036 103.95177 105.17769 106.97416 107.17615 105.64877 104.21912 103.25839 102.64069 102.22924 101.93686 101.70978 101.51613 101.33878 101.17028 101.00887 100.85546 100.71176 100.57924 100.45873 100.35039 100.25385 100.16836 100.09298 100.02669
96.82884 96.938368 97.05216 97.170578 97.294038 97.423027 97.558126 97.700037 97.84961 98.007882 98.176115 98.355826 98.548828 98.75723 98.983404 99.22985 99.498949 99.792747 100.11324 100.46383 100.85113 101.28309 101.76122 102.28965 102.94351 103.83728 104.32617 103.03333 101.85231 101.0786 99.119335 99.058587 99.922044 100.89701 101.85982 102.77974 103.69427 104.68813 105.94033 108.23207 106.3583 104.47184 103.44639 102.83465 102.44793 102.17963 101.96662 101.77369 101.58484 101.3963 101.21058 101.03221 100.86525 100.71244 100.57499 100.45296 100.3456 100.2517 100.16986 100.09865
96.84509 96.957652 97.074863 97.197126 97.324909 97.458767 97.599372 97.747554 97.904344 98.071038 98.249263 98.441059 98.64897 98.876132 99.126335 99.403933 99.713405 100.05852 100.44208 100.86919 101.35646 101.93686 102.6274 103.37541 104.29569 106.45467 110.12119 106.6376 102.76464 101.48504 100.71559 100.57818 100.95381 101.56452 102.27044 103.02038 103.81436 104.70037 105.82567 106.91282 105.84875 104.41861 103.51305 102.99122 102.68012 102.46691 102.28273 102.09192 101.88386 101.66339 101.44117 101.22741 101.02929 100.85066 100.6927 100.55485 100.4355 100.33266 100.24422 100.16818
96.86048 96.976271 97.09714 97.223532 97.355966 97.495061 97.641581 97.796483 97.960992 98.136686 98.325615 98.530442 98.754631 99.002685 99.280466 99.595462 99.956422 100.37117 100.84257 101.37006 101.97672 102.7655 103.89511 105.15997 105.81123 107.52446 112.75818 108.38436 103.66244 102.04971 101.46611 101.38892 101.65567 102.14243 102.76583 103.48409 104.28562 105.22615 106.26684 107.63145 105.6266 104.2163 103.51114 103.15665 102.97674 102.85398 102.71128 102.51442 102.26609 101.9894 101.70942 101.4442 101.20391 100.99254 100.81007 100.65429 100.52206 100.41004 100.31512 100.23455
96.875092 96.99437 97.119219 97.250127 97.387658 97.532492 97.685478 97.847698 98.020571 98.205972 98.406418 98.625299 98.867185 99.138266 99.447147 99.806243 100.23313 100.74818 101.36051 102.04381 102.76818 103.72199 105.64293 109.15129 109.16726 106.71799 106.67135 105.2475 103.27797 102.24509 101.86912 101.88911 102.18746 102.70265 103.39251 104.23134 105.26877 106.17435 108 105.91037 104.71345 103.90867 103.52165 103.40838 103.42602 103.44142 103.34726 103.11434 102.77557 102.39588 102.02333 101.68343 101.38682 101.13486 100.924 100.74873 100.60326 100.48233 100.38146 100.29697
96.889043 97.012155 97.141425 97.277383 97.420637 97.571919 97.732152 97.902538 98.08468 98.28075 98.493757 98.727924 98.989144 99.285564 99.628775 100.0372 100.54362 101.20318 102.07604 103.1168 104.01505 104.70579 106.58728 112.29605 112.22093 106.38144 104.46684 103.50353 102.69921 102.2245 102.09747 102.25656 102.66236 103.32556 104.30096 105.37874 107.29935 108.4679 106.05329 104.8987 104.05427 103.67359 103.65371 103.85086 104.17392 104.42598 104.36664 104.01954 103.46905 102.90282 102.38577 101.94064 101.5716 101.27167 101.02977 100.83467 100.67665 100.54783 100.44208 100.35464
96.902481 97.029897 97.164196 97.305957 97.455825 97.614574 97.783195 97.963007 98.155788 98.363979 98.59106 98.842188 99.125 99.450195 99.831997 100.29204 100.8777 101.70879 103.03713 105.11436 106.96022 106.44175 105.9725 107.3835 107.12689 104.78609 103.40037 102.71737 102.33772 102.19161 102.27654 102.59643 103.16663 104.0318 105.81547 108.27202 107.12877 107.10896 104.97557 104.00293 103.58974 103.57982 104.02454 104.63819 105.41652 106.21875 106.14495 105.44931 104.38219 103.51673 102.78702 102.20165 101.74571 101.39362 101.12095 100.9079 100.73952 100.60483 100.49587 100.40686
96.915587 97.047937 97.188107 97.336735 97.494499 97.662201 97.8409 98.032051 98.237641 98.460345 98.703949 98.974484 99.282124 99.642536 100.07456 100.59491 101.23552 102.15541 103.92356 108.04775 114.29496 110.30579 105.76107 104.60681 104.03778 103.23703 102.60485 102.26441 102.14971 102.22549 102.48786 102.98107 103.88108 104.91833 106.31459 110.28444 106.35508 104.68499 103.82584 103.35169 103.28444 103.6405 104.2156 105.42719 105.84708 107.04094 109.05058 106.91548 105.51796 104.22167 103.192 102.43721 101.88922 101.48819 101.19 100.96398 100.78929 100.65181 100.54195 100.45307
96.928556 97.06668 97.213886 97.370901 97.538428 97.717269 97.908542 98.113933 98.335839 98.577271 98.841916 99.135704 99.471658 99.876783 100.39052 101.03134 101.73684 102.50579 103.96229 107.85923 114.18875 110.06312 105.08083 103.373 102.7125 102.31186 102.06964 102.00026 102.09914 102.37516 102.83416 103.41973 104.76584 107.51251 105.36907 105.16238 104.33056 103.48686 103.01095 102.87795 103.01529 103.65847 103.73113 104.10361 104.63283 105.42944 106.46421 108.09453 107.02162 104.88493 103.51875 102.60043 101.97637 101.54159 101.2297 100.99922 100.82411 100.68786 100.57983 100.49301
96.941568 97.086569 97.242423 97.410015 97.590072 97.783309 97.990832 98.214738 98.458497 98.726365 99.021683 99.346828 99.712517 100.16324 100.80647 101.77867 102.89243 103.29174 103.4631 104.73266 106.23356 105.27093 103.43342 102.40336 101.94615 101.76216 101.75334 101.9026 102.19586 102.68775 103.64821 104.39409 104.33498 105.15467 104.18343 103.53564 103.13437 102.74848 102.37598 102.434 102.91797 102.93139 103.12685 103.4202 103.91672 104.64217 105.67739 107.1627 107.56096 105.25463 103.65032 102.6378 101.98284 101.54294 101.23548 101.01197 100.84358 100.713 100.60964 100.52676
96.95474 97.108028 97.274735 97.456093 97.652893 97.865557 98.094811 98.343199 98.616768 98.924616 99.2729 99.654345 100.05343 100.50956 101.2449 102.82903 105.7637 105.82103 103.45612 102.86218 102.90067 102.58532 102.01289 101.58972 101.40347 101.41093 101.60025 102.0049 102.56391 103.09108 104.65622 106.90487 104.00522 103.36535 103.09538 102.87096 102.69539 102.49594 102.16085 102.10273 102.35605 102.468 102.65155 102.9951 103.55785 104.40554 105.67603 107.75274 107.26781 105.07116 103.49391 102.5166 101.89751 101.48965 101.20818 101.00407 100.84941 100.72847 100.63214 100.55477
96.968041 97.131322 97.311832 97.511616 97.731799 97.972173 98.231893 98.51273 98.8251 99.192521 99.642358 100.16425 100.65301 101.01305 101.51932 103.05077 106.81052 106.79915 103.15282 101.85082 101.48231 101.2758 101.08752 100.98344 101.01283 101.18532 101.54897 102.34718 103.92051 104.08358 103.65039 103.98676 103.14647 102.76941 102.74328 102.8068 102.99149 102.587 102.31819 102.01029 101.96263 102.03739 102.25516 102.6815 103.41037 104.52331 106.35152 107.64189 106.58635 104.37745 103.06936 102.25102 101.73127 101.39154 101.15637 100.98202 100.84584 100.73673 100.64867 100.57769
96.981189 97.156336 97.354359 97.579236 97.833527 98.11642 98.422787 98.747948 99.103843 99.543852 100.17431 101.08425 102.00765 102.16461 101.81403 102.10671 103.17082 103.08914 101.77823 100.96454 100.63187 100.50166 100.47323 100.55186 100.76517 101.09941 101.52061 102.43993 105.39756 105.40293 102.94075 102.55635 102.48172 102.63285 103.00731 103.44939 103.3947 102.5883 101.98242 101.65935 101.53289 101.57981 101.83878 102.37114 103.35405 105.37464 106.09201 106.14293 104.6108 103.40481 102.4999 101.89399 101.51471 101.27309 101.09912 100.95834 100.83958 100.74104 100.66079 100.59622
96.993572 97.182245 97.401869 97.660692 97.966123 98.319548 98.708313 99.104866 99.498435 99.973575 100.80795 102.56372 105.38372 105.33858 102.66314 101.42974 101.17888 100.95468 100.52276 100.16637 99.986441 99.942904 100.01269 100.22699 100.67723 101.42295 101.81457 101.90278 102.69265 102.75564 102.14274 102.06306 102.32627 102.9435 104.17307 104.08938 102.73558 101.96238 101.45784 101.14385 100.97543 100.96172 101.26389 102.01751 102.79103 104.9331 104.74667 103.98161 103.27329 102.5497 101.90997 101.48416 101.29205 101.18318 101.07372 100.95447 100.83789 100.74397 100.66974 100.61083
97.004343 97.20728 97.451723 97.754149 98.135099 98.611027 99.168797 99.726081 100.15844 100.51257 101.256 103.55385 109.28432 109.23127 103.28262 100.97445 100.22702 99.903262 99.676798 99.522352 99.458011 99.482841 99.607569 99.901708 100.59079 102.41704 103.34313 101.56865 101.38888 101.46168 101.56636 101.95153 102.57287 103.25232 104.01484 102.76644 101.87403 101.24173 100.79461 100.47869 100.22607 99.892549 100.00454 101.45762 102.45376 102.76376 103.00993 102.81648 102.4911 102.01007 101.26212 100.88689 101.18179 101.23373 101.16853 101.00599 100.8365 100.74521 100.67659 100.62167
97.012914 97.229093 97.498332 97.849857 98.331848 99.012507 99.940721 100.97581 101.58316 101.46858 101.41686 102.5192 105.08226 104.92363 101.92613 100.22262 99.513138 99.207309 99.063158 99.005665 99.015813 99.086591 99.216806 99.476312 100.07264 101.26048 101.75803 100.95898 100.80917 100.93574 101.26157 102.11784 103.58286 102.63365 102.08546 101.53468 100.9437 100.42481 99.961204 99.588793 99.312023 98.15113 96.278172 99.921399 101.42218 101.95169 102.2437 102.34956 102.38099 102.29094 100.46445 99.401897 101.12174 101.26911 101.55543 100.99457 100.78075 100.74915 100.68459 100.62834
97.020152 97.246682 97.535066 97.927758 98.513613 99.473562 101.13001 103.67145 105.3554 103.75933 101.79196 101.19424 101.37175 101.06572 100.09529 99.278609 98.827848 98.625629 98.562715 98.577435 98.644761 98.770901 98.938762 99.059048 99.407809 99.895861 100.19847 100.31269 100.53005 100.69961 100.86218 101.9 101.97969 101.46447 100.96519 100.48148 99.994728 99.495167 98.813981 97.960065 98.124581 98.136101 97.517533 99.680392 100.99215 101.68218 102.2045 102.67211 102.78495 104.3 101.53222 100.44214 100.82441 100.95227 100.97994 100.6328 100.77293 100.81134 100.69864 100.62766
