WatsonE12E13/2mPRPcon.asc
NCOLS 600
NROWS 370
XLLCORNER 149.806
YLLCORNER -30.2864
CELLSIZE 1e-05
NODATA_VALUE -9999
[rows 27 to 53 of 370, columns 480 to 539 of 600]
94.063405 94.043256 94.023235 94.003342 93.983575 93.963934 93.944418 93.925028 93.905761 93.886618 93.867598 93.8487 93.829923 93.811268 93.792733 93.774317 93.756021 93.737842 93.719782 93.701839 93.684012 93.666301 93.648705 93.631223 93.613856 93.596601 93.579459 93.562429 93.54551 93.528702 93.512003 93.495414 93.478933 93.462561 93.446295 93.430137 93.414084 93.398137 93.382294 93.366556 93.350921 93.335388 93.319958 93.304629 93.289401 93.274273 93.259245 93.244315 93.229484 93.21475 93.200114 93.185573 93.171129 93.156779 93.142524 93.128363 93.114294 93.100319 93.086435 93.072642
94.060848 94.04063 94.020541 94.000581 93.980748 93.961043 93.941465 93.922013 93.902685 93.883483 93.864405 93.845449 93.826617 93.807907 93.789318 93.77085 93.752502 93.734273 93.716163 93.698171 93.680297 93.66254 93.644898 93.627372 93.609961 93.592664 93.57548 93.55841 93.541451 93.524604 93.507868 93.491241 93.474725 93.458317 93.442017 93.425825 93.409739 93.39376 93.377886 93.362117 93.346453 93.330892 93.315433 93.300077 93.284822 93.269669 93.254615 93.239661 93.224806 93.21005 93.195391 93.180829 93.166363 93.151993 93.137718 93.123538 93.109451 93.095457 93.081556 93.067747
94.058168 94.037881 94.017725 93.997699 93.977802 93.958033 93.938392 93.918879 93.899491 93.88023 93.861094 93.842082 93.823195 93.80443 93.785788 93.767267 93.748868 93.73059 93.712431 93.694391 93.67647 93.658667 93.64098 93.62341 93.605956 93.588617 93.571393 93.554282 93.537284 93.520399 93.503625 93.486962 93.47041 93.453967 93.437634 93.421408 93.405291 93.38928 93.373376 93.357577 93.341883 93.326294 93.310808 93.295425 93.280145 93.264966 93.249888 93.23491 93.220032 93.205253 93.190572 93.175989 93.161503 93.147113 93.132819 93.11862 93.104515 93.090504 93.076586 93.062761
94.055365 94.035011 94.014788 93.994696 93.974734 93.954902 93.935199 93.915625 93.896178 93.876858 93.857665 93.838597 93.819655 93.800836 93.782141 93.763569 93.74512 93.726791 93.708584 93.690497 93.67253 93.654681 93.63695 93.619337 93.60184 93.58446 93.567195 93.550044 93.533008 93.516085 93.499274 93.482576 93.465989 93.449512 93.433145 93.416887 93.400738 93.384696 93.368762 93.352934 93.337212 93.321595 93.306082 93.290673 93.275367 93.260163 93.245061 93.23006 93.21516 93.200359 93.185657 93.171053 93.156547 93.142138 93.127825 93.113608 93.099486 93.085459 93.071525 93.057684
94.052439 94.032016 94.011727 93.991569 93.971544 93.951649 93.931885 93.91225 93.892745 93.873367 93.854117 93.834993 93.815996 93.797124 93.778377 93.759754 93.741255 93.722877 93.704622 93.686488 93.668475 93.650581 93.632807 93.615151 93.597612 93.580191 93.562886 93.545697 93.528622 93.511662 93.494815 93.478081 93.46146 93.444949 93.428549 93.41226 93.396079 93.380008 93.364044 93.348187 93.332437 93.316793 93.301254 93.285819 93.270489 93.255261 93.240136 93.225112 93.210189 93.195367 93.180644 93.166021 93.151496 93.137068 93.122737 93.108503 93.094364 93.08032 93.06637 93.052515
94.049387 94.028897 94.008541 93.988319 93.96823 93.948274 93.928448 93.908754 93.88919 93.869754 93.850448 93.83127 93.812219 93.793294 93.774495 93.755821 93.737272 93.718847 93.700544 93.682364 93.664305 93.646367 93.628549 93.610851 93.593271 93.57581 93.558465 93.541238 93.524126 93.507129 93.490246 93.473478 93.456822 93.440279 93.423847 93.407526 93.391315 93.375214 93.359221 93.343336 93.327559 93.311888 93.296324 93.280864 93.265509 93.250258 93.23511 93.220064 93.20512 93.190277 93.175534 93.160891 93.146347 93.131902 93.117554 93.103302 93.089147 93.075088 93.061123 93.047253
94.046208 94.025652 94.005231 93.984945 93.964793 93.944774 93.924888 93.905135 93.885512 93.86602 93.846658 93.827425 93.80832 93.789344 93.770494 93.75177 93.733172 93.714698 93.696349 93.678123 93.660019 93.642038 93.624177 93.606437 93.588817 93.571315 93.553932 93.536667 93.519518 93.502485 93.485567 93.468764 93.452075 93.4355 93.419036 93.402684 93.386444 93.370313 93.354292 93.33838 93.322576 93.30688 93.29129 93.275806 93.260427 93.245153 93.229983 93.214916 93.199951 93.185088 93.170326 93.155664 93.141102 93.126639 93.112274 93.098007 93.083836 93.069762 93.055783 93.041899
94.042902 94.02228 94.001794 93.981444 93.961229 93.941149 93.921204 93.901391 93.881711 93.862163 93.842745 93.823458 93.804301 93.785272 93.766372 93.747598 93.728952 93.710431 93.692035 93.673764 93.655616 93.637592 93.619689 93.601908 93.584247 93.566707 93.549285 93.531982 93.514797 93.497729 93.480777 93.463941 93.447219 93.430611 93.414117 93.397735 93.381465 93.365306 93.349257 93.333318 93.317488 93.301767 93.286152 93.270645 93.255243 93.239946 93.224755 93.209667 93.194682 93.179799 93.165018 93.150339 93.135759 93.121279 93.106898 93.092615 93.07843 93.064341 93.050348 93.036451
94.039468 94.018779 93.998229 93.977816 93.957539 93.937399 93.917393 93.897523 93.877785 93.858181 93.838709 93.819369 93.800159 93.781079 93.762128 93.743306 93.724612 93.706044 93.687603 93.669287 93.651095 93.633028 93.615084 93.597262 93.579562 93.561983 93.544524 93.527184 93.509963 93.49286 93.475875 93.459005 93.442251 93.425612 93.409088 93.392676 93.376378 93.360191 93.344115 93.32815 93.312295 93.296548 93.28091 93.265379 93.249955 93.234637 93.219424 93.204316 93.189311 93.17441 93.159611 93.144914 93.130317 93.115821 93.101425 93.087127 93.072927 93.058825 93.044819 93.030909
94.035904 94.01515 93.994535 93.97406 93.953722 93.933521 93.913457 93.893528 93.873734 93.854075 93.834549 93.815155 93.795894 93.776763 93.757763 93.738892 93.72015 93.701537 93.68305 93.66469 93.646456 93.628346 93.610361 93.5925 93.57476 93.557143 93.539647 93.522272 93.505016 93.487878 93.470859 93.453957 93.437172 93.420503 93.403948 93.387508 93.371181 93.354967 93.338865 93.322874 93.306994 93.291224 93.275562 93.260009 93.244563 93.229224 93.213991 93.198863 93.18384 93.16892 93.154104 93.139389 93.124777 93.110265 93.095853 93.081541 93.067328 93.053212 93.039194 93.025272
94.032209 94.01139 93.990712 93.970174 93.949775 93.929515 93.909392 93.889406 93.869557 93.849842 93.830263 93.810817 93.791504 93.772323 93.753274 93.734356 93.715567 93.696908 93.678376 93.659973 93.641696 93.623545 93.60552 93.587619 93.569841 93.552187 93.534654 93.517243 93.499953 93.482782 93.46573 93.448796 93.43198 93.415281 93.398697 93.382229 93.365875 93.349634 93.333506 93.317491 93.301586 93.285792 93.270108 93.254533 93.239066 93.223706 93.208454 93.193307 93.178265 93.163328 93.148495 93.133765 93.119136 93.10461 93.090184 93.075858 93.061632 93.047504 93.033473 93.01954
94.028383 94.007499 93.986758 93.966158 93.945699 93.925379 93.905199 93.885156 93.865251 93.845483 93.82585 93.806352 93.786989 93.767758 93.748661 93.729695 93.71086 93.692156 93.673581 93.655134 93.636816 93.618624 93.600559 93.582619 93.564804 93.547113 93.529544 93.512098 93.494774 93.47757 93.460486 93.443522 93.426675 93.409946 93.393334 93.376838 93.360457 93.344191 93.328038 93.311998 93.29607 93.280253 93.264547 93.248951 93.233463 93.218084 93.202812 93.187647 93.172588 93.157634 93.142785 93.128039 93.113396 93.098855 93.084415 93.070076 93.055837 93.041698 93.027656 93.013713
94.024423 94.003476 93.982672 93.962011 93.941492 93.921114 93.900876 93.880777 93.860817 93.840995 93.82131 93.801761 93.782347 93.763068 93.743922 93.72491 93.70603 93.687281 93.668662 93.650174 93.631814 93.613582 93.595478 93.5775 93.559647 93.54192 93.524316 93.506836 93.489479 93.472242 93.455127 93.438132 93.421256 93.404498 93.387859 93.371335 93.354928 93.338637 93.322459 93.306396 93.290445 93.274606 93.258879 93.243262 93.227755 93.212356 93.197066 93.181883 93.166807 93.151837 93.136972 93.122211 93.107554 93.092999 93.078547 93.064196 93.049945 93.035794 93.021742 93.007789
94.020329 93.999319 93.978453 93.957731 93.937153 93.916717 93.896422 93.876268 93.856253 93.836378 93.816641 93.797041 93.777578 93.75825 93.739058 93.719999 93.701074 93.682281 93.66362 93.64509 93.626689 93.608418 93.590275 93.572259 93.55437 93.536607 93.518969 93.501456 93.484065 93.466798 93.449652 93.432627 93.415722 93.398936 93.382269 93.36572 93.349287 93.332971 93.31677 93.300683 93.28471 93.26885 93.253102 93.237465 93.221939 93.206522 93.191214 93.176015 93.160922 93.145936 93.131056 93.116281 93.101611 93.087043 93.072578 93.058216 93.043954 93.029792 93.015731 93.001768
94.0161 93.995027 93.9741 93.953318 93.932681 93.912187 93.891836 93.871627 93.851558 93.831631 93.811842 93.792192 93.77268 93.753305 93.734066 93.714962 93.695992 93.677156 93.658453 93.639881 93.621441 93.60313 93.58495 93.566897 93.548972 93.531175 93.513503 93.495956 93.478534 93.461235 93.444059 93.427005 93.410072 93.393259 93.376565 93.35999 93.343533 93.327192 93.310968 93.294859 93.278865 93.262984 93.247216 93.23156 93.216015 93.200581 93.185256 93.17004 93.154932 93.139931 93.125037 93.110249 93.095565 93.080985 93.066509 93.052135 93.037863 93.023692 93.009621 92.995649
94.011735 93.990599 93.969611 93.94877 93.928074 93.907523 93.887117 93.866853 93.846732 93.826752 93.806913 93.787213 93.767653 93.74823 93.728945 93.709796 93.690783 93.671904 93.653159 93.634548 93.616068 93.597719 93.579501 93.561412 93.543452 93.52562 93.507915 93.490337 93.472883 93.455554 93.438348 93.421266 93.404305 93.387465 93.370746 93.354146 93.337665 93.321301 93.305054 93.288924 93.272908 93.257007 93.24122 93.225546 93.209983 93.194532 93.179191 93.163959 93.148836 93.133821 93.118914 93.104112 93.089416 93.074825 93.060338 93.045954 93.031672 93.017492 93.003412 92.989433
94.007232 93.986035 93.964986 93.944086 93.923333 93.902725 93.882263 93.861946 93.841772 93.821741 93.801852 93.782103 93.762495 93.743026 93.723695 93.704502 93.685446 93.666525 93.647739 93.629088 93.610569 93.592183 93.573928 93.555804 93.53781 93.519944 93.502206 93.484596 93.467112 93.449753 93.432519 93.415408 93.398421 93.381555 93.36481 93.348186 93.331681 93.315295 93.299027 93.282875 93.26684 93.25092 93.235114 93.219421 93.203842 93.188374 93.173017 93.157771 93.142634 93.127606 93.112685 93.097872 93.083164 93.068562 93.054065 93.039671 93.02538 93.011191 92.997104 92.983118
94.00259 93.981332 93.960224 93.939265 93.918455 93.897791 93.877275 93.856904 93.836678 93.816596 93.796658 93.776861 93.757206 93.737691 93.718315 93.699079 93.67998 93.661018 93.642192 93.623501 93.604944 93.586521 93.56823 93.550071 93.532043 93.514144 93.496375 93.478734 93.461219 93.443832 93.426569 93.409432 93.392418 93.375527 93.358758 93.34211 93.325583 93.309175 93.292885 93.276713 93.260659 93.24472 93.228896 93.213187 93.197591 93.182107 93.166736 93.151475 93.136325 93.121284 93.106351 93.091526 93.076808 93.062196 93.047689 93.033286 93.018987 93.004791 92.990696 92.976703
93.997809 93.97649 93.955323 93.934306 93.913439 93.892721 93.87215 93.851727 93.83145 93.811318 93.79133 93.771485 93.751784 93.732223 93.712804 93.693524 93.674383 93.655381 93.636515 93.617786 93.599192 93.580732 93.562406 93.544213 93.526151 93.508221 93.49042 93.472749 93.455205 93.437789 93.4205 93.403335 93.386296 93.369381 93.352588 93.335917 93.319368 93.302939 93.286629 93.270437 93.254364 93.238407 93.222566 93.20684 93.191229 93.175731 93.160345 93.145071 93.129908 93.114855 93.099911 93.085075 93.070347 93.055725 93.041209 93.026799 93.012492 92.998289 92.984188 92.970189
93.992887 93.971508 93.950282 93.929208 93.908285 93.887512 93.866888 93.846413 93.826085 93.805903 93.785867 93.765975 93.746228 93.726623 93.70716 93.687838 93.668656 93.649613 93.630709 93.611942 93.593311 93.574816 93.556455 93.538228 93.520134 93.502172 93.484341 93.46664 93.449068 93.431624 93.414308 93.397118 93.380054 93.363115 93.346299 93.329606 93.313036 93.296586 93.280256 93.264046 93.247955 93.231981 93.216124 93.200382 93.184756 93.169244 93.153845 93.138558 93.123383 93.108318 93.093364 93.078518 93.06378 93.04915 93.034626 93.020208 93.005894 92.991685 92.977578 92.963574
93.987823 93.966384 93.9451 93.92397 93.902991 93.882164 93.861488 93.840961 93.820582 93.800352 93.780268 93.76033 93.740537 93.720888 93.701383 93.682019 93.662796 93.643714 93.624772 93.605967 93.587301 93.56877 93.550376 93.532116 93.51399 93.495997 93.478137 93.460407 93.442807 93.425336 93.407994 93.39078 93.373691 93.356729 93.339891 93.323177 93.306585 93.290116 93.273768 93.25754 93.241431 93.225441 93.209568 93.193811 93.178171 93.162645 93.147233 93.131935 93.116748 93.101673 93.086709 93.071854 93.057108 93.042469 93.027938 93.013513 92.999194 92.984979 92.970867 92.956859
93.982615 93.961118 93.939777 93.91859 93.897556 93.876676 93.855947 93.83537 93.814942 93.794663 93.774532 93.754548 93.734711 93.715019 93.695471 93.676066 93.656804 93.637683 93.618703 93.599862 93.58116 93.562595 93.544168 93.525876 93.507719 93.489696 93.471806 93.454048 93.436421 93.418925 93.401557 93.384318 93.367207 93.350222 93.333362 93.316627 93.300016 93.283528 93.267162 93.250916 93.234791 93.218785 93.202897 93.187127 93.171473 93.155935 93.140511 93.125201 93.110004 93.094919 93.079946 93.065082 93.050328 93.035683 93.021145 93.006714 92.992389 92.978169 92.964054 92.950042
93.977264 93.955708 93.93431 93.913067 93.89198 93.871047 93.850266 93.829638 93.809162 93.788835 93.768658 93.748629 93.728748 93.709013 93.689423 93.669978 93.650677 93.631518 93.612501 93.593625 93.574888 93.55629 93.53783 93.519506 93.501319 93.483267 93.465348 93.447563 93.42991 93.412388 93.394996 93.377734 93.3606 93.343593 93.326713 93.309958 93.293328 93.276821 93.260438 93.244176 93.228035 93.212014 93.196112 93.180328 93.164662 93.149111 93.133677 93.118356 93.10315 93.088056 93.073074 93.058203 93.043442 93.02879 93.014246 92.99981 92.98548 92.971257 92.957138 92.943123
93.971767 93.950153 93.928699 93.907401 93.88626 93.865275 93.844444 93.823766 93.803241 93.782868 93.762645 93.742571 93.722647 93.70287 93.683239 93.663755 93.644415 93.625219 93.606166 93.587254 93.568483 93.549853 93.531361 93.513007 93.49479 93.476709 93.458763 93.440951 93.423272 93.405725 93.38831 93.371025 93.353869 93.336841 93.319941 93.303167 93.286519 93.269995 93.253595 93.237317 93.221161 93.205126 93.189211 93.173414 93.157736 93.142175 93.12673 93.1114 93.096184 93.081082 93.066092 93.051214 93.036447 93.021789 93.007241 92.9928 92.978467 92.96424 92.950118 92.936101
93.966123 93.944453 93.922942 93.90159 93.880396 93.859359 93.838478 93.817751 93.797179 93.776759 93.756491 93.736374 93.716407 93.696588 93.676918 93.657394 93.638017 93.618784 93.599695 93.580749 93.561946 93.543283 93.52476 93.506376 93.48813 93.470021 93.452048 93.434211 93.416507 93.398936 93.381498 93.364191 93.347014 93.329966 93.313047 93.296254 93.279589 93.263048 93.246632 93.23034 93.214169 93.198121 93.182193 93.166385 93.150695 93.135124 93.119669 93.10433 93.089107 93.073997 93.059 93.044116 93.029343 93.014681 93.000128 92.985684 92.971348 92.957118 92.942995 92.928976
93.960331 93.938605 93.917039 93.895634 93.874387 93.853299 93.832368 93.811593 93.790974 93.770508 93.750196 93.730036 93.710027 93.690168 93.670458 93.650896 93.631481 93.612213 93.593089 93.57411 93.555273 93.536579 93.518026 93.499613 93.481339 93.463203 93.445204 93.427341 93.409613 93.39202 93.374559 93.357231 93.340034 93.322967 93.306029 93.289219 93.272536 93.25598 93.239549 93.223242 93.207059 93.190998 93.175058 93.159239 93.143539 93.127958 93.112495 93.097148 93.081917 93.0668 93.051798 93.036908 93.022131 93.007464 92.992908 92.978461 92.964122 92.949891 92.935767 92.921748
93.954391 93.932608 93.910988 93.88953 93.868232 93.847093 93.826113 93.805291 93.784625 93.764114 93.743758 93.723556 93.703505 93.683606 93.663858 93.644259 93.624808 93.605504 93.586346 93.567334 93.548466 93.529741 93.511158 93.492717 93.474415 93.456253 93.438229 93.420342 93.402591 93.384975 93.367493 93.350144 93.332927 93.315842 93.298886 93.28206 93.265361 93.24879 93.232345 93.216025 93.199829 93.183756 93.167805 93.151976 93.136267 93.120677 93.105205 93.089851 93.074614 93.059491 93.044484 93.02959 93.014808 93.000138 92.98558 92.97113 92.95679 92.942558 92.928434 92.914415
