Cobbity4/FInal/QGIS/Backward.asc
NCOLS 600
NROWS 379
XLLCORNER 150.66
YLLCORNER -34.0282
CELLSIZE 1e-05
NODATA_VALUE -9999
[rows 0 to 25 of 379, columns 180 to 239 of 600]
3.5765343 3.5751327 3.5736934 3.5722162 3.5707014 3.5691489 3.5675591 3.5659323 3.564269 3.5625699 3.5608357 3.5590674 3.557266 3.5554327 3.5535692 3.5516769 3.5497578 3.547814 3.5458478 3.5438618 3.5418588 3.539842 3.5378147 3.5357807 3.5337439 3.5317087 3.5296798 3.527662 3.5256608 3.5236817 3.5217307 3.5198143 3.5179389 3.5161116 3.5143397 3.5126308 3.5109928 3.5094338 3.5079622 3.5065865 3.5053156 3.5041583 3.5031236 3.5022205 3.5014581 3.5008452 3.5003908 3.5001035 3.4999915 3.5000632 3.5003261 3.5007875 3.5014543 3.5023328 3.5034287 3.5047471 3.5062926 3.5080689 3.5100794 3.5123266
3.5747505 3.5732907 3.5717905 3.5702496 3.568668 3.5670458 3.5653831 3.5636802 3.5619375 3.5601556 3.558335 3.5564768 3.5545818 3.5526512 3.5506865 3.5486892 3.5466611 3.5446044 3.5425213 3.5404143 3.5382864 3.5361406 3.5339805 3.5318097 3.5296323 3.5274529 3.5252761 3.5231071 3.5209514 3.5188148 3.5167036 3.5146245 3.5125843 3.5105905 3.5086507 3.506773 3.5049657 3.5032375 3.5015973 3.5000544 3.498618 3.4972977 3.4961033 3.4950444 3.4941308 3.4933721 3.492778 3.4923579 3.4921208 3.4920756 3.4922306 3.4925939 3.4931728 3.4939741 3.4950042 3.4962685 3.497772 3.4995189 3.5015125 3.5037557
3.5729684 3.5714495 3.5698872 3.5682814 3.5666317 3.5649383 3.5632011 3.5614203 3.5595963 3.5577293 3.5558201 3.5538692 3.5518778 3.5498468 3.5477775 3.5456716 3.5435306 3.5413567 3.5391521 3.5369194 3.5346613 3.532381 3.530082 3.527768 3.5254434 3.5231125 3.5207803 3.518452 3.5161334 3.5138305 3.5115499 3.5092985 3.5070835 3.5049126 3.5027941 3.5007364 3.4987484 3.4968392 3.4950184 3.4932959 3.4916816 3.4901859 3.4888191 3.4875918 3.4865146 3.4855978 3.484852 3.4842873 3.4839137 3.4837407 3.4837775 3.4840328 3.4845147 3.4852306 3.4861873 3.4873908 3.4888464 3.4905587 3.4925313 3.4947672
3.5711896 3.5696106 3.5679853 3.5663133 3.5645944 3.5628283 3.561015 3.5591546 3.5572471 3.555293 3.5532926 3.5512466 3.5491559 3.5470213 3.5448441 3.5426258 3.540368 3.5380726 3.5357418 3.5333782 3.5309846 3.528564 3.5261199 3.5236563 3.5211772 3.5186874 3.5161919 3.513696 3.5112056 3.5087272 3.5062673 3.5038333 3.5014328 3.4990738 3.4967651 3.4945154 3.4923343 3.4902315 3.4882171 3.4863018 3.4844962 3.4828115 3.4812588 3.4798494 3.4785949 3.4775067 3.4765959 3.4758738 3.4753511 3.4750384 3.4749457 3.4750824 3.4754573 3.4760785 3.4769535 3.4780888 3.47949 3.4811622 3.4831092 3.4853343
3.5694156 3.5677757 3.5660864 3.5643472 3.5625577 3.5607176 3.5588266 3.5568848 3.554892 3.5528486 3.5507547 3.548611 3.5464181 3.5441768 3.5418883 3.5395539 3.5371751 3.5347538 3.5322921 3.5297925 3.5272577 3.5246908 3.5220953 3.5194751 3.5168344 3.5141778 3.5115106 3.5088383 3.506167 3.5035031 3.5008537 3.4982263 3.4956289 3.49307 3.4905586 3.4881042 3.4857168 3.4834068 3.481185 3.4790626 3.4770512 3.4751627 3.4734092 3.4718029 3.4703564 3.4690818 3.4679917 3.467098 3.4664127 3.4659471 3.4657123 3.4657186 3.4659755 3.4664921 3.4672763 3.4683352 3.469675 3.471301 3.4732174 3.4754276
3.5676481 3.5659466 3.5641924 3.562385 3.5605237 3.5586082 3.5566381 3.5546131 3.5525331 3.5503982 3.5482086 3.5459645 3.5436665 3.5413154 3.5389121 3.5364578 3.5339539 3.5314023 3.5288048 3.5261639 3.5234823 3.520763 3.5180094 3.5152255 3.5124155 3.5095841 3.5067366 3.5038787 3.5010165 3.4981568 3.495307 3.4924747 3.4896683 3.4868969 3.4841698 3.481497 3.4788892 3.4763573 3.473913 3.4715681 3.4693352 3.467227 3.4652565 3.4634371 3.4617823 3.4603054 3.45902 3.4579393 3.4570762 3.4564433 3.4560527 3.4559156 3.4560426 3.4564434 3.4571268 3.4581004 3.4593709 3.4609441 3.4628243 3.4650152
3.5658889 3.564125 3.5623051 3.5604285 3.5584944 3.5565022 3.5544514 3.5523417 3.5501727 3.5479443 3.5456565 3.5433095 3.5409036 3.5384395 3.535918 3.53334 3.5307069 3.5280203 3.5252821 3.5224946 3.5196602 3.5167822 3.5138637 3.5109087 3.5079215 3.5049068 3.5018699 3.4988167 3.4957535 3.4926871 3.4896253 3.486576 3.4835479 3.4805505 3.4775936 3.4746879 3.4718444 3.469075 3.4663919 3.4638079 3.4613364 3.4589911 3.4567861 3.4547359 3.452855 3.4511582 3.4496601 3.4483752 3.4473179 3.4465017 3.44594 3.4456453 3.445629 3.4459018 3.4464733 3.4473518 3.4485446 3.4500576 3.4518957 3.4540625
3.5641398 3.5623129 3.5604266 3.5584798 3.5564718 3.5544018 3.552269 3.5500729 3.5478131 3.5454891 3.543101 3.5406485 3.538132 3.5355518 3.5329085 3.530203 3.5274365 3.5246104 3.5217264 3.5187867 3.5157937 3.5127503 3.50966 3.5065263 3.5033537 3.5001469 3.4969112 3.4936525 3.4903774 3.487093 3.4838069 3.4805277 3.4772644 3.4740267 3.4708252 3.4676708 3.4645754 3.4615515 3.4586121 3.455771 3.4530424 3.4504412 3.4479826 3.4456821 3.4435558 3.4416196 3.4398896 3.4383818 3.4371117 3.4360947 3.4353451 3.4348769 3.4347026 3.434834 3.4352814 3.436054 3.4371596 3.4386045 3.4403938 3.4425313
3.5624027 3.5605123 3.5585588 3.5565411 3.5544583 3.5523093 3.5500932 3.5478093 3.5454569 3.5430355 3.5405447 3.5379843 3.5353543 3.5326549 3.5298865 3.5270497 3.5241455 3.5211752 3.5181403 3.5150429 3.5118851 3.5086698 3.5054002 3.5020801 3.4987135 3.4953054 3.4918611 3.4883864 3.4848882 3.4813735 3.4778505 3.4743277 3.4708147 3.4673216 3.4638594 3.4604396 3.4570748 3.4537782 3.4505638 3.447446 3.4444403 3.4415626 3.4388294 3.4362576 3.4338644 3.4316675 3.4296845 3.4279328 3.4264298 3.4251922 3.4242362 3.4235768 3.4232282 3.4232032 3.4235131 3.424168 3.425176 3.426544 3.4282773 3.4303798
3.5606797 3.5587252 3.556704 3.5546147 3.5524562 3.5502271 3.5479265 3.5455534 3.5431068 3.5405861 3.5379906 3.5353199 3.5325737 3.529752 3.526855 3.5238831 3.5208371 3.5177179 3.5145269 3.511266 3.5079372 3.5045432 3.501087 3.4975722 3.494003 3.490384 3.4867207 3.4830191 3.4792858 3.4755283 3.4717547 3.467974 3.464196 3.4604313 3.4566913 3.4529883 3.4493354 3.4457465 3.4422366 3.4388211 3.4355165 3.43234 3.4293093 3.4264428 3.4237594 3.4212782 3.4190187 3.4170001 3.4152415 3.4137617 3.4125783 3.4117082 3.4111672 3.4109692 3.4111268 3.4116507 3.4125498 3.4138314 3.4155008 3.4175619
3.5589726 3.5569538 3.5548644 3.5527029 3.5504679 3.5481579 3.5457717 3.543308 3.5407657 3.5381439 3.5354416 3.5326582 3.5297932 3.5268463 3.5238174 3.5207066 3.5175144 3.5142417 3.5108895 3.5074594 3.5039532 3.5003735 3.496723 3.4930053 3.4892243 3.4853847 3.4814917 3.4775515 3.4735707 3.469557 3.4655186 3.4614647 3.4574056 3.4533521 3.4493162 3.4453107 3.4413495 3.4374473 3.4336199 3.4298839 3.4262568 3.422757 3.4194039 3.4162172 3.4132177 3.4104262 3.4078642 3.405553 3.4035137 3.4017672 3.4003332 3.3992307 3.3984769 3.3980875 3.3980762 3.3984547 3.3992325 3.4004171 3.402014 3.404027
3.5572838 3.5552004 3.5530424 3.5508082 3.5484961 3.5461043 3.5436315 3.541076 3.5384366 3.535712 3.5329011 3.5300028 3.5270164 3.5239413 3.5207771 3.5175237 3.5141813 3.5107503 3.5072316 3.5036265 3.4999366 3.496164 3.4923115 3.4883822 3.4843801 3.4803096 3.4761759 3.4719851 3.4677439 3.4634598 3.4591416 3.4547984 3.4504409 3.4460803 3.4417291 3.4374007 3.4331097 3.4288715 3.4247029 3.4206216 3.4166462 3.4127967 3.4090937 3.4055589 3.4022147 3.3990841 3.3961907 3.3935582 3.3912101 3.3891697 3.3874591 3.3860995 3.3851102 3.3845088 3.3843103 3.3845274 3.3851702 3.3862464 3.3877614 3.3897188
3.5556152 3.5534671 3.5512404 3.5489331 3.5465433 3.5440691 3.5415088 3.5388606 3.5361228 3.5332938 3.5303724 3.5273571 3.5242468 3.5210408 3.5177381 3.5143384 3.5108416 3.5072477 3.5035574 3.4997714 3.4958912 3.4919186 3.4878561 3.4837065 3.4794736 3.4751616 3.4707757 3.4663217 3.4618064 3.4572374 3.4526234 3.447974 3.4432998 3.4386127 3.4339255 3.4292523 3.4246082 3.4200097 3.4154743 3.4110208 3.4066694 3.4024411 3.3983583 3.3944445 3.3907241 3.3872225 3.3839656 3.3809797 3.3782912 3.3759261 3.3739094 3.3722651 3.3710149 3.3701783 3.3697721 3.3698101 3.3703029 3.3712583 3.3726815 3.3745752
3.5539693 3.5517565 3.5494608 3.5470802 3.5446124 3.5420553 3.5394067 3.5366648 3.5338274 3.5308928 3.5278591 3.5247248 3.5214885 3.5181487 3.5147045 3.511155 3.5074997 3.5037383 3.499871 3.4958984 3.4918214 3.4876415 3.4833608 3.478982 3.4745084 3.4699441 3.4652939 3.4605637 3.4557601 3.4508907 3.4459643 3.4409905 3.4359805 3.4309461 3.4259009 3.4208594 3.4158374 3.4108522 3.4059225 3.4010679 3.39631 3.3916713 3.387176 3.3828493 3.378718 3.3748098 3.3711534 3.3677781 3.3647136 3.3619891 3.3596331 3.3576726 3.3561325 3.3550348 3.3543981 3.3542373 3.3545638 3.355385 3.3567054 3.3585268
3.5523482 3.5500708 3.5477063 3.5452523 3.5427062 3.5400658 3.5373285 3.534492 3.5315541 3.5285125 3.5253652 3.5221101 3.5187454 3.5152694 3.5116806 3.5079779 3.5041601 3.5002268 3.4961775 3.4920124 3.487732 3.4833375 3.4788304 3.4742132 3.4694887 3.4646608 3.459734 3.454714 3.4496072 3.4444213 3.4391648 3.4338478 3.4284813 3.4230778 3.417651 3.412216 3.4067896 3.4013896 3.3960356 3.3907486 3.3855513 3.3804678 3.375524 3.3707472 3.3661664 3.3618121 3.357716 3.3539108 3.3504299 3.3473065 3.3445732 3.3422608 3.3403979 3.3390095 3.3381166 3.3377355 3.3378778 3.3385504 3.3397567 3.3414967
3.5507543 3.5484127 3.5459795 3.5434521 3.5408278 3.5381037 3.5352773 3.5323457 3.5293065 3.5261569 3.5228946 3.519517 3.516022 3.5124074 3.5086713 3.504812 3.500828 3.4967182 3.4924819 3.4881185 3.4836283 3.4790117 3.47427 3.469405 3.4644192 3.4593162 3.4541 3.4487761 3.4433507 3.4378311 3.4322262 3.4265458 3.4208012 3.415005 3.4091716 3.4033165 3.3974569 3.3916117 3.3858014 3.3800481 3.3743757 3.3688099 3.3633783 3.3581103 3.3530375 3.3481931 3.3436122 3.3393314 3.3353883 3.3318209 3.3286666 3.3259612 3.3237377 3.322025 3.320847 3.3202214 3.3201602 3.3206692 3.3217495 3.3233988
3.5491901 3.5467846 3.5442831 3.5416826 3.53898 3.5361724 3.5332566 3.5302296 3.5270884 3.52383 3.5204515 3.51695 3.5133229 3.5095675 3.5056815 3.5016625 3.4975086 3.4932182 3.4887898 3.4842226 3.479516 3.47467 3.4696852 3.464563 3.4593055 3.4539154 3.4483967 3.4427542 3.4369939 3.4311231 3.4251502 3.4190852 3.4129394 3.4067258 3.4004589 3.3941549 3.3878316 3.3815086 3.3752074 3.3689511 3.3627649 3.356676 3.3507137 3.3449095 3.3392976 3.3339141 3.3287978 3.3239895 3.319532 3.3154686 3.3118429 3.3086967 3.3060688 3.3039931 3.3024971 3.3016005 3.3013151 3.3016449 3.3025876 3.3041366
3.5476578 3.5451891 3.5426198 3.5399466 3.5371662 3.5342751 3.53127 3.5281473 3.5249038 3.5215359 3.5180404 3.5144138 3.510653 3.5067549 3.5027165 3.498535 3.4942078 3.4897326 3.4851075 3.4803308 3.4754014 3.4703187 3.4650825 3.4596936 3.4541535 3.4484643 3.4426294 3.4366532 3.4305412 3.4243005 3.4179391 3.4114671 3.4048958 3.3982382 3.3915093 3.3847257 3.3779057 3.3710699 3.3642404 3.3574415 3.3506997 3.3440433 3.3375036 3.331114 3.3249109 3.3189338 3.3132253 3.3078309 3.3027989 3.2981796 3.2940236 3.2903806 3.2872971 3.2848133 3.2829617 3.2817645 3.281233 3.2813682 3.2821623 3.2836026
3.5461601 3.5436289 3.5409925 3.5382473 3.5353895 3.5324153 3.529321 3.5261028 3.5227568 3.519279 3.5156658 3.5119132 3.5080175 3.503975 3.4997821 3.4954354 3.4909317 3.4862679 3.4814415 3.47645 3.4712916 3.4659648 3.4604689 3.4548038 3.4489701 3.4429695 3.4368044 3.4304789 3.4239977 3.4173676 3.4105963 3.4036935 3.3966706 3.3895409 3.3823194 3.3750231 3.3676712 3.3602847 3.3528868 3.3455027 3.3381599 3.3308882 3.3237202 3.3166911 3.3098398 3.3032087 3.2968442 3.290797 3.2851218 3.2798765 3.2751211 3.2709152 3.2673149 3.2643698 3.262119 3.2605882 3.2597878 3.2597141 3.2603511 3.2616758
3.5446993 3.5421067 3.5394041 3.5365876 3.5336531 3.5305965 3.5274135 3.5241 3.5206516 3.5170639 3.5133326 3.5094533 3.5054216 3.5012333 3.4968841 3.4923699 3.4876867 3.4828309 3.4777988 3.4725875 3.467194 3.4616161 3.4558523 3.4499013 3.4437631 3.4374384 3.430929 3.4242379 3.4173694 3.4103294 3.4031255 3.3957669 3.3882649 3.3806328 3.3728858 3.3650415 3.3571196 3.3491417 3.341132 3.3331167 3.3251241 3.3171853 3.3093339 3.3016069 3.2940448 3.2866927 3.279601 3.2728254 3.2664277 3.2604749 3.255038 3.2501894 3.2459988 3.2425283 3.2398268 3.2379252 3.2368331 3.2365391 3.2370146 3.2382211
3.543278 3.540625 3.5378574 3.5349706 3.5319604 3.5288222 3.5255513 3.522143 3.5185926 3.5148951 3.5110457 3.5070393 3.502871 3.4985358 3.4940288 3.4893451 3.48448 3.4794288 3.4741872 3.4687511 3.4631168 3.457281 3.451241 3.4449948 3.4385411 3.4318797 3.4250112 3.4179379 3.4106632 3.4031921 3.3955316 3.3876907 3.3796801 3.3715133 3.3632057 3.3547751 3.346242 3.3376288 3.3289605 3.3202642 3.3115692 3.3029074 3.2943134 3.285825 3.2774841 3.2693379 3.2614397 3.2538504 3.2466389 3.2398827 3.2336662 3.2280782 3.2232066 3.2191317 3.2159173 3.2136026 3.2121965 3.2116765 3.2119945 3.2130873
3.5418986 3.5391867 3.5363553 3.5333996 3.5303148 3.5270961 3.5237382 3.5202361 3.5165843 3.5127775 3.5088102 3.5046768 3.5003715 3.4958888 3.4912229 3.4863681 3.4813188 3.4760694 3.4706146 3.4649494 3.4590688 3.4529685 3.4466446 3.4400938 3.4333137 3.4263027 3.4190605 3.4115878 3.4038873 3.3959629 3.3878208 3.3794692 3.3709187 3.3621824 3.353276 3.3442178 3.3350288 3.3257325 3.3163548 3.3069237 3.2974696 3.2880249 3.2786246 3.2693069 3.260114 3.251094 3.2423021 3.2338034 3.2256738 3.2180017 3.2108875 3.2044407 3.1987744 3.1939951 3.1901899 3.1874125 3.1856721 3.1849306 3.1851091 3.1861062
3.5405637 3.5377944 3.5349007 3.5318776 3.5287197 3.5254218 3.5219782 3.5183833 3.5146313 3.510716 3.5066314 3.5023713 3.4979292 3.4932987 3.4884731 3.4834461 3.4782108 3.4727609 3.4670899 3.4611915 3.4550596 3.4486886 3.4420732 3.4352088 3.4280915 3.4207182 3.4130872 3.4051978 3.3970512 3.3886503 3.38 3.3711078 3.3619837 3.3526405 3.343094 3.333363 3.3234694 3.3134378 3.3032951 3.2930708 3.2827962 3.2725042 3.2622298 3.2520106 3.2418878 3.2319087 3.2221287 3.2126147 3.2034485 3.1947291 3.1865747 3.1791207 3.1725139 3.1668996 3.1624019 3.1591004 3.1570091 3.1560675 3.1561495 3.1570918
3.5392756 3.5364508 3.5334967 3.5304078 3.5271785 3.5238031 3.5202753 3.5165892 3.5127381 3.5087156 3.5045148 3.5001287 3.4955502 3.490772 3.4857867 3.4805867 3.4751644 3.4695121 3.4636222 3.4574871 3.4510994 3.444452 3.4375381 3.4303514 3.4228863 3.4151382 3.4071033 3.3987795 3.3901661 3.3812644 3.372078 3.3626133 3.3528794 3.3428886 3.332657 3.3222037 3.3115517 3.3007269 3.2897582 3.2786766 3.2675147 3.2563062 3.2450855 3.2338888 3.2227546 3.211727 3.2008584 3.1902146 3.1798799 3.1699618 3.1605963 3.1519491 3.1442115 3.1375854 3.1322554 3.1283485 3.1258944 3.1248026 3.1248727 3.1258409
3.538037 3.5351585 3.5321459 3.5289933 3.5256946 3.5222436 3.5186336 3.514858 3.5109096 3.5067814 3.5024657 3.4979549 3.493241 3.4883159 3.4831711 3.477798 3.4721879 3.4663319 3.4602212 3.4538466 3.4471992 3.4402703 3.4330514 3.4255342 3.4177113 3.4095759 3.4011223 3.3923461 3.3832446 3.3738171 3.3640653 3.3539941 3.3436114 3.3329289 3.3219624 3.3107318 3.2992614 3.2875791 3.2757161 3.263706 3.2515835 3.2393833 3.2271398 3.2148862 3.2026568 3.1904891 3.1784287 3.1665352 3.1548894 3.1436025 3.1328243 3.1227519 3.1136318 3.1057473 3.0993814 3.0947501 3.091925 3.0907789 3.090993 3.0921361
3.53685 3.5339202 3.5308514 3.5276373 3.5242715 3.520747 3.517057 3.513194 3.5091505 3.5049185 3.5004899 3.495856 3.4910082 3.4859372 3.4806338 3.4750881 3.4692903 3.4632301 3.4568971 3.4502809 3.4433707 3.436156 3.4286262 3.4207711 3.4125809 3.4040463 3.3951593 3.3859129 3.3763016 3.3663224 3.3559745 3.3452606 3.3341871 3.3227644 3.3110081 3.2989388 3.2865822 3.2739691 3.2611342 3.2481149 3.2349496 3.2216756 3.208327 3.1949344 3.1815252 3.1681269 3.1547728 3.1415096 3.1284068 3.1155689 3.1031492 3.0913685 3.0805329 3.0710364 3.0633207 3.0577711 3.0545628 3.0535327 3.0541692 3.0557541
