Cobbity4/FInal/QGIS/Backward.asc
NCOLS 600
NROWS 379
XLLCORNER 150.66
YLLCORNER -34.0282
CELLSIZE 1e-05
NODATA_VALUE -9999
[rows 182 to 207 of 379, columns 540 to 599 of 600]
3.7680661 3.7678305 3.7675957 3.7673618 3.7671286 3.7668962 3.7666647 3.766434 3.7662041 3.765975 3.7657467 3.7655192 3.7652926 3.7650667 3.7648417 3.7646174 3.764394 3.7641714 3.7639496 3.7637286 3.7635084 3.763289 3.7630704 3.7628526 3.7626356 3.7624194 3.762204 3.7619895 3.7617757 3.7615626 3.7613504 3.761139 3.7609284 3.7607185 3.7605094 3.7603011 3.7600936 3.7598869 3.7596809 3.7594758 3.7592713 3.7590677 3.7588648 3.7586627 3.7584614 3.7582608 3.7580609 3.7578618 3.7576635 3.7574659 3.7572691 3.757073 3.7568777 3.7566831 3.7564892 3.7562961 3.7561037 3.755912 3.7557211 3.7555308
3.7675152 3.7672838 3.7670532 3.7668233 3.7665943 3.7663659 3.7661384 3.7659116 3.7656856 3.7654604 3.7652359 3.7650122 3.7647893 3.7645671 3.7643457 3.7641251 3.7639053 3.7636862 3.7634679 3.7632504 3.7630336 3.7628176 3.7626024 3.7623879 3.7621742 3.7619613 3.7617492 3.7615378 3.7613271 3.7611172 3.7609081 3.7606998 3.7604922 3.7602853 3.7600792 3.7598739 3.7596693 3.7594654 3.7592624 3.75906 3.7588584 3.7586575 3.7584574 3.758258 3.7580594 3.7578614 3.7576642 3.7574678 3.7572721 3.757077 3.7568828 3.7566892 3.7564964 3.7563042 3.7561128 3.7559221 3.7557321 3.7555428 3.7553542 3.7551664
3.7669628 3.7667356 3.7665092 3.7662834 3.7660584 3.7658342 3.7656106 3.7653878 3.7651657 3.7649443 3.7647237 3.7645037 3.7642846 3.7640661 3.7638484 3.7636314 3.7634152 3.7631996 3.7629849 3.7627708 3.7625575 3.7623449 3.7621331 3.7619219 3.7617115 3.7615019 3.761293 3.7610848 3.7608773 3.7606706 3.7604646 3.7602593 3.7600547 3.7598509 3.7596478 3.7594454 3.7592437 3.7590428 3.7588425 3.758643 3.7584442 3.7582462 3.7580488 3.7578521 3.7576562 3.7574609 3.7572664 3.7570726 3.7568794 3.756687 3.7564953 3.7563043 3.7561139 3.7559243 3.7557353 3.755547 3.7553595 3.7551726 3.7549864 3.7548008
3.7664089 3.7661859 3.7659637 3.7657421 3.7655212 3.7653009 3.7650814 3.7648625 3.7646443 3.7644268 3.76421 3.7639939 3.7637785 3.7635638 3.7633497 3.7631364 3.7629237 3.7627117 3.7625005 3.7622899 3.7620801 3.7618709 3.7616624 3.7614546 3.7612476 3.7610412 3.7608355 3.7606305 3.7604262 3.7602226 3.7600197 3.7598175 3.759616 3.7594152 3.7592151 3.7590157 3.7588169 3.7586189 3.7584216 3.7582249 3.7580289 3.7578336 3.757639 3.7574451 3.7572519 3.7570593 3.7568674 3.7566762 3.7564857 3.7562959 3.7561067 3.7559182 3.7557304 3.7555432 3.7553567 3.7551709 3.7549857 3.7548012 3.7546174 3.7544342
3.7658535 3.7656349 3.7654168 3.7651993 3.7649825 3.7647663 3.7645508 3.7643359 3.7641216 3.763908 3.7636951 3.7634827 3.7632711 3.7630601 3.7628497 3.76264 3.7624309 3.7622226 3.7620148 3.7618077 3.7616013 3.7613956 3.7611905 3.7609861 3.7607823 3.7605792 3.7603768 3.760175 3.7599739 3.7597735 3.7595737 3.7593746 3.7591762 3.7589784 3.7587813 3.7585848 3.758389 3.7581939 3.7579994 3.7578056 3.7576124 3.75742 3.7572281 3.757037 3.7568464 3.7566566 3.7564674 3.7562788 3.7560909 3.7559037 3.755717 3.7555311 3.7553458 3.7551611 3.7549771 3.7547937 3.754611 3.7544289 3.7542474 3.7540666
3.7652969 3.7650824 3.7648685 3.7646552 3.7644425 3.7642304 3.7640189 3.763808 3.7635976 3.7633879 3.7631788 3.7629703 3.7627624 3.7625551 3.7623484 3.7621423 3.7619369 3.7617321 3.7615279 3.7613243 3.7611214 3.7609191 3.7607174 3.7605163 3.7603159 3.7601161 3.7599169 3.7597183 3.7595204 3.7593232 3.7591265 3.7589305 3.7587351 3.7585404 3.7583463 3.7581528 3.7579599 3.7577677 3.7575761 3.7573852 3.7571949 3.7570052 3.7568161 3.7566277 3.7564399 3.7562527 3.7560662 3.7558803 3.755695 3.7555104 3.7553263 3.7551429 3.7549601 3.754778 3.7545964 3.7544155 3.7542352 3.7540555 3.7538764 3.753698
3.7647389 3.7645286 3.764319 3.7641098 3.7639012 3.7636932 3.7634857 3.7632787 3.7630723 3.7628665 3.7626612 3.7624565 3.7622524 3.7620489 3.7618459 3.7616435 3.7614417 3.7612404 3.7610398 3.7608397 3.7606402 3.7604413 3.760243 3.7600453 3.7598482 3.7596517 3.7594558 3.7592605 3.7590658 3.7588717 3.7586782 3.7584852 3.7582929 3.7581012 3.7579101 3.7577196 3.7575297 3.7573404 3.7571518 3.7569637 3.7567762 3.7565893 3.7564031 3.7562174 3.7560323 3.7558479 3.755664 3.7554808 3.7552981 3.755116 3.7549346 3.7547537 3.7545735 3.7543938 3.7542148 3.7540363 3.7538584 3.7536812 3.7535045 3.7533284
3.7641796 3.7639736 3.7637682 3.7635632 3.7633587 3.7631547 3.7629512 3.7627483 3.7625458 3.7623439 3.7621425 3.7619416 3.7617412 3.7615414 3.7613421 3.7611434 3.7609452 3.7607476 3.7605504 3.7603539 3.7601579 3.7599624 3.7597676 3.7595732 3.7593795 3.7591862 3.7589936 3.7588015 3.75861 3.7584191 3.7582287 3.7580389 3.7578497 3.757661 3.7574729 3.7572854 3.7570985 3.7569121 3.7567263 3.7565411 3.7563565 3.7561724 3.7559889 3.755806 3.7556237 3.755442 3.7552608 3.7550802 3.7549002 3.7547207 3.7545419 3.7543636 3.7541858 3.7540087 3.7538321 3.7536561 3.7534807 3.7533058 3.7531316 3.7529578
3.7636191 3.7634174 3.7632161 3.7630153 3.7628149 3.762615 3.7624156 3.7622166 3.7620181 3.7618201 3.7616225 3.7614255 3.7612289 3.7610328 3.7608373 3.7606422 3.7604476 3.7602535 3.76006 3.759867 3.7596744 3.7594824 3.7592909 3.7591 3.7589096 3.7587197 3.7585303 3.7583415 3.7581532 3.7579654 3.7577782 3.7575915 3.7574053 3.7572197 3.7570346 3.7568501 3.7566662 3.7564827 3.7562998 3.7561175 3.7559357 3.7557545 3.7555738 3.7553937 3.7552141 3.755035 3.7548566 3.7546786 3.7545012 3.7543244 3.7541481 3.7539724 3.7537972 3.7536226 3.7534485 3.753275 3.753102 3.7529296 3.7527577 3.7525864
3.7630574 3.76286 3.7626629 3.7624663 3.76227 3.7620742 3.7618788 3.7616838 3.7614893 3.7612951 3.7611015 3.7609082 3.7607154 3.7605231 3.7603312 3.7601398 3.7599489 3.7597584 3.7595684 3.7593789 3.7591899 3.7590013 3.7588133 3.7586257 3.7584386 3.758252 3.7580659 3.7578803 3.7576952 3.7575107 3.7573266 3.757143 3.7569599 3.7567774 3.7565954 3.7564138 3.7562328 3.7560523 3.7558724 3.7556929 3.755514 3.7553356 3.7551577 3.7549803 3.7548035 3.7546272 3.7544514 3.7542761 3.7541014 3.7539271 3.7537535 3.7535803 3.7534077 3.7532356 3.753064 3.7528929 3.7527224 3.7525524 3.7523829 3.752214
3.7624946 3.7623014 3.7621086 3.7619161 3.761724 3.7615323 3.7613409 3.7611499 3.7609593 3.7607691 3.7605793 3.7603899 3.7602009 3.7600123 3.7598242 3.7596364 3.7594491 3.7592623 3.7590758 3.7588898 3.7587043 3.7585192 3.7583345 3.7581503 3.7579666 3.7577833 3.7576005 3.7574182 3.7572363 3.7570549 3.756874 3.7566935 3.7565136 3.7563341 3.7561551 3.7559765 3.7557985 3.755621 3.7554439 3.7552673 3.7550913 3.7549157 3.7547406 3.754566 3.7543919 3.7542183 3.7540452 3.7538726 3.7537005 3.753529 3.7533579 3.7531873 3.7530172 3.7528476 3.7526785 3.7525099 3.7523419 3.7521743 3.7520072 3.7518407
3.7619307 3.7617418 3.7615532 3.7613649 3.7611769 3.7609893 3.7608019 3.7606149 3.7604283 3.760242 3.7600561 3.7598705 3.7596853 3.7595005 3.759316 3.759132 3.7589483 3.7587651 3.7585822 3.7583997 3.7582177 3.758036 3.7578548 3.757674 3.7574936 3.7573136 3.7571341 3.756955 3.7567764 3.7565982 3.7564204 3.7562431 3.7560662 3.7558898 3.7557138 3.7555383 3.7553632 3.7551886 3.7550145 3.7548408 3.7546676 3.7544949 3.7543226 3.7541508 3.7539794 3.7538086 3.7536382 3.7534683 3.7532988 3.7531298 3.7529614 3.7527933 3.7526258 3.7524588 3.7522922 3.7521261 3.7519605 3.7517953 3.7516307 3.7514665
3.7613658 3.7611812 3.7609968 3.7608127 3.7606288 3.7604452 3.760262 3.760079 3.7598963 3.7597139 3.7595319 3.7593501 3.7591687 3.7589876 3.7588069 3.7586265 3.7584465 3.7582669 3.7580876 3.7579086 3.7577301 3.7575519 3.7573741 3.7571967 3.7570196 3.756843 3.7566668 3.7564909 3.7563155 3.7561405 3.7559659 3.7557917 3.7556179 3.7554445 3.7552716 3.7550991 3.754927 3.7547554 3.7545842 3.7544134 3.754243 3.7540731 3.7539037 3.7537346 3.753566 3.7533979 3.7532302 3.753063 3.7528962 3.7527299 3.752564 3.7523986 3.7522336 3.7520691 3.751905 3.7517414 3.7515782 3.7514155 3.7512533 3.7510915
3.7608 3.7606196 3.7604394 3.7602595 3.7600797 3.7599002 3.759721 3.759542 3.7593633 3.7591848 3.7590067 3.7588288 3.7586512 3.7584739 3.7582968 3.7581202 3.7579438 3.7577677 3.757592 3.7574166 3.7572415 3.7570668 3.7568924 3.7567184 3.7565447 3.7563714 3.7561985 3.7560259 3.7558537 3.7556819 3.7555104 3.7553394 3.7551687 3.7549984 3.7548285 3.754659 3.7544899 3.7543212 3.7541529 3.753985 3.7538176 3.7536505 3.7534838 3.7533176 3.7531518 3.7529864 3.7528214 3.7526569 3.7524927 3.752329 3.7521658 3.7520029 3.7518405 3.7516785 3.751517 3.7513558 3.7511952 3.7510349 3.7508751 3.7507157
3.7602332 3.7600571 3.7598811 3.7597053 3.7595297 3.7593543 3.7591791 3.7590042 3.7588294 3.7586549 3.7584806 3.7583065 3.7581327 3.7579591 3.7577859 3.7576128 3.7574401 3.7572677 3.7570955 3.7569236 3.7567521 3.7565808 3.7564099 3.7562392 3.7560689 3.7558989 3.7557293 3.75556 3.755391 3.7552224 3.7550541 3.7548862 3.7547186 3.7545514 3.7543845 3.7542181 3.7540519 3.7538862 3.7537208 3.7535559 3.7533913 3.753227 3.7530632 3.7528998 3.7527367 3.752574 3.7524118 3.7522499 3.7520884 3.7519274 3.7517667 3.7516064 3.7514466 3.7512871 3.7511281 3.7509695 3.7508113 3.7506535 3.7504961 3.7503391
3.7596655 3.7594936 3.7593219 3.7591503 3.7589788 3.7588075 3.7586364 3.7584654 3.7582946 3.758124 3.7579536 3.7577833 3.7576133 3.7574436 3.757274 3.7571047 3.7569356 3.7567667 3.7565981 3.7564298 3.7562617 3.756094 3.7559264 3.7557592 3.7555923 3.7554256 3.7552593 3.7550932 3.7549275 3.754762 3.7545969 3.7544321 3.7542677 3.7541035 3.7539397 3.7537763 3.7536131 3.7534504 3.7532879 3.7531258 3.7529641 3.7528027 3.7526417 3.7524811 3.7523208 3.7521609 3.7520013 3.7518421 3.7516833 3.7515249 3.7513669 3.7512092 3.7510519 3.750895 3.7507385 3.7505824 3.7504266 3.7502713 3.7501163 3.7499617
3.759097 3.7589294 3.7587619 3.7585944 3.7584271 3.7582599 3.7580928 3.7579258 3.757759 3.7575923 3.7574257 3.7572594 3.7570932 3.7569271 3.7567613 3.7565956 3.7564302 3.756265 3.7561 3.7559352 3.7557706 3.7556063 3.7554422 3.7552784 3.7551148 3.7549515 3.7547884 3.7546256 3.7544631 3.7543009 3.7541389 3.7539773 3.7538159 3.7536549 3.7534941 3.7533337 3.7531735 3.7530137 3.7528542 3.752695 3.7525362 3.7523777 3.7522195 3.7520616 3.7519041 3.7517469 3.7515901 3.7514336 3.7512774 3.7511217 3.7509662 3.7508112 3.7506564 3.7505021 3.7503481 3.7501945 3.7500412 3.7498883 3.7497358 3.7495836
3.7585277 3.7583644 3.7582011 3.7580378 3.7578746 3.7577115 3.7575484 3.7573854 3.7572226 3.7570598 3.7568971 3.7567346 3.7565722 3.7564099 3.7562478 3.7560858 3.755924 3.7557624 3.755601 3.7554397 3.7552787 3.7551178 3.7549571 3.7547967 3.7546365 3.7544765 3.7543167 3.7541572 3.753998 3.7538389 3.7536802 3.7535216 3.7533634 3.7532054 3.7530477 3.7528903 3.7527331 3.7525763 3.7524197 3.7522634 3.7521075 3.7519518 3.7517964 3.7516414 3.7514866 3.7513322 3.7511781 3.7510243 3.7508708 3.7507177 3.7505649 3.7504124 3.7502602 3.7501084 3.749957 3.7498058 3.749655 3.7495046 3.7493545 3.7492048
3.7579577 3.7577986 3.7576395 3.7574804 3.7573214 3.7571623 3.7570033 3.7568443 3.7566854 3.7565265 3.7563677 3.756209 3.7560504 3.7558919 3.7557335 3.7555753 3.7554171 3.7552591 3.7551012 3.7549435 3.754786 3.7546286 3.7544713 3.7543143 3.7541575 3.7540008 3.7538443 3.7536881 3.7535321 3.7533762 3.7532206 3.7530653 3.7529101 3.7527552 3.7526006 3.7524462 3.752292 3.7521381 3.7519845 3.7518311 3.751678 3.7515252 3.7513727 3.7512204 3.7510684 3.7509167 3.7507653 3.7506142 3.7504634 3.750313 3.7501628 3.7500129 3.7498633 3.749714 3.7495651 3.7494165 3.7492682 3.7491202 3.7489725 3.7488252
3.7573869 3.7572321 3.7570773 3.7569223 3.7567674 3.7566124 3.7564575 3.7563025 3.7561475 3.7559926 3.7558377 3.7556828 3.755528 3.7553732 3.7552186 3.755064 3.7549095 3.7547551 3.7546008 3.7544466 3.7542925 3.7541386 3.7539848 3.7538312 3.7536777 3.7535244 3.7533712 3.7532182 3.7530654 3.7529128 3.7527604 3.7526082 3.7524561 3.7523043 3.7521527 3.7520013 3.7518502 3.7516992 3.7515485 3.7513981 3.7512479 3.7510979 3.7509482 3.7507987 3.7506495 3.7505006 3.7503519 3.7502035 3.7500554 3.7499075 3.74976 3.7496127 3.7494657 3.749319 3.7491726 3.7490264 3.7488806 3.7487351 3.7485899 3.748445
3.7568156 3.756665 3.7565144 3.7563636 3.7562128 3.7560619 3.755911 3.75576 3.755609 3.7554579 3.7553069 3.7551559 3.7550049 3.7548539 3.7547029 3.754552 3.7544011 3.7542504 3.7540996 3.753949 3.7537984 3.753648 3.7534976 3.7533474 3.7531973 3.7530473 3.7528974 3.7527477 3.7525981 3.7524487 3.7522994 3.7521504 3.7520014 3.7518527 3.7517042 3.7515558 3.7514076 3.7512597 3.7511119 3.7509644 3.750817 3.7506699 3.750523 3.7503764 3.7502299 3.7500837 3.7499378 3.7497921 3.7496466 3.7495014 3.7493565 3.7492118 3.7490674 3.7489232 3.7487793 3.7486357 3.7484924 3.7483493 3.7482065 3.748064
3.7562436 3.7560973 3.7559509 3.7558043 3.7556576 3.7555108 3.7553639 3.7552169 3.7550698 3.7549227 3.7547755 3.7546283 3.7544811 3.7543339 3.7541866 3.7540394 3.7538922 3.753745 3.7535978 3.7534507 3.7533037 3.7531567 3.7530098 3.7528629 3.7527162 3.7525695 3.7524229 3.7522765 3.7521301 3.7519839 3.7518379 3.7516919 3.7515461 3.7514004 3.7512549 3.7511096 3.7509644 3.7508194 3.7506746 3.75053 3.7503855 3.7502413 3.7500972 3.7499533 3.7498097 3.7496663 3.749523 3.74938 3.7492373 3.7490947 3.7489524 3.7488103 3.7486685 3.7485268 3.7483855 3.7482444 3.7481035 3.7479629 3.7478226 3.7476825
3.7556712 3.7555291 3.7553868 3.7552444 3.7551018 3.7549591 3.7548162 3.7546732 3.7545301 3.7543869 3.7542436 3.7541002 3.7539568 3.7538133 3.7536698 3.7535262 3.7533826 3.753239 3.7530954 3.7529519 3.7528083 3.7526648 3.7525213 3.7523778 3.7522344 3.7520911 3.7519478 3.7518047 3.7516616 3.7515185 3.7513756 3.7512328 3.7510901 3.7509476 3.7508051 3.7506628 3.7505206 3.7503786 3.7502367 3.750095 3.7499534 3.749812 3.7496708 3.7495297 3.7493888 3.7492481 3.7491076 3.7489673 3.7488272 3.7486873 3.7485476 3.7484082 3.7482689 3.7481298 3.747991 3.7478524 3.747714 3.7475759 3.747438 3.7473003
3.7550982 3.7549603 3.7548223 3.754684 3.7545455 3.7544068 3.754268 3.754129 3.7539898 3.7538505 3.7537111 3.7535715 3.7534319 3.7532921 3.7531523 3.7530124 3.7528725 3.7527325 3.7525925 3.7524524 3.7523124 3.7521723 3.7520322 3.7518922 3.7517522 3.7516121 3.7514722 3.7513323 3.7511924 3.7510526 3.7509128 3.7507732 3.7506336 3.7504941 3.7503547 3.7502154 3.7500762 3.7499371 3.7497982 3.7496594 3.7495207 3.7493821 3.7492437 3.7491055 3.7489674 3.7488294 3.7486917 3.7485541 3.7484166 3.7482794 3.7481423 3.7480054 3.7478687 3.7477322 3.7475959 3.7474599 3.747324 3.7471883 3.7470528 3.7469176
3.7545247 3.7543911 3.7542573 3.7541231 3.7539887 3.7538541 3.7537193 3.7535843 3.753449 3.7533136 3.753178 3.7530423 3.7529065 3.7527705 3.7526344 3.7524981 3.7523618 3.7522255 3.752089 3.7519525 3.7518159 3.7516793 3.7515427 3.751406 3.7512693 3.7511326 3.750996 3.7508593 3.7507226 3.750586 3.7504495 3.7503129 3.7501765 3.75004 3.7499037 3.7497674 3.7496312 3.7494951 3.7493591 3.7492232 3.7490874 3.7489517 3.7488161 3.7486807 3.7485453 3.7484102 3.7482751 3.7481402 3.7480054 3.7478708 3.7477364 3.7476021 3.747468 3.7473341 3.7472003 3.7470667 3.7469333 3.7468001 3.7466671 3.7465343
3.7539509 3.7538215 3.7536918 3.7535618 3.7534316 3.753301 3.7531702 3.7530391 3.7529078 3.7527763 3.7526446 3.7525127 3.7523806 3.7522483 3.7521159 3.7519834 3.7518507 3.7517179 3.751585 3.751452 3.7513189 3.7511858 3.7510526 3.7509193 3.750786 3.7506526 3.7505192 3.7503858 3.7502524 3.750119 3.7499856 3.7498522 3.7497188 3.7495855 3.7494522 3.7493189 3.7491857 3.7490526 3.7489195 3.7487865 3.7486536 3.7485207 3.748388 3.7482553 3.7481228 3.7479903 3.747858 3.7477258 3.7475937 3.7474618 3.7473299 3.7471983 3.7470667 3.7469354 3.7468041 3.7466731 3.7465421 3.7464114 3.7462808 3.7461504
