Cobbity4/FInal/QGIS/Backward.asc
NCOLS 600
NROWS 379
XLLCORNER 150.66
YLLCORNER -34.0282
CELLSIZE 1e-05
NODATA_VALUE -9999
[rows 104 to 129 of 379, columns 0 to 59 of 600]
3.5585499 3.5582119 3.5578721 3.5575305 3.557187 3.5568416 3.5564945 3.5561454 3.5557945 3.5554416 3.5550869 3.5547302 3.5543716 3.554011 3.5536485 3.5532841 3.5529176 3.5525491 3.5521787 3.5518062 3.5514317 3.5510551 3.5506765 3.5502958 3.549913 3.5495281 3.5491411 3.5487519 3.5483606 3.5479672 3.5475716 3.5471738 3.5467739 3.5463717 3.5459673 3.5455606 3.5451517 3.5447406 3.5443271 3.5439114 3.5434934 3.543073 3.5426503 3.5422253 3.5417979 3.5413681 3.5409359 3.5405013 3.5400642 3.5396248 3.5391828 3.5387384 3.5382916 3.5378422 3.5373903 3.5369358 3.5364788 3.5360192 3.5355571 3.5350923
3.5580074 3.5576652 3.5573211 3.5569751 3.5566273 3.5562776 3.5559259 3.5555724 3.5552169 3.5548594 3.5545 3.5541386 3.5537753 3.5534099 3.5530425 3.5526731 3.5523017 3.5519282 3.5515526 3.551175 3.5507952 3.5504133 3.5500294 3.5496432 3.549255 3.5488645 3.5484719 3.5480771 3.5476801 3.5472809 3.5468794 3.5464757 3.5460697 3.5456614 3.5452508 3.5448379 3.5444227 3.5440051 3.5435852 3.5431629 3.5427383 3.5423112 3.5418817 3.5414497 3.5410153 3.5405785 3.5401391 3.5396973 3.5392529 3.538806 3.5383566 3.5379045 3.5374499 3.5369927 3.5365329 3.5360704 3.5356053 3.5351375 3.534667 3.5341938
3.5574654 3.5571189 3.5567706 3.5564203 3.5560681 3.555714 3.5553579 3.5549998 3.5546397 3.5542777 3.5539136 3.5535475 3.5531793 3.5528091 3.5524369 3.5520625 3.5516861 3.5513075 3.5509268 3.550544 3.550159 3.5497718 3.5493825 3.5489909 3.5485972 3.5482012 3.5478029 3.5474024 3.5469997 3.5465946 3.5461872 3.5457775 3.5453654 3.544951 3.5445343 3.5441151 3.5436935 3.5432696 3.5428431 3.5424142 3.5419829 3.5415491 3.5411127 3.5406738 3.5402324 3.5397885 3.5393419 3.5388928 3.5384411 3.5379867 3.5375297 3.53707 3.5366076 3.5361425 3.5356748 3.5352042 3.5347309 3.5342548 3.5337759 3.5332942
3.5569239 3.5565732 3.5562206 3.555866 3.5555094 3.5551508 3.5547903 3.5544277 3.554063 3.5536963 3.5533276 3.5529568 3.5525838 3.5522088 3.5518316 3.5514523 3.5510708 3.5506872 3.5503014 3.5499133 3.5495231 3.5491306 3.5487359 3.5483389 3.5479396 3.547538 3.5471341 3.5467279 3.5463194 3.5459084 3.5454951 3.5450794 3.5446613 3.5442407 3.5438178 3.5433923 3.5429643 3.5425339 3.5421009 3.5416654 3.5412274 3.5407868 3.5403435 3.5398977 3.5394493 3.5389982 3.5385444 3.5380879 3.5376288 3.5371669 3.5367023 3.5362349 3.5357647 3.5352917 3.5348159 3.5343373 3.5338557 3.5333713 3.532884 3.5323937
3.556383 3.556028 3.5556711 3.5553122 3.5549513 3.5545883 3.5542232 3.5538561 3.5534869 3.5531155 3.5527421 3.5523665 3.5519888 3.5516089 3.5512268 3.5508425 3.550456 3.5500673 3.5496763 3.5492831 3.5488875 3.5484897 3.5480896 3.5476871 3.5472823 3.5468752 3.5464656 3.5460537 3.5456393 3.5452225 3.5448032 3.5443815 3.5439573 3.5435306 3.5431013 3.5426695 3.5422352 3.5417983 3.5413587 3.5409166 3.5404718 3.5400244 3.5395743 3.5391214 3.5386659 3.5382076 3.5377466 3.5372828 3.5368162 3.5363468 3.5358745 3.5353993 3.5349213 3.5344404 3.5339565 3.5334697 3.5329799 3.5324871 3.5319913 3.5314924
3.5558427 3.5554835 3.5551223 3.5547591 3.5543937 3.5540263 3.5536568 3.5532851 3.5529113 3.5525353 3.5521571 3.5517768 3.5513943 3.5510095 3.5506225 3.5502332 3.5498417 3.5494478 3.5490517 3.5486532 3.5482524 3.5478493 3.5474437 3.5470358 3.5466254 3.5462127 3.5457974 3.5453797 3.5449595 3.5445368 3.5441116 3.5436838 3.5432535 3.5428206 3.5423851 3.541947 3.5415062 3.5410628 3.5406166 3.5401678 3.5397163 3.539262 3.5388049 3.5383451 3.5378824 3.537417 3.5369486 3.5364774 3.5360033 3.5355263 3.5350464 3.5345635 3.5340775 3.5335886 3.5330967 3.5326016 3.5321035 3.5316023 3.5310979 3.5305904
3.5553031 3.5549397 3.5545742 3.5542066 3.5538369 3.553465 3.5530909 3.5527147 3.5523363 3.5519557 3.5515728 3.5511877 3.5508003 3.5504107 3.5500188 3.5496245 3.5492279 3.548829 3.5484276 3.5480239 3.5476178 3.5472093 3.5467983 3.5463849 3.545969 3.5455506 3.5451296 3.5447062 3.5442801 3.5438515 3.5434203 3.5429865 3.54255 3.5421109 3.5416691 3.5412246 3.5407774 3.5403274 3.5398747 3.5394192 3.5389608 3.5384997 3.5380357 3.5375688 3.537099 3.5366263 3.5361506 3.535672 3.5351904 3.5347058 3.5342181 3.5337273 3.5332335 3.5327365 3.5322364 3.5317332 3.5312267 3.530717 3.5302041 3.5296878
3.5547642 3.5543966 3.5540268 3.5536548 3.5532807 3.5529044 3.5525258 3.552145 3.551762 3.5513767 3.5509891 3.5505993 3.5502071 3.5498125 3.5494157 3.5490164 3.5486147 3.5482107 3.5478042 3.5473952 3.5469838 3.5465699 3.5461535 3.5457345 3.545313 3.544889 3.5444623 3.5440331 3.5436012 3.5431667 3.5427295 3.5422896 3.5418469 3.5414016 3.5409535 3.5405026 3.5400489 3.5395924 3.539133 3.5386707 3.5382056 3.5377376 3.5372666 3.5367926 3.5363156 3.5358357 3.5353527 3.5348666 3.5343774 3.5338851 3.5333897 3.5328911 3.5323893 3.5318843 3.531376 3.5308644 3.5303496 3.5298314 3.5293098 3.5287848
3.5542261 3.5538542 3.5534801 3.5531038 3.5527253 3.5523445 3.5519614 3.5515761 3.5511885 3.5507985 3.5504062 3.5500115 3.5496145 3.5492151 3.5488132 3.548409 3.5480022 3.547593 3.5471813 3.5467671 3.5463504 3.5459311 3.5455092 3.5450848 3.5446577 3.544228 3.5437956 3.5433605 3.5429228 3.5424823 3.5420391 3.5415931 3.5411443 3.5406927 3.5402383 3.5397809 3.5393208 3.5388577 3.5383916 3.5379226 3.5374507 3.5369757 3.5364977 3.5360166 3.5355325 3.5350452 3.5345548 3.5340613 3.5335645 3.5330645 3.5325613 3.5320548 3.531545 3.5310319 3.5305154 3.5299955 3.5294722 3.5289455 3.5284153 3.5278815
3.5536889 3.5533127 3.5529343 3.5525537 3.5521707 3.5517855 3.5513979 3.551008 3.5506157 3.5502211 3.549824 3.5494246 3.5490227 3.5486184 3.5482116 3.5478023 3.5473905 3.5469761 3.5465592 3.5461398 3.5457177 3.545293 3.5448657 3.5444357 3.544003 3.5435676 3.5431295 3.5426886 3.542245 3.5417985 3.5413493 3.5408972 3.5404422 3.5399843 3.5395235 3.5390598 3.5385931 3.5381234 3.5376507 3.537175 3.5366961 3.5362142 3.5357292 3.535241 3.5347496 3.534255 3.5337572 3.5332561 3.5327518 3.5322441 3.5317331 3.5312187 3.5307008 3.5301796 3.5296548 3.5291266 3.5285948 3.5280595 3.5275206 3.526978
3.5531525 3.5527721 3.5523894 3.5520043 3.551617 3.5512273 3.5508352 3.5504407 3.5500438 3.5496445 3.5492427 3.5488385 3.5484318 3.5480225 3.5476107 3.5471964 3.5467795 3.54636 3.5459379 3.5455132 3.5450858 3.5446557 3.5442228 3.5437873 3.543349 3.542908 3.5424641 3.5420174 3.5415679 3.5411154 3.5406601 3.5402019 3.5397407 3.5392766 3.5388094 3.5383392 3.537866 3.5373897 3.5369103 3.5364278 3.5359421 3.5354532 3.5349611 3.5344657 3.5339671 3.5334652 3.53296 3.5324514 3.5319394 3.5314239 3.5309051 3.5303827 3.5298568 3.5293274 3.5287944 3.5282578 3.5277175 3.5271735 3.5266258 3.5260744
3.5526171 3.5522324 3.5518454 3.551456 3.5510642 3.55067 3.5502734 3.5498743 3.5494728 3.5490688 3.5486623 3.5482533 3.5478417 3.5474275 3.5470108 3.5465914 3.5461694 3.5457448 3.5453174 3.5448874 3.5444546 3.5440191 3.5435808 3.5431398 3.5426958 3.5422491 3.5417995 3.5413469 3.5408915 3.5404331 3.5399717 3.5395073 3.5390399 3.5385695 3.538096 3.5376193 3.5371396 3.5366566 3.5361705 3.5356812 3.5351886 3.5346927 3.5341935 3.533691 3.5331852 3.5326759 3.5321632 3.531647 3.5311273 3.5306041 3.5300774 3.5295471 3.5290131 3.5284755 3.5279342 3.5273891 3.5268403 3.5262877 3.5257312 3.5251709
3.5520826 3.5516937 3.5513023 3.5509086 3.5505123 3.5501137 3.5497126 3.5493089 3.5489028 3.5484941 3.5480828 3.547669 3.5472525 3.5468335 3.5464118 3.5459874 3.5455603 3.5451305 3.5446979 3.5442626 3.5438244 3.5433835 3.5429397 3.5424931 3.5420435 3.5415911 3.5411357 3.5406773 3.5402159 3.5397515 3.5392841 3.5388136 3.53834 3.5378632 3.5373833 3.5369002 3.5364139 3.5359243 3.5354314 3.5349353 3.5344358 3.5339329 3.5334266 3.5329169 3.5324038 3.5318871 3.5313669 3.5308432 3.5303158 3.5297848 3.5292502 3.5287119 3.5281698 3.5276239 3.5270743 3.5265208 3.5259634 3.5254021 3.5248368 3.5242676
3.5515492 3.551156 3.5507603 3.5503622 3.5499615 3.5495584 3.5491527 3.5487445 3.5483338 3.5479204 3.5475044 3.5470857 3.5466644 3.5462404 3.5458137 3.5453843 3.5449521 3.5445171 3.5440793 3.5436387 3.5431952 3.5427488 3.5422996 3.5418474 3.5413922 3.540934 3.5404728 3.5400086 3.5395413 3.5390709 3.5385974 3.5381207 3.5376408 3.5371578 3.5366714 3.5361819 3.535689 3.5351927 3.5346931 3.5341901 3.5336837 3.5331738 3.5326604 3.5321435 3.5316231 3.531099 3.5305713 3.53004 3.5295049 3.5289661 3.5284236 3.5278772 3.527327 3.5267729 3.5262149 3.5256529 3.5250869 3.5245169 3.5239428 3.5233646
3.5510169 3.5506194 3.5502194 3.5498169 3.5494118 3.5490042 3.548594 3.5481812 3.5477658 3.5473477 3.546927 3.5465035 3.5460774 3.5456485 3.5452168 3.5447823 3.544345 3.5439048 3.5434618 3.5430159 3.542567 3.5421152 3.5416604 3.5412026 3.5407418 3.540278 3.539811 3.5393409 3.5388677 3.5383913 3.5379116 3.5374288 3.5369427 3.5364533 3.5359605 3.5354645 3.534965 3.5344621 3.5339557 3.5334459 3.5329325 3.5324156 3.5318951 3.531371 3.5308432 3.5303117 3.5297765 3.5292375 3.5286948 3.5281481 3.5275977 3.5270432 3.5264849 3.5259225 3.5253561 3.5247856 3.524211 3.5236323 3.5230493 3.5224621
3.5504857 3.5500839 3.5496796 3.5492727 3.5488632 3.5484512 3.5480364 3.5476191 3.547199 3.5467762 3.5463507 3.5459225 3.5454914 3.5450576 3.5446209 3.5441814 3.543739 3.5432936 3.5428454 3.5423942 3.5419399 3.5414827 3.5410224 3.540559 3.5400926 3.539623 3.5391502 3.5386743 3.5381951 3.5377127 3.537227 3.5367379 3.5362456 3.5357498 3.5352507 3.5347481 3.534242 3.5337324 3.5332193 3.5327026 3.5321823 3.5316583 3.5311307 3.5305993 3.5300642 3.5295253 3.5289826 3.528436 3.5278854 3.527331 3.5267725 3.5262101 3.5256435 3.5250729 3.524498 3.523919 3.5233358 3.5227483 3.5221564 3.5215602
3.5499556 3.5495496 3.549141 3.5487297 3.5483158 3.5478993 3.54748 3.5470581 3.5466334 3.5462059 3.5457757 3.5453426 3.5449067 3.5444679 3.5440263 3.5435817 3.5431342 3.5426837 3.5422302 3.5417736 3.541314 3.5408514 3.5403856 3.5399166 3.5394445 3.5389692 3.5384906 3.5380088 3.5375237 3.5370352 3.5365434 3.5360482 3.5355496 3.5350475 3.5345419 3.5340328 3.5335201 3.5330039 3.532484 3.5319604 3.5314331 3.5309021 3.5303673 3.5298287 3.5292862 3.5287399 3.5281896 3.5276353 3.5270771 3.5265147 3.5259483 3.5253778 3.524803 3.5242241 3.5236408 3.5230533 3.5224614 3.5218651 3.5212643 3.520659
3.5494268 3.5490165 3.5486036 3.548188 3.5477697 3.5473487 3.5469249 3.5464983 3.546069 3.5456369 3.5452019 3.544764 3.5443232 3.5438795 3.5434329 3.5429833 3.5425306 3.5420749 3.5416162 3.5411543 3.5406894 3.5402213 3.53975 3.5392754 3.5387977 3.5383166 3.5378323 3.5373446 3.5368535 3.536359 3.5358611 3.5353597 3.5348548 3.5343464 3.5338343 3.5333187 3.5327994 3.5322765 3.5317498 3.5312193 3.5306851 3.530147 3.5296051 3.5290592 3.5285094 3.5279556 3.5273977 3.5268358 3.5262698 3.5256996 3.5251252 3.5245465 3.5239636 3.5233763 3.5227846 3.5221885 3.5215879 3.5209828 3.5203731 3.5197588
3.5488993 3.5484848 3.5480675 3.5476475 3.5472248 3.5467993 3.546371 3.5459399 3.545506 3.5450691 3.5446294 3.5441867 3.5437411 3.5432924 3.5428408 3.5423861 3.5419284 3.5414675 3.5410035 3.5405364 3.5400661 3.5395925 3.5391157 3.5386356 3.5381521 3.5376654 3.5371752 3.5366816 3.5361846 3.5356841 3.5351801 3.5346725 3.5341613 3.5336465 3.5331281 3.5326059 3.53208 3.5315504 3.5310169 3.5304796 3.5299383 3.5293932 3.5288441 3.5282909 3.5277338 3.5271725 3.5266071 3.5260375 3.5254637 3.5248856 3.5243032 3.5237164 3.5231252 3.5225296 3.5219295 3.5213248 3.5207155 3.5201015 3.5194829 3.5188595
3.5483732 3.5479543 3.5475328 3.5471084 3.5466813 3.5462514 3.5458185 3.5453829 3.5449443 3.5445027 3.5440583 3.5436108 3.5431603 3.5427067 3.5422501 3.5417904 3.5413275 3.5408615 3.5403923 3.5399198 3.5394441 3.5389651 3.5384828 3.5379971 3.537508 3.5370155 3.5365196 3.5360201 3.5355171 3.5350106 3.5345004 3.5339867 3.5334692 3.5329481 3.5324232 3.5318945 3.531362 3.5308256 3.5302853 3.5297411 3.5291929 3.5286407 3.5280844 3.527524 3.5269595 3.5263907 3.5258177 3.5252404 3.5246588 3.5240729 3.5234824 3.5228875 3.5222881 3.5216842 3.5210756 3.5204623 3.5198443 3.5192215 3.5185939 3.5179614
3.5478484 3.5474253 3.5469994 3.5465708 3.5461392 3.5457048 3.5452675 3.5448272 3.544384 3.5439378 3.5434886 3.5430363 3.5425809 3.5421225 3.5416609 3.5411961 3.5407281 3.5402569 3.5397825 3.5393047 3.5388236 3.5383392 3.5378514 3.5373601 3.5368654 3.5363671 3.5358654 3.53536 3.5348511 3.5343385 3.5338223 3.5333023 3.5327786 3.5322511 3.5317198 3.5311845 3.5306454 3.5301023 3.5295553 3.5290042 3.528449 3.5278897 3.5273262 3.5267585 3.5261866 3.5256104 3.5250298 3.5244448 3.5238554 3.5232615 3.5226631 3.5220601 3.5214524 3.5208401 3.520223 3.5196011 3.5189744 3.5183428 3.5177062 3.5170646
3.547325 3.5468977 3.5464676 3.5460345 3.5455986 3.5451597 3.5447179 3.5442731 3.5438252 3.5433743 3.5429204 3.5424633 3.5420031 3.5415397 3.5410731 3.5406033 3.5401303 3.5396539 3.5391742 3.5386912 3.5382047 3.5377148 3.5372215 3.5367246 3.5362243 3.5357203 3.5352127 3.5347015 3.5341867 3.5336681 3.5331457 3.5326195 3.5320896 3.5315557 3.5310179 3.5304762 3.5299304 3.5293806 3.5288268 3.5282688 3.5277066 3.5271402 3.5265696 3.5259946 3.5254153 3.5248316 3.5242434 3.5236508 3.5230536 3.5224518 3.5218453 3.5212342 3.5206183 3.5199975 3.519372 3.5187415 3.518106 3.5174655 3.51682 3.5161693
3.5468032 3.5463716 3.5459372 3.5454998 3.5450595 3.5446162 3.5441698 3.5437204 3.543268 3.5428124 3.5423537 3.5418919 3.5414268 3.5409585 3.540487 3.5400122 3.539534 3.5390525 3.5385675 3.5380792 3.5375874 3.5370921 3.5365932 3.5360908 3.5355848 3.5350751 3.5345618 3.5340447 3.5335239 3.5329992 3.5324708 3.5319384 3.5314021 3.5308619 3.5303177 3.5297694 3.5292171 3.5286606 3.5280999 3.527535 3.5269659 3.5263924 3.5258146 3.5252323 3.5246456 3.5240544 3.5234587 3.5228583 3.5222533 3.5216436 3.5210291 3.5204099 3.5197857 3.5191566 3.5185225 3.5178834 3.5172392 3.5165899 3.5159353 3.5152755
3.5462829 3.5458471 3.5454084 3.5449667 3.5445219 3.5440742 3.5436233 3.5431694 3.5427124 3.5422521 3.5417887 3.5413221 3.5408522 3.540379 3.5399025 3.5394226 3.5389394 3.5384527 3.5379625 3.5374689 3.5369717 3.536471 3.5359667 3.5354587 3.534947 3.5344316 3.5339125 3.5333895 3.5328628 3.5323321 3.5317975 3.531259 3.5307165 3.5301699 3.5296192 3.5290644 3.5285055 3.5279423 3.5273748 3.526803 3.5262269 3.5256463 3.5250613 3.5244718 3.5238778 3.5232791 3.5226757 3.5220677 3.5214549 3.5208372 3.5202147 3.5195873 3.5189549 3.5183174 3.5176749 3.5170272 3.5163742 3.515716 3.5150524 3.5143835
3.5457642 3.5453242 3.5448812 3.5444351 3.543986 3.5435338 3.5430785 3.54262 3.5421584 3.5416935 3.5412254 3.540754 3.5402792 3.5398012 3.5393197 3.5388348 3.5383465 3.5378546 3.5373593 3.5368604 3.5363578 3.5358517 3.5353419 3.5348283 3.534311 3.5337899 3.533265 3.5327362 3.5322035 3.5316668 3.5311261 3.5305814 3.5300326 3.5294797 3.5289226 3.5283613 3.5277957 3.5272258 3.5266516 3.5260729 3.5254898 3.5249022 3.52431 3.5237132 3.5231117 3.5225056 3.5218947 3.5212789 3.5206583 3.5200328 3.5194022 3.5187667 3.518126 3.5174801 3.5168291 3.5161728 3.5155111 3.514844 3.5141714 3.5134933
3.5452471 3.5448029 3.5443556 3.5439053 3.5434518 3.5429952 3.5425354 3.5420724 3.5416061 3.5411366 3.5406638 3.5401876 3.5397081 3.5392251 3.5387387 3.5382488 3.5377554 3.5372584 3.5367578 3.5362536 3.5357458 3.5352342 3.5347189 3.5341998 3.5336769 3.5331501 3.5326194 3.5320847 3.5315461 3.5310034 3.5304567 3.5299058 3.5293507 3.5287915 3.5282279 3.5276601 3.5270879 3.5265113 3.5259303 3.5253447 3.5247547 3.52416 3.5235606 3.5229565 3.5223477 3.5217341 3.5211156 3.5204922 3.5198637 3.5192303 3.5185917 3.517948 3.5172991 3.5166449 3.5159853 3.5153204 3.5146499 3.513974 3.5132924 3.5126052
