Cobbity4/FInal/QGIS/Backward.asc
NCOLS 600
NROWS 379
XLLCORNER 150.66
YLLCORNER -34.0282
CELLSIZE 1e-05
NODATA_VALUE -9999
[rows 182 to 207 of 379, columns 120 to 179 of 600]
3.3727939 3.370414 3.368001 3.3655544 3.3630736 3.3605582 3.3580077 3.3554215 3.3527992 3.3501402 3.347444 3.3447102 3.3419383 3.3391277 3.3362781 3.333389 3.3304598 3.3274902 3.3244797 3.321428 3.3183347 3.3151993 3.3120217 3.3088013 3.3055381 3.3022316 3.2988818 3.2954884 3.2920513 3.2885705 3.285046 3.2814777 3.2778659 3.2742107 3.2705123 3.2667712 3.2629879 3.259163 3.2552972 3.2513914 3.2474468 3.2434647 3.2394468 3.2353949 3.2313114 3.2271992 3.2230618 3.2189033 3.2147293 3.2105462 3.2063625 3.2021888 3.1980389 3.1939307 3.1898878 3.1859413 3.1821329 3.178519 3.175176 3.1722086
3.371645 3.3692458 3.3668128 3.3643454 3.361843 3.3593051 3.3567311 3.3541205 3.3514727 3.3487871 3.3460631 3.3433002 3.3404978 3.3376553 3.3347721 3.3318476 3.3288814 3.3258727 3.322821 3.3197257 3.3165864 3.3134024 3.3101731 3.3068981 3.3035768 3.3002087 3.2967932 3.2933299 3.2898182 3.2862578 3.2826482 3.2789888 3.2752794 3.2715196 3.2677089 3.2638472 3.259934 3.2559692 3.2519527 3.2478842 3.2437639 3.2395919 3.2353684 3.2310938 3.226769 3.2223949 3.2179732 3.2135059 3.208996 3.2044477 3.1998665 3.1952601 3.1906391 3.1860181 3.1814169 3.1768632 3.1723951 3.1680655 3.1639483 3.1601466
3.3705236 3.3681057 3.3656532 3.3631656 3.3606422 3.3580825 3.3554857 3.3528514 3.3501788 3.3474674 3.3447164 3.3419252 3.3390931 3.3362194 3.3333036 3.3303448 3.3273424 3.3242956 3.3212038 3.3180662 3.3148821 3.3116507 3.3083713 3.3050431 3.3016653 3.2982372 3.2947579 3.2912267 3.2876426 3.2840049 3.2803126 3.276565 3.272761 3.2688999 3.2649805 3.2610021 3.2569635 3.2528638 3.2487019 3.2444769 3.2401877 3.2358332 3.2314126 3.2269249 3.2223693 3.2177453 3.2130527 3.2082916 3.2034628 3.1985681 3.1936107 3.1885953 3.1835297 3.1784251 3.1732979 3.168172 3.1630816 3.1580757 3.1532242 3.1486271
3.3694304 3.3669944 3.3645231 3.3620159 3.3594722 3.3568913 3.3542725 3.3516152 3.3489187 3.3461821 3.3434049 3.3405863 3.3377255 3.3348217 3.3318742 3.3288821 3.3258447 3.322761 3.3196303 3.3164517 3.3132242 3.3099469 3.3066189 3.3032392 3.2998068 3.2963206 3.2927796 3.2891826 3.2855286 3.2818162 3.2780442 3.2742114 3.2703163 3.2663576 3.2623337 3.2582431 3.2540841 3.249855 3.245554 3.2411791 3.2367285 3.2322 3.2275915 3.222901 3.2181263 3.2132654 3.2083163 3.2032775 3.1981479 3.192927 3.1876156 3.182216 3.1767329 3.1711744 3.1655534 3.1598897 3.154213 3.148567 3.1430156 3.1376521
3.3683661 3.3659125 3.3634231 3.3608971 3.3583337 3.3557324 3.3530924 3.3504129 3.3476932 3.3449325 3.34213 3.3392849 3.3363963 3.3334635 3.3304854 3.3274612 3.32439 3.3212708 3.3181025 3.3148843 3.3116149 3.3082934 3.3049186 3.3014893 3.2980042 3.2944621 3.2908617 3.2872015 3.2834802 3.2796961 3.2758476 3.2719331 3.2679507 3.2638986 3.2597747 3.2555769 3.251303 3.2469505 3.242517 3.2379997 3.2333958 3.2287024 3.2239163 3.2190342 3.2140528 3.2089687 3.2037785 3.198479 3.1930674 3.1875412 3.181899 3.1761405 3.1702678 3.1642857 3.1582032 3.1520359 3.1458079 3.1395563 3.1333364 3.12723
3.3673312 3.3648609 3.362354 3.3598098 3.3572277 3.3546068 3.3519463 3.3492455 3.3465035 3.3437196 3.3408928 3.3380222 3.335107 3.3321461 3.3291387 3.3260836 3.3229799 3.3198265 3.3166223 3.313366 3.3100565 3.3066925 3.3032728 3.2997959 3.2962603 3.2926647 3.2890075 3.2852869 3.2815012 3.2776485 3.2737271 3.2697346 3.2656691 3.261528 3.2573091 3.2530096 3.2486267 3.2441574 3.2395986 3.2349468 3.2301985 3.2253498 3.2203966 3.2153348 3.2101598 3.204867 3.1994518 3.1939095 3.1882355 3.1824256 3.1764763 3.1703851 3.1641511 3.157776 3.1512649 3.1446284 3.1378844 3.1310618 3.1242048 3.1173796
3.3663265 3.36384 3.3613165 3.358755 3.3561547 3.353515 3.350835 3.3481138 3.3453505 3.3425443 3.3396943 3.3367993 3.3338586 3.330871 3.3278354 3.3247509 3.3216161 3.31843 3.3151913 3.3118987 3.3085509 3.3051464 3.3016838 3.2981615 3.2945779 3.2909313 3.2872199 3.2834418 3.279595 3.2756773 3.2716866 3.2676203 3.263476 3.2592509 3.2549422 3.2505467 3.2460612 3.2414821 3.2368056 3.2320277 3.2271442 3.2221503 3.2170414 3.2118121 3.2064572 3.2009708 3.1953472 3.1895803 3.1836641 3.1775928 3.1713607 3.1649633 3.158397 3.1516601 3.1447538 3.1376834 3.13046 3.1231033 3.1156443 3.1081308
3.3653524 3.3628507 3.3603112 3.3577331 3.3551157 3.3524581 3.3497594 3.3470187 3.3442352 3.3414078 3.3385355 3.3356174 3.3326524 3.3296393 3.326577 3.3234643 3.3203 3.3170829 3.3138114 3.3104843 3.3071 3.3036571 3.3001538 3.2965885 3.2929594 3.2892645 3.2855019 3.2816694 3.2777649 3.2737859 3.2697298 3.2655941 3.2613757 3.2570717 3.2526788 3.2481934 3.2436119 3.2389302 3.234144 3.2292488 3.2242396 3.2191113 3.2138581 3.2084743 3.2029534 3.1972889 3.1914739 3.1855012 3.1793634 3.1730531 3.1665631 3.1598865 3.1530172 3.1459504 3.1386832 3.1312157 3.1235518 3.1157013 3.1076819 3.0995213
3.3644097 3.3618933 3.3593387 3.356745 3.3541112 3.3514366 3.3487202 3.3459611 3.3431583 3.3403108 3.3374176 3.3344774 3.3314894 3.3284521 3.3253645 3.3222253 3.3190331 3.3157865 3.3124841 3.3091244 3.3057057 3.3022265 3.2986849 3.295079 3.291407 3.2876667 3.283856 3.2799725 3.2760138 3.2719773 3.2678601 3.2636594 3.2593719 3.2549943 3.250523 3.2459541 3.2412835 3.2365068 3.2316192 3.2266157 3.2214908 3.2162388 3.2108533 3.2053279 3.1996555 3.1938287 3.1878396 3.18168 3.1753414 3.168815 3.162092 3.1551636 3.1480212 3.1406571 3.1330644 3.125238 3.1171751 3.108876 3.1003449 3.0915909
3.3634987 3.3609686 3.3583997 3.3557911 3.353142 3.3504513 3.3477182 3.3449417 3.3421208 3.3392543 3.3363412 3.3333804 3.3303706 3.3273107 3.3241993 3.321035 3.3178165 3.3145423 3.3112109 3.3078205 3.3043696 3.3008563 3.2972788 3.293635 3.2899229 3.2861402 3.2822845 3.2783535 3.2743443 3.2702543 3.2660804 3.2618194 3.2574679 3.2530223 3.2484786 3.2438328 3.2390802 3.2342162 3.2292357 3.2241331 3.2189027 3.213538 3.2080324 3.2023787 3.1965693 3.190596 3.1844502 3.1781229 3.1716045 3.164885 3.1579541 3.1508014 3.1434161 3.1357877 3.1279058 3.1197606 3.111343 3.1026445 3.0936578 3.0843753
3.36262 3.360077 3.3574947 3.3548722 3.3522085 3.3495028 3.3467541 3.3439613 3.3411233 3.3382391 3.3353074 3.3323272 3.3292971 3.3262159 3.3230822 3.3198946 3.3166516 3.3133516 3.309993 3.3065742 3.3030932 3.2995483 3.2959373 3.2922583 3.2885089 3.2846869 3.2807897 3.2768146 3.2727589 3.2686195 3.2643934 3.260077 3.2556667 3.2511587 3.2465488 3.2418326 3.2370054 3.2320621 3.2269973 3.221805 3.2164792 3.2110131 3.2053996 3.1996309 3.1936991 3.1875953 3.1813104 3.1748344 3.1681571 3.1612674 3.1541539 3.1468045 3.1392066 3.1313474 3.1232134 3.1147906 3.1060645 3.0970196 3.0876386 3.0779011
3.3617741 3.359219 3.3566241 3.3539886 3.3513115 3.3485918 3.3458284 3.3430204 3.3401666 3.3372658 3.3343169 3.3313187 3.3282697 3.3251688 3.3220144 3.3188051 3.3155393 3.3122154 3.3088318 3.3053865 3.3018778 3.2983036 3.2946619 3.2909504 3.2871668 3.2833086 3.2793732 3.2753579 3.2712595 3.2670751 3.2628012 3.2584344 3.2539707 3.2494061 3.2447363 3.2399566 3.2350621 3.2300475 3.224907 3.2196346 3.2142237 3.2086674 3.2029581 3.1970879 3.1910482 3.1848298 3.178423 3.1718174 3.165002 3.1579649 3.1506936 3.143175 3.1353949 3.1273385 3.1189896 3.1103312 3.1013443 3.0920079 3.0822973 3.072183
3.3609613 3.358395 3.3557886 3.353141 3.3504514 3.3477187 3.3449418 3.3421197 3.3392513 3.3363352 3.3333704 3.3303555 3.3272892 3.3241701 3.3209966 3.3177674 3.3144807 3.3111349 3.3077282 3.3042588 3.3007247 3.2971238 3.2934539 3.2897128 3.285898 3.2820069 3.2780369 3.2739849 3.269848 3.2656228 3.2613059 3.2568936 3.2523819 3.2477666 3.2430432 3.2382069 3.2332525 3.2281746 3.2229672 3.2176241 3.2121384 3.206503 3.2007102 3.1947517 3.1886185 3.1823013 3.1757898 3.1690733 3.1621402 3.1549781 3.1475738 3.1399131 3.1319807 3.1237602 3.1152338 3.1063817 3.097182 3.0876095 3.077635 3.0672227
3.3601821 3.3576055 3.3549884 3.3523298 3.3496287 3.3468841 3.3440948 3.3412598 3.338378 3.335448 3.3324686 3.3294385 3.3263563 3.3232205 3.3200297 3.3167823 3.3134766 3.3101109 3.3066833 3.303192 3.2996348 3.2960098 3.2923145 3.2885467 3.2847038 3.2807831 3.2767819 3.2726972 3.2685258 3.2642642 3.259909 3.2554563 3.2509021 3.246242 3.2414713 3.2365852 3.2315784 3.2264452 3.2211796 3.2157751 3.2102249 3.2045216 3.1986572 3.1926234 3.1864109 3.1800103 3.173411 3.166602 3.1595713 3.1523062 3.1447928 3.1370165 3.1289612 3.1206093 3.1119418 3.1029373 3.0935718 3.0838179 3.0736435 3.06301
3.3594368 3.3568508 3.354224 3.3515553 3.3488438 3.3460884 3.3432879 3.3404412 3.3375472 3.3346045 3.3316119 3.3285681 3.3254715 3.3223208 3.3191144 3.3158507 3.3125279 3.3091442 3.3056979 3.3021869 3.2986092 3.2949625 3.2912446 3.287453 3.2835851 3.2796383 3.2756095 3.2714959 3.267294 3.2630005 3.2586118 3.2541238 3.2495325 3.2448334 3.2400219 3.2350928 3.2300409 3.2248604 3.2195452 3.2140887 3.208484 3.2027236 3.1967995 3.1907031 3.1844253 3.1779563 3.1712856 3.1644019 3.1572931 3.1499463 3.1423473 3.1344811 3.1263311 3.1178794 3.1091061 3.099989 3.0905033 3.0806203 3.070307 3.0595242
3.3587258 3.3561313 3.3534958 3.350818 3.3480971 3.3453319 3.3425214 3.3396642 3.3367593 3.3338053 3.330801 3.3277449 3.3246356 3.3214715 3.3182512 3.314973 3.311635 3.3082356 3.3047727 3.3012444 3.2976485 3.2939828 3.290245 3.2864326 3.2825429 3.2785732 3.2745206 3.2703818 3.2661537 3.2618326 3.257415 3.2528968 3.2482739 3.2435417 3.2386956 3.2337303 3.2286406 3.2234207 3.2180643 3.212565 3.2069156 3.2011088 3.1951365 3.18899 3.1826604 3.1761377 3.1694114 3.1624703 3.1553022 3.1478942 3.140232 3.1323006 3.1240833 3.1155619 3.1067165 3.0975247 3.0879615 3.0779984 3.0676028 3.0567365
3.3580492 3.3554473 3.3528039 3.3501182 3.347389 3.3446152 3.3417957 3.3389293 3.3360148 3.3330509 3.3300362 3.3269693 3.3238488 3.3206732 3.3174407 3.3141498 3.3107986 3.3073854 3.3039082 3.3003649 3.2967533 3.2930713 3.2893165 3.2854862 3.2815779 3.2775887 3.2735157 3.2693557 3.2651054 3.2607612 3.2563194 3.251776 3.2471269 3.2423674 3.2374928 3.2324981 3.2273777 3.222126 3.2167368 3.2112035 3.2055192 3.1996763 3.1936669 3.1874825 3.1811141 3.1745517 3.1677852 3.1608032 3.1535939 3.1461442 3.1384404 3.1304672 3.1222083 3.1136457 3.1047598 3.0955287 3.0859278 3.0759297 3.0655031 3.0546121
3.3574074 3.3547989 3.3521488 3.3494561 3.3467196 3.3439384 3.3411112 3.3382368 3.335314 3.3323415 3.3293179 3.3262418 3.3231117 3.319926 3.3166832 3.3133815 3.3100191 3.3065942 3.3031049 3.2995489 3.2959242 3.2922285 3.2884593 3.2846142 3.2806904 3.2766851 3.2725953 3.2684179 3.2641494 3.2597865 3.2553252 3.2507616 3.2460915 3.2413104 3.2364136 3.2313958 3.2262519 3.2209759 3.2155619 3.2100034 3.2042933 3.1984244 3.1923888 3.1861781 3.1797833 3.1731949 3.1664027 3.1593957 3.1521622 3.1446895 3.1369641 3.1289713 3.120695 3.1121179 3.1032209 3.093983 3.0843808 3.0743884 3.0639765 3.0531122
3.3568006 3.3541865 3.3515306 3.3488319 3.3460893 3.3433017 3.340468 3.3375869 3.3346571 3.3316774 3.3286463 3.3255625 3.3224244 3.3192305 3.3159791 3.3126684 3.3092968 3.3058624 3.302363 3.2987967 3.2951613 3.2914545 3.2876739 3.2838168 3.2798806 3.2758626 3.2717596 3.2675685 3.263286 3.2589085 3.2544323 3.2498534 3.2451676 3.2403705 3.2354573 3.230423 3.2252622 3.2199693 3.2145384 3.2089629 3.2032362 3.1973509 3.1912994 3.1850735 3.1786644 3.1720628 3.1652588 3.1582417 3.1510002 3.143522 3.135794 3.1278021 3.1195309 3.1109637 3.1020826 3.0928676 3.0832968 3.0733462 3.0629891 3.0521958
3.3562288 3.3536101 3.3509494 3.3482458 3.3454982 3.3427055 3.3398664 3.3369798 3.3340444 3.3310588 3.3280218 3.3249317 3.3217872 3.3185867 3.3153285 3.3120108 3.3086319 3.30519 3.3016829 3.2981086 3.294465 3.2907497 3.2869602 3.2830942 3.2791488 3.2751212 3.2710085 3.2668075 3.2625149 3.2581271 3.2536405 3.2490511 3.2443547 3.2395469 3.2346232 3.2295784 3.2244075 3.2191048 3.2136644 3.2080802 3.2023454 3.1964529 3.1903954 3.1841649 3.1777528 3.1711502 3.1643475 3.1573344 3.1501 3.1426326 3.1349197 3.1269477 3.1187022 3.1101675 3.1013266 3.092161 3.0826507 3.0727737 3.0625059 3.0518212
3.3556923 3.3530699 3.3504054 3.347698 3.3449465 3.3421497 3.3393065 3.3364157 3.3334759 3.3304859 3.3274443 3.3243496 3.3212003 3.3179948 3.3147315 3.3114087 3.3080245 3.3045771 3.3010645 3.2974845 3.2938351 3.2901139 3.2863185 3.2824463 3.2784947 3.2744609 3.270342 3.2661347 3.2618358 3.2574419 3.2529492 3.2483539 3.2436519 3.2388388 3.2339101 3.2288609 3.2236862 3.2183804 3.2129379 3.2073525 3.2016179 3.1957272 3.1896731 3.1834479 3.1770436 3.1704515 3.1636623 3.1566663 3.1494531 3.1420116 3.1343299 3.1263953 3.1181943 3.1097123 3.1009334 3.0918409 3.0824165 3.0726404 3.0624914 3.0519466
3.3551911 3.3525659 3.3498988 3.3471885 3.3444342 3.3416345 3.3387884 3.3358946 3.3329518 3.3299587 3.326914 3.3238161 3.3206636 3.3174549 3.3141883 3.3108622 3.3074746 3.3040238 3.3005078 3.2969245 3.2932716 3.289547 3.2857483 3.2818729 3.2779181 3.2738813 3.2697594 3.2655495 3.2612481 3.256852 3.2523576 3.2477609 3.243058 3.2382447 3.2333165 3.2282687 3.2230963 3.217794 3.2123562 3.2067771 3.2010505 3.1951698 3.1891279 3.1829177 3.1765312 3.1699602 3.163196 3.1562293 3.1490503 3.1416485 3.1340129 3.1261316 3.117992 3.1095806 3.1008832 3.0918845 3.0825679 3.0729162 3.0629106 3.0525315
3.3547252 3.3520983 3.3494294 3.3467174 3.3439613 3.3411599 3.338312 3.3354165 3.332472 3.3294773 3.3264308 3.3233313 3.3201772 3.3169669 3.3136987 3.3103711 3.3069821 3.30353 3.3000127 3.2964282 3.2927743 3.2890489 3.2852494 3.2813735 3.2774186 3.2733818 3.2692603 3.2650511 3.260751 3.2563567 3.2518646 3.2472709 3.2425718 3.2377632 3.2328407 3.2277998 3.2226355 3.2173428 3.2119164 3.2063506 3.2006394 3.1947765 3.1887553 3.1825688 3.1762095 3.1696696 3.162941 3.1560148 3.1488819 3.1415325 3.1339564 3.1261425 3.1180794 3.1097548 3.1011558 3.0922686 3.0830788 3.073571 3.0637292 3.0535367
3.3542947 3.351667 3.3489973 3.3462846 3.3435279 3.3407259 3.3378775 3.3349814 3.3320365 3.3290414 3.3259948 3.3228951 3.3197409 3.3165306 3.3132626 3.3099353 3.3065468 3.3030953 3.2995788 3.2959954 3.2923429 3.288619 3.2848214 3.2809478 3.2769955 3.2729618 3.2688439 3.2646389 3.2603436 3.2559548 3.2514689 3.2468825 3.2421917 3.2373925 3.2324807 3.2274518 3.2223013 3.2170242 3.2116154 3.2060694 3.2003806 3.1945429 3.1885501 3.1823955 3.1760721 3.1695726 3.1628892 3.1560138 3.1489378 3.1416523 3.1341477 3.126414 3.1184408 3.1102169 3.101731 3.0929707 3.0839233 3.0745758 3.0649144 3.0549251
3.3538995 3.3512719 3.3486025 3.3458902 3.3431338 3.3403323 3.3374846 3.3345893 3.3316453 3.3286512 3.3256056 3.3225072 3.3193545 3.3161459 3.3128798 3.3095546 3.3061684 3.3027195 3.2992059 3.2956257 3.2919767 3.2882568 3.2844637 3.2805949 3.2766481 3.2726204 3.2685092 3.2643116 3.2600246 3.2556449 3.2511692 3.2465941 3.2419158 3.2371305 3.2322341 3.2272224 3.2220909 3.2168349 3.2114495 3.2059296 3.2002697 3.1944641 3.1885069 3.1823919 3.1761124 3.1696617 3.1630324 3.1562171 3.1492079 3.1419964 3.134574 3.1269317 3.1190601 3.1109492 3.1025888 3.0939682 3.0850766 3.0759026 3.0664347 3.0566614
3.3535395 3.3509131 3.3482449 3.3455339 3.342779 3.3399792 3.3371332 3.3342399 3.331298 3.3283063 3.3252632 3.3221676 3.3190179 3.3158125 3.3125499 3.3092285 3.3058465 3.3024021 3.2988935 3.2953186 3.2916754 3.2879618 3.2841755 3.2803142 3.2763755 3.2723567 3.2682552 3.2640682 3.2597927 3.2554257 3.2509638 3.2464038 3.2417421 3.236975 3.2320985 3.2271086 3.2220011 3.2167715 3.2114151 3.205927 3.2003021 3.194535 3.1886202 3.1825517 3.1763235 3.1699292 3.1633621 3.1566153 3.1496816 3.1425533 3.1352227 3.1276816 3.1199216 3.1119339 3.1037097 3.0952397 3.0865145 3.0775246 3.0682605 3.0587129
