Cobbity4/FInal/QGIS/Doalem.asc
NCOLS 499
NROWS 379
XLLCORNER 150.661
YLLCORNER -34.0271
CELLSIZE 1e-05
NODATA_VALUE -9999
[rows 0 to 25 of 379, columns 180 to 239 of 499]
4.8898983 4.8899339 4.8899502 4.8899473 4.8899252 4.8898839 4.8898233 4.8897437 4.8896448 4.8895269 4.8893899 4.8892338 4.8890588 4.8888647 4.8886518 4.88842 4.8881693 4.8878999 4.8876118 4.887305 4.8869797 4.8866357 4.8862734 4.8858926 4.8854935 4.8850762 4.8846407 4.8841871 4.8837155 4.883226 4.8827187 4.8821936 4.881651 4.8810907 4.8805131 4.8799181 4.8793059 4.8786767 4.8780304 4.8773672 4.8766872 4.8759907 4.8752776 4.8745481 4.8738023 4.8730404 4.8722625 4.8714687 4.8706592 4.8698341 4.8689935 4.8681376 4.8672666 4.8663805 4.8654796 4.8645639 4.8636337 4.862689 4.8617301 4.8607571
4.8923107 4.8923454 4.8923606 4.8923564 4.8923328 4.8922898 4.8922275 4.8921457 4.8920447 4.8919243 4.8917847 4.8916258 4.8914478 4.8912506 4.8910343 4.8907989 4.8905446 4.8902712 4.889979 4.8896679 4.889338 4.8889894 4.8886222 4.8882364 4.887832 4.8874093 4.8869682 4.8865088 4.8860312 4.8855356 4.885022 4.8844904 4.8839411 4.883374 4.8827893 4.8821872 4.8815676 4.8809308 4.8802768 4.8796057 4.8789178 4.878213 4.8774915 4.8767535 4.8759991 4.8752284 4.8744415 4.8736386 4.8728199 4.8719853 4.8711352 4.8702697 4.8693888 4.8684928 4.8675817 4.8666558 4.8657153 4.8647601 4.8637906 4.8628069
4.8947372 4.894771 4.8947851 4.8947796 4.8947546 4.8947099 4.8946457 4.8945619 4.8944586 4.8943358 4.8941936 4.8940319 4.8938508 4.8936504 4.8934307 4.8931918 4.8929336 4.8926563 4.8923599 4.8920445 4.8917101 4.8913568 4.8909846 4.8905937 4.890184 4.8897558 4.889309 4.8888438 4.8883602 4.8878584 4.8873383 4.8868002 4.8862441 4.8856701 4.8850783 4.8844689 4.8838418 4.8831974 4.8825356 4.8818566 4.8811605 4.8804474 4.8797175 4.8789709 4.8782077 4.8774281 4.8766321 4.87582 4.8749919 4.8741478 4.873288 4.8724127 4.8715219 4.8706157 4.8696945 4.8687583 4.8678072 4.8668415 4.8658612 4.8648667
4.8971779 4.8972108 4.8972239 4.8972171 4.8971905 4.8971442 4.8970781 4.8969923 4.8968867 4.8967615 4.8966166 4.8964521 4.896268 4.8960644 4.8958412 4.8955987 4.8953367 4.8950554 4.8947548 4.8944349 4.8940959 4.8937378 4.8933607 4.8929646 4.8925496 4.8921159 4.8916634 4.8911922 4.8907025 4.8901944 4.8896679 4.8891231 4.8885601 4.8879791 4.8873801 4.8867633 4.8861288 4.8854766 4.8848069 4.8841198 4.8834155 4.8826941 4.8819556 4.8812003 4.8804282 4.8796395 4.8788344 4.8780129 4.8771753 4.8763216 4.875452 4.8745667 4.8736658 4.8727495 4.8718179 4.8708712 4.8699096 4.8689331 4.867942 4.8669364
4.899633 4.8996649 4.8996769 4.8996688 4.8996408 4.8995928 4.8995248 4.8994369 4.8993291 4.8992014 4.8990538 4.8988864 4.8986993 4.8984924 4.8982658 4.8980196 4.8977538 4.8974684 4.8971636 4.8968393 4.8964957 4.8961328 4.8957506 4.8953493 4.8949289 4.8944895 4.8940312 4.8935541 4.8930582 4.8925437 4.8920107 4.8914591 4.8908893 4.8903012 4.8896949 4.8890706 4.8884284 4.8877685 4.8870908 4.8863956 4.8856829 4.884953 4.8842058 4.8834417 4.8826606 4.8818628 4.8810483 4.8802174 4.8793702 4.8785067 4.8776273 4.8767319 4.8758208 4.8748942 4.8739521 4.8729948 4.8720224 4.871035 4.8700329 4.8690163
4.9021024 4.9021335 4.9021443 4.902135 4.9021055 4.9020558 4.9019859 4.9018959 4.9017858 4.9016556 4.9015054 4.9013351 4.9011449 4.9009347 4.9007047 4.9004548 4.9001851 4.8998956 4.8995865 4.8992577 4.8989094 4.8985416 4.8981544 4.8977478 4.8973219 4.8968769 4.8964127 4.8959296 4.8954275 4.8949065 4.8943668 4.8938085 4.8932316 4.8926363 4.8920227 4.8913909 4.890741 4.8900731 4.8893873 4.8886838 4.8879628 4.8872242 4.8864683 4.8856952 4.884905 4.884098 4.8832741 4.8824336 4.8815766 4.8807033 4.8798138 4.8789082 4.8779868 4.8770497 4.876097 4.875129 4.8741457 4.8731473 4.8721341 4.8711062
4.9045863 4.9046165 4.9046263 4.9046156 4.9045846 4.9045332 4.9044615 4.9043694 4.904257 4.9041243 4.9039714 4.9037982 4.9036049 4.9033914 4.9031578 4.9029042 4.9026306 4.902337 4.9020236 4.9016903 4.9013372 4.9009645 4.9005721 4.9001602 4.8997288 4.8992781 4.898808 4.8983187 4.8978103 4.8972828 4.8967364 4.8961712 4.8955873 4.8949847 4.8943636 4.8937242 4.8930664 4.8923905 4.8916966 4.8909847 4.8902551 4.8895079 4.8887431 4.8879609 4.8871616 4.8863451 4.8855117 4.8846615 4.8837946 4.8829113 4.8820116 4.8810958 4.8801639 4.8792162 4.8782528 4.8772738 4.8762795 4.8752701 4.8742456 4.8732062
4.9070848 4.9071141 4.9071228 4.9071108 4.9070783 4.9070252 4.9069516 4.9068574 4.9067427 4.9066075 4.9064518 4.9062758 4.9060793 4.9058625 4.9056254 4.905368 4.9050904 4.9047927 4.9044749 4.904137 4.9037792 4.9034015 4.903004 4.9025867 4.9021497 4.9016931 4.9012171 4.9007216 4.9002068 4.8996727 4.8991196 4.8985474 4.8979563 4.8973464 4.8967177 4.8960705 4.8954049 4.8947209 4.8940187 4.8932984 4.8925601 4.891804 4.8910303 4.8902389 4.8894302 4.8886043 4.8877612 4.8869012 4.8860244 4.8851309 4.8842209 4.8832946 4.8823522 4.8813937 4.8804194 4.8794295 4.878424 4.8774032 4.8763673 4.8753164
4.9095979 4.9096263 4.9096339 4.9096207 4.9095867 4.9095319 4.9094563 4.90936 4.909243 4.9091053 4.9089469 4.9087679 4.9085683 4.9083481 4.9081074 4.9078463 4.9075647 4.9072628 4.9069406 4.9065981 4.9062355 4.9058527 4.9054499 4.9050272 4.9045846 4.9041222 4.9036401 4.9031383 4.9026171 4.9020764 4.9015164 4.9009371 4.9003388 4.8997214 4.8990851 4.8984301 4.8977564 4.8970642 4.8963536 4.8956248 4.8948778 4.8941128 4.8933299 4.8925293 4.8917111 4.8908756 4.8900227 4.8891527 4.8882658 4.8873621 4.8864417 4.8855048 4.8845516 4.8835823 4.882597 4.8815959 4.8805791 4.8795469 4.8784994 4.8774369
4.9121257 4.9121532 4.9121598 4.9121453 4.9121098 4.9120533 4.9119758 4.9118774 4.9117581 4.9116178 4.9114567 4.9112747 4.9110719 4.9108483 4.9106041 4.9103391 4.9100535 4.9097474 4.9094207 4.9090736 4.9087061 4.9083183 4.9079102 4.907482 4.9070336 4.9065653 4.9060771 4.905569 4.9050412 4.9044938 4.9039268 4.9033405 4.9027348 4.9021099 4.9014659 4.900803 4.9001212 4.8994207 4.8987016 4.897964 4.8972082 4.8964341 4.8956421 4.8948321 4.8940044 4.893159 4.8922963 4.8914162 4.8905191 4.8896049 4.888674 4.8877264 4.8867624 4.885782 4.8847856 4.8837732 4.882745 4.8817012 4.880642 4.8795676
4.9146683 4.914695 4.9147004 4.9146847 4.9146477 4.9145895 4.9145101 4.9144096 4.9142879 4.9141451 4.9139812 4.9137962 4.9135903 4.9133633 4.9131154 4.9128466 4.912557 4.9122465 4.9119154 4.9115636 4.9111911 4.9107982 4.9103848 4.909951 4.9094969 4.9090226 4.9085282 4.9080137 4.9074793 4.9069251 4.9063511 4.9057576 4.9051444 4.9045119 4.9038601 4.9031892 4.9024992 4.9017903 4.9010626 4.9003163 4.8995515 4.8987683 4.8979668 4.8971474 4.89631 4.8954548 4.894582 4.8936917 4.8927842 4.8918595 4.8909179 4.8899595 4.8889844 4.8879929 4.8869852 4.8859613 4.8849215 4.883866 4.882795 4.8817085
4.9172258 4.9172516 4.917256 4.917239 4.9172005 4.9171406 4.9170593 4.9169567 4.9168326 4.9166873 4.9165206 4.9163326 4.9161234 4.915893 4.9156415 4.9153688 4.9150751 4.9147604 4.9144247 4.9140681 4.9136908 4.9132926 4.9128738 4.9124344 4.9119745 4.9114942 4.9109935 4.9104726 4.9099315 4.9093704 4.9087893 4.9081885 4.9075678 4.9069276 4.9062679 4.9055889 4.9048906 4.9041731 4.9034368 4.9026816 4.9019077 4.9011152 4.9003043 4.8994752 4.898628 4.8977628 4.8968799 4.8959793 4.8950613 4.8941259 4.8931735 4.8922041 4.8912179 4.8902151 4.8891959 4.8881604 4.8871089 4.8860415 4.8849585 4.8838599
4.9197982 4.9198232 4.9198265 4.9198082 4.9197683 4.9197067 4.9196235 4.9195187 4.9193923 4.9192444 4.9190749 4.918884 4.9186715 4.9184377 4.9181825 4.9179059 4.9176081 4.917289 4.9169488 4.9165874 4.916205 4.9158017 4.9153774 4.9149324 4.9144666 4.9139801 4.9134731 4.9129457 4.9123978 4.9118298 4.9112415 4.9106333 4.9100051 4.909357 4.9086893 4.9080021 4.9072954 4.9065693 4.9058242 4.9050599 4.9042769 4.903475 4.9026546 4.9018157 4.9009586 4.9000833 4.8991901 4.898279 4.8973503 4.8964042 4.8954408 4.8944603 4.8934628 4.8924486 4.8914177 4.8903706 4.8893072 4.8882277 4.8871325 4.8860216
4.9223856 4.9224098 4.9224121 4.9223926 4.9223512 4.9222879 4.9222028 4.9220959 4.9219671 4.9218166 4.9216443 4.9214503 4.9212347 4.9209973 4.9207384 4.9204579 4.9201559 4.9198325 4.9194876 4.9191215 4.918734 4.9183254 4.9178957 4.9174449 4.9169731 4.9164805 4.9159671 4.9154331 4.9148784 4.9143033 4.9137078 4.9130921 4.9124562 4.9118003 4.9111245 4.9104289 4.9097137 4.908979 4.9082249 4.9074515 4.9066591 4.9058478 4.9050177 4.904169 4.9033017 4.9024162 4.9015126 4.9005909 4.8996515 4.8986944 4.8977199 4.8967281 4.8957192 4.8946934 4.8936508 4.8925917 4.8915163 4.8904247 4.8893171 4.8881938
4.9249882 4.9250116 4.9250129 4.9249921 4.9249492 4.9248842 4.9247972 4.9246881 4.9245571 4.924404 4.9242289 4.9240318 4.9238129 4.9235721 4.9233094 4.923025 4.9227188 4.9223909 4.9220415 4.9216704 4.9212779 4.9208639 4.9204286 4.9199721 4.9194943 4.9189955 4.9184756 4.9179349 4.9173733 4.9167911 4.9161883 4.915565 4.9149213 4.9142574 4.9135734 4.9128695 4.9121456 4.9114021 4.910639 4.9098564 4.9090546 4.9082336 4.9073937 4.906535 4.9056576 4.9047617 4.9038475 4.9029151 4.9019648 4.9009966 4.9000108 4.8990076 4.8979871 4.8969496 4.8958951 4.894824 4.8937363 4.8926324 4.8915123 4.8903764
4.9276059 4.9276285 4.9276288 4.9276068 4.9275624 4.9274958 4.9274069 4.9272957 4.9271622 4.9270065 4.9268286 4.9266285 4.9264063 4.926162 4.9258956 4.9256072 4.9252968 4.9249645 4.9246103 4.9242343 4.9238367 4.9234173 4.9229764 4.922514 4.9220302 4.9215251 4.9209987 4.9204512 4.9198827 4.9192933 4.918683 4.9180521 4.9174006 4.9167286 4.9160363 4.9153238 4.9145913 4.9138388 4.9130665 4.9122747 4.9114633 4.9106326 4.9097828 4.9089139 4.9080262 4.9071198 4.9061949 4.9052516 4.9042903 4.9033109 4.9023137 4.9012989 4.9002667 4.8992172 4.8981508 4.8970674 4.8959674 4.894851 4.8937183 4.8925695
4.9302389 4.9302607 4.93026 4.9302368 4.930191 4.9301227 4.9300319 4.9299185 4.9297827 4.9296244 4.9294437 4.9292406 4.929015 4.9287672 4.928497 4.9282046 4.9278899 4.9275531 4.9271943 4.9268134 4.9264105 4.9259857 4.9255392 4.9250709 4.9245809 4.9240694 4.9235365 4.9229822 4.9224066 4.9218099 4.9211921 4.9205535 4.919894 4.9192138 4.9185132 4.9177921 4.9170507 4.9162892 4.9155077 4.9147064 4.9138853 4.9130448 4.9121849 4.9113058 4.9104076 4.9094906 4.9085548 4.9076006 4.906628 4.9056373 4.9046285 4.903602 4.9025579 4.9014964 4.9004177 4.899322 4.8982095 4.8970804 4.8959349 4.8947732
4.9328871 4.9329082 4.9329066 4.9328821 4.9328349 4.932765 4.9326723 4.9325568 4.9324186 4.9322577 4.9320742 4.931868 4.9316391 4.9313877 4.9311137 4.9308173 4.9304984 4.9301571 4.9297934 4.9294075 4.9289994 4.9285692 4.9281169 4.9276427 4.9271466 4.9266286 4.926089 4.9255278 4.9249451 4.924341 4.9237157 4.9230692 4.9224017 4.9217133 4.9210041 4.9202743 4.919524 4.9187533 4.9179625 4.9171516 4.9163208 4.9154703 4.9146002 4.9137107 4.9128019 4.9118741 4.9109274 4.909962 4.9089781 4.9079758 4.9069554 4.905917 4.9048609 4.9037872 4.9026961 4.9015879 4.9004627 4.8993207 4.8981623 4.8969874
4.9355508 4.9355712 4.9355686 4.935543 4.9354944 4.9354228 4.9353282 4.9352106 4.93507 4.9349066 4.9347202 4.9345109 4.9342787 4.9340237 4.9337459 4.9334454 4.9331222 4.9327764 4.9324079 4.932017 4.9316036 4.9311679 4.9307098 4.9302296 4.9297272 4.9292028 4.9286564 4.9280883 4.9274984 4.9268869 4.9262538 4.9255994 4.9249238 4.924227 4.9235092 4.9227706 4.9220113 4.9212314 4.920431 4.9196104 4.9187698 4.9179091 4.9170287 4.9161287 4.9152092 4.9142705 4.9133127 4.912336 4.9113406 4.9103266 4.9092944 4.908244 4.9071756 4.9060896 4.904986 4.9038651 4.902727 4.9015721 4.9004004 4.8992123
4.93823 4.9382496 4.9382461 4.9382193 4.9381693 4.9380961 4.9379996 4.9378799 4.937737 4.937571 4.9373817 4.9371693 4.9369338 4.9366753 4.9363936 4.9360891 4.9357615 4.9354111 4.9350379 4.9346418 4.9342231 4.9337818 4.933318 4.9328316 4.932323 4.931792 4.9312389 4.9306636 4.9300665 4.9294474 4.9288066 4.9281442 4.9274604 4.9267551 4.9260286 4.9252811 4.9245126 4.9237233 4.9229134 4.922083 4.9212323 4.9203614 4.9194705 4.9185599 4.9176295 4.9166798 4.9157107 4.9147226 4.9137155 4.9126898 4.9116455 4.9105829 4.9095022 4.9084036 4.9072873 4.9061536 4.9050025 4.9038344 4.9026494 4.9014478
4.9409246 4.9409436 4.9409392 4.9409113 4.9408599 4.9407851 4.9406867 4.940565 4.9404197 4.940251 4.9400589 4.9398435 4.9396046 4.9393424 4.939057 4.9387483 4.9384164 4.9380614 4.9376833 4.9372822 4.9368581 4.9364112 4.9359414 4.935449 4.9349339 4.9343963 4.9338363 4.933254 4.9326495 4.9320228 4.9313742 4.9307037 4.9300115 4.9292977 4.9285624 4.9278058 4.9270281 4.9262293 4.9254097 4.9245693 4.9237085 4.9228272 4.9219258 4.9210043 4.920063 4.919102 4.9181216 4.9171218 4.916103 4.9150653 4.9140088 4.9129339 4.9118407 4.9107294 4.9096003 4.9084535 4.9072892 4.9061077 4.9049093 4.903694
4.9436349 4.9436533 4.943648 4.943619 4.9435662 4.9434898 4.9433896 4.9432657 4.9431181 4.9429469 4.9427519 4.9425334 4.9422912 4.9420254 4.9417361 4.9414232 4.941087 4.9407273 4.9403443 4.939938 4.9395086 4.939056 4.9385803 4.9380817 4.9375602 4.9370159 4.936449 4.9358595 4.9352475 4.9346131 4.9339566 4.9332779 4.9325773 4.9318548 4.9311106 4.9303449 4.9295578 4.9287494 4.92792 4.9270696 4.9261984 4.9253067 4.9243945 4.9234621 4.9225096 4.9215373 4.9205453 4.9195338 4.9185031 4.9174532 4.9163845 4.915297 4.9141911 4.913067 4.9119248 4.9107648 4.9095872 4.9083922 4.90718 4.905951
4.9463608 4.9463786 4.9463724 4.9463424 4.9462883 4.9462103 4.9461083 4.9459823 4.9458324 4.9456586 4.9454608 4.9452391 4.9449935 4.9447241 4.9444309 4.944114 4.9437733 4.943409 4.9430211 4.9426096 4.9421747 4.9417164 4.9412347 4.9407299 4.9402019 4.9396509 4.9390769 4.9384801 4.9378606 4.9372185 4.9365539 4.935867 4.9351578 4.9344266 4.9336734 4.9328984 4.9321018 4.9312837 4.9304443 4.9295837 4.9287022 4.9277998 4.9268768 4.9259333 4.9249696 4.9239857 4.922982 4.9219587 4.9209158 4.9198536 4.9187724 4.9176723 4.9165536 4.9154164 4.914261 4.9130876 4.9118965 4.9106878 4.9094617 4.9082186
4.9491024 4.9491197 4.9491127 4.9490816 4.9490262 4.9489467 4.9488429 4.9487148 4.9485626 4.9483862 4.9481855 4.9479608 4.9477118 4.9474388 4.9471417 4.9468206 4.9464755 4.9461065 4.9457136 4.9452969 4.9448565 4.9443924 4.9439048 4.9433936 4.9428591 4.9423013 4.9417202 4.9411161 4.940489 4.939839 4.9391663 4.938471 4.9377532 4.9370131 4.9362508 4.9354665 4.9346603 4.9338324 4.9329829 4.932112 4.9312199 4.9303067 4.9293727 4.928418 4.9274428 4.9264474 4.9254318 4.9243964 4.9233412 4.9222666 4.9211728 4.9200598 4.918928 4.9177777 4.9166089 4.915422 4.9142171 4.9129945 4.9117544 4.9104971
4.9518598 4.9518766 4.9518689 4.9518367 4.9517801 4.951699 4.9515934 4.9514633 4.9513088 4.9511298 4.9509263 4.9506985 4.9504462 4.9501695 4.9498685 4.9495432 4.9491937 4.9488199 4.9484221 4.9480001 4.9475542 4.9470843 4.9465906 4.9460731 4.9455319 4.9449672 4.944379 4.9437675 4.9431327 4.9424748 4.9417939 4.9410901 4.9403636 4.9396145 4.938843 4.9380492 4.9372333 4.9363954 4.9355357 4.9346543 4.9337515 4.9328275 4.9318823 4.9309163 4.9299295 4.9289223 4.9278947 4.926847 4.9257795 4.9246922 4.9235856 4.9224596 4.9213146 4.9201509 4.9189685 4.9177679 4.9165491 4.9153124 4.9140581 4.9127864
4.9546331 4.9546493 4.9546409 4.9546078 4.9545499 4.9544673 4.95436 4.9542279 4.9540711 4.9538895 4.9536832 4.9534523 4.9531966 4.9529163 4.9526114 4.9522819 4.9519279 4.9515494 4.9511465 4.9507193 4.9502678 4.949792 4.9492922 4.9487683 4.9482205 4.9476488 4.9470534 4.9464344 4.9457918 4.9451259 4.9444367 4.9437243 4.942989 4.9422309 4.94145 4.9406466 4.9398208 4.9389728 4.9381028 4.9372109 4.9362973 4.9353622 4.9344057 4.9334282 4.9324297 4.9314105 4.9303708 4.9293107 4.9282306 4.9271306 4.9260109 4.9248717 4.9237134 4.9225361 4.92134 4.9201254 4.9188925 4.9176416 4.9163729 4.9150866
