Cobbity4/FInal/QGIS/Doalem.asc
NCOLS 499
NROWS 379
XLLCORNER 150.661
YLLCORNER -34.0271
CELLSIZE 1e-05
NODATA_VALUE -9999
[rows 182 to 207 of 379, columns 60 to 119 of 499]
4.8039045 4.8172552 4.8309077 4.8448698 4.8591501 4.8737571 4.8886997 4.9039874 4.9196297 4.9356368 4.9520192 4.9687879 4.9859543 5.0035304 5.0215289 5.0399628 5.0588461 5.0781935 5.0980203 5.1183429 5.1391787 5.160546 5.1824647 5.2049557 5.2280416 5.2517468 5.2760975 5.3011222 5.3268519 5.3533205 5.3805653 5.4086273 5.4375521 5.4673904 5.4981989 5.5300414 5.5629903 5.5971279 5.6325483 5.6693601 5.707689 5.747682 5.7895118 5.8333828 5.8795394 5.9282758 5.9799499 6.0350013 6.0939753 6.1575572 6.226617 6.3022752 6.3859948 6.4797046 6.5858759 6.7070559 6.843471 6.9904336 7.1239283 7.1187437
4.7947606 4.8081156 4.8217764 4.8357513 4.8500487 4.8646776 4.8796471 4.8949669 4.9106468 4.9266972 4.9431288 4.9599529 4.9771812 4.9948259 5.0128999 5.0314166 5.0503902 5.0698354 5.089768 5.1102044 5.1311623 5.1526602 5.1747178 5.1973562 5.220598 5.2444674 5.2689906 5.2941955 5.320113 5.3467763 5.3742218 5.4024897 5.4316243 5.4616749 5.4926965 5.5247507 5.5579073 5.5922458 5.6278568 5.664845 5.7033318 5.7434594 5.7853952 5.8293387 5.8755293 5.9242578 5.9758811 6.0308432 6.0897035 6.1531776 6.2221946 6.2979811 6.382191 6.4771359 6.586232 6.7145268 6.865412 7.0099505 7.053275 7.0396899
4.7852822 4.7986332 4.8122939 4.8262727 4.8405783 4.8552199 4.8702069 4.885549 4.9012564 4.9173397 4.9338099 4.9506785 4.9679573 4.9856589 5.0037964 5.0223834 5.0414343 5.060964 5.0809885 5.1015245 5.1225895 5.1442022 5.1663824 5.1891512 5.2125309 5.2365456 5.2612211 5.286585 5.3126673 5.3395006 5.3671203 5.3955651 5.4248778 5.4551056 5.486301 5.5185229 5.5518375 5.5863198 5.6220557 5.6591439 5.6976989 5.7378547 5.7797695 5.8236322 5.8696703 5.9181619 5.9694509 6.02397 6.0822726 6.1450805 6.2133544 6.2883981 6.3720184 6.4668132 6.5769908 6.7116704 6.8962094 7.1520647 7.1623298 7.0358785
4.7754659 4.7888045 4.8024564 4.8164302 4.8307349 4.8453798 4.8603745 4.875729 4.8914538 4.9075595 4.9240574 4.9409593 4.9582772 4.9760239 4.9942127 5.0128574 5.0319726 5.0515735 5.0716761 5.0922971 5.1134543 5.1351664 5.1574531 5.1803353 5.2038354 5.2279769 5.2527852 5.2782874 5.3045126 5.3314925 5.359261 5.3878553 5.4173161 5.4476882 5.4790208 5.5113692 5.544795 5.5793677 5.6151665 5.652282 5.6908192 5.7309004 5.7726699 5.8162995 5.8619969 5.9100158 5.9606718 6.0143644 6.0716109 6.1330987 6.1997678 6.2729406 6.3545094 6.447137 6.5542899 6.6803306 6.8351364 7.0206256 7.0528098 7.0021617
4.7653086 4.7786261 4.7922604 4.8062202 4.8205146 4.8351533 4.8501459 4.8655027 4.8812344 4.8973518 4.9138665 4.9307904 4.9481358 4.9659156 4.9841434 5.0028332 5.0219997 5.0416583 5.061825 5.0825168 5.1037514 5.1255475 5.1479248 5.1709041 5.1945072 5.2187576 5.24368 5.2693007 5.2956481 5.3227523 5.3506459 5.3793643 5.4089455 5.4394314 5.4708676 5.5033048 5.5367991 5.5714133 5.6072181 5.6442942 5.6827339 5.7226443 5.7641507 5.8074016 5.8525751 5.8998878 5.9496083 6.0020757 6.0577305 6.1171643 6.1812068 6.2510855 6.328715 6.4171236 6.5204213 6.6397044 6.756022 6.8337603 6.8873531 6.9478945
4.7548072 4.7680951 4.7817027 4.7956393 4.809914 4.8245367 4.8395172 4.8548661 4.8705941 4.8867124 4.9032328 4.9201672 4.9375283 4.9553292 4.9735836 4.9923057 5.0115104 5.0312131 5.0514302 5.0721785 5.0934758 5.1153409 5.1377931 5.1608532 5.1845429 5.2088848 5.2339033 5.2596238 5.2860736 5.3132816 5.3412785 5.3700975 5.399774 5.4303464 5.4618563 5.494349 5.5278741 5.5624866 5.5982475 5.635225 5.6734965 5.7131499 5.7542869 5.7970254 5.8415048 5.8878911 5.9363854 5.9872363 6.0407586 6.0973673 6.1576423 6.2224749 6.2934434 6.3738671 6.4715592 6.6031539 6.7739702 6.8272669 6.8160176 6.9094587
4.7439592 4.7572084 4.7707804 4.7846843 4.7989297 4.8135265 4.8284848 4.8438153 4.859529 4.8756372 4.8921519 4.9090853 4.9264503 4.9442601 4.9625285 4.9812701 5.0004998 5.0202332 5.0404867 5.0612774 5.0826229 5.1045419 5.1270539 5.1501792 5.1739391 5.198356 5.2234535 5.2492562 5.2757901 5.3030828 5.3311631 5.3600618 5.3898114 5.4204466 5.4520043 5.484524 5.5180484 5.5526232 5.5882982 5.6251279 5.6631717 5.7024955 5.7431722 5.7852833 5.8289201 5.874185 5.9211927 5.9700709 6.0209601 6.0740125 6.1293922 6.1872897 6.2480372 6.3128592 6.3878992 6.4984809 6.6814591 6.7628508 6.7599578 6.8823636
4.732762 4.7459636 4.7594906 4.7733524 4.7875587 4.8021195 4.8170453 4.8323468 4.8480353 4.8641223 4.8806199 4.8975406 4.9148974 4.9327038 4.9509737 4.9697219 4.9889634 5.008714 5.0289902 5.049809 5.0711883 5.0931466 5.1157033 5.1388784 5.1626931 5.1871691 5.2123294 5.2381977 5.2647989 5.292159 5.3203049 5.349265 5.3790687 5.4097467 5.441331 5.473855 5.5073534 5.5418625 5.5774196 5.6140636 5.6518344 5.6907724 5.7309182 5.772311 5.8149864 5.8589721 5.9042801 5.9508926 5.9987361 6.0476333 6.0972075 6.146675 6.194312 6.236009 6.2628235 6.2719213 6.3387677 6.5025869 6.6617927 6.8561576
4.7212134 4.7343581 4.7478307 4.7616408 4.775798 4.7903128 4.8051956 4.8204574 4.8361097 4.8521642 4.8686332 4.8855293 4.9028657 4.9206562 4.938915 4.9576567 4.9768967 4.996651 5.0169361 5.0377691 5.0591679 5.081151 5.1037377 5.1269478 5.1508021 5.175322 5.2005298 5.2264483 5.2531014 5.2805134 5.3087094 5.3377153 5.3675573 5.3982621 5.4298567 5.4623682 5.495823 5.5302472 5.565665 5.6020987 5.6395669 5.6780824 5.7176504 5.7582634 5.7998953 5.8424904 5.8859462 5.9300831 5.9745899 6.0189251 6.0621294 6.1024458 6.1363962 6.1556321 6.1336926 5.9940572 5.8721617 6.2271109 6.559862 6.8335465
4.7093113 4.72239 4.7357986 4.749547 4.7636452 4.7781035 4.7929327 4.808144 4.8237489 4.8397595 4.8561881 4.8730476 4.8903515 4.9081136 4.9263483 4.9450705 4.9642958 4.9840402 5.0043203 5.0251535 5.0465576 5.0685512 5.0911534 5.114384 5.1382634 5.1628128 5.1880536 5.2140081 5.2406989 5.268149 5.2963818 5.3254205 5.3552884 5.3860084 5.4176022 5.4500905 5.4834917 5.5178213 5.5530901 5.5893032 5.6264568 5.664535 5.703505 5.7433098 5.7838572 5.8250026 5.8665221 5.9080652 5.9490742 5.9886355 6.025204 6.0561031 6.0767406 6.0796332 6.0504163 5.9422488 5.8494677 6.1679321 6.5191981 6.828257
4.697054 4.7100571 4.7233921 4.737069 4.7510979 4.7654893 4.7802541 4.7954038 4.8109501 4.8269051 4.8432815 4.8600923 4.8773512 4.8950722 4.9132699 4.9319595 4.9511565 4.9708774 4.9911388 5.0119581 5.0333535 5.0553433 5.0779468 5.1011837 5.1250742 5.149639 5.1748993 5.2008765 5.2275923 5.2550685 5.2833267 5.312388 5.3422728 5.3730001 5.4045871 5.437048 5.4703935 5.5046285 5.5397508 5.575748 5.6125937 5.6502428 5.6886236 5.7276276 5.7670941 5.8067862 5.8463542 5.8852741 5.9227424 5.9574829 5.9873709 6.008665 6.0145627 5.9943006 5.9456698 5.9266636 6.019608 6.2396798 6.5303587 6.843339
4.6844398 4.6973578 4.7106095 4.7242047 4.7381539 4.7524678 4.7671574 4.7822343 4.7977105 4.8135982 4.8299103 4.8466601 4.8638615 4.8815285 4.8996762 4.9183197 4.9374751 4.9571587 4.9773874 4.998179 5.0195514 5.0415235 5.0641142 5.0873434 5.1112312 5.1357981 5.1610649 5.1870524 5.2137817 5.2412734 5.2695477 5.2986237 5.3285194 5.3592503 5.3908292 5.4232648 5.4565601 5.4907104 5.5257007 5.5615019 5.5980658 5.6353181 5.6731484 5.7113966 5.7498321 5.7881237 5.8257929 5.8621393 5.8961156 5.9261036 5.9494754 5.9615762 5.9527506 5.8984661 5.7411997 5.5700199 5.8549948 6.2213894 6.5403258 6.8660673
4.6714675 4.6842907 4.697449 4.7109524 4.7248115 4.7390371 4.7536404 4.7686332 4.7840276 4.7998361 4.8160718 4.8327482 4.8498792 4.8674794 4.8855637 4.9041478 4.9232477 4.9428802 4.9630624 4.983812 5.0051475 5.0270875 5.0496516 5.0728593 5.0967309 5.1212868 5.1465476 5.1725339 5.199266 5.2267639 5.2550466 5.2841318 5.314035 5.3447693 5.3763436 5.4087615 5.4420194 5.476104 5.5109887 5.5466289 5.582956 5.619868 5.6572173 5.6947931 5.7322952 5.7692966 5.8051864 5.8390803 5.8696753 5.8950034 5.9119961 5.9156851 5.8973011 5.8357707 5.6617634 5.4276719 5.7752344 6.2077728 6.5525113 6.8900095
4.6581359 4.6708546 4.6839095 4.6973107 4.711069 4.7251953 4.7397012 4.7545984 4.7698993 4.7856165 4.8017635 4.8183537 4.8354015 4.8529216 4.8709292 4.8894402 4.9084709 4.9280382 4.9481596 4.9688531 4.9901373 5.0120313 5.0345545 5.057727 5.081569 5.1061011 5.1313438 5.1573177 5.1840428 5.2115386 5.2398234 5.2689137 5.2988237 5.3295642 5.3611411 5.393554 5.426794 5.4608403 5.4956566 5.5311848 5.5673382 5.6039899 5.6409579 5.6779834 5.714699 5.7505818 5.7848833 5.8165209 5.8439034 5.864634 5.8749853 5.8690779 5.8388444 5.7817726 5.725329 5.7403071 5.9420515 6.2546994 6.5795403 6.9255572
4.6444442 4.6570485 4.6699897 4.6832783 4.6969251 4.7109411 4.7253381 4.7401281 4.7553235 4.7709373 4.7869829 4.8034742 4.8204256 4.8378523 4.8557695 4.8741935 4.8931409 4.9126288 4.9326751 4.9532981 4.9745166 4.9963501 5.0188183 5.0419417 5.0657407 5.0902362 5.1154489 5.1413994 5.1681081 5.1955941 5.2238755 5.2529684 5.282886 5.3136377 5.3452275 5.3776524 5.4108992 5.4449419 5.4797363 5.515214 5.5512731 5.5877661 5.6244813 5.6611173 5.6972442 5.7322461 5.7652341 5.7949105 5.8193511 5.8356324 5.8390755 5.8213196 5.7650584 5.6396581 5.5026285 5.6644074 5.9777219 6.2890645 6.6077371 6.9642709
4.6303919 4.6428717 4.655689 4.6688543 4.6823786 4.6962732 4.7105499 4.7252208 4.7402986 4.7557964 4.771728 4.7881073 4.8049491 4.8222687 4.8400817 4.8584046 4.8772544 4.8966484 4.916605 4.9371427 4.9582808 4.9800391 5.002438 5.0254981 5.0492404 5.0736862 5.0988568 5.1247732 5.1514559 5.1789247 5.2071977 5.2362912 5.2662182 5.2969878 5.3286031 5.3610596 5.3943422 5.4284212 5.4632478 5.4987461 5.5348041 5.5712586 5.6078755 5.6443188 5.6801058 5.7145369 5.7465872 5.7747326 5.7966709 5.8088684 5.8057762 5.7779167 5.7033529 5.5093609 5.1656258 5.4570779 5.9475546 6.3047257 6.6294369 6.9786573
4.6159785 4.6283237 4.6410066 4.654038 4.6674289 4.6811907 4.6953353 4.7098752 4.7248231 4.7401924 4.7559969 4.772251 4.7889697 4.8061683 4.823863 4.8420705 4.8608079 4.8800933 4.8999451 4.9203825 4.9414251 4.9630933 4.9854079 5.0083902 5.0320617 5.0564445 5.0815604 5.1074313 5.1340784 5.1615223 5.1897818 5.2188739 5.2488125 5.2796071 5.3112614 5.3437709 5.3771202 5.4112789 5.4461963 5.4817935 5.5179531 5.5545037 5.5911971 5.6276754 5.6634184 5.6976624 5.7292675 5.7564946 5.7766256 5.7853247 5.7757326 5.7381749 5.6645503 5.5580998 5.4655682 5.6478991 6.0020911 6.334211 6.6554513 7.0041635
4.6012041 4.6134044 4.6259425 4.638829 4.6520752 4.6656927 4.6796935 4.6940902 4.7088958 4.7241237 4.7397881 4.7559036 4.7724852 4.7895488 4.8071107 4.825188 4.8437983 4.8629598 4.8826915 4.903013 4.9239446 4.9455072 4.9677221 4.9906114 5.0141975 5.0385032 5.0635513 5.0893647 5.1159658 5.1433762 5.1716163 5.2007045 5.2306561 5.2614824 5.2931888 5.3257725 5.3592201 5.3935028 5.4285716 5.4643488 5.5007178 5.5375064 5.5744641 5.6112258 5.6472564 5.6817605 5.7135303 5.7406762 5.7601196 5.7665742 5.7504109 5.6937379 5.5717277 5.4286055 5.5096553 5.7711614 6.0696558 6.3725386 6.6865878 7.05762
4.5860688 4.5981139 4.6104964 4.6232272 4.6363174 4.649779 4.663624 4.6778653 4.6925158 4.7075894 4.7231003 4.7390633 4.7554939 4.7724081 4.7898225 4.8077546 4.8262223 4.8452443 4.8648401 4.8850298 4.9058343 4.927275 4.9493742 4.9721548 4.9956399 5.0198536 5.0448197 5.0705625 5.0971059 5.1244732 5.1526868 5.181767 5.2117316 5.2425947 5.2743646 5.3070422 5.3406177 5.3750671 5.4103461 5.4463833 5.4830684 5.5202376 5.5576493 5.594949 5.6316135 5.6668587 5.6994825 5.7275794 5.7479775 5.7549906 5.7371145 5.6663039 5.4631997 5.0538377 5.2294481 5.7524556 6.1081524 6.4088803 6.7131883 7.0574909
4.5705731 4.5824526 4.5946688 4.6072326 4.6201556 4.6334494 4.6471266 4.6611998 4.6756825 4.6905885 4.7059323 4.721729 4.7379942 4.7547442 4.7719961 4.7897675 4.8080769 4.8269434 4.846387 4.8664283 4.8870889 4.908391 4.9303576 4.9530126 4.9763803 5.0004858 5.0253545 5.0510123 5.0774849 5.1047977 5.1329754 5.1620414 5.1920167 5.2229189 5.2547608 5.2875483 5.3212778 5.355932 5.3914754 5.4278464 5.4649479 5.5026316 5.5406769 5.5787573 5.6163879 5.6528408 5.6870002 5.7171054 5.7402682 5.7515066 5.7416153 5.6914426 5.5555929 5.325053 5.4499974 5.8383854 6.161492 6.4505318 6.7522463 7.0899627
4.5547177 4.5664211 4.5784601 4.5908459 4.6035899 4.6167042 4.6302012 4.6440938 4.6583956 4.6731206 4.6882836 4.7038997 4.7199848 4.7365557 4.7536296 4.7712246 4.7893595 4.8080539 4.8273283 4.847204 4.8677032 4.888849 4.9106652 4.9331768 4.9564094 4.9803893 5.0051437 5.0307003 5.0570869 5.0843315 5.1124618 5.1415044 5.1714845 5.2024243 5.2343423 5.267251 5.3011544 5.3360448 5.3718982 5.4086671 5.4462722 5.4845881 5.5234248 5.5624977 5.6013822 5.6394414 5.6757046 5.7086616 5.7359046 5.7535378 5.7555306 5.7353474 5.698635 5.6827901 5.7698768 5.9789983 6.2300006 6.4972814 6.8045444 7.2316331
4.5385038 4.5500204 4.5618713 4.5740677 4.5866212 4.5995438 4.6128482 4.6265475 4.6406552 4.6551856 4.6701536 4.6855746 4.7014649 4.7178413 4.7347214 4.7521237 4.7700673 4.7885725 4.8076603 4.8273525 4.847672 4.8686429 4.89029 4.9126392 4.9357176 4.959553 4.9841743 5.0096114 5.0358945 5.0630545 5.0911224 5.120129 5.1501039 5.1810752 5.2130678 5.2461021 5.2801917 5.3153405 5.3515384 5.3887553 5.4269337 5.4659765 5.5057307 5.5459627 5.586321 5.6262772 5.66503 5.7013406 5.733239 5.7574549 5.7680676 5.7527349 5.6967202 5.7104267 5.8671658 6.0646297 6.2893826 6.5412733 6.8324369 7.1972436
4.5219326 4.5332517 4.5449035 4.5568992 4.5692503 4.5819692 4.5950685 4.6085613 4.6224616 4.6367836 4.6515424 4.6667536 4.6824338 4.6985999 4.7152701 4.732463 4.7501983 4.7684967 4.7873796 4.8068696 4.8269904 4.8477668 4.8692247 4.8913913 4.9142948 4.937965 4.9624326 4.9877295 5.0138889 5.0409448 5.0689319 5.0978854 5.1278403 5.158831 5.1908899 5.2240465 5.2583253 5.2937434 5.3303067 5.3680052 5.4068057 5.4466425 5.487403 5.5289078 5.5708804 5.6129014 5.6543333 5.6941859 5.7308494 5.7614972 5.7804611 5.7730934 5.7108385 5.7286621 5.9161653 6.1205107 6.3396352 6.5898049 6.8859782 7.1980395
4.5050059 4.5161168 4.5275583 4.5393417 4.5514787 4.5639815 4.576863 4.5901364 4.6038156 4.6179151 4.6324502 4.6474367 4.6628913 4.6788312 4.6952749 4.7122413 4.7297506 4.7478238 4.766483 4.7857514 4.8056535 4.8262148 4.8474624 4.8694246 4.8921312 4.9156135 4.9399043 4.965038 4.9910505 5.0179792 5.0458629 5.0747415 5.104656 5.1356474 5.1677566 5.201023 5.2354833 5.2711689 5.3081034 5.3462983 5.3857468 5.4264157 5.4682331 5.5110713 5.5547216 5.5988575 5.642976 5.6862971 5.7275463 5.7644373 5.7927992 5.8079645 5.8165158 5.8651153 5.9947283 6.17417 6.3867327 6.6427143 6.9894619 7.5480151
4.4877255 4.4986174 4.5098375 4.5213971 4.533308 4.5455824 4.5582332 4.5712739 4.5847184 4.5985813 4.612878 4.6276245 4.6428376 4.658535 4.6747352 4.6914577 4.7087227 4.7265519 4.7449679 4.7639945 4.7836569 4.8039815 4.8249963 4.846731 4.8692167 4.8924865 4.9165753 4.9415198 4.9673589 4.9941336 5.0218868 5.0506636 5.0805109 5.1114772 5.1436122 5.176966 5.211588 5.2475254 5.2848205 5.3235073 5.3636063 5.4051171 5.4480068 5.4921938 5.537523 5.5837298 5.6303861 5.676824 5.7220043 5.7640891 5.7983354 5.8125465 5.8302378 5.9143963 6.0469889 6.2200049 6.4312313 6.6864404 7.00332 7.4236381
4.4700938 4.4807559 4.4917433 4.5030675 4.5147402 4.5267737 4.5391811 4.5519756 4.5651715 4.5787834 4.5928268 4.6073178 4.6222735 4.6377117 4.6536512 4.6701116 4.6871138 4.7046796 4.7228322 4.7415959 4.7609967 4.7810618 4.8018202 4.8233027 4.8455419 4.8685725 4.8924314 4.9171579 4.9427938 4.9693836 4.9969745 5.0256168 5.0553636 5.0862712 5.1183982 5.1518061 5.1865576 5.2227162 5.2603438 5.299498 5.3402271 5.3825635 5.4265118 5.4720308 5.5190047 5.5671947 5.6161624 5.6651514 5.7129476 5.7577474 5.7955213 5.8083422 5.8217164 5.9289795 6.0774287 6.2577557 6.4783648 6.7522696 7.0753934 7.2954118
