Cobbity4/FInal/QGIS/Doalem.asc
NCOLS 499
NROWS 379
XLLCORNER 150.661
YLLCORNER -34.0271
CELLSIZE 1e-05
NODATA_VALUE -9999
[rows 130 to 155 of 379, columns 0 to 59 of 499]
4.5820223 4.5865854 4.591199 4.5958634 4.6005791 4.6053464 4.6101658 4.6150375 4.619962 4.6249395 4.6299705 4.6350552 4.6401939 4.6453871 4.6506348 4.6559375 4.6612953 4.6667086 4.6721774 4.6777021 4.6832828 4.6889195 4.6946126 4.700362 4.7061679 4.7120303 4.7179492 4.7239245 4.7299564 4.7360446 4.742189 4.7483896 4.754646 4.760958 4.7673253 4.7737477 4.7802246 4.7867557 4.7933403 4.799978 4.8066681 4.8134099 4.8202026 4.8270453 4.8339372 4.8408771 4.847864 4.8548966 4.8619737 4.8690938 4.8762555 4.883457 4.8906966 4.8979725 4.9052825 4.9126246 4.9199964 4.9273955 4.9348191 4.9422645
4.5795049 4.5840817 4.5887098 4.5933896 4.5981214 4.6029058 4.6077431 4.6126336 4.6175778 4.6225761 4.6276288 4.6327363 4.6378988 4.6431168 4.6483905 4.6537203 4.6591064 4.6645491 4.6700486 4.6756052 4.6812191 4.6868904 4.6926193 4.698406 4.7042506 4.7101531 4.7161136 4.7221321 4.7282087 4.7343432 4.7405356 4.7467858 4.7530935 4.7594586 4.7658809 4.77236 4.7788955 4.7854871 4.7921343 4.7988365 4.8055931 4.8124035 4.8192669 4.8261825 4.8331495 4.8401668 4.8472333 4.8543479 4.8615093 4.8687162 4.875967 4.8832602 4.890594 4.8979666 4.905376 4.91282 4.9202964 4.9278027 4.9353362 4.9428942
4.5769277 4.5815176 4.5861596 4.5908541 4.5956015 4.6004023 4.6052569 4.6101657 4.6151291 4.6201475 4.6252213 4.630351 4.6355367 4.640779 4.6460782 4.6514345 4.6568483 4.6623199 4.6678496 4.6734376 4.6790841 4.6847895 4.6905539 4.6963774 4.7022602 4.7082024 4.7142042 4.7202655 4.7263864 4.732567 4.7388071 4.7451066 4.7514655 4.7578835 4.7643606 4.7708963 4.7774903 4.7841424 4.7908521 4.7976188 4.8044421 4.8113213 4.8182557 4.8252445 4.8322869 4.8393819 4.8465286 4.8537258 4.8609722 4.8682665 4.8756074 4.8829931 4.8904222 4.8978926 4.9054025 4.9129498 4.9205323 4.9281473 4.9357925 4.943465
4.5742898 4.5788922 4.5835475 4.588256 4.5930184 4.597835 4.6027063 4.6076327 4.6126146 4.6176526 4.6227469 4.6278981 4.6331065 4.6383725 4.6436965 4.6490787 4.6545197 4.6600197 4.6655789 4.6711978 4.6768766 4.6826155 4.6884147 4.6942746 4.7001952 4.7061767 4.7122193 4.718323 4.724488 4.7307141 4.7370016 4.7433502 4.74976 4.7562307 4.7627623 4.7693544 4.7760069 4.7827194 4.7894916 4.7963229 4.8032129 4.8101609 4.8171665 4.8242287 4.8313469 4.83852 4.8457473 4.8530275 4.8603595 4.867742 4.8751736 4.8826528 4.890178 4.8977474 4.905359 4.9130109 4.9207008 4.9284263 4.9361848 4.9439736
4.5715905 4.5762047 4.5808725 4.5855945 4.5903712 4.5952029 4.6000902 4.6050335 4.6100334 4.6150903 4.6202045 4.6253766 4.630607 4.635896 4.6412442 4.6466518 4.6521193 4.657647 4.6632353 4.6688845 4.6745949 4.6803668 4.6862004 4.6920961 4.698054 4.7040743 4.7101572 4.7163029 4.7225114 4.7287829 4.7351173 4.7415146 4.7479749 4.7544981 4.7610839 4.7677324 4.7744431 4.7812159 4.7880504 4.7949462 4.8019029 4.80892 4.8159967 4.8231326 4.8303267 4.8375784 4.8448865 4.8522502 4.8596684 4.8671396 4.8746628 4.8822362 4.8898585 4.8975278 4.9052423 4.913 4.9207987 4.9286361 4.9365096 4.9444166
4.5688288 4.5734541 4.5781339 4.5828686 4.5876588 4.592505 4.5974077 4.6023673 4.6073844 4.6124595 4.6175929 4.6227853 4.6280369 4.6333484 4.6387201 4.6441524 4.6496458 4.6552007 4.6608173 4.6664962 4.6722376 4.6780419 4.6839093 4.6898402 4.6958349 4.7018935 4.7080162 4.7142034 4.720455 4.7267712 4.7331522 4.7395979 4.7461084 4.7526836 4.7593235 4.7660279 4.7727966 4.7796295 4.7865263 4.7934865 4.8005099 4.8075959 4.814744 4.8219535 4.8292239 4.8365542 4.8439436 4.8513912 4.8588959 4.8664565 4.8740718 4.8817403 4.8894605 4.8972307 4.9050491 4.9129138 4.9208227 4.9287734 4.9367635 4.9447903
4.5660039 4.5706397 4.5753307 4.5800774 4.5848805 4.5897404 4.5946577 4.5996329 4.6046666 4.6097591 4.614911 4.6201229 4.6253952 4.6307284 4.6361229 4.6415793 4.6470979 4.6526792 4.6583236 4.6640315 4.6698032 4.6756393 4.6815399 4.6875054 4.6935362 4.6996325 4.7057946 4.7120226 4.7183168 4.7246774 4.7311044 4.737598 4.7441583 4.7507852 4.7574787 4.7642388 4.7710653 4.777958 4.7849168 4.7919413 4.7990312 4.8061861 4.8134055 4.8206888 4.8280355 4.8354447 4.8429156 4.8504475 4.8580392 4.8656896 4.8733976 4.8811617 4.8889806 4.8968526 4.904776 4.9127488 4.9207691 4.9288345 4.9369427 4.9450912
4.5631151 4.5677605 4.572462 4.57722 4.5820353 4.5869082 4.5918394 4.5968294 4.6018788 4.6069881 4.6121578 4.6173885 4.6226806 4.6280348 4.6334514 4.6389311 4.6444742 4.6500812 4.6557526 4.6614888 4.6672903 4.6731574 4.6790906 4.6850901 4.6911564 4.6972898 4.7034905 4.7097588 4.7160951 4.7224994 4.728972 4.735513 4.7421226 4.7488007 4.7555475 4.7623628 4.7692467 4.776199 4.7832195 4.7903081 4.7974644 4.8046881 4.8119787 4.8193358 4.8267588 4.834247 4.8417997 4.849416 4.857095 4.8648357 4.8726369 4.8804973 4.8884156 4.8963902 4.9044194 4.9125014 4.9206343 4.9288158 4.9370436 4.9453152
4.5601614 4.5648158 4.5695269 4.5742955 4.5791221 4.5840073 4.5889516 4.5939556 4.59902 4.6041453 4.609332 4.6145807 4.619892 4.6252664 4.6307044 4.6362065 4.6417734 4.6474054 4.6531031 4.6588669 4.6646973 4.6705948 4.6765597 4.6825926 4.6886937 4.6948635 4.7011022 4.7074103 4.7137879 4.7202354 4.726753 4.7333408 4.7399991 4.746728 4.7535275 4.7603977 4.7673386 4.7743501 4.7814321 4.7885844 4.7958069 4.8030991 4.8104609 4.8178916 4.8253909 4.8329581 4.8405926 4.8482936 4.8560603 4.8638915 4.8717864 4.8797437 4.887762 4.8958399 4.9039758 4.912168 4.9204145 4.9287133 4.9370621 4.9454584
4.5571421 4.5618046 4.5665247 4.571303 4.5761401 4.5810367 4.5859934 4.5910107 4.5960892 4.6012297 4.6064326 4.6116985 4.6170281 4.6224219 4.6278804 4.6334043 4.6389941 4.6446503 4.6503735 4.6561641 4.6620227 4.6679498 4.6739458 4.6800112 4.6861464 4.6923519 4.6986279 4.704975 4.7113933 4.7178834 4.7244453 4.7310794 4.7377859 4.7445649 4.7514167 4.7583412 4.7653386 4.7724088 4.7795519 4.7867676 4.7940559 4.8014165 4.8088491 4.8163534 4.823929 4.8315752 4.8392915 4.8470773 4.8549317 4.8628539 4.8708427 4.8788973 4.8870161 4.895198 4.9034414 4.9117446 4.9201059 4.9285231 4.9369942 4.9455167
4.5540563 4.5587261 4.5634543 4.5682415 4.5730884 4.5779956 4.5829637 4.5879935 4.5930854 4.5982401 4.6034584 4.6087407 4.6140877 4.6195001 4.6249784 4.6305231 4.636135 4.6418146 4.6475624 4.6533791 4.6592651 4.6652209 4.6712472 4.6773443 4.6835129 4.6897532 4.6960658 4.7024511 4.7089095 4.7154413 4.7220469 4.7287266 4.7354806 4.7423092 4.7492126 4.7561909 4.7632443 4.7703728 4.7775764 4.7848552 4.7922089 4.7996375 4.8071408 4.8147184 4.8223699 4.8300951 4.8378932 4.8457638 4.8537061 4.8617193 4.8698024 4.8779545 4.8861744 4.8944609 4.9028124 4.9112275 4.9197043 4.928241 4.9368356 4.9454856
4.5509032 4.5555795 4.560315 4.5651102 4.569966 4.5748829 4.5798617 4.584903 4.5900074 4.5951756 4.6004083 4.6057061 4.6110698 4.6164998 4.6219969 4.6275617 4.6331948 4.6388969 4.6446685 4.6505103 4.6564228 4.6624066 4.6684623 4.6745903 4.6807913 4.6870658 4.6934141 4.6998369 4.7063345 4.7129074 4.7195559 4.7262804 4.7330812 4.7399587 4.7469131 4.7539445 4.7610533 4.7682395 4.7755032 4.7828444 4.7902632 4.7977594 4.8053329 4.8129834 4.8207108 4.8285146 4.8363945 4.8443498 4.8523799 4.8604842 4.8686619 4.8769118 4.8852331 4.8936246 4.9020848 4.9106124 4.9192057 4.9278628 4.9365819 4.9453608
4.547682 4.552364 4.5571058 4.5619082 4.566772 4.5716978 4.5766863 4.5817382 4.5868542 4.592035 4.5972812 4.6025937 4.6079729 4.6134198 4.6189348 4.6245187 4.6301721 4.6358958 4.6416903 4.6475563 4.6534944 4.6595052 4.6655894 4.6717475 4.6779801 4.6842877 4.690671 4.6971304 4.7036664 4.7102794 4.71697 4.7237386 4.7305855 4.7375111 4.7445157 4.7515996 4.7587631 4.7660064 4.7733295 4.7807327 4.7882159 4.7957792 4.8034225 4.8111456 4.8189485 4.8268307 4.834792 4.8428319 4.8509499 4.8591453 4.8674174 4.8757654 4.8841884 4.8926852 4.9012546 4.9098953 4.9186057 4.9273841 4.9362288 4.9451376
4.544392 4.5490786 4.5538259 4.5586346 4.5635055 4.5684392 4.5734365 4.5784981 4.5836248 4.5888172 4.5940761 4.5994021 4.6047961 4.6102588 4.6157908 4.6213928 4.6270656 4.6328099 4.6386263 4.6445155 4.6504783 4.6565152 4.6626269 4.6688141 4.6750774 4.6814173 4.6878346 4.6943296 4.7009031 4.7075555 4.7142874 4.7210991 4.7279912 4.7349641 4.7420182 4.7491538 4.7563713 4.7636709 4.7710528 4.7785172 4.7860643 4.7936941 4.8014067 4.809202 4.8170798 4.8250401 4.8330825 4.8412067 4.8494123 4.8576987 4.8660654 4.8745115 4.8830362 4.8916386 4.9003176 4.9090718 4.9178999 4.9268004 4.9357715 4.9448113
4.5410322 4.5457226 4.5504745 4.5552886 4.5601656 4.5651063 4.5701114 4.5751818 4.5803181 4.5855211 4.5907916 4.5961304 4.6015381 4.6070156 4.6125635 4.6181827 4.6238739 4.6296378 4.6354751 4.6413866 4.647373 4.653435 4.6595733 4.6657886 4.6720815 4.6784528 4.684903 4.6914328 4.6980428 4.7047336 4.7115058 4.7183598 4.7252962 4.7323156 4.7394182 4.7466047 4.7538753 4.7612304 4.7686703 4.7761953 4.7838056 4.7915012 4.7992825 4.8071493 4.8151017 4.8231395 4.8312626 4.8394708 4.8477637 4.8561409 4.8646019 4.8731461 4.8817726 4.8904808 4.8992695 4.9081376 4.9170839 4.926107 4.9352053 4.9443768
4.537602 4.5422953 4.5470507 4.5518691 4.5567513 4.561698 4.56671 4.5717881 4.5769331 4.5821458 4.5874269 4.5927773 4.5981977 4.603689 4.6092519 4.6148872 4.6205956 4.6263781 4.6322353 4.638168 4.644177 4.6502631 4.6564269 4.6626692 4.6689908 4.6753923 4.6818745 4.688438 4.6950835 4.7018117 4.7086231 4.7155184 4.7224982 4.729563 4.7367134 4.7439497 4.7512726 4.7586824 4.7661794 4.7737642 4.7814368 4.7891976 4.7970468 4.8049845 4.8130108 4.8211256 4.8293289 4.8376206 4.8460005 4.8544681 4.8630232 4.8716652 4.8803935 4.8892074 4.898106 4.9070882 4.9161531 4.9252992 4.9345252 4.9438293
4.5341005 4.5387956 4.5435537 4.5483755 4.5532618 4.5582135 4.5632314 4.5683162 4.5734688 4.5786901 4.5839808 4.5893417 4.5947738 4.6002778 4.6058545 4.6115048 4.6172295 4.6230295 4.6289054 4.6348583 4.6408888 4.6469977 4.653186 4.6594542 4.6658034 4.672234 4.6787471 4.6853432 4.6920232 4.6987876 4.7056373 4.7125729 4.719595 4.7267042 4.7339012 4.7411865 4.7485607 4.7560241 4.7635775 4.771221 4.7789552 4.7867803 4.7946966 4.8027044 4.8108038 4.818995 4.8272779 4.8356525 4.8441188 4.8526765 4.8613253 4.8700649 4.8788947 4.8878142 4.8968226 4.905919 4.9151026 4.9243721 4.9337262 4.9431635
4.530527 4.535223 4.5399827 4.5448068 4.5496963 4.5546519 4.5596745 4.564765 4.5699242 4.5751529 4.5804521 4.5858225 4.5912651 4.5967807 4.6023702 4.6080344 4.6137742 4.6195905 4.6254841 4.6314559 4.6375067 4.6436375 4.649849 4.6561421 4.6625175 4.6689763 4.675519 4.6821466 4.6888599 4.6956595 4.7025463 4.709521 4.7165842 4.7237368 4.7309794 4.7383125 4.7457369 4.7532531 4.7608616 4.768563 4.7763577 4.7842462 4.7922288 4.8003058 4.8084776 4.8167442 4.825106 4.8335629 4.842115 4.8507621 4.8595042 4.8683409 4.8772719 4.8862967 4.8954148 4.9046254 4.9139277 4.9233207 4.9328032 4.9423741
4.5268808 4.5315766 4.5363368 4.5411622 4.5460537 4.5510122 4.5560385 4.5611336 4.5662982 4.5715333 4.5768398 4.5822186 4.5876706 4.5931966 4.5987977 4.6044746 4.6102283 4.6160598 4.6219698 4.6279594 4.6340294 4.6401807 4.6464143 4.6527309 4.6591316 4.6656171 4.6721884 4.6788462 4.6855916 4.6924252 4.6993478 4.7063604 4.7134637 4.7206585 4.7279454 4.7353253 4.7427987 4.7503665 4.7580291 4.7657873 4.7736415 4.7815923 4.7896401 4.7977854 4.8060286 4.81437 4.8228097 4.8313481 4.8399852 4.8487211 4.8575558 4.8664891 4.8755208 4.8846505 4.8938779 4.9032024 4.9126233 4.9221398 4.931751 4.9414556
4.523161 4.5278556 4.5326152 4.5374409 4.5423334 4.5472936 4.5523225 4.557421 4.5625899 4.5678303 4.5731429 4.5785289 4.5839891 4.5895244 4.5951358 4.6008242 4.6065906 4.612436 4.6183613 4.6243674 4.6304553 4.6366259 4.6428803 4.6492192 4.6556438 4.6621548 4.6687533 4.6754402 4.6822163 4.6890826 4.6960399 4.7030892 4.7102312 4.7174669 4.7247969 4.7322223 4.7397436 4.7473617 4.7550773 4.762891 4.7708036 4.7788155 4.7869275 4.7951401 4.8034536 4.8118686 4.8203854 4.8290043 4.8377256 4.8465495 4.855476 4.8645052 4.8736369 4.8828711 4.8922073 4.9016454 4.9111846 4.9208244 4.930564 4.9404025
4.519367 4.5240592 4.5288173 4.533642 4.5385343 4.5434952 4.5485255 4.5536262 4.5587983 4.5640427 4.5693603 4.5747522 4.5802194 4.5857627 4.5913832 4.5970819 4.6028598 4.6087178 4.614657 4.6206783 4.6267828 4.6329715 4.6392453 4.6456053 4.6520524 4.6585876 4.665212 4.6719265 4.6787321 4.6856297 4.6926203 4.6997049 4.7068844 4.7141596 4.7215315 4.729001 4.7365689 4.744236 4.7520032 4.7598713 4.7678409 4.7759129 4.7840878 4.7923664 4.8007491 4.8092366 4.8178294 4.8265278 4.8353323 4.8442432 4.8532606 4.8623848 4.8716159 4.8809537 4.8903982 4.8999492 4.9096063 4.9193691 4.929237 4.9392092
4.515498 4.5201868 4.5249421 4.5297647 4.5346557 4.539616 4.5446466 4.5497483 4.5549223 4.5601695 4.5654909 4.5708876 4.5763604 4.5819105 4.5875388 4.5932465 4.5990345 4.6049038 4.6108556 4.6168908 4.6230105 4.6292159 4.6355078 4.6418873 4.6483556 4.6549137 4.6615626 4.6683033 4.675137 4.6820645 4.689087 4.6962055 4.7034209 4.7107343 4.7181466 4.7256589 4.7332719 4.7409867 4.7488042 4.7567252 4.7647506 4.7728812 4.7811177 4.789461 4.7979117 4.8064705 4.815138 4.8239148 4.8328014 4.8417981 4.8509055 4.8601237 4.8694531 4.8788937 4.8884457 4.898109 4.9078833 4.9177685 4.9277642 4.9378698
4.5115533 4.5162376 4.5209889 4.5258084 4.5306968 4.5356554 4.5406849 4.5457865 4.5509612 4.5562099 4.5615338 4.5669338 4.5724111 4.5779666 4.5836014 4.5893167 4.5951134 4.6009927 4.6069557 4.6130034 4.619137 4.6253575 4.6316661 4.6380639 4.6445519 4.6511313 4.6578032 4.6645687 4.6714289 4.6783849 4.6854378 4.6925887 4.6998386 4.7071887 4.71464 4.7221934 4.7298502 4.7376112 4.7454774 4.7534499 4.7615296 4.7697173 4.7780141 4.7864207 4.794938 4.8035667 4.8123076 4.8211614 4.8301288 4.8392102 4.8484063 4.8577174 4.8671441 4.8766865 4.8863449 4.8961195 4.9060103 4.9160172 4.92614 4.9363784
4.5075324 4.5122108 4.5169571 4.5217721 4.5266568 4.5316123 4.5366396 4.5417398 4.5469138 4.5521628 4.5574878 4.5628899 4.5683702 4.5739298 4.5795698 4.5852912 4.5910953 4.5969832 4.6029559 4.6090147 4.6151606 4.6213949 4.6277187 4.6341331 4.6406394 4.6472386 4.653932 4.6607208 4.667606 4.6745889 4.6816706 4.6888524 4.6961352 4.7035204 4.711009 4.7186021 4.726301 4.7341066 4.74202 4.7500424 4.7581748 4.7664182 4.7747737 4.7832421 4.7918244 4.8005216 4.8093344 4.8182638 4.8273105 4.8364752 4.8457587 4.8551615 4.8646841 4.8743271 4.8840909 4.8939758 4.9039819 4.9141096 4.9243587 4.9347292
4.5034344 4.5081059 4.5128458 4.5176551 4.5225348 4.5274861 4.5325098 4.5376073 4.5427794 4.5480273 4.5533521 4.5587549 4.5642368 4.5697991 4.5754427 4.581169 4.586979 4.5928739 4.5988549 4.6049232 4.61108 4.6173265 4.623664 4.6300935 4.6366164 4.6432339 4.6499473 4.6567576 4.6636663 4.6706744 4.6777834 4.6849943 4.6923084 4.699727 4.7072513 4.7148824 4.7226217 4.7304702 4.7384293 4.7464999 4.7546834 4.7629808 4.7713932 4.7799217 4.7885675 4.7973315 4.8062147 4.8152181 4.8243426 4.8335891 4.8429584 4.8524513 4.8620686 4.8718108 4.8816786 4.8916725 4.9017928 4.9120401 4.9224144 4.932916
4.4992587 4.503922 4.5086543 4.5134567 4.5183302 4.5232758 4.5282948 4.5333881 4.5385569 4.5438023 4.5491255 4.5545277 4.5600098 4.5655733 4.5712192 4.5769487 4.5827631 4.5886636 4.5946514 4.6007277 4.6068938 4.6131509 4.6195004 4.6259435 4.6324814 4.6391155 4.6458471 4.6526774 4.6596077 4.6666395 4.6737739 4.6810123 4.688356 4.6958063 4.7033645 4.7110319 4.7188098 4.7266995 4.7347023 4.7428194 4.7510521 4.7594017 4.7678694 4.7764564 4.7851638 4.7939928 4.8029447 4.8120204 4.821221 4.8305476 4.8400011 4.8495826 4.8592928 4.8691327 4.879103 4.8892044 4.8994375 4.909803 4.9203013 4.9309328
