Cobbity4/FInal/QGIS/Doalem.asc
NCOLS 499
NROWS 379
XLLCORNER 150.661
YLLCORNER -34.0271
CELLSIZE 1e-05
NODATA_VALUE -9999
[rows 286 to 311 of 379, columns 0 to 59 of 499]
3.4811571 3.474075 3.4668713 3.4595432 3.4520876 3.4445016 3.4367819 3.4289253 3.4209284 3.4127878 3.4044999 3.396061 3.3874673 3.3787148 3.3697996 3.3607174 3.3514639 3.3420346 3.3324249 3.32263 3.3126449 3.3024645 3.2920836 3.2814967 3.270698 3.2596817 3.2484416 3.2369716 3.225265 3.213315 3.2011146 3.1886565 3.1759331 3.1629366 3.1496586 3.1360909 3.1222244 3.10805 3.0935582 3.0787389 3.0635819 3.0480764 3.0322111 3.0159743 2.9993538 2.9823368 2.9649102 2.9470599 2.9287715 2.9100298 2.8908191 2.8711227 2.8509234 2.830203 2.8089425 2.787122 2.7647206 2.7417165 2.7180867 2.6938071
3.4746714 3.46752 3.4602459 3.4528463 3.4453181 3.4376582 3.4298635 3.4219307 3.4138563 3.4056369 3.3972689 3.3887486 3.380072 3.3712353 3.3622344 3.3530649 3.3437226 3.3342029 3.3245011 3.3146124 3.3045318 3.2942542 3.2837741 3.2730859 3.2621841 3.2510626 3.2397152 3.2281355 3.2163169 3.2042526 3.1919353 3.1793577 3.1665121 3.1533904 3.1399843 3.1262853 3.1122843 3.0979719 3.0833384 3.0683737 3.0530673 3.037408 3.0213844 3.0049846 2.9881959 2.9710055 2.9533996 2.9353639 2.9168837 2.8979432 2.8785261 2.8586154 2.838193 2.8172403 2.7957375 2.7736638 2.7509975 2.7277157 2.7037943 2.679208
3.4682957 3.4610775 3.4537357 3.4462673 3.4386692 3.4309384 3.4230717 3.4150657 3.406917 3.3986221 3.3901774 3.3815791 3.3728233 3.363906 3.3548231 3.3455704 3.3361433 3.3265374 3.3167479 3.30677 3.2965985 3.2862283 3.2756539 3.2648698 3.2538701 3.2426488 3.2311997 3.2195163 3.2075918 3.1954194 3.1829918 3.1703014 3.1573405 3.1441009 3.1305743 3.1167518 3.1026242 3.0881822 3.0734158 3.0583147 3.042868 3.0270646 3.0108928 2.9943404 2.9773945 2.9600417 2.9422682 2.9240593 2.9053997 2.8862734 2.8666634 2.8465523 2.8259214 2.8047514 2.7830217 2.7607108 2.737796 2.7142536 2.6900581 2.6651831
3.4620309 3.4547486 3.4473417 3.4398073 3.4321422 3.4243434 3.4164077 3.4083316 3.4001118 3.3917447 3.3832266 3.3745539 3.3657224 3.3567283 3.3475674 3.3382353 3.3287276 3.3190398 3.309167 3.2991043 3.2888466 3.2783887 3.2677251 3.2568502 3.245758 3.2344425 3.2228974 3.2111161 3.199092 3.1868179 3.1742864 3.1614901 3.148421 3.135071 3.1214313 3.1074933 3.0932475 3.0786843 3.0637938 3.0485654 3.0329881 3.0170506 3.0007408 2.9840464 2.9669543 2.9494508 2.9315217 2.913152 2.894326 2.8750273 2.8552385 2.8349414 2.8141171 2.7927453 2.770805 2.7482737 2.725128 2.7013428 2.676892 2.6517475
3.4558781 3.4485343 3.441065 3.4334673 3.4257381 3.4178742 3.4098725 3.4017295 3.3934418 3.3850058 3.3764179 3.3676742 3.3587708 3.3497036 3.3404685 3.3310611 3.321477 3.3117114 3.3017597 3.2916169 3.2812777 3.270737 3.2599893 3.2490287 3.2378494 3.2264453 3.2148101 3.2029371 3.1908194 3.17845 3.1658215 3.1529262 3.1397562 3.126303 3.1125582 3.0985126 3.0841569 3.0694813 3.0544756 3.0391293 3.0234311 3.0073695 2.9909323 2.9741069 2.95688 2.9392376 2.9211653 2.9026476 2.8836685 2.8642112 2.844258 2.8237901 2.802788 2.7812308 2.7590968 2.7363628 2.7130043 2.6889956 2.6643091 2.6389157
3.4498381 3.4424354 3.4349064 3.4272482 3.4194578 3.4115318 3.4034672 3.3952604 3.3869081 3.3784065 3.3697522 3.3609411 3.3519694 3.342833 3.3335276 3.324049 3.3143925 3.3045536 3.2945275 3.2843091 3.2738933 3.2632747 3.2524479 3.241407 3.2301461 3.2186591 3.2069395 3.1949808 3.1827759 3.1703178 3.157599 3.1446118 3.131348 3.1177994 3.1039571 3.0898122 3.075355 3.0605758 3.0454642 3.0300094 3.0142002 2.9980249 2.981471 2.9645258 2.9471756 2.9294065 2.9112034 2.8925509 2.8734325 2.853831 2.8337283 2.8131051 2.7919414 2.7702158 2.7479058 2.7249875 2.7014356 2.6772233 2.6523221 2.6267015
3.4439118 3.4364528 3.4288669 3.421151 3.4133022 3.4053172 3.3971926 3.3889253 3.3805115 3.3719479 3.3632305 3.3543557 3.3453194 3.3361175 3.3267458 3.3172 3.3074755 3.2975676 3.2874715 3.2771822 3.2666945 3.256003 3.2451023 3.2339864 3.2226494 3.2110852 3.1992872 3.1872489 3.1749632 3.162423 3.1496207 3.1365485 3.1231985 3.109562 3.0956303 3.0813942 3.0668442 3.0519702 3.0367619 3.0212084 3.0052983 2.9890196 2.97236 2.9553063 2.9378448 2.9199613 2.9016405 2.8828666 2.863623 2.843892 2.8236551 2.8028927 2.7815842 2.7597077 2.73724 2.7141567 2.6904314 2.6660366 2.6409427 2.6151179
3.4380998 3.4305872 3.4229471 3.4151765 3.4072721 3.399231 3.3910497 3.3827249 3.3742531 3.3656306 3.3568538 3.3479188 3.3388216 3.3295581 3.3201241 3.3105152 3.3007268 3.2907543 3.2805928 3.2702372 3.2596825 3.2489231 3.2379536 3.2267681 3.2153606 3.2037248 3.1918545 3.1797427 3.1673825 3.1547668 3.1418879 3.1287381 3.1153091 3.1015925 3.0875793 3.0732605 3.0586263 3.0436666 3.028371 3.0127286 2.9967277 2.9803564 2.963602 2.9464514 2.9288907 2.9109053 2.89248 2.8735985 2.854244 2.8343986 2.8140433 2.7931583 2.7717223 2.7497131 2.7271068 2.7038783 2.6800007 2.6554454 2.6301818 2.6041773
3.4324029 3.4248394 3.4171479 3.4093252 3.4013683 3.393274 3.3850391 3.37666 3.3681334 3.3594556 3.3506228 3.3416312 3.3324769 3.3231556 3.3136632 3.3039953 3.2941473 3.2841146 3.2738922 3.2634751 3.2528582 3.2420359 3.2310028 3.219753 3.2082806 3.1965791 3.1846423 3.1724633 3.1600352 3.1473506 3.1344021 3.1211817 3.1076813 3.0938923 3.0798058 3.0654126 3.0507029 3.0356667 3.0202933 3.0045718 2.9884904 2.9720372 2.9551994 2.9379636 2.9203159 2.9022415 2.883725 2.86475 2.8452994 2.8253549 2.8048974 2.7839066 2.7623609 2.7402376 2.7175124 2.6941595 2.6701513 2.6454584 2.6200494 2.5938904
3.4268217 3.4192099 3.4114697 3.4035978 3.3955913 3.387447 3.3791614 3.3707314 3.3621532 3.3534234 3.3445381 3.3354936 3.3262859 3.3169107 3.3073639 3.2976412 3.2877378 3.2776492 3.2673705 3.2568966 3.2462223 3.2353422 3.2242507 3.2129421 3.2014102 3.1896489 3.1776516 3.1654116 3.1529219 3.1401753 3.127164 3.1138804 3.100316 3.0864625 3.0723108 3.0578516 3.0430753 3.0279717 3.0125301 2.9967394 2.9805881 2.9640638 2.9471539 2.9298448 2.9121225 2.8939721 2.8753781 2.8563238 2.8367919 2.8167641 2.7962208 2.7751416 2.7535045 2.7312863 2.7084624 2.6850063 2.66089 2.6360833 2.6105539 2.5842672
3.4213566 3.4136993 3.4059131 3.3979949 3.3899417 3.3817502 3.3734173 3.3649394 3.356313 3.3475346 3.3386004 3.3295066 3.3202491 3.310824 3.3012268 3.2914533 3.2814988 3.2713588 3.2610282 3.2505022 3.2397754 3.2288425 3.217698 3.2063358 3.1947502 3.1829347 3.170883 3.1585883 3.1460435 3.1332415 3.1201745 3.1068348 3.0932141 3.0793038 3.0650951 3.0505785 3.0357444 3.0205826 3.0050824 2.9892327 2.9730218 2.9564374 2.9394668 2.9220964 2.904312 2.8860988 2.8674409 2.8483218 2.8287239 2.8086286 2.7880164 2.7668664 2.7451565 2.7228631 2.6999611 2.6764238 2.6522225 2.6273265 2.6017028 2.575316
3.4160081 3.4083079 3.4004785 3.3925169 3.3844199 3.3761844 3.367807 3.3592845 3.3506132 3.3417896 3.33281 3.3236705 3.3143671 3.3048958 3.2952522 3.285432 3.2754308 3.2652437 3.2548659 3.2442924 3.233518 3.2225374 3.2113449 3.1999347 3.1883009 3.1764371 3.164337 3.1519937 3.1394004 3.1265496 3.113434 3.1000455 3.086376 3.0724168 3.0581592 3.0435938 3.0287107 3.0135 2.9979508 2.9820521 2.9657921 2.9491587 2.9321389 2.9147193 2.8968855 2.8786226 2.8599148 2.8407454 2.8210968 2.8009503 2.7802861 2.7590832 2.7373194 2.7149707 2.6920118 2.6684157 2.6441532 2.6191931 2.593502 2.5670435
3.4107766 3.4030362 3.3951664 3.3871641 3.3790262 3.3707497 3.3623311 3.3537671 3.3450542 3.3361889 3.3271673 3.3179857 3.3086402 3.2991265 3.2894405 3.2795778 3.2695339 3.2593042 3.2488837 3.2382675 3.2274504 3.216427 3.2051918 3.1937389 3.1820625 3.1701562 3.1580137 3.1456281 3.1329927 3.1201 3.1069426 3.0935126 3.0798018 3.0658016 3.0515033 3.0368975 3.0219744 3.006724 2.9911355 2.9751979 2.9588994 2.942228 2.9251706 2.9077137 2.8898432 2.8715439 2.8528002 2.8335953 2.8139114 2.7937299 2.7730309 2.7517933 2.7299947 2.707611 2.6846168 2.6609846 2.6366851 2.6116867 2.5859556 2.5594549
3.4056623 3.3978844 3.3899769 3.3819368 3.373761 3.3654464 3.3569896 3.3483874 3.3396362 3.3307325 3.3216725 3.3124525 3.3030684 3.2935163 3.2837918 3.2738907 3.2638085 3.2535405 3.2430818 3.2324276 3.2215726 3.2105114 3.1992387 3.1877486 3.1760351 3.1640921 3.1519131 3.1394915 3.1268203 3.1138924 3.1007002 3.0872359 3.0734914 3.0594581 3.0451272 3.0304895 3.0155352 3.0002543 2.9846362 2.9686698 2.9523434 2.9356449 2.9185614 2.9010795 2.8831849 2.8648627 2.846097 2.8268712 2.8071677 2.7869676 2.766251 2.744997 2.7231829 2.7007847 2.6777768 2.6541317 2.6298198 2.6048094 2.5790662 2.5525533
3.4006656 3.3928528 3.3849103 3.3768352 3.3686244 3.3602747 3.3517829 3.3431456 3.3343594 3.3254207 3.3163257 3.3070708 3.297652 3.2880652 3.2783063 3.2683708 3.2582545 3.2479525 3.2374602 3.2267725 3.2158845 3.2047906 3.1934855 3.1819634 3.1702185 3.1582444 3.146035 3.1335835 3.1208831 3.1079266 3.0947066 3.0812152 3.0674444 3.0533857 3.0390304 3.0243692 3.0093926 2.9940905 2.9784523 2.9624671 2.9461233 2.9294088 2.9123107 2.8948158 2.8769098 2.8585779 2.8398043 2.8205725 2.8008647 2.7806624 2.7599457 2.7386935 2.7168834 2.6944913 2.6714917 2.6478569 2.6235574 2.5985615 2.5728347 2.5463399
3.3957864 3.3879414 3.3799667 3.3718594 3.3636165 3.3552347 3.3467109 3.3380417 3.3292237 3.3202534 3.311127 3.3018408 3.2923909 3.2827732 3.2729837 3.263018 3.2528717 3.2425402 3.2320186 3.2213022 3.2103859 3.1992643 3.1879319 3.1763832 3.1646123 3.152613 3.140379 3.1279038 3.1151805 3.102202 3.0889609 3.0754496 3.06166 3.0475837 3.033212 3.0185358 3.0035456 2.9882314 2.9725827 2.9565887 2.9402379 2.9235183 2.9064171 2.8889212 2.8710165 2.8526881 2.8339206 2.8146974 2.7950009 2.7748128 2.7541132 2.7328812 2.7110944 2.6887291 2.6657596 2.6421585 2.6178965 2.5929417 2.5672599 2.540814
3.3910249 3.3831503 3.3751461 3.3670095 3.3587373 3.3503264 3.3417737 3.3330757 3.3242292 3.3152305 3.3060761 3.2967622 3.2872849 3.2776402 3.267824 3.2578321 3.2476599 3.2373031 3.2267569 3.2160163 3.2050764 3.1939319 3.1825774 3.1710074 3.1592159 3.147197 3.1349443 3.1224515 3.1097116 3.0967177 3.0834625 3.0699383 3.0561372 3.042051 3.0276709 3.012988 2.9979929 2.9826756 2.9670259 2.9510331 2.9346856 2.9179717 2.9008788 2.8833938 2.8655028 2.8471912 2.8284436 2.8092435 2.7895738 2.7694161 2.7487507 2.7275572 2.7058131 2.6834951 2.6605776 2.6370336 2.6128339 2.5879469 2.5623387 2.5359724
3.386381 3.3784795 3.3704486 3.3622853 3.3539867 3.3455497 3.336971 3.3282475 3.3193756 3.310352 3.3011729 3.2918348 3.2823337 3.2726657 3.2628267 3.2528126 3.2426188 3.2322409 3.2216743 3.2109142 3.1999554 3.188793 3.1774214 3.1658352 3.1540286 3.1419957 3.1297302 3.1172257 3.1044755 3.0914727 3.07821 3.06468 3.0508748 3.0367861 3.0224056 3.0077242 2.9927327 2.9774214 2.9617801 2.9457981 2.9294642 2.9127668 2.8956934 2.8782311 2.8603662 2.8420843 2.8233703 2.8042078 2.78458 2.7644688 2.7438548 2.7227176 2.7010355 2.678785 2.6559413 2.6324775 2.6083648 2.5835722 2.558066 2.53181
3.3818548 3.3739289 3.3658739 3.3576868 3.3493646 3.3409044 3.3323028 3.3235567 3.3146628 3.3056174 3.2964172 3.2870583 3.277537 3.2678495 3.2579915 3.2479591 3.2377477 3.2273531 3.2167705 3.2059952 3.1950223 3.1838467 3.172463 3.1608658 3.1490495 3.137008 3.1247354 3.1122252 3.0994709 3.0864656 3.0732022 3.0596732 3.045871 3.0317875 3.0174142 3.0027425 2.9877631 2.9724666 2.9568428 2.9408813 2.9245711 2.9079007 2.8908578 2.8734299 2.8556033 2.837364 2.8186969 2.7995864 2.7800155 2.7599666 2.7394207 2.7183577 2.6967563 2.6745936 2.6518449 2.6284841 2.6044829 2.5798108 2.5544348 2.5283193
3.377446 3.3694984 3.3614219 3.3532137 3.3448708 3.3363902 3.3277687 3.3190032 3.3100902 3.3010265 3.2918083 3.2824322 3.2728944 3.2631909 3.2533178 3.2432709 3.233046 3.2226388 3.2120445 3.2012586 3.1902761 3.1790921 3.1677012 3.1560982 3.1442773 3.1322328 3.1199587 3.1074487 3.0946963 3.0816948 3.0684372 3.0549161 3.041124 3.0270529 3.0126947 2.9980406 2.9830817 2.9678086 2.9522114 2.9362799 2.9200033 2.9033702 2.8863688 2.8689865 2.8512102 2.833026 2.8144192 2.7953744 2.7758752 2.7559041 2.7354428 2.7144715 2.6929694 2.670914 2.6482814 2.625046 2.6011802 2.5766542 2.5514359 2.5254907
3.3731544 3.3651876 3.3570923 3.3488657 3.3405048 3.3320068 3.3233683 3.3145864 3.3056576 3.2965786 3.287346 3.277956 3.2684051 3.2586893 3.2488048 3.2387474 3.228513 3.2180972 3.2074955 3.1967033 3.1857158 3.1745281 3.1631349 3.151531 3.1397108 3.1276687 3.1153986 3.1028946 3.0901501 3.0771587 3.0639132 3.0504067 3.0366317 3.0225803 3.0082445 2.9936159 2.9786856 2.9634445 2.9478828 2.9319906 2.9157572 2.8991716 2.8822222 2.8648968 2.8471825 2.8290657 2.8105321 2.7915667 2.7721535 2.7522754 2.7319147 2.711052 2.6896672 2.6677383 2.6452422 2.622154 2.5984469 2.574092 2.5490583 2.5233121
3.3689797 3.3609962 3.3528848 3.3446424 3.3362664 3.3277537 3.3191012 3.3103058 3.3013643 3.2922733 3.2830294 3.273629 3.2640684 3.254344 3.2444517 3.2343877 3.2241476 3.2137274 3.2031225 3.1923284 3.1813403 3.1701534 3.1587626 3.1471628 3.1353484 3.1233139 3.1110534 3.098561 3.0858304 3.072855 3.0596281 3.0461427 3.0323915 3.0183669 3.004061 2.9894655 2.9745718 2.9593709 2.9438535 2.9280095 2.9118289 2.8953008 2.8784138 2.861156 2.843515 2.8254776 2.8070298 2.788157 2.7688437 2.7490735 2.7288289 2.7080913 2.6868412 2.6650575 2.6427177 2.6197977 2.5962718 2.5721121 2.5472888 2.5217695
3.3649216 3.356924 3.3487989 3.3405435 3.332155 3.3236305 3.3149668 3.306161 3.2972098 3.2881099 3.2788579 3.2694504 3.2598837 3.250154 3.2402577 3.2301907 3.2199489 3.2095282 3.1989242 3.1881324 3.1771481 3.1659667 3.154583 3.1429921 3.1311885 3.1191668 3.1069212 3.094446 3.0817349 3.0687815 3.0555794 3.0421215 3.0284009 3.01441 3.0001411 2.9855862 2.9707369 2.9555844 2.9401195 2.9243328 2.9082141 2.8917529 2.8749384 2.8577589 2.8402023 2.8222558 2.803906 2.7851386 2.7659388 2.7462905 2.7261771 2.7055806 2.6844821 2.6628613 2.6406967 2.6179653 2.5946421 2.5707008 2.5461127 2.5208469
3.3609797 3.3529704 3.3448342 3.3365684 3.3281701 3.3196365 3.3109645 3.3021512 3.2931933 3.2840876 3.2748308 3.2654194 3.2558498 3.2461185 3.2362217 3.2261554 3.2159157 3.2054984 3.1948993 3.184114 3.1731379 3.1619663 3.1505943 3.139017 3.1272291 3.1152253 3.103 3.0905473 3.0778613 3.0649359 3.0517645 3.0383404 3.0246568 3.0107063 2.9964815 2.9819745 2.9671771 2.9520808 2.9366768 2.9209557 2.9049079 2.8885231 2.8717908 2.8546997 2.8372381 2.8193938 2.8011536 2.7825041 2.7634306 2.743918 2.7239502 2.7035099 2.6825791 2.6611385 2.6391673 2.6166436 2.5935438 2.5698428 2.5455133 2.5205262
3.3571534 3.3491349 3.3409901 3.3327164 3.324311 3.3157711 3.3070936 3.2982756 3.289314 3.2802055 3.270947 3.2615349 3.2519659 3.2422363 3.2323425 3.2222806 3.2120467 3.2016367 3.1910465 3.1802717 3.169308 3.1581506 3.1467948 3.1352358 3.1234684 3.1114874 3.0992873 3.0868625 3.0742072 3.0613153 3.0481806 3.0347964 3.0211561 3.0072526 2.9930786 2.9786265 2.9638884 2.948856 2.9335207 2.9178736 2.9019052 2.8856058 2.868965 2.8519722 2.8346159 2.8168845 2.7987653 2.7802453 2.7613107 2.7419468 2.7221383 2.7018688 2.6811211 2.6598766 2.638116 2.6158183 2.5929613 2.5695212 2.5454725 2.5207876
3.3534422 3.3454168 3.337266 3.328987 3.3205771 3.3120335 3.3033532 3.2945334 3.285571 3.2764628 3.2672056 3.2577961 3.2482308 3.2385063 3.228619 3.218565 3.2083405 3.1979416 3.1873641 3.1766039 3.1656566 3.1545177 3.1431825 3.1316463 3.1199041 3.1079507 3.0957809 3.0833892 3.0707698 3.057917 3.0448245 3.0314862 3.0178953 3.0040451 2.9899285 2.9755382 2.9608665 2.9459053 2.9306465 2.9150813 2.8992007 2.8829952 2.866455 2.8495698 2.8323287 2.8147203 2.7967328 2.7783537 2.7595697 2.7403669 2.7207308 2.7006458 2.6800955 2.6590627 2.6375287 2.6154741 2.592878 2.569718 2.5459704 2.5216096
