Cobbity4/FInal/QGIS/Dualem.asc
NCOLS 100
NROWS 179
XLLCORNER 150.661
YLLCORNER -34.0275
DX 6e-05
DY 2e-05
NODATA_VALUE -9999
[rows 52 to 77 of 179, columns 0 to 59 of 100]
4.551172 4.581231 4.613723 4.648814 4.6866643 4.7274208 4.7712053 4.8180978 4.8681132 4.9211657 4.9770171 5.0351971 5.0948767 5.1546603 5.2122259 5.2636732 5.3022647 5.3158114 5.2806777 5.1456786 4.7682209 4.5907474 4.6971607 5.0366844 4.8601265 4.4541422 4.6236998 4.7321059 5.0482137 5.1469583 5.4149507 5.6053968 5.524802 5.2748231 5.0929308 5.0532524 5.0851643 5.1299773 5.166279 5.1788897 5.1717398 5.151975 5.124891 5.0938782 5.0610416 5.0276856 4.9946186 4.9623374 4.9311405 4.9011972 4.8725927 4.8453565 4.8194818 4.7949382 4.7716804 4.7496542 4.7288004 4.7090579 4.6903653 4.672662
4.544181 4.5743105 4.6069427 4.6422596 4.6804412 4.7216576 4.7660588 4.8137587 4.864813 4.9191856 4.976699 5.0369565 5.099219 5.1621977 5.2236899 5.2798994 5.3240783 5.3435628 5.312476 5.1700287 4.7235538 4.5853398 4.7122293 4.6386814 4.6656332 4.2970352 4.5620151 4.5274012 4.902092 5.158004 5.3873893 5.71571 5.5417854 5.2145418 4.9714985 4.9633809 5.0317574 5.1029185 5.1578323 5.1779149 5.1730575 5.1535927 5.1260885 5.0944329 5.0609281 5.026955 4.9933482 4.9606093 4.9290326 4.8987795 4.8699266 4.8424949 4.8164697 4.7918137 4.7684755 4.7463958 4.7255107 4.7057555 4.6870653 4.6693772
4.5368901 4.5670644 4.5998098 4.6353248 4.6738093 4.7154577 4.7604492 4.8089337 4.8610107 4.916698 4.975885 5.0382597 5.1031902 5.1695252 5.2352365 5.2967373 5.3474816 5.3747895 5.3516057 5.2101721 4.7120683 4.6395673 4.7321482 4.3010284 4.4912407 4.1673601 4.4978977 4.3819635 4.7682004 5.2915749 5.3576926 5.6470281 5.3934365 5.1219655 4.7745188 4.8408947 4.9628487 5.0711519 5.1497045 5.1775235 5.1746363 5.1552167 5.1271411 5.094761 5.0605477 5.0259414 4.9917928 4.9586025 4.9266569 4.8961076 4.8670209 4.8394086 4.8132478 4.7884936 4.7650887 4.7429681 4.7220638 4.702307 4.6836298 4.6659664
4.5292929 4.5594847 4.5923144 4.6279972 4.6667534 4.7088024 4.754354 4.8035956 4.8566729 4.9136618 4.9745251 5.0390452 5.1067148 5.1765504 5.246754 5.3140586 5.3723521 5.4094706 5.3985193 5.2683571 4.7390614 4.7925113 5.3573467 4.2420279 4.3704763 4.100577 4.4799987 4.4560145 4.4725402 5.4283557 5.4149984 5.6003221 5.2836325 4.9868692 4.4581478 4.6701789 4.8672153 5.0358468 5.1430234 5.1780731 5.1765707 5.1568588 5.1280356 5.0948431 5.0598811 5.0246274 4.9899375 4.9563045 4.9240029 4.8931726 4.8638683 4.8360917 4.8098109 4.7849738 4.7615164 4.7393685 4.7184574 4.6987106 4.680057 4.6624283
4.5213829 4.5515635 4.5844465 4.6202645 4.6592585 4.7016734 4.7477505 4.7977163 4.8517652 4.9100347 4.9725668 5.0392479 5.1097111 5.1831694 5.2581099 5.3316951 5.3984854 5.4474019 5.4532331 5.3458195 4.8189634 5.048861 5.5476056 4.265468 4.2890927 4.0555945 4.5009605 4.4834444 4.4850395 5.6376332 5.6093255 5.6598612 5.1394618 4.7950337 4.2147961 4.4319764 4.7058114 5.0020019 5.1392557 5.1799121 5.1789306 5.1585159 5.1287509 5.0946557 5.0589066 5.0229945 4.9877668 4.9537021 4.92106 4.8899656 4.8604614 4.832538 4.8061542 4.7812502 4.7577554 4.7355941 4.7146893 4.6949646 4.6763457 4.6587618
4.5131543 4.543293 4.5761967 4.6121148 4.6513097 4.6940521 4.7406158 4.7912675 4.8462526 4.9057733 4.9699559 5.0387991 5.1120912 5.1892678 5.2691518 5.3494394 5.4255934 5.4881843 5.5152729 5.4427328 4.9549174 5.3650413 5.7716173 4.488523 4.2920457 3.9740292 4.5417547 4.765824 4.8353633 5.9791365 5.8848905 5.7920387 5.1712165 4.6033994 4.4895184 4.2804411 4.3391992 4.9808764 5.1399331 5.1833142 5.1817453 5.1601658 5.1292567 5.0941707 5.0576005 5.021023 4.9852644 4.9507823 4.9178172 4.8864781 4.8567932 4.8287417 4.8022729 4.7773189 4.7538024 4.7316425 4.7107575 4.6910672 4.6724945 4.6549658
4.5046012 4.534666 4.5675555 4.6035364 4.6428922 4.6859202 4.7329271 4.7842209 4.8400997 4.9008333 4.9666364 5.0376274 5.1137621 5.1947216 5.2797093 5.3670476 5.4533089 5.5312263 5.5836508 5.5581718 5.1274747 5.7056861 5.8215888 4.8251436 4.6572146 3.819235 4.5862789 4.972162 5.3482804 6.3972724 6.1960169 5.9675267 5.0907789 4.4564541 4.7781978 4.2164156 4.4224148 4.9842768 5.1461562 5.1884069 5.1849897 5.1617643 5.1295134 5.0933557 5.0559368 5.0186921 4.9824137 4.9475317 4.914264 4.8827011 4.8528566 4.8246972 4.7981625 4.7731762 4.7496546 4.7275112 4.7066599 4.6870169 4.6685021 4.6510395
4.4957181 4.5256753 4.558514 4.5945178 4.6339917 4.6772596 4.7246616 4.776548 4.8332708 4.8951695 4.9625509 5.0356589 5.1146266 5.1993993 5.2895969 5.3842445 5.481195 5.5757658 5.6568803 5.6897305 5.4422003 6.0625338 5.882944 5.0585563 4.793886 3.6692005 4.6365075 5.1464021 5.5968349 7.2253608 6.5749146 6.1540369 5.7221047 4.5916703 5.0338311 4.5915277 4.9052344 5.0117355 5.1581422 5.1951157 5.1885756 5.1632444 5.1294718 5.092174 5.0538875 5.0159801 4.9791978 4.9439368 4.9103894 4.8786262 4.8486446 4.820399 4.7938184 4.7688186 4.7453091 4.723198 4.7023949 4.6828124 4.6643675 4.6469819
4.4865 4.5163143 4.5490634 4.585048 4.6245941 4.6680524 4.7157969 4.7682206 4.8257302 4.8887366 4.9576415 5.0328182 5.1145846 5.2031633 5.2986171 5.4007302 5.5087609 5.6209074 5.7330501 5.8329022 5.7317184 6.3865701 5.9880499 5.3059398 4.9741087 3.401952 4.7043646 5.3290838 6.0708263 7.7502392 7.0031346 6.3388536 5.9317954 5.1433987 5.2779054 5.0390528 4.7479497 5.0539187 5.1751257 5.2031449 5.1923509 5.1645172 5.1290742 5.0905855 5.0514233 5.0128648 4.9755993 4.9399842 4.906183 4.8742449 4.8441507 4.8158416 4.7892365 4.7642426 4.7407631 4.7187007 4.6979607 4.6784523 4.6600897 4.6427923
4.4769419 4.5065766 4.5391956 4.5751163 4.6146857 4.6582814 4.7063109 4.7592105 4.8174423 4.8814894 4.9518499 5.0290293 5.1135343 5.2058723 5.3065647 5.416188 5.5354794 5.665674 5.809976 5.981133 6.3171169 6.7622701 6.1471682 5.5400484 5.0304488 3.3335136 4.790719 5.5260809 6.3043114 7.7117851 7.3446544 6.5180242 6.226985 5.7076335 5.5203365 5.2995062 4.7915807 5.1053534 5.1955893 5.2120022 5.1961085 5.1654756 5.1282563 5.0885472 5.0485133 5.0093234 4.9716011 4.9356605 4.9016343 4.8695491 4.8393684 4.8110202 4.7844127 4.7594453 4.7360144 4.7140175 4.6933559 4.6739355 4.6556678 4.6384701
4.4670397 4.4964565 4.5289028 4.5647126 4.6042535 4.6479297 4.6961822 4.7494904 4.808372 4.8733829 4.945118 5.0242158 5.1113732 5.207384 5.3132314 5.4302933 5.5608079 5.709065 5.8854282 6.1265887 6.5467729 7.0429508 6.4051426 5.742551 5.1374834 3.911838 4.8979196 5.7286872 6.5232826 8.3492412 8.3450229 6.6955326 6.3768277 6.4040291 5.7528828 5.5253619 4.8893456 5.1635021 5.2175598 5.2210605 5.1996034 5.1660002 5.126949 5.0860142 5.0451265 5.0053331 4.9671861 4.9309526 4.8967333 4.8645309 4.8342916 4.8059298 4.7793434 4.7544237 4.7310605 4.7091467 4.6885793 4.6692611 4.6511012 4.6340149
4.4567894 4.4859485 4.5181779 4.5538273 4.593285 4.6369811 4.6853898 4.7390335 4.7984849 4.8643727 4.9373883 5.0183025 5.1079999 5.2075569 5.3184097 5.4427227 5.5842064 5.7501103 5.9573834 6.262245 6.9638289 7.49391 6.7232635 5.9274963 5.2412901 4.3430905 4.9371439 5.9334235 6.6993023 7.8915212 8.0435411 6.8580529 6.5260904 6.62878 5.9669384 5.6520937 5.2254232 5.2222928 5.2388757 5.229644 5.2025751 5.1659659 5.1250811 5.082941 5.0412315 5.0008714 4.9623373 4.9258479 4.8914701 4.8591829 4.8289146 4.8005661 4.7740252 4.7491751 4.7258997 4.7040868 4.6836297 4.6644283 4.6463894 4.6294263
4.4461876 4.4750478 4.5070141 4.5424515 4.5817684 4.6254201 4.6739138 4.7278137 4.7877476 4.8544156 4.9286047 5.0112153 5.1033154 5.2062532 5.3218982 5.4531625 5.605155 5.7879111 6.0242172 6.3843317 6.9279108 8.1700987 7.1774672 6.0949302 5.3305983 4.6675875 4.9673001 6.1210176 6.8575358 7.8797389 9.3248366 7.02487 6.6096859 6.5702667 6.1425281 5.7221145 5.4394455 5.2715033 5.2575137 5.237119 5.204772 5.1652498 5.1225822 5.0792828 5.0367974 4.9959161 4.9570387 4.9203341 4.8858357 4.853498 4.8232318 4.7949249 4.7684548 4.7436972 4.72053 4.6988364 4.6785062 4.6594365 4.6415319 4.6247041
4.4352314 4.4637502 4.4954054 4.5305771 4.5696927 4.6132322 4.6617348 4.7158061 4.7761276 4.8434697 4.9187125 5.0028826 5.0972239 5.2033412 5.3235058 5.4613164 5.6231664 5.8216571 6.0847559 6.4928387 6.9277968 7.7031471 7.7022675 6.244368 5.3901206 4.9026882 5.0012574 6.303476 7.0125267 7.9001405 8.3416706 7.1408812 6.6716261 6.6288692 6.2836672 5.7206428 5.4748908 5.3029507 5.2719806 5.2429748 5.2059724 5.1637377 5.1193853 5.0749962 5.0317946 4.990446 4.9512745 4.9143997 4.8798211 4.8474697 4.8172385 4.7890024 4.7626295 4.7379879 4.7149499 4.6933945 4.6732081 4.6542852 4.6365285 4.6198482
4.4239185 4.452052 4.4833466 4.5181965 4.5570476 4.6004036 4.6488349 4.7029871 4.763594 4.8314945 4.9076593 4.993236 5.0896344 5.1986967 5.3230552 5.4669129 5.6377951 5.8506222 6.1381668 6.590585 7.0011682 8.3308328 7.6775944 6.4113423 5.417315 5.0681699 4.8433368 6.4890511 7.1705197 7.8540485 8.6372403 7.3598893 6.7066026 6.5425458 6.4411508 5.6264922 5.3948005 5.3152463 5.2815995 5.2468745 5.2059996 5.1613292 5.1154284 5.0700405 5.0261948 4.984441 4.9450301 4.9080338 4.8734185 4.8410918 4.81093 4.7827955 4.7565469 4.7320455 4.7091584 4.6877604 4.6677349 4.6489742 4.6313791 4.6148587
4.412247 4.4399501 4.470833 4.5053032 4.5438239 4.5869219 4.6351971 4.6893341 4.7501173 4.8184518 4.8953951 4.9822101 5.0804616 5.1922056 5.3203869 5.4697121 5.6486453 5.8741422 6.183731 6.6806276 7.0559753 7.792005 8.585734 6.5221032 5.4073043 5.1703595 5.109807 6.5523532 7.3233916 7.8925652 8.261148 7.3460198 6.7312644 6.5328736 6.4209055 5.436674 5.2663165 5.3127916 5.286531 5.2486673 5.2047288 5.1579414 5.1106566 5.0643782 5.0199719 4.9778823 4.9382919 4.9012264 4.8666205 4.8343591 4.8043025 4.7763011 4.750205 4.7258687 4.7031544 4.6819334 4.6620863 4.6435034 4.6260839 4.6097359
4.4002159 4.4274424 4.4578609 4.4918914 4.5300134 4.5727755 4.6208058 4.6748263 4.7356699 4.8043051 4.8818726 4.9697439 5.0696262 5.1837644 5.3153617 5.4695112 5.6553783 5.8915897 6.2205714 6.7623201 7.1132633 7.6389948 7.7982232 6.9932959 5.3701527 5.2118192 5.0580814 6.8434464 7.5081535 7.9297863 8.1485068 7.8175148 6.749443 6.4872052 6.6585296 5.1559971 5.1459419 5.3023802 5.287536 5.2483611 5.2020847 5.1535095 5.105023 5.0579761 5.0131022 4.9707529 4.9310476 4.8939685 4.8594204 4.8272667 4.7973525 4.769517 4.7436021 4.7194563 4.6969374 4.6759133 4.6562624 4.637873 4.6206432 4.60448
4.3878245 4.4145272 4.4444273 4.4779563 4.5156089 4.5579541 4.605647 4.6594446 4.7202261 4.7890207 4.8670478 4.9557804 5.0570559 5.173282 5.3078633 5.46615 5.6577241 5.9023632 6.247366 6.8334842 7.1760373 7.515432 7.7671938 6.6023208 5.2444434 5.2011269 5.1712118 6.46844 7.6789032 7.9753691 7.9291728 7.4493575 6.7411008 6.4488217 6.5963191 4.8182462 5.0704966 5.2902753 5.2856175 5.2460705 5.1980341 5.1479857 5.0984885 5.050805 5.0055645 4.9630375 4.923286 4.8862522 4.8518125 4.8198107 4.7900772 4.7624412 4.7367369 4.7128076 4.690507 4.6697001 4.6502632 4.6320833 4.6150573 4.5990918
4.375073 4.4012036 4.4305301 4.4634941 4.5006046 4.5424491 4.5897079 4.6431714 4.7037624 4.7725673 4.8508797 4.9402675 5.0426853 5.1606792 5.2977987 5.4595161 5.6554971 5.9059108 6.262087 6.9188267 7.2684115 7.4217115 7.569075 6.6272065 5.0599658 5.1515336 5.2352614 6.2956023 7.8962302 7.9984109 7.7248258 7.7794273 6.7443297 6.4112335 6.5950424 4.5895951 5.0478248 5.2805177 5.2816962 5.2419571 5.192573 5.1413376 5.0910217 5.0428405 4.9973406 4.9547228 4.9149977 4.8780706 4.8437922 4.8119877 4.7824745 4.7550724 4.7296089 4.7059224 4.6838632 4.663294 4.6440893 4.6261348 4.609327 4.5935717
4.3619623 4.3874719 4.4161682 4.4485023 4.4849955 4.5262529 4.5729777 4.6259912 4.6862575 4.7549164 4.833331 4.9231573 5.026456 5.1458888 5.2850987 5.4495474 5.6486166 5.9018055 6.2619191 6.9181446 7.3937032 7.396216 7.2110575 6.2762789 5.0711973 5.078371 5.2840392 5.9917226 8.099608 8.0641119 7.5533035 7.3178606 6.7169131 6.3821428 6.6220678 4.1088 5.0689888 5.2745132 5.2764127 5.2361786 5.1857147 5.1335442 5.0825986 5.0340623 4.988415 4.9457975 4.9061745 4.8694181 4.8353555 4.8037952 4.7745428 4.7474097 4.7222176 4.6988007 4.6770064 4.6566956 4.6377412 4.6200285 4.6034531 4.5879208
4.3484939 4.3733326 4.4013414 4.4329791 4.4687784 4.5093596 4.5554471 4.6078908 4.6676925 4.7360423 4.8143679 4.9044068 5.0083162 5.1288546 5.2697162 5.4362332 5.6371273 5.8898812 6.2433693 6.9997306 7.5822663 7.3978069 7.044709 6.0778048 4.588465 4.986969 5.3302135 5.7891505 7.9460681 8.1139967 7.3998235 7.1966769 6.7678714 6.3582428 6.3298262 4.184268 5.1093386 5.2716078 5.2700739 5.2288573 5.1774793 5.1245937 5.0732012 5.0244543 4.9787753 4.9362526 4.8968101 4.8602905 4.8264997 4.7952315 4.7662812 4.7394529 4.7145632 4.691443 4.6699374 4.6499057 4.6312201 4.6137651 4.5974365 4.58214
4.3346702 4.3587876 4.3860506 4.4169243 4.4519511 4.4917648 4.537109 4.5888589 4.6480514 4.7159225 4.7939602 4.8839775 4.9882199 5.1095299 5.2516229 5.4196102 5.6212141 5.870409 6.2030844 6.7958801 7.9000759 7.4495926 6.8289043 5.9410171 4.9442961 4.9440451 5.3708073 5.8644053 8.7362736 7.9856884 7.2584193 7.0656997 6.6649277 6.3316871 6.2421453 4.5505757 5.1516679 5.2701128 5.2627112 5.2200679 5.1678856 5.1144797 5.0628169 5.0140046 4.9684121 4.9260811 4.8868997 4.8506846 4.817223 4.786296 4.7576897 4.7312024 4.7066465 4.6838503 4.6626572 4.6429254 4.6245269 4.607346 4.5912786 4.5762306
4.3204941 4.3438395 4.3702975 4.4003386 4.434513 4.4734661 4.5179578 4.5688866 4.6273204 4.6945375 4.7720813 4.8618351 4.9661267 5.0878756 5.2308046 5.3997542 5.601199 5.8442433 6.1405136 6.6024286 7.9888385 7.488721 6.6652499 5.8273272 4.9224017 4.7735711 5.4151516 5.9344836 7.6455452 8.3418639 7.1298371 6.9242676 6.7139228 6.3010015 6.0226828 4.587341 5.1853646 5.2682392 5.25419 5.2098419 5.1569483 5.1031999 5.0514376 5.0027049 4.9573185 4.9152783 4.8764404 4.8405988 4.8075248 4.7769886 4.7487689 4.7226591 4.6984686 4.6760238 4.6551671 4.6357563 4.6176633 4.6007727 4.5849806 4.5701938
4.3059696 4.3284917 4.3540852 4.3832242 4.4164649 4.4544623 4.4979904 4.5479673 4.6054889 4.6718713 4.7487086 4.8379496 4.9420006 5.0638573 5.207255 5.3767649 5.5775154 5.8128286 6.0623833 5.929331 8.7472851 7.6336222 6.5460303 5.734624 4.9913322 4.8072635 5.4584343 6.0391008 7.625672 7.7745384 7.0295435 6.8098206 6.6147624 6.2499775 5.8467643 4.8216558 5.2063108 5.2646629 5.2443179 5.1981788 5.1446758 5.090754 5.0390588 4.9905501 4.9454909 4.9038417 4.8654309 4.8300329 4.7974056 4.7673103 4.73952 4.7138246 4.6900313 4.6679654 4.647469 4.6284001 4.6106309 4.5940466 4.5785443 4.5640312
4.2911014 4.3127488 4.3374178 4.3655844 4.3978093 4.4347546 4.4772055 4.5260971 4.5825491 4.6479111 4.7238231 4.8122949 4.9158091 5.037443 5.180968 5.3507467 5.5506559 5.7780194 5.9783185 6.0986912 8.5023628 7.6296056 6.4808043 5.6448802 5.089006 4.6518948 5.5393132 6.1431819 7.2670081 7.9478956 6.9640366 6.710041 6.5971327 6.1920432 5.6463686 4.831713 5.2156043 5.2587039 5.2329206 5.1850605 5.1310717 5.0771432 5.0256792 4.9775386 4.9329278 4.8917709 4.8538717 4.8189879 4.7868669 4.757263 4.7299453 4.704701 4.6813366 4.6596771 4.639565 4.6208588 4.6034317 4.5871698 4.5719713 4.5577445
4.2758949 4.2966161 4.3203003 4.347424 4.3785501 4.4143456 4.4556043 4.5032746 4.5584961 4.6226475 4.6974096 4.7848487 4.8875228 5.0086007 5.1519302 5.3217842 5.5210992 5.7418204 5.8952627 6.0476922 8.1482931 7.9384635 6.5479999 5.5457897 5.1251164 4.6722231 5.6224411 6.2463232 7.0497769 7.6035063 6.9151144 6.6334599 6.5648036 6.087676 5.4575247 4.8292318 5.2171085 5.2502269 5.2198757 5.1704618 5.1161357 5.06237 5.0113003 4.9636714 4.9196307 4.8790677 4.8417649 4.8074664 4.7759115 4.7468497 4.7200474 4.6952912 4.6723875 4.6511618 4.6314577 4.6131349 4.5960679 4.5801444 4.5652637 4.5513356
