Cobbity4/FInal/QGIS/Dualem.asc
NCOLS 100
NROWS 179
XLLCORNER 150.661
YLLCORNER -34.0275
DX 6e-05
DY 2e-05
NODATA_VALUE -9999
[rows 78 to 103 of 179, columns 0 to 59 of 100]
4.2603565 4.2801002 4.3027393 4.3287492 4.3586929 4.3932402 4.4331901 4.4795011 4.5333285 4.596075 4.669457 4.7555927 4.8571149 4.9772963 5.1201138 5.2899185 5.489223 5.7061701 5.8141973 6.1329317 8.1333909 8.0335535 6.6232997 5.4169954 5.1756076 4.9395061 5.747246 6.3394678 6.9462634 7.2874187 6.94049 6.5738486 6.4769384 6.0023643 5.2850936 4.8733133 5.2147779 5.2394043 5.2051111 5.1543567 5.0998657 5.0464378 4.9959264 4.9489525 4.9056034 4.8657361 4.8291145 4.7954724 4.7645433 4.7360739 4.7098302 4.6855987 4.6631871 4.6424224 4.6231498 4.605231 4.5885421 4.5729726 4.5584236 4.5448064
4.2444933 4.2632084 4.2847423 4.3095674 4.3382451 4.3714449 4.4099686 4.4547806 4.5070478 4.5681916 4.6399582 4.7245125 4.8245605 4.9434921 5.085471 5.2551255 5.4552153 5.6726809 5.7442485 6.1976817 7.4653482 7.7036414 7.0565703 5.3111098 5.2089085 4.929626 5.8345975 6.4308248 6.8768232 7.2083624 6.8818935 6.5336037 6.3756013 5.8702786 5.1505648 4.9133122 5.2111244 5.226476 5.1885853 5.1367213 5.0822592 5.0293516 4.979564 4.9333887 4.8908523 4.851782 4.8159262 4.7830111 4.7527672 4.7249406 4.6992978 4.6756275 4.6537392 4.6334624 4.6146447 4.5971501 4.580857 4.5656571 4.5514534 4.5381592
4.2283133 4.2459491 4.2663181 4.2898877 4.3172155 4.3489686 4.3859478 4.4291202 4.479659 4.5389992 4.6089104 4.6915978 4.7898376 4.9071468 5.0479312 5.217301 5.4189992 5.642081 5.7140261 6.2821066 7.2551892 7.6537046 6.9776594 5.0823918 5.2322389 5.2123211 6.0019671 6.5322573 6.846609 6.9999795 7.1582969 6.5098031 6.3002139 5.8298894 4.9971672 4.9781574 5.2069928 5.2115859 5.1702639 5.117533 5.0633141 5.0111184 4.9622225 4.9169891 4.8753862 4.8372134 4.8022072 4.7700893 4.7405894 4.7134551 4.6884556 4.6653823 4.6440482 4.6242858 4.605946 4.5888956 4.5730158 4.5582007 4.5443557 4.5313963
4.2118256 4.2283319 4.2474765 4.2697204 4.295615 4.3258219 4.3611384 4.4025296 4.4511707 4.508504 4.5763154 4.656843 4.7529273 4.8682163 5.0074014 5.176257 5.380198 5.6134916 5.7577628 6.3868993 7.0717251 7.1143815 6.9406551 4.9795364 5.2432481 5.2858865 6.0405288 6.6585594 6.8477035 6.8794186 6.8388585 6.5200094 6.2314226 5.825 4.950711 5.0332726 5.2020197 5.1947157 5.1501014 5.0967702 5.0430303 4.9917474 4.9439138 4.899766 4.859216 4.8220403 4.7879666 4.7567151 4.7280172 4.7016242 4.6773094 4.6548685 4.6341188 4.614897 4.5970576 4.580471 4.5650215 4.5506063 4.5371333 4.5245202
4.1950397 4.2103671 4.2282289 4.2490775 4.273456 4.3020179 4.3355534 4.3750218 4.4215949 4.476716 4.5421799 4.6202478 4.7138149 4.8266561 4.9637702 5.1317282 5.3381572 5.5844469 5.7926655 6.4841542 6.9236867 6.960007 6.8943566 4.7300411 5.2401852 5.4029989 6.415085 6.8992158 6.8805302 6.7687697 6.9965667 6.5417972 6.1805409 5.8286608 4.8732954 5.085715 5.1952161 5.1756934 5.1280349 5.0744124 5.0214101 4.9712508 4.9246529 4.8817339 4.8423554 4.8062749 4.7732151 4.7428978 4.7150589 4.6894552 4.6658657 4.644092 4.6239565 4.6053008 4.5879839 4.5718803 4.5568779 4.5428772 4.5297889 4.5175336
4.1779663 4.1920664 4.2085876 4.2279722 4.2507526 4.2775716 4.3092085 4.3466126 4.3909474 4.4436501 4.5065156 4.5818175 4.6724916 4.7824241 4.9169155 5.0833901 5.2920162 5.5519389 5.8078118 6.5779558 6.8374245 6.6503203 6.3243024 4.6116458 5.2211564 5.4678361 6.1814328 7.020095 6.9457754 6.6619745 6.6520954 6.6502965 6.1442872 5.8752966 4.8754366 5.1306802 5.1853288 5.1542426 5.1039871 5.0504415 4.9984598 4.9496443 4.9044579 4.8629103 4.8248202 4.789931 4.7579648 4.7286482 4.701724 4.6769564 4.6541321 4.6330593 4.6135669 4.5955024 4.5787296 4.5631277 4.5485887 4.5350167 4.5223258 4.5104394
4.1606169 4.1734422 4.1885664 4.2064194 4.2275209 4.2524999 4.2821217 4.3173212 4.3592476 4.4093254 4.4693399 4.5415642 4.6289562 4.7354857 4.8667151 5.0308846 5.2407912 5.5135952 5.7785744 6.6974126 6.7805777 6.4934146 6.0719954 4.7378061 5.1790597 5.5182318 6.2678834 7.4888755 6.9768715 6.5549331 6.5322727 6.7019938 6.1197899 5.8921821 4.9809962 5.161358 5.1710793 5.1300464 5.0778768 5.0248445 4.974191 4.9269478 4.8833503 4.8433154 4.8066283 4.7730245 4.7422296 4.7139783 4.6880229 4.6641371 4.6421164 4.6217776 4.6029566 4.5855073 4.5692996 4.5542176 4.540158 4.5270287 4.5147473 4.5032404
4.1430038 4.1545081 4.16818 4.1844355 4.2037787 4.2268223 4.254314 4.2871697 4.3265189 4.3737658 4.430676 4.4995074 4.5832167 4.6858179 4.8130594 4.9738518 5.1834333 5.4677337 5.7159776 6.855044 6.7688767 6.331102 5.793819 4.6711728 5.1082722 5.5702763 6.2236662 7.6235071 7.2265551 6.44461 6.3866077 7.0106861 6.1114173 5.8790675 5.0038774 5.1744708 5.1513928 5.1028104 5.0496334 4.9976175 4.9486216 4.903186 4.861355 4.8229724 4.7878002 4.7555732 4.7260248 4.6989013 4.673967 4.6510071 4.6298276 4.6102545 4.5921321 4.5753216 4.5596993 4.5451549 4.53159 4.5189168 4.5070568 4.4959399
4.12514 4.1352787 4.1474446 4.162038 4.1795454 4.2005602 4.2258086 4.2561833 4.2927884 4.3369999 4.3905532 4.4556743 4.5352923 4.6334143 4.7558651 4.9119654 5.1188632 5.411857 5.7771532 6.854174 6.750449 6.1982218 5.6043975 4.8454529 5.0276426 5.6114225 6.2334729 7.4136243 7.1805071 6.3236028 6.271183 7.0218989 6.1157711 5.8486104 5.1240092 5.1691371 5.1255595 5.0723125 5.0192101 4.9687693 4.9217779 4.8783889 4.8385011 4.8019072 4.7683587 4.7375965 4.7093672 4.6834317 4.6595689 4.6375773 4.6172749 4.5984982 4.5811008 4.5649518 4.5499345 4.5359446 4.5228892 4.5106851 4.4992579 4.4885411
4.1070396 4.1157694 4.1263775 4.1392463 4.1548424 4.173737 4.1966314 4.2243907 4.2580873 4.2990615 4.349007 4.410101 4.4852151 4.5782902 4.6950893 4.8449731 5.0460163 5.3419615 5.7368064 6.9833971 6.8871529 6.0821918 5.4444963 4.8239545 4.7926465 5.6490735 6.1999966 7.7477649 7.305768 6.1899204 6.1688165 7.0163478 6.1300076 5.7587999 5.0827013 5.1466234 5.0932876 5.0384363 4.9865959 4.9383256 4.8936951 4.8525923 4.8148212 4.7801486 4.7483284 4.7191157 4.6922749 4.667585 4.6448419 4.6238593 4.6044685 4.5865176 4.5698703 4.5544044 4.5400109 4.526592 4.5140604 4.5023379 4.4913545 4.4810473
4.0887173 4.0959968 4.1049971 4.116081 4.1296928 4.1463785 4.1668112 4.1918235 4.2224506 4.259989 4.3060794 4.3628324 4.4330307 4.520485 4.6307405 4.7727399 4.9639405 5.2538941 5.6307555 6.9386137 6.7813836 6.0084879 5.297138 4.8703048 4.7800471 5.6621895 6.1661284 7.0950319 7.3135431 6.0203198 6.075604 6.967538 6.1355216 5.6438795 5.0762917 5.1091125 5.0546699 5.001185 4.9518226 4.9063308 4.8644187 4.825838 4.7903523 4.7577284 4.7277366 4.7001539 4.6747675 4.6513779 4.6298003 4.6098653 4.5914189 4.5743218 4.5584487 4.5436868 4.529935 4.5171026 4.5051085 4.4938795 4.4833504 4.4734623
4.0701887 4.0759783 4.0833231 4.0925641 4.1041211 4.1185123 4.1363788 4.1585164 4.1859172 4.219826 4.2618192 4.3139228 4.3787993 4.460065 4.5628874 4.6952901 4.872016 5.1393686 5.5166242 6.6057901 7.6764796 5.9489688 5.1585589 4.8481554 4.2108847 5.688419 6.1255462 6.8709147 6.6762897 5.8620085 5.990857 6.6006903 6.1920904 5.4876812 5.0313103 5.058828 5.0101109 4.9606808 4.9149679 4.87285 4.834005 4.798174 4.7651351 4.734681 4.7066122 4.6807355 4.6568657 4.6348281 4.6144592 4.5956083 4.5781373 4.5619206 4.5468445 4.5328062 4.5197132 4.5074823 4.4960385 4.4853146 4.4752497 4.4657895
4.05147 4.0557324 4.0613762 4.068719 4.0781539 4.0901683 4.1053678 4.1245073 4.1485298 4.1786207 4.2162811 4.2634354 4.3225953 4.3971228 4.4916604 4.6128366 4.7703509 4.9827834 5.3605961 6.8462306 6.7896664 6.0153729 4.9908684 4.8174304 4.5827147 5.672289 6.0904874 6.5848053 6.5594634 5.6549915 5.9128586 6.4380063 6.0828346 5.2936288 4.9489245 4.9979585 4.9602462 4.9171514 4.8761538 4.8379686 4.8025204 4.7696546 4.7392142 4.7110436 4.6849863 4.6608865 4.6385916 4.6179541 4.5988344 4.5811019 4.5646355 4.5493241 4.5350665 4.5217704 4.5093524 4.497737 4.486856 4.4766478 4.4670568 4.4580329
4.0325783 4.0352783 4.0391783 4.0445706 4.0518192 4.0613781 4.0738144 4.089837 4.1103349 4.1364264 4.1695267 4.211442 4.2645066 4.3317756 4.4172474 4.5257785 4.6601314 4.7766985 5.1654616 6.2341972 7.3067458 5.9211361 4.8434232 4.7628619 4.4818324 5.7605852 6.0620945 6.36017 6.1738234 5.5170331 5.8344131 6.1196014 6.300159 5.0420084 4.8506666 4.928801 4.9058712 4.8709096 4.835542 4.8017911 4.7700418 4.7403395 4.7126381 4.6868558 4.6628917 4.6406346 4.6199681 4.6007755 4.5829426 4.5663602 4.5509256 4.536543 4.5231239 4.5105875 4.4988596 4.4878729 4.4775662 4.467884 4.4587759 4.4501962
4.0135313 4.0146363 4.0167523 4.0201447 4.0251465 4.0321756 4.0417568 4.0545493 4.0713825 4.0933006 4.1216229 4.1580229 4.2046332 4.2641612 4.3398808 4.4346604 4.543406 4.5647806 5.0202286 5.9669008 6.3192618 5.8160304 4.5805187 4.7004608 4.5585719 5.6600635 6.0373566 6.177945 5.9406676 5.3069114 5.7482182 5.8934168 5.8064617 4.7756801 4.7313504 4.8538502 4.8478739 4.8223297 4.7933264 4.7644387 4.7366549 4.7102942 4.6854585 4.6621595 4.640363 4.6200082 4.6010193 4.5833125 4.5668009 4.5513981 4.5370204 4.5235881 4.5110263 4.4992658 4.4882421 4.4778966 4.468175 4.4590283 4.4504115 4.4422835
3.9943474 3.9938271 3.994122 3.9954687 3.9981671 4.0025963 4.0092357 4.0186909 4.0317263 4.0493056 4.0726428 4.1032657 4.1430858 4.1944334 4.2598207 4.3401008 4.4223088 4.35232 4.9176067 5.7671178 6.1751718 5.6951676 4.5583332 4.6245517 4.6184605 5.6812205 6.0424027 6.0025771 5.7111997 5.0282742 5.6589754 5.6372747 5.8402177 4.401023 4.6195371 4.7755951 4.7871677 4.7718218 4.7497243 4.7260457 4.702453 4.6795883 4.6577299 4.6369987 4.617436 4.5990372 4.5817701 4.5655862 4.5504273 4.5362308 4.5229329 4.5104707 4.4987835 4.4878137 4.4775074 4.4678144 4.4586882 4.4500859 4.4419682 4.434299
3.9750458 3.9728727 3.9713123 3.9705711 3.9709136 3.9726776 3.9762941 3.9823111 3.9914233 4.0045074 4.0226643 4.0472647 4.0799833 4.1227555 4.1773339 4.2427128 4.2985883 4.1513936 4.821705 5.5413203 5.6671952 5.2094064 4.1386097 4.5364816 4.6151581 5.5880526 6.1095979 5.839056 5.4997302 4.9161428 5.5381157 5.4053776 5.3904559 4.1604219 4.515972 4.696151 4.7246273 4.7198079 4.7049671 4.6867563 4.6675355 4.6482957 4.6295095 4.6114192 4.5941482 4.5777524 4.5622464 4.5476182 4.53384 4.5208739 4.5086766 4.4972025 4.4864054 4.4762402 4.4666632 4.4576333 4.4491116 4.441062 4.4334508 4.4262468
3.9556459 3.9517954 3.9483491 3.9454815 3.9434199 3.9424585 3.9429769 3.9454618 3.9505335 3.9589762 3.9717704 3.99012 4.0154516 4.0492959 4.0926753 4.1430248 4.1740576 3.941106 4.7133885 5.3524288 5.3708191 4.9836337 4.3339782 4.4376088 4.62273 5.3990994 6.0654691 5.6890087 5.2934338 4.7399324 5.4537169 5.166753 5.062851 3.4815047 4.4232737 4.6170478 4.6610399 4.6667012 4.6592915 4.6467204 4.6320061 4.6164926 4.6008565 4.5854679 4.5705377 4.5561855 4.5424743 4.5294307 4.5170579 4.5053434 4.4942653 4.4837954 4.4739025 4.4645541 4.4557173 4.4473601 4.4394515 4.4319621 4.4248639 4.4181311
3.9361679 3.9306185 3.9252589 3.9202305 3.9157214 3.9119799 3.9093313 3.9081973 3.90912 3.9127858 3.9200481 3.9319368 3.9496212 3.9742236 4.006074 4.0414 4.0509654 3.485706 4.5852815 5.1799339 5.0863267 4.7007378 3.9756516 4.3294578 4.6002594 5.3133168 6.2909104 5.587012 5.090832 4.7432268 5.1926206 4.9319328 4.7450248 3.6249018 4.3360123 4.5392809 4.5970772 4.6128903 4.6129319 4.6060899 4.5959708 4.5842577 4.5718314 4.5591931 4.5466438 4.5343687 4.5224808 4.5110464 4.5001002 4.4896558 4.4797129 4.4702614 4.4612852 4.4527647 4.4446778 4.4370019 4.429714 4.4227915 4.4162127 4.4099565
3.9166327 3.9093657 3.9020692 3.8948498 3.8878547 3.8812841 3.875406 3.8705744 3.8672488 3.8660131 3.8675885 3.8728241 3.8826262 3.8977061 3.9177282 3.9379769 3.9300563 3.6615523 4.4340891 4.9974936 4.8421379 4.5234647 4.1808604 4.1835549 4.5661362 5.1254575 6.238105 5.401655 4.8958175 4.6153167 5.1101684 4.6977147 4.4747763 3.0748213 4.2540235 4.4634839 4.5332883 4.5587284 4.5661133 4.5650155 4.5595362 4.5516704 4.5424957 4.5326436 4.5225061 4.5123347 4.5022934 4.4924882 4.4829863 4.4738277 4.4650338 4.4566129 4.4485642 4.4408811 4.4335528 4.4265658 4.4199055 4.4135561 4.4075018 4.4017272
3.8970611 3.8880615 3.8788082 3.869372 3.8598575 3.8504146 3.8412518 3.832652 3.8249884 3.8187383 3.8144859 3.8128947 3.8146032 3.8199089 3.8278118 3.8326904 3.8082093 3.5301478 4.2506756 4.9093573 4.6195752 4.3652371 4.0662465 4.080164 4.5185625 5.010641 5.7776377 5.4449728 4.7057529 4.5354167 4.7219983 4.4684863 4.2410474 3.3037336 4.1782324 4.3900484 4.4701051 4.5045269 4.5190474 4.5236436 4.522808 4.5188099 4.5129111 4.5058689 4.4981648 4.4901167 4.4819395 4.4737794 4.465736 4.4578759 4.4502424 4.4428623 4.4357504 4.428913 4.4223505 4.4160591 4.4100322 4.4042613 4.3987366 4.3934477
3.8774749 3.8667306 3.8555047 3.8438305 3.8317686 3.8194167 3.8069211 3.7944908 3.7824095 3.7710441 3.7608377 3.752264 3.7456903 3.7409957 3.7364883 3.7254058 3.680628 3.5336118 4.046573 4.8260962 4.411422 4.2217288 4.0863899 3.8628698 4.4638508 4.8349906 5.7652549 5.0995129 4.5204655 4.4320782 4.6060647 4.2355461 4.0247021 3.331647 4.108199 4.3191708 4.4078559 4.4505542 4.4719285 4.4821142 4.4858895 4.485755 4.4831392 4.4789181 4.47366 4.4677479 4.4614469 4.4549434 4.4483692 4.4418174 4.4353534 4.4290224 4.4228547 4.4168698 4.4110794 4.4054892 4.4001008 4.3949129 4.3899219 4.3851227
3.8578959 3.8453985 3.8321881 3.8182596 3.8036278 3.7883365 3.7724678 3.7561537 3.7395854 3.723016 3.7067438 3.6910501 3.6760272 3.6611299 3.6439276 3.6160994 3.5444831 3.4364994 3.8009991 4.7783229 4.2236794 4.0886568 4.0230482 3.8590221 4.3934099 4.6807069 5.1340233 4.9651431 4.331587 4.3236685 4.3937129 4.0042353 3.826675 3.3730343 4.0424347 4.2508944 4.3467808 4.397036 4.4249325 4.4405592 4.4488804 4.4525827 4.4532407 4.4518403 4.4490319 4.4452615 4.4408435 4.4360037 4.4309058 4.4256693 4.4203814 4.4151057 4.409888 4.4047611 4.3997477 4.3948634 4.3901178 4.3855168 4.381063 4.3767567
3.8383462 3.8240909 3.8088883 3.7926939 3.7754757 3.7572215 3.737947 3.717705 3.6965911 3.6747415 3.6523068 3.6293726 3.6057541 3.5804745 3.5503145 3.5049623 3.4009995 3.2318661 3.4445599 4.4274087 4.0220934 3.9592726 3.9574085 3.6125557 4.3232912 4.5196138 4.8033209 4.6350095 4.0978437 4.2082182 4.2631986 3.768724 3.6442511 3.4008496 3.9797787 4.1851709 4.2870491 4.3441589 4.3782156 4.3991012 4.411876 4.4193678 4.4232755 4.4246839 4.4243202 4.4226906 4.4201571 4.4169838 4.4133658 4.4094487 4.4053412 4.4011251 4.3968616 4.3925967 4.3883641 4.3841891 4.3800897 4.3760787 4.372165 4.3683543
3.8188482 3.8028337 3.7856357 3.767169 3.7473536 3.72612 3.7034154 3.6792108 3.6535036 3.6263103 3.5976312 3.5673534 3.5350118 3.4991911 3.4558457 3.3923588 3.2534347 3.1687821 3.1723344 3.9794792 3.8585494 3.8465535 3.8825419 3.7375507 4.2531606 4.3652505 4.5144156 4.3958317 3.8952409 4.0956185 4.1551747 3.5473198 3.474736 3.3938955 3.9198389 4.1219144 4.2287748 4.2920744 4.3319151 4.3578526 4.3749662 4.3861821 4.3933015 4.3974962 4.3995642 4.4000679 4.3994151 4.397907 4.3957693 4.3931727 4.3902474 4.3870932 4.3837865 4.3803861 4.3769371 4.373474 4.3700232 4.3666046 4.3632332 4.3599202
3.7994246 3.7816534 3.7624609 3.7417207 3.7193037 3.6950813 3.6689306 3.6407384 3.6104015 3.577814 3.5428232 3.5051156 3.4639412 3.4174378 3.360715 3.2786914 3.1052259 3.0456093 2.7031094 3.6493147 3.7277246 3.7246406 3.8076753 3.7600597 4.206917 4.2059837 4.2599332 4.1977934 3.582687 3.9895258 4.0488035 3.4999575 3.279333 3.4008147 3.8623955 4.0610309 4.1720306 4.2409038 4.2861502 4.3169162 4.3382355 4.3530946 4.363375 4.3703238 4.3748023 4.3774258 4.3786449 4.3787966 4.3781358 4.3768583 4.3751149 4.373023 4.3706739 4.3681392 4.365475 4.3627254 4.3599248 4.3571002 4.3542728 4.351459
