Cobbity4/FInal/QGIS/Dualem.asc
NCOLS 100
NROWS 179
XLLCORNER 150.661
YLLCORNER -34.0275
DX 6e-05
DY 2e-05
NODATA_VALUE -9999
[rows 26 to 51 of 179, columns 0 to 59 of 100]
4.6504386 4.6739553 4.6983228 4.7234868 4.7493713 4.7758743 4.8028647 4.8301783 4.857615 4.8849371 4.9118696 4.9381044 4.9633086 4.9871403 5.0092723 5.0294238 5.0473992 5.0631267 5.0766885 5.0883285 5.0984307 5.1074679 5.1159324 5.124265 5.1327879 5.1416416 5.1507323 5.159707 5.1679834 5.1748428 5.1795645 5.1815644 5.1804942 5.1762764 5.1690731 5.1592071 5.1470704 5.1330477 5.1174727 5.1006172 5.0827001 5.0639057 5.0443993 5.0243374 5.0038711 4.9831459 4.9622994 4.941458 4.9207353 4.9002302 4.8800267 4.8601946 4.8407899 4.8218565 4.8034273 4.7855257 4.768167 4.7513596 4.7351063 4.7194051
4.6488399 4.6726687 4.6973901 4.7229517 4.7492788 4.7762693 4.8037907 4.8316749 4.8597154 4.8876641 4.9152318 4.9420906 4.967883 4.9922377 5.0147952 5.0352428 5.0533597 5.0690627 5.082443 5.0937787 5.1035097 5.1121776 5.1203459 5.1285192 5.1370708 5.1461732 5.1557333 5.1653578 5.1743823 5.1819788 5.1873176 5.1897311 5.1888319 5.1845509 5.1770949 5.166849 5.1542645 5.1397698 5.1237233 5.1064054 5.0880348 5.0687928 5.0488421 5.0283393 5.0074376 4.9862863 4.965027 4.9437901 4.9226923 4.9018349 4.8813034 4.8611681 4.8414853 4.8222982 4.8036389 4.7855296 4.7679843 4.7510101 4.7346081 4.7187752
4.6471113 4.6712527 4.6963302 4.7222938 4.7490701 4.7765577 4.8046226 4.8330935 4.8617572 4.8903555 4.918584 4.9460944 4.9725024 4.9974043 5.020404 5.0411526 5.0593989 5.0750448 5.0881907 5.0991527 5.1084352 5.116659 5.1244675 5.1324368 5.1409981 5.1503618 5.1604393 5.1707933 5.1806646 5.1890979 5.1951349 5.1980117 5.1972977 5.1929376 5.1851948 5.1745296 5.1614628 5.1464715 5.1299386 5.1121509 5.0933234 5.0736314 5.0532337 5.0322861 5.0109444 4.9893618 4.9676845 4.9460472 4.9245701 4.9033571 4.8824951 4.8620552 4.8420935 4.8226527 4.8037639 4.7854481 4.7677178 4.7505786 4.7340303 4.7180679
4.6452475 4.6697018 4.6951373 4.7215068 4.7487389 4.7767328 4.805354 4.8344278 4.863735 4.893007 4.9219238 4.9501153 4.9771686 5.0026444 5.0261056 5.0471612 5.065524 5.0810764 5.0939275 5.1044364 5.1131819 5.1208763 5.1282534 5.135968 5.1445159 5.1541536 5.1648019 5.175976 5.1868079 5.1961923 5.2030201 5.2064151 5.2058991 5.2014379 5.1933663 5.1822359 5.1686484 5.153135 5.1361026 5.1178402 5.098555 5.0784128 5.0575669 5.0361718 5.014386 4.9923672 4.9702669 4.9482246 4.9263643 4.9047924 4.8835977 4.8628518 4.8426107 4.8229165 4.8037991 4.7852782 4.7673648 4.7500628 4.7333704 4.7172812
4.6432434 4.6680102 4.6938052 4.7205842 4.7482782 4.7767878 4.8059779 4.8356714 4.8656429 4.8956137 4.9252478 4.9541523 4.9818835 5.0079629 5.0319076 5.0532778 5.0717434 5.0871617 5.0996491 5.1096137 5.117721 5.1247892 5.131654 5.1390563 5.1475637 5.1574873 5.1687653 5.1808632 5.1927867 5.2032543 5.2109783 5.2149519 5.2146447 5.2100528 5.2016009 5.1899513 5.1758008 5.1597395 5.1421965 5.1234579 5.1037174 5.0831277 5.0618342 5.0399901 5.0177568 4.9952973 4.9727693 4.9503174 4.92807 4.9061363 4.8846069 4.8635539 4.8430332 4.8230861 4.8037412 4.7850169 4.7669224 4.7494601 4.7326264 4.7164133
4.6410935 4.6661721 4.6923275 4.7195192 4.7476809 4.7767151 4.806487 4.8368171 4.8674746 4.8981705 4.9285527 4.9582044 4.986649 5.0133652 5.0378186 5.0595132 5.0780672 5.093306 5.1053513 5.1146666 5.1220193 5.1283513 5.1346134 5.1416387 5.1500728 5.1602929 5.1722657 5.1854054 5.1985723 5.2102756 5.2190165 5.2236352 5.2235442 5.2187821 5.2098868 5.1976551 5.1828948 5.1662599 5.1481986 5.1289868 5.1087977 5.0877661 5.0660279 5.0437344 5.0210508 4.9981466 4.9751862 4.9523205 4.9296823 4.9073842 4.8855182 4.8641574 4.8433571 4.8231579 4.8035871 4.7846612 4.7663881 4.7487681 4.731796 4.7154619
4.6387922 4.6641812 4.6906976 4.7183046 4.7469395 4.7765071 4.8068734 4.8378573 4.8692229 4.9006714 4.9318343 4.96227 4.9914669 5.0188571 5.0438483 5.0658796 5.0845075 5.0995163 5.1110296 5.1195741 5.126038 5.1315093 5.137068 5.1436443 5.1519663 5.1624909 5.1752292 5.1895457 5.2041315 5.2172476 5.2271438 5.2324808 5.2326086 5.2276244 5.2182082 5.2053207 5.1898992 5.1726667 5.1540841 5.1344077 5.1137816 5.0923177 5.0701399 5.047398 5.024262 5.0009093 4.9775122 4.9542285 4.9311961 4.908531 4.8863271 4.8646578 4.8435784 4.8231282 4.8033332 4.7842082 4.765759 4.7479843 4.7308769 4.7144252
4.6363338 4.6620314 4.6889085 4.7169331 4.7460461 4.7761555 4.8071287 4.8387837 4.8708802 4.90311 4.935088 4.9663474 4.9963391 5.0244447 5.0500072 5.0723912 5.0910789 5.1058014 5.1166796 5.1243123 5.1297322 5.1342015 5.138946 5.1449941 5.1531576 5.1639901 5.1775705 5.1932178 5.2094269 5.2241616 5.2353721 5.2415078 5.2418504 5.2365762 5.2265441 5.2129147 5.1967764 5.1789245 5.1598241 5.139699 5.1186538 5.0967713 5.0741617 5.0509739 5.0273842 5.0035796 4.9797416 4.956036 4.9326062 4.9095718 4.8870287 4.8650509 4.843693 4.8229933 4.8029761 4.7836545 4.7650323 4.7471062 4.7298669 4.713301
4.6337124 4.6597159 4.6869532 4.7153968 4.7449924 4.7756516 4.807244 4.8395876 4.8724382 4.9054789 4.9383086 4.970434 5.0012671 5.0301346 5.0563076 5.0790644 5.0977984 5.1121726 5.1222973 5.1288531 5.1330482 5.1363555 5.1401655 5.1456001 5.1535501 5.1646865 5.1791901 5.1963443 5.2144148 5.2310085 5.2437168 5.2507395 5.2512837 5.2456314 5.2348669 5.2203949 5.2034801 5.1849914 5.1653856 5.1448369 5.123398 5.1011157 5.0780851 5.0544552 5.0304112 5.0061515 4.9818687 4.9577372 4.933907 4.9105015 4.8876183 4.865332 4.8436967 4.8227493 4.8025124 4.7829971 4.7642052 4.7461311 4.7287636 4.7120874
4.6309219 4.6572283 4.6848241 4.7136876 4.7437696 4.7749861 4.8072098 4.8402592 4.8738878 4.9077703 4.9414898 4.9745268 5.0062522 5.0359337 5.0627624 5.085918 5.1046867 5.1186442 5.1278787 5.1331636 5.1359218 5.1378862 5.1406334 5.1453646 5.1530361 5.1644608 5.1799716 5.1988343 5.219045 5.2377792 5.2521972 5.2602038 5.2609242 5.25478 5.24314 5.2277082 5.2099535 5.1908179 5.1707306 5.1497952 5.1279966 5.105339 5.0819013 5.0578349 5.0333365 5.0086188 4.9838873 4.9593265 4.935093 4.9113145 4.8880907 4.8654965 4.8435852 4.8223923 4.8019386 4.7822329 4.7632747 4.7450565 4.7275648 4.7107822
4.6279561 4.6545614 4.6825137 4.7117973 4.7423688 4.7741494 4.8070158 4.8407885 4.875219 4.909975 4.9446248 4.978622 5.0112954 5.0418492 5.0693865 5.0929736 5.1117685 5.1252346 5.1334209 5.1372048 5.1382753 5.1386915 5.1402429 5.144181 5.1514967 5.1631763 5.179778 5.2005799 5.2232586 5.2444641 5.260838 5.2699346 5.2707894 5.2640069 5.2513155 5.2347873 5.2161275 5.1963452 5.1758159 5.154545 5.1324315 5.1094296 5.0856021 5.0611059 5.0361537 5.0109753 4.9857914 4.9607976 4.9361583 4.9120054 4.8884408 4.8655396 4.8433542 4.8219184 4.8012509 4.7813584 4.762238 4.7438798 4.7262681 4.7093835
4.6248088 4.6517083 4.6800141 4.709717 4.7407803 4.7731313 4.8066514 4.8411643 4.8764209 4.9120833 4.9477054 4.9827148 5.0163968 5.0478884 5.0761958 5.1002559 5.1190734 5.1319673 5.1389225 5.14093 5.1400127 5.1386479 5.1388717 5.1419336 5.1488024 5.160676 5.1784465 5.2014526 5.2269861 5.2510531 5.2696695 5.279973 5.2808989 5.2732898 5.2593308 5.2415473 5.2219174 5.2015041 5.1805925 5.159055 5.1366837 5.1133757 5.089179 5.0642615 5.0388563 5.0132146 4.9875744 4.9621443 4.9370968 4.9125685 4.8886633 4.8654563 4.842999 4.8213234 4.8004458 4.7803705 4.7610922 4.7425984 4.7248713 4.7078891
4.6214734 4.6486615 4.677317 4.7074377 4.7389942 4.7719208 4.8061051 4.8413748 4.8774819 4.914084 4.9507225 4.9867995 5.021556 5.0540586 5.0832077 5.1077932 5.1266369 5.1388727 5.1443845 5.1442832 5.141014 5.1376034 5.1363782 5.1384994 5.1448145 5.156779 5.1757827 5.2012978 5.2301451 5.2575352 5.2787294 5.2903686 5.2912742 5.2825968 5.2671036 5.2478809 5.2272195 5.2062127 5.1850049 5.1632916 5.1407341 5.1171658 5.0926242 5.0672949 5.0414378 5.01533 4.9892298 4.9633601 4.9379023 4.9129979 4.8887526 4.8652417 4.8425152 4.8206032 4.7995195 4.7792659 4.7598343 4.7412097 4.7233719 4.7062971
4.6179433 4.6454137 4.674414 4.7049499 4.7370001 4.7705068 4.8053647 4.8414073 4.8783891 4.915965 4.9536656 4.9908689 5.0267716 5.0603669 5.0904408 5.1156175 5.1345016 5.14599 5.1498125 5.1471969 5.1411267 5.1353673 5.1325982 5.1337522 5.139389 5.1512772 5.1715512 5.1999278 5.2326368 5.2638977 5.2880632 5.3011819 5.3019391 5.291883 5.2745258 5.2536522 5.2319072 5.2103747 5.1889908 5.1672193 5.1445635 5.1207892 5.0959303 5.0701995 5.0438916 5.0173148 4.9907508 4.9644383 4.9385683 4.9132874 4.8887031 4.8648905 4.8418981 4.8197536 4.7984683 4.7780411 4.7584612 4.7397111 4.7217679 4.7046054
4.6142118 4.6419572 4.6712965 4.702244 4.7347872 4.7688773 4.8044174 4.8412482 4.8791285 4.9177128 4.9565229 4.9949143 5.0320408 5.0668198 5.097915 5.1237652 5.1427184 5.1533702 5.1552194 5.14959 5.1401541 5.1316966 5.1273387 5.1275684 5.1323852 5.14393 5.1654641 5.1971126 5.2343413 5.2701246 5.2977256 5.312486 5.3129201 5.3010853 5.2814558 5.2586886 5.2358253 5.2138773 5.1924808 5.1708007 5.1481535 5.1242363 5.0990907 5.0729692 5.0462112 5.0191621 4.9921303 4.9653719 4.9390882 4.9134309 4.8885091 4.8643975 4.8411429 4.8187704 4.7972884 4.7766929 4.7569702 4.7380999 4.7200567 4.702812
4.6102722 4.6382842 4.6679556 4.6993099 4.7323443 4.7670198 4.8032496 4.840883 4.8796852 4.9193126 4.9592806 4.9989255 5.0373592 5.0734228 5.1056508 5.1322766 5.1513478 5.161079 5.1606294 5.1513655 5.1378385 5.1262752 5.1203706 5.1198391 5.1236806 5.1344585 5.1571643 5.1925678 5.235112 5.2761933 5.3077804 5.3243706 5.3242467 5.3101165 5.2877065 5.2627704 5.2387838 5.2165884 5.1953983 5.173998 5.1514872 5.1274989 5.1020996 5.0755982 5.0483902 5.0208648 4.993361 4.9661536 4.939455 4.9134217 4.8881646 4.8637573 4.8402447 4.8176492 4.795976 4.7752178 4.7553581 4.7363736 4.7182362 4.7009149
4.6061174 4.6343866 4.6643822 4.6961373 4.7296596 4.7649214 4.801847 4.8402961 4.8800428 4.9207477 4.9619235 5.00289 5.0427204 5.0801802 5.1136693 5.1411965 5.1604618 5.1692019 5.1660855 5.1524097 5.1338359 5.1186849 5.1114184 5.110489 5.1132017 5.1225392 5.1462015 5.1859379 5.2347674 5.2820698 5.3182995 5.3369466 5.3359529 5.3188559 5.2930303 5.2656168 5.24055 5.2183539 5.1976596 5.1767736 5.1545499 5.1305709 5.1049525 5.0780811 5.0504219 5.0224156 4.9944352 4.966776 4.9396615 4.9132533 4.8876634 4.8629644 4.8391987 4.8163856 4.7945271 4.7736125 4.7536221 4.7345295 4.716304 4.6989122
4.6017404 4.6302565 4.6605669 4.6927153 4.726721 4.7625684 4.8001944 4.8394711 4.8801837 4.9220004 4.9644342 5.006793 5.0481155 5.0870942 5.1219911 5.1505738 5.1701446 5.1778492 5.1716593 5.1525936 5.1276807 5.1083652 5.1001453 5.0995077 5.1009828 5.1077943 5.131998 5.1767737 5.2330799 5.2876984 5.3293596 5.3503521 5.3480799 5.3271368 5.2970972 5.2668679 5.2408389 5.2189955 5.1991751 5.1790917 5.1573307 5.1334487 5.107646 5.0804129 5.0522998 5.023807 4.9953451 4.9672312 4.9397003 4.9129187 4.8869993 4.8620132 4.8379999 4.8149753 4.7929379 4.7718736 4.7517591 4.732565 4.7142579 4.6968018
4.5971342 4.6258854 4.6565001 4.6890332 4.7235161 4.7599466 4.7982759 4.8383905 4.8800891 4.9230507 4.9667932 5.0106174 5.0535329 5.0941642 5.130636 5.1604606 5.1804939 5.1871617 5.1774664 5.1517816 5.1187301 5.0945607 5.0861358 5.0869995 5.0872886 5.089779 5.1137979 5.1645008 5.2297608 5.2929837 5.3410333 5.364764 5.3606807 5.334728 5.2994645 5.2660604 5.2393018 5.2183076 5.1998504 5.1809211 5.1598235 5.1361319 5.1101785 5.0825891 5.0540172 5.0250311 4.9960823 4.9675111 4.9395637 4.912411 4.886166 4.8608979 4.8366431 4.8134138 4.7912046 4.7699976 4.7497662 4.7304777 4.7120958 4.6945818
4.5922916 4.6212652 4.6521723 4.6850797 4.7200318 4.7570413 4.7960749 4.8370357 4.8797386 4.9238771 4.9689786 5.0143427 5.0589575 5.1013862 5.139621 5.1709112 5.1916213 5.1973177 5.1836874 5.1498524 5.1060801 5.0762635 5.0688822 5.07326 5.0728798 5.0679582 5.0905926 5.148374 5.2244381 5.2977564 5.353371 5.3804153 5.3738312 5.341307 5.2995324 5.262594 5.235512 5.216055 5.1995889 5.1822373 5.1620288 5.1386242 5.1125498 5.0846055 5.0555673 5.0260796 4.9966382 4.9676072 4.9392437 4.9117227 4.8851568 4.8596128 4.8351233 4.8116966 4.7893231 4.7679812 4.7476404 4.7282649 4.7098153 4.6922505
4.5872055 4.6163873 4.6475735 4.6808432 4.716255 4.7538373 4.793574 4.8353871 4.8791104 4.9244561 4.970966 5.0179456 5.06437 5.1087518 5.1489599 5.1819802 5.203651 5.2085386 5.190596 5.1467477 5.0884321 5.0521845 5.047808 5.0588937 5.059642 5.0416489 5.0610161 5.1274082 5.2166255 5.301708 5.3663657 5.3976272 5.3876496 5.3464189 5.2964786 5.255687 5.2289488 5.2119711 5.1982963 5.1830269 5.1639556 5.1409333 5.1147612 5.0864581 5.0569427 5.0269437 4.9970037 4.9675106 4.9387322 4.9108464 4.8839652 4.8581519 4.8334353 4.8098192 4.7872897 4.7658209 4.7453788 4.7259241 4.7074144 4.6898058
4.5818686 4.6112433 4.6426937 4.6763121 4.712172 4.7503186 4.7907551 4.833424 4.8781815 4.9247622 4.9727284 5.0213991 5.0697467 5.1162471 5.1586606 5.1937201 5.2167177 5.2210923 5.1985926 5.1425667 5.0638932 5.0208421 5.022448 5.0450008 5.0522224 5.0098374 5.0232101 5.1002647 5.2056771 5.3042598 5.3798848 5.4168704 5.4023382 5.3494125 5.2891588 5.2443142 5.2189788 5.205757 5.195886 5.1832928 5.1656238 5.1430719 5.1168158 5.0881431 5.0581358 5.0276142 4.9971692 4.9672121 4.9380204 4.9097745 4.8825842 4.8565093 4.8315739 4.807777 4.7851003 4.7635135 4.7429787 4.723453 4.704891 4.6872461
4.5762738 4.6058245 4.6375228 4.6714744 4.7077687 4.7464691 4.7875992 4.8311247 4.8769272 4.924768 4.9742359 5.0246722 5.0750589 5.1238516 5.1687239 5.2061777 5.2309621 5.2352932 5.2082389 5.1377354 5.0297355 4.9807558 4.9932176 5.0335524 5.06278 4.9705185 4.9747151 5.065032 5.19072 5.3042905 5.3935439 5.438886 5.4182673 5.3493342 5.2759495 5.2271207 5.2048352 5.1970809 5.1922892 5.1830598 5.1670655 5.1450575 5.1187176 5.0896563 5.0591384 5.0280812 4.9971245 4.966702 4.9370997 4.908499 4.8810069 4.8546788 4.8295338 4.8055657 4.7827511 4.7610556 4.740437 4.7208489 4.7022429 4.6845695
4.5704138 4.6001225 4.6320505 4.666318 4.703031 4.7422719 4.7840868 4.8284666 4.8753214 4.9244438 4.9754558 5.02773 5.0802721 5.1315372 5.1791406 5.2193901 5.2465234 5.2514945 5.2202814 5.1332618 4.9823825 4.9273292 4.9666326 5.028599 5.1247864 4.9184185 4.9126575 5.018692 5.1705485 5.299532 5.4064769 5.4649379 5.4361553 5.3447501 5.2544882 5.2023014 5.1855962 5.1855788 5.187468 5.1823831 5.1683275 5.1469128 5.1204716 5.090993 5.0599412 5.0283339 4.9968588 4.9659702 4.9359609 4.9070118 4.8792263 4.8526545 4.8273098 4.8031805 4.7802384 4.7584439 4.737751 4.7181097 4.6994682 4.6817745
4.5642815 4.5941286 4.6262667 4.6608307 4.6979442 4.7377099 4.7801977 4.825426 4.8733366 4.9237582 4.9763522 5.0305333 5.0853455 5.1392668 5.1898897 5.2333796 5.2635302 5.2700725 5.2356494 5.131028 4.9187833 4.871991 4.9374926 5.0393987 5.2694479 4.8407955 4.8354762 4.9552586 5.1433874 5.2850935 5.4169288 5.4973537 5.4574694 5.3334418 5.2212156 5.1674321 5.1601618 5.1708539 5.181437 5.1813571 5.1694724 5.1486643 5.1220829 5.0921474 5.060534 5.0283608 4.9963607 4.9650063 4.9345946 4.9053048 4.8772352 4.8504301 4.8248966 4.8006172 4.7775581 4.7556752 4.734918 4.7152329 4.696565 4.6788592
4.5578699 4.5878342 4.6201609 4.6550002 4.6924936 4.7327655 4.775911 4.8219782 4.870944 4.9226773 4.9768866 5.0330384 5.0902317 5.1469937 5.2009356 5.2481485 5.2820878 5.2913999 5.2554108 5.1339394 4.8413884 4.7217637 4.7893762 5.0488271 5.1275525 4.706708 4.7469425 4.8584279 5.105978 5.2488315 5.4215952 5.5407371 5.4853036 5.3119213 5.1705101 5.1192343 5.127221 5.1524745 5.1742956 5.1801253 5.170579 5.1503416 5.1235553 5.0931123 5.0609052 5.0281493 4.9956183 4.9637991 4.9329911 4.9033694 4.8750264 4.8479995 4.822289 4.7978712 4.7747067 4.7527463 4.7319354 4.7122164 4.6935312 4.6758222
