Cobbity4/FInal/QGIS/Dualem.asc
NCOLS 100
NROWS 179
XLLCORNER 150.661
YLLCORNER -34.0275
DX 6e-05
DY 2e-05
NODATA_VALUE -9999
[rows 130 to 155 of 179, columns 0 to 59 of 100]
3.3783941 3.3273157 3.2706714 3.2075834 3.1369779 3.0575216 2.9675269 2.8648037 2.7464164 2.6082515 2.4441798 2.2442277 1.9898681 1.6379102 1.0143554 1.1134629 1.4006968 1.2436509 0.88072346 0.54441164 1.2333652 1.4301006 1.5892238 1.7358249 1.8382699 1.8953203 1.8583974 1.8385117 2.0554845 2.3080289 2.6274589 2.6112492 2.7119485 2.8464591 2.9827701 3.1109275 3.2278155 3.3329583 3.4269004 3.5105519 3.5849185 3.6509888 3.7096885 3.7618623 3.8082704 3.8495903 3.8864221 3.9192951 3.9486751 3.9749707 3.9985404 4.0196983 4.0387197 4.0558458 4.0712883 4.0852329 4.0978429 4.1092617 4.1196158 4.1290167
3.3687236 3.3172982 3.2603255 3.1969412 3.1260904 3.0464654 2.9564134 2.8537917 2.735728 2.5981915 2.4351558 2.2367692 1.9847353 1.637866 1.0581887 1.1497989 1.395662 1.1494436 0.99135788 0.70739161 1.0863754 1.3874262 1.4954992 1.7773348 1.794669 1.862295 1.8807171 1.731358 2.0538105 2.3211592 2.7600253 2.6607729 2.7213358 2.842943 2.9732307 3.0980603 3.213019 3.3170706 3.4104657 3.4939407 3.5683894 3.6347236 3.6938139 3.7464644 3.7934049 3.8352902 3.8727034 3.9061613 3.9361203 3.9629827 3.9871021 4.0087897 4.0283188 4.0459297 4.0618337 4.0762165 4.0892417 4.1010536 4.1117794 4.1215315
3.3595502 3.3078506 3.2506365 3.1870613 3.1160945 3.036462 2.9465579 2.8443063 2.726931 2.5905438 2.4293418 2.2338625 1.9867027 1.6505757 1.1284908 1.1649411 1.3897637 1.0656107 1.0388528 0.86716523 0.81311479 1.3444998 1.4229676 1.732151 1.6924461 1.7994382 1.8532998 1.667733 2.0267418 2.3122977 3.2561878 2.7005365 2.7278405 2.8390141 2.9642632 3.0861383 3.1992718 3.3022186 3.3950034 3.4782197 3.5526639 3.6191776 3.6785795 3.7316345 3.7790422 3.8214346 3.8593774 3.8933743 3.923872 3.9512655 3.9759034 3.9980934 4.0181062 4.0361809 4.0525277 4.0673324 4.0807586 4.092951 4.1040374 4.1141309
3.3508725 3.2989698 3.2415995 3.1779364 3.1069793 3.0274957 2.9379381 2.8363155 2.7199793 2.5852422 2.426641 2.2353626 1.9955177 1.6749164 1.2150546 1.1480344 1.3885141 1.0344042 1.0256788 0.86653081 0.51189476 1.3044879 1.3847953 1.7348508 1.4329288 1.7331198 1.8118276 1.4475568 1.9606501 2.2768011 3.2082392 2.7240819 2.7304576 2.8344488 2.9557787 3.075105 3.1865321 3.2883705 3.3804893 3.463371 3.5377288 3.6043417 3.6639793 3.7173688 3.7651804 3.808023 3.8464447 3.8809356 3.9119322 3.9398217 3.9649472 3.9876122 4.0080849 4.0266021 4.0433733 4.0585835 4.0723962 4.0849563 4.096392 4.1068169
3.3426874 3.2906515 3.233208 3.1695567 3.098731 3.0195465 2.9305251 2.8297777 2.7148119 2.5821935 2.4269052 2.2410137 2.0106787 1.7095958 1.3008868 1.0771487 1.3986297 1.0781754 0.93204956 1.0076942 0.6386502 1.2820178 1.3328878 1.4943794 1.2334483 1.6609436 1.8120314 1.6195021 1.8279315 2.2374628 3.6015281 2.7266853 2.7285872 2.8291373 2.9477312 3.0649217 3.1747654 3.2754972 3.3669001 3.4493762 3.5235705 3.5902057 3.6500063 3.7036629 3.7518169 3.7950543 3.8339054 3.8688462 3.9003024 3.9286533 3.9542357 3.9773487 3.9982572 4.017196 4.0343729 4.0499722 4.0641569 4.0770719 4.0888456 4.0995919
3.334991 3.2828896 3.2254533 3.1619101 3.0913323 3.0125902 2.9242843 2.8246425 2.7113531 2.5812804 2.4299389 2.2504593 2.0314516 1.7531139 1.391904 1.0584375 1.4274646 1.1904079 0.865261 1.1303742 0.65043481 1.2878908 1.2661931 1.2975466 0.75708249 1.5302897 1.7858679 1.7877383 1.6515195 2.2048225 3.2317396 2.7081994 2.7222646 2.8231212 2.9401232 3.0555684 3.1639448 3.2635726 3.3542131 3.4362169 3.5101744 3.5767589 3.6366526 3.6905114 3.7389484 3.7825268 3.8217588 3.8571062 3.8889836 3.9177616 3.9437707 3.9673048 3.9886255 4.0079648 4.0255289 4.0415008 4.056043 4.0693 4.0814002 4.0924577
3.3277782 3.275677 3.2183254 3.1549824 3.0847634 3.0065987 2.9191757 2.8208514 2.7095154 2.5823642 2.4355076 2.2632597 2.056905 1.8034628 1.4945927 1.2759528 1.4771149 1.3207046 1.1174879 1.2483908 0.99601658 1.3570581 1.1943411 1.0869102 0.82882451 1.377717 1.7410404 1.9927665 1.365558 2.190659 3.0041773 2.6731943 2.7122323 2.8166053 2.933006 3.0470429 3.1540505 3.2525732 3.3424063 3.4238746 3.4975257 3.5639896 3.6239096 3.6779081 3.7265707 3.7704379 3.8100038 3.8457155 3.8779764 3.9071479 3.9335536 3.9574823 3.9791916 3.9989105 4.0168432 4.0331714 4.0480565 4.0616426 4.0740578 4.0854164
3.3210428 3.269005 3.2118123 3.1487573 3.0790016 3.0015404 2.9151545 2.8183394 2.7092007 2.5852898 2.4433475 2.2789191 2.0859793 1.8580754 1.6028306 1.456157 1.541374 1.4362576 1.3142197 1.356092 1.4238237 1.6081493 1.102326 0.93325388 0.56205563 1.2926736 1.6742456 1.9368557 1.2287496 2.1715687 2.7947582 2.6286626 2.6998269 2.8099371 2.9264729 3.0393579 3.1450685 3.2424776 3.3314587 3.4123306 3.485609 3.5518858 3.6117679 3.6658462 3.7146789 3.7587844 3.7986383 3.8346733 3.8672806 3.8968125 3.9235855 3.9478826 3.9699571 3.9900349 4.0083178 4.0249858 4.0401993 4.0541016 4.0668203 4.0784695
3.3147776 3.2628639 3.2059008 3.1432167 3.0740221 2.9973809 2.9121718 2.817036 2.7103032 2.5898908 2.4531775 2.2969173 2.1175861 1.9142534 1.7051563 1.5927592 1.6117573 1.535137 1.4529974 1.4540289 1.4713749 1.5435424 1.0350671 0.74499844 -0.14099635 1.2206894 1.5515081 1.9006367 1.2153659 2.1281052 2.5127071 2.5820351 2.6867331 2.8035604 2.9206472 3.0325373 3.1369895 3.2332666 3.3213494 3.4015662 3.4744085 3.5404345 3.6002177 3.6543181 3.7032676 3.7475626 3.7876601 3.8239781 3.8568957 3.8867558 3.913867 3.9385066 3.9609233 3.9813394 3.9999543 4.0169458 4.0324731 4.0466785 4.0596892 4.0716189
3.3089745 3.2572428 3.2005762 3.1383407 3.069798 2.994083 2.9101758 2.8168665 2.712712 2.5959944 2.4647119 2.3167418 2.150713 1.9697537 1.7961135 1.6994311 1.6824325 1.6207817 1.5585625 1.5405297 1.5316998 1.5123797 1.0528629 0.39319994 -0.37583334 1.1925128 1.3264924 1.8910933 1.4451914 2.0562342 2.3144903 2.5405891 2.6746813 2.7979504 2.9156657 3.0266105 3.1298063 3.2249216 3.3120579 3.3915622 3.4639077 3.5296225 3.5892483 3.6433156 3.6923308 3.736768 3.7770662 3.8136281 3.8468209 3.8769774 3.9043984 3.9293551 3.9520911 3.9728253 3.9917539 4.0090527 4.0248794 4.039375 4.0526661 4.0648659
3.3036247 3.2521299 3.1958228 3.1341083 3.0663008 2.9916078 2.9091123 2.8177536 2.7163136 2.603427 2.4776712 2.3379154 2.1845039 2.0231007 1.8754435 1.786751 1.7504601 1.6964428 1.644445 1.6167232 1.5913024 1.5304282 1.1395687 -0.59164038 0.032348045 1.277635 1.5606978 1.9238406 2.1668272 1.9679936 2.1932089 2.5101268 2.6651537 2.7935473 2.9116603 3.0216072 3.1235128 3.2174244 3.3035636 3.3822995 3.45409 3.5194359 3.5788485 3.6328302 3.6818617 3.7263958 3.766853 3.8036211 3.8370547 3.8674767 3.8951797 3.9204284 3.9434614 3.9644935 3.9837178 4.0013079 4.0174195 4.0321924 4.0457524 4.058212
3.2987184 3.2475124 3.1916238 3.1304972 3.0635005 2.9899147 2.9089253 2.8196187 2.7209945 2.612019 2.491792 2.3600166 2.2182965 2.07355 1.9448373 1.8611285 1.8146668 1.7645001 1.7178682 1.6848723 1.6491427 1.5697169 1.2511424 0.37451732 0.67318641 1.3954667 1.6934185 1.9699101 2.5406461 1.8674843 2.1805614 2.4934069 2.6591634 2.7907005 2.9087425 3.0175518 3.1181012 3.2107565 3.2958457 3.3737582 3.4449383 3.5098603 3.5690068 3.6228524 3.6718532 3.7164405 3.7570167 3.7939543 3.8275954 3.8582526 3.8862104 3.9117266 3.9350345 3.9563447 3.975847 3.9937123 4.0100945 4.025132 4.0389493 4.0516584
3.2942452 3.2433768 3.1879614 3.127484 3.0613663 2.9889622 2.9095582 2.8223834 2.726643 2.6216081 2.5068336 2.3826895 2.2516211 2.120879 2.0062393 1.9263785 1.87478 1.826603 1.782871 1.7469529 1.7053308 1.620782 1.3720327 0.92171063 1.0519904 1.512733 1.7837417 2.0118259 2.2750528 1.8859301 2.2161889 2.4898518 2.6571632 2.7896341 2.9069913 3.0144591 3.1135607 3.2048981 3.2888827 3.3659185 3.4364349 3.5008809 3.5597109 3.6133726 3.6622978 3.7068963 3.7475528 3.7846245 3.8184407 3.8493039 3.8774898 3.9032494 3.9268106 3.9483793 3.968142 3.9862668 4.0029055 4.0181948 4.032258 4.0452062
3.2901943 3.2397089 3.1848173 3.1250448 3.0598665 2.9887082 2.9109545 2.8259701 2.7331518 2.6320428 2.5225821 2.4056459 2.2841734 2.1651694 2.0613036 1.984851 1.9309447 1.8839077 1.8418448 1.8044278 1.7600536 1.6783027 1.4897916 1.2340945 1.3140564 1.6223322 1.8559243 2.0476117 2.2004719 2.071779 2.2684494 2.4967292 2.6590958 2.7904385 2.906446 3.0123314 3.109876 3.1998278 3.2826524 3.3587595 3.4285618 3.4924825 3.5509484 3.6043806 3.6531872 3.697757 3.7384566 3.7756281 3.8095883 3.8406288 3.8690169 3.8949965 3.9187895 3.9405977 3.9606034 3.9789721 3.9958532 4.0113817 4.0256794 4.0388565
3.2865541 3.2364941 3.1821726 3.1231549 3.058969 2.9891106 2.9130581 2.8303037 2.7404187 2.6431842 2.5388524 2.4286614 2.3157774 2.2066485 2.1113126 2.038067 1.9834766 1.9372506 1.8962854 1.8583326 1.8134703 1.7387179 1.5981229 1.4463167 1.5043043 1.7217994 1.9187012 2.0812321 2.1903619 2.1807845 2.3206222 2.5107412 2.664542 2.7930829 2.9071061 3.0111568 3.1070268 3.195522 3.2771316 3.3522602 3.4213005 3.4846493 3.5427061 3.5958658 3.644513 3.6890158 3.7297229 3.7669614 3.8010351 3.8322253 3.8607903 3.8869668 3.9109711 3.9329997 3.9532316 3.9718288 3.9889384 4.0046934 4.0192144 4.0326102
3.2833128 3.2337172 3.1800077 3.1217895 3.0586418 2.9901276 2.9158141 2.8353117 2.748348 2.654907 2.5554877 2.4515673 2.3463489 2.2455944 2.1572328 2.0870633 2.032741 1.9872567 1.9471731 1.909386 1.8656152 1.7996059 1.6954235 1.6030916 1.6498488 1.8109266 1.975869 2.1153846 2.2088538 2.248816 2.3673735 2.5290545 2.6728974 2.7974439 2.9089348 3.0109096 3.1049871 3.191955 3.2722961 3.3463989 3.4146322 3.4773655 3.5349707 3.5878174 3.6362664 3.6806657 3.7213462 3.7586199 3.792778 3.824091 3.8528084 3.8791596 3.9033546 3.9255853 3.9460265 3.964837 3.9821614 3.9981307 4.0128637 4.0264681
3.2804581 3.2313625 3.1783032 3.1209236 3.0588528 2.991718 2.9191695 2.8409255 2.7568513 2.6671002 2.5723576 2.4742414 2.3758649 2.2822857 2.1997902 2.1325804 2.079096 2.0344055 1.9951742 1.9580778 1.9164256 1.8594164 1.7823347 1.7257908 1.766132 1.890602 2.0292038 2.1507378 2.2382054 2.3003871 2.4085174 2.5496447 2.6835183 2.8033382 2.9118656 3.0115513 3.1037257 3.1890986 3.2681205 3.3411532 3.4085375 3.4706146 3.5277287 3.5802239 3.6284382 3.6726993 3.7133207 3.7505992 3.7848136 3.8162235 3.8450695 3.8715735 3.8959394 3.9183541 3.9389881 3.9579971 3.9755227 3.991694 4.0066279 4.0204309
3.2779773 3.2294145 3.177039 3.1205321 3.0595703 2.9938416 2.9230732 2.8470803 2.7658476 2.679666 2.5893556 2.4965982 2.4043411 2.3169788 2.239536 2.1751686 2.1228683 2.079073 2.0407555 2.0047381 1.9657993 1.9172457 1.8602012 1.8260665 1.8623322 1.9620894 2.0795793 2.1869981 2.2712564 2.3436009 2.4450935 2.5712297 2.6958162 2.8105536 2.9158115 3.0130331 3.1032066 3.1869227 3.2645787 3.3365004 3.402997 3.46438 3.5209661 3.5730739 3.6210189 3.6651089 3.7056401 3.7428945 3.7771381 3.8086198 3.8375713 3.864207 3.8887245 3.9113054 3.9321162 3.9513089 3.9690225 3.9853836 4.0005075 4.014499
3.2758578 3.2278572 3.1761956 3.1205903 3.0607634 2.9964594 2.9274764 2.8537157 2.7752635 2.69252 2.6063959 2.5185809 2.4318155 2.3499001 2.2768942 2.2152504 2.1643457 2.1215584 2.0842514 2.0495883 2.0136383 1.9726344 1.9304204 1.9107762 1.9441825 2.0266594 2.1274461 2.2236274 2.3052158 2.3817988 2.4781792 2.5930637 2.7092998 2.818874 2.9206728 3.0152985 3.1033897 3.1853952 3.2616436 3.3324172 3.3979907 3.4586449 3.5146686 3.5663556 3.6139989 3.6578867 3.6982982 3.7355006 3.7697474 3.8012769 3.8303116 3.8570583 3.8817085 3.9044385 3.9254102 3.9447723 3.9626608 3.9791998 3.9945028 4.0086731
3.2740866 3.2266747 3.1757529 3.1210737 3.0624016 2.999534 2.932333 2.8607756 2.7850331 2.7055894 2.6234106 2.540154 2.458338 2.3812455 2.3121966 2.253158 2.203777 2.1621028 2.125907 2.0927789 2.0598724 2.0254081 1.9942257 1.984197 2.0154221 2.0854366 2.1730556 2.2601319 2.3389577 2.4166395 2.5086178 2.6147419 2.7235839 2.828095 2.9263447 3.0182858 3.1042324 3.1844824 3.2592871 3.32888 3.3934986 3.4533922 3.5088221 3.5600569 3.6073681 3.6510244 3.6912882 3.7284122 3.7626374 3.7941914 3.8232877 3.8501257 3.8748903 3.8977524 3.9188697 3.9383871 3.9564375 3.9731428 3.9886141 4.0029534
3.2726508 3.225851 3.1756917 3.1219582 3.0644555 3.0030294 2.9375994 2.8682085 2.7950975 2.7188124 2.6403464 2.5612977 2.4839629 2.4111826 2.345707 2.2891577 2.2413746 2.2009025 2.165906 2.1344167 2.1044653 2.075563 2.0526435 2.0491267 2.0785808 2.1393597 2.2165699 2.2961384 2.3720136 2.4490518 2.5370169 2.6360605 2.7383789 2.838034 2.9327232 3.021931 3.1056898 3.1841499 3.257481 3.3258649 3.3895003 3.4486048 3.5034118 3.5541659 3.6011165 3.6445138 3.6846034 3.7216238 3.7558035 3.7873598 3.816497 3.843407 3.8682681 3.891246 3.9124938 3.9321527 3.9503525 3.9672124 3.9828416 3.9973403
3.2715374 3.2253702 3.1759924 3.1232204 3.0668967 3.0069114 2.9432351 2.8759671 2.8054045 2.7321365 2.6571619 2.5820034 2.5087456 2.4398545 2.3776381 2.3234667 2.2773196 2.2381187 2.2043893 2.1745819 2.1474135 2.1231909 2.1065082 2.1074707 2.1354238 2.1891899 2.2581137 2.3313912 2.4041893 2.4795986 2.5638051 2.6569272 2.7534729 2.8485333 2.9397093 3.02617 3.1077165 3.1843624 3.2561966 3.3233478 3.3859755 3.4442653 3.4984234 3.5486701 3.5952339 3.6383462 3.6782367 3.7151296 3.7492412 3.7807784 3.8099366 3.8368999 3.8618403 3.8849181 3.9062817 3.9260686 3.9444053 3.9614085 3.9771852 3.9918338
3.2707334 3.2252168 3.1766363 3.1248376 3.0696979 3.0111475 2.949202 2.8840085 2.8159078 2.7455176 2.6738257 2.6022704 2.5327394 2.4673833 2.4081638 2.3562639 2.3117657 2.2738854 2.2414685 2.2133404 2.1887397 2.1684312 2.1564933 2.1605713 2.187216 2.2355381 2.2977981 2.3657284 2.4354104 2.5086407 2.5892846 2.6773094 2.7687136 2.8594605 2.9472114 3.0309401 3.1102669 3.1850847 3.2554051 3.3213047 3.3829039 3.4403567 3.4938421 3.5435572 3.5897098 3.6325131 3.6721809 3.7089236 3.7429457 3.7744433 3.8036032 3.8306019 3.855605 3.8787671 3.9002323 3.920134 3.9385956 3.955731 3.971645 3.9864341
3.2702258 3.2253752 3.1776047 3.1267876 3.0728328 3.015707 2.955465 2.8922935 2.8265671 2.7589187 2.6903141 2.6221032 2.5559945 2.4938734 2.4374278 2.3876983 2.3448443 2.308315 2.2772343 2.2507498 2.2284863 2.2114434 2.2031427 2.2094024 2.2348852 2.2788933 2.335729 2.399057 2.4656584 2.5364196 2.6136709 2.6972044 2.783993 2.8707065 2.9551467 3.0361814 3.1132964 3.1862817 3.2550781 3.3197118 3.3802653 3.4368615 3.4896533 3.5388148 3.5845338 3.6270057 3.6664288 3.703 3.7369118 3.7683504 3.7974937 3.8245105 3.8495601 3.8727917 3.8943445 3.9143482 3.9329228 3.9501794 3.9662207 3.9811411
3.2700021 3.2258304 3.1788797 3.1290491 3.0762766 3.0205611 2.9619916 2.900787 2.8373466 2.7723091 2.7066096 2.6415102 2.5785575 2.5194145 2.4655504 2.4178951 2.3766673 2.341503 2.311763 2.2868639 2.2667088 2.2523898 2.2468977 2.2546881 2.2791258 2.3196486 2.3720099 2.4313323 2.4949417 2.5631035 2.6371202 2.7166241 2.799235 2.8821823 2.9634417 3.041838 3.1167619 3.1879191 3.2551872 3.3185454 3.3780395 3.4337627 3.4858425 3.5344305 3.5796953 3.6218151 3.6609729 3.6973524 3.7311347 3.7624957 3.7916046 3.818623 3.8437035 3.8669899 3.8886169 3.90871 3.9273861 3.9447533 3.960912 3.9759547
3.2700497 3.2265673 3.1804438 3.1316017 3.0800055 3.0256828 2.9687516 2.9094571 2.8482155 2.7856632 2.7226996 2.6605014 2.6004711 2.544084 2.492633 2.4469606 2.4073314 2.3735315 2.3451209 2.3217347 2.303471 2.2914274 2.2881186 2.2969792 2.3204674 2.3581226 2.4067416 2.4625429 2.5232822 2.5888135 2.6597477 2.7355857 2.8143859 2.893816 2.9720318 3.0478579 3.1206222 3.1899636 3.2557049 3.3177821 3.3762068 3.4310434 3.482395 3.530392 3.5751839 3.6169323 3.6558057 3.6919747 3.725609 3.7568747 3.7859325 3.8129365 3.8380329 3.8613602 3.8830482 3.9032186 3.9219848 3.9394522 3.9557187 3.9708748
