Cobbity4/FInal/QGIS/Fowards.asc
NCOLS 499
NROWS 379
XLLCORNER 150.661
YLLCORNER -34.0271
CELLSIZE 1e-05
NODATA_VALUE -9999
[rows 312 to 337 of 379, columns 240 to 299 of 499]
3.8011998 3.8062727 3.8111654 3.8158857 3.8204407 3.8248372 3.8290818 3.8331805 3.8371393 3.8409638 3.8446593 3.8482309 3.8516833 3.8550214 3.8582494 3.8613716 3.864392 3.8673145 3.8701427 3.8728802 3.8755303 3.8780963 3.8805813 3.8829883 3.88532 3.8875793 3.8897687 3.8918907 3.8939478 3.8959422 3.8978762 3.899752 3.9015715 3.9033367 3.9050496 3.9067119 3.9083254 3.9098918 3.9114127 3.9128897 3.9143242 3.9157178 3.9170717 3.9183873 3.919666 3.9209089 3.9221173 3.9232923 3.924435 3.9255465 3.9266278 3.9276799 3.9287038 3.9297003 3.9306705 3.9316151 3.9325349 3.9334309 3.9343036 3.935154
3.7985425 3.8036508 3.8085791 3.8133352 3.817926 3.8223584 3.8266388 3.8307733 3.8347679 3.838628 3.8423589 3.8459657 3.8494533 3.8528261 3.8560887 3.8592451 3.8622995 3.8652556 3.8681172 3.8708877 3.8735704 3.8761687 3.8786856 3.8811241 3.883487 3.8857769 3.8879966 3.8901486 3.8922352 3.8942587 3.8962214 3.8981254 3.8999728 3.9017655 3.9035054 3.9051943 3.906834 3.9084262 3.9099724 3.9114743 3.9129334 3.914351 3.9157287 3.9170677 3.9183692 3.9196347 3.9208652 3.922062 3.9232261 3.9243585 3.9254605 3.9265328 3.9275766 3.9285927 3.9295821 3.9305455 3.9314838 3.9323979 3.9332884 3.9341562
3.7959823 3.8011219 3.806082 3.81087 3.8154931 3.819958 3.824271 3.8284383 3.8324655 3.8363584 3.840122 3.8437615 3.8472815 3.8506868 3.8539816 3.8571701 3.8602563 3.8632441 3.866137 3.8689386 3.8716522 3.874281 3.8768282 3.8792965 3.881689 3.8840082 3.8862568 3.8884374 3.8905521 3.8926035 3.8945937 3.8965249 3.898399 3.900218 3.9019839 3.9036984 3.9053634 3.9069804 3.9085511 3.9100771 3.9115599 3.913001 3.9144016 3.9157632 3.917087 3.9183743 3.9196264 3.9208443 3.9220292 3.9231821 3.9243041 3.9253962 3.9264594 3.9274945 3.9285026 3.9294844 3.9304408 3.9313726 3.9322806 3.9331655
3.7935204 3.7986872 3.8036751 3.8084914 3.8131432 3.8176371 3.8219795 3.8261763 3.8302333 3.834156 3.8379496 3.8416191 3.8451692 3.8486044 3.8519291 3.8551475 3.8582634 3.8612807 3.864203 3.8670338 3.8697765 3.8724341 3.8750098 3.8775065 3.879927 3.882274 3.8845501 3.8867578 3.8888995 3.8909775 3.8929939 3.894951 3.8968507 3.8986951 3.9004859 3.9022251 3.9039143 3.9055553 3.9071496 3.9086989 3.9102046 3.9116682 3.913091 3.9144745 3.9158199 3.9171284 3.9184013 3.9196398 3.9208449 3.9220177 3.9231592 3.9242705 3.9253526 3.9264063 3.9274326 3.9284324 3.9294064 3.9303555 3.9312805 3.9321821
3.7911576 3.7963475 3.8013593 3.8062003 3.8108772 3.8153967 3.8197652 3.8239884 3.8280722 3.8320219 3.8358427 3.8395395 3.8431171 3.8465798 3.8499321 3.8531781 3.8563216 3.8593664 3.8623161 3.8651743 3.8679441 3.8706288 3.8732313 3.8757547 3.8782017 3.880575 3.8828772 3.8851107 3.887278 3.8893813 3.8914228 3.8934046 3.8953289 3.8971974 3.8990122 3.9007749 3.9024875 3.9041515 3.9057685 3.9073402 3.908868 3.9103534 3.9117977 3.9132023 3.9145685 3.9158976 3.9171907 3.9184491 3.9196737 3.9208658 3.9220264 3.9231564 3.9242568 3.9253286 3.9263727 3.9273899 3.9283811 3.9293471 3.9302887 3.9312067
3.7888946 3.7941037 3.7991355 3.8039973 3.8086958 3.8132375 3.8176288 3.8218753 3.8259829 3.8299567 3.8338019 3.8375235 3.841126 3.8446139 3.8479914 3.8512627 3.8544316 3.8575019 3.8604771 3.8633607 3.8661559 3.8688658 3.8714936 3.8740421 3.876514 3.8789121 3.8812389 3.8834968 3.8856883 3.8878157 3.889881 3.8918864 3.893834 3.8957257 3.8975633 3.8993487 3.9010836 3.9027696 3.9044085 3.9060017 3.9075507 3.9090571 3.9105221 3.9119471 3.9133335 3.9146824 3.9159951 3.9172727 3.9185164 3.9197271 3.9209061 3.9220542 3.9231725 3.9242619 3.9253233 3.9263575 3.9273654 3.9283479 3.9293057 3.9302396
3.786732 3.7919562 3.7970041 3.801883 3.8065996 3.8111602 3.815571 3.8198378 3.823966 3.8279611 3.8318281 3.8355717 3.8391966 3.8427072 3.8461077 3.8494021 3.8525943 3.855688 3.8586867 3.8615937 3.8644125 3.867146 3.8697972 3.8723692 3.8748645 3.8772858 3.8796358 3.8819168 3.8841312 3.8862813 3.8883692 3.8903971 3.8923668 3.8942805 3.8961399 3.8979469 3.8997032 3.9014104 3.9030701 3.904684 3.9062534 3.9077799 3.9092649 3.9107096 3.9121153 3.9134834 3.914815 3.9161112 3.9173732 3.9186021 3.9197989 3.9209646 3.9221002 3.9232066 3.9242848 3.9253356 3.9263598 3.9273583 3.9283319 3.9292813
3.7846702 3.7899054 3.7949657 3.799858 3.8045891 3.8091652 3.8135923 3.8178762 3.8220223 3.8260358 3.8299217 3.8336848 3.8373296 3.8408605 3.8442816 3.8475969 3.8508102 3.8539252 3.8569454 3.8598741 3.8627145 3.8654698 3.8681429 3.8707366 3.8732538 3.8756969 3.8780686 3.8803713 3.8826073 3.8847788 3.8868881 3.8889371 3.890928 3.8928625 3.8947427 3.8965702 3.8983468 3.9000742 3.901754 3.9033876 3.9049766 3.9065225 3.9080266 3.9094902 3.9109146 3.9123011 3.9136509 3.9149651 3.9162448 3.9174912 3.9187053 3.919888 3.9210404 3.9221634 3.9232578 3.9243246 3.9253647 3.9263788 3.9273677 3.9283322
3.7827093 3.7879515 3.7930203 3.7979225 3.8026646 3.8072528 3.8116931 3.815991 3.8201519 3.824181 3.8280832 3.8318632 3.8355254 3.8390741 3.8425135 3.8458475 3.8490798 3.8522141 3.8552538 3.8582022 3.8610626 3.8638379 3.8665311 3.869145 3.8716824 3.8741459 3.8765379 3.8788608 3.881117 3.8833087 3.8854381 3.8875071 3.8895179 3.8914723 3.8933721 3.8952191 3.8970152 3.8987618 3.9004606 3.9021131 3.9037208 3.9052852 3.9068076 3.9082894 3.9097317 3.911136 3.9125033 3.9138348 3.9151317 3.9163949 3.9176257 3.9188248 3.9199935 3.9211324 3.9222427 3.9233251 3.9243805 3.9254097 3.9264135 3.9273927
3.7808492 3.7860946 3.7911682 3.7960766 3.8008263 3.8054233 3.8098735 3.8141824 3.8183553 3.8223972 3.8263129 3.8301072 3.8337843 3.8373486 3.840804 3.8441544 3.8474036 3.8505551 3.8536124 3.8565787 3.8594571 3.8622507 3.8649623 3.8675949 3.870151 3.8726332 3.875044 3.8773858 3.8796609 3.8818715 3.8840197 3.8861076 3.8881371 3.8901102 3.8920286 3.8938942 3.8957086 3.8974735 3.8991904 3.9008609 3.9024865 3.9040686 3.9056085 3.9071077 3.9085672 3.9099885 3.9113726 3.9127208 3.9140341 3.9153137 3.9165605 3.9177756 3.9189599 3.9201143 3.9212399 3.9223373 3.9234076 3.9244515 3.9254698 3.9264633
3.7790898 3.7843345 3.7894091 3.7943203 3.7990741 3.8036767 3.8081337 3.8124506 3.8166325 3.8206845 3.8246111 3.8284171 3.8321067 3.8356841 3.8391532 3.8425179 3.8457819 3.8489487 3.8520215 3.8550038 3.8578985 3.8607086 3.8634371 3.8660866 3.8686598 3.8711593 3.8735876 3.8759469 3.8782395 3.8804677 3.8826335 3.884739 3.8867862 3.8887768 3.8907128 3.8925958 3.8944276 3.8962098 3.8979439 3.8996316 3.9012742 3.9028731 3.9044298 3.9059455 3.9074215 3.9088591 3.9102594 3.9116236 3.9129527 3.9142479 3.9155102 3.9167406 3.91794 3.9191094 3.9202497 3.9213618 3.9224464 3.9235045 3.9245369 3.9255442
3.7774306 3.7826709 3.787743 3.7926533 3.797408 3.8020129 3.8064737 3.8107956 3.8149837 3.8190429 3.8229779 3.826793 3.8304927 3.8340808 3.8375615 3.8409383 3.844215 3.847395 3.8504815 3.8534779 3.8563871 3.859212 3.8619556 3.8646205 3.8672094 3.8697247 3.8721689 3.8745443 3.8768532 3.8790977 3.8812799 3.8834018 3.8854654 3.8874725 3.8894249 3.8913244 3.8931726 3.8949711 3.8967216 3.8984254 3.9000842 3.9016992 3.9032718 3.9048033 3.906295 3.9077482 3.909164 3.9105434 3.9118878 3.913198 3.9144752 3.9157203 3.9169343 3.9181181 3.9192726 3.9203988 3.9214973 3.9225692 3.9236151 3.9246358
3.7758712 3.7811033 3.7861692 3.7910753 3.7958276 3.8004317 3.8048932 3.8092172 3.8134087 3.8174726 3.8214132 3.8252351 3.8289423 3.832539 3.8360289 3.8394158 3.8427031 3.8458943 3.8489926 3.8520012 3.8549231 3.8577612 3.8605183 3.863197 3.8657999 3.8683296 3.8707883 3.8731785 3.8755022 3.8777618 3.8799591 3.8820963 3.8841752 3.8861977 3.8881655 3.8900803 3.891944 3.8937579 3.8955237 3.8972429 3.8989169 3.9005471 3.9021349 3.9036815 3.9051882 3.9066562 3.9080867 3.9094808 3.9108397 3.9121643 3.9134558 3.914715 3.915943 3.9171407 3.9183089 3.9194486 3.9205607 3.9216458 3.9227048 3.9237384
3.7744109 3.7796311 3.7846874 3.7895859 3.7943325 3.7989328 3.803392 3.8077153 3.8119075 3.8159732 3.819917 3.8237431 3.8274557 3.8310586 3.8345556 3.8379503 3.8412462 3.8444467 3.847555 3.850574 3.8535069 3.8563564 3.8591253 3.8618162 3.8644317 3.8669742 3.8694461 3.8718497 3.874187 3.8764603 3.8786716 3.8808228 3.8829159 3.8849526 3.8869348 3.888864 3.8907421 3.8925704 3.8943507 3.8960843 3.8977727 3.8994173 3.9010194 3.9025803 3.9041012 3.9055834 3.9070279 3.908436 3.9098088 3.9111472 3.9124523 3.9137251 3.9149665 3.9161775 3.917359 3.9185118 3.9196367 3.9207346 3.9218063 3.9228524
3.7730486 3.7782534 3.7832967 3.7881845 3.7929223 3.7975156 3.8019697 3.8062894 3.8104795 3.8145447 3.8184891 3.8223171 3.8260326 3.8296395 3.8331414 3.8365419 3.8398445 3.8430523 3.8461686 3.8491963 3.8521384 3.8549977 3.8577768 3.8604784 3.863105 3.8656589 3.8681425 3.8705581 3.8729078 3.8751936 3.8774176 3.8795817 3.8816878 3.8837377 3.8857331 3.8876757 3.8895672 3.8914091 3.8932028 3.89495 3.896652 3.8983101 3.8999257 3.9015001 3.9030345 3.9045301 3.905988 3.9074094 3.9087954 3.910147 3.9114651 3.9127509 3.9140052 3.915229 3.9164231 3.9175884 3.9187258 3.919836 3.9209199 3.9219781
3.7717835 3.7769695 3.7819965 3.7868702 3.7915961 3.7961796 3.8006256 3.8049391 3.8091246 3.8131865 3.8171292 3.8209567 3.8246729 3.8282815 3.8317863 3.8351906 3.8384978 3.8417111 3.8448336 3.8478682 3.8508178 3.8536852 3.856473 3.8591837 3.8618198 3.8643838 3.8668778 3.869304 3.8716647 3.8739617 3.8761973 3.8783731 3.8804911 3.8825531 3.8845607 3.8865157 3.8884196 3.890274 3.8920804 3.8938403 3.8955549 3.8972258 3.8988542 3.9004413 3.9019884 3.9034967 3.9049673 3.9064013 3.9077999 3.909164 3.9104946 3.9117927 3.9130594 3.9142953 3.9155016 3.916679 3.9178283 3.9189504 3.9200459 3.9211158
3.7706142 3.7757781 3.7807856 3.7856422 3.7903533 3.794924 3.7993593 3.8036638 3.8078421 3.8118984 3.8158369 3.8196615 3.8233762 3.8269845 3.83049 3.8338961 3.837206 3.8404229 3.8435498 3.8465896 3.849545 3.8524189 3.8552138 3.8579321 3.8605764 3.8631489 3.8656519 3.8680875 3.8704579 3.872765 3.8750108 3.8771973 3.8793261 3.8813991 3.8834179 3.8853842 3.8872996 3.8891656 3.8909837 3.8927553 3.8944819 3.8961646 3.8978049 3.899404 3.9009631 3.9024834 3.903966 3.905412 3.9068224 3.9081984 3.9095409 3.9108508 3.9121292 3.9133769 3.9145947 3.9157836 3.9169444 3.9180778 3.9191847 3.9202657
3.7695396 3.7746781 3.7796629 3.7844995 3.7891929 3.7937481 3.79817 3.8024629 3.8066315 3.8106797 3.8146117 3.8184313 3.8221423 3.8257481 3.8292524 3.8326583 3.835969 3.8391877 3.8423172 3.8453604 3.8483201 3.8511989 3.8539993 3.8567237 3.8593747 3.8619544 3.864465 3.8669087 3.8692875 3.8716035 3.8738585 3.8760543 3.8781928 3.8802758 3.8823047 3.8842814 3.8862073 3.888084 3.8899129 3.8916955 3.893433 3.8951268 3.8967783 3.8983886 3.8999589 3.9014905 3.9029843 3.9044416 3.9058634 3.9072506 3.9086043 3.9099255 3.911215 3.9124738 3.9137027 3.9149026 3.9160743 3.9172187 3.9183363 3.9194281
3.7685581 3.7736682 3.7786274 3.7834409 3.7881138 3.7926509 3.7970567 3.8013356 3.805492 3.8095298 3.813453 3.8172654 3.8209706 3.8245719 3.8280729 3.8314767 3.8347864 3.8380051 3.8411355 3.8441805 3.8471428 3.8500249 3.8528293 3.8555585 3.8582147 3.8608002 3.8633172 3.8657677 3.8681537 3.8704773 3.8727402 3.8749444 3.8770915 3.8791833 3.8812215 3.8832075 3.885143 3.8870294 3.8888682 3.8906608 3.8924085 3.8941126 3.8957744 3.8973952 3.898976 3.9005181 3.9020226 3.9034905 3.9049229 3.9063207 3.9076851 3.9090169 3.910317 3.9115864 3.9128259 3.9140363 3.9152184 3.9163731 3.9175012 3.9186032
3.7676681 3.7727468 3.7776775 3.7824653 3.787115 3.7916313 3.7960185 3.800281 3.8044229 3.8084481 3.8123603 3.8161633 3.8198606 3.8234555 3.8269513 3.8303511 3.833658 3.8368749 3.8400046 3.8430497 3.846013 3.8488969 3.8517039 3.8544363 3.8570964 3.8596863 3.8622083 3.8646643 3.8670564 3.8693864 3.8716562 3.8738676 3.8760222 3.8781219 3.8801682 3.8821626 3.8841067 3.8860019 3.8878498 3.8896515 3.8914086 3.8931222 3.8947936 3.896424 3.8980146 3.8995666 3.9010809 3.9025588 3.9040012 3.9054091 3.9067835 3.9081253 3.9094355 3.9107149 3.9119644 3.9131848 3.9143769 3.9155415 3.9166794 3.9177913
3.766868 3.7719124 3.7768119 3.7815713 3.7861953 3.7906883 3.7950545 3.7992982 3.8034233 3.8074336 3.8113328 3.8151243 3.8188117 3.8223982 3.825887 3.8292811 3.8325834 3.8357968 3.838924 3.8419677 3.8449305 3.8478147 3.8506228 3.853357 3.8560196 3.8586127 3.8611384 3.8635987 3.8659956 3.8683309 3.8706064 3.8728238 3.874985 3.8770915 3.8791449 3.8811467 3.8830985 3.8850017 3.8868577 3.8886678 3.8904333 3.8921556 3.8938359 3.8954752 3.8970749 3.898636 3.9001596 3.9016467 3.9030985 3.9045158 3.9058996 3.9072509 3.9085706 3.9098594 3.9111184 3.9123483 3.9135499 3.9147239 3.9158712 3.9169925
3.766156 3.7711634 3.7760291 3.7807575 3.7853532 3.7898205 3.7941635 3.7983861 3.8024923 3.8064856 3.8103696 3.8141477 3.8178233 3.8213996 3.8248795 3.828266 3.831562 3.8347703 3.8378935 3.8409342 3.8438949 3.846778 3.8495857 3.8523204 3.8549842 3.8575792 3.8601074 3.8625708 3.8649712 3.8673106 3.8695907 3.8718133 3.8739799 3.8760922 3.8781517 3.88016 3.8821186 3.8840288 3.8858921 3.8877097 3.8894829 3.8912131 3.8929014 3.894549 3.896157 3.8977265 3.8992587 3.9007545 3.9022149 3.903641 3.9050337 3.9063939 3.9077224 3.9090203 3.9102882 3.911527 3.9127376 3.9139206 3.9150769 3.9162071
3.7655301 3.770498 3.7753273 3.7800223 3.7845875 3.7890268 3.7933442 3.7975437 3.8016287 3.805603 3.8094699 3.8132327 3.8168947 3.8204588 3.8239281 3.8273054 3.8305935 3.833795 3.8369127 3.8399488 3.842906 3.8457865 3.8485925 3.8513263 3.85399 3.8565855 3.859115 3.8615803 3.8639832 3.8663256 3.8686093 3.8708358 3.8730068 3.8751239 3.8771887 3.8792025 3.881167 3.8830833 3.884953 3.8867773 3.8885575 3.8902947 3.8919903 3.8936454 3.895261 3.8968383 3.8983783 3.8998821 3.9013507 3.902785 3.9041859 3.9055544 3.9068913 3.9081975 3.9094739 3.9107212 3.9119402 3.9131317 3.9142965 3.9154351
3.7649883 3.7699143 3.7747048 3.7793642 3.7838965 3.7883057 3.7925955 3.7967696 3.8008316 3.8047849 3.8086328 3.8123784 3.8160249 3.8195752 3.8230321 3.8263986 3.8296771 3.8328704 3.8359809 3.8390111 3.8419633 3.8448398 3.8476428 3.8503744 3.8530367 3.8556316 3.8581611 3.8606271 3.8630314 3.8653758 3.8676618 3.8698913 3.8720657 3.8741867 3.8762557 3.8782742 3.8802436 3.8821652 3.8840405 3.8858706 3.8876569 3.8894005 3.8911027 3.8927645 3.894387 3.8959714 3.8975187 3.8990298 3.9005059 3.9019477 3.9033563 3.9047325 3.9060773 3.9073914 3.9086757 3.9099309 3.9111579 3.9123575 3.9135302 3.9146769
3.7645287 3.7694104 3.77416 3.7787815 3.7832788 3.7876557 3.7919159 3.7960628 3.8000998 3.8040302 3.8078573 3.8115839 3.8152132 3.818748 3.822191 3.8255449 3.8288124 3.8319959 3.8350978 3.8381206 3.8410665 3.8439377 3.8467363 3.8494644 3.852124 3.8547171 3.8572456 3.8597111 3.8621157 3.8644608 3.8667483 3.8689797 3.8711566 3.8732804 3.8753527 3.877375 3.8793485 3.8812746 3.8831546 3.8849898 3.8867814 3.8885306 3.8902386 3.8919064 3.8935352 3.895126 3.8966798 3.8981977 3.8996806 3.9011294 3.9025451 3.9039285 3.9052805 3.9066019 3.9078936 3.9091563 3.9103909 3.9115979 3.9127782 3.9139325
3.764149 3.7689842 3.7736908 3.7782723 3.7827327 3.7870754 3.791304 3.7954218 3.799432 3.8033378 3.8071422 3.8108482 3.8144587 3.8179763 3.8214038 3.8247437 3.8279986 3.8311708 3.8342628 3.8372768 3.840215 3.8430795 3.8458725 3.8485959 3.8512517 3.8538418 3.856368 3.8588321 3.8612357 3.8635807 3.8658685 3.8681009 3.8702792 3.872405 3.8744798 3.8765048 3.8784816 3.8804113 3.8822952 3.8841347 3.8859309 3.8876849 3.889398 3.8910711 3.8927055 3.894302 3.8958618 3.8973857 3.8988749 3.9003301 3.9017523 3.9031423 3.904501 3.9058293 3.9071279 3.9083976 3.9096391 3.9108532 3.9120407 3.9132021
