Cobbity4/FInal/QGIS/Fowards.asc
NCOLS 499
NROWS 379
XLLCORNER 150.661
YLLCORNER -34.0271
CELLSIZE 1e-05
NODATA_VALUE -9999
[rows 182 to 207 of 379, columns 420 to 479 of 499]
3.9828854 3.9830059 3.9831244 3.9832412 3.9833561 3.9834692 3.9835806 3.9836902 3.9837982 3.9839046 3.9840093 3.9841125 3.9842141 3.9843143 3.9844129 3.9845101 3.9846059 3.9847003 3.9847934 3.9848851 3.9849754 3.9850645 3.9851524 3.985239 3.9853244 3.9854086 3.9854917 3.9855736 3.9856544 3.9857341 3.9858127 3.9858902 3.9859667 3.9860422 3.9861167 3.9861903 3.9862628 3.9863344 3.9864051 3.9864749 3.9865438 3.9866118 3.986679 3.9867453 3.9868107 3.9868754 3.9869392 3.9870023 3.9870646 3.9871262 3.987187 3.987247 3.9873064 3.987365 3.9874229 3.9874802 3.9875368 3.9875927 3.987648 3.9877026
3.9829119 3.9830307 3.9831477 3.9832628 3.9833761 3.9834877 3.9835976 3.9837058 3.9838124 3.9839173 3.9840207 3.9841225 3.9842229 3.9843217 3.9844191 3.9845151 3.9846097 3.9847029 3.9847948 3.9848854 3.9849747 3.9850628 3.9851496 3.9852351 3.9853195 3.9854028 3.9854849 3.9855659 3.9856457 3.9857245 3.9858023 3.985879 3.9859547 3.9860294 3.9861031 3.9861758 3.9862476 3.9863185 3.9863884 3.9864575 3.9865257 3.986593 3.9866595 3.9867252 3.98679 3.9868541 3.9869173 3.9869798 3.9870415 3.9871025 3.9871628 3.9872223 3.9872811 3.9873392 3.9873967 3.9874534 3.9875096 3.987565 3.9876199 3.9876741
3.982938 3.9830552 3.9831705 3.983284 3.9833957 3.9835058 3.9836142 3.9837209 3.983826 3.9839296 3.9840316 3.9841321 3.9842311 3.9843287 3.9844249 3.9845196 3.984613 3.9847051 3.9847958 3.9848853 3.9849735 3.9850605 3.9851462 3.9852308 3.9853142 3.9853965 3.9854776 3.9855577 3.9856366 3.9857145 3.9857914 3.9858673 3.9859421 3.986016 3.9860889 3.9861609 3.9862319 3.9863021 3.9863713 3.9864397 3.9865072 3.9865738 3.9866397 3.9867047 3.9867689 3.9868323 3.986895 3.9869569 3.987018 3.9870784 3.9871381 3.9871971 3.9872554 3.9873131 3.98737 3.9874263 3.9874819 3.9875369 3.9875913 3.9876451
3.9829636 3.983079 3.9831927 3.9833046 3.9834148 3.9835233 3.9836302 3.9837355 3.9838392 3.9839414 3.984042 3.9841412 3.9842389 3.9843352 3.9844301 3.9845236 3.9846158 3.9847067 3.9847963 3.9848847 3.9849718 3.9850577 3.9851424 3.985226 3.9853084 3.9853897 3.9854699 3.985549 3.9856271 3.9857041 3.9857801 3.9858551 3.9859291 3.9860022 3.9860743 3.9861455 3.9862158 3.9862852 3.9863537 3.9864214 3.9864882 3.9865542 3.9866194 3.9866837 3.9867473 3.9868101 3.9868722 3.9869335 3.9869941 3.9870539 3.9871131 3.9871716 3.9872294 3.9872865 3.9873429 3.9873987 3.9874539 3.9875084 3.9875624 3.9876157
3.9829886 3.9831024 3.9832144 3.9833247 3.9834333 3.9835403 3.9836457 3.9837495 3.9838518 3.9839526 3.9840518 3.9841497 3.9842461 3.9843411 3.9844348 3.9845271 3.9846181 3.9847078 3.9847963 3.9848836 3.9849696 3.9850544 3.9851381 3.9852206 3.9853021 3.9853824 3.9854616 3.9855398 3.985617 3.9856931 3.9857683 3.9858424 3.9859156 3.9859879 3.9860592 3.9861297 3.9861992 3.9862679 3.9863357 3.9864026 3.9864688 3.9865341 3.9865986 3.9866623 3.9867253 3.9867875 3.986849 3.9869097 3.9869697 3.987029 3.9870876 3.9871456 3.9872028 3.9872594 3.9873154 3.9873707 3.9874254 3.9874795 3.987533 3.9875859
3.983013 3.9831251 3.9832355 3.9833442 3.9834513 3.9835567 3.9836606 3.983763 3.9838638 3.9839632 3.9840611 3.9841576 3.9842527 3.9843465 3.9844389 3.98453 3.9846198 3.9847084 3.9847957 3.9848819 3.9849668 3.9850506 3.9851332 3.9852148 3.9852952 3.9853746 3.9854529 3.9855301 3.9856064 3.9856816 3.9857559 3.9858292 3.9859016 3.9859731 3.9860436 3.9861133 3.9861821 3.98625 3.9863171 3.9863834 3.9864488 3.9865135 3.9865773 3.9866404 3.9867028 3.9867644 3.9868253 3.9868854 3.9869449 3.9870036 3.9870617 3.9871191 3.9871759 3.987232 3.9872875 3.9873423 3.9873966 3.9874502 3.9875032 3.9875557
3.9830368 3.9831472 3.983256 3.9833631 3.9834686 3.9835725 3.9836749 3.9837758 3.9838752 3.9839732 3.9840698 3.9841649 3.9842587 3.9843512 3.9844424 3.9845323 3.9846209 3.9847084 3.9847946 3.9848796 3.9849634 3.9850462 3.9851278 3.9852083 3.9852878 3.9853662 3.9854435 3.9855199 3.9855952 3.9856696 3.985743 3.9858155 3.9858871 3.9859577 3.9860275 3.9860964 3.9861645 3.9862317 3.986298 3.9863636 3.9864284 3.9864924 3.9865556 3.9866181 3.9866798 3.9867408 3.9868011 3.9868607 3.9869196 3.9869778 3.9870353 3.9870922 3.9871485 3.9872041 3.9872591 3.9873135 3.9873672 3.9874204 3.987473 3.9875251
3.9830599 3.9831687 3.9832758 3.9833813 3.9834852 3.9835876 3.9836886 3.983788 3.983886 3.9839826 3.9840778 3.9841716 3.9842641 3.9843553 3.9844453 3.984534 3.9846214 3.9847077 3.9847928 3.9848767 3.9849595 3.9850412 3.9851217 3.9852013 3.9852797 3.9853572 3.9854336 3.985509 3.9855835 3.985657 3.9857296 3.9858012 3.985872 3.9859418 3.9860108 3.986079 3.9861463 3.9862128 3.9862784 3.9863433 3.9864074 3.9864708 3.9865333 3.9865952 3.9866563 3.9867167 3.9867764 3.9868354 3.9868938 3.9869514 3.9870085 3.9870648 3.9871206 3.9871757 3.9872302 3.9872841 3.9873375 3.9873902 3.9874424 3.987494
3.9830823 3.9831894 3.9832949 3.9833988 3.9835012 3.9836021 3.9837015 3.9837995 3.9838961 3.9839913 3.9840851 3.9841776 3.9842689 3.9843588 3.9844475 3.984535 3.9846213 3.9847064 3.9847903 3.9848732 3.9849549 3.9850355 3.9851151 3.9851936 3.9852711 3.9853476 3.9854231 3.9854976 3.9855712 3.9856438 3.9857155 3.9857864 3.9858563 3.9859254 3.9859936 3.986061 3.9861276 3.9861933 3.9862583 3.9863225 3.9863859 3.9864486 3.9865106 3.9865718 3.9866323 3.9866921 3.9867512 3.9868097 3.9868675 3.9869246 3.9869811 3.987037 3.9870922 3.9871468 3.9872009 3.9872543 3.9873072 3.9873595 3.9874113 3.9874624
3.9831039 3.9832093 3.9833132 3.9834155 3.9835164 3.9836157 3.9837137 3.9838102 3.9839054 3.9839992 3.9840917 3.9841829 3.9842729 3.9843616 3.984449 3.9845353 3.9846204 3.9847044 3.9847872 3.984869 3.9849496 3.9850292 3.9851078 3.9851853 3.9852618 3.9853374 3.9854119 3.9854855 3.9855582 3.98563 3.9857009 3.9857709 3.98584 3.9859083 3.9859758 3.9860424 3.9861083 3.9861733 3.9862376 3.9863011 3.9863639 3.9864259 3.9864872 3.9865478 3.9866078 3.986667 3.9867255 3.9867834 3.9868407 3.9868973 3.9869532 3.9870086 3.9870633 3.9871175 3.9871711 3.9872241 3.9872765 3.9873284 3.9873797 3.9874304
3.9831247 3.9832285 3.9833307 3.9834315 3.9835308 3.9836286 3.9837251 3.9838202 3.983914 3.9840064 3.9840976 3.9841875 3.9842761 3.9843636 3.9844499 3.9845349 3.9846189 3.9847017 3.9847835 3.9848641 3.9849437 3.9850222 3.9850998 3.9851763 3.9852519 3.9853265 3.9854001 3.9854728 3.9855447 3.9856156 3.9856856 3.9857548 3.9858232 3.9858907 3.9859574 3.9860233 3.9860884 3.9861527 3.9862163 3.9862792 3.9863413 3.9864027 3.9864634 3.9865233 3.9865827 3.9866413 3.9866993 3.9867566 3.9868133 3.9868694 3.9869249 3.9869797 3.987034 3.9870876 3.9871408 3.9871933 3.9872453 3.9872967 3.9873476 3.987398
3.9831447 3.9832468 3.9833474 3.9834466 3.9835444 3.9836407 3.9837357 3.9838294 3.9839218 3.9840129 3.9841027 3.9841913 3.9842787 3.9843649 3.9844499 3.9845338 3.9846166 3.9846983 3.9847789 3.9848585 3.984937 3.9850146 3.9850911 3.9851667 3.9852413 3.9853149 3.9853877 3.9854595 3.9855304 3.9856005 3.9856697 3.9857381 3.9858056 3.9858724 3.9859383 3.9860035 3.9860679 3.9861315 3.9861944 3.9862566 3.9863181 3.9863788 3.9864389 3.9864983 3.986557 3.9866151 3.9866725 3.9867293 3.9867854 3.986841 3.9868959 3.9869503 3.9870041 3.9870573 3.9871099 3.987162 3.9872136 3.9872646 3.987315 3.987365
3.9831638 3.9832642 3.9833632 3.9834609 3.9835571 3.983652 3.9837455 3.9838378 3.9839287 3.9840185 3.984107 3.9841943 3.9842804 3.9843654 3.9844492 3.9845319 3.9846136 3.9846941 3.9847737 3.9848522 3.9849297 3.9850062 3.9850817 3.9851563 3.9852299 3.9853027 3.9853745 3.9854454 3.9855155 3.9855847 3.9856531 3.9857207 3.9857875 3.9858535 3.9859187 3.9859831 3.9860468 3.9861097 3.9861719 3.9862334 3.9862943 3.9863544 3.9864138 3.9864726 3.9865308 3.9865882 3.9866451 3.9867014 3.986757 3.986812 3.9868665 3.9869203 3.9869736 3.9870264 3.9870786 3.9871302 3.9871813 3.9872319 3.987282 3.9873315
3.9831819 3.9832807 3.9833782 3.9834742 3.9835689 3.9836623 3.9837544 3.9838453 3.9839348 3.9840232 3.9841104 3.9841964 3.9842813 3.984365 3.9844477 3.9845292 3.9846097 3.9846892 3.9847676 3.9848451 3.9849215 3.984997 3.9850715 3.9851452 3.9852179 3.9852897 3.9853606 3.9854307 3.9854999 3.9855683 3.9856359 3.9857026 3.9857686 3.9858338 3.9858983 3.985962 3.986025 3.9860873 3.9861488 3.9862097 3.9862698 3.9863293 3.9863882 3.9864464 3.9865039 3.9865608 3.9866172 3.9866729 3.986728 3.9867825 3.9868365 3.9868898 3.9869427 3.9869949 3.9870467 3.9870979 3.9871486 3.9871987 3.9872484 3.9872976
3.9831991 3.9832963 3.9833921 3.9834866 3.9835798 3.9836717 3.9837624 3.9838518 3.9839401 3.9840271 3.984113 3.9841977 3.9842813 3.9843638 3.9844453 3.9845257 3.9846051 3.9846834 3.9847608 3.9848372 3.9849126 3.9849871 3.9850606 3.9851333 3.985205 3.9852759 3.985346 3.9854152 3.9854836 3.9855511 3.9856179 3.9856839 3.9857491 3.9858136 3.9858773 3.9859403 3.9860026 3.9860641 3.986125 3.9861852 3.9862448 3.9863036 3.9863619 3.9864195 3.9864765 3.9865328 3.9865886 3.9866438 3.9866984 3.9867524 3.9868059 3.9868588 3.9869111 3.9869629 3.9870142 3.987065 3.9871153 3.987165 3.9872143 3.9872631
3.9832152 3.9833108 3.9834051 3.9834981 3.9835898 3.9836802 3.9837695 3.9838575 3.9839443 3.98403 3.9841146 3.9841981 3.9842805 3.9843618 3.9844421 3.9845213 3.9845995 3.9846768 3.9847531 3.9848284 3.9849028 3.9849763 3.9850489 3.9851206 3.9851915 3.9852614 3.9853306 3.9853989 3.9854665 3.9855332 3.9855992 3.9856644 3.9857288 3.9857926 3.9858556 3.9859178 3.9859794 3.9860403 3.9861006 3.9861601 3.986219 3.9862773 3.986335 3.986392 3.9864484 3.9865042 3.9865594 3.9866141 3.9866682 3.9867217 3.9867747 3.9868271 3.986879 3.9869304 3.9869812 3.9870316 3.9870814 3.9871308 3.9871796 3.987228
3.9832303 3.9833243 3.983417 3.9835085 3.9835987 3.9836877 3.9837755 3.9838622 3.9839477 3.984032 3.9841153 3.9841975 3.9842787 3.9843588 3.9844379 3.984516 3.9845932 3.9846693 3.9847445 3.9848188 3.9848922 3.9849647 3.9850364 3.9851071 3.9851771 3.9852461 3.9853144 3.9853819 3.9854486 3.9855145 3.9855797 3.9856442 3.9857079 3.9857708 3.9858331 3.9858947 3.9859556 3.9860158 3.9860754 3.9861344 3.9861926 3.9862503 3.9863074 3.9863638 3.9864197 3.986475 3.9865297 3.9865838 3.9866374 3.9866904 3.9867429 3.9867949 3.9868463 3.9868972 3.9869476 3.9869976 3.987047 3.987096 3.9871445 3.9871925
3.9832443 3.9833368 3.9834279 3.9835178 3.9836066 3.9836941 3.9837805 3.9838658 3.98395 3.9840331 3.9841151 3.984196 3.984276 3.9843549 3.9844329 3.9845098 3.9845859 3.9846609 3.9847351 3.9848084 3.9848808 3.9849523 3.985023 3.9850928 3.9851618 3.98523 3.9852975 3.9853641 3.98543 3.9854951 3.9855595 3.9856232 3.9856861 3.9857484 3.9858099 3.9858708 3.9859311 3.9859906 3.9860496 3.9861079 3.9861656 3.9862226 3.9862791 3.986335 3.9863903 3.9864451 3.9864992 3.9865528 3.9866059 3.9866585 3.9867105 3.986762 3.986813 3.9868635 3.9869135 3.986963 3.987012 3.9870606 3.9871087 3.9871564
3.9832572 3.9833481 3.9834377 3.9835261 3.9836134 3.9836995 3.9837845 3.9838685 3.9839513 3.9840331 3.9841138 3.9841936 3.9842723 3.98435 3.9844268 3.9845027 3.9845776 3.9846516 3.9847248 3.984797 3.9848684 3.984939 3.9850087 3.9850776 3.9851458 3.9852131 3.9852797 3.9853455 3.9854105 3.9854749 3.9855385 3.9856014 3.9856636 3.9857251 3.985786 3.9858462 3.9859058 3.9859647 3.986023 3.9860807 3.9861378 3.9861943 3.9862502 3.9863055 3.9863603 3.9864145 3.9864681 3.9865213 3.9865739 3.9866259 3.9866775 3.9867285 3.9867791 3.9868291 3.9868787 3.9869278 3.9869765 3.9870247 3.9870724 3.9871197
3.9832689 3.9833582 3.9834463 3.9835333 3.9836191 3.9837038 3.9837874 3.98387 3.9839515 3.984032 3.9841115 3.98419 3.9842676 3.9843442 3.9844198 3.9844946 3.9845684 3.9846414 3.9847135 3.9847848 3.9848552 3.9849248 3.9849936 3.9850616 3.9851288 3.9851953 3.985261 3.985326 3.9853902 3.9854538 3.9855167 3.9855788 3.9856403 3.9857011 3.9857613 3.9858209 3.9858798 3.985938 3.9859957 3.9860528 3.9861093 3.9861652 3.9862205 3.9862753 3.9863296 3.9863832 3.9864364 3.986489 3.9865411 3.9865927 3.9866438 3.9866944 3.9867445 3.9867942 3.9868434 3.9868921 3.9869403 3.9869881 3.9870355 3.9870824
3.9832794 3.9833672 3.9834538 3.9835392 3.9836236 3.9837069 3.9837892 3.9838704 3.9839507 3.9840299 3.9841082 3.9841855 3.9842618 3.9843373 3.9844118 3.9844855 3.9845583 3.9846302 3.9847013 3.9847715 3.984841 3.9849096 3.9849775 3.9850446 3.985111 3.9851766 3.9852415 3.9853057 3.9853691 3.9854319 3.985494 3.9855554 3.9856162 3.9856763 3.9857358 3.9857947 3.985853 3.9859106 3.9859677 3.9860242 3.9860801 3.9861354 3.9861902 3.9862444 3.9862981 3.9863513 3.986404 3.9864561 3.9865077 3.9865589 3.9866095 3.9866597 3.9867094 3.9867586 3.9868074 3.9868557 3.9869036 3.986951 3.986998 3.9870446
3.9832887 3.9833749 3.98346 3.983544 3.983627 3.9837089 3.9837898 3.9838698 3.9839487 3.9840267 3.9841037 3.9841798 3.984255 3.9843293 3.9844028 3.9844753 3.9845471 3.984618 3.984688 3.9847573 3.9848258 3.9848935 3.9849605 3.9850267 3.9850922 3.985157 3.9852211 3.9852844 3.9853471 3.9854091 3.9854705 3.9855312 3.9855913 3.9856507 3.9857095 3.9857678 3.9858254 3.9858824 3.9859389 3.9859948 3.9860501 3.9861049 3.9861591 3.9862128 3.986266 3.9863187 3.9863708 3.9864225 3.9864737 3.9865243 3.9865745 3.9866243 3.9866736 3.9867224 3.9867708 3.9868187 3.9868662 3.9869132 3.9869599 3.9870061
3.9832966 3.9833813 3.9834649 3.9835475 3.9836291 3.9837097 3.9837893 3.9838679 3.9839456 3.9840223 3.9840981 3.9841731 3.9842471 3.9843203 3.9843926 3.9844641 3.9845348 3.9846047 3.9846738 3.9847421 3.9848097 3.9848765 3.9849426 3.9850079 3.9850725 3.9851365 3.9851997 3.9852623 3.9853242 3.9853855 3.9854461 3.9855061 3.9855655 3.9856243 3.9856824 3.98574 3.985797 3.9858534 3.9859093 3.9859646 3.9860193 3.9860736 3.9861273 3.9861805 3.9862331 3.9862853 3.986337 3.9863882 3.9864389 3.9864891 3.9865389 3.9865882 3.9866371 3.9866855 3.9867335 3.986781 3.9868282 3.9868749 3.9869212 3.9869671
3.9833032 3.9833864 3.9834686 3.9835498 3.98363 3.9837092 3.9837875 3.9838648 3.9839412 3.9840167 3.9840914 3.9841652 3.9842381 3.9843101 3.9843814 3.9844519 3.9845215 3.9845904 3.9846585 3.9847259 3.9847925 3.9848584 3.9849236 3.9849881 3.9850519 3.985115 3.9851775 3.9852393 3.9853004 3.985361 3.9854209 3.9854802 3.9855388 3.9855969 3.9856545 3.9857114 3.9857678 3.9858236 3.9858789 3.9859336 3.9859878 3.9860415 3.9860947 3.9861474 3.9861995 3.9862512 3.9863024 3.9863532 3.9864034 3.9864532 3.9865026 3.9865515 3.9865999 3.986648 3.9866956 3.9867428 3.9867895 3.9868359 3.9868819 3.9869274
3.9833085 3.9833902 3.983471 3.9835508 3.9836296 3.9837075 3.9837844 3.9838605 3.9839357 3.98401 3.9840835 3.9841561 3.9842279 3.9842989 3.9843691 3.9844385 3.9845071 3.984575 3.9846422 3.9847086 3.9847743 3.9848393 3.9849037 3.9849673 3.9850303 3.9850926 3.9851543 3.9852153 3.9852757 3.9853355 3.9853947 3.9854533 3.9855113 3.9855688 3.9856256 3.985682 3.9857377 3.985793 3.9858477 3.9859018 3.9859555 3.9860087 3.9860613 3.9861135 3.9861652 3.9862164 3.9862671 3.9863174 3.9863672 3.9864166 3.9864655 3.986514 3.9865621 3.9866098 3.986657 3.9867038 3.9867502 3.9867963 3.9868419 3.9868871
3.9833123 3.9833926 3.983472 3.9835504 3.9836278 3.9837044 3.9837801 3.9838549 3.9839289 3.984002 3.9840743 3.9841458 3.9842165 3.9842864 3.9843556 3.984424 3.9844916 3.9845585 3.9846248 3.9846903 3.9847551 3.9848192 3.9848827 3.9849455 3.9850076 3.9850692 3.9851301 3.9851904 3.98525 3.9853091 3.9853676 3.9854256 3.9854829 3.9855397 3.985596 3.9856517 3.9857068 3.9857615 3.9858156 3.9858693 3.9859224 3.985975 3.9860272 3.9860789 3.9861301 3.9861808 3.9862311 3.9862809 3.9863303 3.9863793 3.9864278 3.9864759 3.9865236 3.9865709 3.9866177 3.9866642 3.9867103 3.986756 3.9868013 3.9868462
