Cobbity4/FInal/QGIS/Foward.asc
NCOLS 600
NROWS 379
XLLCORNER 150.66
YLLCORNER -34.0282
CELLSIZE 1e-05
NODATA_VALUE -9999
[rows 234 to 259 of 379, columns 120 to 179 of 600]
3.8771787 3.8758185 3.8744343 3.8730253 3.8715911 3.870131 3.8686445 3.8671308 3.8655894 3.8640196 3.8624207 3.8607919 3.8591326 3.857442 3.8557193 3.8539637 3.8521744 3.8503506 3.8484914 3.8465959 3.8446631 3.8426923 3.8406824 3.8386323 3.8365412 3.8344079 3.8322313 3.8300105 3.8277443 3.8254314 3.8230709 3.8206613 3.8182017 3.8156906 3.8131268 3.8105091 3.8078362 3.8051066 3.8023192 3.7994725 3.7965653 3.7935961 3.7905637 3.7874667 3.7843038 3.7810737 3.7777753 3.7744072 3.7709684 3.7674579 3.7638745 3.7602175 3.7564862 3.7526798 3.7487979 3.7448402 3.7408065 3.7366971 3.7325121 3.7282522
3.8763414 3.8749765 3.8735876 3.8721741 3.8707355 3.8692711 3.8677804 3.8662628 3.8647175 3.863144 3.8615416 3.8599095 3.8582471 3.8565537 3.8548284 3.8530706 3.8512793 3.8494539 3.8475934 3.845697 3.8437639 3.841793 3.8397836 3.8377346 3.8356451 3.833514 3.8313404 3.8291232 3.8268613 3.8245537 3.8221992 3.8197967 3.817345 3.8148431 3.8122896 3.8096835 3.8070234 3.8043082 3.8015366 3.7987074 3.7958194 3.7928713 3.7898619 3.78679 3.7836545 3.7804542 3.777188 3.7738548 3.7704537 3.7669838 3.7634442 3.7598342 3.7561533 3.7524008 3.7485765 3.7446802 3.7407119 3.7366719 3.7325604 3.7283782
3.8755246 3.8741555 3.8727626 3.8713451 3.8699026 3.8684346 3.8669403 3.8654193 3.8638708 3.8622943 3.860689 3.8590544 3.8573897 3.8556941 3.8539671 3.8522077 3.8504153 3.8485891 3.8467282 3.8448319 3.8428992 3.8409293 3.8389213 3.8368743 3.8347874 3.8326595 3.8304898 3.8282773 3.8260209 3.8237195 3.8213722 3.8189779 3.8165354 3.8140437 3.8115017 3.8089083 3.8062623 3.8035625 3.8008079 3.7979973 3.7951296 3.7922037 3.7892184 3.7861727 3.7830654 3.7798957 3.7766626 3.773365 3.7700022 3.7665734 3.7630779 3.759515 3.7558844 3.7521857 3.7484185 3.744583 3.7406791 3.7367072 3.7326678 3.7285614
3.8747282 3.8733555 3.8719589 3.8705381 3.8690923 3.8676211 3.8661239 3.8646001 3.863049 3.8614701 3.8598627 3.8582262 3.8565598 3.8548629 3.8531348 3.8513747 3.849582 3.8477557 3.8458953 3.8439997 3.8420684 3.8401003 3.8380947 3.8360506 3.8339672 3.8318436 3.8296788 3.8274719 3.8252219 3.8229279 3.8205888 3.8182036 3.8157714 3.8132911 3.8107616 3.8081819 3.805551 3.8028677 3.8001312 3.7973402 3.7944938 3.7915909 3.7886306 3.7856119 3.7825338 3.7793954 3.7761959 3.7729345 3.7696104 3.766223 3.7627717 3.7592561 3.7556757 3.7520303 3.7483198 3.7445442 3.7407038 3.7367988 3.7328297 3.7287974
3.8739521 3.8725762 3.8711766 3.8697529 3.8683044 3.8668306 3.865331 3.863805 3.8622519 3.8606713 3.8590624 3.8574246 3.8557572 3.8540597 3.8523312 3.8505711 3.8487787 3.8469533 3.845094 3.8432001 3.8412709 3.8393054 3.837303 3.8352627 3.8331838 3.8310652 3.8289062 3.8267059 3.8244633 3.8221775 3.8198476 3.8174726 3.8150516 3.8125836 3.8100676 3.8075026 3.8048878 3.802222 3.7995043 3.7967339 3.7939096 3.7910307 3.7880962 3.7851052 3.7820568 3.7789504 3.7757851 3.7725602 3.7692751 3.7659293 3.7625223 3.7590538 3.7555233 3.7519309 3.7482764 3.7445599 3.7407818 3.7369424 3.7330423 3.7290822
3.873196 3.8718175 3.8704154 3.8689892 3.8675385 3.8660628 3.8645613 3.8630337 3.8614792 3.8598974 3.8582876 3.8566492 3.8549815 3.8532839 3.8515558 3.8497964 3.8480051 3.8461812 3.8443238 3.8424323 3.840506 3.838544 3.8365456 3.8345099 3.8324362 3.8303236 3.8281713 3.8259784 3.8237441 3.8214674 3.8191476 3.8167836 3.8143747 3.8119199 3.8094182 3.8068689 3.8042709 3.8016234 3.7989255 3.7961764 3.7933751 3.7905208 3.7876127 3.78465 3.781632 3.778558 3.7754272 3.7722392 3.7689934 3.7656893 3.7623265 3.7589048 3.7554239 3.7518839 3.7482847 3.7446265 3.7409096 3.7371344 3.7333017 3.729412
3.87246 3.8710792 3.869675 3.868247 3.8667946 3.8653173 3.8638146 3.8622859 3.8607306 3.8591482 3.8575381 3.8558997 3.8542323 3.8525354 3.8508082 3.8490502 3.8472607 3.8454389 3.8435842 3.8416958 3.8397731 3.8378153 3.8358217 3.8337914 3.8317237 3.8296178 3.827473 3.8252884 3.8230631 3.8207964 3.8184874 3.8161354 3.8137393 3.8112985 3.808812 3.8062791 3.8036988 3.8010703 3.7983929 3.7956658 3.7928881 3.790059 3.7871779 3.7842441 3.7812569 3.7782156 3.7751197 3.7719688 3.7687622 3.7654998 3.7621811 3.758806 3.7553743 3.7518861 3.7483414 3.7447405 3.7410837 3.7373715 3.7336045 3.7297835
3.8717437 3.8703612 3.8689554 3.867526 3.8660724 3.8645941 3.8630906 3.8615614 3.8600058 3.8584234 3.8568136 3.8551757 3.8535092 3.8518135 3.850088 3.848332 3.8465448 3.8447259 3.8428745 3.84099 3.8390716 3.8371187 3.8351305 3.8331063 3.8310454 3.828947 3.8268104 3.8246348 3.8224193 3.8201634 3.817866 3.8155266 3.8131442 3.8107181 3.8082475 3.8057316 3.8031697 3.800561 3.7979048 3.7952002 3.7924466 3.7896434 3.7867898 3.7838852 3.7809291 3.7779209 3.7748601 3.7717463 3.7685791 3.7653582 3.7620833 3.7587545 3.7553715 3.7519344 3.7484435 3.7448989 3.741301 3.7376504 3.7339476 3.7301936
3.871047 3.8696632 3.8682563 3.866826 3.8653717 3.8638929 3.8623891 3.8608598 3.8593045 3.8577226 3.8561136 3.8544769 3.8528119 3.851118 3.8493946 3.8476412 3.8458571 3.8440417 3.8421942 3.8403142 3.8384008 3.8364534 3.8344714 3.832454 3.8304006 3.8283103 3.8261826 3.8240167 3.8218118 3.8195672 3.8172822 3.814956 3.812588 3.8101773 3.8077233 3.8052252 3.8026823 3.8000939 3.7974593 3.7947778 3.7920489 3.7892719 3.7864462 3.7835712 3.7806465 3.7776715 3.7746459 3.7715693 3.7684413 3.7652618 3.7620305 3.7587475 3.7554126 3.7520261 3.748588 3.7450987 3.7415587 3.7379683 3.7343283 3.7306394
3.8703697 3.868985 3.8675775 3.8661467 3.8646921 3.8632133 3.8617098 3.8601809 3.8586264 3.8570455 3.8554378 3.8538028 3.8521398 3.8504483 3.8487277 3.8469775 3.845197 3.8433856 3.8415427 3.8396677 3.83776 3.8358188 3.8338436 3.8318336 3.8297883 3.8277069 3.8255887 3.8234331 3.8212394 3.8190068 3.8167348 3.8144226 3.8120695 3.8096748 3.8072379 3.8047581 3.8022348 3.7996672 3.7970548 3.794397 3.7916931 3.7889427 3.7861452 3.7833001 3.7804069 3.7774653 3.7744749 3.7714354 3.7683466 3.7652082 3.7620202 3.7587825 3.7554952 3.7521584 3.7487724 3.7453374 3.741854 3.7383226 3.7347438 3.7311185
3.8697117 3.8683265 3.8669188 3.8654879 3.8640335 3.8625552 3.8610523 3.8595244 3.8579711 3.8563918 3.8547859 3.8531531 3.8514926 3.849804 3.8480868 3.8463403 3.8445639 3.8427572 3.8409195 3.8390501 3.8371486 3.8352142 3.8332463 3.8312444 3.8292077 3.8271357 3.8250277 3.8228831 3.8207011 3.8184813 3.8162228 3.8139251 3.8115875 3.8092094 3.8067902 3.8043292 3.8018259 3.7992796 3.7966898 3.7940559 3.7913775 3.788654 3.7858849 3.7830698 3.7802084 3.7773002 3.774345 3.7713425 3.7682926 3.7651951 3.7620499 3.7588571 3.7556168 3.752329 3.7489941 3.7456125 3.7421845 3.7387107 3.7351918 3.7316284
3.8690726 3.8676875 3.8662799 3.8648494 3.8633956 3.8619181 3.8604164 3.8588899 3.8573383 3.855761 3.8541575 3.8525273 3.8508699 3.8491847 3.8474713 3.8457291 3.8439574 3.8421559 3.8403238 3.8384607 3.8365659 3.8346388 3.8326789 3.8306856 3.8286582 3.8265962 3.8244989 3.8223657 3.8201961 3.8179894 3.815745 3.8134623 3.8111408 3.8087798 3.8063787 3.803937 3.8014541 3.7989295 3.7963627 3.7937531 3.7911004 3.788404 3.7856635 3.7828786 3.780049 3.7771742 3.7742542 3.7712886 3.7682773 3.7652203 3.7621176 3.7589691 3.7557751 3.7525356 3.749251 3.7459217 3.742548 3.7391306 3.73567 3.7321671
3.8684524 3.8670676 3.8656605 3.8642309 3.8627782 3.8613019 3.8598018 3.8582772 3.8567277 3.8551528 3.8535521 3.8519251 3.8502712 3.84859 3.8468809 3.8451434 3.843377 3.8415811 3.8397552 3.8378988 3.8360112 3.834092 3.8321406 3.8301564 3.8281388 3.8260873 3.8240012 3.8218801 3.8197233 3.8175303 3.8153005 3.8130333 3.8107282 3.8083847 3.8060022 3.8035802 3.8011181 3.7986155 3.796072 3.793487 3.7908602 3.7881911 3.7854794 3.7827248 3.7799269 3.7770855 3.7742005 3.7712716 3.7682987 3.7652819 3.7622211 3.7591164 3.755968 3.752776 3.7495408 3.7462628 3.7429424 3.7395801 3.7361766 3.7327325
3.8678507 3.8664666 3.8650606 3.8636321 3.8621808 3.8607063 3.8592081 3.8576858 3.8561389 3.854567 3.8529695 3.8513461 3.8496962 3.8480193 3.846315 3.8445827 3.842822 3.8410323 3.8392131 3.8373639 3.8354841 3.8335732 3.8316307 3.8296561 3.8276488 3.8256082 3.8235339 3.8214253 3.8192818 3.8171029 3.8148881 3.8126369 3.8103487 3.8080231 3.8056595 3.8032575 3.8008166 3.7983363 3.7958163 3.7932561 3.7906554 3.7880137 3.7853309 3.7826065 3.7798404 3.7770323 3.7741821 3.7712897 3.7683549 3.7653779 3.7623586 3.7592971 3.7561936 3.7530484 3.7498617 3.746634 3.7433657 3.7400573 3.7367094 3.7333228
3.8672674 3.8658844 3.8644797 3.8630528 3.8616034 3.860131 3.8586352 3.8571155 3.8555716 3.854003 3.8524092 3.8507898 3.8491443 3.8474723 3.8457732 3.8440466 3.842292 3.8405089 3.8386968 3.8368553 3.8349837 3.8330816 3.8311486 3.829184 3.8271874 3.8251583 3.8230961 3.8210004 3.8188706 3.8167063 3.8145069 3.812272 3.8100011 3.8076937 3.8053494 3.8029677 3.8005482 3.7980905 3.7955942 3.793059 3.7904845 3.7878704 3.7852164 3.7825223 3.7797879 3.777013 3.7741974 3.7713412 3.7684442 3.7655065 3.7625281 3.7595092 3.75645 3.7533508 3.7502118 3.7470334 3.7438161 3.7405604 3.737267 3.7339364
3.8667023 3.8653207 3.8639177 3.8624928 3.8610455 3.8595756 3.8580826 3.856566 3.8550255 3.8534606 3.8518709 3.8502559 3.8486152 3.8469484 3.845255 3.8435345 3.8417864 3.8400104 3.8382059 3.8363724 3.8345095 3.8326167 3.8306935 3.8287394 3.8267539 3.8247366 3.822687 3.8206046 3.8184889 3.8163395 3.8141559 3.8119377 3.8096843 3.8073955 3.8050707 3.8027096 3.8003118 3.7978768 3.7954045 3.7928943 3.7903462 3.7877596 3.7851345 3.7824706 3.7797678 3.7770259 3.7742447 3.7714244 3.7685648 3.765666 3.7627281 3.7597512 3.7567356 3.7536815 3.7505893 3.7474593 3.744292 3.7410879 3.7378475 3.7345717
3.866155 3.8647753 3.8633743 3.8619516 3.860507 3.8590399 3.85755 3.8560368 3.8545001 3.8529393 3.8513541 3.8497439 3.8481085 3.8464473 3.8447599 3.8430459 3.8413048 3.8395362 3.8377397 3.8359147 3.8340608 3.8321776 3.8302647 3.8283214 3.8263475 3.8243424 3.8223057 3.820237 3.8181358 3.8160016 3.8138341 3.8116329 3.8093974 3.8071274 3.8048224 3.8024821 3.8001061 3.7976941 3.7952458 3.7927608 3.790239 3.7876801 3.7850838 3.7824501 3.7797787 3.7770695 3.7743226 3.7715378 3.7687152 3.7658548 3.7629568 3.7600214 3.7570487 3.754039 3.7509927 3.7479102 3.7447918 3.7416381 3.7384497 3.7352272
3.8656254 3.8642478 3.8628492 3.8614292 3.8599874 3.8585235 3.8570371 3.8555278 3.8539952 3.8524388 3.8508584 3.8492535 3.8476236 3.8459684 3.8442875 3.8425804 3.8408466 3.8390859 3.8372977 3.8354815 3.8336371 3.8317639 3.8298615 3.8279295 3.8259675 3.823975 3.8219516 3.8198968 3.8178104 3.8156918 3.8135407 3.8113567 3.8091394 3.8068884 3.8046034 3.8022841 3.7999301 3.7975411 3.7951169 3.7926572 3.7901618 3.7876304 3.7850629 3.7824592 3.7798191 3.7771425 3.7744294 3.7716799 3.7688939 3.7660715 3.7632129 3.7603183 3.7573878 3.7544218 3.7514206 3.7483845 3.7453141 3.7422098 3.7390721 3.7359018
3.8651133 3.8637381 3.8623422 3.8609251 3.8594866 3.8580262 3.8565436 3.8550385 3.8535103 3.8519588 3.8503836 3.8487842 3.8471603 3.8455114 3.8438373 3.8421374 3.8404113 3.8386588 3.8368792 3.8350724 3.8332377 3.8313748 3.8294834 3.827563 3.8256131 3.8236335 3.8216237 3.8195833 3.8175119 3.8154091 3.8132747 3.8111081 3.8089092 3.8066774 3.8044126 3.8021145 3.7997826 3.7974168 3.7950168 3.7925823 3.7901133 3.7876094 3.7850706 3.7824967 3.7798877 3.7772435 3.774564 3.7718493 3.7690995 3.7663146 3.7634949 3.7606404 3.7577515 3.7548284 3.7518714 3.748881 3.7458576 3.7428016 3.7397135 3.7365941
3.8646183 3.8632459 3.8618529 3.8604392 3.8590042 3.8575477 3.8560692 3.8545685 3.8530452 3.8514988 3.8499291 3.8483356 3.846718 3.8450758 3.8434088 3.8417165 3.8399985 3.8382544 3.8364839 3.8346866 3.832862 3.8310098 3.8291296 3.8272211 3.8252838 3.8233173 3.8213213 3.8192955 3.8172394 3.8151528 3.8130352 3.8108863 3.8087059 3.8064936 3.8042491 3.8019722 3.7996626 3.7973199 3.7949442 3.792535 3.7900923 3.7876159 3.7851056 3.7825614 3.7799833 3.7773711 3.7747249 3.7720448 3.7693307 3.7665829 3.7638014 3.7609865 3.7581385 3.7552575 3.752344 3.7493984 3.7464209 3.7434122 3.7403727 3.737303
3.8641402 3.8627709 3.8613812 3.859971 3.8585399 3.8570876 3.8556136 3.8541176 3.8525994 3.8510585 3.8494946 3.8479073 3.8462963 3.8446612 3.8430016 3.8413171 3.8396075 3.8378723 3.8361111 3.8343236 3.8325094 3.8306682 3.8287996 3.8269032 3.8249787 3.8230256 3.8210438 3.8190328 3.8169922 3.8149219 3.8128214 3.8106904 3.8085287 3.806336 3.8041119 3.8018563 3.799569 3.7972496 3.7948981 3.7925141 3.7900977 3.7876486 3.7851668 3.7826521 3.7801046 3.7775242 3.774911 3.772265 3.7695863 3.766875 3.7641313 3.7613554 3.7585475 3.755708 3.7528372 3.7499354 3.747003 3.7440406 3.7410486 3.7380276
3.8636789 3.8623128 3.8609268 3.8595205 3.8580935 3.8566456 3.8551763 3.8536855 3.8521727 3.8506375 3.8490797 3.847499 3.8458948 3.844267 3.8426152 3.8409389 3.8392379 3.8375118 3.8357603 3.8339829 3.8321794 3.8303494 3.8284926 3.8266086 3.8246972 3.8227578 3.8207903 3.8187943 3.8167696 3.8147157 3.8126324 3.8105195 3.8083766 3.8062036 3.8040001 3.8017659 3.7995009 3.7972048 3.7948774 3.7925187 3.7901284 3.7877066 3.785253 3.7827677 3.7802506 3.7777017 3.7751211 3.7725088 3.769865 3.7671897 3.7644833 3.7617457 3.7589774 3.7561786 3.7533497 3.7504909 3.7476028 3.7446857 3.7417402 3.7387667
3.863234 3.8618715 3.8604894 3.8590872 3.8576646 3.8562214 3.8547572 3.8532717 3.8517646 3.8502355 3.8486841 3.8471101 3.8455132 3.8438929 3.8422491 3.8405813 3.8388892 3.8371725 3.8354309 3.8336639 3.8318714 3.8300529 3.8282082 3.8263368 3.8244386 3.8225132 3.8205602 3.8185795 3.8165706 3.8145334 3.8124675 3.8103728 3.8082489 3.8060956 3.8039127 3.8017 3.7994573 3.7971844 3.7948812 3.7925476 3.7901835 3.7877887 3.7853632 3.782907 3.78042 3.7779024 3.775354 3.7727751 3.7701658 3.7675261 3.7648563 3.7621565 3.7594271 3.7566683 3.7538805 3.751064 3.7482192 3.7453465 3.7424465 3.7395196
3.8628052 3.8614467 3.8600686 3.8586708 3.857253 3.8558147 3.8543559 3.852876 3.8513748 3.849852 3.8483073 3.8467404 3.8451509 3.8435385 3.841903 3.8402439 3.838561 3.8368539 3.8351224 3.8333662 3.8315848 3.829778 3.8279456 3.8260871 3.8242023 3.822291 3.8203528 3.8183874 3.8163947 3.8143743 3.8123259 3.8102494 3.8081446 3.8060111 3.8038489 3.8016577 3.7994373 3.7971877 3.7949086 3.7926 3.7902618 3.787894 3.7854964 3.783069 3.780612 3.7781252 3.7756088 3.7730629 3.7704875 3.7678829 3.7652492 3.7625867 3.7598956 3.7571761 3.7544287 3.7516536 3.7488513 3.7460222 3.7431667 3.7402853
3.8623925 3.861038 3.8596643 3.8582712 3.8568583 3.8554253 3.8539719 3.8524979 3.851003 3.8494868 3.847949 3.8463894 3.8448076 3.8432033 3.8415763 3.8399262 3.8382527 3.8365556 3.8348344 3.833089 3.831319 3.8295242 3.8277042 3.8258588 3.8239877 3.8220907 3.8201674 3.8182176 3.8162411 3.8142376 3.8122069 3.8101487 3.808063 3.8059494 3.8038078 3.8016381 3.7994401 3.7972136 3.7949586 3.792675 3.7903626 3.7880215 3.7856516 3.7832529 3.7808254 3.7783692 3.7758844 3.773371 3.7708292 3.7682592 3.7656612 3.7630352 3.7603818 3.757701 3.7549932 3.7522588 3.7494982 3.7467117 3.7438999 3.7410631
3.8619954 3.8606452 3.8592762 3.8578879 3.8564802 3.8550527 3.8536052 3.8521373 3.8506488 3.8491394 3.8476088 3.8460567 3.8444829 3.842887 3.8412687 3.8396278 3.8379639 3.8362769 3.8345663 3.832832 3.8310736 3.8292909 3.8274836 3.8256515 3.8237942 3.8219116 3.8200033 3.8180692 3.816109 3.8141226 3.8121096 3.8100699 3.8080033 3.8059096 3.8037888 3.8016405 3.7994648 3.7972614 3.7950303 3.7927715 3.7904848 3.7881703 3.7858278 3.7834575 3.7810594 3.7786335 3.7761799 3.7736987 3.77119 3.7686541 3.7660911 3.7635013 3.7608848 3.7582421 3.7555733 3.7528788 3.7501591 3.7474144 3.7446453 3.7418522
