Cobbity4/FInal/QGIS/Fowards.asc
NCOLS 499
NROWS 379
XLLCORNER 150.661
YLLCORNER -34.0271
CELLSIZE 1e-05
NODATA_VALUE -9999
[rows 312 to 337 of 379, columns 0 to 59 of 499]
3.946431 3.9454131 3.9443735 3.9433117 3.942227 3.9411188 3.9399865 3.9388293 3.9376467 3.9364379 3.9352022 3.9339387 3.9326468 3.9313256 3.9299742 3.9285918 3.9271775 3.9257304 3.9242494 3.9227336 3.9211819 3.9195934 3.9179667 3.9163009 3.9145948 3.912847 3.9110564 3.9092216 3.9073412 3.9054139 3.9034383 3.9014128 3.8993358 3.8972059 3.8950214 3.8927805 3.8904817 3.8881231 3.8857029 3.8832193 3.8806704 3.8780543 3.875369 3.8726127 3.8697834 3.8668791 3.8638979 3.8608379 3.8576972 3.8544742 3.8511672 3.8477746 3.8442952 3.8407278 3.8370717 3.8333265 3.829492 3.825569 3.8215584 3.8174624
3.9452963 3.9442651 3.9432122 3.9421367 3.9410383 3.9399161 3.9387697 3.9375982 3.9364011 3.9351776 3.933927 3.9326484 3.9313413 3.9300046 3.9286376 3.9272394 3.9258092 3.9243459 3.9228486 3.9213163 3.9197481 3.9181427 3.9164992 3.9148164 3.9130931 3.911328 3.9095201 3.9076678 3.90577 3.9038252 3.901832 3.8997889 3.8976945 3.8955471 3.8933452 3.8910871 3.8887712 3.8863957 3.8839588 3.8814588 3.8788939 3.8762621 3.8735616 3.8707906 3.8679471 3.8650293 3.8620353 3.8589632 3.8558114 3.8525781 3.8492617 3.8458608 3.8423741 3.8388006 3.8351395 3.8313904 3.8275531 3.8236281 3.8196165 3.8155199
3.9441779 3.9431341 3.9420682 3.9409798 3.9398681 3.9387326 3.9375726 3.9363874 3.9351764 3.9339389 3.9326741 3.9313812 3.9300595 3.9287082 3.9273264 3.9259133 3.9244679 3.9229894 3.9214768 3.919929 3.9183452 3.9167241 3.9150648 3.9133661 3.9116269 3.9098459 3.9080218 3.9061535 3.9042397 3.9022788 3.9002696 3.8982106 3.8961003 3.8939372 3.8917197 3.8894463 3.8871152 3.8847248 3.8822733 3.8797591 3.8771804 3.8745353 3.8718221 3.8690388 3.8661838 3.8632551 3.860251 3.8571697 3.8540096 3.8507689 3.8474463 3.8440402 3.8405494 3.836973 3.8333102 3.8295603 3.8257235 3.8217998 3.8177903 3.8136962
3.9430761 3.9420201 3.9409419 3.9398409 3.9387166 3.9375683 3.9363953 3.9351971 3.9339729 3.932722 3.9314437 3.9301372 3.9288018 3.9274366 3.9260408 3.9246136 3.923154 3.9216611 3.9201341 3.9185718 3.9169734 3.9153377 3.9136637 3.9119503 3.9101963 3.9084005 3.9065618 3.9046787 3.9027502 3.9007747 3.898751 3.8966776 3.8945531 3.892376 3.8901447 3.8878576 3.8855133 3.88311 3.880646 3.8781197 3.8755294 3.8728732 3.8701495 3.8673564 3.8644923 3.8615554 3.8585438 3.855456 3.8522904 3.8490452 3.8457192 3.8423108 3.838819 3.8352427 3.8315811 3.8278338 3.8240004 3.8200813 3.8160769 3.8119884
3.9419911 3.9409234 3.9398333 3.9387204 3.937584 3.9364234 3.9352382 3.9340275 3.9327907 3.9315271 3.930236 3.9289166 3.9275682 3.9261899 3.9247809 3.9233404 3.9218674 3.9203612 3.9188206 3.9172449 3.9156329 3.9139836 3.912296 3.910569 3.9088014 3.906992 3.9051398 3.9032434 3.9013015 3.8993128 3.8972761 3.8951899 3.8930527 3.8908632 3.8886197 3.8863209 3.8839651 3.8815508 3.8790763 3.8765399 3.87394 3.871275 3.8685431 3.8657425 3.8628717 3.8599289 3.8569125 3.8538207 3.8506522 3.8474052 3.8440785 3.8406708 3.8371807 3.8336074 3.8299501 3.8262081 3.8223813 3.8184696 3.8144734 3.8103937
3.9409231 3.9398441 3.9387428 3.9376184 3.9364704 3.9352982 3.9341012 3.9328787 3.93163 3.9303543 3.9290511 3.9277195 3.9263588 3.9249682 3.9235468 3.9220938 3.9206084 3.9190896 3.9175365 3.9159481 3.9143236 3.9126617 3.9109616 3.9092221 3.907442 3.9056204 3.9037559 3.9018473 3.8998934 3.897893 3.8958447 3.893747 3.8915988 3.8893984 3.8871446 3.8848357 3.8824702 3.8800467 3.8775635 3.875019 3.8724117 3.8697398 3.8670018 3.864196 3.8613208 3.8583745 3.8553555 3.8522623 3.8490934 3.8458472 3.8425225 3.839118 3.8356324 3.8320649 3.8284146 3.8246808 3.8208633 3.816962 3.812977 3.8089091
3.9398721 3.9387824 3.9376703 3.936535 3.935376 3.9341928 3.9329846 3.9317508 3.9304908 3.9292038 3.9278892 3.9265461 3.9251738 3.9237716 3.9223386 3.920874 3.9193769 3.9178464 3.9162817 3.9146817 3.9130455 3.9113722 3.9096605 3.9079096 3.9061183 3.9042854 3.9024099 3.9004904 3.8985259 3.896515 3.8944564 3.8923489 3.890191 3.8879814 3.8857187 3.8834014 3.881028 3.878597 3.876107 3.8735563 3.8709434 3.8682668 3.8655247 3.8627158 3.8598383 3.8568907 3.8538715 3.8507792 3.8476123 3.8443694 3.8410491 3.8376503 3.8341719 3.8306127 3.8269721 3.8232493 3.8194439 3.8155557 3.8115848 3.8075316
3.9388384 3.9377385 3.936616 3.9354703 3.934301 3.9331072 3.9318885 3.9306441 3.9293734 3.9280757 3.9267502 3.9253964 3.9240133 3.9226002 3.9211564 3.9196809 3.918173 3.9166318 3.9150563 3.9134456 3.9117988 3.9101148 3.9083927 3.9066315 3.9048299 3.902987 3.9011016 3.8991725 3.8971986 3.8951786 3.8931112 3.8909951 3.8888291 3.8866117 3.8843417 3.8820175 3.8796379 3.8772012 3.8747061 3.872151 3.8695344 3.8668548 3.8641108 3.8613007 3.858423 3.8554763 3.8524591 3.8493698 3.8462072 3.8429698 3.8396564 3.8362658 3.8327968 3.8292485 3.8256201 3.8219108 3.8181202 3.8142479 3.8102939 3.8062583
3.9378219 3.9367123 3.93558 3.9344245 3.9332453 3.9320416 3.9308128 3.9295584 3.9282777 3.9269699 3.9256344 3.9242704 3.9228772 3.9214541 3.9200002 3.9185147 3.9169968 3.9154455 3.9138602 3.9122397 3.9105832 3.9088896 3.9071581 3.9053875 3.9035769 3.901725 3.8998309 3.8978934 3.8959113 3.8938834 3.8918084 3.8896852 3.8875125 3.8852888 3.883013 3.8806836 3.8782992 3.8758584 3.8733599 3.8708021 3.8681836 3.865503 3.8627588 3.8599495 3.8570737 3.8541298 3.8511166 3.8480325 3.8448764 3.8416467 3.8383424 3.8349622 3.831505 3.82797 3.8243562 3.8206629 3.8168895 3.8130357 3.8091013 3.8050861
3.9368229 3.935704 3.9345625 3.9333977 3.932209 3.930996 3.9297578 3.928494 3.9272038 3.9258866 3.9245416 3.9231683 3.9217657 3.9203332 3.9188699 3.9173752 3.9158481 3.9142877 3.9126933 3.9110639 3.9093986 3.9076965 3.9059565 3.9041776 3.9023589 3.9004992 3.8985976 3.8966527 3.8946637 3.8926291 3.8905479 3.8884189 3.8862407 3.8840122 3.881732 3.8793988 3.8770112 3.8745679 3.8720676 3.8695088 3.8668902 3.8642103 3.8614677 3.858661 3.8557888 3.8528498 3.8498425 3.8467657 3.843618 3.8403981 3.8371049 3.8337373 3.8302942 3.8267746 3.8231777 3.8195027 3.8157491 3.8119162 3.8080039 3.8040119
3.9358414 3.9347137 3.9335634 3.9323898 3.9311924 3.9299704 3.9287235 3.9274508 3.9261518 3.9248258 3.923472 3.9220899 3.9206786 3.9192375 3.9177657 3.9162624 3.9147269 3.9131583 3.9115557 3.9099183 3.9082451 3.9065352 3.9047877 3.9030016 3.9011758 3.8993094 3.8974012 3.8954502 3.8934553 3.8914154 3.8893292 3.8871956 3.8850133 3.8827812 3.880498 3.8781625 3.8757732 3.873329 3.8708284 3.8682702 3.865653 3.8629754 3.8602362 3.8574339 3.8545672 3.8516347 3.8486353 3.8455675 3.8424302 3.8392221 3.8359421 3.8325891 3.8291621 3.82566 3.8220822 3.8184277 3.814696 3.8108865 3.8069988 3.8030326
3.9348774 3.9337415 3.9325829 3.931401 3.9301952 3.928965 3.9277098 3.9264289 3.9251217 3.9237875 3.9224256 3.9210354 3.9196161 3.918167 3.9166873 3.9151763 3.9136332 3.9120571 3.9104471 3.9088025 3.9071224 3.9054057 3.9036516 3.9018592 3.9000274 3.8981552 3.8962416 3.8942856 3.892286 3.8902417 3.8881517 3.8860148 3.8838297 3.8815954 3.8793106 3.876974 3.8745844 3.8721406 3.8696413 3.8670852 3.864471 3.8617974 3.8590631 3.8562668 3.8534072 3.8504831 3.8474932 3.8444363 3.8413112 3.8381167 3.8348518 3.8315153 3.8281063 3.8246238 3.8210671 3.8174352 3.8137276 3.8099437 3.806083 3.802145
3.933931 3.9327873 3.9316209 3.9304312 3.9292177 3.9279798 3.9267168 3.9254282 3.9241134 3.9227716 3.9214022 3.9200046 3.918578 3.9171216 3.9156348 3.9141168 3.9125668 3.910984 3.9093675 3.9077166 3.9060303 3.9043077 3.902548 3.9007502 3.8989133 3.8970364 3.8951184 3.8931583 3.8911551 3.8891077 3.887015 3.884876 3.8826893 3.880454 3.8781688 3.8758325 3.873444 3.8710021 3.8685054 3.8659528 3.8633431 3.8606749 3.8579471 3.8551584 3.8523076 3.8493934 3.8464148 3.8433704 3.8402592 3.8370801 3.8338319 3.8305137 3.8271246 3.8236635 3.8201297 3.8165225 3.812841 3.8090848 3.8052532 3.8013458
3.9330022 3.9318512 3.9306775 3.9294806 3.9282598 3.9270147 3.9257446 3.9244489 3.923127 3.9217782 3.9204019 3.9189975 3.9175642 3.9161013 3.9146081 3.9130838 3.9115276 3.9099389 3.9083167 3.9066602 3.9049686 3.903241 3.9014765 3.8996742 3.8978332 3.8959525 3.8940311 3.8920681 3.8900624 3.8880129 3.8859186 3.8837785 3.8815915 3.8793564 3.877072 3.8747374 3.8723512 3.8699124 3.8674197 3.864872 3.8622681 3.8596069 3.856887 3.8541073 3.8512668 3.8483641 3.8453982 3.842368 3.8392723 3.8361101 3.8328804 3.8295822 3.8262146 3.8227767 3.8192677 3.8156868 3.8120334 3.8083068 3.8045064 3.8006318
3.9320911 3.9309332 3.9297527 3.928549 3.9273215 3.9260697 3.924793 3.9234907 3.9221623 3.9208072 3.9194247 3.9180141 3.9165747 3.9151059 3.9136069 3.9120771 3.9105155 3.9089216 3.9072944 3.9056332 3.9039371 3.9022053 3.9004369 3.8986311 3.8967868 3.8949033 3.8929795 3.8910144 3.8890072 3.8869567 3.884862 3.8827219 3.8805356 3.8783018 3.8760195 3.8736876 3.871305 3.8688706 3.8663832 3.8638417 3.861245 3.858592 3.8558814 3.8531122 3.8502833 3.8473936 3.8444419 3.8414272 3.8383486 3.8352049 3.8319951 3.8287185 3.825374 3.8219609 3.8184783 3.8149256 3.8113019 3.8076068 3.8038395 3.7999996
3.9311976 3.9300334 3.9288465 3.9276365 3.9264028 3.9251448 3.923862 3.9225537 3.9212194 3.9198585 3.9184703 3.9170541 3.9156094 3.9141353 3.9126313 3.9110965 3.9095303 3.9079319 3.9063005 3.9046353 3.9029355 3.9012004 3.8994289 3.8976204 3.8957738 3.8938883 3.891963 3.8899969 3.8879891 3.8859386 3.8838444 3.8817055 3.8795209 3.8772896 3.8750105 3.8726825 3.8703046 3.8678758 3.8653949 3.8628609 3.8602726 3.857629 3.8549291 3.8521717 3.8493558 3.8464803 3.8435442 3.8405465 3.8374862 3.8343624 3.8311741 3.8279204 3.8246006 3.8212137 3.8177591 3.814236 3.8106437 3.8069817 3.8032493 3.7994461
3.9303218 3.9291517 3.9279589 3.9267431 3.9255036 3.92424 3.9229516 3.9216379 3.9202982 3.9189321 3.9175388 3.9161177 3.9146681 3.9131894 3.911681 3.910142 3.9085718 3.9069696 3.9053347 3.9036663 3.9019637 3.9002259 3.8984522 3.8966418 3.8947937 3.8929072 3.8909812 3.889015 3.8870076 3.884958 3.8828654 3.8807286 3.8785468 3.876319 3.8740441 3.8717211 3.8693491 3.866927 3.8644537 3.8619283 3.8593496 3.8567168 3.8540286 3.8512842 3.8484826 3.8456226 3.8427034 3.8397239 3.8366833 3.8335807 3.8304152 3.8271858 3.823892 3.8205328 3.8171075 3.8136155 3.8100561 3.8064287 3.8027328 3.7989678
3.9294637 3.928288 3.9270898 3.9258686 3.9246239 3.9233551 3.9220617 3.920743 3.9193986 3.9180278 3.9166299 3.9152045 3.9137507 3.9122681 3.9107558 3.9092133 3.9076398 3.9060345 3.9043968 3.902726 3.9010211 3.8992815 3.8975064 3.8956949 3.8938461 3.8919594 3.8900337 3.8880683 3.8860621 3.8840144 3.8819242 3.8797906 3.8776125 3.8753892 3.8731195 3.8708026 3.8684375 3.8660232 3.8635586 3.8610429 3.858475 3.855854 3.8531788 3.8504485 3.8476622 3.844819 3.8419178 3.8389578 3.8359381 3.8328579 3.8297163 3.8265126 3.8232459 3.8199156 3.816521 3.8130614 3.8095362 3.8059448 3.8022868 3.7985616
3.9286231 3.9274424 3.9262392 3.9250132 3.9237637 3.9224902 3.9211922 3.9198691 3.9185204 3.9171454 3.9157437 3.9143144 3.9128571 3.9113711 3.9098556 3.9083102 3.906734 3.9051264 3.9034866 3.9018139 3.9001076 3.8983669 3.8965911 3.8947793 3.8929307 3.8910445 3.88912 3.8871561 3.8851521 3.8831072 3.8810203 3.8788907 3.8767174 3.8744994 3.872236 3.8699262 3.8675689 3.8651634 3.8627086 3.8602036 3.8576475 3.8550393 3.8523782 3.8496631 3.8468933 3.8440678 3.8411858 3.8382464 3.8352487 3.832192 3.8290755 3.8258984 3.8226601 3.8193599 3.815997 3.812571 3.8090812 3.8055272 3.8019084 3.7982243
3.9278 3.9266147 3.925407 3.9241766 3.9229228 3.9216451 3.920343 3.9190161 3.9176636 3.916285 3.9148798 3.9134474 3.911987 3.9104982 3.9089802 3.9074325 3.9058542 3.9042449 3.9026037 3.9009299 3.8992229 3.8974818 3.895706 3.8938946 3.8920469 3.8901621 3.8882394 3.886278 3.884277 3.8822356 3.880153 3.8780282 3.8758605 3.873649 3.8713927 3.8690908 3.8667424 3.8643465 3.8619025 3.8594092 3.8568658 3.8542716 3.8516254 3.8489267 3.8461743 3.8433676 3.8405057 3.8375879 3.8346132 3.8315811 3.8284907 3.8253413 3.8221324 3.8188632 3.8155332 3.8121419 3.8086886 3.8051729 3.8015944 3.7979525
3.9269945 3.925805 3.9245932 3.9233588 3.9221011 3.9208197 3.9195141 3.9181837 3.916828 3.9154463 3.9140382 3.9126031 3.9111403 3.9096493 3.9081293 3.9065799 3.9050002 3.9033898 3.9017478 3.9000736 3.8983664 3.8966257 3.8948506 3.8930404 3.8911944 3.8893117 3.8873916 3.8854334 3.8834362 3.8813992 3.8793216 3.8772026 3.8750413 3.8728369 3.8705887 3.8682956 3.8659569 3.8635717 3.8611392 3.8586586 3.8561289 3.8535494 3.8509193 3.8482377 3.8455037 3.8427168 3.839876 3.8369806 3.8340299 3.8310232 3.8279599 3.8248392 3.8216605 3.8184234 3.8151272 3.8117714 3.8083556 3.8048792 3.8013419 3.7977434
3.9262064 3.9250131 3.9237977 3.9225597 3.9212986 3.920014 3.9187052 3.9173719 3.9160134 3.9146292 3.9132188 3.9117815 3.9103168 3.9088241 3.9073027 3.9057522 3.9041717 3.9025607 3.9009186 3.8992446 3.897538 3.8957983 3.8940246 3.8922162 3.8903725 3.8884927 3.886576 3.8846217 3.8826291 3.8805972 3.8785254 3.8764129 3.8742589 3.8720626 3.8698231 3.8675397 3.8652115 3.8628379 3.8604178 3.8579507 3.8554355 3.8528717 3.8502584 3.8475948 3.8448801 3.8421137 3.8392949 3.8364229 3.833497 3.8305166 3.8274811 3.8243899 3.8212424 3.8180381 3.8147765 3.8114571 3.8080795 3.8046433 3.8011482 3.7975937
3.9254357 3.924239 3.9230203 3.9217792 3.9205152 3.9192277 3.9179163 3.9165805 3.9152198 3.9138335 3.9124212 3.9109823 3.9095162 3.9080224 3.9065002 3.9049491 3.9033684 3.9017575 3.9001158 3.8984426 3.8967373 3.8949991 3.8932275 3.8914217 3.889581 3.8877047 3.8857921 3.8838424 3.881855 3.879829 3.8777638 3.8756586 3.8735126 3.871325 3.8690951 3.8668221 3.8645053 3.8621439 3.8597372 3.8572843 3.8547845 3.8522371 3.8496414 3.8469966 3.844302 3.841557 3.8387609 3.835913 3.8330127 3.8300594 3.8270525 3.8239915 3.8208759 3.8177052 3.8144789 3.8111966 3.8078579 3.8044626 3.8010102 3.7975006
3.9246822 3.9234825 3.922261 3.9210172 3.9197506 3.9184608 3.9171473 3.9158094 3.9144469 3.913059 3.9116453 3.9102053 3.9087384 3.9072439 3.9057214 3.9041703 3.9025899 3.9009797 3.899339 3.8976672 3.8959637 3.8942278 3.8924589 3.8906562 3.8888192 3.8869471 3.8850392 3.8830949 3.8811134 3.879094 3.8770361 3.8749388 3.8728015 3.8706234 3.8684038 3.8661421 3.8638373 3.8614889 3.8590961 3.8566583 3.8541746 3.8516444 3.849067 3.8464417 3.843768 3.8410451 3.8382724 3.8354493 3.8325752 3.8296497 3.8266721 3.823642 3.8205589 3.8174223 3.814232 3.8109874 3.8076883 3.8043344 3.8009254 3.7974611
3.9239458 3.9227436 3.9215197 3.9202736 3.9190049 3.9177131 3.9163978 3.9150584 3.9136945 3.9123055 3.910891 3.9094503 3.907983 3.9064885 3.9049662 3.9034156 3.9018361 3.9002271 3.898588 3.8969181 3.895217 3.8934839 3.8917183 3.8899194 3.8880866 3.8862193 3.8843168 3.8823785 3.8804036 3.8783915 3.8763414 3.8742528 3.8721249 3.869957 3.8677484 3.8654985 3.8632065 3.8608718 3.8584937 3.8560716 3.8536046 3.8510923 3.8485339 3.8459289 3.8432766 3.8405764 3.8378278 3.8350301 3.832183 3.8292858 3.8263381 3.8233394 3.8202894 3.8171876 3.8140336 3.8108273 3.8075682 3.8042562 3.800891 3.7974725
3.9232266 3.9220222 3.9207962 3.9195482 3.9182778 3.9169845 3.9156679 3.9143274 3.9129625 3.9115729 3.9101579 3.9087171 3.9072499 3.9057558 3.9042342 3.9026846 3.9011065 3.8994992 3.8978622 3.8961949 3.8944968 3.8927671 3.8910053 3.8892107 3.8873828 3.8855209 3.8836244 3.8816927 3.879725 3.8777207 3.8756792 3.8735999 3.871482 3.8693249 3.867128 3.8648906 3.862612 3.8602917 3.8579289 3.855523 3.8530735 3.8505796 3.8480409 3.8454567 3.8428264 3.8401496 3.8374256 3.834654 3.8318343 3.8289659 3.8260486 3.8230819 3.8200654 3.8169987 3.8138817 3.810714 3.8074953 3.8042255 3.8009045 3.7975321
