Cobbity4/FInal/QGIS/Fowards.asc
NCOLS 499
NROWS 379
XLLCORNER 150.661
YLLCORNER -34.0271
CELLSIZE 1e-05
NODATA_VALUE -9999
[rows 260 to 285 of 379, columns 120 to 179 of 499]
4.6964278 4.4735839 4.242615 4.0582021 3.8639006 3.5783185 3.1624791 3.0096974 3.4032147 3.8197859 4.1203185 4.3696793 4.6240282 4.9253957 5.2968209 5.6586122 5.7452496 5.5229849 5.2803947 5.1272711 5.0510259 5.0330499 5.0579705 5.1019481 5.1338883 5.1401532 5.128767 5.1153423 5.1203667 5.1591837 5.2343009 5.3343498 5.4307404 5.4651218 5.3818074 5.2107127 5.0293058 4.8836422 4.7858601 4.7307722 4.7009781 4.677363 4.6551416 4.6384339 4.6313165 4.6370225 4.6580773 4.6925756 4.7239352 4.7185175 4.6600629 4.5701433 4.4722209 4.3734344 4.2761211 4.1931389 4.1528312 4.1753906 4.2549231 4.3804198
4.7318217 4.4703186 4.2094691 4.0155911 3.835565 3.6080638 3.3206375 3.2281916 3.5048708 3.8431605 4.1215409 4.3732469 4.6494243 5.0149627 5.5602298 6.24458 6.3882668 5.8225391 5.3523969 5.1173529 5.0230033 5.0155564 5.0725509 5.1597849 5.1923748 5.1402879 5.0815532 5.0554156 5.0660992 5.1139533 5.190613 5.2652101 5.2922368 5.253414 5.158616 5.0271227 4.8880087 4.7693354 4.6895975 4.6497387 4.6317759 4.6179971 4.6032981 4.5899313 4.581123 4.578924 4.5834494 4.5911387 4.5923803 4.5737226 4.5279662 4.4590364 4.3729018 4.2688473 4.1417913 4.0052021 3.936775 4.0163561 4.1849505 4.3721865
4.4596187 4.302047 4.1103853 3.9478806 3.8086102 3.6795685 3.5721077 3.5637558 3.7041193 3.9165852 4.1388445 4.368926 4.6360571 4.9993654 5.5585506 6.2882929 6.4432999 5.8250715 5.3201452 5.0741351 4.9842908 4.9975594 5.1087653 5.301873 5.372376 5.2094946 5.0682651 5.0150885 5.0281158 5.1001406 5.2311765 5.3753537 5.3883082 5.2435198 5.0698074 4.9106428 4.7631048 4.6332115 4.5498124 4.5331875 4.5462667 4.5527666 4.5485896 4.5395246 4.5302669 4.5228964 4.5170529 4.5099028 4.4961654 4.469595 4.4259741 4.3640491 4.2815968 4.1681358 3.9979268 3.7532044 3.5854721 3.7544296 4.0653629 4.3394712
4.201569 4.1080672 3.9759312 3.8401831 3.7225182 3.6464006 3.6303175 3.6809685 3.7966572 3.9583144 4.1440328 4.3477027 4.5801731 4.8685646 5.2462304 5.6458736 5.7372454 5.4521147 5.1542048 4.983983 4.9235532 4.9535118 5.0839189 5.3093145 5.3929054 5.1975673 5.0313348 4.9708552 4.991059 5.0933468 5.3130982 5.6303134 5.667596 5.3331908 5.0366769 4.8296851 4.6561745 4.4878676 4.3739483 4.3987714 4.4631278 4.4926661 4.4972147 4.4914486 4.4824996 4.4725855 4.4610325 4.4455114 4.422878 4.38989 4.3439518 4.283059 4.2034285 4.0929946 3.9194549 3.6429619 3.4286015 3.6382768 4.012132 4.3275286
4.0303638 3.9523022 3.8348056 3.6868296 3.5335467 3.4445268 3.4853696 3.618137 3.7795807 3.9501114 4.1282216 4.3152622 4.5127314 4.7200551 4.9303858 5.1064567 5.1618509 5.0784731 4.955661 4.8708747 4.8439474 4.8756006 4.9672029 5.0941394 5.1374805 5.0448712 4.9471175 4.9101601 4.9387348 5.0461563 5.2745957 5.6070239 5.6453823 5.288445 4.9729384 4.7598296 4.5859209 4.4080215 4.2786428 4.32812 4.4128824 4.4470921 4.4529784 4.4486573 4.4413298 4.4321035 4.4186727 4.3978598 4.3675696 4.326727 4.2744248 4.2098125 4.1320463 4.0382384 3.9180929 3.7645689 3.6712209 3.806223 4.0772113 4.3561456
3.9172327 3.8349256 3.704306 3.5041828 3.2288652 3.0274628 3.1527969 3.4465146 3.7028024 3.9111509 4.0998151 4.2857382 4.4719524 4.6440221 4.7733147 4.845957 4.8663066 4.8402669 4.7949076 4.7630862 4.7610865 4.7896165 4.8402778 4.8931286 4.9116902 4.8838701 4.8477491 4.8385052 4.8699076 4.9511383 5.091685 5.2490729 5.2531518 5.0655454 4.8559682 4.6906495 4.5553812 4.4331853 4.3535393 4.3646212 4.4004264 4.4149187 4.4154335 4.412528 4.4108683 4.4087708 4.3986166 4.3729455 4.3313674 4.2773224 4.2122102 4.1355906 4.0491102 3.9610706 3.8871802 3.8447186 3.8602315 3.9707585 4.1655924 4.4030299
3.844213 3.7513684 3.6064703 3.3636966 2.9587923 2.5911945 2.8257357 3.294101 3.6302865 3.8684524 4.069152 4.2659742 4.4750849 4.6858178 4.8224397 4.8153772 4.7542571 4.7077934 4.6803158 4.6747379 4.6940563 4.7316422 4.7684656 4.7868829 4.785385 4.7721381 4.7620455 4.7699392 4.8020542 4.8558135 4.9205573 4.9678506 4.9491788 4.8546193 4.7321308 4.6204017 4.5290588 4.4572795 4.41076 4.3939061 4.3899406 4.3851796 4.3807986 4.3829656 4.3965283 4.4172396 4.4217873 4.3863386 4.3199277 4.2413361 4.1543061 4.0534256 3.9349712 3.810443 3.7223296 3.7260393 3.8276971 3.9940391 4.2040165 4.4462424
3.7998046 3.6925369 3.550654 3.3390345 3.0151633 2.7413287 2.9201624 3.3053824 3.6095815 3.8380549 4.0372585 4.2428339 4.4877627 4.7909375 5.0200296 4.9186871 4.7260059 4.6267584 4.5946504 4.605791 4.6553277 4.7349369 4.7987458 4.7877551 4.7381146 4.7040505 4.6968067 4.7165209 4.7593094 4.8103689 4.8438121 4.8397818 4.7955222 4.720083 4.6324921 4.552214 4.4895287 4.4439111 4.4098488 4.3842936 4.3647062 4.3500714 4.3442803 4.3564458 4.3998738 4.4769346 4.5247807 4.4586864 4.3347443 4.2156105 4.0994534 3.9643215 3.7855128 3.5535662 3.3435543 3.3487525 3.594246 3.9007001 4.1939941 4.4874413
3.7585579 3.635049 3.5055402 3.36303 3.2106468 3.1201837 3.2062121 3.4118967 3.6243248 3.8149581 3.9963867 4.1917497 4.4314241 4.7331852 4.9616179 4.8614641 4.6551058 4.544771 4.5152975 4.543566 4.6338013 4.7999207 4.9581557 4.8916063 4.7376162 4.6579311 4.6452874 4.6822782 4.7617621 4.8605491 4.9087828 4.8549404 4.7501806 4.6474379 4.5600319 4.4924652 4.4487398 4.4211797 4.3916296 4.3585891 4.3289449 4.3071935 4.2999012 4.3209659 4.3971523 4.553559 4.674732 4.5491267 4.3456689 4.1863684 4.0467497 3.8823428 3.6375021 3.242898 2.7676122 2.7408301 3.2541167 3.7691103 4.1712499 4.5362505
3.6846879 3.5490647 3.4179835 3.3109806 3.2525333 3.2588318 3.3379684 3.4727416 3.6282462 3.784484 3.9408315 4.1072818 4.2960959 4.4988963 4.6334922 4.6066376 4.5053653 4.438527 4.4255486 4.4662778 4.5778201 4.7899593 5.0035218 4.9087249 4.7017447 4.6014735 4.5925017 4.6567351 4.8060297 5.0398998 5.1801449 5.0139868 4.7729985 4.6083112 4.5061933 4.447834 4.4305982 4.4256494 4.3845787 4.3311255 4.2866737 4.2547897 4.240548 4.2579653 4.3343105 4.4903776 4.6064039 4.4872744 4.2911787 4.1344931 3.9950836 3.8278899 3.5694731 3.1207354 2.5200992 2.475226 3.1199534 3.7247072 4.1778801 4.5897815
3.5726631 3.4177136 3.2446015 3.1038765 3.0772801 3.169321 3.309561 3.4574055 3.6017245 3.7396973 3.8733034 4.0072082 4.1433355 4.2696789 4.3521742 4.36629 4.3398627 4.3170102 4.3196232 4.358563 4.4489699 4.5985677 4.7277485 4.6902913 4.5751914 4.5128671 4.5221567 4.6099393 4.8161946 5.1877965 5.4492317 5.1488456 4.7767015 4.5652798 4.4568359 4.4135157 4.4284993 4.440346 4.3738058 4.2957345 4.2352964 4.1900868 4.1608109 4.1571444 4.196194 4.2790819 4.3347033 4.2815903 4.1706719 4.0582743 3.9430984 3.8028646 3.6036295 3.303181 2.9650317 2.9574129 3.3609817 3.8218332 4.2275131 4.6294376
3.4474724 3.2544436 2.977652 2.6883752 2.6595437 2.9177925 3.1904916 3.3953871 3.5532254 3.6847375 3.8012253 3.9088064 4.0089052 4.0957358 4.1572866 4.1868763 4.1935472 4.1940344 4.2011107 4.2239657 4.2726651 4.349262 4.4190117 4.4328535 4.4092214 4.3977827 4.4254778 4.5128374 4.6940469 4.9820955 5.1594483 4.9547987 4.66757 4.4874423 4.3947215 4.3616995 4.3717477 4.3703276 4.3115889 4.236508 4.1698184 4.111214 4.0590372 4.0187648 4.006519 4.0340686 4.0727069 4.0756102 4.0372935 3.9727593 3.8874279 3.7801218 3.6520411 3.5138229 3.4115638 3.4511997 3.6678401 3.9711184 4.2966758 4.6462362
3.3386862 3.1157842 2.7349461 2.2318883 2.1841535 2.6672286 3.0761354 3.3311245 3.5014489 3.6286313 3.7315989 3.8194874 3.8966625 3.9631457 4.0153122 4.0501968 4.0694848 4.077879 4.0789939 4.075568 4.0778147 4.1082696 4.1680366 4.2208562 4.250472 4.2721453 4.3062849 4.3711547 4.4818697 4.6229887 4.6966953 4.6222563 4.4857991 4.3768674 4.3116119 4.2822093 4.2739288 4.2587979 4.2168519 4.1573663 4.0918979 4.0210774 3.9393776 3.8444333 3.7627543 3.7605161 3.8359343 3.9022716 3.919284 3.8906893 3.8243496 3.7273586 3.6206556 3.550771 3.5613388 3.6619161 3.8453017 4.0885085 4.365687 4.6644768
3.2600948 3.0564581 2.7276182 2.3130834 2.2753208 2.6835351 3.0544336 3.297203 3.4604957 3.5788105 3.6691501 3.7410135 3.8017659 3.8560574 3.9033788 3.9402671 3.9642904 3.9739568 3.9651479 3.929546 3.8733933 3.8662994 3.9529353 4.0505658 4.1129029 4.1491455 4.1767763 4.2105116 4.2616757 4.3259978 4.3689053 4.3590912 4.3115055 4.258676 4.2182152 4.1937587 4.1792975 4.1606005 4.125939 4.0746481 4.009917 3.9292493 3.8191808 3.6569077 3.4680446 3.4449994 3.6171612 3.7635532 3.8253853 3.8202333 3.7577117 3.6351885 3.4661657 3.3548509 3.4423045 3.6610109 3.9068975 4.1658837 4.4424138 4.7309156
3.1920064 3.0340797 2.8477176 2.6788968 2.677764 2.8720631 3.10274 3.2902808 3.4317848 3.5381139 3.6170704 3.6747389 3.7208437 3.7657891 3.8104241 3.8485318 3.8748661 3.8854685 3.8724201 3.8167041 3.7057889 3.6621419 3.7939493 3.9274418 4.002876 4.0382178 4.0487554 4.0455471 4.0491395 4.08406 4.1368899 4.1698157 4.1722216 4.1568281 4.1382014 4.1246482 4.1124451 4.0894902 4.0508754 3.9975764 3.9305842 3.8461114 3.7284269 3.54281 3.2975885 3.2650239 3.4967311 3.6797417 3.7617156 3.7689704 3.705359 3.5450061 3.2577651 3.0101386 3.1888969 3.5814838 3.9251942 4.2313661 4.5456367 4.8878558
3.0914815 2.9436826 2.837251 2.8033102 2.8549169 2.9815599 3.1380514 3.2847693 3.4075366 3.5054682 3.5789409 3.6267864 3.6573875 3.6915993 3.7331005 3.7709637 3.7979501 3.8106624 3.8040543 3.7648868 3.6827179 3.6496886 3.7523836 3.8595063 3.9211005 3.9444156 3.9321464 3.8825017 3.8283132 3.856961 3.952901 4.0292701 4.0671749 4.0827911 4.0953072 4.1101665 4.0954056 4.0476285 3.9896852 3.9251703 3.8523696 3.7692813 3.6702472 3.5426554 3.4033182 3.3879939 3.5241127 3.6550585 3.7270881 3.7409656 3.6889523 3.5385586 3.253221 3.0015176 3.1878421 3.6047437 3.9745142 4.3086762 4.6743123 5.1333781
2.9169544 2.6924519 2.5714634 2.6304091 2.7917444 2.9667545 3.1264418 3.2638224 3.3790831 3.4759685 3.5561342 3.6104253 3.6282008 3.6421563 3.6728773 3.7054578 3.7295451 3.742178 3.7435934 3.7343087 3.7174146 3.7195746 3.7645312 3.8200313 3.8579196 3.8687643 3.8410419 3.7530579 3.633012 3.6673713 3.8195177 3.9275799 3.9861351 4.0243227 4.0673433 4.1107876 4.0855365 4.0078147 3.9282523 3.8491656 3.7655397 3.6783954 3.5957638 3.5285498 3.4890079 3.5013616 3.5689502 3.6496644 3.7088351 3.7320016 3.7081554 3.621238 3.4723357 3.3701025 3.4891969 3.7679673 4.0729222 4.3929209 4.7854535 5.3525171
2.6641293 2.2212638 1.9569877 2.1821764 2.5780117 2.8780179 3.0811935 3.2266987 3.340002 3.437647 3.5301841 3.6091971 3.6306852 3.6170149 3.6266528 3.6483412 3.6654651 3.6719867 3.6703112 3.6704473 3.6820917 3.7063499 3.7404249 3.7758474 3.8013526 3.8082153 3.785404 3.7146098 3.6174954 3.6451303 3.7695758 3.8618492 3.9173735 3.9581823 3.9990702 4.028173 4.004054 3.9343604 3.8516241 3.7612267 3.6588738 3.5468843 3.4454692 3.391838 3.4056784 3.4669409 3.5481273 3.6287077 3.6930426 3.7321075 3.7411534 3.7191979 3.6808881 3.6772765 3.7678533 3.9485593 4.1813502 4.4600188 4.8233139 5.3609406
2.4496507 1.742116 1.2458398 1.7113747 2.380174 2.7949705 3.0324276 3.1806863 3.2861114 3.3753358 3.4643382 3.546442 3.5804657 3.5736767 3.5777084 3.592941 3.6029253 3.5969562 3.5744396 3.556485 3.5772004 3.6295259 3.681598 3.7207321 3.7449857 3.7540048 3.7466501 3.7215887 3.6943658 3.7097371 3.7636366 3.8147702 3.8524558 3.8818211 3.9056532 3.9146721 3.8925127 3.8383447 3.761421 3.6618516 3.5302885 3.3584014 3.1698698 3.0674821 3.1428649 3.3121822 3.4688461 3.5881038 3.6744189 3.7335648 3.7703594 3.7915008 3.8107185 3.8521345 3.9400492 4.0815819 4.2701935 4.5036481 4.7953472 5.1771981
2.4597452 1.8418717 1.4296475 1.8133276 2.4015972 2.7847404 3.003389 3.1320417 3.2149557 3.2807666 3.3487186 3.4179236 3.4662148 3.4916916 3.5140257 3.5351356 3.5433807 3.5237675 3.4631627 3.392389 3.4216095 3.5279194 3.6128668 3.6624058 3.6871578 3.6960173 3.6965096 3.6953356 3.6987507 3.7134465 3.7382889 3.7640932 3.7854894 3.8020509 3.8124988 3.8108282 3.7889788 3.7428062 3.6702346 3.563006 3.3990929 3.13878 2.7680188 2.5140954 2.7183901 3.0954437 3.3700147 3.5434972 3.6571213 3.7353066 3.7915401 3.8364768 3.8826138 3.9452005 4.0385972 4.1709816 4.3430346 4.5496987 4.7803153 5.0176423
2.6401205 2.3142576 2.1328546 2.2896945 2.5937443 2.8389599 2.9936609 3.0801844 3.1222587 3.1452524 3.1799976 3.2433975 3.3191787 3.3860324 3.4391263 3.4768416 3.4923872 3.4709761 3.3872948 3.2658842 3.3042065 3.4561767 3.5590734 3.6099125 3.6285155 3.6280221 3.6219549 3.6248731 3.6414157 3.6643409 3.6859399 3.7023934 3.7134144 3.7206336 3.7238404 3.7186155 3.6982874 3.656944 3.5884944 3.4809441 3.3054103 2.9985356 2.4911125 2.0857717 2.4158496 2.9584687 3.3096022 3.517121 3.649559 3.7411252 3.8081998 3.8625478 3.9184543 3.9915562 4.0942973 4.2349159 4.4173846 4.6370846 4.8687562 5.0557864
2.804267 2.6570304 2.5863246 2.642084 2.7735068 2.9011702 2.9867721 3.0204849 3.0018363 2.9479537 2.9228664 2.9977981 3.1377799 3.2671063 3.3610664 3.422179 3.45305 3.4487966 3.3977733 3.3251538 3.3520151 3.4552689 3.5315375 3.5673404 3.5703906 3.5471636 3.5147897 3.5101155 3.5460501 3.5902816 3.6198809 3.6328865 3.6353356 3.6353459 3.6365815 3.6338329 3.617915 3.5815175 3.5188806 3.4213736 3.2697662 3.0244032 2.658606 2.3962181 2.6159567 3.0212209 3.322679 3.5203072 3.6562535 3.7549759 3.8260166 3.8769692 3.9292921 4.0074886 4.1231877 4.2842672 4.5027184 4.7901721 5.1301242 5.4129916
2.8794044 2.8128674 2.787949 2.8147368 2.8753443 2.9370008 2.9715665 2.9558371 2.8627945 2.6795636 2.5295904 2.6533678 2.9298909 3.1499679 3.2899965 3.3753539 3.4233814 3.4415642 3.434489 3.4204447 3.436212 3.4798933 3.5180485 3.5331768 3.5169055 3.4596823 3.372261 3.3476613 3.4299994 3.5131248 3.554146 3.561269 3.5500064 3.541035 3.5463161 3.5536984 3.5457005 3.5141185 3.4563933 3.3712229 3.2568533 3.1111979 2.9499874 2.8655781 2.9652742 3.1755445 3.3791574 3.5426831 3.6720633 3.7753941 3.8487007 3.8844769 3.9207001 4.0027008 4.1340233 4.3197263 4.5856733 4.9817336 5.5540749 6.1517217
2.8595076 2.8348394 2.8406792 2.8700175 2.9099497 2.9430021 2.9495099 2.903634 2.7600433 2.4613145 2.1638763 2.3580301 2.7781985 3.0683629 3.2388394 3.3411248 3.4029692 3.4373788 3.4524068 3.4586917 3.469716 3.488447 3.5047345 3.5060009 3.4783581 3.4001837 3.2653073 3.2199878 3.3495198 3.4585305 3.5004796 3.4936929 3.4567494 3.4316806 3.4518518 3.479988 3.4818472 3.4521961 3.3931061 3.3085615 3.2095019 3.11884 3.0648926 3.0713713 3.1509285 3.2831522 3.4287804 3.5641777 3.6842835 3.7894733 3.8667613 3.8878748 3.9075552 3.9941384 4.1369972 4.3374303 4.6308199 5.0993117 5.8684742 6.8150234
2.7333629 2.7477862 2.7966239 2.8523104 2.8989169 2.9265804 2.9250395 2.8777569 2.7526496 2.5140768 2.2950054 2.4473824 2.7904122 3.0494964 3.2140989 3.3212287 3.3944695 3.4435164 3.4670138 3.470383 3.4732953 3.4815955 3.4886181 3.4852433 3.4608224 3.4012501 3.3096362 3.2815265 3.3643705 3.4389653 3.4636383 3.4407467 3.3748571 3.3283149 3.3732086 3.4227065 3.4286692 3.3947617 3.3246583 3.2188013 3.087819 2.9789124 2.9659119 3.0528785 3.1815532 3.3184436 3.4510692 3.5731346 3.6832652 3.7813822 3.8563314 3.8856457 3.9138085 4.0009886 4.1425586 4.3379685 4.6143012 5.0366715 5.6952628 6.4556213
2.455489 2.5437533 2.6777032 2.7882892 2.8596827 2.8942518 2.8949289 2.8619222 2.792383 2.6919115 2.6284331 2.7115145 2.895452 3.0709979 3.2058993 3.3083569 3.3927621 3.4653317 3.4994112 3.4812641 3.4668486 3.4671751 3.4702838 3.4675775 3.4533787 3.424582 3.3896565 3.380038 3.4064247 3.4341004 3.4393154 3.4142124 3.3572096 3.3177488 3.354503 3.3906135 3.3861522 3.3422838 3.2554006 3.110163 2.8904086 2.6606825 2.6550369 2.8865915 3.1257756 3.3086637 3.4522642 3.5711121 3.6717944 3.7573097 3.8260301 3.8750688 3.9278984 4.0182481 4.1534073 4.3325488 4.5627443 4.8624881 5.2408843 5.5855879
