Cobbity4/FInal/QGIS/Foward.asc
NCOLS 600
NROWS 379
XLLCORNER 150.66
YLLCORNER -34.0282
CELLSIZE 1e-05
NODATA_VALUE -9999
[rows 260 to 285 of 379, columns 0 to 59 of 600]
3.943204 3.9428916 3.9425759 3.9422569 3.9419345 3.9416087 3.9412794 3.9409465 3.9406102 3.9402702 3.9399265 3.9395792 3.939228 3.9388731 3.9385144 3.9381517 3.937785 3.9374144 3.9370397 3.9366609 3.9362779 3.9358906 3.9354991 3.9351032 3.934703 3.9342982 3.933889 3.9334751 3.9330566 3.9326334 3.9322054 3.9317725 3.9313348 3.930892 3.9304442 3.9299913 3.9295332 3.9290698 3.9286011 3.928127 3.9276474 3.9271622 3.9266714 3.9261748 3.9256725 3.9251642 3.92465 3.9241297 3.9236033 3.9230706 3.9225316 3.9219862 3.9214342 3.9208757 3.9203105 3.9197384 3.9191595 3.9185736 3.9179806 3.9173803
3.942898 3.9425841 3.9422669 3.9419464 3.9416225 3.9412951 3.9409643 3.9406299 3.940292 3.9399505 3.9396053 3.9392564 3.9389037 3.9385472 3.9381869 3.9378226 3.9374544 3.9370822 3.9367059 3.9363255 3.9359409 3.9355521 3.935159 3.9347616 3.9343597 3.9339534 3.9335425 3.933127 3.9327069 3.9322821 3.9318525 3.9314181 3.9309787 3.9305344 3.930085 3.9296305 3.9291708 3.9287059 3.9282356 3.9277599 3.9272787 3.926792 3.9262996 3.9258014 3.9252975 3.9247877 3.924272 3.9237502 3.9232222 3.922688 3.9221475 3.9216006 3.9210472 3.9204872 3.9199205 3.919347 3.9187667 3.9181794 3.9175849 3.9169833
3.9425945 3.9422792 3.9419605 3.9416385 3.9413131 3.9409843 3.9406519 3.9403161 3.9399766 3.9396336 3.9392869 3.9389365 3.9385823 3.9382243 3.9378624 3.9374967 3.9371269 3.9367532 3.9363754 3.9359934 3.9356073 3.935217 3.9348223 3.9344233 3.9340199 3.933612 3.9331996 3.9327826 3.932361 3.9319346 3.9315035 3.9310675 3.9306266 3.9301808 3.9297298 3.9292738 3.9288126 3.9283461 3.9278743 3.9273971 3.9269144 3.9264261 3.9259323 3.9254326 3.9249273 3.924416 3.9238987 3.9233755 3.9228461 3.9223105 3.9217685 3.9212202 3.9206654 3.920104 3.919536 3.9189611 3.9183794 3.9177908 3.9171951 3.9165922
3.9422936 3.9419768 3.9416567 3.9413332 3.9410064 3.9406761 3.9403423 3.940005 3.9396641 3.9393196 3.9389714 3.9386195 3.9382639 3.9379044 3.9375411 3.9371738 3.9368026 3.9364273 3.936048 3.9356646 3.935277 3.9348851 3.934489 3.9340885 3.9336836 3.9332742 3.9328603 3.9324419 3.9320187 3.9315909 3.9311583 3.9307208 3.9302784 3.9298311 3.9293787 3.9289212 3.9284585 3.9279905 3.9275173 3.9270386 3.9265545 3.9260648 3.9255695 3.9250684 3.9245616 3.924049 3.9235303 3.9230057 3.9224749 3.9219379 3.9213946 3.920845 3.9202889 3.9197262 3.9191568 3.9185807 3.9179978 3.9174079 3.9168109 3.9162068
3.9419952 3.941677 3.9413555 3.9410306 3.9407023 3.9403706 3.9400354 3.9396967 3.9393544 3.9390084 3.9386588 3.9383055 3.9379484 3.9375875 3.9372227 3.936854 3.9364814 3.9361047 3.9357239 3.935339 3.93495 3.9345567 3.9341591 3.9337572 3.9333508 3.93294 3.9325247 3.9321047 3.9316802 3.9312509 3.9308168 3.9303779 3.9299341 3.9294854 3.9290316 3.9285726 3.9281085 3.9276392 3.9271645 3.9266845 3.926199 3.9257079 3.9252112 3.9247088 3.9242007 3.9236867 3.9231667 3.9226407 3.9221086 3.9215704 3.9210258 3.9204749 3.9199175 3.9193536 3.9187831 3.9182058 3.9176217 3.9170306 3.9164325 3.9158273
3.9416993 3.9413797 3.9410568 3.9407306 3.9404009 3.9400678 3.9397312 3.9393911 3.9390474 3.9387001 3.9383491 3.9379944 3.9376359 3.9372736 3.9369074 3.9365373 3.9361633 3.9357852 3.935403 3.9350168 3.9346263 3.9342316 3.9338326 3.9334293 3.9330215 3.9326093 3.9321926 3.9317713 3.9313453 3.9309147 3.9304792 3.9300389 3.9295938 3.9291436 3.9286885 3.9282282 3.9277627 3.9272921 3.9268161 3.9263347 3.9258478 3.9253555 3.9248575 3.9243538 3.9238444 3.9233291 3.9228079 3.9222806 3.9217473 3.9212078 3.9206621 3.92011 3.9195515 3.9189864 3.9184147 3.9178363 3.9172511 3.916659 3.9160598 3.9154536
3.9414059 3.941085 3.9407608 3.9404332 3.9401022 3.9397678 3.9394298 3.9390884 3.9387433 3.9383947 3.9380423 3.9376862 3.9373264 3.9369627 3.9365952 3.9362237 3.9358483 3.9354689 3.9350854 3.9346977 3.9343059 3.9339099 3.9335095 3.9331048 3.9326958 3.9322822 3.9318641 3.9314415 3.9310142 3.9305822 3.9301454 3.9297038 3.9292573 3.9288059 3.9283494 3.9278878 3.9274211 3.9269491 3.9264719 3.9259892 3.9255011 3.9250075 3.9245082 3.9240033 3.9234927 3.9229762 3.9224538 3.9219254 3.9213909 3.9208503 3.9203034 3.9197502 3.9191906 3.9186244 3.9180517 3.9174723 3.916886 3.9162929 3.9156928 3.9150857
3.9411151 3.9407929 3.9404674 3.9401385 3.9398062 3.9394704 3.9391312 3.9387884 3.9384421 3.9380921 3.9377384 3.937381 3.9370198 3.9366549 3.936286 3.9359133 3.9355365 3.9351558 3.9347709 3.934382 3.9339889 3.9335915 3.9331899 3.9327839 3.9323735 3.9319586 3.9315393 3.9311153 3.9306868 3.9302535 3.9298154 3.9293726 3.9289248 3.9284721 3.9280144 3.9275516 3.9270836 3.9266104 3.9261319 3.925648 3.9251588 3.9246639 3.9241635 3.9236575 3.9231457 3.9226281 3.9221045 3.921575 3.9210395 3.9204978 3.9199498 3.9193956 3.9188349 3.9182678 3.9176941 3.9171137 3.9165265 3.9159325 3.9153315 3.9147235
3.9408268 3.9405034 3.9401766 3.9398464 3.9395128 3.9391758 3.9388353 3.9384913 3.9381436 3.9377923 3.9374374 3.9370787 3.9367163 3.93635 3.9359799 3.9356059 3.9352279 3.9348459 3.9344598 3.9340696 3.9336752 3.9332765 3.9328736 3.9324664 3.9320547 3.9316386 3.931218 3.9307929 3.930363 3.9299285 3.9294893 3.9290452 3.9285962 3.9281423 3.9276834 3.9272194 3.9267502 3.9262759 3.9257962 3.9253112 3.9248208 3.9243249 3.9238233 3.9233162 3.9228033 3.9222846 3.92176 3.9212295 3.9206929 3.9201502 3.9196013 3.9190461 3.9184845 3.9179164 3.9173418 3.9167605 3.9161725 3.9155777 3.9149759 3.9143671
3.9405411 3.9402164 3.9398884 3.939557 3.9392222 3.9388839 3.9385422 3.9381969 3.937848 3.9374955 3.9371393 3.9367794 3.9364158 3.9360483 3.9356769 3.9353016 3.9349224 3.9345391 3.9341518 3.9337604 3.9333648 3.9329649 3.9325608 3.9321524 3.9317395 3.9313222 3.9309004 3.930474 3.930043 3.9296073 3.9291669 3.9287217 3.9282715 3.9278165 3.9273564 3.9268913 3.926421 3.9259456 3.9254648 3.9249787 3.9244872 3.9239902 3.9234877 3.9229795 3.9224656 3.9219459 3.9214203 3.9208888 3.9203513 3.9198076 3.9192578 3.9187017 3.9181392 3.9175703 3.9169948 3.9164128 3.915824 3.9152284 3.9146259 3.9140164
3.940258 3.9399321 3.9396029 3.9392703 3.9389343 3.9385948 3.9382518 3.9379053 3.9375553 3.9372016 3.9368442 3.9364831 3.9361182 3.9357495 3.935377 3.9350005 3.9346201 3.9342356 3.9338471 3.9334545 3.9330577 3.9326567 3.9322514 3.9318418 3.9314278 3.9310093 3.9305864 3.9301589 3.9297267 3.9292899 3.9288484 3.928402 3.9279508 3.9274946 3.9270335 3.9265673 3.926096 3.9256194 3.9251376 3.9246505 3.924158 3.92366 3.9231565 3.9226473 3.9221324 3.9216118 3.9210853 3.9205529 3.9200145 3.91947 3.9189193 3.9183624 3.9177991 3.9172294 3.9166532 3.9160704 3.9154809 3.9148846 3.9142815 3.9136714
3.9399774 3.9396503 3.9393199 3.9389862 3.938649 3.9383084 3.9379643 3.9376166 3.9372654 3.9369105 3.9365519 3.9361897 3.9358236 3.9354538 3.9350801 3.9347025 3.9343209 3.9339353 3.9335457 3.9331519 3.932754 3.9323519 3.9319454 3.9315347 3.9311196 3.9307 3.930276 3.9298474 3.9294141 3.9289763 3.9285336 3.9280862 3.9276339 3.9271767 3.9267146 3.9262473 3.925775 3.9252975 3.9248147 3.9243266 3.9238331 3.9233342 3.9228297 3.9223197 3.9218039 3.9212824 3.9207551 3.9202218 3.9196826 3.9191373 3.9185858 3.9180281 3.9174641 3.9168937 3.9163168 3.9157334 3.9151433 3.9145464 3.9139427 3.9133321
3.9396994 3.9393712 3.9390397 3.9387048 3.9383665 3.9380247 3.9376795 3.9373307 3.9369783 3.9366223 3.9362626 3.9358992 3.9355321 3.9351611 3.9347863 3.9344076 3.9340249 3.9336382 3.9332475 3.9328526 3.9324536 3.9320504 3.9316429 3.9312311 3.9308149 3.9303943 3.9299692 3.9295395 3.9291053 3.9286663 3.9282227 3.9277743 3.927321 3.9268628 3.9263997 3.9259315 3.9254582 3.9249797 3.924496 3.924007 3.9235127 3.9230128 3.9225075 3.9219966 3.92148 3.9209577 3.9204295 3.9198955 3.9193555 3.9188095 3.9182573 3.917699 3.9171343 3.9165633 3.9159858 3.9154017 3.9148111 3.9142137 3.9136095 3.9129984
3.939424 3.9390947 3.938762 3.938426 3.9380866 3.9377438 3.9373974 3.9370475 3.9366941 3.936337 3.9359762 3.9356118 3.9352435 3.9348715 3.9344956 3.9341158 3.9337321 3.9333443 3.9329525 3.9325566 3.9321565 3.9317523 3.9313438 3.9309309 3.9305137 3.9300921 3.929666 3.9292353 3.9288001 3.9283602 3.9279156 3.9274662 3.927012 3.9265529 3.9260888 3.9256197 3.9251455 3.9246661 3.9241816 3.9236917 3.9231965 3.9226959 3.9221897 3.921678 3.9211607 3.9206376 3.9201087 3.919574 3.9190333 3.9184866 3.9179338 3.9173748 3.9168096 3.916238 3.91566 3.9150754 3.9144843 3.9138865 3.9132819 3.9126704
3.9391511 3.9388208 3.9384871 3.93815 3.9378095 3.9374656 3.9371182 3.9367673 3.9364127 3.9360546 3.9356928 3.9353273 3.934958 3.9345849 3.934208 3.9338271 3.9334424 3.9330536 3.9326608 3.9322639 3.9318628 3.9314576 3.931048 3.9306342 3.930216 3.9297934 3.9293664 3.9289348 3.9284986 3.9280578 3.9276122 3.927162 3.9267068 3.9262468 3.9257819 3.9253119 3.9248369 3.9243567 3.9238714 3.9233807 3.9228847 3.9223833 3.9218764 3.921364 3.9208459 3.9203222 3.9197926 3.9192572 3.9187159 3.9181687 3.9176153 3.9170557 3.91649 3.9159179 3.9153394 3.9147544 3.9141629 3.9135647 3.9129597 3.9123479
3.9388809 3.9385495 3.9382147 3.9378766 3.9375351 3.9371902 3.9368417 3.9364898 3.9361342 3.9357751 3.9354123 3.9350457 3.9346754 3.9343014 3.9339234 3.9335416 3.9331559 3.9327661 3.9323723 3.9319744 3.9315724 3.9311662 3.9307557 3.930341 3.9299219 3.9294984 3.9290704 3.9286379 3.9282008 3.9277591 3.9273127 3.9268616 3.9264056 3.9259448 3.925479 3.9250082 3.9245324 3.9240515 3.9235653 3.9230739 3.9225772 3.9220751 3.9215675 3.9210544 3.9205357 3.9200113 3.9194812 3.9189452 3.9184034 3.9178556 3.9173017 3.9167417 3.9161754 3.9156029 3.915024 3.9144387 3.9138468 3.9132483 3.9126431 3.9120311
3.9386132 3.9382808 3.937945 3.9376059 3.9372634 3.9369175 3.9365681 3.9362151 3.9358586 3.9354984 3.9351346 3.9347671 3.9343959 3.9340209 3.933642 3.9332592 3.9328725 3.9324818 3.9320871 3.9316883 3.9312853 3.9308782 3.9304669 3.9300512 3.9296312 3.9292068 3.928778 3.9283446 3.9279067 3.9274642 3.927017 3.926565 3.9261083 3.9256466 3.9251801 3.9247086 3.924232 3.9237504 3.9232635 3.9227714 3.9222741 3.9217713 3.9212631 3.9207494 3.9202301 3.9197051 3.9191745 3.918638 3.9180956 3.9175473 3.916993 3.9164326 3.915866 3.9152931 3.9147139 3.9141282 3.9135361 3.9129374 3.912332 3.9117198
3.9383481 3.9380147 3.937678 3.9373379 3.9369945 3.9366476 3.9362972 3.9359433 3.9355858 3.9352247 3.93486 3.9344915 3.9341194 3.9337434 3.9333636 3.9329799 3.9325923 3.9322007 3.9318051 3.9314054 3.9310016 3.9305936 3.9301814 3.9297649 3.929344 3.9289188 3.9284892 3.928055 3.9276163 3.927173 3.926725 3.9262723 3.9258148 3.9253524 3.9248852 3.924413 3.9239357 3.9234534 3.9229659 3.9224732 3.9219752 3.9214718 3.9209631 3.9204488 3.919929 3.9194035 3.9188724 3.9183354 3.9177926 3.9172439 3.9166892 3.9161284 3.9155615 3.9149883 3.9144089 3.913823 3.9132307 3.9126318 3.9120263 3.911414
3.9380856 3.9377512 3.9374136 3.9370726 3.9367282 3.9363804 3.9360291 3.9356743 3.9353159 3.9349539 3.9345882 3.9342189 3.9338458 3.933469 3.9330883 3.9327037 3.9323153 3.9319228 3.9315264 3.9311258 3.9307212 3.9303124 3.9298993 3.929482 3.9290604 3.9286344 3.9282039 3.927769 3.9273296 3.9268855 3.9264368 3.9259834 3.9255252 3.9250622 3.9245942 3.9241214 3.9236435 3.9231606 3.9226725 3.9221792 3.9216806 3.9211767 3.9206674 3.9201527 3.9196324 3.9191065 3.9185749 3.9180376 3.9174944 3.9169454 3.9163903 3.9158293 3.9152621 3.9146887 3.914109 3.913523 3.9129305 3.9123316 3.911726 3.9111137
3.9378257 3.9374904 3.9371519 3.93681 3.9364647 3.936116 3.9357638 3.9354081 3.9350488 3.9346859 3.9343194 3.9339492 3.9335753 3.9331976 3.9328161 3.9324307 3.9320414 3.9316481 3.9312508 3.9308495 3.9304441 3.9300345 3.9296206 3.9292026 3.9287802 3.9283535 3.9279223 3.9274867 3.9270465 3.9266017 3.9261524 3.9256983 3.9252394 3.9247758 3.9243073 3.9238338 3.9233553 3.9228718 3.9223832 3.9218894 3.9213903 3.920886 3.9203762 3.919861 3.9193403 3.918814 3.9182821 3.9177444 3.9172009 3.9166516 3.9160963 3.915535 3.9149676 3.9143941 3.9138143 3.9132282 3.9126356 3.9120366 3.9114311 3.9108189
3.9375683 3.9372322 3.9368928 3.93655 3.9362039 3.9358543 3.9355012 3.9351447 3.9347846 3.9344209 3.9340535 3.9336825 3.9333078 3.9329292 3.9325469 3.9321607 3.9317706 3.9313766 3.9309785 3.9305765 3.9301703 3.9297599 3.9293454 3.9289266 3.9285035 3.9280761 3.9276442 3.9272079 3.9267671 3.9263217 3.9258717 3.925417 3.9249575 3.9244933 3.9240242 3.9235502 3.9230712 3.9225872 3.9220981 3.9216038 3.9211043 3.9205995 3.9200893 3.9195738 3.9190527 3.9185261 3.9179938 3.9174559 3.9169121 3.9163626 3.9158071 3.9152457 3.9146781 3.9141045 3.9135246 3.9129385 3.912346 3.911747 3.9111415 3.9105294
3.9373136 3.9369766 3.9366364 3.9362928 3.9359458 3.9355954 3.9352415 3.9348841 3.9345232 3.9341587 3.9337906 3.9334187 3.9330432 3.9326639 3.9322808 3.9318939 3.9315031 3.9311083 3.9307095 3.9303067 3.9298998 3.9294887 3.9290735 3.928654 3.9282303 3.9278022 3.9273697 3.9269328 3.9264913 3.9260453 3.9255947 3.9251395 3.9246795 3.9242147 3.9237451 3.9232706 3.9227911 3.9223067 3.9218171 3.9213224 3.9208225 3.9203173 3.9198068 3.9192909 3.9187695 3.9182426 3.9177101 3.917172 3.9166281 3.9160783 3.9155227 3.9149612 3.9143936 3.9138199 3.9132401 3.9126539 3.9120615 3.9114627 3.9108573 3.9102454
3.9370614 3.9367236 3.9363826 3.9360382 3.9356904 3.9353392 3.9349845 3.9346264 3.9342647 3.9338994 3.9335305 3.9331579 3.9327817 3.9324016 3.9320178 3.9316302 3.9312386 3.9308431 3.9304436 3.9300401 3.9296326 3.9292209 3.928805 3.9283849 3.9279605 3.9275318 3.9270987 3.9266612 3.9262192 3.9257727 3.9253215 3.9248657 3.9244053 3.92394 3.9234699 3.922995 3.9225151 3.9220302 3.9215403 3.9210452 3.9205449 3.9200394 3.9195286 3.9190125 3.9184908 3.9179637 3.917431 3.9168927 3.9163486 3.9157988 3.9152431 3.9146816 3.914114 3.9135403 3.9129605 3.9123745 3.9117822 3.9111835 3.9105784 3.9099668
3.9368118 3.9364733 3.9361314 3.9357863 3.9354377 3.9350858 3.9347303 3.9343714 3.934009 3.933643 3.9332734 3.9329001 3.9325231 3.9321424 3.9317579 3.9313695 3.9309773 3.9305811 3.930181 3.9297769 3.9293687 3.9289564 3.9285399 3.9281192 3.9276942 3.9272649 3.9268313 3.9263933 3.9259507 3.9255037 3.9250521 3.9245958 3.9241348 3.9236692 3.9231987 3.9227233 3.922243 3.9217578 3.9212675 3.9207721 3.9202716 3.9197658 3.9192548 3.9187384 3.9182166 3.9176893 3.9171565 3.916618 3.9160739 3.915524 3.9149683 3.9144068 3.9138392 3.9132656 3.912686 3.9121001 3.911508 3.9109096 3.9103047 3.9096934
3.9365648 3.9362255 3.935883 3.935537 3.9351878 3.9348351 3.9344789 3.9341193 3.9337562 3.9333895 3.9330192 3.9326452 3.9322675 3.9318862 3.931501 3.931112 3.9307191 3.9303223 3.9299216 3.9295169 3.9291081 3.9286952 3.9282781 3.9278569 3.9274314 3.9270016 3.9265674 3.9261289 3.9256859 3.9252384 3.9247863 3.9243296 3.9238682 3.9234022 3.9229313 3.9224556 3.921975 3.9214894 3.9209989 3.9205032 3.9200024 3.9194965 3.9189852 3.9184687 3.9179467 3.9174193 3.9168864 3.9163479 3.9158038 3.9152539 3.9146982 3.9141367 3.9135693 3.9129959 3.9124164 3.9118308 3.9112389 3.9106408 3.9100363 3.9094254
3.9363204 3.9359804 3.9356371 3.9352905 3.9349405 3.9345871 3.9342303 3.93387 3.9335062 3.9331388 3.9327679 3.9323932 3.9320149 3.9316329 3.9312471 3.9308575 3.9304641 3.9300667 3.9296654 3.9292601 3.9288507 3.9284373 3.9280197 3.927598 3.927172 3.9267417 3.9263071 3.9258681 3.9254246 3.9249767 3.9245242 3.9240671 3.9236054 3.923139 3.9226678 3.9221918 3.9217109 3.9212251 3.9207343 3.9202384 3.9197375 3.9192313 3.9187199 3.9182033 3.9176812 3.9171538 3.9166208 3.9160823 3.9155382 3.9149884 3.9144329 3.9138715 3.9133043 3.912731 3.9121518 3.9115664 3.9109749 3.9103771 3.9097731 3.9091626
