Cobbity4/FInal/QGIS/Foward.asc
NCOLS 600
NROWS 379
XLLCORNER 150.66
YLLCORNER -34.0282
CELLSIZE 1e-05
NODATA_VALUE -9999
[rows 312 to 337 of 379, columns 420 to 479 of 600]
3.8662993 3.8671884 3.8680691 3.8689414 3.8698053 3.8706609 3.8715083 3.8723475 3.8731786 3.8740016 3.8748166 3.8756237 3.8764229 3.8772143 3.8779979 3.8787739 3.8795422 3.8803029 3.8810562 3.8818021 3.8825405 3.8832717 3.8839957 3.8847124 3.8854221 3.8861248 3.8868204 3.8875092 3.8881911 3.8888662 3.8895347 3.8901965 3.8908517 3.8915003 3.8921426 3.8927784 3.8934079 3.8940312 3.8946482 3.8952591 3.895864 3.8964628 3.8970557 3.8976427 3.8982239 3.8987993 3.899369 3.899933 3.9004915 3.9010444 3.9015919 3.902134 3.9026707 3.9032021 3.9037283 3.9042493 3.9047652 3.905276 3.9057819 3.9062827
3.8663303 3.8672137 3.8680887 3.8689554 3.869814 3.8706644 3.8715066 3.8723409 3.8731671 3.8739854 3.8747958 3.8755984 3.8763933 3.8771804 3.87796 3.8787319 3.8794964 3.8802533 3.8810029 3.8817452 3.8824802 3.8832081 3.8839287 3.8846424 3.885349 3.8860486 3.8867414 3.8874273 3.8881065 3.888779 3.8894449 3.8901042 3.890757 3.8914033 3.8920433 3.892677 3.8933044 3.8939256 3.8945407 3.8951497 3.8957527 3.8963497 3.8969409 3.8975262 3.8981058 3.8986797 3.8992479 3.8998105 3.9003676 3.9009192 3.9014654 3.9020062 3.9025418 3.9030721 3.9035972 3.9041171 3.904632 3.9051419 3.9056468 3.9061467
3.866367 3.8672445 3.8681138 3.868975 3.8698281 3.8706732 3.8715104 3.8723396 3.873161 3.8739745 3.8747803 3.8755784 3.8763689 3.8771518 3.8779272 3.8786951 3.8794557 3.8802088 3.8809547 3.8816934 3.8824249 3.8831494 3.8838667 3.8845771 3.8852806 3.8859773 3.8866671 3.8873502 3.8880266 3.8886964 3.8893597 3.8900165 3.8906669 3.8913108 3.8919485 3.89258 3.8932052 3.8938243 3.8944374 3.8950445 3.8956456 3.8962408 3.8968302 3.8974139 3.8979918 3.8985641 3.8991308 3.8996919 3.9002476 3.9007978 3.9013427 3.9018823 3.9024166 3.9029457 3.9034697 3.9039885 3.9045024 3.9050112 3.9055152 3.9060142
3.866409 3.8672807 3.8681443 3.8689999 3.8698476 3.8706874 3.8715194 3.8723436 3.8731601 3.8739689 3.8747701 3.8755637 3.8763497 3.8771284 3.8778996 3.8786634 3.87942 3.8801694 3.8809115 3.8816466 3.8823746 3.8830956 3.8838096 3.8845168 3.8852171 3.8859107 3.8865975 3.8872777 3.8879514 3.8886185 3.8892791 3.8899333 3.8905812 3.8912228 3.8918581 3.8924873 3.8931104 3.8937274 3.8943384 3.8949435 3.8955427 3.896136 3.8967237 3.8973056 3.8978818 3.8984525 3.8990176 3.8995772 3.9001314 3.9006802 3.9012238 3.901762 3.9022951 3.902823 3.9033458 3.9038635 3.9043763 3.9048841 3.9053871 3.9058852
3.8664564 3.8673222 3.8681801 3.8690302 3.8698724 3.8707069 3.8715337 3.8723529 3.8731645 3.8739685 3.874765 3.875554 3.8763357 3.87711 3.877877 3.8786368 3.8793894 3.8801348 3.8808732 3.8816046 3.882329 3.8830466 3.8837572 3.8844611 3.8851583 3.8858487 3.8865326 3.8872099 3.8878807 3.888545 3.889203 3.8898546 3.8905 3.8911391 3.8917721 3.892399 3.8930198 3.8936347 3.8942436 3.8948466 3.8954439 3.8960353 3.8966211 3.8972012 3.8977758 3.8983448 3.8989083 3.8994664 3.9000191 3.9005665 3.9011086 3.9016455 3.9021773 3.9027039 3.9032255 3.9037421 3.9042538 3.9047605 3.9052624 3.9057595
3.866509 3.8673689 3.8682211 3.8690656 3.8699024 3.8707316 3.8715532 3.8723673 3.8731739 3.8739731 3.8747649 3.8755494 3.8763266 3.8770965 3.8778593 3.878615 3.8793636 3.8801052 3.8808398 3.8815675 3.8822883 3.8830023 3.8837096 3.8844101 3.8851041 3.8857914 3.8864722 3.8871466 3.8878145 3.888476 3.8891313 3.8897803 3.8904231 3.8910598 3.8916903 3.8923149 3.8929335 3.8935461 3.8941529 3.8947539 3.8953491 3.8959387 3.8965226 3.8971009 3.8976737 3.898241 3.8988028 3.8993593 3.8999105 3.9004564 3.9009971 3.9015326 3.9020631 3.9025884 3.9031088 3.9036242 3.9041347 3.9046403 3.9051412 3.9056373
3.8665668 3.8674208 3.8682672 3.8691061 3.8699374 3.8707612 3.8715777 3.8723867 3.8731883 3.8739827 3.8747698 3.8755497 3.8763224 3.877088 3.8778466 3.8785981 3.8793426 3.8800803 3.8808111 3.881535 3.8822522 3.8829627 3.8836666 3.8843638 3.8850545 3.8857386 3.8864164 3.8870877 3.8877528 3.8884115 3.889064 3.8897103 3.8903505 3.8909847 3.8916128 3.892235 3.8928513 3.8934617 3.8940664 3.8946652 3.8952584 3.895846 3.896428 3.8970045 3.8975755 3.898141 3.8987012 3.8992561 3.8998057 3.9003501 3.9008893 3.9014234 3.9019525 3.9024765 3.9029956 3.9035098 3.9040191 3.9045236 3.9050233 3.9055184
3.8666295 3.8674776 3.8683183 3.8691515 3.8699774 3.8707959 3.8716071 3.872411 3.8732077 3.8739972 3.8747796 3.8755549 3.8763231 3.8770843 3.8778386 3.8785859 3.8793264 3.8800601 3.880787 3.8815073 3.8822208 3.8829277 3.8836281 3.884322 3.8850094 3.8856904 3.886365 3.8870333 3.8876954 3.8883513 3.889001 3.8896447 3.8902822 3.8909139 3.8915395 3.8921593 3.8927732 3.8933814 3.8939838 3.8945806 3.8951717 3.8957573 3.8963373 3.8969119 3.8974811 3.8980449 3.8986034 3.8991566 3.8997046 3.9002474 3.9007851 3.9013178 3.9018455 3.9023682 3.9028859 3.9033988 3.9039069 3.9044103 3.9049089 3.9054028
3.8666971 3.8675394 3.8683743 3.8692019 3.8700223 3.8708354 3.8716413 3.8724402 3.8732319 3.8740165 3.8747941 3.8755648 3.8763285 3.8770853 3.8778353 3.8785785 3.8793149 3.8800446 3.8807676 3.8814841 3.8821939 3.8828973 3.8835942 3.8842846 3.8849687 3.8856465 3.886318 3.8869833 3.8876424 3.8882954 3.8889423 3.8895832 3.8902182 3.8908472 3.8914703 3.8920877 3.8926993 3.8933051 3.8939053 3.8944999 3.895089 3.8956725 3.8962506 3.8968232 3.8973905 3.8979525 3.8985092 3.8990608 3.8996071 3.9001484 3.9006846 3.9012158 3.901742 3.9022633 3.9027797 3.9032913 3.9037982 3.9043003 3.9047977 3.9052905
3.8667696 3.8676059 3.8684351 3.869257 3.8700719 3.8708797 3.8716804 3.8724741 3.8732608 3.8740405 3.8748134 3.8755794 3.8763386 3.877091 3.8778366 3.8785756 3.8793079 3.8800336 3.8807528 3.8814654 3.8821716 3.8828713 3.8835647 3.8842517 3.8849325 3.885607 3.8862753 3.8869375 3.8875936 3.8882437 3.8888878 3.889526 3.8901582 3.8907846 3.8914052 3.8920201 3.8926293 3.8932328 3.8938308 3.8944232 3.8950101 3.8955916 3.8961676 3.8967383 3.8973037 3.8978639 3.8984188 3.8989686 3.8995133 3.900053 3.9005876 3.9011173 3.901642 3.9021619 3.902677 3.9031872 3.9036928 3.9041937 3.9046899 3.9051816
3.8668467 3.8676771 3.8685005 3.8693169 3.8701262 3.8709286 3.8717241 3.8725126 3.8732943 3.8740692 3.8748373 3.8755986 3.8763532 3.8771012 3.8778425 3.8785773 3.8793054 3.8800271 3.8807424 3.8814512 3.8821536 3.8828497 3.8835395 3.8842231 3.8849005 3.8855718 3.8862369 3.886896 3.8875491 3.8881962 3.8888375 3.8894728 3.8901024 3.8907261 3.8913442 3.8919566 3.8925633 3.8931645 3.8937602 3.8943503 3.8949351 3.8955144 3.8960884 3.8966572 3.8972207 3.8977789 3.8983321 3.8988801 3.8994231 3.8999611 3.9004941 3.9010223 3.9015455 3.9020639 3.9025776 3.9030865 3.9035908 3.9040904 3.9045854 3.9050758
3.8669284 3.8677529 3.8685705 3.8693813 3.8701851 3.8709821 3.8717723 3.8725557 3.8733324 3.8741024 3.8748657 3.8756223 3.8763724 3.8771159 3.8778529 3.8785834 3.8793074 3.880025 3.8807363 3.8814413 3.88214 3.8828324 3.8835187 3.8841988 3.8848728 3.8855408 3.8862027 3.8868587 3.8875087 3.8881529 3.8887912 3.8894237 3.8900505 3.8906716 3.8912871 3.891897 3.8925013 3.8931001 3.8936934 3.8942813 3.8948638 3.8954411 3.896013 3.8965797 3.8971413 3.8976977 3.898249 3.8987952 3.8993365 3.8998728 3.9004042 3.9009307 3.9014524 3.9019694 3.9024816 3.9029891 3.903492 3.9039903 3.9044841 3.9049733
3.8670146 3.8678332 3.8686451 3.8694501 3.8702485 3.8710401 3.871825 3.8726033 3.8733749 3.87414 3.8748985 3.8756505 3.876396 3.877135 3.8778676 3.8785938 3.8793137 3.8800273 3.8807346 3.8814357 3.8821306 3.8828194 3.8835021 3.8841787 3.8848493 3.8855139 3.8861726 3.8868254 3.8874724 3.8881136 3.888749 3.8893787 3.8900027 3.8906211 3.891234 3.8918413 3.8924431 3.8930395 3.8936304 3.8942161 3.8947964 3.8953714 3.8959413 3.896506 3.8970655 3.89762 3.8981694 3.8987139 3.8992534 3.8997879 3.9003177 3.9008426 3.9013628 3.9018782 3.902389 3.9028951 3.9033966 3.9038936 3.904386 3.904874
3.8671051 3.8679179 3.868724 3.8695234 3.8703162 3.8711025 3.8718821 3.8726552 3.8734219 3.874182 3.8749357 3.875683 3.8764239 3.8771584 3.8778866 3.8786086 3.8793243 3.8800338 3.8807372 3.8814344 3.8821255 3.8828106 3.8834896 3.8841627 3.8848299 3.8854912 3.8861466 3.8867963 3.8874401 3.8880783 3.8887107 3.8893376 3.8899588 3.8905745 3.8911847 3.8917894 3.8923887 3.8929826 3.8935712 3.8941546 3.8947326 3.8953055 3.8958732 3.8964358 3.8969934 3.8975459 3.8980934 3.898636 3.8991737 3.8997066 3.9002346 3.9007579 3.9012765 3.9017904 3.9022996 3.9028043 3.9033044 3.9038 3.9042911 3.9047779
3.8672 3.8680069 3.8688072 3.869601 3.8703883 3.8711691 3.8719435 3.8727115 3.8734731 3.8742283 3.8749771 3.8757197 3.876456 3.8771861 3.8779099 3.8786276 3.8793391 3.8800445 3.8807439 3.8814372 3.8821245 3.8828059 3.8834813 3.8841509 3.8848146 3.8854725 3.8861246 3.8867711 3.8874118 3.8880469 3.8886764 3.8893004 3.8899188 3.8905317 3.8911392 3.8917413 3.8923381 3.8929296 3.8935158 3.8940967 3.8946725 3.8952432 3.8958088 3.8963693 3.8969248 3.8974753 3.8980209 3.8985616 3.8990975 3.8996286 3.9001549 3.9006765 3.9011935 3.9017058 3.9022135 3.9027167 3.9032154 3.9037096 3.9041994 3.9046849
3.867299 3.8681 3.8688946 3.8696828 3.8704646 3.87124 3.8720091 3.8727719 3.8735285 3.8742787 3.8750228 3.8757606 3.8764923 3.8772179 3.8779373 3.8786507 3.879358 3.8800593 3.8807547 3.8814441 3.8821276 3.8828052 3.883477 3.884143 3.8848032 3.8854578 3.8861066 3.8867498 3.8873874 3.8880195 3.888646 3.889267 3.8898826 3.8904927 3.8910976 3.891697 3.8922912 3.8928802 3.893464 3.8940426 3.8946161 3.8951845 3.8957479 3.8963062 3.8968597 3.8974082 3.8979519 3.8984907 3.8990247 3.899554 3.9000786 3.9005985 3.9011138 3.9016245 3.9021307 3.9026324 3.9031296 3.9036224 3.9041109 3.9045949
3.8674022 3.8681973 3.8689861 3.8697686 3.8705449 3.871315 3.8720788 3.8728365 3.873588 3.8743333 3.8750725 3.8758057 3.8765327 3.8772538 3.8779688 3.8786779 3.879381 3.8800782 3.8807695 3.881455 3.8821346 3.8828085 3.8834767 3.8841391 3.8847958 3.885447 3.8860925 3.8867324 3.8873669 3.8879958 3.8886193 3.8892374 3.8898501 3.8904575 3.8910596 3.8916564 3.8922481 3.8928345 3.8934158 3.893992 3.8945632 3.8951293 3.8956905 3.8962467 3.8967981 3.8973446 3.8978862 3.8984231 3.8989553 3.8994828 3.9000056 3.9005238 3.9010374 3.9015465 3.9020511 3.9025513 3.903047 3.9035384 3.9040254 3.9045081
3.8675093 3.8682986 3.8690816 3.8698586 3.8706293 3.871394 3.8721526 3.8729051 3.8736515 3.8743919 3.8751263 3.8758547 3.8765772 3.8772937 3.8780043 3.878709 3.8794079 3.880101 3.8807883 3.8814698 3.8821456 3.8828157 3.8834802 3.884139 3.8847923 3.88544 3.8860822 3.8867189 3.8873501 3.887976 3.8885964 3.8892116 3.8898214 3.890426 3.8910253 3.8916195 3.8922085 3.8927924 3.8933712 3.893945 3.8945138 3.8950777 3.8956366 3.8961907 3.8967399 3.8972843 3.897824 3.8983589 3.8988892 3.8994148 3.8999358 3.9004523 3.9009642 3.9014717 3.9019747 3.9024733 3.9029675 3.9034574 3.903943 3.9044243
3.8676203 3.8684037 3.8691811 3.8699524 3.8707177 3.871477 3.8722303 3.8729776 3.873719 3.8744545 3.875184 3.8759077 3.8766255 3.8773375 3.8780437 3.8787441 3.8794388 3.8801277 3.880811 3.8814885 3.8821605 3.8828268 3.8834876 3.8841428 3.8847926 3.8854368 3.8860756 3.8867091 3.8873371 3.8879598 3.8885772 3.8891894 3.8897963 3.8903981 3.8909946 3.8915861 3.8921725 3.8927538 3.8933302 3.8939015 3.8944679 3.8950295 3.8955862 3.896138 3.8966851 3.8972275 3.8977651 3.8982981 3.8988264 3.8993502 3.8998694 3.900384 3.9008943 3.9014 3.9019014 3.9023984 3.9028911 3.9033795 3.9038636 3.9043436
3.8677352 3.8685127 3.8692844 3.8700501 3.8708099 3.8715638 3.8723118 3.873054 3.8737904 3.8745209 3.8752456 3.8759646 3.8766778 3.8773852 3.878087 3.878783 3.8794735 3.8801583 3.8808374 3.8815111 3.8821791 3.8828417 3.8834988 3.8841504 3.8847966 3.8854374 3.8860728 3.886703 3.8873278 3.8879474 3.8885617 3.8891709 3.8897749 3.8903737 3.8909675 3.8915563 3.89214 3.8927188 3.8932926 3.8938615 3.8944255 3.8949847 3.8955391 3.8960888 3.8966337 3.8971739 3.8977095 3.8982405 3.8987669 3.8992887 3.8998061 3.900319 3.9008274 3.9013315 3.9018312 3.9023266 3.9028177 3.9033046 3.9037873 3.9042658
3.8678537 3.8686255 3.8693914 3.8701515 3.8709058 3.8716544 3.8723972 3.8731342 3.8738655 3.8745911 3.875311 3.8760252 3.8767338 3.8774367 3.878134 3.8788258 3.8795119 3.8801926 3.8808677 3.8815373 3.8822015 3.8828603 3.8835136 3.8841616 3.8848043 3.8854416 3.8860737 3.8867005 3.8873221 3.8879385 3.8885497 3.8891559 3.8897569 3.890353 3.8909439 3.89153 3.892111 3.8926872 3.8932584 3.8938249 3.8943865 3.8949433 3.8954954 3.8960428 3.8965856 3.8971237 3.8976572 3.8981861 3.8987105 3.8992305 3.899746 3.900257 3.9007637 3.9012661 3.9017641 3.9022579 3.9027474 3.9032328 3.9037139 3.904191
3.8679759 3.8687419 3.8695021 3.8702566 3.8710055 3.8717487 3.8724862 3.8732181 3.8739444 3.874665 3.8753801 3.8760896 3.8767935 3.8774919 3.8781848 3.8788722 3.8795541 3.8802305 3.8809016 3.8815673 3.8822276 3.8828825 3.8835321 3.8841765 3.8848156 3.8854494 3.8860781 3.8867016 3.8873199 3.8879332 3.8885413 3.8891444 3.8897425 3.8903357 3.8909238 3.8915071 3.8920855 3.892659 3.8932277 3.8937916 3.8943508 3.8949052 3.895455 3.8960002 3.8965407 3.8970766 3.8976081 3.898135 3.8986574 3.8991754 3.899689 3.9001982 3.9007031 3.9012037 3.9017001 3.9021922 3.9026801 3.9031639 3.9036435 3.9041191
3.8681017 3.8688618 3.8696163 3.8703653 3.8711087 3.8718466 3.8725788 3.8733056 3.8740268 3.8747426 3.8754528 3.8761575 3.8768568 3.8775507 3.8782391 3.8789222 3.8795998 3.8802722 3.8809391 3.8816008 3.8822572 3.8829083 3.8835542 3.8841949 3.8848304 3.8854608 3.8860861 3.8867062 3.8873213 3.8879313 3.8885364 3.8891365 3.8897316 3.8903218 3.8909071 3.8914876 3.8920633 3.8926341 3.8932003 3.8937617 3.8943184 3.8948705 3.8954179 3.8959608 3.8964991 3.8970328 3.8975621 3.898087 3.8986074 3.8991234 3.8996351 3.9001425 3.9006456 3.9011444 3.901639 3.9021295 3.9026157 3.9030979 3.903576 3.9040501
3.8682309 3.8689852 3.8697341 3.8704775 3.8712155 3.871948 3.872675 3.8733966 3.8741129 3.8748237 3.8755291 3.8762291 3.8769238 3.8776131 3.8782971 3.8789758 3.8796492 3.8803173 3.8809802 3.8816379 3.8822904 3.8829377 3.8835798 3.8842169 3.8848488 3.8854757 3.8860975 3.8867143 3.8873261 3.887933 3.8885349 3.8891319 3.889724 3.8903113 3.8908938 3.8914715 3.8920444 3.8926126 3.8931762 3.893735 3.8942893 3.8948389 3.895384 3.8959246 3.8964606 3.8969922 3.8975193 3.8980421 3.8985605 3.8990745 3.8995843 3.9000898 3.900591 3.9010881 3.9015809 3.9020697 3.9025543 3.9030349 3.9035114 3.9039839
3.8683634 3.869112 3.8698553 3.8705931 3.8713256 3.8720528 3.8727747 3.8734912 3.8742023 3.8749082 3.8756088 3.8763041 3.8769942 3.877679 3.8783585 3.8790329 3.879702 3.880366 3.8810248 3.8816785 3.882327 3.8829705 3.8836089 3.8842423 3.8848706 3.885494 3.8861124 3.8867258 3.8873343 3.887938 3.8885367 3.8891307 3.8897198 3.8903041 3.8908838 3.8914586 3.8920288 3.8925944 3.8931553 3.8937116 3.8942634 3.8948106 3.8953533 3.8958915 3.8964253 3.8969547 3.8974797 3.8980003 3.8985167 3.8990287 3.8995365 3.9000401 3.9005395 3.9010347 3.9015258 3.9020128 3.9024958 3.9029747 3.9034497 3.9039207
3.8684993 3.8692421 3.8699797 3.8707121 3.8714392 3.872161 3.8728777 3.8735891 3.8742952 3.8749962 3.875692 3.8763826 3.877068 3.8777482 3.8784234 3.8790934 3.8797582 3.880418 3.8810728 3.8817224 3.8823671 3.8830067 3.8836414 3.8842711 3.8848958 3.8855156 3.8861306 3.8867406 3.8873459 3.8879463 3.8885419 3.8891327 3.8897189 3.8903003 3.890877 3.8914491 3.8920165 3.8925794 3.8931376 3.8936914 3.8942406 3.8947854 3.8953257 3.8958616 3.8963931 3.8969202 3.8974431 3.8979616 3.8984758 3.8989859 3.8994917 3.8999934 3.9004909 3.9009843 3.9014736 3.9019589 3.9024401 3.9029174 3.9033908 3.9038602
