Cobbity4/FInal/QGIS/Foward.asc
NCOLS 600
NROWS 379
XLLCORNER 150.66
YLLCORNER -34.0282
CELLSIZE 1e-05
NODATA_VALUE -9999
[rows 286 to 311 of 379, columns 360 to 419 of 600]
3.7771127 3.7791606 3.78119 3.7832008 3.7851928 3.7871659 3.7891201 3.7910552 3.7929712 3.7948681 3.7967457 3.7986042 3.8004434 3.8022633 3.8040641 3.8058457 3.8076081 3.8093515 3.8110757 3.812781 3.8144674 3.8161349 3.8177837 3.8194138 3.8210253 3.8226184 3.8241931 3.8257496 3.827288 3.8288084 3.8303109 3.8317958 3.833263 3.8347128 3.8361453 3.8375607 3.838959 3.8403405 3.8417053 3.8430536 3.8443855 3.8457012 3.8470008 3.8482846 3.8495526 3.850805 3.852042 3.8532638 3.8544705 3.8556623 3.8568394 3.8580019 3.85915 3.8602839 3.8614036 3.8625095 3.8636016 3.8646802 3.8657453 3.8667972
3.7778144 3.7798329 3.7818336 3.7838164 3.7857812 3.7877277 3.789656 3.7915658 3.7934573 3.7953302 3.7971845 3.7990202 3.8008373 3.8026358 3.8044157 3.8061769 3.8079196 3.8096437 3.8113493 3.8130364 3.8147051 3.8163555 3.8179876 3.8196016 3.8211974 3.8227753 3.8243352 3.8258774 3.8274019 3.8289088 3.8303983 3.8318705 3.8333255 3.8347634 3.8361844 3.8375886 3.8389761 3.8403472 3.8417019 3.8430404 3.8443628 3.8456694 3.8469601 3.8482353 3.8494951 3.8507395 3.8519688 3.8531832 3.8543827 3.8555676 3.856738 3.857894 3.8590359 3.8601638 3.8612778 3.8623781 3.8634649 3.8645383 3.8655985 3.8666456
3.7785234 3.7805129 3.7824852 3.7844404 3.7863781 3.7882984 3.790201 3.7920858 3.7939528 3.795802 3.7976332 3.7994464 3.8012416 3.8030187 3.8047778 3.8065188 3.8082417 3.8099467 3.8116337 3.8133027 3.8149538 3.8165871 3.8182027 3.8198005 3.8213807 3.8229433 3.8244885 3.8260163 3.8275269 3.8290204 3.8304968 3.8319562 3.8333989 3.8348249 3.8362343 3.8376273 3.839004 3.8403646 3.8417091 3.8430378 3.8443507 3.845648 3.8469299 3.8481964 3.8494478 3.8506842 3.8519057 3.8531125 3.8543048 3.8554827 3.8566463 3.8577958 3.8589314 3.8600532 3.8611613 3.862256 3.8633373 3.8644055 3.8654606 3.8665029
3.7792393 3.7812 3.7831444 3.7850722 3.7869832 3.7888774 3.7907546 3.7926147 3.7944575 3.7962831 3.7980914 3.7998822 3.8016556 3.8034115 3.8051499 3.8068708 3.8085742 3.8102601 3.8119286 3.8135796 3.8152132 3.8168294 3.8184284 3.8200101 3.8215747 3.8231221 3.8246525 3.8261661 3.8276627 3.8291427 3.830606 3.8320527 3.8334831 3.8348971 3.8362949 3.8376767 3.8390425 3.8403925 3.8417268 3.8430456 3.8443489 3.8456369 3.8469098 3.8481676 3.8494106 3.8506389 3.8518525 3.8530517 3.8542367 3.8554074 3.8565642 3.8577071 3.8588363 3.8599519 3.8610541 3.862143 3.8632188 3.8642816 3.8653316 3.8663689
3.7799615 3.7818939 3.7838106 3.7857113 3.787596 3.7894644 3.7913164 3.7931519 3.7949709 3.7967731 3.7985586 3.8003272 3.802079 3.8038138 3.8055317 3.8072326 3.8089166 3.8105836 3.8122336 3.8138666 3.8154828 3.817082 3.8186645 3.8202301 3.8217791 3.8233114 3.8248271 3.8263263 3.827809 3.8292754 3.8307256 3.8321597 3.8335776 3.8349797 3.8363659 3.8377364 3.8390913 3.8404307 3.8417547 3.8430635 3.8443571 3.8456358 3.8468996 3.8481487 3.8493832 3.8506033 3.851809 3.8530005 3.854178 3.8553416 3.8564914 3.8576276 3.8587503 3.8598597 3.8609559 3.862039 3.8631091 3.8641666 3.8652113 3.8662436
3.7806896 3.782594 3.7844834 3.7863574 3.7882159 3.7900588 3.791886 3.7936972 3.7954924 3.7972716 3.7990345 3.8007811 3.8025114 3.8042253 3.8059228 3.8076039 3.8092685 3.8109166 3.8125483 3.8141635 3.8157623 3.8173446 3.8189106 3.8204602 3.8219936 3.8235108 3.8250117 3.8264966 3.8279655 3.8294184 3.8308555 3.8322768 3.8336824 3.8350724 3.836447 3.8378062 3.8391501 3.8404788 3.8417925 3.8430913 3.8443753 3.8456446 3.8468993 3.8481396 3.8493655 3.8505773 3.851775 3.8529588 3.8541288 3.8552851 3.8564279 3.8575573 3.8586735 3.8597765 3.8608666 3.8619438 3.8630082 3.8640601 3.8650996 3.8661268
3.7814232 3.7833 3.7851623 3.7870099 3.7888427 3.7906604 3.7924629 3.7942501 3.7960218 3.797778 3.7995186 3.8012434 3.8029524 3.8046456 3.8063229 3.8079842 3.8096296 3.811259 3.8128724 3.8144698 3.8160513 3.8176168 3.8191664 3.8207001 3.8222179 3.82372 3.8252063 3.8266769 3.8281319 3.8295713 3.8309952 3.8324038 3.833797 3.8351751 3.8365379 3.8378858 3.8392187 3.8405368 3.8418401 3.8431289 3.8444031 3.8456629 3.8469085 3.8481399 3.8493572 3.8505607 3.8517503 3.8529263 3.8540887 3.8552378 3.8563735 3.857496 3.8586056 3.8597022 3.860786 3.8618572 3.8629159 3.8639623 3.8649963 3.8660183
3.7821618 3.7840114 3.785847 3.7876686 3.7894758 3.7912686 3.7930468 3.7948101 3.7965587 3.7982922 3.8000105 3.8017137 3.8034017 3.8050742 3.8067314 3.8083732 3.8099995 3.8116103 3.8132055 3.8147853 3.8163495 3.8178983 3.8194316 3.8209494 3.8224517 3.8239387 3.8254104 3.8268667 3.8283078 3.8297338 3.8311446 3.8325404 3.8339213 3.8352873 3.8366385 3.837975 3.8392969 3.8406042 3.8418972 3.8431759 3.8444403 3.8456907 3.846927 3.8481495 3.8493582 3.8505533 3.8517348 3.8529029 3.8540577 3.8551993 3.8563279 3.8574435 3.8585464 3.8596365 3.8607141 3.8617792 3.8628321 3.8638727 3.8649013 3.865918
3.7829051 3.7847278 3.7865371 3.7883329 3.7901149 3.7918831 3.7936371 3.795377 3.7971025 3.7988135 3.80051 3.8021917 3.8038587 3.8055109 3.8071482 3.8087705 3.8103778 3.8119701 3.8135474 3.8151096 3.8166567 3.8181887 3.8197058 3.8212077 3.8226947 3.8241667 3.8256237 3.8270658 3.8284931 3.8299056 3.8313034 3.8326864 3.8340549 3.8354089 3.8367484 3.8380735 3.8393844 3.840681 3.8419636 3.8432321 3.8444867 3.8457276 3.8469547 3.8481682 3.8493682 3.8505548 3.8517282 3.8528883 3.8540355 3.8551696 3.856291 3.8573997 3.8584957 3.8595793 3.8606506 3.8617096 3.8627565 3.8637915 3.8648145 3.8658258
3.7836527 3.7854488 3.7872321 3.7890024 3.7907596 3.7925034 3.7942337 3.7959503 3.797653 3.7993418 3.8010165 3.802677 3.8043233 3.8059552 3.8075727 3.8091758 3.8107643 3.8123382 3.8138976 3.8154423 3.8169724 3.8184878 3.8199887 3.8214749 3.8229465 3.8244035 3.825846 3.8272739 3.8286874 3.8300865 3.8314712 3.8328415 3.8341977 3.8355396 3.8368674 3.8381811 3.8394809 3.8407669 3.842039 3.8432974 3.8445422 3.8457734 3.8469913 3.8481958 3.849387 3.8505652 3.8517303 3.8528825 3.8540219 3.8551486 3.8562627 3.8573643 3.8584535 3.8595305 3.8605954 3.8616482 3.8626891 3.8637183 3.8647357 3.8657416
3.7844041 3.786174 3.7879317 3.7896769 3.7914095 3.7931293 3.794836 3.7965296 3.7982098 3.7998766 3.8015298 3.8031693 3.804795 3.8064069 3.8080048 3.8095887 3.8111585 3.8127142 3.8142558 3.8157832 3.8172963 3.8187953 3.82028 3.8217506 3.8232069 3.824649 3.826077 3.8274908 3.8288905 3.8302762 3.8316478 3.8330055 3.8343492 3.8356791 3.8369952 3.8382976 3.8395864 3.8408615 3.8421232 3.8433715 3.8446064 3.8458281 3.8470366 3.848232 3.8494145 3.8505842 3.851741 3.8528852 3.8540168 3.8551359 3.8562427 3.8573372 3.8584196 3.8594899 3.8605483 3.8615949 3.8626298 3.863653 3.8646648 3.8656652
3.785159 3.7869031 3.7886355 3.7903559 3.7920643 3.7937603 3.7954437 3.7971145 3.7987725 3.8004175 3.8020494 3.8036681 3.8052735 3.8068655 3.808444 3.8100089 3.8115602 3.8130978 3.8146217 3.8161319 3.8176282 3.8191108 3.8205795 3.8220344 3.8234755 3.8249028 3.8263163 3.8277161 3.8291021 3.8304744 3.831833 3.833178 3.8345094 3.8358273 3.8371317 3.8384227 3.8397004 3.8409648 3.842216 3.8434541 3.8446792 3.8458912 3.8470904 3.8482768 3.8494505 3.8506116 3.8517601 3.8528962 3.85402 3.8551315 3.8562309 3.8573183 3.8583938 3.8594574 3.8605093 3.8615495 3.8625783 3.8635956 3.8646017 3.8655965
3.785917 3.7876357 3.7893431 3.7910392 3.7927235 3.794396 3.7960566 3.7977049 3.7993408 3.8009643 3.8025751 3.8041732 3.8057585 3.8073307 3.80889 3.8104361 3.811969 3.8134887 3.814995 3.8164881 3.8179677 3.819434 3.8208868 3.8223262 3.8237522 3.8251647 3.8265638 3.8279496 3.8293219 3.8306808 3.8320265 3.8333588 3.8346779 3.8359838 3.8372766 3.8385563 3.8398229 3.8410765 3.8423173 3.8435452 3.8447603 3.8459627 3.8471526 3.8483299 3.8494947 3.8506472 3.8517874 3.8529154 3.8540313 3.8551352 3.8562272 3.8573074 3.8583759 3.8594327 3.860478 3.8615119 3.8625345 3.8635459 3.8645461 3.8655354
3.7866779 3.7883715 3.7900543 3.7917262 3.7933869 3.7950363 3.7966741 3.7983002 3.7999144 3.8015166 3.8031066 3.8046843 3.8062495 3.8078023 3.8093425 3.8108699 3.8123846 3.8138865 3.8153755 3.8168515 3.8183146 3.8197646 3.8212017 3.8226256 3.8240366 3.8254344 3.8268192 3.8281909 3.8295496 3.8308953 3.832228 3.8335478 3.8348546 3.8361485 3.8374296 3.8386979 3.8399535 3.8411964 3.8424267 3.8436444 3.8448496 3.8460424 3.8472228 3.848391 3.849547 3.8506909 3.8518227 3.8529426 3.8540506 3.8551468 3.8562314 3.8573043 3.8583658 3.8594158 3.8604545 3.861482 3.8624984 3.8635037 3.8644981 3.8654817
3.7874413 3.7891102 3.7907687 3.7924168 3.7940542 3.7956807 3.7972961 3.7989002 3.8004929 3.802074 3.8036434 3.8052009 3.8067465 3.8082799 3.8098012 3.8113102 3.8128068 3.814291 3.8157627 3.8172219 3.8186685 3.8201025 3.8215238 3.8229324 3.8243284 3.8257116 3.8270821 3.82844 3.8297851 3.8311176 3.8324374 3.8337445 3.8350391 3.8363211 3.8375906 3.8388475 3.8400921 3.8413242 3.842544 3.8437515 3.8449468 3.84613 3.847301 3.8484601 3.8496072 3.8507424 3.8518659 3.8529776 3.8540777 3.8551662 3.8562432 3.8573089 3.8583633 3.8594065 3.8604385 3.8614596 3.8624697 3.8634689 3.8644574 3.8654353
3.7882069 3.7898514 3.791486 3.7931106 3.794725 3.7963289 3.7979222 3.7995046 3.801076 3.8026363 3.8041853 3.8057229 3.8072489 3.8087632 3.8102658 3.8117565 3.8132352 3.8147019 3.8161565 3.817599 3.8190292 3.8204472 3.8218529 3.8232463 3.8246274 3.8259961 3.8273524 3.8286964 3.8300281 3.8313473 3.8326543 3.8339489 3.8352313 3.8365014 3.8377592 3.8390049 3.8402384 3.8414598 3.8426691 3.8438664 3.8450518 3.8462253 3.847387 3.8485369 3.8496751 3.8508017 3.8519167 3.8530202 3.8541123 3.8551931 3.8562627 3.857321 3.8583683 3.8594046 3.86043 3.8614445 3.8624483 3.8634414 3.864424 3.865396
3.7889744 3.7905948 3.7922059 3.7938073 3.795399 3.7969806 3.7985521 3.8001131 3.8016635 3.8032032 3.8047321 3.8062499 3.8077565 3.8092519 3.810736 3.8122085 3.8136695 3.8151189 3.8165565 3.8179824 3.8193964 3.8207985 3.8221887 3.823567 3.8249333 3.8262875 3.8276298 3.82896 3.8302782 3.8315844 3.8328785 3.8341607 3.8354308 3.8366891 3.8379353 3.8391697 3.8403922 3.8416029 3.8428018 3.8439889 3.8451644 3.8463282 3.8474805 3.8486212 3.8497505 3.8508684 3.851975 3.8530703 3.8541545 3.8552275 3.8562895 3.8573405 3.8583807 3.85941 3.8604286 3.8614366 3.8624341 3.863421 3.8643976 3.8653639
3.7897435 3.7913403 3.7929281 3.7945067 3.7960759 3.7976356 3.7991854 3.8007253 3.802255 3.8037744 3.8052833 3.8067816 3.8082691 3.8097458 3.8112115 3.8126661 3.8141095 3.8155417 3.8169625 3.8183719 3.8197698 3.8211562 3.822531 3.8238943 3.8252459 3.8265858 3.827914 3.8292305 3.8305354 3.8318285 3.8331099 3.8343796 3.8356376 3.836884 3.8381187 3.8393418 3.8405533 3.8417533 3.8429418 3.8441187 3.8452843 3.8464385 3.8475813 3.8487129 3.8498333 3.8509425 3.8520407 3.8531277 3.8542039 3.8552691 3.8563235 3.8573672 3.8584002 3.8594226 3.8604344 3.8614358 3.8624269 3.8634076 3.8643782 3.8653386
3.790514 3.7920874 3.7936523 3.7952084 3.7967555 3.7982935 3.7998221 3.8013411 3.8028503 3.8043496 3.8058388 3.8073178 3.8087864 3.8102445 3.8116921 3.8131289 3.8145549 3.81597 3.8173742 3.8187672 3.8201492 3.82152 3.8228796 3.8242279 3.8255648 3.8268905 3.8282048 3.8295077 3.8307992 3.8320794 3.8333481 3.8346054 3.8358514 3.8370859 3.8383091 3.839521 3.8407216 3.8419109 3.8430889 3.8442557 3.8454114 3.8465559 3.8476894 3.8488118 3.8499233 3.8510238 3.8521134 3.8531923 3.8542604 3.8553179 3.8563647 3.8574009 3.8584267 3.8594421 3.8604472 3.861442 3.8624266 3.8634011 3.8643656 3.8653201
3.7912855 3.7928359 3.7943782 3.7959122 3.7974375 3.7989541 3.8004617 3.80196 3.803449 3.8049285 3.8063982 3.8078581 3.8093081 3.8107479 3.8121774 3.8135967 3.8150054 3.8164037 3.8177913 3.8191682 3.8205343 3.8218896 3.823234 3.8245675 3.82589 3.8272015 3.828502 3.8297913 3.8310696 3.8323368 3.8335929 3.8348379 3.8360718 3.8372947 3.8385064 3.8397071 3.8408967 3.8420754 3.843243 3.8443997 3.8455455 3.8466804 3.8478044 3.8489177 3.8500202 3.851112 3.8521932 3.8532638 3.8543239 3.8553735 3.8564127 3.8574416 3.8584602 3.8594685 3.8604668 3.8614549 3.8624331 3.8634013 3.8643597 3.8653083
3.7920578 3.7935856 3.7951057 3.7966178 3.7981216 3.7996171 3.8011039 3.802582 3.804051 3.8055108 3.8069614 3.8084024 3.8098338 3.8112555 3.8126673 3.8140691 3.8154608 3.8168424 3.8182136 3.8195745 3.8209249 3.8222649 3.8235942 3.824913 3.8262211 3.8275185 3.8288052 3.8300812 3.8313463 3.8326007 3.8338442 3.835077 3.8362989 3.83751 3.8387103 3.8398998 3.8410786 3.8422466 3.8434038 3.8445504 3.8456863 3.8468116 3.8479263 3.8490304 3.850124 3.8512071 3.8522798 3.8533422 3.8543942 3.855436 3.8564676 3.857489 3.8585003 3.8595017 3.860493 3.8614745 3.8624462 3.8634081 3.8643603 3.865303
3.7928307 3.7943362 3.7958344 3.7973249 3.7988076 3.8002823 3.8017487 3.8032066 3.8046559 3.8060964 3.807528 3.8089504 3.8103635 3.8117673 3.8131615 3.814546 3.8159209 3.8172858 3.8186409 3.8199859 3.8213207 3.8226455 3.8239599 3.8252641 3.826558 3.8278414 3.8291144 3.830377 3.8316291 3.8328706 3.8341017 3.8353222 3.8365322 3.8377317 3.8389206 3.840099 3.8412669 3.8424243 3.8435713 3.8447078 3.8458338 3.8469495 3.8480548 3.8491497 3.8502344 3.8513089 3.8523731 3.8534272 3.8544712 3.8555051 3.856529 3.857543 3.8585471 3.8595414 3.8605259 3.8615007 3.8624658 3.8634214 3.8643675 3.8653041
3.793604 3.7950876 3.7965641 3.7980334 3.7994952 3.8009494 3.8023956 3.8038337 3.8052636 3.806685 3.8080977 3.8095017 3.8108968 3.8122828 3.8136597 3.8150272 3.8163853 3.8177339 3.8190728 3.8204021 3.8217216 3.8230312 3.8243309 3.8256206 3.8269003 3.8281698 3.8294293 3.8306786 3.8319177 3.8331466 3.8343652 3.8355736 3.8367717 3.8379596 3.8391372 3.8403045 3.8414616 3.8426085 3.8437451 3.8448715 3.8459877 3.8470938 3.8481897 3.8492756 3.8503513 3.8514171 3.8524728 3.8535187 3.8545546 3.8555807 3.8565969 3.8576035 3.8586003 3.8595875 3.8605651 3.8615332 3.8624918 3.863441 3.8643809 3.8653115
3.7943774 3.7958394 3.7972946 3.798743 3.8001843 3.8016182 3.8030445 3.8044631 3.8058737 3.8072763 3.8086705 3.8100563 3.8114335 3.812802 3.8141616 3.8155123 3.8168539 3.8181862 3.8195093 3.820823 3.8221272 3.8234218 3.8247069 3.8259822 3.8272478 3.8285036 3.8297496 3.8309857 3.8322119 3.8334282 3.8346345 3.8358308 3.8370172 3.8381935 3.8393598 3.8405161 3.8416624 3.8427988 3.8439251 3.8450415 3.8461479 3.8472444 3.848331 3.8494077 3.8504746 3.8515316 3.8525789 3.8536165 3.8546444 3.8556626 3.8566712 3.8576703 3.8586598 3.8596399 3.8606106 3.861572 3.862524 3.8634669 3.8644005 3.8653251
3.7951507 3.7965914 3.7980257 3.7994535 3.8008745 3.8022884 3.8036951 3.8050944 3.8064861 3.80787 3.809246 3.8106138 3.8119734 3.8133246 3.8146672 3.8160012 3.8173264 3.8186427 3.81995 3.8212482 3.8225373 3.8238171 3.8250877 3.8263488 3.8276004 3.8288426 3.8300752 3.8312982 3.8325116 3.8337154 3.8349094 3.8360937 3.8372683 3.8384332 3.8395883 3.8407336 3.8418692 3.842995 3.8441111 3.8452175 3.8463141 3.8474011 3.8484784 3.849546 3.850604 3.8516524 3.8526912 3.8537205 3.8547403 3.8557507 3.8567516 3.8577432 3.8587255 3.8596985 3.8606623 3.8616169 3.8625624 3.8634988 3.8644262 3.8653447
3.7959238 3.7973435 3.7987572 3.8001647 3.8015657 3.8029599 3.8043473 3.8057276 3.8071006 3.8084661 3.809824 3.8111741 3.8125162 3.8138503 3.8151761 3.8164936 3.8178026 3.819103 3.8203948 3.8216777 3.8229518 3.8242169 3.825473 3.8267201 3.8279579 3.8291865 3.8304059 3.8316159 3.8328166 3.8340078 3.8351897 3.8363621 3.837525 3.8386784 3.8398224 3.8409568 3.8420817 3.8431971 3.844303 3.8453994 3.8464863 3.8475638 3.8486317 3.8496903 3.8507394 3.8517791 3.8528095 3.8538306 3.8548423 3.8558448 3.8568381 3.8578222 3.8587972 3.8597631 3.8607199 3.8616678 3.8626067 3.8635367 3.8644579 3.8653702
