Cobbity4/FInal/QGIS/Reverses.asc
NCOLS 600
NROWS 430
XLLCORNER 150.661
YLLCORNER -34.0272
CELLSIZE 1e-05
NODATA_VALUE -9999
[rows 108 to 134 of 430, columns 240 to 299 of 600]
4.4113855 4.4121243 4.4128676 4.4136151 4.4143664 4.4151212 4.4158792 4.41664 4.4174033 4.4181689 4.4189363 4.4197053 4.4204755 4.4212466 4.4220183 4.4227902 4.4235622 4.4243337 4.4251047 4.4258747 4.4266434 4.4274106 4.428176 4.4289393 4.4297002 4.4304585 4.4312138 4.4319661 4.4327149 4.4334601 4.4342015 4.4349388 4.4356717 4.4364002 4.4371239 4.4378428 4.4385565 4.439265 4.4399681 4.4406655 4.4413572 4.442043 4.4427228 4.4433963 4.4440636 4.4447245 4.4453788 4.4460265 4.4466674 4.4473016 4.4479288 4.448549 4.4491622 4.4497683 4.4503672 4.4509589 4.4515432 4.4521203 4.45269 4.4532524
4.4102049 4.4109631 4.4117259 4.4124928 4.4132636 4.414038 4.4148155 4.415596 4.4163789 4.417164 4.417951 4.4187395 4.4195291 4.4203197 4.4211107 4.4219019 4.422693 4.4234836 4.4242735 4.4250623 4.4258497 4.4266354 4.4274192 4.4282006 4.4289796 4.4297557 4.4305288 4.4312985 4.4320647 4.432827 4.4335852 4.4343391 4.4350885 4.4358332 4.436573 4.4373076 4.4380368 4.4387606 4.4394787 4.4401909 4.4408971 4.4415972 4.442291 4.4429784 4.4436592 4.4443333 4.4450007 4.4456612 4.4463146 4.446961 4.4476003 4.4482323 4.448857 4.4494744 4.4500843 4.4506868 4.4512817 4.4518691 4.4524489 4.453021
4.4090006 4.4097788 4.4105615 4.4113486 4.4121395 4.412934 4.4137317 4.4145323 4.4153354 4.4161407 4.4169478 4.4177564 4.4185661 4.4193766 4.4201875 4.4209985 4.4218093 4.4226195 4.4234289 4.424237 4.4250436 4.4258483 4.426651 4.4274512 4.4282487 4.4290431 4.4298343 4.430622 4.4314059 4.4321857 4.4329612 4.4337322 4.4344985 4.4352598 4.4360159 4.4367666 4.4375118 4.4382511 4.4389846 4.439712 4.4404331 4.4411477 4.4418559 4.4425573 4.4432519 4.4439396 4.4446203 4.4452938 4.44596 4.4466189 4.4472704 4.4479144 4.4485509 4.4491797 4.4498009 4.4504143 4.4510199 4.4516178 4.4522078 4.4527899
4.407772 4.4085707 4.4093741 4.4101818 4.4109935 4.4118087 4.4126272 4.4134486 4.4142725 4.4150986 4.4159264 4.4167557 4.417586 4.418417 4.4192484 4.4200798 4.4209109 4.4217412 4.4225706 4.4233986 4.4242249 4.4250492 4.4258713 4.4266907 4.4275072 4.4283205 4.4291303 4.4299364 4.4307385 4.4315363 4.4323296 4.4331181 4.4339016 4.4346799 4.4354527 4.4362199 4.4369813 4.4377367 4.4384859 4.4392287 4.439965 4.4406946 4.4414174 4.4421332 4.4428419 4.4435434 4.4442376 4.4449244 4.4456037 4.4462753 4.4469393 4.4475955 4.4482439 4.4488844 4.4495169 4.4501415 4.450758 4.4513665 4.4519669 4.4525591
4.4065185 4.4073383 4.408163 4.408992 4.409825 4.4106617 4.4115016 4.4123444 4.4131897 4.4140371 4.4148863 4.4157369 4.4165885 4.4174407 4.4182931 4.4191455 4.4199974 4.4208485 4.4216984 4.4225469 4.4233935 4.4242379 4.4250799 4.4259191 4.4267551 4.4275878 4.4284167 4.4292417 4.4300624 4.4308786 4.4316901 4.4324965 4.4332977 4.4340935 4.4348835 4.4356676 4.4364456 4.4372173 4.4379826 4.4387412 4.439493 4.4402379 4.4409756 4.4417061 4.4424292 4.4431448 4.4438529 4.4445532 4.4452457 4.4459303 4.446607 4.4472756 4.4479362 4.4485885 4.4492327 4.4498686 4.4504961 4.4511154 4.4517263 4.4523289
4.4052393 4.406081 4.4069275 4.4077785 4.4086335 4.4094923 4.4103542 4.4112191 4.4120865 4.412956 4.4138272 4.4146997 4.4155731 4.4164471 4.4173213 4.4181952 4.4190686 4.4199411 4.4208122 4.4216817 4.4225491 4.4234142 4.4242767 4.4251361 4.4259923 4.4268448 4.4276934 4.4285377 4.4293776 4.4302127 4.4310428 4.4318677 4.432687 4.4335006 4.4343082 4.4351096 4.4359046 4.4366931 4.4374748 4.4382495 4.4390172 4.4397776 4.4405306 4.4412761 4.4420139 4.4427439 4.443466 4.4441801 4.4448862 4.445584 4.4462736 4.4469549 4.4476278 4.4482922 4.4489482 4.4495956 4.4502344 4.4508646 4.4514862 4.4520992
4.4039338 4.404798 4.4056671 4.4065407 4.4074185 4.4082999 4.4091847 4.4100723 4.4109624 4.4118546 4.4127485 4.4136436 4.4145396 4.4154361 4.4163326 4.4172288 4.4181243 4.4190186 4.4199116 4.4208027 4.4216916 4.422578 4.4234615 4.4243418 4.4252185 4.4260914 4.4269602 4.4278245 4.428684 4.4295385 4.4303877 4.4312314 4.4320693 4.4329012 4.4337268 4.4345459 4.4353584 4.4361639 4.4369624 4.4377537 4.4385376 4.4393139 4.4400825 4.4408433 4.4415961 4.4423407 4.4430772 4.4438054 4.4445252 4.4452366 4.4459393 4.4466334 4.4473189 4.4479956 4.4486635 4.4493226 4.4499729 4.4506142 4.4512467 4.4518702
4.4026012 4.4034886 4.4043811 4.4052781 4.4061792 4.4070841 4.4079923 4.4089034 4.409817 4.4107326 4.4116499 4.4125683 4.4134875 4.4144071 4.4153267 4.4162458 4.417164 4.418081 4.4189964 4.4199097 4.4208207 4.421729 4.4226341 4.4235359 4.4244338 4.4253277 4.4262171 4.4271018 4.4279815 4.4288559 4.4297248 4.4305878 4.4314447 4.4322953 4.4331394 4.4339766 4.4348069 4.43563 4.4364457 4.4372538 4.4380543 4.4388468 4.4396314 4.4404077 4.4411758 4.4419355 4.4426866 4.4434292 4.444163 4.444888 4.4456042 4.4463114 4.4470096 4.4476988 4.4483789 4.4490499 4.4497117 4.4503644 4.4510078 4.4516421
4.4012409 4.4021523 4.4030687 4.4039898 4.4049151 4.4058442 4.4067767 4.407712 4.4086498 4.4095895 4.4105309 4.4114734 4.4124165 4.41336 4.4143032 4.4152459 4.4161876 4.4171279 4.4180663 4.4190026 4.4199363 4.4208671 4.4217945 4.4227182 4.423638 4.4245533 4.425464 4.4263697 4.4272702 4.428165 4.429054 4.4299368 4.4308132 4.431683 4.4325459 4.4334017 4.4342503 4.4350913 4.4359245 4.43675 4.4375673 4.4383765 4.4391773 4.4399696 4.4407533 4.4415282 4.4422943 4.4430514 4.4437995 4.4445385 4.4452683 4.4459889 4.4467001 4.447402 4.4480944 4.4487775 4.4494511 4.4501152 4.4507698 4.451415
4.399852 4.4007881 4.4017293 4.4026753 4.4036256 4.4045797 4.4055371 4.4064974 4.4074601 4.4084248 4.409391 4.4103583 4.4113261 4.4122942 4.4132619 4.4142289 4.4151947 4.416159 4.4171212 4.4180811 4.4190381 4.419992 4.4209424 4.4218888 4.4228309 4.4237684 4.4247009 4.4256282 4.4265498 4.4274656 4.4283752 4.4292784 4.4301748 4.4310642 4.4319465 4.4328213 4.4336885 4.4345478 4.4353991 4.4362422 4.4370768 4.4379029 4.4387203 4.4395289 4.4403285 4.441119 4.4419003 4.4426724 4.443435 4.4441882 4.4449319 4.445666 4.4463904 4.4471052 4.4478103 4.4485056 4.4491911 4.4498669 4.4505328 4.451189
4.3984337 4.3993953 4.4003622 4.4013339 4.4023099 4.4032898 4.404273 4.4052591 4.4062476 4.407238 4.4082298 4.4092227 4.410216 4.4112094 4.4122023 4.4131943 4.414185 4.415174 4.4161608 4.4171449 4.418126 4.4191037 4.4200776 4.4210473 4.4220125 4.4229727 4.4239276 4.424877 4.4258205 4.4267578 4.4276886 4.4286125 4.4295295 4.4304391 4.4313412 4.4322354 4.4331217 4.4339998 4.4348695 4.4357306 4.4365829 4.4374263 4.4382607 4.4390858 4.4399017 4.4407081 4.4415049 4.4422921 4.4430696 4.4438373 4.4445951 4.4453429 4.4460808 4.4468087 4.4475265 4.4482343 4.4489319 4.4496195 4.4502969 4.4509643
4.3969852 4.3979732 4.3989666 4.3999648 4.4009674 4.4019739 4.4029837 4.4039964 4.4050115 4.4060285 4.4070468 4.4080661 4.4090857 4.4101052 4.4111241 4.412142 4.4131583 4.4141727 4.4151847 4.4161939 4.4171998 4.418202 4.4192001 4.4201938 4.4211826 4.4221662 4.4231442 4.4241163 4.4250822 4.4260415 4.426994 4.4279393 4.4288773 4.4298076 4.4307299 4.4316441 4.43255 4.4334472 4.4343357 4.4352152 4.4360856 4.4369467 4.4377984 4.4386405 4.4394729 4.4402955 4.4411082 4.4419108 4.4427034 4.4434858 4.444258 4.4450198 4.4457714 4.4465126 4.4472434 4.4479638 4.4486738 4.4493733 4.4500624 4.450741
4.3955057 4.3965209 4.3975416 4.3985672 4.3995973 4.4006313 4.4016687 4.4027089 4.4037515 4.4047959 4.4058415 4.406888 4.4079347 4.4089812 4.4100269 4.4110714 4.4121142 4.4131549 4.4141929 4.4152278 4.4162592 4.4172866 4.4183097 4.419328 4.4203411 4.4213487 4.4223504 4.4233459 4.4243348 4.4253167 4.4262915 4.4272588 4.4282183 4.4291697 4.4301129 4.4310475 4.4319733 4.4328902 4.4337979 4.4346963 4.4355852 4.4364643 4.4373337 4.438193 4.4390423 4.4398814 4.4407102 4.4415286 4.4423366 4.4431339 4.4439207 4.4446969 4.4454623 4.4462171 4.446961 4.4476942 4.4484167 4.4491283 4.4498292 4.4505194
4.3939941 4.3950375 4.3960865 4.3971405 4.398199 4.3992614 4.4003272 4.4013959 4.4024668 4.4035395 4.4046134 4.405688 4.4067627 4.407837 4.4089104 4.4099824 4.4110525 4.4121202 4.413185 4.4142464 4.415304 4.4163575 4.4174062 4.4184498 4.419488 4.4205203 4.4215463 4.4225658 4.4235783 4.4245835 4.4255811 4.4265709 4.4275525 4.4285256 4.42949 4.4304455 4.4313919 4.4323288 4.4332562 4.4341739 4.4350816 4.4359792 4.4368666 4.4377436 4.4386101 4.439466 4.4403112 4.4411457 4.4419693 4.4427819 4.4435836 4.4443742 4.4451538 4.4459222 4.4466796 4.4474258 4.4481609 4.4488849 4.4495978 4.4502995
4.3924497 4.3935222 4.3946004 4.3956837 4.3967716 4.3978634 4.3989586 4.4000566 4.4011569 4.4022589 4.4033619 4.4044655 4.4055692 4.4066722 4.4077742 4.4088745 4.4099727 4.4110683 4.4121607 4.4132495 4.4143342 4.4154143 4.4164895 4.4175592 4.4186231 4.4196808 4.4207319 4.421776 4.4228127 4.4238418 4.4248629 4.4258757 4.4268799 4.4278753 4.4288615 4.4298384 4.4308057 4.4317632 4.4327107 4.4336481 4.434575 4.4354915 4.4363973 4.4372923 4.4381764 4.4390495 4.4399114 4.4407622 4.4416017 4.4424299 4.4432467 4.444052 4.4448459 4.4456283 4.4463993 4.4471587 4.4479066 4.4486431 4.4493681 4.4500816
4.3908714 4.391974 4.3930825 4.3941961 4.3953143 4.3964366 4.3975622 4.3986906 4.3998212 4.4009534 4.4020866 4.4032202 4.4043537 4.4054864 4.4066178 4.4077474 4.4088746 4.409999 4.4111199 4.4122368 4.4133494 4.4144571 4.4155595 4.416656 4.4177464 4.4188302 4.419907 4.4209764 4.422038 4.4230916 4.4241368 4.4251732 4.4262007 4.4272188 4.4282274 4.4292262 4.430215 4.4311935 4.4321616 4.433119 4.4340657 4.4350013 4.4359259 4.4368393 4.4377413 4.4386319 4.4395109 4.4403783 4.441234 4.442078 4.4429101 4.4437305 4.4445389 4.4453355 4.4461203 4.4468931 4.447654 4.4484031 4.4491404 4.4498658
4.3892581 4.390392 4.3915317 4.3926768 4.3938264 4.3949801 4.3961372 4.397297 4.398459 4.3996225 4.4007868 4.4019514 4.4031157 4.4042791 4.405441 4.4066008 4.407758 4.4089119 4.4100622 4.4112082 4.4123495 4.4134856 4.414616 4.4157402 4.4168578 4.4179684 4.4190716 4.420167 4.4212543 4.422333 4.4234029 4.4244636 4.4255148 4.4265563 4.4275878 4.428609 4.4296197 4.4306198 4.4316089 4.4325869 4.4335536 4.434509 4.4354527 4.4363848 4.4373051 4.4382135 4.4391099 4.4399942 4.4408664 4.4417264 4.4425742 4.4434098 4.4442331 4.445044 4.4458427 4.4466291 4.4474033 4.4481652 4.4489149 4.4496524
4.387609 4.3887751 4.3899473 4.3911248 4.392307 4.3934933 4.3946829 4.3958753 4.3970697 4.3982655 4.399462 4.4006587 4.4018549 4.40305 4.4042433 4.4054343 4.4066223 4.4078069 4.4089875 4.4101635 4.4113343 4.4124996 4.4136589 4.4148115 4.4159572 4.4170954 4.4182258 4.4193479 4.4204615 4.421566 4.4226612 4.4237468 4.4248225 4.4258879 4.4269428 4.427987 4.4290202 4.4300422 4.4310528 4.4320518 4.4330391 4.4340145 4.4349778 4.435929 4.4368679 4.4377945 4.4387086 4.4396101 4.4404991 4.4413755 4.4422392 4.4430902 4.4439285 4.444754 4.4455669 4.4463671 4.4471546 4.4479295 4.4486918 4.4494415
4.3859227 4.3871224 4.3883281 4.3895393 4.3907552 4.3919752 4.3931986 4.3944246 4.3956525 4.3968818 4.3981117 4.3993415 4.4005707 4.4017985 4.4030243 4.4042475 4.4054674 4.4066836 4.4078954 4.4091023 4.4103037 4.4114991 4.412688 4.41387 4.4150445 4.4162111 4.4173695 4.4185191 4.4196596 4.4207906 4.4219119 4.423023 4.4241237 4.4252136 4.4262926 4.4273602 4.4284164 4.4294609 4.4304935 4.431514 4.4325223 4.4335181 4.4345015 4.4354721 4.43643 4.437375 4.4383072 4.4392263 4.4401323 4.4410253 4.4419051 4.4427718 4.4436254 4.4444658 4.445293 4.4461072 4.4469082 4.4476962 4.4484712 4.4492333
4.3841983 4.3854326 4.3866732 4.3879193 4.3891702 4.3904251 4.3916833 4.3929442 4.3942069 4.3954709 4.3967352 4.3979994 4.3992626 4.4005242 4.4017836 4.40304 4.404293 4.4055418 4.4067858 4.4080246 4.4092574 4.4104839 4.4117034 4.4129155 4.4141197 4.4153156 4.4165026 4.4176805 4.4188487 4.420007 4.421155 4.4222923 4.4234186 4.4245336 4.4256372 4.4267289 4.4278087 4.4288762 4.4299312 4.4309737 4.4320033 4.4330201 4.4340238 4.4350143 4.4359915 4.4369554 4.4379059 4.4388428 4.4397662 4.4406761 4.4415723 4.442455 4.443324 4.4441794 4.4450213 4.4458495 4.4466643 4.4474656 4.4482535 4.449028
4.3824345 4.3837048 4.3849815 4.3862638 4.3875508 4.388842 4.3901364 4.3914334 4.3927322 4.3940319 4.395332 4.3966316 4.3979301 4.3992267 4.4005208 4.4018117 4.4030986 4.4043811 4.4056584 4.40693 4.4081953 4.4094538 4.4107049 4.411948 4.4131828 4.4144087 4.4156253 4.4168322 4.4180289 4.4192151 4.4203905 4.4215547 4.4227073 4.4238481 4.4249768 4.4260932 4.427197 4.4282881 4.4293661 4.430431 4.4314825 4.4325206 4.433545 4.4345558 4.4355528 4.4365358 4.437505 4.4384601 4.4394011 4.4403281 4.441241 4.4421398 4.4430246 4.4438952 4.4447519 4.4455945 4.4464231 4.4472379 4.4480388 4.448826
4.3806302 4.3819378 4.3832519 4.3845717 4.3858963 4.387225 4.388557 4.3898914 4.3912275 4.3925644 4.3939014 4.3952378 4.3965728 4.3979056 4.3992355 4.4005619 4.4018841 4.4032013 4.404513 4.4058185 4.4071173 4.4084087 4.4096923 4.4109674 4.4122337 4.4134905 4.4147375 4.4159742 4.4172002 4.4184152 4.4196186 4.4208104 4.42199 4.4231572 4.4243117 4.4254533 4.4265818 4.4276968 4.4287983 4.4298861 4.43096 4.4320198 4.4330655 4.4340969 4.4351139 4.4361165 4.4371046 4.4380782 4.4390372 4.4399817 4.4409115 4.4418267 4.4427274 4.4436135 4.4444851 4.4453422 4.4461849 4.4470133 4.4478274 4.4486273
4.3787839 4.3801303 4.3814833 4.382842 4.3842056 4.3855733 4.3869442 4.3883174 4.3896921 4.3910676 4.3924429 4.3938173 4.3951901 4.3965603 4.3979274 4.3992905 4.400649 4.4020022 4.4033493 4.4046899 4.4060232 4.4073486 4.4086657 4.4099737 4.4112724 4.412561 4.4138393 4.4151066 4.4163627 4.4176071 4.4188395 4.4200595 4.4212667 4.422461 4.4236419 4.4248094 4.425963 4.4271027 4.4282282 4.4293394 4.430436 4.431518 4.4325853 4.4336377 4.4346752 4.4356977 4.4367052 4.4376976 4.4386748 4.4396369 4.4405839 4.4415158 4.4424326 4.4433344 4.4442212 4.445093 4.4459499 4.4467921 4.4476195 4.4484323
4.3768945 4.3782811 4.3796745 4.3810736 4.3824777 4.3838858 4.385297 4.3867105 4.3881254 4.3895407 4.3909558 4.3923696 4.3937814 4.3951905 4.396596 4.3979971 4.3993931 4.4007834 4.4021672 4.4035439 4.4049128 4.4062733 4.4076249 4.4089669 4.4102989 4.4116203 4.4129307 4.4142296 4.4155165 4.4167912 4.4180532 4.4193022 4.4205378 4.4217597 4.4229678 4.4241616 4.4253411 4.4265059 4.4276559 4.4287909 4.4299109 4.4310155 4.4321048 4.4331787 4.434237 4.4352798 4.4363069 4.4373183 4.4383141 4.4392942 4.4402587 4.4412075 4.4421407 4.4430583 4.4439604 4.4448471 4.4457184 4.4465745 4.4474153 4.4482411
4.3749604 4.3763889 4.3778242 4.3792654 4.3807115 4.3821616 4.3836147 4.38507 4.3865265 4.3879832 4.3894394 4.3908941 4.3923464 4.3937956 4.3952408 4.3966812 4.3981162 4.3995448 4.4009664 4.4023804 4.4037861 4.4051827 4.4065699 4.4079469 4.4093132 4.4106683 4.4120118 4.4133431 4.4146618 4.4159676 4.41726 4.4185387 4.4198033 4.4210537 4.4222894 4.4235103 4.4247161 4.4259066 4.4270817 4.4282411 4.4293848 4.4305125 4.4316243 4.43272 4.4337995 4.4348629 4.43591 4.4369409 4.4379555 4.4389538 4.4399359 4.4409019 4.4418517 4.4427854 4.443703 4.4446048 4.4454906 4.4463607 4.4472152 4.4480541
4.3729804 4.3744524 4.3759313 4.3774161 4.3789059 4.3803996 4.3818963 4.3833949 4.3848946 4.3863943 4.3878931 4.3893901 4.3908845 4.3923752 4.3938616 4.3953427 4.3968178 4.398286 4.3997468 4.4011993 4.4026428 4.4040768 4.4055007 4.4069137 4.4083154 4.4097052 4.4110826 4.4124473 4.4137986 4.4151363 4.4164599 4.4177691 4.4190636 4.420343 4.4216071 4.4228557 4.4240884 4.4253052 4.4265059 4.4276902 4.4288581 4.4300094 4.431144 4.432262 4.4333631 4.4344474 4.4355148 4.4365654 4.4375991 4.438616 4.4396161 4.4405994 4.441566 4.442516 4.4434494 4.4443663 4.4452669 4.4461512 4.4470193 4.4478714
4.3709528 4.37247 4.3739943 4.3755246 4.3770598 4.3785989 4.3801408 4.3816845 4.383229 4.3847732 4.3863163 4.3878572 4.3893951 4.3909289 4.3924578 4.393981 4.3954977 4.3970069 4.3985081 4.4000004 4.4014831 4.4029556 4.4044172 4.4058673 4.4073054 4.408731 4.4101434 4.4115423 4.4129271 4.4142976 4.4156532 4.4169937 4.4183187 4.4196279 4.4209211 4.422198 4.4234583 4.424702 4.4259287 4.4271385 4.4283311 4.4295064 4.4306644 4.4318049 4.432928 4.4340336 4.4351217 4.4361924 4.4372455 4.4382811 4.4392994 4.4403003 4.4412839 4.4422504 4.4431997 4.444132 4.4450474 4.445946 4.446828 4.4476935
