Cobbity4/FInal/QGIS/Reverses.asc
NCOLS 600
NROWS 430
XLLCORNER 150.661
YLLCORNER -34.0272
CELLSIZE 1e-05
NODATA_VALUE -9999
[rows 135 to 161 of 430, columns 0 to 59 of 600]
4.500712 4.5009599 4.5012033 4.5014419 4.5016755 4.5019038 4.5021267 4.5023438 4.5025549 4.5027596 4.5029578 4.5031492 4.5033334 4.5035101 4.503679 4.5038399 4.5039922 4.5041358 4.5042702 4.5043951 4.5045101 4.5046149 4.5047089 4.5047918 4.5048632 4.5049226 4.5049697 4.5050038 4.5050246 4.5050316 4.5050242 4.505002 4.5049643 4.5049108 4.5048408 4.5047538 4.5046491 4.5045262 4.5043845 4.5042233 4.504042 4.5038399 4.5036164 4.5033707 4.5031022 4.5028102 4.5024939 4.5021525 4.5017854 4.5013917 4.5009706 4.5005214 4.5000432 4.4995352 4.4989965 4.4984264 4.4978239 4.4971881 4.4965182 4.4958133
4.5009233 4.5011782 4.5014285 4.5016742 4.5019149 4.5021505 4.5023806 4.5026051 4.5028236 4.5030359 4.5032417 4.5034407 4.5036327 4.5038171 4.5039939 4.5041626 4.5043229 4.5044745 4.5046169 4.5047499 4.504873 4.5049858 4.505088 4.505179 4.5052586 4.5053262 4.5053813 4.5054236 4.5054525 4.5054675 4.5054681 4.5054538 4.5054241 4.5053784 4.5053161 4.5052366 4.5051394 4.5050239 4.5048893 4.5047351 4.5045607 4.5043652 4.5041481 4.5039086 4.503646 4.5033595 4.5030485 4.5027121 4.5023495 4.50196 4.5015427 4.5010967 4.5006214 4.5001157 4.4995787 4.4990097 4.4984077 4.4977718 4.4971011 4.4963946
4.5011339 4.5013957 4.5016532 4.5019061 4.5021541 4.502397 4.5026346 4.5028666 4.5030928 4.5033128 4.5035263 4.5037332 4.503933 4.5041255 4.5043103 4.5044871 4.5046555 4.5048153 4.504966 4.5051073 4.5052387 4.5053599 4.5054704 4.5055699 4.5056579 4.5057339 4.5057975 4.5058482 4.5058854 4.5059088 4.5059178 4.5059118 4.5058903 4.5058527 4.5057985 4.5057271 4.5056377 4.5055299 4.5054029 4.5052562 4.505089 4.5049006 4.5046903 4.5044574 4.5042011 4.5039208 4.5036155 4.5032845 4.502927 4.5025421 4.5021291 4.501687 4.5012149 4.5007121 4.5001774 4.4996101 4.4990091 4.4983736 4.4977026 4.496995
4.5013435 4.5016125 4.5018772 4.5021374 4.5023929 4.5026433 4.5028885 4.5031282 4.5033621 4.50359 4.5038115 4.5040263 4.5042343 4.5044349 4.5046279 4.5048131 4.5049899 4.5051581 4.5053173 4.5054671 4.5056071 4.5057369 4.5058561 4.5059643 4.506061 4.5061457 4.506218 4.5062774 4.5063234 4.5063555 4.5063732 4.5063758 4.5063629 4.5063339 4.5062881 4.506225 4.5061439 4.5060443 4.5059253 4.5057864 4.5056269 4.505446 4.5052431 4.5050172 4.5047678 4.504494 4.504195 4.5038699 4.503518 4.5031384 4.5027301 4.5022924 4.5018242 4.5013247 4.5007929 4.5002278 4.4996284 4.4989939 4.4983231 4.497615
4.501552 4.5018283 4.5021004 4.502368 4.5026311 4.5028892 4.5031421 4.5033897 4.5036315 4.5038674 4.504097 4.5043201 4.5045363 4.5047453 4.5049468 4.5051404 4.5053259 4.5055027 4.5056706 4.5058292 4.505978 4.5061168 4.5062449 4.506362 4.5064677 4.5065615 4.5066428 4.5067113 4.5067663 4.5068075 4.5068341 4.5068458 4.5068418 4.5068217 4.5067848 4.5067305 4.5066581 4.506567 4.5064565 4.5063259 4.5061745 4.5060016 4.5058064 4.5055882 4.5053461 4.5050793 4.5047871 4.5044685 4.5041227 4.5037488 4.5033459 4.5029131 4.5024493 4.5019538 4.5014254 4.5008631 4.500266 4.499633 4.498963 4.498255
4.5017593 4.5020429 4.5023225 4.5025978 4.5028686 4.5031345 4.5033953 4.5036509 4.5039009 4.5041449 4.5043829 4.5046143 4.504839 4.5050565 4.5052667 4.5054691 4.5056633 4.505849 4.5060259 4.5061935 4.5063514 4.5064993 4.5066366 4.506763 4.506878 4.5069811 4.5070718 4.5071496 4.5072141 4.5072646 4.5073006 4.5073216 4.507327 4.5073162 4.5072885 4.5072433 4.50718 4.5070979 4.5069963 4.5068745 4.5067318 4.5065673 4.5063804 4.5061702 4.5059359 4.5056768 4.5053919 4.5050803 4.5047412 4.5043736 4.5039766 4.5035493 4.5030906 4.5025996 4.5020752 4.5015164 4.5009221 4.5002912 4.4996227 4.4989154
4.5019652 4.5022564 4.5025436 4.5028266 4.5031052 4.5033791 4.503648 4.5039117 4.5041699 4.5044224 4.5046688 4.5049088 4.5051421 4.5053685 4.5055875 4.5057988 4.506002 4.5061969 4.506383 4.5065598 4.5067271 4.5068844 4.5070312 4.5071671 4.5072917 4.5074044 4.5075048 4.5075923 4.5076665 4.5077267 4.5077725 4.5078032 4.5078183 4.5078172 4.5077991 4.5077636 4.5077098 4.5076371 4.5075449 4.5074323 4.5072986 4.5071431 4.506965 4.5067634 4.5065375 4.5062865 4.5060094 4.5057054 4.5053736 4.5050129 4.5046224 4.5042012 4.5037482 4.5032624 4.5027426 4.5021879 4.5015971 4.5009691 4.5003027 4.4995968
4.5021695 4.5024683 4.5027633 4.5030542 4.5033408 4.5036227 4.5038999 4.5041719 4.5044386 4.5046996 4.5049546 4.5052034 4.5054456 4.5056809 4.5059089 4.5061294 4.5063419 4.5065461 4.5067416 4.506928 4.5071049 4.5072719 4.5074284 4.5075742 4.5077086 4.5078312 4.5079416 4.5080392 4.5081234 4.5081937 4.5082496 4.5082905 4.5083157 4.5083246 4.5083166 4.5082911 4.5082472 4.5081845 4.508102 4.5079992 4.5078751 4.5077291 4.5075602 4.5073677 4.5071508 4.5069084 4.5066398 4.506344 4.50602 4.5056668 4.5052835 4.5048691 4.5044224 4.5039423 4.5034279 4.502878 4.5022913 4.5016668 4.5010033 4.5002994
4.5023721 4.5026787 4.5029816 4.5032805 4.5035752 4.5038654 4.5041509 4.5044314 4.5047066 4.5049763 4.5052402 4.5054979 4.5057491 4.5059936 4.5062309 4.5064608 4.5066828 4.5068965 4.5071017 4.5072979 4.5074847 4.5076616 4.5078282 4.507984 4.5081286 4.5082615 4.5083822 4.5084901 4.5085847 4.5086655 4.5087319 4.5087832 4.5088189 4.5088383 4.5088408 4.5088257 4.5087923 4.5087399 4.5086678 4.5085751 4.5084611 4.508325 4.508166 4.5079832 4.5077757 4.5075426 4.507283 4.506996 4.5066805 4.5063355 4.50596 4.5055529 4.5051132 4.5046397 4.5041313 4.5035869 4.5030051 4.5023849 4.5017249 4.5010239
4.5025729 4.5028874 4.5031982 4.5035052 4.5038082 4.5041068 4.5044008 4.5046899 4.5049739 4.5052525 4.5055253 4.5057921 4.5060526 4.5063064 4.5065532 4.5067927 4.5070244 4.507248 4.5074631 4.5076693 4.5078662 4.5080533 4.5082302 4.5083964 4.5085515 4.508695 4.5088263 4.5089449 4.5090503 4.5091419 4.5092191 4.5092813 4.5093279 4.5093582 4.5093716 4.5093674 4.5093449 4.5093033 4.5092419 4.50916 4.5090566 4.508931 4.5087824 4.5086098 4.5084124 4.5081892 4.5079392 4.5076615 4.5073551 4.507019 4.5066519 4.506253 4.5058209 4.5053547 4.5048531 4.5043148 4.5037387 4.5031234 4.5024678 4.5017704
4.5027715 4.503094 4.503413 4.5037283 4.5040396 4.5043467 4.5046494 4.5049473 4.5052402 4.5055278 4.5058098 4.506086 4.5063559 4.5066192 4.5068757 4.507125 4.5073666 4.5076002 4.5078255 4.508042 4.5082492 4.5084468 4.5086344 4.5088113 4.5089772 4.5091315 4.5092738 4.5094034 4.5095199 4.5096227 4.5097111 4.5097846 4.5098425 4.5098841 4.5099089 4.509916 4.5099048 4.5098746 4.5098245 4.5097537 4.5096615 4.509547 4.5094093 4.5092475 4.5090607 4.508848 4.5086083 4.5083407 4.508044 4.5077173 4.5073595 4.5069693 4.5065457 4.5060875 4.5055933 4.505062 4.5044924 4.5038829 4.5032324 4.5025395
4.502968 4.5032986 4.5036258 4.5039495 4.5042693 4.5045851 4.5048965 4.5052034 4.5055053 4.5058022 4.5060935 4.5063791 4.5066587 4.5069318 4.5071981 4.5074574 4.5077092 4.5079531 4.5081888 4.5084158 4.5086337 4.5088421 4.5090404 4.5092284 4.5094054 4.5095709 4.5097245 4.5098655 4.5099934 4.5101077 4.5102078 4.5102929 4.5103625 4.5104159 4.5104525 4.5104714 4.510472 4.5104536 4.5104152 4.5103562 4.5102757 4.5101728 4.5100466 4.5098962 4.5097207 4.509519 4.5092903 4.5090334 4.5087472 4.5084307 4.5080827 4.5077021 4.5072877 4.5068382 4.5063523 4.5058288 4.5052664 4.5046636 4.5040191 4.5033314
4.503162 4.5035008 4.5038364 4.5041686 4.5044971 4.5048216 4.505142 4.5054579 4.5057691 4.5060753 4.5063762 4.5066715 4.5069608 4.5072439 4.5075203 4.5077898 4.5080519 4.5083064 4.5085527 4.5087905 4.5090193 4.5092387 4.5094482 4.5096475 4.5098359 4.5100129 4.5101781 4.5103309 4.5104706 4.5105968 4.5107089 4.5108061 4.5108878 4.5109534 4.5110022 4.5110334 4.5110463 4.5110402 4.5110141 4.5109674 4.5108991 4.5108083 4.5106942 4.5105559 4.5103922 4.5102023 4.5099851 4.5097396 4.5094646 4.509159 4.5088217 4.5084514 4.5080469 4.5076069 4.5071302 4.5066154 4.506061 4.5054658 4.5048281 4.5041467
4.5033534 4.5037005 4.5040446 4.5043854 4.5047227 4.5050561 4.5053856 4.5057107 4.5060313 4.506347 4.5066576 4.5069627 4.507262 4.5075552 4.507842 4.5081219 4.5083946 4.5086598 4.508917 4.5091658 4.5094058 4.5096365 4.5098575 4.5100683 4.5102684 4.5104573 4.5106345 4.5107993 4.5109513 4.5110898 4.5112142 4.5113239 4.5114182 4.5114964 4.5115579 4.5116018 4.5116275 4.5116341 4.5116209 4.511587 4.5115315 4.5114535 4.5113521 4.5112264 4.5110752 4.5108978 4.5106928 4.5104594 4.5101963 4.5099024 4.5095764 4.5092172 4.5088235 4.5083939 4.5079271 4.5074218 4.5068764 4.5062896 4.5056598 4.5049855
4.503542 4.5038976 4.5042502 4.5045998 4.5049459 4.5052884 4.5056271 4.5059616 4.5062917 4.5066171 4.5069376 4.5072527 4.5075622 4.5078657 4.5081629 4.5084535 4.5087371 4.5090132 4.5092815 4.5095416 4.509793 4.5100353 4.5102681 4.5104908 4.5107029 4.5109039 4.5110934 4.5112706 4.5114351 4.5115863 4.5117235 4.5118461 4.5119534 4.5120447 4.5121193 4.5121764 4.5122154 4.5122354 4.5122355 4.5122149 4.5121728 4.5121081 4.5120201 4.5119076 4.5117697 4.5116053 4.5114133 4.5111927 4.5109422 4.5106607 4.5103469 4.5099996 4.5096175 4.5091992 4.5087432 4.5082483 4.5077129 4.5071354 4.5065144 4.5058482
4.5037275 4.5040916 4.504453 4.5048114 4.5051666 4.5055183 4.5058663 4.5062103 4.5065501 4.5068854 4.5072158 4.5075411 4.5078609 4.508175 4.5084829 4.5087844 4.5090789 4.5093663 4.5096459 4.5099176 4.5101807 4.5104349 4.5106796 4.5109145 4.5111389 4.5113525 4.5115545 4.5117446 4.511922 4.5120862 4.5122366 4.5123725 4.5124931 4.512598 4.5126862 4.5127571 4.5128098 4.5128436 4.5128576 4.512851 4.5128228 4.5127721 4.512698 4.5125994 4.5124753 4.5123247 4.5121464 4.5119393 4.5117022 4.511434 4.5111332 4.5107986 4.510429 4.5100228 4.5095786 4.509095 4.5085705 4.5080034 4.5073922 4.5067352
4.5039098 4.5042826 4.5046528 4.5050201 4.5053845 4.5057455 4.506103 4.5064567 4.5068063 4.5071515 4.5074921 4.5078278 4.5081581 4.5084829 4.5088017 4.5091142 4.50942 4.5097188 4.5100101 4.5102935 4.5105685 4.5108348 4.5110919 4.5113392 4.5115763 4.5118027 4.5120177 4.5122209 4.5124116 4.5125892 4.5127532 4.5129028 4.5130373 4.5131561 4.5132584 4.5133435 4.5134105 4.5134586 4.5134871 4.5134949 4.5134813 4.5134451 4.5133856 4.5133016 4.5131921 4.5130559 4.5128921 4.5126993 4.5124764 4.5122221 4.5119352 4.5116143 4.5112579 4.5108648 4.5104333 4.5099621 4.5094494 4.5088937 4.5082933 4.5076466
4.5040887 4.5044702 4.5048493 4.5052257 4.5055993 4.5059698 4.5063369 4.5067003 4.5070599 4.5074153 4.5077663 4.5081124 4.5084535 4.5087891 4.509119 4.5094428 4.5097601 4.5100705 4.5103736 4.510669 4.5109563 4.511235 4.5115046 4.5117647 4.5120148 4.5122542 4.5124826 4.5126992 4.5129036 4.5130951 4.513273 4.5134367 4.5135855 4.5137187 4.5138356 4.5139353 4.5140171 4.5140802 4.5141236 4.5141466 4.514148 4.5141271 4.5140828 4.514014 4.5139197 4.5137988 4.5136501 4.5134724 4.5132645 4.5130251 4.5127528 4.5124464 4.5121043 4.5117252 4.5113074 4.5108495 4.5103497 4.5098065 4.5092181 4.5085827
4.5042639 4.5046542 4.5050423 4.505428 4.5058109 4.5061909 4.5065677 4.5069411 4.5073108 4.5076765 4.5080379 4.5083948 4.5087467 4.5090935 4.5094346 4.5097699 4.5100988 4.5104211 4.5107362 4.5110439 4.5113437 4.511635 4.5119175 4.5121907 4.512454 4.5127069 4.5129489 4.5131794 4.5133978 4.5136034 4.5137957 4.513974 4.5141375 4.5142856 4.5144175 4.5145324 4.5146296 4.5147081 4.514767 4.5148056 4.5148228 4.5148177 4.5147893 4.5147364 4.5146581 4.5145531 4.5144203 4.5142585 4.5140664 4.5138427 4.5135861 4.513295 4.5129682 4.512604 4.5122009 4.5117573 4.5112716 4.5107419 4.5101665 4.5095436
4.5044352 4.5048345 4.5052317 4.5056266 4.506019 4.5064087 4.5067954 4.5071788 4.5075587 4.5079349 4.5083069 4.5086746 4.5090376 4.5093956 4.5097482 4.5100951 4.5104359 4.5107703 4.5110977 4.5114179 4.5117304 4.5120347 4.5123303 4.5126168 4.5128937 4.5131604 4.5134164 4.513661 4.5138938 4.514114 4.5143211 4.5145143 4.514693 4.5148565 4.5150039 4.5151345 4.5152474 4.5153419 4.515417 4.5154718 4.5155054 4.5155168 4.5155048 4.5154686 4.5154069 4.5153186 4.5152026 4.5150574 4.514882 4.5146749 4.5144347 4.51416 4.5138493 4.5135011 4.5131137 4.5126856 4.5122149 4.5116999 4.5111388 4.5105297
4.5046024 4.5050107 4.5054171 4.5058214 4.5062234 4.5066228 4.5070195 4.5074131 4.5078034 4.5081901 4.508573 4.5089516 4.5093258 4.5096952 4.5100595 4.5104183 4.5107711 4.5111178 4.5114578 4.5117907 4.5121161 4.5124336 4.5127427 4.5130428 4.5133336 4.5136143 4.5138846 4.5141438 4.5143913 4.5146265 4.5148488 4.5150574 4.5152517 4.5154309 4.5155943 4.5157411 4.5158704 4.5159814 4.5160732 4.5161448 4.5161954 4.5162239 4.5162292 4.5162103 4.516166 4.5160951 4.5159966 4.5158689 4.515711 4.5155213 4.5152985 4.5150412 4.5147477 4.5144164 4.5140459 4.5136343 4.5131798 4.5126807 4.5121351 4.5115409
4.5047653 4.5051826 4.5055983 4.5060121 4.5064237 4.506833 4.5072398 4.5076437 4.5080445 4.5084419 4.5088357 4.5092255 4.5096111 4.5099921 4.5103682 4.510739 4.5111042 4.5114633 4.511816 4.5121619 4.5125006 4.5128315 4.5131543 4.5134683 4.5137732 4.5140684 4.5143533 4.5146274 4.51489 4.5151406 4.5153784 4.5156028 4.5158132 4.5160086 4.5161885 4.5163519 4.5164981 4.5166262 4.5167353 4.5168244 4.5168925 4.5169388 4.516962 4.5169611 4.5169349 4.5168823 4.516802 4.5166928 4.5165532 4.5163819 4.5161775 4.5159384 4.515663 4.5153499 4.5149972 4.5146032 4.5141662 4.5136842 4.5131553 4.5125774
4.5049235 4.50535 4.505775 4.5061984 4.5066198 4.5070391 4.5074561 4.5078704 4.5082818 4.5086901 4.5090949 4.5094961 4.5098932 4.5102859 4.510674 4.511057 4.5114346 4.5118065 4.5121722 4.5125313 4.5128834 4.513228 4.5135647 4.513893 4.5142124 4.5145223 4.5148221 4.5151114 4.5153895 4.5156558 4.5159096 4.5161503 4.5163771 4.5165892 4.516786 4.5169667 4.5171303 4.517276 4.5174029 4.51751 4.5175964 4.5176611 4.5177029 4.5177207 4.5177134 4.5176799 4.5176187 4.5175286 4.5174083 4.5172563 4.5170712 4.5168513 4.5165953 4.5163012 4.5159675 4.5155924 4.515174 4.5147103 4.5141994 4.5136392
4.5050769 4.5055126 4.5059471 4.5063801 4.5068114 4.5072408 4.507668 4.5080928 4.508515 4.5089343 4.5093503 4.5097629 4.5101717 4.5105763 4.5109765 4.511372 4.5117623 4.5121471 4.5125259 4.5128985 4.5132642 4.5136228 4.5139737 4.5143165 4.5146506 4.5149755 4.5152907 4.5155955 4.5158895 4.5161719 4.516442 4.5166993 4.516943 4.5171724 4.5173866 4.5175849 4.5177664 4.5179303 4.5180756 4.5182014 4.5183067 4.5183904 4.5184515 4.5184888 4.5185012 4.5184874 4.5184462 4.5183762 4.518276 4.5181442 4.5179794 4.5177799 4.5175441 4.5172703 4.5169567 4.5166016 4.5162031 4.515759 4.5152675 4.5147263
4.5052252 4.5056702 4.5061142 4.506557 4.5069982 4.5074377 4.5078754 4.5083108 4.5087438 4.5091742 4.5096015 4.5100257 4.5104463 4.510863 4.5112756 4.5116836 4.5120867 4.5124846 4.5128768 4.513263 4.5136427 4.5140155 4.5143809 4.5147384 4.5150876 4.5154278 4.5157586 4.5160793 4.5163894 4.5166883 4.5169752 4.5172496 4.5175106 4.5177576 4.5179897 4.5182062 4.5184062 4.5185888 4.5187531 4.5188981 4.5190229 4.5191264 4.5192075 4.519265 4.5192978 4.5193046 4.5192841 4.519235 4.519156 4.5190454 4.5189018 4.5187236 4.5185092 4.5182567 4.5179645 4.5176307 4.5172532 4.5168302 4.5163594 4.5158386
4.5053681 4.5058225 4.5062761 4.5067286 4.5071799 4.5076297 4.5080778 4.508524 4.508968 4.5094095 4.5098483 4.5102842 4.5107167 4.5111457 4.5115707 4.5119915 4.5124076 4.5128188 4.5132246 4.5136247 4.5140185 4.5144057 4.5147858 4.5151584 4.5155228 4.5158787 4.5162254 4.5165624 4.516889 4.5172047 4.5175088 4.5178006 4.5180794 4.5183444 4.5185949 4.5188301 4.5190491 4.519251 4.5194348 4.5195998 4.5197447 4.5198686 4.5199703 4.5200488 4.5201027 4.5201309 4.5201321 4.5201048 4.5200478 4.5199593 4.519838 4.5196822 4.5194903 4.5192603 4.5189907 4.5186793 4.5183243 4.5179235 4.5174748 4.516976
4.5055054 4.5059693 4.5064325 4.5068949 4.5073563 4.5078164 4.5082751 4.508732 4.5091871 4.5096399 4.5100903 4.510538 4.5109826 4.511424 4.5118616 4.5122953 4.5127247 4.5131493 4.5135689 4.513983 4.5143912 4.5147931 4.5151882 4.515576 4.515956 4.5163278 4.5166907 4.5170442 4.5173878 4.5177207 4.5180423 4.5183519 4.5186489 4.5189325 4.5192018 4.5194562 4.5196946 4.5199164 4.5201204 4.5203058 4.5204715 4.5206164 4.5207396 4.5208397 4.5209156 4.520966 4.5209897 4.5209851 4.5209509 4.5208856 4.5207877 4.5206553 4.5204869 4.5202807 4.5200348 4.5197472 4.5194159 4.5190388 4.5186137 4.5181383
