Cobbity4/FInal/QGIS/Reverse.asc
NCOLS 600
NROWS 379
XLLCORNER 150.66
YLLCORNER -34.0282
CELLSIZE 1e-05
NODATA_VALUE -9999
[rows 108 to 134 of 379, columns 240 to 299 of 600]
150.66242 150.66243 150.66244 150.66245 150.66246 150.66247 150.66247 150.66247 150.66248 150.6625 150.66251 150.66252 150.66253 150.66254 150.66255 150.66255 150.66256 150.66256 150.66257 150.66258 150.66259 150.6626 150.66261 150.66262 150.66262 150.66263 150.66264 150.66265 150.66266 150.66267 150.66268 150.66268 150.66268 150.66269 150.6627 150.66271 150.66273 150.66275 150.66277 150.66277 150.66276 150.66275 150.66276 150.66277 150.66278 150.66279 150.66281 150.66281 150.66281 150.66281 150.66282 150.66282 150.66283 150.66285 150.66287 150.6629 150.66293 150.66294 150.66292 150.6629
150.66242 150.66243 150.66244 150.66245 150.66246 150.66247 150.66247 150.66247 150.66248 150.6625 150.66251 150.66252 150.66253 150.66254 150.66255 150.66255 150.66256 150.66256 150.66257 150.66258 150.6626 150.66261 150.66262 150.66262 150.66262 150.66263 150.66264 150.66265 150.66266 150.66267 150.66267 150.66268 150.66268 150.66269 150.6627 150.66271 150.66273 150.66275 150.66278 150.66278 150.66276 150.66275 150.66276 150.66277 150.66278 150.66281 150.66283 150.66284 150.66283 150.66282 150.66282 150.66282 150.66283 150.66285 150.66286 150.66288 150.6629 150.6629 150.6629 150.66289
150.66242 150.66243 150.66244 150.66245 150.66246 150.66247 150.66247 150.66248 150.66249 150.6625 150.66251 150.66252 150.66253 150.66254 150.66255 150.66255 150.66255 150.66256 150.66257 150.66258 150.6626 150.66261 150.66263 150.66262 150.66262 150.66263 150.66264 150.66265 150.66267 150.66268 150.66268 150.66268 150.66268 150.66269 150.6627 150.66271 150.66272 150.66274 150.66276 150.66276 150.66275 150.66275 150.66276 150.66277 150.66279 150.66282 150.66286 150.66287 150.66284 150.66282 150.66282 150.66282 150.66284 150.66285 150.66287 150.66289 150.66289 150.66289 150.66289 150.66289
150.66242 150.66243 150.66244 150.66245 150.66246 150.66247 150.66247 150.66248 150.66249 150.6625 150.66251 150.66252 150.66253 150.66254 150.66255 150.66255 150.66255 150.66256 150.66257 150.66258 150.6626 150.66261 150.66262 150.66262 150.66262 150.66263 150.66264 150.66266 150.66268 150.66269 150.66268 150.66268 150.66268 150.66269 150.6627 150.66271 150.66272 150.66273 150.66274 150.66275 150.66275 150.66275 150.66276 150.66277 150.66279 150.66281 150.66284 150.66285 150.66283 150.66282 150.66282 150.66283 150.66284 150.66286 150.66289 150.66292 150.66291 150.6629 150.66289 150.66289
150.66242 150.66243 150.66244 150.66245 150.66246 150.66246 150.66247 150.66248 150.66249 150.6625 150.66251 150.66252 150.66253 150.66254 150.66254 150.66255 150.66255 150.66256 150.66257 150.66259 150.6626 150.66261 150.66261 150.66262 150.66262 150.66263 150.66264 150.66265 150.66267 150.66269 150.66268 150.66268 150.66268 150.66269 150.6627 150.66271 150.66273 150.66274 150.66274 150.66274 150.66274 150.66275 150.66276 150.66277 150.66279 150.66281 150.66282 150.66282 150.66282 150.66282 150.66282 150.66283 150.66284 150.66287 150.66291 150.66295 150.66294 150.6629 150.66289 150.66289
150.66242 150.66243 150.66245 150.66245 150.66246 150.66246 150.66246 150.66248 150.66249 150.6625 150.66251 150.66252 150.66253 150.66254 150.66254 150.66255 150.66255 150.66256 150.66258 150.66259 150.6626 150.66261 150.66261 150.66261 150.66262 150.66263 150.66264 150.66265 150.66266 150.66267 150.66267 150.66267 150.66268 150.66269 150.6627 150.66272 150.66274 150.66275 150.66275 150.66274 150.66274 150.66275 150.66276 150.66278 150.6628 150.66281 150.66282 150.66282 150.66281 150.66281 150.66282 150.66283 150.66284 150.66287 150.6629 150.66294 150.66293 150.6629 150.66289 150.66289
150.66242 150.66244 150.66245 150.66245 150.66246 150.66246 150.66246 150.66248 150.66249 150.6625 150.66251 150.66252 150.66253 150.66254 150.66254 150.66255 150.66255 150.66256 150.66258 150.66259 150.6626 150.66261 150.66261 150.66261 150.66262 150.66263 150.66264 150.66265 150.66266 150.66266 150.66267 150.66267 150.66268 150.66269 150.6627 150.66272 150.66275 150.66277 150.66276 150.66275 150.66274 150.66275 150.66276 150.66278 150.66281 150.66284 150.66284 150.66282 150.66281 150.66281 150.66282 150.66283 150.66284 150.66286 150.66288 150.6629 150.6629 150.66289 150.66288 150.66289
150.66243 150.66244 150.66245 150.66245 150.66246 150.66246 150.66247 150.66248 150.66249 150.6625 150.66251 150.66252 150.66253 150.66254 150.66254 150.66254 150.66255 150.66256 150.66258 150.66259 150.6626 150.66261 150.66261 150.66261 150.66262 150.66263 150.66264 150.66266 150.66267 150.66266 150.66266 150.66267 150.66268 150.66269 150.6627 150.66272 150.66274 150.66276 150.66275 150.66274 150.66274 150.66275 150.66276 150.66278 150.66281 150.66285 150.66285 150.66282 150.66281 150.66281 150.66282 150.66283 150.66285 150.66286 150.66288 150.66288 150.66288 150.66288 150.66288 150.66289
150.66243 150.66244 150.66245 150.66245 150.66246 150.66246 150.66247 150.66248 150.66249 150.6625 150.66251 150.66252 150.66253 150.66253 150.66254 150.66255 150.66255 150.66256 150.66258 150.66259 150.6626 150.6626 150.66261 150.66261 150.66262 150.66263 150.66265 150.66267 150.66268 150.66267 150.66266 150.66267 150.66268 150.66269 150.6627 150.66271 150.66273 150.66274 150.66274 150.66274 150.66274 150.66275 150.66276 150.66278 150.6628 150.66282 150.66283 150.66281 150.66281 150.66281 150.66282 150.66283 150.66286 150.66289 150.6629 150.66289 150.66288 150.66287 150.66288 150.66289
150.66243 150.66244 150.66244 150.66245 150.66245 150.66246 150.66247 150.66248 150.66249 150.6625 150.66251 150.66252 150.66253 150.66253 150.66254 150.66255 150.66255 150.66257 150.66258 150.66259 150.6626 150.6626 150.6626 150.66261 150.66262 150.66263 150.66265 150.66267 150.66267 150.66267 150.66266 150.66267 150.66268 150.66269 150.6627 150.66272 150.66272 150.66273 150.66273 150.66273 150.66274 150.66275 150.66277 150.66278 150.66279 150.6628 150.66281 150.6628 150.6628 150.66281 150.66282 150.66283 150.66287 150.66291 150.66294 150.66291 150.66288 150.66287 150.66288 150.66289
150.66243 150.66244 150.66244 150.66245 150.66245 150.66246 150.66247 150.66248 150.66249 150.6625 150.66251 150.66252 150.66253 150.66253 150.66254 150.66255 150.66256 150.66257 150.66258 150.66259 150.6626 150.6626 150.6626 150.66261 150.66262 150.66263 150.66264 150.66265 150.66266 150.66266 150.66266 150.66267 150.66268 150.66269 150.66271 150.66273 150.66273 150.66273 150.66273 150.66273 150.66274 150.66275 150.66277 150.66279 150.66281 150.66281 150.6628 150.6628 150.6628 150.6628 150.66282 150.66283 150.66286 150.6629 150.66293 150.66291 150.66288 150.66287 150.66288 150.66289
150.66243 150.66244 150.66244 150.66245 150.66244 150.66245 150.66247 150.66248 150.66249 150.6625 150.66251 150.66252 150.66253 150.66253 150.66254 150.66254 150.66256 150.66257 150.66258 150.66259 150.66261 150.6626 150.6626 150.66261 150.66262 150.66263 150.66264 150.66265 150.66265 150.66266 150.66266 150.66267 150.66268 150.66269 150.66272 150.66275 150.66276 150.66274 150.66273 150.66273 150.66274 150.66275 150.66277 150.66281 150.66284 150.66283 150.66281 150.6628 150.6628 150.6628 150.66281 150.66283 150.66285 150.66287 150.66289 150.66288 150.66287 150.66287 150.66288 150.6629
150.66243 150.66244 150.66244 150.66245 150.66245 150.66246 150.66247 150.66248 150.66249 150.6625 150.66251 150.66252 150.66253 150.66253 150.66254 150.66254 150.66256 150.66257 150.66258 150.66259 150.6626 150.6626 150.6626 150.66261 150.66262 150.66264 150.66265 150.66266 150.66265 150.66265 150.66266 150.66267 150.66268 150.66269 150.66272 150.66274 150.66275 150.66274 150.66273 150.66273 150.66274 150.66275 150.66277 150.66281 150.66284 150.66283 150.66281 150.6628 150.6628 150.6628 150.66281 150.66282 150.66284 150.66285 150.66286 150.66286 150.66286 150.66287 150.66288 150.66291
150.66243 150.66244 150.66244 150.66245 150.66245 150.66246 150.66247 150.66248 150.66249 150.6625 150.66251 150.66252 150.66252 150.66253 150.66254 150.66255 150.66256 150.66257 150.66258 150.66258 150.66259 150.6626 150.6626 150.66261 150.66262 150.66264 150.66267 150.66267 150.66266 150.66265 150.66266 150.66267 150.66268 150.66269 150.66271 150.66272 150.66273 150.66273 150.66273 150.66273 150.66274 150.66275 150.66277 150.66279 150.66281 150.66281 150.6628 150.66279 150.66279 150.6628 150.66281 150.66282 150.66283 150.66284 150.66285 150.66285 150.66286 150.66287 150.66288 150.66291
150.66243 150.66244 150.66244 150.66245 150.66245 150.66246 150.66247 150.66248 150.66249 150.6625 150.66251 150.66252 150.66252 150.66253 150.66254 150.66255 150.66256 150.66257 150.66258 150.66259 150.66259 150.66259 150.6626 150.66261 150.66262 150.66264 150.66265 150.66266 150.66265 150.66265 150.66266 150.66267 150.66268 150.66269 150.6627 150.66271 150.66272 150.66272 150.66272 150.66273 150.66274 150.66275 150.66277 150.66278 150.66279 150.66279 150.66279 150.66279 150.66279 150.6628 150.66282 150.66283 150.66284 150.66285 150.66285 150.66285 150.66286 150.66287 150.66288 150.6629
150.66243 150.66243 150.66244 150.66244 150.66245 150.66246 150.66247 150.66248 150.66249 150.6625 150.66251 150.66252 150.66252 150.66253 150.66254 150.66255 150.66256 150.66257 150.66258 150.66259 150.66259 150.66259 150.6626 150.66261 150.66262 150.66263 150.66264 150.66265 150.66265 150.66265 150.66266 150.66267 150.66268 150.6627 150.66271 150.66271 150.66271 150.66272 150.66272 150.66273 150.66274 150.66276 150.66278 150.66279 150.66279 150.66279 150.66278 150.66279 150.66279 150.66281 150.66283 150.66285 150.66287 150.66287 150.66286 150.66285 150.66286 150.66287 150.66289 150.66292
150.66243 150.66243 150.66243 150.66243 150.66245 150.66246 150.66247 150.66248 150.66249 150.6625 150.66251 150.66252 150.66252 150.66253 150.66254 150.66255 150.66256 150.66257 150.66258 150.66259 150.66259 150.66259 150.6626 150.66261 150.66262 150.66263 150.66264 150.66264 150.66264 150.66265 150.66266 150.66267 150.66269 150.66271 150.66273 150.66273 150.66272 150.66272 150.66272 150.66273 150.66274 150.66277 150.6628 150.66282 150.66281 150.66279 150.66278 150.66279 150.6628 150.66281 150.66284 150.66288 150.66291 150.66289 150.66287 150.66285 150.66286 150.66287 150.6629 150.66295
150.66243 150.66243 150.66244 150.66244 150.66245 150.66246 150.66247 150.66248 150.66249 150.6625 150.66251 150.66251 150.66252 150.66253 150.66254 150.66255 150.66256 150.66257 150.66258 150.66258 150.66259 150.66259 150.6626 150.66261 150.66263 150.66264 150.66264 150.66264 150.66264 150.66265 150.66266 150.66267 150.66269 150.66272 150.66275 150.66274 150.66272 150.66272 150.66272 150.66273 150.66274 150.66277 150.66281 150.66283 150.66281 150.66279 150.66278 150.66279 150.66279 150.66281 150.66284 150.66289 150.66292 150.6629 150.66287 150.66286 150.66286 150.66287 150.6629 150.66295
150.66243 150.66243 150.66244 150.66244 150.66245 150.66246 150.66247 150.66248 150.66249 150.6625 150.66251 150.66251 150.66252 150.66253 150.66254 150.66255 150.66256 150.66257 150.66257 150.66258 150.66258 150.66259 150.6626 150.66262 150.66264 150.66265 150.66265 150.66264 150.66264 150.66265 150.66266 150.66267 150.66269 150.66271 150.66273 150.66273 150.66272 150.66271 150.66272 150.66273 150.66274 150.66276 150.66278 150.6628 150.66279 150.66278 150.66278 150.66278 150.66279 150.66281 150.66283 150.66286 150.66288 150.66287 150.66286 150.66285 150.66286 150.66287 150.6629 150.66293
150.66243 150.66243 150.66244 150.66244 150.66245 150.66246 150.66248 150.66249 150.6625 150.6625 150.66251 150.66251 150.66252 150.66253 150.66254 150.66255 150.66256 150.66257 150.66258 150.66258 150.66258 150.66259 150.6626 150.66261 150.66263 150.66265 150.66264 150.66264 150.66264 150.66265 150.66266 150.66267 150.66268 150.6627 150.66271 150.66271 150.66271 150.66271 150.66272 150.66272 150.66274 150.66275 150.66276 150.66277 150.66277 150.66277 150.66278 150.66278 150.66279 150.6628 150.66282 150.66283 150.66284 150.66285 150.66285 150.66285 150.66286 150.66288 150.66289 150.66291
150.66242 150.66243 150.66243 150.66244 150.66245 150.66246 150.66248 150.66249 150.6625 150.6625 150.6625 150.66251 150.66252 150.66253 150.66254 150.66255 150.66256 150.66258 150.66258 150.66258 150.66258 150.66259 150.6626 150.66261 150.66262 150.66263 150.66263 150.66264 150.66264 150.66265 150.66266 150.66267 150.66269 150.6627 150.6627 150.6627 150.6627 150.66271 150.66271 150.66272 150.66273 150.66274 150.66275 150.66276 150.66276 150.66277 150.66277 150.66278 150.66279 150.6628 150.66282 150.66282 150.66283 150.66283 150.66284 150.66285 150.66286 150.66289 150.66291 150.66293
150.66242 150.66242 150.66242 150.66244 150.66245 150.66247 150.66248 150.66249 150.66249 150.6625 150.6625 150.66251 150.66252 150.66253 150.66254 150.66255 150.66256 150.66257 150.66258 150.66258 150.66258 150.66259 150.6626 150.66261 150.66261 150.66262 150.66263 150.66263 150.66264 150.66265 150.66266 150.66268 150.6627 150.66271 150.66271 150.6627 150.6627 150.66271 150.66272 150.66273 150.66274 150.66274 150.66275 150.66276 150.66276 150.66277 150.66277 150.66278 150.6628 150.66281 150.66282 150.66283 150.66283 150.66283 150.66284 150.66285 150.66287 150.6629 150.66295 150.66298
150.66242 150.66242 150.66243 150.66244 150.66245 150.66247 150.66248 150.66249 150.66249 150.6625 150.6625 150.66251 150.66252 150.66253 150.66254 150.66255 150.66256 150.66257 150.66257 150.66258 150.66258 150.66259 150.6626 150.6626 150.66261 150.66262 150.66262 150.66263 150.66264 150.66265 150.66267 150.66269 150.66271 150.66273 150.66272 150.66271 150.6627 150.66271 150.66272 150.66273 150.66274 150.66276 150.66276 150.66276 150.66276 150.66277 150.66277 150.66279 150.66281 150.66283 150.66285 150.66285 150.66284 150.66283 150.66284 150.66285 150.66287 150.6629 150.66295 150.66299
150.66242 150.66243 150.66244 150.66244 150.66246 150.66247 150.66248 150.66249 150.66249 150.6625 150.6625 150.66251 150.66252 150.66253 150.66254 150.66255 150.66256 150.66257 150.66257 150.66257 150.66258 150.66259 150.6626 150.66261 150.66261 150.66262 150.66262 150.66263 150.66264 150.66265 150.66267 150.66268 150.66271 150.66272 150.66271 150.6627 150.6627 150.66271 150.66272 150.66274 150.66276 150.66278 150.66278 150.66277 150.66276 150.66277 150.66278 150.66279 150.66282 150.66285 150.66289 150.66288 150.66285 150.66284 150.66284 150.66285 150.66286 150.66289 150.66292 150.66294
150.66243 150.66243 150.66244 150.66245 150.66246 150.66247 150.66248 150.66249 150.66249 150.66249 150.6625 150.66251 150.66252 150.66253 150.66254 150.66255 150.66257 150.66257 150.66257 150.66257 150.66258 150.66259 150.6626 150.66261 150.66262 150.66262 150.66262 150.66263 150.66264 150.66265 150.66266 150.66268 150.66269 150.6627 150.6627 150.6627 150.6627 150.66271 150.66272 150.66275 150.66278 150.66281 150.6628 150.66277 150.66277 150.66277 150.66278 150.6628 150.66282 150.66286 150.6629 150.66289 150.66285 150.66284 150.66284 150.66285 150.66286 150.66288 150.6629 150.6629
150.66242 150.66243 150.66244 150.66245 150.66246 150.66247 150.66248 150.66249 150.66249 150.66249 150.6625 150.66251 150.66252 150.66253 150.66254 150.66255 150.66257 150.66257 150.66257 150.66257 150.66258 150.6626 150.66261 150.66263 150.66263 150.66262 150.66262 150.66263 150.66264 150.66265 150.66267 150.66268 150.66269 150.66269 150.66269 150.6627 150.6627 150.66271 150.66272 150.66274 150.66278 150.6628 150.66279 150.66277 150.66277 150.66277 150.66278 150.6628 150.66282 150.66284 150.66286 150.66286 150.66284 150.66284 150.66284 150.66285 150.66287 150.6629 150.66291 150.6629
150.66242 150.66243 150.66244 150.66245 150.66246 150.66247 150.66248 150.66248 150.66249 150.6625 150.6625 150.66251 150.66252 150.66253 150.66254 150.66255 150.66256 150.66257 150.66257 150.66257 150.66258 150.6626 150.66262 150.66264 150.66263 150.66262 150.66262 150.66263 150.66264 150.66266 150.66267 150.66269 150.6627 150.66269 150.66269 150.66269 150.6627 150.66271 150.66272 150.66274 150.66276 150.66277 150.66277 150.66276 150.66276 150.66277 150.66278 150.6628 150.66282 150.66283 150.66284 150.66284 150.66283 150.66283 150.66284 150.66286 150.66289 150.66294 150.66295 150.66292
