Cobbity4/FInal/QGIS/Reverse.asc
NCOLS 600
NROWS 379
XLLCORNER 150.66
YLLCORNER -34.0282
CELLSIZE 1e-05
NODATA_VALUE -9999
[rows 108 to 134 of 379, columns 300 to 359 of 600]
150.6629 150.66291 150.66293 150.66298 150.66302 150.66301 150.66296 150.66293 150.6629 150.66288 150.66287 150.66286 150.66285 150.66284 150.66283 150.66282 150.66282 150.66281 150.6628 150.6628 150.6628 150.66279 150.66279 150.66278 150.66278 150.66277 150.66277 150.66277 150.66276 150.66276 150.66276 150.66276 150.66275 150.66275 150.66275 150.66275 150.66274 150.66274 150.66274 150.66274 150.66273 150.66273 150.66273 150.66273 150.66273 150.66272 150.66272 150.66272 150.66272 150.66272 150.66271 150.66271 150.66271 150.66271 150.66271 150.66271 150.6627 150.6627 150.6627 150.6627
150.66289 150.66291 150.66294 150.66299 150.66304 150.66302 150.66297 150.66293 150.6629 150.66288 150.66287 150.66285 150.66284 150.66283 150.66283 150.66282 150.66281 150.66281 150.6628 150.6628 150.66279 150.66279 150.66278 150.66278 150.66278 150.66277 150.66277 150.66277 150.66276 150.66276 150.66276 150.66275 150.66275 150.66275 150.66275 150.66274 150.66274 150.66274 150.66274 150.66273 150.66273 150.66273 150.66273 150.66273 150.66272 150.66272 150.66272 150.66272 150.66272 150.66271 150.66271 150.66271 150.66271 150.66271 150.66271 150.6627 150.6627 150.6627 150.6627 150.6627
150.66289 150.66291 150.66293 150.66297 150.66299 150.66298 150.66295 150.66292 150.66289 150.66288 150.66286 150.66285 150.66284 150.66283 150.66282 150.66282 150.66281 150.6628 150.6628 150.66279 150.66279 150.66278 150.66278 150.66278 150.66277 150.66277 150.66277 150.66276 150.66276 150.66276 150.66275 150.66275 150.66275 150.66275 150.66274 150.66274 150.66274 150.66274 150.66273 150.66273 150.66273 150.66273 150.66273 150.66272 150.66272 150.66272 150.66272 150.66272 150.66271 150.66271 150.66271 150.66271 150.66271 150.66271 150.6627 150.6627 150.6627 150.6627 150.6627 150.6627
150.66289 150.66291 150.66292 150.66294 150.66295 150.66294 150.66293 150.6629 150.66289 150.66287 150.66286 150.66285 150.66284 150.66283 150.66282 150.66281 150.66281 150.6628 150.6628 150.66279 150.66279 150.66278 150.66278 150.66277 150.66277 150.66277 150.66276 150.66276 150.66276 150.66275 150.66275 150.66275 150.66275 150.66274 150.66274 150.66274 150.66274 150.66273 150.66273 150.66273 150.66273 150.66273 150.66272 150.66272 150.66272 150.66272 150.66272 150.66271 150.66271 150.66271 150.66271 150.66271 150.66271 150.6627 150.6627 150.6627 150.6627 150.6627 150.6627 150.6627
150.6629 150.66291 150.66293 150.66294 150.66294 150.66293 150.66291 150.66289 150.66288 150.66286 150.66285 150.66284 150.66283 150.66282 150.66282 150.66281 150.6628 150.6628 150.66279 150.66279 150.66278 150.66278 150.66278 150.66277 150.66277 150.66276 150.66276 150.66276 150.66276 150.66275 150.66275 150.66275 150.66274 150.66274 150.66274 150.66274 150.66274 150.66273 150.66273 150.66273 150.66273 150.66272 150.66272 150.66272 150.66272 150.66272 150.66271 150.66271 150.66271 150.66271 150.66271 150.66271 150.6627 150.6627 150.6627 150.6627 150.6627 150.6627 150.6627 150.66269
150.6629 150.66293 150.66296 150.66298 150.66296 150.66293 150.66291 150.66289 150.66287 150.66286 150.66285 150.66284 150.66283 150.66282 150.66281 150.66281 150.6628 150.6628 150.66279 150.66279 150.66278 150.66278 150.66277 150.66277 150.66277 150.66276 150.66276 150.66276 150.66275 150.66275 150.66275 150.66275 150.66274 150.66274 150.66274 150.66274 150.66273 150.66273 150.66273 150.66273 150.66272 150.66272 150.66272 150.66272 150.66272 150.66272 150.66271 150.66271 150.66271 150.66271 150.66271 150.66271 150.6627 150.6627 150.6627 150.6627 150.6627 150.6627 150.66269 150.66269
150.66291 150.66294 150.663 150.66303 150.66299 150.66294 150.66291 150.66288 150.66287 150.66285 150.66284 150.66283 150.66282 150.66282 150.66281 150.6628 150.6628 150.66279 150.66279 150.66278 150.66278 150.66277 150.66277 150.66277 150.66276 150.66276 150.66276 150.66275 150.66275 150.66275 150.66275 150.66274 150.66274 150.66274 150.66274 150.66273 150.66273 150.66273 150.66273 150.66272 150.66272 150.66272 150.66272 150.66272 150.66272 150.66271 150.66271 150.66271 150.66271 150.66271 150.66271 150.6627 150.6627 150.6627 150.6627 150.6627 150.6627 150.66269 150.66269 150.66269
150.66291 150.66294 150.66299 150.66301 150.66298 150.66293 150.6629 150.66288 150.66286 150.66285 150.66284 150.66283 150.66282 150.66281 150.66281 150.6628 150.66279 150.66279 150.66278 150.66278 150.66278 150.66277 150.66277 150.66276 150.66276 150.66276 150.66275 150.66275 150.66275 150.66275 150.66274 150.66274 150.66274 150.66274 150.66273 150.66273 150.66273 150.66273 150.66273 150.66272 150.66272 150.66272 150.66272 150.66272 150.66271 150.66271 150.66271 150.66271 150.66271 150.66271 150.6627 150.6627 150.6627 150.6627 150.6627 150.6627 150.66269 150.66269 150.66269 150.66269
150.6629 150.66292 150.66295 150.66296 150.66294 150.66292 150.66289 150.66287 150.66286 150.66285 150.66283 150.66283 150.66282 150.66281 150.6628 150.6628 150.66279 150.66279 150.66278 150.66278 150.66277 150.66277 150.66277 150.66276 150.66276 150.66276 150.66275 150.66275 150.66275 150.66274 150.66274 150.66274 150.66274 150.66273 150.66273 150.66273 150.66273 150.66273 150.66272 150.66272 150.66272 150.66272 150.66272 150.66271 150.66271 150.66271 150.66271 150.66271 150.66271 150.6627 150.6627 150.6627 150.6627 150.6627 150.6627 150.6627 150.66269 150.66269 150.66269 150.66269
150.6629 150.66292 150.66293 150.66293 150.66292 150.6629 150.66288 150.66287 150.66285 150.66284 150.66283 150.66282 150.66281 150.66281 150.6628 150.66279 150.66279 150.66278 150.66278 150.66277 150.66277 150.66277 150.66276 150.66276 150.66276 150.66275 150.66275 150.66275 150.66274 150.66274 150.66274 150.66274 150.66273 150.66273 150.66273 150.66273 150.66273 150.66272 150.66272 150.66272 150.66272 150.66272 150.66271 150.66271 150.66271 150.66271 150.66271 150.66271 150.6627 150.6627 150.6627 150.6627 150.6627 150.6627 150.6627 150.66269 150.66269 150.66269 150.66269 150.66269
150.66292 150.66294 150.66294 150.66293 150.66291 150.66289 150.66287 150.66286 150.66285 150.66284 150.66283 150.66282 150.66281 150.6628 150.6628 150.66279 150.66279 150.66278 150.66278 150.66277 150.66277 150.66276 150.66276 150.66276 150.66275 150.66275 150.66275 150.66274 150.66274 150.66274 150.66274 150.66273 150.66273 150.66273 150.66273 150.66273 150.66272 150.66272 150.66272 150.66272 150.66272 150.66271 150.66271 150.66271 150.66271 150.66271 150.66271 150.6627 150.6627 150.6627 150.6627 150.6627 150.6627 150.6627 150.66269 150.66269 150.66269 150.66269 150.66269 150.66269
150.66294 150.66298 150.66298 150.66294 150.66291 150.66289 150.66287 150.66286 150.66284 150.66283 150.66282 150.66281 150.66281 150.6628 150.66279 150.66279 150.66278 150.66278 150.66277 150.66277 150.66277 150.66276 150.66276 150.66275 150.66275 150.66275 150.66275 150.66274 150.66274 150.66274 150.66274 150.66273 150.66273 150.66273 150.66273 150.66272 150.66272 150.66272 150.66272 150.66272 150.66271 150.66271 150.66271 150.66271 150.66271 150.66271 150.6627 150.6627 150.6627 150.6627 150.6627 150.6627 150.6627 150.66269 150.66269 150.66269 150.66269 150.66269 150.66269 150.66269
150.66295 150.66301 150.66301 150.66295 150.66291 150.66288 150.66287 150.66285 150.66284 150.66283 150.66282 150.66281 150.6628 150.6628 150.66279 150.66278 150.66278 150.66277 150.66277 150.66277 150.66276 150.66276 150.66276 150.66275 150.66275 150.66275 150.66274 150.66274 150.66274 150.66274 150.66273 150.66273 150.66273 150.66273 150.66272 150.66272 150.66272 150.66272 150.66272 150.66271 150.66271 150.66271 150.66271 150.66271 150.66271 150.6627 150.6627 150.6627 150.6627 150.6627 150.6627 150.6627 150.66269 150.66269 150.66269 150.66269 150.66269 150.66269 150.66269 150.66268
150.66294 150.66297 150.66297 150.66294 150.6629 150.66288 150.66286 150.66285 150.66283 150.66282 150.66281 150.66281 150.6628 150.66279 150.66279 150.66278 150.66278 150.66277 150.66277 150.66276 150.66276 150.66276 150.66275 150.66275 150.66275 150.66274 150.66274 150.66274 150.66274 150.66273 150.66273 150.66273 150.66273 150.66272 150.66272 150.66272 150.66272 150.66272 150.66271 150.66271 150.66271 150.66271 150.66271 150.66271 150.6627 150.6627 150.6627 150.6627 150.6627 150.6627 150.6627 150.66269 150.66269 150.66269 150.66269 150.66269 150.66269 150.66269 150.66268 150.66268
150.66292 150.66293 150.66293 150.66291 150.66289 150.66287 150.66286 150.66284 150.66283 150.66282 150.66281 150.6628 150.6628 150.66279 150.66278 150.66278 150.66277 150.66277 150.66277 150.66276 150.66276 150.66275 150.66275 150.66275 150.66274 150.66274 150.66274 150.66274 150.66273 150.66273 150.66273 150.66273 150.66272 150.66272 150.66272 150.66272 150.66272 150.66271 150.66271 150.66271 150.66271 150.66271 150.66271 150.6627 150.6627 150.6627 150.6627 150.6627 150.6627 150.6627 150.66269 150.66269 150.66269 150.66269 150.66269 150.66269 150.66269 150.66269 150.66268 150.66268
150.66294 150.66294 150.66292 150.6629 150.66288 150.66286 150.66285 150.66284 150.66283 150.66282 150.66281 150.6628 150.66279 150.66279 150.66278 150.66278 150.66277 150.66277 150.66276 150.66276 150.66275 150.66275 150.66275 150.66275 150.66274 150.66274 150.66274 150.66273 150.66273 150.66273 150.66273 150.66272 150.66272 150.66272 150.66272 150.66272 150.66271 150.66271 150.66271 150.66271 150.66271 150.66271 150.6627 150.6627 150.6627 150.6627 150.6627 150.6627 150.6627 150.66269 150.66269 150.66269 150.66269 150.66269 150.66269 150.66269 150.66269 150.66268 150.66268 150.66268
150.66299 150.66297 150.66293 150.6629 150.66288 150.66286 150.66284 150.66283 150.66282 150.66281 150.6628 150.6628 150.66279 150.66278 150.66278 150.66277 150.66277 150.66276 150.66276 150.66276 150.66275 150.66275 150.66275 150.66274 150.66274 150.66274 150.66273 150.66273 150.66273 150.66273 150.66273 150.66272 150.66272 150.66272 150.66272 150.66271 150.66271 150.66271 150.66271 150.66271 150.66271 150.6627 150.6627 150.6627 150.6627 150.6627 150.6627 150.6627 150.66269 150.66269 150.66269 150.66269 150.66269 150.66269 150.66269 150.66269 150.66268 150.66268 150.66268 150.66268
150.663 150.66298 150.66293 150.6629 150.66287 150.66285 150.66284 150.66283 150.66282 150.66281 150.6628 150.66279 150.66279 150.66278 150.66277 150.66277 150.66277 150.66276 150.66276 150.66275 150.66275 150.66275 150.66274 150.66274 150.66274 150.66273 150.66273 150.66273 150.66273 150.66273 150.66272 150.66272 150.66272 150.66272 150.66271 150.66271 150.66271 150.66271 150.66271 150.66271 150.6627 150.6627 150.6627 150.6627 150.6627 150.6627 150.6627 150.66269 150.66269 150.66269 150.66269 150.66269 150.66269 150.66269 150.66268 150.66268 150.66268 150.66268 150.66268 150.66268
150.66295 150.66294 150.66291 150.66289 150.66286 150.66285 150.66283 150.66282 150.66281 150.6628 150.6628 150.66279 150.66278 150.66278 150.66277 150.66277 150.66276 150.66276 150.66275 150.66275 150.66275 150.66274 150.66274 150.66274 150.66274 150.66273 150.66273 150.66273 150.66273 150.66272 150.66272 150.66272 150.66272 150.66272 150.66271 150.66271 150.66271 150.66271 150.66271 150.6627 150.6627 150.6627 150.6627 150.6627 150.6627 150.6627 150.66269 150.66269 150.66269 150.66269 150.66269 150.66269 150.66269 150.66268 150.66268 150.66268 150.66268 150.66268 150.66268 150.66268
150.66292 150.66291 150.66289 150.66287 150.66286 150.66284 150.66283 150.66282 150.66281 150.6628 150.66279 150.66279 150.66278 150.66277 150.66277 150.66276 150.66276 150.66276 150.66275 150.66275 150.66274 150.66274 150.66274 150.66274 150.66273 150.66273 150.66273 150.66273 150.66272 150.66272 150.66272 150.66272 150.66272 150.66271 150.66271 150.66271 150.66271 150.66271 150.6627 150.6627 150.6627 150.6627 150.6627 150.6627 150.6627 150.66269 150.66269 150.66269 150.66269 150.66269 150.66269 150.66269 150.66268 150.66268 150.66268 150.66268 150.66268 150.66268 150.66268 150.66268
150.66292 150.6629 150.66288 150.66287 150.66285 150.66284 150.66282 150.66281 150.6628 150.6628 150.66279 150.66278 150.66278 150.66277 150.66277 150.66276 150.66276 150.66275 150.66275 150.66275 150.66274 150.66274 150.66274 150.66273 150.66273 150.66273 150.66273 150.66272 150.66272 150.66272 150.66272 150.66272 150.66271 150.66271 150.66271 150.66271 150.66271 150.6627 150.6627 150.6627 150.6627 150.6627 150.6627 150.6627 150.66269 150.66269 150.66269 150.66269 150.66269 150.66269 150.66269 150.66268 150.66268 150.66268 150.66268 150.66268 150.66268 150.66268 150.66268 150.66268
150.66295 150.66291 150.66288 150.66286 150.66284 150.66283 150.66282 150.66281 150.6628 150.66279 150.66278 150.66278 150.66277 150.66277 150.66276 150.66276 150.66275 150.66275 150.66275 150.66274 150.66274 150.66274 150.66273 150.66273 150.66273 150.66273 150.66272 150.66272 150.66272 150.66272 150.66272 150.66271 150.66271 150.66271 150.66271 150.66271 150.6627 150.6627 150.6627 150.6627 150.6627 150.6627 150.6627 150.66269 150.66269 150.66269 150.66269 150.66269 150.66269 150.66269 150.66268 150.66268 150.66268 150.66268 150.66268 150.66268 150.66268 150.66268 150.66268 150.66267
150.66296 150.66291 150.66288 150.66285 150.66284 150.66282 150.66281 150.6628 150.6628 150.66279 150.66278 150.66277 150.66277 150.66276 150.66276 150.66276 150.66275 150.66275 150.66274 150.66274 150.66274 150.66273 150.66273 150.66273 150.66273 150.66272 150.66272 150.66272 150.66272 150.66272 150.66271 150.66271 150.66271 150.66271 150.66271 150.6627 150.6627 150.6627 150.6627 150.6627 150.6627 150.6627 150.66269 150.66269 150.66269 150.66269 150.66269 150.66269 150.66269 150.66268 150.66268 150.66268 150.66268 150.66268 150.66268 150.66268 150.66268 150.66268 150.66267 150.66267
150.66292 150.66289 150.66287 150.66285 150.66283 150.66282 150.66281 150.6628 150.66279 150.66278 150.66278 150.66277 150.66277 150.66276 150.66276 150.66275 150.66275 150.66274 150.66274 150.66274 150.66274 150.66273 150.66273 150.66273 150.66272 150.66272 150.66272 150.66272 150.66272 150.66271 150.66271 150.66271 150.66271 150.66271 150.6627 150.6627 150.6627 150.6627 150.6627 150.6627 150.66269 150.66269 150.66269 150.66269 150.66269 150.66269 150.66269 150.66269 150.66268 150.66268 150.66268 150.66268 150.66268 150.66268 150.66268 150.66268 150.66268 150.66267 150.66267 150.66267
150.66289 150.66287 150.66286 150.66284 150.66283 150.66281 150.6628 150.66279 150.66279 150.66278 150.66277 150.66277 150.66276 150.66276 150.66275 150.66275 150.66275 150.66274 150.66274 150.66274 150.66273 150.66273 150.66273 150.66272 150.66272 150.66272 150.66272 150.66272 150.66271 150.66271 150.66271 150.66271 150.66271 150.6627 150.6627 150.6627 150.6627 150.6627 150.6627 150.66269 150.66269 150.66269 150.66269 150.66269 150.66269 150.66269 150.66269 150.66268 150.66268 150.66268 150.66268 150.66268 150.66268 150.66268 150.66268 150.66268 150.66267 150.66267 150.66267 150.66267
150.66288 150.66286 150.66285 150.66283 150.66282 150.66281 150.6628 150.66279 150.66278 150.66278 150.66277 150.66276 150.66276 150.66275 150.66275 150.66275 150.66274 150.66274 150.66274 150.66273 150.66273 150.66273 150.66272 150.66272 150.66272 150.66272 150.66272 150.66271 150.66271 150.66271 150.66271 150.66271 150.6627 150.6627 150.6627 150.6627 150.6627 150.6627 150.66269 150.66269 150.66269 150.66269 150.66269 150.66269 150.66269 150.66269 150.66268 150.66268 150.66268 150.66268 150.66268 150.66268 150.66268 150.66268 150.66267 150.66267 150.66267 150.66267 150.66267 150.66267
150.66288 150.66286 150.66284 150.66283 150.66281 150.6628 150.66279 150.66279 150.66278 150.66277 150.66277 150.66276 150.66276 150.66275 150.66275 150.66274 150.66274 150.66274 150.66273 150.66273 150.66273 150.66273 150.66272 150.66272 150.66272 150.66272 150.66271 150.66271 150.66271 150.66271 150.66271 150.6627 150.6627 150.6627 150.6627 150.6627 150.6627 150.66269 150.66269 150.66269 150.66269 150.66269 150.66269 150.66269 150.66269 150.66268 150.66268 150.66268 150.66268 150.66268 150.66268 150.66268 150.66268 150.66267 150.66267 150.66267 150.66267 150.66267 150.66267 150.66267
