Cobbity4/FInal/QGIS/Reverses.asc
NCOLS 600
NROWS 430
XLLCORNER 150.661
YLLCORNER -34.0272
CELLSIZE 1e-05
NODATA_VALUE -9999
[rows 243 to 269 of 430, columns 120 to 179 of 600]
4.6422428 4.6459038 4.7209831 4.8568545 5.0116586 5.1639806 5.2966761 5.3892697 5.4193669 5.3782485 5.3058908 5.248611 5.2318826 5.2768391 5.3611755 5.3353521 5.3070945 5.3377436 5.4143966 5.5618047 5.8524533 6.2711685 6.2211389 5.7737711 5.4516798 5.2433385 5.0814178 4.933022 4.7860306 4.6432589 4.5221028 4.4816257 4.571154 4.7053856 4.818737 4.9093478 4.9959665 5.1088893 5.2706755 5.3880327 5.3850493 5.4281277 5.5507062 5.7245737 5.9287912 6.1258219 6.2512317 6.2780834 6.2504781 6.2160662 6.2038659 6.2280951 6.2878453 6.3697639 6.425456 6.4226441 6.4536487 6.5723263 6.7869978 7.0983442
4.743186 4.7631237 4.8170713 4.9164012 5.0481667 5.1977395 5.3260937 5.3596841 5.3166993 5.2567625 5.1946398 5.1414118 5.1165441 5.1524069 5.2326251 5.2392513 5.2383863 5.2879928 5.3837823 5.5491257 5.8657558 6.3497923 6.2907723 5.7771925 5.4244058 5.2004301 5.0272804 4.8656659 4.6999307 4.5515443 4.4917422 4.535471 4.6219067 4.7130953 4.7889786 4.8429623 4.8788922 4.9183605 5.003315 5.1243214 5.2335571 5.3586898 5.5284379 5.755298 6.0544992 6.3954504 6.5733567 6.4564894 6.2875295 6.2016938 6.1932072 6.2418243 6.3176413 6.372416 6.3905494 6.4070833 6.4675928 6.6082559 6.852619 7.2157728
4.808903 4.8082879 4.8539938 4.9466404 5.0802176 5.2714557 5.5035889 5.5071476 5.3206672 5.1922217 5.1035239 5.0219643 4.9392942 4.8955185 4.9591142 5.0600876 5.144335 5.2346466 5.3474276 5.493483 5.6831051 5.8732579 5.8379733 5.5839427 5.335362 5.1378294 4.9660548 4.7878485 4.5649006 4.2915487 4.20686 4.4097145 4.5838931 4.6852878 4.7419959 4.7588116 4.7218727 4.6293162 4.6170056 4.8180359 5.0610571 5.2745264 5.4972387 5.7832075 6.2194171 6.8919738 7.2968427 6.8137757 6.3734747 6.2067709 6.197986 6.2941956 6.45769 6.5389522 6.4680816 6.4281479 6.4821524 6.6392133 6.9291389 7.4155471
4.8246826 4.8187987 4.8671208 4.9580515 5.084928 5.2724661 5.5216084 5.5202882 5.2908241 5.1324026 5.0213966 4.9023573 4.7175892 4.4951934 4.6026091 4.8733782 5.0523002 5.1889052 5.3305634 5.4872007 5.6146679 5.6447115 5.567403 5.4127539 5.2360825 5.0682882 4.906681 4.7282234 4.481436 4.1123262 3.986249 4.3148902 4.542837 4.6472046 4.6876716 4.6744323 4.5696486 4.2930822 4.1179339 4.5101426 4.9101691 5.1935289 5.4484999 5.7530422 6.2187449 6.9890947 7.4862911 6.8737701 6.3599347 6.1807852 6.1880976 6.3413108 6.6533749 6.813092 6.5744325 6.4473837 6.4846507 6.6494314 6.9709945 7.5652632
4.7866974 4.8157764 4.8751328 4.9637052 5.0703692 5.1890366 5.2953768 5.2910877 5.1768159 5.0564705 4.9473208 4.8196052 4.6051618 4.2997131 4.4361851 4.7775867 4.9937687 5.1600393 5.3474538 5.6054133 5.853781 5.7799906 5.5340293 5.3289669 5.1573355 5.0015997 4.8514548 4.6953171 4.5143502 4.3085413 4.2464359 4.4010111 4.5416798 4.612212 4.6311685 4.6041831 4.5050624 4.2696596 4.1245585 4.4718833 4.8518485 5.1367199 5.387194 5.6553281 5.9930152 6.4154117 6.6489655 6.4446356 6.2003725 6.1055538 6.1378293 6.2870249 6.5530804 6.6849149 6.5162091 6.4196807 6.4644312 6.6272363 6.9332798 7.4827978
4.7540503 4.8082365 4.8828135 4.9807043 5.0877579 5.170174 5.1951049 5.1594303 5.0793787 4.9813676 4.8786848 4.7704122 4.6497742 4.5459852 4.6122961 4.7978618 4.9705813 5.1363805 5.3522954 5.7256109 6.2164716 6.0219114 5.5541079 5.2751107 5.0896023 4.9345202 4.7873509 4.6453418 4.5229273 4.4433708 4.4316687 4.4838293 4.5431883 4.5717634 4.5630852 4.5234023 4.466724 4.4117418 4.4292586 4.6093572 4.8606283 5.1028424 5.3304013 5.5515885 5.7650469 5.9555913 6.0693627 6.062738 6.0146233 6.0071418 6.0591998 6.1635668 6.2952627 6.3703819 6.3544545 6.353527 6.4258606 6.5806894 6.8331771 7.2219597
4.7299548 4.7967684 4.8907761 5.0208896 5.1889846 5.3239283 5.2875066 5.1549107 5.0309889 4.9169605 4.7995183 4.68072 4.6007479 4.607071 4.6892768 4.8147909 4.9524743 5.0994533 5.2841136 5.5630405 5.8686556 5.7599457 5.4321801 5.1916815 5.0166218 4.8617413 4.701276 4.5286582 4.3856117 4.3566037 4.4164106 4.4802591 4.5170992 4.5153794 4.4679475 4.3777553 4.2891105 4.2981275 4.4299033 4.6274603 4.8496917 5.0725137 5.2902511 5.5004245 5.6750807 5.7711429 5.8185833 5.8488623 5.8743491 5.9198641 5.9945706 6.0805974 6.1504926 6.1985105 6.2351316 6.2892051 6.3869609 6.5373077 6.7395933 6.9877062
4.7115069 4.7819818 4.8926866 5.0630206 5.351051 5.6817049 5.5344261 5.207695 5.0062477 4.8598156 4.7030857 4.4958261 4.3190493 4.4151476 4.6238073 4.7886529 4.9259002 5.0572403 5.1919622 5.3254422 5.4191141 5.383585 5.2414755 5.0852111 4.9393345 4.7892778 4.6057186 4.3479779 4.0558644 4.0637692 4.2932194 4.4290953 4.4714811 4.4469535 4.3479066 4.1399917 3.8477098 3.8194454 4.1736963 4.5268612 4.8003594 5.0338008 5.2588664 5.5022963 5.7527241 5.8218716 5.7444671 5.7355003 5.777694 5.8577158 5.9787272 6.1094775 6.1516491 6.1408658 6.1698594 6.2457036 6.3669717 6.5307975 6.7217312 6.9060279
4.6979625 4.7662996 4.8781984 5.0481358 5.336304 5.6714606 5.5202551 5.1799356 4.9670874 4.8110372 4.6293096 4.3216901 3.9507026 4.173275 4.5436188 4.7557244 4.9012213 5.0341474 5.1677874 5.2600333 5.2585839 5.1975895 5.1021524 4.9896869 4.8694207 4.732433 4.5481207 4.2526998 3.8549506 3.8824282 4.2198923 4.3880246 4.4259091 4.3816601 4.2432503 3.9215677 3.3066462 3.1712108 3.8872161 4.4187493 4.7439765 4.9858844 5.2075069 5.4571225 5.7484108 5.8278565 5.6899459 5.6528656 5.6985533 5.8023899 5.9836043 6.2297758 6.2551686 6.1327777 6.132094 6.222382 6.3769131 6.5892031 6.8395101 7.0592019
4.6720301 4.7470714 4.8494962 4.9777433 5.1369444 5.2667288 5.2156546 5.0535549 4.9060854 4.775961 4.6262179 4.4042904 4.1802626 4.3100085 4.5693795 4.7475132 4.8827197 5.0264843 5.2261577 5.4108174 5.3036144 5.1340394 5.0158461 4.9140955 4.8115171 4.6963938 4.5498685 4.3468506 4.131863 4.1298033 4.2879937 4.3811847 4.3879806 4.3265031 4.1904996 3.929168 3.4987248 3.4234117 3.9514018 4.4077993 4.711377 4.9353894 5.1260178 5.3143125 5.4973611 5.5762344 5.5538918 5.5577321 5.6118272 5.7159333 5.8911524 6.1161044 6.1572581 6.0725452 6.0917691 6.2098629 6.4133899 6.7201897 7.147718 7.5876658
4.6287848 4.72435 4.8263334 4.924745 5.0029988 5.0410552 5.0166093 4.940319 4.8457634 4.7474098 4.6467515 4.5494421 4.4890339 4.53079 4.6408979 4.7518656 4.8569538 4.98498 5.1859654 5.3861276 5.2635497 5.0677081 4.9424746 4.8477167 4.7593717 4.6675 4.5659797 4.4551314 4.3629258 4.3401277 4.3686546 4.3814682 4.3481771 4.2638547 4.134702 3.9873408 3.8765717 3.9221704 4.1687427 4.4581627 4.7008652 4.8911796 5.0393607 5.1588208 5.2662091 5.3514953 5.4046506 5.4510888 5.5090177 5.5877511 5.7009567 5.8347294 5.9137676 5.9528659 6.0371027 6.1957272 6.4517991 6.8719513 7.5916969 8.5884219
4.5798852 4.707346 4.8300145 4.9441631 5.0069456 4.9907484 4.9401327 4.8754752 4.7992798 4.7127358 4.6223869 4.5631865 4.5681163 4.6126201 4.6768602 4.7458959 4.8149937 4.8945867 4.9995518 5.0847802 5.048803 4.9503043 4.8599082 4.7801213 4.7036024 4.6280501 4.5553069 4.4900619 4.4404532 4.4127127 4.3959704 4.3649213 4.2959556 4.1694221 3.9771897 3.7880605 3.7900101 3.9896021 4.2421582 4.4855672 4.6938819 4.8578603 4.9700359 5.0282946 5.0897381 5.190969 5.2818794 5.3488904 5.3976474 5.4314898 5.4733296 5.5678526 5.6975883 5.8268126 5.9736103 6.1695689 6.4549784 6.9172483 7.758107 9.0892916
4.5464619 4.7016663 4.8557497 5.0367484 5.1505526 5.0440745 4.925258 4.8434802 4.7680933 4.6778485 4.5542783 4.4528056 4.5219107 4.6172554 4.6801499 4.7274252 4.7641588 4.7926759 4.8247505 4.862445 4.8680921 4.8321385 4.7751932 4.709097 4.6377191 4.5659141 4.5031917 4.4586095 4.4310536 4.4101409 4.3823644 4.3316409 4.2363825 4.0576183 3.7170909 3.2194033 3.2380357 3.7894115 4.2048429 4.4806998 4.6832333 4.8344746 4.9277955 4.9352142 4.9574917 5.0833253 5.1927211 5.2632819 5.2926245 5.25899 5.1875065 5.2770143 5.5036913 5.7145004 5.9116497 6.1330422 6.4152712 6.8088995 7.3971797 8.1337606
4.545937 4.7038967 4.8601946 5.0426265 5.1613715 5.0415066 4.9086093 4.8228344 4.7514813 4.6691803 4.5529364 4.4545869 4.5248466 4.620713 4.6747748 4.7051777 4.7163896 4.7018623 4.6873087 4.7248481 4.7534619 4.741123 4.6990994 4.6371181 4.5590446 4.4710094 4.3948817 4.3619694 4.365627 4.3679492 4.3461918 4.2900002 4.1847108 3.9924584 3.6081708 2.9554258 2.9708791 3.6999577 4.1862954 4.4760062 4.6728231 4.8146601 4.9058018 4.9271797 4.9468916 5.0448083 5.1375658 5.1987665 5.2141354 5.1319464 4.9370153 5.0430522 5.3723865 5.637317 5.8651963 6.103013 6.3772141 6.6915592 7.0184311 7.2821348
4.5660433 4.7194177 4.8545452 4.9578288 5.0002514 4.951999 4.8723351 4.8034754 4.744259 4.6847491 4.6206776 4.5793398 4.5989952 4.6407417 4.670294 4.6852358 4.6828472 4.650399 4.6164613 4.6593011 4.6877922 4.6759507 4.6348897 4.5684149 4.4716819 4.3372335 4.1981639 4.1747116 4.2539317 4.30552 4.2996194 4.2432595 4.1378395 3.9775006 3.7475479 3.486245 3.5243306 3.8954022 4.2417095 4.4903043 4.6682742 4.7961009 4.8832901 4.9351067 4.9764729 5.0369142 5.1004402 5.1481887 5.1669906 5.1296554 5.0408924 5.1234455 5.3690337 5.6103356 5.8421845 6.0948817 6.393345 6.7317742 7.0107313 7.0789712
4.5911048 4.7726457 4.9315275 5.0061803 4.9811706 4.9157006 4.8463461 4.7867127 4.7380139 4.6969358 4.6629073 4.6428988 4.6428313 4.653638 4.6633902 4.6672089 4.6629923 4.6484064 4.6366558 4.6473281 4.6488914 4.6268255 4.5813418 4.5091519 4.3954584 4.2039457 3.9380853 3.9211986 4.1369898 4.2466044 4.2521799 4.1889927 4.0675674 3.9023586 3.7561163 3.7252257 3.8416709 4.0665432 4.3092781 4.5145814 4.6725137 4.7858185 4.8612838 4.9155568 4.9653528 5.0161943 5.0621392 5.0947143 5.113922 5.1292935 5.1585815 5.2470676 5.4097064 5.6094412 5.8332505 6.1003017 6.4564133 6.9635966 7.4931491 7.4309287
4.6173375 4.8734274 5.1678442 5.2982198 5.1191841 4.9416085 4.8371108 4.7716796 4.7268637 4.6951764 4.6732975 4.6599273 4.6540971 4.6525404 4.6508958 4.6466715 4.640554 4.6354912 4.6325769 4.6284439 4.6147272 4.5848166 4.5355297 4.4627494 4.3546604 4.1807577 3.942099 3.9263289 4.1201441 4.2163192 4.2112805 4.1294378 3.9614562 3.6796709 3.3764305 3.4469688 3.796722 4.1039026 4.3449098 4.5359602 4.6843805 4.7905985 4.8496745 4.8871957 4.9365301 4.9848507 5.0166388 5.0215792 5.0053927 5.0151022 5.0992734 5.2392999 5.4095668 5.6022774 5.8208117 6.088051 6.4650601 7.0770392 7.844654 7.7050121
4.6320949 4.9413961 5.379344 5.6045508 5.2428847 4.9597762 4.8246225 4.7522035 4.7074415 4.6797029 4.6645367 4.6557169 4.648769 4.6418011 4.6331 4.6211632 4.607611 4.6013563 4.6030386 4.5986138 4.5805407 4.5459071 4.4929025 4.4208794 4.3311341 4.2269712 4.1301638 4.1165265 4.1759039 4.2077186 4.178143 4.0778647 3.8701061 3.4422937 2.7799903 2.9440817 3.6550228 4.0939999 4.361868 4.5513091 4.6957807 4.8041129 4.8546949 4.8658319 4.9110514 4.9553119 4.9696127 4.9258056 4.8003433 4.7124747 4.8800065 5.142829 5.3731617 5.5837878 5.7996164 6.0443677 6.355277 6.7836776 7.2187356 7.1705968
4.6256541 4.881111 5.1778534 5.3089617 5.1112308 4.9093889 4.7935156 4.7251735 4.67945 4.6515903 4.6443339 4.6426261 4.6362788 4.6259616 4.6124026 4.5945157 4.5719108 4.5632823 4.5732963 4.5701637 4.5487702 4.5088891 4.4484362 4.3667999 4.2733541 4.1973439 4.1673447 4.1767381 4.1973684 4.1951686 4.1475742 4.0414815 3.8538171 3.5220576 3.0789474 3.1987956 3.738968 4.1310734 4.38479 4.5626576 4.6947877 4.7938842 4.8473176 4.8623788 4.8997134 4.9355099 4.9351796 4.8476798 4.5757382 4.2953134 4.6252531 5.0501525 5.3409242 5.5697124 5.7832221 6.0010535 6.2279249 6.454019 6.6229496 6.6259765
4.6212185 4.7893398 4.9287284 4.9817681 4.9222457 4.8284792 4.7525795 4.6969836 4.6528229 4.6221013 4.6243697 4.6290818 4.6213243 4.6069022 4.5896269 4.5725084 4.5580154 4.5538199 4.5559831 4.5460836 4.5198866 4.4739488 4.4016113 4.2924096 4.1431235 4.0172192 4.0370459 4.1264047 4.1754571 4.170258 4.1112061 3.9970602 3.8374494 3.6716943 3.5752403 3.6720269 3.9368192 4.2055467 4.4174144 4.5743067 4.6858664 4.7627668 4.8156749 4.854094 4.8937448 4.9252529 4.9244333 4.8520606 4.644241 4.4517916 4.7064131 5.0715749 5.3487037 5.5758224 5.789358 6.0036083 6.2045629 6.3447152 6.394859 6.3733825
4.6548585 4.7749522 4.8419504 4.8538457 4.8211266 4.7681921 4.7165473 4.6742504 4.6418254 4.6221489 4.6211496 4.6181106 4.6044903 4.5830371 4.5583956 4.5402218 4.5369279 4.5387944 4.5342076 4.520879 4.4927791 4.4432274 4.3612654 4.2213615 3.9748549 3.6912186 3.799145 4.0415724 4.1411412 4.1399038 4.0653149 3.914126 3.6855172 3.4861957 3.5431186 3.7801313 4.0353726 4.2639278 4.4496705 4.5893407 4.6810027 4.7295229 4.7751763 4.8337321 4.8855776 4.9195291 4.9258048 4.8978755 4.8412477 4.8244738 4.9540397 5.1710949 5.3909205 5.6017968 5.819448 6.0654836 6.3406446 6.5162893 6.4458975 6.3145108
4.7625609 4.8925661 4.9110653 4.8576491 4.7932266 4.735867 4.6877898 4.6504413 4.6269414 4.6172551 4.6127463 4.6038288 4.5845879 4.551679 4.5063709 4.4655717 4.4599613 4.4815121 4.4961408 4.4923642 4.4676797 4.4191981 4.3388994 4.2037617 3.9652295 3.6874075 3.7933665 4.031513 4.1258266 4.1146439 4.0207014 3.816705 3.4126989 2.8823744 3.0975955 3.6785361 4.0529005 4.2981528 4.4760359 4.6051074 4.6810989 4.6893048 4.7251306 4.81276 4.8794815 4.9135344 4.9122286 4.8891314 4.8913912 4.9566485 5.0834173 5.2523063 5.438847 5.6346044 5.8515252 6.1266058 6.5143798 6.8172202 6.5920103 6.3192522
4.9752395 5.2265295 5.1600532 4.9484357 4.8047496 4.7197367 4.6611407 4.61466 4.5849303 4.5834218 4.5908036 4.5867384 4.5646252 4.5162169 4.4278933 4.3127651 4.297553 4.3903926 4.451566 4.4651664 4.4458513 4.4004148 4.3298644 4.2308086 4.1004206 3.9887407 4.0108388 4.0969207 4.1317827 4.0977218 3.992867 3.7872076 3.3825912 2.8229273 3.0569833 3.6869888 4.0837502 4.3294757 4.4982348 4.6161853 4.684217 4.6907978 4.7270641 4.8169319 4.8849465 4.9087903 4.8669566 4.7572514 4.7296941 4.8992811 5.107015 5.2973083 5.4806853 5.6669164 5.8674354 6.1061658 6.41066 6.628625 6.4817001 6.2681574
5.1789803 5.6569549 5.457697 5.0338757 4.8142414 4.7057158 4.6353393 4.568443 4.5101365 4.5288979 4.5667281 4.5736916 4.5523765 4.494024 4.365878 4.1479534 4.1202929 4.3168974 4.4215588 4.4461913 4.4279958 4.3811865 4.3130217 4.235491 4.168983 4.1323566 4.1334449 4.1485759 4.1381641 4.0805752 3.9688574 3.8043968 3.5979542 3.4300332 3.5459057 3.8683812 4.1573521 4.3695643 4.5207339 4.6240807 4.689424 4.729431 4.7777467 4.848183 4.907673 4.9200336 4.8275539 4.5516696 4.4225309 4.7831541 5.1074857 5.3344073 5.5253947 5.7083174 5.8904863 6.0677675 6.2254296 6.3114355 6.2729744 6.1831143
5.0733433 5.4272302 5.2984551 4.9773492 4.7869869 4.6858209 4.618359 4.5505617 4.4837485 4.5101112 4.558161 4.5705189 4.5539881 4.503586 4.3981663 4.2428362 4.2207824 4.3475504 4.4248977 4.439787 4.4144891 4.3574973 4.2705505 4.167944 4.1071557 4.1234624 4.1561941 4.1640681 4.1332926 4.0517219 3.9088512 3.7175461 3.5734217 3.6021387 3.7738051 4.0063116 4.2305508 4.4124177 4.5453177 4.6294998 4.6790339 4.7334078 4.8060414 4.8842079 4.9487891 4.9699847 4.895302 4.6727864 4.580829 4.8761889 5.1726657 5.3940551 5.5860426 5.775835 5.967905 6.1353652 6.2270667 6.2325125 6.189274 6.1354571
4.8345771 4.9858855 4.9635692 4.8404545 4.7328327 4.6597493 4.6083306 4.5676872 4.5400997 4.5472705 4.5691437 4.5781948 4.5689977 4.5379317 4.4811964 4.4158715 4.3972583 4.4280511 4.4509413 4.4439331 4.406574 4.3347603 4.2114168 4.0194303 3.8952666 4.0182557 4.1335031 4.1602498 4.1210352 4.0143121 3.8072368 3.442809 3.0752641 3.2889279 3.7328524 4.0516733 4.2803502 4.4506885 4.5693339 4.6247545 4.6194811 4.6830748 4.8093127 4.9209697 5.0093336 5.0638119 5.0614523 5.0009753 4.9909605 5.1190653 5.2995149 5.4793298 5.6635683 5.872084 6.1248487 6.3914631 6.488359 6.3587044 6.2165432 6.1336408
4.7238835 4.7917156 4.7894868 4.7411104 4.682325 4.6300862 4.5877451 4.561489 4.5576249 4.5683871 4.5832596 4.5933371 4.5937312 4.5816857 4.5560825 4.5240811 4.5016304 4.4917736 4.4799729 4.4536524 4.4059793 4.3273353 4.1924408 3.9611084 3.7955589 3.9755708 4.1264161 4.1577537 4.1108804 3.9896575 3.7487057 3.2540948 2.6102868 2.9975886 3.6845238 4.0798515 4.3207133 4.4848439 4.5923063 4.626762 4.5775006 4.6557586 4.8270425 4.9700582 5.0900439 5.1931589 5.2644821 5.2775801 5.2725719 5.3224221 5.4298048 5.5720661 5.7444901 5.9672552 6.2955969 6.763038 6.934037 6.563904 6.2772234 6.1499811
