Cobbity4/FInal/QGIS/Reverses.asc
NCOLS 600
NROWS 430
XLLCORNER 150.661
YLLCORNER -34.0272
CELLSIZE 1e-05
NODATA_VALUE -9999
[rows 162 to 188 of 430, columns 540 to 599 of 600]
4.4723275 4.4722502 4.4721731 4.4720962 4.4720195 4.471943 4.4718667 4.4717906 4.4717147 4.471639 4.4715635 4.4714882 4.4714131 4.4713382 4.4712636 4.4711891 4.4711148 4.4710408 4.470967 4.4708933 4.4708199 4.4707467 4.4706737 4.470601 4.4705284 4.4704561 4.4703839 4.470312 4.4702403 4.4701688 4.4700975 4.4700265 4.4699557 4.469885 4.4698146 4.4697444 4.4696745 4.4696047 4.4695352 4.4694659 4.4693968 4.4693279 4.4692592 4.4691908 4.4691225 4.4690545 4.4689867 4.4689191 4.4688518 4.4687846 4.4687177 4.468651 4.4685845 4.4685182 4.4684521 4.4683863 4.4683206 4.4682552 4.46819 4.468125
4.4722957 4.4722182 4.4721409 4.4720638 4.4719868 4.4719101 4.4718336 4.4717573 4.4716812 4.4716053 4.4715296 4.4714541 4.4713789 4.4713038 4.471229 4.4711543 4.4710799 4.4710057 4.4709317 4.4708579 4.4707844 4.470711 4.4706379 4.4705649 4.4704922 4.4704198 4.4703475 4.4702754 4.4702036 4.470132 4.4700606 4.4699894 4.4699185 4.4698477 4.4697772 4.4697069 4.4696368 4.469567 4.4694973 4.4694279 4.4693587 4.4692897 4.469221 4.4691524 4.4690841 4.469016 4.4689481 4.4688805 4.468813 4.4687458 4.4686788 4.468612 4.4685454 4.4684791 4.4684129 4.468347 4.4682813 4.4682158 4.4681505 4.4680855
4.4722633 4.4721856 4.4721081 4.4720307 4.4719536 4.4718767 4.4718 4.4717235 4.4716472 4.4715711 4.4714952 4.4714195 4.4713441 4.4712689 4.4711938 4.471119 4.4710445 4.4709701 4.4708959 4.470822 4.4707483 4.4706748 4.4706015 4.4705284 4.4704556 4.470383 4.4703106 4.4702384 4.4701664 4.4700947 4.4700232 4.4699519 4.4698808 4.4698099 4.4697393 4.4696689 4.4695987 4.4695288 4.469459 4.4693895 4.4693202 4.4692511 4.4691823 4.4691136 4.4690452 4.468977 4.4689091 4.4688413 4.4687738 4.4687065 4.4686394 4.4685726 4.4685059 4.4684395 4.4683733 4.4683073 4.4682415 4.468176 4.4681107 4.4680456
4.4722304 4.4721524 4.4720747 4.4719971 4.4719198 4.4718427 4.4717658 4.4716891 4.4716126 4.4715363 4.4714602 4.4713844 4.4713088 4.4712334 4.4711582 4.4710832 4.4710085 4.4709339 4.4708596 4.4707855 4.4707117 4.470638 4.4705646 4.4704914 4.4704184 4.4703456 4.4702731 4.4702008 4.4701287 4.4700569 4.4699852 4.4699138 4.4698426 4.4697717 4.4697009 4.4696304 4.4695601 4.4694901 4.4694202 4.4693506 4.4692812 4.469212 4.4691431 4.4690744 4.4690059 4.4689376 4.4688696 4.4688017 4.4687341 4.4686668 4.4685996 4.4685327 4.468466 4.4683995 4.4683332 4.4682672 4.4682014 4.4681358 4.4680704 4.4680052
4.4721969 4.4721187 4.4720407 4.471963 4.4718854 4.4718081 4.471731 4.4716541 4.4715774 4.471501 4.4714247 4.4713487 4.4712729 4.4711973 4.471122 4.4710468 4.4709719 4.4708972 4.4708228 4.4707485 4.4706745 4.4706007 4.4705272 4.4704538 4.4703807 4.4703078 4.4702352 4.4701627 4.4700905 4.4700185 4.4699468 4.4698753 4.469804 4.4697329 4.469662 4.4695914 4.469521 4.4694509 4.4693809 4.4693112 4.4692417 4.4691725 4.4691035 4.4690347 4.4689661 4.4688977 4.4688296 4.4687617 4.468694 4.4686266 4.4685594 4.4684924 4.4684256 4.468359 4.4682927 4.4682266 4.4681607 4.4680951 4.4680296 4.4679644
4.4721628 4.4720844 4.4720062 4.4719282 4.4718505 4.471773 4.4716957 4.4716186 4.4715417 4.4714651 4.4713887 4.4713125 4.4712365 4.4711607 4.4710852 4.4710099 4.4709349 4.47086 4.4707854 4.470711 4.4706368 4.4705629 4.4704892 4.4704157 4.4703425 4.4702695 4.4701967 4.4701241 4.4700518 4.4699797 4.4699078 4.4698362 4.4697648 4.4696936 4.4696227 4.4695519 4.4694815 4.4694112 4.4693412 4.4692714 4.4692018 4.4691325 4.4690633 4.4689945 4.4689258 4.4688574 4.4687892 4.4687212 4.4686535 4.4685859 4.4685187 4.4684516 4.4683848 4.4683181 4.4682518 4.4681856 4.4681197 4.468054 4.4679885 4.4679232
4.4721281 4.4720495 4.4719711 4.4718929 4.471815 4.4717372 4.4716598 4.4715825 4.4715054 4.4714286 4.471352 4.4712756 4.4711995 4.4711236 4.4710479 4.4709725 4.4708972 4.4708222 4.4707475 4.4706729 4.4705986 4.4705246 4.4704507 4.4703771 4.4703038 4.4702306 4.4701577 4.470085 4.4700126 4.4699404 4.4698684 4.4697966 4.4697251 4.4696538 4.4695828 4.469512 4.4694414 4.469371 4.4693009 4.469231 4.4691614 4.4690919 4.4690227 4.4689538 4.4688851 4.4688166 4.4687483 4.4686802 4.4686124 4.4685448 4.4684775 4.4684104 4.4683435 4.4682768 4.4682104 4.4681441 4.4680782 4.4680124 4.4679469 4.4678816
4.4720928 4.472014 4.4719354 4.471857 4.4717789 4.4717009 4.4716233 4.4715458 4.4714686 4.4713916 4.4713148 4.4712383 4.471162 4.4710859 4.4710101 4.4709344 4.4708591 4.4707839 4.470709 4.4706343 4.4705599 4.4704857 4.4704117 4.470338 4.4702645 4.4701912 4.4701182 4.4700454 4.4699728 4.4699005 4.4698284 4.4697566 4.4696849 4.4696136 4.4695424 4.4694715 4.4694008 4.4693304 4.4692602 4.4691902 4.4691205 4.4690509 4.4689817 4.4689126 4.4688438 4.4687753 4.4687069 4.4686388 4.4685709 4.4685033 4.4684359 4.4683687 4.4683017 4.468235 4.4681685 4.4681022 4.4680362 4.4679704 4.4679048 4.4678395
4.4720569 4.4719778 4.4718991 4.4718205 4.4717422 4.4716641 4.4715862 4.4715086 4.4714311 4.471354 4.471277 4.4712003 4.4711239 4.4710476 4.4709716 4.4708959 4.4708203 4.4707451 4.47067 4.4705952 4.4705206 4.4704463 4.4703722 4.4702983 4.4702247 4.4701513 4.4700782 4.4700052 4.4699326 4.4698601 4.4697879 4.469716 4.4696443 4.4695728 4.4695015 4.4694305 4.4693598 4.4692892 4.4692189 4.4691489 4.4690791 4.4690095 4.4689401 4.468871 4.4688021 4.4687335 4.4686651 4.4685969 4.468529 4.4684613 4.4683938 4.4683265 4.4682595 4.4681928 4.4681262 4.4680599 4.4679938 4.467928 4.4678623 4.4677969
4.4720204 4.4719411 4.4718622 4.4717834 4.4717049 4.4716266 4.4715485 4.4714707 4.4713931 4.4713158 4.4712387 4.4711618 4.4710852 4.4710088 4.4709327 4.4708567 4.4707811 4.4707056 4.4706304 4.4705555 4.4704808 4.4704063 4.4703321 4.4702581 4.4701844 4.4701109 4.4700376 4.4699646 4.4698918 4.4698192 4.4697469 4.4696749 4.4696031 4.4695315 4.4694602 4.4693891 4.4693182 4.4692476 4.4691772 4.4691071 4.4690372 4.4689675 4.4688981 4.4688289 4.46876 4.4686912 4.4686228 4.4685545 4.4684865 4.4684188 4.4683512 4.4682839 4.4682169 4.4681501 4.4680835 4.4680171 4.467951 4.4678851 4.4678194 4.467754
4.4719833 4.4719038 4.4718246 4.4717457 4.471667 4.4715885 4.4715103 4.4714323 4.4713545 4.471277 4.4711998 4.4711227 4.4710459 4.4709694 4.4708931 4.470817 4.4707412 4.4706657 4.4705903 4.4705152 4.4704404 4.4703658 4.4702915 4.4702173 4.4701435 4.4700699 4.4699965 4.4699234 4.4698505 4.4697778 4.4697054 4.4696333 4.4695614 4.4694897 4.4694183 4.4693471 4.4692761 4.4692054 4.469135 4.4690648 4.4689948 4.4689251 4.4688556 4.4687863 4.4687173 4.4686485 4.46858 4.4685117 4.4684436 4.4683758 4.4683082 4.4682409 4.4681738 4.4681069 4.4680402 4.4679738 4.4679077 4.4678417 4.467776 4.4677106
4.4719455 4.4718659 4.4717865 4.4717074 4.4716285 4.4715498 4.4714714 4.4713933 4.4713154 4.4712377 4.4711602 4.4710831 4.4710061 4.4709294 4.470853 4.4707768 4.4707008 4.4706251 4.4705497 4.4704744 4.4703995 4.4703248 4.4702503 4.4701761 4.4701021 4.4700283 4.4699549 4.4698816 4.4698086 4.4697359 4.4696634 4.4695911 4.4695191 4.4694474 4.4693759 4.4693046 4.4692336 4.4691628 4.4690922 4.469022 4.4689519 4.4688821 4.4688125 4.4687432 4.4686741 4.4686053 4.4685367 4.4684684 4.4684002 4.4683324 4.4682647 4.4681973 4.4681302 4.4680633 4.4679966 4.4679301 4.4678639 4.4677979 4.4677322 4.4676667
4.4719072 4.4718274 4.4717478 4.4716685 4.4715894 4.4715106 4.471432 4.4713537 4.4712756 4.4711977 4.4711201 4.4710428 4.4709657 4.4708889 4.4708123 4.4707359 4.4706598 4.470584 4.4705084 4.4704331 4.470358 4.4702831 4.4702085 4.4701342 4.4700601 4.4699863 4.4699127 4.4698393 4.4697663 4.4696934 4.4696208 4.4695485 4.4694764 4.4694045 4.4693329 4.4692616 4.4691905 4.4691196 4.469049 4.4689787 4.4689085 4.4688387 4.468769 4.4686997 4.4686305 4.4685616 4.468493 4.4684246 4.4683564 4.4682885 4.4682208 4.4681533 4.4680861 4.4680192 4.4679524 4.467886 4.4678197 4.4677537 4.4676879 4.4676224
4.4718682 4.4717882 4.4717085 4.4716289 4.4715497 4.4714707 4.4713919 4.4713134 4.4712352 4.4711572 4.4710795 4.471002 4.4709247 4.4708477 4.470771 4.4706945 4.4706183 4.4705423 4.4704666 4.4703911 4.4703159 4.470241 4.4701663 4.4700918 4.4700176 4.4699437 4.46987 4.4697965 4.4697233 4.4696504 4.4695777 4.4695053 4.4694331 4.4693612 4.4692895 4.4692181 4.4691469 4.469076 4.4690053 4.4689348 4.4688647 4.4687947 4.468725 4.4686556 4.4685864 4.4685174 4.4684487 4.4683803 4.4683121 4.4682441 4.4681764 4.4681089 4.4680416 4.4679746 4.4679079 4.4678413 4.4677751 4.467709 4.4676432 4.4675776
4.4718286 4.4717484 4.4716685 4.4715888 4.4715094 4.4714302 4.4713513 4.4712726 4.4711942 4.4711161 4.4710382 4.4709605 4.4708831 4.470806 4.4707291 4.4706525 4.4705762 4.4705001 4.4704242 4.4703486 4.4702733 4.4701982 4.4701234 4.4700489 4.4699746 4.4699005 4.4698267 4.4697532 4.4696799 4.4696069 4.4695341 4.4694616 4.4693893 4.4693173 4.4692455 4.469174 4.4691028 4.4690318 4.468961 4.4688905 4.4688203 4.4687503 4.4686805 4.468611 4.4685418 4.4684728 4.468404 4.4683355 4.4682672 4.4681992 4.4681315 4.4680639 4.4679966 4.4679296 4.4678628 4.4677962 4.4677299 4.4676639 4.467598 4.4675324
4.4717884 4.471708 4.4716279 4.471548 4.4714684 4.4713891 4.47131 4.4712312 4.4711526 4.4710743 4.4709963 4.4709185 4.470841 4.4707637 4.4706867 4.4706099 4.4705335 4.4704572 4.4703813 4.4703056 4.4702301 4.4701549 4.47008 4.4700054 4.4699309 4.4698568 4.4697829 4.4697093 4.4696359 4.4695628 4.4694899 4.4694173 4.469345 4.4692729 4.4692011 4.4691295 4.4690582 4.4689871 4.4689163 4.4688457 4.4687754 4.4687053 4.4686355 4.468566 4.4684967 4.4684276 4.4683588 4.4682903 4.4682219 4.4681539 4.4680861 4.4680185 4.4679512 4.4678841 4.4678173 4.4677507 4.4676843 4.4676182 4.4675524 4.4674868
4.4717475 4.4716669 4.4715866 4.4715066 4.4714269 4.4713473 4.4712681 4.4711891 4.4711104 4.471032 4.4709538 4.4708758 4.4707982 4.4707208 4.4706437 4.4705668 4.4704902 4.4704138 4.4703377 4.4702619 4.4701864 4.4701111 4.4700361 4.4699613 4.4698868 4.4698125 4.4697385 4.4696648 4.4695914 4.4695182 4.4694452 4.4693725 4.4693001 4.4692279 4.469156 4.4690844 4.469013 4.4689419 4.468871 4.4688004 4.46873 4.4686599 4.46859 4.4685204 4.4684511 4.468382 4.4683131 4.4682445 4.4681762 4.4681081 4.4680402 4.4679726 4.4679053 4.4678381 4.4677713 4.4677047 4.4676383 4.4675722 4.4675063 4.4674406
4.471706 4.4716252 4.4715448 4.4714646 4.4713846 4.471305 4.4712256 4.4711465 4.4710676 4.470989 4.4709107 4.4708326 4.4707548 4.4706773 4.4706 4.470523 4.4704463 4.4703698 4.4702936 4.4702177 4.470142 4.4700666 4.4699915 4.4699166 4.469842 4.4697677 4.4696936 4.4696198 4.4695463 4.469473 4.4694 4.4693272 4.4692547 4.4691825 4.4691105 4.4690388 4.4689673 4.4688961 4.4688252 4.4687545 4.4686841 4.4686139 4.468544 4.4684744 4.468405 4.4683358 4.4682669 4.4681983 4.4681299 4.4680618 4.4679939 4.4679262 4.4678588 4.4677917 4.4677248 4.4676582 4.4675918 4.4675256 4.4674597 4.4673941
4.4716638 4.4715829 4.4715023 4.4714219 4.4713418 4.471262 4.4711824 4.4711032 4.4710242 4.4709454 4.4708669 4.4707888 4.4707108 4.4706332 4.4705558 4.4704787 4.4704018 4.4703252 4.4702489 4.4701729 4.4700971 4.4700216 4.4699464 4.4698714 4.4697967 4.4697223 4.4696482 4.4695743 4.4695006 4.4694273 4.4693542 4.4692813 4.4692088 4.4691365 4.4690644 4.4689926 4.4689211 4.4688499 4.4687789 4.4687081 4.4686377 4.4685674 4.4684975 4.4684278 4.4683583 4.4682892 4.4682202 4.4681515 4.4680831 4.468015 4.467947 4.4678794 4.467812 4.4677448 4.4676779 4.4676112 4.4675448 4.4674786 4.4674127 4.467347
4.471621 4.4715399 4.4714591 4.4713786 4.4712983 4.4712184 4.4711387 4.4710592 4.4709801 4.4709012 4.4708226 4.4707443 4.4706662 4.4705885 4.4705109 4.4704337 4.4703568 4.4702801 4.4702037 4.4701275 4.4700516 4.469976 4.4699007 4.4698257 4.4697509 4.4696764 4.4696021 4.4695281 4.4694544 4.469381 4.4693078 4.4692349 4.4691623 4.4690899 4.4690178 4.468946 4.4688744 4.4688031 4.468732 4.4686613 4.4685907 4.4685205 4.4684505 4.4683807 4.4683112 4.468242 4.468173 4.4681043 4.4680359 4.4679677 4.4678997 4.467832 4.4677646 4.4676974 4.4676305 4.4675638 4.4674974 4.4674312 4.4673652 4.4672995
4.4715775 4.4714962 4.4714153 4.4713346 4.4712542 4.4711741 4.4710942 4.4710147 4.4709354 4.4708564 4.4707777 4.4706992 4.470621 4.4705431 4.4704655 4.4703882 4.4703111 4.4702343 4.4701578 4.4700815 4.4700056 4.4699299 4.4698545 4.4697793 4.4697044 4.4696298 4.4695555 4.4694815 4.4694077 4.4693342 4.4692609 4.469188 4.4691153 4.4690428 4.4689707 4.4688988 4.4688271 4.4687558 4.4686847 4.4686138 4.4685433 4.468473 4.4684029 4.4683331 4.4682636 4.4681943 4.4681253 4.4680566 4.4679881 4.4679199 4.4678519 4.4677842 4.4677167 4.4676495 4.4675826 4.4675159 4.4674494 4.4673832 4.4673173 4.4672516
4.4715333 4.4714519 4.4713708 4.47129 4.4712094 4.4711292 4.4710492 4.4709695 4.4708901 4.4708109 4.4707321 4.4706535 4.4705752 4.4704972 4.4704194 4.470342 4.4702648 4.4701879 4.4701113 4.470035 4.4699589 4.4698831 4.4698076 4.4697324 4.4696574 4.4695828 4.4695084 4.4694342 4.4693604 4.4692868 4.4692135 4.4691405 4.4690677 4.4689952 4.468923 4.468851 4.4687793 4.4687079 4.4686368 4.4685659 4.4684953 4.4684249 4.4683549 4.468285 4.4682155 4.4681462 4.4680772 4.4680084 4.4679399 4.4678716 4.4678036 4.4677359 4.4676684 4.4676012 4.4675342 4.4674675 4.467401 4.4673348 4.4672689 4.4672032
4.4714885 4.471407 4.4713257 4.4712447 4.471164 4.4710836 4.4710035 4.4709236 4.4708441 4.4707648 4.4706859 4.4706072 4.4705287 4.4704506 4.4703728 4.4702952 4.4702179 4.4701409 4.4700642 4.4699878 4.4699116 4.4698358 4.4697602 4.4696849 4.4696098 4.4695351 4.4694606 4.4693864 4.4693125 4.4692388 4.4691655 4.4690924 4.4690196 4.468947 4.4688747 4.4688027 4.468731 4.4686596 4.4685884 4.4685174 4.4684468 4.4683764 4.4683063 4.4682364 4.4681668 4.4680975 4.4680285 4.4679597 4.4678911 4.4678229 4.4677548 4.4676871 4.4676196 4.4675523 4.4674854 4.4674186 4.4673522 4.467286 4.46722 4.4671543
4.471443 4.4713613 4.4712799 4.4711988 4.4711179 4.4710374 4.4709571 4.4708772 4.4707975 4.4707181 4.470639 4.4705602 4.4704817 4.4704034 4.4703255 4.4702478 4.4701704 4.4700933 4.4700165 4.46994 4.4698638 4.4697878 4.4697122 4.4696368 4.4695617 4.4694868 4.4694123 4.469338 4.469264 4.4691903 4.4691169 4.4690438 4.4689709 4.4688983 4.468826 4.4687539 4.4686821 4.4686106 4.4685394 4.4684684 4.4683978 4.4683273 4.4682572 4.4681873 4.4681177 4.4680483 4.4679793 4.4679104 4.4678419 4.4677736 4.4677056 4.4676378 4.4675703 4.467503 4.467436 4.4673693 4.4673028 4.4672366 4.4671706 4.4671049
4.4713968 4.471315 4.4712334 4.4711522 4.4710712 4.4709905 4.4709101 4.47083 4.4707502 4.4706707 4.4705915 4.4705126 4.470434 4.4703556 4.4702776 4.4701998 4.4701223 4.4700452 4.4699683 4.4698916 4.4698153 4.4697393 4.4696635 4.4695881 4.4695129 4.469438 4.4693634 4.4692891 4.469215 4.4691413 4.4690678 4.4689946 4.4689216 4.468849 4.4687766 4.4687045 4.4686327 4.4685612 4.4684899 4.4684189 4.4683482 4.4682777 4.4682076 4.4681377 4.468068 4.4679986 4.4679295 4.4678607 4.4677921 4.4677238 4.4676558 4.467588 4.4675205 4.4674532 4.4673862 4.4673195 4.467253 4.4671868 4.4671208 4.4670551
4.47135 4.471268 4.4711863 4.4711049 4.4710238 4.470943 4.4708625 4.4707822 4.4707023 4.4706227 4.4705434 4.4704644 4.4703856 4.4703072 4.470229 4.4701512 4.4700736 4.4699963 4.4699194 4.4698427 4.4697663 4.4696902 4.4696143 4.4695388 4.4694636 4.4693886 4.4693139 4.4692395 4.4691654 4.4690916 4.4690181 4.4689448 4.4688719 4.4687992 4.4687267 4.4686546 4.4685828 4.4685112 4.4684399 4.4683689 4.4682981 4.4682276 4.4681574 4.4680875 4.4680178 4.4679484 4.4678793 4.4678105 4.4677419 4.4676735 4.4676055 4.4675377 4.4674702 4.4674029 4.4673359 4.4672692 4.4672027 4.4671365 4.4670705 4.4670048
4.4713024 4.4712203 4.4711385 4.4710569 4.4709757 4.4708948 4.4708141 4.4707338 4.4706538 4.470574 4.4704946 4.4704155 4.4703366 4.4702581 4.4701799 4.4701019 4.4700243 4.4699469 4.4698698 4.4697931 4.4697166 4.4696404 4.4695645 4.4694889 4.4694136 4.4693386 4.4692639 4.4691894 4.4691153 4.4690414 4.4689678 4.4688945 4.4688215 4.4687488 4.4686763 4.4686041 4.4685323 4.4684606 4.4683893 4.4683183 4.4682475 4.468177 4.4681067 4.4680368 4.4679671 4.4678977 4.4678286 4.4677597 4.4676911 4.4676228 4.4675547 4.4674869 4.4674194 4.4673521 4.4672851 4.4672184 4.4671519 4.4670857 4.4670197 4.466954
