Cobbity4/FInal/QGIS/The_Reverse.asc
NCOLS 600
NROWS 379
XLLCORNER 150.66
YLLCORNER -34.0274
CELLSIZE 1e-05
NODATA_VALUE -9999
[rows 52 to 77 of 379, columns 240 to 299 of 600]
4.4804201 4.4808083 4.4812282 4.4816799 4.4821635 4.4826789 4.4832259 4.4838042 4.4844137 4.4850538 4.4857241 4.4864241 4.4871531 4.4879104 4.4886951 4.4895064 4.4903434 4.4912048 4.4920897 4.4929967 4.4939247 4.4948722 4.4958378 4.4968199 4.4978172 4.4988278 4.4998502 4.5008827 4.5019234 4.5029706 4.5040224 4.5050771 4.5061327 4.5071873 4.5082391 4.5092863 4.5103268 4.511359 4.512381 4.513391 4.5143873 4.5153682 4.5163321 4.5172775 4.5182028 4.5191067 4.5199879 4.520845 4.5216771 4.522483 4.5232618 4.5240128 4.5247351 4.5254283 4.5260917 4.5267251 4.527328 4.5279005 4.5284424 4.5289538
4.4790012 4.479391 4.4798142 4.4802709 4.4807612 4.4812848 4.4818418 4.4824319 4.4830548 4.48371 4.4843972 4.4851157 4.4858648 4.4866439 4.487452 4.4882882 4.4891516 4.490041 4.4909553 4.491893 4.492853 4.4938337 4.4948337 4.4958514 4.4968851 4.4979331 4.4989936 4.5000649 4.501145 4.5022321 4.5033242 4.5044194 4.5055156 4.506611 4.5077034 4.5087909 4.5098715 4.5109433 4.5120043 4.5130527 4.5140865 4.5151041 4.5161037 4.5170836 4.5180423 4.5189783 4.5198901 4.5207766 4.5216364 4.5224686 4.523272 4.5240459 4.5247895 4.5255023 4.5261835 4.526833 4.5274504 4.5280355 4.5285884 4.5291091
4.4775191 4.4779102 4.4783366 4.4787981 4.4792949 4.479827 4.4803941 4.4809962 4.4816328 4.4823037 4.4830082 4.4837458 4.4845159 4.4853176 4.4861501 4.4870124 4.4879034 4.488822 4.4897669 4.4907369 4.4917304 4.492746 4.4937821 4.494837 4.4959089 4.4969962 4.4980968 4.4992089 4.5003306 4.5014596 4.5025942 4.503732 4.5048711 4.5060093 4.5071445 4.5082745 4.5093974 4.5105108 4.511613 4.5127017 4.5137751 4.5148313 4.5158683 4.5168846 4.5178783 4.5188479 4.519792 4.5207091 4.5215979 4.5224574 4.5232865 4.5240843 4.52485 4.5255829 4.5262826 4.5269486 4.5275807 4.5281787 4.5287426 4.5292726
4.4759707 4.4763629 4.4767921 4.4772583 4.4777617 4.4783021 4.4788796 4.4794939 4.4801447 4.4808316 4.4815541 4.4823116 4.4831034 4.4839286 4.4847864 4.4856758 4.4865957 4.4875449 4.4885219 4.4895256 4.4905543 4.4916065 4.4926804 4.4937744 4.4948866 4.4960152 4.497158 4.4983131 4.4994784 4.5006517 4.5018309 4.5030137 4.504198 4.5053813 4.5065616 4.5077365 4.5089038 4.5100613 4.5112067 4.512338 4.513453 4.5145498 4.5156263 4.5166807 4.5177112 4.5187162 4.519694 4.5206432 4.5215624 4.5224505 4.5233063 4.5241289 4.5249174 4.5256713 4.5263899 4.5270728 4.5277199 4.5283309 4.5289059 4.529445
4.4743529 4.4747458 4.4751775 4.4756483 4.4761581 4.4767071 4.4772951 4.4779218 4.4785871 4.4792906 4.4800316 4.4808096 4.4816239 4.4824737 4.4833579 4.4842756 4.4852256 4.4862067 4.4872174 4.4882563 4.4893219 4.4904125 4.4915262 4.4926613 4.4938159 4.4949878 4.496175 4.4973754 4.4985867 4.4998066 4.5010329 4.5022632 4.503495 4.5047261 4.5059539 4.5071761 4.5083903 4.5095941 4.5107852 4.5119614 4.5131203 4.5142598 4.5153778 4.5164724 4.5175416 4.5185837 4.5195969 4.5205797 4.5215308 4.5224487 4.5233323 4.5241807 4.524993 4.5257684 4.5265065 4.5272068 4.5278691 4.5284932 4.5290793 4.5296275
4.4726625 4.4730556 4.4734896 4.4739646 4.4744808 4.4750383 4.4756369 4.4762764 4.4769566 4.477677 4.4784372 4.4792365 4.4800741 4.4809493 4.4818611 4.4828083 4.4837898 4.4848042 4.4858502 4.4869261 4.4880304 4.4891612 4.4903168 4.4914951 4.4926941 4.4939117 4.4951457 4.4963938 4.4976536 4.4989227 4.5001986 4.5014789 4.502761 4.5040423 4.5053203 4.5065925 4.5078562 4.509109 4.5103483 4.5115717 4.5127769 4.5139615 4.5151233 4.5162601 4.5173701 4.5184511 4.5195015 4.5205196 4.5215039 4.522453 4.5233657 4.5242409 4.5250778 4.5258755 4.5266337 4.5273518 4.5280295 4.5286669 4.529264 4.5298211
4.4708958 4.4712887 4.4717246 4.4722037 4.4727261 4.473292 4.4739013 4.4745538 4.4752492 4.4759872 4.4767671 4.4775884 4.4784504 4.4793521 4.4802925 4.4812705 4.4822849 4.4833342 4.484417 4.4855317 4.4866766 4.4878497 4.4890492 4.4902729 4.4915188 4.4927845 4.4940678 4.4953661 4.496677 4.497998 4.4993263 4.5006594 4.5019945 4.503329 4.50466 4.5059849 4.5073009 4.5086053 4.5098956 4.5111689 4.5124229 4.5136551 4.514863 4.5160444 4.5171972 4.5183192 4.5194087 4.5204638 4.5214829 4.5224646 4.5234076 4.5243107 4.5251731 4.525994 4.5267727 4.527509 4.5282025 4.5288532 4.5294613 4.530027
4.4690491 4.4694413 4.4698787 4.4703615 4.4708901 4.4714644 4.4720845 4.4727502 4.4734612 4.4742172 4.4750175 4.4758616 4.4767488 4.477678 4.4786482 4.4796584 4.4807071 4.481793 4.4829144 4.4840698 4.4852572 4.4864748 4.4877204 4.488992 4.4902871 4.4916035 4.4929387 4.49429 4.4956549 4.4970305 4.4984142 4.4998031 4.5011942 4.5025848 4.5039719 4.5053525 4.5067238 4.5080828 4.5094268 4.5107529 4.5120585 4.5133408 4.5145974 4.5158258 4.5170237 4.5181889 4.5193194 4.5204134 4.521469 4.5224848 4.5234594 4.5243916 4.5252805 4.5261252 4.5269252 4.52768 4.5283895 4.5290536 4.5296724 4.5302465
4.4671186 4.4675095 4.4679479 4.4684342 4.4689686 4.4695513 4.4701823 4.4708614 4.4715883 4.4723627 4.4731841 4.4740519 4.4749651 4.475923 4.4769243 4.477968 4.4790526 4.4801767 4.4813386 4.4825366 4.4837687 4.485033 4.4863271 4.487649 4.4889961 4.4903659 4.4917558 4.493163 4.4945848 4.4960183 4.4974604 4.4989082 4.5003586 4.5018085 4.5032548 4.5046944 4.5061241 4.5075409 4.5089417 4.5103236 4.5116837 4.513019 4.514327 4.515605 4.5168504 4.5180611 4.5192348 4.5203695 4.5214634 4.5225149 4.5235225 4.524485 4.5254014 4.5262707 4.5270925 4.5278663 4.528592 4.5292694 4.529899 4.5304809
4.4651001 4.4654889 4.4659279 4.4664172 4.4669573 4.4675483 4.4681901 4.4688828 4.469626 4.4704195 4.4712626 4.4721547 4.4730951 4.4740826 4.4751164 4.476195 4.4773172 4.4784813 4.4796856 4.4809283 4.4822073 4.4835206 4.4848659 4.4862407 4.4876425 4.4890686 4.4905162 4.4919825 4.4934644 4.4949589 4.4964629 4.497973 4.499486 4.5009987 4.5025077 4.5040096 4.5055012 4.5069791 4.5084402 4.5098811 4.5112987 4.5126901 4.5140524 4.5153827 4.5166783 4.5179369 4.5191561 4.5203337 4.5214678 4.5225566 4.5235987 4.5245927 4.5255376 4.5264324 4.5272766 4.5280698 4.5288117 4.5295025 4.5301425 4.530732
4.4629891 4.4633753 4.4638141 4.4643061 4.4648515 4.4654506 4.4661034 4.4668098 4.4675697 4.4683826 4.4692481 4.4701654 4.4711339 4.4721524 4.4732199 4.4743351 4.4754964 4.4767023 4.4779511 4.4792407 4.4805691 4.4819339 4.4833329 4.4847635 4.4862229 4.4877084 4.489217 4.4907456 4.4922911 4.4938501 4.4954194 4.4969954 4.4985748 4.5001539 4.5017293 4.5032973 4.5048544 4.5063971 4.5079218 4.5094251 4.5109038 4.5123545 4.5137742 4.5151597 4.5165084 4.5178175 4.5190846 4.5203073 4.5214835 4.5226116 4.5236897 4.5247165 4.525691 4.5266121 4.5274794 4.5282922 4.5290507 4.5297547 4.5304047 4.5310012
4.4607809 4.4611636 4.4616018 4.4620959 4.4626463 4.4632533 4.463917 4.4646374 4.4654141 4.4662471 4.4671356 4.468079 4.4690766 4.4701273 4.4712299 4.4723832 4.4735855 4.4748352 4.4761305 4.4774694 4.4788495 4.4802687 4.4817242 4.4832135 4.4847337 4.4862819 4.4878548 4.4894493 4.4910619 4.4926892 4.4943277 4.4959735 4.4976231 4.4992726 4.5009183 4.5025563 4.5041829 4.5057941 4.5073864 4.5089559 4.5104992 4.5120127 4.5134931 4.5149372 4.5163418 4.5177043 4.5190218 4.520292 4.5215126 4.5226817 4.5237975 4.5248586 4.5258637 4.5268121 4.5277029 4.5285358 4.5293108 4.5300279 4.5306876 4.5312905
4.4584707 4.4588491 4.4592858 4.4597814 4.4603365 4.4609512 4.4616257 4.4623601 4.4631541 4.4640075 4.4649197 4.4658901 4.4669179 4.468002 4.4691412 4.4703342 4.4715794 4.472875 4.4742191 4.4756096 4.4770442 4.4785203 4.4800355 4.4815867 4.483171 4.4847853 4.4864262 4.4880903 4.4897739 4.4914735 4.4931852 4.494905 4.496629 4.4983532 4.5000734 4.5017857 4.5034859 4.5051699 4.5068338 4.5084735 4.5100853 4.5116653 4.5132101 4.514716 4.5161799 4.5175987 4.5189695 4.5202897 4.5215569 4.5227691 4.5239243 4.5250211 4.5260581 4.5270345 4.5279496 4.5288029 4.5295944 4.5303244 4.5309933 4.5316019
4.4560531 4.4564262 4.4568607 4.4573572 4.4579164 4.4585385 4.4592237 4.4599722 4.4607838 4.4616581 4.4625947 4.463593 4.464652 4.4657708 4.4669482 4.4681826 4.4694726 4.4708162 4.4722115 4.4736562 4.475148 4.4766842 4.478262 4.4798785 4.4815305 4.4832146 4.4849274 4.4866651 4.4884239 4.4902 4.4919892 4.4937874 4.4955903 4.4973937 4.4991931 4.5009842 4.5027625 4.5045238 4.5062637 4.507978 4.5096624 4.511313 4.512926 4.5144975 4.5160241 4.5175024 4.5189295 4.5203024 4.5216187 4.5228761 4.5240726 4.5252066 4.5262767 4.5272821 4.5282219 4.529096 4.5299041 4.5306466 4.5313241 4.5319375
4.4535226 4.4538893 4.4543206 4.4548174 4.4553801 4.4560093 4.4567051 4.4574677 4.458297 4.4591928 4.4601545 4.4611814 4.4622729 4.4634278 4.4646448 4.4659225 4.4672593 4.4686532 4.4701021 4.4716038 4.4731557 4.4747551 4.476399 4.4780843 4.4798077 4.4815656 4.4833543 4.4851699 4.4870084 4.4888655 4.490737 4.4926183 4.494505 4.4963924 4.4982758 4.5001506 4.502012 4.5038554 4.505676 4.5074694 4.5092311 4.5109566 4.5126419 4.514283 4.515876 4.5174174 4.5189039 4.5203325 4.5217004 4.5230052 4.524245 4.5254178 4.5265224 4.5275576 4.5285229 4.5294178 4.5302424 4.5309971 4.5316825 4.5322997
4.4508733 4.4512324 4.4516596 4.4521557 4.4527214 4.4533572 4.4540634 4.4548402 4.4556874 4.456605 4.4575924 4.4586491 4.4597741 4.4609664 4.4622247 4.4635476 4.4649332 4.4663798 4.467885 4.4694465 4.4710616 4.4727275 4.474441 4.4761989 4.4779977 4.4798336 4.4817026 4.4836007 4.4855235 4.4874666 4.4894253 4.4913949 4.4933705 4.4953471 4.4973199 4.4992837 4.5012334 4.503164 4.5050705 4.5069481 4.5087918 4.510597 4.5123591 4.514074 4.5157374 4.5173456 4.518895 4.5203823 4.5218047 4.5231595 4.5244445 4.5256579 4.5267982 4.5278643 4.5288555 4.5297716 4.5306125 4.5313789 4.5320714 4.5326912
4.4480988 4.448449 4.448871 4.4493655 4.4499335 4.4505754 4.4512917 4.4520825 4.452948 4.4538878 4.4549016 4.4559888 4.4571485 4.4583797 4.459681 4.461051 4.4624878 4.4639894 4.4655536 4.4671779 4.4688595 4.4705954 4.4723823 4.4742169 4.4760953 4.4780136 4.4799677 4.4819531 4.4839653 4.4859995 4.4880508 4.4901141 4.4921842 4.4942558 4.4963236 4.498382 4.5004257 4.5024492 4.5044471 4.5064142 4.5083452 4.5102351 4.512079 4.5138722 4.5156104 4.5172894 4.5189054 4.5204549 4.5219347 4.523342 4.5246745 4.5259302 4.5271076 4.5282056 4.5292233 4.5301606 4.5310177 4.531795 4.5324936 4.5331147
4.4451924 4.4455323 4.4459478 4.4464398 4.4470092 4.4476566 4.4483826 4.4491875 4.4500712 4.4510337 4.4520746 4.4531932 4.4543888 4.4556603 4.4570064 4.4584254 4.4599157 4.461475 4.4631011 4.4647913 4.4665428 4.4683524 4.4702168 4.4721322 4.4740948 4.4761003 4.4781444 4.4802224 4.4823294 4.4844603 4.48661 4.4887729 4.4909435 4.4931161 4.4952849 4.4974441 4.4995879 4.5017103 4.5038056 4.5058681 4.5078921 4.5098721 4.511803 4.5136796 4.5154973 4.5172515 4.518938 4.5205532 4.5220936 4.5235562 4.5249386 4.5262386 4.5274545 4.5285852 4.5296301 4.5305888 4.5314615 4.5322491 4.5329526 4.5335735
4.442147 4.4424751 4.4428826 4.4433709 4.4439408 4.4445931 4.4453284 4.4461471 4.4470492 4.4480347 4.4491032 4.4502543 4.451487 4.4528003 4.4541929 4.4556631 4.4572092 4.4588289 4.4605199 4.4622794 4.4641044 4.4659917 4.4679377 4.4699385 4.4719901 4.4740879 4.4762273 4.4784034 4.480611 4.4828446 4.4850988 4.4873676 4.4896452 4.4919253 4.4942018 4.4964684 4.4987189 4.5009468 4.503146 4.5053101 4.5074333 4.5095094 4.5115329 4.5134983 4.5154005 4.5172345 4.518996 4.5206808 4.5222852 4.5238062 4.5252409 4.5265871 4.527843 4.5290076 4.53008 4.53106 4.5319481 4.532745 4.533452 4.5340708
4.438955 4.4392694 4.4396676 4.4401509 4.4407202 4.4413766 4.4421207 4.4429529 4.4438734 4.4448822 4.445979 4.4471634 4.4484344 4.449791 4.451232 4.4527556 4.4543601 4.456043 4.457802 4.4596343 4.4615367 4.4635058 4.4655379 4.4676289 4.4697745 4.4719699 4.4742104 4.4764905 4.4788049 4.4811478 4.4835131 4.4858946 4.488286 4.4906807 4.4930721 4.4954533 4.4978176 4.5001581 4.502468 4.5047408 4.5069697 4.5091484 4.5112707 4.5133307 4.5153229 4.5172419 4.5190829 4.5208414 4.5225137 4.5240961 4.5255858 4.5269803 4.5282779 4.5294773 4.5305777 4.5315791 4.5324818 4.5332869 4.5339958 4.5346106
4.4356083 4.4359071 4.4362942 4.436771 4.4373387 4.4379983 4.4387504 4.4395958 4.4405347 4.4415671 4.4426928 4.4439113 4.4452219 4.4466234 4.4481147 4.4496939 4.4513593 4.4531084 4.4549388 4.4568475 4.4588313 4.4608866 4.4630095 4.4651958 4.4674409 4.4697398 4.4720873 4.4744779 4.4769057 4.4793646 4.4818482 4.4843498 4.4868625 4.4893794 4.4918933 4.4943968 4.4968826 4.4993434 4.5017718 4.5041605 4.5065025 4.5087907 4.5110185 4.5131795 4.5152676 4.517277 4.5192026 4.5210395 4.5227835 4.5244309 4.5259784 4.5274235 4.5287643 4.5299995 4.5311284 4.5321509 4.5330675 4.5338795 4.5345885 4.5351968
4.4320981 4.4323793 4.4327535 4.4332222 4.4337868 4.4344485 4.4352081 4.4360662 4.4370233 4.4380795 4.4392346 4.4404881 4.4418395 4.4432876 4.4448311 4.4464683 4.4481973 4.4500157 4.4519209 4.4539099 4.4559793 4.4581255 4.4603442 4.4626311 4.4649814 4.4673899 4.469851 4.4723588 4.4749072 4.4774896 4.4800991 4.4827286 4.4853708 4.4880181 4.4906628 4.493297 4.4959128 4.4985021 4.5010572 4.50357 4.5060328 4.5084382 4.5107788 4.5130476 4.5152381 4.517344 4.5193597 4.5212798 4.5230999 4.5248158 4.5264242 4.5279223 4.5293081 4.5305801 4.5317377 4.532781 4.5337106 4.5345279 4.5352348 4.535834
4.4284152 4.4286764 4.4290356 4.4294945 4.4300546 4.4307172 4.4314832 4.4323536 4.4333287 4.4344088 4.4355938 4.4368833 4.4382766 4.4397728 4.4413706 4.4430681 4.4448636 4.4467545 4.4487381 4.4508115 4.452971 4.4552129 4.4575328 4.4599261 4.4623877 4.4649123 4.4674939 4.4701263 4.4728028 4.4755166 4.4782603 4.4810263 4.4838066 4.4865932 4.4893778 4.4921517 4.4949066 4.4976336 4.5003242 4.5029699 4.5055622 4.508093 4.5105543 4.5129385 4.5152384 4.5174473 4.519559 4.5215677 4.5234685 4.525257 4.5269295 4.528483 4.5299155 4.5312254 4.5324121 4.5334757 4.5344171 4.5352378 4.5359402 4.5365272
4.4245498 4.4247884 4.4251303 4.4255773 4.4261312 4.4267933 4.4275649 4.4284468 4.4294396 4.4305436 4.4317589 4.4330852 4.4345218 4.4360678 4.4377218 4.4394822 4.441347 4.4433137 4.4453796 4.4475416 4.4497959 4.4521386 4.4545653 4.457071 4.4596506 4.4622982 4.4650076 4.4677724 4.4705853 4.4734391 4.4763258 4.4792374 4.4821653 4.4851009 4.488035 4.4909586 4.4938624 4.4967369 4.4995729 4.502361 4.5050922 4.5077574 4.510348 4.5128558 4.5152728 4.5175918 4.5198059 4.521909 4.5238956 4.5257609 4.527501 4.5291127 4.5305937 4.5319425 4.5331585 4.5342418 4.5351935 4.5360156 4.5367105 4.5372817
4.420491 4.4207043 4.4210263 4.4214593 4.4220051 4.4226652 4.4234411 4.4243337 4.4253438 4.4264717 4.4277178 4.4290816 4.4305626 4.43216 4.4338724 4.4356982 4.4376353 4.4396814 4.4418335 4.4440885 4.4464425 4.4488915 4.4514309 4.4540556 4.4567599 4.459538 4.4623832 4.4652886 4.4682468 4.4712497 4.4742891 4.4773562 4.4804419 4.4835368 4.4866311 4.4897151 4.4927786 4.4958114 4.4988033 4.5017444 4.5046245 4.507434 4.5101634 4.5128037 4.5153463 4.5177831 4.5201067 4.5223105 4.5243883 4.5263351 4.5281466 4.5298193 4.5313507 4.5327394 4.5339846 4.5350869 4.5360473 4.5368681 4.5375523 4.5381037
4.4162276 4.4164124 4.4167118 4.4171283 4.4176638 4.4183202 4.419099 4.4200014 4.4210281 4.4221799 4.4234569 4.424859 4.4263857 4.4280361 4.4298091 4.4317029 4.4337155 4.4358445 4.438087 4.4404396 4.4428986 4.4454596 4.448118 4.4508683 4.4537049 4.4566213 4.4596107 4.4626658 4.4657785 4.4689405 4.4721428 4.4753761 4.4786307 4.4818962 4.4851623 4.4884183 4.4916532 4.4948559 4.4980155 4.5011209 4.5041612 4.5071258 4.5100044 4.512787 4.5154642 4.5180273 4.5204682 4.5227794 4.5249545 4.5269879 4.5288747 4.5306114 4.5321953 4.5336248 4.5348993 4.5360194 4.5369865 4.5378031 4.5384727 4.5389997
