Cobbity4/FInal/QGIS/The_Reverse_2.asc
NCOLS 499
NROWS 379
XLLCORNER 150.661
YLLCORNER -34.0271
CELLSIZE 1e-05
NODATA_VALUE -9999
[rows 0 to 25 of 379, columns 360 to 419 of 499]
4.4838395 4.4838545 4.4838682 4.4838805 4.4838916 4.4839014 4.4839099 4.4839172 4.4839233 4.483928 4.4839316 4.4839339 4.483935 4.4839349 4.4839337 4.4839312 4.4839275 4.4839227 4.4839168 4.4839096 4.4839014 4.483892 4.4838815 4.4838699 4.4838572 4.4838435 4.4838286 4.4838127 4.4837957 4.4837777 4.4837587 4.4837386 4.4837176 4.4836955 4.4836724 4.4836484 4.4836234 4.4835974 4.4835705 4.4835427 4.4835139 4.4834842 4.4834537 4.4834222 4.4833898 4.4833566 4.4833225 4.4832876 4.4832518 4.4832152 4.4831778 4.4831396 4.4831006 4.4830608 4.4830202 4.4829789 4.4829368 4.482894 4.4828504 4.4828061
4.483867 4.4838825 4.4838967 4.4839096 4.4839211 4.4839314 4.4839404 4.4839482 4.4839546 4.4839598 4.4839637 4.4839664 4.4839679 4.4839682 4.4839672 4.483965 4.4839617 4.4839571 4.4839514 4.4839446 4.4839366 4.4839274 4.4839171 4.4839057 4.4838932 4.4838796 4.4838649 4.4838491 4.4838322 4.4838143 4.4837954 4.4837754 4.4837544 4.4837324 4.4837094 4.4836854 4.4836604 4.4836345 4.4836076 4.4835797 4.483551 4.4835213 4.4834906 4.4834591 4.4834267 4.4833934 4.4833593 4.4833243 4.4832884 4.4832517 4.4832142 4.4831759 4.4831368 4.4830968 4.4830561 4.4830147 4.4829724 4.4829294 4.4828857 4.4828413
4.4838945 4.4839105 4.4839253 4.4839387 4.4839508 4.4839615 4.483971 4.4839792 4.4839861 4.4839917 4.483996 4.4839991 4.4840009 4.4840015 4.4840009 4.483999 4.4839959 4.4839917 4.4839862 4.4839796 4.4839718 4.4839629 4.4839528 4.4839416 4.4839292 4.4839158 4.4839012 4.4838856 4.4838688 4.4838511 4.4838322 4.4838123 4.4837914 4.4837694 4.4837465 4.4837225 4.4836976 4.4836716 4.4836447 4.4836169 4.4835881 4.4835584 4.4835277 4.4834962 4.4834637 4.4834303 4.4833961 4.483361 4.4833251 4.4832883 4.4832507 4.4832122 4.483173 4.4831329 4.4830921 4.4830505 4.4830081 4.482965 4.4829211 4.4828764
4.4839221 4.4839387 4.483954 4.4839679 4.4839805 4.4839918 4.4840017 4.4840103 4.4840176 4.4840236 4.4840284 4.4840318 4.484034 4.484035 4.4840346 4.4840331 4.4840303 4.4840264 4.4840212 4.4840148 4.4840072 4.4839985 4.4839886 4.4839776 4.4839654 4.4839521 4.4839377 4.4839222 4.4839056 4.4838879 4.4838691 4.4838493 4.4838285 4.4838066 4.4837837 4.4837597 4.4837348 4.4837089 4.483682 4.4836541 4.4836253 4.4835956 4.4835649 4.4835333 4.4835007 4.4834673 4.483433 4.4833979 4.4833618 4.4833249 4.4832872 4.4832487 4.4832093 4.4831691 4.4831281 4.4830864 4.4830438 4.4830005 4.4829565 4.4829117
4.4839497 4.4839669 4.4839828 4.4839972 4.4840103 4.4840221 4.4840325 4.4840416 4.4840493 4.4840558 4.4840609 4.4840647 4.4840673 4.4840685 4.4840686 4.4840673 4.4840648 4.4840611 4.4840562 4.4840501 4.4840428 4.4840342 4.4840246 4.4840137 4.4840017 4.4839886 4.4839743 4.4839589 4.4839424 4.4839248 4.4839062 4.4838864 4.4838657 4.4838438 4.4838209 4.483797 4.4837721 4.4837462 4.4837193 4.4836915 4.4836626 4.4836328 4.4836021 4.4835705 4.4835379 4.4835044 4.48347 4.4834348 4.4833986 4.4833616 4.4833238 4.4832851 4.4832456 4.4832053 4.4831642 4.4831223 4.4830796 4.4830361 4.4829919 4.4829469
4.4839775 4.4839953 4.4840117 4.4840267 4.4840403 4.4840525 4.4840634 4.484073 4.4840811 4.484088 4.4840935 4.4840977 4.4841006 4.4841023 4.4841026 4.4841017 4.4840995 4.4840961 4.4840914 4.4840855 4.4840784 4.4840701 4.4840606 4.48405 4.4840381 4.4840252 4.484011 4.4839958 4.4839794 4.4839619 4.4839434 4.4839237 4.483903 4.4838812 4.4838583 4.4838345 4.4838096 4.4837837 4.4837568 4.4837289 4.4837 4.4836702 4.4836394 4.4836077 4.4835751 4.4835415 4.4835071 4.4834717 4.4834355 4.4833984 4.4833604 4.4833216 4.483282 4.4832416 4.4832003 4.4831582 4.4831154 4.4830717 4.4830273 4.4829822
4.4840054 4.4840238 4.4840407 4.4840562 4.4840704 4.4840831 4.4840945 4.4841045 4.4841131 4.4841203 4.4841263 4.4841309 4.4841342 4.4841361 4.4841368 4.4841362 4.4841343 4.4841311 4.4841267 4.4841211 4.4841142 4.4841061 4.4840969 4.4840864 4.4840747 4.4840619 4.4840479 4.4840328 4.4840165 4.4839991 4.4839806 4.4839611 4.4839404 4.4839187 4.4838959 4.483872 4.4838472 4.4838213 4.4837944 4.4837664 4.4837376 4.4837077 4.4836769 4.4836451 4.4836124 4.4835788 4.4835442 4.4835088 4.4834724 4.4834352 4.4833972 4.4833582 4.4833185 4.4832779 4.4832364 4.4831942 4.4831512 4.4831074 4.4830628 4.4830175
4.4840334 4.4840523 4.4840698 4.4840859 4.4841006 4.4841138 4.4841257 4.4841361 4.4841452 4.4841529 4.4841592 4.4841642 4.4841678 4.4841701 4.4841711 4.4841708 4.4841692 4.4841664 4.4841622 4.4841568 4.4841502 4.4841423 4.4841332 4.4841229 4.4841114 4.4840988 4.4840849 4.4840699 4.4840538 4.4840365 4.4840181 4.4839986 4.483978 4.4839563 4.4839335 4.4839097 4.4838848 4.4838589 4.483832 4.4838041 4.4837752 4.4837453 4.4837144 4.4836826 4.4836498 4.4836161 4.4835814 4.4835459 4.4835095 4.4834721 4.4834339 4.4833949 4.483355 4.4833142 4.4832727 4.4832303 4.4831871 4.4831431 4.4830984 4.4830528
4.4840615 4.484081 4.4840991 4.4841157 4.4841309 4.4841447 4.484157 4.4841679 4.4841774 4.4841855 4.4841922 4.4841976 4.4842016 4.4842043 4.4842056 4.4842056 4.4842043 4.4842017 4.4841978 4.4841927 4.4841863 4.4841786 4.4841697 4.4841596 4.4841483 4.4841358 4.4841221 4.4841072 4.4840911 4.484074 4.4840556 4.4840362 4.4840156 4.483994 4.4839713 4.4839475 4.4839226 4.4838967 4.4838698 4.4838419 4.4838129 4.483783 4.483752 4.4837201 4.4836873 4.4836535 4.4836188 4.4835831 4.4835466 4.4835091 4.4834708 4.4834316 4.4833915 4.4833506 4.4833089 4.4832664 4.483223 4.4831789 4.4831339 4.4830882
4.4840897 4.4841099 4.4841285 4.4841457 4.4841614 4.4841756 4.4841885 4.4841998 4.4842098 4.4842183 4.4842255 4.4842312 4.4842356 4.4842386 4.4842403 4.4842406 4.4842396 4.4842373 4.4842336 4.4842287 4.4842225 4.4842151 4.4842064 4.4841965 4.4841853 4.4841729 4.4841593 4.4841446 4.4841287 4.4841116 4.4840933 4.484074 4.4840535 4.4840319 4.4840092 4.4839854 4.4839605 4.4839346 4.4839077 4.4838797 4.4838507 4.4838207 4.4837897 4.4837578 4.4837248 4.483691 4.4836561 4.4836204 4.4835837 4.4835462 4.4835077 4.4834684 4.4834282 4.4833871 4.4833452 4.4833025 4.483259 4.4832146 4.4831695 4.4831236
4.4841181 4.4841388 4.4841581 4.4841758 4.484192 4.4842068 4.4842201 4.4842319 4.4842423 4.4842513 4.4842588 4.484265 4.4842697 4.4842731 4.4842751 4.4842757 4.484275 4.4842729 4.4842696 4.4842649 4.484259 4.4842517 4.4842432 4.4842335 4.4842225 4.4842102 4.4841968 4.4841822 4.4841663 4.4841493 4.4841312 4.4841119 4.4840914 4.4840699 4.4840472 4.4840234 4.4839986 4.4839727 4.4839457 4.4839177 4.4838887 4.4838586 4.4838276 4.4837955 4.4837625 4.4837285 4.4836936 4.4836578 4.483621 4.4835833 4.4835447 4.4835052 4.4834649 4.4834237 4.4833816 4.4833387 4.483295 4.4832505 4.4832051 4.483159
4.4841466 4.484168 4.4841878 4.484206 4.4842228 4.4842381 4.4842519 4.4842642 4.484275 4.4842844 4.4842924 4.4842989 4.484304 4.4843077 4.48431 4.484311 4.4843106 4.4843088 4.4843057 4.4843013 4.4842955 4.4842885 4.4842802 4.4842706 4.4842598 4.4842477 4.4842344 4.4842199 4.4842041 4.4841872 4.4841691 4.4841499 4.4841295 4.484108 4.4840853 4.4840616 4.4840367 4.4840108 4.4839838 4.4839558 4.4839267 4.4838966 4.4838655 4.4838334 4.4838003 4.4837662 4.4837312 4.4836952 4.4836583 4.4836205 4.4835818 4.4835421 4.4835016 4.4834603 4.483418 4.483375 4.4833311 4.4832863 4.4832408 4.4831945
4.4841753 4.4841972 4.4842176 4.4842365 4.4842538 4.4842695 4.4842838 4.4842966 4.4843079 4.4843177 4.4843261 4.484333 4.4843385 4.4843425 4.4843452 4.4843464 4.4843463 4.4843448 4.484342 4.4843378 4.4843323 4.4843255 4.4843173 4.4843079 4.4842973 4.4842853 4.4842722 4.4842577 4.4842421 4.4842253 4.4842073 4.4841881 4.4841677 4.4841463 4.4841236 4.4840999 4.484075 4.4840491 4.4840221 4.483994 4.4839649 4.4839347 4.4839035 4.4838713 4.4838382 4.483804 4.4837688 4.4837328 4.4836957 4.4836578 4.4836189 4.4835791 4.4835385 4.4834969 4.4834545 4.4834113 4.4833672 4.4833223 4.4832765 4.48323
4.4842041 4.4842267 4.4842476 4.484267 4.4842849 4.4843012 4.484316 4.4843292 4.484341 4.4843512 4.48436 4.4843673 4.4843731 4.4843775 4.4843805 4.4843821 4.4843823 4.484381 4.4843785 4.4843745 4.4843692 4.4843626 4.4843547 4.4843454 4.4843349 4.4843231 4.4843101 4.4842958 4.4842803 4.4842635 4.4842456 4.4842264 4.4842061 4.4841847 4.4841621 4.4841383 4.4841135 4.4840875 4.4840605 4.4840323 4.4840032 4.4839729 4.4839417 4.4839094 4.4838761 4.4838418 4.4838066 4.4837704 4.4837332 4.4836951 4.4836561 4.4836162 4.4835753 4.4835336 4.483491 4.4834476 4.4834033 4.4833582 4.4833123 4.4832655
4.4842331 4.4842563 4.4842778 4.4842978 4.4843162 4.484333 4.4843483 4.484362 4.4843742 4.4843849 4.4843941 4.4844017 4.484408 4.4844127 4.484416 4.4844179 4.4844184 4.4844174 4.4844151 4.4844114 4.4844063 4.4843999 4.4843922 4.4843831 4.4843727 4.4843611 4.4843482 4.484334 4.4843185 4.4843019 4.484284 4.4842649 4.4842447 4.4842232 4.4842006 4.4841769 4.484152 4.484126 4.484099 4.4840708 4.4840416 4.4840113 4.4839799 4.4839476 4.4839142 4.4838798 4.4838444 4.4838081 4.4837708 4.4837326 4.4836934 4.4836533 4.4836123 4.4835704 4.4835276 4.483484 4.4834395 4.4833942 4.4833481 4.4833011
4.4842623 4.4842861 4.4843082 4.4843288 4.4843477 4.484365 4.4843808 4.484395 4.4844076 4.4844187 4.4844283 4.4844364 4.484443 4.4844481 4.4844518 4.4844539 4.4844547 4.484454 4.484452 4.4844485 4.4844436 4.4844374 4.4844299 4.484421 4.4844108 4.4843992 4.4843864 4.4843724 4.484357 4.4843404 4.4843226 4.4843036 4.4842834 4.4842619 4.4842394 4.4842156 4.4841907 4.4841647 4.4841376 4.4841094 4.4840801 4.4840497 4.4840183 4.4839858 4.4839524 4.4839179 4.4838824 4.4838459 4.4838085 4.4837701 4.4837307 4.4836905 4.4836493 4.4836072 4.4835643 4.4835205 4.4834758 4.4834303 4.4833839 4.4833367
4.4842916 4.4843161 4.4843388 4.4843599 4.4843794 4.4843972 4.4844135 4.4844282 4.4844413 4.4844528 4.4844628 4.4844713 4.4844783 4.4844837 4.4844877 4.4844902 4.4844912 4.4844908 4.484489 4.4844858 4.4844811 4.4844751 4.4844677 4.484459 4.484449 4.4844376 4.4844249 4.4844109 4.4843956 4.4843791 4.4843614 4.4843424 4.4843222 4.4843008 4.4842782 4.4842545 4.4842296 4.4842035 4.4841764 4.4841481 4.4841187 4.4840883 4.4840568 4.4840242 4.4839906 4.483956 4.4839204 4.4838838 4.4838462 4.4838077 4.4837682 4.4837278 4.4836864 4.4836442 4.483601 4.483557 4.4835121 4.4834663 4.4834198 4.4833724
4.4843212 4.4843462 4.4843696 4.4843912 4.4844113 4.4844297 4.4844464 4.4844616 4.4844751 4.4844871 4.4844975 4.4845064 4.4845137 4.4845195 4.4845238 4.4845266 4.4845279 4.4845278 4.4845262 4.4845232 4.4845188 4.484513 4.4845058 4.4844973 4.4844873 4.4844761 4.4844635 4.4844496 4.4844345 4.484418 4.4844003 4.4843814 4.4843612 4.4843398 4.4843172 4.4842935 4.4842686 4.4842425 4.4842153 4.4841869 4.4841575 4.484127 4.4840954 4.4840627 4.484029 4.4839943 4.4839586 4.4839218 4.4838841 4.4838454 4.4838057 4.4837651 4.4837236 4.4836811 4.4836378 4.4835935 4.4835484 4.4835025 4.4834557 4.483408
4.484351 4.4843766 4.4844006 4.4844228 4.4844434 4.4844623 4.4844796 4.4844952 4.4845092 4.4845216 4.4845324 4.4845417 4.4845494 4.4845555 4.4845602 4.4845633 4.4845649 4.484565 4.4845637 4.4845609 4.4845567 4.4845511 4.4845441 4.4845357 4.4845259 4.4845148 4.4845023 4.4844885 4.4844735 4.4844571 4.4844394 4.4844205 4.4844004 4.484379 4.4843564 4.4843327 4.4843077 4.4842816 4.4842543 4.4842259 4.4841964 4.4841658 4.4841341 4.4841014 4.4840675 4.4840327 4.4839968 4.4839599 4.483922 4.4838831 4.4838433 4.4838025 4.4837608 4.4837182 4.4836746 4.4836302 4.4835848 4.4835387 4.4834916 4.4834437
4.4843809 4.4844072 4.4844318 4.4844546 4.4844757 4.4844952 4.4845129 4.484529 4.4845435 4.4845564 4.4845676 4.4845772 4.4845853 4.4845918 4.4845967 4.4846002 4.4846021 4.4846025 4.4846014 4.4845988 4.4845948 4.4845894 4.4845826 4.4845743 4.4845647 4.4845537 4.4845413 4.4845276 4.4845126 4.4844963 4.4844787 4.4844599 4.4844397 4.4844184 4.4843958 4.484372 4.484347 4.4843208 4.4842935 4.4842651 4.4842355 4.4842048 4.484173 4.4841401 4.4841061 4.4840712 4.4840351 4.4839981 4.48396 4.483921 4.483881 4.48384 4.4837981 4.4837553 4.4837115 4.4836668 4.4836213 4.4835749 4.4835276 4.4834795
4.4844112 4.4844381 4.4844632 4.4844866 4.4845083 4.4845283 4.4845465 4.4845631 4.484578 4.4845913 4.484603 4.484613 4.4846214 4.4846283 4.4846335 4.4846373 4.4846394 4.4846401 4.4846393 4.484637 4.4846332 4.4846279 4.4846213 4.4846132 4.4846037 4.4845928 4.4845805 4.4845669 4.484552 4.4845358 4.4845182 4.4844994 4.4844792 4.4844579 4.4844353 4.4844115 4.4843864 4.4843602 4.4843328 4.4843043 4.4842746 4.4842438 4.4842119 4.4841789 4.4841449 4.4841098 4.4840736 4.4840364 4.4839982 4.483959 4.4839188 4.4838776 4.4838355 4.4837924 4.4837485 4.4837036 4.4836578 4.4836111 4.4835636 4.4835152
4.4844416 4.4844691 4.4844949 4.4845189 4.4845411 4.4845616 4.4845804 4.4845974 4.4846128 4.4846265 4.4846386 4.484649 4.4846578 4.484665 4.4846706 4.4846746 4.4846771 4.484678 4.4846774 4.4846753 4.4846717 4.4846667 4.4846602 4.4846522 4.4846429 4.4846321 4.48462 4.4846064 4.4845916 4.4845754 4.4845579 4.484539 4.4845189 4.4844976 4.484475 4.4844511 4.484426 4.4843998 4.4843723 4.4843437 4.484314 4.4842831 4.484251 4.4842179 4.4841837 4.4841485 4.4841121 4.4840748 4.4840364 4.483997 4.4839566 4.4839153 4.4838729 4.4838297 4.4837855 4.4837404 4.4836944 4.4836475 4.4835997 4.4835511
4.4844723 4.4845004 4.4845268 4.4845514 4.4845742 4.4845952 4.4846145 4.484632 4.4846479 4.484662 4.4846745 4.4846853 4.4846944 4.4847019 4.4847079 4.4847122 4.4847149 4.4847161 4.4847158 4.4847139 4.4847105 4.4847057 4.4846993 4.4846915 4.4846823 4.4846716 4.4846596 4.4846461 4.4846313 4.4846152 4.4845977 4.4845789 4.4845588 4.4845374 4.4845148 4.4844909 4.4844658 4.4844395 4.484412 4.4843833 4.4843534 4.4843224 4.4842903 4.484257 4.4842227 4.4841873 4.4841508 4.4841133 4.4840747 4.4840351 4.4839945 4.483953 4.4839105 4.483867 4.4838226 4.4837772 4.483731 4.4836838 4.4836358 4.4835869
4.4845032 4.484532 4.484559 4.4845841 4.4846075 4.484629 4.4846488 4.4846669 4.4846832 4.4846977 4.4847106 4.4847218 4.4847313 4.4847392 4.4847454 4.48475 4.4847531 4.4847545 4.4847544 4.4847527 4.4847495 4.4847449 4.4847387 4.484731 4.4847219 4.4847114 4.4846994 4.4846861 4.4846713 4.4846552 4.4846378 4.484619 4.4845989 4.4845775 4.4845548 4.4845309 4.4845057 4.4844794 4.4844518 4.484423 4.484393 4.4843619 4.4843296 4.4842963 4.4842618 4.4842262 4.4841896 4.4841519 4.4841131 4.4840733 4.4840326 4.4839908 4.4839481 4.4839043 4.4838597 4.4838141 4.4837676 4.4837202 4.4836719 4.4836228
4.4845344 4.4845639 4.4845914 4.4846172 4.4846411 4.4846632 4.4846835 4.484702 4.4847187 4.4847337 4.484747 4.4847586 4.4847685 4.4847767 4.4847832 4.4847881 4.4847914 4.4847931 4.4847932 4.4847918 4.4847888 4.4847843 4.4847783 4.4847708 4.4847618 4.4847513 4.4847395 4.4847262 4.4847115 4.4846954 4.484678 4.4846592 4.4846391 4.4846177 4.484595 4.4845711 4.4845458 4.4845194 4.4844917 4.4844628 4.4844328 4.4844015 4.4843691 4.4843356 4.484301 4.4842653 4.4842284 4.4841906 4.4841516 4.4841117 4.4840707 4.4840287 4.4839857 4.4839418 4.4838969 4.4838511 4.4838043 4.4837567 4.4837081 4.4836587
4.4845659 4.484596 4.4846242 4.4846505 4.484675 4.4846976 4.4847184 4.4847374 4.4847546 4.48477 4.4847837 4.4847956 4.4848059 4.4848144 4.4848213 4.4848265 4.4848301 4.484832 4.4848324 4.4848311 4.4848283 4.484824 4.4848181 4.4848107 4.4848019 4.4847915 4.4847797 4.4847665 4.4847519 4.4847359 4.4847185 4.4846997 4.4846796 4.4846582 4.4846354 4.4846114 4.4845861 4.4845596 4.4845318 4.4845028 4.4844727 4.4844413 4.4844088 4.4843751 4.4843403 4.4843044 4.4842674 4.4842294 4.4841902 4.4841501 4.4841089 4.4840667 4.4840235 4.4839793 4.4839342 4.4838881 4.4838411 4.4837932 4.4837443 4.4836946
