Cobbity4/FInal/QGIS/The_Reverse_2.asc
NCOLS 499
NROWS 379
XLLCORNER 150.661
YLLCORNER -34.0271
CELLSIZE 1e-05
NODATA_VALUE -9999
[rows 52 to 77 of 379, columns 0 to 59 of 499]
4.4883801 4.4884871 4.4885901 4.4886889 4.4887835 4.4888738 4.4889596 4.4890408 4.4891173 4.489189 4.4892559 4.4893177 4.4893744 4.4894258 4.4894718 4.4895124 4.4895473 4.4895765 4.4895999 4.4896173 4.4896286 4.4896337 4.4896325 4.4896248 4.4896105 4.4895895 4.4895616 4.4895269 4.489485 4.4894359 4.4893795 4.4893156 4.4892442 4.4891651 4.4890782 4.4889833 4.4888804 4.4887693 4.4886499 4.4885221 4.4883858 4.4882409 4.4880873 4.4879248 4.4877534 4.487573 4.4873834 4.4871846 4.4869765 4.4867589 4.4865319 4.4862954 4.4860492 4.4857933 4.4855276 4.4852521 4.4849667 4.4846714 4.4843661 4.4840509
4.4884961 4.4886051 4.4887101 4.4888108 4.4889073 4.4889994 4.489087 4.48917 4.4892482 4.4893216 4.48939 4.4894534 4.4895115 4.4895644 4.4896117 4.4896536 4.4896897 4.4897201 4.4897445 4.4897629 4.4897751 4.489781 4.4897804 4.4897733 4.4897595 4.4897389 4.4897113 4.4896767 4.4896349 4.4895857 4.4895291 4.4894649 4.489393 4.4893132 4.4892255 4.4891297 4.4890257 4.4889133 4.4887925 4.4886632 4.4885251 4.4883782 4.4882225 4.4880576 4.4878837 4.4877005 4.487508 4.487306 4.4870945 4.4868733 4.4866425 4.4864018 4.4861513 4.4858908 4.4856203 4.4853397 4.4850489 4.484748 4.4844368 4.4841154
4.4886132 4.4887243 4.4888312 4.488934 4.4890324 4.4891264 4.4892158 4.4893006 4.4893806 4.4894557 4.4895258 4.4895908 4.4896505 4.4897048 4.4897536 4.4897968 4.4898343 4.4898658 4.4898914 4.4899108 4.4899239 4.4899306 4.4899309 4.4899244 4.4899112 4.489891 4.4898638 4.4898294 4.4897877 4.4897385 4.4896817 4.4896172 4.4895449 4.4894645 4.4893761 4.4892794 4.4891743 4.4890608 4.4889386 4.4888077 4.4886679 4.4885191 4.4883612 4.4881941 4.4880176 4.4878317 4.4876362 4.487431 4.4872161 4.4869914 4.4867566 4.4865119 4.486257 4.4859919 4.4857165 4.4854307 4.4851346 4.484828 4.4845108 4.4841831
4.4887313 4.4888445 4.4889535 4.4890583 4.4891587 4.4892547 4.4893461 4.4894327 4.4895146 4.4895915 4.4896633 4.4897299 4.4897913 4.4898471 4.4898975 4.4899421 4.4899809 4.4900137 4.4900404 4.4900609 4.4900751 4.4900828 4.4900838 4.4900781 4.4900655 4.4900459 4.4900191 4.4899849 4.4899434 4.4898942 4.4898374 4.4897726 4.4896999 4.4896191 4.48953 4.4894324 4.4893264 4.4892117 4.4890882 4.4889557 4.4888142 4.4886636 4.4885036 4.4883341 4.4881552 4.4879666 4.4877681 4.4875598 4.4873415 4.4871131 4.4868746 4.4866257 4.4863664 4.4860966 4.4858164 4.4855254 4.4852238 4.4849115 4.4845883 4.4842543
4.4888504 4.4889657 4.4890769 4.4891838 4.4892863 4.4893843 4.4894777 4.4895663 4.4896501 4.4897288 4.4898025 4.4898709 4.4899339 4.4899914 4.4900433 4.4900894 4.4901296 4.4901638 4.4901918 4.4902135 4.4902287 4.4902374 4.4902394 4.4902345 4.4902226 4.4902035 4.4901772 4.4901434 4.4901021 4.490053 4.4899962 4.4899313 4.4898582 4.4897769 4.4896872 4.4895889 4.489482 4.4893661 4.4892413 4.4891074 4.4889643 4.4888117 4.4886497 4.488478 4.4882966 4.4881053 4.487904 4.4876925 4.4874709 4.4872388 4.4869964 4.4867434 4.4864797 4.4862053 4.4859201 4.4856239 4.4853168 4.4849987 4.4846694 4.484329
4.4889704 4.489088 4.4892014 4.4893105 4.4894152 4.4895153 4.4896108 4.4897014 4.4897871 4.4898678 4.4899434 4.4900136 4.4900784 4.4901376 4.4901911 4.4902388 4.4902805 4.4903161 4.4903454 4.4903684 4.4903848 4.4903946 4.4903975 4.4903935 4.4903824 4.490364 4.4903382 4.4903049 4.4902639 4.490215 4.4901582 4.4900932 4.4900199 4.4899382 4.4898479 4.4897489 4.4896411 4.4895242 4.4893982 4.4892629 4.4891181 4.4889638 4.4887997 4.4886258 4.488442 4.488248 4.4880438 4.4878292 4.4876042 4.4873686 4.4871222 4.4868651 4.486597 4.4863179 4.4860278 4.4857264 4.4854138 4.4850898 4.4847544 4.4844075
4.4890915 4.4892114 4.4893271 4.4894384 4.4895453 4.4896476 4.4897452 4.489838 4.4899258 4.4900085 4.4900859 4.4901581 4.4902247 4.4902857 4.4903409 4.4903903 4.4904336 4.4904707 4.4905014 4.4905257 4.4905434 4.4905543 4.4905583 4.4905553 4.490545 4.4905274 4.4905022 4.4904694 4.4904288 4.4903801 4.4903234 4.4902584 4.490185 4.490103 4.4900122 4.4899126 4.4898039 4.489686 4.4895588 4.4894221 4.4892758 4.4891197 4.4889537 4.4887777 4.4885914 4.4883948 4.4881877 4.4879701 4.4877417 4.4875024 4.4872522 4.486991 4.4867185 4.4864347 4.4861396 4.485833 4.4855148 4.4851849 4.4848433 4.4844899
4.4892135 4.4893358 4.4894538 4.4895675 4.4896767 4.4897813 4.4898811 4.489976 4.4900659 4.4901507 4.4902303 4.4903044 4.4903729 4.4904358 4.4904928 4.4905439 4.4905888 4.4906275 4.4906598 4.4906855 4.4907045 4.4907167 4.4907218 4.4907198 4.4907105 4.4906937 4.4906692 4.490637 4.4905968 4.4905486 4.490492 4.4904271 4.4903535 4.4902713 4.4901801 4.4900799 4.4899705 4.4898517 4.4897234 4.4895854 4.4894376 4.4892798 4.4891118 4.4889336 4.488745 4.4885458 4.4883359 4.4881152 4.4878835 4.4876406 4.4873866 4.4871212 4.4868443 4.4865559 4.4862557 4.4859438 4.48562 4.4852842 4.4849364 4.4845764
4.4893365 4.4894612 4.4895817 4.4896978 4.4898093 4.4899162 4.4900184 4.4901155 4.4902077 4.4902946 4.4903763 4.4904524 4.490523 4.4905878 4.4906467 4.4906996 4.4907463 4.4907867 4.4908205 4.4908478 4.4908682 4.4908817 4.4908881 4.4908872 4.4908789 4.490863 4.4908393 4.4908078 4.4907681 4.4907203 4.490664 4.4905992 4.4905256 4.4904432 4.4903517 4.490251 4.4901409 4.4900212 4.4898919 4.4897526 4.4896034 4.4894439 4.4892741 4.4890939 4.4889029 4.4887012 4.4884885 4.4882647 4.4880297 4.4877833 4.4875254 4.4872559 4.4869746 4.4866815 4.4863763 4.4860591 4.4857296 4.4853879 4.4850338 4.4846672
4.4894604 4.4895877 4.4897107 4.4898292 4.4899432 4.4900525 4.490157 4.4902566 4.490351 4.4904402 4.490524 4.4906023 4.490675 4.4907418 4.4908027 4.4908575 4.4909061 4.4909482 4.4909837 4.4910125 4.4910345 4.4910494 4.4910571 4.4910574 4.4910502 4.4910353 4.4910125 4.4909817 4.4909427 4.4908954 4.4908395 4.4907749 4.4907014 4.4906188 4.4905271 4.4904259 4.4903152 4.4901948 4.4900645 4.4899241 4.4897734 4.4896124 4.4894408 4.4892585 4.4890653 4.488861 4.4886456 4.4884188 4.4881805 4.4879306 4.4876689 4.4873953 4.4871096 4.4868117 4.4865016 4.486179 4.4858439 4.4854961 4.4851357 4.4847624
4.4895853 4.4897152 4.4898407 4.4899618 4.4900784 4.4901902 4.4902971 4.4903991 4.4904959 4.4905874 4.4906735 4.4907541 4.4908289 4.4908979 4.4909608 4.4910176 4.491068 4.491112 4.4911493 4.4911798 4.4912034 4.4912198 4.4912289 4.4912305 4.4912245 4.4912107 4.4911889 4.491159 4.4911207 4.4910739 4.4910185 4.4909541 4.4908808 4.4907983 4.4907063 4.4906048 4.4904936 4.4903725 4.4902412 4.4900997 4.4899478 4.4897852 4.4896119 4.4894276 4.4892322 4.4890255 4.4888074 4.4885776 4.4883361 4.4880826 4.4878171 4.4875394 4.4872493 4.4869468 4.4866316 4.4863037 4.4859629 4.4856091 4.4852423 4.4848623
4.489711 4.4898436 4.4899718 4.4900956 4.4902147 4.4903291 4.4904386 4.490543 4.4906423 4.4907363 4.4908247 4.4909076 4.4909847 4.4910559 4.491121 4.4911799 4.4912323 4.4912782 4.4913174 4.4913497 4.4913749 4.4913929 4.4914035 4.4914066 4.4914019 4.4913892 4.4913685 4.4913395 4.4913021 4.491256 4.491201 4.4911371 4.491064 4.4909816 4.4908896 4.4907878 4.4906761 4.4905544 4.4904223 4.4902798 4.4901266 4.4899626 4.4897876 4.4896014 4.4894038 4.4891947 4.4889739 4.4887412 4.4884965 4.4882396 4.4879703 4.4876886 4.4873941 4.4870869 4.4867667 4.4864334 4.4860869 4.4857271 4.4853539 4.4849671
4.4898377 4.489973 4.490104 4.4902305 4.4903523 4.4904693 4.4905814 4.4906885 4.4907903 4.4908868 4.4909777 4.491063 4.4911424 4.4912159 4.4912833 4.4913443 4.4913989 4.4914468 4.491488 4.4915221 4.4915492 4.4915689 4.4915811 4.4915856 4.4915823 4.491571 4.4915514 4.4915234 4.4914869 4.4914416 4.4913873 4.4913239 4.4912511 4.4911688 4.4910768 4.4909749 4.4908629 4.4907406 4.4906078 4.4904643 4.49031 4.4901446 4.489968 4.4897799 4.4895803 4.4893688 4.4891454 4.4889099 4.488662 4.4884017 4.4881287 4.4878428 4.487544 4.4872321 4.4869069 4.4865682 4.4862161 4.4858502 4.4854705 4.4850769
4.4899652 4.4901034 4.4902372 4.4903665 4.4904911 4.4906108 4.4907257 4.4908354 4.4909398 4.4910389 4.4911324 4.4912202 4.4913021 4.491378 4.4914477 4.491511 4.4915677 4.4916178 4.491661 4.4916972 4.4917261 4.4917476 4.4917615 4.4917677 4.4917659 4.4917559 4.4917376 4.4917108 4.4916753 4.4916308 4.4915773 4.4915145 4.4914421 4.4913601 4.4912682 4.4911662 4.4910539 4.4909312 4.4907977 4.4906534 4.490498 4.4903313 4.4901532 4.4899634 4.4897617 4.489548 4.489322 4.4890837 4.4888327 4.488569 4.4882923 4.4880024 4.4876993 4.4873827 4.4870525 4.4867085 4.4863506 4.4859786 4.4855925 4.485192
4.4900936 4.4902348 4.4903714 4.4905036 4.490631 4.4907536 4.4908713 4.4909837 4.4910909 4.4911927 4.4912888 4.4913792 4.4914637 4.4915421 4.4916142 4.4916799 4.4917389 4.4917913 4.4918366 4.4918748 4.4919058 4.4919292 4.4919449 4.4919528 4.4919526 4.4919441 4.4919272 4.4919016 4.4918672 4.4918238 4.4917711 4.4917089 4.4916371 4.4915555 4.4914638 4.4913618 4.4912494 4.4911263 4.4909923 4.4908472 4.4906908 4.4905229 4.4903433 4.4901518 4.4899482 4.4897323 4.4895039 4.4892628 4.4890088 4.4887417 4.4884613 4.4881675 4.4878601 4.4875389 4.4872036 4.4868543 4.4864907 4.4861126 4.48572 4.4853127
4.4902229 4.490367 4.4905067 4.4906418 4.4907722 4.4908977 4.4910182 4.4911336 4.4912436 4.4913481 4.491447 4.4915401 4.4916272 4.4917082 4.4917828 4.491851 4.4919125 4.4919671 4.4920148 4.4920552 4.4920882 4.4921136 4.4921313 4.492141 4.4921425 4.4921356 4.4921202 4.492096 4.4920628 4.4920205 4.4919687 4.4919074 4.4918362 4.4917551 4.4916637 4.4915618 4.4914493 4.491326 4.4911915 4.4910458 4.4908885 4.4907195 4.4905386 4.4903455 4.49014 4.489922 4.4896912 4.4894474 4.4891904 4.48892 4.488636 4.4883383 4.4880266 4.4877008 4.4873606 4.4870059 4.4866366 4.4862524 4.4858533 4.4854391
4.4903529 4.4905001 4.4906429 4.490781 4.4909145 4.491043 4.4911665 4.4912848 4.4913977 4.4915051 4.4916069 4.4917028 4.4917926 4.4918763 4.4919536 4.4920243 4.4920883 4.4921455 4.4921955 4.4922382 4.4922734 4.492301 4.4923207 4.4923323 4.4923356 4.4923305 4.4923166 4.4922939 4.4922621 4.492221 4.4921703 4.4921099 4.4920395 4.4919589 4.4918679 4.4917664 4.4916539 4.4915304 4.4913956 4.4912493 4.4910912 4.4909212 4.490739 4.4905444 4.4903372 4.4901171 4.489884 4.4896376 4.4893777 4.4891041 4.4888166 4.488515 4.488199 4.4878686 4.4875235 4.4871635 4.4867885 4.4863983 4.4859926 4.4855714
4.4904837 4.4906341 4.49078 4.4909213 4.4910579 4.4911895 4.4913161 4.4914374 4.4915534 4.4916638 4.4917685 4.4918672 4.49196 4.4920464 4.4921265 4.4921999 4.4922666 4.4923262 4.4923787 4.4924239 4.4924614 4.4924912 4.4925131 4.4925267 4.492532 4.4925287 4.4925166 4.4924955 4.4924651 4.4924253 4.4923758 4.4923165 4.492247 4.4921671 4.4920767 4.4919754 4.4918632 4.4917396 4.4916046 4.4914578 4.4912991 4.4911282 4.4909448 4.4907488 4.4905399 4.4903179 4.4900825 4.4898336 4.4895708 4.4892941 4.4890031 4.4886977 4.4883776 4.4880426 4.4876926 4.4873274 4.4869466 4.4865503 4.4861382 4.48571
4.4906153 4.490769 4.4909181 4.4910627 4.4912024 4.4913373 4.491467 4.4915915 4.4917106 4.491824 4.4919318 4.4920335 4.4921292 4.4922186 4.4923015 4.4923778 4.4924472 4.4925095 4.4925646 4.4926123 4.4926523 4.4926844 4.4927086 4.4927244 4.4927317 4.4927304 4.4927201 4.4927007 4.492672 4.4926336 4.4925855 4.4925272 4.4924587 4.4923797 4.49229 4.4921892 4.4920772 4.4919538 4.4918186 4.4916715 4.4915122 4.4913405 4.4911561 4.4909588 4.4907483 4.4905244 4.4902869 4.4900355 4.48977 4.4894902 4.4891958 4.4888866 4.4885624 4.488223 4.4878682 4.4874976 4.4871113 4.4867088 4.4862902 4.4858551
4.4907476 4.4909046 4.4910571 4.491205 4.4913481 4.4914862 4.4916192 4.4917469 4.4918692 4.4919859 4.4920967 4.4922016 4.4923004 4.4923928 4.4924787 4.4925578 4.4926301 4.4926952 4.4927531 4.4928034 4.492846 4.4928806 4.4929071 4.4929253 4.4929348 4.4929356 4.4929273 4.4929097 4.4928827 4.4928459 4.4927992 4.4927423 4.4926749 4.4925969 4.4925079 4.4924077 4.4922962 4.4921729 4.4920378 4.4918905 4.4917307 4.4915583 4.491373 4.4911745 4.4909625 4.4907369 4.4904973 4.4902436 4.4899755 4.4896927 4.4893949 4.4890821 4.4887538 4.48841 4.4880503 4.4876746 4.4872826 4.4868741 4.4864489 4.4860069
4.4908806 4.491041 4.4911969 4.4913482 4.4914947 4.4916362 4.4917726 4.4919037 4.4920293 4.4921493 4.4922634 4.4923715 4.4924735 4.492569 4.492658 4.4927402 4.4928154 4.4928835 4.4929441 4.4929972 4.4930425 4.4930798 4.4931088 4.4931294 4.4931412 4.4931442 4.493138 4.4931225 4.4930973 4.4930622 4.4930171 4.4929616 4.4928955 4.4928186 4.4927305 4.4926311 4.4925201 4.4923972 4.4922622 4.4921148 4.4919547 4.4917818 4.4915956 4.491396 4.4911827 4.4909555 4.490714 4.490458 4.4901873 4.4899016 4.4896006 4.4892842 4.488952 4.4886038 4.4882393 4.4878584 4.4874608 4.4870463 4.4866147 4.4861657
4.4910142 4.4911782 4.4913376 4.4914924 4.4916424 4.4917874 4.4919273 4.4920618 4.4921909 4.4923142 4.4924317 4.4925432 4.4926484 4.4927472 4.4928394 4.4929248 4.4930031 4.4930742 4.4931378 4.4931938 4.4932419 4.4932819 4.4933136 4.4933367 4.4933511 4.4933564 4.4933525 4.493339 4.4933158 4.4932827 4.4932392 4.4931853 4.4931206 4.4930449 4.4929579 4.4928594 4.4927491 4.4926267 4.492492 4.4923446 4.4921844 4.492011 4.4918241 4.4916236 4.4914091 4.4911803 4.490937 4.4906789 4.4904057 4.4901172 4.4898131 4.4894932 4.4891571 4.4888046 4.4884354 4.4880494 4.4876463 4.4872258 4.4867877 4.4863318
4.4911484 4.491316 4.4914791 4.4916375 4.4917911 4.4919397 4.4920832 4.4922213 4.4923538 4.4924807 4.4926017 4.4927166 4.4928252 4.4929274 4.4930229 4.4931116 4.4931931 4.4932674 4.4933341 4.4933931 4.4934442 4.4934871 4.4935216 4.4935474 4.4935644 4.4935722 4.4935706 4.4935595 4.4935384 4.4935072 4.4934657 4.4934135 4.4933503 4.493276 4.4931903 4.4930928 4.4929833 4.4928615 4.4927272 4.49258 4.4924197 4.492246 4.4920587 4.4918573 4.4916417 4.4914115 4.4911665 4.4909064 4.4906309 4.4903397 4.4900326 4.4897092 4.4893693 4.4890126 4.4886389 4.4882479 4.4878392 4.4874128 4.4869683 4.4865055
4.4912832 4.4914545 4.4916213 4.4917835 4.4919408 4.4920931 4.4922402 4.492382 4.4925182 4.4926487 4.4927733 4.4928917 4.4930039 4.4931096 4.4932085 4.4933006 4.4933855 4.4934631 4.493533 4.4935952 4.4936494 4.4936953 4.4937327 4.4937614 4.4937811 4.4937915 4.4937925 4.4937838 4.493765 4.493736 4.4936964 4.4936461 4.4935847 4.4935119 4.4934275 4.4933312 4.4932227 4.4931017 4.492968 4.4928212 4.492661 4.4924871 4.4922994 4.4920973 4.4918808 4.4916494 4.4914028 4.4911408 4.4908631 4.4905693 4.4902593 4.4899326 4.489589 4.4892282 4.4888499 4.4884539 4.4880399 4.4876076 4.4871567 4.486687
4.4914185 4.4915937 4.4917643 4.4919302 4.4920914 4.4922475 4.4923984 4.4925439 4.4926839 4.4928181 4.4929464 4.4930686 4.4931844 4.4932937 4.4933963 4.4934918 4.4935802 4.4936612 4.4937346 4.4938001 4.4938575 4.4939065 4.493947 4.4939787 4.4940013 4.4940145 4.4940182 4.494012 4.4939957 4.493969 4.4939316 4.4938833 4.4938238 4.4937527 4.4936698 4.4935749 4.4934675 4.4933475 4.4932144 4.4930681 4.4929082 4.4927344 4.4925464 4.4923438 4.4921264 4.4918939 4.4916459 4.4913822 4.4911024 4.4908062 4.4904933 4.4901634 4.4898163 4.4894515 4.4890688 4.4886679 4.4882485 4.4878104 4.4873532 4.4868767
4.4915543 4.4917334 4.4919079 4.4920778 4.4922428 4.4924028 4.4925576 4.4927071 4.4928509 4.492989 4.4931211 4.4932471 4.4933667 4.4934798 4.493586 4.4936853 4.4937773 4.4938618 4.4939387 4.4940077 4.4940684 4.4941208 4.4941645 4.4941993 4.494225 4.4942412 4.4942477 4.4942442 4.4942305 4.4942063 4.4941713 4.4941251 4.4940676 4.4939984 4.4939172 4.4938238 4.4937177 4.4935988 4.4934667 4.493321 4.4931615 4.4929879 4.4927998 4.4925969 4.4923789 4.4921454 4.4918961 4.4916308 4.4913491 4.4910506 4.490735 4.4904021 4.4900514 4.4896827 4.4892957 4.48889 4.4884654 4.4880215 4.4875581 4.4870749
