Cobbity4/FInal/QGIS/The_Reverse.asc
NCOLS 600
NROWS 379
XLLCORNER 150.66
YLLCORNER -34.0274
CELLSIZE 1e-05
NODATA_VALUE -9999
[rows 234 to 259 of 379, columns 480 to 539 of 600]
4.4532145 4.4531207 4.4530273 4.4529342 4.4528415 4.4527491 4.4526572 4.4525656 4.4524744 4.4523835 4.452293 4.4522029 4.4521132 4.4520238 4.4519348 4.4518462 4.4517579 4.4516701 4.4515826 4.4514954 4.4514087 4.4513223 4.4512362 4.4511506 4.4510653 4.4509804 4.4508958 4.4508116 4.4507278 4.4506443 4.4505612 4.4504785 4.4503961 4.4503141 4.4502324 4.4501511 4.4500702 4.4499896 4.4499093 4.4498294 4.4497499 4.4496707 4.4495918 4.4495133 4.4494352 4.4493574 4.4492799 4.4492028 4.449126 4.4490495 4.4489734 4.4488976 4.4488222 4.448747 4.4486722 4.4485978 4.4485236 4.4484498 4.4483763 4.4483032
4.4524675 4.4523804 4.4522936 4.452207 4.4521208 4.4520348 4.4519491 4.4518637 4.4517786 4.4516937 4.4516092 4.451525 4.451441 4.4513574 4.451274 4.451191 4.4511082 4.4510258 4.4509436 4.4508618 4.4507803 4.450699 4.4506181 4.4505375 4.4504572 4.4503772 4.4502975 4.4502181 4.450139 4.4500602 4.4499817 4.4499035 4.4498256 4.4497481 4.4496708 4.4495939 4.4495172 4.4494409 4.4493648 4.4492891 4.4492136 4.4491385 4.4490637 4.4489891 4.4489149 4.448841 4.4487673 4.448694 4.4486209 4.4485482 4.4484757 4.4484036 4.4483317 4.4482601 4.4481888 4.4481178 4.4480471 4.4479767 4.4479066 4.4478368
4.4517174 4.451637 4.4515569 4.4514769 4.4513972 4.4513176 4.4512382 4.451159 4.4510801 4.4510013 4.4509228 4.4508444 4.4507663 4.4506884 4.4506108 4.4505333 4.4504561 4.4503791 4.4503024 4.4502259 4.4501496 4.4500736 4.4499978 4.4499222 4.4498469 4.4497718 4.449697 4.4496224 4.4495481 4.449474 4.4494002 4.4493266 4.4492532 4.4491802 4.4491073 4.4490348 4.4489624 4.4488904 4.4488185 4.448747 4.4486757 4.4486046 4.4485338 4.4484633 4.448393 4.4483229 4.4482531 4.4481836 4.4481143 4.4480453 4.4479765 4.447908 4.4478398 4.4477717 4.447704 4.4476365 4.4475692 4.4475022 4.4474355 4.447369
4.4509643 4.4508908 4.4508173 4.450744 4.4506708 4.4505977 4.4505246 4.4504517 4.450379 4.4503063 4.4502338 4.4501614 4.4500892 4.4500171 4.4499451 4.4498733 4.4498017 4.4497302 4.4496589 4.4495877 4.4495167 4.4494459 4.4493753 4.4493048 4.4492345 4.4491644 4.4490945 4.4490248 4.4489552 4.4488859 4.4488167 4.4487477 4.448679 4.4486104 4.448542 4.4484738 4.4484059 4.4483381 4.4482705 4.4482032 4.448136 4.448069 4.4480023 4.4479358 4.4478694 4.4478033 4.4477374 4.4476717 4.4476062 4.4475409 4.4474759 4.447411 4.4473464 4.4472819 4.4472177 4.4471537 4.4470899 4.4470264 4.446963 4.4468999
4.4502084 4.4501417 4.450075 4.4500084 4.4499417 4.4498751 4.4498085 4.4497419 4.4496753 4.4496088 4.4495423 4.4494759 4.4494096 4.4493433 4.4492771 4.449211 4.449145 4.449079 4.4490131 4.4489474 4.4488817 4.4488162 4.4487507 4.4486854 4.4486201 4.448555 4.4484901 4.4484252 4.4483605 4.4482959 4.4482314 4.4481671 4.4481029 4.4480389 4.447975 4.4479112 4.4478476 4.4477842 4.4477209 4.4476577 4.4475947 4.4475319 4.4474692 4.4474067 4.4473444 4.4472822 4.4472202 4.4471583 4.4470966 4.4470351 4.4469738 4.4469126 4.4468516 4.4467908 4.4467301 4.4466696 4.4466093 4.4465492 4.4464892 4.4464295
4.4494497 4.44939 4.4493301 4.4492701 4.4492101 4.4491499 4.4490898 4.4490295 4.4489692 4.4489089 4.4488485 4.4487881 4.4487277 4.4486673 4.4486069 4.4485465 4.4484861 4.4484257 4.4483653 4.448305 4.4482446 4.4481844 4.4481241 4.4480639 4.4480038 4.4479437 4.4478837 4.4478238 4.4477639 4.447704 4.4476443 4.4475847 4.4475251 4.4474656 4.4474062 4.4473469 4.4472877 4.4472286 4.4471696 4.4471107 4.4470519 4.4469932 4.4469346 4.4468761 4.4468178 4.4467596 4.4467014 4.4466435 4.4465856 4.4465279 4.4464703 4.4464128 4.4463554 4.4462982 4.4462411 4.4461842 4.4461274 4.4460707 4.4460142 4.4459578
4.4486884 4.4486356 4.4485826 4.4485293 4.4484759 4.4484224 4.4483687 4.4483148 4.4482608 4.4482067 4.4481524 4.4480981 4.4480437 4.4479891 4.4479345 4.4478798 4.4478251 4.4477703 4.4477154 4.4476605 4.4476056 4.4475506 4.4474956 4.4474406 4.4473856 4.4473306 4.4472755 4.4472205 4.4471655 4.4471105 4.4470555 4.4470005 4.4469456 4.4468906 4.4468358 4.4467809 4.4467261 4.4466714 4.4466167 4.4465621 4.4465075 4.4464529 4.4463985 4.4463441 4.4462898 4.4462355 4.4461813 4.4461272 4.4460732 4.4460193 4.4459654 4.4459117 4.445858 4.4458044 4.4457509 4.4456975 4.4456442 4.445591 4.4455379 4.4454849
4.4479246 4.4478788 4.4478326 4.4477861 4.4477394 4.4476925 4.4476452 4.4475978 4.4475501 4.4475022 4.4474542 4.4474059 4.4473575 4.4473088 4.4472601 4.4472112 4.4471621 4.4471129 4.4470636 4.4470142 4.4469646 4.446915 4.4468653 4.4468155 4.4467656 4.4467156 4.4466656 4.4466155 4.4465654 4.4465152 4.446465 4.4464147 4.4463644 4.4463141 4.4462638 4.4462134 4.4461631 4.4461127 4.4460623 4.446012 4.4459616 4.4459113 4.4458609 4.4458106 4.4457603 4.4457101 4.4456598 4.4456096 4.4455595 4.4455094 4.4454593 4.4454092 4.4453593 4.4453093 4.4452594 4.4452096 4.4451598 4.4451101 4.4450605 4.4450109
4.4471584 4.4471195 4.4470803 4.4470406 4.4470006 4.4469603 4.4469196 4.4468786 4.4468373 4.4467957 4.4467538 4.4467116 4.4466692 4.4466265 4.4465836 4.4465405 4.4464972 4.4464536 4.4464099 4.446366 4.4463219 4.4462776 4.4462331 4.4461886 4.4461438 4.446099 4.446054 4.4460088 4.4459636 4.4459183 4.4458728 4.4458273 4.4457817 4.445736 4.4456902 4.4456444 4.4455985 4.4455525 4.4455065 4.4454604 4.4454143 4.4453682 4.445322 4.4452758 4.4452296 4.4451833 4.445137 4.4450908 4.4450445 4.4449982 4.4449519 4.4449056 4.4448593 4.444813 4.4447668 4.4447205 4.4446743 4.4446281 4.4445819 4.4445358
4.4463899 4.446358 4.4463257 4.4462929 4.4462596 4.4462259 4.4461918 4.4461573 4.4461224 4.4460871 4.4460514 4.4460154 4.445979 4.4459423 4.4459053 4.445868 4.4458304 4.4457925 4.4457544 4.445716 4.4456773 4.4456384 4.4455993 4.4455599 4.4455204 4.4454806 4.4454407 4.4454006 4.4453603 4.4453198 4.4452792 4.4452384 4.4451975 4.4451564 4.4451152 4.4450739 4.4450325 4.4449909 4.4449493 4.4449075 4.4448657 4.4448238 4.4447817 4.4447396 4.4446975 4.4446553 4.444613 4.4445706 4.4445282 4.4444858 4.4444433 4.4444007 4.4443582 4.4443156 4.4442729 4.4442303 4.4441876 4.4441449 4.4441022 4.4440595
4.4456191 4.4455944 4.445569 4.4455431 4.4455166 4.4454896 4.445462 4.445434 4.4454055 4.4453765 4.4453471 4.4453172 4.4452869 4.4452562 4.4452251 4.4451937 4.4451618 4.4451296 4.4450971 4.4450642 4.4450311 4.4449976 4.4449638 4.4449297 4.4448954 4.4448608 4.4448259 4.4447908 4.4447554 4.4447198 4.444684 4.444648 4.4446118 4.4445754 4.4445388 4.444502 4.4444651 4.444428 4.4443907 4.4443533 4.4443157 4.444278 4.4442402 4.4442022 4.4441642 4.444126 4.4440877 4.4440493 4.4440108 4.4439722 4.4439335 4.4438947 4.4438559 4.443817 4.443778 4.443739 4.4436998 4.4436607 4.4436215 4.4435822
4.4448463 4.4448286 4.4448103 4.4447912 4.4447715 4.4447512 4.4447303 4.4447088 4.4446867 4.4446641 4.4446409 4.4446173 4.4445931 4.4445684 4.4445432 4.4445176 4.4444916 4.4444651 4.4444382 4.4444109 4.4443832 4.4443552 4.4443267 4.4442979 4.4442688 4.4442394 4.4442096 4.4441795 4.4441491 4.4441184 4.4440875 4.4440562 4.4440248 4.443993 4.443961 4.4439288 4.4438964 4.4438637 4.4438309 4.4437978 4.4437645 4.4437311 4.4436974 4.4436636 4.4436296 4.4435955 4.4435612 4.4435268 4.4434922 4.4434574 4.4434226 4.4433876 4.4433525 4.4433173 4.443282 4.4432466 4.443211 4.4431754 4.4431397 4.4431039
4.4440715 4.444061 4.4440496 4.4440375 4.4440246 4.444011 4.4439968 4.4439818 4.4439662 4.4439499 4.4439331 4.4439156 4.4438975 4.4438789 4.4438597 4.44384 4.4438197 4.443799 4.4437777 4.443756 4.4437338 4.4437112 4.4436882 4.4436647 4.4436408 4.4436165 4.4435918 4.4435668 4.4435414 4.4435156 4.4434896 4.4434631 4.4434364 4.4434093 4.443382 4.4433543 4.4433264 4.4432982 4.4432698 4.4432411 4.4432121 4.4431829 4.4431535 4.4431238 4.443094 4.4430639 4.4430336 4.4430031 4.4429725 4.4429416 4.4429106 4.4428794 4.4428481 4.4428166 4.442785 4.4427532 4.4427212 4.4426892 4.442657 4.4426246
4.4432949 4.4432914 4.4432871 4.4432819 4.4432759 4.4432691 4.4432615 4.4432531 4.443244 4.4432341 4.4432235 4.4432123 4.4432004 4.4431878 4.4431746 4.4431608 4.4431463 4.4431313 4.4431158 4.4430997 4.443083 4.4430659 4.4430482 4.44303 4.4430114 4.4429923 4.4429728 4.4429528 4.4429324 4.4429116 4.4428903 4.4428687 4.4428468 4.4428244 4.4428017 4.4427786 4.4427553 4.4427315 4.4427075 4.4426832 4.4426585 4.4426336 4.4426084 4.4425829 4.4425572 4.4425312 4.4425049 4.4424785 4.4424517 4.4424248 4.4423976 4.4423703 4.4423427 4.4423149 4.4422869 4.4422588 4.4422304 4.4422019 4.4421733 4.4421444
4.4425165 4.4425202 4.4425229 4.4425247 4.4425256 4.4425255 4.4425246 4.4425228 4.4425202 4.4425167 4.4425125 4.4425075 4.4425017 4.4424952 4.442488 4.4424801 4.4424715 4.4424623 4.4424524 4.4424419 4.4424308 4.4424191 4.4424069 4.4423941 4.4423807 4.4423668 4.4423524 4.4423375 4.4423221 4.4423062 4.4422899 4.4422731 4.4422559 4.4422383 4.4422202 4.4422018 4.4421829 4.4421637 4.4421441 4.4421242 4.4421039 4.4420832 4.4420623 4.442041 4.4420194 4.4419975 4.4419753 4.4419528 4.44193 4.441907 4.4418837 4.4418601 4.4418363 4.4418123 4.441788 4.4417635 4.4417388 4.4417138 4.4416887 4.4416633
4.4417364 4.4417473 4.4417572 4.4417659 4.4417737 4.4417804 4.4417862 4.441791 4.4417949 4.4417979 4.4418 4.4418012 4.4418016 4.4418012 4.4418 4.441798 4.4417953 4.4417919 4.4417877 4.4417829 4.4417773 4.4417711 4.4417643 4.4417568 4.4417487 4.4417401 4.4417308 4.441721 4.4417106 4.4416997 4.4416883 4.4416764 4.441664 4.441651 4.4416377 4.4416238 4.4416095 4.4415948 4.4415797 4.4415641 4.4415482 4.4415318 4.4415151 4.441498 4.4414806 4.4414628 4.4414446 4.4414261 4.4414073 4.4413882 4.4413688 4.441349 4.441329 4.4413087 4.4412881 4.4412673 4.4412462 4.4412248 4.4412032 4.4411814
4.4409548 4.440973 4.4409899 4.4410057 4.4410203 4.4410338 4.4410463 4.4410578 4.4410682 4.4410776 4.4410861 4.4410936 4.4411002 4.4411059 4.4411107 4.4411147 4.4411179 4.4411202 4.4411218 4.4411226 4.4411226 4.4411219 4.4411205 4.4411184 4.4411156 4.4411122 4.4411081 4.4411034 4.4410981 4.4410921 4.4410856 4.4410785 4.4410709 4.4410627 4.441054 4.4410448 4.4410351 4.4410249 4.4410142 4.4410031 4.4409915 4.4409795 4.440967 4.4409541 4.4409408 4.4409271 4.440913 4.4408986 4.4408837 4.4408685 4.440853 4.4408371 4.4408209 4.4408043 4.4407874 4.4407703 4.4407528 4.440735 4.440717 4.4406986
4.4401719 4.4401972 4.4402212 4.440244 4.4402656 4.4402859 4.4403051 4.4403232 4.4403402 4.4403561 4.4403709 4.4403847 4.4403975 4.4404093 4.4404202 4.4404302 4.4404392 4.4404474 4.4404547 4.4404611 4.4404667 4.4404716 4.4404756 4.4404789 4.4404814 4.4404832 4.4404843 4.4404847 4.4404844 4.4404835 4.4404819 4.4404797 4.4404769 4.4404735 4.4404694 4.4404649 4.4404597 4.4404541 4.4404479 4.4404411 4.4404339 4.4404262 4.440418 4.4404093 4.4404002 4.4403906 4.4403806 4.4403701 4.4403593 4.440348 4.4403363 4.4403243 4.4403119 4.4402991 4.4402859 4.4402724 4.4402586 4.4402444 4.4402299 4.4402151
4.4393876 4.4394201 4.4394513 4.4394811 4.4395096 4.4395368 4.4395627 4.4395875 4.439611 4.4396333 4.4396546 4.4396747 4.4396937 4.4397117 4.4397286 4.4397445 4.4397594 4.4397734 4.4397865 4.4397986 4.4398098 4.4398201 4.4398296 4.4398383 4.4398462 4.4398532 4.4398595 4.439865 4.4398698 4.4398739 4.4398772 4.4398799 4.4398819 4.4398832 4.4398839 4.439884 4.4398834 4.4398823 4.4398806 4.4398783 4.4398754 4.439872 4.4398681 4.4398636 4.4398587 4.4398532 4.4398473 4.4398409 4.439834 4.4398267 4.4398189 4.4398107 4.4398021 4.4397931 4.4397837 4.4397739 4.4397637 4.4397531 4.4397422 4.4397309
4.4386021 4.4386419 4.4386802 4.438717 4.4387525 4.4387865 4.4388192 4.4388506 4.4388807 4.4389095 4.4389371 4.4389636 4.4389888 4.4390129 4.4390359 4.4390578 4.4390787 4.4390985 4.4391173 4.439135 4.4391519 4.4391678 4.4391827 4.4391968 4.43921 4.4392223 4.4392338 4.4392444 4.4392543 4.4392633 4.4392716 4.4392792 4.439286 4.4392921 4.4392975 4.4393022 4.4393063 4.4393097 4.4393125 4.4393146 4.4393161 4.4393171 4.4393174 4.4393172 4.4393164 4.4393151 4.4393132 4.4393109 4.439308 4.4393046 4.4393008 4.4392964 4.4392916 4.4392864 4.4392807 4.4392746 4.439268 4.4392611 4.4392537 4.4392459
4.4378156 4.4378626 4.4379081 4.4379519 4.4379943 4.4380352 4.4380747 4.4381127 4.4381494 4.4381847 4.4382187 4.4382515 4.438283 4.4383132 4.4383423 4.4383702 4.4383969 4.4384226 4.4384471 4.4384706 4.4384931 4.4385145 4.4385349 4.4385544 4.4385729 4.4385905 4.4386072 4.438623 4.4386379 4.438652 4.4386652 4.4386777 4.4386893 4.4387002 4.4387103 4.4387197 4.4387284 4.4387363 4.4387436 4.4387501 4.4387561 4.4387613 4.438766 4.43877 4.4387734 4.4387762 4.4387785 4.4387802 4.4387813 4.4387819 4.4387819 4.4387814 4.4387805 4.438779 4.438777 4.4387746 4.4387717 4.4387684 4.4387646 4.4387604
4.4370281 4.4370824 4.437135 4.4371859 4.4372352 4.437283 4.4373292 4.4373739 4.4374172 4.437459 4.4374994 4.4375385 4.4375762 4.4376126 4.4376478 4.4376817 4.4377143 4.4377458 4.4377762 4.4378053 4.4378334 4.4378604 4.4378863 4.4379112 4.437935 4.4379579 4.4379798 4.4380007 4.4380207 4.4380398 4.4380581 4.4380754 4.4380919 4.4381075 4.4381224 4.4381364 4.4381497 4.4381622 4.438174 4.438185 4.4381953 4.4382049 4.4382139 4.4382221 4.4382297 4.4382367 4.438243 4.4382488 4.4382539 4.4382584 4.4382624 4.4382658 4.4382687 4.438271 4.4382728 4.438274 4.4382748 4.4382751 4.4382749 4.4382742
4.4362398 4.4363013 4.436361 4.436419 4.4364753 4.4365299 4.4365829 4.4366343 4.4366842 4.4367325 4.4367793 4.4368247 4.4368687 4.4369113 4.4369525 4.4369924 4.437031 4.4370683 4.4371044 4.4371393 4.437173 4.4372055 4.4372369 4.4372672 4.4372964 4.4373246 4.4373517 4.4373778 4.4374029 4.437427 4.4374502 4.4374724 4.4374938 4.4375142 4.4375338 4.4375525 4.4375704 4.4375874 4.4376037 4.4376192 4.4376339 4.4376479 4.4376611 4.4376736 4.4376854 4.4376965 4.437707 4.4377168 4.4377259 4.4377344 4.4377423 4.4377496 4.4377563 4.4377624 4.4377679 4.4377729 4.4377773 4.4377812 4.4377846 4.4377875
4.4354507 4.4355195 4.4355864 4.4356514 4.4357147 4.4357762 4.4358359 4.435894 4.4359504 4.4360053 4.4360585 4.4361102 4.4361605 4.4362092 4.4362565 4.4363024 4.436347 4.4363901 4.436432 4.4364726 4.4365119 4.43655 4.4365869 4.4366226 4.4366572 4.4366906 4.4367229 4.4367542 4.4367844 4.4368135 4.4368417 4.4368688 4.436895 4.4369202 4.4369445 4.4369679 4.4369904 4.4370121 4.4370328 4.4370528 4.4370719 4.4370902 4.4371077 4.4371245 4.4371405 4.4371558 4.4371704 4.4371842 4.4371974 4.4372098 4.4372216 4.4372328 4.4372433 4.4372532 4.4372625 4.4372712 4.4372793 4.4372868 4.4372938 4.4373002
4.4346611 4.4347371 4.4348111 4.4348832 4.4349534 4.4350218 4.4350883 4.4351531 4.4352161 4.4352774 4.4353371 4.4353952 4.4354516 4.4355065 4.4355599 4.4356119 4.4356623 4.4357114 4.435759 4.4358053 4.4358503 4.4358939 4.4359363 4.4359774 4.4360173 4.4360561 4.4360936 4.43613 4.4361653 4.4361995 4.4362326 4.4362647 4.4362957 4.4363257 4.4363547 4.4363828 4.4364099 4.4364361 4.4364614 4.4364858 4.4365094 4.436532 4.4365539 4.4365749 4.4365951 4.4366145 4.4366332 4.4366511 4.4366683 4.4366847 4.4367005 4.4367155 4.4367299 4.4367436 4.4367566 4.436769 4.4367808 4.436792 4.4368025 4.4368125
4.4338709 4.4339542 4.4340354 4.4341145 4.4341917 4.4342669 4.4343402 4.4344116 4.4344812 4.4345491 4.4346152 4.4346796 4.4347423 4.4348034 4.4348628 4.4349208 4.4349772 4.435032 4.4350855 4.4351375 4.4351881 4.4352373 4.4352852 4.4353317 4.435377 4.435421 4.4354638 4.4355053 4.4355457 4.4355849 4.435623 4.43566 4.4356959 4.4357307 4.4357645 4.4357972 4.435829 4.4358597 4.4358895 4.4359184 4.4359463 4.4359734 4.4359995 4.4360248 4.4360492 4.4360728 4.4360956 4.4361176 4.4361388 4.4361592 4.4361789 4.4361978 4.436216 4.4362335 4.4362503 4.4362664 4.4362819 4.4362967 4.4363108 4.4363243
