Cobbity4/FInal/QGIS/The_Reverse.asc
NCOLS 600
NROWS 379
XLLCORNER 150.66
YLLCORNER -34.0274
CELLSIZE 1e-05
NODATA_VALUE -9999
[rows 52 to 77 of 379, columns 360 to 419 of 600]
4.5308163 4.530746 4.5306759 4.530606 4.5305361 4.530466 4.5303958 4.5303251 4.5302539 4.5301821 4.5301094 4.5300358 4.5299612 4.5298853 4.5298082 4.5297295 4.5296494 4.5295675 4.5294839 4.5293984 4.529311 4.5292214 4.5291297 4.5290357 4.5289394 4.5288407 4.5287395 4.5286358 4.5285295 4.5284206 4.5283089 4.5281945 4.5280774 4.5279574 4.5278345 4.5277088 4.5275802 4.5274487 4.5273142 4.5271768 4.5270365 4.5268932 4.5267469 4.5265977 4.5264456 4.5262905 4.5261326 4.5259717 4.5258079 4.5256413 4.5254718 4.5252995 4.5251244 4.5249466 4.524766 4.5245828 4.5243968 4.5242083 4.5240171 4.5238234
4.5307298 4.5306625 4.5305955 4.5305289 4.5304624 4.5303959 4.5303292 4.5302622 4.5301947 4.5301267 4.5300578 4.5299881 4.5299173 4.5298453 4.5297719 4.5296972 4.5296208 4.5295427 4.5294629 4.5293811 4.5292972 4.5292112 4.529123 4.5290325 4.5289395 4.5288441 4.5287462 4.5286456 4.5285423 4.5284363 4.5283275 4.5282158 4.5281013 4.5279839 4.5278635 4.5277402 4.5276138 4.5274844 4.5273521 4.5272166 4.5270781 4.5269366 4.5267921 4.5266444 4.5264938 4.5263401 4.5261835 4.5260238 4.5258611 4.5256955 4.525527 4.5253556 4.5251813 4.5250042 4.5248242 4.5246415 4.524456 4.5242679 4.524077 4.5238836
4.53063 4.530566 4.5305025 4.5304395 4.5303768 4.5303141 4.5302514 4.5301884 4.530125 4.5300611 4.5299964 4.5299308 4.5298642 4.5297964 4.5297272 4.5296565 4.5295843 4.5295103 4.5294344 4.5293566 4.5292766 4.5291945 4.52911 4.5290232 4.5289338 4.5288419 4.5287474 4.5286501 4.52855 4.5284472 4.5283414 4.5282327 4.528121 4.5280063 4.5278885 4.5277677 4.5276437 4.5275167 4.5273865 4.5272531 4.5271166 4.526977 4.5268342 4.5266883 4.5265392 4.526387 4.5262318 4.5260734 4.5259119 4.5257474 4.5255799 4.5254094 4.525236 4.5250596 4.5248803 4.5246982 4.5245133 4.5243256 4.5241351 4.5239419
4.5305163 4.530456 4.5303964 4.5303375 4.5302788 4.5302204 4.530162 4.5301034 4.5300445 4.529985 4.5299248 4.5298638 4.5298017 4.5297383 4.5296737 4.5296075 4.5295396 4.52947 4.5293984 4.5293248 4.5292491 4.529171 4.5290906 4.5290076 4.5289221 4.528834 4.528743 4.5286493 4.5285527 4.5284532 4.5283506 4.528245 4.5281363 4.5280245 4.5279095 4.5277913 4.5276699 4.5275453 4.5274175 4.5272863 4.527152 4.5270143 4.5268734 4.5267293 4.5265819 4.5264313 4.5262775 4.5261205 4.5259603 4.525797 4.5256306 4.5254611 4.5252885 4.525113 4.5249344 4.524753 4.5245686 4.5243813 4.5241913 4.5239985
4.5303882 4.530332 4.5302767 4.5302222 4.5301681 4.5301143 4.5300607 4.5300069 4.5299527 4.5298981 4.5298428 4.5297867 4.5297294 4.529671 4.5296111 4.5295497 4.5294866 4.5294217 4.5293548 4.5292857 4.5292144 4.5291407 4.5290645 4.5289858 4.5289044 4.5288202 4.5287332 4.5286432 4.5285502 4.5284542 4.5283551 4.5282528 4.5281473 4.5280385 4.5279265 4.5278111 4.5276924 4.5275704 4.527445 4.5273162 4.5271841 4.5270486 4.5269097 4.5267674 4.5266218 4.5264729 4.5263206 4.5261651 4.5260063 4.5258442 4.525679 4.5255105 4.5253389 4.5251642 4.5249865 4.5248057 4.5246219 4.5244352 4.5242456 4.5240532
4.530245 4.5301934 4.5301429 4.5300932 4.5300442 4.5299955 4.5299469 4.5298983 4.5298495 4.5298001 4.5297501 4.5296992 4.5296473 4.5295941 4.5295394 4.5294832 4.5294251 4.5293652 4.5293032 4.529239 4.5291724 4.5291034 4.5290318 4.5289576 4.5288805 4.5288005 4.5287176 4.5286317 4.5285426 4.5284503 4.5283548 4.528256 4.5281538 4.5280483 4.5279394 4.527827 4.5277112 4.5275919 4.5274691 4.5273428 4.527213 4.5270797 4.5269429 4.5268027 4.526659 4.5265118 4.5263612 4.5262072 4.5260498 4.5258891 4.525725 4.5255577 4.5253872 4.5252134 4.5250365 4.5248564 4.5246733 4.5244872 4.5242981 4.524106
4.5300863 4.5300398 4.5299945 4.5299501 4.5299065 4.5298633 4.5298204 4.5297775 4.5297343 4.5296907 4.5296464 4.5296012 4.5295549 4.5295073 4.5294582 4.5294075 4.5293549 4.5293003 4.5292436 4.5291846 4.5291231 4.5290591 4.5289924 4.5289228 4.5288504 4.5287749 4.5286964 4.5286146 4.5285296 4.5284413 4.5283497 4.5282546 4.528156 4.5280539 4.5279482 4.527839 4.5277262 4.5276098 4.5274897 4.527366 4.5272387 4.5271078 4.5269732 4.5268351 4.5266933 4.526548 4.5263992 4.5262468 4.5260909 4.5259316 4.5257689 4.5256027 4.5254333 4.5252605 4.5250845 4.5249052 4.5247228 4.5245373 4.5243487 4.5241571
4.5299114 4.5298704 4.5298309 4.5297924 4.5297547 4.5297176 4.5296807 4.5296439 4.5296069 4.5295695 4.5295313 4.5294922 4.529452 4.5294105 4.5293674 4.5293226 4.5292758 4.529227 4.5291759 4.5291224 4.5290663 4.5290076 4.528946 4.5288815 4.5288139 4.5287432 4.5286693 4.5285921 4.5285114 4.5284273 4.5283397 4.5282485 4.5281536 4.5280552 4.527953 4.5278471 4.5277374 4.527624 4.5275069 4.5273859 4.5272612 4.5271328 4.5270006 4.5268646 4.526725 4.5265816 4.5264346 4.5262839 4.5261297 4.5259718 4.5258104 4.5256456 4.5254772 4.5253055 4.5251304 4.524952 4.5247704 4.5245855 4.5243975 4.5242064
4.5297197 4.5296849 4.5296516 4.5296195 4.5295883 4.5295577 4.5295275 4.5294973 4.5294669 4.5294361 4.5294046 4.5293721 4.5293384 4.5293034 4.5292667 4.5292282 4.5291876 4.5291449 4.5290998 4.5290522 4.5290019 4.5289487 4.5288926 4.5288335 4.5287711 4.5287055 4.5286364 4.5285639 4.5284879 4.5284082 4.5283248 4.5282377 4.5281468 4.5280522 4.5279536 4.5278512 4.5277449 4.5276347 4.5275206 4.5274025 4.5272806 4.5271547 4.527025 4.5268913 4.5267539 4.5266126 4.5264675 4.5263186 4.526166 4.5260097 4.5258498 4.5256862 4.5255191 4.5253485 4.5251744 4.5249969 4.524816 4.5246319 4.5244444 4.5242538
4.5295105 4.5294825 4.529456 4.5294309 4.5294067 4.5293833 4.5293602 4.5293372 4.529314 4.5292904 4.5292659 4.5292405 4.5292139 4.5291857 4.5291559 4.5291241 4.5290902 4.529054 4.5290153 4.5289739 4.5289297 4.5288825 4.5288322 4.5287787 4.5287219 4.5286615 4.5285977 4.5285302 4.5284589 4.5283839 4.528305 4.5282223 4.5281356 4.5280449 4.5279502 4.5278514 4.5277486 4.5276417 4.5275308 4.5274158 4.5272967 4.5271736 4.5270464 4.5269152 4.52678 4.5266409 4.5264978 4.5263508 4.5262 4.5260453 4.5258869 4.5257247 4.5255589 4.5253894 4.5252164 4.5250398 4.5248598 4.5246764 4.5244896 4.5242995
4.5292834 4.5292626 4.5292436 4.5292261 4.5292096 4.5291938 4.5291785 4.5291633 4.5291478 4.5291318 4.5291151 4.5290972 4.5290781 4.5290573 4.5290348 4.5290102 4.5289834 4.5289541 4.5289221 4.5288874 4.5288497 4.5288088 4.5287647 4.5287171 4.5286661 4.5286114 4.528553 4.5284907 4.5284246 4.5283545 4.5282803 4.5282021 4.5281198 4.5280333 4.5279426 4.5278477 4.5277486 4.5276452 4.5275376 4.5274258 4.5273097 4.5271894 4.527065 4.5269363 4.5268035 4.5266666 4.5265257 4.5263806 4.5262316 4.5260787 4.5259218 4.5257611 4.5255966 4.5254283 4.5252564 4.5250808 4.5249017 4.524719 4.5245329 4.5243434
4.5290375 4.5290248 4.5290139 4.5290046 4.5289964 4.528989 4.528982 4.5289751 4.5289679 4.5289602 4.5289517 4.5289419 4.5289308 4.528918 4.5289032 4.5288863 4.5288669 4.528845 4.5288203 4.5287926 4.5287617 4.5287275 4.5286899 4.5286487 4.5286037 4.528555 4.5285023 4.5284456 4.5283848 4.5283199 4.5282507 4.5281773 4.5280995 4.5280174 4.527931 4.5278401 4.5277448 4.5276451 4.527541 4.5274325 4.5273196 4.5272023 4.5270806 4.5269546 4.5268243 4.5266898 4.526551 4.5264081 4.526261 4.5261098 4.5259546 4.5257954 4.5256322 4.5254653 4.5252945 4.5251199 4.5249417 4.5247599 4.5245745 4.5243856
4.5287722 4.5287682 4.5287662 4.5287658 4.5287666 4.5287682 4.5287702 4.5287723 4.5287741 4.5287752 4.5287754 4.5287744 4.5287718 4.5287674 4.528761 4.5287522 4.5287408 4.5287267 4.5287096 4.5286893 4.5286657 4.5286386 4.5286078 4.5285732 4.5285348 4.5284923 4.5284456 4.5283948 4.5283396 4.5282801 4.5282162 4.5281477 4.5280748 4.5279973 4.5279152 4.5278286 4.5277373 4.5276415 4.527541 4.5274359 4.5273263 4.5272121 4.5270934 4.5269702 4.5268425 4.5267104 4.5265739 4.5264331 4.526288 4.5261387 4.5259852 4.5258275 4.5256659 4.5255002 4.5253306 4.5251571 4.5249799 4.5247989 4.5246143 4.5244261
4.5284869 4.5284924 4.5285001 4.5285093 4.5285198 4.5285311 4.5285428 4.5285545 4.5285659 4.5285765 4.5285861 4.5285943 4.5286009 4.5286055 4.5286078 4.5286077 4.5286048 4.528599 4.5285899 4.5285775 4.5285616 4.5285419 4.5285184 4.5284908 4.5284592 4.5284232 4.528383 4.5283382 4.528289 4.5282352 4.5281767 4.5281135 4.5280456 4.5279729 4.5278955 4.5278132 4.5277261 4.5276343 4.5275376 4.5274362 4.52733 4.527219 4.5271034 4.526983 4.5268581 4.5267285 4.5265944 4.5264558 4.5263128 4.5261654 4.5260137 4.5258577 4.5256975 4.5255332 4.5253649 4.5251925 4.5250163 4.5248362 4.5246524 4.5244648
4.5281809 4.5281968 4.5282148 4.5282345 4.5282555 4.5282772 4.5282993 4.5283214 4.528343 4.5283638 4.5283834 4.5284015 4.5284178 4.5284319 4.5284437 4.5284527 4.5284588 4.5284617 4.5284612 4.5284572 4.5284493 4.5284375 4.5284216 4.5284014 4.5283769 4.5283479 4.5283143 4.528276 4.5282329 4.528185 4.5281323 4.5280746 4.5280119 4.5279443 4.5278717 4.527794 4.5277113 4.5276236 4.5275309 4.5274332 4.5273306 4.527223 4.5271105 4.5269932 4.526871 4.5267441 4.5266125 4.5264762 4.5263354 4.52619 4.5260401 4.5258858 4.5257272 4.5255643 4.5253973 4.5252261 4.5250509 4.5248717 4.5246887 4.5245019
4.5278535 4.5278805 4.5279098 4.5279408 4.5279731 4.5280061 4.5280393 4.5280725 4.5281051 4.5281367 4.5281671 4.5281957 4.5282223 4.5282466 4.5282683 4.5282871 4.5283027 4.5283148 4.5283234 4.5283281 4.5283288 4.5283253 4.5283174 4.528305 4.528288 4.5282662 4.5282396 4.528208 4.5281714 4.5281298 4.528083 4.5280311 4.5279739 4.5279115 4.5278439 4.527771 4.5276929 4.5276095 4.527521 4.5274272 4.5273282 4.5272241 4.527115 4.5270007 4.5268815 4.5267573 4.5266283 4.5264944 4.5263558 4.5262124 4.5260645 4.5259119 4.5257549 4.5255936 4.5254278 4.5252579 4.5250838 4.5249056 4.5247234 4.5245373
4.5275039 4.5275432 4.5275846 4.5276278 4.5276722 4.5277172 4.5277625 4.5278075 4.5278519 4.5278951 4.5279368 4.5279767 4.5280143 4.5280494 4.5280816 4.5281107 4.5281363 4.5281583 4.5281764 4.5281903 4.5282 4.5282052 4.5282057 4.5282015 4.5281923 4.5281782 4.5281589 4.5281344 4.5281046 4.5280694 4.5280289 4.5279829 4.5279315 4.5278746 4.5278122 4.5277443 4.5276709 4.5275921 4.5275078 4.527418 4.5273229 4.5272225 4.5271167 4.5270057 4.5268895 4.5267682 4.5266418 4.5265104 4.526374 4.5262328 4.5260868 4.5259361 4.5257808 4.525621 4.5254566 4.5252879 4.5251149 4.5249377 4.5247564 4.5245711
4.5271316 4.527184 4.5272386 4.5272949 4.5273523 4.5274103 4.5274684 4.5275261 4.527583 4.5276386 4.5276924 4.5277442 4.5277935 4.52784 4.5278834 4.5279234 4.5279596 4.5279919 4.5280201 4.5280438 4.5280629 4.5280772 4.5280866 4.528091 4.5280901 4.5280839 4.5280722 4.5280551 4.5280324 4.528004 4.52797 4.5279303 4.5278848 4.5278336 4.5277766 4.5277139 4.5276454 4.5275713 4.5274914 4.5274059 4.5273148 4.5272181 4.5271158 4.5270082 4.5268951 4.5267767 4.526653 4.5265242 4.5263902 4.5262512 4.5261073 4.5259585 4.5258049 4.5256466 4.5254837 4.5253162 4.5251444 4.5249682 4.5247878 4.5246032
4.5267358 4.5268024 4.5268711 4.5269415 4.5270129 4.5270848 4.5271567 4.527228 4.5272982 4.5273669 4.5274337 4.5274981 4.5275598 4.5276184 4.5276736 4.5277251 4.5277725 4.5278157 4.5278544 4.5278884 4.5279175 4.5279414 4.5279601 4.5279734 4.5279811 4.5279833 4.5279796 4.5279702 4.5279549 4.5279336 4.5279064 4.5278731 4.5278339 4.5277886 4.5277372 4.5276799 4.5276165 4.5275472 4.5274719 4.5273908 4.5273038 4.527211 4.5271124 4.5270082 4.5268983 4.526783 4.5266621 4.5265359 4.5264044 4.5262677 4.5261258 4.5259789 4.5258271 4.5256704 4.525509 4.5253429 4.5251722 4.5249971 4.5248176 4.5246339
4.5263159 4.5263977 4.5264817 4.5265672 4.5266537 4.5267404 4.526827 4.5269127 4.5269972 4.5270799 4.5271603 4.5272382 4.527313 4.5273844 4.5274521 4.5275157 4.527575 4.5276297 4.5276795 4.5277242 4.5277637 4.5277977 4.5278262 4.5278488 4.5278656 4.5278764 4.5278812 4.5278798 4.5278721 4.5278582 4.5278381 4.5278116 4.5277788 4.5277396 4.5276941 4.5276423 4.5275843 4.52752 4.5274495 4.5273728 4.52729 4.5272012 4.5271065 4.5270058 4.5268993 4.526787 4.5266691 4.5265456 4.5264166 4.5262822 4.5261425 4.5259976 4.5258476 4.5256926 4.5255327 4.5253679 4.5251985 4.5250244 4.5248459 4.5246629
4.525871 4.5259693 4.5260697 4.5261715 4.526274 4.5263767 4.5264789 4.5265801 4.5266797 4.5267772 4.5268722 4.5269643 4.527053 4.5271379 4.5272188 4.5272952 4.5273669 4.5274337 4.5274952 4.5275513 4.5276017 4.5276463 4.5276849 4.5277173 4.5277436 4.5277634 4.5277769 4.5277838 4.5277842 4.527778 4.5277652 4.5277457 4.5277196 4.5276868 4.5276474 4.5276014 4.5275488 4.5274897 4.5274241 4.5273521 4.5272737 4.527189 4.5270981 4.5270011 4.526898 4.526789 4.526674 4.5265533 4.5264269 4.5262949 4.5261574 4.5260146 4.5258664 4.5257131 4.5255547 4.5253913 4.5252231 4.5250502 4.5248726 4.5246905
4.5254007 4.5255167 4.5256346 4.5257538 4.5258736 4.5259932 4.5261121 4.5262297 4.5263454 4.5264587 4.5265692 4.5266763 4.5267797 4.5268789 4.5269736 4.5270636 4.5271484 4.5272278 4.5273016 4.5273695 4.5274314 4.527487 4.5275362 4.527579 4.527615 4.5276444 4.5276669 4.5276826 4.5276913 4.527693 4.5276878 4.5276756 4.5276564 4.5276302 4.5275971 4.527557 4.5275101 4.5274563 4.5273958 4.5273286 4.5272547 4.5271743 4.5270875 4.5269942 4.5268946 4.5267889 4.526677 4.5265592 4.5264354 4.5263059 4.5261706 4.5260299 4.5258836 4.525732 4.5255752 4.5254132 4.5252463 4.5250745 4.5248979 4.5247166
4.5249041 4.5250391 4.5251759 4.5253138 4.525452 4.5255897 4.5257264 4.5258614 4.5259942 4.5261243 4.526251 4.5263741 4.5264929 4.5266072 4.5267166 4.5268207 4.5269193 4.527012 4.5270986 4.527179 4.5272528 4.52732 4.5273804 4.5274338 4.5274801 4.5275193 4.5275513 4.527576 4.5275934 4.5276034 4.5276061 4.5276014 4.5275893 4.52757 4.5275433 4.5275094 4.5274683 4.5274201 4.5273648 4.5273025 4.5272333 4.5271573 4.5270745 4.5269851 4.5268892 4.5267868 4.5266781 4.5265632 4.5264421 4.5263151 4.5261822 4.5260435 4.5258992 4.5257494 4.5255942 4.5254337 4.525268 4.5250973 4.5249217 4.5247413
4.5243806 4.5245361 4.5246932 4.5248509 4.5250087 4.5251658 4.5253214 4.525475 4.5256259 4.5257737 4.5259177 4.5260575 4.5261927 4.5263229 4.5264476 4.5265667 4.5266797 4.5267864 4.5268865 4.5269798 4.5270662 4.5271454 4.5272174 4.5272819 4.527339 4.5273884 4.5274302 4.5274643 4.5274906 4.5275092 4.5275201 4.5275232 4.5275185 4.5275062 4.5274863 4.5274587 4.5274237 4.5273811 4.5273312 4.527274 4.5272096 4.527138 4.5270595 4.5269741 4.5268818 4.5267829 4.5266774 4.5265655 4.5264472 4.5263227 4.5261922 4.5260557 4.5259133 4.5257653 4.5256117 4.5254527 4.5252883 4.5251188 4.5249442 4.5247646
4.5238297 4.5240071 4.5241858 4.5243648 4.5245436 4.5247211 4.5248969 4.5250701 4.5252403 4.5254067 4.525569 4.5257266 4.525879 4.5260259 4.5261668 4.5263015 4.5264296 4.5265509 4.5266651 4.5267721 4.5268715 4.5269633 4.5270474 4.5271235 4.5271916 4.5272517 4.5273037 4.5273475 4.5273832 4.5274106 4.5274299 4.5274411 4.5274441 4.5274391 4.527426 4.527405 4.5273761 4.5273395 4.5272951 4.5272431 4.5271836 4.5271166 4.5270424 4.526961 4.5268726 4.5267772 4.526675 4.5265661 4.5264506 4.5263288 4.5262006 4.5260663 4.525926 4.5257798 4.5256278 4.5254703 4.5253072 4.5251389 4.5249653 4.5247866
4.5232506 4.5234515 4.5236533 4.5238551 4.5240561 4.5242555 4.5244526 4.5246467 4.5248372 4.5250235 4.525205 4.5253812 4.5255518 4.5257162 4.5258741 4.5260252 4.5261692 4.5263058 4.5264348 4.5265559 4.5266689 4.5267738 4.5268704 4.5269586 4.5270383 4.5271095 4.527172 4.5272259 4.5272712 4.5273078 4.5273359 4.5273553 4.5273662 4.5273687 4.5273627 4.5273485 4.5273259 4.5272953 4.5272566 4.5272099 4.5271554 4.5270932 4.5270234 4.5269462 4.5268616 4.5267698 4.5266709 4.5265652 4.5264526 4.5263334 4.5262077 4.5260756 4.5259373 4.5257929 4.5256426 4.5254866 4.5253249 4.5251577 4.5249851 4.5248073
