Cobbity4/FInal/QGIS/The_Reverse_2.asc
NCOLS 499
NROWS 379
XLLCORNER 150.661
YLLCORNER -34.0271
CELLSIZE 1e-05
NODATA_VALUE -9999
[rows 208 to 233 of 379, columns 360 to 419 of 499]
4.4970028 4.4966588 4.4963178 4.4959798 4.4956447 4.4953127 4.4949835 4.4946572 4.4943337 4.4940131 4.4936953 4.4933802 4.4930678 4.4927582 4.4924512 4.4921469 4.4918452 4.4915461 4.4912495 4.4909555 4.490664 4.490375 4.4900884 4.4898043 4.4895225 4.4892432 4.4889662 4.4886915 4.4884192 4.4881491 4.4878813 4.4876157 4.4873523 4.4870911 4.486832 4.4865751 4.4863204 4.4860677 4.4858171 4.4855685 4.485322 4.4850774 4.4848349 4.4845943 4.4843557 4.484119 4.4838842 4.4836513 4.4834203 4.4831911 4.4829637 4.4827381 4.4825143 4.4822923 4.4820721 4.4818536 4.4816368 4.4814217 4.4812082 4.4809965
4.4968497 4.4965035 4.4961604 4.4958204 4.4954835 4.4951496 4.4948186 4.4944907 4.4941656 4.4938435 4.4935242 4.4932078 4.4928941 4.4925832 4.492275 4.4919696 4.4916668 4.4913667 4.4910692 4.4907742 4.4904819 4.490192 4.4899047 4.4896199 4.4893374 4.4890575 4.4887799 4.4885047 4.4882318 4.4879612 4.487693 4.487427 4.4871632 4.4869017 4.4866423 4.4863852 4.4861301 4.4858772 4.4856264 4.4853777 4.485131 4.4848864 4.4846438 4.4844032 4.4841645 4.4839278 4.483693 4.4834601 4.4832291 4.483 4.4827727 4.4825472 4.4823236 4.4821017 4.4818816 4.4816632 4.4814466 4.4812317 4.4810185 4.480807
4.4966877 4.4963395 4.4959945 4.4956526 4.4953139 4.4949783 4.4946458 4.4943163 4.4939898 4.4936663 4.4933457 4.493028 4.4927131 4.4924011 4.4920919 4.4917854 4.4914817 4.4911806 4.4908823 4.4905865 4.4902934 4.4900029 4.4897149 4.4894294 4.4891464 4.4888659 4.4885878 4.4883121 4.4880388 4.4877679 4.4874992 4.4872329 4.4869689 4.4867071 4.4864475 4.4861902 4.485935 4.4856819 4.485431 4.4851822 4.4849355 4.4846908 4.4844481 4.4842075 4.4839689 4.4837322 4.4834975 4.4832647 4.4830338 4.4828048 4.4825776 4.4823523 4.4821288 4.4819072 4.4816873 4.4814691 4.4812527 4.4810381 4.4808251 4.4806139
4.4965167 4.4961667 4.4958199 4.4954763 4.495136 4.4947989 4.4944649 4.494134 4.4938062 4.4934814 4.4931596 4.4928408 4.4925249 4.4922118 4.4919017 4.4915943 4.4912897 4.4909879 4.4906887 4.4903923 4.4900985 4.4898074 4.4895188 4.4892328 4.4889493 4.4886684 4.4883899 4.4881138 4.4878402 4.487569 4.4873001 4.4870335 4.4867693 4.4865073 4.4862476 4.4859901 4.4857348 4.4854817 4.4852307 4.4849819 4.4847352 4.4844905 4.4842479 4.4840074 4.4837688 4.4835323 4.4832977 4.483065 4.4828343 4.4826054 4.4823785 4.4821534 4.4819302 4.4817087 4.4814891 4.4812712 4.4810551 4.4808408 4.4806281 4.4804172
4.4963367 4.4959849 4.4956366 4.4952915 4.4949497 4.4946112 4.4942759 4.4939438 4.4936148 4.4932889 4.492966 4.4926462 4.4923293 4.4920154 4.4917043 4.4913962 4.4910909 4.4907883 4.4904886 4.4901916 4.4898972 4.4896056 4.4893166 4.4890301 4.4887463 4.488465 4.4881861 4.4879098 4.4876359 4.4873645 4.4870954 4.4868287 4.4865643 4.4863022 4.4860425 4.4857849 4.4855296 4.4852765 4.4850256 4.4847768 4.4845302 4.4842856 4.4840431 4.4838027 4.4835643 4.4833279 4.4830935 4.4828611 4.4826306 4.482402 4.4821753 4.4819505 4.4817275 4.4815064 4.481287 4.4810695 4.4808537 4.4806397 4.4804275 4.4802169
4.4961476 4.4957943 4.4954444 4.495098 4.4947549 4.4944152 4.4940787 4.4937454 4.4934154 4.4930885 4.4927647 4.492444 4.4921263 4.4918116 4.4914999 4.4911911 4.4908851 4.490582 4.4902818 4.4899843 4.4896895 4.4893974 4.489108 4.4888213 4.4885371 4.4882556 4.4879765 4.4877 4.487426 4.4871544 4.4868852 4.4866184 4.486354 4.4860919 4.4858322 4.4855747 4.4853194 4.4850664 4.4848156 4.4845669 4.4843204 4.484076 4.4838337 4.4835935 4.4833553 4.4831192 4.482885 4.4826529 4.4824227 4.4821944 4.481968 4.4817435 4.4815209 4.4813001 4.4810811 4.480864 4.4806486 4.480435 4.4802231 4.480013
4.4959493 4.4955946 4.4952435 4.4948958 4.4945516 4.4942107 4.4938732 4.493539 4.493208 4.4928803 4.4925557 4.4922343 4.4919159 4.4916006 4.4912882 4.4909789 4.4906724 4.4903689 4.4900682 4.4897703 4.4894752 4.4891829 4.4888932 4.4886062 4.4883219 4.4880402 4.487761 4.4874844 4.4872103 4.4869387 4.4866695 4.4864027 4.4861383 4.4858763 4.4856166 4.4853593 4.4851042 4.4848513 4.4846006 4.4843522 4.4841059 4.4838618 4.4836197 4.4833798 4.4831419 4.482906 4.4826722 4.4824404 4.4822105 4.4819826 4.4817566 4.4815325 4.4813102 4.4810899 4.4808713 4.4806546 4.4804397 4.4802265 4.4800151 4.4798055
4.4957417 4.4953858 4.4950335 4.4946848 4.4943396 4.4939978 4.4936594 4.4933244 4.4929927 4.4926642 4.492339 4.4920169 4.491698 4.4913821 4.4910694 4.4907596 4.4904528 4.4901489 4.4898479 4.4895497 4.4892544 4.4889619 4.4886721 4.488385 4.4881005 4.4878187 4.4875396 4.4872629 4.4869889 4.4867173 4.4864482 4.4861815 4.4859173 4.4856554 4.4853959 4.4851387 4.4848838 4.4846312 4.4843808 4.4841326 4.4838866 4.4836428 4.4834011 4.4831615 4.4829239 4.4826885 4.482455 4.4822236 4.4819941 4.4817666 4.481541 4.4813174 4.4810956 4.4808757 4.4806577 4.4804414 4.480227 4.4800144 4.4798035 4.4795943
4.4955248 4.4951679 4.4948147 4.494465 4.4941189 4.4937764 4.4934373 4.4931016 4.4927692 4.4924402 4.4921144 4.4917919 4.4914726 4.4911563 4.4908432 4.4905331 4.490226 4.4899219 4.4896208 4.4893225 4.489027 4.4887344 4.4884445 4.4881574 4.487873 4.4875913 4.4873121 4.4870356 4.4867617 4.4864902 4.4862213 4.4859548 4.4856908 4.4854292 4.4851699 4.484913 4.4846584 4.4844061 4.484156 4.4839082 4.4836626 4.4834191 4.4831778 4.4829386 4.4827015 4.4824664 4.4822334 4.4820025 4.4817735 4.4815465 4.4813214 4.4810982 4.480877 4.4806576 4.4804401 4.4802244 4.4800105 4.4797984 4.4795881 4.4793795
4.4952985 4.4949408 4.4945867 4.4942364 4.4938896 4.4935464 4.4932067 4.4928705 4.4925377 4.4922082 4.4918821 4.4915592 4.4912396 4.4909231 4.4906097 4.4902995 4.4899923 4.4896881 4.4893868 4.4890885 4.4887931 4.4885005 4.4882107 4.4879236 4.4876393 4.4873577 4.4870788 4.4868024 4.4865287 4.4862575 4.4859888 4.4857226 4.4854589 4.4851976 4.4849387 4.4846821 4.4844279 4.484176 4.4839263 4.4836789 4.4834337 4.4831907 4.4829498 4.4827111 4.4824745 4.48224 4.4820075 4.481777 4.4815486 4.4813221 4.4810976 4.480875 4.4806543 4.4804355 4.4802186 4.4800035 4.4797902 4.4795788 4.4793691 4.4791611
4.4950628 4.4947044 4.4943497 4.4939988 4.4936515 4.4933078 4.4929677 4.4926311 4.492298 4.4919682 4.4916419 4.4913188 4.490999 4.4906824 4.490369 4.4900587 4.4897514 4.4894472 4.489146 4.4888478 4.4885525 4.48826 4.4879704 4.4876835 4.4873994 4.4871181 4.4868394 4.4865633 4.4862899 4.486019 4.4857507 4.4854849 4.4852215 4.4849606 4.4847021 4.484446 4.4841922 4.4839408 4.4836916 4.4834447 4.4832 4.4829575 4.4827172 4.482479 4.482243 4.482009 4.4817771 4.4815472 4.4813194 4.4810935 4.4808696 4.4806477 4.4804276 4.4802095 4.4799932 4.4797788 4.4795661 4.4793553 4.4791463 4.478939
4.4948176 4.4944587 4.4941035 4.4937522 4.4934046 4.4930606 4.4927202 4.4923834 4.4920501 4.4917202 4.4913937 4.4910706 4.4907508 4.4904342 4.4901208 4.4898106 4.4895034 4.4891994 4.4888984 4.4886003 4.4883052 4.488013 4.4877236 4.4874371 4.4871533 4.4868723 4.486594 4.4863183 4.4860453 4.4857748 4.4855069 4.4852416 4.4849787 4.4847183 4.4844603 4.4842047 4.4839515 4.4837006 4.4834519 4.4832056 4.4829615 4.4827196 4.4824799 4.4822423 4.4820069 4.4817736 4.4815423 4.4813131 4.4810859 4.4808607 4.4806375 4.4804163 4.4801969 4.4799795 4.4797639 4.4795502 4.4793383 4.4791282 4.4789199 4.4787133
4.4945629 4.4942036 4.4938482 4.4934966 4.4931488 4.4928047 4.4924642 4.4921273 4.491794 4.4914641 4.4911377 4.4908146 4.4904949 4.4901785 4.4898652 4.4895552 4.4892483 4.4889445 4.4886438 4.4883461 4.4880513 4.4877594 4.4874704 4.4871843 4.486901 4.4866204 4.4863425 4.4860673 4.4857948 4.4855249 4.4852575 4.4849927 4.4847304 4.4844706 4.4842132 4.4839582 4.4837055 4.4834553 4.4832073 4.4829616 4.4827182 4.4824769 4.4822379 4.482001 4.4817663 4.4815337 4.4813032 4.4810747 4.4808482 4.4806237 4.4804013 4.4801807 4.4799621 4.4797454 4.4795306 4.4793177 4.4791066 4.4788972 4.4786897 4.478484
4.4942986 4.4939392 4.4935837 4.493232 4.4928842 4.4925401 4.4921996 4.4918628 4.4915296 4.4911999 4.4908737 4.4905508 4.4902314 4.4899152 4.4896023 4.4892926 4.4889861 4.4886826 4.4883823 4.488085 4.4877907 4.4874993 4.4872108 4.4869252 4.4866424 4.4863623 4.486085 4.4858104 4.4855385 4.4852692 4.4850024 4.4847383 4.4844766 4.4842174 4.4839607 4.4837064 4.4834545 4.4832049 4.4829576 4.4827127 4.48247 4.4822295 4.4819912 4.4817551 4.4815212 4.4812893 4.4810596 4.4808319 4.4806062 4.4803825 4.4801608 4.4799411 4.4797233 4.4795075 4.4792935 4.4790813 4.478871 4.4786625 4.4784559 4.4782509
4.4940247 4.4936653 4.4933099 4.4929583 4.4926106 4.4922667 4.4919265 4.4915899 4.491257 4.4909276 4.4906017 4.4902792 4.4899601 4.4896443 4.4893319 4.4890226 4.4887166 4.4884137 4.4881139 4.4878171 4.4875234 4.4872326 4.4869447 4.4866597 4.4863775 4.4860981 4.4858215 4.4855475 4.4852763 4.4850077 4.4847417 4.4844782 4.4842173 4.4839589 4.4837029 4.4834494 4.4831982 4.4829495 4.482703 4.4824589 4.482217 4.4819773 4.4817399 4.4815046 4.4812715 4.4810404 4.4808115 4.4805847 4.4803599 4.4801371 4.4799163 4.4796974 4.4794805 4.4792655 4.4790524 4.4788411 4.4786317 4.4784241 4.4782183 4.4780143
4.4937412 4.493382 4.4930268 4.4926756 4.4923282 4.4919846 4.4916447 4.4913086 4.490976 4.4906471 4.4903217 4.4899997 4.4896811 4.4893659 4.489054 4.4887454 4.4884399 4.4881377 4.4878385 4.4875424 4.4872493 4.4869592 4.4866721 4.4863878 4.4861063 4.4858277 4.4855518 4.4852787 4.4850082 4.4847404 4.4844752 4.4842126 4.4839525 4.4836949 4.4834398 4.4831871 4.4829369 4.4826889 4.4824434 4.4822001 4.4819591 4.4817203 4.4814838 4.4812494 4.4810172 4.4807871 4.4805591 4.4803332 4.4801093 4.4798874 4.4796675 4.4794496 4.4792336 4.4790195 4.4788074 4.478597 4.4783886 4.4781819 4.477977 4.4777739
4.4934481 4.4930893 4.4927345 4.4923837 4.4920367 4.4916937 4.4913543 4.4910187 4.4906868 4.4903584 4.4900336 4.4897123 4.4893944 4.4890799 4.4887687 4.4884608 4.4881561 4.4878546 4.4875562 4.4872609 4.4869686 4.4866793 4.4863929 4.4861095 4.4858289 4.4855511 4.4852761 4.4850039 4.4847343 4.4844674 4.4842031 4.4839414 4.4836822 4.4834256 4.4831714 4.4829196 4.4826703 4.4824233 4.4821787 4.4819364 4.4816964 4.4814586 4.481223 4.4809896 4.4807584 4.4805292 4.4803022 4.4800773 4.4798544 4.4796335 4.4794146 4.4791977 4.4789827 4.4787696 4.4785584 4.4783491 4.4781416 4.4779359 4.4777321 4.47753
4.4931453 4.492787 4.4924328 4.4920826 4.4917364 4.4913939 4.4910553 4.4907204 4.4903892 4.4900616 4.4897376 4.4894171 4.4891 4.4887863 4.4884759 4.4881688 4.487865 4.4875644 4.4872669 4.4869725 4.4866811 4.4863927 4.4861073 4.4858248 4.4855452 4.4852684 4.4849944 4.4847231 4.4844545 4.4841886 4.4839253 4.4836646 4.4834064 4.4831508 4.4828976 4.4826469 4.4823986 4.4821527 4.4819091 4.4816678 4.4814288 4.481192 4.4809575 4.4807252 4.480495 4.4802669 4.4800409 4.479817 4.4795952 4.4793754 4.4791575 4.4789416 4.4787277 4.4785157 4.4783055 4.4780973 4.4778908 4.4776862 4.4774834 4.4772823
4.4928328 4.4924753 4.4921219 4.4917725 4.491427 4.4910854 4.4907477 4.4904136 4.4900833 4.4897566 4.4894335 4.4891139 4.4887978 4.488485 4.4881756 4.4878696 4.4875667 4.4872671 4.4869706 4.4866772 4.4863869 4.4860996 4.4858152 4.4855338 4.4852552 4.4849794 4.4847065 4.4844363 4.4841688 4.483904 4.4836418 4.4833822 4.4831251 4.4828706 4.4826185 4.4823689 4.4821217 4.4818769 4.4816344 4.4813943 4.4811564 4.4809207 4.4806873 4.4804561 4.480227 4.4800001 4.4797752 4.4795525 4.4793317 4.479113 4.4788963 4.4786815 4.4784687 4.4782578 4.4780487 4.4778416 4.4776362 4.4774327 4.477231 4.4770311
4.4925106 4.492154 4.4918016 4.4914531 4.4911087 4.4907681 4.4904313 4.4900984 4.4897691 4.4894434 4.4891214 4.4888029 4.4884878 4.4881762 4.4878679 4.4875629 4.4872612 4.4869627 4.4866674 4.4863751 4.4860859 4.4857998 4.4855166 4.4852363 4.4849589 4.4846843 4.4844125 4.4841435 4.4838772 4.4836136 4.4833526 4.4830941 4.4828383 4.4825849 4.4823341 4.4820857 4.4818397 4.481596 4.4813548 4.4811158 4.4808791 4.4806447 4.4804124 4.4801824 4.4799545 4.4797288 4.4795051 4.4792835 4.479064 4.4788464 4.4786309 4.4784173 4.4782056 4.4779959 4.477788 4.477582 4.4773779 4.4771755 4.4769749 4.4767761
4.4921787 4.4918233 4.4914719 4.4911247 4.4907813 4.4904419 4.4901064 4.4897746 4.4894465 4.4891221 4.4888012 4.4884839 4.4881701 4.4878597 4.4875527 4.4872489 4.4869485 4.4866512 4.4863571 4.4860662 4.4857782 4.4854934 4.4852114 4.4849324 4.4846563 4.484383 4.4841125 4.4838448 4.4835797 4.4833174 4.4830577 4.4828005 4.482546 4.4822939 4.4820443 4.4817972 4.4815525 4.4813101 4.4810701 4.4808324 4.480597 4.4803638 4.4801329 4.4799041 4.4796775 4.479453 4.4792306 4.4790102 4.4787919 4.4785756 4.4783613 4.478149 4.4779386 4.4777301 4.4775234 4.4773186 4.4771157 4.4769145 4.4767152 4.4765176
4.4918371 4.491483 4.491133 4.490787 4.490445 4.490107 4.4897727 4.4894423 4.4891156 4.4887925 4.488473 4.4881571 4.4878446 4.4875356 4.4872299 4.4869276 4.4866285 4.4863327 4.48604 4.4857504 4.4854638 4.4851803 4.4848998 4.4846222 4.4843474 4.4840755 4.4838064 4.4835401 4.4832764 4.4830154 4.4827571 4.4825013 4.4822481 4.4819974 4.4817492 4.4815035 4.4812601 4.4810191 4.4807805 4.4805441 4.4803101 4.4800782 4.4798486 4.4796212 4.4793959 4.4791727 4.4789516 4.4787326 4.4785156 4.4783007 4.4780877 4.4778766 4.4776675 4.4774603 4.4772549 4.4770514 4.4768497 4.4766499 4.4764518 4.4762554
4.4914858 4.4911332 4.4907847 4.4904402 4.4900997 4.4897632 4.4894304 4.4891015 4.4887763 4.4884547 4.4881368 4.4878223 4.4875114 4.4872039 4.4868997 4.4865989 4.4863014 4.486007 4.4857158 4.4854277 4.4851427 4.4848607 4.4845817 4.4843055 4.4840323 4.4837619 4.4834943 4.4832294 4.4829672 4.4827077 4.4824508 4.4821966 4.4819448 4.4816956 4.4814488 4.4812045 4.4809626 4.4807231 4.4804858 4.4802509 4.4800183 4.4797879 4.4795597 4.4793337 4.4791098 4.478888 4.4786683 4.4784507 4.4782351 4.4780215 4.4778098 4.4776001 4.4773924 4.4771865 4.4769825 4.4767803 4.47658 4.4763814 4.4761847 4.4759896
4.4911249 4.4907739 4.4904271 4.4900843 4.4897455 4.4894106 4.4890795 4.4887523 4.4884287 4.4881088 4.4877925 4.4874797 4.4871705 4.4868646 4.4865621 4.4862629 4.485967 4.4856743 4.4853847 4.4850983 4.4848149 4.4845345 4.484257 4.4839825 4.4837109 4.4834421 4.483176 4.4829128 4.4826522 4.4823942 4.4821389 4.4818862 4.481636 4.4813883 4.4811431 4.4809003 4.48066 4.4804219 4.4801862 4.4799528 4.4797217 4.4794928 4.4792661 4.4790415 4.4788191 4.4785988 4.4783806 4.4781644 4.4779502 4.4777381 4.4775279 4.4773196 4.4771133 4.4769088 4.4767062 4.4765054 4.4763065 4.4761093 4.4759139 4.4757202
4.4907543 4.4904052 4.4900602 4.4897192 4.4893823 4.4890492 4.48872 4.4883945 4.4880728 4.4877547 4.4874402 4.4871293 4.4868218 4.4865177 4.486217 4.4859196 4.4856254 4.4853345 4.4850467 4.484762 4.4844803 4.4842017 4.4839259 4.4836532 4.4833832 4.4831161 4.4828518 4.4825902 4.4823313 4.482075 4.4818214 4.4815703 4.4813218 4.4810757 4.4808321 4.480591 4.4803522 4.4801158 4.4798817 4.4796499 4.4794203 4.479193 4.4789678 4.4787448 4.478524 4.4783052 4.4780885 4.4778738 4.4776612 4.4774505 4.4772418 4.477035 4.4768302 4.4766272 4.476426 4.4762267 4.4760292 4.4758334 4.4756395 4.4754472
4.490374 4.490027 4.489684 4.4893451 4.4890101 4.4886791 4.4883519 4.4880284 4.4877086 4.4873925 4.48708 4.486771 4.4864654 4.4861633 4.4858645 4.485569 4.4852767 4.4849877 4.4847017 4.4844189 4.4841391 4.4838623 4.4835884 4.4833174 4.4830493 4.482784 4.4825215 4.4822617 4.4820045 4.4817501 4.4814982 4.4812488 4.481002 4.4807577 4.4805159 4.4802764 4.4800393 4.4798046 4.4795722 4.479342 4.4791141 4.4788884 4.4786649 4.4784436 4.4782243 4.4780071 4.477792 4.477579 4.4773679 4.4771588 4.4769516 4.4767464 4.4765431 4.4763416 4.476142 4.4759442 4.4757482 4.4755539 4.4753614 4.4751706
