Cobbity4/FInal/QGIS/The_Reverse.asc
NCOLS 600
NROWS 379
XLLCORNER 150.66
YLLCORNER -34.0274
CELLSIZE 1e-05
NODATA_VALUE -9999
[rows 208 to 233 of 379, columns 420 to 479 of 600]
4.4919693 4.4914906 4.4910181 4.4905517 4.4900913 4.4896367 4.4891879 4.4887447 4.488307 4.4878747 4.4874479 4.4870262 4.4866097 4.4861983 4.4857918 4.4853902 4.4849934 4.4846013 4.4842138 4.4838309 4.4834525 4.4830784 4.4827087 4.4823432 4.4819819 4.4816247 4.4812715 4.4809222 4.4805769 4.4802354 4.4798977 4.4795637 4.4792333 4.4789065 4.4785832 4.4782634 4.4779471 4.477634 4.4773243 4.4770179 4.4767146 4.4764145 4.4761175 4.4758236 4.4755327 4.4752447 4.4749597 4.4746775 4.4743981 4.4741216 4.4738478 4.4735767 4.4733082 4.4730424 4.4727791 4.4725184 4.4722603 4.4720046 4.4717513 4.4715004
4.4908983 4.4904302 4.4899681 4.489512 4.4890616 4.488617 4.4881779 4.4877444 4.4873162 4.4868934 4.4864757 4.4860632 4.4856556 4.485253 4.4848553 4.4844623 4.484074 4.4836903 4.4833111 4.4829363 4.4825659 4.4821998 4.4818379 4.4814801 4.4811264 4.4807768 4.480431 4.4800891 4.479751 4.4794167 4.479086 4.4787589 4.4784354 4.4781155 4.4777989 4.4774857 4.4771759 4.4768694 4.4765661 4.4762659 4.4759689 4.475675 4.4753841 4.4750961 4.4748112 4.4745291 4.4742498 4.4739734 4.4736997 4.4734288 4.4731605 4.4728949 4.4726318 4.4723714 4.4721134 4.471858 4.471605 4.4713544 4.4711062 4.4708603
4.48981 4.4893529 4.4889016 4.4884561 4.4880162 4.4875819 4.4871529 4.4867294 4.486311 4.4858979 4.4854898 4.4850866 4.4846884 4.4842949 4.4839062 4.4835221 4.4831425 4.4827674 4.4823967 4.4820304 4.4816682 4.4813103 4.4809564 4.4806066 4.4802607 4.4799188 4.4795807 4.4792463 4.4789156 4.4785886 4.4782652 4.4779453 4.4776288 4.4773158 4.4770061 4.4766998 4.4763967 4.4760967 4.4758 4.4755063 4.4752157 4.474928 4.4746433 4.4743616 4.4740827 4.4738066 4.4735333 4.4732627 4.4729948 4.4727296 4.472467 4.4722069 4.4719494 4.4716944 4.4714419 4.4711917 4.470944 4.4706986 4.4704556 4.4702148
4.4887048 4.488259 4.4878189 4.4873843 4.4869553 4.4865315 4.4861131 4.4856998 4.4852917 4.4848885 4.4844902 4.4840968 4.4837081 4.483324 4.4829446 4.4825696 4.482199 4.4818328 4.4814709 4.4811131 4.4807595 4.48041 4.4800644 4.4797227 4.4793849 4.4790509 4.4787206 4.4783939 4.4780709 4.4777514 4.4774354 4.4771228 4.4768136 4.4765077 4.4762051 4.4759057 4.4756094 4.4753162 4.4750262 4.4747391 4.474455 4.4741738 4.4738955 4.47362 4.4733473 4.4730773 4.4728101 4.4725455 4.4722835 4.4720241 4.4717672 4.4715129 4.471261 4.4710116 4.4707645 4.4705198 4.4702775 4.4700374 4.4697996 4.469564
4.4875827 4.4871487 4.4867201 4.4862969 4.485879 4.4854662 4.4850586 4.4846559 4.4842582 4.4838654 4.4834772 4.4830938 4.4827149 4.4823406 4.4819706 4.4816051 4.4812438 4.4808867 4.4805337 4.4801848 4.47984 4.479499 4.4791619 4.4788286 4.478499 4.4781732 4.4778509 4.4775322 4.4772169 4.4769051 4.4765967 4.4762916 4.4759898 4.4756912 4.4753958 4.4751035 4.4748142 4.474528 4.4742447 4.4739644 4.473687 4.4734123 4.4731405 4.4728714 4.4726051 4.4723414 4.4720803 4.4718218 4.4715658 4.4713124 4.4710614 4.4708129 4.4705667 4.4703229 4.4700815 4.4698423 4.4696054 4.4693708 4.4691383 4.468908
4.4864441 4.4860222 4.4856055 4.485194 4.4847875 4.4843861 4.4839896 4.4835979 4.483211 4.4828287 4.482451 4.4820778 4.4817091 4.4813447 4.4809845 4.4806286 4.4802768 4.4799291 4.4795854 4.4792456 4.4789097 4.4785775 4.4782491 4.4779244 4.4776033 4.4772858 4.4769717 4.4766611 4.4763538 4.4760499 4.4757493 4.4754518 4.4751576 4.4748664 4.4745784 4.4742933 4.4740112 4.4737321 4.4734558 4.4731823 4.4729117 4.4726438 4.4723786 4.472116 4.4718561 4.4715988 4.471344 4.4710917 4.4708419 4.4705945 4.4703495 4.4701069 4.4698666 4.4696286 4.4693928 4.4691593 4.4689279 4.4686988 4.4684717 4.4682468
4.4852893 4.4848798 4.4844753 4.4840759 4.4836813 4.4832915 4.4829064 4.482526 4.4821501 4.4817787 4.4814118 4.4810491 4.4806907 4.4803366 4.4799865 4.4796405 4.4792984 4.4789603 4.4786261 4.4782956 4.4779688 4.4776457 4.4773263 4.4770103 4.4766979 4.4763888 4.4760832 4.4757808 4.4754818 4.4751859 4.4748932 4.4746036 4.4743171 4.4740335 4.473753 4.4734753 4.4732006 4.4729286 4.4726594 4.472393 4.4721293 4.4718682 4.4716098 4.4713539 4.4711005 4.4708497 4.4706013 4.4703554 4.4701118 4.4698706 4.4696317 4.469395 4.4691607 4.4689285 4.4686986 4.4684708 4.4682451 4.4680215 4.4678 4.4675805
4.4841184 4.4837217 4.4833299 4.4829428 4.4825604 4.4821825 4.4818092 4.4814403 4.4810758 4.4807156 4.4803597 4.4800078 4.4796601 4.4793164 4.4789766 4.4786408 4.4783087 4.4779805 4.4776559 4.4773349 4.4770176 4.4767038 4.4763934 4.4760864 4.4757828 4.4754825 4.4751854 4.4748916 4.4746008 4.4743132 4.4740286 4.473747 4.4734683 4.4731926 4.4729197 4.4726496 4.4723823 4.4721177 4.4718558 4.4715965 4.4713399 4.4710858 4.4708342 4.4705851 4.4703384 4.4700942 4.4698523 4.4696128 4.4693756 4.4691407 4.4689079 4.4686774 4.4684491 4.4682229 4.4679989 4.4677769 4.4675569 4.467339 4.4671231 4.4669091
4.4829318 4.4825483 4.4821694 4.481795 4.4814251 4.4810595 4.4806983 4.4803412 4.4799884 4.4796397 4.479295 4.4789542 4.4786174 4.4782844 4.4779552 4.4776297 4.4773079 4.4769897 4.4766751 4.4763639 4.4760561 4.4757517 4.4754507 4.4751529 4.4748583 4.4745669 4.4742786 4.4739934 4.4737112 4.4734319 4.4731556 4.4728822 4.4726116 4.4723437 4.4720786 4.4718163 4.4715566 4.4712995 4.4710449 4.470793 4.4705435 4.4702965 4.4700519 4.4698097 4.4695699 4.4693324 4.4690971 4.4688642 4.4686334 4.4684049 4.4681784 4.4679542 4.467732 4.4675119 4.4672938 4.4670777 4.4668636 4.4666514 4.4664412 4.4662329
4.4817298 4.4813598 4.4809942 4.4806328 4.4802757 4.4799227 4.4795738 4.4792289 4.478888 4.478551 4.4782178 4.4778885 4.4775628 4.4772408 4.4769224 4.4766076 4.4762962 4.4759883 4.4756837 4.4753825 4.4750846 4.4747899 4.4744983 4.4742099 4.4739246 4.4736422 4.4733629 4.4730865 4.472813 4.4725423 4.4722744 4.4720093 4.4717468 4.4714871 4.47123 4.4709754 4.4707235 4.470474 4.470227 4.4699825 4.4697403 4.4695005 4.4692631 4.4690279 4.468795 4.4685643 4.4683358 4.4681095 4.4678853 4.4676633 4.4674432 4.4672253 4.4670093 4.4667954 4.4665834 4.4663733 4.4661651 4.4659588 4.4657543 4.4655517
4.4805127 4.4801566 4.4798045 4.4794565 4.4791124 4.4787723 4.4784361 4.4781036 4.4777749 4.4774499 4.4771286 4.4768108 4.4764965 4.4761858 4.4758784 4.4755744 4.4752737 4.4749763 4.4746821 4.4743911 4.4741032 4.4738183 4.4735365 4.4732576 4.4729817 4.4727086 4.4724384 4.472171 4.4719063 4.4716444 4.4713851 4.4711284 4.4708743 4.4706228 4.4703738 4.4701273 4.4698832 4.4696415 4.4694021 4.4691651 4.4689304 4.468698 4.4684677 4.4682397 4.4680139 4.4677901 4.4675685 4.467349 4.4671315 4.466916 4.4667025 4.4664909 4.4662813 4.4660736 4.4658677 4.4656637 4.4654616 4.4652612 4.4650626 4.4648657
4.4792808 4.4789388 4.4786006 4.4782663 4.4779356 4.4776087 4.4772853 4.4769656 4.4766494 4.4763367 4.4760274 4.4757215 4.4754189 4.4751195 4.4748234 4.4745305 4.4742408 4.4739541 4.4736704 4.4733898 4.4731121 4.4728373 4.4725653 4.4722962 4.4720298 4.4717662 4.4715053 4.4712471 4.4709914 4.4707383 4.4704878 4.4702398 4.4699942 4.469751 4.4695103 4.4692718 4.4690358 4.468802 4.4685704 4.4683411 4.4681139 4.4678889 4.4676661 4.4674453 4.4672266 4.4670099 4.4667953 4.4665826 4.4663719 4.4661631 4.4659562 4.4657511 4.4655479 4.4653465 4.4651469 4.4649491 4.4647531 4.4645587 4.4643661 4.4641751
4.4780344 4.4777069 4.4773829 4.4770625 4.4767455 4.476432 4.4761219 4.4758151 4.4755117 4.4752115 4.4749145 4.4746207 4.47433 4.4740423 4.4737577 4.4734761 4.4731975 4.4729217 4.4726488 4.4723787 4.4721114 4.4718469 4.471585 4.4713258 4.4710692 4.4708152 4.4705638 4.4703148 4.4700684 4.4698243 4.4695827 4.4693434 4.4691065 4.4688718 4.4686395 4.4684093 4.4681814 4.4679556 4.467732 4.4675104 4.467291 4.4670736 4.4668582 4.4666448 4.4664333 4.4662238 4.4660163 4.4658105 4.4656067 4.4654047 4.4652044 4.465006 4.4648093 4.4646144 4.4644211 4.4642296 4.4640397 4.4638514 4.4636648 4.4634798
4.4767739 4.4764611 4.4761516 4.4758454 4.4755424 4.4752427 4.474946 4.4746525 4.474362 4.4740746 4.4737902 4.4735087 4.4732301 4.4729544 4.4726815 4.4724114 4.4721441 4.4718794 4.4716175 4.4713582 4.4711015 4.4708474 4.4705958 4.4703467 4.4701 4.4698558 4.469614 4.4693745 4.4691374 4.4689025 4.46867 4.4684396 4.4682114 4.4679855 4.4677616 4.4675398 4.4673202 4.4671025 4.4668869 4.4666733 4.4664617 4.466252 4.4660442 4.4658382 4.4656342 4.4654319 4.4652315 4.4650329 4.464836 4.4646409 4.4644474 4.4642557 4.4640656 4.4638772 4.4636904 4.4635051 4.4633215 4.4631394 4.4629589 4.4627799
4.4754995 4.4752018 4.4749071 4.4746154 4.4743267 4.4740409 4.473758 4.473478 4.4732007 4.4729263 4.4726547 4.4723857 4.4721195 4.4718559 4.471595 4.4713366 4.4710808 4.4708275 4.4705767 4.4703284 4.4700825 4.4698389 4.4695978 4.4693589 4.4691224 4.4688881 4.4686561 4.4684263 4.4681986 4.4679731 4.4677497 4.4675284 4.4673092 4.467092 4.4668768 4.4666635 4.4664523 4.4662429 4.4660355 4.4658299 4.4656262 4.4654242 4.4652241 4.4650258 4.4648292 4.4646344 4.4644412 4.4642497 4.4640599 4.4638718 4.4636852 4.4635002 4.4633169 4.463135 4.4629547 4.4627759 4.4625987 4.4624228 4.4622485 4.4620756
4.4742116 4.4739293 4.4736497 4.4733728 4.4730986 4.472827 4.4725581 4.4722918 4.4720281 4.4717669 4.4715083 4.4712521 4.4709984 4.4707472 4.4704984 4.4702519 4.4700079 4.4697661 4.4695266 4.4692894 4.4690545 4.4688217 4.4685912 4.4683628 4.4681365 4.4679124 4.4676903 4.4674702 4.4672522 4.4670362 4.4668221 4.46661 4.4663998 4.4661915 4.4659851 4.4657806 4.4655778 4.4653768 4.4651777 4.4649802 4.4647845 4.4645905 4.4643982 4.4642076 4.4640186 4.4638312 4.4636454 4.4634612 4.4632786 4.4630975 4.4629179 4.4627398 4.4625632 4.462388 4.4622143 4.4620421 4.4618712 4.4617017 4.4615336 4.4613669
4.4729107 4.4726439 4.4723797 4.4721178 4.4718584 4.4716013 4.4713466 4.4710943 4.4708443 4.4705966 4.4703512 4.4701081 4.4698672 4.4696285 4.469392 4.4691577 4.4689255 4.4686954 4.4684675 4.4682416 4.4680178 4.467796 4.4675762 4.4673584 4.4671426 4.4669287 4.4667167 4.4665066 4.4662983 4.466092 4.4658874 4.4656846 4.4654836 4.4652843 4.4650868 4.464891 4.4646969 4.4645045 4.4643137 4.4641245 4.463937 4.463751 4.4635666 4.4633837 4.4632024 4.4630226 4.4628443 4.4626674 4.462492 4.4623181 4.4621455 4.4619744 4.4618047 4.4616363 4.4614693 4.4613036 4.4611392 4.4609762 4.4608144 4.4606539
4.4715969 4.4713461 4.4710974 4.4708509 4.4706064 4.4703641 4.4701239 4.4698858 4.4696497 4.4694157 4.4691838 4.4689538 4.4687259 4.4685 4.468276 4.468054 4.4678339 4.4676158 4.4673995 4.4671852 4.4669726 4.466762 4.4665531 4.4663461 4.4661408 4.4659373 4.4657356 4.4655355 4.4653372 4.4651406 4.4649456 4.4647523 4.4645606 4.4643705 4.464182 4.4639951 4.4638098 4.463626 4.4634437 4.4632629 4.4630835 4.4629057 4.4627293 4.4625543 4.4623808 4.4622087 4.4620379 4.4618685 4.4617004 4.4615337 4.4613683 4.4612042 4.4610414 4.4608799 4.4607197 4.4605606 4.4604028 4.4602463 4.4600909 4.4599367
4.4702708 4.4700361 4.4698033 4.4695723 4.4693431 4.4691157 4.4688902 4.4686665 4.4684446 4.4682245 4.4680062 4.4677897 4.467575 4.467362 4.4671507 4.4669412 4.4667334 4.4665273 4.466323 4.4661202 4.4659192 4.4657198 4.4655221 4.4653259 4.4651314 4.4649384 4.4647471 4.4645573 4.464369 4.4641822 4.463997 4.4638133 4.463631 4.4634502 4.4632709 4.463093 4.4629165 4.4627414 4.4625677 4.4623954 4.4622244 4.4620548 4.4618865 4.4617196 4.4615539 4.4613895 4.4612264 4.4610645 4.4609039 4.4607445 4.4605863 4.4604294 4.4602736 4.460119 4.4599656 4.4598133 4.4596621 4.4595121 4.4593632 4.4592154
4.4689326 4.4687144 4.4684976 4.4682824 4.4680687 4.4678565 4.4676459 4.4674368 4.4672293 4.4670233 4.4668189 4.466616 4.4664146 4.4662147 4.4660164 4.4658195 4.4656242 4.4654304 4.465238 4.4650471 4.4648577 4.4646697 4.4644832 4.4642981 4.4641145 4.4639322 4.4637514 4.4635719 4.4633938 4.4632171 4.4630417 4.4628677 4.462695 4.4625236 4.4623536 4.4621848 4.4620173 4.461851 4.461686 4.4615223 4.4613598 4.4611985 4.4610384 4.4608795 4.4607218 4.4605653 4.4604099 4.4602556 4.4601025 4.4599506 4.4597997 4.4596499 4.4595012 4.4593536 4.4592071 4.4590616 4.4589172 4.4587738 4.4586314 4.4584901
4.4675828 4.4673812 4.4671807 4.4669815 4.4667835 4.4665868 4.4663913 4.4661971 4.4660041 4.4658124 4.465622 4.4654329 4.4652451 4.4650585 4.4648732 4.4646892 4.4645065 4.4643251 4.4641449 4.463966 4.4637884 4.463612 4.4634369 4.463263 4.4630903 4.4629189 4.4627487 4.4625797 4.4624119 4.4622454 4.46208 4.4619158 4.4617528 4.4615909 4.4614302 4.4612706 4.4611122 4.4609549 4.4607987 4.4606437 4.4604897 4.4603368 4.4601851 4.4600343 4.4598847 4.4597361 4.4595885 4.459442 4.4592965 4.459152 4.4590085 4.458866 4.4587245 4.458584 4.4584444 4.4583058 4.4581682 4.4580315 4.4578957 4.4577608
4.4662218 4.466037 4.4658531 4.46567 4.465488 4.4653068 4.4651267 4.4649475 4.4647693 4.4645921 4.4644159 4.4642408 4.4640667 4.4638936 4.4637216 4.4635506 4.4633806 4.4632118 4.4630439 4.4628772 4.4627114 4.4625468 4.4623832 4.4622206 4.4620591 4.4618986 4.4617392 4.4615809 4.4614235 4.4612672 4.4611119 4.4609577 4.4608044 4.4606522 4.460501 4.4603507 4.4602015 4.4600533 4.459906 4.4597597 4.4596144 4.45947 4.4593266 4.4591842 4.4590426 4.458902 4.4587624 4.4586236 4.4584858 4.4583489 4.4582129 4.4580777 4.4579435 4.4578101 4.4576776 4.4575459 4.4574151 4.4572852 4.4571561 4.4570278
4.4648498 4.4646821 4.4645149 4.4643483 4.4641824 4.464017 4.4638524 4.4636884 4.4635252 4.4633627 4.4632009 4.4630399 4.4628797 4.4627202 4.4625616 4.4624038 4.4622468 4.4620906 4.4619353 4.4617808 4.4616271 4.4614743 4.4613224 4.4611713 4.4610211 4.4608717 4.4607232 4.4605755 4.4604287 4.4602828 4.4601377 4.4599935 4.4598502 4.4597077 4.459566 4.4594252 4.4592853 4.4591462 4.4590079 4.4588705 4.4587339 4.4585982 4.4584632 4.4583291 4.4581958 4.4580633 4.4579316 4.4578008 4.4576707 4.4575414 4.4574129 4.4572852 4.4571582 4.4570321 4.4569067 4.456782 4.4566582 4.456535 4.4564126 4.456291
4.4634674 4.463317 4.4631667 4.4630167 4.4628671 4.4627178 4.4625688 4.4624202 4.4622721 4.4621244 4.4619773 4.4618306 4.4616844 4.4615388 4.4613937 4.4612492 4.4611053 4.4609619 4.4608192 4.4606771 4.4605357 4.4603949 4.4602547 4.4601152 4.4599764 4.4598382 4.4597007 4.4595639 4.4594278 4.4592924 4.4591576 4.4590236 4.4588902 4.4587575 4.4586256 4.4584943 4.4583638 4.4582339 4.4581047 4.4579763 4.4578485 4.4577214 4.457595 4.4574693 4.4573443 4.45722 4.4570964 4.4569735 4.4568512 4.4567296 4.4566087 4.4564885 4.456369 4.4562501 4.4561319 4.4560143 4.4558974 4.4557812 4.4556656 4.4555506
4.4620749 4.4619419 4.4618088 4.4616756 4.4615425 4.4614093 4.4612762 4.4611432 4.4610104 4.4608777 4.4607453 4.4606131 4.4604811 4.4603494 4.460218 4.460087 4.4599563 4.459826 4.459696 4.4595665 4.4594373 4.4593087 4.4591804 4.4590526 4.4589253 4.4587985 4.4586721 4.4585462 4.4584209 4.4582961 4.4581717 4.4580479 4.4579247 4.457802 4.4576798 4.4575581 4.457437 4.4573165 4.4571965 4.4570771 4.4569582 4.4568399 4.4567222 4.456605 4.4564884 4.4563723 4.4562568 4.4561419 4.4560275 4.4559137 4.4558005 4.4556879 4.4555757 4.4554642 4.4553532 4.4552428 4.4551329 4.4550236 4.4549149 4.4548067
4.4606728 4.4605574 4.4604416 4.4603254 4.4602089 4.4600921 4.459975 4.4598578 4.4597404 4.4596229 4.4595053 4.4593877 4.4592701 4.4591525 4.4590349 4.4589175 4.4588001 4.4586829 4.4585659 4.458449 4.4583323 4.4582159 4.4580997 4.4579837 4.457868 4.4577526 4.4576375 4.4575227 4.4574082 4.4572941 4.4571803 4.4570669 4.4569538 4.4568411 4.4567288 4.4566168 4.4565053 4.4563942 4.4562835 4.4561732 4.4560633 4.4559538 4.4558448 4.4557362 4.455628 4.4555203 4.455413 4.4553062 4.4551998 4.4550938 4.4549883 4.4548833 4.4547787 4.4546746 4.4545709 4.4544677 4.4543649 4.4542626 4.4541607 4.4540593
