Cobbity4/FInal/QGIS/The_Reverse_2.asc
NCOLS 499
NROWS 379
XLLCORNER 150.661
YLLCORNER -34.0271
CELLSIZE 1e-05
NODATA_VALUE -9999
[rows 234 to 259 of 379, columns 300 to 359 of 499]
4.5222242 4.5214084 4.5206063 4.5198176 4.5190419 4.5182791 4.5175288 4.5167907 4.5160647 4.5153504 4.5146476 4.513956 4.5132754 4.5126056 4.5119463 4.5112973 4.5106585 4.5100295 4.5094101 4.5088003 4.5081997 4.5076082 4.5070255 4.5064516 4.5058861 4.505329 4.5047801 4.5042392 4.5037061 4.5031807 4.5026628 4.5021522 4.5016489 4.5011527 4.5006634 4.5001809 4.499705 4.4992357 4.4987728 4.4983162 4.4978657 4.4974212 4.4969827 4.49655 4.4961229 4.4957015 4.4952855 4.494875 4.4944697 4.4940695 4.4936745 4.4932844 4.4928993 4.492519 4.4921433 4.4917724 4.4914059 4.491044 4.4906864 4.4903332
4.5216262 4.5208155 4.5200183 4.5192344 4.5184635 4.5177052 4.5169594 4.5162257 4.515504 4.5147939 4.5140953 4.5134077 4.5127312 4.5120653 4.5114099 4.5107647 4.5101296 4.5095043 4.5088886 4.5082823 4.5076852 4.5070972 4.506518 4.5059474 4.5053854 4.5048316 4.5042859 4.5037482 4.5032184 4.5026961 4.5021813 4.5016739 4.5011737 4.5006805 4.5001942 4.4997147 4.4992418 4.4987754 4.4983153 4.4978616 4.4974139 4.4969723 4.4965366 4.4961066 4.4956823 4.4952636 4.4948504 4.4944425 4.4940398 4.4936424 4.4932499 4.4928625 4.4924799 4.4921021 4.4917291 4.4913606 4.4909967 4.4906372 4.4902821 4.4899313
4.5209913 4.5201866 4.5193952 4.518617 4.5178516 4.5170988 4.5163583 4.5156298 4.5149132 4.5142081 4.5135143 4.5128316 4.5121597 4.5114984 4.5108475 4.5102067 4.509576 4.5089549 4.5083434 4.5077413 4.5071483 4.5065643 4.505989 4.5054224 4.5048641 4.5043141 4.5037722 4.5032382 4.502712 4.5021933 4.5016821 4.5011781 4.5006814 4.5001916 4.4997087 4.4992325 4.4987629 4.4982997 4.4978429 4.4973924 4.4969479 4.4965094 4.4960767 4.4956498 4.4952286 4.4948129 4.4944026 4.4939976 4.4935979 4.4932033 4.4928138 4.4924291 4.4920494 4.4916744 4.491304 4.4909383 4.4905771 4.4902203 4.4898679 4.4895197
4.5203197 4.5195219 4.5187373 4.5179657 4.5172067 4.5164601 4.5157258 4.5150033 4.5142925 4.5135931 4.5129049 4.5122276 4.5115611 4.510905 4.5102593 4.5096236 4.5089978 4.5083816 4.5077749 4.5071774 4.506589 4.5060096 4.5054388 4.5048765 4.5043226 4.5037768 4.5032391 4.5027092 4.502187 4.5016723 4.5011651 4.500665 4.5001721 4.4996861 4.4992069 4.4987344 4.4982684 4.4978089 4.4973556 4.4969086 4.4964676 4.4960325 4.4956032 4.4951797 4.4947617 4.4943493 4.4939422 4.4935405 4.4931439 4.4927524 4.492366 4.4919844 4.4916077 4.4912357 4.4908683 4.4905055 4.4901472 4.4897933 4.4894437 4.4890984
4.5196117 4.5188218 4.5180449 4.5172807 4.516529 4.5157895 4.515062 4.5143463 4.5136421 4.5129491 4.5122672 4.5115961 4.5109356 4.5102854 4.5096455 4.5090154 4.5083951 4.5077844 4.507183 4.5065908 4.5060076 4.5054331 4.5048673 4.5043099 4.5037608 4.5032197 4.5026866 4.5021613 4.5016436 4.5011333 4.5006304 4.5001346 4.4996459 4.4991641 4.498689 4.4982205 4.4977585 4.4973029 4.4968535 4.4964103 4.4959731 4.4955417 4.4951161 4.4946962 4.4942818 4.4938729 4.4934694 4.4930711 4.4926779 4.4922898 4.4919067 4.4915284 4.4911549 4.4907862 4.490422 4.4900623 4.4897071 4.4893563 4.4890098 4.4886674
4.5188679 4.5180867 4.5173183 4.5165624 4.5158188 4.5150872 4.5143674 4.5136592 4.5129623 4.5122765 4.5116015 4.5109373 4.5102834 4.5096398 4.5090063 4.5083825 4.5077683 4.5071636 4.5065681 4.5059817 4.5054041 4.5048352 4.5042748 4.5037228 4.5031789 4.502643 4.502115 4.5015946 4.5010818 4.5005764 4.5000782 4.4995871 4.499103 4.4986256 4.498155 4.4976909 4.4972333 4.4967819 4.4963367 4.4958976 4.4954645 4.4950371 4.4946155 4.4941995 4.493789 4.4933839 4.4929841 4.4925895 4.4922 4.4918155 4.4914359 4.4910612 4.4906912 4.4903258 4.4899651 4.4896088 4.4892569 4.4889093 4.488566 4.4882269
4.5180886 4.517317 4.516558 4.5158112 4.5150765 4.5143536 4.5136422 4.5129423 4.5122534 4.5115755 4.5109082 4.5102514 4.5096049 4.5089685 4.5083419 4.507725 4.5071175 4.5065194 4.5059303 4.5053502 4.5047788 4.5042159 4.5036615 4.5031153 4.5025771 4.5020468 4.5015243 4.5010094 4.5005019 4.5000017 4.4995086 4.4990226 4.4985434 4.498071 4.4976051 4.4971458 4.4966928 4.496246 4.4958053 4.4953706 4.4949418 4.4945188 4.4941014 4.4936896 4.4932832 4.4928822 4.4924864 4.4920958 4.4917102 4.4913295 4.4909538 4.4905828 4.4902165 4.4898548 4.4894976 4.4891449 4.4887965 4.4884524 4.4881126 4.4877768
4.5172742 4.5165131 4.5157643 4.5150275 4.5143025 4.513589 4.5128869 4.5121959 4.5115158 4.5108464 4.5101874 4.5095388 4.5089003 4.5082716 4.5076526 4.5070432 4.506443 4.505852 4.5052699 4.5046965 4.5041318 4.5035755 4.5030275 4.5024876 4.5019556 4.5014314 4.5009148 4.5004057 4.4999039 4.4994093 4.4989218 4.4984412 4.4979673 4.4975001 4.4970394 4.4965851 4.4961371 4.4956952 4.4952594 4.4948295 4.4944053 4.4939869 4.4935741 4.4931667 4.4927647 4.492368 4.4919765 4.49159 4.4912086 4.490832 4.4904603 4.4900933 4.4897309 4.4893731 4.4890197 4.4886708 4.4883261 4.4879857 4.4876494 4.4873173
4.5164252 4.5156755 4.5149377 4.5142117 4.5134971 4.5127938 4.5121016 4.5114203 4.5107497 4.5100895 4.5094396 4.5087997 4.5081698 4.5075495 4.5069387 4.5063373 4.5057449 4.5051615 4.504587 4.504021 4.5034634 4.5029142 4.5023731 4.5018399 4.5013145 4.5007968 4.5002866 4.4997837 4.499288 4.4987995 4.4983178 4.497843 4.4973749 4.4969132 4.4964581 4.4960092 4.4955664 4.4951298 4.4946991 4.4942742 4.493855 4.4934415 4.4930335 4.4926308 4.4922335 4.4918414 4.4914544 4.4910724 4.4906953 4.4903231 4.4899556 4.4895928 4.4892345 4.4888808 4.4885315 4.4881865 4.4878457 4.4875091 4.4871767 4.4868483
4.5155421 4.5148046 4.5140787 4.5133641 4.5126608 4.5119685 4.511287 4.510616 4.5099555 4.5093052 4.508665 4.5080345 4.5074138 4.5068025 4.5062005 4.5056076 4.5050236 4.5044484 4.5038819 4.5033237 4.5027739 4.5022321 4.5016983 4.5011724 4.5006541 4.5001433 4.4996398 4.4991436 4.4986545 4.4981723 4.497697 4.4972283 4.4967662 4.4963105 4.4958612 4.495418 4.4949809 4.4945498 4.4941245 4.493705 4.4932911 4.4928827 4.4924797 4.4920821 4.4916897 4.4913024 4.4909202 4.4905429 4.4901704 4.4898028 4.4894398 4.4890814 4.4887275 4.488378 4.4880329 4.4876921 4.4873554 4.4870229 4.4866944 4.48637
4.5146255 4.5139009 4.5131876 4.5124854 4.511794 4.5111134 4.5104432 4.5097834 4.5091337 4.5084939 4.5078639 4.5072435 4.5066325 4.5060308 4.5054381 4.5048544 4.5042793 4.5037129 4.5031548 4.502605 4.5020633 4.5015296 4.5010036 4.5004853 4.4999745 4.499471 4.4989748 4.4984856 4.4980034 4.497528 4.4970593 4.4965972 4.4961415 4.4956921 4.4952489 4.4948118 4.4943806 4.4939553 4.4935358 4.4931219 4.4927135 4.4923106 4.491913 4.4915206 4.4911334 4.4907512 4.490374 4.4900017 4.4896341 4.4892712 4.4889129 4.4885591 4.4882098 4.4878648 4.4875241 4.4871876 4.4868553 4.486527 4.4862027 4.4858824
4.5136758 4.512965 4.5122651 4.5115759 4.5108972 4.5102289 4.5095708 4.5089227 4.5082845 4.5076559 4.5070368 4.506427 4.5058264 4.5052348 4.5046521 4.504078 4.5035124 4.5029552 4.5024061 4.5018652 4.5013321 4.5008068 4.5002891 4.4997789 4.499276 4.4987803 4.4982916 4.4978099 4.497335 4.4968668 4.4964051 4.4959498 4.4955008 4.4950581 4.4946214 4.4941906 4.4937657 4.4933466 4.4929331 4.4925251 4.4921226 4.4917254 4.4913334 4.4909466 4.4905648 4.490188 4.489816 4.4894488 4.4890863 4.4887284 4.488375 4.4880261 4.4876816 4.4873413 4.4870052 4.4866733 4.4863455 4.4860216 4.4857017 4.4853856
4.5126936 4.5119974 4.5113116 4.5106362 4.5099709 4.5093157 4.5086703 4.5080346 4.5074084 4.5067916 4.506184 4.5055855 4.5049958 4.5044149 4.5038426 4.5032787 4.5027231 4.5021756 4.5016361 4.5011044 4.5005804 4.500064 4.499555 4.4990533 4.4985588 4.4980712 4.4975906 4.4971167 4.4966495 4.4961887 4.4957344 4.4952864 4.4948445 4.4944087 4.4939788 4.4935548 4.4931364 4.4927238 4.4923166 4.4919148 4.4915184 4.4911272 4.4907411 4.49036 4.4899839 4.4896127 4.4892462 4.4888844 4.4885273 4.4881746 4.4878264 4.4874825 4.4871429 4.4868075 4.4864763 4.4861491 4.485826 4.4855067 4.4851913 4.4848797
4.5116796 4.5109985 4.5103276 4.5096667 4.5090155 4.508374 4.507742 4.5071193 4.5065059 4.5059015 4.505306 4.5047192 4.5041411 4.5035714 4.50301 4.5024568 4.5019117 4.5013744 4.5008449 4.500323 4.4998086 4.4993015 4.4988017 4.4983089 4.4978231 4.4973441 4.4968719 4.4964062 4.495947 4.4954942 4.4950476 4.4946071 4.4941727 4.4937441 4.4933214 4.4929043 4.4924929 4.4920869 4.4916864 4.4912911 4.490901 4.4905161 4.4901362 4.4897611 4.489391 4.4890256 4.4886648 4.4883087 4.487957 4.4876098 4.4872669 4.4869284 4.486594 4.4862637 4.4859375 4.4856152 4.4852969 4.4849825 4.4846718 4.4843648
4.5106342 4.5099692 4.5093138 4.508668 4.5080316 4.5074045 4.5067865 4.5061775 4.5055773 4.5049859 4.5044031 4.5038287 4.5032626 4.5027047 4.5021548 4.5016128 4.5010786 4.5005521 4.500033 4.4995213 4.4990169 4.4985196 4.4980293 4.4975459 4.4970692 4.4965992 4.4961357 4.4956787 4.4952279 4.4947833 4.4943448 4.4939122 4.4934855 4.4930645 4.4926493 4.4922395 4.4918352 4.4914363 4.4910426 4.4906541 4.4902707 4.4898923 4.4895188 4.4891501 4.4887861 4.4884267 4.488072 4.4877217 4.4873758 4.4870342 4.4866969 4.4863638 4.4860348 4.4857098 4.4853888 4.4850717 4.4847584 4.4844489 4.4841431 4.483841
4.5095581 4.5089098 4.5082707 4.5076407 4.5070197 4.5064075 4.5058042 4.5052094 4.5046232 4.5040453 4.5034757 4.5029142 4.5023607 4.5018151 4.5012772 4.5007469 4.5002242 4.4997088 4.4992006 4.4986996 4.4982057 4.4977186 4.4972382 4.4967646 4.4962975 4.4958368 4.4953825 4.4949343 4.4944923 4.4940563 4.4936262 4.4932018 4.4927832 4.4923702 4.4919626 4.4915605 4.4911637 4.4907721 4.4903856 4.4900041 4.4896276 4.489256 4.4888891 4.4885269 4.4881693 4.4878163 4.4874677 4.4871235 4.4867836 4.4864479 4.4861164 4.485789 4.4854655 4.4851461 4.4848304 4.4845187 4.4842106 4.4839063 4.4836055 4.4833083
4.508452 4.507821 4.5071988 4.5065852 4.5059803 4.5053838 4.5047956 4.5042157 4.503644 4.5030802 4.5025243 4.5019763 4.5014359 4.500903 4.5003776 4.4998596 4.4993487 4.498845 4.4983482 4.4978583 4.4973752 4.4968987 4.4964287 4.4959652 4.495508 4.4950571 4.4946122 4.4941734 4.4937405 4.4933134 4.492892 4.4924763 4.492066 4.4916612 4.4912617 4.4908675 4.4904784 4.4900944 4.4897153 4.4893412 4.4889718 4.4886072 4.4882473 4.4878919 4.4875409 4.4871944 4.4868523 4.4865144 4.4861807 4.4858511 4.4855255 4.485204 4.4848863 4.4845725 4.4842625 4.4839562 4.4836535 4.4833545 4.483059 4.482767
4.5073164 4.5067034 4.5060988 4.5055023 4.504914 4.5043337 4.5037614 4.5031969 4.5026401 4.502091 4.5015495 4.5010153 4.5004885 4.499969 4.4994565 4.4989511 4.4984526 4.497961 4.497476 4.4969976 4.4965257 4.4960603 4.4956011 4.4951481 4.4947012 4.4942604 4.4938254 4.4933962 4.4929728 4.4925549 4.4921426 4.4917357 4.4913342 4.4909379 4.4905467 4.4901607 4.4897796 4.4894035 4.4890321 4.4886655 4.4883036 4.4879463 4.4875935 4.4872451 4.486901 4.4865613 4.4862258 4.4858944 4.4855671 4.4852438 4.4849244 4.4846089 4.4842972 4.4839893 4.483685 4.4833844 4.4830874 4.4827938 4.4825037 4.482217
4.5061521 4.5055578 4.5049713 4.5043925 4.5038214 4.5032579 4.5027019 4.5021534 4.5016122 4.5010783 4.5005515 4.5000318 4.4995191 4.4990133 4.4985143 4.498022 4.4975363 4.4970571 4.4965844 4.4961179 4.4956577 4.4952037 4.4947557 4.4943136 4.4938774 4.4934469 4.4930222 4.492603 4.4921893 4.4917811 4.4913781 4.4909804 4.4905878 4.4902004 4.4898179 4.4894403 4.4890675 4.4886995 4.4883361 4.4879774 4.4876231 4.4872733 4.4869279 4.4865867 4.4862498 4.485917 4.4855884 4.4852637 4.484943 4.4846262 4.4843132 4.484004 4.4836984 4.4833966 4.4830983 4.4828035 4.4825122 4.4822242 4.4819397 4.4816584
4.5049598 4.5043846 4.5038169 4.5032564 4.5027031 4.5021569 4.5016178 4.5010858 4.5005607 4.5000424 4.4995309 4.4990262 4.498528 4.4980365 4.4975513 4.4970726 4.4966001 4.4961339 4.4956737 4.4952196 4.4947715 4.4943292 4.4938927 4.4934619 4.4930367 4.4926171 4.4922029 4.491794 4.4913905 4.4909921 4.4905988 4.4902106 4.4898273 4.4894489 4.4890754 4.4887065 4.4883423 4.4879827 4.4876275 4.4872768 4.4869305 4.4865885 4.4862506 4.485917 4.4855874 4.4852618 4.4849402 4.4846225 4.4843086 4.4839985 4.483692 4.4833893 4.4830901 4.4827944 4.4825022 4.4822135 4.4819281 4.481646 4.4813671 4.4810915
4.50374 4.5031847 4.5026362 4.5020946 4.5015596 4.5010313 4.5005097 4.4999946 4.4994861 4.498984 4.4984883 4.4979989 4.4975158 4.4970389 4.496568 4.4961033 4.4956445 4.4951915 4.4947444 4.4943031 4.4938674 4.4934373 4.4930126 4.4925935 4.4921797 4.4917711 4.4913678 4.4909696 4.4905764 4.4901882 4.489805 4.4894265 4.4890528 4.4886838 4.4883194 4.4879596 4.4876042 4.4872532 4.4869066 4.4865642 4.486226 4.4858919 4.485562 4.485236 4.4849139 4.4845958 4.4842814 4.4839709 4.483664 4.4833607 4.4830611 4.4827649 4.4824723 4.482183 4.4818971 4.4816146 4.4813352 4.4810591 4.4807862 4.4805163
4.5024935 4.5019586 4.50143 4.5009077 4.5003916 4.4998817 4.499378 4.4988804 4.498389 4.4979035 4.497424 4.4969505 4.4964828 4.496021 4.4955649 4.4951145 4.4946698 4.4942306 4.4937969 4.4933686 4.4929457 4.4925281 4.4921158 4.4917085 4.4913064 4.4909093 4.4905172 4.49013 4.4897475 4.4893698 4.4889969 4.4886285 4.4882646 4.4879053 4.4875503 4.4871997 4.4868534 4.4865113 4.4861734 4.4858396 4.4855098 4.485184 4.484862 4.484544 4.4842297 4.4839191 4.4836123 4.483309 4.4830093 4.4827132 4.4824205 4.4821311 4.4818452 4.4815625 4.4812831 4.4810068 4.4807338 4.4804638 4.4801968 4.4799329
4.5012211 4.5007071 4.5001989 4.4996965 4.4991997 4.4987087 4.4982234 4.4977438 4.4972699 4.4968015 4.4963387 4.4958814 4.4954297 4.4949833 4.4945424 4.4941068 4.4936764 4.4932514 4.4928314 4.4924167 4.4920069 4.4916022 4.4912024 4.4908075 4.4904174 4.4900321 4.4896515 4.4892755 4.4889041 4.4885372 4.4881747 4.4878167 4.487463 4.4871135 4.4867683 4.4864272 4.4860902 4.4857573 4.4854283 4.4851033 4.4847821 4.4844647 4.484151 4.4838411 4.4835348 4.4832321 4.4829329 4.4826371 4.4823448 4.4820559 4.4817703 4.481488 4.4812089 4.480933 4.4806602 4.4803905 4.4801238 4.4798601 4.4795994 4.4793415
4.4999234 4.4994309 4.4989436 4.4984615 4.4979846 4.497513 4.4970465 4.4965853 4.4961293 4.4956785 4.4952328 4.4947922 4.4943567 4.4939263 4.4935009 4.4930805 4.4926649 4.4922543 4.4918486 4.4914476 4.4910513 4.4906598 4.4902729 4.4898906 4.4895129 4.4891396 4.4887708 4.4884064 4.4880463 4.4876905 4.4873389 4.4869914 4.4866481 4.4863088 4.4859736 4.4856423 4.4853149 4.4849913 4.4846715 4.4843554 4.4840431 4.4837343 4.4834292 4.4831276 4.4828294 4.4825347 4.4822434 4.4819554 4.4816707 4.4813892 4.4811109 4.4808357 4.4805637 4.4802946 4.4800286 4.4797656 4.4795055 4.4792482 4.4789938 4.4787422
4.4986012 4.4981306 4.4976647 4.4972034 4.4967468 4.496295 4.4958479 4.4954056 4.4949679 4.494535 4.4941069 4.4936834 4.4932646 4.4928504 4.4924409 4.492036 4.4916357 4.4912399 4.4908486 4.4904618 4.4900794 4.4897014 4.4893277 4.4889584 4.4885933 4.4882324 4.4878757 4.4875231 4.4871746 4.4868301 4.4864896 4.486153 4.4858203 4.4854915 4.4851664 4.4848451 4.4845275 4.4842135 4.4839032 4.4835963 4.483293 4.4829931 4.4826967 4.4824036 4.4821138 4.4818273 4.481544 4.4812639 4.4809869 4.4807131 4.4804422 4.4801744 4.4799096 4.4796476 4.4793886 4.4791323 4.4788789 4.4786283 4.4783803 4.478135
4.4972553 4.496807 4.4963629 4.4959229 4.4954871 4.4950555 4.4946282 4.4942051 4.4937863 4.4933717 4.4929614 4.4925554 4.4921537 4.4917562 4.491363 4.4909739 4.4905891 4.4902085 4.489832 4.4894597 4.4890914 4.4887273 4.4883672 4.488011 4.4876589 4.4873106 4.4869663 4.4866258 4.4862892 4.4859563 4.4856272 4.4853017 4.4849799 4.4846617 4.4843471 4.484036 4.4837284 4.4834243 4.4831235 4.4828262 4.4825321 4.4822413 4.4819537 4.4816693 4.4813881 4.48111 4.4808349 4.4805629 4.4802939 4.4800278 4.4797646 4.4795043 4.4792468 4.4789921 4.4787401 4.4784909 4.4782443 4.4780004 4.477759 4.4775203
