Cobbity3/QGIS/1mHCPcon.asc
NCOLS 800
NROWS 450
XLLCORNER 150.66
YLLCORNER -34.028
CELLSIZE 1e-05
NODATA_VALUE -9999
[rows 260 to 285 of 450, columns 590 to 648 of 800]
1.0871841 1.0872494 1.0873125 1.0873735 1.0874324 1.0874893 1.0875441 1.0875969 1.0876476 1.0876965 1.0877433 1.0877883 1.0878314 1.0878726 1.087912 1.0879495 1.0879853 1.0880193 1.0880516 1.0880821 1.088111 1.0881382 1.0881637 1.0881876 1.08821 1.0882307 1.0882499 1.0882675 1.0882836 1.0882982 1.0883114 1.0883231 1.0883333 1.0883422 1.0883496 1.0883557 1.0883604 1.0883638 1.0883658 1.0883666 1.0883661 1.0883643 1.0883613 1.088357 1.0883516 1.0883449 1.0883371 1.0883281 1.088318 1.0883067 1.0882944 1.0882809 1.0882664 1.0882508 1.0882342 1.0882166 1.0881979 1.0881782 1.0881576
1.0860101 1.0860832 1.0861541 1.0862227 1.0862893 1.0863536 1.0864159 1.0864761 1.0865342 1.0865903 1.0866444 1.0866966 1.0867468 1.086795 1.0868414 1.0868859 1.0869286 1.0869694 1.0870085 1.0870458 1.0870813 1.0871151 1.0871473 1.0871777 1.0872065 1.0872336 1.0872592 1.0872831 1.0873055 1.0873264 1.0873457 1.0873635 1.0873798 1.0873947 1.0874082 1.0874202 1.0874308 1.08744 1.0874479 1.0874544 1.0874596 1.0874635 1.0874661 1.0874675 1.0874676 1.0874664 1.0874641 1.0874605 1.0874558 1.0874499 1.0874428 1.0874346 1.0874253 1.087415 1.0874035 1.0873909 1.0873773 1.0873627 1.0873471
1.0848349 1.0849158 1.0849944 1.0850707 1.0851448 1.0852167 1.0852864 1.085354 1.0854195 1.0854829 1.0855443 1.0856036 1.0856609 1.0857162 1.0857696 1.0858211 1.0858706 1.0859183 1.0859642 1.0860082 1.0860504 1.0860908 1.0861295 1.0861665 1.0862017 1.0862353 1.0862672 1.0862975 1.0863262 1.0863532 1.0863787 1.0864027 1.0864251 1.086446 1.0864655 1.0864834 1.0864999 1.086515 1.0865287 1.086541 1.0865519 1.0865615 1.0865697 1.0865767 1.0865823 1.0865867 1.0865898 1.0865917 1.0865923 1.0865917 1.08659 1.0865871 1.086583 1.0865778 1.0865715 1.0865641 1.0865555 1.0865459 1.0865353
1.0836586 1.0837472 1.0838335 1.0839175 1.0839992 1.0840786 1.0841558 1.0842308 1.0843036 1.0843743 1.0844429 1.0845094 1.0845738 1.0846362 1.0846966 1.084755 1.0848115 1.084866 1.0849186 1.0849694 1.0850183 1.0850653 1.0851106 1.0851541 1.0851958 1.0852358 1.0852741 1.0853107 1.0853456 1.0853789 1.0854106 1.0854407 1.0854692 1.0854961 1.0855215 1.0855455 1.0855679 1.0855888 1.0856083 1.0856264 1.085643 1.0856583 1.0856721 1.0856847 1.0856959 1.0857057 1.0857143 1.0857216 1.0857276 1.0857324 1.085736 1.0857383 1.0857395 1.0857395 1.0857383 1.085736 1.0857325 1.085728 1.0857223
1.0824811 1.0825775 1.0826715 1.0827631 1.0828524 1.0829394 1.0830241 1.0831065 1.0831866 1.0832646 1.0833404 1.0834141 1.0834856 1.0835551 1.0836225 1.0836878 1.0837512 1.0838125 1.0838719 1.0839294 1.083985 1.0840387 1.0840905 1.0841405 1.0841887 1.0842351 1.0842798 1.0843227 1.0843639 1.0844035 1.0844413 1.0844775 1.0845121 1.0845451 1.0845765 1.0846063 1.0846347 1.0846614 1.0846867 1.0847106 1.0847329 1.0847539 1.0847734 1.0847915 1.0848083 1.0848236 1.0848377 1.0848504 1.0848618 1.084872 1.0848808 1.0848884 1.0848948 1.0849 1.084904 1.0849068 1.0849084 1.0849089 1.0849082
1.0813026 1.0814068 1.0815085 1.0816078 1.0817046 1.0817991 1.0818913 1.0819811 1.0820686 1.0821539 1.0822369 1.0823177 1.0823964 1.0824729 1.0825473 1.0826196 1.0826898 1.082758 1.0828242 1.0828884 1.0829507 1.083011 1.0830694 1.0831259 1.0831806 1.0832334 1.0832844 1.0833337 1.0833812 1.0834269 1.0834709 1.0835133 1.0835539 1.083593 1.0836304 1.0836661 1.0837004 1.083733 1.0837641 1.0837937 1.0838218 1.0838484 1.0838735 1.0838973 1.0839195 1.0839404 1.08396 1.0839781 1.0839949 1.0840104 1.0840246 1.0840374 1.0840491 1.0840594 1.0840685 1.0840764 1.0840831 1.0840886 1.084093
1.0801231 1.0802351 1.0803445 1.0804515 1.0805559 1.0806579 1.0807575 1.0808547 1.0809496 1.0810421 1.0811324 1.0812204 1.0813061 1.0813897 1.0814711 1.0815503 1.0816275 1.0817025 1.0817755 1.0818464 1.0819153 1.0819822 1.0820472 1.0821103 1.0821714 1.0822307 1.0822881 1.0823436 1.0823974 1.0824493 1.0824995 1.082548 1.0825947 1.0826398 1.0826832 1.0827249 1.082765 1.0828035 1.0828404 1.0828758 1.0829096 1.0829419 1.0829727 1.083002 1.0830298 1.0830562 1.0830812 1.0831047 1.0831269 1.0831478 1.0831672 1.0831854 1.0832022 1.0832178 1.083232 1.083245 1.0832568 1.0832674 1.0832767
1.0789428 1.0790626 1.0791797 1.0792942 1.0794063 1.0795158 1.0796229 1.0797275 1.0798297 1.0799295 1.080027 1.0801221 1.080215 1.0803056 1.080394 1.0804802 1.0805642 1.080646 1.0807258 1.0808034 1.080879 1.0809526 1.0810241 1.0810937 1.0811613 1.081227 1.0812907 1.0813526 1.0814126 1.0814708 1.0815272 1.0815818 1.0816346 1.0816857 1.081735 1.0817827 1.0818287 1.081873 1.0819158 1.0819569 1.0819964 1.0820344 1.0820708 1.0821057 1.082139 1.082171 1.0822014 1.0822304 1.082258 1.0822841 1.0823089 1.0823323 1.0823544 1.0823751 1.0823945 1.0824127 1.0824295 1.0824451 1.0824594
1.0777617 1.0778892 1.078014 1.0781362 1.0782558 1.0783729 1.0784874 1.0785994 1.0787089 1.078816 1.0789207 1.079023 1.079123 1.0792207 1.079316 1.0794091 1.0795 1.0795887 1.0796752 1.0797596 1.0798419 1.079922 1.0800001 1.0800762 1.0801503 1.0802224 1.0802925 1.0803607 1.0804269 1.0804913 1.0805539 1.0806146 1.0806735 1.0807306 1.0807859 1.0808396 1.0808914 1.0809416 1.0809902 1.081037 1.0810823 1.0811259 1.0811679 1.0812084 1.0812474 1.0812848 1.0813207 1.0813551 1.081388 1.0814195 1.0814496 1.0814783 1.0815056 1.0815315 1.0815561 1.0815793 1.0816012 1.0816218 1.0816412
1.0765799 1.0767151 1.0768477 1.0769775 1.0771047 1.0772292 1.0773512 1.0774706 1.0775874 1.0777018 1.0778137 1.0779232 1.0780302 1.0781349 1.0782373 1.0783373 1.0784351 1.0785306 1.0786239 1.078715 1.0788039 1.0788907 1.0789753 1.0790579 1.0791384 1.0792169 1.0792934 1.0793679 1.0794404 1.079511 1.0795798 1.0796466 1.0797115 1.0797747 1.079836 1.0798955 1.0799533 1.0800094 1.0800637 1.0801163 1.0801673 1.0802166 1.0802642 1.0803103 1.0803548 1.0803977 1.080439 1.0804789 1.0805172 1.080554 1.0805894 1.0806234 1.0806559 1.080687 1.0807167 1.080745 1.080772 1.0807976 1.080822
1.0753974 1.0755404 1.0756807 1.0758181 1.0759528 1.0760849 1.0762143 1.076341 1.0764652 1.0765869 1.076706 1.0768226 1.0769367 1.0770485 1.0771578 1.0772648 1.0773694 1.0774717 1.0775718 1.0776696 1.0777652 1.0778585 1.0779498 1.0780388 1.0781258 1.0782107 1.0782935 1.0783743 1.0784531 1.07853 1.0786048 1.0786778 1.0787488 1.0788179 1.0788852 1.0789507 1.0790144 1.0790763 1.0791364 1.0791947 1.0792514 1.0793064 1.0793597 1.0794113 1.0794613 1.0795097 1.0795565 1.0796018 1.0796455 1.0796877 1.0797284 1.0797676 1.0798053 1.0798416 1.0798764 1.0799099 1.0799419 1.0799726 1.0800019
1.0742144 1.0743652 1.0745131 1.0746581 1.0748004 1.0749399 1.0750768 1.0752109 1.0753424 1.0754713 1.0755976 1.0757214 1.0758426 1.0759614 1.0760777 1.0761916 1.0763031 1.0764122 1.076519 1.0766235 1.0767257 1.0768257 1.0769235 1.0770191 1.0771125 1.0772038 1.077293 1.0773801 1.0774651 1.0775481 1.0776292 1.0777082 1.0777853 1.0778605 1.0779337 1.0780051 1.0780747 1.0781424 1.0782083 1.0782724 1.0783348 1.0783954 1.0784543 1.0785115 1.0785671 1.078621 1.0786733 1.0787239 1.078773 1.0788205 1.0788665 1.0789109 1.0789539 1.0789953 1.0790353 1.0790739 1.079111 1.0791467 1.079181
1.0730309 1.0731894 1.073345 1.0734976 1.0736475 1.0737945 1.0739387 1.0740803 1.0742191 1.0743552 1.0744887 1.0746196 1.0747479 1.0748737 1.074997 1.0751178 1.0752361 1.0753521 1.0754656 1.0755768 1.0756857 1.0757923 1.0758966 1.0759986 1.0760985 1.0761962 1.0762917 1.0763851 1.0764764 1.0765656 1.0766528 1.0767379 1.0768211 1.0769023 1.0769815 1.0770588 1.0771342 1.0772078 1.0772795 1.0773494 1.0774174 1.0774837 1.0775482 1.077611 1.0776721 1.0777315 1.0777892 1.0778453 1.0778997 1.0779526 1.0780039 1.0780535 1.0781017 1.0781483 1.0781935 1.0782371 1.0782793 1.07832 1.0783593
1.0718471 1.0720132 1.0721765 1.0723367 1.0724941 1.0726486 1.0728003 1.0729491 1.0730952 1.0732386 1.0733793 1.0735173 1.0736527 1.0737855 1.0739157 1.0740434 1.0741686 1.0742914 1.0744117 1.0745296 1.0746451 1.0747582 1.0748691 1.0749776 1.0750839 1.075188 1.0752899 1.0753896 1.0754871 1.0755825 1.0756758 1.0757671 1.0758563 1.0759435 1.0760287 1.0761119 1.0761932 1.0762725 1.07635 1.0764256 1.0764994 1.0765713 1.0766415 1.0767098 1.0767764 1.0768413 1.0769045 1.076966 1.0770258 1.0770839 1.0771405 1.0771954 1.0772488 1.0773006 1.0773509 1.0773996 1.0774468 1.0774926 1.0775369
1.0706628 1.0708367 1.0710076 1.0711755 1.0713404 1.0715023 1.0716614 1.0718176 1.071971 1.0721216 1.0722695 1.0724146 1.0725571 1.0726969 1.0728341 1.0729687 1.0731007 1.0732302 1.0733573 1.0734818 1.073604 1.0737237 1.0738411 1.0739561 1.0740688 1.0741793 1.0742875 1.0743934 1.0744972 1.0745988 1.0746983 1.0747956 1.0748909 1.0749841 1.0750752 1.0751643 1.0752515 1.0753367 1.0754199 1.0755013 1.0755807 1.0756583 1.0757341 1.075808 1.0758801 1.0759505 1.0760191 1.076086 1.0761511 1.0762146 1.0762765 1.0763366 1.0763952 1.0764522 1.0765076 1.0765614 1.0766137 1.0766644 1.0767137
1.0694784 1.06966 1.0698385 1.0700139 1.0701863 1.0703558 1.0705222 1.0706858 1.0708465 1.0710043 1.0711593 1.0713116 1.0714611 1.0716079 1.071752 1.0718935 1.0720323 1.0721686 1.0723024 1.0724337 1.0725624 1.0726887 1.0728126 1.0729341 1.0730533 1.0731701 1.0732846 1.0733969 1.0735068 1.0736146 1.0737202 1.0738236 1.0739249 1.0740241 1.0741212 1.0742162 1.0743093 1.0744003 1.0744893 1.0745764 1.0746615 1.0747447 1.0748261 1.0749056 1.0749832 1.075059 1.0751331 1.0752054 1.0752759 1.0753447 1.0754118 1.0754772 1.075541 1.0756031 1.0756636 1.0757225 1.0757799 1.0758357 1.0758899
1.0682937 1.068483 1.0686692 1.0688522 1.0690321 1.069209 1.0693828 1.0695537 1.0697216 1.0698867 1.0700489 1.0702082 1.0703647 1.0705185 1.0706696 1.070818 1.0709637 1.0711067 1.0712472 1.0713851 1.0715205 1.0716534 1.0717838 1.0719118 1.0720373 1.0721605 1.0722813 1.0723998 1.072516 1.07263 1.0727417 1.0728512 1.0729585 1.0730637 1.0731667 1.0732677 1.0733665 1.0734633 1.0735581 1.0736509 1.0737417 1.0738306 1.0739175 1.0740026 1.0740857 1.074167 1.0742465 1.0743242 1.0744001 1.0744742 1.0745466 1.0746172 1.0746862 1.0747535 1.0748191 1.0748831 1.0749455 1.0750063 1.0750655
1.067109 1.067306 1.0674997 1.0676903 1.0678777 1.068062 1.0682432 1.0684214 1.0685966 1.0687689 1.0689382 1.0691046 1.0692682 1.069429 1.0695869 1.0697422 1.0698947 1.0700445 1.0701917 1.0703363 1.0704783 1.0706177 1.0707546 1.070889 1.071021 1.0711505 1.0712777 1.0714024 1.0715249 1.071645 1.0717628 1.0718784 1.0719917 1.0721029 1.0722118 1.0723187 1.0724234 1.072526 1.0726265 1.072725 1.0728215 1.072916 1.0730085 1.0730991 1.0731878 1.0732746 1.0733595 1.0734425 1.0735237 1.0736032 1.0736808 1.0737567 1.0738308 1.0739033 1.073974 1.0740431 1.0741105 1.0741763 1.0742405
1.0659242 1.0661289 1.0663302 1.0665283 1.0667232 1.066915 1.0671035 1.067289 1.0674715 1.0676509 1.0678274 1.0680009 1.0681715 1.0683392 1.0685041 1.0686662 1.0688255 1.0689821 1.069136 1.0692872 1.0694358 1.0695818 1.0697252 1.069866 1.0700044 1.0701403 1.0702737 1.0704047 1.0705333 1.0706596 1.0707835 1.0709052 1.0710245 1.0711417 1.0712566 1.0713693 1.0714798 1.0715882 1.0716945 1.0717987 1.0719009 1.072001 1.0720991 1.0721952 1.0722894 1.0723816 1.0724719 1.0725604 1.0726469 1.0727316 1.0728146 1.0728957 1.072975 1.0730526 1.0731284 1.0732026 1.073275 1.0733458 1.073415
1.0647395 1.0649518 1.0651608 1.0653664 1.0655688 1.0657679 1.0659638 1.0661566 1.0663463 1.0665329 1.0667165 1.0668971 1.0670747 1.0672494 1.0674211 1.0675901 1.0677562 1.0679195 1.0680801 1.0682379 1.0683931 1.0685456 1.0686955 1.0688428 1.0689876 1.0691298 1.0692695 1.0694067 1.0695416 1.069674 1.069804 1.0699317 1.0700571 1.0701801 1.070301 1.0704195 1.0705359 1.0706501 1.0707621 1.0708721 1.0709799 1.0710856 1.0711893 1.0712909 1.0713906 1.0714883 1.071584 1.0716778 1.0717697 1.0718597 1.0719479 1.0720342 1.0721187 1.0722014 1.0722824 1.0723616 1.0724391 1.0725148 1.0725889
1.063555 1.0637749 1.0639914 1.0642046 1.0644144 1.0646209 1.0648242 1.0650243 1.0652212 1.0654149 1.0656056 1.0657932 1.0659778 1.0661595 1.0663381 1.0665139 1.0666868 1.0668568 1.0670241 1.0671886 1.0673503 1.0675093 1.0676657 1.0678194 1.0679705 1.0681191 1.0682651 1.0684086 1.0685496 1.0686881 1.0688242 1.068958 1.0690893 1.0692184 1.0693451 1.0694695 1.0695917 1.0697117 1.0698295 1.0699451 1.0700585 1.0701699 1.0702791 1.0703863 1.0704914 1.0705946 1.0706957 1.0707949 1.0708921 1.0709874 1.0710808 1.0711723 1.071262 1.0713499 1.0714359 1.0715202 1.0716027 1.0716834 1.0717625
1.0623706 1.0625982 1.0628222 1.0630429 1.0632601 1.063474 1.0636846 1.063892 1.0640961 1.064297 1.0644948 1.0646894 1.064881 1.0650696 1.0652551 1.0654377 1.0656174 1.0657941 1.0659681 1.0661391 1.0663074 1.066473 1.0666358 1.066796 1.0669534 1.0671083 1.0672606 1.0674103 1.0675574 1.0677021 1.0678443 1.0679841 1.0681214 1.0682564 1.068389 1.0685193 1.0686473 1.0687731 1.0688966 1.0690178 1.0691369 1.0692539 1.0693687 1.0694814 1.069592 1.0697006 1.0698071 1.0699116 1.0700141 1.0701147 1.0702134 1.0703101 1.0704049 1.0704979 1.0705891 1.0706784 1.0707659 1.0708517 1.0709357
1.0611865 1.0614217 1.0616533 1.0618814 1.0621061 1.0623274 1.0625453 1.0627599 1.0629712 1.0631792 1.0633841 1.0635858 1.0637843 1.0639798 1.0641722 1.0643616 1.064548 1.0647315 1.064912 1.0650897 1.0652646 1.0654366 1.0656059 1.0657724 1.0659363 1.0660974 1.066256 1.0664119 1.0665652 1.066716 1.0668643 1.06701 1.0671534 1.0672943 1.0674328 1.0675689 1.0677027 1.0678342 1.0679635 1.0680904 1.0682151 1.0683377 1.068458 1.0685762 1.0686923 1.0688063 1.0689182 1.0690281 1.0691359 1.0692418 1.0693457 1.0694476 1.0695476 1.0696457 1.0697419 1.0698363 1.0699288 1.0700195 1.0701084
1.0600028 1.0602456 1.0604847 1.0607203 1.0609524 1.061181 1.0614062 1.061628 1.0618465 1.0620617 1.0622736 1.0624823 1.0626878 1.0628901 1.0630894 1.0632856 1.0634788 1.0636689 1.0638561 1.0640404 1.0642218 1.0644003 1.064576 1.0647489 1.0649191 1.0650866 1.0652513 1.0654134 1.0655729 1.0657298 1.0658841 1.0660359 1.0661852 1.0663321 1.0664765 1.0666184 1.066758 1.0668953 1.0670302 1.0671628 1.0672932 1.0674213 1.0675472 1.0676709 1.0677924 1.0679118 1.0680291 1.0681443 1.0682575 1.0683686 1.0684777 1.0685848 1.06869 1.0687932 1.0688945 1.0689939 1.0690914 1.0691871 1.0692809
1.0588195 1.0590698 1.0593165 1.0595595 1.059799 1.060035 1.0602674 1.0604965 1.0607221 1.0609444 1.0611633 1.061379 1.0615915 1.0618007 1.0620068 1.0622098 1.0624097 1.0626065 1.0628003 1.0629912 1.0631791 1.0633641 1.0635462 1.0637255 1.063902 1.0640758 1.0642468 1.064415 1.0645807 1.0647436 1.064904 1.0650618 1.0652171 1.0653698 1.0655201 1.0656679 1.0658133 1.0659562 1.0660969 1.0662351 1.0663711 1.0665048 1.0666362 1.0667654 1.0668924 1.0670172 1.0671399 1.0672604 1.0673788 1.0674952 1.0676095 1.0677218 1.0678321 1.0679404 1.0680468 1.0681512 1.0682537 1.0683544 1.0684532
1.0576368 1.0578946 1.0581487 1.0583992 1.0586461 1.0588893 1.0591291 1.0593653 1.0595981 1.0598274 1.0600534 1.0602761 1.0604955 1.0607116 1.0609245 1.0611342 1.0613408 1.0615443 1.0617448 1.0619422 1.0621366 1.062328 1.0625166 1.0627023 1.0628851 1.0630651 1.0632423 1.0634167 1.0635885 1.0637575 1.063924 1.0640877 1.0642489 1.0644076 1.0645637 1.0647173 1.0648685 1.0650172 1.0651635 1.0653074 1.065449 1.0655882 1.0657251 1.0658598 1.0659922 1.0661224 1.0662505 1.0663763 1.0665001 1.0666217 1.0667412 1.0668586 1.0669741 1.0670875 1.0671989 1.0673083 1.0674159 1.0675215 1.0676252
