Cobbity3/QGIS/1mHCPcon.asc
NCOLS 800
NROWS 450
XLLCORNER 150.66
YLLCORNER -34.028
CELLSIZE 1e-05
NODATA_VALUE -9999
[rows 416 to 441 of 450, columns 472 to 530 of 800]
0.75477212 0.75704044 0.75929097 0.76152383 0.76373915 0.76593704 0.76811764 0.77028107 0.77242744 0.77455689 0.77666954 0.77876551 0.78084491 0.78290788 0.78495453 0.78698499 0.78899937 0.79099779 0.79298038 0.79494725 0.79689852 0.79883431 0.80075473 0.80265991 0.80454995 0.80642498 0.80828511 0.81013045 0.81196112 0.81377724 0.81557891 0.81736624 0.81913935 0.82089836 0.82264336 0.82437447 0.8260918 0.82779546 0.82948555 0.83116218 0.83282547 0.83447551 0.8361124 0.83773627 0.8393472 0.8409453 0.84253068 0.84410343 0.84566366 0.84721147 0.84874695 0.85027021 0.85178135 0.85328046 0.85476765 0.856243 0.85770661 0.85915858 0.860599
0.7542031 0.75646553 0.75871032 0.76093759 0.76314748 0.76534009 0.76751555 0.76967398 0.77181551 0.77394024 0.77604831 0.77813983 0.78021492 0.7822737 0.7843163 0.78634281 0.78835338 0.79034811 0.79232712 0.79429053 0.79623845 0.798171 0.80008829 0.80199045 0.80387758 0.8057498 0.80760721 0.80944994 0.8112781 0.81309179 0.81489114 0.81667624 0.81844721 0.82020416 0.82194719 0.82367642 0.82539196 0.8270939 0.82878235 0.83045743 0.83211924 0.83376787 0.83540344 0.83702605 0.8386358 0.84023279 0.84181712 0.8433889 0.84494822 0.84649518 0.84802988 0.84955243 0.85106291 0.85256142 0.85404806 0.85552293 0.85698612 0.85843772 0.85987782
0.75364825 0.75590469 0.75814364 0.76036524 0.76256959 0.76475682 0.76692705 0.76908039 0.77121697 0.77333689 0.77544028 0.77752726 0.77959794 0.78165244 0.78369088 0.78571337 0.78772002 0.78971096 0.7916863 0.79364615 0.79559063 0.79751985 0.79943393 0.80133297 0.80321709 0.8050864 0.80694101 0.80878104 0.81060659 0.81241777 0.8142147 0.81599748 0.81776622 0.81952102 0.821262 0.82298926 0.82470291 0.82640305 0.82808978 0.82976322 0.83142346 0.83307061 0.83470477 0.83632603 0.83793451 0.83953031 0.84111351 0.84268423 0.84424256 0.84578859 0.84732243 0.84884418 0.85035392 0.85185176 0.85333778 0.85481209 0.85627477 0.85772593 0.85916564
0.75310745 0.7553578 0.75759083 0.75980665 0.76200538 0.76418713 0.76635203 0.76850019 0.77063172 0.77274674 0.77484536 0.7769277 0.77899387 0.781044 0.78307819 0.78509655 0.7870992 0.78908626 0.79105784 0.79301404 0.79495498 0.79688078 0.79879154 0.80068737 0.80256839 0.80443471 0.80628643 0.80812366 0.80994652 0.8117551 0.81354953 0.81532989 0.81709631 0.81884889 0.82058772 0.82231293 0.8240246 0.82572285 0.82740778 0.82907949 0.83073808 0.83238365 0.83401631 0.83563616 0.83724329 0.8388378 0.8404198 0.84198938 0.84354663 0.84509166 0.84662456 0.84814543 0.84965435 0.85115143 0.85263676 0.85411043 0.85557253 0.85702316 0.85846241
0.75258056 0.75482473 0.75705174 0.75926169 0.76145471 0.7636309 0.76579037 0.76793325 0.77005964 0.77216966 0.77426342 0.77634104 0.77840262 0.78044827 0.78247812 0.78449227 0.78649083 0.78847391 0.79044163 0.79239409 0.79433141 0.79625369 0.79816105 0.80005359 0.80193142 0.80379465 0.80564339 0.80747774 0.80929781 0.81110371 0.81289554 0.81467341 0.81643742 0.81818768 0.81992429 0.82164735 0.82335696 0.82505324 0.82673628 0.82840617 0.83006303 0.83170695 0.83333803 0.83495638 0.83656207 0.83815523 0.83973594 0.84130429 0.8428604 0.84440434 0.84593622 0.84745612 0.84896416 0.8504604 0.85194496 0.85341792 0.85487936 0.85632939 0.8577681
0.75206745 0.75430536 0.75652626 0.75873026 0.76091747 0.763088 0.76524196 0.76737947 0.76950064 0.77160557 0.77369438 0.77576717 0.77782406 0.77986516 0.78189058 0.78390042 0.7858948 0.78787382 0.78983759 0.79178623 0.79371983 0.79563851 0.79754238 0.79943153 0.80130609 0.80316615 0.80501181 0.80684319 0.8086604 0.81046352 0.81225267 0.81402796 0.81578948 0.81753733 0.81927163 0.82099246 0.82269994 0.82439416 0.82607522 0.82774322 0.82939827 0.83104045 0.83266987 0.83428663 0.83589081 0.83748253 0.83906187 0.84062892 0.8421838 0.84372657 0.84525735 0.84677623 0.84828329 0.84977863 0.85126233 0.8527345 0.85419522 0.85564457 0.85708266
0.75156801 0.75379956 0.75601426 0.75821222 0.76039353 0.76255832 0.76470668 0.76683874 0.76895459 0.77105434 0.77313811 0.775206 0.77725811 0.77929457 0.78131546 0.78332091 0.78531102 0.78728589 0.78924563 0.79119035 0.79312015 0.79503514 0.79693543 0.79882112 0.80069231 0.80254911 0.80439162 0.80621995 0.80803419 0.80983446 0.81162085 0.81339347 0.81515241 0.81689778 0.81862968 0.8203482 0.82205346 0.82374554 0.82542454 0.82709057 0.82874372 0.83038409 0.83201177 0.83362686 0.83522945 0.83681965 0.83839754 0.83996322 0.84151678 0.84305832 0.84458793 0.84610569 0.8476117 0.84910606 0.85058884 0.85206014 0.85352006 0.85496867 0.85640606
0.75108209 0.7533072 0.75551562 0.75770744 0.75988278 0.76204174 0.76418442 0.76631093 0.76842138 0.77051587 0.77259451 0.77465741 0.77670466 0.77873638 0.78075267 0.78275364 0.78473939 0.78671003 0.78866565 0.79060637 0.79253229 0.79444351 0.79634013 0.79822226 0.80009001 0.80194346 0.80378273 0.80560792 0.80741913 0.80921645 0.811 0.81276987 0.81452615 0.81626895 0.81799837 0.81971451 0.82141746 0.82310732 0.82478419 0.82644816 0.82809933 0.8297378 0.83136367 0.83297701 0.83457794 0.83616654 0.83774291 0.83930713 0.84085931 0.84239953 0.84392788 0.84544446 0.84694935 0.84844265 0.84992444 0.8513948 0.85285384 0.85430163 0.85573826
0.75060957 0.75282816 0.75503021 0.75721582 0.7593851 0.76153814 0.76367505 0.76579594 0.7679009 0.76999004 0.77206347 0.77412129 0.7761636 0.77819051 0.78020211 0.78219852 0.78417982 0.78614614 0.78809756 0.7900342 0.79195614 0.79386351 0.79575638 0.79763488 0.79949909 0.80134912 0.80318507 0.80500704 0.80681513 0.80860943 0.81039005 0.81215708 0.81391063 0.81565078 0.81737764 0.81909131 0.82079188 0.82247944 0.82415409 0.82581593 0.82746505 0.82910155 0.83072551 0.83233704 0.83393622 0.83552315 0.83709791 0.83866061 0.84021133 0.84175015 0.84327718 0.8447925 0.8462962 0.84778836 0.84926908 0.85073843 0.85219652 0.85364342 0.85507922
0.75015031 0.7523623 0.75455791 0.75673722 0.75890036 0.7610474 0.76317846 0.76529364 0.76739304 0.76947675 0.77154489 0.77359755 0.77563484 0.77765684 0.77966368 0.78165543 0.78363222 0.78559413 0.78754127 0.78947374 0.79139164 0.79329506 0.79518411 0.79705889 0.79891949 0.80076601 0.80259856 0.80441723 0.80622211 0.80801331 0.80979092 0.81155504 0.81330577 0.8150432 0.81676742 0.81847854 0.82017664 0.82186183 0.82353419 0.82519382 0.82684081 0.82847525 0.83009724 0.83170687 0.83330423 0.83488941 0.8364625 0.8380236 0.83957278 0.84111014 0.84263577 0.84414975 0.84565218 0.84714314 0.84862272 0.85009099 0.85154806 0.852994 0.8544289
0.74970419 0.75190951 0.75409859 0.75627153 0.75842844 0.76056941 0.76269454 0.76480393 0.76689768 0.76897589 0.77103866 0.77308608 0.77511825 0.77713528 0.77913726 0.7811243 0.78309648 0.78505391 0.78699669 0.78892491 0.79083867 0.79273808 0.79462322 0.7964942 0.79835111 0.80019404 0.80202311 0.8038384 0.80564 0.80742802 0.80920255 0.81096368 0.81271151 0.81444613 0.81616764 0.81787613 0.8195717 0.82125443 0.82292442 0.82458176 0.82622654 0.82785886 0.82947881 0.83108646 0.83268193 0.83426529 0.83583663 0.83739604 0.83894362 0.84047944 0.8420036 0.84351618 0.84501727 0.84650695 0.84798531 0.84945244 0.85090842 0.85235332 0.85378725
0.74927109 0.75146964 0.75365212 0.75581862 0.75796923 0.76010404 0.76222317 0.7643267 0.76641472 0.76848734 0.77054466 0.77258676 0.77461375 0.77662572 0.77862278 0.780605 0.7825725 0.78452537 0.78646371 0.78838761 0.79029716 0.79219247 0.79407362 0.79594072 0.79779387 0.79963314 0.80145865 0.80327047 0.80506872 0.80685348 0.80862485 0.81038291 0.81212777 0.81385951 0.81557823 0.81728402 0.81897697 0.82065717 0.82232471 0.82397969 0.8256222 0.82725232 0.82887014 0.83047575 0.83206924 0.83365071 0.83522023 0.83677789 0.83832379 0.839858 0.84138062 0.84289172 0.8443914 0.84587974 0.84735682 0.84882272 0.85027754 0.85172135 0.85315423
0.74885086 0.75104258 0.75321839 0.75537836 0.7575226 0.75965119 0.76176423 0.76386182 0.76594404 0.768011 0.77006279 0.7720995 0.77412123 0.77612807 0.77812011 0.78009746 0.7820602 0.78400843 0.78594225 0.78786174 0.78976701 0.79165814 0.79353524 0.79539839 0.79724768 0.79908322 0.80090509 0.80271338 0.80450819 0.80628962 0.80805775 0.80981267 0.81155448 0.81328326 0.81499912 0.81670213 0.81839239 0.82006999 0.82173502 0.82338756 0.82502771 0.82665555 0.82827118 0.82987468 0.83146613 0.83304563 0.83461325 0.8361691 0.83771324 0.83924577 0.84076678 0.84227633 0.84377453 0.84526146 0.84673719 0.8482018 0.84965539 0.85109803 0.85252981
0.74844338 0.75062821 0.75279726 0.75495064 0.75708843 0.75921072 0.7613176 0.76340918 0.76548553 0.76754675 0.76959294 0.77162418 0.77364057 0.7756422 0.77762917 0.77960156 0.78155947 0.78350299 0.78543221 0.78734723 0.78924813 0.79113502 0.79300798 0.7948671 0.79671247 0.79854419 0.80036235 0.80216704 0.80395834 0.80573636 0.80750117 0.80925288 0.81099157 0.81271732 0.81443024 0.8161304 0.8178179 0.81949282 0.82115526 0.82280529 0.82444302 0.82606851 0.82768187 0.82928318 0.83087252 0.83244998 0.83401564 0.8355696 0.83711192 0.8386427 0.84016202 0.84166997 0.84316662 0.84465206 0.84612637 0.84758963 0.84904192 0.85048333 0.85191393
0.74804852 0.75022638 0.75238862 0.75453533 0.7566666 0.75878252 0.76088318 0.76296867 0.76503907 0.76709449 0.769135 0.7711607 0.77317168 0.77516803 0.77714985 0.77911721 0.78107021 0.78300894 0.7849335 0.78684397 0.78874044 0.790623 0.79249175 0.79434677 0.79618815 0.79801598 0.79983035 0.80163136 0.80341908 0.80519362 0.80695505 0.80870347 0.81043896 0.81216161 0.81387152 0.81556876 0.81725342 0.8189256 0.82058537 0.82223283 0.82386806 0.82549114 0.82710216 0.82870121 0.83028837 0.83186372 0.83342735 0.83497934 0.83651978 0.83804874 0.83956631 0.84107257 0.84256761 0.8440515 0.84552432 0.84698616 0.84843709 0.8498772 0.85130656
0.74766616 0.74983698 0.75199233 0.75413231 0.75625699 0.75836647 0.76046084 0.76254017 0.76460456 0.76665409 0.76868886 0.77070896 0.77271446 0.77470546 0.77668204 0.7786443 0.78059233 0.78252621 0.78444602 0.78635187 0.78824383 0.790122 0.79198647 0.79383731 0.79567463 0.7974985 0.79930902 0.80110627 0.80289034 0.80466132 0.8064193 0.80816436 0.80989658 0.81161606 0.81332288 0.81501713 0.81669889 0.81836825 0.82002529 0.8216701 0.82330276 0.82492336 0.82653198 0.8281287 0.82971361 0.83128678 0.83284831 0.83439827 0.83593675 0.83746383 0.83897958 0.8404841 0.84197745 0.84345972 0.844931 0.84639135 0.84784085 0.84927959 0.85070765
0.74729616 0.74945987 0.75160828 0.75374145 0.75585949 0.75796246 0.76005046 0.76212357 0.76418188 0.76622547 0.76825442 0.77026883 0.77226879 0.77425437 0.77622566 0.77818275 0.78012573 0.78205468 0.78396968 0.78587084 0.78775823 0.78963193 0.79149204 0.79333864 0.79517182 0.79699167 0.79879826 0.80059169 0.80237204 0.8041394 0.80589385 0.80763547 0.80936437 0.8110806 0.81278427 0.81447546 0.81615425 0.81782072 0.81947496 0.82111705 0.82274708 0.82436512 0.82597126 0.82756559 0.82914818 0.83071911 0.83227847 0.83382634 0.8353628 0.83688792 0.83840179 0.83990449 0.8413961 0.84287669 0.84434634 0.84580514 0.84725316 0.84869047 0.85011715
0.74693839 0.74909494 0.75123633 0.75336265 0.75547396 0.75757036 0.75965193 0.76171876 0.76377091 0.76580849 0.76783157 0.76984023 0.77183457 0.77381466 0.77578059 0.77773244 0.7796703 0.78159426 0.78350439 0.78540078 0.78728353 0.7891527 0.79100839 0.79285068 0.79467965 0.7964954 0.798298 0.80008753 0.80186409 0.80362776 0.80537862 0.80711675 0.80884223 0.81055516 0.81225561 0.81394367 0.81561941 0.81728293 0.8189343 0.82057361 0.82220093 0.82381636 0.82541996 0.82701182 0.82859203 0.83016065 0.83171778 0.83326349 0.83479785 0.83632096 0.83783288 0.8393337 0.8408235 0.84230234 0.84377032 0.84522749 0.84667396 0.84810978 0.84953503
0.74659274 0.74874206 0.75087638 0.75299576 0.7551003 0.75719006 0.75926514 0.76132561 0.76337155 0.76540305 0.76742019 0.76942304 0.77141169 0.77338623 0.77534673 0.77729328 0.77922596 0.78114485 0.78305004 0.78494161 0.78681964 0.78868421 0.79053541 0.79237333 0.79419803 0.79600961 0.79780815 0.79959372 0.80136643 0.80312633 0.80487353 0.80660809 0.80833011 0.81003966 0.81173682 0.81342169 0.81509432 0.81675482 0.81840326 0.82003971 0.82166427 0.82327701 0.824878 0.82646734 0.82804509 0.82961134 0.83116617 0.83270965 0.83424187 0.83576289 0.8372728 0.83877168 0.8402596 0.84173663 0.84320286 0.84465836 0.84610321 0.84753747 0.84896124
0.74625906 0.7484011 0.75052828 0.75264068 0.75473837 0.75682144 0.75888997 0.76094402 0.76298369 0.76500905 0.76702018 0.76901715 0.77100006 0.77296898 0.77492399 0.77686517 0.77879261 0.78070637 0.78260655 0.78449323 0.78636648 0.78822639 0.79007304 0.7919065 0.79372687 0.79553422 0.79732863 0.79911018 0.80087896 0.80263504 0.80437851 0.80610944 0.80782792 0.80953403 0.81122784 0.81290944 0.81457891 0.81623632 0.81788176 0.8195153 0.82113702 0.82274701 0.82434533 0.82593207 0.82750731 0.82907113 0.83062359 0.83216478 0.83369478 0.83521366 0.8367215 0.83821837 0.83970435 0.84117951 0.84264394 0.8440977 0.84554087 0.84697352 0.84839572
0.74593724 0.74807193 0.75019192 0.75229728 0.75438807 0.75646439 0.7585263 0.76057388 0.76260721 0.76462637 0.76663143 0.76862247 0.77059957 0.77256281 0.77451226 0.77644801 0.77837013 0.78027871 0.78217382 0.78405554 0.78592395 0.78777913 0.78962116 0.79145012 0.79326608 0.79506914 0.79685935 0.79863682 0.80040161 0.8021538 0.80389348 0.80562072 0.8073356 0.8090382 0.8107286 0.81240687 0.8140731 0.81572736 0.81736973 0.81900029 0.82061912 0.82222629 0.82382188 0.82540597 0.82697863 0.82853995 0.83008999 0.83162883 0.83315655 0.83467322 0.83617892 0.83767372 0.8391577 0.84063093 0.84209349 0.84354545 0.84498688 0.84641785 0.84783844
0.74562714 0.74775444 0.74986718 0.75196543 0.75404928 0.75611878 0.75817402 0.76021507 0.762242 0.7642549 0.76625383 0.76823887 0.7702101 0.7721676 0.77411144 0.7760417 0.77795845 0.77986178 0.78175175 0.78362845 0.78549196 0.78734235 0.7891797 0.79100409 0.79281559 0.79461428 0.79640025 0.79817356 0.7999343 0.80168254 0.80341836 0.80514184 0.80685306 0.80855209 0.81023901 0.8119139 0.81357682 0.81522787 0.81686712 0.81849464 0.82011051 0.8217148 0.8233076 0.82488897 0.82645899 0.82801774 0.82956529 0.83110172 0.8326271 0.8341415 0.83564501 0.83713768 0.8386196 0.84009084 0.84155147 0.84300157 0.8444412 0.84587044 0.84728935
0.74532865 0.7474485 0.74955393 0.75164503 0.75372186 0.7557845 0.75783301 0.75986747 0.76188795 0.76389453 0.76588727 0.76786626 0.76983157 0.77178327 0.77372143 0.77564614 0.77755746 0.77945547 0.78134025 0.78321188 0.78507042 0.78691596 0.78874857 0.79056832 0.7923753 0.79416957 0.79595122 0.79772032 0.79947695 0.80122118 0.80295308 0.80467274 0.80638024 0.80807563 0.80975901 0.81143045 0.81309002 0.81473779 0.81637385 0.81799827 0.81961112 0.82121247 0.82280241 0.824381 0.82594832 0.82750445 0.82904946 0.83058341 0.83210639 0.83361846 0.83511971 0.8366102 0.83809 0.83955919 0.84101783 0.842466 0.84390378 0.84533122 0.84674841
0.74504163 0.74715397 0.74925206 0.75133595 0.75340571 0.75546143 0.75750315 0.75953097 0.76154495 0.76354515 0.76553165 0.76750453 0.76946385 0.7714097 0.77334213 0.77526122 0.77716706 0.7790597 0.78093923 0.78280572 0.78465924 0.78649987 0.78832767 0.79014273 0.79194513 0.79373492 0.7955122 0.79727702 0.79902948 0.80076963 0.80249756 0.80421334 0.80591705 0.80760875 0.80928853 0.81095646 0.8126126 0.81425705 0.81588986 0.81751111 0.81912088 0.82071924 0.82230626 0.82388201 0.82544657 0.82700002 0.82854242 0.83007384 0.83159436 0.83310405 0.83460297 0.83609121 0.83756884 0.83903591 0.84049252 0.84193871 0.84337457 0.84480016 0.84621556
0.74476596 0.74687075 0.74896143 0.75103806 0.75310071 0.75514945 0.75718435 0.75920547 0.76121288 0.76320665 0.76518686 0.76715357 0.76910686 0.77104679 0.77297343 0.77488686 0.77678715 0.77867437 0.78054859 0.78240988 0.78425832 0.78609398 0.78791693 0.78972724 0.79152499 0.79331024 0.79508308 0.79684358 0.7985918 0.80032782 0.80205172 0.80376356 0.80546342 0.80715138 0.8088275 0.81049185 0.81214452 0.81378557 0.81541507 0.8170331 0.81863973 0.82023503 0.82181908 0.82339193 0.82495368 0.82650438 0.82804411 0.82957295 0.83109095 0.83259819 0.83409474 0.83558068 0.83705607 0.83852098 0.83997548 0.84141964 0.84285352 0.84427721 0.84569076
0.74450151 0.7465987 0.74868193 0.75075125 0.75280674 0.75484845 0.75687647 0.75889084 0.76089164 0.76287893 0.76485279 0.76681329 0.76876048 0.77069444 0.77261524 0.77452295 0.77641764 0.77829938 0.78016823 0.78202427 0.78386758 0.78569821 0.78751624 0.78932175 0.7911148 0.79289546 0.79466381 0.79641991 0.79816384 0.79989568 0.80161548 0.80332333 0.80501929 0.80670343 0.80837583 0.81003656 0.81168569 0.81332329 0.81494942 0.81656417 0.81816761 0.81975979 0.8213408 0.82291071 0.82446958 0.82601748 0.82755449 0.82908068 0.8305961 0.83210084 0.83359497 0.83507854 0.83655164 0.83801432 0.83946666 0.84090873 0.84234059 0.84376231 0.84517396
