Cobbity3/QGIS/1mHCPcon.asc
NCOLS 800
NROWS 450
XLLCORNER 150.66
YLLCORNER -34.028
CELLSIZE 1e-05
NODATA_VALUE -9999
[rows 390 to 415 of 450, columns 590 to 648 of 800]
0.94846005 0.94929305 0.95011895 0.95093783 0.95174976 0.95255479 0.95335298 0.9541444 0.95492912 0.95570719 0.95647867 0.95724362 0.9580021 0.95875418 0.9594999 0.96023933 0.96097252 0.96169954 0.96242042 0.96313524 0.96384404 0.96454688 0.96524382 0.9659349 0.96662018 0.96729971 0.96797354 0.96864173 0.96930431 0.96996136 0.97061291 0.97125901 0.97189971 0.97253506 0.97316511 0.9737899 0.97440948 0.97502391 0.97563321 0.97623744 0.97683665 0.97743088 0.97802016 0.97860456 0.9791841 0.97975884 0.98032881 0.98089405 0.98145462 0.98201054 0.98256186 0.98310863 0.98365087 0.98418864 0.98472196 0.98525089 0.98577545 0.98629568 0.98681163
0.94764816 0.94848396 0.94931266 0.95013434 0.95094906 0.95175689 0.95255788 0.9533521 0.95413961 0.95492047 0.95569474 0.95646248 0.95722375 0.95797861 0.95872711 0.95946932 0.96020529 0.96093508 0.96165873 0.96237632 0.96308788 0.96379349 0.96449318 0.96518701 0.96587504 0.96655731 0.96723388 0.96790481 0.96857013 0.9692299 0.96988417 0.97053298 0.9711764 0.97181445 0.9724472 0.97307469 0.97369697 0.97431407 0.97492605 0.97553296 0.97613484 0.97673172 0.97732367 0.97791071 0.97849289 0.97907027 0.97964287 0.98021074 0.98077392 0.98133245 0.98188638 0.98243574 0.98298058 0.98352093 0.98405683 0.98458832 0.98511545 0.98563824 0.98615673
0.94684153 0.94768007 0.94851152 0.94933595 0.95015342 0.95096399 0.95176772 0.95256469 0.95335494 0.95413855 0.95491556 0.95568604 0.95645005 0.95720765 0.95795889 0.95870383 0.95944253 0.96017505 0.96090143 0.96162174 0.96233602 0.96304434 0.96374675 0.96444329 0.96513403 0.965819 0.96649827 0.96717189 0.9678399 0.96850236 0.96915931 0.9698108 0.97045689 0.97109762 0.97173303 0.97236318 0.9729881 0.97360786 0.97422248 0.97483203 0.97543653 0.97603605 0.97663061 0.97722027 0.97780506 0.97838504 0.97896023 0.97953069 0.98009646 0.98065757 0.98121407 0.981766 0.9823134 0.9828563 0.98339475 0.98392878 0.98445844 0.98498375 0.98550477
0.94604017 0.9468814 0.94771555 0.94854267 0.94936283 0.9501761 0.95098253 0.95178219 0.95257514 0.95336144 0.95414114 0.95491432 0.95568102 0.95644131 0.95719524 0.95794287 0.95868426 0.95941946 0.96014852 0.96087151 0.96158847 0.96229946 0.96300454 0.96370375 0.96439715 0.96508479 0.96576672 0.96644299 0.96711365 0.96777876 0.96843835 0.96909249 0.96974121 0.97038456 0.9710226 0.97165537 0.97228291 0.97290528 0.97352251 0.97413466 0.97474176 0.97534386 0.97594101 0.97653325 0.97712062 0.97770316 0.97828092 0.97885394 0.97942226 0.97998592 0.98054496 0.98109942 0.98164934 0.98219477 0.98273573 0.98327227 0.98380443 0.98433224 0.98485575
0.94524409 0.94608796 0.94692474 0.94775451 0.94857731 0.94939322 0.9502023 0.95100461 0.9518002 0.95258915 0.9533715 0.95414733 0.95491667 0.95567961 0.95643618 0.95718645 0.95793048 0.95866832 0.95940002 0.96012564 0.96084524 0.96155886 0.96226657 0.96296841 0.96366443 0.96435469 0.96503923 0.96571812 0.96639139 0.9670591 0.9677213 0.96837804 0.96902935 0.9696753 0.97031593 0.97095128 0.9715814 0.97220634 0.97282615 0.97344086 0.97405052 0.97465518 0.97525488 0.97584966 0.97643957 0.97702465 0.97760494 0.97818049 0.97875133 0.9793175 0.97987905 0.98043601 0.98098843 0.98153634 0.98207979 0.98261881 0.98315344 0.98368372 0.98420969
0.94445329 0.94529975 0.94613912 0.94697147 0.94779687 0.94861538 0.94942705 0.95023196 0.95103015 0.95182169 0.95260664 0.95338507 0.95415701 0.95492254 0.95568171 0.95643458 0.95718121 0.95792164 0.95865593 0.95938415 0.96010633 0.96082255 0.96153284 0.96223726 0.96293587 0.9636287 0.96431583 0.96499729 0.96567313 0.96634341 0.96700817 0.96766747 0.96832134 0.96896984 0.96961302 0.97025092 0.97088358 0.97151106 0.9721334 0.97275064 0.97336283 0.97397001 0.97457223 0.97516952 0.97576194 0.97634952 0.97693231 0.97751035 0.97808367 0.97865232 0.97921635 0.97977578 0.98033067 0.98088104 0.98142694 0.98196841 0.98250548 0.9830382 0.9835666
0.94366778 0.94451677 0.94535868 0.94619358 0.94702152 0.94784257 0.94865679 0.94946424 0.95026498 0.95105908 0.95184658 0.95262755 0.95340205 0.95417013 0.95493185 0.95568727 0.95643645 0.95717943 0.95791627 0.95864704 0.95937177 0.96009053 0.96080336 0.96151033 0.96221147 0.96290685 0.96359651 0.9642805 0.96495888 0.96563169 0.96629897 0.96696079 0.96761719 0.9682682 0.96891389 0.9695543 0.97018947 0.97081945 0.97144429 0.97206402 0.9726787 0.97328837 0.97389307 0.97449284 0.97508773 0.97567778 0.97626303 0.97684353 0.9774193 0.97799041 0.97855688 0.97911875 0.97967607 0.98022887 0.98077719 0.98132108 0.98186057 0.98239569 0.98292649
0.94288757 0.94373905 0.94458344 0.94542083 0.94625126 0.9470748 0.94789152 0.94870147 0.94950471 0.95030131 0.95109131 0.95187479 0.95265179 0.95342238 0.95418661 0.95494453 0.95569621 0.9564417 0.95718105 0.95791432 0.95864156 0.95936282 0.96007815 0.96078762 0.96149126 0.96218914 0.96288129 0.96356778 0.96424865 0.96492394 0.96559372 0.96625802 0.96691689 0.96757039 0.96821856 0.96886144 0.96949908 0.97013152 0.97075882 0.97138101 0.97199815 0.97261027 0.97321741 0.97381963 0.97441696 0.97500944 0.97559712 0.97618004 0.97675824 0.97733176 0.97790064 0.97846492 0.97902464 0.97957984 0.98013056 0.98067683 0.9812187 0.9817562 0.98228937
0.94211267 0.94296657 0.9438134 0.94465323 0.9454861 0.94631209 0.94713125 0.94794365 0.94874934 0.94954839 0.95034085 0.95112679 0.95190625 0.95267929 0.95344598 0.95420637 0.95496051 0.95570846 0.95645027 0.957186 0.9579157 0.95863942 0.95935722 0.96006914 0.96077524 0.96147557 0.96217018 0.96285912 0.96354244 0.96422019 0.96489241 0.96555916 0.96622048 0.96687641 0.96752702 0.96817233 0.9688124 0.96944728 0.970077 0.97070162 0.97132118 0.97193571 0.97254527 0.97314989 0.97374963 0.97434451 0.97493459 0.9755199 0.97610049 0.9766764 0.97724766 0.97781431 0.9783764 0.97893397 0.97948705 0.98003568 0.9805799 0.98111974 0.98165526
0.94134307 0.94219936 0.94304857 0.94389078 0.94472605 0.94555443 0.94637599 0.94719079 0.94799889 0.94880034 0.94959521 0.95038355 0.95116543 0.95194089 0.95270999 0.95347279 0.95422935 0.95497972 0.95572395 0.95646209 0.95719421 0.95792035 0.95864056 0.9593549 0.96006342 0.96076617 0.96146319 0.96215455 0.96284028 0.96352043 0.96419507 0.96486422 0.96552794 0.96618628 0.96683929 0.967487 0.96812947 0.96876674 0.96939885 0.97002586 0.9706478 0.97126471 0.97187665 0.97248365 0.97308575 0.97368301 0.97427545 0.97486312 0.97544606 0.97602432 0.97659793 0.97716693 0.97773136 0.97829126 0.97884667 0.97939763 0.97994417 0.98048633 0.98102416
0.9405788 0.94143741 0.94228895 0.9431335 0.94397111 0.94480183 0.94562574 0.94644289 0.94725335 0.94805716 0.94885439 0.9496451 0.95042933 0.95120716 0.95197864 0.95274381 0.95350274 0.95425548 0.95500208 0.9557426 0.9564771 0.95720561 0.9579282 0.95864492 0.95935581 0.96006093 0.96076033 0.96145406 0.96214216 0.96282469 0.96350169 0.96417321 0.9648393 0.96550001 0.96615538 0.96680545 0.96745028 0.96808991 0.96872438 0.96935373 0.96997802 0.97059728 0.97121156 0.9718209 0.97242534 0.97302493 0.9736197 0.9742097 0.97479497 0.97537555 0.97595147 0.97652279 0.97708952 0.97765173 0.97820944 0.97876269 0.97931153 0.97985598 0.98039608
0.93981984 0.94068072 0.94153455 0.94238138 0.94322128 0.94405431 0.94488052 0.94569997 0.94651273 0.94731885 0.9481184 0.94891142 0.94969798 0.95047813 0.95125193 0.95201943 0.95278068 0.95353575 0.95428469 0.95502754 0.95576437 0.95649521 0.95722014 0.95793919 0.95865242 0.95935987 0.96006161 0.96075767 0.9614481 0.96213296 0.96281229 0.96348615 0.96415457 0.9648176 0.96547529 0.96612769 0.96677484 0.96741679 0.96805358 0.96868525 0.96931185 0.96993343 0.97055002 0.97116166 0.97176841 0.9723703 0.97296737 0.97355966 0.97414722 0.97473009 0.9753083 0.97588189 0.97645091 0.97701539 0.97757537 0.97813088 0.97868198 0.97922869 0.97977105
0.93906621 0.93992932 0.94078537 0.94163444 0.94247658 0.94331185 0.94414031 0.94496202 0.94577704 0.94658543 0.94738724 0.94818253 0.94897137 0.94975379 0.95052987 0.95129965 0.95206319 0.95282055 0.95357177 0.95431691 0.95505603 0.95578917 0.95651638 0.95723772 0.95795325 0.958663 0.95936702 0.96006538 0.96075811 0.96144526 0.96212689 0.96280303 0.96347374 0.96413907 0.96479905 0.96545374 0.96610317 0.96674741 0.96738648 0.96802043 0.96864931 0.96927316 0.96989203 0.97050595 0.97111496 0.97171912 0.97231845 0.97291301 0.97350283 0.97408795 0.97466841 0.97524425 0.97581552 0.97638224 0.97694446 0.97750221 0.97805554 0.97860447 0.97914906
0.9383179 0.93918318 0.94004142 0.94089268 0.94173701 0.94257448 0.94340514 0.94422906 0.94504629 0.94585689 0.94666092 0.94745844 0.9482495 0.94903416 0.94981247 0.95058449 0.95135027 0.95210987 0.95286333 0.95361072 0.95435208 0.95508747 0.95581694 0.95654053 0.95725831 0.95797031 0.95867659 0.9593772 0.96007218 0.96076159 0.96144547 0.96212387 0.96279684 0.96346441 0.96412665 0.96478359 0.96543527 0.96608176 0.96672307 0.96735927 0.9679904 0.96861649 0.9692376 0.96985376 0.97046501 0.9710714 0.97167296 0.97226975 0.9728618 0.97344914 0.97403182 0.97460988 0.97518336 0.97575229 0.97631672 0.97687668 0.97743221 0.97798334 0.97853012
0.93757492 0.93844233 0.9393027 0.94015609 0.94100257 0.94184218 0.942675 0.94350108 0.94432047 0.94513325 0.94593945 0.94673915 0.94753239 0.94831923 0.94909973 0.94987394 0.95064192 0.95140372 0.95215938 0.95290897 0.95365254 0.95439014 0.95512182 0.95584762 0.95656761 0.95728182 0.95799032 0.95869314 0.95939034 0.96008197 0.96076806 0.96144868 0.96212386 0.96279365 0.9634581 0.96411725 0.96477116 0.96541985 0.96606338 0.96670179 0.96733513 0.96796343 0.96858674 0.9692051 0.96981856 0.97042715 0.97103091 0.9716299 0.97222413 0.97281367 0.97339854 0.97397879 0.97455445 0.97512557 0.97569217 0.97625431 0.97681201 0.97736531 0.97791425
0.93683728 0.93770676 0.93856921 0.93942469 0.94027326 0.94111497 0.9419499 0.94277809 0.9435996 0.9444145 0.94522283 0.94602466 0.94682004 0.94760902 0.94839166 0.94916802 0.94993815 0.9507021 0.95145993 0.95221168 0.95295741 0.95369718 0.95443102 0.955159 0.95588115 0.95659754 0.95730821 0.95801321 0.95871259 0.95940639 0.96009466 0.96077746 0.96145481 0.96212679 0.96279341 0.96345475 0.96411083 0.9647617 0.9654074 0.96604799 0.9666835 0.96731397 0.96793946 0.96855999 0.96917562 0.96978637 0.97039231 0.97099345 0.97158985 0.97218155 0.97276858 0.97335098 0.9739288 0.97450206 0.97507081 0.97563509 0.97619494 0.97675038 0.97730146
0.93610498 0.93697648 0.93784096 0.93869847 0.93954909 0.94039285 0.94122984 0.94206009 0.94288367 0.94370064 0.94451106 0.94531497 0.94611244 0.94690352 0.94768827 0.94846673 0.94923897 0.95000503 0.95076497 0.95151885 0.9522667 0.95300859 0.95374456 0.95447466 0.95519895 0.95591747 0.95663028 0.95733741 0.95803893 0.95873487 0.95942528 0.96011021 0.96078971 0.96146383 0.9621326 0.96279607 0.96345429 0.9641073 0.96475515 0.96539788 0.96603553 0.96666814 0.96729576 0.96791843 0.9685362 0.96914909 0.96975715 0.97036043 0.97095896 0.97155279 0.97214194 0.97272647 0.97330641 0.97388179 0.97445266 0.97501905 0.97558101 0.97613856 0.97669175
0.93537801 0.93625148 0.93711794 0.93797745 0.93883005 0.93967582 0.94051482 0.94134709 0.9421727 0.9429917 0.94380415 0.9446101 0.94540962 0.94620275 0.94698955 0.94777008 0.94854438 0.94931251 0.95007452 0.95083047 0.95158041 0.95232438 0.95306243 0.95379462 0.954521 0.95524162 0.95595652 0.95666575 0.95736936 0.9580674 0.95875992 0.95944696 0.96012856 0.96080478 0.96147565 0.96214123 0.96280156 0.96345668 0.96410663 0.96475146 0.96539122 0.96602594 0.96665566 0.96728044 0.9679003 0.9685153 0.96912546 0.96973084 0.97033147 0.97092739 0.97151864 0.97210526 0.97268728 0.97326476 0.97383772 0.97440619 0.97497023 0.97552986 0.97608513
0.93465637 0.93553177 0.93640016 0.93726161 0.93811616 0.93896389 0.93980484 0.94063908 0.94146667 0.94228765 0.94310209 0.94391005 0.94471156 0.9455067 0.94629552 0.94707806 0.94785438 0.94862454 0.94938858 0.95014657 0.95089854 0.95164455 0.95238465 0.95311889 0.95384732 0.95456999 0.95528694 0.95599824 0.95670391 0.95740401 0.95809859 0.95878769 0.95947136 0.96014965 0.96082259 0.96149024 0.96215263 0.96280982 0.96346185 0.96410875 0.96475058 0.96538737 0.96601916 0.96664601 0.96726794 0.967885 0.96849724 0.96910468 0.96970738 0.97030536 0.97089867 0.97148736 0.97207144 0.97265098 0.97322599 0.97379652 0.97436261 0.97492429 0.97548161
0.93394008 0.93481735 0.93568762 0.93655096 0.93740741 0.93825705 0.93909992 0.93993608 0.9407656 0.94158852 0.9424049 0.94321481 0.94401828 0.94481538 0.94560616 0.94639068 0.94716898 0.94794112 0.94870716 0.94946713 0.9502211 0.95096911 0.95171121 0.95244746 0.9531779 0.95390259 0.95462156 0.95533487 0.95604256 0.95674469 0.95744129 0.95813242 0.95881812 0.95949844 0.96017341 0.9608431 0.96150753 0.96216675 0.96282081 0.96346975 0.96411361 0.96475244 0.96538627 0.96601515 0.96663912 0.96725822 0.96787249 0.96848197 0.9690867 0.96968671 0.97028206 0.97087277 0.97145889 0.97204045 0.97261749 0.97319005 0.97375816 0.97432186 0.97488119
0.93322912 0.93410821 0.93498032 0.9358455 0.93670381 0.9375553 0.93840004 0.93923808 0.94006948 0.94089429 0.94171258 0.94252439 0.94332977 0.94412879 0.9449215 0.94570794 0.94648818 0.94726227 0.94803024 0.94879217 0.94954809 0.95029806 0.95104213 0.95178035 0.95251276 0.95323942 0.95396037 0.95467566 0.95538533 0.95608945 0.95678804 0.95748116 0.95816885 0.95885116 0.95952813 0.96019981 0.96086624 0.96152746 0.96218352 0.96283447 0.96348033 0.96412116 0.964757 0.96538788 0.96601385 0.96663495 0.96725122 0.96786271 0.96846944 0.96907145 0.9696688 0.97026151 0.97084963 0.97143319 0.97201222 0.97258677 0.97315688 0.97372258 0.9742839
0.9325235 0.93340437 0.93427826 0.93514523 0.93600534 0.93685865 0.93770521 0.93854508 0.93937832 0.94020498 0.94102512 0.94183879 0.94264604 0.94344694 0.94424152 0.94502986 0.94581199 0.94658797 0.94735785 0.94812169 0.94887952 0.94963141 0.9503774 0.95111755 0.95185189 0.95258048 0.95330337 0.9540206 0.95473223 0.95543829 0.95613883 0.9568339 0.95752355 0.95820782 0.95888675 0.95956039 0.96022878 0.96089197 0.96155 0.9622029 0.96285074 0.96349353 0.96413134 0.96476419 0.96539213 0.96601521 0.96663345 0.9672469 0.9678556 0.96845959 0.9690589 0.96965358 0.97024367 0.97082919 0.9714102 0.97198671 0.97255878 0.97312644 0.97368972
0.93182321 0.93270581 0.93358144 0.93445016 0.93531202 0.9361671 0.93701543 0.93785709 0.93869212 0.93952058 0.94034253 0.94115801 0.94196709 0.94276981 0.94356624 0.94435642 0.9451404 0.94591824 0.94668998 0.94745568 0.94821539 0.94896916 0.94971704 0.95045907 0.9511953 0.95192579 0.95265058 0.95336971 0.95408324 0.95479121 0.95549367 0.95619066 0.95688222 0.95756841 0.95824927 0.95892483 0.95959515 0.96026027 0.96092023 0.96157507 0.96222484 0.96286957 0.96350931 0.9641441 0.96477398 0.96539899 0.96601917 0.96663456 0.9672452 0.96785112 0.96845238 0.969049 0.96964102 0.97022848 0.97081142 0.97138987 0.97196387 0.97253347 0.97309868
0.93112826 0.93201253 0.93288985 0.93376027 0.93462385 0.93548064 0.9363307 0.9371741 0.93801088 0.93884109 0.9396648 0.94048206 0.94129292 0.94209743 0.94289565 0.94368763 0.94447342 0.94525307 0.94602664 0.94679416 0.94755571 0.94831131 0.94906103 0.94980491 0.950543 0.95127534 0.95200199 0.95272299 0.95343839 0.95414823 0.95485256 0.95555143 0.95624488 0.95693295 0.9576157 0.95829315 0.95896536 0.95963238 0.96029423 0.96095097 0.96160263 0.96224927 0.96289091 0.9635276 0.96415939 0.9647863 0.96540839 0.96602569 0.96663823 0.96724607 0.96784923 0.96844775 0.96904168 0.96963105 0.97021589 0.97079625 0.97137216 0.97194365 0.97251077
0.93043864 0.93132454 0.9322035 0.93307557 0.93394081 0.93479928 0.93565102 0.93649611 0.93733459 0.93816652 0.93899195 0.93981093 0.94062353 0.94142978 0.94222975 0.94302349 0.94381105 0.94459247 0.94536782 0.94613713 0.94690046 0.94765787 0.94840939 0.94915507 0.94989497 0.95062914 0.95135761 0.95208044 0.95279767 0.95350934 0.95421551 0.95491623 0.95561152 0.95630144 0.95698604 0.95766535 0.95833942 0.95900829 0.959672 0.96033061 0.96098414 0.96163264 0.96227615 0.96291471 0.96354837 0.96417716 0.96480112 0.96542029 0.96603471 0.96664442 0.96724946 0.96784986 0.96844566 0.9690369 0.96962363 0.97020586 0.97078365 0.97135702 0.97192601
0.92975435 0.93064183 0.93152238 0.93239606 0.93326291 0.93412301 0.93497639 0.93582312 0.93666326 0.93749685 0.93832396 0.93914463 0.93995891 0.94076687 0.94156855 0.94236401 0.94315329 0.94393644 0.94471353 0.94548458 0.94624967 0.94700883 0.94776211 0.94850957 0.94925124 0.94998718 0.95071744 0.95144206 0.95216108 0.95287455 0.95358253 0.95428504 0.95498215 0.95567388 0.95636029 0.95704142 0.95771731 0.95838801 0.95905355 0.95971399 0.96036935 0.96101968 0.96166503 0.96230543 0.96294093 0.96357156 0.96419736 0.96481837 0.96543464 0.96604619 0.96665307 0.96725532 0.96785297 0.96844606 0.96903463 0.96961871 0.97019834 0.97077356 0.9713444
