Cobbity3/QGIS/1mHCPcon.asc
NCOLS 800
NROWS 450
XLLCORNER 150.66
YLLCORNER -34.028
CELLSIZE 1e-05
NODATA_VALUE -9999
[rows 52 to 77 of 450, columns 59 to 117 of 800]
1.7959986 1.8008826 1.805813 1.8107904 1.8158155 1.8208887 1.8260108 1.8311824 1.8364041 1.8416766 1.8470005 1.8523766 1.8578055 1.863288 1.8688248 1.8744166 1.8800642 1.8857684 1.8915299 1.8973496 1.9032282 1.9091667 1.9151659 1.9212267 1.9273499 1.9335365 1.9397874 1.9461036 1.9524861 1.9589359 1.965454 1.9720415 1.9786994 1.9854289 1.9922311 1.9991072 2.0060583 2.0130857 2.0201907 2.0273745 2.0346384 2.0419839 2.0494123 2.0569251 2.0645237 2.0722096 2.0799845 2.0878498 2.0958073 2.1038587 2.1120057 2.12025 2.1285937 2.1370384 2.1455864 2.1542395 2.1629998 2.1718695 2.1808509
1.7960697 1.8009625 1.8059019 1.8108884 1.8159226 1.8210052 1.8261368 1.831318 1.8365494 1.8418318 1.8471658 1.8525521 1.8579913 1.8634843 1.8690317 1.8746342 1.8802927 1.8860079 1.8917806 1.8976116 1.9035017 1.9094518 1.9154627 1.9215353 1.9276706 1.9338693 1.9401326 1.9464612 1.9528563 1.9593188 1.9658498 1.9724503 1.9791214 1.9858641 1.9926797 1.9995694 2.0065342 2.0135754 2.0206943 2.0278922 2.0351704 2.0425302 2.0499731 2.0575004 2.0651137 2.0728145 2.0806043 2.0884847 2.0964574 2.104524 2.1126864 2.1209463 2.1293055 2.137766 2.1463298 2.1549988 2.1637751 2.172661 2.1816586
1.7960868 1.8009878 1.8059356 1.8109306 1.8159735 1.8210648 1.8262053 1.8313955 1.8366361 1.8419278 1.8472712 1.852667 1.8581159 1.8636187 1.869176 1.8747887 1.8804574 1.8861829 1.8919661 1.8978077 1.9037085 1.9096695 1.9156914 1.9217752 1.9279217 1.9341319 1.9404067 1.946747 1.9531539 1.9596283 1.9661713 1.972784 1.9794674 1.9862226 1.9930507 1.999953 2.0069306 2.0139847 2.0211166 2.0283277 2.0356191 2.0429922 2.0504486 2.0579895 2.0656164 2.073331 2.0811346 2.089029 2.0970157 2.1050965 2.1132731 2.1215473 2.1299209 2.1383959 2.1469741 2.1556578 2.1644488 2.1733494 2.1823618
1.7960497 1.8009584 1.805914 1.810917 1.8159679 1.8210675 1.8262162 1.8314149 1.8366641 1.8419644 1.8473166 1.8527214 1.8581794 1.8636913 1.8692579 1.87488 1.8805582 1.8862935 1.8920864 1.897938 1.9038489 1.90982 1.9158522 1.9219464 1.9281034 1.9343243 1.9406098 1.946961 1.9533789 1.9598645 1.9664187 1.9730427 1.9797375 1.9865043 1.9933441 2.0002582 2.0072476 2.0143138 2.0214578 2.028681 2.0359846 2.0433702 2.050839 2.0583924 2.066032 2.0737592 2.0815756 2.0894829 2.0974825 2.1055763 2.1137659 2.1220532 2.13044 2.1389282 2.1475198 2.1562167 2.1650211 2.1739351 2.1829609
1.7959585 1.8008744 1.8058372 1.8108476 1.815906 1.8210132 1.8261697 1.8313762 1.8366333 1.8419417 1.8473021 1.8527152 1.8581816 1.8637021 1.8692774 1.8749082 1.8805953 1.8863396 1.8921416 1.8980024 1.9039227 1.9099032 1.915945 1.9220489 1.9282157 1.9344464 1.940742 1.9471033 1.9535314 1.9600273 1.966592 1.9732265 1.9799319 1.9867094 1.99356 2.000485 2.0074855 2.0145626 2.0217178 2.0289522 2.0362672 2.0436642 2.0511444 2.0587094 2.0663606 2.0740994 2.0819276 2.0898466 2.097858 2.1059637 2.1141652 2.1224645 2.1308632 2.1393634 2.147967 2.1566759 2.1654923 2.1744184 2.1834562
1.7958131 1.8007356 1.8057052 1.8107223 1.8157877 1.8209019 1.8260656 1.8312793 1.8365438 1.8418597 1.8472277 1.8526485 1.8581227 1.8636511 1.8692344 1.8748733 1.8805687 1.8863212 1.8921318 1.8980011 1.90393 1.9099193 1.9159699 1.9220828 1.9282587 1.9344985 1.9408033 1.947174 1.9536115 1.9601169 1.9666912 1.9733354 1.9800507 1.986838 1.9936986 2.0006336 2.0076442 2.0147315 2.0218969 2.0291417 2.036467 2.0438744 2.0513651 2.0589406 2.0666024 2.0743519 2.0821907 2.0901204 2.0981425 2.1062589 2.1144712 2.1227812 2.1311907 2.1397017 2.148316 2.1570357 2.1658629 2.1747996 2.1838482
1.7956136 1.8005422 1.8055179 1.8105413 1.8156131 1.8207337 1.825904 1.8311244 1.8363957 1.8417184 1.8470934 1.8525212 1.8580026 1.8635383 1.8691289 1.8747754 1.8804783 1.8862385 1.8920568 1.897934 1.9038709 1.9098682 1.915927 1.9220481 1.9282323 1.9344806 1.9407939 1.9471731 1.9536193 1.9601335 1.9667166 1.9733697 1.9800939 1.9868903 1.99376 2.0007041 2.0077239 2.0148205 2.0219953 2.0292494 2.0365842 2.044001 2.0515013 2.0590863 2.0667576 2.0745167 2.0823651 2.0903044 2.0983363 2.1064623 2.1146842 2.1230038 2.1314229 2.1399434 2.1485673 2.1572965 2.1661331 2.1750793 2.1841372
1.7953599 1.800294 1.8052754 1.8103045 1.815382 1.8205086 1.8256848 1.8309114 1.8361888 1.8415179 1.8468992 1.8523335 1.8578214 1.8633637 1.8689611 1.8746144 1.8803243 1.8860915 1.8919169 1.8978012 1.9037454 1.9097501 1.9158163 1.9219449 1.9281367 1.9343927 1.9407137 1.9471008 1.9535549 1.960077 1.9666681 1.9733293 1.9800617 1.9868663 1.9937442 2.0006967 2.0077248 2.0148299 2.0220131 2.0292756 2.0366189 2.0440443 2.0515531 2.0591467 2.0668266 2.0745943 2.0824512 2.0903991 2.0984395 2.106574 2.1148044 2.1231325 2.1315601 2.140089 2.1487212 2.1574587 2.1663035 2.1752577 2.1843236
1.7950521 1.7999912 1.8049776 1.8100119 1.8150947 1.8202266 1.8254082 1.8306402 1.8359233 1.841258 1.8466451 1.8520852 1.8575791 1.8631275 1.868731 1.8743904 1.8801066 1.8858802 1.891712 1.8976028 1.9035536 1.909565 1.9156379 1.9217733 1.927972 1.9342349 1.9405629 1.9469571 1.9534183 1.9599476 1.966546 1.9732145 1.9799542 1.9867661 1.9936515 2.0006114 2.0076471 2.0147597 2.0219504 2.0292206 2.0365714 2.0440044 2.0515208 2.059122 2.0668094 2.0745847 2.0824492 2.0904046 2.0984525 2.1065945 2.1148323 2.1231677 2.1316026 2.1401387 2.148778 2.1575225 2.1663743 2.1753354 2.184408
1.7946901 1.7996337 1.8046246 1.8096635 1.8147509 1.8198876 1.8250741 1.8303111 1.8355991 1.8409389 1.8463312 1.8517766 1.8572758 1.8628295 1.8684385 1.8741035 1.8798253 1.8856046 1.8914422 1.8973389 1.9032955 1.9093129 1.9153919 1.9215334 1.9277382 1.9340073 1.9403416 1.9467421 1.9532097 1.9597454 1.9663503 1.9730253 1.9797715 1.9865901 1.993482 2.0004486 2.0074909 2.0146101 2.0218075 2.0290843 2.0364419 2.0438815 2.0514045 2.0590124 2.0667065 2.0744883 2.0823594 2.0903213 2.0983756 2.1065239 2.1147681 2.1231097 2.1315507 2.1400929 2.1487382 2.1574885 2.166346 2.1753126 2.1843907
1.794274 1.7992215 1.8042164 1.8092593 1.8143509 1.8194918 1.8246826 1.8299239 1.8352163 1.8405607 1.8459575 1.8514075 1.8569114 1.86247 1.8680838 1.8737538 1.8794805 1.8852648 1.8911075 1.8970094 1.9029713 1.908994 1.9150783 1.9212252 1.9274355 1.9337101 1.94005 1.946456 1.9529292 1.9594706 1.9660811 1.9727619 1.9795138 1.9863382 1.9932359 2.0002083 2.0072564 2.0143814 2.0215846 2.0288672 2.0362306 2.0436759 2.0512047 2.0588182 2.0665179 2.0743054 2.082182 2.0901494 2.0982091 2.1063628 2.1146121 2.1229589 2.1314049 2.139952 2.1486021 2.1573571 2.166219 2.17519 2.1842722
1.7938038 1.7987546 1.803753 1.8087994 1.8138946 1.8190391 1.8242336 1.8294787 1.834775 1.8401232 1.845524 1.8509781 1.8564861 1.8620488 1.8676669 1.8733411 1.8790722 1.884861 1.8907081 1.8966145 1.902581 1.9086082 1.9146973 1.9208488 1.9270639 1.9333433 1.939688 1.9460989 1.952577 1.9591233 1.9657387 1.9724244 1.9791813 1.9860106 1.9929134 1.9998907 2.0069437 2.0140737 2.0212819 2.0285694 2.0359376 2.0433878 2.0509214 2.0585397 2.0662441 2.0740362 2.0819174 2.0898892 2.0979533 2.1061113 2.1143648 2.1227157 2.1311656 2.1397165 2.1483702 2.1571286 2.1659939 2.174968 2.1840531
1.7932795 1.7982331 1.8032344 1.8082838 1.813382 1.8185296 1.8237272 1.8289755 1.8342751 1.8396267 1.8450309 1.8504884 1.8559999 1.8615662 1.8671879 1.8728658 1.8786006 1.8843931 1.8902441 1.8961543 1.9021246 1.9081559 1.9142488 1.9204044 1.9266235 1.932907 1.9392558 1.9456708 1.9521531 1.9587035 1.9653232 1.972013 1.9787741 1.9856076 1.9925145 1.999496 2.0065532 2.0136873 2.0208995 2.0281911 2.0355633 2.0430175 2.050555 2.0581771 2.0658853 2.073681 2.0815658 2.0895411 2.0976086 2.1057698 2.1140265 2.1223804 2.1308332 2.1393867 2.1480429 2.1568036 2.165671 2.174647 2.1837338
1.7927011 1.7976571 1.8026607 1.8077125 1.8128132 1.8179633 1.8231635 1.8284144 1.8337167 1.839071 1.8444781 1.8499384 1.8554529 1.8610221 1.8666468 1.8723277 1.8780656 1.8838612 1.8897154 1.8956288 1.9016024 1.9076369 1.9137332 1.9198921 1.9261145 1.9324014 1.9387536 1.945172 1.9516577 1.9582116 1.9648346 1.9715279 1.9782924 1.9851293 1.9920396 1.9990244 2.0060849 2.0132223 2.0204378 2.0277326 2.035108 2.0425652 2.0501057 2.0577307 2.0654418 2.0732402 2.0811276 2.0891055 2.0971753 2.1053388 2.1135976 2.1219534 2.130408 2.1389631 2.1476207 2.1563826 2.1652509 2.1742276 2.1833149
1.7920687 1.7970265 1.8020319 1.8070856 1.8121882 1.8173403 1.8225425 1.8277955 1.8330999 1.8384564 1.8438656 1.8493283 1.854845 1.8604166 1.8660436 1.871727 1.8774674 1.8832655 1.8891222 1.8950382 1.9010143 1.9070514 1.9131504 1.9193119 1.925537 1.9318266 1.9381815 1.9446026 1.951091 1.9576475 1.9642732 1.9709692 1.9777364 1.9845759 1.9914887 1.9984761 2.0055392 2.0126791 2.019897 2.0271941 2.0345717 2.0420312 2.0495738 2.0572009 2.0649138 2.0727141 2.0806032 2.0885826 2.0966539 2.1048186 2.1130785 2.1214352 2.1298905 2.1384461 2.147104 2.155866 2.1647341 2.1737104 2.1827969
1.7913823 1.7963413 1.801348 1.806403 1.811507 1.8166605 1.8218642 1.8271188 1.8324247 1.8377828 1.8431937 1.848658 1.8541764 1.8597497 1.8653786 1.8710638 1.876806 1.882606 1.8884645 1.8943824 1.9003605 1.9063996 1.9125005 1.9186641 1.9248911 1.9311827 1.9375395 1.9439627 1.950453 1.9570115 1.9636392 1.9703371 1.9771061 1.9839475 1.9908622 1.9978514 2.0049162 2.0120577 2.0192772 2.0265758 2.0339549 2.0414158 2.0489596 2.0565878 2.0643018 2.072103 2.0799928 2.0879728 2.0960446 2.1042096 2.1124696 2.1208262 2.1292811 2.1378362 2.1464933 2.1552543 2.1641211 2.1730958 2.1821804
1.790642 1.7956016 1.8006091 1.8056649 1.8107697 1.8159242 1.8211288 1.8263842 1.8316912 1.8370503 1.8424622 1.8479276 1.8534472 1.8590216 1.8646517 1.870338 1.8760815 1.8818827 1.8877426 1.8936618 1.8996411 1.9056815 1.9117837 1.9179486 1.924177 1.9304698 1.936828 1.9432524 1.949744 1.9563038 1.9629327 1.9696317 1.9764019 1.9832444 1.9901602 1.9971503 2.0042161 2.0113585 2.0185787 2.0258781 2.0332578 2.0407191 2.0482634 2.0558919 2.063606 2.0714072 2.0792969 2.0872766 2.0953478 2.1035121 2.1117712 2.1201267 2.1285804 2.1371339 2.1457891 2.154548 2.1634124 2.1723844 2.181466
1.7898477 1.7948076 1.7998152 1.8048713 1.8099764 1.8151312 1.8203362 1.825592 1.8308994 1.836259 1.8416714 1.8471373 1.8526574 1.8582324 1.863863 1.86955 1.875294 1.8810959 1.8869563 1.8928762 1.8988562 1.9048973 1.9110001 1.9171656 1.9233947 1.9296881 1.9360469 1.9424719 1.9489641 1.9555244 1.9621538 1.9688533 1.975624 1.9824668 1.9893829 1.9963733 2.0034391 2.0105816 2.0178019 2.0251012 2.0324807 2.0399417 2.0474854 2.0551133 2.0628268 2.0706271 2.0785157 2.0864942 2.094564 2.1027267 2.1109839 2.1193374 2.1277887 2.1363396 2.144992 2.1537477 2.1626087 2.1715768 2.1806543
1.7889996 1.7939591 1.7989664 1.8040223 1.8091271 1.8142817 1.8194865 1.8247422 1.8300494 1.8354089 1.8408212 1.846287 1.8518071 1.857382 1.8630126 1.8686996 1.8744436 1.8802455 1.886106 1.8920259 1.8980059 1.904047 1.9101498 1.9163153 1.9225444 1.9288378 1.9351965 1.9416214 1.9481135 1.9546736 1.9613028 1.9680021 1.9747724 1.9816148 1.9885305 1.9955204 2.0025856 2.0097274 2.0169469 2.0242453 2.0316237 2.0390836 2.0466261 2.0542526 2.0619644 2.069763 2.0776497 2.085626 2.0936935 2.1018536 2.1101081 2.1184585 2.1269065 2.1354538 2.1441024 2.1528539 2.1617103 2.1706736 2.1797458
1.7880976 1.7930562 1.7980628 1.8031178 1.8082219 1.8133757 1.8185797 1.8238347 1.8291413 1.8345001 1.8399117 1.8453769 1.8508963 1.8564707 1.8621007 1.867787 1.8735305 1.8793318 1.8851917 1.8911109 1.8970904 1.9031308 1.909233 1.9153979 1.9216262 1.9279189 1.9342769 1.9407011 1.9471923 1.9537516 1.9603799 1.9670782 1.9738475 1.9806888 1.9876032 1.9945919 2.0016558 2.0087961 2.016014 2.0233107 2.0306874 2.0381453 2.0456857 2.0533099 2.0610193 2.0688152 2.0766991 2.0846725 2.0927367 2.1008934 2.1091442 2.1174906 2.1259343 2.1344771 2.1431208 2.1518671 2.160718 2.1696753 2.1787412
1.7871418 1.7920991 1.7971043 1.802158 1.8072608 1.8124133 1.8176161 1.8228698 1.8281751 1.8335326 1.8389431 1.8444071 1.8499253 1.8554984 1.8611272 1.8668124 1.8725546 1.8783547 1.8842134 1.8901314 1.8961096 1.9021488 1.9082498 1.9144133 1.9206403 1.9269317 1.9332883 1.939711 1.9462007 1.9527585 1.9593851 1.9660818 1.9728493 1.9796888 1.9866014 1.993588 2.0006498 2.0077879 2.0150035 2.0222977 2.0296718 2.037127 2.0446645 2.0522856 2.0599918 2.0677842 2.0756645 2.083634 2.0916941 2.0998465 2.1080926 2.1164341 2.1248726 2.13341 2.1420478 2.1507879 2.1596322 2.1685826 2.1776411
1.7861324 1.7910878 1.7960911 1.8011429 1.8062439 1.8113945 1.8165955 1.8218474 1.8271509 1.8325067 1.8379153 1.8433775 1.848894 1.8544654 1.8600924 1.8657757 1.8715162 1.8773145 1.8831713 1.8890875 1.8950639 1.9011012 1.9072002 1.9133619 1.9195869 1.9258763 1.9322308 1.9386514 1.945139 1.9516945 1.9583189 1.9650131 1.9717782 1.9786152 1.9855251 1.992509 1.999568 2.0067032 2.0139157 2.0212067 2.0285774 2.036029 2.0435628 2.0511801 2.0588822 2.0666704 2.0745461 2.0825109 2.0905661 2.0987132 2.1069538 2.1152895 2.123722 2.1322528 2.1408839 2.1496168 2.1584536 2.1673961 2.1764462
1.7850692 1.7900222 1.7950232 1.8000726 1.8051712 1.8103195 1.8155181 1.8207677 1.8260689 1.8314223 1.8368286 1.8422884 1.8478025 1.8533716 1.8589962 1.8646772 1.8704153 1.8762112 1.8820656 1.8879794 1.8939533 1.899988 1.9060846 1.9122436 1.9184661 1.9247527 1.9311046 1.9375224 1.9440071 1.9505598 1.9571812 1.9638724 1.9706344 1.9774681 1.9843747 1.9913552 1.9984106 2.0055421 2.0127507 2.0200378 2.0274043 2.0348517 2.042381 2.0499936 2.0576908 2.065474 2.0733445 2.0813036 2.089353 2.0974941 2.1057283 2.1140573 2.1224828 2.1310063 2.1396296 2.1483545 2.1571828 2.1661163 2.1751571
1.7839525 1.7889026 1.7939006 1.7989472 1.8040429 1.8091883 1.814384 1.8196307 1.824929 1.8302795 1.8356829 1.8411398 1.846651 1.8522171 1.8578388 1.8635169 1.869252 1.8750449 1.8808963 1.886807 1.8927778 1.8988095 1.9049029 1.9110587 1.9172779 1.9235613 1.9299098 1.9363242 1.9428055 1.9493546 1.9559723 1.9626598 1.969418 1.9762478 1.9831504 1.9901267 1.9971778 2.0043049 2.011509 2.0187913 2.026153 2.0335953 2.0411194 2.0487266 2.0564182 2.0641955 2.0720598 2.0800127 2.0880554 2.0961895 2.1044165 2.112738 2.1211556 2.1296709 2.1382856 2.1470015 2.1558203 2.164744 2.1737744
1.7827822 1.7877289 1.7927235 1.7977667 1.8028589 1.8080009 1.8131932 1.8184365 1.8237313 1.8290784 1.8344784 1.8399319 1.8454396 1.8510022 1.8566204 1.8622949 1.8680265 1.8738158 1.8796636 1.8855707 1.8915378 1.8975658 1.9036553 1.9098074 1.9160227 1.9223022 1.9286467 1.935057 1.9415342 1.948079 1.9546925 1.9613756 1.9681293 1.9749545 1.9818523 1.9888238 1.99587 2.0029919 2.0101908 2.0174677 2.0248238 2.0322603 2.0397784 2.0473794 2.0550646 2.0628352 2.0706926 2.0786383 2.0866736 2.0948 2.103019 2.1113321 2.1197409 2.1282471 2.1368523 2.1455583 2.1543668 2.1632797 2.1722988
1.7815585 1.7865013 1.791492 1.7965312 1.8016195 1.8067575 1.8119459 1.8171852 1.822476 1.8278191 1.8332151 1.8386646 1.8441683 1.8497268 1.855341 1.8610114 1.8667388 1.8725239 1.8783675 1.8842704 1.8902332 1.8962569 1.9023421 1.9084897 1.9147006 1.9209755 1.9273154 1.933721 1.9401934 1.9467334 1.9533419 1.9600199 1.9667685 1.9735884 1.9804809 1.9874468 1.9944873 2.0016034 2.0087963 2.0160671 2.0234168 2.0308468 2.0383582 2.0459523 2.0536303 2.0613935 2.0692433 2.077181 2.0852081 2.093326 2.1015361 2.10984 2.1182393 2.1267355 2.1353304 2.1440256 2.1528229 2.1617241 2.170731
