Cobbity3/QGIS/1mPRPcon.asc
NCOLS 800
NROWS 450
XLLCORNER 150.66
YLLCORNER -34.028
CELLSIZE 1e-05
NODATA_VALUE -9999
[rows 78 to 103 of 450, columns 720 to 779 of 800]
17.658148 17.655882 17.653629 17.651387 17.649157 17.646939 17.644732 17.642538 17.640354 17.638183 17.636022 17.633873 17.631735 17.629608 17.627493 17.625388 17.623294 17.621212 17.619139 17.617078 17.615027 17.612987 17.610958 17.608938 17.60693 17.604931 17.602943 17.600965 17.598997 17.597039 17.595091 17.593152 17.591224 17.589306 17.587397 17.585497 17.583608 17.581728 17.579857 17.577996 17.576144 17.574301 17.572468 17.570644 17.568829 17.567023 17.565225 17.563437 17.561658 17.559887 17.558126 17.556373 17.554628 17.552892 17.551165 17.549446 17.547736 17.546034 17.54434 17.542655
17.657838 17.655574 17.653322 17.651081 17.648853 17.646637 17.644432 17.642239 17.640057 17.637887 17.635728 17.63358 17.631444 17.629319 17.627205 17.625102 17.623009 17.620928 17.618858 17.616798 17.614748 17.61271 17.610681 17.608664 17.606656 17.604659 17.602672 17.600696 17.598729 17.596772 17.594826 17.592889 17.590962 17.589045 17.587137 17.585239 17.583351 17.581472 17.579603 17.577743 17.575892 17.574051 17.572219 17.570396 17.568582 17.566777 17.564981 17.563194 17.561416 17.559647 17.557886 17.556134 17.554391 17.552656 17.55093 17.549212 17.547503 17.545802 17.54411 17.542425
17.65751 17.655248 17.652997 17.650759 17.648533 17.646318 17.644115 17.641923 17.639743 17.637575 17.635418 17.633272 17.631137 17.629013 17.626901 17.624799 17.622709 17.620629 17.61856 17.616502 17.614454 17.612417 17.61039 17.608374 17.606368 17.604373 17.602387 17.600412 17.598447 17.596491 17.594546 17.592611 17.590685 17.58877 17.586864 17.584967 17.58308 17.581203 17.579335 17.577476 17.575627 17.573787 17.571956 17.570134 17.568322 17.566518 17.564724 17.562938 17.561161 17.559393 17.557634 17.555883 17.554141 17.552408 17.550683 17.548966 17.547258 17.545559 17.543867 17.542184
17.657165 17.654904 17.652656 17.65042 17.648195 17.645982 17.643781 17.641591 17.639413 17.637246 17.635091 17.632947 17.630814 17.628692 17.626581 17.624481 17.622393 17.620314 17.618247 17.61619 17.614144 17.612109 17.610084 17.608069 17.606065 17.604071 17.602087 17.600114 17.59815 17.596196 17.594253 17.592319 17.590395 17.588481 17.586576 17.584681 17.582796 17.58092 17.579053 17.577196 17.575348 17.57351 17.57168 17.56986 17.568049 17.566247 17.564453 17.562669 17.560894 17.559127 17.557369 17.55562 17.553879 17.552147 17.550423 17.548708 17.547001 17.545303 17.543613 17.541931
17.656802 17.654544 17.652297 17.650063 17.64784 17.645629 17.64343 17.641242 17.639066 17.636901 17.634748 17.632606 17.630474 17.628355 17.626246 17.624148 17.622061 17.619984 17.617919 17.615864 17.61382 17.611786 17.609763 17.60775 17.605747 17.603755 17.601773 17.599801 17.597839 17.595887 17.593945 17.592013 17.59009 17.588177 17.586274 17.584381 17.582497 17.580623 17.578758 17.576902 17.575056 17.573219 17.571391 17.569572 17.567763 17.565962 17.56417 17.562387 17.560613 17.558848 17.557091 17.555343 17.553604 17.551873 17.550151 17.548437 17.546732 17.545035 17.543346 17.541666
17.656422 17.654166 17.651922 17.649689 17.647469 17.64526 17.643063 17.640877 17.638703 17.63654 17.634389 17.632248 17.630119 17.628001 17.625894 17.623798 17.621713 17.619639 17.617575 17.615522 17.613479 17.611448 17.609426 17.607415 17.605414 17.603424 17.601443 17.599473 17.597513 17.595563 17.593622 17.591692 17.589771 17.58786 17.585959 17.584067 17.582185 17.580312 17.578449 17.576595 17.57475 17.572915 17.571089 17.569271 17.567463 17.565664 17.563874 17.562093 17.56032 17.558556 17.556801 17.555055 17.553317 17.551588 17.549867 17.548155 17.546451 17.544755 17.543068 17.541388
17.656025 17.653771 17.651529 17.649299 17.647081 17.644874 17.642679 17.640495 17.638323 17.636162 17.634013 17.631875 17.629748 17.627632 17.625527 17.623433 17.62135 17.619277 17.617216 17.615165 17.613124 17.611094 17.609075 17.607066 17.605067 17.603078 17.6011 17.599131 17.597173 17.595225 17.593286 17.591357 17.589438 17.587529 17.58563 17.58374 17.581859 17.579988 17.578127 17.576274 17.574431 17.572598 17.570773 17.568958 17.567151 17.565353 17.563565 17.561785 17.560014 17.558252 17.556499 17.554754 17.553017 17.55129 17.54957 17.54786 17.546157 17.544463 17.542777 17.5411
17.655611 17.653359 17.651119 17.648892 17.646675 17.644471 17.642278 17.640097 17.637927 17.635769 17.633621 17.631485 17.629361 17.627247 17.625144 17.623052 17.620971 17.618901 17.616841 17.614792 17.612754 17.610726 17.608708 17.606701 17.604704 17.602718 17.600741 17.598775 17.596818 17.594872 17.592935 17.591009 17.589092 17.587184 17.585287 17.583398 17.58152 17.579651 17.577791 17.57594 17.574099 17.572267 17.570444 17.56863 17.566826 17.56503 17.563243 17.561465 17.559696 17.557935 17.556183 17.55444 17.552706 17.550979 17.549262 17.547553 17.545852 17.544159 17.542475 17.540799
17.655179 17.65293 17.650693 17.648467 17.646253 17.644051 17.641861 17.639682 17.637515 17.635358 17.633214 17.63108 17.628957 17.626846 17.624745 17.622656 17.620577 17.618509 17.616451 17.614404 17.612368 17.610342 17.608327 17.606322 17.604327 17.602343 17.600368 17.598404 17.596449 17.594505 17.59257 17.590646 17.588731 17.586825 17.58493 17.583043 17.581167 17.579299 17.577441 17.575593 17.573754 17.571923 17.570102 17.56829 17.566487 17.564693 17.562908 17.561132 17.559365 17.557606 17.555856 17.554114 17.552381 17.550657 17.548941 17.547233 17.545534 17.543843 17.542161 17.540486
17.65473 17.652483 17.650249 17.648026 17.645815 17.643615 17.641427 17.639251 17.637086 17.634932 17.63279 17.630658 17.628538 17.626429 17.624331 17.622243 17.620167 17.618101 17.616046 17.614002 17.611968 17.609944 17.607931 17.605928 17.603935 17.601953 17.599981 17.598019 17.596066 17.594124 17.592191 17.590269 17.588356 17.586452 17.584559 17.582675 17.5808 17.578935 17.577079 17.575232 17.573395 17.571566 17.569747 17.567937 17.566136 17.564344 17.562561 17.560786 17.559021 17.557264 17.555515 17.553776 17.552045 17.550322 17.548608 17.546902 17.545205 17.543515 17.541834 17.540162
17.654264 17.65202 17.649788 17.647568 17.645359 17.643163 17.640977 17.638803 17.636641 17.63449 17.63235 17.630221 17.628103 17.625996 17.623901 17.621816 17.619742 17.617678 17.615626 17.613583 17.611552 17.609531 17.60752 17.605519 17.603529 17.601549 17.599579 17.597619 17.595669 17.593729 17.591798 17.589878 17.587967 17.586066 17.584174 17.582292 17.58042 17.578556 17.576702 17.574858 17.573022 17.571196 17.569379 17.567571 17.565772 17.563982 17.5622 17.560428 17.558664 17.556909 17.555163 17.553425 17.551696 17.549975 17.548263 17.546559 17.544863 17.543176 17.541496 17.539825
17.653781 17.65154 17.649311 17.647093 17.644887 17.642693 17.640511 17.638339 17.63618 17.634031 17.631894 17.629767 17.627652 17.625548 17.623455 17.621373 17.619301 17.61724 17.61519 17.61315 17.611121 17.609102 17.607094 17.605096 17.603108 17.60113 17.599162 17.597205 17.595257 17.593319 17.591391 17.589473 17.587564 17.585665 17.583776 17.581896 17.580026 17.578164 17.576313 17.57447 17.572637 17.570813 17.568998 17.567192 17.565395 17.563607 17.561827 17.560057 17.558295 17.556542 17.554798 17.553062 17.551335 17.549616 17.547905 17.546203 17.544509 17.542824 17.541147 17.539477
17.653281 17.651042 17.648816 17.646602 17.644399 17.642207 17.640027 17.637859 17.635702 17.633556 17.631422 17.629298 17.627186 17.625084 17.622994 17.620914 17.618845 17.616787 17.614739 17.612702 17.610675 17.608659 17.606653 17.604657 17.602672 17.600697 17.598731 17.596776 17.594831 17.592895 17.59097 17.589054 17.587148 17.585251 17.583364 17.581486 17.579618 17.577759 17.57591 17.57407 17.572238 17.570417 17.568604 17.5668 17.565005 17.563219 17.561442 17.559673 17.557914 17.556163 17.55442 17.552686 17.550961 17.549244 17.547536 17.545836 17.544144 17.54246 17.540785 17.539118
17.652763 17.650528 17.648305 17.646093 17.643893 17.641705 17.639528 17.637363 17.635208 17.633065 17.630934 17.628813 17.626703 17.624605 17.622517 17.62044 17.618374 17.616318 17.614273 17.612239 17.610215 17.608201 17.606198 17.604205 17.602222 17.600249 17.598286 17.596333 17.594391 17.592458 17.590534 17.588621 17.586717 17.584823 17.582938 17.581063 17.579197 17.577341 17.575493 17.573655 17.571827 17.570007 17.568196 17.566395 17.564602 17.562818 17.561043 17.559277 17.55752 17.555771 17.55403 17.552299 17.550575 17.548861 17.547154 17.545456 17.543766 17.542085 17.540411 17.538746
17.652229 17.649997 17.647777 17.645568 17.643371 17.641186 17.639012 17.63685 17.634699 17.632559 17.63043 17.628312 17.626205 17.62411 17.622025 17.61995 17.617887 17.615834 17.613792 17.61176 17.609739 17.607728 17.605727 17.603737 17.601757 17.599787 17.597826 17.595876 17.593936 17.592006 17.590085 17.588174 17.586273 17.584381 17.582499 17.580626 17.578763 17.576908 17.575064 17.573228 17.571402 17.569584 17.567776 17.565977 17.564186 17.562405 17.560632 17.558868 17.557113 17.555366 17.553628 17.551899 17.550178 17.548465 17.546761 17.545065 17.543377 17.541698 17.540026 17.538363
17.651678 17.649449 17.647232 17.645027 17.642833 17.640651 17.63848 17.636321 17.634173 17.632036 17.62991 17.627795 17.625692 17.623599 17.621517 17.619446 17.617385 17.615335 17.613296 17.611267 17.609248 17.60724 17.605242 17.603255 17.601277 17.59931 17.597353 17.595405 17.593467 17.59154 17.589622 17.587713 17.585815 17.583925 17.582046 17.580175 17.578315 17.576463 17.574621 17.572788 17.570964 17.569149 17.567343 17.565546 17.563758 17.561979 17.560208 17.558447 17.556694 17.554949 17.553214 17.551486 17.549768 17.548057 17.546355 17.544661 17.542976 17.541299 17.539629 17.537968
17.65111 17.648884 17.646671 17.644469 17.642278 17.640099 17.637932 17.635776 17.633631 17.631497 17.629374 17.627263 17.625162 17.623072 17.620993 17.618925 17.616868 17.614821 17.612784 17.610759 17.608743 17.606738 17.604743 17.602758 17.600783 17.598819 17.596864 17.59492 17.592985 17.59106 17.589144 17.587239 17.585343 17.583456 17.581579 17.579712 17.577853 17.576004 17.574165 17.572334 17.570513 17.5687 17.566897 17.565102 17.563317 17.56154 17.559772 17.558013 17.556262 17.55452 17.552787 17.551062 17.549345 17.547637 17.545938 17.544246 17.542563 17.540888 17.539221 17.537562
17.650525 17.648303 17.646093 17.643894 17.641707 17.639531 17.637367 17.635214 17.633073 17.630942 17.628823 17.626715 17.624617 17.622531 17.620455 17.61839 17.616335 17.614292 17.612258 17.610235 17.608223 17.606221 17.604229 17.602247 17.600275 17.598313 17.596362 17.59442 17.592488 17.590566 17.588653 17.58675 17.584857 17.582973 17.581099 17.579234 17.577379 17.575532 17.573695 17.571867 17.570048 17.568239 17.566438 17.564646 17.562863 17.561089 17.559323 17.557566 17.555818 17.554079 17.552348 17.550625 17.548911 17.547205 17.545508 17.543819 17.542138 17.540465 17.5388 17.537144
17.649923 17.647704 17.645498 17.643303 17.641119 17.638947 17.636787 17.634637 17.632499 17.630372 17.628256 17.626151 17.624057 17.621973 17.619901 17.617839 17.615788 17.613747 17.611717 17.609697 17.607688 17.605689 17.6037 17.601721 17.599752 17.597794 17.595845 17.593906 17.591977 17.590058 17.588148 17.586248 17.584358 17.582477 17.580605 17.578743 17.57689 17.575047 17.573213 17.571387 17.569571 17.567764 17.565966 17.564177 17.562396 17.560625 17.558862 17.557108 17.555362 17.553625 17.551896 17.550176 17.548465 17.546761 17.545066 17.54338 17.541701 17.540031 17.538369 17.536714
17.649304 17.64709 17.644887 17.642695 17.640515 17.638347 17.63619 17.634044 17.631909 17.629785 17.627673 17.625571 17.623481 17.621401 17.619332 17.617273 17.615225 17.613188 17.611161 17.609144 17.607138 17.605142 17.603157 17.601181 17.599215 17.59726 17.595314 17.593378 17.591452 17.589536 17.587629 17.585732 17.583845 17.581967 17.580098 17.578239 17.576389 17.574548 17.572717 17.570894 17.569081 17.567277 17.565481 17.563695 17.561917 17.560148 17.558388 17.556636 17.554893 17.553159 17.551433 17.549715 17.548006 17.546306 17.544613 17.542929 17.541253 17.539585 17.537925 17.536273
17.648669 17.646458 17.644259 17.642071 17.639895 17.63773 17.635577 17.633434 17.631303 17.629183 17.627074 17.624976 17.622889 17.620813 17.618747 17.616692 17.614647 17.612613 17.61059 17.608577 17.606574 17.604581 17.602599 17.600626 17.598664 17.596712 17.594769 17.592836 17.590913 17.589 17.587097 17.585203 17.583318 17.581443 17.579578 17.577721 17.575874 17.574037 17.572208 17.570388 17.568578 17.566776 17.564984 17.5632 17.561425 17.559659 17.557901 17.556153 17.554412 17.552681 17.550957 17.549242 17.547536 17.545838 17.544148 17.542466 17.540793 17.539127 17.53747 17.535821
17.648017 17.64581 17.643615 17.641431 17.639258 17.637097 17.634948 17.632809 17.630682 17.628565 17.62646 17.624366 17.622282 17.620209 17.618147 17.616096 17.614055 17.612024 17.610004 17.607994 17.605995 17.604005 17.602026 17.600057 17.598098 17.596149 17.59421 17.59228 17.590361 17.588451 17.58655 17.584659 17.582778 17.580906 17.579044 17.57719 17.575346 17.573512 17.571686 17.569869 17.568062 17.566263 17.564474 17.562693 17.560921 17.559157 17.557403 17.555656 17.553919 17.55219 17.550469 17.548757 17.547054 17.545358 17.543671 17.541992 17.540321 17.538658 17.537003 17.535356
17.647348 17.645145 17.642954 17.640774 17.638606 17.636449 17.634303 17.632168 17.630045 17.627932 17.62583 17.62374 17.62166 17.619591 17.617532 17.615484 17.613447 17.61142 17.609403 17.607397 17.605401 17.603415 17.60144 17.599474 17.597518 17.595573 17.593637 17.59171 17.589794 17.587887 17.58599 17.584103 17.582224 17.580356 17.578496 17.576646 17.574805 17.572974 17.571151 17.569338 17.567533 17.565737 17.563951 17.562173 17.560404 17.558643 17.556891 17.555148 17.553413 17.551687 17.54997 17.54826 17.546559 17.544866 17.543182 17.541506 17.539837 17.538177 17.536525 17.534881
17.646663 17.644464 17.642277 17.640101 17.637937 17.635784 17.633642 17.631511 17.629391 17.627283 17.625185 17.623098 17.621022 17.618957 17.616902 17.614858 17.612824 17.610801 17.608788 17.606785 17.604793 17.602811 17.600838 17.598876 17.596924 17.594982 17.593049 17.591127 17.589214 17.58731 17.585416 17.583532 17.581657 17.579792 17.577936 17.576089 17.574251 17.572423 17.570603 17.568793 17.566991 17.565199 17.563415 17.56164 17.559874 17.558116 17.556368 17.554627 17.552896 17.551172 17.549458 17.547751 17.546053 17.544363 17.542681 17.541008 17.539342 17.537685 17.536035 17.534394
17.645961 17.643767 17.641584 17.639412 17.637252 17.635103 17.632965 17.630838 17.628723 17.626618 17.624524 17.622441 17.620369 17.618308 17.616257 17.614216 17.612186 17.610167 17.608158 17.606159 17.60417 17.602192 17.600223 17.598264 17.596316 17.594377 17.592448 17.590529 17.588619 17.586719 17.584829 17.582948 17.581077 17.579214 17.577362 17.575518 17.573684 17.571858 17.570042 17.568235 17.566437 17.564647 17.562867 17.561095 17.559332 17.557577 17.555832 17.554094 17.552366 17.550645 17.548933 17.54723 17.545535 17.543848 17.542169 17.540498 17.538835 17.537181 17.535534 17.533895
17.645243 17.643053 17.640874 17.638707 17.636551 17.634406 17.632272 17.63015 17.628038 17.625938 17.623848 17.621769 17.619701 17.617643 17.615596 17.61356 17.611534 17.609518 17.607513 17.605518 17.603533 17.601558 17.599593 17.597638 17.595693 17.593758 17.591833 17.589917 17.588011 17.586115 17.584228 17.582351 17.580483 17.578624 17.576774 17.574934 17.573103 17.571281 17.569468 17.567664 17.565869 17.564083 17.562306 17.560537 17.558777 17.557026 17.555283 17.553549 17.551824 17.550106 17.548397 17.546697 17.545005 17.543321 17.541645 17.539977 17.538317 17.536665 17.535022 17.533386
