Cobbity3/QGIS/1mPRPcon.asc
NCOLS 800
NROWS 450
XLLCORNER 150.66
YLLCORNER -34.028
CELLSIZE 1e-05
NODATA_VALUE -9999
[rows 286 to 311 of 450, columns 540 to 599 of 800]
17.251373 17.253135 17.254866 17.256567 17.258239 17.259882 17.261496 17.263082 17.26464 17.26617 17.267673 17.269149 17.270599 17.272023 17.273421 17.274794 17.276142 17.277465 17.278764 17.280039 17.28129 17.282518 17.283723 17.284906 17.286066 17.287204 17.288321 17.289416 17.290489 17.291542 17.292575 17.293587 17.294579 17.295551 17.296504 17.297438 17.298353 17.299249 17.300127 17.300987 17.301828 17.302652 17.303459 17.304248 17.305021 17.305777 17.306516 17.307239 17.307946 17.308637 17.309312 17.309972 17.310617 17.311247 17.311862 17.312463 17.313049 17.313621 17.314178 17.314723
17.24476 17.246564 17.248337 17.25008 17.251793 17.253476 17.255131 17.256757 17.258354 17.259924 17.261467 17.262982 17.264471 17.265933 17.267369 17.26878 17.270166 17.271526 17.272862 17.274174 17.275462 17.276727 17.277968 17.279186 17.280382 17.281555 17.282707 17.283837 17.284945 17.286032 17.287099 17.288145 17.28917 17.290176 17.291162 17.292129 17.293076 17.294005 17.294915 17.295807 17.29668 17.297536 17.298373 17.299194 17.299997 17.300784 17.301553 17.302306 17.303043 17.303764 17.304469 17.305158 17.305832 17.306491 17.307135 17.307764 17.308378 17.308978 17.309564 17.310136
17.238174 17.240019 17.241834 17.243617 17.245371 17.247095 17.248789 17.250455 17.252092 17.253701 17.255283 17.256837 17.258364 17.259864 17.261338 17.262787 17.26421 17.265607 17.26698 17.268329 17.269653 17.270954 17.272231 17.273485 17.274716 17.275924 17.27711 17.278275 17.279417 17.280539 17.281639 17.282718 17.283778 17.284816 17.285835 17.286835 17.287815 17.288775 17.289717 17.290641 17.291546 17.292432 17.293301 17.294153 17.294987 17.295803 17.296603 17.297386 17.298153 17.298903 17.299638 17.300356 17.301059 17.301747 17.302419 17.303076 17.303719 17.304347 17.30496 17.305559
17.231615 17.233501 17.235356 17.23718 17.238974 17.240738 17.242472 17.244177 17.245854 17.247502 17.249121 17.250714 17.252279 17.253817 17.255329 17.256815 17.258275 17.259709 17.261119 17.262503 17.263864 17.2652 17.266512 17.267801 17.269067 17.270311 17.271531 17.27273 17.273907 17.275062 17.276196 17.277309 17.278401 17.279472 17.280524 17.281556 17.282568 17.28356 17.284534 17.285489 17.286425 17.287343 17.288243 17.289125 17.289989 17.290836 17.291666 17.292479 17.293275 17.294055 17.294818 17.295565 17.296297 17.297013 17.297714 17.298399 17.29907 17.299725 17.300367 17.300993
17.225082 17.227009 17.228904 17.230769 17.232602 17.234406 17.236179 17.237924 17.239639 17.241325 17.242983 17.244614 17.246216 17.247792 17.249341 17.250864 17.25236 17.253831 17.255277 17.256698 17.258094 17.259465 17.260813 17.262137 17.263438 17.264715 17.26597 17.267203 17.268413 17.269602 17.270769 17.271915 17.27304 17.274144 17.275228 17.276292 17.277336 17.278361 17.279366 17.280352 17.281319 17.282268 17.283198 17.28411 17.285005 17.285882 17.286741 17.287584 17.288409 17.289218 17.290011 17.290787 17.291547 17.292291 17.29302 17.293734 17.294432 17.295115 17.295784 17.296437
17.218576 17.220544 17.222479 17.224383 17.226256 17.228099 17.229911 17.231694 17.233448 17.235172 17.236868 17.238536 17.240177 17.241789 17.243375 17.244934 17.246467 17.247974 17.249456 17.250912 17.252343 17.25375 17.255133 17.256492 17.257827 17.259139 17.260427 17.261694 17.262938 17.26416 17.26536 17.266538 17.267696 17.268833 17.269949 17.271044 17.27212 17.273176 17.274212 17.275229 17.276227 17.277207 17.278167 17.27911 17.280034 17.280941 17.28183 17.282702 17.283557 17.284394 17.285216 17.28602 17.286809 17.287581 17.288338 17.289079 17.289805 17.290516 17.291212 17.291892
17.212098 17.214106 17.216081 17.218024 17.219936 17.221818 17.223669 17.22549 17.227281 17.229043 17.230777 17.232482 17.234159 17.235809 17.237431 17.239027 17.240596 17.242139 17.243656 17.245147 17.246614 17.248055 17.249472 17.250865 17.252235 17.25358 17.254903 17.256203 17.25748 17.258735 17.259968 17.261179 17.262369 17.263537 17.264685 17.265813 17.26692 17.268007 17.269074 17.270122 17.271151 17.27216 17.273151 17.274123 17.275078 17.276014 17.276932 17.277833 17.278717 17.279583 17.280433 17.281266 17.282083 17.282883 17.283668 17.284437 17.28519 17.285928 17.286651 17.287358
17.205648 17.207695 17.209709 17.211691 17.213642 17.215562 17.217451 17.21931 17.221139 17.222939 17.22471 17.226452 17.228166 17.229852 17.23151 17.233141 17.234746 17.236324 17.237877 17.239403 17.240904 17.24238 17.243832 17.245259 17.246662 17.248041 17.249397 17.25073 17.25204 17.253328 17.254593 17.255836 17.257058 17.258259 17.259438 17.260597 17.261735 17.262853 17.263951 17.26503 17.266089 17.267128 17.268149 17.269151 17.270135 17.271101 17.272048 17.272978 17.27389 17.274786 17.275664 17.276525 17.277369 17.278198 17.27901 17.279806 17.280586 17.281351 17.282101 17.282835
17.199226 17.201312 17.203365 17.205385 17.207374 17.209332 17.211259 17.213156 17.215022 17.216859 17.218666 17.220445 17.222195 17.223917 17.225611 17.227278 17.228918 17.230532 17.232119 17.23368 17.235216 17.236726 17.238211 17.239672 17.241109 17.242521 17.24391 17.245276 17.246619 17.247938 17.249236 17.250511 17.251765 17.252997 17.254208 17.255398 17.256567 17.257716 17.258844 17.259953 17.261042 17.262112 17.263162 17.264194 17.265207 17.266202 17.267178 17.268137 17.269077 17.270001 17.270907 17.271796 17.272669 17.273524 17.274364 17.275187 17.275995 17.276786 17.277563 17.278323
17.192832 17.194956 17.197048 17.199107 17.201133 17.203129 17.205093 17.207027 17.20893 17.210803 17.212647 17.214462 17.216248 17.218006 17.219736 17.221438 17.223113 17.224761 17.226383 17.227978 17.229548 17.231092 17.232611 17.234105 17.235575 17.237021 17.238442 17.239841 17.241216 17.242568 17.243897 17.245204 17.246489 17.247753 17.248995 17.250215 17.251415 17.252594 17.253753 17.254892 17.256011 17.25711 17.25819 17.259251 17.260293 17.261317 17.262322 17.263309 17.264278 17.26523 17.266164 17.267081 17.267981 17.268864 17.26973 17.270581 17.271415 17.272233 17.273036 17.273823
17.186467 17.188629 17.190759 17.192855 17.194919 17.196952 17.198953 17.200924 17.202863 17.204773 17.206653 17.208504 17.210325 17.212118 17.213883 17.21562 17.21733 17.219013 17.220668 17.222298 17.223901 17.225479 17.227031 17.228559 17.230061 17.23154 17.232994 17.234424 17.235832 17.237215 17.238577 17.239915 17.241231 17.242526 17.243799 17.24505 17.24628 17.24749 17.248678 17.249847 17.250995 17.252124 17.253233 17.254323 17.255394 17.256446 17.25748 17.258495 17.259493 17.260472 17.261434 17.262378 17.263306 17.264216 17.26511 17.265987 17.266848 17.267692 17.268521 17.269335
17.180131 17.182331 17.184497 17.186631 17.188733 17.190802 17.19284 17.194846 17.196822 17.198768 17.200683 17.20257 17.204426 17.206255 17.208054 17.209826 17.21157 17.213287 17.214976 17.216639 17.218276 17.219887 17.221473 17.223033 17.224568 17.226079 17.227565 17.229028 17.230466 17.231882 17.233274 17.234644 17.235991 17.237317 17.23862 17.239902 17.241162 17.242401 17.24362 17.244818 17.245996 17.247154 17.248292 17.249411 17.25051 17.251591 17.252653 17.253696 17.254721 17.255728 17.256718 17.257689 17.258644 17.259581 17.260502 17.261405 17.262293 17.263164 17.264019 17.264858
17.173824 17.176061 17.178265 17.180435 17.182573 17.184679 17.186753 17.188796 17.190807 17.192788 17.194739 17.19666 17.198552 17.200415 17.202249 17.204055 17.205833 17.207583 17.209306 17.211003 17.212673 17.214317 17.215935 17.217528 17.219095 17.220638 17.222156 17.22365 17.225121 17.226567 17.227991 17.229392 17.23077 17.232125 17.233459 17.234771 17.236061 17.23733 17.238578 17.239805 17.241012 17.242199 17.243366 17.244513 17.245641 17.24675 17.24784 17.248911 17.249964 17.250999 17.252015 17.253014 17.253995 17.25496 17.255907 17.256837 17.25775 17.258647 17.259528 17.260393
17.167546 17.16982 17.172061 17.174268 17.176442 17.178584 17.180693 17.182771 17.184818 17.186835 17.18882 17.190776 17.192702 17.194599 17.196468 17.198307 17.200119 17.201903 17.203659 17.205389 17.207092 17.208768 17.210419 17.212043 17.213643 17.215218 17.216767 17.218293 17.219794 17.221272 17.222727 17.224158 17.225566 17.226952 17.228315 17.229657 17.230977 17.232275 17.233553 17.234809 17.236045 17.237261 17.238456 17.239632 17.240788 17.241925 17.243042 17.244141 17.245221 17.246283 17.247327 17.248353 17.249361 17.250351 17.251325 17.252281 17.253221 17.254144 17.25505 17.255941
17.161298 17.163609 17.165885 17.168128 17.170338 17.172516 17.174661 17.176774 17.178856 17.180907 17.182927 17.184917 17.186878 17.188809 17.19071 17.192584 17.194428 17.196245 17.198035 17.199797 17.201532 17.203241 17.204924 17.20658 17.208212 17.209818 17.211399 17.212955 17.214488 17.215996 17.217481 17.218943 17.220381 17.221797 17.22319 17.224561 17.225911 17.227238 17.228545 17.22983 17.231095 17.232339 17.233562 17.234766 17.23595 17.237114 17.23826 17.239386 17.240493 17.241582 17.242653 17.243705 17.24474 17.245757 17.246756 17.247739 17.248704 17.249653 17.250585 17.251501
17.15508 17.157426 17.159739 17.162018 17.164263 17.166475 17.168656 17.170804 17.17292 17.175005 17.17706 17.179084 17.181078 17.183042 17.184978 17.186884 17.188762 17.190612 17.192433 17.194228 17.195995 17.197736 17.19945 17.201139 17.202801 17.204439 17.206051 17.207638 17.209201 17.21074 17.212255 17.213747 17.215215 17.21666 17.218083 17.219484 17.220862 17.222219 17.223554 17.224868 17.226161 17.227433 17.228685 17.229916 17.231128 17.23232 17.233492 17.234646 17.23578 17.236896 17.237993 17.239072 17.240133 17.241176 17.242202 17.24321 17.244201 17.245175 17.246133 17.247074
17.148892 17.151274 17.153622 17.155936 17.158216 17.160463 17.162678 17.16486 17.167011 17.16913 17.171219 17.173276 17.175304 17.177301 17.17927 17.181209 17.183119 17.185001 17.186855 17.188682 17.190481 17.192254 17.193999 17.195719 17.197413 17.199081 17.200723 17.202341 17.203935 17.205504 17.207049 17.20857 17.210068 17.211543 17.212995 17.214424 17.215831 17.217217 17.21858 17.219923 17.221244 17.222544 17.223823 17.225083 17.226322 17.227541 17.228741 17.229921 17.231082 17.232224 17.233348 17.234453 17.23554 17.236609 17.237661 17.238695 17.239711 17.240711 17.241693 17.242659
17.142734 17.145152 17.147534 17.149883 17.152198 17.15448 17.156728 17.158945 17.161129 17.163282 17.165404 17.167495 17.169555 17.171585 17.173586 17.175558 17.177501 17.179415 17.181301 17.183159 17.18499 17.186793 17.18857 17.190321 17.192045 17.193744 17.195417 17.197065 17.198689 17.200287 17.201862 17.203413 17.20494 17.206444 17.207925 17.209383 17.210819 17.212233 17.213625 17.214995 17.216344 17.217672 17.218979 17.220265 17.221532 17.222778 17.224004 17.225211 17.226399 17.227568 17.228718 17.229849 17.230962 17.232057 17.233134 17.234193 17.235235 17.236259 17.237267 17.238258
17.136607 17.139059 17.141476 17.143859 17.146209 17.148524 17.150807 17.153057 17.155275 17.157461 17.159615 17.161739 17.163832 17.165895 17.167928 17.169932 17.171906 17.173852 17.17577 17.177659 17.179521 17.181356 17.183164 17.184945 17.1867 17.188429 17.190132 17.19181 17.193463 17.195091 17.196695 17.198275 17.199832 17.201364 17.202874 17.204361 17.205825 17.207267 17.208687 17.210085 17.211461 17.212817 17.214151 17.215465 17.216758 17.218031 17.219284 17.220518 17.221732 17.222927 17.224102 17.22526 17.226398 17.227519 17.228621 17.229705 17.230772 17.231822 17.232854 17.233869
17.130511 17.132997 17.135449 17.137866 17.140248 17.142598 17.144914 17.147197 17.149448 17.151666 17.153854 17.15601 17.158135 17.16023 17.162295 17.164331 17.166337 17.168314 17.170263 17.172183 17.174076 17.175941 17.17778 17.179591 17.181376 17.183135 17.184868 17.186576 17.188258 17.189916 17.191549 17.193158 17.194743 17.196304 17.197842 17.199357 17.200849 17.202319 17.203766 17.205192 17.206596 17.207979 17.20934 17.210681 17.212001 17.213301 17.21458 17.21584 17.21708 17.218301 17.219502 17.220685 17.221849 17.222995 17.224122 17.225232 17.226323 17.227398 17.228454 17.229494
17.124446 17.126966 17.129451 17.131901 17.134318 17.1367 17.139049 17.141365 17.143648 17.1459 17.148119 17.150307 17.152465 17.154591 17.156688 17.158755 17.160792 17.1628 17.16478 17.166731 17.168654 17.17055 17.172418 17.17426 17.176075 17.177863 17.179626 17.181363 17.183074 17.184761 17.186423 17.18806 17.189674 17.191263 17.192829 17.194372 17.195892 17.19739 17.198865 17.200318 17.201749 17.203158 17.204547 17.205914 17.20726 17.208586 17.209892 17.211178 17.212444 17.21369 17.214918 17.216126 17.217315 17.218486 17.219638 17.220772 17.221889 17.222987 17.224069 17.225133
17.118412 17.120965 17.123484 17.125967 17.128416 17.130831 17.133213 17.135561 17.137877 17.14016 17.142412 17.144632 17.146821 17.148979 17.151106 17.153204 17.155272 17.157311 17.159321 17.161303 17.163256 17.165182 17.16708 17.168951 17.170796 17.172613 17.174405 17.176171 17.177911 17.179627 17.181317 17.182983 17.184624 17.186242 17.187836 17.189407 17.190954 17.192479 17.193981 17.195461 17.196919 17.198355 17.19977 17.201164 17.202537 17.203889 17.205221 17.206532 17.207824 17.209096 17.210348 17.211582 17.212796 17.213992 17.215169 17.216328 17.217468 17.218591 17.219697 17.220785
17.112409 17.114996 17.117547 17.120063 17.122545 17.124992 17.127406 17.129786 17.132134 17.134449 17.136732 17.138983 17.141203 17.143392 17.145551 17.147679 17.149778 17.151847 17.153887 17.155899 17.157882 17.159837 17.161765 17.163666 17.165539 17.167386 17.169206 17.171001 17.17277 17.174514 17.176232 17.177926 17.179596 17.181241 17.182862 17.184461 17.186035 17.187587 17.189116 17.190623 17.192108 17.19357 17.195012 17.196432 17.19783 17.199208 17.200566 17.201903 17.20322 17.204517 17.205795 17.207053 17.208292 17.209513 17.210714 17.211897 17.213063 17.21421 17.215339 17.216451
17.106438 17.109057 17.111641 17.114189 17.116703 17.119182 17.121628 17.12404 17.126419 17.128765 17.131079 17.133361 17.135612 17.137832 17.140021 17.14218 17.144309 17.146408 17.148478 17.150519 17.152532 17.154517 17.156473 17.158403 17.160305 17.162181 17.16403 17.165853 17.16765 17.169422 17.171168 17.17289 17.174587 17.17626 17.177909 17.179534 17.181136 17.182714 17.18427 17.185803 17.187314 17.188803 17.190271 17.191717 17.193141 17.194545 17.195928 17.19729 17.198632 17.199955 17.201257 17.20254 17.203804 17.205049 17.206275 17.207482 17.208671 17.209842 17.210995 17.21213
17.100499 17.10315 17.105766 17.108346 17.110892 17.113402 17.115879 17.118322 17.120732 17.12311 17.125454 17.127767 17.130048 17.132298 17.134518 17.136706 17.138865 17.140994 17.143093 17.145164 17.147206 17.14922 17.151205 17.153163 17.155094 17.156998 17.158876 17.160727 17.162552 17.164351 17.166125 17.167875 17.169599 17.171299 17.172975 17.174627 17.176255 17.177861 17.179443 17.181002 17.18254 17.184055 17.185548 17.187019 17.188469 17.189898 17.191306 17.192694 17.194061 17.195408 17.196735 17.198043 17.199331 17.2006 17.20185 17.203082 17.204295 17.205489 17.206666 17.207824
17.094592 17.097275 17.099922 17.102534 17.10511 17.107652 17.11016 17.112634 17.115075 17.117482 17.119858 17.122201 17.124512 17.126792 17.129041 17.131259 17.133447 17.135605 17.137734 17.139833 17.141904 17.143947 17.145961 17.147947 17.149906 17.151839 17.153744 17.155623 17.157475 17.159302 17.161104 17.16288 17.164632 17.166359 17.168061 17.16974 17.171395 17.173026 17.174635 17.17622 17.177783 17.179324 17.180843 17.18234 17.183815 17.185269 17.186702 17.188115 17.189507 17.190878 17.19223 17.193562 17.194874 17.196167 17.197441 17.198696 17.199933 17.201151 17.202351 17.203533
