Cobbity3/QGIS/1mPRPcon.asc
NCOLS 800
NROWS 450
XLLCORNER 150.66
YLLCORNER -34.028
CELLSIZE 1e-05
NODATA_VALUE -9999
[rows 364 to 389 of 450, columns 360 to 419 of 800]
15.094288 15.112251 15.130111 15.147867 15.165518 15.183064 15.200504 15.217837 15.235064 15.252182 15.269192 15.286094 15.302887 15.319571 15.336145 15.35261 15.368964 15.385208 15.401342 15.417365 15.433278 15.44908 15.464771 15.480352 15.495821 15.511181 15.526429 15.541567 15.556595 15.571512 15.586319 15.601017 15.615604 15.630082 15.644451 15.65871 15.672861 15.686903 15.700838 15.714664 15.728382 15.741994 15.755498 15.768897 15.782189 15.795375 15.808456 15.821432 15.834304 15.847071 15.859735 15.872296 15.884755 15.897111 15.909365 15.921519 15.933571 15.945524 15.957377 15.96913
15.09752 15.115306 15.132993 15.150578 15.168062 15.185444 15.202722 15.219897 15.236968 15.253934 15.270795 15.28755 15.304199 15.320742 15.337177 15.353506 15.369727 15.38584 15.401845 15.417743 15.433532 15.449213 15.464786 15.480251 15.495607 15.510854 15.525994 15.541025 15.555947 15.570762 15.585468 15.600067 15.614558 15.628941 15.643218 15.657387 15.671449 15.685404 15.699253 15.712996 15.726634 15.740166 15.753593 15.766915 15.780132 15.793246 15.806256 15.819162 15.831966 15.844667 15.857267 15.869765 15.882161 15.894457 15.906653 15.918748 15.930745 15.942643 15.954442 15.966144
15.100849 15.118459 15.135973 15.153388 15.170706 15.187924 15.205042 15.222059 15.238975 15.255789 15.272501 15.289109 15.305614 15.322016 15.338313 15.354506 15.370594 15.386577 15.402454 15.418226 15.433892 15.449452 15.464907 15.480255 15.495497 15.510633 15.525663 15.540587 15.555404 15.570116 15.584722 15.599222 15.613616 15.627905 15.642088 15.656166 15.670139 15.684008 15.697772 15.711431 15.724987 15.738439 15.751788 15.765033 15.778176 15.791217 15.804155 15.816992 15.829727 15.842362 15.854896 15.86733 15.879664 15.8919 15.904036 15.916074 15.928014 15.939856 15.951602 15.963251
15.104271 15.121706 15.139048 15.156294 15.173446 15.190501 15.207459 15.224319 15.24108 15.257743 15.274306 15.290769 15.307131 15.323391 15.339551 15.355608 15.371563 15.387415 15.403165 15.418811 15.434354 15.449794 15.46513 15.480362 15.49549 15.510515 15.525435 15.540252 15.554964 15.569573 15.584077 15.598478 15.612776 15.626969 15.64106 15.655047 15.668931 15.682712 15.69639 15.709966 15.72344 15.736812 15.750082 15.763251 15.776319 15.789286 15.802152 15.814919 15.827586 15.840153 15.852622 15.864992 15.877263 15.889437 15.901514 15.913493 15.925376 15.937163 15.948854 15.96045
15.107783 15.125044 15.142214 15.159293 15.176279 15.193172 15.209971 15.226674 15.243282 15.259794 15.276209 15.292526 15.308745 15.324865 15.340887 15.356809 15.372632 15.388354 15.403976 15.419497 15.434917 15.450236 15.465453 15.480569 15.495584 15.510497 15.525308 15.540017 15.554624 15.56913 15.583533 15.597835 15.612036 15.626134 15.640131 15.654027 15.667822 15.681515 15.695108 15.7086 15.721992 15.735283 15.748474 15.761566 15.774558 15.787452 15.800246 15.812942 15.82554 15.83804 15.850442 15.862747 15.874956 15.887068 15.899084 15.911005 15.922831 15.934561 15.946198 15.95774
15.111383 15.12847 15.145471 15.162382 15.179204 15.195935 15.212575 15.229123 15.245578 15.261939 15.278206 15.294378 15.310455 15.326436 15.34232 15.358107 15.373797 15.389389 15.404884 15.42028 15.435577 15.450776 15.465875 15.480875 15.495776 15.510577 15.525279 15.539881 15.554383 15.568785 15.583088 15.59729 15.611394 15.625397 15.639301 15.653105 15.66681 15.680416 15.693923 15.70733 15.72064 15.73385 15.746963 15.759977 15.772894 15.785713 15.798435 15.81106 15.823588 15.83602 15.848356 15.860596 15.872741 15.884792 15.896747 15.908609 15.920376 15.93205 15.943632 15.95512
15.115066 15.131982 15.148813 15.165558 15.182216 15.198787 15.215269 15.231662 15.247964 15.264175 15.280295 15.296323 15.312258 15.328099 15.343846 15.359499 15.375057 15.39052 15.405887 15.421158 15.436333 15.451411 15.466393 15.481277 15.496064 15.510754 15.525346 15.539841 15.554238 15.568537 15.582738 15.596842 15.610848 15.624756 15.638566 15.652279 15.665894 15.679412 15.692833 15.706156 15.719382 15.732512 15.745545 15.758482 15.771323 15.784067 15.796716 15.80927 15.821729 15.834092 15.846362 15.858537 15.870618 15.882606 15.8945 15.906302 15.918011 15.929629 15.941154 15.952588
15.118831 15.135575 15.152238 15.168818 15.185314 15.201724 15.218049 15.234288 15.250438 15.266501 15.282474 15.298358 15.314151 15.329854 15.345465 15.360983 15.37641 15.391743 15.406984 15.42213 15.437183 15.452141 15.467004 15.481773 15.496447 15.511025 15.525508 15.539895 15.554187 15.568383 15.582483 15.596488 15.610396 15.624209 15.637926 15.651547 15.665072 15.678502 15.691836 15.705075 15.718219 15.731267 15.744221 15.757079 15.769844 15.782514 15.79509 15.807572 15.81996 15.832256 15.844458 15.856567 15.868585 15.880509 15.892343 15.904084 15.915735 15.927295 15.938764 15.950144
15.122674 15.139248 15.155744 15.172159 15.188493 15.204745 15.220914 15.236998 15.252998 15.268912 15.28474 15.30048 15.316133 15.331697 15.347172 15.362557 15.377852 15.393057 15.408171 15.423193 15.438123 15.452962 15.467708 15.482361 15.496921 15.511388 15.525762 15.540042 15.554229 15.568322 15.582321 15.596226 15.610037 15.623754 15.637378 15.650907 15.664342 15.677684 15.690932 15.704086 15.717146 15.730113 15.742987 15.755768 15.768456 15.781051 15.793554 15.805964 15.818282 15.830508 15.842643 15.854687 15.866639 15.878501 15.890273 15.901954 15.913546 15.925048 15.936461 15.947785
15.126592 15.142998 15.159327 15.175579 15.191752 15.207846 15.22386 15.239792 15.255641 15.271407 15.28709 15.302687 15.3182 15.333626 15.348965 15.364218 15.379382 15.394459 15.409446 15.424344 15.439153 15.453872 15.468501 15.483039 15.497486 15.511842 15.526106 15.54028 15.554361 15.568351 15.582249 15.596055 15.609769 15.62339 15.63692 15.650357 15.663703 15.676956 15.690117 15.703186 15.716164 15.729049 15.741843 15.754546 15.767157 15.779677 15.792106 15.804444 15.816692 15.828849 15.840916 15.852894 15.864782 15.87658 15.888289 15.89991 15.911442 15.922886 15.934243 15.945511
15.130583 15.146821 15.162985 15.179075 15.195089 15.211025 15.226884 15.242664 15.258364 15.273984 15.289522 15.304977 15.32035 15.335639 15.350844 15.365963 15.380998 15.395946 15.410808 15.425582 15.44027 15.454869 15.469381 15.483804 15.498138 15.512383 15.526539 15.540605 15.554582 15.568469 15.582266 15.595973 15.609589 15.623115 15.636551 15.649897 15.663152 15.676317 15.689391 15.702376 15.71527 15.728074 15.740788 15.753412 15.765946 15.77839 15.790746 15.803012 15.815188 15.827276 15.839276 15.851187 15.863009 15.874744 15.886391 15.897951 15.909423 15.920809 15.932108 15.943321
15.134644 15.150715 15.166716 15.182644 15.198499 15.21428 15.229985 15.245614 15.261165 15.276639 15.292033 15.307347 15.322581 15.337733 15.352804 15.367791 15.382696 15.397517 15.412253 15.426905 15.441471 15.455952 15.470346 15.484655 15.498876 15.513011 15.527058 15.541018 15.55489 15.568674 15.582369 15.595977 15.609496 15.622927 15.636269 15.649523 15.662688 15.675765 15.688752 15.701652 15.714462 15.727184 15.739818 15.752364 15.764821 15.77719 15.789471 15.801665 15.81377 15.825789 15.83772 15.849564 15.861321 15.872992 15.884577 15.896075 15.907487 15.918814 15.930056 15.941213
15.138772 15.154678 15.170516 15.186284 15.201982 15.217607 15.23316 15.248638 15.264042 15.27937 15.294621 15.309795 15.32489 15.339907 15.354843 15.3697 15.384475 15.399169 15.41378 15.428309 15.442755 15.457117 15.471395 15.485589 15.499698 15.513722 15.527661 15.541514 15.555282 15.568963 15.582558 15.596067 15.609489 15.622824 15.636073 15.649235 15.662309 15.675297 15.688199 15.701013 15.71374 15.72638 15.738934 15.7514 15.76378 15.776074 15.788281 15.800402 15.812436 15.824385 15.836248 15.848025 15.859717 15.871323 15.882845 15.894281 15.905634 15.916902 15.928086 15.939186
15.142965 15.158707 15.174383 15.189992 15.205533 15.221005 15.236406 15.251735 15.266992 15.282175 15.297284 15.312318 15.327276 15.342157 15.356961 15.371686 15.386333 15.4009 15.415387 15.429794 15.444119 15.458363 15.472525 15.486605 15.500602 15.514516 15.528347 15.542094 15.555757 15.569335 15.58283 15.596239 15.609564 15.622805 15.63596 15.64903 15.662014 15.674914 15.687728 15.700457 15.713101 15.725659 15.738132 15.75052 15.762823 15.775041 15.787174 15.799221 15.811185 15.823063 15.834858 15.846568 15.858194 15.869736 15.881194 15.892569 15.903861 15.915069 15.926195 15.937239
15.14722 15.162799 15.178315 15.193766 15.209152 15.22447 15.239721 15.254902 15.270013 15.285052 15.30002 15.314915 15.329736 15.344482 15.359153 15.373749 15.388267 15.402708 15.417071 15.431356 15.445562 15.459688 15.473735 15.487701 15.501586 15.51539 15.529113 15.542754 15.556313 15.569789 15.583183 15.596494 15.609722 15.622867 15.635928 15.648907 15.661801 15.674613 15.68734 15.699984 15.712544 15.72502 15.737413 15.749722 15.761947 15.774089 15.786148 15.798123 15.810014 15.821823 15.833548 15.845191 15.856751 15.868228 15.879623 15.890936 15.902167 15.913316 15.924384 15.93537
15.151534 15.166952 15.182309 15.197604 15.212835 15.228001 15.243102 15.258136 15.273102 15.287999 15.302826 15.317582 15.332267 15.34688 15.361419 15.375885 15.390276 15.404591 15.418831 15.432995 15.447081 15.461091 15.475022 15.488874 15.502648 15.516343 15.529958 15.543493 15.556948 15.570322 15.583616 15.596828 15.609959 15.623009 15.635977 15.648864 15.661669 15.674391 15.687032 15.699591 15.712067 15.724462 15.736774 15.749004 15.761152 15.773218 15.785202 15.797103 15.808923 15.820662 15.832318 15.843893 15.855387 15.8668 15.878131 15.889382 15.900552 15.911641 15.92265 15.93358
15.155906 15.171164 15.186363 15.201502 15.21658 15.231595 15.246547 15.261435 15.276257 15.291012 15.3057 15.320319 15.334868 15.349348 15.363756 15.378093 15.392357 15.406548 15.420665 15.434708 15.448675 15.462568 15.476384 15.490124 15.503786 15.517372 15.530879 15.544309 15.55766 15.570933 15.584126 15.59724 15.610275 15.62323 15.636105 15.6489 15.661615 15.674249 15.686803 15.699277 15.71167 15.723982 15.736214 15.748365 15.760435 15.772425 15.784334 15.796163 15.807911 15.819579 15.831167 15.842674 15.854101 15.865449 15.876717 15.887905 15.899014 15.910043 15.920993 15.931865
15.160333 15.175431 15.190474 15.205459 15.220385 15.235251 15.250055 15.264797 15.279476 15.29409 15.308639 15.323122 15.337537 15.351884 15.366162 15.38037 15.394508 15.408575 15.42257 15.436492 15.450342 15.464118 15.477819 15.491447 15.504999 15.518475 15.531876 15.545201 15.558448 15.571619 15.584713 15.597729 15.610667 15.623527 15.636309 15.649013 15.661638 15.674184 15.686651 15.69904 15.711349 15.723579 15.735731 15.747803 15.759796 15.771709 15.783544 15.795299 15.806976 15.818573 15.830092 15.841531 15.852892 15.864174 15.875378 15.886504 15.897551 15.90852 15.919412 15.930226
15.164812 15.179753 15.19464 15.209472 15.224247 15.238964 15.253622 15.26822 15.282757 15.297231 15.311642 15.325989 15.34027 15.354486 15.368634 15.382715 15.396728 15.410671 15.424544 15.438347 15.452079 15.465739 15.479327 15.492842 15.506284 15.519652 15.532946 15.546166 15.55931 15.57238 15.585374 15.598292 15.611134 15.6239 15.636589 15.649201 15.661736 15.674194 15.686575 15.698879 15.711105 15.723253 15.735324 15.747317 15.759232 15.77107 15.782829 15.794512 15.806116 15.817643 15.829092 15.840464 15.851758 15.862975 15.874115 15.885178 15.896163 15.907072 15.917905 15.928661
15.169341 15.184126 15.198859 15.213539 15.228165 15.242735 15.257247 15.271702 15.286098 15.300433 15.314707 15.328919 15.343068 15.357152 15.371172 15.385126 15.399013 15.412834 15.426586 15.44027 15.453885 15.467429 15.480904 15.494307 15.507639 15.5209 15.534088 15.547203 15.560245 15.573213 15.586108 15.598928 15.611674 15.624345 15.636942 15.649463 15.661909 15.674279 15.686573 15.698792 15.710934 15.723001 15.734991 15.746905 15.758743 15.770504 15.782189 15.793798 15.805331 15.816787 15.828167 15.83947 15.850698 15.86185 15.872925 15.883925 15.894849 15.905697 15.916471 15.927168
15.173918 15.188549 15.203129 15.217659 15.232136 15.246559 15.260928 15.275241 15.289496 15.303693 15.317832 15.331909 15.345926 15.359881 15.373772 15.3876 15.401364 15.415062 15.428694 15.442259 15.455757 15.469187 15.482549 15.495841 15.509064 15.522217 15.535299 15.54831 15.561249 15.574117 15.586913 15.599636 15.612286 15.624863 15.637367 15.649797 15.662153 15.674436 15.686644 15.698778 15.710837 15.722821 15.734731 15.746566 15.758327 15.770012 15.781622 15.793158 15.804618 15.816004 15.827314 15.83855 15.849711 15.860797 15.871808 15.882745 15.893607 15.904395 15.915108 15.925748
15.178541 15.193018 15.207448 15.221828 15.236158 15.250436 15.264662 15.278833 15.29295 15.30701 15.321013 15.334958 15.348844 15.362669 15.376434 15.390137 15.403777 15.417353 15.430865 15.444313 15.457695 15.471011 15.48426 15.497442 15.510556 15.523601 15.536578 15.549485 15.562323 15.57509 15.587787 15.600413 15.612968 15.625451 15.637863 15.650202 15.662469 15.674664 15.686786 15.698835 15.710811 15.722714 15.734543 15.7463 15.757982 15.769592 15.781127 15.792589 15.803978 15.815292 15.826533 15.837701 15.848795 15.859815 15.870762 15.881636 15.892436 15.903163 15.913817 15.924398
15.183208 15.197533 15.211812 15.226045 15.240229 15.254363 15.268447 15.282479 15.296457 15.310382 15.324251 15.338064 15.351819 15.365516 15.379154 15.392733 15.40625 15.419706 15.433099 15.446429 15.459696 15.472898 15.486036 15.499107 15.512113 15.525052 15.537923 15.550727 15.563463 15.576131 15.588729 15.601258 15.613718 15.626108 15.638427 15.650676 15.662854 15.674961 15.686997 15.698962 15.710855 15.722676 15.734425 15.746103 15.757708 15.769241 15.780702 15.792091 15.803407 15.814651 15.825823 15.836922 15.847949 15.858904 15.869786 15.880597 15.891335 15.902001 15.912595 15.923117
15.187917 15.202091 15.216222 15.230308 15.244347 15.258339 15.272282 15.286175 15.300017 15.313806 15.327542 15.341224 15.35485 15.36842 15.381932 15.395387 15.408782 15.422118 15.435393 15.448607 15.461759 15.474848 15.487874 15.500836 15.513734 15.526566 15.539333 15.552035 15.564669 15.577237 15.589738 15.60217 15.614535 15.626831 15.639059 15.651218 15.663307 15.675327 15.687277 15.699157 15.710967 15.722707 15.734376 15.745975 15.757503 15.76896 15.780347 15.791662 15.802906 15.814079 15.825181 15.836213 15.847173 15.858061 15.868879 15.879626 15.890302 15.900907 15.911442 15.921906
15.192665 15.20669 15.220674 15.234614 15.24851 15.262361 15.276164 15.289919 15.303625 15.317281 15.330885 15.344436 15.357934 15.371378 15.384765 15.398097 15.411371 15.424588 15.437745 15.450843 15.463881 15.476858 15.489773 15.502626 15.515417 15.528144 15.540807 15.553405 15.565939 15.578408 15.590811 15.603147 15.615418 15.627621 15.639757 15.651826 15.663827 15.675759 15.687624 15.69942 15.711147 15.722806 15.734395 15.745915 15.757366 15.768747 15.780059 15.791301 15.802473 15.813575 15.824608 15.835571 15.846464 15.857287 15.86804 15.878724 15.889338 15.899882 15.910356 15.920761
15.197451 15.211329 15.225166 15.238963 15.252717 15.266427 15.280092 15.293711 15.307282 15.320805 15.334278 15.3477 15.361071 15.374388 15.387652 15.400862 15.414016 15.427114 15.440154 15.453137 15.466062 15.478927 15.491732 15.504476 15.51716 15.529782 15.542341 15.554838 15.567272 15.579641 15.591947 15.604188 15.616364 15.628475 15.64052 15.652498 15.664411 15.676257 15.688036 15.699748 15.711393 15.72297 15.734479 15.745921 15.757295 15.7686 15.779837 15.791006 15.802106 15.813138 15.824101 15.834996 15.845822 15.856579 15.867268 15.877888 15.888439 15.898922 15.909337 15.919683
