Cobbity3/QGIS/1mPRPcon.asc
NCOLS 800
NROWS 450
XLLCORNER 150.66
YLLCORNER -34.028
CELLSIZE 1e-05
NODATA_VALUE -9999
[rows 208 to 233 of 450, columns 480 to 539 of 800]
17.974856 17.971874 17.968899 17.965931 17.962971 17.960017 17.957071 17.954132 17.951201 17.948278 17.945363 17.942456 17.939557 17.936666 17.933784 17.930911 17.928046 17.92519 17.922343 17.919505 17.916676 17.913855 17.911044 17.908242 17.90545 17.902666 17.899892 17.897127 17.894372 17.891626 17.888889 17.886162 17.883445 17.880737 17.878038 17.875349 17.87267 17.87 17.86734 17.86469 17.862049 17.859417 17.856796 17.854184 17.851581 17.848988 17.846405 17.843831 17.841267 17.838713 17.836168 17.833632 17.831106 17.82859 17.826083 17.823585 17.821097 17.818619 17.81615 17.81369
17.9625 17.959641 17.956786 17.953937 17.951093 17.948255 17.945423 17.942597 17.939777 17.936964 17.934157 17.931357 17.928564 17.925778 17.922999 17.920227 17.917463 17.914706 17.911957 17.909216 17.906482 17.903756 17.901038 17.898328 17.895626 17.892933 17.890247 17.88757 17.884901 17.882241 17.879589 17.876946 17.874311 17.871684 17.869066 17.866457 17.863856 17.861265 17.858681 17.856107 17.853541 17.850984 17.848436 17.845896 17.843366 17.840844 17.838331 17.835826 17.833331 17.830844 17.828366 17.825897 17.823436 17.820985 17.818542 17.816108 17.813682 17.811266 17.808858 17.806459
17.950128 17.94739 17.944656 17.941925 17.939198 17.936476 17.933758 17.931044 17.928336 17.925632 17.922934 17.920241 17.917554 17.914872 17.912196 17.909526 17.906862 17.904204 17.901553 17.898908 17.89627 17.893639 17.891014 17.888396 17.885785 17.883181 17.880585 17.877995 17.875413 17.872838 17.870271 17.867711 17.865159 17.862614 17.860077 17.857547 17.855025 17.852511 17.850005 17.847507 17.845016 17.842533 17.840059 17.837592 17.835133 17.832682 17.830239 17.827804 17.825377 17.822958 17.820547 17.818144 17.815749 17.813363 17.810984 17.808613 17.806251 17.803896 17.801549 17.799211
17.93774 17.935124 17.93251 17.929898 17.927288 17.924681 17.922077 17.919476 17.916879 17.914285 17.911695 17.909108 17.906527 17.903949 17.901376 17.898808 17.896244 17.893686 17.891132 17.888584 17.886042 17.883505 17.880973 17.878447 17.875927 17.873413 17.870906 17.868404 17.865908 17.863419 17.860936 17.85846 17.85599 17.853527 17.851071 17.848621 17.846178 17.843742 17.841312 17.83889 17.836475 17.834066 17.831665 17.829271 17.826884 17.824504 17.822131 17.819765 17.817407 17.815056 17.812712 17.810376 17.808046 17.805724 17.80341 17.801103 17.798803 17.79651 17.794225 17.791948
17.925339 17.922844 17.92035 17.917856 17.915363 17.912872 17.910381 17.907893 17.905406 17.902922 17.90044 17.897961 17.895485 17.893011 17.890541 17.888074 17.885611 17.883152 17.880696 17.878245 17.875798 17.873355 17.870917 17.868483 17.866054 17.86363 17.861211 17.858797 17.856388 17.853984 17.851586 17.849193 17.846806 17.844424 17.842049 17.839678 17.837314 17.834956 17.832604 17.830257 17.827917 17.825583 17.823255 17.820934 17.818619 17.81631 17.814007 17.811711 17.809421 17.807138 17.804862 17.802591 17.800328 17.798071 17.795821 17.793577 17.79134 17.78911 17.786886 17.784669
17.912926 17.910553 17.908178 17.905802 17.903426 17.90105 17.898673 17.896297 17.893921 17.891546 17.889173 17.8868 17.884429 17.88206 17.879692 17.877327 17.874964 17.872604 17.870246 17.867891 17.86554 17.863191 17.860846 17.858504 17.856166 17.853832 17.851501 17.849175 17.846852 17.844534 17.842221 17.839912 17.837607 17.835307 17.833012 17.830721 17.828436 17.826156 17.82388 17.82161 17.819345 17.817086 17.814831 17.812582 17.810339 17.808101 17.805869 17.803642 17.801421 17.799206 17.796997 17.794793 17.792595 17.790403 17.788217 17.786037 17.783863 17.781695 17.779532 17.777376
17.900503 17.89825 17.895995 17.893738 17.891478 17.889216 17.886954 17.884689 17.882424 17.880159 17.877893 17.875627 17.873361 17.871096 17.868831 17.866567 17.864304 17.862043 17.859783 17.857525 17.855268 17.853014 17.850762 17.848512 17.846265 17.84402 17.841778 17.839539 17.837304 17.835071 17.832842 17.830616 17.828394 17.826176 17.823961 17.821751 17.819544 17.817342 17.815143 17.812949 17.810759 17.808574 17.806393 17.804217 17.802046 17.799879 17.797717 17.79556 17.793407 17.79126 17.789118 17.78698 17.784848 17.782721 17.780599 17.778483 17.776372 17.774266 17.772165 17.77007
17.888071 17.88594 17.883804 17.881664 17.87952 17.877374 17.875224 17.873072 17.870917 17.868761 17.866603 17.864443 17.862283 17.860121 17.857959 17.855796 17.853633 17.851471 17.849308 17.847146 17.844985 17.842825 17.840666 17.838508 17.836351 17.834196 17.832043 17.829892 17.827742 17.825595 17.823451 17.821308 17.819169 17.817032 17.814898 17.812767 17.810639 17.808515 17.806393 17.804275 17.802161 17.80005 17.797942 17.795839 17.793739 17.791643 17.789552 17.787464 17.78538 17.783301 17.781226 17.779155 17.777089 17.775026 17.772969 17.770916 17.768868 17.766824 17.764785 17.76275
17.875633 17.873622 17.871605 17.869582 17.867555 17.865523 17.863486 17.861446 17.859402 17.857354 17.855303 17.85325 17.851194 17.849136 17.847077 17.845015 17.842952 17.840888 17.838823 17.836758 17.834691 17.832625 17.830559 17.828492 17.826426 17.824361 17.822296 17.820232 17.81817 17.816108 17.814048 17.811989 17.809932 17.807877 17.805823 17.803772 17.801723 17.799676 17.797631 17.795589 17.79355 17.791513 17.789479 17.787449 17.785421 17.783396 17.781374 17.779356 17.777341 17.77533 17.773322 17.771317 17.769316 17.767319 17.765326 17.763337 17.761351 17.75937 17.757392 17.755419
17.863189 17.861298 17.8594 17.857495 17.855583 17.853665 17.851742 17.849812 17.847878 17.84594 17.843996 17.842049 17.840098 17.838144 17.836186 17.834225 17.832262 17.830297 17.828329 17.826359 17.824388 17.822416 17.820442 17.818467 17.816492 17.814516 17.81254 17.810563 17.808587 17.80661 17.804634 17.802659 17.800684 17.79871 17.796737 17.794766 17.792795 17.790826 17.788858 17.786892 17.784928 17.782966 17.781005 17.779047 17.777091 17.775137 17.773186 17.771237 17.76929 17.767347 17.765406 17.763468 17.761533 17.759601 17.757672 17.755746 17.753823 17.751904 17.749988 17.748075
17.850742 17.848971 17.847191 17.845403 17.843606 17.841802 17.839991 17.838174 17.836349 17.834519 17.832683 17.830841 17.828995 17.827144 17.825288 17.823428 17.821565 17.819697 17.817827 17.815953 17.814077 17.812198 17.810317 17.808434 17.806549 17.804662 17.802774 17.800885 17.798995 17.797103 17.795212 17.79332 17.791427 17.789534 17.787642 17.78575 17.783857 17.781966 17.780075 17.778185 17.776296 17.774408 17.772521 17.770635 17.76875 17.766868 17.764986 17.763107 17.761229 17.759353 17.75748 17.755608 17.753739 17.751872 17.750007 17.748144 17.746285 17.744427 17.742573 17.740721
17.838292 17.836641 17.834979 17.833307 17.831626 17.829936 17.828237 17.826531 17.824816 17.823094 17.821364 17.819629 17.817886 17.816138 17.814384 17.812625 17.810861 17.809092 17.807318 17.80554 17.803759 17.801973 17.800185 17.798393 17.796598 17.7948 17.793001 17.791198 17.789394 17.787588 17.785781 17.783971 17.782161 17.78035 17.778537 17.776724 17.774911 17.773097 17.771283 17.769469 17.767654 17.76584 17.764027 17.762213 17.760401 17.758589 17.756778 17.754967 17.753158 17.75135 17.749544 17.747738 17.745934 17.744132 17.742332 17.740533 17.738736 17.736941 17.735148 17.733357
17.825842 17.82431 17.822766 17.821211 17.819645 17.818068 17.816481 17.814885 17.813279 17.811665 17.810042 17.808412 17.806774 17.805128 17.803476 17.801817 17.800152 17.798481 17.796804 17.795122 17.793434 17.791742 17.790046 17.788345 17.78664 17.784932 17.78322 17.781505 17.779787 17.778066 17.776342 17.774616 17.772888 17.771157 17.769425 17.767692 17.765956 17.76422 17.762482 17.760744 17.759004 17.757264 17.755524 17.753783 17.752042 17.750301 17.74856 17.746819 17.745078 17.743338 17.741598 17.739859 17.738121 17.736384 17.734647 17.732912 17.731177 17.729444 17.727713 17.725983
17.813394 17.81198 17.810554 17.809114 17.807662 17.806199 17.804724 17.803238 17.801741 17.800235 17.798718 17.797193 17.795658 17.794115 17.792564 17.791005 17.789439 17.787865 17.786285 17.784698 17.783106 17.781507 17.779902 17.778292 17.776678 17.775058 17.773434 17.771806 17.770173 17.768537 17.766897 17.765254 17.763607 17.761958 17.760306 17.758652 17.756995 17.755335 17.753674 17.752011 17.750347 17.748681 17.747013 17.745345 17.743675 17.742005 17.740334 17.738662 17.73699 17.735317 17.733645 17.731972 17.730299 17.728626 17.726954 17.725282 17.723611 17.72194 17.720269 17.7186
17.800948 17.799653 17.798343 17.797019 17.795681 17.79433 17.792967 17.791591 17.790203 17.788803 17.787393 17.785972 17.784541 17.783101 17.781651 17.780191 17.778724 17.777248 17.775764 17.774272 17.772773 17.771267 17.769755 17.768236 17.766711 17.76518 17.763643 17.762101 17.760555 17.759003 17.757447 17.755886 17.754322 17.752753 17.751181 17.749605 17.748027 17.746445 17.74486 17.743273 17.741683 17.740091 17.738496 17.7369 17.735302 17.733702 17.732101 17.730498 17.728894 17.727289 17.725683 17.724077 17.722469 17.720861 17.719253 17.717644 17.716036 17.714427 17.712818 17.711209
17.788507 17.787329 17.786136 17.784927 17.783703 17.782464 17.781212 17.779945 17.778666 17.777373 17.776069 17.774752 17.773424 17.772086 17.770736 17.769377 17.768007 17.766628 17.76524 17.763844 17.762439 17.761025 17.759604 17.758176 17.75674 17.755298 17.753849 17.752393 17.750932 17.749465 17.747992 17.746514 17.745031 17.743543 17.742051 17.740554 17.739053 17.737549 17.73604 17.734528 17.733013 17.731494 17.729973 17.728449 17.726922 17.725393 17.723861 17.722327 17.720792 17.719254 17.717715 17.716175 17.714633 17.713089 17.711545 17.71 17.708453 17.706906 17.705359 17.703811
17.776071 17.775011 17.773934 17.77284 17.771729 17.770602 17.76946 17.768303 17.767131 17.765945 17.764746 17.763533 17.762308 17.761071 17.759822 17.758562 17.757291 17.756009 17.754716 17.753414 17.752103 17.750782 17.749452 17.748114 17.746768 17.745414 17.744052 17.742683 17.741306 17.739924 17.738534 17.737139 17.735737 17.73433 17.732917 17.731499 17.730076 17.728648 17.727216 17.725779 17.724338 17.722893 17.721445 17.719992 17.718537 17.717078 17.715616 17.714151 17.712684 17.711214 17.709741 17.708267 17.70679 17.705311 17.703831 17.702348 17.700865 17.69938 17.697893 17.696406
17.763643 17.7627 17.761738 17.760758 17.75976 17.758745 17.757713 17.756664 17.7556 17.75452 17.753426 17.752317 17.751195 17.750059 17.74891 17.747749 17.746575 17.74539 17.744193 17.742985 17.741767 17.740538 17.7393 17.738052 17.736794 17.735528 17.734253 17.73297 17.731679 17.73038 17.729074 17.72776 17.72644 17.725113 17.72378 17.72244 17.721095 17.719744 17.718387 17.717026 17.715659 17.714288 17.712912 17.711531 17.710147 17.708758 17.707366 17.70597 17.70457 17.703168 17.701762 17.700353 17.698941 17.697527 17.696111 17.694691 17.69327 17.691847 17.690422 17.688994
17.751223 17.750397 17.749551 17.748684 17.747799 17.746894 17.745972 17.745032 17.744074 17.743101 17.742111 17.741106 17.740085 17.73905 17.738001 17.736938 17.735862 17.734773 17.733671 17.732558 17.731432 17.730295 17.729148 17.727989 17.726821 17.725642 17.724454 17.723257 17.722051 17.720836 17.719612 17.718381 17.717141 17.715895 17.71464 17.713379 17.712111 17.710837 17.709556 17.70827 17.706977 17.705679 17.704375 17.703067 17.701753 17.700435 17.699112 17.697784 17.696453 17.695117 17.693778 17.692435 17.691088 17.689739 17.688385 17.687029 17.68567 17.684309 17.682944 17.681578
17.738814 17.738104 17.737372 17.736619 17.735845 17.735051 17.734238 17.733406 17.732555 17.731687 17.730801 17.729899 17.72898 17.728046 17.727096 17.726131 17.725152 17.724159 17.723152 17.722132 17.7211 17.720055 17.718997 17.717929 17.716849 17.715758 17.714656 17.713544 17.712422 17.711291 17.71015 17.709 17.707842 17.706675 17.7055 17.704317 17.703126 17.701928 17.700723 17.699511 17.698293 17.697068 17.695837 17.694599 17.693357 17.692108 17.690855 17.689596 17.688332 17.687063 17.68579 17.684513 17.683231 17.681946 17.680656 17.679363 17.678066 17.676766 17.675463 17.674156
17.726417 17.725823 17.725205 17.724564 17.723902 17.723218 17.722513 17.721789 17.721044 17.720281 17.719499 17.718699 17.717882 17.717048 17.716197 17.71533 17.714447 17.71355 17.712638 17.711711 17.710771 17.709817 17.70885 17.70787 17.706879 17.705875 17.704859 17.703833 17.702795 17.701747 17.700689 17.699621 17.698543 17.697455 17.696359 17.695254 17.694141 17.693019 17.691889 17.690752 17.689607 17.688455 17.687296 17.68613 17.684958 17.683779 17.682595 17.681404 17.680208 17.679007 17.6778 17.676588 17.675371 17.674149 17.672923 17.671693 17.670458 17.66922 17.667977 17.666731
17.714034 17.713554 17.713049 17.712521 17.711969 17.711395 17.710799 17.710181 17.709542 17.708884 17.708205 17.707507 17.706791 17.706056 17.705304 17.704535 17.703748 17.702946 17.702128 17.701294 17.700446 17.699583 17.698706 17.697816 17.696912 17.695995 17.695065 17.694124 17.69317 17.692205 17.691229 17.690242 17.689245 17.688237 17.687219 17.686192 17.685155 17.684109 17.683055 17.681992 17.680921 17.679841 17.678754 17.67766 17.676558 17.675449 17.674333 17.673211 17.672082 17.670948 17.669807 17.66866 17.667508 17.66635 17.665188 17.66402 17.662847 17.66167 17.660488 17.659302
17.701665 17.701299 17.700908 17.700491 17.70005 17.699584 17.699096 17.698584 17.698051 17.697496 17.69692 17.696324 17.695708 17.695073 17.694419 17.693747 17.693057 17.692349 17.691625 17.690884 17.690127 17.689355 17.688568 17.687765 17.686949 17.686119 17.685275 17.684418 17.683548 17.682666 17.681772 17.680866 17.679948 17.67902 17.67808 17.677131 17.676171 17.675201 17.674221 17.673232 17.672234 17.671228 17.670212 17.669189 17.668157 17.667118 17.666071 17.665017 17.663955 17.662887 17.661812 17.660731 17.659643 17.658549 17.65745 17.656345 17.655234 17.654118 17.652997 17.65187
17.689312 17.68906 17.688781 17.688475 17.688144 17.687787 17.687405 17.687 17.686572 17.68612 17.685647 17.685152 17.684636 17.6841 17.683543 17.682967 17.682373 17.68176 17.681129 17.68048 17.679815 17.679133 17.678435 17.677721 17.676992 17.676248 17.675489 17.674717 17.673931 17.673131 17.672318 17.671493 17.670655 17.669806 17.668944 17.668072 17.667188 17.666294 17.665389 17.664474 17.663549 17.662615 17.661671 17.660719 17.659757 17.658787 17.657809 17.656822 17.655828 17.654826 17.653817 17.652801 17.651777 17.650747 17.649711 17.648668 17.647619 17.646564 17.645503 17.644437
17.676977 17.676838 17.676671 17.676475 17.676253 17.676004 17.675729 17.675429 17.675105 17.674757 17.674385 17.673991 17.673575 17.673137 17.672678 17.672198 17.671698 17.671179 17.670641 17.670085 17.66951 17.668918 17.668309 17.667683 17.667041 17.666383 17.665709 17.665021 17.664318 17.6636 17.662869 17.662124 17.661366 17.660595 17.659812 17.659016 17.658208 17.657389 17.656559 17.655718 17.654866 17.654004 17.653132 17.652249 17.651358 17.650457 17.649547 17.648628 17.647701 17.646765 17.645822 17.64487 17.643911 17.642945 17.641971 17.64099 17.640003 17.639009 17.638008 17.637002
17.664661 17.664635 17.664578 17.664493 17.664379 17.664237 17.664069 17.663874 17.663653 17.663407 17.663137 17.662843 17.662526 17.662186 17.661823 17.66144 17.661035 17.660609 17.660164 17.659699 17.659215 17.658712 17.658192 17.657653 17.657097 17.656525 17.655936 17.655331 17.654711 17.654075 17.653425 17.65276 17.652082 17.651389 17.650683 17.649964 17.649233 17.648489 17.647733 17.646965 17.646186 17.645395 17.644594 17.643782 17.64296 17.642128 17.641287 17.640435 17.639575 17.638705 17.637827 17.63694 17.636045 17.635142 17.634231 17.633312 17.632386 17.631453 17.630513 17.629566
