Cobbity3/QGIS/2mPRPcon.asc
NCOLS 800
NROWS 450
XLLCORNER 150.66
YLLCORNER -34.028
CELLSIZE 1e-05
NODATA_VALUE -9999
[rows 104 to 129 of 450, columns 600 to 659 of 800]
9.4242638 9.4220595 9.4198688 9.4176917 9.415528 9.4133775 9.4112403 9.4091161 9.407005 9.4049067 9.4028213 9.4007486 9.3986885 9.3966409 9.3946058 9.392583 9.3905724 9.388574 9.3865877 9.3846133 9.3826509 9.3807002 9.3787612 9.3768339 9.3749181 9.3730138 9.3711208 9.3692391 9.3673686 9.3655093 9.363661 9.3618236 9.3599972 9.3581815 9.3563766 9.3545823 9.3527985 9.3510253 9.3492625 9.34751 9.3457678 9.3440358 9.3423139 9.340602 9.3389002 9.3372082 9.3355261 9.3338537 9.332191 9.3305379 9.3288944 9.3272604 9.3256358 9.3240205 9.3224145 9.3208178 9.3192302 9.3176516 9.3160822 9.3145216
9.4239838 9.4217826 9.419595 9.4174208 9.4152601 9.4131126 9.4109783 9.4088571 9.4067488 9.4046535 9.4025709 9.400501 9.3984437 9.3963989 9.3943666 9.3923465 9.3903387 9.388343 9.3863593 9.3843876 9.3824277 9.3804797 9.3785433 9.3766185 9.3747053 9.3728035 9.370913 9.3690338 9.3671658 9.3653089 9.363463 9.3616281 9.359804 9.3579907 9.3561881 9.3543961 9.3526147 9.3508437 9.3490832 9.347333 9.345593 9.3438631 9.3421434 9.3404337 9.338734 9.3370442 9.3353641 9.3336938 9.3320332 9.3303822 9.3287407 9.3271087 9.3254861 9.3238728 9.3222688 9.3206739 9.3190883 9.3175116 9.315944 9.3143854
9.423682 9.421484 9.4192996 9.4171286 9.414971 9.4128267 9.4106955 9.4085773 9.4064721 9.4043798 9.4023002 9.4002333 9.398179 9.3961371 9.3941076 9.3920905 9.3900855 9.3880926 9.3861118 9.3841429 9.3821858 9.3802405 9.3783068 9.3763848 9.3744742 9.3725751 9.3706872 9.3688107 9.3669452 9.3650909 9.3632476 9.3614151 9.3595936 9.3577827 9.3559826 9.3541931 9.3524141 9.3506455 9.3488873 9.3471395 9.3454018 9.3436743 9.3419569 9.3402495 9.338552 9.3368644 9.3351866 9.3335185 9.33186 9.3302112 9.3285718 9.3269419 9.3253214 9.3237102 9.3221082 9.3205155 9.3189318 9.3173572 9.3157916 9.3142349
9.4233584 9.4211638 9.4189828 9.4168151 9.4146608 9.4125197 9.4103918 9.4082769 9.4061749 9.4040857 9.4020093 9.3999455 9.3978943 9.3958555 9.3938291 9.391815 9.389813 9.3878231 9.3858452 9.3838792 9.3819251 9.3799827 9.3780519 9.3761326 9.3742249 9.3723285 9.3704435 9.3685696 9.3667069 9.3648553 9.3630146 9.3611849 9.3593659 9.3575577 9.3557602 9.3539732 9.3521967 9.3504307 9.348675 9.3469296 9.3451944 9.3434694 9.3417544 9.3400493 9.3383542 9.336669 9.3349935 9.3333277 9.3316715 9.3300249 9.3283878 9.3267601 9.3251418 9.3235328 9.321933 9.3203424 9.3187608 9.3171883 9.3156248 9.3140702
9.4230132 9.4208221 9.4186445 9.4164804 9.4143295 9.4121919 9.4100673 9.4079558 9.4058572 9.4037713 9.4016982 9.3996377 9.3975898 9.3955542 9.393531 9.39152 9.3895212 9.3875344 9.3855597 9.3835967 9.3816456 9.3797062 9.3777784 9.3758622 9.3739574 9.3720639 9.3701818 9.3683108 9.366451 9.3646022 9.3627643 9.3609373 9.3591211 9.3573156 9.3555208 9.3537365 9.3519627 9.3501993 9.3484463 9.3467035 9.3449708 9.3432483 9.3415358 9.3398333 9.3381407 9.3364579 9.3347848 9.3331214 9.3314677 9.3298234 9.3281887 9.3265634 9.3249473 9.3233406 9.3217431 9.3201547 9.3185754 9.3170051 9.3154438 9.3138913
9.4226462 9.4204589 9.418285 9.4161245 9.4139772 9.4118432 9.4097222 9.4076142 9.4055191 9.4034367 9.4013671 9.39931 9.3972654 9.3952332 9.3932134 9.3912057 9.3892102 9.3872267 9.3852551 9.3832954 9.3813475 9.3794113 9.3774866 9.3755735 9.3736717 9.3717814 9.3699022 9.3680343 9.3661774 9.3643315 9.3624966 9.3606725 9.3588592 9.3570566 9.3552646 9.3534831 9.3517121 9.3499514 9.3482011 9.346461 9.3447311 9.3430112 9.3413014 9.3396015 9.3379114 9.3362312 9.3345607 9.3328998 9.3312486 9.3296068 9.3279745 9.3263516 9.324738 9.3231337 9.3215385 9.3199525 9.3183755 9.3168075 9.3152485 9.3136983
9.4222577 9.4200742 9.4179041 9.4157474 9.413604 9.4114737 9.4093564 9.4072521 9.4051606 9.4030819 9.4010159 9.3989624 9.3969213 9.3948927 9.3928763 9.3908721 9.38888 9.3868999 9.3849317 9.3829754 9.3810308 9.3790978 9.3771764 9.3752665 9.373368 9.3714808 9.3696048 9.36774 9.3658863 9.3640435 9.3622116 9.3603905 9.3585802 9.3567806 9.3549915 9.353213 9.3514449 9.3496871 9.3479396 9.3462023 9.3444752 9.3427581 9.341051 9.3393539 9.3376665 9.335989 9.3343211 9.3326629 9.3310143 9.3293751 9.3277454 9.326125 9.3245139 9.3229121 9.3213194 9.3197358 9.3181613 9.3165957 9.315039 9.3134912
9.4218476 9.4196682 9.4175021 9.4153494 9.4132098 9.4110834 9.4089701 9.4068696 9.4047819 9.402707 9.4006447 9.3985949 9.3965576 9.3945326 9.3925198 9.3905192 9.3885307 9.3865541 9.3845895 9.3826366 9.3806955 9.378766 9.376848 9.3749414 9.3730463 9.3711624 9.3692897 9.3674281 9.3655776 9.363738 9.3619093 9.3600914 9.3582842 9.3564877 9.3547017 9.3529262 9.3511611 9.3494063 9.3476618 9.3459275 9.3442033 9.3424891 9.3407849 9.3390905 9.337406 9.3357312 9.3340662 9.3324107 9.3307648 9.3291283 9.3275012 9.3258835 9.3242751 9.3226758 9.3210857 9.3195047 9.3179327 9.3163696 9.3148154 9.3132701
9.4214161 9.4192408 9.4170789 9.4149303 9.4127949 9.4106725 9.4085632 9.4064667 9.404383 9.402312 9.4002536 9.3982077 9.3961742 9.394153 9.392144 9.3901471 9.3881623 9.3861895 9.3842285 9.3822792 9.3803417 9.3784157 9.3765013 9.3745982 9.3727065 9.3708261 9.3689568 9.3670987 9.3652515 9.3634153 9.3615899 9.3597752 9.3579713 9.356178 9.3543952 9.3526228 9.3508609 9.3491092 9.3473678 9.3456365 9.3439153 9.3422041 9.3405029 9.3388115 9.3371299 9.3354581 9.3337959 9.3321432 9.3305001 9.3288665 9.3272422 9.3256272 9.3240215 9.322425 9.3208375 9.3192592 9.3176898 9.3161293 9.3145777 9.3130349
9.4209632 9.4187922 9.4166347 9.4144903 9.4123591 9.410241 9.4081358 9.4060435 9.4039639 9.401897 9.3998426 9.3978007 9.3957712 9.393754 9.3917489 9.3897559 9.387775 9.3858059 9.3838487 9.3819032 9.3799694 9.3780472 9.3761364 9.374237 9.3723489 9.370472 9.3686063 9.3667517 9.364908 9.3630752 9.3612532 9.359442 9.3576414 9.3558514 9.354072 9.3523029 9.3505442 9.3487958 9.3470575 9.3453295 9.3436114 9.3419033 9.3402052 9.3385169 9.3368383 9.3351695 9.3335103 9.3318606 9.3302204 9.3285897 9.3269683 9.3253561 9.3237533 9.3221595 9.3205749 9.3189993 9.3174326 9.3158749 9.314326 9.3127858
9.4204889 9.4183225 9.4161694 9.4140295 9.4119027 9.4097889 9.4076881 9.4056 9.4035247 9.401462 9.3994119 9.3973741 9.3953487 9.3933356 9.3913346 9.3893457 9.3873687 9.3854036 9.3834503 9.3815087 9.3795788 9.3776604 9.3757534 9.3738577 9.3719734 9.3701002 9.3682382 9.3663872 9.3645471 9.3627179 9.3608995 9.3590918 9.3572947 9.3555082 9.3537321 9.3519665 9.3502112 9.3484661 9.3467312 9.3450064 9.3432916 9.3415867 9.3398918 9.3382067 9.3365313 9.3348655 9.3332094 9.3315628 9.3299257 9.3282979 9.3266795 9.3250704 9.3234704 9.3218796 9.3202978 9.3187251 9.3171612 9.3156063 9.3140602 9.3125228
9.4199934 9.4178317 9.4156832 9.4135479 9.4114257 9.4093164 9.40722 9.4051364 9.4030655 9.4010072 9.3989614 9.396928 9.3949068 9.3928979 9.3909011 9.3889164 9.3869435 9.3849825 9.3830333 9.3810958 9.3791698 9.3772554 9.3753523 9.3734606 9.3715801 9.3697108 9.3678525 9.3660053 9.364169 9.3623435 9.3605287 9.3587247 9.3569312 9.3551483 9.3533758 9.3516136 9.3498618 9.3481202 9.3463887 9.3446673 9.3429559 9.3412544 9.3395628 9.3378809 9.3362088 9.3345463 9.3328933 9.3312499 9.3296159 9.3279913 9.326376 9.3247699 9.323173 9.3215852 9.3200064 9.3184366 9.3168757 9.3153237 9.3137804 9.3122459
9.4194767 9.4173198 9.4151761 9.4130455 9.410928 9.4088235 9.4067317 9.4046527 9.4025864 9.4005326 9.3984912 9.3964623 9.3944456 9.392441 9.3904486 9.3884681 9.3864996 9.3845428 9.3825978 9.3806644 9.3787426 9.3768322 9.3749332 9.3730455 9.3711691 9.3693037 9.3674494 9.365606 9.3637736 9.3619519 9.360141 9.3583407 9.356551 9.3547717 9.3530029 9.3512444 9.3494962 9.3477581 9.3460302 9.3443123 9.3426044 9.3409064 9.3392181 9.3375397 9.3358709 9.3342117 9.3325621 9.330922 9.3292912 9.3276698 9.3260577 9.3244548 9.322861 9.3212763 9.3197006 9.3181339 9.316576 9.315027 9.3134867 9.3119551
9.4189389 9.416787 9.4146482 9.4125226 9.4104099 9.4083102 9.4062232 9.404149 9.4020873 9.4000382 9.3980015 9.3959771 9.393965 9.391965 9.389977 9.388001 9.3860368 9.3840845 9.3821438 9.3802147 9.3782972 9.376391 9.3744962 9.3726127 9.3707403 9.3688791 9.3670288 9.3651895 9.363361 9.3615433 9.3597363 9.3579399 9.356154 9.3543786 9.3526136 9.3508588 9.3491143 9.34738 9.3456557 9.3439414 9.3422371 9.3405427 9.338858 9.337183 9.3355177 9.333862 9.3322158 9.3305791 9.3289517 9.3273336 9.3257248 9.3241251 9.3225346 9.3209531 9.3193806 9.317817 9.3162623 9.3147163 9.3131791 9.3116506
9.4183801 9.4162333 9.4140996 9.411979 9.4098714 9.4077766 9.4056946 9.4036252 9.4015685 9.3995242 9.3974922 9.3954726 9.3934652 9.3914698 9.3894865 9.387515 9.3855554 9.3836076 9.3816714 9.3797467 9.3778336 9.3759318 9.3740413 9.3721621 9.370294 9.368437 9.3665909 9.3647557 9.3629313 9.3611177 9.3593147 9.3575223 9.3557405 9.353969 9.3522078 9.350457 9.3487163 9.3469858 9.3452653 9.3435548 9.3418542 9.3401634 9.3384824 9.336811 9.3351493 9.3334971 9.3318545 9.3302212 9.3285973 9.3269826 9.3253772 9.3237809 9.3221937 9.3206156 9.3190463 9.317486 9.3159345 9.3143918 9.3128577 9.3113323
9.4178003 9.4156588 9.4135304 9.411415 9.4093125 9.4072229 9.4051459 9.4030816 9.4010299 9.3989905 9.3969635 9.3949488 9.3929462 9.3909556 9.388977 9.3870103 9.3850554 9.3831122 9.3811806 9.3792606 9.3773519 9.3754546 9.3735686 9.3716938 9.3698301 9.3679774 9.3661356 9.3643047 9.3624846 9.3606752 9.3588764 9.3570881 9.3553103 9.3535429 9.3517858 9.3500389 9.3483022 9.3465756 9.344859 9.3431523 9.3414555 9.3397686 9.3380913 9.3364237 9.3347657 9.3331172 9.3314781 9.3298484 9.3282281 9.326617 9.3250151 9.3234223 9.3218385 9.3202637 9.3186979 9.3171409 9.3155927 9.3140533 9.3125225 9.3110004
9.4171996 9.4150635 9.4129405 9.4108305 9.4087333 9.406649 9.4045773 9.4025182 9.4004716 9.3984373 9.3964154 9.3944057 9.3924081 9.3904225 9.3884488 9.386487 9.3845369 9.3825984 9.3806716 9.3787562 9.3768523 9.3749596 9.3730782 9.3712079 9.3693487 9.3675005 9.3656632 9.3638367 9.3620209 9.3602158 9.3584213 9.3566373 9.3548637 9.3531004 9.3513475 9.3496047 9.3478721 9.3461495 9.3444369 9.3427342 9.3410413 9.3393583 9.3376849 9.3360211 9.3343669 9.3327221 9.3310868 9.3294608 9.3278442 9.3262367 9.3246384 9.3230491 9.3214689 9.3198977 9.3183353 9.3167818 9.3152371 9.313701 9.3121736 9.3106548
9.416578 9.4144476 9.4123302 9.4102257 9.408134 9.4060551 9.4039888 9.401935 9.3998937 9.3978647 9.395848 9.3938434 9.3918509 9.3898704 9.3879018 9.385945 9.3839998 9.3820663 9.3801444 9.3782338 9.3763347 9.3744468 9.3725701 9.3707045 9.3688499 9.3670063 9.3651735 9.3633515 9.3615402 9.3597396 9.3579495 9.3561698 9.3544006 9.3526416 9.3508929 9.3491544 9.3474259 9.3457075 9.343999 9.3423004 9.3406116 9.3389325 9.3372631 9.3356033 9.333953 9.3323121 9.3306806 9.3290585 9.3274455 9.3258418 9.3242472 9.3226617 9.3210851 9.3195175 9.3179587 9.3164087 9.3148675 9.3133349 9.311811 9.3102956
9.4159358 9.4138111 9.4116994 9.4096006 9.4075145 9.4054412 9.4033804 9.4013321 9.3992963 9.3972727 9.3952613 9.3932621 9.3912748 9.3892996 9.3873361 9.3853844 9.3834444 9.3815159 9.379599 9.3776934 9.3757992 9.3739162 9.3720443 9.3701835 9.3683337 9.3664948 9.3646667 9.3628494 9.3610427 9.3592466 9.357461 9.3556859 9.3539211 9.3521666 9.3504222 9.348688 9.3469639 9.3452497 9.3435455 9.341851 9.3401664 9.3384914 9.3368261 9.3351703 9.333524 9.3318871 9.3302596 9.3286413 9.3270323 9.3254324 9.3238416 9.3222599 9.320687 9.3191231 9.317568 9.3160217 9.3144841 9.3129551 9.3114347 9.3099228
9.4152729 9.4131541 9.4110483 9.4089553 9.406875 9.4048074 9.4027523 9.4007097 9.3986794 9.3966613 9.3946555 9.3926617 9.3906799 9.3887099 9.3867518 9.3848054 9.3828706 9.3809473 9.3790355 9.3771351 9.3752459 9.3733679 9.371501 9.3696451 9.3678002 9.3659662 9.3641429 9.3623303 9.3605284 9.358737 9.356956 9.3551855 9.3534253 9.3516753 9.3499354 9.3482057 9.346486 9.3447762 9.3430763 9.3413861 9.3397057 9.338035 9.3363739 9.3347222 9.3330801 9.3314473 9.3298238 9.3282096 9.3266045 9.3250086 9.3234217 9.3218438 9.3202748 9.3187147 9.3171634 9.3156208 9.3140869 9.3125616 9.3110449 9.3095366
9.4145894 9.4124767 9.4103769 9.4082898 9.4062155 9.4041538 9.4021045 9.4000677 9.3980431 9.3960308 9.3940305 9.3920424 9.3900661 9.3881017 9.386149 9.384208 9.3822786 9.3803606 9.3784541 9.3765588 9.3746748 9.372802 9.3709402 9.3690894 9.3672495 9.3654204 9.3636021 9.3617944 9.3599973 9.3582107 9.3564346 9.3546687 9.3529132 9.3511678 9.3494326 9.3477074 9.3459922 9.3442869 9.3425915 9.3409058 9.3392298 9.3375634 9.3359065 9.3342591 9.3326212 9.3309926 9.3293733 9.3277631 9.3261622 9.3245703 9.3229874 9.3214135 9.3198485 9.3182923 9.3167448 9.3152061 9.313676 9.3121545 9.3106414 9.3091369
9.4138854 9.4117789 9.4096853 9.4076044 9.4055361 9.4034804 9.4014371 9.3994062 9.3973875 9.395381 9.3933866 9.3914041 9.3894336 9.3874748 9.3855277 9.3835922 9.3816683 9.3797558 9.3778547 9.3759648 9.3740862 9.3722186 9.370362 9.3685164 9.3666817 9.3648577 9.3630444 9.3612417 9.3594496 9.3576679 9.3558966 9.3541357 9.3523849 9.3506443 9.3489138 9.3471933 9.3454828 9.3437821 9.3420912 9.34041 9.3387385 9.3370765 9.3354241 9.3337811 9.3321474 9.3305231 9.3289081 9.3273022 9.3257054 9.3241176 9.3225389 9.320969 9.3194081 9.3178559 9.3163124 9.3147776 9.3132514 9.3117337 9.3102246 9.3087238
9.413161 9.4110609 9.4089736 9.406899 9.4048369 9.4027874 9.4007503 9.3987254 9.3967128 9.3947122 9.3927237 9.3907471 9.3887824 9.3868294 9.384888 9.3829582 9.3810399 9.379133 9.3772375 9.3753531 9.3734799 9.3716177 9.3697665 9.3679262 9.3660967 9.3642779 9.3624698 9.3606723 9.3588853 9.3571086 9.3553424 9.3535863 9.3518405 9.3501048 9.3483791 9.3466634 9.3449576 9.3432616 9.3415754 9.3398989 9.3382319 9.3365745 9.3349266 9.3332881 9.3316589 9.330039 9.3284283 9.3268267 9.3252342 9.3236507 9.3220762 9.3205105 9.3189536 9.3174055 9.3158661 9.3143354 9.3128132 9.3112995 9.3097942 9.3082974
9.4124163 9.4103227 9.4082419 9.4061737 9.404118 9.4020748 9.4000439 9.3980253 9.3960188 9.3940244 9.392042 9.3900714 9.3881126 9.3861655 9.38423 9.3823061 9.3803935 9.3784924 9.3766024 9.3747237 9.372856 9.3709994 9.3691537 9.3673188 9.3654947 9.3636813 9.3618785 9.3600862 9.3583044 9.3565329 9.3547718 9.3530208 9.35128 9.3495493 9.3478286 9.3461178 9.3444169 9.3427257 9.3410442 9.3393724 9.3377102 9.3360575 9.3344142 9.3327802 9.3311556 9.3295402 9.3279339 9.3263368 9.3247487 9.3231695 9.3215993 9.3200379 9.3184853 9.3169414 9.3154061 9.3138795 9.3123614 9.3108517 9.3093505 9.3078577
9.4116513 9.4095644 9.4074902 9.4054286 9.4033795 9.4013427 9.3993183 9.397306 9.3953058 9.3933177 9.3913414 9.389377 9.3874243 9.3854833 9.3835538 9.3816358 9.3797292 9.3778338 9.3759497 9.3740767 9.3722148 9.3703638 9.3685237 9.3666944 9.3648758 9.3630678 9.3612705 9.3594835 9.357707 9.3559409 9.354185 9.3524392 9.3507036 9.348978 9.3472623 9.3455565 9.3438605 9.3421743 9.3404978 9.3388308 9.3371734 9.3355254 9.3338868 9.3322576 9.3306376 9.3290268 9.3274251 9.3258325 9.3242488 9.3226741 9.3211083 9.3195513 9.318003 9.3164634 9.3149324 9.31341 9.3118961 9.3103906 9.3088935 9.3074047
9.4108662 9.4087861 9.4067187 9.4046638 9.4026214 9.4005912 9.3985733 9.3965676 9.3945739 9.3925921 9.3906222 9.3886641 9.3867176 9.3847828 9.3828594 9.3809475 9.3790469 9.3771575 9.3752794 9.3734122 9.3715561 9.3697109 9.3678766 9.3660529 9.36424 9.3624376 9.3606458 9.3588644 9.3570933 9.3553325 9.353582 9.3518415 9.3501112 9.3483908 9.3466803 9.3449796 9.3432888 9.3416076 9.339936 9.338274 9.3366215 9.3349784 9.3333446 9.3317202 9.3301049 9.3284988 9.3269018 9.3253138 9.3237348 9.3221646 9.3206033 9.3190507 9.3175069 9.3159717 9.3144451 9.312927 9.3114173 9.3099161 9.3084232 9.3069386
