Cobbity3/QGIS/2mPRPcon.asc
NCOLS 800
NROWS 450
XLLCORNER 150.66
YLLCORNER -34.028
CELLSIZE 1e-05
NODATA_VALUE -9999
[rows 130 to 155 of 450, columns 120 to 179 of 800]
9.9207855 9.9297918 9.9389143 9.9481544 9.9575137 9.9669937 9.9765961 9.9863224 9.9961742 10.006153 10.01626 10.026498 10.036867 10.04737 10.058008 10.068782 10.079694 10.090745 10.101938 10.113273 10.124752 10.136377 10.148149 10.160069 10.172138 10.184359 10.196732 10.209259 10.221941 10.234779 10.247774 10.260928 10.274241 10.287713 10.301347 10.315143 10.329101 10.343222 10.357507 10.371955 10.386568 10.401345 10.416285 10.43139 10.446658 10.462089 10.477682 10.493436 10.50935 10.525422 10.541651 10.558035 10.57457 10.591256 10.608087 10.625062 10.642176 10.659424 10.676801 10.694303
9.9139549 9.9229429 9.9320481 9.9412721 9.9506164 9.9600827 9.9696726 9.9793878 9.9892297 9.9992002 10.009301 10.019533 10.029899 10.0404 10.051037 10.061813 10.072728 10.083786 10.094986 10.106331 10.117822 10.129462 10.14125 10.15319 10.165282 10.177527 10.189929 10.202486 10.215202 10.228077 10.241112 10.25431 10.26767 10.281194 10.294883 10.308737 10.322759 10.336947 10.351304 10.365829 10.380524 10.395387 10.41042 10.425622 10.440994 10.456534 10.472243 10.48812 10.504163 10.520372 10.536745 10.55328 10.569976 10.586831 10.60384 10.621003 10.638314 10.655771 10.673368 10.691102
9.9069992 9.9159674 9.9250539 9.9342603 9.9435882 9.9530393 9.9626152 9.9723177 9.9821485 9.9921091 10.002201 10.012427 10.022788 10.033285 10.043921 10.054697 10.065615 10.076677 10.087883 10.099237 10.110739 10.122392 10.134196 10.146154 10.158267 10.170537 10.182965 10.195552 10.208301 10.221212 10.234287 10.247527 10.260934 10.274509 10.288253 10.302166 10.316251 10.330507 10.344936 10.359538 10.374315 10.389266 10.404391 10.419692 10.435168 10.45082 10.466646 10.482647 10.498821 10.515169 10.531688 10.548379 10.565238 10.582265 10.599456 10.616811 10.634325 10.651995 10.669818 10.68779
9.8999172 9.9088642 9.9179305 9.9271177 9.9364276 9.945862 9.9554224 9.9651108 9.9749287 9.9848781 9.9949606 10.005178 10.015532 10.026025 10.036658 10.047433 10.058351 10.069416 10.080628 10.091989 10.1035 10.115165 10.126984 10.138959 10.151092 10.163384 10.175837 10.188454 10.201234 10.214181 10.227295 10.240577 10.25403 10.267655 10.281453 10.295424 10.309572 10.323895 10.338396 10.353076 10.367935 10.382973 10.398192 10.413593 10.429174 10.444937 10.460882 10.477008 10.493316 10.509804 10.526472 10.543319 10.560345 10.577547 10.594924 10.612474 10.630194 10.648083 10.666136 10.684351
9.8927079 9.9016321 9.9106765 9.919843 9.9291334 9.9385494 9.9480927 9.9577653 9.9675689 9.9775054 9.9875765 9.9977841 10.00813 10.018616 10.029245 10.040017 10.050935 10.062001 10.073216 10.084583 10.096103 10.107778 10.11961 10.1316 10.143752 10.156066 10.168543 10.181187 10.193998 10.206979 10.220131 10.233455 10.246953 10.260627 10.274478 10.288507 10.302717 10.317107 10.33168 10.346437 10.361377 10.376504 10.391817 10.407316 10.423004 10.438879 10.454943 10.471196 10.487638 10.504268 10.521086 10.538093 10.555286 10.572666 10.590231 10.607979 10.62591 10.64402 10.662308 10.680771
9.8853702 9.8942698 9.9032908 9.9124349 9.9217041 9.9311 9.9406246 9.9502798 9.9600673 9.9699892 9.9800472 9.9902434 10.00058 10.011058 10.02168 10.032448 10.043363 10.054429 10.065646 10.077017 10.088543 10.100227 10.112071 10.124076 10.136244 10.148578 10.161079 10.173749 10.18659 10.199603 10.212791 10.226156 10.239698 10.25342 10.267323 10.28141 10.295681 10.310137 10.324781 10.339614 10.354637 10.369851 10.385257 10.400856 10.41665 10.432638 10.448822 10.465202 10.481778 10.498551 10.515521 10.532688 10.550051 10.567611 10.585366 10.603315 10.621458 10.639793 10.658319 10.677033
9.8779028 9.8867762 9.895772 9.9048921 9.9141383 9.9235125 9.9330166 9.9426526 9.9524224 9.9623278 9.972371 9.9825539 9.9928785 10.003347 10.013961 10.024723 10.035634 10.046698 10.057915 10.069288 10.08082 10.092511 10.104365 10.116382 10.128566 10.140918 10.15344 10.166135 10.179004 10.192049 10.205272 10.218675 10.232261 10.24603 10.259984 10.274126 10.288458 10.30298 10.317694 10.332603 10.347706 10.363007 10.378506 10.394205 10.410104 10.426205 10.442509 10.459016 10.475728 10.492645 10.509767 10.527095 10.544629 10.56237 10.580316 10.598468 10.616825 10.635387 10.654153 10.673121
9.8703047 9.8791502 9.8881191 9.8972133 9.9064348 9.9157854 9.9252673 9.9348822 9.9446323 9.9545196 9.9645462 9.974714 9.9850252 9.9954818 10.006086 10.01684 10.027745 10.038805 10.050021 10.061395 10.072929 10.084626 10.096487 10.108516 10.120713 10.133082 10.145624 10.158342 10.171237 10.184312 10.197569 10.211009 10.224636 10.238451 10.252455 10.266652 10.281042 10.295629 10.310412 10.325395 10.34058 10.355967 10.371558 10.387355 10.40336 10.419573 10.435997 10.452631 10.469478 10.486539 10.503814 10.521303 10.539009 10.556931 10.57507 10.593425 10.611998 10.630788 10.649796 10.66902
9.8625748 9.8713905 9.8803307 9.8893972 9.8985921 9.9079174 9.917375 9.9269671 9.9366956 9.9465628 9.9565708 9.9667216 9.9770174 9.9874604 9.9980528 10.008797 10.019694 10.030748 10.04196 10.053333 10.064868 10.076569 10.088437 10.100474 10.112683 10.125067 10.137627 10.150366 10.163285 10.176389 10.189677 10.203154 10.21682 10.230679 10.244732 10.258981 10.273429 10.288078 10.30293 10.317987 10.33325 10.348722 10.364405 10.3803 10.396409 10.412734 10.429276 10.446038 10.46302 10.480224 10.497651 10.515302 10.533179 10.551283 10.569614 10.588174 10.606963 10.625982 10.645231 10.664712
9.854712 9.8634962 9.8724057 9.8814426 9.890609 9.8999069 9.9093384 9.9189056 9.9286107 9.9384558 9.9484431 9.9585749 9.9688533 9.9792806 9.9898592 10.000591 10.011479 10.022525 10.033731 10.045101 10.056635 10.068337 10.080209 10.092253 10.104472 10.116869 10.129445 10.142203 10.155145 10.168274 10.181593 10.195103 10.208808 10.222708 10.236808 10.251109 10.265613 10.280323 10.295242 10.31037 10.325711 10.341267 10.357039 10.373031 10.389244 10.405679 10.422339 10.439227 10.456343 10.473689 10.491268 10.50908 10.527128 10.545413 10.563937 10.582701 10.601706 10.620953 10.640445 10.660182
9.8467153 9.8554659 9.8643429 9.8733483 9.8824842 9.8917527 9.901156 9.9106963 9.9203758 9.9301968 9.9401614 9.950272 9.9605309 9.9709405 9.981503 9.9922209 10.003097 10.014133 10.025331 10.036695 10.048226 10.059927 10.071801 10.08385 10.096077 10.108484 10.121074 10.133849 10.146812 10.159965 10.173312 10.186854 10.200594 10.214535 10.228679 10.243029 10.257588 10.272357 10.28734 10.302539 10.317956 10.333594 10.349455 10.365541 10.381856 10.3984 10.415178 10.432189 10.449438 10.466926 10.484655 10.502628 10.520846 10.539311 10.558026 10.576993 10.596213 10.615688 10.635422 10.655414
9.8385837 9.8472988 9.8561412 9.8651129 9.8742163 9.8834534 9.8928264 9.9023377 9.9119895 9.9217841 9.9317239 9.9418111 9.9520483 9.9624379 9.9729822 9.9836837 9.994545 10.005569 10.016757 10.028113 10.039639 10.051337 10.063211 10.075262 10.087494 10.099909 10.112511 10.1253 10.138282 10.151457 10.164829 10.178401 10.192175 10.206154 10.22034 10.234738 10.249348 10.264175 10.27922 10.294487 10.309978 10.325696 10.341644 10.357823 10.374238 10.39089 10.407782 10.424917 10.442297 10.459924 10.477803 10.495934 10.51432 10.532964 10.551869 10.571037 10.590471 10.610173 10.630146 10.650392
9.8303161 9.8389936 9.8477993 9.8567354 9.8658041 9.8750076 9.8843482 9.8938283 9.9034501 9.9132162 9.9231288 9.9331905 9.9434036 9.9537708 9.9642945 9.9749774 9.985822 9.9968308 10.008007 10.019352 10.03087 10.042563 10.054434 10.066485 10.07872 10.091141 10.103752 10.116554 10.129551 10.142745 10.156141 10.169739 10.183545 10.197559 10.211786 10.226228 10.240889 10.25577 10.270876 10.286209 10.301771 10.317567 10.333599 10.349869 10.366382 10.383139 10.400144 10.4174 10.434909 10.452674 10.4707 10.488987 10.50754 10.526361 10.545454 10.564821 10.584466 10.604392 10.624603 10.645101
9.8219116 9.8305494 9.8393163 9.8482145 9.8572463 9.866414 9.87572 9.8851666 9.8947562 9.9044913 9.9143745 9.9244082 9.9345949 9.9449373 9.955438 9.9660997 9.976925 9.9879167 9.9990775 10.01041 10.021918 10.033603 10.045468 10.057517 10.069752 10.082177 10.094793 10.107605 10.120615 10.133826 10.147242 10.160865 10.174699 10.188747 10.203011 10.217496 10.232203 10.247137 10.2623 10.277696 10.293328 10.3092 10.325313 10.341672 10.35828 10.37514 10.392255 10.409629 10.427265 10.445166 10.463336 10.481778 10.500495 10.51949 10.538768 10.558332 10.578186 10.598333 10.618778 10.639524
9.8133691 9.8219652 9.8306911 9.8395492 9.8485419 9.8576715 9.8669404 9.8763512 9.8859062 9.895608 9.9054593 9.9154625 9.9256203 9.9359354 9.9464106 9.9570485 9.967852 9.9788239 9.989967 10.001284 10.012779 10.024453 10.03631 10.048354 10.060586 10.073011 10.085631 10.09845 10.111471 10.124696 10.138129 10.151774 10.165634 10.179712 10.194011 10.208534 10.223286 10.238269 10.253488 10.268944 10.284643 10.300587 10.316779 10.333224 10.349925 10.366885 10.384108 10.401597 10.419357 10.437391 10.455702 10.474295 10.493173 10.51234 10.531801 10.551558 10.571617 10.591982 10.612657 10.633648
9.8046879 9.8132399 9.8219225 9.8307383 9.8396895 9.8487786 9.8580082 9.8673807 9.8768986 9.8865647 9.8963815 9.9063517 9.916478 9.9267632 9.9372102 9.9478217 9.9586006 9.9695499 9.9806726 9.9919716 10.00345 10.015111 10.026957 10.038993 10.05122 10.063642 10.076263 10.089086 10.102113 10.11535 10.128798 10.142461 10.156344 10.170449 10.184779 10.199339 10.214132 10.229162 10.244432 10.259946 10.275708 10.291721 10.30799 10.324517 10.341307 10.358364 10.375692 10.393294 10.411175 10.429338 10.447788 10.466529 10.485564 10.5049 10.524539 10.544486 10.564747 10.585325 10.606227 10.627457
9.795867 9.8043726 9.8130097 9.8217807 9.830688 9.8397343 9.848922 9.8582537 9.867732 9.8773597 9.8871395 9.897074 9.9071662 9.9174188 9.9278348 9.9384171 9.9491687 9.9600926 9.9711919 9.9824697 9.9939292 10.005574 10.017406 10.02943 10.041649 10.054066 10.066684 10.079508 10.092539 10.105784 10.119243 10.132922 10.146824 10.160953 10.175312 10.189905 10.204736 10.219809 10.235127 10.250696 10.266517 10.282597 10.298938 10.315545 10.332421 10.349572 10.367 10.384711 10.402709 10.420999 10.439583 10.458468 10.477658 10.497157 10.516971 10.537104 10.557562 10.57835 10.599473 10.620938
9.7869056 9.7953624 9.8039515 9.8126754 9.8215364 9.8305373 9.8396806 9.8489689 9.8584051 9.8679917 9.8777317 9.8876279 9.8976831 9.9079003 9.9182825 9.9288327 9.939554 9.9504495 9.9615225 9.9727761 9.9842137 9.9958385 10.007654 10.019663 10.03187 10.044279 10.056891 10.069712 10.082745 10.095994 10.109461 10.123152 10.13707 10.151219 10.165603 10.180226 10.195091 10.210204 10.225567 10.241186 10.257064 10.273206 10.289616 10.306299 10.323258 10.340498 10.358024 10.37584 10.393952 10.412363 10.431079 10.450104 10.469443 10.489103 10.509087 10.529401 10.550051 10.571043 10.592383 10.614076
9.7778028 9.7862085 9.7947472 9.8034214 9.8122336 9.8211865 9.8302828 9.8395251 9.8489163 9.8584592 9.8681567 9.8780116 9.888027 9.8982059 9.9085513 9.9190664 9.9297544 9.9406185 9.951662 9.9628883 9.9743006 9.9859026 9.9976977 10.009689 10.021881 10.034277 10.046881 10.059696 10.072726 10.085976 10.099448 10.113147 10.127078 10.141244 10.155649 10.170297 10.185193 10.200342 10.215746 10.231412 10.247343 10.263543 10.280018 10.296772 10.31381 10.331136 10.348755 10.366673 10.384893 10.403422 10.422265 10.441425 10.46091 10.480725 10.500874 10.521365 10.542202 10.563392 10.584943 10.606859
9.768558 9.7769101 9.7853958 9.7940177 9.8027785 9.8116808 9.8207274 9.829921 9.8392645 9.8487608 9.8584128 9.8682236 9.8781962 9.8883338 9.8986394 9.9091163 9.9197678 9.9305973 9.9416081 9.9528037 9.9641876 9.9757634 9.9875347 9.9995052 10.011679 10.024059 10.03665 10.049455 10.062479 10.075726 10.089199 10.102903 10.116842 10.131021 10.145443 10.160113 10.175036 10.190216 10.205658 10.221366 10.237345 10.253601 10.270136 10.286958 10.30407 10.321477 10.339185 10.3572 10.375525 10.394167 10.413131 10.432423 10.452048 10.472013 10.492323 10.512984 10.534003 10.555386 10.577141 10.599274
9.7591703 9.7674663 9.7758965 9.7844636 9.7931702 9.8020192 9.8110133 9.8201554 9.8294483 9.8388951 9.8484988 9.8582624 9.8681892 9.8782823 9.8885449 9.8989804 9.9095922 9.9203838 9.9313585 9.94252 9.953872 9.9654181 9.977162 9.9891077 10.001259 10.01362 10.026194 10.038986 10.052 10.06524 10.07871 10.092414 10.106358 10.120546 10.134981 10.149669 10.164615 10.179822 10.195297 10.211043 10.227067 10.243372 10.259964 10.276848 10.29403 10.311514 10.329306 10.347413 10.365838 10.384588 10.40367 10.423087 10.442848 10.462957 10.483422 10.504248 10.525443 10.547013 10.568966 10.591308
9.7496391 9.7578764 9.7662484 9.774758 9.7834078 9.7922007 9.8011395 9.8102271 9.8194665 9.8288608 9.8384131 9.8481265 9.8580043 9.8680497 9.8782661 9.8886569 9.8992257 9.9099758 9.920911 9.932035 9.9433514 9.9548641 9.966577 9.9784941 9.9906193 10.002957 10.015511 10.028285 10.041285 10.054514 10.067977 10.081678 10.095622 10.109814 10.124258 10.13896 10.153923 10.169154 10.184657 10.200437 10.2165 10.23285 10.249494 10.266436 10.283683 10.301239 10.319111 10.337304 10.355824 10.374677 10.39387 10.413409 10.433299 10.453548 10.474161 10.495147 10.516511 10.538261 10.560405 10.58295
9.7399638 9.7481397 9.7564509 9.7649002 9.7734904 9.7822243 9.7911049 9.8001351 9.809318 9.8186568 9.8281545 9.8378145 9.84764 9.8576345 9.8678013 9.878144 9.8886661 9.8993714 9.9102634 9.9213461 9.9326233 9.9440989 9.9557769 9.9676615 9.9797567 9.9920669 10.004596 10.017349 10.030331 10.043545 10.056996 10.070689 10.084629 10.098821 10.11327 10.12798 10.142957 10.158206 10.173732 10.189541 10.205638 10.222029 10.23872 10.255715 10.273021 10.290644 10.30859 10.326865 10.345474 10.364426 10.383724 10.403378 10.423392 10.443774 10.46453 10.485669 10.507196 10.52912 10.551448 10.574188
9.7301438 9.7382556 9.7465033 9.7548895 9.7634171 9.7720892 9.7809085 9.7898783 9.7990017 9.8082817 9.8177217 9.827325 9.8370949 9.847035 9.8571488 9.8674398 9.8779118 9.8885685 9.8994137 9.9104514 9.9216854 9.93312 9.9447591 9.9566072 9.9686683 9.980947 9.9934478 10.006175 10.019134 10.032328 10.045763 10.059444 10.073375 10.087562 10.10201 10.116724 10.13171 10.146972 10.162517 10.17835 10.194477 10.210903 10.227635 10.244678 10.262038 10.279722 10.297737 10.316087 10.334781 10.353824 10.373223 10.392985 10.413117 10.433626 10.45452 10.475805 10.497488 10.519579 10.542084 10.565012
9.7201785 9.7282236 9.7364048 9.7447251 9.7531873 9.7617945 9.7705496 9.7794559 9.7885164 9.7977345 9.8071134 9.8166567 9.8263676 9.8362499 9.846307 9.8565428 9.8669609 9.8775652 9.8883598 9.8993485 9.9105355 9.9219249 9.9335211 9.9453284 9.9573512 9.9695941 9.9820617 9.9947587 10.00769 10.02086 10.034274 10.047938 10.061856 10.076033 10.090476 10.105189 10.120178 10.135448 10.151006 10.166858 10.183009 10.199464 10.216232 10.233317 10.250726 10.268466 10.286543 10.304964 10.323735 10.342864 10.362357 10.382222 10.402466 10.423096 10.444119 10.465544 10.487377 10.509628 10.532303 10.555411
9.7100677 9.7180431 9.7261551 9.7344064 9.7428002 9.7513395 9.7600273 9.7688668 9.7778613 9.7870141 9.7963286 9.8058083 9.8154568 9.8252776 9.8352745 9.8454512 9.8558117 9.8663598 9.8770997 9.8880354 9.8991712 9.9105114 9.9220604 9.9338226 9.9458027 9.9580052 9.9704351 9.9830971 9.9959963 10.009138 10.022526 10.036168 10.050067 10.06423 10.078662 10.093368 10.108355 10.123629 10.139194 10.155059 10.171228 10.187708 10.204505 10.221627 10.239079 10.256868 10.275002 10.293486 10.312329 10.331538 10.351119 10.37108 10.391429 10.412173 10.43332 10.454877 10.476853 10.499256 10.522093 10.545374
