Cobbity3/QGIS/2mPRPcon.asc
NCOLS 800
NROWS 450
XLLCORNER 150.66
YLLCORNER -34.028
CELLSIZE 1e-05
NODATA_VALUE -9999
[rows 338 to 363 of 450, columns 360 to 419 of 800]
7.8733616 7.8877012 7.9018739 7.9158817 7.9297262 7.9434092 7.9569326 7.9702981 7.9835073 7.9965621 8.0094641 8.0222149 8.0348163 8.04727 8.0595774 8.0717404 8.0837603 8.095639 8.1073778 8.1189785 8.1304424 8.1417712 8.1529664 8.1640294 8.1749618 8.185765 8.1964405 8.2069898 8.2174141 8.2277151 8.237894 8.2479522 8.2578912 8.2677123 8.2774169 8.2870062 8.2964816 8.3058444 8.3150959 8.3242374 8.3332701 8.3421954 8.3510143 8.3597283 8.3683385 8.376846 8.3852522 8.3935581 8.401765 8.409874 8.4178862 8.4258028 8.4336249 8.4413536 8.4489899 8.4565351 8.4639901 8.471356 8.4786338 8.4858247
7.8716039 7.8858534 7.8999389 7.9138622 7.9276248 7.9412287 7.9546754 7.9679667 7.9811041 7.9940895 8.0069243 8.0196102 8.0321489 8.0445419 8.0567908 8.0688971 8.0808625 8.0926884 8.1043764 8.115928 8.1273447 8.138628 8.1497793 8.1608001 8.1716919 8.182456 8.1930939 8.2036071 8.2139968 8.2242645 8.2344116 8.2444393 8.2543491 8.2641422 8.27382 8.2833838 8.2928348 8.3021744 8.3114038 8.3205243 8.3295371 8.3384434 8.3472444 8.3559415 8.3645356 8.3730281 8.3814201 8.3897128 8.3979072 8.4060046 8.414006 8.4219126 8.4297255 8.4374457 8.4450743 8.4526124 8.4600611 8.4674213 8.4746942 8.4818806
7.8699922 7.8841501 7.8981469 7.9119841 7.9256634 7.9391866 7.9525552 7.9657707 7.978835 7.9917494 8.0045156 8.0171352 8.0296097 8.0419406 8.0541296 8.066178 8.0780874 8.0898592 8.101495 8.1129963 8.1243644 8.1356008 8.146707 8.1576843 8.1685341 8.1792579 8.1898571 8.2003329 8.2106867 8.22092 8.231034 8.24103 8.2509093 8.2606733 8.2703232 8.2798603 8.2892858 8.2986011 8.3078073 8.3169056 8.3258973 8.3347836 8.3435657 8.3522447 8.3608218 8.3692982 8.377675 8.3859533 8.3941344 8.4022191 8.4102088 8.4181044 8.4259071 8.4336178 8.4412377 8.4487679 8.4562093 8.4635629 8.4708298 8.478011
7.8685239 7.8825888 7.8964953 7.910245 7.9238396 7.9372806 7.9505696 7.9637081 7.9766977 7.9895398 8.0022361 8.0147879 8.0271969 8.0394644 8.051592 8.0635812 8.0754333 8.0871498 8.0987321 8.1101817 8.1214999 8.1326882 8.143748 8.1546805 8.1654872 8.1761695 8.1867286 8.1971659 8.2074827 8.2176803 8.22776 8.2377231 8.2475708 8.2573045 8.2669254 8.2764347 8.2858337 8.2951235 8.3043053 8.3133805 8.3223501 8.3312153 8.3399773 8.3486372 8.3571963 8.3656555 8.3740161 8.3822791 8.3904457 8.3985169 8.4064938 8.4143774 8.4221689 8.4298693 8.4374796 8.4450008 8.452434 8.4597801 8.4670402 8.4742152
7.8671964 7.8811667 7.8949816 7.9086425 7.9221509 7.9355084 7.9487165 7.9617766 7.9746901 7.9874586 8.0000836 8.0125664 8.0249085 8.0371114 8.0491764 8.061105 8.0728985 8.0845583 8.0960859 8.1074826 8.1187498 8.1298887 8.1409008 8.1517874 8.1625498 8.1731893 8.1837071 8.1941047 8.2043833 8.2145441 8.2245884 8.2345175 8.2443326 8.2540349 8.2636256 8.273106 8.2824772 8.2917405 8.300897 8.3099479 8.3188943 8.3277374 8.3364783 8.3451182 8.3536581 8.3620992 8.3704426 8.3786893 8.3868404 8.3948971 8.4028603 8.4107311 8.4185105 8.4261995 8.4337993 8.4413107 8.4487348 8.4560725 8.4633249 8.4704928
7.8660069 7.8798814 7.8936033 7.9071741 7.9205951 7.9338677 7.9469935 7.9599739 7.9728102 7.9855038 7.9980562 8.0104687 8.0227427 8.0348796 8.0468808 8.0587475 8.0704813 8.0820833 8.0935549 8.1048975 8.1161123 8.1272008 8.138164 8.1490035 8.1597204 8.1703159 8.1807915 8.1911482 8.2013874 8.2115103 8.2215181 8.2314121 8.2411934 8.2508632 8.2604227 8.2698731 8.2792156 8.2884513 8.2975813 8.3066069 8.3155291 8.3243491 8.3330679 8.3416867 8.3502065 8.3586285 8.3669537 8.3751832 8.383318 8.3913591 8.3993077 8.4071646 8.414931 8.4226079 8.4301962 8.4376969 8.445111 8.4524394 8.4596832 8.4668433
7.8649528 7.8787303 7.892358 7.9058373 7.9191695 7.9323562 7.9453985 7.9582979 7.9710556 7.9836732 7.9961517 8.0084927 8.0206975 8.0327672 8.0447033 8.0565071 8.0681799 8.0797228 8.0911374 8.1024247 8.1135861 8.1246228 8.1355362 8.1463273 8.1569976 8.1675481 8.1779802 8.188295 8.1984937 8.2085776 8.2185479 8.2284056 8.238152 8.2477883 8.2573156 8.266735 8.2760476 8.2852547 8.2943574 8.3033566 8.3122536 8.3210495 8.3297452 8.338342 8.3468407 8.3552427 8.3635487 8.37176 8.3798775 8.3879022 8.3958352 8.4036774 8.4114299 8.4190936 8.4266696 8.4341587 8.441562 8.4488803 8.4561147 8.463266
7.8640315 7.8777106 7.8912429 7.9046296 7.917872 7.9309714 7.9439291 7.9567463 7.9694244 7.9819646 7.9943683 8.0066366 8.0187708 8.0307723 8.0426422 8.0543819 8.0659925 8.0774754 8.0888316 8.1000626 8.1111694 8.1221534 8.1330156 8.1437574 8.15438 8.1648844 8.1752719 8.1855437 8.195701 8.2057448 8.2156764 8.2254969 8.2352074 8.2448091 8.2543031 8.2636905 8.2729724 8.2821499 8.2912241 8.3001961 8.3090669 8.3178376 8.3265093 8.3350831 8.3435599 8.3519408 8.3602268 8.3684189 8.3765182 8.3845256 8.3924421 8.4002688 8.4080065 8.4156562 8.4232189 8.4306956 8.4380872 8.4453946 8.4526186 8.4597604
7.8632401 7.8768199 7.8902556 7.9035486 7.9167 7.929711 7.9425829 7.9553169 7.9679142 7.9803761 7.9927037 8.0048982 8.0169609 8.028893 8.0406956 8.0523701 8.0639175 8.0753391 8.086636 8.0978095 8.1088607 8.1197908 8.130601 8.1412924 8.1518661 8.1623234 8.1726654 8.1828931 8.1930078 8.2030106 8.2129025 8.2226848 8.2323584 8.2419245 8.2513843 8.2607386 8.2699888 8.2791357 8.2881805 8.2971242 8.3059679 8.3147126 8.3233594 8.3319092 8.3403631 8.348722 8.3569871 8.3651592 8.3732394 8.3812286 8.3891278 8.3969379 8.40466 8.4122949 8.4198436 8.427307 8.434686 8.4419816 8.4491946 8.4563259
7.862576 7.8760553 7.8893936 7.9025918 7.9156511 7.9285728 7.9413579 7.9540076 7.966523 7.9789054 7.9911559 8.0032756 8.0152657 8.0271273 8.0388616 8.0504698 8.061953 8.0733123 8.0845489 8.0956639 8.1066585 8.1175337 8.1282907 8.1389307 8.1494546 8.1598638 8.1701591 8.1803418 8.190413 8.2003737 8.210225 8.219968 8.2296038 8.2391334 8.2485579 8.2578783 8.2670957 8.2762111 8.2852256 8.2941402 8.3029558 8.3116736 8.3202944 8.3288194 8.3372495 8.3455856 8.3538288 8.36198 8.3700402 8.3780104 8.3858914 8.3936842 8.4013898 8.409009 8.4165428 8.4239921 8.4313578 8.4386408 8.4458419 8.4529621
7.8620365 7.8754145 7.8886542 7.9017566 7.914723 7.9275542 7.9402515 7.9528159 7.9652485 7.9775505 7.9897228 8.0017667 8.0136832 8.0254734 8.0371384 8.0486793 8.0600973 8.0713933 8.0825686 8.0936241 8.104561 8.1153803 8.1260832 8.1366708 8.147144 8.157504 8.1677518 8.1778885 8.1879152 8.1978329 8.2076426 8.2173454 8.2269424 8.2364345 8.2458228 8.2551084 8.2642921 8.2733751 8.2823584 8.2912429 8.3000296 8.3087195 8.3173136 8.3258128 8.3342182 8.3425307 8.3507512 8.3588806 8.36692 8.3748702 8.3827322 8.3905069 8.3981951 8.4057979 8.413316 8.4207504 8.4281019 8.4353715 8.44256 8.4496682
7.8616189 7.8748946 7.8880349 7.9010407 7.9139131 7.926653 7.9392616 7.9517398 7.9640886 7.9763092 7.9884025 8.0003696 8.0122115 8.0239293 8.0355241 8.0469968 8.0583485 8.0695803 8.0806933 8.0916884 8.1025667 8.1133292 8.1239771 8.1345112 8.1449328 8.1552427 8.165442 8.1755318 8.1855131 8.1953868 8.205154 8.2148158 8.224373 8.2338268 8.243178 8.2524278 8.261577 8.2706267 8.2795778 8.2884313 8.2971882 8.3058494 8.3144159 8.3228886 8.3312684 8.3395563 8.3477533 8.3558602 8.3638779 8.3718074 8.3796495 8.3874052 8.3950753 8.4026608 8.4101624 8.4175812 8.4249178 8.4321732 8.4393482 8.4464437
7.8613205 7.8744932 7.8875332 7.9004415 7.913219 7.9258668 7.9383858 7.9507769 7.963041 7.9751793 7.9871927 7.9990821 8.0108486 8.0224931 8.0340167 8.0454203 8.056705 8.0678717 8.0789214 8.0898552 8.100674 8.1113788 8.1219707 8.1324506 8.1428195 8.1530785 8.1632284 8.1732704 8.1832053 8.1930342 8.2027581 8.2123778 8.2218945 8.231309 8.2406223 8.2498354 8.2589492 8.2679647 8.2768829 8.2857046 8.2944308 8.3030624 8.3116004 8.3200457 8.3283992 8.3366618 8.3448343 8.3529178 8.3609131 8.368821 8.3766425 8.3843785 8.3920297 8.3995971 8.4070815 8.4144837 8.4218047 8.4290452 8.436206 8.443288
7.8611387 7.8742075 7.8871465 7.8999565 7.9126385 7.9251933 7.9376218 7.949925 7.9621037 7.9741589 7.9860915 7.9979024 8.0095926 8.021163 8.0326145 8.0439481 8.0551648 8.0662655 8.0772512 8.0881228 8.0988812 8.1095275 8.1200625 8.1304873 8.1408028 8.1510099 8.1611096 8.1711029 8.1809906 8.1907738 8.2004534 8.2100303 8.2195055 8.2288799 8.2381545 8.2473301 8.2564077 8.2653882 8.2742725 8.2830616 8.2917563 8.3003576 8.3088663 8.3172834 8.3256097 8.3338461 8.3419935 8.3500528 8.3580248 8.3659104 8.3737105 8.3814259 8.3890575 8.396606 8.4040724 8.4114574 8.418762 8.4259868 8.4331327 8.4402006
7.8610708 7.874035 7.8868723 7.8995833 7.9121689 7.92463 7.9369674 7.9491819 7.9612743 7.9732457 7.9850967 7.9968283 8.0084414 8.0199368 8.0313155 8.0425784 8.0537263 8.0647602 8.075681 8.0864895 8.0971868 8.1077736 8.118251 8.1286198 8.138881 8.1490355 8.1590841 8.1690279 8.1788676 8.1886043 8.1982388 8.2077721 8.217205 8.2265385 8.2357735 8.2449108 8.2539513 8.262896 8.2717457 8.2805013 8.2891638 8.2977339 8.3062125 8.3146006 8.3228989 8.3311084 8.3392299 8.3472642 8.3552122 8.3630748 8.3708527 8.3785468 8.3861579 8.3936869 8.4011345 8.4085016 8.415789 8.4229974 8.4301277 8.4371807
7.8611141 7.8739732 7.886708 7.8993194 7.911808 7.9241747 7.9364202 7.9485453 7.9605508 7.9724375 7.9842063 7.9958578 8.0073931 8.0188128 8.030118 8.0413093 8.0523877 8.063354 8.0742091 8.0849538 8.0955891 8.1061157 8.1165347 8.1268468 8.1370529 8.1471538 8.1571506 8.1670441 8.176835 8.1865244 8.1961131 8.2056019 8.2149918 8.2242835 8.2334781 8.2425763 8.251579 8.2604871 8.2693014 8.2780228 8.2866522 8.2951903 8.3036381 8.3119964 8.3202661 8.3284479 8.3365426 8.3445512 8.3524745 8.3603132 8.3680682 8.3757403 8.3833303 8.390839 8.3982671 8.4056156 8.4128851 8.4200764 8.4271904 8.4342277
7.861266 7.8740193 7.8866512 7.8991623 7.9115534 7.9238251 7.9359781 7.9480131 7.959931 7.9717325 7.9834182 7.994989 8.0064457 8.0177891 8.0290199 8.0401389 8.0511471 8.0620451 8.0728337 8.0835139 8.0940865 8.1045522 8.1149119 8.1251665 8.1353168 8.1453636 8.1553077 8.1651501 8.1748915 8.1845328 8.1940748 8.2035184 8.2128645 8.2221138 8.2312672 8.2403255 8.2492896 8.2581604 8.2669385 8.275625 8.2842205 8.292726 8.3011422 8.30947 8.3177102 8.3258636 8.3339309 8.3419131 8.3498108 8.357625 8.3653564 8.3730057 8.3805739 8.3880615 8.3954695 8.4027986 8.4100495 8.4172231 8.42432 8.4313411
7.8615239 7.8741709 7.8866994 7.8991097 7.9114026 7.9235787 7.9356386 7.9475831 7.9594127 7.9711283 7.9827304 7.9942199 8.0055974 8.0168637 8.0280195 8.0390656 8.0500027 8.0608317 8.0715533 8.0821683 8.0926774 8.1030814 8.1133813 8.1235776 8.1336713 8.1436632 8.1535539 8.1633445 8.1730356 8.1826281 8.1921228 8.2015205 8.210822 8.2200281 8.2291396 8.2381573 8.2470821 8.2559148 8.2646561 8.2733068 8.2818679 8.2903399 8.2987238 8.3070204 8.3152304 8.3233546 8.3313938 8.3393488 8.3472204 8.3550094 8.3627164 8.3703423 8.3778879 8.3853539 8.392741 8.40005 8.4072817 8.4144368 8.4215161 8.4285202
7.861885 7.8744255 7.88685 7.8991591 7.9113533 7.9234333 7.9353997 7.9472529 7.9589938 7.9706229 7.9821408 7.9935483 8.004846 8.0160346 8.0271148 8.0380874 8.0489529 8.0597123 8.0703661 8.0809151 8.0913601 8.1017019 8.1119411 8.1220785 8.132115 8.1420512 8.151888 8.161626 8.1712662 8.1808091 8.1902558 8.1996068 8.208863 8.2180252 8.2270942 8.2360706 8.2449554 8.2537493 8.262453 8.2710673 8.2795931 8.2880311 8.296382 8.3046466 8.3128257 8.3209201 8.3289305 8.3368577 8.3447024 8.3524654 8.3601474 8.3677493 8.3752716 8.3827152 8.3900808 8.3973692 8.404581 8.411717 8.4187779 8.4257644
7.862347 7.8747804 7.8871006 7.899308 7.9114032 7.9233867 7.9352589 7.9470206 7.9586721 7.9702142 7.9816474 7.9929724 8.0041897 8.0153001 8.0263041 8.0372025 8.0479959 8.0586849 8.0692704 8.0797529 8.0901332 8.1004119 8.1105899 8.1206678 8.1306464 8.1405263 8.1503083 8.1599932 8.1695817 8.1790745 8.1884724 8.1977761 8.2069864 8.216104 8.2251297 8.2340642 8.2429083 8.2516627 8.2603282 8.2689054 8.2773953 8.2857985 8.2941157 8.3023477 8.3104953 8.3185592 8.3265401 8.3344388 8.342256 8.3499924 8.3576487 8.3652258 8.3727242 8.3801448 8.3874883 8.3947553 8.4019465 8.4090628 8.4161047 8.423073
7.8629071 7.8752332 7.8874488 7.8995542 7.9115499 7.9234364 7.9352142 7.9468837 7.9584456 7.9699002 7.9812482 7.9924902 8.0036266 8.0146582 8.0255855 8.0364092 8.0471298 8.057748 8.0682645 8.0786799 8.0889948 8.0992101 8.1093262 8.1193439 8.129264 8.139087 8.1488137 8.1584448 8.167981 8.177423 8.1867715 8.1960273 8.205191 8.2142634 8.2232451 8.232137 8.2409397 8.249654 8.2582806 8.2668201 8.2752734 8.2836411 8.291924 8.3001228 8.3082382 8.3162709 8.3242217 8.3320912 8.3398802 8.3475894 8.3552194 8.3627711 8.370245 8.377642 8.3849626 8.3922076 8.3993777 8.4064736 8.4134959 8.4204454
7.8635629 7.8757814 7.8878921 7.8998952 7.9117911 7.9235804 7.9352633 7.9468403 7.958312 7.9696788 7.9809411 7.9920996 8.0031547 8.0141071 8.0249571 8.0357056 8.0463529 8.0568998 8.0673468 8.0776945 8.0879436 8.0980947 8.1081484 8.1181054 8.1279663 8.1377318 8.1474026 8.1569793 8.1664626 8.1758532 8.1851517 8.1943589 8.2034754 8.212502 8.2214392 8.2302878 8.2390486 8.2477221 8.2563091 8.2648103 8.2732264 8.2815581 8.289806 8.2979709 8.3060535 8.3140545 8.3219744 8.3298142 8.3375744 8.3452557 8.3528588 8.3603844 8.3678333 8.3752059 8.3825031 8.3897256 8.3968739 8.4039488 8.4109509 8.4178809
7.8643119 7.8764226 7.8884281 7.9003286 7.9121246 7.9238162 7.9354039 7.9468882 7.9582693 7.9695479 7.9807242 7.9917988 8.0027721 8.0136448 8.0244172 8.0350899 8.0456635 8.0561385 8.0665155 8.0767951 8.0869778 8.0970642 8.107055 8.1169507 8.1267519 8.1364594 8.1460737 8.1555954 8.1650253 8.1743639 8.1836118 8.1927699 8.2018386 8.2108187 8.2197108 8.2285156 8.2372337 8.2458659 8.2544128 8.262875 8.2712533 8.2795483 8.2877607 8.2958911 8.3039403 8.3119088 8.3197974 8.3276068 8.3353376 8.3429904 8.350566 8.358065 8.3654881 8.3728359 8.3801091 8.3873084 8.3944343 8.4014876 8.4084689 8.4153789
7.8651515 7.8771543 7.8890545 7.9008523 7.9125479 7.9241417 7.935634 7.9470252 7.9583155 7.9695055 7.9805954 7.9915857 8.002477 8.0132695 8.0239638 8.0345605 8.0450599 8.0554626 8.0657691 8.07598 8.0860958 8.0961171 8.1060444 8.1158783 8.1256194 8.1352683 8.1448256 8.1542918 8.1636676 8.1729537 8.1821505 8.1912588 8.2002792 8.2092123 8.2180587 8.2268191 8.2354941 8.2440843 8.2525905 8.2610132 8.2693531 8.2776108 8.285787 8.2938824 8.3018975 8.3098331 8.3176898 8.3254682 8.333169 8.3407928 8.3483402 8.355812 8.3632088 8.3705312 8.3777798 8.3849553 8.3920583 8.3990894 8.4060494 8.4129388
7.8660792 7.8779741 7.8897689 7.9014638 7.913059 7.9245548 7.9359514 7.9472492 7.9584485 7.9695495 7.9805528 7.9914586 8.0022673 8.0129794 8.0235953 8.0341154 8.0445402 8.0548702 8.0651059 8.0752477 8.0852962 8.0952518 8.1051152 8.1148868 8.1245673 8.1341571 8.1436568 8.1530671 8.1623884 8.1716214 8.1807666 8.1898246 8.1987961 8.2076816 8.2164818 8.2251972 8.2338285 8.2423763 8.2508412 8.2592238 8.2675247 8.2757446 8.2838842 8.2919439 8.2999244 8.3078265 8.3156506 8.3233975 8.3310677 8.3386619 8.3461807 8.3536247 8.3609946 8.3682909 8.3755144 8.3826656 8.3897451 8.3967535 8.4036916 8.4105598
7.8670928 7.8788796 7.8905689 7.9021608 7.9136555 7.9250531 7.9363539 7.9475582 7.9586662 7.9696781 7.9805944 7.9914153 8.0021413 8.0127726 8.0233097 8.033753 8.0441029 8.0543598 8.0645241 8.0745965 8.0845772 8.0944668 8.1042659 8.1139748 8.1235941 8.1331244 8.1425661 8.1519199 8.1611862 8.1703656 8.1794587 8.188466 8.197388 8.2062255 8.2149789 8.2236489 8.2322359 8.2407407 8.2491638 8.2575057 8.2657672 8.2739488 8.282051 8.2900746 8.29802 8.305888 8.313679 8.3213938 8.3290329 8.3365969 8.3440865 8.3515022 8.3588447 8.3661145 8.3733122 8.3804385 8.387494 8.3944792 8.4013948 8.4082413
