Cobbity3/QGIS/2mPRPcon.asc
NCOLS 800
NROWS 450
XLLCORNER 150.66
YLLCORNER -34.028
CELLSIZE 1e-05
NODATA_VALUE -9999
[rows 260 to 285 of 450, columns 60 to 119 of 800]
8.6244287 8.6201437 8.6157992 8.611394 8.6069272 8.6023976 8.5978041 8.5931456 8.5884209 8.5836289 8.5787684 8.5738381 8.5688368 8.5637631 8.5586158 8.5533935 8.5480947 8.5427182 8.5372623 8.5317257 8.5261068 8.5204041 8.5146158 8.5087405 8.5027764 8.4967217 8.4905748 8.4843337 8.4779967 8.4715618 8.4650271 8.4583906 8.4516501 8.4448035 8.4378488 8.4307836 8.4236057 8.4163127 8.4089022 8.4013717 8.3937186 8.3859404 8.3780342 8.3699974 8.361827 8.3535202 8.3450739 8.3364849 8.3277502 8.3188663 8.3098299 8.3006375 8.2912855 8.2817701 8.2720875 8.2622338 8.252205 8.2419967 8.2316046 8.2210243
8.6178947 8.6135537 8.6091524 8.6046898 8.6001648 8.5955764 8.5909235 8.5862048 8.5814193 8.5765658 8.5716429 8.5666496 8.5615845 8.5564462 8.5512336 8.5459451 8.5405795 8.5351352 8.5296108 8.5240048 8.5183157 8.5125419 8.5066817 8.5007336 8.4946958 8.4885665 8.482344 8.4760265 8.4696121 8.4630988 8.4564848 8.4497679 8.442946 8.4360171 8.428979 8.4218294 8.414566 8.4071864 8.3996882 8.3920689 8.384326 8.3764566 8.3684583 8.3603281 8.3520632 8.3436606 8.3351173 8.3264301 8.3175959 8.3086112 8.2994728 8.290177 8.2807203 8.2710988 8.2613089 8.2513464 8.2412073 8.2308874 8.2203822 8.2096874
8.6114128 8.6070167 8.6025596 8.5980406 8.5934586 8.5888125 8.5841011 8.5793235 8.5744782 8.5695642 8.5645803 8.5595251 8.5543974 8.5491959 8.5439192 8.538566 8.5331348 8.5276242 8.5220327 8.5163588 8.510601 8.5047577 8.4988272 8.4928078 8.4866979 8.4804958 8.4741995 8.4678074 8.4613174 8.4547276 8.4480362 8.4412409 8.4343398 8.4273307 8.4202113 8.4129795 8.4056329 8.3981691 8.3905856 8.38288 8.3750497 8.367092 8.3590041 8.3507833 8.3424267 8.3339313 8.325294 8.3165117 8.3075812 8.2984991 8.2892621 8.2798664 8.2703086 8.2605849 8.2506914 8.2406241 8.2303789 8.2199515 8.2093377 8.1985329
8.6049838 8.6005334 8.5960216 8.5914472 8.5868091 8.5821064 8.5773378 8.5725021 8.5675983 8.5626251 8.5575812 8.5524654 8.5472764 8.5420129 8.5366735 8.5312568 8.5257615 8.520186 8.5145288 8.5087885 8.5029635 8.4970522 8.491053 8.4849641 8.4787838 8.4725105 8.4661422 8.4596772 8.4531135 8.4464492 8.4396823 8.4328107 8.4258324 8.4187451 8.4115467 8.4042349 8.3968074 8.3892617 8.3815955 8.3738061 8.365891 8.3578475 8.3496728 8.3413642 8.3329188 8.3243335 8.3156053 8.3067311 8.2977075 8.2885313 8.279199 8.2697071 8.2600518 8.2502296 8.2402363 8.2300682 8.219721 8.2091906 8.1984724 8.1875621
8.5986081 8.5941046 8.5895389 8.5849102 8.5802172 8.5754588 8.570634 8.5657416 8.5607803 8.555749 8.5506464 8.5454712 8.5402222 8.534898 8.5294972 8.5240184 8.5184603 8.5128213 8.5071 8.5012948 8.4954041 8.4894264 8.48336 8.4772032 8.4709543 8.4646115 8.458173 8.4516369 8.4450014 8.4382644 8.4314241 8.4244782 8.4174247 8.4102614 8.4029862 8.3955967 8.3880905 8.3804654 8.3727187 8.3648481 8.3568508 8.3487241 8.3404655 8.3320719 8.3235405 8.3148683 8.3060523 8.2970892 8.2879759 8.2787089 8.2692848 8.2597001 8.2499511 8.240034 8.229945 8.21968 8.209235 8.1986057 8.1877876 8.1767763
8.5922865 8.5877307 8.5831123 8.5784302 8.5736833 8.5688705 8.5639906 8.5590425 8.5540249 8.5489367 8.5437766 8.5385433 8.5332355 8.5278518 8.522391 8.5168515 8.511232 8.5055309 8.4997469 8.4938783 8.4879235 8.481881 8.475749 8.469526 8.4632101 8.4567996 8.4502927 8.4436874 8.4369819 8.4301742 8.4232624 8.4162442 8.4091177 8.4018806 8.3945307 8.3870657 8.3794833 8.371781 8.3639564 8.356007 8.3479301 8.339723 8.331383 8.3229072 8.3142928 8.3055367 8.2966359 8.2875872 8.2783873 8.2690328 8.2595204 8.2498465 8.2400074 8.2299993 8.2198184 8.2094606 8.1989218 8.1881979 8.1772843 8.1661766
8.5860194 8.5814124 8.5767423 8.5720079 8.5672082 8.5623419 8.5574081 8.5524054 8.5473328 8.5421888 8.5369724 8.5316822 8.5263169 8.5208752 8.5153556 8.5097568 8.5040773 8.4983156 8.4924703 8.4865398 8.4805224 8.4744167 8.4682208 8.4619332 8.4555521 8.4490756 8.442502 8.4358294 8.4290559 8.4221794 8.415198 8.4081096 8.4009121 8.3936033 8.386181 8.3786428 8.3709864 8.3632095 8.3553094 8.3472837 8.3391298 8.3308449 8.3224263 8.3138712 8.3051767 8.2963397 8.2873571 8.2782259 8.2689427 8.2595042 8.2499069 8.2401473 8.2302217 8.2201263 8.2098574 8.1994108 8.1887825 8.1779682 8.1669635 8.1557639
8.5798075 8.5751504 8.5704295 8.5656438 8.5607923 8.5558738 8.5508871 8.545831 8.5407044 8.535506 8.5302345 8.5248887 8.5194672 8.5139687 8.5083917 8.5027349 8.4969968 8.491176 8.4852709 8.47928 8.4732016 8.4670342 8.4607761 8.4544256 8.4479809 8.4414403 8.4348018 8.4280637 8.421224 8.4142807 8.4072318 8.4000752 8.3928088 8.3854305 8.3779379 8.3703288 8.3626008 8.3547515 8.3467785 8.3386791 8.3304507 8.3220907 8.3135963 8.3049647 8.2961929 8.2872779 8.2782168 8.2690062 8.2596429 8.2501237 8.2404449 8.2306032 8.2205948 8.210416 8.2000629 8.1895315 8.1788177 8.1679173 8.1568259 8.145539
8.5736514 8.568945 8.5641744 8.5593386 8.5544364 8.5494666 8.5444282 8.5393199 8.5341405 8.5288888 8.5235635 8.5181633 8.5126869 8.5071329 8.5014999 8.4957865 8.4899913 8.4841128 8.4781494 8.4720996 8.4659618 8.4597343 8.4534156 8.4470038 8.4404973 8.4338942 8.4271927 8.4203909 8.413487 8.4064788 8.3993644 8.3921417 8.3848085 8.3773628 8.3698022 8.3621245 8.3543272 8.346408 8.3383644 8.3301938 8.3218936 8.3134612 8.3048937 8.2961884 8.2873422 8.2783523 8.2692156 8.2599288 8.2504887 8.2408921 8.2311354 8.2212151 8.2111275 8.200869 8.1904356 8.1798234 8.1690283 8.158046 8.1468723 8.1355025
8.5675514 8.5627968 8.5579776 8.5530926 8.5481408 8.543121 8.538032 8.5328726 8.5276416 8.5223378 8.5169599 8.5115066 8.5059766 8.5003684 8.4946808 8.4889122 8.4830613 8.4771265 8.4711063 8.4649991 8.4588034 8.4525176 8.4461398 8.4396685 8.4331019 8.4264381 8.4196754 8.4128118 8.4058455 8.3987744 8.3915965 8.3843097 8.3769119 8.3694009 8.3617745 8.3540304 8.3461662 8.3381795 8.3300678 8.3218285 8.3134591 8.3049569 8.2963191 8.2875429 8.2786253 8.2695634 8.2603542 8.2509943 8.2414808 8.23181 8.2219788 8.2119834 8.2018204 8.1914859 8.1809761 8.170287 8.1594147 8.1483548 8.137103 8.1256549
8.5615082 8.5567065 8.5518396 8.5469066 8.5419062 8.5368374 8.5316989 8.5264896 8.5212082 8.5158536 8.5104243 8.5049192 8.4993368 8.4936759 8.4879349 8.4821126 8.4762073 8.4702177 8.4641422 8.4579793 8.4517273 8.4453845 8.4389495 8.4324203 8.4257953 8.4190726 8.4122505 8.405327 8.3983002 8.3911681 8.3839286 8.3765798 8.3691195 8.3615455 8.3538555 8.3460473 8.3381185 8.3300666 8.3218893 8.3135839 8.3051479 8.2965786 8.2878732 8.2790289 8.2700427 8.2609119 8.2516331 8.2422034 8.2326195 8.2228781 8.2129757 8.2029088 8.1926738 8.1822671 8.1716847 8.1609228 8.1499773 8.138844 8.1275186 8.1159966
8.5555222 8.5506743 8.5457609 8.5407808 8.535733 8.5306163 8.5254295 8.5201715 8.5148409 8.5094366 8.5039572 8.4984015 8.4927682 8.4870557 8.4812628 8.4753881 8.46943 8.463387 8.4572577 8.4510405 8.4447337 8.4383358 8.431845 8.4252597 8.418578 8.4117982 8.4049185 8.3979369 8.3908515 8.3836604 8.3763615 8.3689527 8.3614319 8.353797 8.3460457 8.3381756 8.3301845 8.3220699 8.3138294 8.3054605 8.2969604 8.2883266 8.2795564 8.2706468 8.261595 8.2523981 8.243053 8.2335565 8.2239055 8.2140966 8.2041265 8.1939916 8.1836884 8.1732131 8.162562 8.1517311 8.1407165 8.1295139 8.1181191 8.1065277
8.5495938 8.5447008 8.5397418 8.5347159 8.5296217 8.5244583 8.5192243 8.5139187 8.5085401 8.5030874 8.4975592 8.4919542 8.4862711 8.4805085 8.4746651 8.4687393 8.4627298 8.456635 8.4504533 8.4441834 8.4378234 8.4313719 8.424827 8.4181872 8.4114506 8.4046155 8.3976799 8.3906421 8.3835001 8.3762519 8.3688955 8.3614288 8.3538497 8.346156 8.3383455 8.3304159 8.3223648 8.3141899 8.3058887 8.2974587 8.2888972 8.2802016 8.2713692 8.2623971 8.2532826 8.2440226 8.2346141 8.2250539 8.215339 8.205466 8.1954315 8.1852321 8.1748642 8.1643241 8.153608 8.1427121 8.1316324 8.1203647 8.1089048 8.0972484
8.5437235 8.5387864 8.533783 8.5287122 8.5235728 8.5183637 8.5130837 8.5077316 8.5023063 8.4968063 8.4912305 8.4855775 8.479846 8.4740347 8.468142 8.4621667 8.4561071 8.4499619 8.4437295 8.4374083 8.4309968 8.4244932 8.417896 8.4112033 8.4044136 8.3975248 8.3905353 8.3834431 8.3762464 8.368943 8.3615311 8.3540085 8.3463732 8.3386229 8.3307555 8.3227686 8.3146599 8.306427 8.2980676 8.2895789 8.2809585 8.2722038 8.2633119 8.2542802 8.2451057 8.2357855 8.2263167 8.216696 8.2069204 8.1969865 8.1868911 8.1766306 8.1662015 8.1556002 8.1448229 8.1338659 8.122725 8.1113963 8.0998756 8.0881585
8.5379117 8.5329316 8.5278847 8.5227701 8.5175866 8.512333 8.5070081 8.5016108 8.4961398 8.4905939 8.4849718 8.4792721 8.4734935 8.4676347 8.4616942 8.4556706 8.4495625 8.4433684 8.4370866 8.4307158 8.4242542 8.4177003 8.4110523 8.4043085 8.3974673 8.3905267 8.383485 8.3763403 8.3690907 8.3617342 8.3542688 8.3466924 8.3390029 8.3311982 8.323276 8.315234 8.30707 8.2987816 8.2903663 8.2818215 8.2731448 8.2643336 8.255385 8.2462963 8.2370647 8.2276873 8.2181611 8.208483 8.1986498 8.1886583 8.1785052 8.168187 8.1577003 8.1470415 8.1362068 8.1251924 8.1139944 8.1026087 8.0910313 8.0792578
8.5321588 8.5271366 8.5220474 8.5168901 8.5116635 8.5063666 8.500998 8.4955566 8.4900412 8.4844505 8.4787833 8.4730381 8.4672138 8.4613088 8.4553219 8.4492516 8.4430963 8.4368547 8.4305252 8.4241062 8.4175961 8.4109934 8.4042963 8.3975031 8.3906121 8.3836215 8.3765295 8.3693341 8.3620335 8.3546258 8.3471088 8.3394806 8.3317391 8.323882 8.3159073 8.3078125 8.2995955 8.2912539 8.2827851 8.2741868 8.2654563 8.2565911 8.2475885 8.2384456 8.2291598 8.219728 8.2101474 8.2004148 8.1905272 8.1804814 8.1702739 8.1599015 8.1493607 8.1386479 8.1277594 8.1166915 8.1054402 8.0940016 8.0823716 8.070546
8.5264652 8.521402 8.5162715 8.5110725 8.505804 8.5004648 8.4950536 8.4895694 8.4840108 8.4783766 8.4726655 8.4668762 8.4610074 8.4550576 8.4490256 8.4429099 8.4367089 8.4304213 8.4240455 8.4175799 8.4110229 8.404373 8.3976284 8.3907875 8.3838485 8.3768096 8.3696689 8.3624248 8.3550751 8.3476181 8.3400516 8.3323736 8.3245821 8.3166748 8.3086497 8.3005044 8.2922367 8.2838441 8.2753244 8.2666749 8.2578932 8.2489766 8.2399226 8.2307283 8.221391 8.2119078 8.2022757 8.1924917 8.1825528 8.1724557 8.1621972 8.151774 8.1411825 8.1304192 8.1194806 8.1083629 8.0970622 8.0855747 8.0738962 8.0620227
8.5208311 8.515728 8.5105572 8.5053177 8.5000084 8.494628 8.4891754 8.4836495 8.4780488 8.4723723 8.4666187 8.4607865 8.4548745 8.4488814 8.4428056 8.4366459 8.4304007 8.4240685 8.4176478 8.4111372 8.4045349 8.3978394 8.391049 8.384162 8.3771766 8.3700912 8.3629038 8.3556126 8.3482158 8.3407113 8.3330973 8.3253715 8.3175321 8.3095768 8.3015034 8.2933098 8.2849936 8.2765525 8.2679841 8.259286 8.2504555 8.2414902 8.2323874 8.2231444 8.2137584 8.2042265 8.1945459 8.1847136 8.1747264 8.1645813 8.154275 8.1438042 8.1331654 8.1223553 8.1113701 8.1002063 8.0888601 8.0773275 8.0656046 8.0536872
8.515257 8.5101149 8.504905 8.499626 8.4942769 8.4888566 8.4833637 8.4777972 8.4721558 8.4664382 8.4606432 8.4547694 8.4488156 8.4427803 8.4366622 8.4304599 8.4241718 8.4177966 8.4113326 8.4047784 8.3981323 8.3913928 8.3845582 8.3776268 8.3705968 8.3634666 8.3562342 8.3488979 8.3414557 8.3339058 8.3262461 8.3184747 8.3105894 8.3025881 8.2944687 8.2862289 8.2778665 8.2693792 8.2607646 8.2520201 8.2431434 8.2341319 8.224983 8.2156939 8.2062619 8.1966843 8.1869581 8.1770803 8.1670479 8.1568579 8.1465069 8.1359918 8.1253092 8.1144556 8.1034275 8.0922213 8.0808332 8.0692594 8.057496 8.0455389
8.509743 8.5045631 8.499315 8.4939977 8.48861 8.4831507 8.4776188 8.4720129 8.4663318 8.4605744 8.4547393 8.4488253 8.4428309 8.4367548 8.4305958 8.4243522 8.4180227 8.4116058 8.4051 8.3985038 8.3918155 8.3850336 8.3781564 8.3711822 8.3641093 8.356936 8.3496605 8.3422808 8.3347952 8.3272017 8.3194983 8.3116831 8.303754 8.2957088 8.2875455 8.2792618 8.2708555 8.2623242 8.2536657 8.2448774 8.2359569 8.2269017 8.2177092 8.2083767 8.1989015 8.1892809 8.1795119 8.1695916 8.159517 8.1492851 8.1388927 8.1283366 8.1176134 8.1067198 8.0956522 8.0844072 8.0729809 8.0613697 8.0495697 8.0375769
8.5042896 8.4990729 8.4937877 8.4884331 8.4830078 8.4775108 8.4719409 8.4662968 8.4605773 8.4547813 8.4489074 8.4429542 8.4369206 8.4308051 8.4246064 8.418323 8.4119535 8.4054965 8.3989503 8.3923136 8.3855846 8.3787619 8.3718437 8.3648284 8.3577143 8.3504997 8.3431827 8.3357615 8.3282343 8.3205991 8.312854 8.304997 8.2970261 8.2889391 8.280734 8.2724085 8.2639605 8.2553876 8.2466874 8.2378577 8.2288959 8.2197995 8.210566 8.2011927 8.191677 8.1820161 8.1722071 8.1622472 8.1521335 8.1418628 8.131432 8.1208381 8.1100776 8.0991473 8.0880437 8.0767634 8.0653026 8.0536577 8.0418249 8.0298003
8.498897 8.4936444 8.4883232 8.4829324 8.4774707 8.471937 8.4663303 8.4606491 8.4548925 8.449059 8.4431475 8.4371566 8.4310851 8.4249315 8.4186944 8.4123726 8.4059645 8.3994687 8.3928837 8.3862079 8.3794398 8.3725778 8.3656203 8.3585656 8.3514119 8.3441577 8.336801 8.3293401 8.3217731 8.3140981 8.3063132 8.2984164 8.2904057 8.282279 8.2740342 8.2656691 8.2571815 8.2485692 8.2398298 8.2309609 8.2219602 8.2128251 8.2035532 8.1941417 8.1845881 8.1748897 8.1650435 8.1550469 8.1448968 8.1345903 8.1241243 8.1134957 8.1027012 8.0917375 8.0806013 8.0692891 8.0577974 8.0461225 8.0342606 8.022208
8.4935654 8.488278 8.4829219 8.4774958 8.4719988 8.4664296 8.4607872 8.4550702 8.4492775 8.4434079 8.43746 8.4314326 8.4253244 8.419134 8.41286 8.4065011 8.4000559 8.3935227 8.3869003 8.380187 8.3733813 8.3664816 8.3594864 8.3523938 8.3452023 8.3379101 8.3305155 8.3230166 8.3154117 8.3076988 8.299876 8.2919413 8.2838928 8.2757284 8.267446 8.2590434 8.2505185 8.2418689 8.2330925 8.2241869 8.2151497 8.2059784 8.1966705 8.1872234 8.1776345 8.1679012 8.1580207 8.1479901 8.1378066 8.1274673 8.116969 8.1063088 8.0954834 8.0844897 8.0733242 8.0619836 8.0504644 8.038763 8.0268758 8.014799
8.488295 8.4829738 8.4775838 8.4721237 8.4665924 8.4609888 8.4553118 8.4495601 8.4437326 8.437828 8.431845 8.4257823 8.4196388 8.4134129 8.4071033 8.4007087 8.3942277 8.3876587 8.3810003 8.374251 8.3674092 8.3604734 8.3534419 8.3463132 8.3390855 8.3317571 8.3243262 8.3167912 8.3091501 8.3014011 8.2935423 8.2855717 8.2774874 8.2692873 8.2609693 8.2525313 8.2439712 8.2352867 8.2264756 8.2175355 8.2084641 8.199259 8.1899176 8.1804374 8.1708159 8.1610504 8.1511382 8.1410764 8.1308624 8.1204931 8.1099656 8.0992768 8.0884237 8.077403 8.0662115 8.0548458 8.0433026 8.0315783 8.0196693 8.007572
8.483086 8.4777322 8.4723092 8.4668161 8.4612517 8.4556148 8.4499044 8.4441192 8.438258 8.4323195 8.4263027 8.420206 8.4140284 8.4077683 8.4014245 8.3949956 8.3884801 8.3818767 8.3751838 8.3683999 8.3615236 8.3545532 8.3474871 8.3403238 8.3330615 8.3256986 8.3182332 8.3106638 8.3029883 8.2952051 8.2873121 8.2793075 8.2711893 8.2629555 8.254604 8.2461328 8.2375396 8.2288223 8.2199787 8.2110065 8.2019032 8.1926666 8.1832942 8.1737834 8.1641318 8.1543367 8.1443954 8.1343053 8.1240634 8.1136671 8.1031132 8.0923989 8.0815211 8.0704766 8.0592623 8.0478749 8.036311 8.0245672 8.0126399 8.0005257
8.4779386 8.4725531 8.4670983 8.4615732 8.4559768 8.4503077 8.444565 8.4387474 8.4328537 8.4268827 8.4208331 8.4147038 8.4084933 8.4022004 8.3958236 8.3893617 8.3828132 8.3761768 8.3694508 8.3626339 8.3557245 8.348721 8.3416219 8.3344256 8.3271304 8.3197346 8.3122365 8.3046343 8.2969263 8.2891106 8.2811853 8.2731486 8.2649985 8.256733 8.24835 8.2398475 8.2312234 8.2224755 8.2136016 8.2045994 8.1954666 8.1862009 8.1767999 8.167261 8.1575818 8.1477596 8.137792 8.127676 8.1174092 8.1069885 8.0964112 8.0856743 8.0747747 8.0637096 8.0524756 8.0410696 8.0294883 8.0177283 8.0057863 7.9936587
