Cobbity3/QGIS/AVE11_run1.asc
NCOLS 800
NROWS 450
XLLCORNER 150.66
YLLCORNER -34.028
CELLSIZE 1e-05
NODATA_VALUE -9999
[rows 325 to 349 of 450, columns 171 to 227 of 800]
-34.025976 -34.025982 -34.025987 -34.025993 -34.025999 -34.026004 -34.02601 -34.026016 -34.026022 -34.026028 -34.026035 -34.026041 -34.026047 -34.026054 -34.02606 -34.026067 -34.026073 -34.02608 -34.026087 -34.026094 -34.026101 -34.026108 -34.026114 -34.026122 -34.026129 -34.026136 -34.026143 -34.02615 -34.026157 -34.026163 -34.02617 -34.026177 -34.026183 -34.02619 -34.026196 -34.026202 -34.026207 -34.026213 -34.026218 -34.026223 -34.026228 -34.026233 -34.026237 -34.026241 -34.026245 -34.02625 -34.026254 -34.026257 -34.026261 -34.026266 -34.02627 -34.026274 -34.026278 -34.026283 -34.026287 -34.026292 -34.026297
-34.025975 -34.02598 -34.025986 -34.025991 -34.025997 -34.026003 -34.026008 -34.026014 -34.02602 -34.026026 -34.026032 -34.026038 -34.026045 -34.026051 -34.026057 -34.026064 -34.02607 -34.026077 -34.026083 -34.02609 -34.026097 -34.026103 -34.02611 -34.026117 -34.026124 -34.026131 -34.026137 -34.026144 -34.026151 -34.026157 -34.026164 -34.02617 -34.026176 -34.026183 -34.026188 -34.026194 -34.0262 -34.026205 -34.02621 -34.026215 -34.02622 -34.026225 -34.026229 -34.026233 -34.026238 -34.026242 -34.026246 -34.02625 -34.026254 -34.026258 -34.026262 -34.026267 -34.026271 -34.026276 -34.02628 -34.026285 -34.02629
-34.025973 -34.025979 -34.025984 -34.02599 -34.025995 -34.026001 -34.026006 -34.026012 -34.026018 -34.026024 -34.02603 -34.026036 -34.026042 -34.026048 -34.026054 -34.026061 -34.026067 -34.026073 -34.02608 -34.026086 -34.026093 -34.026099 -34.026106 -34.026112 -34.026119 -34.026126 -34.026132 -34.026139 -34.026145 -34.026151 -34.026158 -34.026164 -34.02617 -34.026176 -34.026182 -34.026187 -34.026193 -34.026198 -34.026203 -34.026208 -34.026213 -34.026217 -34.026222 -34.026226 -34.02623 -34.026234 -34.026239 -34.026243 -34.026247 -34.026251 -34.026255 -34.02626 -34.026264 -34.026269 -34.026273 -34.026278 -34.026283
-34.025972 -34.025977 -34.025982 -34.025988 -34.025993 -34.025999 -34.026004 -34.02601 -34.026016 -34.026022 -34.026027 -34.026033 -34.026039 -34.026045 -34.026051 -34.026057 -34.026064 -34.02607 -34.026076 -34.026082 -34.026089 -34.026095 -34.026101 -34.026108 -34.026114 -34.026121 -34.026127 -34.026133 -34.026139 -34.026146 -34.026152 -34.026158 -34.026163 -34.026169 -34.026175 -34.02618 -34.026186 -34.026191 -34.026196 -34.026201 -34.026205 -34.02621 -34.026214 -34.026219 -34.026223 -34.026227 -34.026231 -34.026236 -34.02624 -34.026244 -34.026248 -34.026253 -34.026257 -34.026262 -34.026266 -34.026271 -34.026276
-34.02597 -34.025975 -34.025981 -34.025986 -34.025991 -34.025997 -34.026002 -34.026008 -34.026013 -34.026019 -34.026025 -34.026031 -34.026036 -34.026042 -34.026048 -34.026054 -34.02606 -34.026066 -34.026073 -34.026079 -34.026085 -34.026091 -34.026097 -34.026103 -34.02611 -34.026116 -34.026122 -34.026128 -34.026134 -34.02614 -34.026146 -34.026152 -34.026157 -34.026163 -34.026168 -34.026174 -34.026179 -34.026184 -34.026189 -34.026194 -34.026198 -34.026203 -34.026207 -34.026212 -34.026216 -34.02622 -34.026225 -34.026229 -34.026233 -34.026237 -34.026242 -34.026246 -34.02625 -34.026255 -34.02626 -34.026264 -34.02627
-34.025968 -34.025974 -34.025979 -34.025984 -34.025989 -34.025995 -34.026 -34.026006 -34.026011 -34.026017 -34.026022 -34.026028 -34.026034 -34.026039 -34.026045 -34.026051 -34.026057 -34.026063 -34.026069 -34.026075 -34.026081 -34.026087 -34.026093 -34.026099 -34.026105 -34.026111 -34.026117 -34.026123 -34.026129 -34.026134 -34.02614 -34.026146 -34.026151 -34.026157 -34.026162 -34.026167 -34.026172 -34.026177 -34.026182 -34.026187 -34.026192 -34.026196 -34.026201 -34.026205 -34.026209 -34.026214 -34.026218 -34.026222 -34.026226 -34.026231 -34.026235 -34.026239 -34.026244 -34.026248 -34.026253 -34.026258 -34.026263
-34.025967 -34.025972 -34.025977 -34.025982 -34.025987 -34.025993 -34.025998 -34.026003 -34.026009 -34.026014 -34.02602 -34.026025 -34.026031 -34.026037 -34.026042 -34.026048 -34.026054 -34.02606 -34.026065 -34.026071 -34.026077 -34.026083 -34.026089 -34.026095 -34.0261 -34.026106 -34.026112 -34.026118 -34.026123 -34.026129 -34.026135 -34.02614 -34.026145 -34.026151 -34.026156 -34.026161 -34.026166 -34.026171 -34.026176 -34.02618 -34.026185 -34.02619 -34.026194 -34.026198 -34.026203 -34.026207 -34.026211 -34.026215 -34.02622 -34.026224 -34.026228 -34.026233 -34.026237 -34.026242 -34.026246 -34.026251 -34.026256
-34.025965 -34.02597 -34.025975 -34.02598 -34.025985 -34.02599 -34.025996 -34.026001 -34.026006 -34.026012 -34.026017 -34.026023 -34.026028 -34.026034 -34.026039 -34.026045 -34.02605 -34.026056 -34.026062 -34.026067 -34.026073 -34.026079 -34.026085 -34.02609 -34.026096 -34.026102 -34.026107 -34.026113 -34.026118 -34.026124 -34.026129 -34.026135 -34.02614 -34.026145 -34.02615 -34.026155 -34.02616 -34.026165 -34.02617 -34.026174 -34.026179 -34.026183 -34.026188 -34.026192 -34.026196 -34.026201 -34.026205 -34.026209 -34.026213 -34.026218 -34.026222 -34.026226 -34.026231 -34.026235 -34.02624 -34.026245 -34.02625
-34.025963 -34.025968 -34.025973 -34.025978 -34.025983 -34.025988 -34.025993 -34.025999 -34.026004 -34.026009 -34.026015 -34.02602 -34.026025 -34.026031 -34.026036 -34.026042 -34.026047 -34.026053 -34.026058 -34.026064 -34.026069 -34.026075 -34.02608 -34.026086 -34.026092 -34.026097 -34.026103 -34.026108 -34.026113 -34.026119 -34.026124 -34.026129 -34.026134 -34.026139 -34.026144 -34.026149 -34.026154 -34.026159 -34.026164 -34.026168 -34.026173 -34.026177 -34.026181 -34.026186 -34.02619 -34.026194 -34.026199 -34.026203 -34.026207 -34.026211 -34.026216 -34.02622 -34.026224 -34.026229 -34.026234 -34.026238 -34.026243
-34.025961 -34.025966 -34.025971 -34.025976 -34.025981 -34.025986 -34.025991 -34.025996 -34.026001 -34.026007 -34.026012 -34.026017 -34.026022 -34.026028 -34.026033 -34.026038 -34.026044 -34.026049 -34.026055 -34.02606 -34.026066 -34.026071 -34.026076 -34.026082 -34.026087 -34.026093 -34.026098 -34.026103 -34.026108 -34.026114 -34.026119 -34.026124 -34.026129 -34.026134 -34.026139 -34.026144 -34.026148 -34.026153 -34.026158 -34.026162 -34.026167 -34.026171 -34.026175 -34.02618 -34.026184 -34.026188 -34.026192 -34.026197 -34.026201 -34.026205 -34.026209 -34.026214 -34.026218 -34.026223 -34.026227 -34.026232 -34.026237
-34.025959 -34.025964 -34.025969 -34.025974 -34.025979 -34.025984 -34.025989 -34.025994 -34.025999 -34.026004 -34.026009 -34.026014 -34.02602 -34.026025 -34.02603 -34.026035 -34.026041 -34.026046 -34.026051 -34.026056 -34.026062 -34.026067 -34.026072 -34.026078 -34.026083 -34.026088 -34.026093 -34.026099 -34.026104 -34.026109 -34.026114 -34.026119 -34.026124 -34.026129 -34.026133 -34.026138 -34.026143 -34.026147 -34.026152 -34.026156 -34.026161 -34.026165 -34.026169 -34.026174 -34.026178 -34.026182 -34.026186 -34.026191 -34.026195 -34.026199 -34.026203 -34.026208 -34.026212 -34.026216 -34.026221 -34.026226 -34.02623
-34.025957 -34.025962 -34.025967 -34.025972 -34.025977 -34.025982 -34.025986 -34.025991 -34.025996 -34.026001 -34.026006 -34.026012 -34.026017 -34.026022 -34.026027 -34.026032 -34.026037 -34.026042 -34.026048 -34.026053 -34.026058 -34.026063 -34.026068 -34.026074 -34.026079 -34.026084 -34.026089 -34.026094 -34.026099 -34.026104 -34.026109 -34.026114 -34.026119 -34.026123 -34.026128 -34.026133 -34.026137 -34.026142 -34.026146 -34.026151 -34.026155 -34.026159 -34.026164 -34.026168 -34.026172 -34.026176 -34.02618 -34.026185 -34.026189 -34.026193 -34.026197 -34.026202 -34.026206 -34.02621 -34.026215 -34.026219 -34.026224
-34.025955 -34.02596 -34.025965 -34.02597 -34.025974 -34.025979 -34.025984 -34.025989 -34.025994 -34.025999 -34.026004 -34.026009 -34.026014 -34.026019 -34.026024 -34.026029 -34.026034 -34.026039 -34.026044 -34.026049 -34.026054 -34.026059 -34.026064 -34.026069 -34.026074 -34.026079 -34.026084 -34.026089 -34.026094 -34.026099 -34.026104 -34.026109 -34.026113 -34.026118 -34.026123 -34.026127 -34.026132 -34.026136 -34.026141 -34.026145 -34.026149 -34.026154 -34.026158 -34.026162 -34.026166 -34.02617 -34.026175 -34.026179 -34.026183 -34.026187 -34.026191 -34.026196 -34.0262 -34.026204 -34.026209 -34.026213 -34.026218
-34.025953 -34.025958 -34.025963 -34.025967 -34.025972 -34.025977 -34.025982 -34.025986 -34.025991 -34.025996 -34.026001 -34.026006 -34.026011 -34.026016 -34.026021 -34.026026 -34.026031 -34.026036 -34.026041 -34.026046 -34.026051 -34.026055 -34.02606 -34.026065 -34.02607 -34.026075 -34.02608 -34.026085 -34.02609 -34.026094 -34.026099 -34.026104 -34.026109 -34.026113 -34.026118 -34.026122 -34.026127 -34.026131 -34.026135 -34.02614 -34.026144 -34.026148 -34.026152 -34.026156 -34.026161 -34.026165 -34.026169 -34.026173 -34.026177 -34.026181 -34.026185 -34.02619 -34.026194 -34.026198 -34.026202 -34.026207 -34.026211
-34.025951 -34.025956 -34.025961 -34.025965 -34.02597 -34.025975 -34.025979 -34.025984 -34.025989 -34.025993 -34.025998 -34.026003 -34.026008 -34.026013 -34.026018 -34.026022 -34.026027 -34.026032 -34.026037 -34.026042 -34.026047 -34.026052 -34.026057 -34.026061 -34.026066 -34.026071 -34.026076 -34.02608 -34.026085 -34.02609 -34.026094 -34.026099 -34.026104 -34.026108 -34.026113 -34.026117 -34.026121 -34.026126 -34.02613 -34.026134 -34.026138 -34.026143 -34.026147 -34.026151 -34.026155 -34.026159 -34.026163 -34.026167 -34.026171 -34.026175 -34.02618 -34.026184 -34.026188 -34.026192 -34.026196 -34.026201 -34.026205
-34.025949 -34.025954 -34.025958 -34.025963 -34.025968 -34.025972 -34.025977 -34.025981 -34.025986 -34.025991 -34.025996 -34.026 -34.026005 -34.02601 -34.026014 -34.026019 -34.026024 -34.026029 -34.026034 -34.026038 -34.026043 -34.026048 -34.026053 -34.026057 -34.026062 -34.026067 -34.026071 -34.026076 -34.026081 -34.026085 -34.02609 -34.026094 -34.026099 -34.026103 -34.026108 -34.026112 -34.026116 -34.026121 -34.026125 -34.026129 -34.026133 -34.026137 -34.026141 -34.026145 -34.026149 -34.026153 -34.026158 -34.026162 -34.026166 -34.02617 -34.026174 -34.026178 -34.026182 -34.026186 -34.02619 -34.026195 -34.026199
-34.025947 -34.025952 -34.025956 -34.025961 -34.025965 -34.02597 -34.025974 -34.025979 -34.025983 -34.025988 -34.025993 -34.025997 -34.026002 -34.026007 -34.026011 -34.026016 -34.026021 -34.026025 -34.02603 -34.026035 -34.026039 -34.026044 -34.026049 -34.026053 -34.026058 -34.026063 -34.026067 -34.026072 -34.026076 -34.026081 -34.026085 -34.02609 -34.026094 -34.026098 -34.026103 -34.026107 -34.026111 -34.026115 -34.02612 -34.026124 -34.026128 -34.026132 -34.026136 -34.02614 -34.026144 -34.026148 -34.026152 -34.026156 -34.02616 -34.026164 -34.026168 -34.026172 -34.026176 -34.02618 -34.026184 -34.026188 -34.026193
-34.025945 -34.02595 -34.025954 -34.025958 -34.025963 -34.025967 -34.025972 -34.025976 -34.025981 -34.025985 -34.02599 -34.025995 -34.025999 -34.026004 -34.026008 -34.026013 -34.026017 -34.026022 -34.026027 -34.026031 -34.026036 -34.02604 -34.026045 -34.02605 -34.026054 -34.026059 -34.026063 -34.026068 -34.026072 -34.026076 -34.026081 -34.026085 -34.026089 -34.026094 -34.026098 -34.026102 -34.026106 -34.02611 -34.026115 -34.026119 -34.026123 -34.026127 -34.026131 -34.026135 -34.026139 -34.026143 -34.026146 -34.02615 -34.026154 -34.026158 -34.026162 -34.026166 -34.02617 -34.026174 -34.026178 -34.026182 -34.026187
-34.025943 -34.025947 -34.025952 -34.025956 -34.025961 -34.025965 -34.025969 -34.025974 -34.025978 -34.025983 -34.025987 -34.025992 -34.025996 -34.026001 -34.026005 -34.02601 -34.026014 -34.026019 -34.026023 -34.026028 -34.026032 -34.026037 -34.026041 -34.026046 -34.02605 -34.026055 -34.026059 -34.026063 -34.026068 -34.026072 -34.026076 -34.026081 -34.026085 -34.026089 -34.026093 -34.026097 -34.026101 -34.026106 -34.02611 -34.026114 -34.026118 -34.026122 -34.026125 -34.026129 -34.026133 -34.026137 -34.026141 -34.026145 -34.026149 -34.026153 -34.026157 -34.026161 -34.026164 -34.026168 -34.026172 -34.026176 -34.02618
-34.025941 -34.025945 -34.02595 -34.025954 -34.025958 -34.025962 -34.025967 -34.025971 -34.025976 -34.02598 -34.025984 -34.025989 -34.025993 -34.025998 -34.026002 -34.026007 -34.026011 -34.026015 -34.02602 -34.026024 -34.026029 -34.026033 -34.026037 -34.026042 -34.026046 -34.026051 -34.026055 -34.026059 -34.026063 -34.026068 -34.026072 -34.026076 -34.02608 -34.026084 -34.026089 -34.026093 -34.026097 -34.026101 -34.026105 -34.026109 -34.026113 -34.026116 -34.02612 -34.026124 -34.026128 -34.026132 -34.026136 -34.02614 -34.026143 -34.026147 -34.026151 -34.026155 -34.026159 -34.026163 -34.026166 -34.02617 -34.026174
-34.025939 -34.025943 -34.025947 -34.025951 -34.025956 -34.02596 -34.025964 -34.025969 -34.025973 -34.025977 -34.025982 -34.025986 -34.02599 -34.025995 -34.025999 -34.026003 -34.026008 -34.026012 -34.026016 -34.026021 -34.026025 -34.026029 -34.026034 -34.026038 -34.026042 -34.026047 -34.026051 -34.026055 -34.026059 -34.026063 -34.026068 -34.026072 -34.026076 -34.02608 -34.026084 -34.026088 -34.026092 -34.026096 -34.0261 -34.026104 -34.026108 -34.026111 -34.026115 -34.026119 -34.026123 -34.026127 -34.02613 -34.026134 -34.026138 -34.026142 -34.026145 -34.026149 -34.026153 -34.026157 -34.026161 -34.026164 -34.026168
-34.025937 -34.025941 -34.025945 -34.025949 -34.025953 -34.025958 -34.025962 -34.025966 -34.02597 -34.025975 -34.025979 -34.025983 -34.025987 -34.025992 -34.025996 -34.026 -34.026004 -34.026009 -34.026013 -34.026017 -34.026022 -34.026026 -34.02603 -34.026034 -34.026038 -34.026043 -34.026047 -34.026051 -34.026055 -34.026059 -34.026063 -34.026067 -34.026071 -34.026075 -34.026079 -34.026083 -34.026087 -34.026091 -34.026095 -34.026099 -34.026103 -34.026106 -34.02611 -34.026114 -34.026118 -34.026121 -34.026125 -34.026129 -34.026132 -34.026136 -34.02614 -34.026144 -34.026147 -34.026151 -34.026155 -34.026158 -34.026162
-34.025934 -34.025939 -34.025943 -34.025947 -34.025951 -34.025955 -34.025959 -34.025963 -34.025968 -34.025972 -34.025976 -34.02598 -34.025984 -34.025989 -34.025993 -34.025997 -34.026001 -34.026005 -34.02601 -34.026014 -34.026018 -34.026022 -34.026026 -34.02603 -34.026035 -34.026039 -34.026043 -34.026047 -34.026051 -34.026055 -34.026059 -34.026063 -34.026067 -34.026071 -34.026075 -34.026079 -34.026083 -34.026086 -34.02609 -34.026094 -34.026098 -34.026101 -34.026105 -34.026109 -34.026113 -34.026116 -34.02612 -34.026123 -34.026127 -34.026131 -34.026134 -34.026138 -34.026142 -34.026145 -34.026149 -34.026153 -34.026156
-34.025932 -34.025936 -34.02594 -34.025944 -34.025948 -34.025953 -34.025957 -34.025961 -34.025965 -34.025969 -34.025973 -34.025977 -34.025981 -34.025986 -34.02599 -34.025994 -34.025998 -34.026002 -34.026006 -34.02601 -34.026014 -34.026019 -34.026023 -34.026027 -34.026031 -34.026035 -34.026039 -34.026043 -34.026047 -34.026051 -34.026055 -34.026059 -34.026063 -34.026066 -34.02607 -34.026074 -34.026078 -34.026082 -34.026085 -34.026089 -34.026093 -34.026096 -34.0261 -34.026104 -34.026107 -34.026111 -34.026115 -34.026118 -34.026122 -34.026125 -34.026129 -34.026133 -34.026136 -34.02614 -34.026143 -34.026147 -34.02615
-34.02593 -34.025934 -34.025938 -34.025942 -34.025946 -34.02595 -34.025954 -34.025958 -34.025962 -34.025966 -34.02597 -34.025974 -34.025978 -34.025983 -34.025987 -34.025991 -34.025995 -34.025999 -34.026003 -34.026007 -34.026011 -34.026015 -34.026019 -34.026023 -34.026027 -34.026031 -34.026035 -34.026039 -34.026043 -34.026047 -34.026051 -34.026054 -34.026058 -34.026062 -34.026066 -34.02607 -34.026073 -34.026077 -34.026081 -34.026084 -34.026088 -34.026092 -34.026095 -34.026099 -34.026102 -34.026106 -34.026109 -34.026113 -34.026117 -34.02612 -34.026124 -34.026127 -34.026131 -34.026134 -34.026137 -34.026141 -34.026144
