Cobbity3/QGIS/AVE11.asc
NCOLS 399
NROWS 220
XLLCORNER 150.661
YLLCORNER -34.0268
CELLSIZE 1e-05
NODATA_VALUE -9999
[rows 156 to 181 of 220, columns 180 to 239 of 399]
9.9098773 9.9791415 9.7900823 9.4788819 9.1606591 8.8367256 8.4685265 8.0054715 7.4380834 6.9867101 7.031717 7.4318457 7.8227005 8.1023444 8.2938418 8.4296505 8.5310418 8.6103297 8.6745925 8.7280442 8.7733313 8.8122163 8.8459391 8.8754119 8.9013299 8.9242373 8.9445683 8.9626749 8.9788463 8.9933224 9.0063041 9.0179612 9.0284383 9.0378591 9.0463306 9.0539454 9.0607844 9.0669186 9.0724105 9.0773156 9.0816831 9.085557 9.0889767 9.0919777 9.0945921 9.0968487 9.0987741 9.100392 9.1017244 9.1027914 9.1036113 9.1042011 9.1045762 9.1047511 9.104739 9.1045522 9.1042022 9.1036994 9.1030538 9.1022744
9.6313189 9.6305565 9.5052749 9.2884182 9.0315426 8.7533986 8.4515971 8.119168 7.7747693 7.526581 7.5199506 7.71395 7.9530761 8.1571889 8.3150923 8.436055 8.5305341 8.6062782 8.6684993 8.7206505 8.7650577 8.8033366 8.8366489 8.8658584 8.8916265 8.9144712 8.9348072 8.9529708 8.969239 8.9838421 8.9969739 9.0087981 9.0194547 9.0290641 9.0377302 9.0455436 9.0525835 9.0589195 9.064613 9.0697187 9.0742851 9.0783558 9.0819697 9.085162 9.0879645 9.090406 9.0925127 9.0943085 9.0958153 9.0970529 9.0980398 9.0987929 9.0993277 9.0996586 9.0997989 9.0997609 9.0995561 9.0991951 9.0986878 9.0980434
9.4433173 9.4004099 9.290283 9.115497 8.8944321 8.6466775 8.3927139 8.1564711 7.9639899 7.8486818 7.8432749 7.936465 8.0759699 8.2176056 8.3422324 8.4463134 8.532163 8.6033103 8.6629305 8.7135134 8.756926 8.7945569 8.8274487 8.8563966 8.8820189 8.9048048 8.9251476 8.9433683 8.9597319 8.9744596 8.9877378 8.999725 9.0105568 9.0203501 9.0292061 9.0372134 9.0444494 9.0509824 9.056873 9.0621747 9.0669357 9.0711988 9.0750027 9.0783824 9.0813692 9.0839919 9.0862765 9.0882468 9.0899246 9.0913297 9.0924806 9.0933942 9.0940859 9.0945702 9.0948604 9.0949689 9.0949072 9.0946859 9.0943149 9.0938036
9.3572822 9.2823071 9.1570982 8.9799965 8.7554933 8.4969921 8.2352898 8.0228998 7.9069147 7.8885687 7.9382439 8.0299938 8.1423569 8.256942 8.3624702 8.4546828 8.5334744 8.6004324 8.6575152 8.7065166 8.748918 8.7858941 8.8183655 8.8470549 8.8725347 8.8952635 8.9156134 8.9338898 8.950346 8.9651944 8.9786146 8.9907597 9.0017613 9.0117328 9.0207731 9.0289686 9.0363951 9.0431198 9.049202 9.0546946 9.0596452 9.064096 9.0680854 9.0716479 9.0748148 9.0776146 9.0800731 9.0822142 9.0840594 9.0856287 9.0869403 9.0880112 9.0888569 9.0894918 9.0899293 9.0901817 9.0902606 9.0901767 9.0899399 9.0895596
9.3774261 9.257872 9.090641 8.8796923 8.6170626 8.298006 7.9479837 7.6654012 7.5825186 7.6897313 7.8587047 8.0165729 8.1524474 8.2697309 8.3710828 8.4582292 8.5328843 8.5968604 8.6518938 8.6995108 8.7409834 8.7773421 8.8094121 8.8378532 8.8631959 8.8858698 8.9062263 8.9245559 8.9411009 8.9560652 8.9696218 8.9819188 8.9930838 9.0032271 9.0124452 9.0208225 9.0284333 9.0353434 9.0416113 9.0472891 9.0524237 9.0570569 9.0612266 9.0649671 9.0683094 9.0712818 9.0739101 9.0762179 9.0782267 9.0799564 9.0814252 9.0826501 9.0836466 9.0844291 9.085011 9.0854046 9.0856215 9.0856725 9.0855675 9.085316
9.5081443 9.3057647 9.0692237 8.8080004 8.4925269 8.0840517 7.5739226 7.116636 7.0486247 7.3526307 7.6973921 7.952525 8.1320016 8.2653983 8.3707505 8.4573597 8.5302195 8.5923715 8.6459146 8.6924157 8.73309 8.7688963 8.8005982 8.8288083 8.854022 8.8766437 8.8970062 8.9153861 8.9320152 8.9470896 8.9607761 8.9732181 8.9845393 8.9948472 9.0042358 9.0127877 9.0205758 9.0276646 9.0341117 9.0399684 9.0452809 9.0500907 9.0544352 9.0583484 9.061861 9.0650013 9.0677947 9.0702647 9.0724329 9.0743191 9.0759414 9.0773168 9.0784606 9.0793875 9.0801106 9.0806425 9.0809947 9.081178 9.0812024 9.0810773
9.6461159 9.351762 9.0525241 8.7539237 8.4069556 7.9472346 7.3292862 6.729952 6.6711063 7.1260793 7.5888211 7.9051359 8.1129863 8.2581892 8.3673881 8.4543535 8.5262846 8.587218 8.6396439 8.6852458 8.7252443 8.7605667 8.7919381 8.8199371 8.8450315 8.8676042 8.8879718 8.9063984 8.9231063 8.9382842 8.9520934 8.9646726 8.976142 8.9866065 8.9961577 9.0048764 9.0128341 9.0200942 9.0267133 9.0327421 9.0382261 9.0432062 9.0477195 9.0517997 9.0554773 9.0587802 9.0617338 9.0643615 9.0666847 9.0687231 9.0704949 9.0720168 9.0733045 9.0743722 9.0752334 9.0759005 9.076385 9.0766978 9.0768489 9.0768478
9.5689561 9.2914932 8.997203 8.7026136 8.3715775 7.9551998 7.4268042 6.9378878 6.8776029 7.2329968 7.6271863 7.9165627 8.1158129 8.2581572 8.3658207 8.4514313 8.5220581 8.5818152 8.6332548 8.6780759 8.717484 8.7523779 8.7834526 8.8112595 8.8362437 8.8587702 8.8791413 8.8976103 8.9143908 8.9296649 8.9435885 8.9562963 8.9679053 8.9785175 8.9882227 8.9970998 9.0052189 9.0126424 9.019426 9.0256195 9.0312679 9.0364117 9.0410875 9.0453286 9.0491654 9.0526255 9.0557341 9.0585145 9.060988 9.0631742 9.0650912 9.0667558 9.0681834 9.0693884 9.0703842 9.0711832 9.071797 9.0722364 9.0725115 9.0726316
9.3348952 9.1399018 8.900566 8.6420344 8.3592073 8.0412312 7.6975464 7.4177074 7.3605972 7.5287289 7.7658438 7.9751733 8.1393295 8.2665986 8.3674196 8.4495351 8.5180917 8.5764617 8.6269043 8.6709904 8.7098582 8.7443629 8.7751673 8.8027975 8.8276788 8.8501605 8.8705327 8.8890387 8.9058847 8.9212466 8.9352757 8.9481029 8.9598419 8.9705924 8.9804422 8.9894686 8.9977404 9.0053188 9.0122587 9.0186093 9.0244147 9.0297151 9.0345466 9.0389424 9.0429323 9.0465438 9.049802 9.0527299 9.0553488 9.0576781 9.0597359 9.0615389 9.0631025 9.064441 9.0655678 9.0664954 9.0672352 9.0677981 9.0681942 9.0684329
9.1326565 8.9860107 8.7902248 8.5640284 8.3216084 8.0807042 7.868093 7.7234797 7.6886912 7.7629074 7.8958257 8.0385941 8.1679179 8.2781026 8.3705131 8.4482739 8.5143807 8.5712384 8.6206717 8.6640506 8.7024125 8.7365566 8.7671102 8.794575 8.819358 8.8417944 8.8621634 8.8806999 8.8976032 8.9130438 8.9271685 8.9401048 8.9519636 8.9628423 8.9728268 8.9819929 8.990408 8.9981325 9.0052202 9.0117195 9.0176742 9.0231238 9.0281041 9.0326477 9.0367844 9.0405413 9.0439433 9.0470134 9.0497725 9.0522401 9.0544341 9.0563711 9.0580665 9.0595346 9.0607887 9.0618413 9.0627037 9.063387 9.0639011 9.0642555
9.0101038 8.8710409 8.6851261 8.4619272 8.219715 7.992997 7.8285955 7.7570662 7.7723671 7.8485521 7.9573736 8.0750691 8.1868064 8.2863168 8.3725453 8.4467017 8.5106234 8.5660829 8.614574 8.6572932 8.6951841 8.7289918 8.7593097 8.7866165 8.8113027 8.8336911 8.8540512 8.8726101 8.8895611 8.90507 8.9192795 8.9323139 8.9442816 8.9552777 8.9653864 8.9746819 8.9832307 8.9910917 8.9983182 9.0049578 9.0110537 9.0166447 9.0217664 9.026451 9.0307279 9.0346239 9.0381639 9.0413704 9.0442645 9.0468653 9.0491907 9.0512572 9.0530801 9.0546737 9.0560513 9.0572251 9.0582068 9.059007 9.059636 9.0601031
8.9596249 8.7987821 8.591921 8.335908 8.0375272 7.7397798 7.5429147 7.528366 7.6469016 7.8017177 7.9483495 8.0780889 8.1909525 8.2883353 8.3720775 8.4441879 8.5065832 8.5609335 8.6086188 8.6507488 8.6882079 8.7217011 8.7517945 8.778947 8.8035348 8.8258698 8.8462129 8.8647845 8.8817725 8.8973381 8.9116206 8.9247413 8.9368061 8.9479082 8.95813 8.9675443 8.9762164 8.9842043 8.9915602 8.9983312 9.0045598 9.0102843 9.0155398 9.0203581 9.0247684 9.0287972 9.0324689 9.0358062 9.0388297 9.0415585 9.0440103 9.0462016 9.0481477 9.0498626 9.0513595 9.0526509 9.0537481 9.054662 9.0554026 9.0559794
8.9673991 8.7618441 8.5157427 8.2051345 7.8058205 7.3482781 7.0343328 7.0975843 7.3953752 7.6840955 7.900481 8.0606595 8.1848955 8.2855301 8.3694658 8.4408189 8.5022979 8.5558288 8.6028488 8.64446 8.6815229 8.7147188 8.7445939 8.7715916 8.7960761 8.8183495 8.8386654 8.8572382 8.8742507 8.8898603 8.904203 8.9173973 8.9295468 8.9407428 8.9510659 8.9605879 8.9693726 8.9774772 8.9849529 8.9918461 8.9981987 9.0040484 9.0094299 9.0143746 9.0189112 9.0230661 9.0268634 9.0303254 9.0334726 9.0363241 9.0388974 9.0412087 9.0432733 9.0451051 9.0467174 9.0481224 9.0493315 9.0503555 9.0512044 9.0518876
8.9977239 8.7418644 8.4612947 8.1112584 7.6362266 7.0369771 6.6015462 6.7406781 7.198158 7.5918808 7.860268 8.0438642 8.1777258 8.2816817 8.3662566 8.4372368 8.4980519 8.5509123 8.5973501 8.6384866 8.6751748 8.7080815 8.7377382 8.7645757 8.7889478 8.8111486 8.8314246 8.849985 8.8670082 8.8826479 8.8970368 8.9102911 8.9225121 8.9337893 8.9442017 8.9538198 8.962706 8.9709167 8.9785023 8.9855083 8.9919759 8.9979425 9.003442 9.0085054 9.0131612 9.0174354 9.0213518 9.0249325 9.0281978 9.0311664 9.0338559 9.0362824 9.0384608 9.0404052 9.0421286 9.0436433 9.0449605 9.046091 9.0470448 9.0478312
8.9838867 8.7102958 8.4248345 8.0853427 7.6434272 7.1054368 6.7223131 6.8344906 7.2369236 7.6024137 7.8619829 8.0435525 8.1768446 8.2802188 8.3640274 8.4341735 8.4941979 8.5463671 8.5922284 8.6328972 8.6692129 8.701827 8.7312576 8.757924 8.7821708 8.8042844 8.8245055 8.8430381 8.8600564 8.8757108 8.8901312 8.903431 8.9157097 8.9270548 8.937544 8.947246 8.9562225 8.9645286 8.9722138 8.979323 8.9858965 8.9919712 8.9975805 9.0027551 9.0075228 9.0119093 9.0159383 9.0196315 9.023009 9.0260893 9.0288897 9.0314263 9.0337139 9.0357663 9.0375966 9.0392168 9.0406383 9.0418717 9.0429269 9.0438132
8.8954124 8.6494658 8.3900821 8.1021221 7.7718632 7.4247664 7.1948287 7.2305592 7.4539747 7.7006335 7.9039446 8.0611997 8.1838942 8.2823072 8.3634932 8.4320439 8.4909759 8.5423375 8.5875763 8.6277559 8.6636842 8.6959916 8.725181 8.7516601 8.7757644 8.7977734 8.8179218 8.836409 8.8534055 8.8690581 8.883494 8.8968242 8.9091461 8.9205455 8.9310983 8.9408721 8.9499272 8.9583176 8.9660921 8.9732946 8.9799648 8.9861389 8.9918498 8.9971276 9.0019999 9.0064918 9.0106268 9.0144262 9.0179099 9.0210963 9.0240023 9.0266439 9.0290359 9.0311918 9.0331246 9.0348463 9.0363681 9.0377006 9.0388536 9.0398365
8.7725951 8.563469 8.3348559 8.097195 7.8650694 7.6656677 7.5477218 7.5533764 7.6614014 7.8105189 7.9574678 8.0863259 8.19521 8.2867728 8.3643522 8.4308285 8.4884435 8.5388918 8.5834547 8.6231128 8.6586292 8.690608 8.7195348 8.7458053 8.7697462 8.7916298 8.8116855 8.8301081 8.8470642 8.8626973 8.877132 8.8904768 8.9028269 8.9142664 8.9248695 8.9347024 8.9438242 8.9522879 8.9601412 8.9674271 8.9741846 8.9804493 8.9862535 8.9916267 8.996596 9.0011863 9.0054205 9.0093199 9.0129038 9.0161906 9.0191969 9.0219384 9.0244298 9.0266846 9.0287156 9.0305346 9.0321528 9.0335806 9.0348279 9.0359039
8.6569408 8.4617555 8.2396482 8.0141277 7.8205172 7.6937907 7.6487513 7.6785323 7.7632858 7.8765417 7.995421 8.1067519 8.2055928 8.2914925 8.365788 8.4302476 8.4865319 8.5360385 8.5798958 8.6190039 8.6540809 8.6857041 8.714342 8.7403784 8.7641312 8.7858661 8.8058069 8.8241438 8.8410396 8.8566346 8.8710504 8.8843933 8.8967562 8.9082213 8.9188612 8.9287405 8.9379171 8.9464428 8.9543642 8.9617235 8.968559 8.9749054 8.9807945 8.9862552 8.9913141 8.9959958 9.0003226 9.0043156 9.0079938 9.0113752 9.0144763 9.0173127 9.0198987 9.0222477 9.0243724 9.0262845 9.027995 9.0295144 9.0308523 9.0320179
8.5626258 8.3505982 8.0948052 7.8192305 7.5860273 7.4768399 7.5094482 7.621568 7.7551201 7.8864081 8.0077938 8.1164762 8.2119235 8.2949853 8.3671529 8.4300483 8.4851644 8.5337734 8.576922 8.615458 8.6500666 8.6813035 8.7096219 8.7353949 8.758932 8.7804921 8.8002936 8.8185222 8.8353367 8.8508741 8.865253 8.8785771 8.8909371 8.9024131 8.913076 8.9229889 8.9322082 8.9407846 8.9487636 8.9561865 8.9630906 8.9695099 8.9754755 8.9810159 8.986157 8.9909229 8.9953357 8.9994159 9.0031823 9.0066527 9.0098433 9.0127693 9.0154449 9.0178835 9.0200975 9.0220984 9.0238973 9.0255044 9.0269293 9.0281811
8.4922858 8.2408702 7.9150787 7.5192264 7.1493945 7.015521 7.1763076 7.4419751 7.6760596 7.8579318 8.0008583 8.1171978 8.2144672 8.297193 8.3683784 8.4302069 8.4843512 8.5321235 8.5745643 8.6125043 8.6466114 8.6774264 8.7053904 8.730867 8.7541577 8.7755147 8.795151 8.8132474 8.8299587 8.8454183 8.8597418 8.8730299 8.885371 8.8968432 8.9075154 8.9174491 8.9266993 8.9353152 8.9433413 8.9508178 8.9577812 8.9642647 8.9702986 8.9759108 8.9811267 8.9859699 8.990462 8.9946231 8.9984718 9.0020255 9.0053 9.0083106 9.011071 9.0135945 9.0158933 9.0179789 9.019862 9.0215529 9.0230611 9.0243956
8.4444952 8.1536332 7.7593344 7.2285266 6.6738509 6.4953931 6.8201213 7.2579476 7.592852 7.8243477 7.98981 8.1154778 8.2159664 8.299256 8.3699536 8.4309499 8.4842109 8.5311594 8.5728695 8.6101757 8.6437387 8.6740894 8.7016594 8.7268029 8.7498137 8.7709375 8.7903812 8.8083207 8.8249064 8.8402677 8.8545168 8.8677518 8.8800582 8.8915119 8.9021799 8.9121218 8.9213909 8.9300353 8.9380982 8.9456187 8.9526322 8.9591712 8.9652653 8.9709416 8.976225 8.9811385 8.9857034 8.9899392 8.9938643 8.9974955 9.0008487 9.0039386 9.006779 9.0093827 9.0117619 9.0139279 9.0158913 9.0176622 9.0192499 9.0206636
8.4105239 8.107804 7.7058029 7.1619912 6.5843025 6.4011631 6.7514866 7.2172614 7.572437 7.8167943 7.9893623 8.1182505 8.2196653 8.3026908 8.3725962 8.4326273 8.4849222 8.5309776 8.5718927 8.6085048 8.6414684 8.6713048 8.6984356 8.723206 8.7459014 8.7667603 8.7859833 8.8037406 8.8201778 8.8354203 8.8495766 8.8627413 8.8749975 8.8864183 8.8970686 8.9070063 8.916283 8.9249451 8.9330346 8.9405895 8.9476442 8.9542304 8.9603766 8.9661095 8.9714532 8.9764302 8.9810614 8.9853658 8.9893613 8.9930646 8.9964911 8.9996553 9.0025708 9.0052501 9.0077053 9.0099474 9.011987 9.013834 9.0154977 9.0169869
8.3750482 8.0952283 7.7565882 7.3470603 6.952437 6.8176689 7.0240413 7.3488892 7.631667 7.8455316 8.0056703 8.1290681 8.2275376 8.3085647 8.3768751 8.4355417 8.4866471 8.5316657 8.5716813 8.607517 8.6398129 8.6690773 8.6957196 8.7200742 8.7424173 8.7629789 8.7819526 8.7995025 8.8157688 8.8308722 8.8449173 8.8579952 8.8701859 8.8815599 8.8921798 8.9021013 8.9113743 8.9200437 8.9281501 8.9357302 8.9428175 8.9494425 8.9556331 8.9614151 8.9668122 8.9718461 8.9765371 8.980904 8.9849643 8.9887341 8.9922287 8.9954622 8.9984479 9.0011983 9.003725 9.0060391 9.0081509 9.0100702 9.0118061 9.0133674
8.3230896 8.0770858 7.81727 7.5584882 7.3469929 7.2694446 7.3581737 7.5387819 7.729983 7.8971059 8.0347472 8.1470731 8.2396375 8.3171122 8.3829975 8.4398352 8.4894725 8.5332722 8.5722595 8.6072213 8.6387727 8.6674024 8.6935041 8.7173991 8.7393523 8.7595843 8.7782806 8.7955985 8.8116721 8.826617 8.8405335 8.8535087 8.8656195 8.8769334 8.8875105 8.8974043 8.906663 8.9153297 8.9234436 8.9310401 8.9381515 8.9448074 8.9510349 8.9568589 8.9623025 8.9673868 8.9721315 8.976555 8.9806743 8.9845053 8.9880627 8.9913606 8.9944118 8.9972287 8.9998227 9.0022046 9.0043846 9.0063723 9.0081769 9.0098067
8.2428478 8.0067924 7.7855264 7.614772 7.5171196 7.5013464 7.5643914 7.6813916 7.8180332 7.9503056 8.0678936 8.1688421 8.2546867 8.3278924 8.3908299 8.4454759 8.4933926 8.5357933 8.5736193 8.6076057 8.6383329 8.6662639 8.6917728 8.7151647 8.7366915 8.7565628 8.774955 8.7920175 8.8078779 8.8226461 8.8364175 8.8492752 8.8612925 8.8725338 8.8830565 8.8929121 8.9021464 8.9108009 8.9189133 8.9265177 8.9336453 8.9403246 8.9465817 8.9524408 8.9579243 8.9630527 8.9678451 8.9723194 8.9764923 8.9803791 8.9839943 8.9873517 8.9904638 8.9933427 8.9959996 8.9984452 9.0006895 9.0027419 9.0046113 9.0063063
8.1285063 7.8508764 7.5934356 7.4375104 7.4220578 7.5013202 7.6177782 7.745498 7.8728537 7.991932 8.098383 8.1911639 8.2712106 8.3402416 8.4000718 8.4523201 8.4983292 8.5391776 8.5757203 8.6086353 8.6384619 8.6656331 8.6904994 8.7133474 8.7344138 8.7538958 8.7719593 8.7887451 8.8043736 8.8189485 8.8325599 8.8452866 8.857198 8.8683552 8.8788131 8.8886203 8.8978209 8.9064544 8.914557 8.9221614 8.9292976 8.9359929 8.9422728 8.9481604 8.9536774 8.9588438 8.9636781 8.9681977 8.9724186 8.9763561 8.9800242 8.9834363 8.9866047 8.9895412 8.9922569 8.9947622 8.9970668 8.9991801 9.0011109 9.0028675
