Cobbity3/QGIS/AVE11.asc
NCOLS 399
NROWS 220
XLLCORNER 150.661
YLLCORNER -34.0268
CELLSIZE 1e-05
NODATA_VALUE -9999
[rows 0 to 25 of 220, columns 60 to 119 of 399]
8.7233724 8.7223914 8.7213597 8.7202754 8.7191362 8.7179403 8.7166852 8.7153687 8.7139884 8.7125418 8.7110261 8.7094388 8.7077768 8.7060373 8.7042171 8.702313 8.7003215 8.6982392 8.6960624 8.6937872 8.6914096 8.6889255 8.6863305 8.6836201 8.6807896 8.6778341 8.6747486 8.6715277 8.6681661 8.6646582 8.6609981 8.65718 8.6531978 8.6490454 8.6447165 8.640205 8.6355046 8.6306094 8.6255134 8.6202113 8.614698 8.6089695 8.6030224 8.5968547 8.5904662 8.5838587 8.5770365 8.5700075 8.5627836 8.5553816 8.5478244 8.5401421 8.5323729 8.5245643 8.5167739 8.5090691 8.5015266 8.4942297 8.4872643 8.480712
8.7248957 8.7239088 8.7228702 8.7217777 8.7206292 8.7194226 8.7181554 8.7168252 8.7154296 8.7139658 8.7124311 8.7108226 8.7091372 8.7073718 8.7055232 8.7035877 8.7015619 8.6994419 8.6972238 8.6949034 8.6924765 8.6899385 8.6872846 8.6845099 8.6816094 8.6785774 8.6754086 8.6720969 8.6686363 8.6650205 8.6612428 8.6572964 8.6531743 8.6488693 8.644374 8.6396808 8.634782 8.6296701 8.6243375 8.6187767 8.6129808 8.6069433 8.6006585 8.5941217 8.58733 8.5802821 8.5729796 8.5654275 8.5576349 8.5496164 8.5413937 8.5329964 8.5244645 8.5158498 8.5072174 8.4986471 8.4902332 8.4820828 8.474311 8.467033
8.726417 8.7254247 8.7243796 8.7232796 8.7221224 8.7209057 8.719627 8.7182838 8.7168735 8.7153933 8.7138402 8.7122113 8.7105032 8.7087128 8.7068364 8.7048704 8.702811 8.7006541 8.6983954 8.6960307 8.6935551 8.6909638 8.6882517 8.6854134 8.6824432 8.6793353 8.6760834 8.672681 8.6691214 8.6653973 8.6615013 8.6574257 8.6531624 8.6487028 8.6440384 8.6391601 8.6340587 8.6287247 8.6231485 8.6173207 8.6112317 8.6048723 8.598234 8.5913088 8.5840902 8.5765733 8.5687557 8.560638 8.5522256 8.5435289 8.5345663 8.5253653 8.5159652 8.5064201 8.4968019 8.4872025 8.4777361 8.4685387 8.4597641 8.4515751
8.7279365 8.7269395 8.7258886 8.7247816 8.7236163 8.7223902 8.7211007 8.7197453 8.7183211 8.7168252 8.7152545 8.713606 8.7118761 8.7100614 8.7081582 8.7061626 8.7040705 8.7018776 8.6995794 8.6971712 8.6946479 8.6920043 8.6892348 8.6863337 8.6832948 8.6801116 8.6767774 8.6732848 8.6696264 8.6657943 8.6617799 8.6575747 8.6531692 8.6485539 8.6437186 8.6386527 8.6333451 8.6277845 8.6219591 8.6158567 8.6094652 8.6027723 8.5957657 8.5884339 8.5807658 8.5727518 8.5643843 8.5556585 8.5465734 8.5371338 8.5273517 8.5172495 8.5068627 8.4962442 8.4854693 8.47464 8.4638909 8.4533912 8.443344 8.4339779
8.7294547 8.7284535 8.7273974 8.7262842 8.7251115 8.7238767 8.7225772 8.7212103 8.719773 8.7182623 8.716675 8.7150078 8.713257 8.7114191 8.7094901 8.7074659 8.7053422 8.7031144 8.7007778 8.6983272 8.6957574 8.6930626 8.690237 8.6872743 8.6841677 8.6809103 8.6774947 8.6739129 8.6701566 8.666217 8.6620849 8.6577502 8.6532026 8.648431 8.6434237 8.6381685 8.6326525 8.6268619 8.6207826 8.6143997 8.6076978 8.6006611 8.5932732 8.585518 8.5773794 8.5688418 8.559891 8.5505149 8.5407044 8.5304553 8.5197705 8.5086628 8.4971589 8.4853049 8.4731733 8.4608711 8.4485491 8.4364115 8.42472 8.4137909
8.7309718 8.7299671 8.7289065 8.7277878 8.7266084 8.7253658 8.7240571 8.7226795 8.7212301 8.7197055 8.7181025 8.7164176 8.7146471 8.712787 8.7108334 8.7087818 8.7066277 8.7043663 8.7019925 8.6995009 8.6968859 8.6941414 8.6912611 8.6882381 8.6850654 8.6817352 8.6782396 8.67457 8.6707171 8.6666714 8.6624224 8.6579592 8.6532701 8.6483426 8.6431634 8.6377184 8.6319926 8.62597 8.6196337 8.6129657 8.6059473 8.5985584 8.5907783 8.5825854 8.5739575 8.5648722 8.555307 8.5452406 8.5346535 8.5235293 8.5118574 8.4996357 8.4868755 8.4736075 8.4598913 8.4458273 8.4315731 8.4173609 8.4035154 8.3904622
8.7324881 8.7314806 8.7304163 8.7292928 8.7281076 8.7268579 8.7255409 8.7241537 8.722693 8.7211556 8.7195379 8.7178365 8.7160473 8.7141663 8.7121893 8.7101116 8.7079285 8.7056349 8.7032255 8.7006945 8.6980359 8.6952433 8.6923099 8.6892285 8.6859913 8.6825902 8.6790165 8.6752608 8.6713132 8.6671631 8.6627991 8.658209 8.6533798 8.6482976 8.6429474 8.6373131 8.6313776 8.6251224 8.6185275 8.6115719 8.6042328 8.5964858 8.5883051 8.5796629 8.5705303 8.5608765 8.5506697 8.5398771 8.5284659 8.5164044 8.5036635 8.49022 8.4760607 8.4611894 8.4456375 8.4294804 8.4128604 8.3960178 8.3793291 8.3633419
8.7340039 8.7329943 8.731927 8.7307996 8.7296094 8.7283535 8.7270292 8.7256332 8.7241623 8.7226132 8.7209821 8.7192653 8.7174587 8.7155581 8.7135591 8.7114568 8.7092462 8.706922 8.7044786 8.7019099 8.6992095 8.6963707 8.6933862 8.6902483 8.6869489 8.683479 8.6798294 8.67599 8.67195 8.6676979 8.6632211 8.6585065 8.6535396 8.6483049 8.6427857 8.636964 8.6308202 8.6243332 8.6174802 8.6102363 8.6025748 8.5944664 8.5858796 8.5767803 8.5671314 8.556893 8.5460223 8.5344733 8.5221972 8.5091431 8.4952586 8.4804918 8.4647951 8.4481306 8.4304812 8.4118683 8.3923816 8.3722257 8.351787 8.3317168
8.7355193 8.7345083 8.7334389 8.7323084 8.7311141 8.7298531 8.7285223 8.7271187 8.7256387 8.724079 8.7224356 8.7207048 8.7188822 8.7169634 8.7149439 8.7128185 8.7105821 8.7082291 8.7057535 8.703149 8.7004088 8.6975259 8.6944926 8.6913006 8.6879413 8.6844052 8.6806824 8.676762 8.6726324 8.6682812 8.6636949 8.6588588 8.6537573 8.6483733 8.6426883 8.6366821 8.630333 8.6236169 8.6165079 8.6089774 8.6009943 8.5925242 8.5835296 8.5739692 8.5637973 8.5529639 8.5414137 8.5290858 8.515913 8.5018217 8.486731 8.4705536 8.4531963 8.4345633 8.4145636 8.3931265 8.3702327 8.345972 8.3206443 8.2949145
8.7370344 8.7360229 8.7349522 8.7338195 8.732622 8.7313568 8.7300207 8.7286105 8.7271227 8.7255536 8.7238993 8.7221557 8.7203185 8.7183831 8.7163447 8.714198 8.7119375 8.7095575 8.7070517 8.7044135 8.7016359 8.6987112 8.6956315 8.692388 8.6889716 8.6853722 8.6815792 8.677581 8.6733653 8.6689186 8.6642263 8.6592727 8.6540406 8.6485114 8.6426649 8.6364787 8.6299286 8.6229879 8.6156272 8.6078142 8.5995131 8.5906843 8.581284 8.5712631 8.560567 8.5491346 8.5368971 8.5237772 8.5096874 8.4945283 8.4781867 8.4605332 8.4414194 8.4206758 8.3981112 8.3735188 8.346696 8.3174984 8.2859608 8.2525345
8.7385494 8.7375382 8.736467 8.735333 8.7341334 8.732865 8.7315247 8.7301091 8.7286146 8.7270374 8.7253735 8.7236187 8.7217684 8.719818 8.7177624 8.7155961 8.7133136 8.7109086 8.7083748 8.7057052 8.7028925 8.6999286 8.6968052 8.6935131 8.6900426 8.6863832 8.6825234 8.6784512 8.6741532 8.669615 8.6648211 8.6597546 8.6543968 8.6487277 8.642725 8.6363646 8.6296195 8.6224603 8.6148543 8.6067652 8.5981528 8.5889718 8.5791719 8.5686962 8.5574805 8.5454522 8.5325285 8.5186145 8.5036008 8.4873606 8.4697453 8.4505792 8.429652 8.4067087 8.381437 8.3534531 8.3222929 8.2874284 8.2483589 8.2048829
8.7400641 8.7390541 8.7379834 8.7368491 8.7356483 8.7343778 8.7330345 8.7316146 8.7301147 8.7285308 8.7268588 8.7250942 8.7232325 8.7212688 8.7191978 8.7170139 8.7147113 8.7122836 8.709724 8.7070255 8.7041802 8.7011799 8.6980158 8.6946782 8.691157 8.687441 8.6835184 8.6793761 8.6750002 8.6703752 8.6654848 8.6603106 8.6548329 8.6490299 8.6428777 8.6363499 8.6294173 8.6220476 8.6142049 8.6058488 8.5969345 8.5874114 8.5772223 8.5663025 8.5545782 8.5419649 8.5283652 8.5136665 8.4977368 8.4804209 8.4615338 8.4408521 8.4181014 8.3929378 8.3649192 8.3334638 8.2977917 8.2568563 8.2093102 8.1536437
8.7415787 8.7405708 8.7395014 8.7383678 8.7371669 8.7358955 8.7345502 8.7331274 8.7316234 8.7300342 8.7283555 8.7265828 8.7247113 8.722736 8.7206515 8.718452 8.7161315 8.7136833 8.7111005 8.7083755 8.7055005 8.7024667 8.699265 8.6958854 8.692317 8.6885485 8.6845671 8.6803592 8.6759101 8.6712036 8.6662222 8.6609464 8.6553553 8.6494255 8.6431313 8.6364444 8.6293333 8.6217629 8.6136939 8.6050823 8.5958786 8.5860268 8.5754632 8.5641151 8.5518993 8.5387194 8.5244637 8.5090014 8.4921784 8.4738113 8.4536793 8.4315128 8.4069767 8.3796441 8.3489542 8.3141417 8.2741193 8.2272875 8.1712589 8.1025762
8.743093 8.742088 8.741021 8.7398891 8.7386891 8.7374179 8.7360719 8.7346475 8.7331408 8.7315477 8.7298638 8.7280846 8.7262051 8.7242201 8.7221241 8.7199111 8.7175749 8.7151086 8.712505 8.7097564 8.7068545 8.7037904 8.7005545 8.6971363 8.6935248 8.6897077 8.685672 8.6814035 8.6768864 8.672104 8.6670377 8.661667 8.6559696 8.6499208 8.6434934 8.6366569 8.6293775 8.6216176 8.6133349 8.6044815 8.5950036 8.58484 8.5739205 8.562165 8.5494808 8.5357601 8.5208773 8.504684 8.4870047 8.4676286 8.4463012 8.4227103 8.396467 8.3670764 8.3338877 8.296008 8.2521423 8.2002934 8.1372095 8.0574528
8.7446069 8.7436058 8.7425421 8.7414129 8.740215 8.7389451 8.7375996 8.7361748 8.7346668 8.7330713 8.7313839 8.7295999 8.7277142 8.7257214 8.7236159 8.7213916 8.719042 8.71656 8.7139384 8.711169 8.7082433 8.7051521 8.7018854 8.6984326 8.6947818 8.6909207 8.6868355 8.6825113 8.6779319 8.6730796 8.667935 8.6624766 8.6566809 8.6505218 8.6439705 8.6369948 8.6295588 8.6216223 8.61314 8.6040607 8.5943263 8.5838707 8.5726178 8.5604801 8.5473561 8.5331274 8.5176547 8.5007734 8.4822872 8.4619599 8.4395053 8.4145724 8.3867265 8.35542 8.319948 8.2793688 8.2323511 8.1768546 8.1094524 8.0239263
8.7461202 8.7451238 8.7440644 8.742939 8.7417443 8.7404769 8.7391332 8.7377095 8.7362015 8.7346052 8.7329159 8.7311287 8.7292386 8.72724 8.7251272 8.7228937 8.7205331 8.7180381 8.7154011 8.7126139 8.7096675 8.7065526 8.7032589 8.6997752 8.6960895 8.6921889 8.6880591 8.6836848 8.6790489 8.6741332 8.6689172 8.6633788 8.6574931 8.651233 8.6445681 8.6374646 8.6298845 8.6217855 8.6131193 8.6038318 8.5938609 8.5831358 8.5715751 8.5590844 8.5455541 8.5308558 8.5148378 8.4973203 8.4780877 8.4568799 8.4333807 8.407203 8.3778692 8.3447875 8.3072191 8.264231 8.2146095 8.1566681 8.0877648 8.0031006
8.7476325 8.7466419 8.7455878 8.7444672 8.7432768 8.7420131 8.7406725 8.7392511 8.7377448 8.7361491 8.7344595 8.732671 8.7307784 8.728776 8.7266579 8.7244176 8.7220484 8.719543 8.7168934 8.7140913 8.7111276 8.7079925 8.7046754 8.701165 8.6974488 8.6935134 8.6893443 8.6849253 8.6802391 8.6752666 8.6699867 8.6643762 8.6584095 8.6520582 8.6452906 8.6380712 8.6303606 8.6221141 8.6132811 8.6038044 8.5936186 8.5826487 8.5708083 8.557997 8.5440978 8.5289732 8.5124606 8.494366 8.4744563 8.4524491 8.4279997 8.4006844 8.3699806 8.335244 8.2956874 8.2503693 8.198204 8.1379998 8.0684733 7.987995
8.7491436 8.7481596 8.7471119 8.7459972 8.7448122 8.7435535 8.7422173 8.7407996 8.7392963 8.7377029 8.7360146 8.7342266 8.7323333 8.7303291 8.7282079 8.7259631 8.7235879 8.7210747 8.7184154 8.7156015 8.7126237 8.7094719 8.7061354 8.7026024 8.6988601 8.6948949 8.6906916 8.6862338 8.6815036 8.6764812 8.6711449 8.6654707 8.6594322 8.6529998 8.6461407 8.6388182 8.6309911 8.6226129 8.6136308 8.6039852 8.5936074 8.582419 8.5703289 8.5572317 8.5430038 8.5274999 8.5105475 8.4919403 8.4714297 8.448713 8.4234181 8.3950841 8.363136 8.3268558 8.2853557 8.2375726 8.1823294 8.1185588 8.0458507 7.9654682
8.750653 8.7496767 8.7486363 8.7475285 8.7463502 8.7450976 8.743767 8.7423545 8.7408556 8.739266 8.7375809 8.735795 8.733903 8.7318991 8.729777 8.7275301 8.7251513 8.7226329 8.7199669 8.7171443 8.7141557 8.7109909 8.7076387 8.7040873 8.7003236 8.6963334 8.6921014 8.6876107 8.6828428 8.6777776 8.6723925 8.6666632 8.6605621 8.6540591 8.6471201 8.6397073 8.6317782 8.6232845 8.6141718 8.604378 8.593832 8.582452 8.5701435 8.5567964 8.5422817 8.5264473 8.5091125 8.4900607 8.4690299 8.4456997 8.4196739 8.3904555 8.3574128 8.3197337 8.2763669 8.2259638 8.1668622 8.097246 8.015815 7.9236894
8.7521604 8.7511926 8.7501605 8.7490608 8.7478902 8.746645 8.7453213 8.7439153 8.7424224 8.7408382 8.7391578 8.7373759 8.7354871 8.7334855 8.7313646 8.7291179 8.7267381 8.7242173 8.7215473 8.7187192 8.7157232 8.7125489 8.7091851 8.7056195 8.7018388 8.6978287 8.6935734 8.6890556 8.6842565 8.6791554 8.6737295 8.6679534 8.6617993 8.655236 8.6482288 8.6407388 8.6327221 8.6241294 8.6149045 8.6049835 8.5942932 8.5827491 8.5702536 8.5566929 8.5419335 8.5258178 8.5081585 8.4887306 8.4672615 8.4434171 8.4167819 8.3868296 8.3528792 8.3140261 8.2690335 8.2161652 8.1529436 8.075866 7.9803302 7.8618183
8.753665 8.7527068 8.751684 8.7505934 8.7494316 8.748195 8.7468796 8.7454814 8.743996 8.7424187 8.7407447 8.7389686 8.7370849 8.7350876 8.7329703 8.7307261 8.7283477 8.7258272 8.7231562 8.7203256 8.7173255 8.7141454 8.7107737 8.7071981 8.7034051 8.69938 8.6951067 8.6905677 8.6857438 8.6806139 8.6751547 8.6693404 8.6631426 8.6565294 8.6494655 8.641911 8.6338212 8.6251456 8.6158268 8.6057994 8.5949882 8.5833069 8.5706553 8.5569166 8.5419537 8.5256047 8.507677 8.4879392 8.4661109 8.4418486 8.4147245 8.3841957 8.3495539 8.3098403 8.2636943 8.2090755 8.1427473 8.0593347 7.9497301 7.7991387
8.7551665 8.7542186 8.7532061 8.7521257 8.7509739 8.7497471 8.7484412 8.7470522 8.7455757 8.7440069 8.742341 8.7405724 8.7386957 8.7367047 8.734593 8.7323537 8.7299792 8.7274616 8.7247925 8.7219624 8.7189616 8.7157792 8.7124036 8.7088222 8.7050213 8.700986 8.6967 8.6921455 8.6873031 8.6821512 8.6766663 8.6708221 8.6645897 8.6579368 8.6508273 8.6432209 8.635072 8.6263292 8.6169341 8.6068201 8.5959108 8.5841181 8.5713399 8.557457 8.5423297 8.5257925 8.5076486 8.4876618 8.4655461 8.4409518 8.4134456 8.3824816 8.3473544 8.3071162 8.2604228 8.205222 8.1381121 8.0530049 7.9384137 7.7725569
8.756664 8.7557275 8.7547263 8.7536571 8.7525164 8.7513004 8.7500053 8.7486269 8.7471607 8.745602 8.7439457 8.7421865 8.7403186 8.7383359 8.736232 8.7339997 8.7316316 8.7291196 8.7264551 8.7236286 8.7206302 8.717449 8.7140732 8.71049 8.7066856 8.7026449 8.6983514 8.6937871 8.6889322 8.683765 8.6782616 8.6723955 8.6661374 8.6594544 8.6523102 8.6446637 8.6364689 8.6276738 8.6182191 8.6080373 8.5970511 8.5851711 8.5722937 8.558298 8.543042 8.5263575 8.5080443 8.4878617 8.465519 8.4406612 8.4128521 8.3815497 8.346071 8.3055351 8.2587577 8.2040323 8.1386465 8.0578004 7.9523282 7.8047446
8.758157 8.7572326 8.7562436 8.7551866 8.7540581 8.7528542 8.7515712 8.7502046 8.7487501 8.7472029 8.7455579 8.7438097 8.7419525 8.7399801 8.737886 8.735663 8.7333037 8.7307998 8.7281426 8.7253227 8.7223299 8.7191533 8.7157809 8.7121999 8.7083962 8.7043547 8.7000586 8.6954898 8.6906283 8.6854522 8.6799373 8.6740569 8.6677813 8.6610774 8.6539085 8.6462332 8.6380049 8.6291712 8.6196723 8.60944 8.5983963 8.5864508 8.5734989 8.5594184 8.5440654 8.5272694 8.5088269 8.4884929 8.4659707 8.4408979 8.4128302 8.3812217 8.3454026 8.3045563 8.2576945 8.2036209 8.1408337 8.0672274 7.9793466 7.8713748
8.7596445 8.7587332 8.7577574 8.7567135 8.7555982 8.7544076 8.7531377 8.7517843 8.7503429 8.7488087 8.7471765 8.7454409 8.7435962 8.741636 8.7395537 8.7373423 8.734994 8.7325007 8.7298535 8.727043 8.7240588 8.72089 8.7175246 8.7139495 8.7101507 8.7061127 8.7018188 8.6972506 8.6923881 8.6872091 8.6816892 8.6758015 8.6695162 8.6627999 8.6556156 8.6479217 8.6396713 8.6308114 8.6212821 8.6110147 8.5999305 8.5879387 8.5749338 8.5607925 8.5453694 8.5284919 8.5099533 8.4895035 8.4668377 8.441581 8.4132697 8.3813303 8.3450596 8.3036179 8.2560627 8.2014732 8.1392568 8.069736 7.9950277 7.9200145
8.7611257 8.7602284 8.7592666 8.7582369 8.7571358 8.7559595 8.754704 8.753365 8.751938 8.7504181 8.7488003 8.747079 8.7452484 8.7433022 8.7412338 8.7390359 8.7367009 8.7342205 8.7315859 8.7287875 8.7258149 8.7226571 8.719302 8.7157364 8.7119462 8.7079159 8.7036287 8.6990659 8.6942075 8.6890312 8.6835124 8.6776241 8.6713361 8.6646152 8.6574239 8.6497205 8.6414578 8.6325828 8.6230351 8.6127457 8.6016356 8.5896135 8.5765733 8.5623907 8.5469192 8.5299842 8.5113756 8.4908379 8.4680563 8.442638 8.4140875 8.3817735 8.344891 8.302428 8.2531696 8.1958249 8.1294761 8.0547414 7.9761934 7.9059202
