Cobbity3/QGIS/AVE10_run1.asc
NCOLS 800
NROWS 450
XLLCORNER 150.66
YLLCORNER -34.028
CELLSIZE 1e-05
NODATA_VALUE -9999
[rows 390 to 415 of 450, columns 0 to 59 of 800]
9.2542654 9.2546941 9.2551207 9.2555452 9.2559677 9.256388 9.2568062 9.2572221 9.2576358 9.2580472 9.2584563 9.2588631 9.2592675 9.2596694 9.260069 9.260466 9.2608604 9.2612524 9.2616417 9.2620283 9.2624123 9.2627936 9.2631721 9.2635478 9.2639207 9.2642907 9.2646578 9.2650219 9.2653831 9.2657412 9.2660963 9.2664482 9.266797 9.2671426 9.2674849 9.267824 9.2681598 9.2684922 9.2688212 9.2691468 9.2694689 9.2697875 9.2701025 9.270414 9.2707217 9.2710258 9.2713262 9.2716228 9.2719156 9.2722046 9.2724896 9.2727707 9.2730479 9.273321 9.2735901 9.273855 9.2741158 9.2743725 9.2746249 9.2748731
9.2540571 9.254484 9.2549089 9.2553318 9.2557525 9.2561711 9.2565876 9.2570019 9.2574139 9.2578236 9.2582311 9.2586362 9.2590389 9.2594393 9.2598372 9.2602326 9.2606254 9.2610158 9.2614035 9.2617886 9.262171 9.2625507 9.2629277 9.2633019 9.2636733 9.2640418 9.2644074 9.2647701 9.2651298 9.2654865 9.2658401 9.2661907 9.2665381 9.2668823 9.2672233 9.2675611 9.2678956 9.2682267 9.2685544 9.2688788 9.2691997 9.2695171 9.2698309 9.2701412 9.2704478 9.2707508 9.2710501 9.2713456 9.2716374 9.2719253 9.2722094 9.2724896 9.2727658 9.273038 9.2733062 9.2735703 9.2738303 9.2740862 9.2743379 9.2745853
9.2538478 9.254273 9.2546962 9.2551174 9.2555365 9.2559534 9.2563682 9.2567808 9.2571911 9.2575992 9.258005 9.2584085 9.2588096 9.2592083 9.2596046 9.2599984 9.2603897 9.2607784 9.2611646 9.2615481 9.261929 9.2623072 9.2626827 9.2630553 9.2634252 9.2637923 9.2641564 9.2645176 9.2648759 9.2652312 9.2655834 9.2659326 9.2662786 9.2666215 9.2669612 9.2672976 9.2676308 9.2679606 9.2682871 9.2686102 9.2689299 9.2692461 9.2695588 9.2698679 9.2701734 9.2704753 9.2707735 9.271068 9.2713587 9.2716457 9.2719288 9.272208 9.2724833 9.2727546 9.2730219 9.2732852 9.2735444 9.2737995 9.2740504 9.2742971
9.2536376 9.2540611 9.2544827 9.2549021 9.2553195 9.2557348 9.2561479 9.2565588 9.2569675 9.257374 9.2577782 9.25818 9.2585795 9.2589766 9.2593713 9.2597635 9.2601532 9.2605403 9.2609249 9.2613069 9.2616863 9.262063 9.2624369 9.2628081 9.2631765 9.2635421 9.2639048 9.2642645 9.2646214 9.2649752 9.2653261 9.2656739 9.2660185 9.2663601 9.2666984 9.2670336 9.2673655 9.267694 9.2680193 9.2683412 9.2686596 9.2689747 9.2692862 9.2695941 9.2698986 9.2701993 9.2704965 9.2707899 9.2710796 9.2713656 9.2716477 9.271926 9.2722003 9.2724708 9.2727372 9.2729997 9.2732581 9.2735124 9.2737625 9.2740085
9.2534265 9.2538484 9.2542682 9.254686 9.2551017 9.2555153 9.2559268 9.256336 9.2567431 9.2571479 9.2575505 9.2579507 9.2583486 9.2587441 9.2591372 9.2595278 9.2599159 9.2603016 9.2606846 9.2610651 9.2614429 9.261818 9.2621905 9.2625602 9.2629271 9.2632912 9.2636525 9.2640108 9.2643663 9.2647187 9.2650682 9.2654146 9.2657579 9.2660981 9.2664352 9.266769 9.2670996 9.2674269 9.267751 9.2680716 9.2683889 9.2687027 9.2690131 9.2693199 9.2696232 9.2699229 9.270219 9.2705114 9.2708001 9.271085 9.2713662 9.2716435 9.271917 9.2721865 9.2724521 9.2727137 9.2729713 9.2732248 9.2734742 9.2737195
9.2532145 9.2536347 9.2540529 9.254469 9.254883 9.255295 9.2557048 9.2561124 9.2565179 9.2569211 9.257322 9.2577206 9.2581169 9.2585108 9.2589023 9.2592914 9.259678 9.260062 9.2604436 9.2608225 9.2611988 9.2615725 9.2619434 9.2623116 9.2626771 9.2630398 9.2633996 9.2637565 9.2641105 9.2644616 9.2648097 9.2651547 9.2654967 9.2658356 9.2661713 9.2665039 9.2668332 9.2671593 9.2674821 9.2678015 9.2681176 9.2684303 9.2687395 9.2690452 9.2693474 9.269646 9.269941 9.2702324 9.2705201 9.270804 9.2710842 9.2713606 9.2716332 9.2719018 9.2721666 9.2724273 9.2726841 9.2729369 9.2731855 9.2734301
9.2530016 9.2534201 9.2538366 9.2542511 9.2546635 9.2550738 9.255482 9.255888 9.2562919 9.2566934 9.2570928 9.2574898 9.2578845 9.2582768 9.2586668 9.2590543 9.2594393 9.2598218 9.2602018 9.2605792 9.260954 9.2613262 9.2616957 9.2620624 9.2624265 9.2627877 9.2631461 9.2635016 9.2638542 9.2642039 9.2645506 9.2648943 9.265235 9.2655725 9.265907 9.2662383 9.2665663 9.2668912 9.2672127 9.267531 9.2678459 9.2681574 9.2684655 9.2687701 9.2690711 9.2693687 9.2696627 9.269953 9.2702397 9.2705226 9.2708019 9.2710773 9.271349 9.2716167 9.2718806 9.2721406 9.2723966 9.2726485 9.2728964 9.2731403
9.2527879 9.2532047 9.2536196 9.2540324 9.2544432 9.2548519 9.2552584 9.2556628 9.256065 9.256465 9.2568628 9.2572582 9.2576513 9.2580421 9.2584305 9.2588164 9.2591999 9.2595809 9.2599594 9.2603353 9.2607086 9.2610793 9.2614473 9.2618126 9.2621752 9.262535 9.2628919 9.2632461 9.2635973 9.2639456 9.264291 9.2646334 9.2649727 9.265309 9.2656421 9.2659721 9.2662989 9.2666225 9.2669429 9.2672599 9.2675737 9.267884 9.2681909 9.2684944 9.2687944 9.2690909 9.2693838 9.2696731 9.2699588 9.2702408 9.2705191 9.2707936 9.2710643 9.2713312 9.2715943 9.2718534 9.2721086 9.2723598 9.272607 9.2728501
9.2525732 9.2529885 9.2534017 9.2538129 9.254222 9.2546291 9.255034 9.2554368 9.2558374 9.2562358 9.256632 9.2570259 9.2574174 9.2578066 9.2581935 9.2585779 9.2589598 9.2593393 9.2597163 9.2600907 9.2604625 9.2608318 9.2611983 9.2615622 9.2619233 9.2622817 9.2626372 9.26299 9.2633398 9.2636868 9.2640308 9.2643718 9.2647099 9.2650448 9.2653767 9.2657054 9.266031 9.2663534 9.2666726 9.2669884 9.267301 9.2676102 9.267916 9.2682184 9.2685173 9.2688127 9.2691046 9.2693929 9.2696775 9.2699586 9.2702359 9.2705095 9.2707793 9.2710454 9.2713075 9.2715658 9.2718202 9.2720707 9.2723171 9.2725595
9.2523578 9.2527714 9.253183 9.2535925 9.2540001 9.2544055 9.2548089 9.2552101 9.2556091 9.2560059 9.2564005 9.2567928 9.2571828 9.2575704 9.2579557 9.2583386 9.2587191 9.2590971 9.2594725 9.2598455 9.2602158 9.2605836 9.2609487 9.2613111 9.2616708 9.2620278 9.2623819 9.2627333 9.2630818 9.2634274 9.2637701 9.2641098 9.2644465 9.2647802 9.2651108 9.2654383 9.2657626 9.2660838 9.2664017 9.2667164 9.2670278 9.2673359 9.2676405 9.2679418 9.2682397 9.268534 9.2688249 9.2691122 9.2693958 9.2696759 9.2699523 9.270225 9.2704939 9.2707591 9.2710204 9.2712779 9.2715315 9.2717811 9.2720268 9.2722685
9.2521415 9.2525534 9.2529634 9.2533714 9.2537773 9.2541811 9.2545829 9.2549825 9.25538 9.2557752 9.2561682 9.256559 9.2569474 9.2573336 9.2577173 9.2580987 9.2584776 9.2588541 9.2592281 9.2595996 9.2599685 9.2603348 9.2606984 9.2610594 9.2614177 9.2617733 9.2621261 9.262476 9.2628232 9.2631675 9.2635088 9.2638472 9.2641826 9.264515 9.2648444 9.2651706 9.2654937 9.2658137 9.2661304 9.2664439 9.2667542 9.2670611 9.2673647 9.2676649 9.2679616 9.2682549 9.2685448 9.268831 9.2691137 9.2693928 9.2696683 9.2699401 9.2702081 9.2704724 9.2707329 9.2709896 9.2712424 9.2714913 9.2717362 9.2719772
9.2519243 9.2523347 9.252743 9.2531494 9.2535537 9.253956 9.2543562 9.2547542 9.2551501 9.2555438 9.2559352 9.2563244 9.2567114 9.257096 9.2574782 9.2578581 9.2582355 9.2586105 9.258983 9.259353 9.2597205 9.2600853 9.2604476 9.2608071 9.261164 9.2615182 9.2618696 9.2622182 9.262564 9.262907 9.263247 9.2635841 9.2639182 9.2642494 9.2645774 9.2649024 9.2652243 9.2655431 9.2658587 9.266171 9.2664801 9.2667859 9.2670884 9.2673875 9.2676832 9.2679754 9.2682642 9.2685495 9.2688312 9.2691094 9.2693839 9.2696548 9.2699219 9.2701853 9.270445 9.2707009 9.2709529 9.271201 9.2714452 9.2716855
9.2517064 9.2521151 9.2525219 9.2529266 9.2533294 9.2537301 9.2541287 9.2545251 9.2549195 9.2553116 9.2557015 9.2560892 9.2564746 9.2568577 9.2572384 9.2576168 9.2579928 9.2583663 9.2587373 9.2591059 9.2594719 9.2598353 9.2601961 9.2605543 9.2609098 9.2612626 9.2616126 9.2619599 9.2623043 9.2626459 9.2629847 9.2633205 9.2636533 9.2639832 9.26431 9.2646338 9.2649545 9.265272 9.2655864 9.2658976 9.2662056 9.2665103 9.2668116 9.2671097 9.2674043 9.2676955 9.2679833 9.2682676 9.2685483 9.2688255 9.2690991 9.2693691 9.2696354 9.2698979 9.2701568 9.2704118 9.270663 9.2709104 9.2711539 9.2713934
9.2514876 9.2518947 9.2522999 9.2527031 9.2531043 9.2535034 9.2539004 9.2542953 9.2546881 9.2550787 9.2554671 9.2558533 9.2562371 9.2566187 9.256998 9.2573749 9.2577493 9.2581214 9.258491 9.2588581 9.2592226 9.2595846 9.259944 9.2603008 9.2606549 9.2610064 9.261355 9.261701 9.2620441 9.2623844 9.2627218 9.2630563 9.2633879 9.2637165 9.2640421 9.2643647 9.2646842 9.2650005 9.2653138 9.2656238 9.2659306 9.2662342 9.2665345 9.2668314 9.267125 9.2674152 9.267702 9.2679853 9.268265 9.2685413 9.268814 9.269083 9.2693484 9.2696101 9.2698681 9.2701224 9.2703728 9.2706194 9.2708622 9.271101
9.251268 9.2516736 9.2520772 9.2524788 9.2528784 9.253276 9.2536714 9.2540648 9.2544561 9.2548451 9.255232 9.2556166 9.255999 9.2563791 9.2567569 9.2571323 9.2575053 9.2578759 9.258244 9.2586097 9.2589728 9.2593334 9.2596914 9.2600468 9.2603995 9.2607496 9.2610969 9.2614415 9.2617833 9.2621223 9.2624584 9.2627917 9.263122 9.2634494 9.2637737 9.2640951 9.2644134 9.2647286 9.2650406 9.2653495 9.2656552 9.2659577 9.2662569 9.2665528 9.2668453 9.2671345 9.2674202 9.2677025 9.2679814 9.2682567 9.2685284 9.2687966 9.2690611 9.269322 9.2695791 9.2698326 9.2700822 9.2703281 9.2705701 9.2708083
9.2510477 9.2514516 9.2518537 9.2522537 9.2526518 9.2530478 9.2534417 9.2538336 9.2542233 9.2546108 9.2549962 9.2553793 9.2557602 9.2561388 9.2565151 9.256889 9.2572606 9.2576297 9.2579964 9.2583607 9.2587224 9.2590816 9.2594382 9.2597922 9.2601436 9.2604923 9.2608383 9.2611815 9.261522 9.2618597 9.2621946 9.2625265 9.2628556 9.2631817 9.2635049 9.263825 9.2641421 9.2644561 9.2647671 9.2650748 9.2653794 9.2656808 9.2659789 9.2662737 9.2665652 9.2668534 9.2671381 9.2674194 9.2676973 9.2679717 9.2682425 9.2685098 9.2687734 9.2690335 9.2692898 9.2695424 9.2697913 9.2700364 9.2702777 9.2705152
9.2508265 9.2512289 9.2516294 9.2520279 9.2524244 9.2528189 9.2532113 9.2536016 9.2539898 9.2543758 9.2547597 9.2551413 9.2555207 9.2558978 9.2562727 9.2566451 9.2570153 9.257383 9.2577482 9.2581111 9.2584714 9.2588292 9.2591844 9.259537 9.2598871 9.2602344 9.2605791 9.260921 9.2612602 9.2615966 9.2619302 9.2622609 9.2625887 9.2629136 9.2632356 9.2635545 9.2638704 9.2641833 9.264493 9.2647997 9.2651032 9.2654034 9.2657005 9.2659942 9.2662847 9.2665718 9.2668556 9.267136 9.2674129 9.2676863 9.2679562 9.2682226 9.2684854 9.2687446 9.2690001 9.269252 9.2695001 9.2697444 9.269985 9.2702218
9.2506046 9.2510055 9.2514044 9.2518014 9.2521963 9.2525893 9.2529801 9.2533689 9.2537556 9.2541402 9.2545225 9.2549027 9.2552806 9.2556563 9.2560296 9.2564006 9.2567693 9.2571356 9.2574995 9.2578609 9.2582198 9.2585762 9.2589301 9.2592813 9.25963 9.259976 9.2603194 9.26066 9.2609979 9.261333 9.2616653 9.2619948 9.2623214 9.262645 9.2629658 9.2632835 9.2635983 9.26391 9.2642186 9.2645241 9.2648265 9.2651257 9.2654217 9.2657144 9.2660038 9.26629 9.2665727 9.2668521 9.2671281 9.2674006 9.2676696 9.2679351 9.2681971 9.2684554 9.2687101 9.2689612 9.2692085 9.2694521 9.269692 9.269928
9.2503819 9.2507813 9.2511787 9.2515741 9.2519675 9.2523589 9.2527483 9.2531356 9.2535208 9.2539038 9.2542847 9.2546634 9.2550398 9.255414 9.2557859 9.2561555 9.2565228 9.2568876 9.2572501 9.2576101 9.2579676 9.2583227 9.2586752 9.2590251 9.2593724 9.2597171 9.2600591 9.2603985 9.2607351 9.2610689 9.2614 9.2617282 9.2620535 9.262376 9.2626955 9.2630121 9.2633257 9.2636363 9.2639438 9.2642482 9.2645494 9.2648475 9.2651425 9.2654341 9.2657226 9.2660077 9.2662895 9.2665679 9.2668429 9.2671145 9.2673827 9.2676473 9.2679084 9.2681659 9.2684198 9.26867 9.2689166 9.2691595 9.2693986 9.269634
9.2501585 9.2505563 9.2509522 9.2513461 9.251738 9.2521279 9.2525158 9.2529016 9.2532852 9.2536668 9.2540462 9.2544234 9.2547984 9.2551712 9.2555416 9.2559098 9.2562756 9.2566391 9.2570001 9.2573588 9.2577149 9.2580686 9.2584197 9.2587683 9.2591143 9.2594577 9.2597984 9.2601364 9.2604718 9.2608043 9.2611341 9.2614611 9.2617853 9.2621065 9.2624249 9.2627403 9.2630527 9.2633621 9.2636685 9.2639718 9.264272 9.264569 9.2648629 9.2651535 9.2654409 9.2657251 9.2660059 9.2662833 9.2665574 9.2668281 9.2670953 9.2673591 9.2676193 9.267876 9.2681291 9.2683786 9.2686244 9.2688665 9.2691049 9.2693396
9.2499344 9.2503306 9.250725 9.2511174 9.2515078 9.2518962 9.2522825 9.2526668 9.2530491 9.2534291 9.2538071 9.2541828 9.2545564 9.2549277 9.2552967 9.2556635 9.2560279 9.2563899 9.2567496 9.2571068 9.2574616 9.2578139 9.2581637 9.258511 9.2588557 9.2591977 9.2595372 9.2598739 9.260208 9.2605393 9.2608678 9.2611936 9.2615165 9.2618366 9.2621538 9.262468 9.2627793 9.2630876 9.2633928 9.263695 9.2639941 9.2642901 9.2645829 9.2648725 9.2651589 9.2654421 9.2657219 9.2659984 9.2662716 9.2665414 9.2668077 9.2670706 9.26733 9.2675858 9.2678381 9.2680868 9.2683319 9.2685733 9.268811 9.2690449
9.2497095 9.2501042 9.2504971 9.2508879 9.2512769 9.2516638 9.2520486 9.2524315 9.2528122 9.2531908 9.2535673 9.2539416 9.2543137 9.2546836 9.2550512 9.2554166 9.2557796 9.2561402 9.2564985 9.2568544 9.2572078 9.2575588 9.2579072 9.2582532 9.2585965 9.2589373 9.2592754 9.2596109 9.2599437 9.2602738 9.2606011 9.2609256 9.2612473 9.2615662 9.2618822 9.2621953 9.2625054 9.2628126 9.2631167 9.2634178 9.2637159 9.2640108 9.2643026 9.2645912 9.2648766 9.2651587 9.2654376 9.2657132 9.2659854 9.2662543 9.2665197 9.2667817 9.2670403 9.2672953 9.2675468 9.2677947 9.268039 9.2682797 9.2685167 9.26875
9.2494839 9.2498771 9.2502685 9.2506578 9.2510453 9.2514307 9.2518141 9.2521954 9.2525747 9.2529519 9.2533269 9.2536998 9.2540705 9.2544389 9.2548051 9.2551691 9.2555307 9.25589 9.2562469 9.2566014 9.2569535 9.2573031 9.2576502 9.2579948 9.2583369 9.2586763 9.2590132 9.2593474 9.259679 9.2600078 9.2603339 9.2606572 9.2609777 9.2612954 9.2616102 9.2619222 9.2622312 9.2625372 9.2628403 9.2631403 9.2634372 9.2637311 9.2640218 9.2643094 9.2645938 9.264875 9.2651529 9.2654276 9.2656989 9.2659668 9.2662314 9.2664926 9.2667503 9.2670045 9.2672552 9.2675023 9.2677459 9.2679858 9.2682221 9.2684547
9.2492576 9.2496493 9.2500392 9.2504271 9.250813 9.2511969 9.2515789 9.2519588 9.2523366 9.2527123 9.2530859 9.2534574 9.2538266 9.2541937 9.2545585 9.254921 9.2552812 9.2556391 9.2559947 9.2563478 9.2566986 9.2570469 9.2573927 9.257736 9.2580767 9.2584149 9.2587505 9.2590835 9.2594137 9.2597414 9.2600662 9.2603883 9.2607077 9.2610242 9.2613379 9.2616486 9.2619565 9.2622614 9.2625634 9.2628623 9.2631582 9.263451 9.2637408 9.2640273 9.2643108 9.264591 9.2648679 9.2651416 9.265412 9.2656791 9.2659428 9.2662031 9.26646 9.2667134 9.2669633 9.2672097 9.2674525 9.2676917 9.2679273 9.2681592
9.2490306 9.2494208 9.2498092 9.2501956 9.2505801 9.2509625 9.251343 9.2517215 9.2520978 9.2524721 9.2528443 9.2532143 9.2535822 9.2539478 9.2543112 9.2546724 9.2550312 9.2553877 9.2557419 9.2560937 9.2564431 9.2567901 9.2571346 9.2574766 9.2578161 9.258153 9.2584873 9.258819 9.2591481 9.2594745 9.2597981 9.2601191 9.2604372 9.2607526 9.2610651 9.2613747 9.2616815 9.2619853 9.2622861 9.262584 9.2628789 9.2631706 9.2634593 9.2637449 9.2640273 9.2643066 9.2645826 9.2648554 9.2651249 9.265391 9.2656539 9.2659133 9.2661694 9.266422 9.2666711 9.2669167 9.2671588 9.2673973 9.2676321 9.2678634
9.2488029 9.2491917 9.2495785 9.2499635 9.2503465 9.2507275 9.2511065 9.2514835 9.2518585 9.2522313 9.2526021 9.2529707 9.2533371 9.2537014 9.2540634 9.2544232 9.2547806 9.2551358 9.2554887 9.2558391 9.2561872 9.2565329 9.2568761 9.2572168 9.257555 9.2578906 9.2582237 9.2585541 9.258882 9.2592071 9.2595296 9.2598493 9.2601663 9.2604805 9.2607919 9.2611004 9.261406 9.2617088 9.2620085 9.2623053 9.2625991 9.2628899 9.2631776 9.2634621 9.2637436 9.2640219 9.264297 9.2645688 9.2648374 9.2651027 9.2653647 9.2656233 9.2658785 9.2661303 9.2663786 9.2666235 9.2668648 9.2671026 9.2673368 9.2675673
