Cobbity3/QGIS/AVE10_run1.asc
NCOLS 800
NROWS 450
XLLCORNER 150.66
YLLCORNER -34.028
CELLSIZE 1e-05
NODATA_VALUE -9999
[rows 390 to 415 of 450, columns 120 to 179 of 800]
9.2804431 9.2803536 9.2802574 9.2801543 9.2800444 9.2799275 9.2798036 9.2796726 9.2795344 9.2793889 9.2792361 9.2790758 9.2789079 9.2787323 9.2785489 9.2783576 9.2781582 9.2779507 9.2777348 9.2775105 9.2772776 9.2770359 9.2767852 9.2765254 9.2762563 9.2759776 9.2756893 9.275391 9.2750825 9.2747637 9.2744343 9.2740939 9.2737424 9.2733795 9.2730049 9.2726183 9.2722194 9.2718078 9.2713833 9.2709455 9.2704941 9.2700286 9.2695488 9.2690542 9.2685444 9.2680191 9.2674777 9.26692 9.2663454 9.2657534 9.2651438 9.2645158 9.2638692 9.2632035 9.262518 9.2618124 9.2610861 9.2603387 9.2595696 9.2587783
9.2801714 9.2800828 9.2799875 9.2798853 9.2797763 9.2796603 9.2795373 9.2794072 9.2792699 9.2791252 9.2789732 9.2788137 9.2786466 9.2784718 9.2782892 9.2780987 9.2779001 9.2776933 9.2774781 9.2772545 9.2770223 9.2767812 9.2765312 9.276272 9.2760035 9.2757255 9.2754378 9.2751402 9.2748324 9.2745142 9.2741854 9.2738457 9.2734949 9.2731327 9.2727589 9.2723731 9.2719751 9.2715644 9.271141 9.2707043 9.270254 9.2697898 9.2693114 9.2688184 9.2683103 9.2677868 9.2672475 9.266692 9.2661199 9.2655307 9.2649239 9.2642993 9.2636562 9.2629943 9.2623131 9.261612 9.2608907 9.2601487 9.2593855 9.2586005
9.2798983 9.2798106 9.2797162 9.279615 9.2795068 9.2793918 9.2792697 9.2791404 9.279004 9.2788602 9.2787091 9.2785504 9.2783842 9.2782102 9.2780284 9.2778387 9.2776409 9.2774349 9.2772205 9.2769976 9.2767661 9.2765258 9.2762766 9.2760181 9.2757504 9.2754731 9.2751861 9.2748892 9.2745822 9.2742648 9.2739368 9.273598 9.273248 9.2728868 9.2725139 9.2721291 9.2717321 9.2713227 9.2709004 9.270465 9.2700162 9.2695536 9.2690768 9.2685856 9.2680795 9.2675581 9.2670212 9.2664682 9.2658988 9.2653126 9.2647092 9.264088 9.2634488 9.2627911 9.2621144 9.2614183 9.2607023 9.259966 9.2592089 9.2584306
9.2796239 9.2795372 9.2794437 9.2793433 9.2792361 9.279122 9.2790008 9.2788724 9.2787369 9.278594 9.2784437 9.278286 9.2781206 9.2779475 9.2777666 9.2775777 9.2773807 9.2771756 9.276962 9.27674 9.2765093 9.2762699 9.2760214 9.2757638 9.2754969 9.2752205 9.2749344 9.2746383 9.2743322 9.2740157 9.2736886 9.2733508 9.2730019 9.2726417 9.2722699 9.2718863 9.2714906 9.2710825 9.2706617 9.2702278 9.2697806 9.2693198 9.268845 9.2683558 9.2678519 9.267333 9.2667986 9.2662484 9.2656821 9.2650992 9.2644993 9.263882 9.2632469 9.2625937 9.2619218 9.2612309 9.2605205 9.2597902 9.2590396 9.2582682
9.2793484 9.2792626 9.27917 9.2790706 9.2789643 9.278851 9.2787307 9.2786033 9.2784687 9.2783267 9.2781773 9.2780205 9.277856 9.2776838 9.2775038 9.2773158 9.2771197 9.2769155 9.2767028 9.2764817 9.2762519 9.2760134 9.2757658 9.2755092 9.2752432 9.2749677 9.2746826 9.2743875 9.2740824 9.273767 9.273441 9.2731043 9.2727566 9.2723976 9.2720271 9.2716449 9.2712506 9.270844 9.2704248 9.2699927 9.2695474 9.2690886 9.2686159 9.268129 9.2676276 9.2671113 9.2665798 9.2660327 9.2654696 9.2648903 9.2642942 9.263681 9.2630504 9.2624019 9.2617351 9.2610496 9.2603451 9.2596211 9.2588772 9.2581131
9.2790718 9.2789869 9.2788952 9.2787967 9.2786913 9.278579 9.2784596 9.2783331 9.2781994 9.2780584 9.27791 9.2777541 9.2775905 9.2774193 9.2772402 9.2770531 9.276858 9.2766547 9.276443 9.2762228 9.275994 9.2757565 9.2755099 9.2752543 9.2749893 9.2747149 9.2744308 9.2741369 9.2738329 9.2735186 9.2731939 9.2728585 9.2725121 9.2721545 9.2717855 9.2714048 9.2710122 9.2706073 9.2701899 9.2697597 9.2693165 9.2688598 9.2683895 9.2679051 9.2674064 9.266893 9.2663646 9.2658208 9.2652613 9.2646857 9.2640937 9.2634849 9.262859 9.2622154 9.261554 9.2608743 9.2601759 9.2594584 9.2587215 9.2579648
9.2787942 9.2787102 9.2786194 9.2785218 9.2784174 9.278306 9.2781875 9.278062 9.2779292 9.2777892 9.2776417 9.2774868 9.2773242 9.2771539 9.2769758 9.2767898 9.2765956 9.2763933 9.2761827 9.2759635 9.2757358 9.2754992 9.2752538 9.2749992 9.2747354 9.2744621 9.2741792 9.2738865 9.2735838 9.2732708 9.2729475 9.2726134 9.2722685 9.2719125 9.2715451 9.2711661 9.2707752 9.2703723 9.2699569 9.2695289 9.2690879 9.2686336 9.2681658 9.2676842 9.2671884 9.2666781 9.266153 9.2656127 9.265057 9.2644855 9.2638978 9.2632936 9.2626725 9.2620342 9.2613784 9.2607046 9.2600126 9.2593019 9.2585722 9.2578232
9.2785157 9.2784325 9.2783427 9.278246 9.2781425 9.2780321 9.2779146 9.27779 9.2776582 9.2775191 9.2773726 9.2772187 9.2770571 9.2768879 9.2767108 9.2765258 9.2763327 9.2761314 9.2759219 9.2757038 9.2754772 9.2752418 9.2749975 9.2747441 9.2744815 9.2742095 9.2739279 9.2736365 9.2733351 9.2730236 9.2727017 9.2723692 9.2720259 9.2716716 9.2713059 9.2709288 9.2705399 9.270139 9.2697258 9.2693001 9.2688616 9.2684099 9.2679449 9.2674661 9.2669734 9.2664665 9.2659449 9.2654084 9.2648566 9.2642894 9.2637062 9.2631068 9.2624909 9.2618581 9.2612081 9.2605405 9.259855 9.2591513 9.258429 9.2576878
9.2782362 9.278154 9.2780651 9.2779693 9.2778668 9.2777573 9.2776408 9.2775172 9.2773864 9.2772483 9.2771028 9.2769499 9.2767894 9.2766212 9.2764452 9.2762613 9.2760693 9.2758691 9.2756607 9.2754438 9.2752184 9.2749842 9.2747411 9.274489 9.2742277 9.273957 9.2736768 9.2733869 9.273087 9.272777 9.2724567 9.2721259 9.2717843 9.2714318 9.2710681 9.270693 9.2703062 9.2699075 9.2694967 9.2690734 9.2686375 9.2681886 9.2677265 9.2672509 9.2667615 9.266258 9.2657402 9.2652076 9.2646601 9.2640973 9.2635188 9.2629245 9.2623139 9.2616867 9.2610427 9.2603815 9.2597028 9.2590063 9.2582916 9.2575584
9.277956 9.2778746 9.2777866 9.2776919 9.2775903 9.2774818 9.2773662 9.2772436 9.2771139 9.2769768 9.2768324 9.2766805 9.2765211 9.276354 9.2761791 9.2759963 9.2758055 9.2756065 9.2753993 9.2751836 9.2749594 9.2747265 9.2744847 9.274234 9.2739741 9.2737049 9.2734261 9.2731377 9.2728394 9.2725311 9.2722125 9.2718835 9.2715438 9.2711932 9.2708316 9.2704586 9.2700741 9.2696778 9.2692694 9.2688488 9.2684157 9.2679698 9.2675108 9.2670385 9.2665525 9.2660527 9.2655388 9.2650104 9.2644672 9.2639091 9.2633355 9.2627464 9.2621413 9.2615201 9.2608822 9.2602276 9.2595558 9.2588666 9.2581597 9.2574347
9.2776749 9.2775946 9.2775075 9.2774137 9.2773131 9.2772055 9.277091 9.2769694 9.2768407 9.2767047 9.2765614 9.2764106 9.2762523 9.2760863 9.2759125 9.2757309 9.2755413 9.2753436 9.2751376 9.2749232 9.2747003 9.2744688 9.2742284 9.2739791 9.2737207 9.273453 9.2731758 9.272889 9.2725924 9.2722859 9.2719691 9.271642 9.2713043 9.2709558 9.2705963 9.2702257 9.2698436 9.2694498 9.2690441 9.2686263 9.2681961 9.2677533 9.2672976 9.2668287 9.2663464 9.2658505 9.2653406 9.2648165 9.2642779 9.2637246 9.2631562 9.2625724 9.2619731 9.2613578 9.2607264 9.2600785 9.2594138 9.2587321 9.2580331 9.2573165
9.2773932 9.2773138 9.2772277 9.2771348 9.2770352 9.2769287 9.2768152 9.2766946 9.276567 9.276432 9.2762898 9.2761402 9.275983 9.2758182 9.2756456 9.2754653 9.2752769 9.2750804 9.2748758 9.2746627 9.2744412 9.2742111 9.2739722 9.2737244 9.2734675 9.2732014 9.2729259 9.2726409 9.2723461 9.2720414 9.2717266 9.2714015 9.2710659 9.2707196 9.2703625 9.2699942 9.2696146 9.2692235 9.2688206 9.2684058 9.2679787 9.2675391 9.2670868 9.2666216 9.2661431 9.2656512 9.2651456 9.264626 9.2640921 9.2635438 9.2629806 9.2624024 9.2618089 9.2611998 9.2605749 9.2599339 9.2592765 9.2586024 9.2579115 9.2572033
9.2771109 9.2770323 9.2769472 9.2768553 9.2767567 9.2766512 9.2765388 9.2764193 9.2762927 9.2761589 9.2760178 9.2758693 9.2757133 9.2755497 9.2753784 9.2751993 9.2750123 9.2748171 9.2746138 9.2744022 9.2741822 9.2739535 9.2737162 9.27347 9.2732147 9.2729503 9.2726766 9.2723933 9.2721004 9.2717977 9.2714849 9.271162 9.2708286 9.2704847 9.2701299 9.2697642 9.2693873 9.268999 9.268599 9.2681873 9.2677634 9.2673272 9.2668785 9.266417 9.2659426 9.2654548 9.2649536 9.2644386 9.2639096 9.2633664 9.2628087 9.2622362 9.2616487 9.261046 9.2604277 9.2597937 9.2591436 9.2584774 9.2577946 9.2570951
9.2768279 9.2767503 9.2766662 9.2765753 9.2764777 9.2763732 9.2762619 9.2761435 9.276018 9.2758854 9.2757454 9.2755981 9.2754434 9.275281 9.275111 9.2749332 9.2747475 9.2745537 9.2743519 9.2741417 9.2739232 9.2736961 9.2734603 9.2732158 9.2729623 9.2726996 9.2724277 9.2721464 9.2718555 9.2715548 9.2712442 9.2709235 9.2705924 9.2702509 9.2698988 9.2695357 9.2691616 9.2687762 9.2683793 9.2679707 9.2675502 9.2671176 9.2666726 9.266215 9.2657446 9.2652612 9.2647645 9.2642543 9.2637303 9.2631924 9.2626402 9.2620736 9.2614922 9.260896 9.2602845 9.2596576 9.2590151 9.2583567 9.2576822 9.2569914
9.2765444 9.2764678 9.2763846 9.2762948 9.2761982 9.2760948 9.2759845 9.2758672 9.2757429 9.2756114 9.2754727 9.2753266 9.2751731 9.2750121 9.2748434 9.2746669 9.2744826 9.2742903 9.2740899 9.2738813 9.2736643 9.2734388 9.2732048 9.2729619 9.2727102 9.2724494 9.2721795 9.2719001 9.2716113 9.2713128 9.2710044 9.270686 9.2703574 9.2700184 9.2696689 9.2693086 9.2689374 9.268555 9.2681613 9.2677561 9.2673391 9.2669101 9.2664689 9.2660154 9.2655493 9.2650703 9.2645782 9.2640729 9.2635541 9.2630216 9.2624751 9.2619144 9.2613394 9.2607497 9.2601451 9.2595255 9.2588906 9.2582402 9.257574 9.256892
9.2762604 9.2761848 9.2761026 9.2760138 9.2759183 9.2758159 9.2757068 9.2755906 9.2754675 9.2753372 9.2751997 9.2750549 9.2749026 9.2747429 9.2745756 9.2744005 9.2742177 9.2740269 9.273828 9.2736209 9.2734056 9.2731818 9.2729495 9.2727085 9.2724586 9.2721997 9.2719318 9.2716545 9.2713678 9.2710715 9.2707655 9.2704495 9.2701235 9.2697871 9.2694404 9.269083 9.2687148 9.2683355 9.2679451 9.2675433 9.2671299 9.2667047 9.2662675 9.2658181 9.2653564 9.2648819 9.2643947 9.2638944 9.2633809 9.2628539 9.2623132 9.2617586 9.2611899 9.2606069 9.2600093 9.2593971 9.2587699 9.2581275 9.2574698 9.2567966
9.275976 9.2759013 9.2758202 9.2757324 9.2756379 9.2755367 9.2754287 9.2753137 9.2751917 9.2750626 9.2749264 9.2747829 9.274632 9.2744736 9.2743077 9.2741341 9.2739527 9.2737634 9.2735662 9.2733608 9.2731471 9.2729251 9.2726945 9.2724554 9.2722074 9.2719506 9.2716847 9.2714096 9.2711251 9.2708312 9.2705275 9.2702141 9.2698907 9.2695571 9.2692132 9.2688587 9.2684936 9.2681177 9.2677306 9.2673324 9.2669227 9.2665014 9.2660683 9.2656232 9.2651658 9.2646961 9.2642138 9.2637186 9.2632105 9.2626891 9.2621543 9.2616059 9.2610437 9.2604675 9.259877 9.2592722 9.2586528 9.2580186 9.2573694 9.2567051
9.2756911 9.2756175 9.2755373 9.2754506 9.2753573 9.2752572 9.2751503 9.2750365 9.2749157 9.2747879 9.2746529 9.2745107 9.2743612 9.2742043 9.2740398 9.2738677 9.2736878 9.2735001 9.2733045 9.2731007 9.2728888 9.2726686 9.2724399 9.2722027 9.2719567 9.271702 9.2714382 9.2711653 9.2708832 9.2705916 9.2702905 9.2699797 9.269659 9.2693282 9.2689872 9.2686359 9.268274 9.2679014 9.2675178 9.2671232 9.2667174 9.2663001 9.2658711 9.2654304 9.2649776 9.2645127 9.2640353 9.2635454 9.2630427 9.2625271 9.2619983 9.2614562 9.2609005 9.2603312 9.2597479 9.2591506 9.2585391 9.2579131 9.2572725 9.2566172
9.2754059 9.2753333 9.2752542 9.2751685 9.2750763 9.2749773 9.2748716 9.274759 9.2746395 9.274513 9.2743793 9.2742385 9.2740903 9.2739348 9.2737718 9.2736012 9.273423 9.2732369 9.2730429 9.2728409 9.2726308 9.2724124 9.2721857 9.2719504 9.2717065 9.2714539 9.2711924 9.2709218 9.270642 9.270353 9.2700544 9.2697463 9.2694284 9.2691005 9.2687626 9.2684144 9.2680558 9.2676866 9.2673067 9.2669158 9.2665139 9.2661007 9.265676 9.2652397 9.2647916 9.2643315 9.2638593 9.2633747 9.2628776 9.2623678 9.2618451 9.2613093 9.2607603 9.2601979 9.2596219 9.2590322 9.2584285 9.2578108 9.2571789 9.2565325
9.2751204 9.2750488 9.2749707 9.2748862 9.274795 9.2746972 9.2745927 9.2744813 9.2743631 9.2742379 9.2741056 9.2739661 9.2738194 9.2736654 9.2735039 9.2733349 9.2731582 9.2729738 9.2727816 9.2725814 9.2723731 9.2721566 9.2719318 9.2716986 9.2714569 9.2712064 9.2709472 9.270679 9.2704017 9.2701152 9.2698193 9.2695139 9.2691989 9.268874 9.2685392 9.2681942 9.267839 9.2674734 9.2670971 9.2667101 9.2663121 9.2659031 9.2654828 9.2650511 9.2646077 9.2641526 9.2636856 9.2632064 9.2627149 9.262211 9.2616945 9.2611652 9.2606229 9.2600675 9.2594988 9.2589167 9.258321 9.2577116 9.2570883 9.256451
9.2748345 9.274764 9.274687 9.2746036 9.2745136 9.2744169 9.2743136 9.2742035 9.2740866 9.2739627 9.2738317 9.2736937 9.2735485 9.2733959 9.273236 9.2730686 9.2728936 9.2727109 9.2725204 9.2723221 9.2721157 9.2719012 9.2716784 9.2714473 9.2712077 9.2709596 9.2707027 9.2704369 9.2701621 9.2698782 9.2695851 9.2692825 9.2689704 9.2686486 9.268317 9.2679754 9.2676236 9.2672616 9.2668891 9.266506 9.2661121 9.2657073 9.2652915 9.2648644 9.2644259 9.2639758 9.263514 9.2630403 9.2625546 9.2620566 9.2615463 9.2610235 9.260488 9.2599397 9.2593784 9.258804 9.2582163 9.2576152 9.2570006 9.2563723
9.2745484 9.2744789 9.2744031 9.2743207 9.2742319 9.2741365 9.2740344 9.2739256 9.2738099 9.2736874 9.2735579 9.2734213 9.2732775 9.2731265 9.2729682 9.2728024 9.2726291 9.2724482 9.2722595 9.272063 9.2718586 9.2716461 9.2714254 9.2711965 9.2709592 9.2707133 9.2704588 9.2701955 9.2699233 9.2696421 9.2693518 9.2690521 9.268743 9.2684244 9.268096 9.2677578 9.2674095 9.2670512 9.2666825 9.2663034 9.2659137 9.2655133 9.2651019 9.2646795 9.2642459 9.263801 9.2633445 9.2628764 9.2623964 9.2619045 9.2614005 9.2608843 9.2603556 9.2598144 9.2592605 9.2586938 9.2581141 9.2575214 9.2569155 9.2562963
9.2742621 9.2741937 9.2741189 9.2740377 9.2739501 9.2738559 9.273755 9.2736475 9.2735332 9.273412 9.2732839 9.2731488 9.2730066 9.2728572 9.2727005 9.2725364 9.2723648 9.2721857 9.2719989 9.2718043 9.2716019 9.2713914 9.2711729 9.2709462 9.2707111 9.2704676 9.2702156 9.2699548 9.2696853 9.2694068 9.2691193 9.2688226 9.2685166 9.2682012 9.2678762 9.2675414 9.2671968 9.2668422 9.2664774 9.2661024 9.2657169 9.2653208 9.2649141 9.2644965 9.2640678 9.2636281 9.263177 9.2627145 9.2622404 9.2617546 9.2612569 9.2607473 9.2602255 9.2596914 9.259145 9.258586 9.2580144 9.2574301 9.2568329 9.2562227
9.2739756 9.2739082 9.2738346 9.2737546 9.2736681 9.2735751 9.2734756 9.2733694 9.2732564 9.2731367 9.27301 9.2728764 9.2727358 9.2725879 9.2724329 9.2722705 9.2721007 9.2719234 9.2717385 9.2715459 9.2713455 9.2711372 9.2709208 9.2706963 9.2704636 9.2702225 9.269973 9.2697149 9.269448 9.2691724 9.2688878 9.2685941 9.2682913 9.2679791 9.2676574 9.2673262 9.2669853 9.2666345 9.2662737 9.2659027 9.2655216 9.26513 9.2647279 9.2643151 9.2638915 9.263457 9.2630113 9.2625545 9.2620863 9.2616066 9.2611154 9.2606123 9.2600975 9.2595706 9.2590316 9.2584804 9.2579169 9.257341 9.2567525 9.2561514
9.2736889 9.2736226 9.2735501 9.2734713 9.273386 9.2732943 9.2731961 9.2730912 9.2729796 9.2728613 9.2727362 9.2726041 9.272465 9.2723188 9.2721655 9.2720048 9.2718369 9.2716614 9.2714785 9.2712878 9.2710895 9.2708833 9.2706692 9.270447 9.2702166 9.269978 9.2697311 9.2694756 9.2692115 9.2689387 9.2686571 9.2683665 9.2680669 9.267758 9.2674398 9.2671122 9.2667749 9.266428 9.2660712 9.2657045 9.2653277 9.2649406 9.2645432 9.2641353 9.2637168 9.2632876 9.2628474 9.2623963 9.2619341 9.2614606 9.2609757 9.2604794 9.2599715 9.2594518 9.2589203 9.2583769 9.2578215 9.2572539 9.2566741 9.256082
9.2734021 9.2733369 9.2732655 9.2731879 9.2731039 9.2730134 9.2729165 9.272813 9.2727028 9.272586 9.2724623 9.2723318 9.2721943 9.2720498 9.2718982 9.2717393 9.2715732 9.2713997 9.2712187 9.2710301 9.2708339 9.2706299 9.270418 9.2701981 9.2699702 9.2697342 9.2694898 9.269237 9.2689758 9.2687059 9.2684273 9.2681398 9.2678434 9.2675379 9.2672232 9.2668992 9.2665658 9.2662228 9.2658701 9.2655076 9.2651352 9.2647527 9.26436 9.2639571 9.2635437 9.2631198 9.2626852 9.2622399 9.2617836 9.2613163 9.2608379 9.2603483 9.2598473 9.2593349 9.2588109 9.2582752 9.2577279 9.2571687 9.2565976 9.2560145
