Cobbity3/QGIS/AVE11_run1.asc
NCOLS 800
NROWS 450
XLLCORNER 150.66
YLLCORNER -34.028
CELLSIZE 1e-05
NODATA_VALUE -9999
[rows 100 to 124 of 450, columns 171 to 227 of 800]
-34.025113 -34.025111 -34.02511 -34.025108 -34.025106 -34.025105 -34.025103 -34.025101 -34.025099 -34.025098 -34.025096 -34.025094 -34.025092 -34.02509 -34.025088 -34.025086 -34.025083 -34.025081 -34.025079 -34.025077 -34.025074 -34.025072 -34.025069 -34.025067 -34.025064 -34.025062 -34.025059 -34.025056 -34.025053 -34.025051 -34.025048 -34.025045 -34.025042 -34.025039 -34.025036 -34.025033 -34.025029 -34.025026 -34.025023 -34.02502 -34.025016 -34.025013 -34.02501 -34.025006 -34.025003 -34.025 -34.024996 -34.024993 -34.02499 -34.024986 -34.024983 -34.02498 -34.024976 -34.024973 -34.02497 -34.024967 -34.024964
-34.025116 -34.025114 -34.025113 -34.025111 -34.025109 -34.025108 -34.025106 -34.025104 -34.025102 -34.0251 -34.025099 -34.025097 -34.025095 -34.025092 -34.02509 -34.025088 -34.025086 -34.025084 -34.025081 -34.025079 -34.025077 -34.025074 -34.025072 -34.025069 -34.025066 -34.025064 -34.025061 -34.025058 -34.025055 -34.025052 -34.025049 -34.025046 -34.025043 -34.02504 -34.025037 -34.025034 -34.02503 -34.025027 -34.025024 -34.02502 -34.025017 -34.025014 -34.02501 -34.025007 -34.025003 -34.025 -34.024996 -34.024993 -34.024989 -34.024986 -34.024982 -34.024979 -34.024975 -34.024972 -34.024969 -34.024965 -34.024962
-34.025119 -34.025117 -34.025116 -34.025114 -34.025112 -34.025111 -34.025109 -34.025107 -34.025105 -34.025103 -34.025101 -34.025099 -34.025097 -34.025095 -34.025093 -34.025091 -34.025089 -34.025086 -34.025084 -34.025081 -34.025079 -34.025076 -34.025074 -34.025071 -34.025069 -34.025066 -34.025063 -34.02506 -34.025057 -34.025054 -34.025051 -34.025048 -34.025045 -34.025042 -34.025038 -34.025035 -34.025032 -34.025028 -34.025025 -34.025021 -34.025018 -34.025014 -34.02501 -34.025007 -34.025003 -34.024999 -34.024996 -34.024992 -34.024988 -34.024985 -34.024981 -34.024978 -34.024974 -34.024971 -34.024967 -34.024964 -34.02496
-34.025122 -34.02512 -34.025119 -34.025117 -34.025115 -34.025114 -34.025112 -34.02511 -34.025108 -34.025106 -34.025104 -34.025102 -34.0251 -34.025098 -34.025096 -34.025094 -34.025091 -34.025089 -34.025086 -34.025084 -34.025081 -34.025079 -34.025076 -34.025073 -34.025071 -34.025068 -34.025065 -34.025062 -34.025059 -34.025056 -34.025053 -34.025049 -34.025046 -34.025043 -34.025039 -34.025036 -34.025032 -34.025029 -34.025025 -34.025022 -34.025018 -34.025014 -34.02501 -34.025007 -34.025003 -34.024999 -34.024995 -34.024991 -34.024988 -34.024984 -34.02498 -34.024976 -34.024973 -34.024969 -34.024965 -34.024962 -34.024958
-34.025125 -34.025124 -34.025122 -34.02512 -34.025119 -34.025117 -34.025115 -34.025113 -34.025111 -34.025109 -34.025107 -34.025105 -34.025103 -34.025101 -34.025098 -34.025096 -34.025094 -34.025091 -34.025089 -34.025086 -34.025084 -34.025081 -34.025078 -34.025076 -34.025073 -34.02507 -34.025067 -34.025064 -34.025061 -34.025058 -34.025054 -34.025051 -34.025048 -34.025044 -34.025041 -34.025037 -34.025033 -34.02503 -34.025026 -34.025022 -34.025018 -34.025014 -34.025011 -34.025007 -34.025003 -34.024999 -34.024995 -34.024991 -34.024987 -34.024983 -34.024979 -34.024975 -34.024971 -34.024967 -34.024963 -34.024959 -34.024956
-34.025128 -34.025127 -34.025125 -34.025123 -34.025122 -34.02512 -34.025118 -34.025116 -34.025114 -34.025112 -34.02511 -34.025108 -34.025106 -34.025103 -34.025101 -34.025099 -34.025096 -34.025094 -34.025091 -34.025089 -34.025086 -34.025083 -34.025081 -34.025078 -34.025075 -34.025072 -34.025069 -34.025066 -34.025063 -34.025059 -34.025056 -34.025052 -34.025049 -34.025045 -34.025042 -34.025038 -34.025034 -34.02503 -34.025027 -34.025023 -34.025019 -34.025015 -34.02501 -34.025006 -34.025002 -34.024998 -34.024994 -34.02499 -34.024985 -34.024981 -34.024977 -34.024973 -34.024969 -34.024965 -34.024961 -34.024957 -34.024953
-34.025131 -34.02513 -34.025128 -34.025126 -34.025125 -34.025123 -34.025121 -34.025119 -34.025117 -34.025115 -34.025113 -34.025111 -34.025109 -34.025106 -34.025104 -34.025102 -34.025099 -34.025097 -34.025094 -34.025091 -34.025089 -34.025086 -34.025083 -34.02508 -34.025077 -34.025074 -34.025071 -34.025068 -34.025064 -34.025061 -34.025057 -34.025054 -34.02505 -34.025047 -34.025043 -34.025039 -34.025035 -34.025031 -34.025027 -34.025023 -34.025019 -34.025015 -34.02501 -34.025006 -34.025002 -34.024997 -34.024993 -34.024988 -34.024984 -34.02498 -34.024975 -34.024971 -34.024966 -34.024962 -34.024958 -34.024954 -34.02495
-34.025135 -34.025133 -34.025131 -34.025129 -34.025128 -34.025126 -34.025124 -34.025122 -34.02512 -34.025118 -34.025116 -34.025114 -34.025111 -34.025109 -34.025107 -34.025104 -34.025102 -34.025099 -34.025097 -34.025094 -34.025091 -34.025088 -34.025085 -34.025082 -34.025079 -34.025076 -34.025073 -34.02507 -34.025066 -34.025063 -34.025059 -34.025055 -34.025052 -34.025048 -34.025044 -34.02504 -34.025036 -34.025032 -34.025028 -34.025023 -34.025019 -34.025015 -34.02501 -34.025006 -34.025001 -34.024996 -34.024992 -34.024987 -34.024982 -34.024978 -34.024973 -34.024968 -34.024964 -34.024959 -34.024955 -34.024951 -34.024946
-34.025138 -34.025136 -34.025134 -34.025133 -34.025131 -34.025129 -34.025127 -34.025125 -34.025123 -34.025121 -34.025119 -34.025116 -34.025114 -34.025112 -34.025109 -34.025107 -34.025104 -34.025102 -34.025099 -34.025096 -34.025094 -34.025091 -34.025088 -34.025085 -34.025081 -34.025078 -34.025075 -34.025071 -34.025068 -34.025064 -34.025061 -34.025057 -34.025053 -34.025049 -34.025045 -34.025041 -34.025037 -34.025032 -34.025028 -34.025024 -34.025019 -34.025014 -34.02501 -34.025005 -34.025 -34.024995 -34.02499 -34.024985 -34.024981 -34.024976 -34.024971 -34.024966 -34.024961 -34.024956 -34.024952 -34.024947 -34.024943
-34.025141 -34.025139 -34.025138 -34.025136 -34.025134 -34.025132 -34.02513 -34.025128 -34.025126 -34.025124 -34.025122 -34.025119 -34.025117 -34.025115 -34.025112 -34.02511 -34.025107 -34.025104 -34.025102 -34.025099 -34.025096 -34.025093 -34.02509 -34.025087 -34.025084 -34.02508 -34.025077 -34.025073 -34.02507 -34.025066 -34.025062 -34.025058 -34.025054 -34.02505 -34.025046 -34.025042 -34.025038 -34.025033 -34.025029 -34.025024 -34.025019 -34.025014 -34.025009 -34.025004 -34.024999 -34.024994 -34.024989 -34.024984 -34.024979 -34.024973 -34.024968 -34.024963 -34.024958 -34.024953 -34.024948 -34.024943 -34.024938
-34.025144 -34.025142 -34.025141 -34.025139 -34.025137 -34.025135 -34.025133 -34.025131 -34.025129 -34.025127 -34.025125 -34.025122 -34.02512 -34.025117 -34.025115 -34.025112 -34.02511 -34.025107 -34.025104 -34.025101 -34.025098 -34.025095 -34.025092 -34.025089 -34.025086 -34.025082 -34.025079 -34.025075 -34.025072 -34.025068 -34.025064 -34.02506 -34.025056 -34.025052 -34.025047 -34.025043 -34.025038 -34.025034 -34.025029 -34.025024 -34.025019 -34.025014 -34.025009 -34.025004 -34.024998 -34.024993 -34.024987 -34.024982 -34.024976 -34.024971 -34.024965 -34.02496 -34.024954 -34.024949 -34.024944 -34.024939 -34.024934
-34.025147 -34.025146 -34.025144 -34.025142 -34.02514 -34.025138 -34.025136 -34.025134 -34.025132 -34.02513 -34.025128 -34.025125 -34.025123 -34.02512 -34.025118 -34.025115 -34.025113 -34.02511 -34.025107 -34.025104 -34.025101 -34.025098 -34.025095 -34.025091 -34.025088 -34.025085 -34.025081 -34.025077 -34.025074 -34.02507 -34.025066 -34.025061 -34.025057 -34.025053 -34.025048 -34.025044 -34.025039 -34.025034 -34.025029 -34.025024 -34.025019 -34.025014 -34.025008 -34.025003 -34.024997 -34.024991 -34.024986 -34.02498 -34.024974 -34.024968 -34.024962 -34.024956 -34.02495 -34.024945 -34.024939 -34.024934 -34.024928
-34.025151 -34.025149 -34.025147 -34.025145 -34.025143 -34.025141 -34.025139 -34.025137 -34.025135 -34.025133 -34.02513 -34.025128 -34.025126 -34.025123 -34.025121 -34.025118 -34.025115 -34.025112 -34.02511 -34.025107 -34.025104 -34.0251 -34.025097 -34.025094 -34.02509 -34.025087 -34.025083 -34.025079 -34.025075 -34.025071 -34.025067 -34.025063 -34.025059 -34.025054 -34.02505 -34.025045 -34.02504 -34.025035 -34.02503 -34.025024 -34.025019 -34.025013 -34.025008 -34.025002 -34.024996 -34.02499 -34.024984 -34.024978 -34.024971 -34.024965 -34.024959 -34.024952 -34.024946 -34.02494 -34.024934 -34.024928 -34.024922
-34.025154 -34.025152 -34.02515 -34.025148 -34.025146 -34.025144 -34.025142 -34.02514 -34.025138 -34.025136 -34.025133 -34.025131 -34.025129 -34.025126 -34.025123 -34.025121 -34.025118 -34.025115 -34.025112 -34.025109 -34.025106 -34.025103 -34.0251 -34.025096 -34.025093 -34.025089 -34.025085 -34.025081 -34.025077 -34.025073 -34.025069 -34.025065 -34.02506 -34.025056 -34.025051 -34.025046 -34.025041 -34.025035 -34.02503 -34.025025 -34.025019 -34.025013 -34.025007 -34.025001 -34.024995 -34.024988 -34.024982 -34.024975 -34.024968 -34.024962 -34.024955 -34.024948 -34.024941 -34.024935 -34.024928 -34.024922 -34.024916
-34.025157 -34.025155 -34.025153 -34.025152 -34.02515 -34.025148 -34.025146 -34.025143 -34.025141 -34.025139 -34.025137 -34.025134 -34.025132 -34.025129 -34.025126 -34.025124 -34.025121 -34.025118 -34.025115 -34.025112 -34.025109 -34.025105 -34.025102 -34.025099 -34.025095 -34.025091 -34.025087 -34.025083 -34.025079 -34.025075 -34.025071 -34.025066 -34.025062 -34.025057 -34.025052 -34.025047 -34.025042 -34.025036 -34.025031 -34.025025 -34.025019 -34.025013 -34.025006 -34.025 -34.024993 -34.024986 -34.024979 -34.024972 -34.024965 -34.024958 -34.024951 -34.024943 -34.024936 -34.024929 -34.024922 -34.024915 -34.024908
-34.02516 -34.025159 -34.025157 -34.025155 -34.025153 -34.025151 -34.025149 -34.025147 -34.025144 -34.025142 -34.02514 -34.025137 -34.025135 -34.025132 -34.025129 -34.025127 -34.025124 -34.025121 -34.025118 -34.025115 -34.025111 -34.025108 -34.025105 -34.025101 -34.025097 -34.025094 -34.02509 -34.025086 -34.025081 -34.025077 -34.025073 -34.025068 -34.025063 -34.025058 -34.025053 -34.025048 -34.025042 -34.025037 -34.025031 -34.025025 -34.025019 -34.025012 -34.025006 -34.024999 -34.024992 -34.024985 -34.024977 -34.02497 -34.024962 -34.024954 -34.024946 -34.024938 -34.024931 -34.024923 -34.024915 -34.024907 -34.0249
-34.025164 -34.025162 -34.02516 -34.025158 -34.025156 -34.025154 -34.025152 -34.02515 -34.025147 -34.025145 -34.025143 -34.02514 -34.025138 -34.025135 -34.025132 -34.025129 -34.025127 -34.025124 -34.025121 -34.025117 -34.025114 -34.025111 -34.025107 -34.025104 -34.0251 -34.025096 -34.025092 -34.025088 -34.025084 -34.025079 -34.025075 -34.02507 -34.025065 -34.02506 -34.025055 -34.025049 -34.025043 -34.025038 -34.025031 -34.025025 -34.025019 -34.025012 -34.025005 -34.024998 -34.02499 -34.024983 -34.024975 -34.024967 -34.024958 -34.02495 -34.024941 -34.024933 -34.024924 -34.024916 -34.024907 -34.024899 -34.024891
-34.025167 -34.025165 -34.025163 -34.025161 -34.025159 -34.025157 -34.025155 -34.025153 -34.025151 -34.025148 -34.025146 -34.025143 -34.025141 -34.025138 -34.025135 -34.025132 -34.02513 -34.025126 -34.025123 -34.02512 -34.025117 -34.025113 -34.02511 -34.025106 -34.025102 -34.025098 -34.025094 -34.02509 -34.025086 -34.025081 -34.025076 -34.025072 -34.025067 -34.025061 -34.025056 -34.02505 -34.025044 -34.025038 -34.025032 -34.025025 -34.025019 -34.025012 -34.025004 -34.024997 -34.024989 -34.024981 -34.024972 -34.024963 -34.024954 -34.024945 -34.024936 -34.024927 -34.024917 -34.024908 -34.024899 -34.02489 -34.02488
-34.02517 -34.025168 -34.025167 -34.025165 -34.025163 -34.02516 -34.025158 -34.025156 -34.025154 -34.025151 -34.025149 -34.025146 -34.025144 -34.025141 -34.025138 -34.025135 -34.025132 -34.025129 -34.025126 -34.025123 -34.02512 -34.025116 -34.025112 -34.025109 -34.025105 -34.025101 -34.025097 -34.025092 -34.025088 -34.025083 -34.025079 -34.025074 -34.025068 -34.025063 -34.025057 -34.025052 -34.025046 -34.025039 -34.025033 -34.025026 -34.025019 -34.025011 -34.025004 -34.024996 -34.024987 -34.024979 -34.02497 -34.02496 -34.02495 -34.024941 -34.02493 -34.02492 -34.02491 -34.0249 -34.02489 -34.02488 -34.024869
-34.025174 -34.025172 -34.02517 -34.025168 -34.025166 -34.025164 -34.025162 -34.025159 -34.025157 -34.025155 -34.025152 -34.02515 -34.025147 -34.025144 -34.025141 -34.025139 -34.025136 -34.025132 -34.025129 -34.025126 -34.025122 -34.025119 -34.025115 -34.025111 -34.025108 -34.025103 -34.025099 -34.025095 -34.02509 -34.025086 -34.025081 -34.025076 -34.02507 -34.025065 -34.025059 -34.025053 -34.025047 -34.02504 -34.025034 -34.025026 -34.025019 -34.025011 -34.025003 -34.024995 -34.024986 -34.024977 -34.024967 -34.024957 -34.024946 -34.024935 -34.024924 -34.024913 -34.024901 -34.02489 -34.024879 -34.024868 -34.024857
-34.025177 -34.025175 -34.025173 -34.025171 -34.025169 -34.025167 -34.025165 -34.025163 -34.02516 -34.025158 -34.025155 -34.025153 -34.02515 -34.025147 -34.025145 -34.025142 -34.025139 -34.025135 -34.025132 -34.025129 -34.025125 -34.025122 -34.025118 -34.025114 -34.02511 -34.025106 -34.025102 -34.025097 -34.025093 -34.025088 -34.025083 -34.025078 -34.025072 -34.025067 -34.025061 -34.025055 -34.025048 -34.025041 -34.025034 -34.025027 -34.025019 -34.025011 -34.025003 -34.024994 -34.024985 -34.024975 -34.024964 -34.024953 -34.024942 -34.02493 -34.024918 -34.024905 -34.024892 -34.024879 -34.024867 -34.024856 -34.024845
-34.025181 -34.025179 -34.025177 -34.025175 -34.025173 -34.02517 -34.025168 -34.025166 -34.025164 -34.025161 -34.025159 -34.025156 -34.025153 -34.025151 -34.025148 -34.025145 -34.025142 -34.025139 -34.025135 -34.025132 -34.025128 -34.025125 -34.025121 -34.025117 -34.025113 -34.025109 -34.025104 -34.0251 -34.025095 -34.02509 -34.025085 -34.02508 -34.025074 -34.025069 -34.025063 -34.025056 -34.02505 -34.025043 -34.025036 -34.025028 -34.02502 -34.025012 -34.025003 -34.024993 -34.024983 -34.024973 -34.024962 -34.02495 -34.024938 -34.024925 -34.024911 -34.024897 -34.024882 -34.024867 -34.024852 -34.024841 -34.024831
-34.025184 -34.025182 -34.02518 -34.025178 -34.025176 -34.025174 -34.025172 -34.025169 -34.025167 -34.025165 -34.025162 -34.025159 -34.025157 -34.025154 -34.025151 -34.025148 -34.025145 -34.025142 -34.025138 -34.025135 -34.025131 -34.025128 -34.025124 -34.02512 -34.025116 -34.025112 -34.025107 -34.025103 -34.025098 -34.025093 -34.025088 -34.025082 -34.025077 -34.025071 -34.025065 -34.025058 -34.025051 -34.025044 -34.025037 -34.025029 -34.025021 -34.025012 -34.025003 -34.024993 -34.024983 -34.024972 -34.02496 -34.024947 -34.024934 -34.02492 -34.024905 -34.024888 -34.024871 -34.024852 -34.024834 -34.02482 -34.024814
-34.025187 -34.025186 -34.025184 -34.025182 -34.025179 -34.025177 -34.025175 -34.025173 -34.02517 -34.025168 -34.025165 -34.025163 -34.02516 -34.025157 -34.025154 -34.025151 -34.025148 -34.025145 -34.025142 -34.025138 -34.025135 -34.025131 -34.025127 -34.025123 -34.025119 -34.025115 -34.02511 -34.025105 -34.025101 -34.025096 -34.02509 -34.025085 -34.025079 -34.025073 -34.025067 -34.02506 -34.025053 -34.025046 -34.025038 -34.02503 -34.025022 -34.025013 -34.025003 -34.024993 -34.024982 -34.02497 -34.024958 -34.024945 -34.02493 -34.024915 -34.024898 -34.02488 -34.02486 -34.024838 -34.024813 -34.024792 -34.024788
-34.025191 -34.025189 -34.025187 -34.025185 -34.025183 -34.025181 -34.025179 -34.025176 -34.025174 -34.025171 -34.025169 -34.025166 -34.025163 -34.025161 -34.025158 -34.025155 -34.025151 -34.025148 -34.025145 -34.025141 -34.025138 -34.025134 -34.02513 -34.025126 -34.025122 -34.025118 -34.025113 -34.025108 -34.025103 -34.025098 -34.025093 -34.025087 -34.025082 -34.025076 -34.025069 -34.025062 -34.025055 -34.025048 -34.02504 -34.025032 -34.025023 -34.025014 -34.025004 -34.024993 -34.024982 -34.02497 -34.024957 -34.024943 -34.024928 -34.024911 -34.024893 -34.024873 -34.024852 -34.024827 -34.024796 -34.024764 -34.02476
