Cobbity3/QGIS/AVE11.asc
NCOLS 399
NROWS 220
XLLCORNER 150.661
YLLCORNER -34.0268
CELLSIZE 1e-05
NODATA_VALUE -9999
[rows 104 to 129 of 220, columns 300 to 359 of 399]
8.9088293 8.9055693 8.9023388 8.8991374 8.8959645 8.89282 8.8897033 8.8866142 8.8835522 8.8805171 8.8775084 8.8745259 8.8715692 8.8686379 8.8657318 8.8628504 8.8599936 8.857161 8.8543523 8.8515672 8.8488053 8.8460665 8.8433505 8.8406569 8.8379855 8.835336 8.8327081 8.8301017 8.8275165 8.8249521 8.8224084 8.8198852 8.8173821 8.814899 8.8124357 8.8099918 8.8075673 8.8051619 8.8027753 8.8004075 8.7980581 8.795727 8.793414 8.7911189 8.7888415 8.7865816 8.7843391 8.7821137 8.7799054 8.7777138 8.7755389 8.7733806 8.7712385 8.7691126 8.7670028 8.7649088 8.7628305 8.7607678 8.7587204 8.7566884
8.9114105 8.9081438 8.9049066 8.9016984 8.8985188 8.8953676 8.8922442 8.8891484 8.8860797 8.8830379 8.8800225 8.8770333 8.8740699 8.871132 8.8682192 8.8653313 8.8624678 8.8596286 8.8568132 8.8540215 8.8512531 8.8485077 8.8457851 8.8430849 8.8404069 8.8377509 8.8351166 8.8325036 8.8299119 8.827341 8.8247909 8.8222611 8.8197516 8.8172621 8.8147923 8.8123421 8.8099111 8.8074993 8.8051064 8.8027322 8.8003764 8.798039 8.7957197 8.7934182 8.7911345 8.7888684 8.7866196 8.784388 8.7821734 8.7799756 8.7777945 8.7756299 8.7734816 8.7713496 8.7692335 8.7671334 8.7650489 8.7629801 8.7609266 8.7588885
8.9139251 8.9106527 8.9074098 8.9041958 8.9010106 8.8978535 8.8947244 8.8916227 8.8885483 8.8855006 8.8824795 8.8794844 8.8765152 8.8735714 8.8706527 8.8677589 8.8648896 8.8620444 8.8592232 8.8564256 8.8536513 8.8509 8.8481714 8.8454654 8.8427815 8.8401196 8.8374793 8.8348604 8.8322628 8.829686 8.8271299 8.8245943 8.8220789 8.8195834 8.8171078 8.8146516 8.8122148 8.8097971 8.8073983 8.8050182 8.8026565 8.8003132 8.797988 8.7956807 8.7933912 8.7911191 8.7888645 8.786627 8.7844066 8.782203 8.7800161 8.7778456 8.7756916 8.7735537 8.7714319 8.7693259 8.7672357 8.765161 8.7631018 8.7610578
8.9163733 8.9130963 8.9098487 8.90663 8.9034399 8.9002781 8.8971441 8.8940376 8.8909582 8.8879056 8.8848795 8.8818794 8.8789051 8.8759563 8.8730325 8.8701336 8.8672591 8.8644088 8.8615824 8.8587796 8.8560001 8.8532436 8.8505098 8.8477984 8.8451093 8.8424421 8.8397965 8.8371723 8.8345693 8.8319872 8.8294258 8.8268848 8.824364 8.8218632 8.8193822 8.8169206 8.8144784 8.8120553 8.8096511 8.8072656 8.8048985 8.8025498 8.8002192 8.7979065 8.7956115 8.793334 8.7910739 8.7888311 8.7866052 8.7843961 8.7822038 8.7800279 8.7778684 8.7757251 8.7735978 8.7714864 8.7693907 8.7673106 8.765246 8.7631966
8.9187556 8.915475 8.9122236 8.9090012 8.9058073 8.9026416 8.8995036 8.8963932 8.8933097 8.8902531 8.8872228 8.8842185 8.88124 8.8782869 8.8753589 8.8724556 8.8695767 8.866722 8.8638911 8.8610838 8.8582998 8.8555387 8.8528003 8.8500843 8.8473905 8.8447186 8.8420684 8.8394395 8.8368317 8.8342449 8.8316787 8.8291329 8.8266073 8.8241016 8.8216157 8.8191493 8.8167022 8.8142741 8.811865 8.8094746 8.8071026 8.8047489 8.8024133 8.8000956 8.7977956 8.7955131 8.793248 8.7910001 8.7887692 8.7865551 8.7843577 8.7821768 8.7800122 8.7778639 8.7757315 8.773615 8.7715143 8.7694291 8.7673593 8.7653048
8.9210722 8.9177889 8.9145349 8.9113097 8.9081129 8.9049443 8.9018033 8.8986897 8.8956032 8.8925433 8.8895097 8.8865021 8.8835202 8.8805635 8.8776319 8.8747251 8.8718425 8.8689841 8.8661495 8.8633384 8.8605505 8.8577855 8.8550432 8.8523232 8.8496254 8.8469495 8.8442951 8.8416621 8.8390502 8.8364591 8.8338887 8.8313386 8.8288087 8.8262987 8.8238085 8.8213377 8.8188862 8.8164538 8.8140402 8.8116453 8.8092688 8.8069106 8.8045705 8.8022482 8.7999437 8.7976566 8.7953869 8.7931344 8.7908988 8.7886801 8.786478 8.7842925 8.7821232 8.7799701 8.7778331 8.7757118 8.7736063 8.7715164 8.7694419 8.7673826
8.9233235 8.9200386 8.9167829 8.9135559 8.9103572 8.9071865 8.9040435 8.9009277 8.8978388 8.8947765 8.8917405 8.8887303 8.8857458 8.8827864 8.8798521 8.8769423 8.8740569 8.8711955 8.8683578 8.8655436 8.8627525 8.8599843 8.8572387 8.8545154 8.8518142 8.8491348 8.8464769 8.8438403 8.8412248 8.8386301 8.836056 8.8335022 8.8309686 8.8284548 8.8259607 8.8234861 8.8210307 8.8185943 8.8161767 8.8137778 8.8113973 8.8090351 8.8066908 8.8043645 8.8020558 8.7997646 8.7974907 8.795234 8.7929942 8.7907712 8.7885649 8.786375 8.7842014 8.782044 8.7799026 8.777777 8.7756671 8.7735728 8.7714938 8.7694302
8.9255098 8.9222244 8.9189679 8.91574 8.9125404 8.9093686 8.9062244 8.9031073 8.900017 8.8969531 8.8939154 8.8909035 8.8879171 8.8849559 8.8820195 8.8791076 8.87622 8.8733563 8.8705163 8.8676996 8.864906 8.8621352 8.859387 8.856661 8.853957 8.8512747 8.848614 8.8459744 8.8433559 8.8407581 8.8381809 8.8356239 8.833087 8.83057 8.8280726 8.8255946 8.8231357 8.8206959 8.8182749 8.8158724 8.8134883 8.8111225 8.8087746 8.8064446 8.8041322 8.8018372 8.7995596 8.797299 8.7950554 8.7928286 8.7906183 8.7884245 8.786247 8.7840856 8.7819402 8.7798106 8.7776967 8.7755983 8.7735153 8.7714475
8.9276316 8.9243466 8.9210904 8.9178626 8.9146629 8.911491 8.9083464 8.9052288 8.9021379 8.8990734 8.8960349 8.8930221 8.8900346 8.8870722 8.8841345 8.8812213 8.8783322 8.8754669 8.8726252 8.8698068 8.8670113 8.8642386 8.8614883 8.8587603 8.8560541 8.8533696 8.8507065 8.8480646 8.8454436 8.8428433 8.8402635 8.8377039 8.8351643 8.8326445 8.8301442 8.8276633 8.8252016 8.8227588 8.8203347 8.8179292 8.815542 8.813173 8.8108219 8.8084886 8.8061729 8.8038747 8.8015936 8.7993297 8.7970826 8.7948523 8.7926385 8.7904412 8.7882601 8.7860951 8.783946 8.7818128 8.7796952 8.777593 8.7755063 8.7734347
8.9296893 8.9264057 8.9231507 8.919924 8.9167252 8.9135539 8.9104099 8.9072927 8.9042021 8.9011377 8.8980992 8.8950862 8.8920984 8.8891356 8.8861974 8.8832835 8.8803937 8.8775275 8.8746849 8.8718653 8.8690687 8.8662947 8.863543 8.8608135 8.8581057 8.8554196 8.8527548 8.8501111 8.8474882 8.8448859 8.842304 8.8397423 8.8372005 8.8346785 8.8321759 8.8296926 8.8272285 8.8247831 8.8223565 8.8199484 8.8175585 8.8151868 8.8128329 8.8104968 8.8081782 8.805877 8.803593 8.8013261 8.799076 8.7968425 8.7946257 8.7924251 8.7902408 8.7880726 8.7859202 8.7837837 8.7816627 8.7795572 8.777467 8.775392
8.9316833 8.9284021 8.9251492 8.9219245 8.9187275 8.9155579 8.9124153 8.9092994 8.9062099 8.9031464 8.9001086 8.8970963 8.894109 8.8911465 8.8882085 8.8852947 8.8824048 8.8795385 8.8766955 8.8738756 8.8710784 8.8683037 8.8655513 8.8628209 8.8601122 8.857425 8.854759 8.852114 8.8494898 8.8468861 8.8443028 8.8417394 8.839196 8.8366722 8.8341678 8.8316826 8.8292165 8.8267691 8.8243404 8.8219301 8.819538 8.817164 8.8148078 8.8124693 8.8101482 8.8078445 8.805558 8.8032884 8.8010356 8.7987995 8.7965798 8.7943765 8.7921893 8.7900182 8.7878629 8.7857234 8.7835994 8.7814908 8.7793975 8.7773194
8.9336142 8.9303362 8.9270865 8.9238646 8.9206703 8.9175032 8.9143629 8.9112491 8.9081615 8.9050998 8.9020636 8.8990527 8.8960667 8.8931053 8.8901682 8.8872552 8.8843659 8.8815001 8.8786575 8.8758377 8.8730407 8.870266 8.8675135 8.8647828 8.8620737 8.859386 8.8567195 8.8540738 8.8514488 8.8488442 8.8462599 8.8436955 8.8411509 8.8386258 8.8361201 8.8336335 8.8311659 8.828717 8.8262866 8.8238746 8.8214807 8.8191048 8.8167467 8.8144062 8.8120831 8.8097773 8.8074886 8.8052168 8.8029617 8.8007232 8.7985012 8.7962954 8.7941058 8.7919321 8.7897742 8.787632 8.7855054 8.7833941 8.781298 8.7792171
8.9354822 8.9322086 8.9289629 8.9257448 8.9225541 8.9193903 8.9162532 8.9131424 8.9100575 8.9069983 8.9039645 8.9009557 8.8979717 8.8950122 8.8920767 8.8891652 8.8862773 8.8834126 8.880571 8.8777522 8.8749559 8.8721818 8.8694297 8.8666994 8.8639906 8.861303 8.8586364 8.8559906 8.8533653 8.8507604 8.8481756 8.8456107 8.8430654 8.8405396 8.838033 8.8355455 8.8330769 8.8306268 8.8281953 8.825782 8.8233868 8.8210094 8.8186498 8.8163078 8.813983 8.8116755 8.809385 8.8071114 8.8048544 8.802614 8.8003899 8.7981821 8.7959903 8.7938144 8.7916543 8.7895098 8.7873808 8.7852671 8.7831687 8.7810852
8.937288 8.9340196 8.9307789 8.9275656 8.9243793 8.9212197 8.9180866 8.9149795 8.9118982 8.9088424 8.9058117 8.9028059 8.8998246 8.8968676 8.8939345 8.8910252 8.8881392 8.8852764 8.8824365 8.8796192 8.8768243 8.8740514 8.8713004 8.868571 8.865863 8.8631761 8.8605101 8.8578647 8.8552397 8.852635 8.8500502 8.8474852 8.8449398 8.8424138 8.8399068 8.8374189 8.8349496 8.832499 8.8300667 8.8276525 8.8252564 8.8228781 8.8205174 8.8181742 8.8158482 8.8135394 8.8112475 8.8089724 8.8067139 8.8044719 8.8022462 8.8000366 8.7978431 8.7956654 8.7935033 8.7913569 8.7892259 8.7871101 8.7850095 8.7829239
8.9390321 8.9357698 8.932535 8.9293273 8.9261463 8.9229919 8.9198635 8.9167611 8.9136841 8.9106324 8.9076056 8.9046034 8.9016256 8.8986719 8.8957419 8.8928354 8.8899522 8.8870919 8.8842543 8.8814392 8.8786462 8.8758752 8.8731259 8.870398 8.8676914 8.8650057 8.8623407 8.8596963 8.8570722 8.8544682 8.851884 8.8493195 8.8467744 8.8442485 8.8417417 8.8392538 8.8367845 8.8343336 8.831901 8.8294865 8.8270899 8.824711 8.8223496 8.8200056 8.8176788 8.8153691 8.8130762 8.8108 8.8085404 8.8062971 8.8040701 8.8018592 8.7996642 8.797485 8.7953214 8.7931734 8.7910407 8.7889232 8.7868208 8.7847333
8.940715 8.9374598 8.9342317 8.9310304 8.9278557 8.9247071 8.9215845 8.9184874 8.9154156 8.9123687 8.9093466 8.9063488 8.9033752 8.9004254 8.8974992 8.8945963 8.8917164 8.8888593 8.8860247 8.8832123 8.880422 8.8776534 8.8749064 8.8721806 8.8694759 8.866792 8.8641287 8.8614858 8.8588631 8.8562602 8.8536771 8.8511136 8.8485693 8.8460442 8.843538 8.8410505 8.8385815 8.8361309 8.8336984 8.831284 8.8288873 8.8265082 8.8241466 8.8218023 8.8194751 8.8171648 8.8148713 8.8125944 8.810334 8.8080899 8.8058619 8.80365 8.8014539 8.7992736 8.7971088 8.7949594 8.7928253 8.7907064 8.7886025 8.7865135
8.9423372 8.9390899 8.9358695 8.9326756 8.9295079 8.9263661 8.9232499 8.920159 8.9170931 8.9140519 8.9110351 8.9080425 8.9050738 8.9021287 8.8992069 8.8963082 8.8934324 8.8905791 8.8877481 8.8849391 8.882152 8.8793865 8.8766423 8.8739192 8.871217 8.8685354 8.8658743 8.8632334 8.8606126 8.8580115 8.85543 8.8528678 8.8503249 8.847801 8.8452958 8.8428092 8.8403411 8.8378912 8.8354593 8.8330453 8.8306489 8.8282701 8.8259087 8.8235644 8.8212371 8.8189267 8.816633 8.8143558 8.8120949 8.8098503 8.8076218 8.8054092 8.8032124 8.8010312 8.7988655 8.7967152 8.7945801 8.7924601 8.790355 8.7882647
8.9438993 8.9406609 8.937449 8.9342633 8.9311035 8.9279692 8.9248602 8.9217763 8.9187171 8.9156823 8.9126716 8.9096849 8.9067218 8.903782 8.9008654 8.8979716 8.8951004 8.8922515 8.8894247 8.8866198 8.8838365 8.8810746 8.8783338 8.875614 8.8729149 8.8702362 8.8675778 8.8649395 8.862321 8.8597221 8.8571427 8.8545825 8.8520414 8.8495191 8.8470155 8.8445303 8.8420634 8.8396146 8.8371837 8.8347706 8.832375 8.8299969 8.827636 8.8252921 8.8229652 8.820655 8.8183614 8.8160843 8.8138234 8.8115786 8.8093499 8.807137 8.8049398 8.8027581 8.8005918 8.7984409 8.796305 8.7941842 8.7920783 8.7899871
8.9454019 8.9421733 8.9389707 8.935794 8.9326429 8.929517 8.9264161 8.9233398 8.920288 8.9172604 8.9142566 8.9112764 8.9083196 8.9053859 8.9024751 8.8995868 8.8967209 8.8938771 8.8910551 8.8882549 8.885476 8.8827182 8.8799815 8.8772654 8.8745699 8.8718947 8.8692395 8.8666043 8.8639887 8.8613926 8.8588157 8.856258 8.8537191 8.8511989 8.8486972 8.8462139 8.8437487 8.8413014 8.838872 8.8364602 8.8340658 8.8316887 8.8293287 8.8269857 8.8246595 8.82235 8.8200569 8.8177801 8.8155196 8.813275 8.8110464 8.8088335 8.8066362 8.8044544 8.8022879 8.8001366 8.7980004 8.7958791 8.7937726 8.7916808
8.9468456 8.9436275 8.9404352 8.9372684 8.9341267 8.93101 8.9279179 8.9248501 8.9218065 8.9187867 8.9157904 8.9128176 8.9098677 8.9069407 8.9040363 8.9011542 8.8982943 8.8954561 8.8926396 8.8898446 8.8870707 8.8843177 8.8815855 8.8788738 8.8761825 8.8735112 8.8708598 8.8682281 8.8656159 8.863023 8.8604493 8.8578944 8.8553582 8.8528406 8.8503414 8.8478603 8.8453972 8.842952 8.8405244 8.8381143 8.8357215 8.8333459 8.8309872 8.8286454 8.8263203 8.8240117 8.8217195 8.8194436 8.8171836 8.8149397 8.8127115 8.810499 8.808302 8.8061203 8.8039539 8.8018026 8.7996663 8.7975448 8.7954381 8.7933459
8.948231 8.9450244 8.9418431 8.9386869 8.9355555 8.9324487 8.9293662 8.9263076 8.9232729 8.9202617 8.9172737 8.9143087 8.9113666 8.9084469 8.9055496 8.9026743 8.8998209 8.8969891 8.8941786 8.8913894 8.888621 8.8858734 8.8831463 8.8804395 8.8777528 8.875086 8.8724389 8.8698113 8.867203 8.8646139 8.8620436 8.8594921 8.8569591 8.8544445 8.8519481 8.8494698 8.8470093 8.8445664 8.8421411 8.8397331 8.8373423 8.8349685 8.8326116 8.8302714 8.8279478 8.8256406 8.8233496 8.8210747 8.8188159 8.8165728 8.8143454 8.8121336 8.8099372 8.807756 8.80559 8.803439 8.8013029 8.7991816 8.7970749 8.7949827
8.9495587 8.9463644 8.9431949 8.9400502 8.9369299 8.9338337 8.9307615 8.9277129 8.9246878 8.9216858 8.9187068 8.9157505 8.9128166 8.909905 8.9070154 8.9041476 8.9013013 8.8984764 8.8956725 8.8928896 8.8901274 8.8873857 8.8846642 8.8819629 8.8792814 8.8766196 8.8739773 8.8713543 8.8687503 8.8661653 8.8635991 8.8610514 8.8585221 8.856011 8.8535179 8.8510426 8.8485851 8.8461451 8.8437224 8.841317 8.8389285 8.836557 8.8342022 8.831864 8.8295422 8.8272367 8.8249473 8.8226739 8.8204164 8.8181746 8.8159483 8.8137375 8.811542 8.8093617 8.8071964 8.805046 8.8029105 8.8007896 8.7986832 8.7965912
8.9508294 8.9476481 8.9444914 8.9413589 8.9382504 8.9351656 8.9321045 8.9290666 8.9260517 8.9230597 8.9200903 8.9171433 8.9142184 8.9113154 8.9084341 8.9055743 8.9027358 8.8999184 8.8971217 8.8943458 8.8915902 8.888855 8.8861397 8.8834443 8.8807685 8.8781122 8.8754752 8.8728572 8.8702582 8.8676778 8.865116 8.8625726 8.8600474 8.8575402 8.8550508 8.8525791 8.850125 8.8476882 8.8452686 8.8428661 8.8404804 8.8381115 8.8357592 8.8334233 8.8311037 8.8288003 8.8265129 8.8242413 8.8219855 8.8197452 8.8175205 8.815311 8.8131168 8.8109376 8.8087733 8.8066239 8.8044891 8.8023689 8.8002632 8.7981718
8.9520438 8.9488764 8.945733 8.9426135 8.9395176 8.936445 8.9333956 8.9303691 8.9273652 8.9243838 8.9214247 8.9184876 8.9155723 8.9126786 8.9098063 8.9069551 8.904125 8.9013155 8.8985267 8.8957582 8.8930099 8.8902816 8.887573 8.8848841 8.8822146 8.8795642 8.876933 8.8743206 8.8717268 8.8691516 8.8665947 8.864056 8.8615353 8.8590325 8.8565473 8.8540796 8.8516292 8.8491961 8.8467799 8.8443807 8.8419982 8.8396323 8.8372829 8.8349497 8.8326327 8.8303317 8.8280465 8.8257771 8.8235233 8.821285 8.819062 8.8168542 8.8146615 8.8124838 8.8103209 8.8081727 8.806039 8.8039199 8.801815 8.7997245
8.9532024 8.9500497 8.9469205 8.9438148 8.9407321 8.9376724 8.9346355 8.931621 8.9286288 8.9256587 8.9227105 8.919784 8.9168789 8.9139951 8.9111323 8.9082904 8.9054691 8.9026683 8.8998878 8.8971274 8.8943868 8.891666 8.8889647 8.8862827 8.8836199 8.8809761 8.878351 8.8757446 8.8731567 8.8705871 8.8680356 8.865502 8.8629863 8.8604882 8.8580075 8.8555442 8.8530981 8.850669 8.8482567 8.8458612 8.8434822 8.8411197 8.8387734 8.8364433 8.8341292 8.831831 8.8295485 8.8272816 8.8250302 8.8227941 8.8205732 8.8183674 8.8161766 8.8140006 8.8118393 8.8096926 8.8075604 8.8054426 8.803339 8.8012495
8.9543061 8.9511688 8.9480546 8.9449632 8.9418946 8.9388485 8.9358247 8.932823 8.9298431 8.926885 8.9239483 8.921033 8.9181387 8.9152653 8.9124127 8.9095806 8.9067688 8.9039772 8.9012056 8.8984537 8.8957215 8.8930086 8.890315 8.8876405 8.8849849 8.8823481 8.8797297 8.8771298 8.8745482 8.8719845 8.8694388 8.8669109 8.8644005 8.8619076 8.8594319 8.8569734 8.8545319 8.8521072 8.8496992 8.8473077 8.8449326 8.8425738 8.8402312 8.8379045 8.8355937 8.8332986 8.831019 8.828755 8.8265063 8.8242727 8.8220543 8.8198508 8.8176621 8.8154882 8.8133289 8.811184 8.8090535 8.8069372 8.8048351 8.802747
