Cobbity3/QGIS/AVE10_run1.asc
NCOLS 800
NROWS 450
XLLCORNER 150.66
YLLCORNER -34.028
CELLSIZE 1e-05
NODATA_VALUE -9999
[rows 260 to 285 of 450, columns 180 to 239 of 800]
8.7998652 8.7658415 8.7300785 8.692532 8.6530982 8.6115237 8.5672016 8.5187278 8.4630558 8.3944504 8.3058707 8.2044695 8.1512541 8.2174243 8.3426942 8.4481834 8.5215336 8.5690276 8.5947471 8.600685 8.5906272 8.577906 8.5889334 8.6386607 8.7078289 8.7719733 8.8256756 8.8728385 8.915532 8.953334 8.9854144 9.0112969 9.030805 9.0439089 9.0506601 9.0512256 9.0460276 9.0359939 9.0228257 9.0089502 8.9966703 8.9865833 8.9765271 8.9622446 8.9390746 8.9031823 8.852112 8.7855549 8.7066978 8.6217776 8.5360107 8.4726663 8.5116066 8.6596239 8.8160392 8.916619 8.929432 8.8661973 8.8792174 9.0205645
8.757908 8.7200372 8.6801551 8.6382617 8.5943467 8.5483421 8.499979 8.4483484 8.390709 8.3199324 8.2221721 8.0920292 8.0072716 8.0939174 8.2594281 8.3873447 8.4674193 8.5126959 8.5306723 8.5222861 8.4850672 8.4302804 8.415593 8.4896418 8.6039505 8.704692 8.7821137 8.842644 8.8920877 8.9331543 8.9667673 8.9931771 9.0124115 9.0243938 9.0289743 9.0259958 9.0155029 8.9982362 8.9764686 8.9546531 8.9382464 8.9296998 8.925109 8.916169 8.894789 8.8551628 8.7934802 8.7086964 8.6079659 8.5169461 8.4767038 8.5055184 8.5901552 8.7118461 8.8361488 8.9268004 8.960489 8.950256 8.9772325 9.077535
8.7156918 8.6736507 8.6292401 8.5824849 8.5334504 8.4822768 8.4292423 8.3747622 8.3188811 8.2591784 8.1871301 8.0964461 8.039041 8.1061841 8.2390846 8.3491903 8.4200461 8.4580396 8.4685598 8.4509848 8.3943468 8.2935653 8.2425296 8.3504223 8.5121677 8.6435111 8.7397531 8.8119308 8.8682914 8.9132727 8.9489548 8.9762096 8.9952986 9.0061109 9.0082279 9.000949 8.9834534 8.9554741 8.9191456 8.8820276 8.8572092 8.8531806 8.8619474 8.8655456 8.8499166 8.8072016 8.7309889 8.6130495 8.4487669 8.2698883 8.1961331 8.3158558 8.5169756 8.6974011 8.8388511 8.9392328 8.9989126 9.0330636 9.0765239 9.1490001
8.6734209 8.6268534 8.5774419 8.5251864 8.470126 8.4124071 8.3525269 8.2919532 8.2341548 8.1848698 8.1485164 8.1239449 8.1208596 8.1658841 8.245991 8.3225647 8.3762265 8.4036736 8.4071912 8.3897789 8.3462791 8.2620623 8.2129249 8.3162144 8.4737884 8.6068269 8.7084105 8.7863186 8.8472693 8.8954094 8.932997 8.9611191 8.9801297 8.9898348 8.989487 8.9776453 8.9520151 8.9097861 8.8502775 8.783392 8.7391797 8.7456451 8.7839949 8.8121412 8.8078018 8.764547 8.6755535 8.5224312 8.269861 7.9142769 7.7126764 7.9812718 8.3778445 8.6570126 8.8358191 8.9527072 9.0301212 9.0862003 9.1396467 9.2020035
8.631393 8.5799374 8.5250391 8.466624 8.4045798 8.3387115 8.268839 8.1955382 8.1226658 8.0623192 8.0356796 8.0538866 8.1011115 8.1618961 8.2287653 8.288539 8.3294071 8.3461141 8.3394456 8.3190808 8.3032838 8.2946566 8.3007603 8.3699803 8.4822558 8.5941991 8.6898128 8.7678348 8.830664 8.8807345 8.9197286 8.9485743 8.9675657 8.976398 8.9740409 8.9583623 8.9253944 8.8684319 8.7793492 8.6631014 8.5775631 8.6044834 8.6977747 8.7627148 8.7727766 8.7316368 8.6389548 8.4768193 8.1969233 7.7628044 7.4868662 7.8357448 8.328377 8.654391 8.8515803 8.9757332 9.0592532 9.1223339 9.1788642 9.2369055
8.5900126 8.5333299 8.4724945 8.4073586 8.3376518 8.2627083 8.1809721 8.0896064 7.9864507 7.8818158 7.8232173 7.8686203 7.983083 8.0942389 8.1804852 8.2416751 8.2771981 8.2849549 8.2624507 8.2162882 8.1916731 8.2395378 8.3170297 8.3997047 8.4942476 8.5910422 8.6795688 8.7555975 8.8187085 8.8697523 8.9096692 8.9390775 8.9581459 8.9665031 8.9630367 8.9453953 8.9088546 8.8441194 8.7355225 8.5754519 8.4418627 8.4913796 8.6392602 8.731605 8.7487642 8.7077012 8.6187029 8.480515 8.2771356 8.0111227 7.8721071 8.0934512 8.447622 8.7233534 8.9040956 9.0183157 9.094205 9.1527998 9.206339 9.2604362
8.5498008 8.4875924 8.4204128 8.3480965 8.2704096 8.1866783 8.0947489 7.9886849 7.8563434 7.6916455 7.5663047 7.63624 7.8364641 8.0072635 8.1193893 8.1871709 8.2210176 8.2243322 8.1923113 8.1159654 8.0525982 8.1320423 8.2723248 8.3904848 8.4931084 8.5876512 8.6732355 8.7479199 8.8109652 8.8625319 8.9030712 8.9329424 8.9522142 8.960539 8.9569913 8.9397176 8.905063 8.8456141 8.7481644 8.6061377 8.4884615 8.529429 8.6545814 8.7305305 8.7364961 8.6860167 8.5930759 8.4748886 8.3557804 8.265933 8.2628938 8.402426 8.6277057 8.8420096 8.9967634 9.0873607 9.1400368 9.1831272 9.2284006 9.2775059
8.5114086 8.4434314 8.3695112 8.2894922 8.2034 8.1113653 8.0129969 7.9049516 7.7751369 7.6056331 7.4589638 7.5345506 7.7589415 7.9449937 8.0633822 8.1305482 8.1603496 8.1626178 8.1425055 8.0942314 8.0498069 8.1176753 8.2521224 8.3781439 8.4871742 8.5836657 8.6692508 8.7437784 8.8070021 8.8590008 8.9000368 8.9303343 8.9499199 8.9585279 8.9555627 8.9401005 8.9108307 8.8655779 8.8007797 8.7187838 8.6564628 8.6676649 8.7216802 8.7520938 8.7325701 8.6596947 8.5374758 8.386786 8.2686867 8.2628802 8.3734044 8.552771 8.7665632 8.9756211 9.1274648 9.1863204 9.1963788 9.2136102 9.2472888 9.2908143
8.4756405 8.4017533 8.3207176 8.2322632 8.1365506 8.0346184 7.9291385 7.8249848 7.7268386 7.63359 7.5693958 7.6231493 7.7723587 7.9161669 8.0168343 8.0726635 8.0902792 8.081844 8.0697807 8.0753637 8.0979793 8.1577437 8.2602694 8.3748658 8.4833962 8.581281 8.6678348 8.7429463 8.8066477 8.8591216 8.9006215 8.9313409 8.9513 8.960287 8.9579098 8.9438955 8.9188566 8.8854124 8.8480788 8.8112753 8.7838527 8.7787152 8.7869596 8.7804223 8.7349967 8.6324663 8.4538235 8.1920146 7.9397482 7.9582326 8.2536349 8.5720641 8.8463274 9.0903422 9.2661657 9.2915262 9.2481725 9.2392201 9.2629349 9.3017348
8.4434729 8.3637432 8.2754013 8.1777856 8.0705896 7.9544299 7.8323684 7.7138551 7.6213129 7.5848986 7.6083996 7.6786887 7.7844757 7.8921523 7.9722253 8.0120255 8.0085789 7.9658171 7.9131572 7.9263812 8.0226345 8.1371802 8.2540833 8.3711432 8.4816249 8.5815031 8.6695335 8.7456039 8.8099571 8.8629415 8.9048941 8.9360414 8.9564063 8.9657385 8.9635181 8.9492114 8.9232866 8.8899254 8.8603656 8.8459779 8.8421708 8.8401942 8.8337627 8.8094509 8.7482624 8.6249451 8.399092 8.0192427 7.5741095 7.5863155 8.0969198 8.5584941 8.8804723 9.1281553 9.2967969 9.3137974 9.2651348 9.2537813 9.2750755 9.3111299
8.4160331 8.3308865 8.2355352 8.1287016 8.0090441 7.8751604 7.7257945 7.5627793 7.4100178 7.3556635 7.4583515 7.6111039 7.7455482 7.8524085 7.9231103 7.9493968 7.9255461 7.8414611 7.7077166 7.6898605 7.8728355 8.0710215 8.2299278 8.3639876 8.4815968 8.5849841 8.6749353 8.7520989 8.8171169 8.8705772 8.9129556 8.9445509 8.9654003 8.9751592 8.9729295 8.9570758 8.9254741 8.8786608 8.8330165 8.8265093 8.8528095 8.8704029 8.8677665 8.8409072 8.7784746 8.6590359 8.4463279 8.1015485 7.7228148 7.741517 8.1908256 8.6167479 8.9054278 9.10135 9.2212315 9.2560487 9.2520961 9.2600669 9.2850546 9.3197385
8.3945087 8.3048413 8.2035165 8.0886885 7.9581404 7.8088941 7.6359217 7.4298442 7.1934205 7.0761716 7.2629988 7.5059008 7.6819993 7.8014328 7.8697646 7.8853702 7.8517205 7.7724436 7.644672 7.6210497 7.8128403 8.033101 8.2136999 8.3613689 8.4861077 8.5930653 8.6848013 8.762864 8.8283702 8.8821782 8.9249265 8.9570157 8.9785412 8.9891392 8.9876663 8.9715968 8.936351 8.8777662 8.8132017 8.8068095 8.8564681 8.8922017 8.8979954 8.8767365 8.8250009 8.7318024 8.582101 8.3771588 8.2012916 8.2350458 8.4850869 8.760671 8.9659844 9.1010277 9.1822757 9.2236029 9.245636 9.2673496 9.295061 9.3280521
8.3799964 8.2871752 8.1816475 8.0612643 7.9236349 7.766361 7.587673 7.3877572 7.1775749 7.074026 7.2358121 7.4527026 7.6273295 7.7504472 7.815542 7.8149527 7.7601166 7.7032947 7.6911815 7.7297703 7.8642486 8.0465158 8.2203289 8.3706367 8.4984805 8.6073128 8.6999268 8.7783205 8.8439459 8.8978805 8.9409109 8.9735585 8.9960506 9.0082001 9.0091033 8.9965576 8.9666084 8.9167789 8.8641061 8.8564793 8.8929497 8.9235646 8.9310695 8.9165899 8.8802914 8.819709 8.7347493 8.6404921 8.5844525 8.6274816 8.7681179 8.9367758 9.0739261 9.1608435 9.208473 9.2361992 9.2575773 9.279948 9.3061123 9.3360916
8.3733395 8.27909 8.1716286 8.048733 7.9081671 7.7485251 7.5717733 7.3899656 7.2382383 7.1811325 7.2632334 7.4238597 7.5811943 7.703069 7.7660317 7.741026 7.6179287 7.4800549 7.5315275 7.7181821 7.8993415 8.0774477 8.2449736 8.3930119 8.5202479 8.6287066 8.720853 8.7987519 8.8639904 8.9177628 8.9609546 8.9942027 9.0179288 9.0323246 9.0372097 9.0316664 9.0138575 8.9837314 8.9523543 8.9415397 8.9525758 8.9654193 8.9679984 8.9580218 8.935739 8.9022988 8.8623635 8.8290349 8.8259311 8.8758076 8.9789873 9.107995 9.2192859 9.2737313 9.279343 9.275964 9.281566 9.2963516 9.3176779 9.3434747
8.3750044 8.2812428 8.1743485 8.0521523 7.9124434 7.7534311 7.5743936 7.3750914 7.1558275 7.0149327 7.1734593 7.3764405 7.5275905 7.655671 7.7301181 7.6972621 7.5180817 7.2863907 7.3509626 7.6536588 7.9123287 8.1134191 8.2822904 8.4272332 8.5514131 8.6574443 8.7477161 8.8242206 8.8885244 8.9418261 8.9850331 9.0188455 9.0438635 9.0607303 9.0702352 9.0730384 9.0685311 9.0546206 9.0338905 9.0172372 9.0103794 9.0083301 9.0048673 8.9972165 8.9851866 8.9704929 8.957597 8.9550546 8.9750617 9.0291921 9.1227712 9.2503536 9.3759557 9.415154 9.366697 9.3223304 9.3078815 9.3129908 9.3285097 9.3496951
8.3850154 8.2936717 8.1898595 8.0716252 7.9369291 7.7837534 7.6098876 7.4124467 7.199603 7.080571 7.2082875 7.3275239 7.4460955 7.6022168 7.7136217 7.7158051 7.5877942 7.4304572 7.4825596 7.7254616 7.9708028 8.1699969 8.3339222 8.4726603 8.5913652 8.6931361 8.7802635 8.8545566 8.9174404 8.9700143 9.01311 9.0473705 9.0734048 9.0920951 9.1050724 9.1147936 9.1218219 9.1188544 9.0994802 9.0748548 9.0564159 9.0447422 9.0366753 9.0301625 9.0249297 9.0222533 9.0250871 9.0382917 9.068264 9.121937 9.2064682 9.3274905 9.4603805 9.4952614 9.41774 9.3527443 9.3277979 9.3266693 9.3374888 9.3543919
8.4029496 8.3157905 8.2173511 8.1061044 7.980621 7.8399346 7.6845611 7.5204288 7.3724251 7.2954017 7.2614418 7.2036897 7.3340481 7.5559093 7.7193939 7.778825 7.7458025 7.6975343 7.7452911 7.8987636 8.0827656 8.2527044 8.4004656 8.5282582 8.6389928 8.7349491 8.8179273 8.889393 8.9505326 9.0022694 9.0452675 9.0799465 9.1065778 9.1256236 9.1385665 9.1490651 9.1609016 9.1646818 9.1444831 9.1139233 9.0886061 9.070945 9.0595381 9.0534245 9.0526015 9.057822 9.0705168 9.0927829 9.12719 9.1765616 9.2441976 9.3319458 9.4210585 9.447269 9.4021844 9.3577355 9.3380616 9.3361416 9.3441691 9.3575033
8.4279892 8.3464598 8.2552089 8.1532527 8.0399565 7.9156163 7.7827875 7.6489354 7.52786 7.4223956 7.2904542 7.1978507 7.3358715 7.5743664 7.7601505 7.8604661 7.8957038 7.9151592 7.9716501 8.0791908 8.2138739 8.3505233 8.477411 8.5914117 8.6925446 8.7816921 8.8599086 8.9282167 8.9875249 9.0385661 9.081817 9.1173736 9.1448195 9.1632819 9.1722024 9.1735863 9.1743873 9.1761895 9.162456 9.1349164 9.1072535 9.0852248 9.0704643 9.0638132 9.0659378 9.0772259 9.0977759 9.1274929 9.165979 9.2121641 9.2640453 9.3178863 9.363156 9.3806255 9.3691905 9.3518103 9.3425166 9.3424032 9.3488545 9.3592572
8.4590265 8.3841522 8.3012808 8.2099409 8.1101316 8.0028006 7.8905552 7.7780593 7.6696601 7.5620949 7.4539838 7.4082733 7.5054237 7.6838447 7.8456202 7.9564054 8.0251936 8.0790398 8.1448926 8.2337887 8.3395961 8.4506454 8.5583962 8.6586439 8.7498991 8.8319818 8.9052817 8.9704167 9.028065 9.0788517 9.123202 9.1610593 9.1913772 9.2115213 9.217549 9.2077521 9.1904921 9.1803965 9.169278 9.1448418 9.1140985 9.0860015 9.0658984 9.05709 9.0613813 9.0789069 9.1083662 9.1476835 9.1942495 9.2441976 9.2914844 9.3290347 9.352255 9.3605068 9.3574667 9.3507465 9.346631 9.3472751 9.3521972 9.3600022
8.4947975 8.4271659 8.3532477 8.272974 8.1867431 8.0957083 8.0020324 7.9087306 7.818698 7.7349615 7.6697749 7.6569023 7.7226707 7.8412804 7.9644209 8.065775 8.1443623 8.21218 8.2827066 8.3630727 8.4525048 8.546043 8.6386408 8.7269031 8.8090675 8.8844743 8.9531104 9.0153264 9.0716831 9.1228626 9.1695608 9.2121837 9.2500047 9.2794533 9.2926325 9.2814343 9.2510544 9.2197172 9.1897871 9.1525224 9.1099495 9.0698355 9.0397093 9.025905 9.0322329 9.058479 9.101043 9.1553777 9.2175446 9.282949 9.3423813 9.3808827 9.3903992 9.3814603 9.3685422 9.35836 9.3528065 9.3518793 9.3546865 9.3599795
8.5340109 8.4738181 8.4089172 8.3395266 8.2662833 8.1904132 8.1138572 8.0392781 7.970169 7.912129 7.876015 7.8775473 7.9246716 8.0053243 8.0967238 8.182609 8.2587513 8.3290156 8.3994561 8.4740031 8.5530571 8.6345416 8.7156809 8.7941689 8.8685317 8.9380479 9.0025526 9.0622782 9.1177768 9.1699397 9.2201016 9.2700911 9.3216344 9.3734075 9.4136731 9.4166231 9.369242 9.2976653 9.226941 9.1589971 9.0921433 9.0298839 8.9808094 8.9565766 8.9657349 9.0071298 9.071476 9.1493531 9.2363536 9.3313664 9.4254343 9.4836187 9.4740207 9.4300499 9.3932502 9.3714077 9.3603884 9.3562374 9.3564032 9.3591663
8.575449 8.522578 8.466382 8.4072715 8.3460225 8.2838933 8.2227335 8.165103 8.1145403 8.076161 8.0570514 8.0643922 8.1003698 8.1587445 8.2283284 8.2997245 8.3687879 8.4358318 8.5030381 8.572175 8.6435638 8.7162398 8.7886658 8.8593761 8.9273087 8.9918799 9.0529365 9.1106924 9.1657257 9.2191225 9.2729039 9.3308855 9.399675 9.4867776 9.5834528 9.6258039 9.5452847 9.4019119 9.2704582 9.1587492 9.0553722 8.9559854 8.8704403 8.8234935 8.8380151 8.9098288 9.0128676 9.125933 9.2443036 9.3754702 9.5201339 9.6158457 9.5760939 9.482424 9.4179992 9.3839815 9.3672551 9.3596829 9.3570883 9.3572617
8.6180326 8.5721379 8.5240804 8.4743853 8.4238912 8.3738346 8.3259377 8.2825073 8.2465632 8.2219172 8.2128258 8.22266 8.2518631 8.2969823 8.3521676 8.4119661 8.4731541 8.5348015 8.5972568 8.6610226 8.7261026 8.7919151 8.8575503 8.9220929 8.9848468 9.0454325 9.1037973 9.1601914 9.2151748 9.269773 9.3260565 9.3887184 9.4683715 9.5845725 9.7457808 9.8475283 9.7223662 9.4936788 9.3008172 9.1442568 8.9962469 8.8392557 8.6820028 8.5811767 8.6076076 8.7467176 8.9207099 9.0836223 9.2322777 9.3826306 9.5437975 9.650428 9.6026751 9.498115 9.4279861 9.3906974 9.3714844 9.3615405 9.3563976 9.3537958
8.6608542 8.6214404 8.5808043 8.5395232 8.4984345 8.4586922 8.4218188 8.3897465 8.3648185 8.3496693 8.3468266 8.357952 8.3830012 8.4199666 8.4655883 8.5165963 8.5706498 8.6265488 8.6838789 8.7424936 8.8021465 8.8623781 8.9225957 8.9822308 9.0408784 9.0983806 9.1548516 9.2106496 9.2663106 9.3225041 9.380259 9.442206 9.516269 9.6212657 9.7718794 9.8722043 9.7467461 9.5086363 9.2965757 9.1124823 8.9222916 8.6897317 8.4036659 8.1763491 8.2302497 8.5150824 8.8078534 9.0332208 9.2049995 9.3480502 9.4723028 9.5455011 9.5282904 9.4691397 9.4208142 9.3906985 9.3727736 9.3617104 9.354186 9.3483042
8.7031867 8.6696753 8.6356759 8.601771 8.5687498 8.5376398 8.5097271 8.4865514 8.4698491 8.4614006 8.4627353 8.4747228 8.4972156 8.5289963 8.5681385 8.6125968 8.6606971 8.7113203 8.7638036 8.8177201 8.8726905 8.9283039 8.9841421 9.0398625 9.0952932 9.1505113 9.2058836 9.2620431 9.3197372 9.3794446 9.4407173 9.5016992 9.5605945 9.6206105 9.6853593 9.7116526 9.6212201 9.4469084 9.259508 9.0719242 8.8588507 8.567865 8.1389367 7.7160568 7.815057 8.3072319 8.7262843 9.0038384 9.1891959 9.3181024 9.4061083 9.4528714 9.4567149 9.4349739 9.4090975 9.3880869 9.3726017 9.3608307 9.3507188 9.3405923
8.7444754 8.7162569 8.6881052 8.6605757 8.6343811 8.6104048 8.5896992 8.5734575 8.5629444 8.5593665 8.5636794 8.576369 8.5972938 8.6256873 8.6603498 8.6999472 8.7432759 8.7893949 8.8376203 8.887442 8.9384392 8.9902394 9.0425336 9.0951343 9.1480599 9.2016316 9.2565703 9.3140568 9.3756448 9.4427346 9.5150101 9.5871915 9.6456104 9.6725892 9.6622916 9.6159682 9.5211282 9.3800993 9.2150477 9.0361999 8.8308981 8.5572117 8.1501738 7.731632 7.8318092 8.3245129 8.7445274 9.027067 9.2156466 9.3380331 9.4070794 9.4350658 9.4360485 9.4226251 9.4046484 9.3876109 9.3729888 9.3599895 9.3468147 9.3312569
