Cobbity3/QGIS/AVE11_run1.asc
NCOLS 800
NROWS 450
XLLCORNER 150.66
YLLCORNER -34.028
CELLSIZE 1e-05
NODATA_VALUE -9999
[rows 25 to 49 of 450, columns 741 to 797 of 800]
-34.024282 -34.024282 -34.024283 -34.024283 -34.024283 -34.024284 -34.024284 -34.024285 -34.024285 -34.024286 -34.024286 -34.024286 -34.024287 -34.024287 -34.024288 -34.024288 -34.024289 -34.024289 -34.024289 -34.02429 -34.02429 -34.024291 -34.024291 -34.024291 -34.024292 -34.024292 -34.024293 -34.024293 -34.024294 -34.024294 -34.024294 -34.024295 -34.024295 -34.024296 -34.024296 -34.024296 -34.024297 -34.024297 -34.024298 -34.024298 -34.024298 -34.024299 -34.024299 -34.0243 -34.0243 -34.0243 -34.024301 -34.024301 -34.024302 -34.024302 -34.024302 -34.024303 -34.024303 -34.024304 -34.024304 -34.024304 -34.024305
-34.024285 -34.024285 -34.024285 -34.024286 -34.024286 -34.024287 -34.024287 -34.024287 -34.024288 -34.024288 -34.024289 -34.024289 -34.02429 -34.02429 -34.02429 -34.024291 -34.024291 -34.024292 -34.024292 -34.024292 -34.024293 -34.024293 -34.024294 -34.024294 -34.024294 -34.024295 -34.024295 -34.024296 -34.024296 -34.024296 -34.024297 -34.024297 -34.024298 -34.024298 -34.024298 -34.024299 -34.024299 -34.0243 -34.0243 -34.0243 -34.024301 -34.024301 -34.024302 -34.024302 -34.024302 -34.024303 -34.024303 -34.024304 -34.024304 -34.024304 -34.024305 -34.024305 -34.024305 -34.024306 -34.024306 -34.024307 -34.024307
-34.024287 -34.024288 -34.024288 -34.024289 -34.024289 -34.024289 -34.02429 -34.02429 -34.024291 -34.024291 -34.024291 -34.024292 -34.024292 -34.024293 -34.024293 -34.024293 -34.024294 -34.024294 -34.024295 -34.024295 -34.024295 -34.024296 -34.024296 -34.024297 -34.024297 -34.024297 -34.024298 -34.024298 -34.024299 -34.024299 -34.024299 -34.0243 -34.0243 -34.024301 -34.024301 -34.024301 -34.024302 -34.024302 -34.024302 -34.024303 -34.024303 -34.024304 -34.024304 -34.024304 -34.024305 -34.024305 -34.024306 -34.024306 -34.024306 -34.024307 -34.024307 -34.024307 -34.024308 -34.024308 -34.024309 -34.024309 -34.024309
-34.02429 -34.024291 -34.024291 -34.024291 -34.024292 -34.024292 -34.024293 -34.024293 -34.024293 -34.024294 -34.024294 -34.024295 -34.024295 -34.024295 -34.024296 -34.024296 -34.024296 -34.024297 -34.024297 -34.024298 -34.024298 -34.024298 -34.024299 -34.024299 -34.0243 -34.0243 -34.0243 -34.024301 -34.024301 -34.024301 -34.024302 -34.024302 -34.024303 -34.024303 -34.024303 -34.024304 -34.024304 -34.024305 -34.024305 -34.024305 -34.024306 -34.024306 -34.024306 -34.024307 -34.024307 -34.024308 -34.024308 -34.024308 -34.024309 -34.024309 -34.024309 -34.02431 -34.02431 -34.024311 -34.024311 -34.024311 -34.024312
-34.024293 -34.024293 -34.024294 -34.024294 -34.024295 -34.024295 -34.024295 -34.024296 -34.024296 -34.024296 -34.024297 -34.024297 -34.024298 -34.024298 -34.024298 -34.024299 -34.024299 -34.024299 -34.0243 -34.0243 -34.024301 -34.024301 -34.024301 -34.024302 -34.024302 -34.024303 -34.024303 -34.024303 -34.024304 -34.024304 -34.024304 -34.024305 -34.024305 -34.024306 -34.024306 -34.024306 -34.024307 -34.024307 -34.024307 -34.024308 -34.024308 -34.024308 -34.024309 -34.024309 -34.02431 -34.02431 -34.02431 -34.024311 -34.024311 -34.024311 -34.024312 -34.024312 -34.024312 -34.024313 -34.024313 -34.024314 -34.024314
-34.024296 -34.024296 -34.024297 -34.024297 -34.024297 -34.024298 -34.024298 -34.024298 -34.024299 -34.024299 -34.0243 -34.0243 -34.0243 -34.024301 -34.024301 -34.024301 -34.024302 -34.024302 -34.024302 -34.024303 -34.024303 -34.024304 -34.024304 -34.024304 -34.024305 -34.024305 -34.024305 -34.024306 -34.024306 -34.024307 -34.024307 -34.024307 -34.024308 -34.024308 -34.024308 -34.024309 -34.024309 -34.024309 -34.02431 -34.02431 -34.024311 -34.024311 -34.024311 -34.024312 -34.024312 -34.024312 -34.024313 -34.024313 -34.024313 -34.024314 -34.024314 -34.024314 -34.024315 -34.024315 -34.024315 -34.024316 -34.024316
-34.024299 -34.024299 -34.024299 -34.0243 -34.0243 -34.0243 -34.024301 -34.024301 -34.024301 -34.024302 -34.024302 -34.024303 -34.024303 -34.024303 -34.024304 -34.024304 -34.024304 -34.024305 -34.024305 -34.024305 -34.024306 -34.024306 -34.024307 -34.024307 -34.024307 -34.024308 -34.024308 -34.024308 -34.024309 -34.024309 -34.024309 -34.02431 -34.02431 -34.02431 -34.024311 -34.024311 -34.024312 -34.024312 -34.024312 -34.024313 -34.024313 -34.024313 -34.024314 -34.024314 -34.024314 -34.024315 -34.024315 -34.024315 -34.024316 -34.024316 -34.024316 -34.024317 -34.024317 -34.024317 -34.024318 -34.024318 -34.024318
-34.024301 -34.024302 -34.024302 -34.024302 -34.024303 -34.024303 -34.024303 -34.024304 -34.024304 -34.024305 -34.024305 -34.024305 -34.024306 -34.024306 -34.024306 -34.024307 -34.024307 -34.024307 -34.024308 -34.024308 -34.024308 -34.024309 -34.024309 -34.024309 -34.02431 -34.02431 -34.024311 -34.024311 -34.024311 -34.024312 -34.024312 -34.024312 -34.024313 -34.024313 -34.024313 -34.024314 -34.024314 -34.024314 -34.024315 -34.024315 -34.024315 -34.024316 -34.024316 -34.024316 -34.024317 -34.024317 -34.024317 -34.024318 -34.024318 -34.024318 -34.024319 -34.024319 -34.024319 -34.02432 -34.02432 -34.02432 -34.024321
-34.024304 -34.024304 -34.024305 -34.024305 -34.024306 -34.024306 -34.024306 -34.024307 -34.024307 -34.024307 -34.024308 -34.024308 -34.024308 -34.024309 -34.024309 -34.024309 -34.02431 -34.02431 -34.02431 -34.024311 -34.024311 -34.024311 -34.024312 -34.024312 -34.024312 -34.024313 -34.024313 -34.024313 -34.024314 -34.024314 -34.024314 -34.024315 -34.024315 -34.024315 -34.024316 -34.024316 -34.024316 -34.024317 -34.024317 -34.024317 -34.024318 -34.024318 -34.024318 -34.024319 -34.024319 -34.024319 -34.02432 -34.02432 -34.02432 -34.024321 -34.024321 -34.024321 -34.024322 -34.024322 -34.024322 -34.024323 -34.024323
-34.024307 -34.024307 -34.024308 -34.024308 -34.024308 -34.024309 -34.024309 -34.024309 -34.02431 -34.02431 -34.02431 -34.024311 -34.024311 -34.024311 -34.024312 -34.024312 -34.024312 -34.024313 -34.024313 -34.024313 -34.024314 -34.024314 -34.024314 -34.024315 -34.024315 -34.024315 -34.024316 -34.024316 -34.024316 -34.024317 -34.024317 -34.024317 -34.024318 -34.024318 -34.024318 -34.024319 -34.024319 -34.024319 -34.02432 -34.02432 -34.02432 -34.024321 -34.024321 -34.024321 -34.024321 -34.024322 -34.024322 -34.024322 -34.024323 -34.024323 -34.024323 -34.024324 -34.024324 -34.024324 -34.024325 -34.024325 -34.024325
-34.02431 -34.02431 -34.02431 -34.024311 -34.024311 -34.024311 -34.024312 -34.024312 -34.024312 -34.024313 -34.024313 -34.024313 -34.024314 -34.024314 -34.024314 -34.024315 -34.024315 -34.024315 -34.024316 -34.024316 -34.024316 -34.024317 -34.024317 -34.024317 -34.024317 -34.024318 -34.024318 -34.024318 -34.024319 -34.024319 -34.024319 -34.02432 -34.02432 -34.02432 -34.024321 -34.024321 -34.024321 -34.024322 -34.024322 -34.024322 -34.024323 -34.024323 -34.024323 -34.024324 -34.024324 -34.024324 -34.024325 -34.024325 -34.024325 -34.024325 -34.024326 -34.024326 -34.024326 -34.024327 -34.024327 -34.024327 -34.024328
-34.024312 -34.024313 -34.024313 -34.024313 -34.024314 -34.024314 -34.024314 -34.024315 -34.024315 -34.024315 -34.024316 -34.024316 -34.024316 -34.024317 -34.024317 -34.024317 -34.024318 -34.024318 -34.024318 -34.024318 -34.024319 -34.024319 -34.024319 -34.02432 -34.02432 -34.02432 -34.024321 -34.024321 -34.024321 -34.024322 -34.024322 -34.024322 -34.024323 -34.024323 -34.024323 -34.024323 -34.024324 -34.024324 -34.024324 -34.024325 -34.024325 -34.024325 -34.024326 -34.024326 -34.024326 -34.024327 -34.024327 -34.024327 -34.024327 -34.024328 -34.024328 -34.024328 -34.024329 -34.024329 -34.024329 -34.02433 -34.02433
-34.024315 -34.024316 -34.024316 -34.024316 -34.024316 -34.024317 -34.024317 -34.024317 -34.024318 -34.024318 -34.024318 -34.024319 -34.024319 -34.024319 -34.02432 -34.02432 -34.02432 -34.02432 -34.024321 -34.024321 -34.024321 -34.024322 -34.024322 -34.024322 -34.024323 -34.024323 -34.024323 -34.024323 -34.024324 -34.024324 -34.024324 -34.024325 -34.024325 -34.024325 -34.024326 -34.024326 -34.024326 -34.024327 -34.024327 -34.024327 -34.024327 -34.024328 -34.024328 -34.024328 -34.024329 -34.024329 -34.024329 -34.02433 -34.02433 -34.02433 -34.02433 -34.024331 -34.024331 -34.024331 -34.024332 -34.024332 -34.024332
-34.024318 -34.024318 -34.024319 -34.024319 -34.024319 -34.024319 -34.02432 -34.02432 -34.02432 -34.024321 -34.024321 -34.024321 -34.024322 -34.024322 -34.024322 -34.024322 -34.024323 -34.024323 -34.024323 -34.024324 -34.024324 -34.024324 -34.024325 -34.024325 -34.024325 -34.024325 -34.024326 -34.024326 -34.024326 -34.024327 -34.024327 -34.024327 -34.024327 -34.024328 -34.024328 -34.024328 -34.024329 -34.024329 -34.024329 -34.02433 -34.02433 -34.02433 -34.02433 -34.024331 -34.024331 -34.024331 -34.024332 -34.024332 -34.024332 -34.024332 -34.024333 -34.024333 -34.024333 -34.024334 -34.024334 -34.024334 -34.024334
-34.024321 -34.024321 -34.024321 -34.024322 -34.024322 -34.024322 -34.024322 -34.024323 -34.024323 -34.024323 -34.024324 -34.024324 -34.024324 -34.024324 -34.024325 -34.024325 -34.024325 -34.024326 -34.024326 -34.024326 -34.024326 -34.024327 -34.024327 -34.024327 -34.024328 -34.024328 -34.024328 -34.024329 -34.024329 -34.024329 -34.024329 -34.02433 -34.02433 -34.02433 -34.024331 -34.024331 -34.024331 -34.024331 -34.024332 -34.024332 -34.024332 -34.024333 -34.024333 -34.024333 -34.024333 -34.024334 -34.024334 -34.024334 -34.024335 -34.024335 -34.024335 -34.024335 -34.024336 -34.024336 -34.024336 -34.024336 -34.024337
-34.024324 -34.024324 -34.024324 -34.024324 -34.024325 -34.024325 -34.024325 -34.024325 -34.024326 -34.024326 -34.024326 -34.024327 -34.024327 -34.024327 -34.024327 -34.024328 -34.024328 -34.024328 -34.024329 -34.024329 -34.024329 -34.024329 -34.02433 -34.02433 -34.02433 -34.02433 -34.024331 -34.024331 -34.024331 -34.024332 -34.024332 -34.024332 -34.024332 -34.024333 -34.024333 -34.024333 -34.024334 -34.024334 -34.024334 -34.024334 -34.024335 -34.024335 -34.024335 -34.024335 -34.024336 -34.024336 -34.024336 -34.024337 -34.024337 -34.024337 -34.024337 -34.024338 -34.024338 -34.024338 -34.024339 -34.024339 -34.024339
-34.024326 -34.024327 -34.024327 -34.024327 -34.024327 -34.024328 -34.024328 -34.024328 -34.024328 -34.024329 -34.024329 -34.024329 -34.024329 -34.02433 -34.02433 -34.02433 -34.024331 -34.024331 -34.024331 -34.024331 -34.024332 -34.024332 -34.024332 -34.024332 -34.024333 -34.024333 -34.024333 -34.024334 -34.024334 -34.024334 -34.024334 -34.024335 -34.024335 -34.024335 -34.024335 -34.024336 -34.024336 -34.024336 -34.024336 -34.024337 -34.024337 -34.024337 -34.024338 -34.024338 -34.024338 -34.024338 -34.024339 -34.024339 -34.024339 -34.024339 -34.02434 -34.02434 -34.02434 -34.024341 -34.024341 -34.024341 -34.024341
-34.024329 -34.024329 -34.02433 -34.02433 -34.02433 -34.02433 -34.024331 -34.024331 -34.024331 -34.024331 -34.024332 -34.024332 -34.024332 -34.024332 -34.024333 -34.024333 -34.024333 -34.024333 -34.024334 -34.024334 -34.024334 -34.024334 -34.024335 -34.024335 -34.024335 -34.024336 -34.024336 -34.024336 -34.024336 -34.024337 -34.024337 -34.024337 -34.024337 -34.024338 -34.024338 -34.024338 -34.024338 -34.024339 -34.024339 -34.024339 -34.024339 -34.02434 -34.02434 -34.02434 -34.02434 -34.024341 -34.024341 -34.024341 -34.024342 -34.024342 -34.024342 -34.024342 -34.024343 -34.024343 -34.024343 -34.024343 -34.024344
-34.024332 -34.024332 -34.024332 -34.024333 -34.024333 -34.024333 -34.024333 -34.024334 -34.024334 -34.024334 -34.024334 -34.024335 -34.024335 -34.024335 -34.024335 -34.024336 -34.024336 -34.024336 -34.024336 -34.024337 -34.024337 -34.024337 -34.024337 -34.024338 -34.024338 -34.024338 -34.024338 -34.024339 -34.024339 -34.024339 -34.024339 -34.02434 -34.02434 -34.02434 -34.02434 -34.024341 -34.024341 -34.024341 -34.024341 -34.024342 -34.024342 -34.024342 -34.024342 -34.024343 -34.024343 -34.024343 -34.024343 -34.024344 -34.024344 -34.024344 -34.024344 -34.024345 -34.024345 -34.024345 -34.024345 -34.024346 -34.024346
-34.024334 -34.024335 -34.024335 -34.024335 -34.024335 -34.024336 -34.024336 -34.024336 -34.024336 -34.024337 -34.024337 -34.024337 -34.024337 -34.024338 -34.024338 -34.024338 -34.024338 -34.024339 -34.024339 -34.024339 -34.024339 -34.02434 -34.02434 -34.02434 -34.02434 -34.024341 -34.024341 -34.024341 -34.024341 -34.024342 -34.024342 -34.024342 -34.024342 -34.024343 -34.024343 -34.024343 -34.024343 -34.024343 -34.024344 -34.024344 -34.024344 -34.024344 -34.024345 -34.024345 -34.024345 -34.024345 -34.024346 -34.024346 -34.024346 -34.024346 -34.024347 -34.024347 -34.024347 -34.024347 -34.024348 -34.024348 -34.024348
-34.024337 -34.024337 -34.024338 -34.024338 -34.024338 -34.024338 -34.024339 -34.024339 -34.024339 -34.024339 -34.02434 -34.02434 -34.02434 -34.02434 -34.02434 -34.024341 -34.024341 -34.024341 -34.024341 -34.024342 -34.024342 -34.024342 -34.024342 -34.024343 -34.024343 -34.024343 -34.024343 -34.024344 -34.024344 -34.024344 -34.024344 -34.024344 -34.024345 -34.024345 -34.024345 -34.024345 -34.024346 -34.024346 -34.024346 -34.024346 -34.024347 -34.024347 -34.024347 -34.024347 -34.024348 -34.024348 -34.024348 -34.024348 -34.024349 -34.024349 -34.024349 -34.024349 -34.024349 -34.02435 -34.02435 -34.02435 -34.02435
-34.02434 -34.02434 -34.02434 -34.024341 -34.024341 -34.024341 -34.024341 -34.024342 -34.024342 -34.024342 -34.024342 -34.024342 -34.024343 -34.024343 -34.024343 -34.024343 -34.024344 -34.024344 -34.024344 -34.024344 -34.024344 -34.024345 -34.024345 -34.024345 -34.024345 -34.024346 -34.024346 -34.024346 -34.024346 -34.024346 -34.024347 -34.024347 -34.024347 -34.024347 -34.024348 -34.024348 -34.024348 -34.024348 -34.024349 -34.024349 -34.024349 -34.024349 -34.024349 -34.02435 -34.02435 -34.02435 -34.02435 -34.024351 -34.024351 -34.024351 -34.024351 -34.024352 -34.024352 -34.024352 -34.024352 -34.024352 -34.024353
-34.024343 -34.024343 -34.024343 -34.024343 -34.024344 -34.024344 -34.024344 -34.024344 -34.024344 -34.024345 -34.024345 -34.024345 -34.024345 -34.024345 -34.024346 -34.024346 -34.024346 -34.024346 -34.024347 -34.024347 -34.024347 -34.024347 -34.024347 -34.024348 -34.024348 -34.024348 -34.024348 -34.024349 -34.024349 -34.024349 -34.024349 -34.024349 -34.02435 -34.02435 -34.02435 -34.02435 -34.02435 -34.024351 -34.024351 -34.024351 -34.024351 -34.024352 -34.024352 -34.024352 -34.024352 -34.024352 -34.024353 -34.024353 -34.024353 -34.024353 -34.024354 -34.024354 -34.024354 -34.024354 -34.024354 -34.024355 -34.024355
-34.024345 -34.024346 -34.024346 -34.024346 -34.024346 -34.024346 -34.024347 -34.024347 -34.024347 -34.024347 -34.024347 -34.024348 -34.024348 -34.024348 -34.024348 -34.024349 -34.024349 -34.024349 -34.024349 -34.024349 -34.02435 -34.02435 -34.02435 -34.02435 -34.02435 -34.024351 -34.024351 -34.024351 -34.024351 -34.024351 -34.024352 -34.024352 -34.024352 -34.024352 -34.024352 -34.024353 -34.024353 -34.024353 -34.024353 -34.024354 -34.024354 -34.024354 -34.024354 -34.024354 -34.024355 -34.024355 -34.024355 -34.024355 -34.024355 -34.024356 -34.024356 -34.024356 -34.024356 -34.024357 -34.024357 -34.024357 -34.024357
-34.024348 -34.024348 -34.024349 -34.024349 -34.024349 -34.024349 -34.024349 -34.02435 -34.02435 -34.02435 -34.02435 -34.02435 -34.02435 -34.024351 -34.024351 -34.024351 -34.024351 -34.024351 -34.024352 -34.024352 -34.024352 -34.024352 -34.024352 -34.024353 -34.024353 -34.024353 -34.024353 -34.024353 -34.024354 -34.024354 -34.024354 -34.024354 -34.024355 -34.024355 -34.024355 -34.024355 -34.024355 -34.024356 -34.024356 -34.024356 -34.024356 -34.024356 -34.024357 -34.024357 -34.024357 -34.024357 -34.024357 -34.024358 -34.024358 -34.024358 -34.024358 -34.024358 -34.024359 -34.024359 -34.024359 -34.024359 -34.024359
