Cobbity3/QGIS/AVE11.asc
NCOLS 399
NROWS 220
XLLCORNER 150.661
YLLCORNER -34.0268
CELLSIZE 1e-05
NODATA_VALUE -9999
[rows 130 to 155 of 220, columns 300 to 359 of 399]
8.9553555 8.9522344 8.9491358 8.9460596 8.9430057 8.9399739 8.9369639 8.9339755 8.9310087 8.9280631 8.9251386 8.922235 8.9193522 8.9164899 8.913648 8.9108263 8.9080245 8.9052426 8.9024804 8.8997376 8.8970142 8.8943099 8.8916245 8.888958 8.88631 8.8836806 8.8810695 8.8784765 8.8759015 8.8733443 8.8708049 8.8682829 8.8657784 8.863291 8.8608208 8.8583674 8.8559309 8.853511 8.8511076 8.8487206 8.8463498 8.8439951 8.8416564 8.8393335 8.8370262 8.8347346 8.8324584 8.8301975 8.8279518 8.8257211 8.8235054 8.8213045 8.8191184 8.8169468 8.8147897 8.8126469 8.8105184 8.808404 8.8063037 8.8042172
8.9563514 8.9532471 8.9501649 8.9471046 8.9440661 8.9410492 8.9380536 8.9350793 8.9321261 8.9291937 8.926282 8.9233908 8.92052 8.9176693 8.9148387 8.9120279 8.9092367 8.9064651 8.9037127 8.9009796 8.8982654 8.8955701 8.8928935 8.8902354 8.8875956 8.8849741 8.8823706 8.879785 8.8772171 8.8746669 8.872134 8.8696185 8.8671202 8.8646388 8.8621744 8.8597266 8.8572954 8.8548807 8.8524823 8.8501001 8.847734 8.8453837 8.8430493 8.8407305 8.8384272 8.8361393 8.8338668 8.8316094 8.829367 8.8271395 8.8249269 8.8227289 8.8205455 8.8183766 8.816222 8.8140816 8.8119554 8.8098432 8.8077449 8.8056603
8.9572944 8.9542077 8.9511425 8.9480988 8.9450764 8.942075 8.9390946 8.9361349 8.9331959 8.9302773 8.927379 8.9245008 8.9216425 8.9188041 8.9159852 8.9131859 8.9104059 8.907645 8.9049031 8.9021801 8.8994757 8.8967899 8.8941224 8.8914732 8.8888421 8.8862289 8.8836335 8.8810557 8.8784954 8.8759525 8.8734267 8.870918 8.8684263 8.8659513 8.863493 8.8610512 8.8586258 8.8562167 8.8538236 8.8514466 8.8490854 8.84674 8.8444101 8.8420958 8.8397968 8.8375131 8.8352445 8.8329908 8.8307521 8.8285282 8.8263189 8.8241241 8.8219438 8.8197778 8.817626 8.8154884 8.8133647 8.8112549 8.8091589 8.8070765
8.9581854 8.9551169 8.9520695 8.949043 8.9460372 8.9430521 8.9400874 8.937143 8.9342188 8.9313146 8.9284302 8.9255655 8.9227204 8.9198947 8.9170882 8.9143009 8.9115325 8.9087829 8.9060519 8.9033395 8.9006454 8.8979696 8.8953118 8.8926719 8.8900499 8.8874454 8.8848585 8.882289 8.8797367 8.8772015 8.8746832 8.8721818 8.8696971 8.8672289 8.8647771 8.8623417 8.8599224 8.8575192 8.8551318 8.8527603 8.8504045 8.8480642 8.8457393 8.8434297 8.8411353 8.838856 8.8365917 8.8343422 8.8321074 8.8298873 8.8276817 8.8254904 8.8233135 8.8211507 8.819002 8.8168673 8.8147464 8.8126393 8.8105459 8.808466
8.959025 8.9559755 8.9529464 8.9499378 8.9469493 8.943981 8.9410327 8.9381042 8.9351953 8.9323061 8.9294362 8.9265856 8.9237542 8.9209418 8.9181482 8.9153733 8.9126171 8.9098792 8.9071597 8.9044584 8.901775 8.8991096 8.8964619 8.8938319 8.8912194 8.8886242 8.8860462 8.8834853 8.8809414 8.8784143 8.875904 8.8734102 8.8709328 8.8684718 8.866027 8.8635982 8.8611854 8.8587885 8.8564072 8.8540416 8.8516914 8.8493566 8.847037 8.8447325 8.8424431 8.8401685 8.8379088 8.8356637 8.8334332 8.8312171 8.8290155 8.826828 8.8246547 8.8224954 8.8203501 8.8182186 8.8161009 8.8139967 8.8119061 8.809829
8.9598141 8.9567841 8.9537741 8.9507839 8.9478134 8.9448625 8.9419311 8.939019 8.9361262 8.9332524 8.9303976 8.9275617 8.9247445 8.9219458 8.9191656 8.9164038 8.9136601 8.9109346 8.9082269 8.9055371 8.902865 8.9002105 8.8975734 8.8949536 8.892351 8.8897654 8.8871968 8.884645 8.8821099 8.8795914 8.8770893 8.8746035 8.8721339 8.8696804 8.8672429 8.8648212 8.8624153 8.8600249 8.8576501 8.8552907 8.8529465 8.8506175 8.8483035 8.8460045 8.8437203 8.8414508 8.8391959 8.8369556 8.8347296 8.832518 8.8303205 8.8281371 8.8259678 8.8238123 8.8216706 8.8195426 8.8174282 8.8153273 8.8132398 8.8111656
8.9605534 8.9575436 8.9545532 8.9515821 8.9486302 8.9456973 8.9427834 8.9398883 8.937012 8.9341543 8.9313151 8.9284943 8.9256917 8.9229074 8.9201411 8.9173928 8.9146622 8.9119494 8.9092541 8.9065763 8.9039159 8.9012727 8.8986466 8.8960374 8.8934452 8.8908697 8.8883109 8.8857685 8.8832426 8.880733 8.8782396 8.8757622 8.8733008 8.8708552 8.8684253 8.866011 8.8636123 8.8612289 8.8588608 8.8565079 8.8541701 8.8518472 8.8495391 8.8472458 8.8449672 8.8427031 8.8404534 8.8382181 8.835997 8.83379 8.8315971 8.8294181 8.8272529 8.8251015 8.8229637 8.8208395 8.8187287 8.8166313 8.8145471 8.8124762
8.9612437 8.9582547 8.9552846 8.9523331 8.9494003 8.946486 8.9435901 8.9407126 8.9378533 8.9350122 8.9321891 8.929384 8.9265967 8.9238271 8.9210752 8.9183408 8.9156239 8.9129242 8.9102418 8.9075764 8.9049281 8.9022966 8.8996819 8.8970839 8.8945024 8.8919374 8.8893887 8.8868563 8.8843399 8.8818396 8.8793552 8.8768866 8.8744337 8.8719963 8.8695744 8.8671679 8.8647767 8.8624007 8.8600397 8.8576936 8.8553624 8.853046 8.8507442 8.848457 8.8461842 8.8439257 8.8416815 8.8394515 8.8372355 8.8350335 8.8328454 8.830671 8.8285104 8.8263633 8.8242296 8.8221094 8.8200025 8.8179089 8.8158283 8.8137608
8.9618858 8.9589183 8.9559689 8.9530377 8.9501245 8.9472293 8.944352 8.9414926 8.9386509 8.9358268 8.9330204 8.9302314 8.9274598 8.9247055 8.9219685 8.9192485 8.9165456 8.9138596 8.9111904 8.9085379 8.9059021 8.9032828 8.90068 8.8980934 8.8955231 8.892969 8.8904308 8.8879086 8.8854022 8.8829116 8.8804366 8.8779771 8.875533 8.8731043 8.8706907 8.8682924 8.865909 8.8635406 8.861187 8.8588481 8.8565239 8.8542142 8.851919 8.8496381 8.8473714 8.845119 8.8428806 8.8406561 8.8384456 8.8362488 8.8340657 8.8318963 8.8297403 8.8275978 8.8254686 8.8233527 8.82125 8.8191603 8.8170836 8.8150198
8.9624806 8.959535 8.956607 8.9536965 8.9508035 8.947928 8.9450698 8.942229 8.9394053 8.9365989 8.9338095 8.9310372 8.9282817 8.9255432 8.9228214 8.9201164 8.9174279 8.914756 8.9121005 8.9094613 8.9068384 8.9042317 8.9016411 8.8990665 8.8965077 8.8939648 8.8914376 8.888926 8.88643 8.8839493 8.8814841 8.879034 8.8765992 8.8741794 8.8717745 8.8693846 8.8670094 8.864649 8.8623031 8.8599717 8.8576548 8.8553521 8.8530638 8.8507895 8.8485293 8.8462831 8.8440508 8.8418322 8.8396273 8.8374361 8.8352584 8.8330941 8.8309431 8.8288054 8.826681 8.8245696 8.8224712 8.8203857 8.8183131 8.8162533
8.9630287 8.9601056 8.9571995 8.9543104 8.9514381 8.9485828 8.9457442 8.9429224 8.9401173 8.9373289 8.9345571 8.9318019 8.9290631 8.9263407 8.9236347 8.9209449 8.9182714 8.9156139 8.9129725 8.9103471 8.9077376 8.9051439 8.9025659 8.9000035 8.8974567 8.8949254 8.8924095 8.8899089 8.8874235 8.8849533 8.8824981 8.8800579 8.8776326 8.875222 8.8728262 8.870445 8.8680784 8.8657262 8.8633883 8.8610648 8.8587554 8.8564601 8.8541789 8.8519116 8.8496581 8.8474184 8.8451924 8.84298 8.8407811 8.8385956 8.8364235 8.8342646 8.8321189 8.8299864 8.8278668 8.8257602 8.8236664 8.8215854 8.8195171 8.8174615
8.9635312 8.9606311 8.9577474 8.9548801 8.952029 8.9491943 8.9463758 8.9435736 8.9407876 8.9380177 8.9352639 8.9325262 8.9298045 8.9270987 8.9244089 8.9217349 8.9190766 8.9164341 8.9138072 8.9111959 8.9086 8.9060197 8.9034547 8.900905 8.8983705 8.8958512 8.8933469 8.8908576 8.8883833 8.8859238 8.883479 8.881049 8.8786335 8.8762326 8.8738461 8.871474 8.8691162 8.8667725 8.864443 8.8621276 8.8598261 8.8575384 8.8552646 8.8530045 8.8507581 8.8485252 8.8463058 8.8440998 8.8419071 8.8397277 8.8375614 8.8354082 8.8332681 8.8311408 8.8290264 8.8269248 8.8248359 8.8227597 8.8206959 8.8186447
8.9639887 8.9611122 8.9582514 8.9554063 8.952577 8.9497634 8.9469655 8.9441833 8.9414167 8.9386658 8.9359305 8.9332107 8.9305065 8.9278178 8.9251445 8.9224866 8.9198441 8.9172169 8.9146049 8.912008 8.9094263 8.9068597 8.9043081 8.9017714 8.8992496 8.8967426 8.8942503 8.8917727 8.8893098 8.8868613 8.8844273 8.8820077 8.8796025 8.8772115 8.8748346 8.8724719 8.8701232 8.8677884 8.8654675 8.8631605 8.8608671 8.8585874 8.8563213 8.8540687 8.8518296 8.8496037 8.8473912 8.8451919 8.8430057 8.8408326 8.8386724 8.8365251 8.8343907 8.8322691 8.8301601 8.8280638 8.8259799 8.8239086 8.8218497 8.819803
8.9644022 8.9615497 8.9587122 8.9558899 8.9530828 8.9502907 8.9475138 8.9447521 8.9420054 8.9392739 8.9365575 8.9338561 8.9311698 8.9284985 8.9258422 8.9232009 8.9205744 8.9179629 8.9153661 8.9127842 8.910217 8.9076644 8.9051265 8.9026032 8.9000944 8.8976001 8.8951202 8.8926546 8.8902033 8.8877663 8.8853434 8.8829346 8.8805398 8.878159 8.8757921 8.873439 8.8710997 8.8687741 8.8664622 8.8641638 8.8618789 8.8596074 8.8573493 8.8551044 8.8528728 8.8506543 8.8484489 8.8462566 8.8440771 8.8419105 8.8397567 8.8376156 8.8354872 8.8333714 8.8312681 8.8291772 8.8270987 8.8250325 8.8229786 8.8209368
8.9647724 8.9619444 8.9591308 8.9563317 8.9535471 8.9507771 8.9480216 8.9452807 8.9425544 8.9398427 8.9371455 8.934463 8.931795 8.9291415 8.9265026 8.9238781 8.9212682 8.9186727 8.9160916 8.9135248 8.9109725 8.9084344 8.9059106 8.9034009 8.9009055 8.8984242 8.8959569 8.8935037 8.8910644 8.888639 8.8862275 8.8838298 8.8814459 8.8790756 8.8767189 8.8743758 8.8720462 8.8697301 8.8674273 8.8651379 8.8628617 8.8605987 8.8583488 8.856112 8.8538882 8.8516773 8.8494793 8.8472941 8.8451216 8.8429618 8.8408146 8.8386799 8.8365578 8.834448 8.8323505 8.8302654 8.8281924 8.8261316 8.8240829 8.8220462
8.9651003 8.9622972 8.9595078 8.9567323 8.9539708 8.9512232 8.9484895 8.9457699 8.9430644 8.9403728 8.9376954 8.935032 8.9323827 8.9297474 8.9271262 8.924519 8.9219259 8.9193468 8.9167817 8.9142305 8.9116933 8.90917 8.9066606 8.904165 8.9016833 8.8992153 8.896761 8.8943204 8.8918934 8.8894801 8.8870803 8.884694 8.8823211 8.8799616 8.8776155 8.8752827 8.8729631 8.8706566 8.8683633 8.8660831 8.8638159 8.8615616 8.8593203 8.8570917 8.854876 8.8526729 8.8504826 8.8483048 8.8461395 8.8439867 8.8418464 8.8397184 8.8376026 8.8354991 8.8334078 8.8313286 8.8292614 8.8272062 8.8251629 8.8231315
8.9653867 8.9626088 8.9598442 8.9570927 8.9543546 8.9516298 8.9489184 8.9462204 8.943536 8.940865 8.9382076 8.9355638 8.9329335 8.9303168 8.9277137 8.9251241 8.9225482 8.9199858 8.917437 8.9149018 8.9123801 8.9098719 8.9073772 8.904896 8.9024282 8.8999738 8.8975329 8.8951052 8.8926909 8.8902898 8.887902 8.8855274 8.8831659 8.8808175 8.8784822 8.8761599 8.8738505 8.8715541 8.8692705 8.8669998 8.8647418 8.8624965 8.8602639 8.8580439 8.8558365 8.8536415 8.851459 8.8492889 8.8471311 8.8449856 8.8428523 8.8407311 8.8386221 8.8365251 8.8344401 8.832367 8.8303058 8.8282564 8.8262188 8.8241929
8.9656323 8.9628802 8.9601406 8.9574136 8.9546992 8.9519976 8.9493089 8.946633 8.94397 8.94132 8.938683 8.936059 8.9334481 8.9308503 8.9282656 8.9256941 8.9231356 8.9205903 8.9180582 8.9155392 8.9130333 8.9105405 8.9080609 8.9055943 8.9031408 8.9007004 8.898273 8.8958586 8.8934572 8.8910687 8.8886931 8.8863305 8.8839806 8.8816436 8.8793194 8.8770079 8.874709 8.8724229 8.8701493 8.8678883 8.8656398 8.8634038 8.8611802 8.8589689 8.85677 8.8545834 8.852409 8.8502468 8.8480967 8.8459586 8.8438326 8.8417186 8.8396164 8.8375262 8.8354477 8.833381 8.831326 8.8292826 8.8272508 8.8252306
8.9658382 8.9631122 8.960398 8.9576958 8.9550056 8.9523275 8.9496617 8.9470082 8.944367 8.9417383 8.939122 8.9365183 8.9339271 8.9313486 8.9287827 8.9262294 8.9236888 8.9211609 8.9186457 8.9161432 8.9136535 8.9111764 8.9087121 8.9062605 8.9038216 8.9013954 8.8989819 8.896581 8.8941927 8.8918171 8.8894541 8.8871037 8.8847658 8.8824404 8.8801275 8.877827 8.875539 8.8732633 8.871 8.8687489 8.8665102 8.8642836 8.8620693 8.8598671 8.8576769 8.8554989 8.8533328 8.8511787 8.8490365 8.8469062 8.8447877 8.8426809 8.8405859 8.8385026 8.8364308 8.8343707 8.8323221 8.8302849 8.8282592 8.8262448
8.9660052 8.9633056 8.9606172 8.9579401 8.9552744 8.9526202 8.9499777 8.9473469 8.9447279 8.9421208 8.9395256 8.9369424 8.9343713 8.9318122 8.9292654 8.9267307 8.9242082 8.921698 8.9192001 8.9167144 8.9142411 8.9117801 8.9093314 8.906895 8.904471 8.9020593 8.8996599 8.8972728 8.8948981 8.8925356 8.8901854 8.8878474 8.8855217 8.8832082 8.8809068 8.8786177 8.8763407 8.8740757 8.8718229 8.8695821 8.8673533 8.8651365 8.8629316 8.8607386 8.8585575 8.8563882 8.8542307 8.8520849 8.8499509 8.8478285 8.8457177 8.8436185 8.8415308 8.8394546 8.8373898 8.8353364 8.8332944 8.8312637 8.8292442 8.8272359
8.9661341 8.9634612 8.9607989 8.9581473 8.9555064 8.9528765 8.9502575 8.9476498 8.9450532 8.942468 8.9398942 8.9373319 8.9347811 8.9322419 8.9297144 8.9271986 8.9246946 8.9222024 8.919722 8.9172534 8.9147968 8.9123521 8.9099193 8.9074984 8.9050895 8.9026926 8.9003076 8.8979346 8.8955735 8.8932244 8.8908873 8.8885621 8.8862488 8.8839474 8.8816579 8.8793803 8.8771145 8.8748606 8.8726185 8.8703881 8.8681695 8.8659626 8.8637675 8.8615839 8.8594121 8.8572518 8.855103 8.8529658 8.8508401 8.8487258 8.846623 8.8445315 8.8424513 8.8403824 8.8383248 8.8362784 8.8342432 8.832219 8.830206 8.828204
8.9662257 8.96358 8.9609441 8.9583182 8.9557024 8.953097 8.950502 8.9479176 8.9453438 8.9427808 8.9402286 8.9376874 8.9351573 8.9326382 8.9301304 8.9276337 8.9251484 8.9226744 8.9202119 8.9177607 8.9153211 8.9128929 8.9104762 8.9080712 8.9056777 8.9032957 8.9009254 8.8985667 8.8962196 8.8938842 8.8915603 8.8892481 8.8869475 8.8846585 8.882381 8.8801152 8.8778609 8.8756182 8.873387 8.8711674 8.8689592 8.8667625 8.8645772 8.8624034 8.8602409 8.8580898 8.8559501 8.8538216 8.8517045 8.8495985 8.8475038 8.8454202 8.8433478 8.8412865 8.8392362 8.8371969 8.8351687 8.8331513 8.8311449 8.8291494
8.9662811 8.9636627 8.9610535 8.9584536 8.9558633 8.9532826 8.9507118 8.948151 8.9456002 8.9430597 8.9405295 8.9380097 8.9355005 8.9330018 8.9305139 8.9280367 8.9255703 8.9231149 8.9206704 8.9182369 8.9158144 8.9134031 8.9110028 8.9086138 8.9062359 8.9038693 8.9015139 8.8991697 8.8968368 8.8945152 8.8922049 8.8899059 8.8876182 8.8853418 8.8830766 8.8808228 8.8785803 8.876349 8.874129 8.8719202 8.8697226 8.8675363 8.8653612 8.8631972 8.8610444 8.8589028 8.8567722 8.8546527 8.8525443 8.8504469 8.8483605 8.846285 8.8442205 8.8421669 8.8401241 8.8380922 8.8360711 8.8340608 8.8320612 8.8300723
8.966301 8.9637102 8.9611279 8.9585544 8.9559897 8.9534341 8.9508878 8.9483508 8.9458233 8.9433056 8.9407975 8.9382994 8.9358113 8.9333333 8.9308655 8.928408 8.9259609 8.9235242 8.921098 8.9186824 8.9162774 8.9138831 8.9114996 8.9091268 8.9067648 8.9044136 8.9020734 8.899744 8.8974255 8.895118 8.8928215 8.8905359 8.8882613 8.8859977 8.8837451 8.8815035 8.8792729 8.8770533 8.8748446 8.8726469 8.8704603 8.8682845 8.8661197 8.8639658 8.8618229 8.8596908 8.8575697 8.8554593 8.8533598 8.8512711 8.8491932 8.8471261 8.8450697 8.843024 8.840989 8.8389646 8.8369508 8.8349477 8.832955 8.8309729
8.9662862 8.9637233 8.9611683 8.9586213 8.9560825 8.9535522 8.9510306 8.9485177 8.9460138 8.943519 8.9410334 8.9385572 8.9360905 8.9336334 8.931186 8.9287484 8.9263207 8.923903 8.9214954 8.9190979 8.9167106 8.9143336 8.9119669 8.9096106 8.9072647 8.9049293 8.9026044 8.90029 8.8979863 8.8956931 8.8934105 8.8911386 8.8888773 8.8866268 8.8843869 8.8821577 8.8799392 8.8777314 8.8755344 8.873348 8.8711724 8.8690074 8.8668531 8.8647096 8.8625766 8.8604544 8.8583428 8.8562418 8.8541514 8.8520717 8.8500025 8.8479438 8.8458957 8.8438581 8.8418309 8.8398143 8.837808 8.8358122 8.8338267 8.8318516
8.9662378 8.963703 8.9611753 8.9586551 8.9561425 8.9536377 8.951141 8.9486524 8.9461723 8.9437007 8.9412378 8.9387837 8.9363386 8.9339026 8.9314759 8.9290584 8.9266504 8.9242519 8.9218631 8.9194839 8.9171146 8.914755 8.9124055 8.9100658 8.9077363 8.9054168 8.9031075 8.9008083 8.8985194 8.8962407 8.8939724 8.8917143 8.8894666 8.8872293 8.8850023 8.8827857 8.8805796 8.8783839 8.8761986 8.8740237 8.8718593 8.8697053 8.8675618 8.8654287 8.863306 8.8611937 8.8590919 8.8570004 8.8549194 8.8528487 8.8507884 8.8487384 8.8466987 8.8446694 8.8426503 8.8406415 8.838643 8.8366546 8.8346765 8.8327085
