Cobbity3/QGIS/AVE11_run1.asc
NCOLS 800
NROWS 450
XLLCORNER 150.66
YLLCORNER -34.028
CELLSIZE 1e-05
NODATA_VALUE -9999
[rows 175 to 199 of 450, columns 342 to 398 of 800]
-34.025183 -34.025183 -34.025182 -34.025181 -34.02518 -34.025179 -34.025178 -34.025178 -34.025177 -34.025176 -34.025175 -34.025175 -34.025174 -34.025173 -34.025172 -34.025172 -34.025171 -34.02517 -34.02517 -34.025169 -34.025168 -34.025167 -34.025167 -34.025166 -34.025165 -34.025164 -34.025163 -34.025162 -34.025162 -34.025161 -34.02516 -34.025159 -34.025158 -34.025157 -34.025156 -34.025155 -34.025154 -34.025153 -34.025152 -34.025151 -34.02515 -34.025149 -34.025148 -34.025147 -34.025146 -34.025145 -34.025144 -34.025143 -34.025141 -34.02514 -34.025139 -34.025138 -34.025136 -34.025135 -34.025134 -34.025133 -34.025131
-34.02519 -34.025189 -34.025189 -34.025188 -34.025187 -34.025186 -34.025185 -34.025184 -34.025183 -34.025182 -34.025182 -34.025181 -34.02518 -34.025179 -34.025178 -34.025178 -34.025177 -34.025176 -34.025175 -34.025174 -34.025174 -34.025173 -34.025172 -34.025171 -34.02517 -34.02517 -34.025169 -34.025168 -34.025167 -34.025166 -34.025165 -34.025164 -34.025163 -34.025162 -34.025161 -34.02516 -34.025159 -34.025158 -34.025157 -34.025156 -34.025155 -34.025154 -34.025153 -34.025152 -34.025151 -34.025149 -34.025148 -34.025147 -34.025146 -34.025145 -34.025143 -34.025142 -34.025141 -34.02514 -34.025138 -34.025137 -34.025136
-34.025197 -34.025196 -34.025195 -34.025194 -34.025193 -34.025192 -34.025191 -34.025191 -34.02519 -34.025189 -34.025188 -34.025187 -34.025186 -34.025185 -34.025184 -34.025184 -34.025183 -34.025182 -34.025181 -34.02518 -34.025179 -34.025178 -34.025178 -34.025177 -34.025176 -34.025175 -34.025174 -34.025173 -34.025172 -34.025171 -34.02517 -34.025169 -34.025168 -34.025167 -34.025166 -34.025165 -34.025164 -34.025163 -34.025162 -34.025161 -34.02516 -34.025159 -34.025158 -34.025156 -34.025155 -34.025154 -34.025153 -34.025152 -34.02515 -34.025149 -34.025148 -34.025147 -34.025145 -34.025144 -34.025143 -34.025141 -34.02514
-34.025204 -34.025203 -34.025202 -34.025201 -34.0252 -34.025199 -34.025198 -34.025197 -34.025196 -34.025195 -34.025194 -34.025193 -34.025192 -34.025191 -34.02519 -34.02519 -34.025189 -34.025188 -34.025187 -34.025186 -34.025185 -34.025184 -34.025183 -34.025182 -34.025181 -34.02518 -34.025179 -34.025178 -34.025177 -34.025176 -34.025175 -34.025174 -34.025173 -34.025172 -34.025171 -34.02517 -34.025169 -34.025168 -34.025167 -34.025166 -34.025165 -34.025163 -34.025162 -34.025161 -34.02516 -34.025159 -34.025157 -34.025156 -34.025155 -34.025154 -34.025152 -34.025151 -34.02515 -34.025148 -34.025147 -34.025146 -34.025144
-34.025211 -34.02521 -34.025209 -34.025208 -34.025207 -34.025206 -34.025204 -34.025203 -34.025202 -34.025201 -34.0252 -34.025199 -34.025198 -34.025197 -34.025196 -34.025195 -34.025194 -34.025193 -34.025193 -34.025192 -34.025191 -34.02519 -34.025189 -34.025188 -34.025187 -34.025186 -34.025185 -34.025184 -34.025183 -34.025182 -34.02518 -34.025179 -34.025178 -34.025177 -34.025176 -34.025175 -34.025174 -34.025173 -34.025172 -34.02517 -34.025169 -34.025168 -34.025167 -34.025166 -34.025164 -34.025163 -34.025162 -34.025161 -34.025159 -34.025158 -34.025157 -34.025155 -34.025154 -34.025153 -34.025151 -34.02515 -34.025149
-34.025218 -34.025217 -34.025216 -34.025214 -34.025213 -34.025212 -34.025211 -34.02521 -34.025209 -34.025208 -34.025207 -34.025205 -34.025204 -34.025203 -34.025202 -34.025201 -34.0252 -34.025199 -34.025198 -34.025197 -34.025196 -34.025195 -34.025194 -34.025193 -34.025192 -34.025191 -34.02519 -34.025189 -34.025188 -34.025187 -34.025186 -34.025185 -34.025183 -34.025182 -34.025181 -34.02518 -34.025179 -34.025178 -34.025176 -34.025175 -34.025174 -34.025173 -34.025172 -34.02517 -34.025169 -34.025168 -34.025167 -34.025165 -34.025164 -34.025163 -34.025161 -34.02516 -34.025159 -34.025157 -34.025156 -34.025154 -34.025153
-34.025225 -34.025224 -34.025222 -34.025221 -34.02522 -34.025219 -34.025217 -34.025216 -34.025215 -34.025214 -34.025213 -34.025212 -34.02521 -34.025209 -34.025208 -34.025207 -34.025206 -34.025205 -34.025204 -34.025203 -34.025202 -34.025201 -34.0252 -34.025199 -34.025197 -34.025196 -34.025195 -34.025194 -34.025193 -34.025192 -34.025191 -34.02519 -34.025188 -34.025187 -34.025186 -34.025185 -34.025184 -34.025182 -34.025181 -34.02518 -34.025179 -34.025178 -34.025176 -34.025175 -34.025174 -34.025172 -34.025171 -34.02517 -34.025168 -34.025167 -34.025166 -34.025164 -34.025163 -34.025161 -34.02516 -34.025159 -34.025157
-34.025232 -34.02523 -34.025229 -34.025228 -34.025226 -34.025225 -34.025224 -34.025223 -34.025221 -34.02522 -34.025219 -34.025218 -34.025217 -34.025215 -34.025214 -34.025213 -34.025212 -34.025211 -34.02521 -34.025208 -34.025207 -34.025206 -34.025205 -34.025204 -34.025203 -34.025202 -34.025201 -34.025199 -34.025198 -34.025197 -34.025196 -34.025195 -34.025193 -34.025192 -34.025191 -34.02519 -34.025189 -34.025187 -34.025186 -34.025185 -34.025184 -34.025182 -34.025181 -34.02518 -34.025178 -34.025177 -34.025176 -34.025174 -34.025173 -34.025172 -34.02517 -34.025169 -34.025167 -34.025166 -34.025164 -34.025163 -34.025161
-34.025238 -34.025237 -34.025236 -34.025234 -34.025233 -34.025231 -34.02523 -34.025229 -34.025228 -34.025226 -34.025225 -34.025224 -34.025223 -34.025221 -34.02522 -34.025219 -34.025218 -34.025217 -34.025215 -34.025214 -34.025213 -34.025212 -34.025211 -34.025209 -34.025208 -34.025207 -34.025206 -34.025205 -34.025203 -34.025202 -34.025201 -34.0252 -34.025198 -34.025197 -34.025196 -34.025195 -34.025193 -34.025192 -34.025191 -34.02519 -34.025188 -34.025187 -34.025186 -34.025184 -34.025183 -34.025182 -34.02518 -34.025179 -34.025177 -34.025176 -34.025175 -34.025173 -34.025172 -34.02517 -34.025169 -34.025167 -34.025166
-34.025245 -34.025244 -34.025242 -34.025241 -34.025239 -34.025238 -34.025236 -34.025235 -34.025234 -34.025232 -34.025231 -34.02523 -34.025229 -34.025227 -34.025226 -34.025225 -34.025223 -34.025222 -34.025221 -34.02522 -34.025218 -34.025217 -34.025216 -34.025215 -34.025214 -34.025212 -34.025211 -34.02521 -34.025209 -34.025207 -34.025206 -34.025205 -34.025203 -34.025202 -34.025201 -34.0252 -34.025198 -34.025197 -34.025196 -34.025194 -34.025193 -34.025192 -34.02519 -34.025189 -34.025187 -34.025186 -34.025185 -34.025183 -34.025182 -34.02518 -34.025179 -34.025177 -34.025176 -34.025175 -34.025173 -34.025172 -34.02517
-34.025252 -34.02525 -34.025249 -34.025247 -34.025246 -34.025244 -34.025243 -34.025241 -34.02524 -34.025239 -34.025237 -34.025236 -34.025235 -34.025233 -34.025232 -34.025231 -34.025229 -34.025228 -34.025227 -34.025225 -34.025224 -34.025223 -34.025221 -34.02522 -34.025219 -34.025218 -34.025216 -34.025215 -34.025214 -34.025212 -34.025211 -34.02521 -34.025208 -34.025207 -34.025206 -34.025204 -34.025203 -34.025202 -34.0252 -34.025199 -34.025198 -34.025196 -34.025195 -34.025193 -34.025192 -34.025191 -34.025189 -34.025188 -34.025186 -34.025185 -34.025183 -34.025182 -34.02518 -34.025179 -34.025177 -34.025176 -34.025174
-34.025258 -34.025257 -34.025255 -34.025254 -34.025252 -34.025251 -34.025249 -34.025248 -34.025246 -34.025245 -34.025243 -34.025242 -34.02524 -34.025239 -34.025238 -34.025236 -34.025235 -34.025234 -34.025232 -34.025231 -34.02523 -34.025228 -34.025227 -34.025226 -34.025224 -34.025223 -34.025222 -34.02522 -34.025219 -34.025218 -34.025216 -34.025215 -34.025213 -34.025212 -34.025211 -34.025209 -34.025208 -34.025207 -34.025205 -34.025204 -34.025202 -34.025201 -34.0252 -34.025198 -34.025197 -34.025195 -34.025194 -34.025192 -34.025191 -34.025189 -34.025188 -34.025186 -34.025185 -34.025183 -34.025182 -34.02518 -34.025178
-34.025265 -34.025263 -34.025262 -34.02526 -34.025259 -34.025257 -34.025255 -34.025254 -34.025252 -34.025251 -34.025249 -34.025248 -34.025246 -34.025245 -34.025244 -34.025242 -34.025241 -34.025239 -34.025238 -34.025236 -34.025235 -34.025234 -34.025232 -34.025231 -34.02523 -34.025228 -34.025227 -34.025225 -34.025224 -34.025223 -34.025221 -34.02522 -34.025218 -34.025217 -34.025216 -34.025214 -34.025213 -34.025211 -34.02521 -34.025209 -34.025207 -34.025206 -34.025204 -34.025203 -34.025201 -34.0252 -34.025198 -34.025197 -34.025195 -34.025194 -34.025192 -34.025191 -34.025189 -34.025187 -34.025186 -34.025184 -34.025183
-34.025272 -34.02527 -34.025268 -34.025267 -34.025265 -34.025263 -34.025262 -34.02526 -34.025258 -34.025257 -34.025255 -34.025254 -34.025252 -34.025251 -34.025249 -34.025248 -34.025246 -34.025245 -34.025243 -34.025242 -34.025241 -34.025239 -34.025238 -34.025236 -34.025235 -34.025233 -34.025232 -34.025231 -34.025229 -34.025228 -34.025226 -34.025225 -34.025223 -34.025222 -34.025221 -34.025219 -34.025218 -34.025216 -34.025215 -34.025213 -34.025212 -34.02521 -34.025209 -34.025207 -34.025206 -34.025204 -34.025203 -34.025201 -34.0252 -34.025198 -34.025196 -34.025195 -34.025193 -34.025192 -34.02519 -34.025189 -34.025187
-34.025278 -34.025276 -34.025275 -34.025273 -34.025271 -34.025269 -34.025268 -34.025266 -34.025265 -34.025263 -34.025261 -34.02526 -34.025258 -34.025257 -34.025255 -34.025254 -34.025252 -34.025251 -34.025249 -34.025248 -34.025246 -34.025245 -34.025243 -34.025242 -34.02524 -34.025239 -34.025237 -34.025236 -34.025234 -34.025233 -34.025231 -34.02523 -34.025228 -34.025227 -34.025225 -34.025224 -34.025222 -34.025221 -34.025219 -34.025218 -34.025216 -34.025215 -34.025213 -34.025212 -34.02521 -34.025209 -34.025207 -34.025206 -34.025204 -34.025202 -34.025201 -34.025199 -34.025198 -34.025196 -34.025194 -34.025193 -34.025191
-34.025285 -34.025283 -34.025281 -34.025279 -34.025277 -34.025276 -34.025274 -34.025272 -34.025271 -34.025269 -34.025267 -34.025266 -34.025264 -34.025262 -34.025261 -34.025259 -34.025258 -34.025256 -34.025255 -34.025253 -34.025252 -34.02525 -34.025248 -34.025247 -34.025245 -34.025244 -34.025242 -34.025241 -34.025239 -34.025238 -34.025236 -34.025235 -34.025233 -34.025232 -34.02523 -34.025229 -34.025227 -34.025226 -34.025224 -34.025223 -34.025221 -34.025219 -34.025218 -34.025216 -34.025215 -34.025213 -34.025212 -34.02521 -34.025208 -34.025207 -34.025205 -34.025204 -34.025202 -34.0252 -34.025199 -34.025197 -34.025195
-34.025291 -34.025289 -34.025287 -34.025286 -34.025284 -34.025282 -34.02528 -34.025278 -34.025277 -34.025275 -34.025273 -34.025272 -34.02527 -34.025268 -34.025267 -34.025265 -34.025263 -34.025262 -34.02526 -34.025259 -34.025257 -34.025255 -34.025254 -34.025252 -34.025251 -34.025249 -34.025248 -34.025246 -34.025244 -34.025243 -34.025241 -34.02524 -34.025238 -34.025237 -34.025235 -34.025234 -34.025232 -34.02523 -34.025229 -34.025227 -34.025226 -34.025224 -34.025223 -34.025221 -34.025219 -34.025218 -34.025216 -34.025214 -34.025213 -34.025211 -34.02521 -34.025208 -34.025206 -34.025205 -34.025203 -34.025201 -34.0252
-34.025298 -34.025296 -34.025294 -34.025292 -34.02529 -34.025288 -34.025286 -34.025284 -34.025283 -34.025281 -34.025279 -34.025277 -34.025276 -34.025274 -34.025272 -34.025271 -34.025269 -34.025267 -34.025266 -34.025264 -34.025262 -34.025261 -34.025259 -34.025258 -34.025256 -34.025254 -34.025253 -34.025251 -34.02525 -34.025248 -34.025246 -34.025245 -34.025243 -34.025242 -34.02524 -34.025238 -34.025237 -34.025235 -34.025234 -34.025232 -34.02523 -34.025229 -34.025227 -34.025225 -34.025224 -34.025222 -34.025221 -34.025219 -34.025217 -34.025216 -34.025214 -34.025212 -34.025211 -34.025209 -34.025207 -34.025205 -34.025204
-34.025304 -34.025302 -34.0253 -34.025298 -34.025296 -34.025294 -34.025292 -34.02529 -34.025289 -34.025287 -34.025285 -34.025283 -34.025281 -34.02528 -34.025278 -34.025276 -34.025275 -34.025273 -34.025271 -34.025269 -34.025268 -34.025266 -34.025264 -34.025263 -34.025261 -34.02526 -34.025258 -34.025256 -34.025255 -34.025253 -34.025251 -34.02525 -34.025248 -34.025246 -34.025245 -34.025243 -34.025242 -34.02524 -34.025238 -34.025237 -34.025235 -34.025233 -34.025232 -34.02523 -34.025228 -34.025227 -34.025225 -34.025223 -34.025222 -34.02522 -34.025218 -34.025216 -34.025215 -34.025213 -34.025211 -34.02521 -34.025208
-34.02531 -34.025308 -34.025306 -34.025304 -34.025302 -34.0253 -34.025298 -34.025297 -34.025295 -34.025293 -34.025291 -34.025289 -34.025287 -34.025285 -34.025284 -34.025282 -34.02528 -34.025278 -34.025277 -34.025275 -34.025273 -34.025271 -34.02527 -34.025268 -34.025266 -34.025265 -34.025263 -34.025261 -34.02526 -34.025258 -34.025256 -34.025255 -34.025253 -34.025251 -34.02525 -34.025248 -34.025246 -34.025245 -34.025243 -34.025241 -34.02524 -34.025238 -34.025236 -34.025234 -34.025233 -34.025231 -34.025229 -34.025228 -34.025226 -34.025224 -34.025222 -34.025221 -34.025219 -34.025217 -34.025216 -34.025214 -34.025212
-34.025317 -34.025315 -34.025312 -34.02531 -34.025308 -34.025306 -34.025304 -34.025302 -34.025301 -34.025299 -34.025297 -34.025295 -34.025293 -34.025291 -34.025289 -34.025288 -34.025286 -34.025284 -34.025282 -34.02528 -34.025279 -34.025277 -34.025275 -34.025273 -34.025272 -34.02527 -34.025268 -34.025266 -34.025265 -34.025263 -34.025261 -34.02526 -34.025258 -34.025256 -34.025254 -34.025253 -34.025251 -34.025249 -34.025248 -34.025246 -34.025244 -34.025242 -34.025241 -34.025239 -34.025237 -34.025236 -34.025234 -34.025232 -34.02523 -34.025229 -34.025227 -34.025225 -34.025223 -34.025222 -34.02522 -34.025218 -34.025216
-34.025323 -34.025321 -34.025319 -34.025317 -34.025315 -34.025312 -34.02531 -34.025308 -34.025306 -34.025304 -34.025303 -34.025301 -34.025299 -34.025297 -34.025295 -34.025293 -34.025291 -34.025289 -34.025288 -34.025286 -34.025284 -34.025282 -34.02528 -34.025279 -34.025277 -34.025275 -34.025273 -34.025271 -34.02527 -34.025268 -34.025266 -34.025264 -34.025263 -34.025261 -34.025259 -34.025257 -34.025256 -34.025254 -34.025252 -34.02525 -34.025249 -34.025247 -34.025245 -34.025243 -34.025242 -34.02524 -34.025238 -34.025236 -34.025235 -34.025233 -34.025231 -34.025229 -34.025227 -34.025226 -34.025224 -34.025222 -34.02522
-34.025329 -34.025327 -34.025325 -34.025323 -34.025321 -34.025318 -34.025316 -34.025314 -34.025312 -34.02531 -34.025308 -34.025306 -34.025304 -34.025302 -34.025301 -34.025299 -34.025297 -34.025295 -34.025293 -34.025291 -34.025289 -34.025287 -34.025286 -34.025284 -34.025282 -34.02528 -34.025278 -34.025277 -34.025275 -34.025273 -34.025271 -34.025269 -34.025268 -34.025266 -34.025264 -34.025262 -34.02526 -34.025259 -34.025257 -34.025255 -34.025253 -34.025252 -34.02525 -34.025248 -34.025246 -34.025244 -34.025243 -34.025241 -34.025239 -34.025237 -34.025235 -34.025234 -34.025232 -34.02523 -34.025228 -34.025226 -34.025224
-34.025335 -34.025333 -34.025331 -34.025329 -34.025327 -34.025324 -34.025322 -34.02532 -34.025318 -34.025316 -34.025314 -34.025312 -34.02531 -34.025308 -34.025306 -34.025304 -34.025302 -34.0253 -34.025298 -34.025296 -34.025295 -34.025293 -34.025291 -34.025289 -34.025287 -34.025285 -34.025283 -34.025282 -34.02528 -34.025278 -34.025276 -34.025274 -34.025272 -34.025271 -34.025269 -34.025267 -34.025265 -34.025263 -34.025261 -34.02526 -34.025258 -34.025256 -34.025254 -34.025252 -34.025251 -34.025249 -34.025247 -34.025245 -34.025243 -34.025241 -34.02524 -34.025238 -34.025236 -34.025234 -34.025232 -34.02523 -34.025229
-34.025342 -34.025339 -34.025337 -34.025335 -34.025333 -34.02533 -34.025328 -34.025326 -34.025324 -34.025322 -34.02532 -34.025318 -34.025316 -34.025314 -34.025312 -34.02531 -34.025308 -34.025306 -34.025304 -34.025302 -34.0253 -34.025298 -34.025296 -34.025294 -34.025292 -34.02529 -34.025288 -34.025287 -34.025285 -34.025283 -34.025281 -34.025279 -34.025277 -34.025275 -34.025273 -34.025272 -34.02527 -34.025268 -34.025266 -34.025264 -34.025262 -34.025261 -34.025259 -34.025257 -34.025255 -34.025253 -34.025251 -34.025249 -34.025248 -34.025246 -34.025244 -34.025242 -34.02524 -34.025238 -34.025236 -34.025234 -34.025233
