Cobbity3/QGIS/AVE10_run1.asc
NCOLS 800
NROWS 450
XLLCORNER 150.66
YLLCORNER -34.028
CELLSIZE 1e-05
NODATA_VALUE -9999
[rows 416 to 441 of 450, columns 420 to 479 of 800]
9.2541485 9.2539718 9.253784 9.2535853 9.2533759 9.2531558 9.2529251 9.2526841 9.2524327 9.2521712 9.2518996 9.2516181 9.2513268 9.2510257 9.2507152 9.2503951 9.2500658 9.2497272 9.2493795 9.2490229 9.2486574 9.2482832 9.2479003 9.247509 9.2471093 9.2467013 9.2462851 9.2458609 9.2454288 9.2449889 9.2445413 9.2440861 9.2436234 9.2431534 9.2426761 9.2421916 9.2417002 9.2412018 9.2406966 9.2401846 9.2396661 9.239141 9.2386096 9.2380718 9.2375279 9.2369778 9.2364218 9.2358599 9.2352921 9.2347187 9.2341396 9.2335551 9.2329651 9.2323698 9.2317693 9.2311637 9.230553 9.2299373 9.2293168 9.2286915
9.2536924 9.2535155 9.2533277 9.2531292 9.2529201 9.2527004 9.2524703 9.2522299 9.2519793 9.2517187 9.2514481 9.2511678 9.2508777 9.250578 9.2502689 9.2499504 9.2496227 9.2492859 9.2489401 9.2485853 9.2482219 9.2478497 9.2474691 9.24708 9.2466826 9.246277 9.2458634 9.2454417 9.2450122 9.244575 9.2441301 9.2436777 9.2432179 9.2427508 9.2422765 9.2417951 9.2413067 9.2408115 9.2403094 9.2398007 9.2392854 9.2387637 9.2382356 9.2377012 9.2371607 9.2366141 9.2360616 9.2355032 9.234939 9.2343692 9.2337937 9.2332128 9.2326265 9.232035 9.2314382 9.2308363 9.2302293 9.2296174 9.2290007 9.2283793
9.2532402 9.2530632 9.2528754 9.2526769 9.252468 9.2522487 9.2520191 9.2517793 9.2515295 9.2512697 9.2510001 9.2507208 9.2504319 9.2501335 9.2498258 9.2495088 9.2491827 9.2488475 9.2485035 9.2481506 9.2477891 9.247419 9.2470404 9.2466535 9.2462584 9.2458552 9.2454439 9.2450248 9.2445978 9.2441632 9.243721 9.2432714 9.2428144 9.2423501 9.2418787 9.2414003 9.2409149 9.2404227 9.2399238 9.2394183 9.2389062 9.2383877 9.2378629 9.2373319 9.2367947 9.2362515 9.2357024 9.2351475 9.2345868 9.2340205 9.2334486 9.2328713 9.2322886 9.2317007 9.2311076 9.2305093 9.2299061 9.229298 9.228685 9.2280673
9.252792 9.2526147 9.2524268 9.2522284 9.2520197 9.2518006 9.2515714 9.2513322 9.251083 9.2508241 9.2505554 9.2502771 9.2499893 9.2496921 9.2493857 9.2490702 9.2487456 9.248412 9.2480697 9.2477186 9.247359 9.2469908 9.2466143 9.2462296 9.2458367 9.2454357 9.2450268 9.2446101 9.2441856 9.2437535 9.243314 9.242867 9.2424127 9.2419513 9.2414827 9.2410072 9.2405248 9.2400356 9.2395397 9.2390373 9.2385283 9.238013 9.2374915 9.2369637 9.2364298 9.23589 9.2353443 9.2347928 9.2342355 9.2336727 9.2331043 9.2325305 9.2319514 9.2313671 9.2307775 9.230183 9.2295834 9.2289789 9.2283696 9.2277557
9.2523476 9.25217 9.251982 9.2517836 9.2515749 9.2513562 9.2511273 9.2508886 9.25064 9.2503818 9.2501139 9.2498366 9.2495499 9.2492539 9.2489487 9.2486345 9.2483114 9.2479794 9.2476387 9.2472894 9.2469315 9.2465653 9.2461908 9.2458081 9.2454173 9.2450186 9.2446119 9.2441976 9.2437755 9.243346 9.2429089 9.2424646 9.242013 9.2415542 9.2410885 9.2406158 9.2401363 9.23965 9.2391571 9.2386577 9.2381519 9.2376397 9.2371213 9.2365967 9.2360661 9.2355296 9.2349872 9.234439 9.2338852 9.2333257 9.2327608 9.2321905 9.2316149 9.2310341 9.2304481 9.2298571 9.2292611 9.2286603 9.2280546 9.2274443
9.251907 9.2517291 9.2515409 9.2513424 9.2511338 9.2509152 9.2506867 9.2504484 9.2502004 9.2499428 9.2496757 9.2493993 9.2491136 9.2488187 9.2485147 9.2482018 9.2478801 9.2475496 9.2472105 9.2468628 9.2465067 9.2461423 9.2457697 9.245389 9.2450003 9.2446037 9.2441993 9.2437873 9.2433676 9.2429404 9.2425059 9.2420641 9.2416151 9.241159 9.240696 9.2402261 9.2397494 9.239266 9.2387761 9.2382796 9.2377768 9.2372677 9.2367524 9.236231 9.2357036 9.2351703 9.2346311 9.2340862 9.2335357 9.2329796 9.2324181 9.2318512 9.2312791 9.2307017 9.2301192 9.2295318 9.2289393 9.2283421 9.22774 9.2271333
9.2514702 9.2512918 9.2511033 9.2509048 9.2506962 9.2504777 9.2502495 9.2500116 9.2497641 9.2495071 9.2492407 9.2489651 9.2486803 9.2483865 9.2480837 9.247772 9.2474516 9.2471226 9.246785 9.2464389 9.2460845 9.2457219 9.2453512 9.2449724 9.2445857 9.2441912 9.243789 9.2433791 9.2429618 9.242537 9.2421049 9.2416655 9.2412191 9.2407656 9.2403053 9.2398381 9.2393642 9.2388836 9.2383965 9.237903 9.2374031 9.236897 9.2363848 9.2358665 9.2353422 9.234812 9.2342761 9.2337344 9.2331872 9.2326344 9.2320763 9.2315127 9.230944 9.23037 9.229791 9.229207 9.228618 9.2280243 9.2274258 9.2268226
9.2510369 9.2508582 9.2506694 9.2504706 9.250262 9.2500436 9.2498156 9.249578 9.249331 9.2490745 9.2488089 9.248534 9.2482501 9.2479573 9.2476556 9.2473451 9.247026 9.2466983 9.2463621 9.2460176 9.2456649 9.245304 9.2449351 9.2445582 9.2441734 9.243781 9.2433808 9.2429731 9.242558 9.2421355 9.2417058 9.2412689 9.240825 9.240374 9.2399163 9.2394517 9.2389805 9.2385027 9.2380185 9.2375278 9.2370309 9.2365277 9.2360184 9.2355032 9.2349819 9.2344549 9.2339221 9.2333836 9.2328396 9.2322901 9.2317352 9.231175 9.2306095 9.230039 9.2294633 9.2288827 9.2282973 9.227707 9.2271119 9.2265123
9.2506072 9.250428 9.2502389 9.2500399 9.2498312 9.2496129 9.249385 9.2491477 9.2489011 9.2486452 9.2483801 9.248106 9.2478229 9.247531 9.2472303 9.246921 9.2466031 9.2462767 9.245942 9.245599 9.2452478 9.2448886 9.2445214 9.2441463 9.2437635 9.243373 9.2429749 9.2425693 9.2421563 9.2417361 9.2413087 9.2408742 9.2404326 9.2399842 9.239529 9.2390671 9.2385985 9.2381234 9.2376419 9.2371541 9.2366599 9.2361597 9.2356534 9.235141 9.2346229 9.2340989 9.2335692 9.2330338 9.232493 9.2319466 9.231395 9.230838 9.2302759 9.2297086 9.2291363 9.2285591 9.227977 9.2273901 9.2267985 9.2262023
9.250181 9.2500013 9.2498118 9.2496126 9.2494038 9.2491854 9.2489577 9.2487206 9.2484743 9.2482188 9.2479544 9.2476809 9.2473986 9.2471076 9.2468079 9.2464996 9.2461829 9.2458578 9.2455244 9.2451828 9.2448332 9.2444756 9.2441101 9.2437368 9.2433558 9.2429672 9.2425711 9.2421676 9.2417567 9.2413387 9.2409135 9.2404813 9.2400422 9.2395962 9.2391434 9.2386841 9.2382181 9.2377457 9.2372668 9.2367817 9.2362904 9.235793 9.2352895 9.2347802 9.2342649 9.2337439 9.2332173 9.232685 9.2321473 9.2316041 9.2310556 9.2305018 9.2299429 9.2293789 9.2288099 9.228236 9.2276572 9.2270737 9.2264855 9.2258927
9.2497583 9.249578 9.2493881 9.2491885 9.2489796 9.2487612 9.2485335 9.2482966 9.2480506 9.2477956 9.2475316 9.2472588 9.2469772 9.246687 9.2463882 9.246081 9.2457654 9.2454415 9.2451094 9.2447692 9.2444211 9.244065 9.2437011 9.2433295 9.2429503 9.2425636 9.2421694 9.2417679 9.2413591 9.2409432 9.2405203 9.2400903 9.2396535 9.2392099 9.2387596 9.2383027 9.2378393 9.2373694 9.2368932 9.2364108 9.2359223 9.2354276 9.234927 9.2344205 9.2339081 9.2333901 9.2328664 9.2323372 9.2318025 9.2312624 9.230717 9.2301664 9.2296107 9.2290499 9.2284841 9.2279135 9.227338 9.2267578 9.2261729 9.2255835
9.2493389 9.249158 9.2489676 9.2487678 9.2485586 9.2483401 9.2481124 9.2478757 9.2476299 9.2473753 9.2471118 9.2468396 9.2465587 9.2462692 9.2459714 9.2456651 9.2453505 9.2450278 9.244697 9.2443581 9.2440114 9.2436568 9.2432945 9.2429246 9.2425471 9.2421622 9.2417699 9.2413703 9.2409636 9.2405497 9.2401289 9.2397012 9.2392666 9.2388253 9.2383774 9.2379229 9.237462 9.2369947 9.2365211 9.2360413 9.2355554 9.2350635 9.2345657 9.234062 9.2335525 9.2330374 9.2325166 9.2319903 9.2314587 9.2309216 9.2303793 9.2298318 9.2292792 9.2287216 9.228159 9.2275916 9.2270193 9.2264424 9.2258608 9.2252747
9.2489228 9.2487413 9.2485504 9.2483502 9.2481407 9.2479221 9.2476944 9.2474578 9.2472123 9.2469579 9.2466949 9.2464232 9.2461429 9.2458542 9.2455572 9.2452518 9.2449383 9.2446167 9.244287 9.2439495 9.2436041 9.243251 9.2428902 9.2425219 9.2421461 9.2417629 9.2413724 9.2409748 9.24057 9.2401582 9.2397394 9.2393138 9.2388815 9.2384425 9.2379969 9.2375448 9.2370863 9.2366215 9.2361505 9.2356733 9.23519 9.2347008 9.2342056 9.2337047 9.233198 9.2326857 9.2321679 9.2316445 9.2311158 9.2305817 9.2300424 9.229498 9.2289485 9.2283939 9.2278345 9.2272702 9.2267012 9.2261275 9.2255492 9.2249663
9.2485099 9.2483277 9.2481363 9.2479357 9.2477259 9.2475072 9.2472794 9.2470429 9.2467975 9.2465434 9.2462808 9.2460096 9.2457299 9.2454419 9.2451456 9.2448412 9.2445286 9.2442081 9.2438796 9.2435433 9.2431992 9.2428475 9.2424882 9.2421214 9.2417472 9.2413658 9.2409771 9.2405812 9.2401784 9.2397685 9.2393518 9.2389283 9.2384982 9.2380614 9.2376181 9.2371683 9.2367122 9.2362498 9.2357812 9.2353066 9.2348259 9.2343393 9.2338468 9.2333486 9.2328447 9.2323352 9.2318201 9.2312997 9.2307738 9.2302427 9.2297064 9.229165 9.2286185 9.228067 9.2275107 9.2269495 9.2263836 9.2258131 9.2252379 9.2246583
9.2481001 9.2479173 9.2477253 9.2475242 9.2473142 9.2470952 9.2468674 9.2466308 9.2463856 9.2461318 9.2458695 9.2455987 9.2453196 9.2450322 9.2447367 9.2444331 9.2441215 9.2438019 9.2434745 9.2431394 9.2427966 9.2424462 9.2420884 9.2417231 9.2413505 9.2409707 9.2405837 9.2401897 9.2397887 9.2393808 9.2389661 9.2385446 9.2381166 9.2376819 9.2372408 9.2367934 9.2363396 9.2358796 9.2354135 9.2349413 9.2344631 9.2339791 9.2334893 9.2329937 9.2324925 9.2319857 9.2314735 9.2309558 9.2304328 9.2299046 9.2293712 9.2288327 9.2282892 9.2277408 9.2271875 9.2266294 9.2260666 9.2254992 9.2249272 9.2243507
9.2476935 9.2475099 9.2473173 9.2471158 9.2469054 9.2466862 9.2464583 9.2462217 9.2459765 9.2457229 9.2454609 9.2451906 9.244912 9.2446252 9.2443304 9.2440275 9.2437168 9.2433982 9.2430719 9.2427379 9.2423964 9.2420473 9.2416908 9.241327 9.2409559 9.2405777 9.2401924 9.2398001 9.2394009 9.2389949 9.2385821 9.2381627 9.2377367 9.2373042 9.2368653 9.23642 9.2359685 9.2355109 9.2350471 9.2345774 9.2341017 9.2336202 9.2331329 9.23264 9.2321414 9.2316374 9.2311278 9.2306129 9.2300928 9.2295674 9.2290369 9.2285013 9.2279607 9.2274153 9.226865 9.2263099 9.2257502 9.2251858 9.2246169 9.2240436
9.2472898 9.2471055 9.2469123 9.2467103 9.2464995 9.24628 9.2460519 9.2458153 9.2455702 9.2453168 9.245055 9.2447851 9.2445069 9.2442207 9.2439266 9.2436245 9.2433146 9.2429969 9.2426716 9.2423387 9.2419984 9.2416505 9.2412954 9.240933 9.2405634 9.2401868 9.2398031 9.2394125 9.2390151 9.2386109 9.2382 9.2377825 9.2373585 9.2369281 9.2364913 9.2360482 9.235599 9.2351436 9.2346822 9.2342148 9.2337416 9.2332626 9.2327778 9.2322874 9.2317915 9.2312901 9.2307832 9.2302711 9.2297537 9.2292311 9.2287034 9.2281707 9.227633 9.2270905 9.2265431 9.225991 9.2254343 9.224873 9.2243072 9.2237369
9.2468892 9.2467041 9.2465102 9.2463077 9.2460965 9.2458767 9.2456484 9.2454117 9.2451667 9.2449133 9.2446518 9.2443822 9.2441045 9.2438188 9.2435253 9.2432239 9.2429148 9.242598 9.2422737 9.2419418 9.2416026 9.241256 9.2409022 9.2405411 9.240173 9.2397979 9.2394158 9.2390268 9.2386311 9.2382287 9.2378197 9.2374041 9.236982 9.2365536 9.2361189 9.235678 9.2352309 9.2347778 9.2343187 9.2338537 9.2333828 9.2329062 9.2324239 9.2319361 9.2314427 9.2309439 9.2304397 9.2299302 9.2294155 9.2288956 9.2283707 9.2278408 9.227306 9.2267664 9.2262219 9.2256728 9.225119 9.2245607 9.2239979 9.2234306
9.2464914 9.2463055 9.246111 9.2459079 9.2456962 9.2454761 9.2452476 9.2450108 9.2447657 9.2445125 9.2442512 9.2439818 9.2437045 9.2434194 9.2431264 9.2428257 9.2425173 9.2422014 9.241878 9.2415472 9.241209 9.2408636 9.240511 9.2401513 9.2397846 9.2394109 9.2390304 9.238643 9.238249 9.2378483 9.2374411 9.2370274 9.2366072 9.2361808 9.2357481 9.2353093 9.2348644 9.2344134 9.2339566 9.2334938 9.2330253 9.2325511 9.2320713 9.2315859 9.231095 9.2305987 9.2300971 9.2295903 9.2290782 9.2285611 9.2280389 9.2275118 9.2269798 9.226443 9.2259014 9.2253551 9.2248043 9.2242489 9.2236891 9.2231248
9.2460965 9.2459098 9.2457145 9.2455108 9.2452987 9.2450782 9.2448495 9.2446125 9.2443674 9.2441143 9.2438531 9.243584 9.2433071 9.2430224 9.2427299 9.2424299 9.2421222 9.2418071 9.2414846 9.2411548 9.2408177 9.2404734 9.240122 9.2397636 9.2393982 9.2390259 9.2386469 9.2382611 9.2378687 9.2374697 9.2370642 9.2366523 9.2362341 9.2358096 9.2353789 9.2349421 9.2344993 9.2340505 9.2335958 9.2331353 9.2326691 9.2321973 9.2317198 9.2312368 9.2307484 9.2302547 9.2297556 9.2292513 9.2287419 9.2282275 9.227708 9.2271836 9.2266543 9.2261203 9.2255815 9.2250381 9.2244902 9.2239377 9.2233808 9.2228195
9.2457043 9.2455168 9.2453208 9.2451165 9.2449039 9.244683 9.244454 9.2442169 9.2439717 9.2437186 9.2434575 9.2431887 9.2429121 9.2426278 9.2423358 9.2420364 9.2417294 9.2414151 9.2410934 9.2407645 9.2404284 9.2400852 9.239735 9.2393778 9.2390138 9.2386429 9.2382653 9.2378811 9.2374902 9.2370929 9.2366891 9.236279 9.2358626 9.23544 9.2350112 9.2345764 9.2341357 9.233689 9.2332365 9.2327782 9.2323142 9.2318446 9.2313695 9.2308889 9.230403 9.2299117 9.2294151 9.2289134 9.2284066 9.2278947 9.2273779 9.2268562 9.2263296 9.2257983 9.2252623 9.2247218 9.2241766 9.223627 9.223073 9.2225146
9.2453148 9.2451264 9.2449298 9.2447248 9.2445117 9.2442904 9.2440611 9.2438238 9.2435785 9.2433254 9.2430644 9.2427958 9.2425194 9.2422355 9.2419441 9.2416452 9.2413389 9.2410253 9.2407044 9.2403764 9.2400413 9.2396992 9.2393501 9.2389941 9.2386313 9.2382618 9.2378856 9.2375028 9.2371135 9.2367178 9.2363157 9.2359073 9.2354927 9.2350719 9.2346451 9.2342123 9.2337735 9.2333289 9.2328785 9.2324223 9.2319606 9.2314933 9.2310204 9.2305422 9.2300586 9.2295697 9.2290756 9.2285764 9.2280721 9.2275628 9.2270486 9.2265295 9.2260057 9.2254771 9.2249438 9.224406 9.2238637 9.2233169 9.2227657 9.2222102
9.244928 9.2447388 9.2445413 9.2443357 9.244122 9.2439003 9.2436707 9.2434331 9.2431877 9.2429346 9.2426737 9.2424052 9.2421292 9.2418456 9.2415546 9.2412562 9.2409505 9.2406376 9.2403176 9.2399904 9.2396562 9.2393151 9.2389671 9.2386123 9.2382507 9.2378825 9.2375077 9.2371264 9.2367386 9.2363444 9.235944 9.2355373 9.2351244 9.2347055 9.2342805 9.2338496 9.2334128 9.2329701 9.2325218 9.2320678 9.2316082 9.2311431 9.2306725 9.2301966 9.2297153 9.2292288 9.2287372 9.2282404 9.2277386 9.2272319 9.2267202 9.2262037 9.2256825 9.2251566 9.224626 9.2240909 9.2235513 9.2230073 9.2224589 9.2219062
9.2445438 9.2443537 9.2441554 9.2439492 9.2437349 9.2435128 9.2432827 9.2430449 9.2427994 9.2425462 9.2422854 9.242017 9.2417412 9.2414579 9.2411673 9.2408695 9.2405644 9.2402521 9.2399328 9.2396065 9.2392732 9.2389331 9.2385861 9.2382324 9.2378721 9.2375051 9.2371317 9.2367517 9.2363654 9.2359728 9.2355739 9.2351689 9.2347577 9.2343405 9.2339174 9.2334883 9.2330534 9.2326128 9.2321665 9.2317146 9.2312571 9.2307941 9.2303258 9.2298521 9.2293732 9.228889 9.2283997 9.2279054 9.227406 9.2269018 9.2263926 9.2258787 9.2253601 9.2248368 9.2243089 9.2237764 9.2232395 9.2226983 9.2221526 9.2216028
9.2441621 9.2439711 9.243772 9.2435651 9.2433503 9.2431276 9.2428972 9.2426592 9.2424134 9.2421602 9.2418994 9.2416311 9.2413555 9.2410725 9.2407823 9.2404849 9.2401804 9.2398688 9.2395502 9.2392246 9.2388922 9.238553 9.2382071 9.2378545 9.2374953 9.2371296 9.2367574 9.2363788 9.235994 9.2356028 9.2352055 9.234802 9.2343926 9.2339771 9.2335557 9.2331285 9.2326955 9.2322568 9.2318125 9.2313626 9.2309072 9.2304464 9.2299802 9.2295087 9.2290321 9.2285502 9.2280632 9.2275713 9.2270743 9.2265725 9.2260659 9.2255545 9.2250384 9.2245177 9.2239924 9.2234626 9.2229284 9.2223898 9.2218469 9.2212998
9.2437829 9.2435909 9.2433911 9.2431834 9.242968 9.2427449 9.2425141 9.2422757 9.2420298 9.2417764 9.2415156 9.2412475 9.240972 9.2406893 9.2403995 9.2401025 9.2397985 9.2394875 9.2391695 9.2388448 9.2385132 9.2381749 9.23783 9.2374784 9.2371204 9.2367558 9.2363849 9.2360077 9.2356242 9.2352345 9.2348387 9.2344368 9.234029 9.2336152 9.2331955 9.2327701 9.232339 9.2319022 9.2314598 9.2310119 9.2305586 9.2300998 9.2296358 9.2291665 9.228692 9.2282124 9.2277278 9.2272381 9.2267436 9.2262442 9.22574 9.2252311 9.2247175 9.2241993 9.2236766 9.2231494 9.2226178 9.2220819 9.2215417 9.2209973
