Cobbity3/QGIS/AVE26_run1.asc
NCOLS 800
NROWS 450
XLLCORNER 150.66
YLLCORNER -34.028
CELLSIZE 1e-05
NODATA_VALUE -9999
[rows 78 to 103 of 450, columns 696 to 753 of 800]
0.6057393 0.60579787 0.60585646 0.60591508 0.60597371 0.60603237 0.60609105 0.60614975 0.60620848 0.60626723 0.606326 0.60638479 0.60644361 0.60650245 0.60656132 0.6066202 0.60667912 0.60673805 0.60679701 0.60685599 0.60691499 0.60697402 0.60703307 0.60709214 0.60715123 0.60721035 0.60726949 0.60732865 0.60738783 0.60744703 0.60750626 0.60756551 0.60762477 0.60768406 0.60774337 0.60780269 0.60786204 0.60792141 0.60798079 0.6080402 0.60809962 0.60815906 0.60821852 0.608278 0.60833749 0.608397 0.60845653 0.60851607 0.60857562 0.6086352 0.60869478 0.60875438 0.608814 0.60887363 0.60893327 0.60899292 0.60905259 0.60911227
0.60656518 0.60662071 0.60667628 0.60673189 0.60678753 0.60684321 0.60689893 0.60695469 0.60701048 0.60706631 0.60712217 0.60717807 0.60723401 0.60728999 0.607346 0.60740205 0.60745814 0.60751427 0.60757043 0.60762662 0.60768286 0.60773912 0.60779543 0.60785177 0.60790815 0.60796456 0.608021 0.60807748 0.608134 0.60819055 0.60824713 0.60830375 0.6083604 0.60841708 0.60847379 0.60853054 0.60858732 0.60864413 0.60870097 0.60875784 0.60881474 0.60887167 0.60892863 0.60898562 0.60904264 0.60909969 0.60915676 0.60921386 0.60927099 0.60932815 0.60938533 0.60944253 0.60949976 0.60955702 0.6096143 0.6096716 0.60972893 0.60978627
0.60738959 0.6074421 0.60749466 0.60754727 0.60759994 0.60765265 0.60770542 0.60775823 0.6078111 0.60786402 0.60791699 0.60797001 0.60802308 0.60807621 0.60812938 0.6081826 0.60823588 0.6082892 0.60834257 0.608396 0.60844947 0.60850299 0.60855656 0.60861018 0.60866385 0.60871756 0.60877132 0.60882513 0.60887899 0.60893289 0.60898684 0.60904084 0.60909488 0.60914897 0.6092031 0.60925727 0.60931149 0.60936575 0.60942005 0.6094744 0.60952879 0.60958322 0.60963769 0.6096922 0.60974676 0.60980135 0.60985598 0.60991065 0.60996535 0.6100201 0.61007488 0.6101297 0.61018455 0.61023944 0.61029437 0.61034932 0.61040432 0.61045934
0.60821252 0.60826202 0.60831158 0.60836121 0.60841091 0.60846067 0.60851049 0.60856039 0.60861034 0.60866036 0.60871045 0.6087606 0.60881081 0.60886109 0.60891143 0.60896184 0.60901231 0.60906284 0.60911344 0.6091641 0.60921482 0.6092656 0.60931645 0.60936736 0.60941832 0.60946935 0.60952044 0.60957159 0.6096228 0.60967406 0.60972539 0.60977677 0.60982821 0.60987971 0.60993127 0.60998288 0.61003454 0.61008626 0.61013804 0.61018987 0.61024176 0.61029369 0.61034568 0.61039773 0.61044982 0.61050196 0.61055416 0.6106064 0.6106587 0.61071104 0.61076343 0.61081587 0.61086835 0.61092088 0.61097346 0.61102608 0.61107875 0.61113146
0.60903396 0.60908046 0.60912704 0.6091737 0.60922044 0.60926725 0.60931415 0.60936112 0.60940818 0.60945531 0.60950252 0.60954981 0.60959718 0.60964463 0.60969215 0.60973975 0.60978743 0.60983518 0.60988301 0.60993091 0.60997889 0.61002695 0.61007508 0.61012328 0.61017156 0.61021991 0.61026834 0.61031683 0.6103654 0.61041404 0.61046275 0.61051153 0.61056038 0.6106093 0.61065829 0.61070734 0.61075647 0.61080566 0.61085492 0.61090424 0.61095363 0.61100308 0.6110526 0.61110218 0.61115182 0.61120153 0.6112513 0.61130112 0.61135101 0.61140096 0.61145097 0.61150103 0.61155116 0.61160134 0.61165157 0.61170187 0.61175221 0.61180262
0.6098539 0.60989741 0.60994102 0.60998471 0.6100285 0.61007239 0.61011637 0.61016044 0.6102046 0.61024886 0.61029321 0.61033765 0.61038218 0.6104268 0.61047151 0.61051632 0.61056121 0.61060619 0.61065127 0.61069643 0.61074168 0.61078702 0.61083244 0.61087795 0.61092355 0.61096923 0.611015 0.61106086 0.61110679 0.61115281 0.61119892 0.61124511 0.61129137 0.61133772 0.61138415 0.61143066 0.61147725 0.61152392 0.61157067 0.61161749 0.61166439 0.61171137 0.61175842 0.61180555 0.61185275 0.61190003 0.61194738 0.6119948 0.61204229 0.61208985 0.61213748 0.61218518 0.61223295 0.61228079 0.61232869 0.61237667 0.6124247 0.6124728
0.61067232 0.61071285 0.61075349 0.61079424 0.6108351 0.61087606 0.61091713 0.61095831 0.6109996 0.61104099 0.61108248 0.61112408 0.61116579 0.6112076 0.61124951 0.61129153 0.61133365 0.61137588 0.6114182 0.61146063 0.61150316 0.61154579 0.61158852 0.61163135 0.61167427 0.6117173 0.61176042 0.61180364 0.61184696 0.61189037 0.61193388 0.61197748 0.61202118 0.61206497 0.61210885 0.61215282 0.61219689 0.61224104 0.61228529 0.61232962 0.61237404 0.61241855 0.61246315 0.61250783 0.6125526 0.61259745 0.61264239 0.61268741 0.61273251 0.61277769 0.61282296 0.6128683 0.61291373 0.61295923 0.61300481 0.61305047 0.6130962 0.61314201
0.61148921 0.61152677 0.61156446 0.61160227 0.61164021 0.61167826 0.61171644 0.61175473 0.61179315 0.61183168 0.61187034 0.61190911 0.611948 0.61198701 0.61202614 0.61206538 0.61210474 0.61214421 0.6121838 0.61222351 0.61226333 0.61230326 0.6123433 0.61238346 0.61242372 0.6124641 0.61250459 0.61254518 0.61258589 0.6126267 0.61266762 0.61270865 0.61274978 0.61279102 0.61283236 0.61287381 0.61291536 0.61295701 0.61299876 0.61304061 0.61308256 0.61312461 0.61316676 0.61320901 0.61325135 0.61329379 0.61333632 0.61337895 0.61342167 0.61346449 0.61350739 0.61355039 0.61359347 0.61363665 0.61367991 0.61372326 0.6137667 0.61381022
0.61230454 0.61233916 0.61237391 0.61240879 0.61244381 0.61247897 0.61251426 0.61254969 0.61258524 0.61262094 0.61265676 0.61269272 0.6127288 0.61276502 0.61280137 0.61283785 0.61287446 0.61291119 0.61294805 0.61298505 0.61302216 0.61305941 0.61309677 0.61313427 0.61317188 0.61320962 0.61324748 0.61328547 0.61332357 0.61336179 0.61340014 0.6134386 0.61347718 0.61351587 0.61355468 0.61359361 0.61363265 0.61367181 0.61371107 0.61375045 0.61378994 0.61382954 0.61386925 0.61390907 0.613949 0.61398903 0.61402917 0.61406941 0.61410976 0.61415021 0.61419077 0.61423142 0.61427218 0.61431303 0.61435399 0.61439504 0.61443619 0.61447743
0.61311832 0.61314999 0.61318181 0.61321378 0.61324591 0.61327818 0.61331059 0.61334316 0.61337587 0.61340873 0.61344173 0.61347488 0.61350818 0.61354162 0.6135752 0.61360892 0.61364279 0.6136768 0.61371095 0.61374523 0.61377966 0.61381423 0.61384893 0.61388377 0.61391874 0.61395385 0.6139891 0.61402448 0.61405999 0.61409563 0.61413141 0.61416731 0.61420334 0.61423951 0.6142758 0.61431221 0.61434876 0.61438543 0.61442222 0.61445913 0.61449617 0.61453333 0.61457061 0.61460801 0.61464553 0.61468316 0.61472091 0.61475878 0.61479677 0.61483486 0.61487307 0.6149114 0.61494983 0.61498837 0.61502703 0.61506579 0.61510466 0.61514363
0.61393052 0.61395926 0.61398817 0.61401724 0.61404647 0.61407586 0.61410542 0.61413514 0.61416502 0.61419505 0.61422525 0.6142556 0.61428612 0.61431679 0.61434761 0.61437859 0.61440973 0.61444102 0.61447246 0.61450406 0.6145358 0.6145677 0.61459975 0.61463195 0.61466429 0.61469678 0.61472942 0.61476221 0.61479513 0.61482821 0.61486142 0.61489478 0.61492828 0.61496192 0.6149957 0.61502961 0.61506367 0.61509786 0.61513218 0.61516664 0.61520124 0.61523596 0.61527082 0.61530581 0.61534093 0.61537617 0.61541155 0.61544705 0.61548268 0.61551843 0.6155543 0.6155903 0.61562642 0.61566266 0.61569902 0.6157355 0.6157721 0.61580881
0.61474113 0.61476695 0.61479296 0.61481914 0.61484549 0.61487202 0.61489873 0.61492561 0.61495267 0.61497989 0.61500729 0.61503486 0.6150626 0.61509052 0.6151186 0.61514685 0.61517526 0.61520384 0.61523259 0.61526151 0.61529058 0.61531982 0.61534923 0.61537879 0.61540851 0.6154384 0.61546844 0.61549864 0.61552899 0.61555951 0.61559017 0.61562099 0.61565197 0.61568309 0.61571437 0.61574579 0.61577736 0.61580909 0.61584095 0.61587297 0.61590513 0.61593743 0.61596987 0.61600246 0.61603519 0.61606805 0.61610106 0.6161342 0.61616748 0.61620089 0.61623444 0.61626812 0.61630194 0.61633588 0.61636996 0.61640416 0.61643849 0.61647295
0.61555014 0.61557306 0.61559617 0.61561947 0.61564296 0.61566664 0.61569051 0.61571456 0.61573881 0.61576324 0.61578785 0.61581265 0.61583763 0.61586279 0.61588814 0.61591367 0.61593937 0.61596526 0.61599132 0.61601757 0.61604398 0.61607058 0.61609735 0.61612429 0.6161514 0.61617869 0.61620614 0.61623377 0.61626156 0.61628952 0.61631765 0.61634594 0.61637439 0.61640301 0.6164318 0.61646074 0.61648984 0.6165191 0.61654852 0.6165781 0.61660783 0.61663772 0.61666776 0.61669795 0.6167283 0.61675879 0.61678944 0.61682023 0.61685117 0.61688225 0.61691348 0.61694486 0.61697637 0.61700803 0.61703983 0.61707176 0.61710384 0.61713605
0.61635753 0.61637756 0.61639779 0.61641822 0.61643886 0.6164597 0.61648074 0.61650198 0.61652343 0.61654507 0.61656691 0.61658894 0.61661118 0.61663361 0.61665623 0.61667905 0.61670205 0.61672526 0.61674865 0.61677223 0.616796 0.61681995 0.6168441 0.61686843 0.61689294 0.61691763 0.61694251 0.61696757 0.61699281 0.61701823 0.61704383 0.6170696 0.61709555 0.61712168 0.61714798 0.61717445 0.61720109 0.6172279 0.61725488 0.61728203 0.61730934 0.61733683 0.61736447 0.61739228 0.61742025 0.61744838 0.61747667 0.61750512 0.61753373 0.6175625 0.61759142 0.61762049 0.61764972 0.61767909 0.61770862 0.6177383 0.61776813 0.6177981
0.61716329 0.61718044 0.6171978 0.61721538 0.61723318 0.61725119 0.61726942 0.61728786 0.61730651 0.61732538 0.61734445 0.61736374 0.61738324 0.61740294 0.61742285 0.61744297 0.61746329 0.61748382 0.61750454 0.61752548 0.61754661 0.61756794 0.61758947 0.61761119 0.61763312 0.61765523 0.61767755 0.61770005 0.61772275 0.61774564 0.61776871 0.61779198 0.61781543 0.61783907 0.61786289 0.6178869 0.61791109 0.61793546 0.61796001 0.61798474 0.61800965 0.61803473 0.61805999 0.61808542 0.61811103 0.61813681 0.61816276 0.61818887 0.61821516 0.61824161 0.61826823 0.61829501 0.61832195 0.61834906 0.61837633 0.61840376 0.61843134 0.61845908
0.61796741 0.61798169 0.6179962 0.61801093 0.6180259 0.6180411 0.61805652 0.61807217 0.61808805 0.61810415 0.61812048 0.61813703 0.6181538 0.61817079 0.618188 0.61820542 0.61822307 0.61824093 0.61825901 0.6182773 0.6182958 0.61831452 0.61833344 0.61835258 0.61837192 0.61839147 0.61841123 0.61843119 0.61845135 0.61847172 0.61849229 0.61851305 0.61853402 0.61855518 0.61857654 0.61859809 0.61861984 0.61864178 0.61866391 0.61868623 0.61870874 0.61873143 0.61875431 0.61877738 0.61880063 0.61882406 0.61884767 0.61887147 0.61889544 0.61891959 0.61894391 0.61896841 0.61899308 0.61901792 0.61904294 0.61906812 0.61909347 0.61911899
0.61876988 0.6187813 0.61879296 0.61880487 0.61881702 0.61882941 0.61884205 0.61885492 0.61886803 0.61888138 0.61889497 0.61890879 0.61892284 0.61893713 0.61895165 0.6189664 0.61898138 0.61899659 0.61901203 0.61902769 0.61904357 0.61905968 0.61907602 0.61909257 0.61910935 0.61912634 0.61914355 0.61916097 0.61917861 0.61919647 0.61921454 0.61923281 0.6192513 0.61927 0.6192889 0.61930801 0.61932732 0.61934684 0.61936656 0.61938648 0.61940659 0.61942691 0.61944742 0.61946813 0.61948904 0.61951013 0.61953142 0.61955289 0.61957456 0.61959641 0.61961845 0.61964067 0.61966308 0.61968567 0.61970844 0.61973139 0.61975452 0.61977782
0.61957067 0.61957925 0.61958808 0.61959717 0.61960652 0.61961612 0.61962597 0.61963608 0.61964644 0.61965705 0.6196679 0.61967901 0.61969036 0.61970196 0.6197138 0.61972588 0.61973821 0.61975078 0.61976358 0.61977663 0.61978991 0.61980343 0.61981718 0.61983116 0.61984537 0.61985982 0.61987449 0.61988939 0.61990452 0.61991987 0.61993545 0.61995125 0.61996727 0.61998351 0.61999997 0.62001664 0.62003353 0.62005063 0.62006795 0.62008548 0.62010322 0.62012116 0.62013932 0.62015768 0.62017624 0.62019501 0.62021398 0.62023315 0.62025251 0.62027208 0.62029184 0.6203118 0.62033195 0.62035229 0.62037283 0.62039355 0.62041446 0.62043556
0.62036979 0.62037553 0.62038155 0.62038783 0.62039439 0.62040121 0.62040829 0.62041565 0.62042326 0.62043114 0.62043928 0.62044768 0.62045634 0.62046526 0.62047444 0.62048387 0.62049355 0.62050349 0.62051367 0.62052411 0.62053479 0.62054573 0.62055691 0.62056833 0.62058 0.6205919 0.62060405 0.62061644 0.62062906 0.62064193 0.62065502 0.62066835 0.62068191 0.6206957 0.62070973 0.62072398 0.62073845 0.62075315 0.62076807 0.62078322 0.62079859 0.62081417 0.62082998 0.620846 0.62086223 0.62087868 0.62089534 0.62091221 0.62092929 0.62094658 0.62096407 0.62098177 0.62099968 0.62101778 0.62103609 0.62105459 0.62107329 0.62109219
0.62116721 0.62117013 0.62117334 0.62117684 0.62118061 0.62118466 0.62118899 0.62119361 0.62119849 0.62120365 0.62120909 0.6212148 0.62122078 0.62122703 0.62123355 0.62124033 0.62124738 0.6212547 0.62126228 0.62127012 0.62127822 0.62128658 0.6212952 0.62130407 0.6213132 0.62132258 0.62133222 0.6213421 0.62135223 0.62136261 0.62137324 0.62138411 0.62139522 0.62140658 0.62141817 0.62143 0.62144207 0.62145438 0.62146692 0.6214797 0.6214927 0.62150593 0.6215194 0.62153309 0.621547 0.62156114 0.6215755 0.62159008 0.62160488 0.6216199 0.62163514 0.62165059 0.62166625 0.62168213 0.62169821 0.62171451 0.62173101 0.62174772
0.62196292 0.62196304 0.62196346 0.62196417 0.62196517 0.62196647 0.62196806 0.62196994 0.62197211 0.62197457 0.62197731 0.62198034 0.62198365 0.62198724 0.62199112 0.62199527 0.6219997 0.62200441 0.62200939 0.62201465 0.62202018 0.62202597 0.62203204 0.62203838 0.62204498 0.62205184 0.62205897 0.62206636 0.62207401 0.62208192 0.62209009 0.62209851 0.62210718 0.62211611 0.62212529 0.62213472 0.62214439 0.62215431 0.62216448 0.62217489 0.62218554 0.62219644 0.62220757 0.62221893 0.62223054 0.62224237 0.62225444 0.62226675 0.62227928 0.62229203 0.62230502 0.62231823 0.62233166 0.62234531 0.62235919 0.62237328 0.62238759 0.62240212
0.62275692 0.62275425 0.62275188 0.62274982 0.62274807 0.62274663 0.62274549 0.62274465 0.62274411 0.62274388 0.62274394 0.6227443 0.62274495 0.6227459 0.62274714 0.62274867 0.6227505 0.62275261 0.622755 0.62275768 0.62276065 0.6227639 0.62276742 0.62277123 0.62277531 0.62277967 0.62278431 0.62278922 0.62279439 0.62279984 0.62280556 0.62281154 0.62281779 0.6228243 0.62283107 0.6228381 0.62284539 0.62285294 0.62286074 0.6228688 0.62287711 0.62288567 0.62289447 0.62290353 0.62291283 0.62292238 0.62293216 0.62294219 0.62295246 0.62296297 0.62297371 0.62298469 0.6229959 0.62300734 0.62301901 0.62303091 0.62304304 0.62305539
0.62354918 0.62354373 0.6235386 0.62353378 0.62352929 0.62352511 0.62352126 0.62351771 0.62351448 0.62351156 0.62350896 0.62350666 0.62350467 0.62350298 0.6235016 0.62350053 0.62349975 0.62349927 0.6234991 0.62349921 0.62349963 0.62350033 0.62350133 0.62350262 0.6235042 0.62350607 0.62350822 0.62351065 0.62351337 0.62351636 0.62351964 0.62352319 0.62352702 0.62353113 0.6235355 0.62354015 0.62354506 0.62355024 0.62355569 0.62356141 0.62356738 0.62357362 0.62358011 0.62358686 0.62359387 0.62360114 0.62360865 0.62361642 0.62362443 0.6236327 0.62364121 0.62364996 0.62365896 0.62366819 0.62367767 0.62368739 0.62369734 0.62370752
0.62433971 0.62433148 0.62432359 0.62431604 0.62430881 0.62430192 0.62429536 0.62428912 0.62428321 0.62427762 0.62427236 0.62426741 0.62426279 0.62425848 0.62425449 0.62425082 0.62424745 0.6242444 0.62424166 0.62423923 0.6242371 0.62423528 0.62423376 0.62423254 0.62423163 0.62423101 0.62423069 0.62423066 0.62423092 0.62423148 0.62423233 0.62423346 0.62423488 0.62423659 0.62423858 0.62424085 0.62424339 0.62424622 0.62424933 0.6242527 0.62425635 0.62426028 0.62426447 0.62426893 0.62427365 0.62427864 0.62428389 0.6242894 0.62429518 0.62430121 0.62430749 0.62431403 0.62432082 0.62432786 0.62433516 0.6243427 0.62435048 0.62435851
0.62512847 0.62511749 0.62510686 0.62509658 0.62508664 0.62507704 0.62506778 0.62505886 0.62505028 0.62504203 0.62503412 0.62502655 0.6250193 0.62501239 0.6250058 0.62499954 0.6249936 0.62498798 0.62498269 0.62497772 0.62497306 0.62496872 0.6249647 0.62496098 0.62495758 0.62495449 0.6249517 0.62494922 0.62494705 0.62494518 0.6249436 0.62494233 0.62494135 0.62494067 0.62494028 0.62494019 0.62494038 0.62494086 0.62494163 0.62494268 0.62494402 0.62494564 0.62494753 0.62494971 0.62495216 0.62495488 0.62495788 0.62496115 0.62496468 0.62496849 0.62497256 0.62497689 0.62498149 0.62498634 0.62499146 0.62499683 0.62500246 0.62500834
0.62591547 0.62590175 0.62588839 0.62587539 0.62586274 0.62585045 0.62583851 0.62582692 0.62581568 0.62580479 0.62579425 0.62578405 0.6257742 0.62576468 0.62575551 0.62574667 0.62573817 0.62573001 0.62572217 0.62571467 0.62570749 0.62570065 0.62569413 0.62568793 0.62568205 0.6256765 0.62567126 0.62566634 0.62566174 0.62565744 0.62565346 0.62564979 0.62564642 0.62564337 0.62564061 0.62563816 0.62563601 0.62563415 0.6256326 0.62563133 0.62563036 0.62562969 0.6256293 0.6256292 0.62562938 0.62562985 0.6256306 0.62563164 0.62563295 0.62563454 0.6256364 0.62563854 0.62564094 0.62564362 0.62564657 0.62564978 0.62565326 0.625657
