Cobbity3/QGIS/AVE2_run1.asc
NCOLS 800
NROWS 450
XLLCORNER 150.66
YLLCORNER -34.028
CELLSIZE 1e-05
NODATA_VALUE -9999
[rows 312 to 337 of 450, columns 540 to 599 of 800]
5.7970129 5.7964136 5.7958163 5.7952208 5.7946273 5.7940357 5.7934459 5.7928581 5.7922722 5.7916882 5.791106 5.7905258 5.7899475 5.7893711 5.7887966 5.788224 5.7876533 5.7870845 5.7865176 5.7859526 5.7853895 5.7848283 5.784269 5.7837115 5.783156 5.7826024 5.7820506 5.7815007 5.7809527 5.7804066 5.7798624 5.7793201 5.7787796 5.778241 5.7777043 5.7771694 5.7766364 5.7761052 5.775576 5.7750485 5.7745229 5.7739992 5.7734773 5.7729573 5.7724391 5.7719227 5.7714082 5.7708955 5.7703846 5.7698756 5.7693683 5.7688629 5.7683593 5.7678575 5.7673575 5.7668593 5.7663629 5.7658683 5.7653755 5.7648845
5.7971366 5.7965396 5.7959445 5.7953513 5.7947599 5.7941704 5.7935828 5.7929971 5.7924132 5.7918312 5.7912511 5.7906729 5.7900965 5.789522 5.7889494 5.7883787 5.7878098 5.7872428 5.7866777 5.7861145 5.7855531 5.7849936 5.784436 5.7838802 5.7833264 5.7827743 5.7822242 5.7816759 5.7811295 5.7805849 5.7800422 5.7795013 5.7789623 5.7784252 5.7778898 5.7773564 5.7768248 5.776295 5.775767 5.7752409 5.7747167 5.7741942 5.7736736 5.7731548 5.7726379 5.7721227 5.7716094 5.7710979 5.7705882 5.7700802 5.7695741 5.7690698 5.7685673 5.7680666 5.7675677 5.7670705 5.7665751 5.7660815 5.7655897 5.7650997
5.7972565 5.7966618 5.7960689 5.7954779 5.7948887 5.7943014 5.7937159 5.7931323 5.7925505 5.7919705 5.7913924 5.7908162 5.7902418 5.7896692 5.7890985 5.7885297 5.7879627 5.7873975 5.7868342 5.7862727 5.7857131 5.7851554 5.7845995 5.7840454 5.7834932 5.7829428 5.7823942 5.7818475 5.7813027 5.7807597 5.7802185 5.7796791 5.7791416 5.7786059 5.778072 5.77754 5.7770098 5.7764814 5.7759548 5.77543 5.7749071 5.7743859 5.7738666 5.7733491 5.7728334 5.7723195 5.7718073 5.771297 5.7707885 5.7702817 5.7697767 5.7692736 5.7687721 5.7682725 5.7677747 5.7672786 5.7667842 5.7662917 5.7658009 5.7653118
5.7973725 5.7967801 5.7961895 5.7956007 5.7950138 5.7944286 5.7938453 5.7932637 5.792684 5.7921061 5.79153 5.7909558 5.7903834 5.7898128 5.789244 5.788677 5.7881119 5.7875486 5.7869871 5.7864274 5.7858696 5.7853136 5.7847594 5.784207 5.7836564 5.7831077 5.7825608 5.7820157 5.7814724 5.780931 5.7803913 5.7798535 5.7793174 5.7787832 5.7782508 5.7777202 5.7771914 5.7766644 5.7761392 5.7756158 5.7750942 5.7745744 5.7740563 5.7735401 5.7730256 5.7725129 5.772002 5.7714929 5.7709856 5.77048 5.7699762 5.7694741 5.7689738 5.7684753 5.7679785 5.7674835 5.7669902 5.7664987 5.7660089 5.7655209
5.7974848 5.7968947 5.7963064 5.7957198 5.795135 5.7945521 5.7939709 5.7933915 5.7928138 5.792238 5.791664 5.7910917 5.7905213 5.7899527 5.7893858 5.7888208 5.7882575 5.7876961 5.7871364 5.7865785 5.7860225 5.7854682 5.7849158 5.7843651 5.7838162 5.7832692 5.7827239 5.7821804 5.7816387 5.7810989 5.7805608 5.7800245 5.7794899 5.7789572 5.7784263 5.7778971 5.7773697 5.7768441 5.7763203 5.7757983 5.775278 5.7747595 5.7742428 5.7737278 5.7732147 5.7727032 5.7721936 5.7716857 5.7711795 5.7706751 5.7701725 5.7696716 5.7691724 5.768675 5.7681793 5.7676854 5.7671932 5.7667027 5.7662139 5.7657269
5.7975933 5.7970055 5.7964195 5.7958352 5.7952526 5.7946718 5.7940928 5.7935155 5.79294 5.7923663 5.7917943 5.7912241 5.7906556 5.790089 5.7895241 5.7889609 5.7883996 5.78784 5.7872822 5.7867262 5.7861719 5.7856194 5.7850687 5.7845198 5.7839726 5.7834272 5.7828836 5.7823417 5.7818017 5.7812634 5.7807268 5.7801921 5.7796591 5.7791278 5.7785984 5.7780707 5.7775447 5.7770206 5.7764981 5.7759775 5.7754586 5.7749414 5.774426 5.7739124 5.7734005 5.7728903 5.7723819 5.7718752 5.7713703 5.7708671 5.7703656 5.7698659 5.7693679 5.7688716 5.768377 5.7678842 5.767393 5.7669036 5.7664159 5.7659299
5.7976981 5.7971126 5.7965288 5.7959468 5.7953665 5.7947879 5.7942111 5.793636 5.7930626 5.7924909 5.791921 5.7913528 5.7907864 5.7902217 5.7896588 5.7890976 5.7885381 5.7879804 5.7874245 5.7868703 5.7863178 5.7857671 5.7852182 5.784671 5.7841255 5.7835818 5.7830399 5.7824997 5.7819612 5.7814245 5.7808895 5.7803563 5.7798249 5.7792952 5.7787672 5.778241 5.7777165 5.7771937 5.7766727 5.7761535 5.7756359 5.7751201 5.7746061 5.7740937 5.7735831 5.7730743 5.7725671 5.7720617 5.771558 5.771056 5.7705557 5.7700571 5.7695603 5.7690651 5.7685717 5.7680799 5.7675899 5.7671015 5.7666149 5.7661299
5.7977992 5.797216 5.7966346 5.7960548 5.7954768 5.7949004 5.7943258 5.7937528 5.7931815 5.792612 5.7920442 5.791478 5.7909136 5.790351 5.78979 5.7892307 5.7886732 5.7881174 5.7875633 5.7870109 5.7864603 5.7859114 5.7853642 5.7848188 5.784275 5.783733 5.7831928 5.7826542 5.7821174 5.7815823 5.7810489 5.7805173 5.7799874 5.7794592 5.7789327 5.778408 5.777885 5.7773637 5.7768441 5.7763262 5.7758101 5.7752956 5.7747829 5.7742719 5.7737626 5.773255 5.7727492 5.772245 5.7717425 5.7712417 5.7707427 5.7702453 5.7697496 5.7692556 5.7687633 5.7682727 5.7677837 5.7672965 5.7668109 5.766327
5.7978966 5.7973158 5.7967367 5.7961593 5.7955835 5.7950093 5.7944369 5.7938661 5.793297 5.7927295 5.7921638 5.7915997 5.7910374 5.7904767 5.7899177 5.7893604 5.7888048 5.7882509 5.7876987 5.7871482 5.7865994 5.7860523 5.7855069 5.7849632 5.7844212 5.7838809 5.7833423 5.7828054 5.7822703 5.7817368 5.781205 5.780675 5.7801466 5.77962 5.779095 5.7785718 5.7780502 5.7775304 5.7770123 5.7764958 5.7759811 5.775468 5.7749566 5.774447 5.773939 5.7734327 5.7729281 5.7724252 5.771924 5.7714244 5.7709266 5.7704304 5.7699359 5.7694431 5.7689519 5.7684624 5.7679746 5.7674884 5.7670039 5.7665211
5.7979905 5.7974121 5.7968353 5.7962601 5.7956866 5.7951147 5.7945444 5.7939758 5.7934089 5.7928436 5.7922799 5.791718 5.7911576 5.790599 5.790042 5.7894866 5.788933 5.788381 5.7878307 5.787282 5.7867351 5.7861898 5.7856462 5.7851043 5.784564 5.7840255 5.7834886 5.7829534 5.7824199 5.781888 5.7813579 5.7808294 5.7803026 5.7797775 5.7792541 5.7787324 5.7782123 5.7776939 5.7771772 5.7766622 5.7761489 5.7756372 5.7751272 5.7746189 5.7741123 5.7736073 5.773104 5.7726024 5.7721024 5.7716041 5.7711075 5.7706125 5.7701192 5.7696275 5.7691375 5.7686492 5.7681625 5.7676774 5.767194 5.7667123
5.7980808 5.7975048 5.7969303 5.7963574 5.7957862 5.7952166 5.7946485 5.7940821 5.7935173 5.7929542 5.7923926 5.7918327 5.7912745 5.7907178 5.7901628 5.7896095 5.7890578 5.7885077 5.7879593 5.7874125 5.7868674 5.786324 5.7857822 5.785242 5.7847036 5.7841667 5.7836316 5.783098 5.7825662 5.782036 5.7815075 5.7809806 5.7804554 5.7799319 5.77941 5.7788898 5.7783712 5.7778543 5.7773391 5.7768255 5.7763136 5.7758033 5.7752947 5.7747878 5.7742825 5.7737788 5.7732768 5.7727765 5.7722778 5.7717808 5.7712854 5.7707916 5.7702995 5.769809 5.7693202 5.768833 5.7683474 5.7678635 5.7673812 5.7669005
5.7981676 5.7975939 5.7970218 5.7964513 5.7958823 5.795315 5.7947492 5.7941849 5.7936223 5.7930613 5.7925019 5.7919441 5.7913879 5.7908333 5.7902803 5.789729 5.7891792 5.7886311 5.7880846 5.7875397 5.7869965 5.7864549 5.7859149 5.7853765 5.7848398 5.7843047 5.7837713 5.7832395 5.7827093 5.7821808 5.7816539 5.7811286 5.780605 5.7800831 5.7795627 5.779044 5.778527 5.7780116 5.7774978 5.7769857 5.7764752 5.7759664 5.7754591 5.7749536 5.7744496 5.7739473 5.7734466 5.7729476 5.7724502 5.7719544 5.7714603 5.7709677 5.7704768 5.7699876 5.7694999 5.7690139 5.7685295 5.7680467 5.7675655 5.7670859
5.7982509 5.7976796 5.7971099 5.7965417 5.795975 5.7954099 5.7948464 5.7942844 5.7937239 5.7931651 5.7926078 5.7920521 5.791498 5.7909454 5.7903945 5.7898451 5.7892973 5.7887512 5.7882066 5.7876636 5.7871222 5.7865825 5.7860443 5.7855078 5.7849728 5.7844395 5.7839078 5.7833777 5.7828492 5.7823224 5.7817971 5.7812735 5.7807515 5.7802311 5.7797123 5.7791952 5.7786797 5.7781657 5.7776535 5.7771428 5.7766337 5.7761263 5.7756205 5.7751163 5.7746137 5.7741128 5.7736134 5.7731157 5.7726196 5.7721251 5.7716322 5.7711409 5.7706513 5.7701632 5.7696767 5.7691919 5.7687086 5.768227 5.7677469 5.7672684
5.7983308 5.7977619 5.7971946 5.7966287 5.7960643 5.7955015 5.7949402 5.7943804 5.7938222 5.7932655 5.7927103 5.7921567 5.7916047 5.7910542 5.7905053 5.7899579 5.7894122 5.7888679 5.7883253 5.7877842 5.7872447 5.7867068 5.7861705 5.7856358 5.7851026 5.7845711 5.7840411 5.7835127 5.782986 5.7824608 5.7819372 5.7814152 5.7808948 5.780376 5.7798588 5.7793432 5.7788292 5.7783168 5.777806 5.7772968 5.7767892 5.7762832 5.7757789 5.7752761 5.7747749 5.7742753 5.7737773 5.7732809 5.772786 5.7722928 5.7718012 5.7713112 5.7708227 5.7703359 5.7698506 5.769367 5.7688849 5.7684044 5.7679255 5.7674481
5.7984073 5.7978408 5.7972758 5.7967123 5.7961503 5.7955897 5.7950307 5.7944731 5.7939171 5.7933626 5.7928096 5.7922581 5.7917082 5.7911597 5.7906129 5.7900675 5.7895237 5.7889815 5.7884408 5.7879016 5.787364 5.786828 5.7862935 5.7857606 5.7852293 5.7846995 5.7841713 5.7836446 5.7831196 5.7825961 5.7820741 5.7815538 5.781035 5.7805178 5.7800022 5.7794882 5.7789757 5.7784649 5.7779556 5.7774479 5.7769417 5.7764372 5.7759342 5.7754328 5.774933 5.7744348 5.7739381 5.773443 5.7729495 5.7724576 5.7719673 5.7714785 5.7709913 5.7705057 5.7700217 5.7695392 5.7690583 5.768579 5.7681012 5.767625
5.7984805 5.7979164 5.7973538 5.7967926 5.7962329 5.7956746 5.7951178 5.7945625 5.7940087 5.7934564 5.7929055 5.7923562 5.7918084 5.791262 5.7907172 5.7901739 5.7896321 5.7890918 5.7885531 5.7880158 5.7874801 5.786946 5.7864134 5.7858823 5.7853528 5.7848248 5.7842983 5.7837734 5.7832501 5.7827283 5.782208 5.7816893 5.7811722 5.7806566 5.7801426 5.7796301 5.7791192 5.7786099 5.7781021 5.7775959 5.7770912 5.7765881 5.7760866 5.7755866 5.7750882 5.7745913 5.774096 5.7736023 5.7731101 5.7726195 5.7721305 5.771643 5.7711571 5.7706727 5.7701899 5.7697086 5.7692289 5.7687507 5.7682741 5.767799
5.7985503 5.7979886 5.7974284 5.7968696 5.7963122 5.7957562 5.7952017 5.7946487 5.7940971 5.7935469 5.7929983 5.7924511 5.7919053 5.7913611 5.7908183 5.790277 5.7897372 5.789199 5.7886622 5.7881269 5.7875931 5.7870608 5.7865301 5.7860008 5.7854731 5.7849469 5.7844222 5.7838991 5.7833775 5.7828574 5.7823388 5.7818218 5.7813063 5.7807923 5.7802799 5.779769 5.7792597 5.7787519 5.7782456 5.7777409 5.7772377 5.7767361 5.776236 5.7757375 5.7752404 5.774745 5.7742511 5.7737587 5.7732678 5.7727786 5.7722908 5.7718046 5.7713199 5.7708368 5.7703552 5.7698752 5.7693966 5.7689197 5.7684442 5.7679703
5.7986168 5.7980576 5.7974998 5.7969433 5.7963883 5.7958346 5.7952824 5.7947316 5.7941822 5.7936343 5.7930878 5.7925427 5.7919991 5.791457 5.7909163 5.790377 5.7898392 5.789303 5.7887681 5.7882348 5.7877029 5.7871726 5.7866437 5.7861163 5.7855904 5.785066 5.7845431 5.7840217 5.7835018 5.7829835 5.7824666 5.7819512 5.7814374 5.7809251 5.7804143 5.779905 5.7793972 5.7788909 5.7783862 5.777883 5.7773813 5.7768811 5.7763825 5.7758854 5.7753898 5.7748957 5.7744032 5.7739122 5.7734227 5.7729347 5.7724483 5.7719634 5.77148 5.7709981 5.7705177 5.7700389 5.7695616 5.7690858 5.7686116 5.7681388
5.7986802 5.7981234 5.7975679 5.7970138 5.7964611 5.7959098 5.7953599 5.7948113 5.7942642 5.7937185 5.7931741 5.7926312 5.7920897 5.7915497 5.7910111 5.7904739 5.7899381 5.7894038 5.788871 5.7883396 5.7878097 5.7872812 5.7867542 5.7862287 5.7857046 5.785182 5.7846609 5.7841413 5.7836232 5.7831065 5.7825913 5.7820777 5.7815655 5.7810548 5.7805456 5.7800379 5.7795317 5.779027 5.7785238 5.7780222 5.777522 5.7770233 5.7765261 5.7760304 5.7755363 5.7750436 5.7745525 5.7740628 5.7735747 5.7730881 5.7726029 5.7721193 5.7716372 5.7711566 5.7706775 5.7701999 5.7697238 5.7692492 5.7687762 5.7683046
5.7987403 5.7981859 5.7976329 5.7970812 5.7965308 5.7959818 5.7954342 5.7948879 5.794343 5.7937995 5.7932573 5.7927166 5.7921773 5.7916393 5.7911028 5.7905676 5.7900339 5.7895016 5.7889708 5.7884413 5.7879134 5.7873868 5.7868617 5.786338 5.7858158 5.785295 5.7847757 5.7842579 5.7837415 5.7832266 5.7827131 5.7822012 5.7816906 5.7811816 5.780674 5.780168 5.7796633 5.7791602 5.7786586 5.7781584 5.7776597 5.7771626 5.7766668 5.7761726 5.7756799 5.7751887 5.7746989 5.7742106 5.7737239 5.7732386 5.7727548 5.7722725 5.7717917 5.7713123 5.7708345 5.7703582 5.7698833 5.7694099 5.768938 5.7684676
5.7987972 5.7982453 5.7976947 5.7971454 5.7965974 5.7960507 5.7955054 5.7949614 5.7944187 5.7938774 5.7933375 5.7927989 5.7922617 5.7917258 5.7911914 5.7906583 5.7901267 5.7895964 5.7890675 5.7885401 5.788014 5.7874894 5.7869662 5.7864444 5.785924 5.7854051 5.7848876 5.7843715 5.7838569 5.7833437 5.782832 5.7823217 5.7818129 5.7813055 5.7807995 5.7802951 5.7797921 5.7792905 5.7787904 5.7782918 5.7777946 5.777299 5.7768047 5.776312 5.7758207 5.7753309 5.7748425 5.7743557 5.7738703 5.7733863 5.7729039 5.7724229 5.7719434 5.7714653 5.7709888 5.7705137 5.77004 5.7695679 5.7690972 5.768628
5.7988511 5.7983016 5.7977534 5.7972065 5.7966608 5.7961165 5.7955735 5.7950317 5.7944913 5.7939523 5.7934145 5.7928781 5.7923431 5.7918093 5.791277 5.790746 5.7902164 5.7896881 5.7891613 5.7886358 5.7881117 5.787589 5.7870676 5.7865477 5.7860292 5.7855121 5.7849964 5.7844822 5.7839693 5.7834579 5.7829479 5.7824393 5.7819322 5.7814264 5.7809222 5.7804193 5.7799179 5.7794179 5.7789194 5.7784223 5.7779267 5.7774325 5.7769398 5.7764485 5.7759587 5.7754703 5.7749834 5.7744979 5.7740139 5.7735313 5.7730502 5.7725705 5.7720923 5.7716156 5.7711403 5.7706665 5.7701941 5.7697232 5.7692537 5.7687857
5.7989018 5.7983548 5.797809 5.7972645 5.7967212 5.7961792 5.7956385 5.7950991 5.7945609 5.7940241 5.7934885 5.7929543 5.7924214 5.7918898 5.7913596 5.7908307 5.7903031 5.7897769 5.789252 5.7887285 5.7882064 5.7876856 5.7871662 5.7866482 5.7861315 5.7856163 5.7851024 5.7845899 5.7840789 5.7835692 5.7830609 5.782554 5.7820486 5.7815445 5.7810419 5.7805407 5.7800409 5.7795425 5.7790456 5.7785501 5.778056 5.7775633 5.7770721 5.7765823 5.7760939 5.7756069 5.7751214 5.7746374 5.7741547 5.7736735 5.7731938 5.7727155 5.7722386 5.7717631 5.7712891 5.7708166 5.7703454 5.7698758 5.7694075 5.7689407
5.7989495 5.798405 5.7978616 5.7973195 5.7967786 5.7962389 5.7957005 5.7951634 5.7946275 5.7940929 5.7935596 5.7930275 5.7924968 5.7919673 5.7914392 5.7909124 5.7903869 5.7898627 5.7893398 5.7888183 5.7882981 5.7877793 5.7872618 5.7867457 5.7862309 5.7857175 5.7852055 5.7846948 5.7841855 5.7836776 5.7831711 5.7826659 5.7821622 5.7816598 5.7811588 5.7806593 5.7801611 5.7796643 5.779169 5.778675 5.7781824 5.7776913 5.7772016 5.7767132 5.7762263 5.7757408 5.7752568 5.7747741 5.7742929 5.7738131 5.7733347 5.7728577 5.7723821 5.771908 5.7714353 5.770964 5.7704942 5.7700257 5.7695587 5.7690931
5.7989942 5.7984521 5.7979112 5.7973715 5.796833 5.7962957 5.7957596 5.7952247 5.7946911 5.7941588 5.7936276 5.7930978 5.7925692 5.7920419 5.7915159 5.7909911 5.7904677 5.7899455 5.7894247 5.7889052 5.788387 5.7878701 5.7873545 5.7868403 5.7863274 5.7858159 5.7853057 5.7847968 5.7842893 5.7837832 5.7832784 5.782775 5.7822729 5.7817723 5.781273 5.780775 5.7802785 5.7797833 5.7792895 5.7787971 5.7783061 5.7778165 5.7773283 5.7768415 5.776356 5.775872 5.7753894 5.7749081 5.7744283 5.7739499 5.7734729 5.7729972 5.772523 5.7720502 5.7715788 5.7711088 5.7706402 5.770173 5.7697073 5.7692429
5.799036 5.7984963 5.7979579 5.7974205 5.7968844 5.7963495 5.7958157 5.7952831 5.7947518 5.7942217 5.7936928 5.7931651 5.7926387 5.7921135 5.7915896 5.791067 5.7905456 5.7900255 5.7895067 5.7889892 5.788473 5.787958 5.7874444 5.7869321 5.7864211 5.7859114 5.785403 5.784896 5.7843903 5.7838859 5.7833829 5.7828812 5.7823809 5.7818819 5.7813843 5.780888 5.7803931 5.7798995 5.7794074 5.7789165 5.7784271 5.777939 5.7774523 5.776967 5.776483 5.7760005 5.7755193 5.7750395 5.7745611 5.774084 5.7736084 5.7731341 5.7726613 5.7721898 5.7717197 5.771251 5.7707837 5.7703177 5.7698532 5.7693901
