Cobbity3/QGIS/AVE26_run1.asc
NCOLS 800
NROWS 450
XLLCORNER 150.66
YLLCORNER -34.028
CELLSIZE 1e-05
NODATA_VALUE -9999
[rows 312 to 337 of 450, columns 348 to 405 of 800]
0.80278743 0.80498261 0.80709719 0.80913374 0.81109478 0.81298269 0.81479982 0.81654838 0.81823055 0.81984842 0.82140398 0.8228992 0.82433595 0.82571603 0.82704121 0.82831316 0.82953354 0.8307039 0.83182579 0.83290067 0.83392997 0.83491507 0.8358573 0.83675795 0.83761827 0.83843945 0.83922268 0.83996908 0.84067974 0.84135571 0.84199803 0.84260768 0.84318562 0.84373279 0.84425008 0.84473837 0.84519849 0.84563128 0.84603751 0.84641797 0.8467734 0.84710451 0.84741201 0.84769659 0.84795889 0.84819955 0.84841921 0.84861845 0.84879786 0.848958 0.84909944 0.84922269 0.84932828 0.84941671 0.84948846 0.84954401 0.84958383 0.84960834
0.80227493 0.80446844 0.80658207 0.80861838 0.81057981 0.81246873 0.81428741 0.81603805 0.81772279 0.81934367 0.82090269 0.82240174 0.82384268 0.82522729 0.82655731 0.8278344 0.82906016 0.83023617 0.83136392 0.83244487 0.83348042 0.83447195 0.83542076 0.83632814 0.83719531 0.83802346 0.83881376 0.83956732 0.84028522 0.8409685 0.84161819 0.84223527 0.84282068 0.84337535 0.84390017 0.844396 0.8448637 0.84530405 0.84571787 0.8461059 0.84646889 0.84680756 0.8471226 0.84741469 0.84768449 0.84793262 0.8481597 0.84836634 0.84855312 0.84872059 0.8488693 0.84899979 0.84911256 0.84920813 0.84928697 0.84934956 0.84939635 0.8494278
0.80180001 0.80399055 0.80610199 0.80813683 0.81009747 0.81198623 0.81380534 0.81555699 0.81724324 0.81886613 0.82042759 0.82192952 0.82337373 0.82476198 0.82609597 0.82737734 0.82860769 0.82978854 0.83092138 0.83200766 0.83304875 0.83404601 0.83500073 0.83591418 0.83678757 0.83762208 0.83841885 0.83917899 0.83990357 0.84059363 0.84125017 0.84187416 0.84246655 0.84302825 0.84356014 0.84406309 0.84453791 0.84498543 0.84540642 0.84580164 0.84617182 0.84651768 0.8468399 0.84713917 0.84741612 0.84767139 0.8479056 0.84811934 0.84831318 0.84848769 0.84864341 0.84878087 0.84890057 0.84900303 0.84908872 0.84915811 0.84921166 0.84924981
0.80136249 0.80354878 0.80565679 0.80768896 0.80964764 0.81153511 0.81335358 0.81510515 0.81679189 0.81841577 0.81997872 0.82148258 0.82292914 0.82432014 0.82565724 0.82694206 0.82817618 0.82936109 0.83049827 0.83158914 0.83263506 0.83363735 0.83459732 0.83551619 0.83639517 0.83723542 0.83803808 0.83880424 0.83953496 0.84023125 0.84089412 0.84152453 0.84212341 0.84269166 0.84323017 0.84373978 0.84422131 0.84467557 0.84510333 0.84550534 0.84588233 0.84623501 0.84656407 0.84687016 0.84715395 0.84741604 0.84765706 0.84787759 0.84807821 0.84825948 0.84842192 0.84856608 0.84869246 0.84880156 0.84889385 0.84896981 0.84902989 0.84907453
0.80096214 0.80314294 0.80524631 0.80727463 0.80923021 0.81111528 0.81293201 0.81468247 0.81636867 0.81799257 0.81955604 0.8210609 0.82250891 0.82390178 0.82524114 0.8265286 0.82776568 0.82895389 0.83009466 0.83118939 0.83223942 0.83324608 0.83421062 0.83513427 0.83601822 0.83686362 0.83767158 0.83844319 0.83917948 0.83988148 0.84055017 0.84118649 0.84179137 0.84236572 0.84291038 0.84342621 0.84391403 0.84437462 0.84480875 0.84521716 0.84560059 0.84595973 0.84629526 0.84660784 0.84689812 0.84716672 0.84741423 0.84764126 0.84784836 0.84803609 0.848205 0.84835559 0.84848839 0.84860388 0.84870253 0.84878483 0.84885121 0.84890211
0.8005987 0.80277279 0.80487033 0.80689365 0.80884501 0.81072659 0.81254052 0.81428884 0.81597351 0.81759644 0.81915949 0.82066444 0.82211302 0.82350689 0.82484769 0.82613696 0.82737623 0.82856696 0.82971058 0.83080845 0.83186191 0.83287224 0.83384071 0.8347685 0.83565681 0.83650675 0.83731944 0.83809593 0.83883726 0.83954444 0.84021842 0.84086017 0.84147058 0.84205054 0.84260091 0.84312253 0.8436162 0.8440827 0.8445228 0.84493724 0.84532672 0.84569196 0.84603361 0.84635234 0.84664878 0.84692355 0.84717726 0.84741047 0.84762377 0.84781769 0.84799277 0.84814954 0.84828849 0.84841012 0.84851489 0.84860328 0.84867574 0.84873269
0.80027187 0.80243807 0.80452861 0.80654579 0.80849183 0.81036887 0.81217896 0.81392412 0.81560627 0.8172273 0.818789 0.82029314 0.82174141 0.82313545 0.82447684 0.82576713 0.82700781 0.82820032 0.82934605 0.83044636 0.83150255 0.8325159 0.83348764 0.83441895 0.835311 0.8361649 0.83698173 0.83776255 0.83850838 0.83922021 0.839899 0.84054566 0.84116112 0.84174624 0.84230187 0.84282884 0.84332794 0.84379995 0.84424562 0.84466569 0.84506086 0.84543182 0.84577925 0.84610378 0.84640606 0.84668669 0.84694627 0.84718537 0.84740457 0.84760439 0.84778538 0.84794805 0.8480929 0.84822042 0.84833107 0.84842532 0.84850362 0.8485664
0.79998132 0.80213845 0.80422087 0.80623082 0.80817046 0.81004189 0.81184714 0.81358815 0.81526683 0.81688501 0.81844446 0.8199469 0.821394 0.82278737 0.82412856 0.82541908 0.82666041 0.82785395 0.82900107 0.83010312 0.83116137 0.83217707 0.83315145 0.83408566 0.83498084 0.83583811 0.83665853 0.83744313 0.83819292 0.83890889 0.83959196 0.84024307 0.8408631 0.84145291 0.84201336 0.84254524 0.84304935 0.84352646 0.84397731 0.84440263 0.84480312 0.84517945 0.8455323 0.8458623 0.84617008 0.84645624 0.84672139 0.84696608 0.84719088 0.84739633 0.84758295 0.84775126 0.84790175 0.8480349 0.84815119 0.84825107 0.84833499 0.84840337
0.79972668 0.8018736 0.80394679 0.80594842 0.80788062 0.80974543 0.81154483 0.81328073 0.814955 0.81656941 0.81812572 0.81962561 0.8210707 0.82246257 0.82380276 0.82509275 0.82633397 0.82752781 0.82867562 0.82977872 0.83083835 0.83185577 0.83283214 0.83376864 0.83466637 0.83552643 0.83634987 0.83713771 0.83789094 0.83861052 0.83929739 0.83995245 0.84057658 0.84117064 0.84173546 0.84227183 0.84278053 0.84326234 0.84371798 0.84414816 0.84455359 0.84493494 0.84529286 0.84562799 0.84594094 0.84623233 0.84650273 0.84675271 0.84698283 0.84719362 0.8473856 0.84755928 0.84771515 0.84785369 0.84797537 0.84808064 0.84816995 0.84824371
0.79950755 0.80164316 0.80370603 0.8056983 0.80762203 0.80947922 0.8112718 0.81300165 0.81467057 0.81628033 0.81783263 0.8193291 0.82077136 0.82216095 0.82349936 0.82478804 0.82602842 0.82722185 0.82836965 0.82947312 0.83053349 0.83155197 0.83252973 0.8334679 0.8343676 0.83522988 0.83605579 0.83684632 0.83760246 0.83832516 0.83901533 0.83967387 0.84030165 0.8408995 0.84146824 0.84200867 0.84252156 0.84300766 0.8434677 0.84390238 0.84431238 0.84469838 0.84506103 0.84540095 0.84571876 0.84601505 0.8462904 0.84654538 0.84678052 0.84699636 0.84719343 0.84737221 0.84753321 0.84767689 0.84780372 0.84791415 0.84800862 0.84808755
0.79932348 0.8014467 0.80349822 0.8054801 0.80739436 0.80924296 0.81102778 0.81275064 0.81441333 0.81601756 0.81756498 0.81905722 0.82049584 0.82188235 0.82321821 0.82450486 0.82574367 0.82693599 0.8280831 0.82918627 0.83024672 0.83126564 0.83224417 0.83318343 0.83408451 0.83494846 0.83577629 0.83656899 0.83732753 0.83805284 0.83874583 0.83940737 0.84003833 0.84063953 0.84121177 0.84175584 0.84227251 0.84276251 0.84322655 0.84366535 0.84407957 0.84446987 0.8448369 0.84518128 0.84550362 0.8458045 0.84608449 0.84634416 0.84658404 0.84680467 0.84700655 0.84719018 0.84735604 0.84750461 0.84763635 0.84775171 0.84785111 0.84793497
0.79917402 0.80128381 0.80332294 0.80529344 0.80719726 0.80903632 0.81081245 0.81252744 0.81418301 0.81578085 0.81732258 0.81880977 0.82024396 0.82162662 0.82295919 0.82424307 0.82547961 0.82667012 0.82781587 0.82891809 0.82997799 0.83099673 0.83197543 0.8329152 0.8338171 0.83468215 0.83551136 0.83630572 0.83706615 0.83779358 0.8384889 0.83915299 0.83978667 0.84039077 0.84096609 0.84151339 0.84203342 0.84252692 0.8429946 0.84343714 0.84385521 0.84424947 0.84462054 0.84496905 0.84529559 0.84560075 0.84588509 0.84614916 0.84639349 0.84661862 0.84682504 0.84701325 0.84718373 0.84733695 0.84747336 0.8475934 0.8476975 0.84778609
0.79905867 0.80115401 0.80317977 0.80513791 0.80703036 0.80885895 0.81062549 0.81233173 0.81397933 0.81556995 0.81710517 0.81858653 0.82001551 0.82139358 0.82272213 0.82400253 0.8252361 0.82642413 0.82756785 0.82866849 0.82972722 0.83074517 0.83172346 0.83266316 0.83356531 0.83443093 0.835261 0.83605649 0.83681831 0.83754738 0.83824457 0.83891073 0.83954669 0.84015326 0.84073123 0.84128134 0.84180435 0.84230097 0.84277189 0.84321781 0.84363938 0.84403724 0.84441203 0.84476434 0.84509477 0.84540389 0.84569227 0.84596044 0.84620895 0.8464383 0.846649 0.84684153 0.84701637 0.84717398 0.84731482 0.84743932 0.84754791 0.847641
0.7989769 0.80105681 0.80306824 0.80501309 0.80689324 0.80871048 0.81046656 0.81216318 0.81380199 0.81538458 0.8169125 0.81838725 0.81981028 0.82118302 0.82250684 0.82378306 0.82501299 0.82619787 0.82733893 0.82843736 0.82949431 0.83051088 0.83148817 0.83242724 0.8333291 0.83419475 0.83502516 0.83582127 0.836584 0.83731422 0.83801281 0.8386806 0.8393184 0.83992702 0.84050721 0.84105974 0.84158532 0.84208467 0.84255848 0.84300741 0.84343212 0.84383325 0.8442114 0.84456719 0.84490119 0.84521398 0.8455061 0.84577809 0.84603048 0.84626378 0.84647849 0.84667508 0.84685404 0.8470158 0.84716083 0.84728956 0.8474024 0.84749978
0.79892817 0.8009917 0.80298786 0.80491851 0.80678547 0.80859049 0.81033527 0.81202146 0.81365066 0.81522444 0.81674428 0.81821167 0.81962803 0.82099472 0.82231311 0.82358447 0.82481009 0.82599119 0.82712897 0.82822457 0.82927913 0.83029375 0.83126948 0.83220736 0.83310839 0.83397355 0.8348038 0.83560004 0.83636318 0.83709409 0.83779362 0.83846258 0.8391018 0.83971203 0.84029405 0.84084858 0.84137635 0.84187806 0.84235437 0.84280597 0.84323347 0.84363752 0.84401872 0.84437766 0.84471492 0.84503107 0.84532663 0.84560216 0.84585816 0.84609514 0.84631359 0.84651399 0.8466968 0.84686248 0.84701146 0.84714419 0.84726106 0.8473625
0.79891189 0.80095812 0.80293812 0.8048537 0.80670661 0.80849857 0.81023122 0.81190618 0.813525 0.81508919 0.81660022 0.81805952 0.81946848 0.82082844 0.82214071 0.82340656 0.82462723 0.82580392 0.82693779 0.82802997 0.82908157 0.83009365 0.83106727 0.83200342 0.8329031 0.83376726 0.83459683 0.83539272 0.8361558 0.83688694 0.83758696 0.83825667 0.83889686 0.8395083 0.84009173 0.84064788 0.84117746 0.84168114 0.84215961 0.8426135 0.84304346 0.8434501 0.84383402 0.8441958 0.84453601 0.84485521 0.84515393 0.8454327 0.84569203 0.84593243 0.84615436 0.84635831 0.84654473 0.84671408 0.84686679 0.84700328 0.84712396 0.84722925
0.79892747 0.80095551 0.80291848 0.80481814 0.80665618 0.80843427 0.810154 0.81181695 0.81342462 0.81497848 0.81647998 0.81793048 0.81933136 0.82068391 0.82198941 0.8232491 0.82446419 0.82563585 0.82676522 0.82785339 0.82890146 0.82991046 0.83088142 0.83181532 0.83271313 0.83357579 0.8344042 0.83519926 0.83596182 0.83669272 0.83739279 0.83806281 0.83870357 0.8393158 0.83990025 0.84045763 0.84098864 0.84149393 0.84197419 0.84243004 0.84286211 0.843271 0.84365732 0.84402162 0.84436448 0.84468644 0.84498803 0.84526977 0.84553216 0.84577569 0.84600085 0.8462081 0.84639789 0.84657066 0.84672686 0.84686689 0.84699117 0.8471001
0.79897427 0.80098328 0.80292839 0.8048113 0.80663367 0.80839711 0.81010316 0.81175335 0.81334914 0.81489196 0.81638322 0.81782424 0.81921636 0.82056085 0.82185894 0.82311185 0.82432075 0.82548679 0.82661106 0.82769467 0.82873864 0.82974402 0.83071179 0.83164293 0.83253837 0.83339903 0.8342258 0.83501956 0.83578114 0.83651137 0.83721106 0.83788097 0.83852187 0.83913451 0.83971959 0.84027781 0.84080987 0.84131642 0.84179811 0.84225558 0.84268942 0.84310025 0.84348864 0.84385516 0.84420037 0.84452479 0.84482896 0.84511339 0.84537856 0.84562498 0.8458531 0.8460634 0.84625631 0.84643228 0.84659174 0.84673509 0.84686274 0.84697509
0.79905165 0.8010408 0.80296725 0.80483265 0.80663858 0.8083866 0.81007824 0.81171494 0.81329815 0.81482924 0.81630957 0.81774046 0.81912317 0.82045896 0.82174902 0.82299454 0.82419666 0.82535649 0.82647512 0.82755359 0.82859294 0.82959417 0.83055824 0.8314861 0.83237868 0.83323686 0.83406153 0.83485353 0.83561369 0.83634282 0.83704169 0.83771108 0.83835173 0.83896437 0.83954969 0.84010839 0.84064114 0.84114859 0.84163137 0.84209011 0.8425254 0.84293784 0.843328 0.84369643 0.84404369 0.84437029 0.84467676 0.84496359 0.84523129 0.84548033 0.84571117 0.84592426 0.84612006 0.84629899 0.84646147 0.84660792 0.84673873 0.84685429
0.79915893 0.80112746 0.80303448 0.8048816 0.80667035 0.80840225 0.81007875 0.81170128 0.81327122 0.81478991 0.81625867 0.81767877 0.81905146 0.82037793 0.82165936 0.8228969 0.82409166 0.82524473 0.82635715 0.82742997 0.82846416 0.82946072 0.83042059 0.83134469 0.83223392 0.83308916 0.83391127 0.83470107 0.83545937 0.83618696 0.83688462 0.83755308 0.83819308 0.83880533 0.83939053 0.83994933 0.84048241 0.84099041 0.84147394 0.84193362 0.84237004 0.84278378 0.84317539 0.84354544 0.84389445 0.84422294 0.84453143 0.84482041 0.84509036 0.84534176 0.84557506 0.84579072 0.84598916 0.84617082 0.8463361 0.84648543 0.84661918 0.84673775
0.79929543 0.80124258 0.80312945 0.80495757 0.80672844 0.80844352 0.8101042 0.81171189 0.8132679 0.81477355 0.81623011 0.81763881 0.81900086 0.82031743 0.82158965 0.82281864 0.82400549 0.82515125 0.82625694 0.82732356 0.82835209 0.82934349 0.83029866 0.83121852 0.83210395 0.83295579 0.83377489 0.83456205 0.83531807 0.83604372 0.83673974 0.83740688 0.83804585 0.83865734 0.83924203 0.83980059 0.84033365 0.84084185 0.8413258 0.84178609 0.84222332 0.84263804 0.84303081 0.84340217 0.84375265 0.84408276 0.844393 0.84468385 0.8449558 0.84520931 0.84544482 0.84566279 0.84586365 0.8460478 0.84621567 0.84636765 0.84650413 0.8466255
0.79946045 0.80138551 0.80325152 0.80505996 0.80681227 0.80850986 0.81015408 0.81174628 0.81328774 0.81477974 0.81622349 0.81762019 0.81897102 0.82027711 0.82153956 0.82275946 0.82393785 0.82507577 0.82617421 0.82723414 0.82825652 0.82924226 0.83019227 0.83110743 0.83198859 0.83283659 0.83365225 0.83443635 0.83518967 0.83591296 0.83660697 0.8372724 0.83790995 0.83852031 0.83910414 0.83966209 0.84019479 0.84070286 0.8411869 0.84164749 0.84208521 0.84250061 0.84289424 0.84326663 0.8436183 0.84394974 0.84426145 0.84455392 0.84482761 0.84508297 0.84532046 0.84554051 0.84574354 0.84592997 0.8461002 0.84625462 0.84639363 0.84651759
0.79965325 0.80155555 0.80340004 0.80518815 0.80692125 0.80860072 0.81022786 0.81180396 0.81333027 0.81480801 0.81623837 0.81762251 0.81896155 0.82025661 0.82150875 0.82271902 0.82388845 0.82501802 0.82610871 0.82716146 0.8281772 0.82915682 0.83010121 0.83101121 0.83188768 0.8327314 0.83354319 0.83432382 0.83507404 0.83579459 0.83648618 0.83714952 0.83778529 0.83839416 0.83897678 0.83953378 0.84006579 0.8405734 0.8410572 0.84151778 0.84195569 0.84237147 0.84276567 0.84313879 0.84349137 0.84382387 0.8441368 0.84443062 0.8447058 0.84496278 0.845202 0.84542389 0.84562887 0.84581735 0.84598972 0.84614637 0.84628769 0.84641405
0.79987309 0.801752 0.80357434 0.80534149 0.80705478 0.80871552 0.81032498 0.8118844 0.81339498 0.8148579 0.81627431 0.81764534 0.81897207 0.82025557 0.82149688 0.82269702 0.82385697 0.8249777 0.82606016 0.82710526 0.82811389 0.82908694 0.83002526 0.83092968 0.83180101 0.83264005 0.83344756 0.83422432 0.83497104 0.83568846 0.83637726 0.83703815 0.83767178 0.83827881 0.83885987 0.83941559 0.83994656 0.84045339 0.84093665 0.8413969 0.8418347 0.84225057 0.84264505 0.84301864 0.84337184 0.84370515 0.84401903 0.84431395 0.84459036 0.84484871 0.84508943 0.84531293 0.84551964 0.84570994 0.84588424 0.84604292 0.84618635 0.8463149
0.80011923 0.80197414 0.80377374 0.80551934 0.80721224 0.80885369 0.8104449 0.81198708 0.81348138 0.81492894 0.81633088 0.81768826 0.81900216 0.8202736 0.82150358 0.82269309 0.82384309 0.82495451 0.82602827 0.82706526 0.82806635 0.82903238 0.8299642 0.83086261 0.8317284 0.83256234 0.83336518 0.83413767 0.83488052 0.83559443 0.83628009 0.83693816 0.8375693 0.83817414 0.83875331 0.83930741 0.83983704 0.84034277 0.84082518 0.84128481 0.84172219 0.84213787 0.84253235 0.84290612 0.84325969 0.84359354 0.84390811 0.84420388 0.84448129 0.84474077 0.84498275 0.84520764 0.84541585 0.84560777 0.84578379 0.84594428 0.84608962 0.84622016
0.8003909 0.80222124 0.80399753 0.80572104 0.807393 0.80901461 0.81058704 0.81211145 0.81358895 0.81502064 0.81640759 0.81775084 0.81905141 0.8203103 0.82152847 0.82270689 0.82384647 0.82494813 0.82601275 0.82704119 0.82803429 0.8289929 0.8299178 0.83080979 0.83166963 0.83249808 0.83329587 0.83406372 0.83480232 0.83551236 0.83619451 0.83684942 0.83747773 0.83808005 0.838657 0.83920917 0.83973714 0.84024147 0.84072272 0.84118143 0.84161812 0.84203332 0.84242752 0.84280122 0.84315489 0.84348901 0.84380404 0.84410041 0.84437858 0.84463896 0.84488197 0.84510802 0.84531751 0.84551083 0.84568836 0.84585047 0.84599752 0.84612986
