Cobbity3/QGIS/AVE2_run1.asc
NCOLS 800
NROWS 450
XLLCORNER 150.66
YLLCORNER -34.028
CELLSIZE 1e-05
NODATA_VALUE -9999
[rows 208 to 233 of 450, columns 660 to 719 of 800]
5.6973182 5.6969772 5.6966381 5.6963007 5.6959652 5.6956314 5.6952995 5.6949693 5.6946409 5.6943143 5.6939894 5.6936662 5.6933448 5.693025 5.692707 5.6923907 5.6920761 5.6917631 5.6914518 5.6911422 5.6908342 5.6905279 5.6902231 5.68992 5.6896186 5.6893187 5.6890204 5.6887236 5.6884285 5.6881349 5.6878429 5.6875524 5.6872635 5.6869761 5.6866902 5.6864058 5.6861229 5.6858415 5.6855616 5.6852832 5.6850062 5.6847307 5.6844567 5.6841841 5.6839129 5.6836431 5.6833748 5.6831079 5.6828424 5.6825782 5.6823155 5.6820541 5.6817941 5.6815355 5.6812782 5.6810223 5.6807677 5.6805145 5.6802625 5.6800119
5.6978612 5.6975189 5.6971783 5.6968396 5.6965027 5.6961676 5.6958343 5.6955028 5.6951731 5.6948451 5.6945188 5.6941943 5.6938715 5.6935505 5.6932311 5.6929135 5.6925975 5.6922833 5.6919706 5.6916597 5.6913504 5.6910427 5.6907367 5.6904323 5.6901295 5.6898283 5.6895287 5.6892307 5.6889343 5.6886394 5.6883461 5.6880544 5.6877642 5.6874755 5.6871883 5.6869027 5.6866185 5.6863359 5.6860547 5.685775 5.6854968 5.6852201 5.6849448 5.6846709 5.6843985 5.6841275 5.6838579 5.6835898 5.6833231 5.6830577 5.6827937 5.6825312 5.68227 5.6820101 5.6817516 5.6814945 5.6812387 5.6809842 5.6807311 5.6804793
5.6984012 5.6980575 5.6977156 5.6973756 5.6970373 5.6967009 5.6963662 5.6960334 5.6957023 5.695373 5.6950454 5.6947196 5.6943955 5.6940731 5.6937525 5.6934335 5.6931162 5.6928007 5.6924868 5.6921745 5.6918639 5.691555 5.6912476 5.690942 5.6906379 5.6903354 5.6900345 5.6897353 5.6894376 5.6891414 5.6888469 5.6885538 5.6882624 5.6879724 5.687684 5.6873971 5.6871117 5.6868278 5.6865454 5.6862645 5.685985 5.685707 5.6854305 5.6851554 5.6848818 5.6846096 5.6843388 5.6840695 5.6838015 5.6835349 5.6832698 5.683006 5.6827436 5.6824825 5.6822229 5.6819645 5.6817075 5.6814519 5.6811976 5.6809446
5.6989381 5.6985931 5.6982499 5.6979085 5.6975689 5.6972312 5.6968952 5.696561 5.6962287 5.695898 5.6955692 5.695242 5.6949166 5.694593 5.694271 5.6939508 5.6936322 5.6933153 5.6930001 5.6926866 5.6923747 5.6920645 5.6917559 5.691449 5.6911436 5.6908399 5.6905378 5.6902372 5.6899383 5.6896409 5.6893451 5.6890508 5.6887581 5.6884669 5.6881772 5.6878891 5.6876025 5.6873173 5.6870337 5.6867516 5.6864709 5.6861917 5.6859139 5.6856377 5.6853628 5.6850894 5.6848174 5.6845468 5.6842777 5.6840099 5.6837436 5.6834786 5.683215 5.6829528 5.6826919 5.6824324 5.6821743 5.6819174 5.681662 5.6814078
5.699472 5.6991256 5.6987811 5.6984384 5.6980976 5.6977585 5.6974213 5.6970858 5.6967521 5.6964202 5.69609 5.6957616 5.6954349 5.69511 5.6947868 5.6944652 5.6941454 5.6938273 5.6935108 5.693196 5.6928829 5.6925714 5.6922616 5.6919533 5.6916468 5.6913418 5.6910384 5.6907366 5.6904364 5.6901378 5.6898407 5.6895452 5.6892513 5.6889589 5.688668 5.6883786 5.6880908 5.6878045 5.6875196 5.6872363 5.6869544 5.686674 5.686395 5.6861176 5.6858415 5.6855669 5.6852937 5.685022 5.6847516 5.6844827 5.6842152 5.683949 5.6836842 5.6834208 5.6831588 5.6828981 5.6826388 5.6823809 5.6821242 5.6818689
5.7000028 5.6996551 5.6993093 5.6989654 5.6986232 5.6982829 5.6979443 5.6976076 5.6972726 5.6969395 5.696608 5.6962783 5.6959504 5.6956242 5.6952997 5.6949769 5.6946559 5.6943365 5.6940188 5.6937027 5.6933883 5.6930756 5.6927645 5.6924551 5.6921473 5.6918411 5.6915365 5.6912334 5.690932 5.6906322 5.6903339 5.6900372 5.689742 5.6894484 5.6891563 5.6888658 5.6885767 5.6882892 5.6880031 5.6877186 5.6874355 5.6871539 5.6868738 5.6865951 5.6863179 5.6860421 5.6857678 5.6854948 5.6852233 5.6849532 5.6846845 5.6844172 5.6841513 5.6838867 5.6836235 5.6833617 5.6831013 5.6828421 5.6825844 5.6823279
5.7005305 5.7001816 5.6998345 5.6994893 5.6991459 5.6988043 5.6984645 5.6981265 5.6977903 5.6974558 5.6971232 5.6967922 5.6964631 5.6961356 5.6958099 5.6954859 5.6951635 5.6948429 5.694524 5.6942067 5.6938911 5.6935772 5.6932649 5.6929542 5.6926452 5.6923377 5.6920319 5.6917277 5.6914251 5.691124 5.6908246 5.6905266 5.6902303 5.6899355 5.6896422 5.6893504 5.6890602 5.6887715 5.6884843 5.6881985 5.6879143 5.6876315 5.6873502 5.6870704 5.686792 5.686515 5.6862395 5.6859654 5.6856928 5.6854215 5.6851517 5.6848832 5.6846161 5.6843504 5.6840861 5.6838232 5.6835615 5.6833013 5.6830424 5.6827848
5.7010552 5.700705 5.7003567 5.7000102 5.6996656 5.6993228 5.6989817 5.6986425 5.698305 5.6979694 5.6976355 5.6973033 5.6969729 5.6966442 5.6963173 5.695992 5.6956685 5.6953466 5.6950265 5.694708 5.6943912 5.6940761 5.6937625 5.6934507 5.6931404 5.6928318 5.6925248 5.6922194 5.6919156 5.6916133 5.6913127 5.6910136 5.6907161 5.6904201 5.6901256 5.6898327 5.6895413 5.6892514 5.688963 5.6886761 5.6883907 5.6881068 5.6878243 5.6875433 5.6872638 5.6869857 5.686709 5.6864338 5.68616 5.6858876 5.6856166 5.685347 5.6850788 5.684812 5.6845465 5.6842824 5.6840197 5.6837583 5.6834983 5.6832396
5.7015769 5.7012255 5.7008759 5.7005282 5.7001823 5.6998383 5.699496 5.6991556 5.6988169 5.69848 5.6981449 5.6978115 5.6974799 5.69715 5.6968218 5.6964954 5.6961707 5.6958476 5.6955263 5.6952066 5.6948886 5.6945723 5.6942576 5.6939445 5.6936331 5.6933233 5.6930151 5.6927085 5.6924035 5.6921001 5.6917983 5.691498 5.6911993 5.6909022 5.6906066 5.6903125 5.6900199 5.6897289 5.6894393 5.6891513 5.6888647 5.6885797 5.6882961 5.6880139 5.6877332 5.687454 5.6871762 5.6868999 5.6866249 5.6863514 5.6860793 5.6858086 5.6855392 5.6852713 5.6850047 5.6847395 5.6844757 5.6842132 5.6839521 5.6836923
5.7020954 5.7017428 5.7013921 5.7010432 5.7006961 5.7003508 5.7000074 5.6996657 5.6993258 5.6989877 5.6986514 5.6983169 5.6979841 5.697653 5.6973236 5.696996 5.6966701 5.6963459 5.6960234 5.6957025 5.6953833 5.6950658 5.69475 5.6944357 5.6941231 5.6938122 5.6935028 5.6931951 5.6928889 5.6925844 5.6922814 5.69198 5.6916801 5.6913818 5.6910851 5.6907898 5.6904961 5.6902039 5.6899133 5.6896241 5.6893364 5.6890502 5.6887655 5.6884822 5.6882004 5.6879201 5.6876411 5.6873637 5.6870876 5.686813 5.6865398 5.6862679 5.6859975 5.6857285 5.6854608 5.6851945 5.6849296 5.684666 5.6844038 5.6841429
5.702611 5.7022572 5.7019052 5.7015551 5.7012069 5.7008604 5.7005158 5.7001729 5.6998319 5.6994926 5.6991551 5.6988194 5.6984854 5.6981532 5.6978227 5.6974939 5.6971668 5.6968414 5.6965177 5.6961957 5.6958754 5.6955567 5.6952397 5.6949243 5.6946106 5.6942985 5.693988 5.6936791 5.6933718 5.6930661 5.692762 5.6924594 5.6921584 5.691859 5.6915611 5.6912647 5.6909699 5.6906766 5.6903848 5.6900945 5.6898057 5.6895184 5.6892325 5.6889482 5.6886653 5.6883838 5.6881038 5.6878252 5.6875481 5.6872723 5.686998 5.6867251 5.6864536 5.6861834 5.6859147 5.6856473 5.6853813 5.6851166 5.6848533 5.6845914
5.7031235 5.7027685 5.7024154 5.7020641 5.7017147 5.7013671 5.7010213 5.7006773 5.700335 5.6999946 5.699656 5.6993191 5.6989839 5.6986505 5.6983189 5.6979889 5.6976607 5.6973342 5.6970094 5.6966862 5.6963647 5.6960449 5.6957268 5.6954103 5.6950954 5.6947821 5.6944705 5.6941605 5.6938521 5.6935453 5.69324 5.6929363 5.6926342 5.6923337 5.6920347 5.6917372 5.6914413 5.6911469 5.6908539 5.6905625 5.6902726 5.6899842 5.6896973 5.6894118 5.6891278 5.6888453 5.6885642 5.6882845 5.6880062 5.6877294 5.687454 5.68718 5.6869074 5.6866362 5.6863664 5.6860979 5.6858309 5.6855651 5.6853008 5.6850377
5.7036329 5.7032768 5.7029225 5.7025701 5.7022195 5.7018708 5.7015238 5.7011787 5.7008353 5.7004937 5.700154 5.6998159 5.6994797 5.6991451 5.6988123 5.6984813 5.6981519 5.6978242 5.6974983 5.697174 5.6968514 5.6965305 5.6962112 5.6958936 5.6955776 5.6952632 5.6949505 5.6946394 5.6943298 5.6940219 5.6937155 5.6934108 5.6931076 5.6928059 5.6925058 5.6922072 5.6919102 5.6916147 5.6913207 5.6910282 5.6907372 5.6904477 5.6901597 5.6898731 5.6895881 5.6893044 5.6890222 5.6887415 5.6884622 5.6881843 5.6879078 5.6876328 5.6873591 5.6870868 5.6868159 5.6865464 5.6862783 5.6860115 5.6857461 5.685482
5.7041393 5.7037821 5.7034267 5.7030731 5.7027214 5.7023715 5.7020234 5.7016772 5.7013327 5.70099 5.7006491 5.7003099 5.6999725 5.6996369 5.699303 5.6989708 5.6986403 5.6983116 5.6979845 5.6976591 5.6973354 5.6970134 5.696693 5.6963743 5.6960572 5.6957417 5.6954279 5.6951156 5.694805 5.694496 5.6941886 5.6938827 5.6935784 5.6932757 5.6929745 5.6926748 5.6923767 5.6920801 5.6917851 5.6914915 5.6911994 5.6909088 5.6906198 5.6903321 5.690046 5.6897613 5.689478 5.6891962 5.6889159 5.6886369 5.6883594 5.6880833 5.6878086 5.6875352 5.6872633 5.6869928 5.6867236 5.6864558 5.6861893 5.6859242
5.7046427 5.7042843 5.7039278 5.7035731 5.7032203 5.7028693 5.7025201 5.7021727 5.7018272 5.7014834 5.7011414 5.7008011 5.7004626 5.7001259 5.6997909 5.6994576 5.699126 5.6987961 5.698468 5.6981415 5.6978167 5.6974936 5.6971721 5.6968523 5.6965341 5.6962176 5.6959027 5.6955894 5.6952777 5.6949676 5.6946591 5.6943521 5.6940468 5.6937429 5.6934407 5.69314 5.6928408 5.6925431 5.692247 5.6919524 5.6916593 5.6913676 5.6910775 5.6907888 5.6905016 5.6902159 5.6899316 5.6896487 5.6893673 5.6890873 5.6888087 5.6885316 5.6882558 5.6879815 5.6877085 5.6874369 5.6871667 5.6868979 5.6866304 5.6863642
5.705143 5.7047835 5.7044259 5.7040702 5.7037163 5.7033642 5.7030139 5.7026654 5.7023188 5.7019739 5.7016308 5.7012894 5.7009499 5.700612 5.700276 5.6999416 5.6996089 5.699278 5.6989488 5.6986212 5.6982954 5.6979712 5.6976486 5.6973277 5.6970085 5.6966909 5.6963749 5.6960605 5.6957478 5.6954366 5.695127 5.694819 5.6945126 5.6942078 5.6939044 5.6936027 5.6933025 5.6930038 5.6927066 5.6924109 5.6921167 5.6918241 5.6915329 5.6912432 5.6909549 5.6906681 5.6903828 5.6900989 5.6898165 5.6895355 5.6892559 5.6889777 5.6887009 5.6884255 5.6881515 5.6878789 5.6876077 5.6873378 5.6870693 5.6868022
5.7056403 5.7052797 5.7049211 5.7045642 5.7042092 5.7038561 5.7035047 5.7031552 5.7028075 5.7024615 5.7021174 5.701775 5.7014343 5.7010954 5.7007583 5.7004228 5.7000891 5.6997571 5.6994268 5.6990982 5.6987713 5.6984461 5.6981225 5.6978005 5.6974802 5.6971616 5.6968446 5.6965291 5.6962153 5.6959031 5.6955925 5.6952835 5.694976 5.6946701 5.6943658 5.694063 5.6937617 5.693462 5.6931637 5.692867 5.6925718 5.6922781 5.6919859 5.6916952 5.6914059 5.6911181 5.6908318 5.6905469 5.6902634 5.6899814 5.6897008 5.6894216 5.6891438 5.6888674 5.6885924 5.6883188 5.6880466 5.6877757 5.6875062 5.687238
5.7061345 5.7057729 5.7054132 5.7050553 5.7046993 5.7043451 5.7039927 5.7036421 5.7032933 5.7029463 5.7026011 5.7022576 5.7019159 5.701576 5.7012378 5.7009013 5.7005666 5.7002335 5.6999022 5.6995726 5.6992446 5.6989183 5.6985937 5.6982707 5.6979494 5.6976297 5.6973116 5.6969952 5.6966803 5.6963671 5.6960555 5.6957454 5.6954369 5.69513 5.6948246 5.6945208 5.6942185 5.6939178 5.6936185 5.6933208 5.6930246 5.6927299 5.6924366 5.6921449 5.6918546 5.6915658 5.6912785 5.6909926 5.6907081 5.6904251 5.6901434 5.6898633 5.6895845 5.6893071 5.6890311 5.6887565 5.6884833 5.6882114 5.6879409 5.6876718
5.7066257 5.7062631 5.7059023 5.7055434 5.7051863 5.7048311 5.7044777 5.704126 5.7037762 5.7034282 5.7030819 5.7027375 5.7023948 5.7020538 5.7017146 5.7013771 5.7010413 5.7007072 5.7003749 5.7000442 5.6997152 5.6993879 5.6990623 5.6987383 5.6984159 5.6980952 5.6977761 5.6974587 5.6971428 5.6968286 5.6965159 5.6962048 5.6958953 5.6955874 5.695281 5.6949762 5.6946729 5.6943711 5.6940709 5.6937722 5.693475 5.6931793 5.692885 5.6925923 5.692301 5.6920112 5.6917229 5.691436 5.6911505 5.6908665 5.6905839 5.6903027 5.690023 5.6897446 5.6894676 5.689192 5.6889178 5.688645 5.6883735 5.6881034
5.7071139 5.7067503 5.7063885 5.7060285 5.7056705 5.7053142 5.7049597 5.7046071 5.7042563 5.7039072 5.70356 5.7032145 5.7028708 5.7025288 5.7021885 5.70185 5.7015133 5.7011782 5.7008448 5.7005131 5.7001831 5.6998548 5.6995282 5.6992032 5.6988798 5.6985581 5.698238 5.6979196 5.6976027 5.6972875 5.6969738 5.6966618 5.6963513 5.6960423 5.695735 5.6954291 5.6951249 5.6948221 5.6945209 5.6942212 5.693923 5.6936263 5.6933311 5.6930374 5.6927451 5.6924543 5.692165 5.6918771 5.6915907 5.6913057 5.6910221 5.69074 5.6904592 5.6901799 5.689902 5.6896254 5.6893502 5.6890765 5.688804 5.688533
5.7075991 5.7072344 5.7068716 5.7065107 5.7061516 5.7057944 5.7054389 5.7050853 5.7047335 5.7043834 5.7040352 5.7036887 5.703344 5.703001 5.7026598 5.7023203 5.7019825 5.7016464 5.7013121 5.7009794 5.7006484 5.7003191 5.6999915 5.6996655 5.6993412 5.6990185 5.6986974 5.6983779 5.6980601 5.6977439 5.6974292 5.6971162 5.6968047 5.6964948 5.6961865 5.6958797 5.6955744 5.6952707 5.6949685 5.6946678 5.6943686 5.694071 5.6937748 5.6934801 5.6931869 5.6928951 5.6926049 5.692316 5.6920286 5.6917427 5.6914581 5.691175 5.6908933 5.690613 5.6903341 5.6900566 5.6897805 5.6895058 5.6892324 5.6889604
5.7080812 5.7077156 5.7073518 5.7069899 5.7066298 5.7062716 5.7059152 5.7055606 5.7052078 5.7048567 5.7045075 5.7041601 5.7038144 5.7034704 5.7031282 5.7027877 5.702449 5.7021119 5.7017766 5.701443 5.701111 5.7007807 5.7004521 5.7001252 5.6997999 5.6994762 5.6991542 5.6988338 5.698515 5.6981978 5.6978822 5.6975681 5.6972557 5.6969448 5.6966355 5.6963278 5.6960215 5.6957169 5.6954137 5.6951121 5.6948119 5.6945133 5.6942162 5.6939205 5.6936264 5.6933337 5.6930424 5.6927526 5.6924643 5.6921774 5.6918919 5.6916079 5.6913252 5.691044 5.6907642 5.6904857 5.6902086 5.689933 5.6896586 5.6893857
5.7085603 5.7081937 5.707829 5.7074661 5.7071051 5.7067459 5.7063885 5.706033 5.7056792 5.7053272 5.704977 5.7046286 5.7042819 5.703937 5.7035939 5.7032524 5.7029127 5.7025747 5.7022385 5.7019039 5.7015709 5.7012397 5.7009101 5.7005822 5.700256 5.6999314 5.6996084 5.699287 5.6989673 5.6986491 5.6983326 5.6980176 5.6977042 5.6973924 5.6970821 5.6967734 5.6964663 5.6961606 5.6958565 5.6955539 5.6952529 5.6949533 5.6946552 5.6943587 5.6940635 5.6937699 5.6934777 5.693187 5.6928977 5.6926099 5.6923235 5.6920385 5.6917549 5.6914728 5.691192 5.6909126 5.6906346 5.690358 5.6900828 5.6898089
5.7090364 5.7086689 5.7083032 5.7079394 5.7075774 5.7072173 5.706859 5.7065025 5.7061478 5.7057948 5.7054437 5.7050943 5.7047467 5.7044009 5.7040568 5.7037144 5.7033738 5.7030348 5.7026976 5.7023621 5.7020282 5.701696 5.7013655 5.7010367 5.7007095 5.7003839 5.70006 5.6997377 5.699417 5.6990979 5.6987804 5.6984645 5.6981502 5.6978375 5.6975263 5.6972166 5.6969086 5.696602 5.696297 5.6959935 5.6956915 5.695391 5.695092 5.6947945 5.6944984 5.6942039 5.6939108 5.6936191 5.6933289 5.6930401 5.6927528 5.6924669 5.6921824 5.6918993 5.6916177 5.6913374 5.6910585 5.690781 5.6905048 5.69023
5.7095095 5.7091411 5.7087745 5.7084097 5.7080468 5.7076858 5.7073265 5.7069691 5.7066135 5.7062596 5.7059076 5.7055573 5.7052087 5.704862 5.7045169 5.7041736 5.7038321 5.7034922 5.7031541 5.7028176 5.7024828 5.7021497 5.7018183 5.7014885 5.7011604 5.7008339 5.7005091 5.7001859 5.6998642 5.6995442 5.6992258 5.698909 5.6985938 5.6982801 5.697968 5.6976574 5.6973484 5.697041 5.696735 5.6964306 5.6961277 5.6958263 5.6955264 5.6952279 5.694931 5.6946355 5.6943415 5.6940489 5.6937578 5.6934682 5.6931799 5.6928931 5.6926077 5.6923238 5.6920412 5.69176 5.6914802 5.6912018 5.6909247 5.690649
5.7099796 5.7096102 5.7092427 5.7088771 5.7085133 5.7081513 5.7077912 5.7074328 5.7070763 5.7067215 5.7063686 5.7060174 5.7056679 5.7053203 5.7049743 5.7046301 5.7042876 5.7039469 5.7036078 5.7032704 5.7029348 5.7026008 5.7022684 5.7019378 5.7016087 5.7012813 5.7009556 5.7006315 5.7003089 5.699988 5.6996687 5.699351 5.6990349 5.6987203 5.6984073 5.6980958 5.6977859 5.6974775 5.6971707 5.6968654 5.6965615 5.6962592 5.6959584 5.6956591 5.6953613 5.6950649 5.69477 5.6944765 5.6941845 5.693894 5.6936048 5.6933171 5.6930309 5.692746 5.6924625 5.6921804 5.6918997 5.6916204 5.6913425 5.6910659
