Cobbity3/QGIS/AVE26_run1.asc
NCOLS 800
NROWS 450
XLLCORNER 150.66
YLLCORNER -34.028
CELLSIZE 1e-05
NODATA_VALUE -9999
[rows 52 to 77 of 450, columns 0 to 57 of 800]
0.82929781 0.82951203 0.82972577 0.829939 0.83015172 0.83036389 0.8305755 0.83078653 0.83099696 0.83120677 0.83141594 0.83162444 0.83183225 0.83203935 0.83224572 0.83245134 0.83265618 0.83286021 0.83306342 0.83326578 0.83346727 0.83366785 0.8338675 0.8340662 0.83426392 0.83446063 0.83465631 0.83485092 0.83504444 0.83523683 0.83542808 0.83561814 0.835807 0.83599461 0.83618094 0.83636597 0.83654966 0.83673198 0.83691289 0.83709236 0.83727036 0.83744684 0.83762178 0.83779514 0.83796688 0.83813696 0.83830534 0.83847199 0.83863687 0.83879994 0.83896115 0.83912046 0.83927784 0.83943324 0.83958661 0.83973792 0.83988712 0.84003416
0.83026733 0.83048552 0.83070324 0.83092048 0.83113722 0.83135343 0.8315691 0.83178421 0.83199874 0.83221266 0.83242596 0.83263862 0.8328506 0.8330619 0.83327248 0.83348233 0.83369141 0.83389972 0.83410721 0.83431388 0.83451969 0.83472461 0.83492863 0.83513171 0.83533383 0.83553496 0.83573507 0.83593414 0.83613213 0.83632902 0.83652478 0.83671937 0.83691277 0.83710494 0.83729586 0.83748549 0.8376738 0.83786076 0.83804632 0.83823046 0.83841315 0.83859434 0.838774 0.8389521 0.83912859 0.83930344 0.83947662 0.83964807 0.83981777 0.83998567 0.84015173 0.84031591 0.84047817 0.84063846 0.84079674 0.84095298 0.84110711 0.8412591
0.83123418 0.83145632 0.83167802 0.83189925 0.83212 0.83234024 0.83255996 0.83277914 0.83299775 0.83321578 0.83343321 0.83365001 0.83386616 0.83408164 0.83429642 0.83451049 0.83472382 0.83493638 0.83514815 0.83535911 0.83556924 0.8357785 0.83598687 0.83619432 0.83640083 0.83660637 0.83681091 0.83701442 0.83721688 0.83741825 0.83761851 0.83781763 0.83801557 0.8382123 0.83840779 0.83860202 0.83879493 0.83898652 0.83917673 0.83936553 0.8395529 0.83973879 0.83992316 0.84010599 0.84028723 0.84046685 0.8406448 0.84082105 0.84099556 0.84116829 0.84133919 0.84150823 0.84167536 0.84184054 0.84200373 0.84216488 0.84232394 0.84248088
0.83219832 0.83242441 0.83265007 0.83287529 0.83310004 0.8333243 0.83354806 0.8337713 0.83399399 0.83421612 0.83443766 0.8346586 0.8348789 0.83509855 0.83531753 0.83553581 0.83575337 0.83597018 0.83618622 0.83640147 0.8366159 0.83682949 0.8370422 0.83725402 0.83746491 0.83767485 0.83788381 0.83809176 0.83829868 0.83850452 0.83870928 0.8389129 0.83911537 0.83931665 0.83951671 0.83971552 0.83991304 0.84010925 0.84030409 0.84049755 0.84068959 0.84088017 0.84106925 0.8412568 0.84144279 0.84162716 0.84180989 0.84199093 0.84217024 0.84234779 0.84252353 0.84269742 0.84286941 0.84303947 0.84320755 0.84337361 0.8435376 0.84369947
0.83315975 0.83338977 0.83361939 0.83384858 0.83407732 0.83430559 0.83453339 0.83476067 0.83498743 0.83521365 0.8354393 0.83566436 0.83588881 0.83611262 0.83633578 0.83655827 0.83678004 0.8370011 0.8372214 0.83744093 0.83765966 0.83787756 0.83809461 0.83831078 0.83852604 0.83874038 0.83895375 0.83916613 0.83937749 0.83958781 0.83979705 0.84000518 0.84021217 0.84041799 0.84062261 0.84082599 0.84102811 0.84122892 0.8414284 0.84162651 0.84182321 0.84201847 0.84221225 0.84240452 0.84259523 0.84278436 0.84297185 0.84315767 0.84334178 0.84352414 0.84370471 0.84388344 0.8440603 0.84423523 0.8444082 0.84457916 0.84474806 0.84491486
0.83411844 0.83435238 0.83458594 0.8348191 0.83505182 0.8352841 0.83551591 0.83574724 0.83597806 0.83620836 0.8364381 0.83666728 0.83689586 0.83712383 0.83735117 0.83757784 0.83780383 0.83802912 0.83825367 0.83847747 0.83870049 0.8389227 0.83914407 0.83936459 0.83958422 0.83980293 0.84002071 0.84023751 0.84045331 0.84066809 0.8408818 0.84109443 0.84130594 0.84151629 0.84172546 0.84193341 0.84214011 0.84234553 0.84254963 0.84275238 0.84295374 0.84315367 0.84335215 0.84354912 0.84374456 0.84393843 0.84413068 0.84432127 0.84451017 0.84469734 0.84488273 0.8450663 0.84524801 0.84542781 0.84560566 0.84578151 0.84595532 0.84612704
0.83507437 0.83531223 0.83554973 0.83578683 0.83602353 0.8362598 0.83649563 0.83673098 0.83696585 0.83720022 0.83743405 0.83766733 0.83790004 0.83813216 0.83836366 0.83859452 0.83882471 0.83905422 0.83928302 0.83951107 0.83973837 0.83996488 0.84019057 0.84041543 0.84063941 0.8408625 0.84108467 0.84130589 0.84152612 0.84174535 0.84196353 0.84218064 0.84239665 0.84261153 0.84282524 0.84303776 0.84324904 0.84345905 0.84366777 0.84387515 0.84408116 0.84428576 0.84448892 0.84469059 0.84489075 0.84508935 0.84528635 0.84548171 0.8456754 0.84586737 0.84605757 0.84624597 0.84643252 0.84661718 0.84679991 0.84698065 0.84715936 0.847336
0.83602752 0.83626929 0.83651071 0.83675176 0.83699242 0.83723268 0.8374725 0.83771188 0.83795079 0.83818921 0.83842713 0.83866451 0.83890134 0.83913759 0.83937324 0.83960828 0.83984267 0.84007639 0.84030941 0.84054172 0.84077329 0.84100409 0.84123409 0.84146327 0.84169161 0.84191906 0.84214562 0.84237124 0.8425959 0.84281956 0.84304221 0.8432638 0.84348431 0.8437037 0.84392195 0.84413901 0.84435487 0.84456947 0.84478279 0.8449948 0.84520545 0.84541471 0.84562254 0.84582891 0.84603378 0.84623711 0.84643885 0.84663898 0.84683744 0.8470342 0.84722921 0.84742244 0.84761383 0.84780335 0.84799094 0.84817656 0.84836017 0.84854172
0.83697788 0.83722355 0.83746888 0.83771387 0.83795848 0.83820271 0.83844653 0.83868992 0.83893286 0.83917533 0.83941731 0.83965878 0.83989972 0.8401401 0.8403799 0.8406191 0.84085767 0.84109559 0.84133285 0.8415694 0.84180523 0.84204031 0.84227461 0.84250811 0.84274078 0.8429726 0.84320353 0.84343354 0.84366262 0.84389072 0.84411782 0.84434388 0.84456888 0.84479278 0.84501555 0.84523716 0.84545758 0.84567676 0.84589469 0.84611131 0.84632659 0.84654051 0.84675301 0.84696407 0.84717364 0.84738169 0.84758817 0.84779305 0.84799629 0.84819783 0.84839765 0.84859569 0.84879191 0.84898628 0.84917873 0.84936923 0.84955774 0.84974419
0.83792543 0.83817498 0.83842422 0.83867313 0.83892169 0.83916988 0.83941768 0.83966507 0.83991203 0.84015855 0.84040459 0.84065013 0.84089517 0.84113966 0.8413836 0.84162696 0.84186971 0.84211183 0.84235329 0.84259408 0.84283416 0.84307351 0.84331211 0.84354992 0.84378692 0.84402309 0.84425839 0.84449279 0.84472627 0.8449588 0.84519034 0.84542086 0.84565034 0.84587875 0.84610604 0.84633219 0.84655716 0.84678092 0.84700343 0.84722466 0.84744458 0.84766314 0.84788031 0.84809604 0.84831031 0.84852308 0.84873429 0.84894392 0.84915192 0.84935824 0.84956285 0.84976571 0.84996676 0.85016596 0.85036328 0.85055865 0.85075204 0.85094339
0.83887014 0.83912357 0.83937671 0.83962953 0.83988203 0.84013417 0.84038594 0.84063733 0.8408883 0.84113884 0.84138893 0.84163855 0.84188767 0.84213628 0.84238434 0.84263184 0.84287876 0.84312507 0.84337074 0.84361575 0.84386008 0.84410369 0.84434657 0.84458868 0.84483001 0.84507051 0.84531017 0.84554895 0.84578683 0.84602378 0.84625975 0.84649474 0.84672869 0.84696159 0.84719339 0.84742407 0.84765359 0.84788192 0.84810901 0.84833485 0.84855938 0.84878258 0.84900441 0.84922482 0.84944378 0.84966125 0.84987719 0.85009156 0.85030431 0.85051541 0.85072482 0.85093248 0.85113835 0.85134239 0.85154456 0.8517448 0.85194306 0.85213931
0.83981201 0.8400693 0.84032633 0.84058306 0.84083947 0.84109556 0.84135129 0.84160666 0.84186163 0.8421162 0.84237033 0.84262401 0.84287721 0.84312991 0.8433821 0.84363374 0.84388481 0.84413529 0.84438516 0.84463439 0.84488295 0.84513082 0.84537797 0.84562438 0.84587002 0.84611486 0.84635887 0.84660202 0.84684429 0.84708564 0.84732605 0.84756548 0.8478039 0.84804128 0.84827759 0.84851279 0.84874685 0.84897974 0.84921141 0.84944184 0.84967099 0.84989882 0.8501253 0.85035038 0.85057402 0.85079619 0.85101685 0.85123596 0.85145346 0.85166933 0.85188352 0.85209598 0.85230667 0.85251554 0.85272255 0.85292766 0.8531308 0.85333194
0.840751 0.84101216 0.84127305 0.84153368 0.84179401 0.84205403 0.84231372 0.84257305 0.84283202 0.8430906 0.84334876 0.84360648 0.84386376 0.84412055 0.84437684 0.84463261 0.84488783 0.84514249 0.84539654 0.84564997 0.84590276 0.84615488 0.8464063 0.84665699 0.84690693 0.8471561 0.84740445 0.84765197 0.84789862 0.84814437 0.8483892 0.84863307 0.84887595 0.84911781 0.84935861 0.84959833 0.84983692 0.85007436 0.85031061 0.85054563 0.85077939 0.85101184 0.85124296 0.8514727 0.85170102 0.85192789 0.85215326 0.8523771 0.85259935 0.85281998 0.85303895 0.85325621 0.85347171 0.85368541 0.85389726 0.85410722 0.85431523 0.85452126
0.84168711 0.84195211 0.84221687 0.84248138 0.84274562 0.84300956 0.84327319 0.84353649 0.84379944 0.84406202 0.8443242 0.84458597 0.8448473 0.84510818 0.84536857 0.84562846 0.84588782 0.84614663 0.84640486 0.84666249 0.8469195 0.84717585 0.84743153 0.8476865 0.84794074 0.84819422 0.8484469 0.84869878 0.8489498 0.84919995 0.84944919 0.84969749 0.84994482 0.85019115 0.85043644 0.85068067 0.85092379 0.85116577 0.85140659 0.85164619 0.85188455 0.85212162 0.85235738 0.85259177 0.85282477 0.85305633 0.85328641 0.85351496 0.85374196 0.85396735 0.85419109 0.85441314 0.85463344 0.85485197 0.85506866 0.85528347 0.85549635 0.85570725
0.84262031 0.84288915 0.84315776 0.84342615 0.84369428 0.84396214 0.8442297 0.84449695 0.84476387 0.84503044 0.84529664 0.84556244 0.84582782 0.84609277 0.84635725 0.84662125 0.84688474 0.8471477 0.8474101 0.84767192 0.84793314 0.84819372 0.84845365 0.84871288 0.84897141 0.8492292 0.84948621 0.84974243 0.84999782 0.85025235 0.850506 0.85075872 0.8510105 0.85126129 0.85151107 0.85175979 0.85200743 0.85225396 0.85249933 0.85274351 0.85298646 0.85322815 0.85346853 0.85370757 0.85394524 0.85418148 0.85441626 0.85464954 0.85488127 0.85511141 0.85533992 0.85556676 0.85579186 0.8560152 0.85623673 0.85645639 0.85667413 0.85688992
0.84355059 0.84382325 0.84409571 0.84436796 0.84463997 0.84491174 0.84518322 0.84545442 0.8457253 0.84599585 0.84626605 0.84653587 0.8468053 0.8470743 0.84734287 0.84761097 0.84787858 0.84814568 0.84841224 0.84867825 0.84894366 0.84920846 0.84947263 0.84973613 0.84999893 0.85026102 0.85052235 0.85078291 0.85104266 0.85130157 0.85155961 0.85181675 0.85207297 0.85232821 0.85258246 0.85283568 0.85308784 0.85333889 0.85358881 0.85383756 0.8540851 0.8543314 0.85457641 0.85482009 0.85506242 0.85530334 0.85554282 0.85578081 0.85601727 0.85625216 0.85648544 0.85671705 0.85694695 0.85717511 0.85740146 0.85762596 0.85784857 0.85806923
0.84447792 0.84475439 0.84503069 0.8453068 0.84558269 0.84585834 0.84613374 0.84640887 0.84668371 0.84695823 0.84723242 0.84750625 0.84777971 0.84805277 0.84832541 0.8485976 0.84886932 0.84914055 0.84941127 0.84968144 0.84995105 0.85022006 0.85048846 0.85075621 0.85102328 0.85128966 0.85155531 0.85182019 0.85208429 0.85234757 0.85261001 0.85287156 0.8531322 0.85339189 0.85365061 0.85390832 0.85416498 0.85442056 0.85467503 0.85492834 0.85518046 0.85543135 0.85568098 0.85592931 0.85617629 0.85642188 0.85666605 0.85690875 0.85714994 0.85738957 0.85762761 0.857864 0.8580987 0.85833166 0.85856284 0.85879218 0.85901964 0.85924517
0.84540229 0.84568257 0.84596269 0.84624264 0.84652239 0.84680193 0.84708124 0.84736029 0.84763907 0.84791756 0.84819573 0.84847356 0.84875104 0.84902814 0.84930484 0.84958112 0.84985694 0.8501323 0.85040715 0.85068149 0.85095528 0.8512285 0.85150112 0.85177311 0.85204445 0.85231511 0.85258506 0.85285427 0.85312271 0.85339035 0.85365717 0.85392312 0.85418818 0.85445232 0.8547155 0.85497769 0.85523885 0.85549895 0.85575795 0.85601582 0.85627252 0.856528 0.85678225 0.8570352 0.85728683 0.8575371 0.85778595 0.85803336 0.85827927 0.85852364 0.85876643 0.85900759 0.85924708 0.85948485 0.85972085 0.85995503 0.86018734 0.86041774
0.84632367 0.84660775 0.84689169 0.84717547 0.84745908 0.84774249 0.84802569 0.84830866 0.84859137 0.84887381 0.84915595 0.84943778 0.84971928 0.85000041 0.85028116 0.85056151 0.85084143 0.85112089 0.85139989 0.85167838 0.85195634 0.85223375 0.85251058 0.85278681 0.8530624 0.85333734 0.85361158 0.85388511 0.85415788 0.85442988 0.85470107 0.85497142 0.8552409 0.85550947 0.8557771 0.85604376 0.85630941 0.85657403 0.85683756 0.85709998 0.85736125 0.85762133 0.85788018 0.85813776 0.85839404 0.85864896 0.8589025 0.8591546 0.85940523 0.85965434 0.85990188 0.86014781 0.86039209 0.86063466 0.86087547 0.86111449 0.86135166 0.86158692
0.84724206 0.84752993 0.84781767 0.84810528 0.84839273 0.84868 0.84896708 0.84925395 0.84954059 0.84982697 0.85011308 0.85039889 0.85068439 0.85096954 0.85125434 0.85153875 0.85182275 0.85210633 0.85238944 0.85267208 0.85295421 0.8532358 0.85351684 0.85379729 0.85407713 0.85435633 0.85463486 0.8549127 0.8551898 0.85546614 0.8557417 0.85601644 0.85629032 0.85656332 0.8568354 0.85710653 0.85737667 0.85764579 0.85791385 0.85818081 0.85844664 0.8587113 0.85897476 0.85923696 0.85949788 0.85975746 0.86001567 0.86027247 0.86052781 0.86078165 0.86103394 0.86128464 0.8615337 0.86178107 0.8620267 0.86227055 0.86251256 0.86275269
0.84815743 0.84844907 0.84874061 0.84903203 0.84932331 0.84961444 0.84990539 0.85019616 0.85048671 0.85077702 0.85106708 0.85135687 0.85164636 0.85193553 0.85222436 0.85251283 0.8528009 0.85308857 0.8533758 0.85366257 0.85394886 0.85423463 0.85451987 0.85480454 0.85508862 0.85537207 0.85565488 0.85593701 0.85621844 0.85649912 0.85677904 0.85705816 0.85733644 0.85761386 0.85789038 0.85816597 0.85844059 0.85871421 0.85898678 0.85925829 0.85952868 0.85979792 0.86006597 0.86033279 0.86059834 0.86086258 0.86112546 0.86138695 0.861647 0.86190556 0.8621626 0.86241806 0.8626719 0.86292406 0.86317451 0.86342319 0.86367005 0.86391503
0.84906977 0.84936517 0.84966049 0.84995571 0.85025082 0.85054579 0.85084061 0.85113525 0.8514297 0.85172394 0.85201795 0.8523117 0.85260517 0.85289835 0.8531912 0.85348371 0.85377586 0.85406761 0.85435895 0.85464985 0.85494028 0.85523022 0.85551965 0.85580853 0.85609683 0.85638454 0.85667162 0.85695804 0.85724378 0.8575288 0.85781307 0.85809655 0.85837923 0.85866106 0.85894202 0.85922206 0.85950115 0.85977927 0.86005636 0.8603324 0.86060734 0.86088115 0.86115379 0.86142522 0.8616954 0.86196429 0.86223185 0.86249802 0.86276277 0.86302606 0.86328784 0.86354806 0.86380667 0.86406363 0.86431889 0.86457239 0.8648241 0.86507394
0.84997904 0.8502782 0.85057729 0.85087631 0.85117523 0.85147403 0.8517727 0.85207122 0.85236957 0.85266772 0.85296566 0.85326336 0.85356081 0.85385798 0.85415485 0.8544514 0.8547476 0.85504343 0.85533886 0.85563388 0.85592845 0.85622255 0.85651616 0.85680924 0.85710177 0.85739372 0.85768506 0.85797576 0.8582658 0.85855515 0.85884376 0.85913162 0.85941868 0.85970492 0.8599903 0.86027479 0.86055835 0.86084095 0.86112255 0.86140311 0.8616826 0.86196098 0.86223821 0.86251425 0.86278906 0.86306259 0.86333481 0.86360566 0.86387512 0.86414313 0.86440964 0.86467462 0.864938 0.86519976 0.86545982 0.86571815 0.8659747 0.8662294
0.85088524 0.85118814 0.851491 0.8517938 0.85209652 0.85239914 0.85270166 0.85300404 0.85330627 0.85360832 0.85391019 0.85421184 0.85451325 0.8548144 0.85511528 0.85541585 0.8557161 0.856016 0.85631552 0.85661465 0.85691335 0.8572116 0.85750938 0.85780665 0.85810339 0.85839958 0.85869518 0.85899016 0.85928449 0.85957815 0.8598711 0.86016332 0.86045476 0.8607454 0.8610352 0.86132413 0.86161215 0.86189923 0.86218534 0.86247042 0.86275446 0.8630374 0.86331921 0.86359985 0.86387928 0.86415745 0.86443433 0.86470986 0.86498402 0.86525674 0.86552799 0.86579772 0.86606588 0.86633242 0.86659729 0.86686045 0.86712183 0.86738139
0.85178835 0.85209498 0.85240159 0.85270816 0.85301467 0.85332111 0.85362746 0.85393369 0.85423979 0.85454574 0.85485152 0.8551571 0.85546247 0.8557676 0.85607248 0.85637707 0.85668135 0.85698531 0.85728891 0.85759214 0.85789496 0.85819735 0.85849929 0.85880075 0.8591017 0.85940211 0.85970195 0.8600012 0.86029983 0.8605978 0.86089508 0.86119164 0.86148746 0.86178249 0.86207671 0.86237007 0.86266255 0.86295411 0.8632447 0.86353431 0.86382288 0.86411038 0.86439676 0.864682 0.86496605 0.86524885 0.86553039 0.8658106 0.86608945 0.86636689 0.86664287 0.86691735 0.86719028 0.8674616 0.86773128 0.86799926 0.86826548 0.8685299
0.85268835 0.8529987 0.85330905 0.85361938 0.85392968 0.85423992 0.85455009 0.85486016 0.85517013 0.85547996 0.85578964 0.85609915 0.85640846 0.85671756 0.85702642 0.85733501 0.85764333 0.85795133 0.85825901 0.85856633 0.85887326 0.85917979 0.85948588 0.85979151 0.86009666 0.86040129 0.86070537 0.86100888 0.86131179 0.86161406 0.86191566 0.86221657 0.86251675 0.86281617 0.86311479 0.86341259 0.86370952 0.86400554 0.86430063 0.86459475 0.86488785 0.8651799 0.86547086 0.86576069 0.86604935 0.86633679 0.86662297 0.86690786 0.8671914 0.86747355 0.86775426 0.86803349 0.86831118 0.86858729 0.86886178 0.86913457 0.86940564 0.86967492
