Cobbity3/QGIS/AVE2_run1.asc
NCOLS 800
NROWS 450
XLLCORNER 150.66
YLLCORNER -34.028
CELLSIZE 1e-05
NODATA_VALUE -9999
[rows 416 to 441 of 450, columns 60 to 119 of 800]
5.7908521 5.7908856 5.7909174 5.7909474 5.7909757 5.7910022 5.791027 5.7910499 5.7910711 5.7910905 5.791108 5.7911237 5.7911376 5.7911496 5.7911598 5.7911681 5.7911745 5.7911791 5.7911817 5.7911825 5.7911813 5.7911782 5.7911732 5.7911662 5.7911574 5.7911465 5.7911337 5.7911189 5.7911022 5.7910835 5.7910627 5.79104 5.7910153 5.7909886 5.7909599 5.7909291 5.7908964 5.7908616 5.7908248 5.7907859 5.790745 5.790702 5.790657 5.79061 5.7905608 5.7905097 5.7904564 5.7904011 5.7903437 5.7902843 5.7902227 5.7901591 5.7900934 5.7900257 5.7899558 5.7898839 5.7898099 5.7897338 5.7896556 5.7895753
5.7908094 5.7908434 5.7908758 5.7909065 5.7909354 5.7909626 5.790988 5.7910116 5.7910335 5.7910536 5.7910719 5.7910884 5.7911031 5.791116 5.791127 5.7911362 5.7911435 5.791149 5.7911526 5.7911544 5.7911542 5.7911522 5.7911482 5.7911424 5.7911346 5.7911249 5.7911133 5.7910997 5.7910842 5.7910667 5.7910473 5.7910259 5.7910025 5.7909772 5.7909498 5.7909205 5.7908892 5.7908559 5.7908206 5.7907833 5.7907439 5.7907026 5.7906592 5.7906138 5.7905664 5.790517 5.7904655 5.790412 5.7903564 5.7902989 5.7902392 5.7901776 5.7901138 5.7900481 5.7899803 5.7899104 5.7898385 5.7897645 5.7896885 5.7896105
5.7907666 5.7908013 5.7908342 5.7908655 5.790895 5.7909229 5.790949 5.7909733 5.7909959 5.7910168 5.7910358 5.7910531 5.7910686 5.7910823 5.7910942 5.7911043 5.7911125 5.7911189 5.7911235 5.7911262 5.7911271 5.791126 5.7911231 5.7911184 5.7911117 5.7911031 5.7910927 5.7910803 5.791066 5.7910498 5.7910316 5.7910115 5.7909895 5.7909655 5.7909395 5.7909116 5.7908818 5.7908499 5.7908161 5.7907804 5.7907426 5.7907028 5.7906611 5.7906174 5.7905716 5.7905239 5.7904742 5.7904225 5.7903687 5.790313 5.7902553 5.7901955 5.7901337 5.7900699 5.7900041 5.7899363 5.7898665 5.7897947 5.7897208 5.7896449
5.7907239 5.7907591 5.7907927 5.7908245 5.7908547 5.7908832 5.7909099 5.790935 5.7909583 5.7909799 5.7909997 5.7910178 5.7910341 5.7910486 5.7910613 5.7910723 5.7910814 5.7910887 5.7910943 5.7910979 5.7910998 5.7910998 5.791098 5.7910943 5.7910887 5.7910813 5.7910719 5.7910607 5.7910476 5.7910326 5.7910157 5.7909969 5.7909762 5.7909536 5.790929 5.7909025 5.7908741 5.7908437 5.7908114 5.7907771 5.7907409 5.7907028 5.7906626 5.7906205 5.7905765 5.7905305 5.7904825 5.7904325 5.7903806 5.7903267 5.7902708 5.7902129 5.7901531 5.7900913 5.7900275 5.7899617 5.7898939 5.7898242 5.7897524 5.7896787
5.7906812 5.790717 5.7907511 5.7907835 5.7908143 5.7908435 5.7908709 5.7908966 5.7909206 5.7909429 5.7909635 5.7909824 5.7909995 5.7910148 5.7910284 5.7910402 5.7910502 5.7910585 5.7910649 5.7910696 5.7910724 5.7910735 5.7910727 5.79107 5.7910655 5.7910592 5.791051 5.791041 5.7910291 5.7910153 5.7909997 5.7909822 5.7909628 5.7909415 5.7909182 5.7908931 5.7908661 5.7908372 5.7908064 5.7907736 5.7907389 5.7907023 5.7906638 5.7906233 5.7905809 5.7905366 5.7904903 5.7904421 5.790392 5.7903399 5.7902858 5.7902299 5.7901719 5.790112 5.7900502 5.7899864 5.7899207 5.789853 5.7897834 5.7897119
5.7906384 5.7906748 5.7907095 5.7907425 5.790774 5.7908037 5.7908318 5.7908582 5.7908829 5.790906 5.7909273 5.7909469 5.7909648 5.790981 5.7909954 5.7910081 5.791019 5.7910281 5.7910355 5.7910411 5.791045 5.791047 5.7910472 5.7910456 5.7910422 5.791037 5.79103 5.7910211 5.7910104 5.7909979 5.7909835 5.7909672 5.7909491 5.7909291 5.7909072 5.7908835 5.7908579 5.7908304 5.790801 5.7907698 5.7907366 5.7907016 5.7906646 5.7906258 5.790585 5.7905423 5.7904978 5.7904513 5.7904029 5.7903526 5.7903004 5.7902463 5.7901902 5.7901323 5.7900724 5.7900106 5.7899469 5.7898813 5.7898138 5.7897443
5.7905957 5.7906326 5.7906678 5.7907015 5.7907335 5.7907639 5.7907927 5.7908198 5.7908452 5.790869 5.790891 5.7909114 5.7909301 5.7909471 5.7909623 5.7909758 5.7909876 5.7909977 5.791006 5.7910126 5.7910174 5.7910204 5.7910216 5.7910211 5.7910188 5.7910147 5.7910088 5.791001 5.7909915 5.7909802 5.790967 5.790952 5.7909351 5.7909165 5.790896 5.7908736 5.7908494 5.7908233 5.7907954 5.7907656 5.790734 5.7907004 5.7906651 5.7906278 5.7905887 5.7905477 5.7905048 5.79046 5.7904134 5.7903648 5.7903144 5.7902621 5.790208 5.7901519 5.790094 5.7900342 5.7899725 5.7899089 5.7898434 5.7897761
5.7905529 5.7905903 5.7906262 5.7906604 5.7906931 5.7907241 5.7907535 5.7907813 5.7908074 5.7908319 5.7908547 5.7908758 5.7908953 5.7909131 5.7909291 5.7909435 5.7909562 5.7909672 5.7909764 5.7909839 5.7909897 5.7909937 5.7909959 5.7909964 5.7909952 5.7909922 5.7909874 5.7909808 5.7909724 5.7909623 5.7909503 5.7909365 5.790921 5.7909036 5.7908844 5.7908634 5.7908406 5.7908159 5.7907894 5.7907611 5.7907309 5.790699 5.7906651 5.7906294 5.7905919 5.7905525 5.7905113 5.7904683 5.7904234 5.7903766 5.790328 5.7902775 5.7902252 5.790171 5.790115 5.7900571 5.7899974 5.7899358 5.7898724 5.7898071
5.79051 5.790548 5.7905845 5.7906193 5.7906526 5.7906842 5.7907143 5.7907427 5.7907695 5.7907947 5.7908183 5.7908402 5.7908604 5.790879 5.7908959 5.7909111 5.7909246 5.7909365 5.7909466 5.7909551 5.7909618 5.7909668 5.7909701 5.7909716 5.7909714 5.7909695 5.7909658 5.7909603 5.7909531 5.7909441 5.7909334 5.7909209 5.7909066 5.7908905 5.7908726 5.7908529 5.7908315 5.7908082 5.7907831 5.7907563 5.7907276 5.7906971 5.7906648 5.7906307 5.7905947 5.790557 5.7905174 5.7904761 5.7904328 5.7903878 5.790341 5.7902923 5.7902418 5.7901895 5.7901354 5.7900794 5.7900217 5.7899621 5.7899007 5.7898375
5.7904672 5.7905057 5.7905427 5.7905781 5.790612 5.7906443 5.790675 5.7907041 5.7907316 5.7907575 5.7907818 5.7908044 5.7908254 5.7908448 5.7908625 5.7908786 5.790893 5.7909057 5.7909168 5.7909261 5.7909338 5.7909398 5.790944 5.7909466 5.7909475 5.7909466 5.790944 5.7909397 5.7909336 5.7909258 5.7909162 5.7909049 5.7908919 5.7908771 5.7908605 5.7908421 5.790822 5.7908001 5.7907765 5.7907511 5.7907238 5.7906948 5.7906641 5.7906315 5.7905972 5.790561 5.7905231 5.7904834 5.7904418 5.7903985 5.7903535 5.7903066 5.7902579 5.7902074 5.7901552 5.7901011 5.7900453 5.7899877 5.7899283 5.7898671
5.7904243 5.7904633 5.7905009 5.7905369 5.7905714 5.7906043 5.7906356 5.7906654 5.7906936 5.7907202 5.7907452 5.7907686 5.7907904 5.7908105 5.790829 5.7908459 5.7908612 5.7908748 5.7908867 5.790897 5.7909056 5.7909126 5.7909179 5.7909214 5.7909233 5.7909235 5.790922 5.7909188 5.7909138 5.7909072 5.7908988 5.7908887 5.7908769 5.7908634 5.7908481 5.7908311 5.7908123 5.7907918 5.7907695 5.7907455 5.7907197 5.7906922 5.7906629 5.7906319 5.7905991 5.7905646 5.7905283 5.7904902 5.7904504 5.7904088 5.7903654 5.7903203 5.7902734 5.7902248 5.7901744 5.7901222 5.7900683 5.7900126 5.7899552 5.7898961
5.7903813 5.7904209 5.790459 5.7904956 5.7905307 5.7905642 5.7905962 5.7906266 5.7906555 5.7906828 5.7907085 5.7907326 5.7907552 5.7907761 5.7907955 5.7908132 5.7908293 5.7908437 5.7908566 5.7908678 5.7908773 5.7908852 5.7908915 5.7908961 5.790899 5.7909002 5.7908998 5.7908977 5.7908939 5.7908884 5.7908812 5.7908723 5.7908617 5.7908494 5.7908354 5.7908197 5.7908022 5.7907831 5.7907622 5.7907396 5.7907153 5.7906892 5.7906614 5.7906319 5.7906007 5.7905677 5.790533 5.7904965 5.7904583 5.7904184 5.7903768 5.7903334 5.7902883 5.7902415 5.7901929 5.7901426 5.7900906 5.7900369 5.7899814 5.7899243
5.7903382 5.7903784 5.7904171 5.7904543 5.7904899 5.7905241 5.7905567 5.7905878 5.7906173 5.7906453 5.7906717 5.7906966 5.7907199 5.7907416 5.7907617 5.7907803 5.7907972 5.7908126 5.7908263 5.7908384 5.7908489 5.7908577 5.7908649 5.7908705 5.7908745 5.7908767 5.7908774 5.7908763 5.7908737 5.7908693 5.7908633 5.7908556 5.7908462 5.7908351 5.7908224 5.790808 5.7907918 5.790774 5.7907545 5.7907333 5.7907104 5.7906858 5.7906595 5.7906314 5.7906017 5.7905703 5.7905372 5.7905024 5.7904658 5.7904276 5.7903876 5.790346 5.7903027 5.7902576 5.7902109 5.7901624 5.7901123 5.7900605 5.7900069 5.7899517
5.7902951 5.7903358 5.7903751 5.7904128 5.7904491 5.7904838 5.7905171 5.7905488 5.790579 5.7906077 5.7906348 5.7906604 5.7906845 5.790707 5.7907279 5.7907472 5.790765 5.7907812 5.7907958 5.7908088 5.7908202 5.79083 5.7908382 5.7908448 5.7908497 5.790853 5.7908547 5.7908548 5.7908532 5.79085 5.7908451 5.7908386 5.7908304 5.7908206 5.7908091 5.7907959 5.7907811 5.7907646 5.7907464 5.7907266 5.7907051 5.7906819 5.7906571 5.7906306 5.7906024 5.7905725 5.7905409 5.7905077 5.7904728 5.7904362 5.7903979 5.790358 5.7903164 5.7902731 5.7902282 5.7901816 5.7901333 5.7900833 5.7900317 5.7899785
5.790252 5.7902932 5.790333 5.7903713 5.7904082 5.7904435 5.7904774 5.7905098 5.7905406 5.79057 5.7905978 5.7906242 5.790649 5.7906722 5.7906939 5.7907141 5.7907327 5.7907497 5.7907652 5.7907791 5.7907914 5.7908021 5.7908113 5.7908188 5.7908248 5.7908291 5.7908318 5.790833 5.7908325 5.7908304 5.7908266 5.7908213 5.7908143 5.7908057 5.7907954 5.7907835 5.79077 5.7907548 5.790738 5.7907196 5.7906994 5.7906777 5.7906543 5.7906292 5.7906025 5.7905742 5.7905442 5.7905125 5.7904792 5.7904443 5.7904077 5.7903694 5.7903295 5.790288 5.7902448 5.7902 5.7901536 5.7901055 5.7900558 5.7900045
5.7902087 5.7902505 5.7902908 5.7903297 5.7903671 5.7904031 5.7904376 5.7904706 5.7905021 5.7905322 5.7905607 5.7905878 5.7906133 5.7906373 5.7906598 5.7906807 5.7907002 5.790718 5.7907344 5.7907492 5.7907624 5.790774 5.7907841 5.7907926 5.7907996 5.790805 5.7908087 5.7908109 5.7908115 5.7908105 5.7908079 5.7908037 5.7907979 5.7907905 5.7907815 5.7907708 5.7907586 5.7907447 5.7907292 5.7907121 5.7906934 5.790673 5.790651 5.7906274 5.7906022 5.7905754 5.7905469 5.7905168 5.7904851 5.7904518 5.7904168 5.7903802 5.7903421 5.7903023 5.7902608 5.7902178 5.7901732 5.790127 5.7900791 5.7900297
5.7901654 5.7902077 5.7902485 5.790288 5.790326 5.7903626 5.7903977 5.7904313 5.7904635 5.7904942 5.7905235 5.7905512 5.7905775 5.7906023 5.7906255 5.7906473 5.7906675 5.7906862 5.7907034 5.790719 5.7907332 5.7907457 5.7907568 5.7907663 5.7907742 5.7907806 5.7907854 5.7907886 5.7907903 5.7907904 5.7907889 5.7907858 5.7907812 5.790775 5.7907672 5.7907578 5.7907468 5.7907342 5.79072 5.7907042 5.7906869 5.7906679 5.7906474 5.7906252 5.7906014 5.7905761 5.7905491 5.7905206 5.7904905 5.7904587 5.7904254 5.7903905 5.790354 5.7903159 5.7902762 5.790235 5.7901921 5.7901477 5.7901017 5.7900542
5.7901219 5.7901648 5.7902062 5.7902462 5.7902848 5.7903219 5.7903577 5.790392 5.7904248 5.7904562 5.7904861 5.7905146 5.7905415 5.7905671 5.7905911 5.7906136 5.7906347 5.7906542 5.7906722 5.7906888 5.7907038 5.7907172 5.7907292 5.7907396 5.7907485 5.7907559 5.7907617 5.790766 5.7907688 5.7907699 5.7907696 5.7907676 5.7907642 5.7907591 5.7907525 5.7907443 5.7907346 5.7907233 5.7907104 5.790696 5.79068 5.7906624 5.7906432 5.7906225 5.7906002 5.7905763 5.7905509 5.7905239 5.7904953 5.7904651 5.7904334 5.7904001 5.7903653 5.7903289 5.7902909 5.7902514 5.7902104 5.7901678 5.7901236 5.7900779
5.7900784 5.7901218 5.7901637 5.7902043 5.7902434 5.7902812 5.7903175 5.7903524 5.7903859 5.790418 5.7904486 5.7904777 5.7905055 5.7905317 5.7905565 5.7905798 5.7906016 5.790622 5.7906409 5.7906583 5.7906741 5.7906885 5.7907014 5.7907128 5.7907227 5.790731 5.7907379 5.7907432 5.790747 5.7907492 5.79075 5.7907492 5.7907468 5.7907429 5.7907375 5.7907306 5.7907221 5.790712 5.7907004 5.7906873 5.7906726 5.7906564 5.7906386 5.7906193 5.7905984 5.790576 5.7905521 5.7905266 5.7904995 5.7904709 5.7904408 5.7904092 5.790376 5.7903412 5.790305 5.7902672 5.7902279 5.7901871 5.7901447 5.7901009
5.7900348 5.7900787 5.7901211 5.7901623 5.790202 5.7902403 5.7902773 5.7903128 5.7903469 5.7903796 5.7904109 5.7904408 5.7904692 5.7904962 5.7905217 5.7905458 5.7905684 5.7905896 5.7906093 5.7906276 5.7906443 5.7906596 5.7906734 5.7906857 5.7906965 5.7907059 5.7907137 5.79072 5.7907249 5.7907282 5.79073 5.7907303 5.7907291 5.7907264 5.7907222 5.7907164 5.7907092 5.7907004 5.79069 5.7906782 5.7906649 5.79065 5.7906336 5.7906156 5.7905962 5.7905752 5.7905527 5.7905287 5.7905032 5.7904762 5.7904476 5.7904176 5.790386 5.7903529 5.7903183 5.7902823 5.7902447 5.7902056 5.7901651 5.7901231
5.7899911 5.7900354 5.7900785 5.7901201 5.7901604 5.7901993 5.7902369 5.790273 5.7903078 5.7903411 5.7903731 5.7904036 5.7904328 5.7904605 5.7904868 5.7905116 5.790535 5.790557 5.7905776 5.7905966 5.7906143 5.7906304 5.7906451 5.7906584 5.7906702 5.7906805 5.7906893 5.7906966 5.7907025 5.7907069 5.7907098 5.7907112 5.7907111 5.7907095 5.7907065 5.7907019 5.7906959 5.7906883 5.7906792 5.7906687 5.7906566 5.7906431 5.790628 5.7906115 5.7905935 5.7905739 5.7905529 5.7905304 5.7905063 5.7904808 5.7904538 5.7904254 5.7903954 5.790364 5.790331 5.7902967 5.7902608 5.7902235 5.7901847 5.7901445
5.7899472 5.7899921 5.7900357 5.7900779 5.7901187 5.7901582 5.7901963 5.7902331 5.7902685 5.7903025 5.7903351 5.7903664 5.7903962 5.7904246 5.7904517 5.7904773 5.7905015 5.7905242 5.7905456 5.7905655 5.790584 5.790601 5.7906166 5.7906308 5.7906435 5.7906548 5.7906646 5.7906729 5.7906798 5.7906853 5.7906892 5.7906917 5.7906928 5.7906923 5.7906904 5.790687 5.7906822 5.7906758 5.790668 5.7906587 5.790648 5.7906357 5.790622 5.7906069 5.7905902 5.7905721 5.7905525 5.7905314 5.7905089 5.7904849 5.7904595 5.7904325 5.7904042 5.7903743 5.7903431 5.7903104 5.7902762 5.7902406 5.7902036 5.7901651
5.7899033 5.7899486 5.7899927 5.7900355 5.7900769 5.7901169 5.7901557 5.790193 5.7902291 5.7902637 5.790297 5.7903289 5.7903594 5.7903886 5.7904163 5.7904427 5.7904677 5.7904912 5.7905134 5.7905342 5.7905535 5.7905714 5.7905879 5.790603 5.7906166 5.7906288 5.7906396 5.790649 5.7906569 5.7906633 5.7906683 5.7906719 5.790674 5.7906747 5.790674 5.7906717 5.7906681 5.7906629 5.7906564 5.7906483 5.7906389 5.7906279 5.7906156 5.7906017 5.7905865 5.7905697 5.7905516 5.7905319 5.7905109 5.7904884 5.7904645 5.7904391 5.7904123 5.7903841 5.7903544 5.7903233 5.7902909 5.790257 5.7902217 5.7901849
5.7898592 5.7899051 5.7899497 5.7899929 5.7900349 5.7900755 5.7901149 5.7901528 5.7901895 5.7902248 5.7902587 5.7902913 5.7903225 5.7903524 5.7903808 5.790408 5.7904337 5.790458 5.790481 5.7905026 5.7905227 5.7905415 5.7905589 5.7905749 5.7905894 5.7906026 5.7906143 5.7906247 5.7906336 5.7906411 5.7906471 5.7906518 5.790655 5.7906568 5.7906571 5.7906561 5.7906536 5.7906496 5.7906443 5.7906375 5.7906293 5.7906197 5.7906086 5.7905961 5.7905822 5.7905668 5.7905501 5.7905319 5.7905123 5.7904913 5.7904688 5.790445 5.7904198 5.7903931 5.7903651 5.7903356 5.7903048 5.7902726 5.790239 5.790204
5.789815 5.7898614 5.7899065 5.7899503 5.7899928 5.790034 5.7900739 5.7901125 5.7901497 5.7901856 5.7902202 5.7902535 5.7902854 5.7903159 5.7903451 5.790373 5.7903995 5.7904246 5.7904484 5.7904708 5.7904918 5.7905114 5.7905296 5.7905465 5.790562 5.7905761 5.7905888 5.7906001 5.79061 5.7906185 5.7906256 5.7906313 5.7906355 5.7906384 5.7906399 5.79064 5.7906387 5.7906359 5.7906318 5.7906262 5.7906193 5.7906109 5.7906011 5.79059 5.7905774 5.7905634 5.790548 5.7905313 5.7905131 5.7904935 5.7904726 5.7904503 5.7904266 5.7904015 5.790375 5.7903472 5.790318 5.7902874 5.7902555 5.7902223
5.7897706 5.7898175 5.7898631 5.7899075 5.7899505 5.7899923 5.7900328 5.7900719 5.7901098 5.7901463 5.7901816 5.7902155 5.7902481 5.7902793 5.7903092 5.7903378 5.7903651 5.790391 5.7904155 5.7904387 5.7904605 5.790481 5.7905001 5.7905179 5.7905342 5.7905493 5.7905629 5.7905751 5.790586 5.7905955 5.7906037 5.7906104 5.7906158 5.7906197 5.7906223 5.7906235 5.7906233 5.7906218 5.7906188 5.7906145 5.7906088 5.7906017 5.7905932 5.7905833 5.7905721 5.7905594 5.7905454 5.7905301 5.7905133 5.7904952 5.7904757 5.7904549 5.7904327 5.7904092 5.7903843 5.790358 5.7903304 5.7903015 5.7902713 5.7902397
