Cobbity3/QGIS/AVE26_run1.asc
NCOLS 800
NROWS 450
XLLCORNER 150.66
YLLCORNER -34.028
CELLSIZE 1e-05
NODATA_VALUE -9999
[rows 234 to 259 of 450, columns 58 to 115 of 800]
0.98415412 0.98494244 0.985734 0.98652882 0.98732692 0.98812834 0.98893311 0.98974124 0.99055277 0.99136772 0.99218614 0.99300804 0.99383346 0.99466243 0.99549499 0.99633117 0.997171 0.99801453 0.99886179 0.99971281 1.0005676 1.0014263 1.0022889 1.0031554 1.0040259 1.0049004 1.0057791 1.0066618 1.0075488 1.0084399 1.0093354 1.0102353 1.0111395 1.0120483 1.0129617 1.0138796 1.0148023 1.0157298 1.0166622 1.0175995 1.0185419 1.0194895 1.0204423 1.0214005 1.0223642 1.0233335 1.0243086 1.0252895 1.0262765 1.0272696 1.0282691 1.0292751 1.0302879 1.0313075 1.0323342 1.0333684 1.03441 1.0354596
0.98428953 0.98507573 0.98586512 0.9866577 0.98745351 0.98825258 0.98905491 0.98986055 0.99066952 0.99148184 0.99229755 0.99311666 0.99393921 0.99476523 0.99559475 0.9964278 0.99726441 0.99810461 0.99894844 0.99979594 1.0006471 1.0015021 1.0023608 1.0032233 1.0040897 1.00496 1.0058342 1.0067124 1.0075947 1.008481 1.0093715 1.0102662 1.0111652 1.0120685 1.0129761 1.0138882 1.0148048 1.0157259 1.0166518 1.0175823 1.0185177 1.019458 1.0204033 1.0213537 1.0223093 1.0232702 1.0242365 1.0252084 1.026186 1.0271694 1.0281588 1.0291543 1.0301561 1.0311644 1.0321794 1.0332012 1.0342301 1.0352664
0.98441702 0.98520102 0.98598815 0.98677841 0.98757183 0.98836844 0.98916826 0.98997131 0.99077762 0.9915872 0.99240009 0.99321631 0.99403588 0.99485883 0.99568519 0.99651499 0.99734826 0.99818501 0.99902529 0.99986913 1.0007166 1.0015676 1.0024223 1.0032807 1.0041428 1.0050087 1.0058784 1.0067519 1.0076293 1.0085107 1.009396 1.0102854 1.0111788 1.0120763 1.0129781 1.013884 1.0147943 1.0157089 1.016628 1.0175515 1.0184796 1.0194124 1.0203499 1.0212922 1.0222394 1.0231916 1.0241489 1.0251114 1.0260792 1.0270525 1.0280314 1.029016 1.0300064 1.0310029 1.0320056 1.0330147 1.0340303 1.0350528
0.98453667 0.98531838 0.98610316 0.98689101 0.98768196 0.98847603 0.98927323 0.9900736 0.99087714 0.99168389 0.99249386 0.99330708 0.99412356 0.99494334 0.99576643 0.99659286 0.99742266 0.99825585 0.99909246 0.99993251 1.000776 1.0016231 1.0024736 1.0033277 1.0041854 1.0050468 1.0059117 1.0067804 1.0076528 1.008529 1.009409 1.0102928 1.0111805 1.0120722 1.0129678 1.0138675 1.0147712 1.015679 1.0165911 1.0175074 1.018428 1.0193529 1.0202823 1.0212162 1.0221548 1.0230979 1.0240459 1.0249987 1.0259565 1.0269193 1.0278873 1.0288605 1.0298392 1.0308235 1.0318135 1.0328093 1.0338111 1.0348192
0.98464854 0.98542788 0.98621023 0.98699558 0.98778397 0.9885754 0.9893699 0.99016749 0.99096818 0.99177199 0.99257894 0.99338906 0.99420235 0.99501884 0.99583856 0.99666152 0.99748774 0.99831724 0.99915005 0.99998619 1.0008257 1.0016686 1.0025148 1.0033645 1.0042177 1.0050743 1.0059345 1.0067981 1.0076654 1.0085362 1.0094107 1.0102888 1.0111706 1.0120562 1.0129455 1.0138386 1.0147356 1.0156365 1.0165413 1.0174501 1.0183629 1.0192799 1.0202009 1.0211262 1.0220558 1.0229896 1.0239279 1.0248707 1.025818 1.02677 1.0277268 1.0286884 1.0296549 1.0306265 1.0316033 1.0325855 1.0335731 1.0345663
0.9847527 0.9855296 0.98630942 0.9870922 0.98787793 0.98866665 0.98945836 0.99025307 0.99105082 0.9918516 0.99265544 0.99346235 0.99427235 0.99508546 0.99590169 0.99672106 0.99754359 0.9983693 0.9991982 1.0000303 1.0008657 1.0017042 1.0025461 1.0033913 1.0042397 1.0050915 1.0059467 1.0068052 1.0076671 1.0085324 1.0094012 1.0102735 1.0111493 1.0120285 1.0129114 1.0137978 1.0146878 1.0155815 1.0164789 1.01738 1.0182848 1.0191935 1.020106 1.0210224 1.0219427 1.022867 1.0237953 1.0247278 1.0256644 1.0266053 1.0275504 1.0285 1.029454 1.0304125 1.0313758 1.0323438 1.0333167 1.0342946
0.98484922 0.98562359 0.98640082 0.98718094 0.98796394 0.98874985 0.98953868 0.99033044 0.99112515 0.99192281 0.99272344 0.99352706 0.99433367 0.99514329 0.99595594 0.99677162 0.99759035 0.99841215 0.99923702 1.000065 1.0008961 1.0017303 1.0025676 1.0034081 1.0042517 1.0050985 1.0059485 1.0068018 1.0076582 1.0085179 1.0093809 1.0102471 1.0111166 1.0119895 1.0128657 1.0137452 1.0146281 1.0155144 1.0164042 1.0172973 1.018194 1.0190941 1.0199978 1.0209051 1.0218159 1.0227303 1.0236485 1.0245703 1.0254959 1.0264253 1.0273586 1.0282957 1.0292369 1.030182 1.0311313 1.0320848 1.0330425 1.0340046
0.98493818 0.98570995 0.98648451 0.98726188 0.98804208 0.9888251 0.98961097 0.99039968 0.99119126 0.99198572 0.99278305 0.99358328 0.9943864 0.99519244 0.9960014 0.9968133 0.99762813 0.99844591 0.99926666 1.0000904 1.0009171 1.0017467 1.0025794 1.0034151 1.0042538 1.0050955 1.0059403 1.0067881 1.0076389 1.0084928 1.0093498 1.0102098 1.011073 1.0119392 1.0128086 1.0136811 1.0145567 1.0154354 1.0163173 1.0172024 1.0180906 1.0189821 1.0198767 1.0207746 1.0216757 1.0225801 1.0234877 1.0243987 1.025313 1.0262307 1.0271517 1.0280762 1.0290041 1.0299355 1.0308705 1.031809 1.0327512 1.0336971
0.98501965 0.98578874 0.98656056 0.98733511 0.98811242 0.98889248 0.9896753 0.99046089 0.99124926 0.99204042 0.99283437 0.99363111 0.99443067 0.99523303 0.99603821 0.99684622 0.99765705 0.99847072 0.99928723 1.0001066 1.0009288 1.0017538 1.0025817 1.0034125 1.0042461 1.0050826 1.005922 1.0067642 1.0076093 1.0084573 1.0093082 1.0101619 1.0110185 1.011878 1.0127404 1.0136056 1.0144738 1.0153448 1.0162187 1.0170955 1.0179751 1.0188576 1.019743 1.0206313 1.0215225 1.0224166 1.0233135 1.0242134 1.0251161 1.0260217 1.0269303 1.0278417 1.0287561 1.0296735 1.0305938 1.0315171 1.0324433 1.0333726
0.98509371 0.98586005 0.98662905 0.98740071 0.98817505 0.98895207 0.98973177 0.99051416 0.99129924 0.99208702 0.99287749 0.99367068 0.99446657 0.99526517 0.99606648 0.9968705 0.99767724 0.9984867 0.99929887 1.0001138 1.0009314 1.0017517 1.0025747 1.0034005 1.0042289 1.0050601 1.0058939 1.0067305 1.0075697 1.0084117 1.0092563 1.0101035 1.0109535 1.0118061 1.0126613 1.0135192 1.0143797 1.0152428 1.0161085 1.0169768 1.0178477 1.0187211 1.0195971 1.0204756 1.0213567 1.0222402 1.0231262 1.0240147 1.0249056 1.025799 1.0266948 1.027593 1.0284936 1.0293965 1.0303019 1.0312095 1.0321195 1.0330319
0.98516044 0.98592395 0.98669006 0.98745877 0.98823007 0.98900397 0.98978047 0.99055958 0.99134129 0.99212561 0.99291254 0.99370208 0.99449422 0.99528897 0.99608632 0.99688628 0.99768883 0.99849399 0.99930173 1.0001121 1.000925 1.0017405 1.0025585 1.0033791 1.0042023 1.005028 1.0058562 1.006687 1.0075203 1.008356 1.0091942 1.0100349 1.0108781 1.0117236 1.0125716 1.013422 1.0142747 1.0151298 1.0159871 1.0168468 1.0177088 1.0185729 1.0194393 1.0203079 1.0211786 1.0220514 1.0229262 1.0238031 1.0246821 1.0255629 1.0264457 1.0273304 1.0282169 1.0291052 1.0299953 1.0308871 1.0317805 1.0326756
0.9852199 0.98598054 0.98674369 0.98750936 0.98827755 0.98904826 0.9898215 0.99059725 0.99137552 0.99215631 0.99293961 0.99372542 0.99451373 0.99530455 0.99609786 0.99689367 0.99769195 0.99849271 0.99929594 1.0001016 1.0009097 1.0017203 1.0025333 1.0033487 1.0041665 1.0049866 1.0058091 1.006634 1.0074611 1.0082906 1.0091223 1.0099563 1.0107926 1.011631 1.0124715 1.0133142 1.0141591 1.0150059 1.0158548 1.0167057 1.0175586 1.0184133 1.0192699 1.0201284 1.0209885 1.0218504 1.022714 1.0235792 1.0244458 1.025314 1.0261836 1.0270545 1.0279267 1.0288001 1.0296747 1.0305503 1.0314269 1.0323043
0.9852722 0.98602988 0.98679001 0.98755258 0.9883176 0.98908505 0.98985495 0.99062727 0.99140203 0.99217921 0.99295881 0.99374082 0.99452523 0.99531204 0.99610123 0.9968928 0.99768673 0.99848302 0.99928164 1.0000826 1.0008858 1.0016914 1.0024992 1.0033093 1.0041216 1.0049361 1.0057527 1.0065716 1.0073926 1.0082156 1.0090408 1.009868 1.0106971 1.0115283 1.0123613 1.0131963 1.014033 1.0148716 1.0157119 1.0165539 1.0173975 1.0182427 1.0190894 1.0199375 1.020787 1.0216379 1.0224899 1.0233432 1.0241974 1.0250527 1.0259089 1.0267659 1.0276236 1.0284819 1.0293407 1.0301999 1.0310593 1.0319189
0.9853174 0.98607206 0.98682911 0.98758852 0.98835029 0.98911443 0.98988091 0.99064975 0.99142092 0.99219442 0.99297025 0.99374839 0.99452882 0.99531155 0.99609654 0.9968838 0.99767331 0.99846503 0.99925897 1.0000551 1.0008534 1.0016538 1.0024564 1.0032611 1.0040678 1.0048765 1.0056873 1.0065001 1.0073147 1.0081313 1.0089498 1.00977 1.0105921 1.0114158 1.0122413 1.0130683 1.0138969 1.0147271 1.0155587 1.0163916 1.0172259 1.0180614 1.018898 1.0197357 1.0205745 1.0214141 1.0222545 1.0230956 1.0239374 1.0247796 1.0256222 1.026465 1.027308 1.028151 1.0289939 1.0298365 1.0306786 1.0315201
0.98535558 0.98610718 0.98686107 0.98761726 0.98837573 0.98913648 0.9898995 0.99066478 0.9914323 0.99220206 0.99297405 0.99374824 0.99452463 0.9953032 0.99608393 0.99686681 0.99765181 0.99843891 0.99922809 1.0000193 1.0008126 1.0016078 1.0024051 1.0032042 1.0040053 1.0048083 1.005613 1.0064196 1.0072279 1.0080379 1.0088496 1.0096628 1.0104776 1.0112939 1.0121116 1.0129307 1.0137511 1.0145727 1.0153954 1.0162192 1.017044 1.0178697 1.0186962 1.0195234 1.0203512 1.0211794 1.0220081 1.022837 1.023666 1.0244951 1.025324 1.0261526 1.0269807 1.0278082 1.028635 1.0294607 1.0302854 1.0311087
0.98538684 0.98613531 0.986886 0.9876389 0.98839401 0.98915131 0.9899108 0.99067246 0.99143627 0.99220223 0.99297031 0.9937405 0.99451278 0.99528713 0.99606353 0.99684195 0.99762238 0.99840478 0.99918914 0.99997541 1.0007636 1.0015536 1.0023454 1.003139 1.0039343 1.0047314 1.0055301 1.0063304 1.0071322 1.0079356 1.0087403 1.0095465 1.010354 1.0111627 1.0119726 1.0127836 1.0135957 1.0144086 1.0152225 1.016037 1.0168523 1.017668 1.0184843 1.0193008 1.0201176 1.0209344 1.0217512 1.0225678 1.023384 1.0241997 1.0250148 1.025829 1.0266421 1.0274541 1.0282646 1.0290734 1.0298804 1.0306853
0.98541125 0.98615654 0.98690397 0.98765353 0.98840522 0.98915902 0.98991492 0.9906729 0.99143294 0.99219503 0.99295915 0.99372528 0.99449338 0.99526345 0.99603546 0.99680937 0.99758516 0.9983628 0.99914226 0.9999235 1.0007065 1.0014912 1.0022775 1.0030655 1.003855 1.0046461 1.0054387 1.0062326 1.0070279 1.0078245 1.0086224 1.0094214 1.0102215 1.0110226 1.0118246 1.0126274 1.0134311 1.0142353 1.0150401 1.0158454 1.016651 1.0174568 1.0182627 1.0190685 1.0198742 1.0206795 1.0214843 1.0222884 1.0230918 1.0238941 1.0246952 1.0254949 1.026293 1.0270892 1.0278834 1.0286752 1.0294644 1.0302507
0.98542891 0.98617095 0.98691507 0.98766124 0.98840946 0.98915971 0.98991196 0.99066621 0.99142243 0.99218059 0.99294069 0.99370269 0.99446657 0.9952323 0.99599985 0.99676919 0.99754028 0.9983131 0.9990876 0.99986375 1.0006415 1.0014208 1.0022016 1.0029839 1.0037676 1.0045526 1.005339 1.0061265 1.0069152 1.0077051 1.0084959 1.0092877 1.0100803 1.0108737 1.0116678 1.0124624 1.0132575 1.014053 1.0148488 1.0156447 1.0164405 1.0172363 1.0180318 1.0188268 1.0196213 1.020415 1.0212078 1.0219994 1.0227898 1.0235786 1.0243658 1.0251509 1.0259338 1.0267143 1.027492 1.0282667 1.0290381 1.0298059
0.98543989 0.98617865 0.9869194 0.98766213 0.98840683 0.98915346 0.98990202 0.99065248 0.99140482 0.99215902 0.99291504 0.99367286 0.99443246 0.99519379 0.99595683 0.99672155 0.99748789 0.99825583 0.99902533 0.99979633 1.0005688 1.0013427 1.0021179 1.0028944 1.0036722 1.0044511 1.0052312 1.0060123 1.0067944 1.0075773 1.0083611 1.0091456 1.0099307 1.0107163 1.0115024 1.0122888 1.0130754 1.0138621 1.0146487 1.0154351 1.0162212 1.0170069 1.0177919 1.0185761 1.0193593 1.0201414 1.0209221 1.0217013 1.0224786 1.0232539 1.024027 1.0247975 1.0255653 1.0263299 1.0270912 1.0278488 1.0286023 1.0293514
0.98544429 0.98617971 0.98691705 0.98765629 0.98839741 0.98914039 0.98988521 0.99063183 0.99138025 0.99213042 0.99288231 0.99363591 0.99439117 0.99514806 0.99590655 0.99666658 0.99742813 0.99819114 0.99895558 0.99972138 1.0004885 1.0012569 1.0020265 1.0027972 1.003569 1.0043418 1.0051156 1.0058902 1.0066655 1.0074416 1.0082183 1.0089954 1.009773 1.0105508 1.0113288 1.0121069 1.0128849 1.0136627 1.0144402 1.0152171 1.0159935 1.016769 1.0175435 1.0183168 1.0190888 1.0198592 1.0206278 1.0213944 1.0221587 1.0229205 1.0236795 1.0244354 1.0251879 1.0259368 1.0266816 1.027422 1.0281577 1.0288881
0.98544218 0.98617422 0.98690811 0.98764381 0.98838132 0.98912059 0.98986162 0.99060437 0.9913488 0.9920949 0.99284263 0.99359196 0.99434284 0.99509524 0.99584912 0.99660443 0.99736113 0.99811917 0.9988785 0.99963907 1.0004008 1.0011637 1.0019276 1.0026924 1.0034582 1.0042249 1.0049923 1.0057603 1.0065289 1.0072981 1.0080676 1.0088374 1.0096073 1.0103773 1.0111473 1.011917 1.0126864 1.0134553 1.0142236 1.0149911 1.0157576 1.0165229 1.0172869 1.0180493 1.01881 1.0195688 1.0203252 1.0210793 1.0218305 1.0225788 1.0233237 1.0240651 1.0248024 1.0255355 1.0262638 1.0269871 1.027705 1.0284169
0.98543366 0.98616228 0.98689267 0.9876248 0.98835864 0.98909417 0.98983136 0.99057019 0.99131061 0.9920526 0.99279611 0.99354112 0.99428758 0.99503545 0.99578468 0.99653523 0.99728705 0.99804007 0.99879426 0.99954954 1.0003059 1.0010631 1.0018213 1.0025803 1.0033401 1.0041005 1.0048615 1.005623 1.0063848 1.007147 1.0079093 1.0086717 1.009434 1.0101962 1.010958 1.0117194 1.0124802 1.0132402 1.0139992 1.0147572 1.0155139 1.016269 1.0170225 1.0177741 1.0185235 1.0192705 1.0200149 1.0207564 1.0214947 1.0222294 1.0229604 1.0236871 1.0244093 1.0251266 1.0258386 1.0265449 1.027245 1.0279383
0.98541882 0.98614398 0.98687083 0.98759933 0.98832948 0.98906122 0.98979454 0.9905294 0.99126577 0.9920036 0.99274287 0.99348353 0.99422553 0.99496882 0.99571337 0.99645912 0.99720601 0.99795399 0.99870299 0.99945296 1.0002038 1.0009555 1.0017079 1.002461 1.0032147 1.0039689 1.0047234 1.0054783 1.0062334 1.0069885 1.0077437 1.0084986 1.0092533 1.0100076 1.0107613 1.0115143 1.0122665 1.0130176 1.0137674 1.0145159 1.0152627 1.0160077 1.0167507 1.0174914 1.0182296 1.018965 1.0196973 1.0204263 1.0211516 1.0218729 1.0225899 1.0233021 1.0240093 1.0247109 1.0254066 1.026096 1.0267784 1.0274534
0.98539774 0.9861194 0.98684267 0.98756752 0.98829392 0.98902185 0.98975126 0.99048212 0.9912144 0.99194804 0.99268302 0.99341929 0.99415679 0.99489549 0.99563532 0.99637623 0.99711817 0.99786107 0.99860486 0.99934948 1.0000949 1.0008409 1.0015876 1.0023347 1.0030823 1.0038302 1.0045783 1.0053266 1.0060748 1.006823 1.0075709 1.0083185 1.0090655 1.0098119 1.0105575 1.0113021 1.0120456 1.0127878 1.0135285 1.0142675 1.0150045 1.0157394 1.0164719 1.0172018 1.0179287 1.0186525 1.0193729 1.0200894 1.0208018 1.0215097 1.0222128 1.0229106 1.0236028 1.024289 1.0249685 1.025641 1.0263059 1.0269627
0.98537051 0.98608864 0.98680829 0.98752945 0.98825208 0.98897615 0.98970162 0.99042845 0.9911566 0.99188603 0.99261669 0.99334853 0.99408151 0.99481557 0.99555066 0.99628671 0.99702366 0.99776145 0.99850001 0.99923926 0.99997913 1.0007195 1.0014604 1.0022016 1.002943 1.0036847 1.0044263 1.005168 1.0059094 1.0066505 1.0073912 1.0081314 1.0088708 1.0096093 1.0103468 1.0110831 1.0118179 1.0125512 1.0132827 1.0140122 1.0147395 1.0154643 1.0161864 1.0169055 1.0176213 1.0183336 1.019042 1.0197461 1.0204457 1.0211404 1.0218297 1.0225133 1.0231906 1.0238613 1.0245249 1.0251808 1.0258284 1.0264671
0.98533722 0.98605178 0.98676779 0.98748523 0.98820405 0.98892423 0.98964573 0.99036849 0.99109249 0.99181767 0.99254398 0.99327138 0.9939998 0.9947292 0.99545952 0.99619068 0.99692263 0.99765529 0.99838859 0.99912245 0.99985679 1.0005915 1.0013266 1.0020618 1.0027971 1.0035325 1.0042677 1.0050027 1.0057373 1.0064714 1.0072049 1.0079376 1.0086694 1.0094 1.0101294 1.0108574 1.0115837 1.0123081 1.0130305 1.0137506 1.0144681 1.0151829 1.0158946 1.016603 1.0173078 1.0180086 1.0187051 1.019397 1.0200839 1.0207654 1.0214411 1.0221105 1.0227732 1.0234287 1.0240764 1.0247158 1.0253464 1.0259674
