Cobbity3/QGIS/AVE2_run1.asc
NCOLS 800
NROWS 450
XLLCORNER 150.66
YLLCORNER -34.028
CELLSIZE 1e-05
NODATA_VALUE -9999
[rows 416 to 441 of 450, columns 120 to 179 of 800]
5.789493 5.7894085 5.789322 5.7892334 5.7891427 5.7890499 5.788955 5.7888581 5.7887591 5.788658 5.7885548 5.7884496 5.7883422 5.7882329 5.7881214 5.7880079 5.7878923 5.7877747 5.787655 5.7875333 5.7874096 5.7872838 5.7871559 5.7870261 5.7868942 5.7867603 5.7866245 5.7864866 5.7863467 5.7862049 5.786061 5.7859153 5.7857675 5.7856179 5.7854663 5.7853128 5.7851574 5.7850001 5.7848409 5.7846799 5.784517 5.7843524 5.7841859 5.7840177 5.7838477 5.7836759 5.7835025 5.7833274 5.7831507 5.7829723 5.7827923 5.7826108 5.7824278 5.7822434 5.7820574 5.7818701 5.7816815 5.7814916 5.7813004 5.781108
5.7895303 5.7894482 5.789364 5.7892777 5.7891894 5.7890991 5.7890067 5.7889122 5.7888158 5.7887173 5.7886167 5.7885141 5.7884095 5.7883029 5.7881942 5.7880835 5.7879708 5.7878561 5.7877394 5.7876207 5.7875 5.7873773 5.7872526 5.787126 5.7869973 5.7868667 5.7867342 5.7865997 5.7864633 5.7863249 5.7861846 5.7860424 5.7858983 5.7857524 5.7856045 5.7854549 5.7853033 5.78515 5.7849948 5.7848378 5.7846791 5.7845186 5.7843564 5.7841925 5.7840268 5.7838596 5.7836907 5.7835201 5.783348 5.7831744 5.7829993 5.7828226 5.7826446 5.7824651 5.7822843 5.7821022 5.7819188 5.7817342 5.7815485 5.7813616
5.789567 5.7894871 5.7894052 5.7893213 5.7892354 5.7891474 5.7890575 5.7889655 5.7888716 5.7887756 5.7886777 5.7885777 5.7884758 5.7883719 5.788266 5.7881581 5.7880482 5.7879364 5.7878226 5.7877069 5.7875892 5.7874696 5.787348 5.7872245 5.7870991 5.7869717 5.7868425 5.7867113 5.7865783 5.7864434 5.7863066 5.786168 5.7860275 5.7858852 5.7857411 5.7855951 5.7854474 5.785298 5.7851467 5.7849938 5.7848391 5.7846827 5.7845247 5.784365 5.7842037 5.7840409 5.7838764 5.7837104 5.7835429 5.7833739 5.7832035 5.7830317 5.7828585 5.782684 5.7825082 5.7823312 5.782153 5.7819736 5.7817932 5.7816118
5.7896031 5.7895254 5.7894457 5.7893641 5.7892805 5.789195 5.7891075 5.789018 5.7889265 5.7888331 5.7887377 5.7886404 5.7885411 5.7884398 5.7883367 5.7882316 5.7881245 5.7880156 5.7879047 5.7877919 5.7876772 5.7875606 5.7874421 5.7873217 5.7871994 5.7870753 5.7869493 5.7868215 5.7866918 5.7865603 5.786427 5.7862918 5.7861549 5.7860162 5.7858758 5.7857336 5.7855897 5.785444 5.7852967 5.7851477 5.784997 5.7848448 5.7846909 5.7845354 5.7843783 5.7842198 5.7840597 5.7838982 5.7837352 5.7835708 5.783405 5.783238 5.7830696 5.7828999 5.7827291 5.7825571 5.782384 5.7822098 5.7820346 5.7818584
5.7896384 5.7895629 5.7894855 5.7894062 5.7893249 5.7892417 5.7891566 5.7890695 5.7889805 5.7888896 5.7887968 5.788702 5.7886054 5.7885068 5.7884063 5.7883039 5.7881997 5.7880936 5.7879855 5.7878756 5.7877639 5.7876503 5.7875348 5.7874175 5.7872984 5.7871774 5.7870547 5.7869301 5.7868037 5.7866756 5.7865457 5.786414 5.7862807 5.7861455 5.7860087 5.7858702 5.78573 5.7855882 5.7854447 5.7852996 5.7851529 5.7850046 5.7848548 5.7847035 5.7845506 5.7843963 5.7842406 5.7840834 5.7839249 5.783765 5.7836039 5.7834414 5.7832778 5.7831129 5.7829469 5.7827799 5.7826117 5.7824426 5.7822726 5.7821016
5.789673 5.7895997 5.7895245 5.7894475 5.7893685 5.7892876 5.7892049 5.7891202 5.7890336 5.7889452 5.7888549 5.7887627 5.7886686 5.7885727 5.7884749 5.7883752 5.7882737 5.7881704 5.7880652 5.7879582 5.7878493 5.7877387 5.7876262 5.787512 5.787396 5.7872781 5.7871586 5.7870372 5.7869142 5.7867893 5.7866628 5.7865346 5.7864047 5.7862731 5.7861399 5.786005 5.7858685 5.7857304 5.7855907 5.7854494 5.7853066 5.7851623 5.7850165 5.7848693 5.7847206 5.7845705 5.784419 5.7842662 5.784112 5.7839566 5.7838 5.7836421 5.7834831 5.783323 5.7831617 5.7829995 5.7828363 5.7826722 5.7825072 5.7823413
5.7897069 5.7896358 5.7895628 5.789488 5.7894113 5.7893327 5.7892523 5.78917 5.7890859 5.7889999 5.788912 5.7888224 5.7887309 5.7886375 5.7885424 5.7884454 5.7883466 5.788246 5.7881437 5.7880395 5.7879335 5.7878258 5.7877163 5.7876051 5.7874921 5.7873774 5.787261 5.7871428 5.787023 5.7869015 5.7867783 5.7866535 5.786527 5.7863989 5.7862692 5.7861379 5.786005 5.7858706 5.7857347 5.7855972 5.7854583 5.7853179 5.7851761 5.7850328 5.7848882 5.7847423 5.784595 5.7844464 5.7842966 5.7841456 5.7839933 5.78384 5.7836855 5.78353 5.7833735 5.783216 5.7830577 5.7828984 5.7827384 5.7825776
5.78974 5.7896711 5.7896003 5.7895277 5.7894532 5.7893769 5.7892988 5.7892189 5.7891372 5.7890536 5.7889682 5.7888811 5.7887921 5.7887013 5.7886088 5.7885145 5.7884184 5.7883205 5.7882209 5.7881196 5.7880165 5.7879116 5.7878051 5.7876968 5.7875869 5.7874752 5.7873619 5.7872469 5.7871303 5.787012 5.7868922 5.7867707 5.7866476 5.7865229 5.7863967 5.7862689 5.7861397 5.7860089 5.7858766 5.7857429 5.7856078 5.7854713 5.7853334 5.7851941 5.7850535 5.7849116 5.7847685 5.7846241 5.7844785 5.7843318 5.784184 5.784035 5.7838851 5.7837341 5.7835822 5.7834294 5.7832758 5.7831213 5.7829662 5.7828103
5.7897725 5.7897056 5.789637 5.7895666 5.7894944 5.7894203 5.7893445 5.7892669 5.7891875 5.7891064 5.7890234 5.7889387 5.7888523 5.7887641 5.7886741 5.7885824 5.788489 5.7883938 5.788297 5.7881984 5.7880981 5.7879962 5.7878925 5.7877872 5.7876802 5.7875716 5.7874614 5.7873495 5.787236 5.787121 5.7870043 5.7868862 5.7867664 5.7866451 5.7865224 5.7863981 5.7862724 5.7861452 5.7860166 5.7858866 5.7857552 5.7856225 5.7854884 5.785353 5.7852164 5.7850785 5.7849395 5.7847992 5.7846579 5.7845154 5.7843718 5.7842273 5.7840817 5.7839353 5.7837879 5.7836397 5.7834907 5.783341 5.7831906 5.7830395
5.7898042 5.7897395 5.789673 5.7896047 5.7895347 5.7894629 5.7893893 5.789314 5.789237 5.7891582 5.7890777 5.7889954 5.7889114 5.7888258 5.7887384 5.7886492 5.7885585 5.788466 5.7883718 5.788276 5.7881785 5.7880793 5.7879786 5.7878762 5.7877722 5.7876665 5.7875593 5.7874505 5.7873402 5.7872283 5.7871149 5.7869999 5.7868835 5.7867656 5.7866462 5.7865254 5.7864032 5.7862795 5.7861545 5.7860282 5.7859005 5.7857715 5.7856412 5.7855097 5.785377 5.7852431 5.785108 5.7849718 5.7848346 5.7846963 5.7845569 5.7844167 5.7842755 5.7841334 5.7839905 5.7838468 5.7837024 5.7835573 5.7834115 5.7832652
5.7898352 5.7897725 5.7897081 5.789642 5.7895741 5.7895046 5.7894333 5.7893602 5.7892855 5.7892091 5.7891309 5.7890511 5.7889696 5.7888864 5.7888015 5.7887149 5.7886267 5.7885369 5.7884454 5.7883523 5.7882576 5.7881612 5.7880633 5.7879637 5.7878626 5.78776 5.7876558 5.78755 5.7874428 5.787334 5.7872237 5.787112 5.7869988 5.7868842 5.7867682 5.7866508 5.786532 5.7864119 5.7862904 5.7861676 5.7860436 5.7859183 5.7857918 5.785664 5.7855352 5.7854051 5.785274 5.7851418 5.7850086 5.7848744 5.7847393 5.7846032 5.7844663 5.7843285 5.78419 5.7840508 5.7839108 5.7837703 5.7836291 5.7834875
5.7898654 5.7898048 5.7897425 5.7896785 5.7896128 5.7895454 5.7894763 5.7894055 5.7893331 5.789259 5.7891832 5.7891057 5.7890266 5.7889459 5.7888635 5.7887795 5.7886939 5.7886066 5.7885178 5.7884273 5.7883353 5.7882417 5.7881466 5.7880499 5.7879517 5.7878519 5.7877507 5.787648 5.7875437 5.7874381 5.7873309 5.7872224 5.7871124 5.7870011 5.7868884 5.7867743 5.7866589 5.7865422 5.7864242 5.786305 5.7861845 5.7860629 5.78594 5.7858161 5.785691 5.7855648 5.7854375 5.7853093 5.7851801 5.7850499 5.7849189 5.7847869 5.7846542 5.7845207 5.7843865 5.7842516 5.784116 5.7839799 5.7838433 5.7837062
5.7898949 5.7898363 5.7897761 5.7897141 5.7896506 5.7895853 5.7895184 5.7894499 5.7893797 5.7893079 5.7892344 5.7891593 5.7890826 5.7890043 5.7889244 5.7888429 5.7887598 5.7886751 5.7885889 5.7885011 5.7884118 5.7883209 5.7882286 5.7881347 5.7880393 5.7879424 5.7878441 5.7877443 5.7876431 5.7875405 5.7874365 5.787331 5.7872242 5.7871161 5.7870067 5.7868959 5.7867839 5.7866706 5.786556 5.7864403 5.7863234 5.7862053 5.7860861 5.7859658 5.7858444 5.785722 5.7855986 5.7854742 5.7853489 5.7852227 5.7850957 5.7849678 5.7848392 5.7847099 5.7845799 5.7844492 5.784318 5.7841863 5.7840541 5.7839215
5.7899236 5.789867 5.7898088 5.789749 5.7896875 5.7896244 5.7895597 5.7894933 5.7894254 5.7893558 5.7892846 5.7892119 5.7891376 5.7890617 5.7889842 5.7889051 5.7888246 5.7887424 5.7886588 5.7885736 5.788487 5.7883988 5.7883091 5.788218 5.7881254 5.7880314 5.787936 5.7878391 5.7877409 5.7876413 5.7875403 5.7874379 5.7873343 5.7872293 5.7871231 5.7870156 5.7869069 5.7867969 5.7866858 5.7865735 5.78646 5.7863455 5.7862298 5.7861131 5.7859954 5.7858767 5.7857571 5.7856365 5.7855151 5.7853928 5.7852697 5.7851458 5.7850213 5.784896 5.7847702 5.7846437 5.7845168 5.7843893 5.7842614 5.7841332
5.7899515 5.7898969 5.7898408 5.789783 5.7897236 5.7896626 5.7896 5.7895358 5.7894701 5.7894028 5.7893339 5.7892634 5.7891914 5.7891179 5.7890428 5.7889662 5.7888881 5.7888085 5.7887274 5.7886448 5.7885608 5.7884753 5.7883883 5.7882999 5.7882101 5.7881189 5.7880263 5.7879324 5.7878371 5.7877404 5.7876424 5.7875431 5.7874426 5.7873407 5.7872377 5.7871334 5.7870279 5.7869212 5.7868134 5.7867045 5.7865945 5.7864834 5.7863713 5.7862582 5.7861441 5.786029 5.7859131 5.7857962 5.7856786 5.7855601 5.7854409 5.785321 5.7852004 5.7850792 5.7849574 5.7848351 5.7847123 5.784589 5.7844654 5.7843415
5.7899787 5.7899261 5.7898719 5.7898161 5.7897588 5.7896999 5.7896394 5.7895774 5.7895138 5.7894487 5.7893821 5.7893139 5.7892442 5.789173 5.7891004 5.7890262 5.7889505 5.7888734 5.7887948 5.7887148 5.7886333 5.7885504 5.7884661 5.7883805 5.7882934 5.7882049 5.7881152 5.788024 5.7879316 5.7878379 5.7877429 5.7876466 5.787549 5.7874503 5.7873504 5.7872492 5.787147 5.7870436 5.786939 5.7868335 5.7867268 5.7866191 5.7865105 5.7864009 5.7862903 5.7861789 5.7860665 5.7859534 5.7858395 5.7857248 5.7856094 5.7854933 5.7853767 5.7852594 5.7851416 5.7850233 5.7849046 5.7847855 5.784666 5.7845463
5.7900051 5.7899544 5.7899022 5.7898484 5.7897931 5.7897363 5.7896779 5.789618 5.7895566 5.7894937 5.7894293 5.7893633 5.7892959 5.7892271 5.7891567 5.7890849 5.7890117 5.788937 5.7888609 5.7887834 5.7887045 5.7886242 5.7885425 5.7884595 5.7883752 5.7882895 5.7882024 5.7881141 5.7880245 5.7879337 5.7878416 5.7877483 5.7876538 5.787558 5.7874612 5.7873632 5.7872641 5.7871639 5.7870626 5.7869603 5.786857 5.7867527 5.7866474 5.7865412 5.7864342 5.7863262 5.7862175 5.786108 5.7859977 5.7858867 5.7857751 5.7856628 5.78555 5.7854366 5.7853227 5.7852084 5.7850936 5.7849786 5.7848632 5.7847476
5.7900307 5.789982 5.7899317 5.7898799 5.7898266 5.7897718 5.7897155 5.7896577 5.7895984 5.7895376 5.7894754 5.7894117 5.7893466 5.78928 5.789212 5.7891425 5.7890717 5.7889994 5.7889258 5.7888508 5.7887744 5.7886966 5.7886176 5.7885372 5.7884555 5.7883724 5.7882882 5.7882026 5.7881158 5.7880278 5.7879386 5.7878482 5.7877567 5.787664 5.7875701 5.7874752 5.7873792 5.7872821 5.787184 5.787085 5.7869849 5.7868839 5.786782 5.7866793 5.7865756 5.7864712 5.786366 5.78626 5.7861533 5.786046 5.785938 5.7858295 5.7857204 5.7856108 5.7855007 5.7853903 5.7852795 5.7851684 5.785057 5.7849455
5.7900555 5.7900087 5.7899603 5.7899105 5.7898592 5.7898064 5.7897521 5.7896964 5.7896392 5.7895806 5.7895205 5.789459 5.7893961 5.7893318 5.7892661 5.789199 5.7891305 5.7890606 5.7889894 5.7889168 5.7888429 5.7887677 5.7886912 5.7886134 5.7885343 5.7884539 5.7883724 5.7882895 5.7882055 5.7881203 5.788034 5.7879464 5.7878578 5.787768 5.7876772 5.7875853 5.7874923 5.7873984 5.7873034 5.7872075 5.7871107 5.787013 5.7869144 5.7868149 5.7867147 5.7866137 5.7865119 5.7864094 5.7863063 5.7862025 5.7860982 5.7859933 5.7858879 5.785782 5.7856758 5.7855691 5.7854622 5.7853549 5.7852475 5.7851399
5.7900796 5.7900346 5.7899881 5.7899402 5.7898909 5.7898401 5.7897878 5.7897342 5.7896791 5.7896225 5.7895646 5.7895053 5.7894446 5.7893825 5.789319 5.7892542 5.789188 5.7891205 5.7890517 5.7889815 5.7889101 5.7888374 5.7887634 5.7886881 5.7886116 5.7885339 5.788455 5.7883749 5.7882936 5.7882111 5.7881276 5.7880429 5.7879571 5.7878703 5.7877824 5.7876934 5.7876035 5.7875126 5.7874208 5.787328 5.7872343 5.7871398 5.7870444 5.7869483 5.7868514 5.7867537 5.7866553 5.7865563 5.7864566 5.7863564 5.7862556 5.7861543 5.7860525 5.7859503 5.7858477 5.7857448 5.7856416 5.7855382 5.7854346 5.7853309
5.7901028 5.7900597 5.7900151 5.7899691 5.7899217 5.7898729 5.7898226 5.7897709 5.7897179 5.7896635 5.7896077 5.7895505 5.7894919 5.789432 5.7893708 5.7893082 5.7892444 5.7891792 5.7891127 5.789045 5.7889759 5.7889057 5.7888342 5.7887614 5.7886875 5.7886124 5.7885361 5.7884586 5.78838 5.7883003 5.7882195 5.7881376 5.7880546 5.7879706 5.7878856 5.7877997 5.7877127 5.7876248 5.787536 5.7874463 5.7873558 5.7872644 5.7871722 5.7870793 5.7869856 5.7868913 5.7867962 5.7867006 5.7866043 5.7865075 5.7864102 5.7863124 5.7862142 5.7861156 5.7860166 5.7859174 5.7858179 5.7857182 5.7856184 5.7855185
5.7901252 5.7900839 5.7900412 5.7899971 5.7899516 5.7899047 5.7898564 5.7898068 5.7897558 5.7897034 5.7896496 5.7895946 5.7895382 5.7894805 5.7894214 5.7893611 5.7892995 5.7892366 5.7891725 5.7891071 5.7890404 5.7889726 5.7889035 5.7888333 5.7887619 5.7886893 5.7886156 5.7885407 5.7884648 5.7883878 5.7883097 5.7882305 5.7881504 5.7880692 5.787987 5.787904 5.7878199 5.787735 5.7876492 5.7875625 5.787475 5.7873868 5.7872977 5.787208 5.7871175 5.7870264 5.7869346 5.7868423 5.7867494 5.786656 5.7865621 5.7864677 5.786373 5.7862779 5.7861825 5.7860869 5.785991 5.785895 5.7857989 5.7857027
5.7901468 5.7901074 5.7900665 5.7900242 5.7899806 5.7899356 5.7898893 5.7898416 5.7897926 5.7897423 5.7896906 5.7896376 5.7895833 5.7895277 5.7894709 5.7894128 5.7893534 5.7892928 5.7892309 5.7891679 5.7891036 5.7890381 5.7889715 5.7889037 5.7888348 5.7887647 5.7886935 5.7886213 5.7885479 5.7884736 5.7883981 5.7883217 5.7882443 5.7881659 5.7880866 5.7880063 5.7879252 5.7878431 5.7877603 5.7876766 5.7875921 5.7875069 5.787421 5.7873343 5.787247 5.7871591 5.7870705 5.7869814 5.7868918 5.7868017 5.7867112 5.7866202 5.7865289 5.7864373 5.7863454 5.7862533 5.786161 5.7860685 5.785976 5.7858835
5.7901677 5.79013 5.7900909 5.7900505 5.7900087 5.7899656 5.7899212 5.7898755 5.7898284 5.7897801 5.7897305 5.7896795 5.7896274 5.7895739 5.7895192 5.7894633 5.7894061 5.7893477 5.7892881 5.7892273 5.7891654 5.7891023 5.789038 5.7889727 5.7889062 5.7888386 5.7887699 5.7887002 5.7886295 5.7885577 5.7884849 5.7884111 5.7883364 5.7882608 5.7881842 5.7881067 5.7880284 5.7879493 5.7878693 5.7877886 5.7877071 5.7876248 5.7875419 5.7874583 5.7873741 5.7872893 5.7872039 5.787118 5.7870316 5.7869448 5.7868575 5.7867699 5.786682 5.7865937 5.7865053 5.7864166 5.7863278 5.7862388 5.7861498 5.7860609
5.7901876 5.7901517 5.7901144 5.7900758 5.7900359 5.7899947 5.7899522 5.7899084 5.7898633 5.7898169 5.7897693 5.7897204 5.7896703 5.7896189 5.7895663 5.7895125 5.7894575 5.7894014 5.789344 5.7892855 5.7892258 5.7891651 5.7891032 5.7890402 5.7889761 5.788911 5.7888448 5.7887775 5.7887093 5.7886401 5.7885699 5.7884988 5.7884267 5.7883538 5.7882799 5.7882052 5.7881297 5.7880534 5.7879763 5.7878984 5.7878198 5.7877405 5.7876606 5.78758 5.7874988 5.7874171 5.7873348 5.7872521 5.7871689 5.7870852 5.7870012 5.7869168 5.7868322 5.7867473 5.7866621 5.7865768 5.7864914 5.7864059 5.7863204 5.7862349
5.7902068 5.7901726 5.7901371 5.7901003 5.7900622 5.7900228 5.7899822 5.7899403 5.7898971 5.7898527 5.7898071 5.7897602 5.7897121 5.7896628 5.7896123 5.7895606 5.7895078 5.7894537 5.7893986 5.7893423 5.7892849 5.7892264 5.7891669 5.7891062 5.7890445 5.7889818 5.788918 5.7888533 5.7887876 5.7887209 5.7886532 5.7885847 5.7885153 5.7884449 5.7883738 5.7883018 5.788229 5.7881554 5.7880811 5.7880061 5.7879304 5.787854 5.787777 5.7876994 5.7876212 5.7875425 5.7874633 5.7873836 5.7873035 5.787223 5.7871421 5.7870609 5.7869795 5.7868979 5.786816 5.786734 5.786652 5.7865698 5.7864877 5.7864056
