Cobbity3/QGIS/AVE31.asc
NCOLS 800
NROWS 450
XLLCORNER 150.66
YLLCORNER -34.028
CELLSIZE 1e-05
NODATA_VALUE -9999
[rows 375 to 399 of 450, columns 228 to 284 of 800]
-3.360238 -3.3600485 -3.3598577 -3.3596658 -3.359473 -3.3592794 -3.3590852 -3.3588907 -3.3586959 -3.3585013 -3.3583068 -3.3581127 -3.3579193 -3.3577268 -3.3575353 -3.3573451 -3.3571564 -3.3569693 -3.3567842 -3.3566011 -3.3564204 -3.3562422 -3.3560667 -3.3558942 -3.3557248 -3.3555587 -3.3553961 -3.3552372 -3.3550823 -3.3549314 -3.3547847 -3.3546425 -3.3545049 -3.3543721 -3.3542441 -3.3541213 -3.3540037 -3.3538914 -3.3537846 -3.3536834 -3.3535879 -3.3534983 -3.3534145 -3.3533368 -3.3532652 -3.3531997 -3.3531405 -3.3530875 -3.3530407 -3.3530003 -3.3529662 -3.3529384 -3.3529169 -3.3529017 -3.3528927 -3.3528898 -3.3528931
-3.360308 -3.3601243 -3.3599393 -3.3597533 -3.3595664 -3.3593787 -3.3591906 -3.3590022 -3.3588135 -3.358625 -3.3584367 -3.3582488 -3.3580616 -3.3578752 -3.3576899 -3.3575058 -3.3573231 -3.3571421 -3.356963 -3.3567858 -3.356611 -3.3564385 -3.3562688 -3.3561018 -3.3559379 -3.3557771 -3.3556198 -3.355466 -3.355316 -3.35517 -3.355028 -3.3548903 -3.354757 -3.3546283 -3.3545044 -3.3543853 -3.3542712 -3.3541623 -3.3540587 -3.3539604 -3.3538677 -3.3537805 -3.353699 -3.3536233 -3.3535534 -3.3534895 -3.3534315 -3.3533794 -3.3533334 -3.3532935 -3.3532596 -3.3532318 -3.3532099 -3.3531942 -3.3531843 -3.3531804 -3.3531824
-3.3603769 -3.3601986 -3.3600193 -3.3598389 -3.3596577 -3.3594758 -3.3592935 -3.3591109 -3.3589282 -3.3587455 -3.3585632 -3.3583812 -3.3581999 -3.3580195 -3.35784 -3.3576618 -3.357485 -3.3573098 -3.3571364 -3.356965 -3.3567957 -3.3566288 -3.3564645 -3.3563029 -3.3561442 -3.3559886 -3.3558363 -3.3556875 -3.3555423 -3.3554008 -3.3552633 -3.35513 -3.3550009 -3.3548762 -3.354756 -3.3546406 -3.3545299 -3.3544243 -3.3543237 -3.3542282 -3.3541381 -3.3540533 -3.353974 -3.3539002 -3.353832 -3.3537695 -3.3537127 -3.3536616 -3.3536163 -3.3535769 -3.3535432 -3.3535153 -3.3534933 -3.353477 -3.3534664 -3.3534615 -3.3534623
-3.3604446 -3.3602716 -3.3600976 -3.3599227 -3.359747 -3.3595707 -3.359394 -3.359217 -3.3590399 -3.358863 -3.3586863 -3.3585101 -3.3583345 -3.3581597 -3.357986 -3.3578134 -3.3576422 -3.3574726 -3.3573047 -3.3571387 -3.3569749 -3.3568133 -3.3566542 -3.3564977 -3.3563441 -3.3561935 -3.356046 -3.3559019 -3.3557612 -3.3556243 -3.3554911 -3.3553619 -3.3552367 -3.3551159 -3.3549994 -3.3548874 -3.3547801 -3.3546775 -3.3545798 -3.3544871 -3.3543995 -3.354317 -3.3542397 -3.3541678 -3.3541012 -3.3540401 -3.3539845 -3.3539344 -3.3538898 -3.3538508 -3.3538174 -3.3537895 -3.3537672 -3.3537505 -3.3537392 -3.3537334 -3.3537331
-3.3605111 -3.3603433 -3.3601744 -3.3600047 -3.3598343 -3.3596634 -3.359492 -3.3593205 -3.3591489 -3.3589774 -3.3588062 -3.3586355 -3.3584654 -3.3582961 -3.3581278 -3.3579606 -3.3577948 -3.3576306 -3.357468 -3.3573073 -3.3571486 -3.3569921 -3.3568381 -3.3566866 -3.3565378 -3.3563919 -3.3562491 -3.3561095 -3.3559733 -3.3558405 -3.3557115 -3.3555863 -3.355465 -3.3553478 -3.3552348 -3.3551262 -3.3550221 -3.3549225 -3.3548276 -3.3547375 -3.3546522 -3.3545719 -3.3544967 -3.3544266 -3.3543616 -3.3543018 -3.3542473 -3.3541981 -3.3541543 -3.3541158 -3.3540826 -3.3540548 -3.3540323 -3.3540151 -3.3540032 -3.3539966 -3.3539952
-3.3605765 -3.3604136 -3.3602497 -3.3600851 -3.3599198 -3.359754 -3.3595878 -3.3594215 -3.3592551 -3.3590889 -3.358923 -3.3587575 -3.3585927 -3.3584287 -3.3582656 -3.3581037 -3.3579431 -3.357784 -3.3576265 -3.3574708 -3.3573172 -3.3571656 -3.3570164 -3.3568697 -3.3567255 -3.3565842 -3.3564459 -3.3563106 -3.3561786 -3.35605 -3.3559249 -3.3558035 -3.3556859 -3.3555723 -3.3554627 -3.3553573 -3.3552562 -3.3551595 -3.3550673 -3.3549796 -3.3548967 -3.3548186 -3.3547452 -3.3546768 -3.3546134 -3.3545549 -3.3545016 -3.3544533 -3.3544101 -3.3543721 -3.3543392 -3.3543114 -3.3542887 -3.3542712 -3.3542588 -3.3542513 -3.3542489
-3.3606407 -3.3604826 -3.3603235 -3.3601637 -3.3600033 -3.3598425 -3.3596814 -3.35952 -3.3593587 -3.3591976 -3.3590367 -3.3588764 -3.3587166 -3.3585576 -3.3583996 -3.3582428 -3.3580871 -3.357933 -3.3577804 -3.3576296 -3.3574807 -3.3573339 -3.3571893 -3.3570471 -3.3569075 -3.3567706 -3.3566365 -3.3565054 -3.3563775 -3.3562528 -3.3561316 -3.3560138 -3.3558998 -3.3557896 -3.3556832 -3.3555809 -3.3554827 -3.3553888 -3.3552992 -3.355214 -3.3551333 -3.3550572 -3.3549857 -3.354919 -3.354857 -3.3547998 -3.3547475 -3.3547001 -3.3546576 -3.3546201 -3.3545874 -3.3545597 -3.354537 -3.3545191 -3.3545061 -3.354498 -3.3544947
-3.3607038 -3.3605502 -3.3603958 -3.3602407 -3.3600851 -3.359929 -3.3597727 -3.3596162 -3.3594598 -3.3593035 -3.3591475 -3.3589921 -3.3588372 -3.3586831 -3.35853 -3.3583779 -3.3582271 -3.3580777 -3.3579298 -3.3577837 -3.3576394 -3.3574971 -3.3573571 -3.3572193 -3.357084 -3.3569513 -3.3568213 -3.3566942 -3.3565702 -3.3564493 -3.3563317 -3.3562175 -3.3561069 -3.3559999 -3.3558967 -3.3557974 -3.355702 -3.3556107 -3.3555236 -3.3554407 -3.3553622 -3.3552881 -3.3552184 -3.3551533 -3.3550927 -3.3550368 -3.3549856 -3.354939 -3.3548972 -3.3548601 -3.3548277 -3.3548001 -3.3547773 -3.3547591 -3.3547457 -3.3547369 -3.3547327
-3.3607658 -3.3606166 -3.3604667 -3.3603161 -3.3601651 -3.3600136 -3.3598619 -3.3597101 -3.3595583 -3.3594068 -3.3592555 -3.3591047 -3.3589546 -3.3588052 -3.3586567 -3.3585093 -3.3583631 -3.3582183 -3.358075 -3.3579333 -3.3577935 -3.3576556 -3.3575198 -3.3573862 -3.3572551 -3.3571264 -3.3570004 -3.3568772 -3.3567569 -3.3566397 -3.3565256 -3.3564149 -3.3563075 -3.3562037 -3.3561034 -3.356007 -3.3559143 -3.3558256 -3.3557409 -3.3556602 -3.3555838 -3.3555115 -3.3554436 -3.35538 -3.3553209 -3.3552662 -3.355216 -3.3551702 -3.3551291 -3.3550925 -3.3550604 -3.3550329 -3.35501 -3.3549916 -3.3549777 -3.3549683 -3.3549634
-3.3608266 -3.3606818 -3.3605362 -3.36039 -3.3602433 -3.3600963 -3.359949 -3.3598017 -3.3596545 -3.3595074 -3.3593607 -3.3592145 -3.3590688 -3.3589239 -3.35878 -3.358637 -3.3584953 -3.3583549 -3.3582159 -3.3580786 -3.357943 -3.3578093 -3.3576777 -3.3575482 -3.357421 -3.3572963 -3.3571741 -3.3570546 -3.3569379 -3.3568242 -3.3567135 -3.356606 -3.3565018 -3.356401 -3.3563037 -3.35621 -3.3561199 -3.3560336 -3.3559512 -3.3558728 -3.3557983 -3.3557279 -3.3556617 -3.3555996 -3.3555418 -3.3554882 -3.355439 -3.3553941 -3.3553536 -3.3553175 -3.3552857 -3.3552584 -3.3552354 -3.3552168 -3.3552025 -3.3551926 -3.3551869
-3.3608864 -3.3607456 -3.3606042 -3.3604622 -3.3603198 -3.360177 -3.3600341 -3.3598912 -3.3597483 -3.3596056 -3.3594632 -3.3593213 -3.3591801 -3.3590395 -3.3588999 -3.3587613 -3.3586238 -3.3584876 -3.3583529 -3.3582197 -3.3580882 -3.3579586 -3.3578309 -3.3577054 -3.357582 -3.357461 -3.3573425 -3.3572266 -3.3571134 -3.357003 -3.3568956 -3.3567913 -3.3566901 -3.3565922 -3.3564977 -3.3564066 -3.3563191 -3.3562352 -3.356155 -3.3560786 -3.3560061 -3.3559375 -3.3558728 -3.3558122 -3.3557557 -3.3557033 -3.3556551 -3.355611 -3.3555711 -3.3555354 -3.355504 -3.3554768 -3.3554538 -3.355435 -3.3554203 -3.3554099 -3.3554035
-3.3609451 -3.3608083 -3.3606709 -3.3605329 -3.3603946 -3.360256 -3.3601173 -3.3599785 -3.3598398 -3.3597013 -3.3595631 -3.3594254 -3.3592884 -3.359152 -3.3590166 -3.3588821 -3.3587488 -3.3586167 -3.358486 -3.3583568 -3.3582293 -3.3581035 -3.3579797 -3.3578579 -3.3577382 -3.3576208 -3.3575059 -3.3573934 -3.3572835 -3.3571764 -3.3570722 -3.3569709 -3.3568726 -3.3567775 -3.3566856 -3.3565971 -3.356512 -3.3564304 -3.3563524 -3.356278 -3.3562073 -3.3561404 -3.3560774 -3.3560182 -3.3559629 -3.3559116 -3.3558643 -3.355821 -3.3557818 -3.3557466 -3.3557155 -3.3556884 -3.3556654 -3.3556464 -3.3556315 -3.3556206 -3.3556136
-3.3610027 -3.3608697 -3.3607362 -3.3606022 -3.3604678 -3.3603332 -3.3601985 -3.3600637 -3.359929 -3.3597946 -3.3596605 -3.3595269 -3.3593939 -3.3592616 -3.3591301 -3.3589996 -3.3588703 -3.3587421 -3.3586153 -3.35849 -3.3583663 -3.3582443 -3.3581241 -3.3580059 -3.3578898 -3.3577759 -3.3576643 -3.3575552 -3.3574485 -3.3573446 -3.3572433 -3.3571449 -3.3570495 -3.3569571 -3.3568678 -3.3567817 -3.356699 -3.3566196 -3.3565436 -3.3564712 -3.3564023 -3.3563371 -3.3562755 -3.3562177 -3.3561637 -3.3561134 -3.3560671 -3.3560246 -3.3559859 -3.3559512 -3.3559204 -3.3558935 -3.3558705 -3.3558514 -3.3558362 -3.3558248 -3.3558173
-3.3610592 -3.36093 -3.3608002 -3.36067 -3.3605394 -3.3604087 -3.3602778 -3.3601469 -3.3600161 -3.3598856 -3.3597554 -3.3596257 -3.3594966 -3.3593682 -3.3592406 -3.359114 -3.3589884 -3.3588641 -3.358741 -3.3586194 -3.3584993 -3.358381 -3.3582644 -3.3581497 -3.358037 -3.3579264 -3.3578181 -3.3577121 -3.3576086 -3.3575076 -3.3574093 -3.3573137 -3.357221 -3.3571312 -3.3570444 -3.3569607 -3.3568802 -3.3568029 -3.3567289 -3.3566584 -3.3565912 -3.3565276 -3.3564675 -3.3564111 -3.3563582 -3.356309 -3.3562635 -3.3562218 -3.3561838 -3.3561495 -3.356119 -3.3560923 -3.3560693 -3.3560501 -3.3560347 -3.3560229 -3.3560148
-3.3611147 -3.3609891 -3.3608629 -3.3607363 -3.3606095 -3.3604824 -3.3603553 -3.3602281 -3.3601011 -3.3599744 -3.3598479 -3.359722 -3.3595966 -3.359472 -3.3593481 -3.3592252 -3.3591034 -3.3589826 -3.3588632 -3.3587452 -3.3586287 -3.3585137 -3.3584006 -3.3582892 -3.3581798 -3.3580725 -3.3579673 -3.3578644 -3.3577639 -3.3576658 -3.3575703 -3.3574774 -3.3573873 -3.3573 -3.3572156 -3.3571342 -3.3570558 -3.3569806 -3.3569086 -3.3568398 -3.3567744 -3.3567123 -3.3566536 -3.3565984 -3.3565468 -3.3564986 -3.356454 -3.356413 -3.3563756 -3.3563418 -3.3563116 -3.3562851 -3.3562622 -3.3562429 -3.3562272 -3.3562151 -3.3562065
-3.3611692 -3.361047 -3.3609243 -3.3608013 -3.360678 -3.3605545 -3.360431 -3.3603074 -3.3601841 -3.3600609 -3.3599382 -3.3598158 -3.3596941 -3.3595731 -3.3594528 -3.3593335 -3.3592152 -3.359098 -3.358982 -3.3588674 -3.3587543 -3.3586427 -3.3585329 -3.3584248 -3.3583186 -3.3582143 -3.3581122 -3.3580122 -3.3579146 -3.3578193 -3.3577265 -3.3576362 -3.3575486 -3.3574637 -3.3573816 -3.3573024 -3.3572262 -3.3571529 -3.3570828 -3.3570158 -3.3569519 -3.3568914 -3.3568341 -3.3567801 -3.3567295 -3.3566824 -3.3566386 -3.3565983 -3.3565615 -3.3565282 -3.3564984 -3.356472 -3.3564492 -3.3564298 -3.3564139 -3.3564015 -3.3563925
-3.3612226 -3.3611038 -3.3609845 -3.3608649 -3.360745 -3.360625 -3.3605049 -3.3603849 -3.360265 -3.3601454 -3.3600261 -3.3599073 -3.3597891 -3.3596715 -3.3595547 -3.3594388 -3.3593239 -3.3592102 -3.3590976 -3.3589863 -3.3588764 -3.3587681 -3.3586614 -3.3585564 -3.3584533 -3.358352 -3.3582528 -3.3581557 -3.3580608 -3.3579682 -3.357878 -3.3577903 -3.3577051 -3.3576225 -3.3575427 -3.3574656 -3.3573914 -3.35732 -3.3572517 -3.3571863 -3.3571241 -3.357065 -3.357009 -3.3569563 -3.3569068 -3.3568606 -3.3568177 -3.3567781 -3.3567419 -3.356709 -3.3566795 -3.3566534 -3.3566306 -3.3566112 -3.3565951 -3.3565824 -3.356573
-3.361275 -3.3611594 -3.3610434 -3.3609271 -3.3608106 -3.3606939 -3.3605772 -3.3604605 -3.360344 -3.3602278 -3.3601119 -3.3599965 -3.3598816 -3.3597674 -3.359654 -3.3595414 -3.3594298 -3.3593193 -3.3592099 -3.3591019 -3.3589952 -3.3588899 -3.3587863 -3.3586843 -3.3585841 -3.3584858 -3.3583894 -3.358295 -3.3582028 -3.3581128 -3.3580251 -3.3579398 -3.3578569 -3.3577766 -3.3576989 -3.3576239 -3.3575516 -3.3574821 -3.3574155 -3.3573518 -3.3572911 -3.3572333 -3.3571787 -3.3571271 -3.3570787 -3.3570334 -3.3569913 -3.3569525 -3.3569168 -3.3568844 -3.3568552 -3.3568293 -3.3568066 -3.3567872 -3.3567709 -3.3567579 -3.3567481
-3.3613265 -3.361214 -3.3611012 -3.360988 -3.3608747 -3.3607612 -3.3606478 -3.3605344 -3.3604211 -3.3603081 -3.3601955 -3.3600834 -3.3599718 -3.3598608 -3.3597506 -3.3596412 -3.3595328 -3.3594254 -3.3593192 -3.3592142 -3.3591106 -3.3590084 -3.3589077 -3.3588086 -3.3587112 -3.3586156 -3.358522 -3.3584303 -3.3583406 -3.3582531 -3.3581679 -3.3580849 -3.3580043 -3.3579261 -3.3578505 -3.3577775 -3.3577071 -3.3576394 -3.3575744 -3.3575123 -3.357453 -3.3573967 -3.3573433 -3.3572928 -3.3572454 -3.3572011 -3.3571598 -3.3571216 -3.3570865 -3.3570545 -3.3570257 -3.357 -3.3569774 -3.3569579 -3.3569416 -3.3569284 -3.3569182
-3.3613769 -3.3612675 -3.3611577 -3.3610476 -3.3609374 -3.3608271 -3.3607167 -3.3606065 -3.3604964 -3.3603866 -3.3602771 -3.3601681 -3.3600596 -3.3599518 -3.3598447 -3.3597384 -3.3596331 -3.3595287 -3.3594255 -3.3593235 -3.3592228 -3.3591235 -3.3590256 -3.3589293 -3.3588347 -3.3587418 -3.3586508 -3.3585616 -3.3584745 -3.3583894 -3.3583064 -3.3582257 -3.3581473 -3.3580713 -3.3579976 -3.3579265 -3.3578579 -3.3577919 -3.3577286 -3.357668 -3.3576102 -3.3575551 -3.3575029 -3.3574536 -3.3574072 -3.3573637 -3.3573232 -3.3572857 -3.3572512 -3.3572196 -3.3571911 -3.3571657 -3.3571432 -3.3571237 -3.3571073 -3.3570938 -3.3570833
-3.3614264 -3.3613199 -3.3612131 -3.361106 -3.3609988 -3.3608914 -3.3607841 -3.3606769 -3.3605698 -3.3604631 -3.3603566 -3.3602507 -3.3601452 -3.3600404 -3.3599363 -3.359833 -3.3597307 -3.3596293 -3.359529 -3.3594298 -3.3593319 -3.3592354 -3.3591403 -3.3590467 -3.3589547 -3.3588644 -3.3587759 -3.3586892 -3.3586044 -3.3585217 -3.358441 -3.3583625 -3.3582862 -3.3582121 -3.3581404 -3.3580711 -3.3580043 -3.35794 -3.3578782 -3.3578191 -3.3577627 -3.3577089 -3.3576579 -3.3576096 -3.3575642 -3.3575216 -3.3574818 -3.357445 -3.357411 -3.3573799 -3.3573517 -3.3573265 -3.3573041 -3.3572847 -3.3572681 -3.3572545 -3.3572437
-3.361475 -3.3613713 -3.3612673 -3.3611631 -3.3610588 -3.3609543 -3.36085 -3.3607457 -3.3606416 -3.3605377 -3.3604342 -3.3603312 -3.3602287 -3.3601268 -3.3600256 -3.3599252 -3.3598257 -3.3597271 -3.3596296 -3.3595332 -3.3594381 -3.3593442 -3.3592518 -3.3591608 -3.3590713 -3.3589835 -3.3588975 -3.3588131 -3.3587307 -3.3586502 -3.3585717 -3.3584953 -3.358421 -3.3583489 -3.358279 -3.3582115 -3.3581464 -3.3580837 -3.3580235 -3.3579658 -3.3579107 -3.3578581 -3.3578083 -3.3577611 -3.3577166 -3.3576748 -3.3576358 -3.3575996 -3.3575661 -3.3575355 -3.3575076 -3.3574826 -3.3574604 -3.357441 -3.3574244 -3.3574105 -3.3573995
-3.3615226 -3.3614216 -3.3613204 -3.361219 -3.3611174 -3.3610159 -3.3609143 -3.3608128 -3.3607116 -3.3606106 -3.3605099 -3.3604097 -3.36031 -3.360211 -3.3601126 -3.3600149 -3.3599182 -3.3598223 -3.3597275 -3.3596338 -3.3595413 -3.3594501 -3.3593602 -3.3592717 -3.3591847 -3.3590993 -3.3590156 -3.3589336 -3.3588534 -3.358775 -3.3586986 -3.3586242 -3.3585519 -3.3584817 -3.3584136 -3.3583479 -3.3582844 -3.3582232 -3.3581645 -3.3581082 -3.3580543 -3.358003 -3.3579542 -3.357908 -3.3578645 -3.3578235 -3.3577852 -3.3577496 -3.3577167 -3.3576865 -3.357659 -3.3576342 -3.3576121 -3.3575928 -3.3575761 -3.3575621 -3.3575508
-3.3615692 -3.361471 -3.3613724 -3.3612737 -3.3611749 -3.361076 -3.3609771 -3.3608784 -3.3607799 -3.3606817 -3.3605838 -3.3604863 -3.3603893 -3.360293 -3.3601973 -3.3601024 -3.3600082 -3.3599151 -3.3598229 -3.3597317 -3.3596418 -3.359553 -3.3594656 -3.3593795 -3.3592949 -3.3592119 -3.3591304 -3.3590506 -3.3589725 -3.3588963 -3.3588219 -3.3587495 -3.358679 -3.3586106 -3.3585444 -3.3584802 -3.3584183 -3.3583587 -3.3583014 -3.3582464 -3.3581938 -3.3581436 -3.358096 -3.3580507 -3.3580081 -3.3579679 -3.3579304 -3.3578954 -3.357863 -3.3578332 -3.357806 -3.3577814 -3.3577595 -3.3577402 -3.3577235 -3.3577094 -3.3576979
-3.361615 -3.3615193 -3.3614233 -3.3613272 -3.361231 -3.3611348 -3.3610386 -3.3609425 -3.3608466 -3.360751 -3.3606558 -3.360561 -3.3604667 -3.3603729 -3.3602798 -3.3601875 -3.360096 -3.3600053 -3.3599156 -3.359827 -3.3597395 -3.3596532 -3.3595681 -3.3594844 -3.3594021 -3.3593213 -3.359242 -3.3591643 -3.3590883 -3.3590141 -3.3589417 -3.3588712 -3.3588025 -3.3587359 -3.3586713 -3.3586088 -3.3585484 -3.3584903 -3.3584343 -3.3583806 -3.3583292 -3.3582802 -3.3582336 -3.3581893 -3.3581475 -3.3581081 -3.3580713 -3.3580369 -3.358005 -3.3579756 -3.3579488 -3.3579245 -3.3579027 -3.3578834 -3.3578667 -3.3578525 -3.3578408
