Cobbity3/QGIS/AVE31.asc
NCOLS 800
NROWS 450
XLLCORNER 150.66
YLLCORNER -34.028
CELLSIZE 1e-05
NODATA_VALUE -9999
[rows 250 to 274 of 450, columns 285 to 341 of 800]
-3.4825902 -3.4518022 -3.4344709 -3.4292523 -3.4341654 -3.450774 -3.482382 -3.5219907 -3.5344025 -3.5070351 -3.4739986 -3.45097 -3.4363855 -3.4268238 -3.4201334 -3.4151647 -3.411308 -3.4082226 -3.4057027 -3.4036132 -3.4018595 -3.4003724 -3.3990992 -3.3979992 -3.3970404 -3.3961974 -3.3954499 -3.3947814 -3.3941785 -3.3936303 -3.3931277 -3.3926633 -3.3922309 -3.3918254 -3.3914423 -3.3910781 -3.3907298 -3.3903948 -3.3900709 -3.3897563 -3.3894495 -3.3891492 -3.3888543 -3.3885638 -3.3882771 -3.3879934 -3.3877122 -3.3874331 -3.3871556 -3.3868795 -3.3866044 -3.3863303 -3.3860569 -3.385784 -3.3855117 -3.3852398 -3.3849682
-3.49053 -3.4529652 -3.4317687 -3.4243377 -3.4278909 -3.4436752 -3.4746373 -3.5131946 -3.5254872 -3.4995876 -3.4672372 -3.4442634 -3.4297825 -3.4205371 -3.4143139 -3.4098708 -3.4065317 -3.403921 -3.4018193 -3.4000912 -3.3986472 -3.3974252 -3.3963796 -3.3954763 -3.3946886 -3.3939958 -3.3933809 -3.3928305 -3.3923336 -3.3918811 -3.3914655 -3.3910807 -3.3907215 -3.3903835 -3.3900631 -3.3897574 -3.3894637 -3.38918 -3.3889043 -3.3886353 -3.3883716 -3.3881121 -3.387856 -3.3876025 -3.387351 -3.3871009 -3.3868518 -3.3866034 -3.3863554 -3.3861075 -3.3858596 -3.3856115 -3.3853632 -3.3851145 -3.3848654 -3.3846158 -3.3843658
-3.4636884 -3.4393979 -3.4225485 -3.4149936 -3.416099 -3.426791 -3.4478025 -3.4722193 -3.4811713 -3.467925 -3.4476487 -3.4312067 -3.4200112 -3.4126129 -3.4075995 -3.4040486 -3.4014139 -3.3993778 -3.3977525 -3.3964226 -3.3953139 -3.3943761 -3.3935732 -3.3928788 -3.3922724 -3.3917381 -3.3912631 -3.390837 -3.3904513 -3.390099 -3.3897743 -3.3894724 -3.3891891 -3.3889212 -3.3886656 -3.3884202 -3.3881827 -3.3879516 -3.3877254 -3.387503 -3.3872832 -3.3870654 -3.3868487 -3.3866327 -3.3864169 -3.3862009 -3.3859843 -3.385767 -3.3855487 -3.3853294 -3.3851088 -3.384887 -3.3846639 -3.3844395 -3.3842137 -3.3839867 -3.3837584
-3.4316027 -3.42004 -3.4089147 -3.4015548 -3.3991881 -3.4029991 -3.4132931 -3.4261545 -3.4331619 -3.430386 -3.4223535 -3.4142214 -3.4078818 -3.4033341 -3.4001052 -3.3977619 -3.3960028 -3.3946356 -3.3935402 -3.3926409 -3.3918886 -3.3912497 -3.3907008 -3.3902241 -3.3898064 -3.3894368 -3.389107 -3.3888097 -3.3885391 -3.3882905 -3.3880596 -3.3878431 -3.3876381 -3.3874421 -3.3872531 -3.3870694 -3.3868895 -3.3867121 -3.3865364 -3.3863613 -3.3861863 -3.3860107 -3.3858341 -3.385656 -3.3854763 -3.3852947 -3.3851109 -3.384925 -3.3847367 -3.384546 -3.384353 -3.3841576 -3.3839598 -3.3837598 -3.3835575 -3.383353 -3.3831465
-3.4103682 -3.4032845 -3.3941948 -3.3851987 -3.3777361 -3.3737143 -3.3753536 -3.3824505 -3.3906856 -3.3957223 -3.3970253 -3.3962428 -3.394804 -3.3933807 -3.3921749 -3.3911992 -3.3904128 -3.389771 -3.3892382 -3.388789 -3.3884052 -3.3880737 -3.3877849 -3.387531 -3.387306 -3.3871049 -3.3869234 -3.3867578 -3.386605 -3.3864622 -3.3863273 -3.386198 -3.3860729 -3.3859503 -3.3858291 -3.3857082 -3.3855868 -3.385464 -3.3853394 -3.3852124 -3.3850826 -3.3849497 -3.3848135 -3.3846739 -3.3845306 -3.3843836 -3.3842329 -3.3840784 -3.3839203 -3.3837584 -3.383593 -3.3834241 -3.3832518 -3.3830762 -3.3828974 -3.3827156 -3.3825308
-3.4003922 -3.3916125 -3.3805524 -3.3672686 -3.3519942 -3.3374613 -3.3307148 -3.3369691 -3.3511791 -3.3647006 -3.3739035 -3.3792127 -3.3820387 -3.3834928 -3.3842336 -3.3846093 -3.3847961 -3.3848826 -3.3849146 -3.3849163 -3.3849014 -3.3848775 -3.3848491 -3.3848186 -3.3847873 -3.3847557 -3.3847236 -3.3846909 -3.384657 -3.3846213 -3.3845833 -3.3845424 -3.3844981 -3.3844498 -3.3843971 -3.3843398 -3.3842774 -3.3842098 -3.3841368 -3.3840583 -3.3839741 -3.3838843 -3.3837888 -3.3836877 -3.383581 -3.3834688 -3.3833513 -3.3832285 -3.3831006 -3.3829677 -3.38283 -3.3826876 -3.3825408 -3.3823896 -3.3822343 -3.3820751 -3.3819121
-3.3992511 -3.3846389 -3.3690646 -3.3496374 -3.3236803 -3.2936423 -3.276081 -3.2870877 -3.3138168 -3.3378513 -3.3542078 -3.3643522 -3.3705071 -3.3742829 -3.3766679 -3.3782341 -3.3793068 -3.3800723 -3.3806393 -3.3810733 -3.381415 -3.3816904 -3.3819169 -3.382106 -3.3822659 -3.3824021 -3.3825187 -3.3826184 -3.3827032 -3.3827747 -3.3828339 -3.3828816 -3.3829183 -3.3829446 -3.3829609 -3.3829674 -3.3829644 -3.3829522 -3.3829311 -3.3829012 -3.3828628 -3.3828162 -3.3827615 -3.3826991 -3.3826291 -3.3825518 -3.3824675 -3.3823764 -3.3822787 -3.3821747 -3.3820647 -3.3819489 -3.3818275 -3.3817008 -3.381569 -3.3814324 -3.3812911
-3.4022164 -3.380387 -3.3602184 -3.3355871 -3.3002634 -3.2543089 -3.2254124 -3.2449962 -3.2857 -3.3183428 -3.3394325 -3.3525473 -3.3608075 -3.3661618 -3.369756 -3.3722606 -3.3740718 -3.3754278 -3.3764751 -3.3773062 -3.3779812 -3.37854 -3.3790103 -3.3794113 -3.3797568 -3.3800569 -3.3803193 -3.3805494 -3.3807516 -3.3809292 -3.3810849 -3.3812206 -3.3813382 -3.3814389 -3.3815239 -3.3815942 -3.3816506 -3.3816938 -3.3817245 -3.3817433 -3.3817507 -3.3817473 -3.3817334 -3.3817096 -3.3816763 -3.3816339 -3.3815827 -3.3815232 -3.3814558 -3.3813806 -3.3812982 -3.3812089 -3.3811129 -3.3810105 -3.3809021 -3.380788 -3.3806685
-3.4011457 -3.3758242 -3.3538004 -3.3283345 -3.2929636 -3.2474503 -3.2190498 -3.2383084 -3.2777643 -3.3095512 -3.330578 -3.3441733 -3.3531627 -3.3593011 -3.363635 -3.3667959 -3.3691729 -3.3710114 -3.3724697 -3.3736521 -3.3746293 -3.3754501 -3.3761488 -3.3767506 -3.3772736 -3.3777317 -3.3781353 -3.3784925 -3.3788095 -3.3790913 -3.379342 -3.3795647 -3.3797622 -3.3799367 -3.3800899 -3.3802235 -3.3803389 -3.3804372 -3.3805195 -3.3805868 -3.3806398 -3.3806793 -3.3807061 -3.3807209 -3.3807241 -3.3807163 -3.3806982 -3.3806702 -3.3806328 -3.3805864 -3.3805315 -3.3804685 -3.3803978 -3.3803197 -3.3802346 -3.3801429 -3.3800449
-3.3915833 -3.3689283 -3.3485603 -3.3267136 -3.3002673 -3.2709281 -3.2538212 -3.2633463 -3.2873085 -3.3098501 -3.3267321 -3.3387593 -3.3473602 -3.3536281 -3.3583 -3.3618633 -3.3646423 -3.3668557 -3.3686526 -3.3701369 -3.3713816 -3.3724394 -3.3733487 -3.3741379 -3.3748285 -3.3754369 -3.375976 -3.3764557 -3.376884 -3.3772673 -3.3776108 -3.3779187 -3.3781948 -3.3784418 -3.3786623 -3.3788585 -3.3790322 -3.379185 -3.3793185 -3.3794337 -3.379532 -3.3796142 -3.3796814 -3.3797343 -3.3797738 -3.3798005 -3.3798152 -3.3798185 -3.379811 -3.3797931 -3.3797655 -3.3797287 -3.379683 -3.379629 -3.3795671 -3.3794977 -3.3794211
-3.3780421 -3.3600558 -3.3425932 -3.3252875 -3.3080364 -3.2926456 -3.2844923 -3.2879556 -3.2996527 -3.3132492 -3.3253477 -3.33515 -3.3428569 -3.3488884 -3.3536379 -3.3574195 -3.3604705 -3.3629665 -3.3650363 -3.3667749 -3.3682525 -3.3695218 -3.3706223 -3.3715844 -3.3724313 -3.3731815 -3.3738492 -3.3744461 -3.3749814 -3.3754627 -3.3758963 -3.3762872 -3.3766399 -3.3769579 -3.3772444 -3.377502 -3.3777332 -3.3779398 -3.3781236 -3.3782863 -3.3784292 -3.3785537 -3.3786607 -3.3787515 -3.3788269 -3.3788878 -3.378935 -3.3789692 -3.3789913 -3.3790017 -3.3790012 -3.3789903 -3.3789695 -3.3789394 -3.3789005 -3.3788531 -3.3787977
-3.3662632 -3.3503807 -3.3341183 -3.318969 -3.3066124 -3.2985541 -3.2958244 -3.2986936 -3.3058513 -3.3149322 -3.3240131 -3.3321386 -3.339038 -3.3447654 -3.3494869 -3.3533846 -3.3566211 -3.3593305 -3.3616194 -3.363571 -3.3652498 -3.366706 -3.3679788 -3.3690988 -3.3700904 -3.3709729 -3.3717619 -3.37247 -3.3731074 -3.3736828 -3.3742031 -3.3746743 -3.3751014 -3.3754885 -3.3758394 -3.3761572 -3.3764445 -3.3767038 -3.3769372 -3.3771465 -3.3773334 -3.3774994 -3.3776458 -3.3777739 -3.3778847 -3.3779793 -3.3780586 -3.3781235 -3.3781748 -3.3782133 -3.3782395 -3.3782543 -3.3782581 -3.3782516 -3.3782354 -3.3782099 -3.3781756
-3.3580928 -3.3403257 -3.321779 -3.3045112 -3.2922048 -3.2877897 -3.2903342 -3.2967559 -3.3048388 -3.3133636 -3.3215581 -3.328978 -3.3354547 -3.3409961 -3.3456954 -3.3496731 -3.3530478 -3.3559248 -3.3583925 -3.3605233 -3.3623757 -3.3639966 -3.3654237 -3.3666873 -3.3678119 -3.3688173 -3.3697197 -3.3705326 -3.371267 -3.3719321 -3.3725356 -3.373084 -3.3735828 -3.3740369 -3.3744503 -3.3748265 -3.3751687 -3.3754795 -3.3757613 -3.3760163 -3.3762464 -3.3764532 -3.3766383 -3.376803 -3.3769487 -3.3770765 -3.3771875 -3.3772826 -3.3773627 -3.3774287 -3.3774814 -3.3775215 -3.3775496 -3.3775665 -3.3775726 -3.3775687 -3.3775552
-3.3527158 -3.3298463 -3.305224 -3.2802405 -3.2625319 -3.260973 -3.2722072 -3.2863381 -3.2988036 -3.3091986 -3.3179748 -3.3254764 -3.3319108 -3.3374281 -3.3421574 -3.3462159 -3.3497078 -3.3527242 -3.3553421 -3.357626 -3.3596291 -3.3613953 -3.3629605 -3.364354 -3.3656003 -3.3667192 -3.3677274 -3.3686386 -3.3694644 -3.3702146 -3.3708973 -3.3715196 -3.3720874 -3.372606 -3.3730798 -3.3735127 -3.3739081 -3.374269 -3.3745981 -3.3748976 -3.3751698 -3.3754166 -3.3756395 -3.3758402 -3.3760202 -3.3761805 -3.3763226 -3.3764473 -3.3765558 -3.376649 -3.3767277 -3.3767927 -3.3768448 -3.3768847 -3.376913 -3.3769303 -3.3769373
-3.348268 -3.3196478 -3.2873832 -3.2503469 -3.2218546 -3.224314 -3.2489086 -3.273255 -3.2911362 -3.3040443 -3.3138901 -3.3218124 -3.3284107 -3.3340124 -3.338818 -3.3429675 -3.3465682 -3.3497068 -3.3524548 -3.3548716 -3.3570068 -3.3589017 -3.3605904 -3.3621015 -3.3634588 -3.3646823 -3.3657885 -3.3667915 -3.3677032 -3.3685337 -3.3692916 -3.3699843 -3.3706181 -3.3711986 -3.3717305 -3.3722181 -3.3726649 -3.3730744 -3.3734493 -3.3737922 -3.3741055 -3.3743911 -3.374651 -3.3748869 -3.3751003 -3.3752926 -3.3754651 -3.375619 -3.3757553 -3.3758751 -3.3759794 -3.3760689 -3.3761445 -3.376207 -3.3762571 -3.3762954 -3.3763226
-3.3428364 -3.3115024 -3.2758537 -3.2327129 -3.1977799 -3.2030488 -3.2353766 -3.2648226 -3.2853051 -3.2995202 -3.3100218 -3.3182721 -3.3250444 -3.3307576 -3.3356574 -3.3399026 -3.3436064 -3.3468553 -3.3497185 -3.3522526 -3.3545047 -3.3565141 -3.3583136 -3.3599311 -3.3613896 -3.362709 -3.3639058 -3.3649942 -3.3659863 -3.3668924 -3.3677213 -3.3684808 -3.3691774 -3.369817 -3.3704047 -3.3709447 -3.3714412 -3.3718975 -3.3723168 -3.3727017 -3.3730548 -3.3733783 -3.3736742 -3.3739444 -3.3741904 -3.3744138 -3.3746161 -3.3747984 -3.374962 -3.3751079 -3.3752372 -3.3753508 -3.3754495 -3.3755342 -3.3756057 -3.3756646 -3.3757116
-3.3351947 -3.3057484 -3.2745774 -3.2403925 -3.2144879 -3.2171686 -3.2406392 -3.2645774 -3.28286 -3.2963868 -3.3067502 -3.3150336 -3.3218826 -3.3276814 -3.3326696 -3.337007 -3.3408074 -3.344157 -3.3471235 -3.3497622 -3.3521185 -3.3542303 -3.3561295 -3.357843 -3.3593938 -3.3608011 -3.3620814 -3.363249 -3.3643161 -3.3652929 -3.3661887 -3.3670113 -3.3677676 -3.3684635 -3.3691043 -3.3696947 -3.3702388 -3.3707402 -3.3712022 -3.3716277 -3.3720193 -3.3723795 -3.3727103 -3.3730138 -3.3732916 -3.3735454 -3.3737766 -3.3739867 -3.3741769 -3.3743483 -3.3745021 -3.3746392 -3.3747606 -3.374867 -3.3749594 -3.3750385 -3.375105
-3.3246148 -3.2988552 -3.2750986 -3.2542688 -3.2408871 -3.241232 -3.2530691 -3.2683434 -3.2824186 -3.2942282 -3.3039751 -3.3120849 -3.3189284 -3.3247825 -3.3298478 -3.3342706 -3.3381606 -3.3416022 -3.3446621 -3.3473946 -3.3498441 -3.3520478 -3.3540367 -3.3558373 -3.3574719 -3.3589596 -3.3603169 -3.3615577 -3.3626944 -3.3637374 -3.364696 -3.365578 -3.3663906 -3.3671399 -3.3678313 -3.3684697 -3.3690593 -3.3696039 -3.370107 -3.3705716 -3.3710004 -3.371396 -3.3717606 -3.3720963 -3.3724049 -3.3726882 -3.3729476 -3.3731848 -3.3734009 -3.3735972 -3.3737748 -3.3739349 -3.3740783 -3.3742061 -3.374319 -3.3744178 -3.3745034
-3.3100177 -3.2851556 -3.2652369 -3.2525985 -3.2477848 -3.2503211 -3.2586346 -3.2698561 -3.2814332 -3.2920512 -3.3013233 -3.3092915 -3.316134 -3.3220421 -3.3271813 -3.3316849 -3.3356581 -3.3391837 -3.3423281 -3.3451449 -3.3476781 -3.3499643 -3.352034 -3.3539133 -3.3556241 -3.3571853 -3.3586131 -3.3599216 -3.3611228 -3.3622274 -3.3632446 -3.3641825 -3.3650482 -3.3658479 -3.3665873 -3.3672713 -3.3679043 -3.3684903 -3.3690327 -3.3695347 -3.3699993 -3.3704291 -3.3708263 -3.3711931 -3.3715315 -3.3718433 -3.3721301 -3.3723934 -3.3726347 -3.3728552 -3.3730561 -3.3732386 -3.3734036 -3.3735521 -3.373685 -3.3738032 -3.3739074
-3.2898003 -3.2591076 -3.2358873 -3.2264288 -3.230079 -3.2406876 -3.2534879 -3.2663872 -3.2784281 -3.289163 -3.298496 -3.3065324 -3.3134524 -3.3194414 -3.324661 -3.3292435 -3.333294 -3.3368962 -3.3401167 -3.343009 -3.3456171 -3.3479773 -3.3501198 -3.3520701 -3.3538501 -3.3554783 -3.3569708 -3.3583415 -3.3596024 -3.3607642 -3.3618361 -3.3628262 -3.3637417 -3.364589 -3.3653737 -3.366101 -3.3667752 -3.3674005 -3.3679805 -3.3685184 -3.3690172 -3.3694797 -3.3699083 -3.3703051 -3.3706722 -3.3710116 -3.3713248 -3.3716136 -3.3718793 -3.3721233 -3.3723468 -3.3725509 -3.3727369 -3.3729056 -3.373058 -3.373195 -3.3733174
-3.2633185 -3.2167311 -3.1793982 -3.1703869 -3.1891366 -3.2163332 -3.2401417 -3.2588445 -3.2736145 -3.2855797 -3.2954786 -3.3037977 -3.3108803 -3.3169795 -3.3222857 -3.3269439 -3.3310652 -3.334736 -3.338024 -3.3409835 -3.3436584 -3.3460846 -3.3482923 -3.3503068 -3.3521494 -3.3538385 -3.3553902 -3.356818 -3.358134 -3.3593487 -3.3604714 -3.3615102 -3.3624724 -3.3633643 -3.3641918 -3.3649599 -3.3656732 -3.3663358 -3.3669515 -3.3675236 -3.3680552 -3.368549 -3.3690076 -3.3694333 -3.3698281 -3.370194 -3.3705327 -3.370846 -3.3711353 -3.371402 -3.3716474 -3.3718726 -3.372079 -3.3722673 -3.3724387 -3.372594 -3.3727341
-3.2350079 -3.1634351 -3.0989346 -3.089867 -3.1352143 -3.1868011 -3.2246092 -3.2502926 -3.2683816 -3.2818964 -3.2925219 -3.3011945 -3.3084638 -3.3146759 -3.3200628 -3.3247878 -3.3289704 -3.3327003 -3.3360471 -3.3390654 -3.3417991 -3.3442841 -3.3465501 -3.3486221 -3.3505213 -3.3522658 -3.3538713 -3.3553514 -3.3567181 -3.3579817 -3.3591514 -3.3602356 -3.3612413 -3.362175 -3.3630425 -3.3638491 -3.3645992 -3.3652972 -3.3659468 -3.3665514 -3.3671142 -3.3676379 -3.3681252 -3.3685785 -3.3689998 -3.3693912 -3.3697545 -3.3700914 -3.3704035 -3.3706921 -3.3709586 -3.3712043 -3.3714303 -3.3716377 -3.3718275 -3.3720006 -3.372158
-3.2176033 -3.129099 -3.0432107 -3.0347895 -3.1010115 -3.1686422 -3.2146804 -3.244361 -3.2644045 -3.2788759 -3.2899698 -3.2988765 -3.3062711 -3.3125601 -3.3180038 -3.3227783 -3.3270086 -3.3307869 -3.334183 -3.3372518 -3.3400368 -3.3425735 -3.3448913 -3.3470148 -3.3489649 -3.3507595 -3.352414 -3.3539419 -3.355355 -3.3566636 -3.3578769 -3.359003 -3.3600492 -3.3610219 -3.3619269 -3.3627695 -3.3635543 -3.3642856 -3.3649673 -3.3656027 -3.366195 -3.3667472 -3.3672619 -3.3677415 -3.3681882 -3.3686041 -3.3689909 -3.3693505 -3.3696844 -3.3699942 -3.3702811 -3.3705465 -3.3707916 -3.3710174 -3.371225 -3.3714154 -3.3715895
-3.2211464 -3.1443067 -3.0735038 -3.064808 -3.116448 -3.1735568 -3.2150931 -3.2431697 -3.2626934 -3.2770079 -3.2880574 -3.2969541 -3.304352 -3.3106528 -3.3161157 -3.3209161 -3.325178 -3.3289924 -3.3324283 -3.3355394 -3.3383685 -3.3409505 -3.3433141 -3.3454836 -3.3474794 -3.3493192 -3.3510181 -3.3525895 -3.3540449 -3.3553948 -3.3566481 -3.357813 -3.3588967 -3.3599056 -3.3608457 -3.361722 -3.3625393 -3.3633019 -3.3640137 -3.3646782 -3.3652986 -3.3658778 -3.3664185 -3.3669231 -3.367394 -3.3678332 -3.3682426 -3.3686239 -3.3689788 -3.3693089 -3.3696155 -3.3698999 -3.3701633 -3.3704069 -3.3706317 -3.3708388 -3.371029
-3.2370301 -3.1862648 -3.1449475 -3.1362649 -3.1603927 -3.1941842 -3.2235218 -3.2460378 -3.2630837 -3.2762742 -3.2867964 -3.2954375 -3.3027101 -3.3089527 -3.3143946 -3.3191963 -3.3234735 -3.3273124 -3.3307789 -3.3339248 -3.3367914 -3.3394127 -3.3418167 -3.3440269 -3.3460636 -3.347944 -3.349683 -3.3512938 -3.3527879 -3.3541755 -3.3554656 -3.3566661 -3.3577844 -3.3588269 -3.3597994 -3.3607071 -3.3615548 -3.3623467 -3.3630868 -3.3637786 -3.3644254 -3.3650301 -3.3655955 -3.3661239 -3.3666178 -3.3670792 -3.3675101 -3.3679122 -3.3682872 -3.3686367 -3.3689621 -3.3692648 -3.3695459 -3.3698066 -3.3700481 -3.3702713 -3.3704771
