Cobbity3/QGIS/AVE31.asc
NCOLS 800
NROWS 450
XLLCORNER 150.66
YLLCORNER -34.028
CELLSIZE 1e-05
NODATA_VALUE -9999
[rows 75 to 99 of 450, columns 342 to 398 of 800]
-3.062024 -3.0824082 -3.0980371 -3.1109555 -3.1221996 -3.1323051 -3.1415576 -3.1501177 -3.1580826 -3.1655178 -3.1724722 -3.1789856 -3.1850926 -3.1908243 -3.1962093 -3.2012738 -3.2060423 -3.2105376 -3.2147806 -3.2187907 -3.2225856 -3.2261819 -3.2295945 -3.2328372 -3.2359225 -3.238862 -3.2416662 -3.2443446 -3.246906 -3.2493583 -3.2517088 -3.2539642 -3.2561305 -3.2582134 -3.2602179 -3.2621487 -3.2640102 -3.2658062 -3.2675404 -3.2692162 -3.2708366 -3.2724047 -3.2739229 -3.2753938 -3.2768197 -3.2782026 -3.2795447 -3.2808477 -3.2821134 -3.2833434 -3.2845392 -3.2857023 -3.286834 -3.2879356 -3.2890082 -3.290053 -3.2910711
-3.0707005 -3.088636 -3.103183 -3.1155292 -3.1263897 -3.136183 -3.1451552 -3.1534556 -3.1611793 -3.1683921 -3.1751427 -3.1814708 -3.18741 -3.1929902 -3.1982385 -3.20318 -3.2078377 -3.212233 -3.2163856 -3.2203139 -3.2240346 -3.2275633 -3.2309141 -3.2341003 -3.2371336 -3.2400252 -3.242785 -3.2454221 -3.2479451 -3.2503615 -3.2526783 -3.2549021 -3.2570386 -3.2590933 -3.2610712 -3.2629767 -3.2648141 -3.2665872 -3.2682996 -3.2699545 -3.271555 -3.273104 -3.2746039 -3.2760572 -3.2774662 -3.278833 -3.2801595 -3.2814475 -3.2826988 -3.2839149 -3.2850973 -3.2862475 -3.2873667 -3.2884562 -3.2895172 -3.2905508 -3.2915581
-3.0836174 -3.0974641 -3.1099288 -3.1211266 -3.1312763 -3.1405702 -3.1491518 -3.157124 -3.164561 -3.1715184 -3.1780397 -3.1841613 -3.1899144 -3.1953269 -3.2004242 -3.2052295 -3.2097644 -3.2140489 -3.2181013 -3.2219388 -3.2255771 -3.2290308 -3.2323132 -3.2354367 -3.2384125 -3.2412511 -3.2439619 -3.2465538 -3.2490346 -3.2514117 -3.2536919 -3.2558812 -3.2579854 -3.2600097 -3.2619588 -3.2638371 -3.2656487 -3.2673974 -3.2690865 -3.2707192 -3.2722986 -3.2738273 -3.2753079 -3.2767428 -3.278134 -3.2794838 -3.2807939 -3.2820662 -3.2833024 -3.284504 -3.2856724 -3.2868091 -3.2879153 -3.2889923 -3.2900413 -3.2910632 -3.2920592
-3.096782 -3.1070924 -3.1174644 -3.127378 -3.1366846 -3.1453773 -3.1534955 -3.1610879 -3.1682004 -3.1748737 -3.1811428 -3.1870388 -3.1925894 -3.1978198 -3.2027531 -3.2074106 -3.2118122 -3.2159761 -3.2199195 -3.2236582 -3.2272068 -3.2305788 -3.2337867 -3.236842 -3.2397553 -3.2425363 -3.2451941 -3.2477368 -3.2501721 -3.2525068 -3.2547474 -3.2568998 -3.2589694 -3.260961 -3.2628795 -3.2647288 -3.266513 -3.2682357 -3.2699002 -3.2715095 -3.2730666 -3.274574 -3.2760343 -3.2774497 -3.2788224 -3.2801543 -3.2814474 -3.2827033 -3.2839238 -3.2851102 -3.2862641 -3.2873868 -3.2884795 -3.2895435 -3.2905799 -3.2915897 -3.292574
-3.1078223 -3.1161665 -3.1250578 -3.1338934 -3.1424033 -3.1504849 -3.1581135 -3.1652982 -3.1720614 -3.1784291 -3.1844277 -3.1900823 -3.1954165 -3.2004525 -3.2052107 -3.2097104 -3.2139694 -3.2180045 -3.2218313 -3.2254642 -3.2289166 -3.2322011 -3.2353291 -3.2383113 -3.2411576 -3.2438771 -3.2464781 -3.2489683 -3.2513549 -3.2536444 -3.2558429 -3.257956 -3.2599887 -3.2619458 -3.2638317 -3.2656505 -3.2674058 -3.2691011 -3.2707396 -3.2723244 -3.273858 -3.2753432 -3.2767822 -3.2781773 -3.2795307 -3.2808441 -3.2821194 -3.2833583 -3.2845623 -3.2857331 -3.2868719 -3.28798 -3.2890588 -3.2901093 -3.2911327 -3.2921301 -3.2931023
-3.1164103 -3.1242271 -3.1323427 -3.1404217 -3.1482687 -3.1557855 -3.1629327 -3.1697026 -3.1761039 -3.1821525 -3.1878675 -3.1932687 -3.1983757 -3.2032073 -3.2077814 -3.212115 -3.2162239 -3.2201233 -3.223827 -3.2273482 -3.2306991 -3.2338911 -3.2369346 -3.2398395 -3.2426149 -3.2452692 -3.2478101 -3.2502448 -3.25258 -3.2548218 -3.2569759 -3.2590475 -3.2610414 -3.2629622 -3.264814 -3.2666006 -3.2683256 -3.2699923 -3.2716038 -3.2731628 -3.274672 -3.276134 -3.2775509 -3.2789249 -3.2802581 -3.2815522 -3.2828091 -3.2840304 -3.2852175 -3.286372 -3.2874952 -3.2885883 -3.2896527 -3.2906893 -3.2916994 -3.2926838 -3.2936436
-3.1235223 -3.1315313 -3.1393155 -3.1468852 -3.1541951 -3.1612051 -3.167893 -3.1742527 -3.1802884 -3.1860109 -3.1914343 -3.1965739 -3.2014458 -3.2060657 -3.2104488 -3.2146099 -3.2185629 -3.222321 -3.2258966 -3.2293014 -3.2325463 -3.2356416 -3.2385969 -3.241421 -3.2441222 -3.2467083 -3.2491863 -3.251563 -3.2538444 -3.2560363 -3.2581439 -3.2601721 -3.2621256 -3.2640085 -3.2658246 -3.2675778 -3.2692712 -3.2709081 -3.2724914 -3.2740237 -3.2755076 -3.2769454 -3.2783394 -3.2796917 -3.281004 -3.2822782 -3.283516 -3.2847191 -3.2858887 -3.2870265 -3.2881336 -3.2892113 -3.2902607 -3.2912831 -3.2922794 -3.2932505 -3.2941975
-3.1304535 -3.1386216 -3.1461669 -3.1533214 -3.1601601 -3.1667018 -3.1729499 -3.1789068 -3.184578 -3.1899721 -3.1950997 -3.1999731 -3.2046051 -3.2090084 -3.213196 -3.2171803 -3.2209731 -3.2245859 -3.2280296 -3.2313144 -3.23445 -3.2374455 -3.2403095 -3.24305 -3.2456744 -3.2481898 -3.2506027 -3.2529191 -3.2551447 -3.2572848 -3.2593442 -3.2613275 -3.263239 -3.2650825 -3.2668618 -3.2685803 -3.270241 -3.2718471 -3.2734012 -3.2749059 -3.2763636 -3.2777766 -3.279147 -3.2804767 -3.2817675 -3.2830212 -3.2842394 -3.2854237 -3.2865754 -3.2876959 -3.2887865 -3.2898483 -3.2908825 -3.2918901 -3.2928723 -3.2938298 -3.2947637
-3.1380753 -3.1459398 -3.1530921 -3.1597959 -3.1661665 -3.1722511 -3.1780689 -3.1836291 -3.1889386 -3.1940048 -3.198836 -3.2034417 -3.2078317 -3.2120163 -3.216006 -3.2198109 -3.223441 -3.2269061 -3.2302154 -3.2333778 -3.2364017 -3.2392952 -3.2420658 -3.2447205 -3.2472662 -3.249709 -3.2520549 -3.2543094 -3.2564776 -3.2585643 -3.2605741 -3.2625112 -3.2643794 -3.2661824 -3.2679237 -3.2696064 -3.2712335 -3.2728078 -3.2743319 -3.2758082 -3.277239 -3.2786265 -3.2799725 -3.2812791 -3.2825478 -3.2837805 -3.2849786 -3.2861436 -3.2872769 -3.2883797 -3.2894533 -3.2904988 -3.2915174 -3.29251 -3.2934776 -3.2944212 -3.2953416
-3.1465718 -3.1536405 -3.1601767 -3.166338 -3.1722084 -3.1778288 -3.1832182 -3.1883858 -3.1933377 -3.1980791 -3.2026161 -3.2069553 -3.211104 -3.2150701 -3.2188616 -3.2224866 -3.2259533 -3.2292697 -3.2324435 -3.2354823 -3.2383933 -3.2411833 -3.2438591 -3.2464267 -3.2488922 -3.2512611 -3.2535387 -3.25573 -3.2578395 -3.2598718 -3.2618308 -3.2637205 -3.2655444 -3.267306 -3.2690084 -3.2706545 -3.2722471 -3.2737889 -3.2752823 -3.2767295 -3.2781327 -3.279494 -3.2808151 -3.282098 -3.2833441 -3.2845553 -3.2857328 -3.2868781 -3.2879925 -3.2890772 -3.2901335 -3.2911624 -3.2921649 -3.2931422 -3.294095 -3.2950243 -3.295931
-3.1556113 -3.1616115 -3.1673759 -3.1729172 -3.1782548 -3.1834013 -3.188363 -3.193143 -3.1977432 -3.2021657 -3.2064134 -3.2104902 -3.214401 -3.218151 -3.2217462 -3.2251927 -3.2284968 -3.231665 -3.2347035 -3.2376186 -3.2404163 -3.2431025 -3.2456828 -3.2481626 -3.2505472 -3.2528414 -3.2550499 -3.257177 -3.2592271 -3.261204 -3.2631115 -3.264953 -3.2667319 -3.2684512 -3.2701139 -3.2717227 -3.2732802 -3.2747888 -3.2762509 -3.2776684 -3.2790435 -3.280378 -3.2816738 -3.2829324 -3.2841556 -3.2853447 -3.2865012 -3.2876264 -3.2887215 -3.2897879 -3.2908264 -3.2918384 -3.2928246 -3.2937861 -3.2947239 -3.2956387 -3.2965314
-3.1646887 -3.1696046 -3.1745596 -3.1794554 -3.1842499 -3.188923 -3.1934637 -3.1978652 -3.2021233 -3.2062358 -3.2102023 -3.2140238 -3.2177023 -3.2212411 -3.2246438 -3.2279149 -3.2310588 -3.2340807 -3.2369852 -3.2397776 -3.2424627 -3.2450453 -3.2475304 -3.2499225 -3.2522259 -3.2544451 -3.2565841 -3.2586468 -3.2606369 -3.2625579 -3.2644133 -3.2662061 -3.2679393 -3.2696159 -3.2712384 -3.2728093 -3.2743312 -3.2758061 -3.2772363 -3.2786237 -3.2799702 -3.2812776 -3.2825475 -3.2837816 -3.2849813 -3.286148 -3.2872831 -3.2883879 -3.2894635 -3.290511 -3.2915316 -3.2925262 -3.2934959 -3.2944414 -3.2953638 -3.2962638 -3.2971422
-3.1733822 -3.1773659 -3.1815734 -3.1858532 -3.1901242 -3.1943411 -3.1984773 -3.2025159 -3.2064464 -3.2102619 -3.2139585 -3.2175342 -3.2209888 -3.2243231 -3.2275392 -3.2306396 -3.2336273 -3.2365059 -3.2392791 -3.2419507 -3.2445247 -3.2470051 -3.2493957 -3.2517006 -3.2539234 -3.2560678 -3.2581373 -3.2601355 -3.2620655 -3.2639305 -3.2657334 -3.2674772 -3.2691645 -3.2707979 -3.2723798 -3.2739126 -3.2753984 -3.2768393 -3.2782372 -3.2795941 -3.2809116 -3.2821915 -3.2834352 -3.2846444 -3.2858203 -3.2869643 -3.2880778 -3.2891618 -3.2902175 -3.291246 -3.2922483 -3.2932254 -3.2941782 -3.2951076 -3.2960143 -3.2968993 -3.2977632
-3.1814424 -3.1847051 -3.1882818 -3.1920146 -3.1958077 -3.1996023 -3.2033611 -3.2070598 -3.2106824 -3.2142178 -3.217659 -3.2210014 -3.2242425 -3.2273815 -3.2304184 -3.2333543 -3.236191 -3.2389307 -3.241576 -3.2441298 -3.2465951 -3.2489751 -3.2512728 -3.2534916 -3.2556346 -3.2577049 -3.2597056 -3.2616395 -3.2635096 -3.2653186 -3.2670692 -3.2687639 -3.2704052 -3.2719953 -3.2735364 -3.2750308 -3.2764803 -3.2778868 -3.2792523 -3.2805784 -3.2818667 -3.2831187 -3.284336 -3.28552 -3.2866718 -3.2877929 -3.2888844 -3.2899474 -3.290983 -3.2919922 -3.292976 -3.2939353 -3.294871 -3.295784 -3.2966749 -3.2975447 -3.2983939
-3.1887649 -3.1915085 -3.194587 -3.1978616 -3.2012393 -3.2046581 -3.208076 -3.2114646 -3.2148038 -3.2180799 -3.2212833 -3.2244073 -3.2274476 -3.2304017 -3.2332685 -3.2360476 -3.2387396 -3.2413458 -3.2438677 -3.2463074 -3.2486671 -3.2509491 -3.2531561 -3.2552906 -3.2573552 -3.2593525 -3.261285 -3.2631554 -3.2649661 -3.2667196 -3.268418 -3.2700638 -3.2716591 -3.2732059 -3.2747063 -3.2761621 -3.2775752 -3.2789473 -3.2802802 -3.2815752 -3.2828341 -3.2840582 -3.2852488 -3.2864073 -3.287535 -3.2886329 -3.2897022 -3.290744 -3.2917593 -3.292749 -3.2937141 -3.2946554 -3.2955738 -3.2964701 -3.2973451 -3.2981994 -3.2990338
-3.1953299 -3.1977219 -3.2004287 -3.2033392 -3.2063722 -3.2094696 -3.2125897 -3.2157028 -3.2187874 -3.2218281 -3.2248137 -3.2277362 -3.23059 -3.2333715 -3.2360784 -3.2387093 -3.241264 -3.2437429 -3.2461467 -3.2484767 -3.2507344 -3.2529217 -3.2550405 -3.2570928 -3.2590807 -3.2610064 -3.2628721 -3.26468 -3.2664321 -3.2681305 -3.2697774 -3.2713746 -3.2729241 -3.2744279 -3.2758875 -3.2773049 -3.2786817 -3.2800193 -3.2813195 -3.2825835 -3.2838128 -3.2850088 -3.2861727 -3.2873056 -3.2884089 -3.2894835 -3.2905304 -3.2915509 -3.2925456 -3.2935157 -3.2944619 -3.2953851 -3.2962861 -3.2971656 -3.2980244 -3.2988631 -3.2996824
-3.2011542 -3.2033289 -3.205777 -3.2084145 -3.2111752 -3.2140089 -3.2168778 -3.2197534 -3.2226147 -3.2254461 -3.2282358 -3.2309753 -3.2336583 -3.2362804 -3.2388385 -3.2413309 -3.2437564 -3.2461148 -3.2484063 -3.2506316 -3.2527917 -3.2548877 -3.2569213 -3.2588939 -3.2608074 -3.2626633 -3.2644636 -3.2662101 -3.2679046 -3.2695489 -3.2711448 -3.272694 -3.2741983 -3.2756593 -3.2770786 -3.2784577 -3.2797982 -3.2811015 -3.2823689 -3.2836019 -3.2848017 -3.2859696 -3.2871066 -3.2882139 -3.2892926 -3.2903438 -3.2913684 -3.2923673 -3.2933414 -3.2942917 -3.2952189 -3.2961238 -3.2970072 -3.2978698 -3.2987123 -3.2995353 -3.3003394
-3.2062678 -3.2083358 -3.2106245 -3.2130735 -3.2156323 -3.2182601 -3.2209251 -3.2236024 -3.226273 -3.2289223 -3.231539 -3.2341148 -3.2366434 -3.23912 -3.2415413 -3.2439052 -3.2462102 -3.2484556 -3.2506411 -3.252767 -3.2548339 -3.2568427 -3.2587944 -3.2606902 -3.2625315 -3.2643198 -3.2660565 -3.2677431 -3.2693812 -3.2709724 -3.2725182 -3.2740201 -3.2754797 -3.2768984 -3.2782777 -3.2796188 -3.2809233 -3.2821924 -3.2834274 -3.2846294 -3.2857997 -3.2869394 -3.2880496 -3.2891313 -3.2901855 -3.2912132 -3.2922152 -3.2931926 -3.294146 -3.2950764 -3.2959845 -3.296871 -3.2977367 -3.2985823 -3.2994083 -3.3002155 -3.3010043
-3.2107072 -3.2127637 -3.214981 -3.2173186 -3.2197409 -3.2222181 -3.2247254 -3.2272431 -3.2297554 -3.2322498 -3.2347166 -3.2371482 -3.2395389 -3.2418842 -3.244181 -3.2464268 -3.2486202 -3.2507601 -3.2528462 -3.2548785 -3.2568572 -3.2587828 -3.2606562 -3.2624783 -3.2642502 -3.265973 -3.2676479 -3.2692763 -3.2708595 -3.2723987 -3.2738954 -3.2753509 -3.2767666 -3.2781436 -3.2794833 -3.2807869 -3.2820558 -3.2832909 -3.2844936 -3.2856648 -3.2868058 -3.2879175 -3.2890008 -3.2900569 -3.2910866 -3.2920908 -3.2930703 -3.294026 -3.2949587 -3.2958692 -3.2967581 -3.2976262 -3.2984741 -3.2993025 -3.300112 -3.3009032 -3.3016767
-3.2145172 -3.2166472 -3.2188706 -3.2211655 -3.2235109 -3.2258882 -3.228281 -3.2306755 -3.2330604 -3.2354262 -3.2377655 -3.2400721 -3.2423413 -3.2445694 -3.2467535 -3.2488917 -3.2509824 -3.2530248 -3.2550182 -3.2569625 -3.258858 -3.2607048 -3.2625037 -3.2642553 -3.2659605 -3.2676202 -3.2692355 -3.2708075 -3.2723372 -3.2738259 -3.2752747 -3.2766847 -3.2780572 -3.2793932 -3.280694 -3.2819606 -3.2831942 -3.2843958 -3.2855664 -3.2867071 -3.2878189 -3.2889027 -3.2899594 -3.2909899 -3.2919951 -3.2929759 -3.2939329 -3.294867 -3.295779 -3.2966694 -3.2975391 -3.2983887 -3.2992188 -3.30003 -3.3008229 -3.3015981 -3.3023561
-3.2177554 -3.2200337 -3.2223305 -3.2246421 -3.2269625 -3.2292848 -3.2316016 -3.2339061 -3.236192 -3.2384537 -3.2406863 -3.242886 -3.2450493 -3.2471736 -3.2492569 -3.2512976 -3.2532945 -3.2552469 -3.2571542 -3.2590165 -3.2608337 -3.2626062 -3.2643344 -3.2660188 -3.2676602 -3.2692594 -3.2708173 -3.2723347 -3.2738127 -3.2752522 -3.2766542 -3.2780198 -3.2793501 -3.2806459 -3.2819085 -3.2831386 -3.2843374 -3.2855059 -3.2866448 -3.2877553 -3.2888381 -3.2898942 -3.2909244 -3.2919296 -3.2929104 -3.2938678 -3.2948023 -3.2957149 -3.296606 -3.2974765 -3.298327 -3.299158 -3.2999703 -3.3007642 -3.3015405 -3.3022997 -3.3030422
-3.2204948 -3.2229844 -3.2254098 -3.2277868 -3.230125 -3.2324299 -3.2347037 -3.2369469 -3.2391587 -3.241338 -3.243483 -3.2455922 -3.2476641 -3.2496973 -3.2516907 -3.2536435 -3.255555 -3.2574248 -3.2592526 -3.2610385 -3.2627825 -3.2644849 -3.2661462 -3.2677668 -3.2693474 -3.2708887 -3.2723913 -3.2738562 -3.2752841 -3.2766759 -3.2780325 -3.2793549 -3.2806439 -3.2819004 -3.2831254 -3.2843198 -3.2854844 -3.2866201 -3.2877278 -3.2888084 -3.2898626 -3.2908912 -3.2918951 -3.292875 -3.2938317 -3.2947657 -3.2956779 -3.296569 -3.2974394 -3.29829 -3.2991212 -3.2999337 -3.3007281 -3.3015048 -3.3022645 -3.3030075 -3.3037345
-3.2228259 -3.2255732 -3.2281678 -3.2306463 -3.233035 -3.2353517 -3.2376087 -3.2398141 -3.2419728 -3.2440882 -3.2461621 -3.2481954 -3.2501888 -3.2521423 -3.254056 -3.2559298 -3.2577638 -3.259558 -3.2613125 -3.2630274 -3.264703 -3.2663396 -3.2679378 -3.2694979 -3.2710205 -3.2725064 -3.2739561 -3.2753704 -3.27675 -3.2780957 -3.2794082 -3.2806885 -3.2819373 -3.2831554 -3.2843437 -3.285503 -3.286634 -3.2877375 -3.2888144 -3.2898655 -3.2908914 -3.2918929 -3.2928707 -3.2938256 -3.2947582 -3.2956691 -3.2965591 -3.2974287 -3.2982785 -3.2991092 -3.2999213 -3.3007153 -3.3014918 -3.3022513 -3.3029942 -3.3037212 -3.3044325
-3.2248545 -3.2278845 -3.2306713 -3.2332736 -3.2357339 -3.2380828 -3.2403421 -3.2425274 -3.2446495 -3.246716 -3.2487324 -3.2507022 -3.2526282 -3.254512 -3.256355 -3.258158 -3.2599217 -3.2616468 -3.2633336 -3.2649827 -3.2665944 -3.2681694 -3.269708 -3.2712108 -3.2726784 -3.2741114 -3.2755105 -3.2768762 -3.2782092 -3.2795103 -3.2807803 -3.2820197 -3.2832293 -3.28441 -3.2855624 -3.2866872 -3.2877853 -3.2888573 -3.2899039 -3.2909258 -3.2919238 -3.2928985 -3.2938505 -3.2947806 -3.2956893 -3.2965773 -3.2974452 -3.2982935 -3.2991228 -3.2999336 -3.3007266 -3.3015022 -3.3022608 -3.3030031 -3.3037294 -3.3044402 -3.305136
-3.2266967 -3.230009 -3.2329918 -3.2357248 -3.2382662 -3.2406582 -3.2429315 -3.2451086 -3.2472057 -3.2492347 -3.2512042 -3.2531206 -3.2549885 -3.2568111 -3.2585911 -3.2603304 -3.2620303 -3.263692 -3.2653165 -3.2669045 -3.2684567 -3.2699738 -3.2714563 -3.272905 -3.2743203 -3.2757029 -3.2770534 -3.2783725 -3.2796608 -3.2809189 -3.2821475 -3.2833473 -3.284519 -3.2856631 -3.2867805 -3.2878717 -3.2889375 -3.2899784 -3.2909952 -3.2919886 -3.292959 -3.2939072 -3.2948338 -3.2957394 -3.2966245 -3.2974897 -3.2983356 -3.2991628 -3.2999717 -3.3007628 -3.3015367 -3.3022939 -3.3030348 -3.3037599 -3.3044696 -3.3051643 -3.3058445
