Cobbity3/QGIS/AVE31.asc
NCOLS 800
NROWS 450
XLLCORNER 150.66
YLLCORNER -34.028
CELLSIZE 1e-05
NODATA_VALUE -9999
[rows 250 to 274 of 450, columns 114 to 170 of 800]
-3.3625514 -3.3624799 -3.3624046 -3.3623251 -3.3622414 -3.3621532 -3.3620602 -3.3619624 -3.3618594 -3.361751 -3.361637 -3.361517 -3.3613908 -3.361258 -3.3611185 -3.3609717 -3.3608174 -3.3606552 -3.3604847 -3.3603054 -3.360117 -3.359919 -3.3597107 -3.3594919 -3.3592618 -3.3590198 -3.3587655 -3.358498 -3.3582167 -3.3579208 -3.3576096 -3.3572821 -3.3569375 -3.3565748 -3.3561929 -3.3557908 -3.3553672 -3.354921 -3.3544507 -3.353955 -3.3534321 -3.3528806 -3.3522985 -3.3516839 -3.3510347 -3.3503488 -3.3496235 -3.3488564 -3.3480444 -3.3471845 -3.3462733 -3.3453071 -3.3442819 -3.3431931 -3.342036 -3.3408053 -3.3394949
-3.3625637 -3.3624919 -3.3624163 -3.3623365 -3.3622525 -3.362164 -3.3620707 -3.3619726 -3.3618693 -3.3617606 -3.3616462 -3.3615259 -3.3613994 -3.3612664 -3.3611265 -3.3609794 -3.3608249 -3.3606624 -3.3604916 -3.360312 -3.3601233 -3.359925 -3.3597165 -3.3594974 -3.3592671 -3.3590249 -3.3587703 -3.3585026 -3.3582211 -3.357925 -3.3576136 -3.3572859 -3.3569411 -3.3565781 -3.3561961 -3.3557937 -3.35537 -3.3549235 -3.3544529 -3.3539568 -3.3534336 -3.3528815 -3.3522989 -3.3516836 -3.3510336 -3.3503466 -3.34962 -3.3488513 -3.3480374 -3.3471751 -3.346261 -3.3452911 -3.3442614 -3.3431673 -3.3420036 -3.3407647 -3.3394446
-3.3625778 -3.3625059 -3.36243 -3.3623501 -3.3622659 -3.3621772 -3.3620838 -3.3619854 -3.361882 -3.3617731 -3.3616586 -3.3615382 -3.3614116 -3.3612784 -3.3611384 -3.3609913 -3.3608366 -3.3606741 -3.3605032 -3.3603237 -3.360135 -3.3599367 -3.3597283 -3.3595092 -3.359279 -3.3590369 -3.3587825 -3.358515 -3.3582337 -3.3579378 -3.3576267 -3.3572993 -3.3569548 -3.3565923 -3.3562106 -3.3558087 -3.3553854 -3.3549393 -3.3544692 -3.3539736 -3.3534508 -3.3528992 -3.3523169 -3.3517019 -3.3510522 -3.3503652 -3.3496386 -3.3488696 -3.3480551 -3.3471919 -3.3462763 -3.3453046 -3.3442722 -3.3431745 -3.3420061 -3.3407613 -3.3394335
-3.3625938 -3.3625218 -3.3624459 -3.3623658 -3.3622816 -3.3621928 -3.3620994 -3.362001 -3.3618975 -3.3617887 -3.3616742 -3.3615538 -3.3614272 -3.3612942 -3.3611543 -3.3610073 -3.3608528 -3.3606904 -3.3605198 -3.3603405 -3.360152 -3.3599541 -3.359746 -3.3595273 -3.3592975 -3.359056 -3.3588021 -3.3585351 -3.3582545 -3.3579593 -3.3576489 -3.3573223 -3.3569787 -3.3566171 -3.3562364 -3.3558356 -3.3554134 -3.3549685 -3.3544996 -3.3540053 -3.3534838 -3.3529335 -3.3523526 -3.351739 -3.3510906 -3.3504049 -3.3496795 -3.3489115 -3.3480978 -3.3472352 -3.3463199 -3.3453479 -3.3443147 -3.3432155 -3.3420446 -3.3407961 -3.3394631
-3.3626117 -3.3625396 -3.3624637 -3.3623838 -3.3622995 -3.3622109 -3.3621175 -3.3620193 -3.3619159 -3.3618072 -3.3616929 -3.3615727 -3.3614464 -3.3613136 -3.361174 -3.3610273 -3.3608732 -3.3607113 -3.3605411 -3.3603623 -3.3601744 -3.359977 -3.3597696 -3.3595517 -3.3593226 -3.3590819 -3.358829 -3.358563 -3.3582834 -3.3579894 -3.3576802 -3.357355 -3.3570128 -3.3566527 -3.3562736 -3.3558744 -3.355454 -3.355011 -3.3545441 -3.3540518 -3.3535326 -3.3529846 -3.352406 -3.3517948 -3.3511488 -3.3504656 -3.3497427 -3.3489771 -3.3481658 -3.3473053 -3.346392 -3.3454216 -3.3443896 -3.3432909 -3.3421199 -3.3408702 -3.3395348
-3.3626313 -3.3625594 -3.3624837 -3.3624039 -3.3623198 -3.3622313 -3.3621382 -3.3620402 -3.3619372 -3.3618288 -3.3617148 -3.361595 -3.3614691 -3.3613367 -3.3611976 -3.3610515 -3.360898 -3.3607366 -3.3605672 -3.3603891 -3.3602021 -3.3600056 -3.3597991 -3.3595822 -3.3593543 -3.3591148 -3.3588631 -3.3585986 -3.3583205 -3.358028 -3.3577206 -3.3573971 -3.3570569 -3.3566988 -3.3563219 -3.3559251 -3.3555071 -3.3550668 -3.3546026 -3.3541132 -3.353597 -3.3530522 -3.352477 -3.3518692 -3.3512268 -3.3505474 -3.3498282 -3.3490665 -3.348259 -3.3474024 -3.3464928 -3.345526 -3.3444973 -3.3434015 -3.3422328 -3.3409846 -3.3396496
-3.3626529 -3.3625812 -3.3625057 -3.3624261 -3.3623424 -3.3622542 -3.3621614 -3.3620638 -3.3619612 -3.3618533 -3.3617398 -3.3616205 -3.3614952 -3.3613635 -3.3612251 -3.3610797 -3.360927 -3.3607665 -3.360598 -3.360421 -3.360235 -3.3600397 -3.3598345 -3.359619 -3.3593925 -3.3591546 -3.3589045 -3.3586417 -3.3583655 -3.3580751 -3.3577698 -3.3574487 -3.3571109 -3.3567555 -3.3563813 -3.3559875 -3.3555727 -3.3551356 -3.354675 -3.3541894 -3.353677 -3.3531364 -3.3525654 -3.3519623 -3.3513246 -3.3506501 -3.349936 -3.3491796 -3.3483776 -3.3475265 -3.3466225 -3.3456612 -3.344638 -3.3435475 -3.3423837 -3.34114 -3.3398087
-3.3626762 -3.3626048 -3.3625297 -3.3624505 -3.3623672 -3.3622794 -3.3621872 -3.3620901 -3.361988 -3.3618807 -3.3617679 -3.3616493 -3.3615248 -3.3613939 -3.3612564 -3.3611119 -3.3609602 -3.3608009 -3.3606335 -3.3604578 -3.3602732 -3.3600793 -3.3598757 -3.3596618 -3.3594371 -3.359201 -3.358953 -3.3586924 -3.3584185 -3.3581306 -3.3578279 -3.3575096 -3.3571748 -3.3568225 -3.3564518 -3.3560615 -3.3556505 -3.3552175 -3.3547611 -3.35428 -3.3537725 -3.3532369 -3.3526713 -3.3520737 -3.351442 -3.3507736 -3.3500661 -3.3493164 -3.3485214 -3.3476775 -3.346781 -3.3458274 -3.3448119 -3.3437292 -3.3425731 -3.3413369 -3.3400127
-3.3627014 -3.3626304 -3.3625557 -3.362477 -3.3623942 -3.3623071 -3.3622154 -3.362119 -3.3620176 -3.361911 -3.361799 -3.3616814 -3.3615577 -3.3614278 -3.3612914 -3.3611481 -3.3609976 -3.3608396 -3.3606737 -3.3604994 -3.3603164 -3.3601243 -3.3599225 -3.3597106 -3.359488 -3.3592542 -3.3590086 -3.3587505 -3.3584793 -3.3581943 -3.3578947 -3.3575797 -3.3572483 -3.3568998 -3.356533 -3.3561469 -3.3557404 -3.3553121 -3.3548608 -3.354385 -3.3538831 -3.3533535 -3.3527942 -3.3522034 -3.3515787 -3.3509178 -3.350218 -3.3494766 -3.3486902 -3.3478554 -3.3469682 -3.3460244 -3.345019 -3.3439467 -3.3428012 -3.3415756 -3.3402621
-3.3627283 -3.3626579 -3.3625837 -3.3625056 -3.3624235 -3.362337 -3.362246 -3.3621504 -3.3620499 -3.3619442 -3.3618332 -3.3617165 -3.361594 -3.3614653 -3.3613301 -3.3611882 -3.3610392 -3.3608827 -3.3607184 -3.3605459 -3.3603648 -3.3601746 -3.3599749 -3.3597653 -3.3595451 -3.3593139 -3.359071 -3.3588159 -3.3585478 -3.3582661 -3.35797 -3.3576587 -3.3573314 -3.3569871 -3.3566248 -3.3562436 -3.3558421 -3.3554193 -3.3549737 -3.3545041 -3.3540087 -3.353486 -3.352934 -3.3523509 -3.3517344 -3.3510822 -3.3503916 -3.3496599 -3.3488837 -3.3480597 -3.3471839 -3.346252 -3.3452591 -3.3441997 -3.3430678 -3.3418562 -3.3405571
-3.362757 -3.3626872 -3.3626137 -3.3625363 -3.3624549 -3.3623692 -3.3622791 -3.3621844 -3.3620849 -3.3619802 -3.3618703 -3.3617549 -3.3616336 -3.3615062 -3.3613725 -3.3612321 -3.3610847 -3.36093 -3.3607675 -3.360597 -3.360418 -3.3602301 -3.3600329 -3.3598258 -3.3596083 -3.35938 -3.3591402 -3.3588883 -3.3586238 -3.3583458 -3.3580537 -3.3577466 -3.3574238 -3.3570842 -3.356727 -3.3563512 -3.3559555 -3.3555388 -3.3550997 -3.3546369 -3.3541489 -3.3536339 -3.3530903 -3.3525159 -3.3519088 -3.3512665 -3.3505864 -3.3498658 -3.3491015 -3.34829 -3.3474275 -3.3465097 -3.3455316 -3.3444879 -3.3433725 -3.3421783 -3.3408974
-3.3627875 -3.3627184 -3.3626456 -3.362569 -3.3624885 -3.3624037 -3.3623146 -3.3622209 -3.3621225 -3.362019 -3.3619104 -3.3617963 -3.3616764 -3.3615506 -3.3614185 -3.3612798 -3.3611342 -3.3609814 -3.3608211 -3.3606528 -3.3604761 -3.3602907 -3.3600961 -3.3598919 -3.3596775 -3.3594523 -3.359216 -3.3589678 -3.3587071 -3.3584332 -3.3581455 -3.3578431 -3.3575252 -3.357191 -3.3568394 -3.3564695 -3.3560801 -3.3556702 -3.3552383 -3.3547832 -3.3543033 -3.353797 -3.3532626 -3.3526981 -3.3521014 -3.3514702 -3.350802 -3.3500939 -3.349343 -3.3485458 -3.3476985 -3.3467968 -3.345836 -3.3448107 -3.3437147 -3.3425413 -3.3412825
-3.3628197 -3.3627514 -3.3626794 -3.3626038 -3.3625242 -3.3624404 -3.3623524 -3.3622599 -3.3621627 -3.3620605 -3.3619533 -3.3618406 -3.3617224 -3.3615982 -3.3614679 -3.3613311 -3.3611876 -3.361037 -3.3608789 -3.360713 -3.360539 -3.3603563 -3.3601647 -3.3599635 -3.3597524 -3.3595308 -3.3592982 -3.359054 -3.3587975 -3.3585282 -3.3582452 -3.3579479 -3.3576355 -3.357307 -3.3569616 -3.3565982 -3.3562158 -3.3558133 -3.3553893 -3.3549426 -3.3544716 -3.3539748 -3.3534505 -3.3528968 -3.3523116 -3.3516927 -3.3510376 -3.3503436 -3.3496076 -3.3488263 -3.347996 -3.3471126 -3.3461713 -3.3451669 -3.3440935 -3.3429441 -3.3417111
-3.3628535 -3.3627861 -3.3627151 -3.3626404 -3.3625619 -3.3624793 -3.3623925 -3.3623012 -3.3622054 -3.3621047 -3.361999 -3.3618879 -3.3617714 -3.3616491 -3.3615207 -3.361386 -3.3612447 -3.3610964 -3.3609409 -3.3607776 -3.3606064 -3.3604267 -3.3602383 -3.3600405 -3.359833 -3.3596152 -3.3593866 -3.3591467 -3.3588949 -3.3586304 -3.3583526 -3.3580609 -3.3577543 -3.357432 -3.3570933 -3.356737 -3.3563621 -3.3559676 -3.3555521 -3.3551145 -3.3546532 -3.3541668 -3.3536535 -3.3531115 -3.3525389 -3.3519334 -3.3512926 -3.3506139 -3.3498943 -3.3491306 -3.3483192 -3.347456 -3.3465365 -3.3455556 -3.3445074 -3.3433854 -3.342182
-3.362889 -3.3628225 -3.3627526 -3.362679 -3.3626016 -3.3625203 -3.3624347 -3.3623449 -3.3622505 -3.3621514 -3.3620473 -3.3619381 -3.3618234 -3.3617031 -3.3615769 -3.3614444 -3.3613055 -3.3611597 -3.3610068 -3.3608465 -3.3606783 -3.3605019 -3.3603168 -3.3601227 -3.359919 -3.3597053 -3.3594811 -3.3592458 -3.3589989 -3.3587397 -3.3584675 -3.3581816 -3.3578813 -3.3575658 -3.3572341 -3.3568854 -3.3565186 -3.3561327 -3.3557264 -3.3552986 -3.3548477 -3.3543724 -3.3538709 -3.3533416 -3.3527825 -3.3521915 -3.3515662 -3.3509041 -3.3502024 -3.3494578 -3.3486669 -3.3478259 -3.3469303 -3.3459751 -3.3449549 -3.3438633 -3.3426929
-3.3629261 -3.3628607 -3.3627918 -3.3627194 -3.3626433 -3.3625633 -3.3624792 -3.3623908 -3.362298 -3.3622006 -3.3620984 -3.361991 -3.3618784 -3.3617602 -3.3616362 -3.3615062 -3.3613698 -3.3612267 -3.3610767 -3.3609194 -3.3607545 -3.3605815 -3.3604001 -3.3602098 -3.3600103 -3.359801 -3.3595814 -3.3593511 -3.3591094 -3.3588557 -3.3585894 -3.3583099 -3.3580163 -3.3577079 -3.3573838 -3.3570432 -3.356685 -3.3563082 -3.3559117 -3.3554942 -3.3550545 -3.354591 -3.3541022 -3.3535864 -3.3530418 -3.3524663 -3.3518576 -3.3512133 -3.3505306 -3.3498066 -3.3490379 -3.3482208 -3.347351 -3.3464239 -3.3454342 -3.3443757 -3.3432417
-3.3629647 -3.3629004 -3.3628328 -3.3627617 -3.3626869 -3.3626083 -3.3625257 -3.362439 -3.3623479 -3.3622523 -3.3621519 -3.3620466 -3.3619361 -3.3618202 -3.3616986 -3.3615712 -3.3614375 -3.3612973 -3.3611504 -3.3609963 -3.3608348 -3.3606654 -3.3604879 -3.3603018 -3.3601066 -3.3599019 -3.3596873 -3.3594622 -3.359226 -3.3589782 -3.3587182 -3.3584453 -3.3581588 -3.357858 -3.3575419 -3.3572098 -3.3568607 -3.3564936 -3.3561074 -3.3557009 -3.3552729 -3.354822 -3.3543466 -3.3538452 -3.3533159 -3.3527568 -3.3521657 -3.3515403 -3.350878 -3.3501759 -3.3494308 -3.3486392 -3.3477971 -3.3469 -3.345943 -3.3449203 -3.3438254
-3.3630048 -3.3629418 -3.3628754 -3.3628056 -3.3627323 -3.3626552 -3.3625743 -3.3624892 -3.3623999 -3.3623062 -3.3622079 -3.3621047 -3.3619965 -3.361883 -3.361764 -3.3616393 -3.3615085 -3.3613714 -3.3612276 -3.361077 -3.3609191 -3.3607536 -3.3605801 -3.3603983 -3.3602077 -3.3600079 -3.3597985 -3.3595788 -3.3593485 -3.3591069 -3.3588535 -3.3585876 -3.3583086 -3.3580156 -3.357708 -3.3573848 -3.3570453 -3.3566884 -3.356313 -3.3559181 -3.3555025 -3.3550647 -3.3546034 -3.354117 -3.3536039 -3.3530621 -3.3524895 -3.3518841 -3.3512432 -3.3505643 -3.3498441 -3.3490795 -3.3482667 -3.3474014 -3.346479 -3.3454942 -3.344441
-3.3630464 -3.3629846 -3.3629196 -3.3628513 -3.3627795 -3.362704 -3.3626247 -3.3625415 -3.3624541 -3.3623625 -3.3622663 -3.3621654 -3.3620596 -3.3619486 -3.3618323 -3.3617104 -3.3615826 -3.3614487 -3.3613083 -3.3611613 -3.3610072 -3.3608457 -3.3606765 -3.3604992 -3.3603135 -3.3601188 -3.3599147 -3.3597008 -3.3594766 -3.3592415 -3.358995 -3.3587364 -3.3584651 -3.3581805 -3.3578816 -3.3575678 -3.3572383 -3.356892 -3.356528 -3.3561451 -3.3557424 -3.3553184 -3.3548718 -3.3544012 -3.3539049 -3.3533812 -3.3528281 -3.3522435 -3.3516251 -3.3509703 -3.3502763 -3.3495399 -3.3487577 -3.3479258 -3.3470397 -3.3460947 -3.3450852
-3.3630893 -3.3630289 -3.3629654 -3.3628986 -3.3628283 -3.3627546 -3.3626771 -3.3625958 -3.3625104 -3.3624208 -3.3623269 -3.3622284 -3.3621251 -3.3620168 -3.3619033 -3.3617843 -3.3616597 -3.3615291 -3.3613923 -3.361249 -3.3610989 -3.3609416 -3.3607769 -3.3606043 -3.3604236 -3.3602342 -3.3600358 -3.3598279 -3.35961 -3.3593817 -3.3591423 -3.3588913 -3.3586281 -3.358352 -3.3580624 -3.3577583 -3.3574391 -3.3571039 -3.3567516 -3.3563813 -3.355992 -3.3555823 -3.355151 -3.3546968 -3.354218 -3.3537131 -3.3531801 -3.3526172 -3.3520221 -3.3513924 -3.3507256 -3.3500186 -3.3492682 -3.3484709 -3.3476225 -3.3467187 -3.3457545
-3.3631336 -3.3630746 -3.3630126 -3.3629474 -3.3628788 -3.3628068 -3.3627312 -3.3626519 -3.3625686 -3.3624812 -3.3623896 -3.3622936 -3.3621929 -3.3620874 -3.3619768 -3.361861 -3.3617396 -3.3616125 -3.3614794 -3.36134 -3.361194 -3.3610411 -3.360881 -3.3607134 -3.3605378 -3.3603539 -3.3601614 -3.3599597 -3.3597484 -3.359527 -3.3592951 -3.359052 -3.3587971 -3.3585299 -3.3582497 -3.3579558 -3.3576473 -3.3573234 -3.3569833 -3.3566261 -3.3562505 -3.3558556 -3.3554402 -3.3550028 -3.3545422 -3.3540566 -3.3535445 -3.3530039 -3.3524329 -3.3518292 -3.3511903 -3.3505136 -3.349796 -3.3490342 -3.3482247 -3.3473632 -3.3464454
-3.3631792 -3.3631217 -3.3630612 -3.3629976 -3.3629308 -3.3628607 -3.362787 -3.3627098 -3.3626287 -3.3625436 -3.3624544 -3.362361 -3.362263 -3.3621604 -3.3620528 -3.3619402 -3.3618223 -3.3616988 -3.3615695 -3.3614341 -3.3612923 -3.361144 -3.3609887 -3.3608261 -3.3606559 -3.3604777 -3.3602912 -3.3600959 -3.3598914 -3.3596772 -3.3594529 -3.3592179 -3.3589717 -3.3587137 -3.3584432 -3.3581596 -3.3578622 -3.3575501 -3.3572225 -3.3568786 -3.3565173 -3.3561376 -3.3557384 -3.3553185 -3.3548764 -3.3544108 -3.35392 -3.3534025 -3.3528561 -3.352279 -3.3516688 -3.351023 -3.350339 -3.3496136 -3.3488435 -3.3480252 -3.3471544
-3.3632259 -3.36317 -3.3631111 -3.3630493 -3.3629843 -3.3629161 -3.3628445 -3.3627693 -3.3626905 -3.3626078 -3.3625212 -3.3624304 -3.3623352 -3.3622356 -3.3621312 -3.3620219 -3.3619074 -3.3617876 -3.3616623 -3.361531 -3.3613937 -3.36125 -3.3610996 -3.3609422 -3.3607776 -3.3606052 -3.3604249 -3.3602362 -3.3600387 -3.3598319 -3.3596155 -3.3593888 -3.3591515 -3.3589029 -3.3586424 -3.3583694 -3.3580833 -3.3577832 -3.3574685 -3.3571382 -3.3567916 -3.3564274 -3.3560449 -3.3556427 -3.3552196 -3.3547744 -3.3543055 -3.3538114 -3.3532902 -3.3527402 -3.3521592 -3.351545 -3.350895 -3.3502065 -3.3494765 -3.3487016 -3.3478782
-3.3632739 -3.3632195 -3.3631624 -3.3631023 -3.3630392 -3.3629729 -3.3629034 -3.3628305 -3.362754 -3.3626738 -3.3625897 -3.3625017 -3.3624094 -3.3623128 -3.3622117 -3.3621058 -3.361995 -3.361879 -3.3617576 -3.3616307 -3.3614979 -3.3613589 -3.3612136 -3.3610616 -3.3609026 -3.3607363 -3.3605623 -3.3603803 -3.3601899 -3.3599908 -3.3597823 -3.3595642 -3.3593359 -3.3590969 -3.3588467 -3.3585846 -3.35831 -3.3580222 -3.3577206 -3.3574043 -3.3570725 -3.3567242 -3.3563586 -3.3559745 -3.3555709 -3.3551464 -3.3546997 -3.3542294 -3.3537338 -3.3532113 -3.3526599 -3.3520775 -3.351462 -3.3508107 -3.3501209 -3.3493897 -3.3486137
-3.3633229 -3.3632702 -3.3632148 -3.3631565 -3.3630954 -3.3630312 -3.3629638 -3.3628931 -3.362819 -3.3627414 -3.36266 -3.3625747 -3.3624855 -3.362392 -3.3622942 -3.3621918 -3.3620847 -3.3619726 -3.3618554 -3.3617328 -3.3616046 -3.3614706 -3.3613304 -3.3611839 -3.3610307 -3.3608705 -3.360703 -3.3605279 -3.3603448 -3.3601534 -3.3599531 -3.3597437 -3.3595246 -3.3592954 -3.3590556 -3.3588045 -3.3585417 -3.3582665 -3.3579781 -3.357676 -3.3573593 -3.3570272 -3.3566788 -3.356313 -3.355929 -3.3555255 -3.3551013 -3.3546551 -3.3541854 -3.3536907 -3.3531691 -3.3526189 -3.3520379 -3.351424 -3.3507745 -3.3500869 -3.3493581
