Cobbity3/QGIS/Dualem_between.asc
NCOLS 399
NROWS 289
XLLCORNER 150.661
YLLCORNER -34.0269
CELLSIZE 1e-05
NODATA_VALUE -9999
[rows 78 to 103 of 289, columns 120 to 179 of 399]
11.095106 10.95236 10.744824 10.574892 10.658663 10.819336 10.863852 10.787919 10.593626 10.271459 10.050448 10.342647 10.660746 10.882848 11.05135 11.182026 11.285544 11.37059 11.446184 11.526439 11.646723 11.911691 12.387693 12.148842 11.523031 11.256075 11.136234 11.037169 10.920993 10.775855 10.58944 10.34038 10.270042 10.546317 10.699775 10.785942 10.839416 10.856972 10.834136 10.741395 10.462249 9.6851584 9.4008559 10.156584 10.711878 11.054047 11.296385 11.486293 11.645468 11.786216 11.916717 12.043198 12.171154 12.30628 12.454832 12.620819 12.794341 12.946073 13.099971 13.3544
11.193181 11.105506 11.000056 10.920502 10.924203 10.954812 10.924515 10.79548 10.52439 9.9882942 9.45 10.01588 10.596203 10.913135 11.116749 11.266629 11.386882 11.491838 11.593626 11.705314 11.847339 12.08391 12.459746 12.294293 11.767231 11.440922 11.241378 11.077678 10.908809 10.721664 10.525119 10.348933 10.316903 10.513833 10.69075 10.806218 10.877564 10.905697 10.879933 10.767435 10.476309 9.8884983 9.7024903 10.312881 10.769231 11.082361 11.319222 11.50865 11.668003 11.808875 11.93948 12.066264 12.195192 12.333325 12.491715 12.687846 12.925731 13.107766 13.140988 13.267457
11.291142 11.246034 11.203696 11.161573 11.12639 11.087104 11.003398 10.841502 10.587985 10.244189 9.99716 10.28605 10.703414 11.001268 11.209748 11.368098 11.49996 11.62179 11.748675 11.894983 12.058132 12.180873 12.199107 12.060068 11.78609 11.522527 11.301661 11.096835 10.88167 10.641237 10.38146 10.202316 10.289712 10.493013 10.681304 10.822768 10.916624 10.963832 10.958156 10.883537 10.724616 10.551554 10.559557 10.678509 10.90904 11.158191 11.371549 11.549175 11.701291 11.837026 11.963434 12.086299 12.211014 12.343838 12.496654 12.702855 13.024429 13.331865 13.211368 13.129873
11.368389 11.330505 11.307389 11.2929 11.263364 11.206214 11.094149 10.891804 10.595843 10.354464 10.390666 10.614009 10.892164 11.136227 11.329218 11.485919 11.623677 11.758286 11.908223 12.103478 12.381587 12.625972 12.454183 12.11476 11.826187 11.572109 11.337538 11.102799 10.846334 10.547423 10.170537 9.7793486 10.021958 10.409135 10.663472 10.840671 10.961819 11.034643 11.060246 11.034529 10.952381 10.813076 10.656075 10.776489 11.036492 11.261017 11.446979 11.605026 11.743739 11.869568 11.987572 12.10216 12.217425 12.336363 12.460514 12.609101 12.864513 13.139093 13.091708 13.019475
11.430373 11.361043 11.303253 11.328802 11.356624 11.323311 11.210289 10.96189 10.467416 9.8970174 10.220057 10.745955 11.067429 11.291807 11.467608 11.617275 11.756653 11.89941 12.061405 12.275259 12.623833 13.035079 12.755231 12.240823 11.889238 11.616438 11.365833 11.106384 10.813448 10.473826 10.124551 9.9178005 10.048378 10.366814 10.653506 10.86628 11.01625 11.11683 11.176402 11.19876 11.179196 11.08581 10.944044 11.030717 11.225106 11.39352 11.54003 11.671955 11.792803 11.905061 12.010966 12.112992 12.21422 12.316285 12.408089 12.461633 12.564979 12.762846 12.855724 12.893159
11.513627 11.434219 11.362765 11.398381 11.460446 11.462235 11.386079 11.182072 10.724253 10.168427 10.458766 10.969569 11.270526 11.465922 11.62001 11.759203 11.89856 12.049494 12.218966 12.404984 12.603512 12.754923 12.593687 12.244242 11.928524 11.655944 11.395919 11.117973 10.78752 10.360104 9.8102295 9.4351387 9.7976772 10.293418 10.655174 10.90617 11.082648 11.208833 11.300316 11.370508 11.437793 11.513272 11.511964 11.442882 11.462197 11.541907 11.641307 11.744483 11.84562 11.942298 12.033279 12.118281 12.199358 12.282466 12.366641 12.402007 12.43128 12.572346 12.696272 12.787745
11.639921 11.597926 11.560365 11.57487 11.616603 11.639699 11.628582 11.576593 11.456125 11.258489 11.228406 11.371847 11.52548 11.658757 11.782344 11.908343 12.048411 12.215945 12.422394 12.648817 12.787232 12.726126 12.519524 12.243402 11.961908 11.696862 11.435525 11.151005 10.800821 10.295874 9.4240509 8.55 9.418157 10.247188 10.691451 10.969182 11.163687 11.309622 11.426365 11.530509 11.652219 11.84058 11.900694 11.723564 11.653595 11.676728 11.739276 11.817242 11.899858 11.980963 12.055624 12.119183 12.169401 12.215557 12.285138 12.364695 12.412731 12.500774 12.610498 12.717305
11.792693 11.794666 11.776932 11.774036 11.800675 11.842554 11.893105 11.983946 12.159989 12.124347 11.859035 11.762657 11.786879 11.856342 11.947917 12.059993 12.200657 12.389941 12.670923 13.097992 13.477991 13.223068 12.709298 12.318118 12.012778 11.746471 11.489618 11.214399 10.886534 10.45748 9.8830911 9.470273 9.8701797 10.412478 10.793979 11.061443 11.260506 11.419199 11.554991 11.676928 11.785498 11.878632 11.899923 11.825433 11.780968 11.787674 11.828022 11.887056 11.954477 12.022129 12.081508 12.121417 12.126883 12.092426 12.085654 12.199633 12.332913 12.447515 12.560245 12.673831
11.942429 11.981191 11.958603 11.94447 11.979478 12.050096 12.139159 12.247363 12.401346 12.394276 12.176432 12.048302 12.017032 12.044035 12.110124 12.210032 12.34812 12.543428 12.855361 13.423229 14.07739 13.657777 12.885337 12.397078 12.068121 11.802911 11.557063 11.302081 11.012879 10.675082 10.337969 10.180471 10.322666 10.633009 10.934245 11.176417 11.370805 11.537385 11.693434 11.847927 11.979356 12.021849 11.980433 11.925119 11.887365 11.882564 11.907641 11.953169 12.009761 12.068192 12.117177 12.138857 12.098734 11.940021 11.77449 11.984596 12.241749 12.404571 12.530113 12.648816
12.039002 12.093253 12.061872 12.066759 12.141881 12.264513 12.408811 12.516057 12.516085 12.464922 12.372538 12.271142 12.216555 12.216956 12.26571 12.358273 12.494367 12.677242 12.921255 13.266275 13.577603 13.339762 12.825136 12.415031 12.110223 11.860919 11.633784 11.404665 11.148729 10.826263 10.362229 9.9669168 10.348043 10.785022 11.081455 11.304717 11.490151 11.660292 11.837748 12.054582 12.32739 12.453699 12.256093 12.075964 11.991721 11.966863 11.979287 12.01586 12.066626 12.121937 12.169734 12.19092 12.147664 11.970897 11.780347 11.986221 12.23655 12.397241 12.520374 12.637756
12.049976 12.087377 12.095539 12.161581 12.296127 12.494458 12.767789 13.082236 13.183925 12.935203 12.666208 12.489134 12.396819 12.375256 12.413621 12.507299 12.656103 12.852881 13.056184 13.185331 13.183408 13.006578 12.706889 12.404166 12.14339 11.919517 11.716797 11.519115 11.307964 11.048877 10.671154 10.355991 10.636318 10.99797 11.249124 11.443661 11.614873 11.781886 11.965164 12.208049 12.579792 12.788408 12.458258 12.192994 12.076995 12.038254 12.042896 12.075368 12.125783 12.185053 12.24246 12.284603 12.294428 12.246028 12.169734 12.211742 12.321222 12.427556 12.528928 12.6367
12.039697 12.085744 12.147462 12.264291 12.447227 12.712752 13.131703 13.820477 14.209889 13.546545 12.973892 12.687308 12.555263 12.517426 12.551855 12.655118 12.839031 13.124362 13.471943 13.607047 13.35191 13.000611 12.68624 12.413209 12.180164 11.980326 11.803518 11.63977 11.482261 11.334999 11.217436 11.127703 11.143996 11.276988 11.434536 11.588908 11.743214 11.904551 12.077171 12.264913 12.470556 12.561654 12.403641 12.230324 12.133004 12.095065 12.098291 12.131627 12.18734 12.257778 12.333127 12.402945 12.467861 12.52216 12.468885 12.408089 12.421312 12.473768 12.547231 12.640362
12.018813 12.090658 12.20352 12.365657 12.586047 12.878291 13.287835 13.902778 14.244095 13.662359 13.118556 12.824173 12.683107 12.641211 12.677434 12.791172 13.00854 13.409212 14.080833 14.437556 13.790813 13.138429 12.728154 12.443219 12.222935 12.043062 11.891119 11.758675 11.640114 11.539831 11.493331 11.480804 11.461023 11.511835 11.609507 11.731134 11.873678 12.040853 12.227815 12.395008 12.473387 12.448698 12.354326 12.247267 12.17269 12.14028 12.145838 12.184041 12.250661 12.340722 12.443497 12.535133 12.584431 12.598749 12.577123 12.524823 12.502647 12.518479 12.566324 12.64328
11.925238 12.03223 12.224278 12.450429 12.716364 13.031506 13.368393 13.633438 13.68613 13.445886 13.131772 12.90479 12.782065 12.747959 12.790916 12.909489 13.120588 13.489998 14.111702 14.448018 13.822633 13.168353 12.751883 12.472313 12.265927 12.105203 11.977595 11.875808 11.790317 11.695679 11.567029 11.557855 11.636885 11.692493 11.762416 11.862343 12.000137 12.191109 12.456929 12.758248 12.836263 12.626634 12.420218 12.286055 12.208463 12.176892 12.185286 12.230695 12.313169 12.434438 12.590768 12.747582 12.806311 12.737264 12.687321 12.625827 12.571604 12.555698 12.580207 12.641149
11.768256 11.93025 12.231087 12.529657 12.851421 13.242951 13.710926 13.998739 13.784317 13.437527 13.157041 12.964925 12.862466 12.842685 12.899567 13.028703 13.219646 13.450819 13.688157 13.752838 13.463176 13.064434 12.736394 12.490177 12.304492 12.163801 12.060478 11.99274 11.961151 11.953903 11.923173 11.876388 11.85788 11.859448 11.896677 11.977471 12.10977 12.318986 12.673551 13.224189 13.380895 12.878557 12.512133 12.328221 12.23783 12.204141 12.21481 12.267598 12.367473 12.528748 12.778867 13.14006 13.468795 13.344069 12.992888 12.759741 12.633382 12.581508 12.584536 12.630912
11.82513 11.990227 12.302134 12.626096 12.979164 13.433471 14.117164 14.677149 14.141781 13.539524 13.20355 13.017513 12.931189 12.929478 13.010899 13.179922 13.424355 13.650316 13.687992 13.529943 13.270357 12.978583 12.715227 12.502354 12.338113 12.216432 12.134894 12.098846 12.129602 12.27524 12.476154 12.326036 12.09854 12.00942 12.010481 12.07378 12.194762 12.386364 12.690621 13.125938 13.245409 12.851125 12.524014 12.344254 12.253092 12.219351 12.231724 12.289462 12.401106 12.59135 12.924816 13.548402 14.395597 14.137222 13.307464 12.867643 12.669477 12.588312 12.575346 12.610378
12.046238 12.187222 12.437781 12.743915 13.090268 13.486763 13.966128 14.302707 13.97295 13.514651 13.220479 13.056819 12.989549 13.007866 13.119213 13.355263 13.771699 14.281874 14.273616 13.744931 13.28874 12.960202 12.709347 12.515089 12.367657 12.261563 12.195936 12.177806 12.232829 12.43032 12.727069 12.530798 12.233526 12.112728 12.097846 12.152501 12.266512 12.433306 12.630755 12.801625 12.82484 12.665002 12.473296 12.333788 12.252636 12.221111 12.234062 12.292526 12.404877 12.591658 12.903379 13.452839 14.145939 13.957706 13.27225 12.857107 12.65596 12.569115 12.550054 12.578289
12.167375 12.32706 12.565896 12.872891 13.234481 13.604066 13.846875 13.866397 13.686165 13.425222 13.212542 13.084147 13.038832 13.075395 13.205794 13.475702 14.00568 14.811437 14.8078 13.950328 13.33455 12.962651 12.711121 12.527931 12.393274 12.299087 12.24321 12.228536 12.26343 12.357386 12.456285 12.384838 12.244161 12.165988 12.158576 12.21633 12.342222 12.537976 12.75941 12.861926 12.771046 12.600291 12.437099 12.314929 12.240182 12.209753 12.221281 12.276608 12.382221 12.546793 12.773007 13.046953 13.285943 13.246704 12.980307 12.740961 12.594807 12.524661 12.509124 12.534847
12.151538 12.377614 12.65701 12.997599 13.43252 13.987644 14.356252 14.058761 13.664319 13.39175 13.209402 13.107452 13.082926 13.135711 13.270344 13.502262 13.872229 14.327642 14.3085 13.766633 13.278572 12.942868 12.708046 12.537995 12.414948 12.330465 12.281001 12.265887 12.283615 12.318913 12.332003 12.296919 12.235662 12.193801 12.197657 12.262193 12.412274 12.699562 13.152574 13.37996 13.018821 12.649497 12.426731 12.293728 12.217858 12.185855 12.193495 12.242861 12.341823 12.500803 12.712546 12.894278 12.930968 12.861659 12.733137 12.602096 12.509638 12.462893 12.455947 12.482015
12.071301 12.392094 12.725765 13.093743 13.55545 14.214188 14.729457 14.246685 13.696168 13.387077 13.213645 13.130391 13.126224 13.200783 13.352814 13.560839 13.761713 13.867469 13.778969 13.497872 13.176301 12.905926 12.698802 12.544767 12.433538 12.358186 12.314527 12.300457 12.316654 12.362765 12.376189 12.309525 12.246633 12.21275 12.218909 12.280899 12.432317 12.756298 13.364479 13.711544 13.152114 12.659142 12.400903 12.261315 12.184413 12.149564 12.150555 12.189691 12.279082 12.447264 12.740375 13.079198 13.00211 12.738737 12.577937 12.47881 12.418865 12.392293 12.39495 12.422936
12.121118 12.453961 12.807781 13.177933 13.567162 13.957408 14.177901 13.962986 13.617908 13.366531 13.216367 13.15186 13.169334 13.27717 13.492222 13.808862 14.079603 14.026441 13.728666 13.404109 13.113752 12.874674 12.688802 12.549922 12.450679 12.385115 12.34861 12.336865 12.345689 12.373571 12.380958 12.320761 12.26015 12.225562 12.225241 12.270096 12.380668 12.598022 12.941234 13.114164 12.846976 12.533452 12.331715 12.210684 12.139044 12.101622 12.092767 12.113777 12.176268 12.314252 12.59287 12.941205 12.870861 12.595377 12.439335 12.363635 12.327754 12.318065 12.329852 12.360626
12.274876 12.569165 12.924761 13.321511 13.723297 13.991723 13.986674 13.792323 13.547349 13.344875 13.217587 13.169848 13.206385 13.347462 13.648939 14.21258 14.882671 14.686809 13.950342 13.427915 13.090953 12.853863 12.680499 12.554872 12.467975 12.413859 12.388117 12.385997 12.396513 12.396708 12.373722 12.327304 12.27315 12.234064 12.22172 12.241944 12.297477 12.38646 12.495824 12.556555 12.490259 12.35839 12.237199 12.146798 12.084502 12.044678 12.022992 12.01693 12.02808 12.072139 12.190488 12.363576 12.407339 12.337465 12.277435 12.246845 12.237071 12.243089 12.263202 12.296837
12.368493 12.678894 13.059822 13.53267 14.146228 14.66851 14.411633 13.897087 13.55286 13.339108 13.219673 13.182913 13.23023 13.380452 13.693796 14.309893 15.116675 14.87636 13.999498 13.414678 13.063862 12.832961 12.671947 12.559853 12.486549 12.446205 12.435437 12.454373 12.504291 12.538707 12.469199 12.371097 12.294224 12.241502 12.214256 12.212166 12.228914 12.247195 12.26241 12.28843 12.277571 12.219873 12.147058 12.080335 12.026024 11.983278 11.947754 11.910942 11.856511 11.764018 11.678588 11.774691 11.967431 12.073894 12.114562 12.13355 12.149685 12.169826 12.196823 12.232149
12.382138 12.761168 13.180483 13.684052 14.388707 15.102828 14.695897 13.980402 13.563456 13.335239 13.219875 13.191399 13.243935 13.381114 13.61479 13.962924 14.304269 14.189619 13.721441 13.304423 13.009609 12.804298 12.661029 12.564701 12.507238 12.483684 12.490149 12.526272 12.608147 12.695706 12.579367 12.423697 12.31798 12.2483 12.206433 12.188393 12.189061 12.197432 12.199855 12.196132 12.172962 12.128095 12.073241 12.018548 11.9684 11.922297 11.87529 11.814903 11.709825 11.491387 11.181422 11.289908 11.660836 11.878413 11.980879 12.034386 12.069991 12.100804 12.132441 12.167342
12.382374 12.845527 13.310843 13.774718 14.203395 14.488821 14.294661 13.860167 13.523823 13.317895 13.214805 13.197608 13.261078 13.402001 13.594899 13.76124 13.810669 13.694774 13.444396 13.171436 12.942765 12.770174 12.647913 12.569405 12.530625 12.529164 12.560078 12.607157 12.64403 12.656004 12.580246 12.449074 12.33544 12.252983 12.198928 12.16944 12.162345 12.176144 12.186009 12.156568 12.112073 12.063985 12.013735 11.963484 11.914324 11.864912 11.810658 11.741497 11.63367 11.432976 11.161329 11.249368 11.567281 11.774938 11.888349 11.9552 12.001017 12.03806 12.071933 12.104561
12.451195 12.971926 13.536819 14.113929 14.445652 14.344528 14.054897 13.732848 13.466038 13.290451 13.204511 13.202372 13.287273 13.475238 13.771079 14.013684 13.891155 13.589768 13.312701 13.075753 12.882894 12.736202 12.633794 12.573548 12.555715 12.584117 12.663814 12.780581 12.846417 12.769672 12.626765 12.476965 12.34958 12.255198 12.191086 12.152167 12.134154 12.131399 12.12668 12.100324 12.058857 12.01222 11.963769 11.91463 11.864634 11.811864 11.75244 11.681466 11.596236 11.499134 11.419692 11.461319 11.603667 11.735629 11.829401 11.894646 11.943143 11.982621 12.017019 12.04698
