Cobbity3/QGIS/Dualem_between.asc
NCOLS 399
NROWS 289
XLLCORNER 150.661
YLLCORNER -34.0269
CELLSIZE 1e-05
NODATA_VALUE -9999
[rows 208 to 233 of 289, columns 240 to 299 of 399]
8.0491892 8.073213 8.0967515 8.119817 8.1424212 8.1645754 8.1862905 8.2075768 8.2284444 8.248903 8.2689618 8.2886299 8.307916 8.3268285 8.3453754 8.3635646 8.3814038 8.3989004 8.4160614 8.4328939 8.4494045 8.4656 8.4814865 8.4970704 8.5123577 8.5273543 8.5420659 8.5564982 8.5706565 8.5845462 8.5981726 8.6115407 8.6246555 8.6375218 8.6501444 8.662528 8.6746771 8.6865961 8.6982894 8.7097614 8.7210161 8.7320576 8.7428901 8.7535173 8.7639433 8.7741717 8.7842062 8.7940506 8.8037083 8.8131829 8.8224778 8.8315964 8.840542 8.8493178 8.8579269 8.8663726 8.8746578 8.8827857 8.890759 8.8985808
8.0270431 8.0511955 8.0748653 8.0980643 8.1208042 8.1430959 8.16495 8.1863767 8.207386 8.2279873 8.2481898 8.2680023 8.2874334 8.3064913 8.3251842 8.3435196 8.3615053 8.3791483 8.396456 8.413435 8.4300922 8.4464339 8.4624666 8.4781964 8.4936293 8.5087712 8.5236277 8.5382044 8.5525067 8.56654 8.5803094 8.5938199 8.6070766 8.6200843 8.6328476 8.6453712 8.6576597 8.6697175 8.6815489 8.6931582 8.7045495 8.715727 8.7266946 8.7374562 8.7480158 8.758377 8.7685436 8.7785192 8.7883074 8.7979116 8.8073353 8.8165818 8.8256544 8.8345564 8.8432909 8.8518611 8.8602699 8.8685205 8.8766157 8.8845585
8.005265 8.0295388 8.0533327 8.0766583 8.099527 8.1219495 8.1439362 8.1654971 8.1866418 8.2073798 8.22772 8.2476711 8.2672415 8.2864395 8.3052728 8.3237492 8.3418761 8.3596606 8.3771099 8.3942307 8.4110296 8.427513 8.4436873 8.4595586 8.4751327 8.4904155 8.5054127 8.5201297 8.534572 8.5487448 8.5626534 8.5763026 8.5896974 8.6028427 8.6157431 8.6284033 8.6408278 8.6530209 8.664987 8.6767303 8.688255 8.6995652 8.7106648 8.7215578 8.7322479 8.742739 8.7530348 8.7631387 8.7730545 8.7827855 8.7923352 8.801707 8.810904 8.8199297 8.828787 8.8374792 8.8460092 8.8543801 8.8625949 8.8706563
7.9838548 8.0082428 8.0321538 8.0555993 8.0785901 8.1011369 8.1232497 8.1449385 8.1662126 8.1870813 8.2075533 8.2276373 8.2473415 8.2666739 8.2856424 8.3042544 8.3225174 8.3404385 8.3580244 8.3752821 8.392218 8.4088386 8.4251499 8.4411581 8.4568691 8.4722886 8.4874223 8.5022755 8.5168538 8.5311622 8.545206 8.55899 8.5725193 8.5857985 8.5988324 8.6116256 8.6241825 8.6365075 8.6486049 8.660479 8.6721339 8.6835736 8.6948021 8.7058233 8.716641 8.727259 8.7376809 8.7479104 8.7579509 8.767806 8.777479 8.7869733 8.7962922 8.8054389 8.8144165 8.8232282 8.8318769 8.8403658 8.8486976 8.8568754
7.9628121 7.9873074 8.0113288 8.0348874 8.0579938 8.0806584 8.1028911 8.1247016 8.146099 8.1670924 8.1876905 8.2079017 8.2277341 8.2471956 8.2662939 8.2850364 8.3034304 8.3214829 8.3392007 8.3565905 8.3736587 8.3904117 8.4068556 8.4229964 8.4388399 8.4543918 8.4696577 8.4846431 8.4993532 8.5137933 8.5279684 8.5418835 8.5555435 8.568953 8.5821168 8.5950394 8.6077252 8.6201787 8.6324041 8.6444057 8.6561874 8.6677535 8.6791077 8.6902541 8.7011963 8.7119382 8.7224834 8.7328355 8.742998 8.7529743 8.7627679 8.7723821 8.7818202 8.7910853 8.8001807 8.8091093 8.8178743 8.8264787 8.8349253 8.843217
7.9421366 7.9667324 7.9908574 8.0145225 8.0377381 8.0605142 8.0828606 8.1047867 8.1263015 8.1474139 8.1681323 8.1884651 8.2084202 8.2280054 8.2472283 8.2660961 8.284616 8.302795 8.3206398 8.3381569 8.3553527 8.3722336 8.3888055 8.4050744 8.421046 8.4367262 8.4521202 8.4672336 8.4820716 8.4966394 8.510942 8.5249843 8.5387711 8.5523073 8.5655973 8.5786458 8.5914572 8.6040357 8.6163857 8.6285114 8.6404168 8.652106 8.6635829 8.6748513 8.6859151 8.6967779 8.7074434 8.7179152 8.7281968 8.7382916 8.7482031 8.7579345 8.7674891 8.7768701 8.7860806 8.7951237 8.8040025 8.81272 8.8212789 8.8296823
7.9218275 7.9465172 7.9707393 7.9945045 8.017823 8.0407044 8.0631585 8.0851942 8.1068205 8.1280461 8.1488792 8.1693281 8.1894005 8.209104 8.2284462 8.2474342 8.2660751 8.2843756 8.3023425 8.3199822 8.337301 8.3543051 8.3710006 8.3873932 8.4034887 8.4192928 8.4348108 8.4500481 8.46501 8.4797015 8.4941277 8.5082934 8.5222035 8.5358626 8.5492753 8.5624461 8.5753794 8.5880796 8.6005509 8.6127974 8.6248232 8.6366324 8.6482287 8.6596161 8.6707983 8.6817791 8.692562 8.7031507 8.7135486 8.7237591 8.7337857 8.7436316 8.7533001 8.7627943 8.7721175 8.7812726 8.7902627 8.7990908 8.8077597 8.8162724
7.9018843 7.9266613 7.9509741 7.9748332 7.9982483 8.021229 8.0437847 8.0659242 8.0876562 8.1089893 8.1299316 8.1504911 8.1706754 8.190492 8.2099484 8.2290515 8.2478083 8.2662255 8.2843096 8.3020672 8.3195044 8.3366273 8.3534418 8.3699538 8.3861689 8.4020926 8.4177305 8.4330877 8.4481694 8.4629807 8.4775267 8.491812 8.5058415 8.5196199 8.5331516 8.5464413 8.5594931 8.5723115 8.5849007 8.5972647 8.6094077 8.6213336 8.6330463 8.6445496 8.6558473 8.666943 8.6778404 8.688543 8.6990544 8.7093778 8.7195168 8.7294745 8.7392542 8.7488591 8.7582923 8.7675569 8.7766559 8.7855922 8.7943687 8.8029883
7.8823059 7.9071639 7.9315613 7.955508 7.9790137 8.0020878 8.0247391 8.0469766 8.0688088 8.0902438 8.1112898 8.1319544 8.1522453 8.1721699 8.1917353 8.2109484 8.2298162 8.2483453 8.266542 8.2844128 8.3019637 8.3192008 8.33613 8.352757 8.3690874 8.3851266 8.4008801 8.4163531 8.4315507 8.446478 8.4611398 8.475541 8.4896862 8.5035802 8.5172274 8.5306323 8.5437992 8.5567325 8.5694361 8.5819144 8.5941713 8.6062108 8.6180366 8.6296528 8.6410628 8.6522706 8.6632795 8.6740933 8.6847152 8.6951488 8.7053974 8.7154642 8.7253525 8.7350655 8.7446062 8.7539777 8.7631831 8.7722252 8.7811069 8.7898312
7.8630915 7.8880244 7.9125001 7.9365285 7.9601189 7.9832804 8.0060217 8.0283516 8.0502782 8.0718096 8.0929538 8.1137184 8.1341107 8.154138 8.1738073 8.1931256 8.2120995 8.2307355 8.2490401 8.2670194 8.2846796 8.3020264 8.3190659 8.3358035 8.3522449 8.3683955 8.3842606 8.3998453 8.4151549 8.4301941 8.444968 8.4594812 8.4737385 8.4877445 8.5015036 8.5150202 8.5282987 8.5413433 8.5541582 8.5667474 8.579115 8.5912648 8.6032008 8.6149266 8.6264461 8.6377628 8.6488804 8.6598023 8.6705321 8.681073 8.6914285 8.7016017 8.711596 8.7214144 8.7310601 8.7405361 8.7498453 8.7589908 8.7679753 8.7768018
7.84424 7.8692417 7.8937899 7.917894 7.9415632 7.9648064 7.9876321 8.0100487 8.0320643 8.0536868 8.0749239 8.095783 8.1162715 8.1363965 8.1561648 8.1755833 8.1946585 8.2133968 8.2318045 8.2498878 8.2676526 8.2851047 8.3022501 8.3190941 8.3356423 8.3519 8.3678726 8.3835651 8.3989826 8.4141299 8.429012 8.4436336 8.4579992 8.4721135 8.4859809 8.4996058 8.5129924 8.526145 8.5390677 8.5517646 8.5642396 8.5764966 8.5885395 8.600372 8.6119979 8.6234206 8.6346439 8.6456712 8.6565059 8.6671514 8.677611 8.687888 8.6979856 8.7079069 8.7176549 8.7272328 8.7366435 8.7458899 8.7549748 8.7639012
7.8257502 7.8508148 7.8754296 7.8996038 7.9233461 7.9466654 7.9695698 7.9920677 8.0141668 8.035875 8.0571998 8.0781484 8.0987281 8.1189457 8.138808 8.1583218 8.1774935 8.1963293 8.2148356 8.2330182 8.2508832 8.2684363 8.2856831 8.3026292 8.31928 8.3356408 8.3517168 8.367513 8.3830345 8.3982861 8.4132726 8.4279987 8.442469 8.456688 8.4706602 8.4843898 8.4978811 8.5111383 8.5241656 8.5369668 8.549546 8.5619071 8.5740538 8.5859899 8.5977191 8.6092449 8.620571 8.6317007 8.6426375 8.6533848 8.6639459 8.6743239 8.6845222 8.6945437 8.7043916 8.7140688 8.7235785 8.7329234 8.7421064 8.7511303
7.8076209 7.8327427 7.8574184 7.8816569 7.9054668 7.9288566 7.9518344 7.9744082 7.9965856 8.0183743 8.0397815 8.0608145 8.0814802 8.1017855 8.121737 8.1413413 8.1606047 8.1795335 8.1981336 8.2164111 8.2343719 8.2520214 8.2693655 8.2864094 8.3031587 8.3196184 8.3357937 8.3516897 8.3673113 8.3826633 8.3977505 8.4125774 8.4271487 8.4414688 8.4555422 8.469373 8.4829656 8.496324 8.5094524 8.5223548 8.535035 8.5474969 8.5597443 8.571781 8.5836105 8.5952364 8.6066623 8.6178917 8.6289278 8.6397741 8.6504339 8.6609103 8.6712065 8.6813257 8.6912709 8.701045 8.7106511 8.7200921 8.7293707 8.7384899
7.7898507 7.8150241 7.8397551 7.8640525 7.8879246 7.9113795 7.9344253 7.9570696 7.9793201 8.0011841 8.0226687 8.043781 8.0645279 8.084916 8.1049519 8.1246419 8.1439924 8.1630094 8.1816989 8.2000668 8.2181188 8.2358606 8.2532976 8.2704352 8.2872787 8.3038332 8.3201039 8.3360957 8.3518135 8.3672621 8.3824461 8.3973702 8.4120388 8.4264565 8.4406275 8.4545561 8.4682465 8.4817028 8.494929 8.5079292 8.5207072 8.5332669 8.5456119 8.557746 8.5696728 8.5813959 8.5929188 8.6042448 8.6153775 8.6263201 8.6370758 8.6476479 8.6580395 8.6682537 8.6782936 8.6881621 8.6978623 8.7073969 8.7167688 8.7259808
7.7724382 7.7976577 7.8224387 7.8467895 7.8707184 7.8942332 7.9173417 7.9400515 7.9623699 7.9843041 8.0058611 8.0270478 8.0478709 8.068337 8.0884524 8.1082236 8.1276564 8.1467572 8.1655316 8.1839854 8.2021244 8.219954 8.2374797 8.2547067 8.2716404 8.2882858 8.3046478 8.3207315 8.3365417 8.352083 8.3673601 8.3823776 8.39714 8.4116515 8.4259167 8.4399396 8.4537244 8.4672752 8.480596 8.4936908 8.5065634 8.5192176 8.5316571 8.5438857 8.5559068 8.5677241 8.579341 8.590761 8.6019873 8.6130233 8.6238723 8.6345374 8.6450217 8.6553284 8.6654605 8.6754209 8.6852126 8.6948384 8.7043012 8.7136037
7.755382 7.7806422 7.8054678 7.8298668 7.8538473 7.8774168 7.9005829 7.923353 7.9457343 7.9677337 7.9893582 8.0106145 8.031509 8.0520483 8.0722386 8.0920862 8.1115969 8.1307768 8.1496316 8.1681671 8.1863886 8.2043019 8.221912 8.2392244 8.2562441 8.2729763 8.2894257 8.3055974 8.321496 8.3371263 8.3524928 8.3676001 8.3824526 8.3970545 8.4114103 8.425524 8.4393999 8.4530419 8.466454 8.4796401 8.4926041 8.5053497 8.5178807 8.5302006 8.5423131 8.5542216 8.5659297 8.5774406 8.5887579 8.5998846 8.6108241 8.6215796 8.632154 8.6425506 8.6527723 8.6628221 8.6727028 8.6824175 8.6919687 8.7013594
7.7386803 7.7639762 7.7888412 7.8132833 7.8373102 7.8609294 7.8841481 7.9069735 7.9294127 7.9514725 7.9731596 7.9944806 8.0154418 8.0360496 8.0563102 8.0762296 8.0958137 8.1150683 8.1339991 8.1526118 8.1709117 8.1889042 8.2065947 8.2239883 8.2410901 8.257905 8.2744379 8.2906937 8.306677 8.3223925 8.3378447 8.3530381 8.3679771 8.3826659 8.3971088 8.4113099 8.4252734 8.4390033 8.4525034 8.4657776 8.4788299 8.4916638 8.5042831 8.5166914 8.5288922 8.540889 8.5526854 8.5642845 8.5756898 8.5869045 8.5979319 8.608775 8.619437 8.6299208 8.6402296 8.6503663 8.6603337 8.6701347 8.679772 8.6892485
7.7223317 7.7476581 7.7725576 7.7970377 7.8211061 7.8447699 7.8680362 7.8909121 7.9134044 7.9355197 7.9572647 7.9786456 7.9996689 8.0203406 8.0406668 8.0606535 8.0803065 8.0996314 8.1186339 8.1373195 8.1556935 8.1737612 8.1915279 8.2089986 8.2261784 8.2430721 8.2596846 8.2760206 8.2920848 8.3078818 8.323416 8.3386919 8.3537138 8.3684859 8.3830125 8.3972977 8.4113454 8.4251598 8.4387447 8.4521038 8.4652411 8.4781602 8.4908648 8.5033585 8.5156447 8.5277269 8.5396086 8.5512931 8.5627837 8.5740837 8.5851961 8.5961243 8.6068711 8.6174397 8.6278331 8.6380541 8.6481057 8.6579906 8.6677117 8.6772717
7.7063344 7.7316864 7.7566154 7.7811287 7.8052337 7.8289373 7.8522464 7.875168 7.8977085 7.9198747 7.9416727 7.963109 7.9841897 8.0049207 8.0253082 8.0453577 8.0650751 8.084466 8.1035359 8.1222901 8.140734 8.1588727 8.1767115 8.1942553 8.2115091 8.2284777 8.2451659 8.2615784 8.2777197 8.2935944 8.309207 8.3245618 8.339663 8.354515 8.3691218 8.3834876 8.3976163 8.4115119 8.4251782 8.4386191 8.4518384 8.4648396 8.4776264 8.4902023 8.502571 8.5147357 8.5266999 8.538467 8.5500401 8.5614225 8.5726174 8.5836279 8.594457 8.6051078 8.6155832 8.6258861 8.6360194 8.6459859 8.6557884 8.6654296
7.6906868 7.7160596 7.7410133 7.765555 7.7896917 7.8134303 7.8367776 7.8597401 7.8823242 7.9045365 7.9263831 7.9478702 7.9690037 7.9897896 8.0102337 8.0303417 8.0501192 8.0695718 8.0887047 8.1075234 8.126033 8.1442387 8.1621455 8.1797584 8.1970823 8.2141219 8.2308819 8.247367 8.2635818 8.2795306 8.2952178 8.3106479 8.325825 8.3407533 8.355437 8.36988 8.3840863 8.3980598 8.4118044 8.4253239 8.4386219 8.4517021 8.4645681 8.4772234 8.4896715 8.5019159 8.5139598 8.5258065 8.5374594 8.5489216 8.5601963 8.5712865 8.5821953 8.5929256 8.6034805 8.6138629 8.6240755 8.6341211 8.6440026 8.6537226
7.675387 7.700776 7.7257497 7.7503151 7.7744789 7.7982479 7.8216286 7.8446274 7.8672506 7.8895044 7.911395 7.9329283 7.9541102 7.9749466 7.995443 8.0156051 8.0354384 8.0549483 8.0741402 8.0930191 8.1115904 8.1298589 8.1478298 8.1655078 8.1828978 8.2000046 8.2168326 8.2333866 8.249671 8.2656902 8.2814486 8.2969504 8.3121999 8.3272011 8.3419581 8.356475 8.3707556 8.3848039 8.3986235 8.4122184 8.4255921 8.4387482 8.4516904 8.4644221 8.4769467 8.4892677 8.5013885 8.5133121 8.525042 8.5365813 8.547933 8.5591003 8.5700862 8.5808936 8.5915255 8.6019848 8.6122743 8.6223967 8.6323548 8.6421513
7.6604333 7.6858339 7.710823 7.7354075 7.759594 7.7833888 7.8067983 7.8298289 7.8524866 7.8747775 7.8967076 7.9182827 7.9395086 7.960391 7.9809354 8.0011474 8.0210322 8.0405953 8.0598418 8.078777 8.0974057 8.1157331 8.1337641 8.1515033 8.1689556 8.1861256 8.203018 8.2196371 8.2359875 8.2520735 8.2678994 8.2834694 8.2987877 8.3138584 8.3286855 8.3432729 8.3576245 8.3717442 8.3856358 8.3993028 8.4127491 8.4259781 8.4389934 8.4517985 8.4643968 8.4767917 8.4889864 8.5009842 8.5127883 8.5244019 8.5358281 8.5470699 8.5581302 8.5690122 8.5797186 8.5902524 8.6006163 8.6108131 8.6208455 8.6307162
7.6458238 7.6712315 7.6962317 7.7208309 7.7450354 7.7688515 7.7922855 7.8153434 7.8380311 7.8603547 7.88232 7.9039325 7.9251981 7.9461222 7.9667103 7.9869679 8.0069001 8.0265122 8.0458093 8.0647965 8.0834788 8.1018611 8.1199481 8.1377447 8.1552554 8.1724849 8.1894378 8.2061184 8.2225311 8.2386803 8.2545702 8.2702049 8.2855886 8.3007254 8.3156191 8.3302737 8.3446931 8.358881 8.3728413 8.3865774 8.4000932 8.4133921 8.4264776 8.4393531 8.4520221 8.464488 8.4767538 8.488823 8.5006987 8.5123839 8.5238818 8.5351955 8.5463278 8.5572817 8.5680602 8.578666 8.5891019 8.5993707 8.609475 8.6194177
7.6315567 7.6569673 7.6819741 7.7065836 7.7308018 7.7546349 7.7780889 7.8011697 7.8238832 7.8462351 7.8682311 7.8898769 7.9111778 7.9321394 7.952767 7.973066 7.9930414 8.0126984 8.0320421 8.0510774 8.0698092 8.0882423 8.1063816 8.1242316 8.141797 8.1590823 8.1760919 8.1928303 8.2093018 8.2255106 8.2414609 8.2571569 8.2726025 8.2878019 8.302759 8.3174775 8.3319614 8.3462144 8.3602402 8.3740423 8.3876245 8.4009902 8.4141429 8.427086 8.4398229 8.4523568 8.464691 8.4768288 8.4887733 8.5005275 8.5120945 8.5234774 8.5346791 8.5457025 8.5565505 8.5672259 8.5777314 8.5880698 8.5982439 8.6082561
7.6176302 7.6430393 7.6680486 7.6926641 7.7168917 7.7407375 7.7642073 7.7873067 7.8100416 7.8324176 7.8544402 7.8761148 7.8974469 7.9184418 7.9391048 7.959441 7.9794555 7.9991533 8.0185395 8.0376189 8.0563963 8.0748765 8.0930641 8.1109638 8.1285801 8.1459174 8.1629801 8.1797726 8.1962992 8.2125641 8.2285714 8.2443251 8.2598294 8.2750881 8.2901051 8.3048843 8.3194295 8.3337443 8.3478325 8.3616976 8.3753432 8.3887727 8.4019896 8.4149973 8.4277992 8.4403984 8.4527982 8.4650018 8.4770123 8.4888329 8.5004665 8.511916 8.5231846 8.5342749 8.54519 8.5559325 8.5665052 8.5769109 8.5871522 8.5972318
7.6040422 7.6294459 7.6544535 7.6790708 7.7033037 7.7271579 7.7506392 7.7737531 7.7965052 7.818901 7.8409459 7.8626453 7.8840044 7.9050285 7.9257227 7.9460921 7.9661417 7.9858764 8.0053011 8.0244207 8.0432398 8.0617631 8.0799953 8.0979408 8.1156042 8.1329898 8.1501021 8.1669451 8.1835233 8.1998407 8.2159015 8.2317096 8.247269 8.2625837 8.2776574 8.2924941 8.3070973 8.3214709 8.3356183 8.3495433 8.3632492 8.3767395 8.3900178 8.4030872 8.4159511 8.4286128 8.4410754 8.4533422 8.4654161 8.4773003 8.4889978 8.5005115 8.5118443 8.5229991 8.5339787 8.544786 8.5554236 8.5658942 8.5762005 8.5863451
