Cobbity3/QGIS/Dualem_between.asc
NCOLS 399
NROWS 289
XLLCORNER 150.661
YLLCORNER -34.0269
CELLSIZE 1e-05
NODATA_VALUE -9999
[rows 234 to 259 of 289, columns 0 to 59 of 399]
8.093558 8.0836859 8.0736846 8.0635521 8.0532863 8.0428851 8.0323463 8.0216678 8.0108474 7.9998828 7.9887719 7.9775121 7.9661013 7.954537 7.9428169 7.9309383 7.918899 7.9066963 7.8943277 7.8817906 7.8690823 7.8562002 7.8431416 7.8299037 7.8164838 7.8028791 7.7890867 7.7751038 7.7609274 7.7465546 7.7319826 7.7172082 7.7022285 7.6870404 7.6716409 7.656027 7.6401954 7.6241432 7.6078672 7.5913642 7.5746312 7.5576649 7.5404624 7.5230204 7.5053358 7.4874057 7.4692268 7.4507962 7.432111 7.4131681 7.3939648 7.3744982 7.3547656 7.3347645 7.3144923 7.2939468 7.2731259 7.2520274 7.2306499 7.2089917
8.0870133 8.077118 8.0670942 8.0569397 8.0466525 8.0362306 8.0256718 8.0149741 8.0041353 7.9931531 7.9820254 7.9707499 7.9593243 7.9477462 7.9360133 7.9241232 7.9120735 7.8998617 7.8874854 7.8749419 7.8622287 7.8493432 7.8362828 7.8230449 7.8096267 7.7960255 7.7822386 7.7682633 7.7540966 7.7397359 7.7251781 7.7104206 7.6954603 7.6802944 7.6649199 7.6493339 7.6335335 7.6175158 7.6012776 7.5848162 7.5681284 7.5512115 7.5340624 7.5166783 7.4990562 7.4811934 7.4630869 7.4447341 7.4261322 7.4072787 7.3881708 7.3688063 7.3491828 7.329298 7.3091499 7.2887367 7.2680565 7.2471082 7.2258903 7.2044022
8.0805944 8.0706781 8.0606338 8.0504594 8.0401531 8.0297127 8.0191363 8.0084216 7.9975667 7.9865694 7.9754274 7.9641385 7.9527006 7.9411113 7.9293683 7.9174693 7.9054119 7.8931938 7.8808124 7.8682653 7.85555 7.8426641 7.8296049 7.8163698 7.8029564 7.7893618 7.7755836 7.7616189 7.7474652 7.7331196 7.7185795 7.7038421 7.6889046 7.6737642 7.6584181 7.6428636 7.6270977 7.6111179 7.5949211 7.5785046 7.5618657 7.5450016 7.5279095 7.5105867 7.4930306 7.4752385 7.4572079 7.4389362 7.420421 7.4016599 7.3826507 7.3633913 7.3438796 7.3241139 7.3040923 7.2838135 7.2632762 7.2424795 7.2214226 7.2001053
8.0743007 8.0643654 8.0543027 8.0441107 8.0337873 8.0233307 8.0127388 8.0020095 7.9911408 7.9801305 7.9689766 7.9576769 7.9462291 7.9346311 7.9228805 7.9109752 7.8989128 7.8866909 7.8743072 7.8617593 7.8490447 7.8361611 7.8231059 7.8098766 7.7964708 7.7828859 7.7691193 7.7551684 7.7410306 7.7267033 7.712184 7.6974698 7.6825582 7.6674465 7.6521321 7.6366122 7.6208843 7.6049456 7.5887934 7.5724253 7.5558385 7.5390304 7.5219986 7.5047404 7.4872534 7.4695352 7.4515835 7.4333959 7.4149703 7.3963046 7.3773968 7.358245 7.3388477 7.3192031 7.2993101 7.2791674 7.2587743 7.2381302 7.2172348 7.1960883
8.0681316 8.0581793 8.0481003 8.0378926 8.0275544 8.0170836 8.0064784 7.9957367 7.9848565 7.9738357 7.9626722 7.9513639 7.9399087 7.9283044 7.9165487 7.9046395 7.8925746 7.8803516 7.8679682 7.8554221 7.8427109 7.8298323 7.8167839 7.8035633 7.7901679 7.7765954 7.7628433 7.7489091 7.7347902 7.7204843 7.7059886 7.6913007 7.6764181 7.6613382 7.6460585 7.6305764 7.6148894 7.5989949 7.5828906 7.5665738 7.5500421 7.5332932 7.5163246 7.499134 7.4817191 7.4640777 7.4462077 7.428107 7.4097736 7.3912057 7.3724016 7.3533597 7.3340786 7.3145571 7.294794 7.2747887 7.2545407 7.2340496 7.2133157 7.1923394
8.0620865 8.0521191 8.0420258 8.0318045 8.0214534 8.0109707 8.0003543 7.9896024 7.9787128 7.9676837 7.9565129 7.9451984 7.933738 7.9221298 7.9103715 7.8984609 7.8863959 7.8741743 7.8617937 7.849252 7.8365469 7.823676 7.810637 7.7974276 7.7840455 7.7704882 7.7567534 7.7428386 7.7287415 7.7144597 7.6999906 7.685332 7.6704812 7.655436 7.6401939 7.6247525 7.6091093 7.593262 7.5772083 7.5609458 7.5444722 7.5277852 7.5108826 7.4937624 7.4764222 7.4588602 7.4410745 7.423063 7.4048242 7.3863563 7.3676579 7.3487277 7.3295645 7.3101673 7.2905354 7.2706682 7.2505655 7.2302275 7.2096545 7.1888474
8.0561646 8.0461841 8.0360784 8.0258455 8.0154837 8.004991 7.9943655 7.9836054 7.9727087 7.9616734 7.9504976 7.9391791 7.9277159 7.9161061 7.9043474 7.8924378 7.8803752 7.8681574 7.8557821 7.8432473 7.8305507 7.8176901 7.8046631 7.7914676 7.7781013 7.7645619 7.7508471 7.7369545 7.7228819 7.7086269 7.6941872 7.6795604 7.6647443 7.6497366 7.6345348 7.6191369 7.6035403 7.587743 7.5717426 7.5555371 7.5391241 7.5225017 7.5056678 7.4886203 7.4713574 7.4538772 7.4361779 7.4182579 7.4001156 7.3817496 7.3631587 7.3443416 7.3252976 7.3060257 7.2865256 7.2667969 7.2468397 7.2266542 7.2062412 7.1856016
8.0503651 8.0403735 8.0302573 8.0200148 8.0096441 7.9991435 7.9885111 7.9777449 7.9668432 7.9558039 7.9446251 7.9333048 7.9218411 7.9102319 7.8984751 7.8865689 7.8745109 7.8622993 7.8499317 7.8374062 7.8247206 7.8118727 7.7988603 7.7856812 7.7723333 7.7588143 7.745122 7.7312541 7.7172086 7.702983 7.6885753 7.6739831 7.6592043 7.6442366 7.6290779 7.613726 7.5981787 7.5824338 7.5664894 7.5503433 7.5339936 7.5174382 7.5006752 7.4837029 7.4665194 7.4491231 7.4315123 7.4136856 7.3956416 7.3773791 7.358897 7.3401944 7.3212704 7.3021246 7.2827567 7.2631665 7.2433543 7.2233206 7.2030663 7.1825925
8.0446874 8.0346864 8.0245617 8.0143115 8.003934 7.9934274 7.98279 7.9720198 7.961115 7.9500738 7.9388942 7.9275743 7.9161121 7.9045057 7.8927532 7.8808524 7.8688015 7.8565983 7.8442408 7.831727 7.8190547 7.8062218 7.7932264 7.7800661 7.766739 7.7532429 7.7395756 7.725735 7.711719 7.6975254 7.6831522 7.6685971 7.653858 7.6389329 7.6238197 7.6085163 7.5930206 7.5773308 7.5614446 7.5453604 7.5290761 7.5125899 7.4959002 7.4790051 7.461903 7.4445925 7.427072 7.4093403 7.3913962 7.3732385 7.3548664 7.336279 7.3174759 7.2984566 7.2792209 7.259769 7.2401013 7.2202183 7.200121 7.1798109
8.0391306 8.0291222 8.0189907 8.0087347 7.9983522 7.9878416 7.9772011 7.9664289 7.9555231 7.944482 7.9333036 7.9219862 7.9105277 7.8989263 7.8871801 7.8752871 7.8632453 7.8510528 7.8387076 7.8262077 7.813551 7.8007356 7.7877593 7.7746203 7.7613163 7.7478454 7.7342055 7.7203946 7.7064105 7.6922513 7.6779149 7.6633993 7.6487024 7.6338222 7.6187568 7.6035043 7.5880626 7.5724299 7.5566043 7.5405841 7.5243674 7.5079525 7.4913379 7.474522 7.4575032 7.4402802 7.4228516 7.4052164 7.3873733 7.3693216 7.3510604 7.332589 7.3139071 7.2950145 7.275911 7.2565969 7.2370727 7.2173391 7.1973972 7.1772484
8.033694 8.0236798 8.0135435 8.0032834 7.9928979 7.9823851 7.9717435 7.9609711 7.9500663 7.9390273 7.9278522 7.9165392 7.9050865 7.8934921 7.8817543 7.8698711 7.8578407 7.8456611 7.8333303 7.8208465 7.8082077 7.7954119 7.7824571 7.7693415 7.756063 7.7426196 7.7290093 7.7152303 7.7012805 7.6871579 7.6728606 7.6583867 7.6437342 7.6289012 7.6138859 7.5986864 7.5833008 7.5677274 7.5519645 7.5360103 7.5198632 7.5035216 7.4869839 7.4702489 7.453315 7.436181 7.4188458 7.4013082 7.3835674 7.3656225 7.3474729 7.3291181 7.3105577 7.2917917 7.27282 7.2536431 7.2342614 7.2146758 7.1948873 7.1748974
8.0283766 8.0183584 8.008219 7.9979567 7.9875699 7.9770569 7.966416 7.9556454 7.9447435 7.9337085 7.9225386 7.911232 7.899787 7.8882017 7.8764744 7.8646031 7.8525861 7.8404214 7.8281072 7.8156416 7.8030227 7.7902487 7.7773176 7.7642276 7.7509766 7.7375629 7.7239845 7.7102396 7.6963262 7.6822424 7.6679864 7.6535564 7.6389504 7.6241667 7.6092036 7.5940592 7.5787318 7.5632197 7.5475213 7.531635 7.5155593 7.4992927 7.4828337 7.4661811 7.4493336 7.43229 7.4150493 7.3976105 7.3799728 7.3621355 7.3440981 7.3258601 7.3074214 7.2887818 7.2699415 7.2509009 7.2316605 7.2122213 7.1925843 7.1727509
8.0231776 8.0131572 8.0030164 7.9927537 7.9823674 7.9718558 7.9612174 7.9504505 7.9395533 7.9285242 7.9173614 7.9060632 7.8946279 7.8830537 7.8713387 7.8594813 7.8474797 7.835332 7.8230364 7.8105911 7.7979942 7.7852441 7.7723387 7.7592763 7.7460551 7.7326731 7.7191287 7.7054199 7.691545 7.6775021 7.6632895 7.6489053 7.634348 7.6196156 7.6047066 7.5896192 7.5743519 7.5589029 7.5432709 7.5274543 7.5114517 7.4952616 7.4788829 7.4623141 7.4455543 7.4286023 7.4114572 7.3941182 7.3765844 7.3588553 7.3409304 7.3228095 7.3044922 7.2859787 7.2672692 7.248364 7.2292638 7.2099693 7.1904817 7.1708023
8.0180962 8.0080751 7.9979347 7.9876732 7.9772891 7.9667809 7.9561468 7.9453853 7.9344946 7.9234733 7.9123194 7.9010315 7.8896077 7.8780464 7.8663458 7.8545042 7.8425199 7.8303911 7.8181161 7.805693 7.7931202 7.7803959 7.7675183 7.7544855 7.741296 7.7279478 7.7144393 7.7007687 7.6869342 7.6729342 7.6587669 7.6444307 7.6299238 7.6152446 7.6003916 7.5853631 7.5701576 7.5547736 7.5392096 7.5234643 7.5075363 7.4914243 7.4751271 7.4586436 7.4419726 7.4251133 7.4080648 7.3908262 7.373397 7.3557765 7.3379645 7.3199606 7.3017647 7.2833769 7.2647975 7.2460267 7.2270652 7.2079139 7.1885736 7.1690457
8.0131313 8.0031113 7.9929729 7.9827143 7.9723342 7.9618309 7.9512029 7.9404485 7.9295662 7.9185543 7.9074112 7.8961353 7.8847249 7.8731784 7.861494 7.8496701 7.837705 7.8255971 7.8133445 7.8009456 7.7883987 7.7757022 7.7628542 7.749853 7.7366971 7.7233847 7.709914 7.6962835 7.6824914 7.6685361 7.654416 7.6401294 7.6256749 7.6110507 7.5962554 7.5812875 7.5661455 7.5508281 7.5353337 7.5196612 7.5038093 7.4877767 7.4715623 7.4551651 7.4385841 7.4218184 7.4048672 7.3877298 7.3704056 7.3528942 7.3351952 7.3173083 7.2992336 7.280971 7.2625208 7.2438834 7.2250594 7.2060495 7.1868546 7.1674759
8.0082822 7.9982648 7.9881299 7.977876 7.9675014 7.9570048 7.9463845 7.935639 7.9247667 7.9137661 7.9026355 7.8913734 7.8799782 7.8684482 7.8567818 7.8449774 7.8330333 7.820948 7.8087197 7.7963469 7.7838278 7.7711608 7.7583443 7.7453766 7.7322562 7.7189813 7.7055503 7.6919616 7.6782137 7.664305 7.6502339 7.6359988 7.6215982 7.6070307 7.5922949 7.5773892 7.5623123 7.5470628 7.5316396 7.5160413 7.5002667 7.4843148 7.4681844 7.4518746 7.4353845 7.4187133 7.4018601 7.3848245 7.3676058 7.3502036 7.3326176 7.3148477 7.2968937 7.2787558 7.2604341 7.2419291 7.2232412 7.2043711 7.1853196 7.1660878
8.0035477 7.9935346 7.9834049 7.9731571 7.9627897 7.9523014 7.9416904 7.9309554 7.9200949 7.9091072 7.8979908 7.8867442 7.8753659 7.8638542 7.8522075 7.8404244 7.8285031 7.8164422 7.80424 7.7918949 7.7794054 7.7667698 7.7539866 7.7410542 7.7279709 7.7147353 7.7013458 7.6878008 7.6740988 7.6602383 7.6462178 7.6320358 7.6176909 7.6031817 7.5885068 7.5736648 7.5586545 7.5434745 7.5281237 7.5126009 7.4969049 7.4810348 7.4649894 7.448768 7.4323697 7.4157936 7.3990391 7.3821057 7.3649928 7.3477001 7.3302272 7.312574 7.2947404 7.2767266 7.2585326 7.2401588 7.2216058 7.2028739 7.183964 7.164877
7.9989271 7.9889197 7.9787967 7.9685566 7.958198 7.9477195 7.9371195 7.9263967 7.9155494 7.9045763 7.8934758 7.8822464 7.8708866 7.8593948 7.8477696 7.8360094 7.8241127 7.8120779 7.7999035 7.7875879 7.7751296 7.7625271 7.7497789 7.7368834 7.7238391 7.7106444 7.697298 7.6837983 7.6701439 7.6563332 7.642365 7.6282377 7.61395 7.5995006 7.5848881 7.5701113 7.5551689 7.5400598 7.5247826 7.5093365 7.4937203 7.4779329 7.4619736 7.4458414 7.4295356 7.4130554 7.3964001 7.3795693 7.3625625 7.3453793 7.3280195 7.3104828 7.2927692 7.2748788 7.2568118 7.2385683 7.2201487 7.2015537 7.1827836 7.1638393
7.9944192 7.984419 7.9743042 7.9640734 7.9537251 7.943258 7.9326705 7.9219614 7.911129 7.9001721 7.889089 7.8778784 7.8665388 7.8550686 7.8434665 7.8317309 7.8198603 7.8078532 7.7957082 7.7834238 7.7709985 7.7584307 7.7457191 7.7328621 7.7198584 7.7067064 7.6934047 7.6799518 7.6663465 7.6525873 7.6386728 7.6246017 7.6103727 7.5959845 7.5814359 7.5667255 7.5518524 7.5368152 7.521613 7.5062446 7.4907092 7.4750056 7.4591332 7.443091 7.4268784 7.4104946 7.393939 7.3772112 7.3603107 7.3432371 7.3259902 7.3085698 7.2909758 7.2732083 7.2552674 7.2371531 7.218866 7.2004063 7.1817744 7.162971
7.9900231 7.9800316 7.9699265 7.9597064 7.9493699 7.9389156 7.9283422 7.9176483 7.9068324 7.8958931 7.8848291 7.8736388 7.8623209 7.850874 7.8392965 7.827587 7.8157442 7.8037665 7.7916525 7.7794008 7.76701 7.7544785 7.7418051 7.7289883 7.7160266 7.7029188 7.6896633 7.6762589 7.6627042 7.6489979 7.6351386 7.6211251 7.6069561 7.5926305 7.578147 7.5635044 7.5487017 7.5337377 7.5186114 7.5033219 7.4878682 7.4722493 7.4564646 7.4405132 7.4243943 7.4081075 7.391652 7.3750275 7.3582334 7.3412695 7.3241354 7.306831 7.2893562 7.271711 7.2538954 7.2359095 7.2177536 7.1994279 7.1809328 7.1622686
7.9857378 7.9757564 7.9656624 7.9554544 7.9451312 7.9346913 7.9241334 7.9134562 7.9026582 7.8917381 7.8806946 7.8695262 7.8582316 7.8468093 7.835258 7.8235762 7.8117626 7.7998158 7.7877344 7.775517 7.7631622 7.7506686 7.7380349 7.7252597 7.7123416 7.6992794 7.6860716 7.6727171 7.6592144 7.6455624 7.6317597 7.6178051 7.6036975 7.5894357 7.5750185 7.5604449 7.5457138 7.530824 7.5157748 7.500565 7.4851939 7.4696606 7.4539643 7.4381043 7.4220798 7.4058904 7.3895353 7.3730143 7.3563268 7.3394725 7.3224512 7.3052626 7.2879065 7.270383 7.2526921 7.2348337 7.216808 7.1986152 7.1802555 7.161729
7.9815622 7.9715923 7.9615108 7.9513164 7.9410078 7.9305837 7.9200427 7.9093836 7.8986051 7.8877057 7.8766841 7.8655391 7.8542691 7.842873 7.8313493 7.8196968 7.8079139 7.7959995 7.7839521 7.7717704 7.7594531 7.7469988 7.7344063 7.7216742 7.7088011 7.695786 7.6826273 7.669324 7.6558747 7.6422783 7.6285335 7.6146391 7.6005941 7.5863974 7.5720477 7.5575441 7.5428856 7.5280712 7.5130999 7.4979708 7.4826832 7.4672361 7.4516289 7.4358608 7.4199313 7.4038397 7.3875854 7.3711681 7.3545873 7.3378426 7.3209339 7.3038608 7.2866231 7.2692209 7.2516539 7.2339222 7.2160258 7.1979648 7.1797392 7.161349
7.9774954 7.9675383 7.9574706 7.9472911 7.9369986 7.9265916 7.916069 7.9054295 7.8946717 7.8837944 7.8727962 7.8616759 7.8504321 7.8390636 7.827569 7.815947 7.8041964 7.7923157 7.7803038 7.7681592 7.7558808 7.7434673 7.7309173 7.7182296 7.705403 7.6924362 7.679328 7.6660772 7.6526826 7.6391431 7.6254574 7.6116245 7.5976433 7.5835127 7.5692316 7.5547992 7.5402143 7.5254761 7.5105836 7.4955361 7.4803327 7.4649726 7.4494551 7.4337796 7.4179454 7.401952 7.3857988 7.3694854 7.3530113 7.3363763 7.31958 7.3026222 7.2855026 7.268221 7.2507774 7.2331717 7.2154038 7.1974736 7.179381 7.161126
7.9735362 7.9635933 7.9535408 7.9433775 7.9331023 7.9227139 7.912211 7.9015923 7.8908567 7.8800028 7.8690294 7.8579352 7.846719 7.8353794 7.8239153 7.8123253 7.8006082 7.7887627 7.7767876 7.7646816 7.7524435 7.740072 7.7275659 7.714924 7.7021451 7.689228 7.6761715 7.6629745 7.6496358 7.6361543 7.622529 7.6087586 7.5948423 7.5807789 7.5665675 7.5522072 7.5376969 7.5230358 7.508223 7.4932578 7.4781393 7.4628668 7.4474397 7.4318572 7.4161188 7.4002239 7.3841721 7.3679627 7.3515956 7.3350702 7.3183862 7.3015434 7.2845415 7.2673802 7.2500595 7.2325791 7.2149389 7.1971386 7.1791781 7.1610572
7.9696837 7.9597561 7.9497201 7.9395744 7.9293179 7.9189493 7.9084673 7.8978709 7.8871587 7.8763296 7.8653823 7.8543156 7.8431282 7.831819 7.8203866 7.80883 7.7971477 7.7853387 7.7734018 7.7613356 7.749139 7.7368109 7.72435 7.7117551 7.6990252 7.686159 7.6731555 7.6600134 7.6467319 7.6333096 7.6197457 7.606039 7.5921886 7.5781935 7.5640527 7.5497654 7.5353306 7.5207474 7.5060152 7.491133 7.4761001 7.4609158 7.4455796 7.4300906 7.4144484 7.3986524 7.3827021 7.366597 7.3503367 7.3339209 7.3173492 7.3006212 7.2837367 7.2666954 7.249497 7.2321414 7.2146282 7.1969571 7.1791279 7.1611403
7.9659368 7.9560258 7.9460075 7.9358806 7.925644 7.9152965 7.9048368 7.8942639 7.8835765 7.8727734 7.8618535 7.8508155 7.8396583 7.8283806 7.8169814 7.8054593 7.7938132 7.782042 7.7701444 7.7581194 7.7459656 7.7336821 7.7212676 7.708721 7.6960412 7.6832272 7.6702777 7.6571918 7.6439684 7.6306065 7.6171051 7.6034631 7.5896796 7.5757537 7.5616845 7.5474711 7.5331126 7.5186082 7.5039571 7.4891587 7.474212 7.4591166 7.4438717 7.4284767 7.412931 7.3972342 7.3813857 7.365385 7.3492317 7.3329255 7.3164659 7.2998526 7.2830852 7.2661635 7.2490871 7.2318557 7.2144689 7.1969265 7.1792279 7.1613727
