Cobbity3/QGIS/Dualem_between.asc
NCOLS 399
NROWS 289
XLLCORNER 150.661
YLLCORNER -34.0269
CELLSIZE 1e-05
NODATA_VALUE -9999
[rows 234 to 259 of 289, columns 120 to 179 of 399]
5.6362178 5.5414018 5.4191746 5.3451016 5.4491659 5.5828583 5.6523903 5.6824479 5.6955987 5.7009397 5.7022556 5.7022134 5.7043723 5.7157959 5.7528202 5.8374735 5.8858581 5.7711276 5.6580837 5.5954784 5.5571518 5.5271281 5.498676 5.4685893 5.4347505 5.394771 5.3438561 5.271425 5.1721879 5.1266651 5.2109872 5.2987499 5.3447146 5.3633254 5.3650097 5.3533159 5.3281692 5.2871871 5.2254122 5.1332942 4.9911136 4.756206 4.3571522 3.8977241 4.0266954 4.5070021 4.8236508 5.0059618 5.1203585 5.1962095 5.2475229 5.2842396 5.3161576 5.3493536 5.3646103 5.3510846 5.3541216 5.3767937 5.4042506 5.4258997
5.5306268 5.426316 5.2564083 5.1063971 5.269233 5.4682378 5.5748054 5.6280357 5.6560203 5.6717015 5.681461 5.6895275 5.7002439 5.7206305 5.7673572 5.8687627 5.9315081 5.8113931 5.6893285 5.6144471 5.564575 5.524719 5.4875283 5.4491696 5.407248 5.3596516 5.3025823 5.2251186 5.1133363 5.0562796 5.1567919 5.2589192 5.3151896 5.3415046 5.3487567 5.3412183 5.3195757 5.2821736 5.224919 5.1396909 5.0095249 4.7968263 4.4388869 4.0369269 4.1452758 4.5705857 4.8662533 5.0363081 5.1385348 5.2025133 5.2431196 5.2722878 5.3070545 5.3660582 5.3984479 5.3662148 5.3649212 5.3891706 5.4195461 5.4444592
5.4164651 5.3413444 5.2581332 5.1937241 5.2887583 5.4293459 5.5255599 5.5838983 5.6196982 5.6429389 5.6598578 5.6750325 5.6924608 5.7153442 5.7460983 5.7883421 5.8065719 5.7504678 5.6728184 5.6085461 5.5569532 5.5116541 5.4677682 5.4220261 5.3722305 5.3174138 5.2590607 5.2014392 5.1494211 5.1321347 5.1819063 5.2479792 5.2958039 5.3232172 5.3338707 5.3302081 5.3128456 5.2807644 5.2313472 5.1601749 5.0604992 4.9221265 4.7379285 4.5730208 4.6026291 4.7865484 4.9604591 5.0810611 5.1583183 5.2047279 5.2285683 5.2379585 5.2507872 5.2968862 5.3380871 5.3362284 5.3556751 5.3929485 5.4329154 5.4658173
5.2671938 5.1988208 5.2069229 5.2572465 5.3290064 5.4162514 5.4917036 5.5471406 5.5862754 5.6147631 5.6376504 5.6595249 5.6850289 5.7170088 5.7453331 5.7473774 5.7292867 5.6919487 5.6405786 5.5877158 5.5376796 5.4892911 5.4400097 5.3872468 5.3284595 5.2616241 5.1890886 5.1283898 5.1109325 5.1374804 5.1848815 5.2365696 5.2789102 5.3067282 5.3201671 5.3203762 5.3078605 5.282114 5.2417085 5.1850104 5.1127086 5.0331576 4.96247 4.9120348 4.9103431 4.9714646 5.0551195 5.1270326 5.1766319 5.2031001 5.2060014 5.1817184 5.1300328 5.1047267 5.1808571 5.2666055 5.3329991 5.3926365 5.4475847 5.4947814
5.0984208 4.9810442 5.0269347 5.1835664 5.3005466 5.3884389 5.4584286 5.5126377 5.553989 5.5865158 5.6144637 5.6423795 5.6766459 5.7276721 5.7869707 5.7704382 5.7088648 5.657499 5.6090298 5.5600213 5.5103942 5.4593321 5.4051733 5.3456671 5.2773902 5.1939493 5.085833 4.9662381 4.9402699 5.0404379 5.1414891 5.2116348 5.2594572 5.2903469 5.3071071 5.3114605 5.3042418 5.28537 5.2538404 5.2080189 5.1473697 5.0790436 5.030674 5.0254658 5.0426761 5.0777459 5.1227977 5.1633583 5.190367 5.1991277 5.184077 5.130235 5.0021914 4.8731803 5.023173 5.2010844 5.3117841 5.3938992 5.4663467 5.5350118
4.9780736 4.9201139 4.9614216 5.1207733 5.2538157 5.3497867 5.4218624 5.4774378 5.5212214 5.5573755 5.5898696 5.6224097 5.6592286 5.7086903 5.7646539 5.7485488 5.6833111 5.6267033 5.5770026 5.5280568 5.4772626 5.4230921 5.3640077 5.2981875 5.2227535 5.1302156 4.9998534 4.8201923 4.7726497 4.9454417 5.0946238 5.1838735 5.2390861 5.2739675 5.2943682 5.3031008 5.3015779 5.2901856 5.2680686 5.2323074 5.1764593 5.0923728 5.0078495 5.0262884 5.0914906 5.1354134 5.1662831 5.1880128 5.1984253 5.1939472 5.1697975 5.1173744 5.0178169 4.9267617 5.0372857 5.1920159 5.3075035 5.4006776 5.4885561 5.5839584
4.7398668 4.8675817 4.9698641 5.092224 5.2126453 5.3090186 5.3830169 5.4405413 5.4868348 5.5265855 5.564235 5.6031073 5.6418357 5.6721754 5.6882598 5.6761018 5.6361683 5.5889913 5.5412892 5.4920061 5.4392559 5.3813453 5.3166288 5.2437234 5.1623828 5.0738037 4.9753719 4.8661767 4.8421948 4.9578116 5.0794566 5.164222 5.2206722 5.2580462 5.2817246 5.2948429 5.299344 5.2963119 5.285658 5.2647654 5.2258272 5.1577754 5.0852056 5.0937738 5.1457546 5.1789904 5.1959247 5.203024 5.2006277 5.1862189 5.1564937 5.1124202 5.073069 5.0688599 5.1240779 5.2191133 5.3172706 5.4108814 5.507722 5.6245447
4.1738117 4.565583 4.8631077 5.04028 5.1687252 5.2668089 5.3421956 5.4012977 5.4496981 5.4927554 5.5366963 5.589284 5.6531773 5.6931766 5.6689867 5.6300937 5.5908171 5.548036 5.5020152 5.45215 5.3970079 5.3347497 5.2630822 5.1795453 5.0839506 4.9863077 4.9152509 4.8948975 4.9219715 4.9927486 5.0775268 5.1497721 5.2038573 5.2423282 5.2687227 5.2860181 5.296661 5.3027935 5.3062078 5.3073029 5.3017039 5.2779803 5.2385268 5.2173724 5.2174025 5.2190575 5.2167645 5.2098653 5.1966967 5.1743619 5.1381065 5.0802111 5.0214158 5.0609852 5.1485935 5.2379924 5.3282364 5.4191585 5.51595 5.6324753
3.8715079 4.3782815 4.7641718 4.9818761 5.1219655 5.2225943 5.2988387 5.358824 5.4084558 5.4533024 5.5009109 5.5658848 5.6695203 5.75 5.6808972 5.6023123 5.5508809 5.5063437 5.4600809 5.409016 5.3512 5.2843895 5.2050872 5.1072548 4.981837 4.8275584 4.7033926 4.7310634 4.8567559 4.9711292 5.0619354 5.1328861 5.1864855 5.2259483 5.2546472 5.2757041 5.2921563 5.3074667 5.3263402 5.3553883 5.3989597 5.4344209 5.4050205 5.3344333 5.2818278 5.2502855 5.2283346 5.2083881 5.1857695 5.1573216 5.1207923 5.071316 5.0202213 5.0617882 5.1565436 5.2477661 5.3357435 5.42357 5.5138816 5.610994
4.2318936 4.4813954 4.7492975 4.9421616 5.0773347 5.1763527 5.2520095 5.3120481 5.3620222 5.4066108 5.4506257 5.5042129 5.5873242 5.6541562 5.6164365 5.5547618 5.5061374 5.4620754 5.4154474 5.3629195 5.3024246 5.231621 5.146429 5.0379373 4.8849918 4.6502176 4.3927965 4.46423 4.7355716 4.922195 5.0360562 5.1126632 5.167641 5.2081811 5.238727 5.2628489 5.2841231 5.3070922 5.3391611 5.3947133 5.4973135 5.6209648 5.5793423 5.4274376 5.3244797 5.2663572 5.228604 5.197698 5.1662744 5.1300286 5.0899161 5.0602932 5.060765 5.0994272 5.1713334 5.2549916 5.3405274 5.4261973 5.5110501 5.5911158
4.3613398 4.5614713 4.7522171 4.9100038 5.0320766 5.1261647 5.2000307 5.2595831 5.3096657 5.3546366 5.3953807 5.4258035 5.4594797 5.5051139 5.5128761 5.4887337 5.454172 5.4141978 5.3679211 5.3139271 5.2508489 5.1768993 5.0891087 4.9814261 4.8382303 4.6249789 4.3867144 4.4528949 4.7116712 4.8988221 5.0152414 5.092672 5.147736 5.1886357 5.2202842 5.246499 5.2710716 5.2987299 5.336961 5.400645 5.5177957 5.6664572 5.6203948 5.448553 5.3319826 5.2630246 5.2161669 5.1773414 5.1380756 5.090372 5.0247343 4.9578515 4.9849591 5.0785973 5.1691084 5.2562702 5.3425859 5.4288063 5.5146389 5.5949365
4.3027315 4.5508414 4.727768 4.8673706 4.9788335 5.0681381 5.1403686 5.1994922 5.2492368 5.2964069 5.3500714 5.393955 5.4010654 5.4209142 5.4343595 5.4255451 5.4004257 5.3639525 5.3177572 5.2619836 5.1961089 5.1190398 5.0292968 4.926434 4.8143128 4.7017173 4.6178422 4.6501199 4.7788339 4.9062557 5.0032938 5.074254 5.1268573 5.1669125 5.1987237 5.2259686 5.2523409 5.2819945 5.319816 5.3716042 5.4423779 5.5085541 5.4848554 5.390586 5.3044701 5.2407061 5.191147 5.1475003 5.1032664 5.0505189 4.9709101 4.8630341 4.9012571 5.0435633 5.1575131 5.2527412 5.342014 5.4301174 5.5196991 5.6114256
4.3194642 4.5161073 4.6770312 4.8058391 4.9107202 4.9975276 5.0699293 5.1300052 5.1777425 5.217358 5.2786248 5.3626847 5.3802088 5.3768264 5.3792282 5.3710344 5.3484078 5.3126774 5.2652717 5.2069187 5.1376523 5.0566465 4.9619571 4.8519478 4.7358151 4.6580724 4.6654054 4.7297081 4.819915 4.9126625 4.9921912 5.055223 5.1041162 5.1423767 5.1734528 5.2007546 5.2279377 5.2590232 5.2975864 5.3430812 5.3836948 5.3988061 5.3761058 5.3225734 5.2610375 5.2048833 5.154993 5.1077802 5.059759 5.0104125 4.9624966 4.9235463 4.9528541 5.0502935 5.1532265 5.248818 5.3399249 5.4287542 5.5159823 5.6015098
4.2509605 4.4478778 4.5974985 4.7190695 4.8205024 4.9087354 4.9849534 5.0499852 5.101284 5.1173772 5.1403168 5.2403736 5.3051279 5.3253591 5.3301249 5.3214067 5.2980251 5.2606274 5.210401 5.1483318 5.0749327 4.9897765 4.8899171 4.7660767 4.6055936 4.4731131 4.5445138 4.6963848 4.8132148 4.9032987 4.9754997 5.0329808 5.0783103 5.1142758 5.1438335 5.1702337 5.1973902 5.2304823 5.2765576 5.3423967 5.4126322 5.4133983 5.3458909 5.2764117 5.2154013 5.1606703 5.1093973 5.0576886 5.0009157 4.9382487 4.8924726 4.9077331 4.9702664 5.055244 5.14958 5.2444875 5.3380947 5.4293571 5.5131723 5.5801165
4.1716356 4.3451353 4.4775289 4.5985961 4.6958597 4.794529 4.8826443 4.9516641 5.0290059 5.0625171 5.0576198 5.1510912 5.2342097 5.2724939 5.2829828 5.2740265 5.2483066 5.2073936 5.1526843 5.0854336 5.0067485 4.9175756 4.8180089 4.7028943 4.5547712 4.4206685 4.5006416 4.6691331 4.7942963 4.8841249 4.9527236 5.0064154 5.0485922 5.081959 5.1092378 5.1335502 5.1590037 5.1920357 5.2446027 5.3384279 5.47053 5.4704146 5.3366192 5.235334 5.1660608 5.1091569 5.0554758 4.9993321 4.9322942 4.8367245 4.7259683 4.7666458 4.9124623 5.0338254 5.1381814 5.2376969 5.3376139 5.4400641 5.5389828 5.6096198
4.1648203 4.1364122 4.3057689 4.4410785 4.5025611 4.6417903 4.7795853 4.8243379 4.9274392 5.0404984 5.0795498 5.1366474 5.1966822 5.2312034 5.2403959 5.2286139 5.198681 5.1524692 5.0914976 5.0171522 4.9308465 4.8345969 4.7331949 4.6383834 4.5658879 4.5313572 4.5770509 4.6791617 4.7791001 4.8606076 4.9249358 4.9753224 5.014522 5.044987 5.0692102 5.0900334 5.1111218 5.1381024 5.18137 5.2583464 5.3591085 5.3611513 5.2612601 5.1724101 5.1061354 5.048977 4.992853 4.9339252 4.86889 4.7841783 4.677077 4.7181753 4.8765624 5.0108172 5.1226091 5.2272025 5.334977 5.4567788 5.5999338 5.7193916
4.0697697 3.9096062 4.1864465 4.2636765 4.1643403 4.4199952 4.720371 4.75 4.84279 4.9937904 5.0779871 5.1329031 5.1757587 5.1998671 5.2025904 5.1850123 5.148802 5.0954578 5.0263322 4.9427082 4.8457063 4.7359833 4.6149289 4.4970292 4.4394565 4.4846701 4.5725501 4.666834 4.755631 4.8311941 4.892033 4.9395666 4.9758754 5.0031269 5.023587 5.0397369 5.0543227 5.0702863 5.0910656 5.1221926 5.1622998 5.1741491 5.1398118 5.0882283 5.0348252 4.9796589 4.9196516 4.8534711 4.787993 4.7447749 4.7371224 4.7810712 4.8825114 4.9969361 5.1058431 5.2111206 5.3209443 5.4505755 5.6210408 5.7819443
4.2285286 4.1375489 4.2659997 4.1842244 3.9609538 4.2789177 4.6703716 4.783953 4.8679528 4.9847461 5.0706663 5.1254749 5.1593399 5.1737011 5.1680375 5.1426612 5.0983879 5.0361498 4.9569395 4.8618981 4.7522044 4.6275653 4.4807983 4.3004725 4.1819067 4.3082542 4.4897434 4.6206163 4.7180515 4.7942256 4.8536822 4.8990576 4.9325589 4.9562758 4.9723608 4.9831726 4.991162 4.997842 5.001341 4.9994478 5.0101166 5.0318694 5.028914 5.0005333 4.9572765 4.9031263 4.8366199 4.7521472 4.6467193 4.5708345 4.6291182 4.7498262 4.8663683 4.9785967 5.0855863 5.1883767 5.2910508 5.4017997 5.531008 5.6441885
4.4834831 4.4280152 4.4291295 4.3507271 4.2721897 4.4461724 4.6912115 4.8295034 4.9211346 5.0073115 5.0758621 5.1213113 5.1457406 5.1504236 5.1355181 5.1010974 5.0473763 4.9746526 4.8833453 4.7743181 4.6497788 4.5146317 4.3740499 4.2214632 4.1166961 4.2388671 4.4267466 4.568961 4.6728845 4.7511422 4.8102849 4.8539401 4.8846069 4.9043759 4.9153455 4.9200723 4.9221433 4.9264151 4.9368066 4.9480521 4.9495884 4.9503869 4.9423645 4.91792 4.8775193 4.8220244 4.7498437 4.6518821 4.4989566 4.329769 4.4451551 4.6677933 4.8275046 4.9520525 5.0612365 5.1617494 5.2549609 5.3385459 5.4113964 5.4721856
4.692809 4.6418969 4.612279 4.5773181 4.5737634 4.6597196 4.7876678 4.893068 4.9733817 5.0392297 5.0895874 5.1216837 5.1349348 5.1293005 5.1045357 5.06028 4.9961373 4.9116474 4.8062621 4.6795508 4.5325664 4.3736651 4.2334825 4.1655063 4.1769696 4.2596796 4.3930726 4.5213593 4.6246855 4.703721 4.7625338 4.8045207 4.8321754 4.8474433 4.8521492 4.8487071 4.8417643 4.8415903 4.86611 4.9156794 4.9197942 4.8871736 4.8640775 4.8371459 4.7955828 4.7362659 4.6593305 4.5686246 4.4655401 4.3708369 4.4548374 4.6393557 4.7966815 4.9244574 5.034899 5.1350412 5.2263539 5.3006635 5.3431188 5.3699294
4.8590687 4.8134476 4.7839791 4.7682111 4.7785596 4.8265568 4.8971942 4.9668432 5.0259055 5.0730582 5.1067368 5.1249563 5.1263648 5.1100331 5.0750971 5.0206304 4.9455809 4.8486552 4.7280615 4.580882 4.4017949 4.1834343 3.940646 3.8139934 3.9555587 4.1625114 4.3313984 4.4668624 4.5725559 4.6524778 4.7108727 4.7511034 4.7755338 4.7857627 4.7828808 4.7678568 4.7429302 4.7166289 4.7123901 4.7479539 4.7775845 4.7806082 4.7740603 4.7527381 4.7102277 4.6439025 4.5521296 4.4431554 4.3719143 4.4026612 4.500662 4.6369704 4.7751031 4.8980949 5.0067077 5.1063581 5.2029718 5.2948326 5.3455433 5.3399917
4.9956791 4.9562287 4.9306588 4.9199359 4.9276374 4.9549685 4.9952654 5.0382217 5.0765024 5.1061842 5.124624 5.1296352 5.1194439 5.0925564 5.0475576 4.9829604 4.8970837 4.7878981 4.6527095 4.4871616 4.2815699 4.0095668 3.6280332 3.3443611 3.639234 4.0158445 4.2504667 4.4053399 4.5164046 4.5975868 4.6554967 4.6939003 4.7150202 4.7200008 4.708952 4.6803711 4.6296298 4.5496522 4.4568633 4.4513015 4.5565634 4.6423031 4.674736 4.6654007 4.6222984 4.5478916 4.4348677 4.2573906 4.0755121 4.1998407 4.4341967 4.6093475 4.7505317 4.8705775 4.9747016 5.0685024 5.1608415 5.2587474 5.3252033 5.3162835
5.1099873 5.0754586 5.0522934 5.0412695 5.0430466 5.0566106 5.078045 5.1017819 5.1227467 5.1371161 5.1419724 5.1349239 5.1139148 5.0770728 5.022548 4.9483642 4.8522828 4.7316852 4.583521 4.4044447 4.1910771 3.9382391 3.6393236 3.4408548 3.6533025 3.9642886 4.1890823 4.3454779 4.4578585 4.5392345 4.5963706 4.6329466 4.6508849 4.650871 4.632391 4.5927676 4.5227183 4.3949986 4.188973 4.1330085 4.3545751 4.5205589 4.582995 4.5802084 4.5330379 4.451549 4.3396759 4.1762472 3.9853028 4.1212722 4.3866361 4.5799852 4.7247595 4.8417997 4.9390352 5.0201663 5.0903765 5.1590061 5.2168903 5.2402302
5.20645 5.1751885 5.1528536 5.1397392 5.1355565 5.1389331 5.1471542 5.1566368 5.1637356 5.165217 5.1583108 5.1405965 5.109874 5.0640309 5.0009013 4.9181155 4.812947 4.6821787 4.5221291 4.3294495 4.1050406 3.8678604 3.6821214 3.6400317 3.7598462 3.9568281 4.1413841 4.2869882 4.3965309 4.4768708 4.5330306 4.5679778 4.5831013 4.5785515 4.5535307 4.506784 4.4359094 4.3276981 4.1628683 4.1177477 4.3041323 4.4531914 4.5101784 4.5004282 4.4412009 4.3425711 4.2253037 4.1468565 4.1410237 4.2340009 4.403579 4.5667925 4.7023511 4.8132144 4.9027806 4.9705096 5.0132686 5.0429296 5.0901337 5.1438024
5.2883971 5.2590572 5.2365553 5.2208594 5.211384 5.2068222 5.2051137 5.203666 5.199707 5.1905502 5.1736957 5.1468138 5.1076735 5.0540404 4.9835515 4.893564 4.78097 4.6419508 4.471609 4.2633265 4.0077256 3.6957992 3.3842797 3.3827229 3.6595165 3.9000463 4.0823307 4.2226341 4.329592 4.4089189 4.4644409 4.4983369 4.5113374 4.5027832 4.4706926 4.4133684 4.3373955 4.2697911 4.2362035 4.254537 4.3406108 4.4225556 4.4522393 4.4257551 4.3484711 4.2180587 4.0239426 3.8836005 4.0368409 4.2401471 4.4084319 4.5558368 4.680986 4.7842579 4.8672885 4.9290918 4.96023 4.9620923 4.997583 5.0642489
5.3585343 5.3301757 5.3069601 5.2886724 5.2746525 5.2637369 5.2542751 5.2442484 5.2314438 5.2136032 5.1885025 5.1539602 5.1077967 5.0477566 4.9714014 4.8759675 4.7581769 4.6139474 4.4378368 4.2216493 3.9505604 3.5976641 3.1968552 3.1969037 3.5622552 3.8263152 4.009154 4.14761 4.2537153 4.333111 4.3889805 4.4228863 4.4349677 4.4237023 4.384758 4.308528 4.1865704 4.0715556 4.1056744 4.2310837 4.3321287 4.391438 4.3994388 4.3540642 4.2601887 4.1202195 3.9061581 3.7089219 3.9296416 4.2044453 4.3944984 4.5398691 4.6574591 4.7523651 4.8278031 4.8881921 4.9343961 4.9498817 4.964637 5.0146512
