Cobbity3/QGIS/eg_AVE10.asc
NCOLS 399
NROWS 289
XLLCORNER 150.661
YLLCORNER -34.0273
CELLSIZE 1e-05
NODATA_VALUE -9999
[rows 104 to 129 of 289, columns 240 to 299 of 399]
9.8302096 9.8290211 9.8277081 9.8262893 9.8247813 9.8231988 9.8215545 9.8198597 9.8181245 9.8163574 9.8145662 9.8127574 9.810937 9.80911 9.8072808 9.8054532 9.8036305 9.8018157 9.800011 9.7982186 9.7964403 9.7946776 9.7929316 9.7912035 9.789494 9.787804 9.7861338 9.7844839 9.7828546 9.7812461 9.7796586 9.7780921 9.7765465 9.7750219 9.7735181 9.772035 9.7705724 9.7691301 9.7677079 9.7663055 9.7649227 9.7635592 9.7622147 9.760889 9.7595817 9.7582925 9.7570212 9.7557674 9.7545309 9.7533113 9.7521084 9.7509218 9.7497513 9.7485965 9.7474573 9.7463332 9.7452241 9.7441297 9.7430496 9.7419837
9.834968 9.8336779 9.8322667 9.8307527 9.8291519 9.8274784 9.8257449 9.8239624 9.8221407 9.8202884 9.8184129 9.8165209 9.8146182 9.8127098 9.8108001 9.808893 9.8069918 9.8050994 9.8032182 9.8013502 9.7994975 9.7976613 9.7958431 9.7940438 9.7922644 9.7905055 9.7887677 9.7870514 9.785357 9.7836846 9.7820344 9.7804064 9.7788007 9.7772172 9.7756558 9.7741163 9.7725985 9.7711023 9.7696274 9.7681735 9.7667404 9.7653278 9.7639354 9.7625629 9.7612099 9.7598762 9.7585615 9.7572653 9.7559875 9.7547277 9.7534855 9.7522607 9.7510529 9.7498619 9.7486873 9.7475288 9.7463862 9.7452591 9.7441472 9.7430504
9.8395461 9.8381544 9.8366456 9.8350372 9.8333448 9.8315821 9.8297614 9.8278935 9.8259878 9.8240528 9.822096 9.8201238 9.8181419 9.8161554 9.8141686 9.8121854 9.8102091 9.8082425 9.8062881 9.8043481 9.8024242 9.800518 9.7986308 9.7967637 9.7949175 9.7930929 9.7912906 9.789511 9.7877544 9.786021 9.7843109 9.7826243 9.7809611 9.7793213 9.7777048 9.7761113 9.7745408 9.772993 9.7714676 9.7699644 9.7684831 9.7670235 9.7655851 9.7641677 9.762771 9.7613946 9.7600381 9.7587014 9.7573839 9.7560854 9.7548055 9.753544 9.7523004 9.7510745 9.7498658 9.7486742 9.7474993 9.7463408 9.7451984 9.7440717
9.8439449 9.8424518 9.8408461 9.8391443 9.8373617 9.8355115 9.8336056 9.8316544 9.8296672 9.8276523 9.8256169 9.8235674 9.8215094 9.8194479 9.8173872 9.8153312 9.813283 9.8112456 9.8092214 9.8072125 9.8052208 9.8032479 9.8012949 9.7993631 9.7974533 9.7955662 9.7937024 9.7918624 9.7900465 9.7882549 9.7864878 9.7847452 9.7830272 9.7813337 9.7796645 9.7780195 9.7763986 9.7748015 9.7732279 9.7716775 9.7701502 9.7686455 9.7671632 9.7657028 9.7642642 9.7628468 9.7614505 9.7600747 9.7587192 9.7573837 9.7560677 9.7547709 9.7534929 9.7522335 9.7509923 9.7497688 9.7485629 9.7473742 9.7462023 9.745047
9.8481645 9.8465708 9.844869 9.8430752 9.8412039 9.839268 9.8372788 9.8352466 9.8331804 9.8310881 9.8289769 9.8268529 9.8247218 9.8225884 9.8204569 9.8183311 9.8162142 9.8141092 9.8120184 9.8099439 9.8078876 9.805851 9.8038355 9.8018421 9.7998717 9.7979251 9.7960028 9.7941053 9.7922329 9.790386 9.7885645 9.7867687 9.7849984 9.7832537 9.7815344 9.7798403 9.7781713 9.7765271 9.7749075 9.7733122 9.7717409 9.7701932 9.7686689 9.7671675 9.7656888 9.7642323 9.7627978 9.7613848 9.7599929 9.7586219 9.7572713 9.7559407 9.7546299 9.7533384 9.7520658 9.7508119 9.7495763 9.7483587 9.7471586 9.7459758
9.8522049 9.8505115 9.8487149 9.8468305 9.8448722 9.8428525 9.8407822 9.8386712 9.8365283 9.8343613 9.8321769 9.8299813 9.82778 9.8255776 9.8233783 9.8211859 9.8190034 9.8168339 9.8146796 9.8125426 9.8104248 9.8083277 9.8062527 9.8042007 9.8021727 9.8001695 9.7981916 9.7962395 9.7943135 9.7924139 9.7905408 9.7886943 9.7868743 9.7850809 9.7833139 9.7815731 9.7798584 9.7781694 9.776506 9.7748678 9.7732546 9.771666 9.7701016 9.7685611 9.7670442 9.7655504 9.7640794 9.7626308 9.7612043 9.7597993 9.7584157 9.7570529 9.7557106 9.7543884 9.753086 9.7518029 9.7505389 9.7492935 9.7480665 9.7468574
9.8560656 9.8542738 9.8523839 9.8504106 9.8483673 9.8462657 9.8441165 9.8419291 9.839712 9.8374727 9.8352179 9.8329535 9.8306847 9.8284163 9.8261522 9.8238961 9.8216512 9.8194201 9.8172054 9.815009 9.8128327 9.8106781 9.8085465 9.806439 9.8043564 9.8022994 9.8002688 9.7982648 9.7962879 9.7943384 9.7924162 9.7905216 9.7886546 9.7868149 9.7850026 9.7832175 9.7814593 9.7797278 9.7780228 9.7763439 9.7746908 9.7730632 9.7714608 9.7698831 9.7683297 9.7668004 9.7652948 9.7638123 9.7623527 9.7609154 9.7595003 9.7581067 9.7567345 9.755383 9.7540521 9.7527412 9.7514501 9.7501783 9.7489255 9.7476912
9.8597457 9.8578573 9.8558759 9.8538157 9.8516893 9.8495081 9.8472823 9.8450209 9.8427321 9.8404232 9.8381007 9.8357702 9.8334368 9.8311052 9.8287792 9.8264624 9.8241579 9.8218684 9.8195962 9.8173433 9.8151116 9.8129025 9.8107173 9.808557 9.8064226 9.8043148 9.8022342 9.8001812 9.7981561 9.7961592 9.7941907 9.7922506 9.7903388 9.7884554 9.7866002 9.784773 9.7829736 9.7812018 9.7794573 9.7777398 9.776049 9.7743844 9.7727458 9.7711328 9.769545 9.7679819 9.7664433 9.7649286 9.7634376 9.7619697 9.7605246 9.7591018 9.757701 9.7563217 9.7549637 9.7536263 9.7523094 9.7510124 9.749735 9.7484769
9.8632443 9.8612614 9.8591907 9.8570457 9.8548386 9.8525801 9.85028 9.8479471 9.8455893 9.8432134 9.8408258 9.8384319 9.8360368 9.8336448 9.8312599 9.8288853 9.8265241 9.8241791 9.8218523 9.819546 9.8172617 9.8150009 9.812765 9.8105549 9.8083716 9.8062157 9.8040878 9.8019884 9.7999178 9.7978763 9.7958639 9.7938807 9.7919268 9.790002 9.7881062 9.7862393 9.784401 9.7825911 9.7808093 9.7790553 9.7773287 9.7756291 9.7739563 9.7723099 9.7706894 9.7690944 9.7675245 9.7659793 9.7644585 9.7629615 9.761488 9.7600375 9.7586097 9.757204 9.7558202 9.7544577 9.7531163 9.7517954 9.7504947 9.7492139
9.8665604 9.8644854 9.8623279 9.8601005 9.857815 9.8554817 9.85311 9.8507082 9.8482839 9.8458437 9.8433937 9.8409394 9.8384853 9.8360358 9.8335947 9.8311652 9.8287503 9.8263526 9.8239742 9.8216172 9.8192832 9.8169737 9.8146899 9.8124327 9.8102032 9.808002 9.8058296 9.8036865 9.801573 9.7994893 9.7974356 9.7954119 9.7934182 9.7914545 9.7895205 9.7876161 9.7857412 9.7838953 9.7820783 9.7802898 9.7785295 9.776797 9.7750919 9.7734138 9.7717624 9.7701373 9.7685379 9.766964 9.765415 9.7638905 9.7623901 9.7609134 9.75946 9.7580294 9.7566212 9.7552349 9.7538703 9.7525268 9.7512041 9.7499017
9.8696928 9.8675285 9.8652868 9.8629798 9.8606186 9.8582131 9.8557724 9.8533044 9.8508163 9.8483146 9.8458051 9.8432929 9.8407827 9.8382785 9.8357841 9.8333026 9.8308368 9.8283892 9.8259621 9.8235573 9.8211765 9.818821 9.8164921 9.8141907 9.8119177 9.8096738 9.8074596 9.8052754 9.8031216 9.8009983 9.7989058 9.796844 9.794813 9.7928126 9.7908427 9.7889032 9.7869937 9.7851141 9.783264 9.7814431 9.779651 9.7778875 9.776152 9.7744443 9.7727639 9.7711103 9.7694832 9.7678821 9.7663066 9.7647562 9.7632306 9.7617292 9.7602516 9.7587975 9.7573663 9.7559576 9.7545711 9.7532062 9.7518627 9.75054
9.8726405 9.8703899 9.8680669 9.8656831 9.863249 9.8607743 9.8582673 9.8557358 9.8531868 9.8506263 9.8480601 9.8454929 9.8429294 9.8403734 9.8378285 9.8352978 9.832784 9.8302895 9.8278164 9.8253666 9.8229417 9.820543 9.8181718 9.8158288 9.8135151 9.8112313 9.8089778 9.8067551 9.8045635 9.8024032 9.8002743 9.7981769 9.7961109 9.7940762 9.7920727 9.7901002 9.7881584 9.7862472 9.7843661 9.7825148 9.7806931 9.7789004 9.7771365 9.7754009 9.7736933 9.7720131 9.7703599 9.7687334 9.767133 9.7655583 9.7640089 9.7624843 9.7609841 9.7595078 9.758055 9.7566253 9.7552182 9.7538333 9.7524702 9.7511284
9.8754022 9.8730687 9.8706676 9.8682101 9.8657062 9.8631651 9.8605948 9.8580027 9.8553956 9.8527792 9.8501591 9.8475398 9.8449258 9.8423209 9.8397283 9.8371512 9.8345922 9.8320535 9.8295373 9.8270454 9.8245792 9.82214 9.8197291 9.8173474 9.8149956 9.8126744 9.8103843 9.8081257 9.8058988 9.803704 9.8015411 9.7994104 9.7973118 9.7952451 9.7932103 9.791207 9.7892351 9.7872943 9.7853843 9.7835048 9.7816553 9.7798355 9.778045 9.7762835 9.7745503 9.7728453 9.7711678 9.7695174 9.7678938 9.7662964 9.7647248 9.7631785 9.7616571 9.7601601 9.7586872 9.7572377 9.7558114 9.7544077 9.7530262 9.7516666
9.8779771 9.8755642 9.8730885 9.8705605 9.8679899 9.8653854 9.8627548 9.8601052 9.8574429 9.8547735 9.8521024 9.8494339 9.8467723 9.8441212 9.8414839 9.8388632 9.8362617 9.8336818 9.8311252 9.8285938 9.8260891 9.8236122 9.8211644 9.8187465 9.8163592 9.8140033 9.8116791 9.8093871 9.8071275 9.8049005 9.8027062 9.8005446 9.7984157 9.7963193 9.7942553 9.7922235 9.7902237 9.7882555 9.7863186 9.7844127 9.7825375 9.7806925 9.7788773 9.7770916 9.7753348 9.7736066 9.7719065 9.770234 9.7685888 9.7669702 9.7653779 9.7638115 9.7622704 9.7607541 9.7592623 9.7577945 9.7563503 9.7549291 9.7535305 9.7521542
9.8803643 9.8778757 9.8753289 9.8727339 9.8700999 9.8674353 9.8647475 9.8620433 9.8593288 9.8566095 9.8538902 9.8511754 9.8484691 9.8457747 9.8430955 9.8404341 9.837793 9.8351745 9.8325803 9.8300123 9.8274717 9.8249598 9.8224777 9.8200263 9.8176062 9.8152181 9.8128624 9.8105395 9.8082496 9.8059929 9.8037695 9.8015794 9.7994225 9.7972986 9.7952078 9.7931496 9.7911239 9.7891304 9.7871687 9.7852385 9.7833395 9.7814712 9.7796332 9.7778251 9.7760465 9.7742969 9.7725758 9.7708829 9.7692176 9.7675795 9.7659681 9.764383 9.7628236 9.7612895 9.7597803 9.7582955 9.7568346 9.7553972 9.7539828 9.752591
9.882563 9.8800027 9.8773885 9.8747299 9.872036 9.8693145 9.8665728 9.8638172 9.8610536 9.8582872 9.8555228 9.8527647 9.8500165 9.8472818 9.8445634 9.8418641 9.8391863 9.836532 9.833903 9.831301 9.8287273 9.8261831 9.8236694 9.821187 9.8187367 9.816319 9.8139343 9.811583 9.8092652 9.8069813 9.8047311 9.8025148 9.8003321 9.7981831 9.7960675 9.7939852 9.7919357 9.789919 9.7879345 9.785982 9.7840611 9.7821714 9.7803125 9.7784838 9.7766851 9.7749159 9.7731756 9.7714639 9.7697802 9.7681241 9.7664951 9.7648927 9.7633166 9.7617661 9.7602408 9.7587403 9.7572641 9.7558118 9.7543828 9.7529768
9.8845727 9.8819447 9.8792669 9.8765485 9.8737981 9.8710232 9.8682307 9.8654269 9.8626173 9.859807 9.8570005 9.8542019 9.8514149 9.8486426 9.845888 9.8431537 9.8404418 9.8377545 9.8350935 9.8324603 9.8298562 9.8272823 9.8247396 9.8222289 9.8197509 9.8173061 9.8148949 9.8125176 9.8101745 9.8078656 9.8055911 9.8033508 9.8011447 9.7989728 9.7968347 9.7947302 9.7926592 9.7906212 9.788616 9.7866432 9.7847023 9.7827931 9.780915 9.7790677 9.7772507 9.7754635 9.7737057 9.7719767 9.7702762 9.7686037 9.7669587 9.7653406 9.7637491 9.7621836 9.7606437 9.7591288 9.7576387 9.7561727 9.7547304 9.7533114
9.8863929 9.8837014 9.8809639 9.8781895 9.8753861 9.8725612 9.8697213 9.8668725 9.8640201 9.861169 9.8583234 9.8554874 9.8526644 9.8498575 9.8470696 9.844303 9.84156 9.8388425 9.8361522 9.8334904 9.8308585 9.8282576 9.8256886 9.8231522 9.8206491 9.8181797 9.8157445 9.8133437 9.8109775 9.8086461 9.8063495 9.8040876 9.8018604 9.7996676 9.7975092 9.7953848 9.7932942 9.7912371 9.7892131 9.7872219 9.785263 9.7833362 9.7814408 9.7795766 9.777743 9.7759395 9.7741658 9.7724214 9.7707057 9.7690183 9.7673587 9.7657264 9.764121 9.7625419 9.7609887 9.7594609 9.7579581 9.7564797 9.7550253 9.7535945
9.8880234 9.8852726 9.8824795 9.8796528 9.8768001 9.8739287 9.8710448 9.8681543 9.8652623 9.8623734 9.8594919 9.8566214 9.8537655 9.8509269 9.8481085 9.8453126 9.8425412 9.8397962 9.8370792 9.8343917 9.8317347 9.8291094 9.8265166 9.8239571 9.8214314 9.8189399 9.8164831 9.8140613 9.8116745 9.8093229 9.8070065 9.8047253 9.8024791 9.8002677 9.7980911 9.7959489 9.7938409 9.7917666 9.7897258 9.7877182 9.7857432 9.7838006 9.7818898 9.7800104 9.7781619 9.776344 9.7745561 9.7727977 9.7710684 9.7693677 9.7676951 9.7660501 9.7644322 9.7628409 9.7612758 9.7597364 9.7582221 9.7567327 9.7552674 9.753826
9.8894643 9.8866584 9.8838137 9.8809384 9.8780402 9.8751258 9.8722013 9.8692724 9.866344 9.8634206 9.8605061 9.8576043 9.8547183 9.851851 9.849005 9.8461825 9.8433856 9.8406159 9.8378751 9.8351644 9.8324851 9.829838 9.8272241 9.8246439 9.8220981 9.819587 9.8171111 9.8146706 9.8122656 9.8098961 9.8075623 9.8052639 9.803001 9.8007733 9.7985806 9.7964227 9.7942992 9.7922098 9.7901543 9.7881321 9.7861429 9.7841863 9.7822619 9.7803691 9.7785076 9.7766768 9.7748764 9.7731057 9.7713644 9.7696519 9.7679678 9.7663115 9.7646825 9.7630805 9.7615049 9.7599551 9.7584308 9.7569315 9.7554567 9.7540059
9.8907156 9.8878589 9.8849665 9.8820466 9.8791064 9.8761526 9.8731911 9.8702271 9.8672656 9.8643107 9.8613665 9.8584363 9.8555233 9.8526302 9.8497595 9.8469133 9.8440936 9.8413021 9.8385401 9.835809 9.8331099 9.8304437 9.8278111 9.8252129 9.8226495 9.8201214 9.8176288 9.815172 9.812751 9.810366 9.808017 9.8057038 9.8034263 9.8011844 9.7989777 9.7968061 9.7946693 9.7925668 9.7904984 9.7884637 9.7864622 9.7844935 9.7825572 9.7806528 9.7787799 9.776938 9.7751267 9.7733453 9.7715936 9.7698708 9.7681767 9.7665106 9.764872 9.7632606 9.7616758 9.7601171 9.7585841 9.7570762 9.755593 9.754134
9.8917776 9.8888742 9.8859383 9.8829776 9.8799992 9.8770095 9.8740143 9.8710187 9.8680272 9.8650442 9.8620733 9.8591179 9.8561808 9.8532649 9.8503723 9.8475053 9.8446657 9.8418549 9.8390746 9.8363257 9.8336095 9.8309267 9.8282782 9.8256644 9.8230859 9.8205431 9.8180363 9.8155656 9.8131311 9.8107329 9.8083709 9.8060451 9.8037552 9.8015012 9.7992827 9.7970995 9.7949513 9.7928377 9.7907584 9.788713 9.786701 9.7847221 9.7827757 9.7808615 9.778979 9.7771276 9.775307 9.7735166 9.7717559 9.7700245 9.7683218 9.7666473 9.7650007 9.7633813 9.7617886 9.7602223 9.7586818 9.7571666 9.7556762 9.7542103
9.8926507 9.8897049 9.8867294 9.8837317 9.8807188 9.8776968 9.8746714 9.8716474 9.8686294 9.8656214 9.8626269 9.8596492 9.8566912 9.8537553 9.8508439 9.8479589 9.8451021 9.842275 9.8394789 9.836715 9.8339843 9.8312876 9.8286256 9.8259988 9.8234077 9.8208527 9.818334 9.8158518 9.813406 9.8109969 9.8086242 9.806288 9.803988 9.801724 9.7994957 9.797303 9.7951455 9.7930227 9.7909345 9.7888802 9.7868597 9.7848723 9.7829177 9.7809953 9.7791049 9.7772457 9.7754174 9.7736195 9.7718515 9.7701129 9.7684032 9.7667219 9.7650684 9.7634424 9.7618433 9.7602707 9.7587239 9.7572027 9.7557064 9.7542347
9.8933355 9.8903514 9.8873402 9.8843093 9.8812656 9.8782149 9.8751627 9.8721137 9.8690724 9.8660426 9.8630277 9.8600309 9.8570548 9.854102 9.8511746 9.8482744 9.8454033 9.8425625 9.8397535 9.8369772 9.8342347 9.8315266 9.8288537 9.8262164 9.8236152 9.8210505 9.8185223 9.8160308 9.8135762 9.8111584 9.8087773 9.8064328 9.8041248 9.8018529 9.799617 9.7974168 9.7952519 9.793122 9.7910267 9.7889656 9.7869382 9.7849442 9.7829831 9.7810544 9.7791576 9.7772924 9.7754581 9.7736543 9.7718805 9.7701362 9.7684209 9.7667341 9.7650754 9.7634441 9.7618399 9.7602622 9.7587106 9.7571846 9.7556836 9.7542073
9.8938327 9.8908142 9.8877712 9.884711 9.88164 9.8785642 9.8754886 9.8724181 9.8693567 9.8663083 9.8632761 9.8602632 9.8572721 9.8543053 9.8513648 9.8484524 9.8455697 9.8427181 9.8398987 9.8371128 9.834361 9.8316442 9.8289629 9.8263177 9.8237088 9.8211367 9.8186014 9.8161032 9.8136419 9.8112177 9.8088304 9.8064799 9.8041659 9.8018884 9.7996469 9.7974412 9.7952709 9.7931358 9.7910353 9.7889692 9.7869369 9.7849381 9.7829722 9.7810388 9.7791375 9.7772677 9.775429 9.7736209 9.7718428 9.7700944 9.768375 9.7666842 9.7650215 9.7633864 9.7617785 9.7601971 9.7586419 9.7571123 9.7556079 9.7541282
9.894143 9.8910941 9.8880231 9.8849372 9.8818427 9.8787451 9.8756497 9.8725609 9.8694828 9.8664189 9.8633726 9.8603467 9.8573436 9.8543657 9.851415 9.8484932 9.8456017 9.842742 9.8399152 9.8371222 9.8343638 9.8316408 9.8289537 9.826303 9.823689 9.8211119 9.8185719 9.8160691 9.8136036 9.8111752 9.8087839 9.8064295 9.8041118 9.8018306 9.7995856 9.7973764 9.7952028 9.7930643 9.7909607 9.7888913 9.7868559 9.784854 9.7828851 9.7809488 9.7790446 9.777172 9.7753305 9.7735196 9.7717388 9.7699877 9.7682657 9.7665723 9.7649071 9.7632695 9.7616591 9.7600753 9.7585177 9.7569858 9.7554792 9.7539972
