Cobbity3/QGIS/eg_AVE10.asc
NCOLS 399
NROWS 289
XLLCORNER 150.661
YLLCORNER -34.0273
CELLSIZE 1e-05
NODATA_VALUE -9999
[rows 78 to 103 of 289, columns 180 to 239 of 399]
11.013143 11.109001 11.265174 11.51211 11.847177 12.05069 11.862468 11.521706 11.259671 11.096653 11.006486 10.970781 10.982783 11.047051 11.183897 11.438961 11.86698 12.313709 12.195958 11.613957 11.104905 10.747562 10.485149 10.279747 10.110603 9.961511 9.836666 9.7801889 9.7733314 9.7548012 9.7220643 9.6885275 9.6602828 9.638151 9.6211048 9.6078689 9.5974346 9.589126 9.5825234 9.5773675 9.5734865 9.5707489 9.5690398 9.5682497 9.5682723 9.5690046 9.5703488 9.572214 9.5745172 9.5771836 9.5801466 9.5833475 9.586735 9.590264 9.5938958 9.5975966 9.6013376 9.6050937 9.6088437 9.6125694
11.066822 11.153182 11.27334 11.426966 11.593109 11.677105 11.586072 11.397291 11.221587 11.095788 11.020275 10.989673 11.001986 11.062195 11.18797 11.41913 11.801275 12.189554 12.078587 11.544416 11.055555 10.704212 10.449408 10.261298 10.125587 10.022705 9.9283573 9.8489172 9.7901798 9.7384588 9.6925072 9.6568138 9.6321649 9.6163379 9.6064595 9.6001956 9.5960047 9.5930012 9.5907367 9.589016 9.5877721 9.5869914 9.5866742 9.5868162 9.5874029 9.5884091 9.5898015 9.5915417 9.5935887 9.5959013 9.5984393 9.6011649 9.6040428 9.6070409 9.61013 9.6132841 9.61648 9.6196972 9.6229179 9.6261262
11.126404 11.212993 11.316398 11.413366 11.47632 11.4811 11.415406 11.302228 11.184063 11.089243 11.028382 11.003757 11.015862 11.06652 11.161161 11.31024 11.512221 11.670902 11.584052 11.268033 10.91982 10.627659 10.399133 10.233231 10.137187 10.091144 10.010992 9.8836032 9.7675015 9.6813463 9.6244074 9.5923602 9.5782747 9.5750059 9.5771296 9.5812885 9.5857172 9.5896501 9.5928709 9.5954275 9.5974722 9.5991781 9.6007008 9.602164 9.6036581 9.6052436 9.6069566 9.6088148 9.6108226 9.6129747 9.61526 9.6176636 9.6201686 9.6227573 9.6254121 9.628116 9.630853 9.6336083 9.6363683 9.6391208
11.19658 11.303817 11.435151 11.545599 11.570566 11.502854 11.392469 11.275412 11.170062 11.088268 11.036537 11.017585 11.032098 11.078646 11.151217 11.235787 11.307386 11.322582 11.228662 11.027643 10.782104 10.546038 10.345449 10.200898 10.150574 10.188791 10.103668 9.8763028 9.6785043 9.5556868 9.4978236 9.4838476 9.4935136 9.5126335 9.533338 9.5520893 9.5677299 9.5802234 9.5899794 9.5975291 9.6033843 9.6079847 9.6116856 9.6147632 9.6174255 9.6198257 9.622073 9.6242437 9.6263888 9.6285407 9.6307183 9.6329311 9.6351816 9.6374677 9.6397844 9.6421249 9.6444811 9.6468448 9.6492076 9.6515613
11.272088 11.416929 11.626399 11.837752 11.86413 11.677076 11.4615 11.29547 11.175958 11.094099 11.046687 11.033751 11.056573 11.115065 11.200813 11.284252 11.312735 11.249561 11.104871 10.908331 10.69138 10.481665 10.298936 10.164904 10.125644 10.18408 10.066141 9.7374516 9.4552954 9.3109155 9.2832061 9.3185352 9.3746087 9.4300119 9.4771439 9.5147747 9.5439639 9.5663187 9.5833677 9.5963853 9.606379 9.6141257 9.6202166 9.6250978 9.6291036 9.6324828 9.6354195 9.6380484 9.6404672 9.6427459 9.6449337 9.6470642 9.6491599 9.6512348 9.653297 9.6553502 9.6573952 9.6594304 9.6614534 9.6634605
11.33917 11.510371 11.792131 12.133782 12.178739 11.854052 11.534119 11.321997 11.186633 11.101973 11.057356 11.051206 11.087945 11.176729 11.324274 11.499342 11.571557 11.424295 11.155895 10.886614 10.646694 10.438394 10.263107 10.123361 10.026667 9.9496889 9.7315226 9.3227756 8.9709033 8.8625957 8.9452613 9.0898979 9.2254671 9.3329469 9.4135715 9.4731535 9.517208 9.5499849 9.5745699 9.593172 9.6073778 9.6183364 9.6268882 9.6336529 9.6390902 9.6435429 9.6472665 9.6504521 9.6532421 9.6557423 9.6580309 9.6601654 9.6621875 9.6641272 9.6660055 9.667837 9.669631 9.6713936 9.673128 9.6748355
11.391642 11.546674 11.789337 12.078477 12.115132 11.828643 11.530225 11.323316 11.189432 11.106857 11.065776 11.065759 11.115622 11.237931 11.472542 11.825239 12.03519 11.751721 11.28094 10.902899 10.62332 10.409463 10.244015 10.108029 9.9547825 9.7056844 9.2492968 8.5638934 8.0556565 8.1186876 8.4780919 8.8185193 9.0655622 9.2348063 9.3510891 9.4325655 9.4909215 9.5335554 9.5652304 9.5890974 9.6073006 9.6213374 9.6322771 9.640897 9.6477703 9.6533237 9.6578778 9.6616742 9.6648959 9.6676815 9.6701362 9.6723394 9.6743512 9.6762165 9.677969 9.6796335 9.6812282 9.6827663 9.684257 9.6857066
11.450092 11.565952 11.69773 11.816724 11.815461 11.659487 11.462584 11.299343 11.1823 11.107114 11.070296 11.073439 11.126544 11.255921 11.515149 11.937013 12.213931 11.866292 11.308241 10.887041 10.594144 10.386908 10.25253 10.181062 10.068326 9.6853502 8.8671683 7.5889944 6.7329553 7.1983299 8.00822 8.5806602 8.9341236 9.1554616 9.3001682 9.3988788 9.4686277 9.5192958 9.5569012 9.5852838 9.6069954 9.6237916 9.6369146 9.6472637 9.6555016 9.6621233 9.6675025 9.6719236 9.6756042 9.6787114 9.6813738 9.6836906 9.6857383 9.6875758 9.6892482 9.6907903 9.6922285 9.6935829 9.6948684 9.6960965
11.556041 11.664892 11.723832 11.720105 11.657569 11.540574 11.400103 11.27133 11.171299 11.104487 11.071759 11.074997 11.12001 11.220871 11.402491 11.658902 11.79372 11.562576 11.16111 10.811641 10.548542 10.364509 10.280012 10.349026 10.427371 9.9573044 8.8443063 7.2172848 6.1909322 6.8579523 7.8408596 8.4874482 8.8737303 9.1129563 9.2693808 9.3766579 9.4530285 9.508959 9.5508077 9.5826389 9.6071646 9.6262599 9.6412587 9.6531328 9.6626025 9.6702101 9.6763683 9.6813938 9.6855315 9.6889715 9.6918623 9.6943196 9.6964341 9.6982771 9.6999041 9.7013586 9.7026747 9.7038789 9.7049918 9.7060294
11.743789 11.929842 11.983694 11.865098 11.68683 11.519827 11.374338 11.253808 11.162195 11.10162 11.073035 11.077042 11.113408 11.179602 11.268251 11.353418 11.359553 11.214729 10.968295 10.71303 10.495311 10.335831 10.273566 10.389621 10.534723 10.068344 9.083492 7.9227463 7.219755 7.4853289 8.0892543 8.5708967 8.8949123 9.1116704 9.2610775 9.3674426 9.4452599 9.5034369 9.547674 9.5817628 9.6083122 9.6291696 9.6456745 9.6588175 9.6693428 9.677817 9.684676 9.690258 9.6948271 9.6985908 9.7017124 9.7043214 9.7065202 9.7083901 9.7099959 9.7113887 9.7126095 9.7136905 9.7146574 9.7155306
11.98761 12.366661 12.484962 12.180889 11.815026 11.553491 11.373941 11.245903 11.155948 11.099763 11.076826 11.087645 11.130007 11.191686 11.243129 11.246006 11.176676 11.033415 10.839429 10.633817 10.448325 10.302299 10.214067 10.201113 10.156349 9.8093736 9.2098854 8.5941409 8.213889 8.2220483 8.4638345 8.7370852 8.9647639 9.1392101 9.2704346 9.3694154 9.4447559 9.502695 9.5476864 9.5829244 9.6107277 9.6328033 9.6504255 9.664558 9.6759384 9.6851363 9.6925961 9.6986666 9.7036232 9.7076846 9.7110251 9.7137838 9.7160725 9.7179807 9.7195803 9.7209294 9.7220745 9.7230531 9.7238954 9.7246256
12.13014 12.658153 12.840157 12.388454 11.896203 11.575611 11.373195 11.238947 11.149889 11.098008 11.082997 11.109141 11.181752 11.294218 11.39415 11.377959 11.220308 11.00418 10.786388 10.586898 10.41746 10.283901 10.175708 10.055991 9.8632925 9.5391306 9.1373567 8.7997989 8.6170133 8.6056014 8.7174442 8.8785404 9.0383386 9.1764017 9.2890184 9.3787901 9.4498265 9.5060234 9.5506059 9.5861136 9.6145108 9.6373099 9.6556786 9.6705233 9.6825515 9.6923197 9.7002678 9.7067457 9.712033 9.7163542 9.7198899 9.722786 9.7251607 9.7271096 9.7287106 9.7300268 9.7311098 9.7320012 9.7327353 9.7333395
12.039925 12.415519 12.536552 12.220126 11.830347 11.54614 11.355109 11.225925 11.140933 11.093912 11.08717 11.131969 11.250965 11.468837 11.724802 11.735772 11.416573 11.057423 10.776205 10.562843 10.406064 10.307612 10.248999 10.118385 9.7774517 9.2689356 8.7889731 8.5537251 8.5583668 8.6674015 8.8079504 8.9537376 9.0901881 9.2095319 9.309691 9.3918718 9.4585653 9.5124564 9.5559702 9.5911418 9.6196223 9.6427315 9.6615188 9.6768185 9.6892952 9.6994802 9.7077997 9.7145974 9.7201509 9.7246856 9.7283848 9.7313978 9.733847 9.7358322 9.7374354 9.7387238 9.7397527 9.7405675 9.7412053 9.7416968
11.87861 12.032173 12.063915 11.912505 11.685336 11.480018 11.321375 11.206002 11.12783 11.085065 11.082691 11.136594 11.281715 11.571656 11.960224 12.003952 11.549026 11.085071 10.76308 10.544384 10.406632 10.37323 10.481491 10.491166 9.8911943 8.865155 7.9600879 7.8011539 8.1644383 8.5306564 8.7896175 8.975757 9.1193743 9.2349171 9.3292348 9.4064233 9.4695491 9.5211349 9.5632864 9.5977469 9.6259439 9.6490379 9.6679689 9.6834976 9.69624 9.7066962 9.7152727 9.7223013 9.728053 9.7327502 9.7365757 9.7396796 9.7421862 9.7441977 9.7457988 9.7470596 9.7480381 9.7487824 9.7493323 9.7497208
11.860176 11.887164 11.838525 11.722207 11.567888 11.414458 11.283984 11.182852 11.111539 11.070947 11.066184 11.110669 11.23119 11.459423 11.734504 11.74693 11.397298 11.007854 10.718958 10.520048 10.401042 10.404268 10.630914 10.787845 9.9538471 8.3204419 6.7594424 6.8156687 7.7192608 8.3724521 8.7501573 8.9813905 9.1389912 9.2561427 9.3479216 9.4218 9.4820447 9.5314715 9.5721444 9.6056679 9.6333255 9.6561569 9.6750093 9.6905753 9.7034227 9.7140175 9.7227433 9.7299165 9.7357984 9.7406054 9.7445171 9.7476824 9.7502253 9.7522491 9.7538399 9.7550693 9.7559973 9.756674 9.7571411 9.7574334
12.077404 12.020968 11.846082 11.667452 11.507598 11.368061 11.25181 11.160514 11.094379 11.053896 11.041679 11.064103 11.130872 11.242375 11.345547 11.315544 11.117807 10.868848 10.654766 10.493636 10.385794 10.346786 10.401132 10.33761 9.6337612 8.2310419 6.8069383 6.8540549 7.7252053 8.3790258 8.766394 9.003968 9.1630639 9.2785843 9.3674328 9.4382353 9.4958025 9.5431207 9.5822394 9.6146768 9.6416139 9.6639965 9.6825944 9.6980396 9.710854 9.7214702 9.7302473 9.7374845 9.7434312 9.748296 9.7522529 9.7554482 9.7580042 9.7600236 9.7615927 9.7627841 9.7636587 9.7642677 9.7646543 9.7648548
12.448541 12.302575 11.950582 11.674221 11.48108 11.337367 11.22626 11.141133 11.079024 11.038373 11.018492 11.019241 11.039169 11.068717 11.07867 11.026981 10.903742 10.747009 10.599706 10.483408 10.398115 10.320908 10.207664 9.9678953 9.4550162 8.6570311 7.9146717 7.7971564 8.1658788 8.5619598 8.8520172 9.0533791 9.1973694 9.3050858 9.3888986 9.4559948 9.5107161 9.5558554 9.5933387 9.624579 9.6506637 9.6724579 9.6906641 9.7058603 9.7185265 9.7290628 9.7378043 9.7450321 9.7509827 9.7558552 9.7598173 9.7630109 9.7655554 9.7675521 9.7690865 9.770231 9.771047 9.7715862 9.7718926 9.7720034
12.504834 12.343998 11.958206 11.657927 11.454878 11.31114 11.20466 11.125251 11.067906 11.029366 11.006384 10.994588 10.987448 10.975044 10.943474 10.879703 10.783363 10.671873 10.571718 10.508329 10.492592 10.475914 10.319811 9.9609951 9.4821936 8.9858952 8.6075804 8.4815653 8.5846523 8.7760526 8.9624432 9.116463 9.2383947 9.334852 9.4121256 9.4749302 9.5265927 9.5694618 9.6052392 9.6352017 9.6603395 9.6814419 9.6991509 9.7139963 9.7264195 9.7367904 9.7454209 9.7525742 9.7584731 9.7633069 9.767236 9.7703967 9.7729052 9.7748602 9.7763457 9.7774332 9.7781838 9.7786493 9.7788741 9.7788958
12.152998 12.062967 11.821244 11.591049 11.414216 11.282635 11.184712 11.112979 11.062957 11.031191 11.013334 11.002317 10.98765 10.957706 10.904523 10.827332 10.733471 10.638598 10.56787 10.561908 10.680651 10.900541 10.793337 10.140012 9.4376631 8.963575 8.7468464 8.713262 8.7889054 8.9158172 9.0515853 9.1747382 9.279022 9.3651741 9.4360325 9.4945322 9.5431203 9.5837037 9.6177474 9.6463861 9.6705146 9.6908518 9.707985 9.7224003 9.7345042 9.7446389 9.7530941 9.7601159 9.7659138 9.7706666 9.774527 9.7776257 9.7800743 9.7819685 9.7833903 9.7844099 9.7850874 9.7854743 9.7856148 9.7855467
11.899142 11.822222 11.6738 11.510173 11.366788 11.25261 11.166206 11.104523 11.065289 11.046725 11.045599 11.053397 11.052518 11.020697 10.947837 10.845139 10.733551 10.633643 10.570413 10.592894 10.810765 11.296422 11.28066 10.162676 8.995382 8.3982551 8.397591 8.6052142 8.804178 8.967874 9.1044768 9.21906 9.314575 9.3938147 9.4595451 9.5142432 9.5599641 9.5983471 9.630682 9.6579865 9.6810724 9.7005965 9.7170973 9.7310224 9.7427468 9.7525875 9.7608137 9.7676554 9.7733089 9.7779431 9.7817025 9.7847117 9.7870779 9.7888931 9.7902367 9.7911772 9.7917733 9.7920759 9.7921285 9.7919689
11.904482 11.750414 11.594472 11.449189 11.324382 11.224538 11.149904 11.09976 11.074436 11.075917 11.106254 11.160019 11.207343 11.190901 11.082876 10.924934 10.770597 10.646903 10.568544 10.561247 10.684325 10.939888 10.766088 9.5661357 7.924088 7.1810918 7.7010784 8.3357288 8.7322889 8.9722084 9.1329951 9.2517555 9.3448643 9.420193 9.4821786 9.5337155 9.5768721 9.6131985 9.6438877 9.6698757 9.6919088 9.710592 9.7264221 9.7398128 9.7511112 9.7606117 9.7685649 9.7751853 9.7806573 9.7851397 9.7887693 9.7916643 9.793927 9.7956459 9.7968973 9.7977476 9.798254 9.7984662 9.798427 9.7981735
12.083459 11.782864 11.566592 11.409126 11.289722 11.199797 11.135949 11.09762 11.087462 11.112952 11.18766 11.32322 11.482252 11.513827 11.324678 11.054962 10.829827 10.672871 10.575489 10.523539 10.492857 10.407184 10.012667 8.9514434 7.2588783 6.4894033 7.3431429 8.2054096 8.7015648 8.9827152 9.158565 9.2807346 9.3725429 9.4450545 9.5040374 9.5528607 9.5937106 9.6281243 9.6572433 9.6819475 9.7029333 9.720763 9.7358983 9.7487233 9.7595609 9.7686849 9.7763293 9.7826945 9.7879535 9.7922555 9.7957299 9.7984886 9.800629 9.8022355 9.8033817 9.8041312 9.8045396 9.8046552 9.8045198 9.8041699
12.17525 11.791897 11.538797 11.373045 11.258168 11.17723 11.12362 11.096315 11.099374 11.144849 11.259404 11.486363 11.81303 11.934409 11.60395 11.180944 10.882393 10.703479 10.613657 10.57765 10.51625 10.304251 9.8343181 9.0136396 7.9402805 7.4097845 7.8121519 8.3824054 8.7791497 9.0299424 9.1953733 9.3123348 9.4002705 9.4694213 9.5254521 9.5717323 9.6104296 9.6430406 9.6706587 9.6941168 9.7140695 9.7310436 9.7454704 9.7577087 9.7680598 9.7767797 9.7840868 9.7901691 9.7951888 9.7992863 9.8025835 9.8051865 9.8071877 9.8086676 9.8096963 9.8103353 9.810638 9.810651 9.8104151 9.8099658
12.000606 11.698485 11.477244 11.327471 11.22498 11.155365 11.112303 11.094727 11.106436 11.158993 11.279605 11.518295 11.877674 12.021462 11.655731 11.201505 10.892599 10.724375 10.686048 10.779207 10.888719 10.665673 10.058806 9.3517395 8.7214809 8.3890056 8.4466804 8.6846131 8.9202713 9.1049104 9.2430801 9.3476542 9.4289269 9.4937738 9.5466254 9.59038 9.6270043 9.6578907 9.6840662 9.7063152 9.7252536 9.7413765 9.7550889 9.7667271 9.7765738 9.7848686 9.7918164 9.7975937 9.8023525 9.8062252 9.8093268 9.8117574 9.8136046 9.814945 9.8158456 9.8163651 9.8165547 9.8164596 9.816119 9.8155676
11.724561 11.544622 11.388902 11.27242 11.189693 11.134208 11.10248 11.093956 11.110759 11.158564 11.249524 11.401691 11.592388 11.64136 11.413776 11.098236 10.851972 10.718238 10.744967 11.036558 11.523315 11.295493 10.298995 9.4804013 9.0095697 8.806056 8.7986942 8.9049148 9.0461892 9.179745 9.2923061 9.3837501 9.4576863 9.5179171 9.5675154 9.608779 9.643398 9.6726259 9.6974111 9.7184867 9.7364316 9.7517121 9.7647094 9.7757402 9.7850703 9.7929249 9.7994968 9.8049515 9.8094323 9.8130637 9.8159541 9.8181982 9.8198789 9.8210688 9.8218318 9.8222238 9.822294 9.8220856 9.8216366 9.8209802
11.499506 11.39831 11.298589 11.216389 11.155373 11.115259 11.095716 11.097283 11.120796 11.165647 11.227268 11.294744 11.342107 11.312948 11.17157 10.970381 10.785359 10.671732 10.699287 10.993736 11.506636 11.224762 9.9909973 9.0622727 8.7419862 8.754185 8.8627482 8.991804 9.1197428 9.235568 9.3347091 9.4172161 9.4852377 9.5413687 9.5879437 9.6268515 9.6595604 9.6872007 9.710647 9.7305844 9.7475579 9.7620072 9.7742926 9.784713 9.793519 9.800923 9.8071065 9.8122255 9.8164148 9.8197916 9.8224584 9.8245043 9.826008 9.8270382 9.8276554 9.8279131 9.8278582 9.8275321 9.8269711 9.8262076
