Cobbity3/QGIS/eg_adj_AVE10.asc
NCOLS 399
NROWS 289
XLLCORNER 150.661
YLLCORNER -34.0273
CELLSIZE 1e-05
NODATA_VALUE -9999
[rows 182 to 207 of 289, columns 180 to 239 of 399]
9.4457421 9.2496886 9.0091815 8.7449312 8.5081939 8.3612477 8.324407 8.3880593 8.5119686 8.6462065 8.7663844 8.8678584 8.9527992 9.0244101 9.0853976 9.1378221 9.183242 9.2228608 9.2576295 9.2883143 9.3155403 9.3398222 9.3615866 9.3811884 9.3989243 9.4150432 9.4297545 9.4432349 9.455634 9.4670789 9.477678 9.4875238 9.4966959 9.5052626 9.513283 9.5208085 9.5278837 9.5345475 9.5408342 9.546774 9.5523934 9.5577162 9.5627634 9.567554 9.5721048 9.5764312 9.5805471 9.5844649 9.5881962 9.5917514 9.5951403 9.5983715 9.6014535 9.6043936 9.6071991 9.6098763 9.6124316 9.6148705 9.6171985 9.6194205
9.4480476 9.2095788 8.911759 8.5685175 8.2540952 8.1467367 8.256695 8.4099181 8.5478679 8.6699636 8.776432 8.8677813 8.9457999 9.0126785 9.0704028 9.1205898 9.1645168 9.2031957 9.2374383 9.2679054 9.2951417 9.3196001 9.3416596 9.3616394 9.379809 9.3963968 9.4115971 9.4255753 9.4384729 9.4504114 9.4614948 9.471813 9.4814438 9.4904544 9.4989034 9.5068419 9.5143147 9.5213612 9.5280158 9.5343094 9.5402691 9.5459192 9.5512814 9.5563752 9.561218 9.5658258 9.5702129 9.5743923 9.5783761 9.5821752 9.5857996 9.5892586 9.5925607 9.595714 9.5987257 9.6016028 9.6043516 9.6069782 9.6094881 9.6118867
9.4802432 9.1817349 8.8226514 8.3747128 7.8894819 7.7646246 8.0657999 8.3539345 8.5421664 8.6747682 8.7786454 8.8647301 8.9379205 9.001017 9.0559377 9.1041109 9.1466398 9.1843967 9.218084 9.2482772 9.2754533 9.3000121 9.322291 9.3425765 9.3611129 9.3781092 9.3937445 9.4081732 9.4215282 9.4339244 9.4454616 9.456226 9.4662932 9.4757288 9.4845904 9.4929285 9.5007877 9.5082073 9.515222 9.5218629 9.5281574 9.5341303 9.5398037 9.5451976 9.5503299 9.5552169 9.5598735 9.5643132 9.5685484 9.5725904 9.5764496 9.5801358 9.5836577 9.5870237 9.5902414 9.5933181 9.5962603 9.5990744 9.6017662 9.6043412
9.4455673 9.1317798 8.7743409 8.3468031 7.8877766 7.7687193 8.0601358 8.3498951 8.542878 8.676 8.7771144 8.8593807 8.9289455 8.9890378 9.0416254 9.088059 9.1293394 9.1662433 9.1993923 9.2292951 9.2563741 9.2809853 9.3034303 9.3239673 9.3428178 9.3601729 9.3761978 9.3910358 9.4048113 9.4176329 9.4295951 9.440781 9.451263 9.4611049 9.4703631 9.4790872 9.487321 9.4951037 9.50247 9.5094508 9.516074 9.5223644 9.5283446 9.5340348 9.5394533 9.5446169 9.5495407 9.5542387 9.5587236 9.5630071 9.5670999 9.5710122 9.574753 9.5783309 9.581754 9.5850296 9.5881647 9.5911659 9.5940391 9.5967903
9.3106642 9.0391354 8.7403606 8.4412813 8.1886214 8.1118368 8.2369815 8.4132955 8.5630185 8.6805871 8.7747086 8.8526556 8.9190134 8.9766037 9.0272505 9.0722132 9.1124147 9.148563 9.1812202 9.2108441 9.2378147 9.262452 9.2850286 9.3057781 9.3249025 9.3425768 9.3589535 9.3741656 9.3883294 9.4015472 9.4139086 9.4254926 9.436369 9.4465993 9.4562384 9.4653346 9.4739312 9.4820666 9.4897754 9.4970884 9.5040335 9.5106357 9.5169176 9.5228997 9.5286006 9.5340375 9.5392257 9.5441795 9.5489119 9.553435 9.5577598 9.5618966 9.565855 9.5696438 9.5732711 9.5767448 9.580072 9.5832594 9.5863135 9.5892401
9.1550699 8.9107204 8.6433376 8.4143037 8.2867243 8.275075 8.3504341 8.4654406 8.5817184 8.684054 8.7708558 8.8446269 8.9081626 8.9636555 9.0126956 9.0564343 9.0957266 9.131228 9.1634563 9.192831 9.2196993 9.2443531 9.267041 9.2879767 9.3073452 9.3253079 9.3420057 9.3575624 9.3720868 9.3856749 9.3984119 9.4103727 9.4216243 9.432226 9.4422307 9.4516856 9.4606329 9.4691106 9.4771527 9.4847898 9.4920497 9.4989573 9.5055353 9.5118046 9.5177837 9.52349 9.5289393 9.5341459 9.5391233 9.5438836 9.5484383 9.5527979 9.5569721 9.5609702 9.5648005 9.568471 9.5719891 9.5753618 9.5785956 9.5816968
9.0194284 8.7606716 8.4459507 8.1497153 8.0493618 8.1657519 8.3268119 8.4662325 8.5830026 8.6811675 8.764135 8.8350025 8.8963531 8.9501667 8.9979051 9.0406436 9.0791864 9.1141497 9.1460184 9.1751835 9.2019669 9.2266388 9.2494287 9.2705339 9.2901255 9.3083529 9.3253473 9.341224 9.3560852 9.3700213 9.3831128 9.3954311 9.4070402 9.417997 9.4283528 9.4381532 9.4474397 9.4562491 9.4646151 9.472568 9.4801352 9.4873416 9.49421 9.5007611 9.5070137 9.5129854 9.5186919 9.524148 9.5293673 9.5343621 9.5391443 9.5437244 9.5481125 9.552318 9.5563495 9.5602153 9.5639229 9.5674795 9.5708919 9.5741665
8.9166324 8.6308885 8.2352683 7.7793487 7.6557392 7.9565245 8.2494019 8.4405028 8.5722755 8.6728409 8.7547235 8.8238851 8.8836613 8.9361735 8.9828756 9.024809 9.0627451 9.0972719 9.1288499 9.1578485 9.1845707 9.2092695 9.2321594 9.2534247 9.2732248 9.2916993 9.3089708 9.3251475 9.3403254 9.3545899 9.3680173 9.3806755 9.3926258 9.4039227 9.4146158 9.4247492 9.4343633 9.4434942 9.4521748 9.460435 9.4683019 9.4758003 9.4829528 9.4897802 9.4963013 9.5025338 9.5084935 9.5141954 9.5196532 9.5248795 9.5298862 9.5346843 9.539284 9.5436947 9.5479255 9.5519847 9.5558801 9.5596191 9.5632086 9.5666552
8.8526257 8.5722713 8.1975809 7.7656882 7.6479437 7.9415052 8.2348204 8.4298151 8.5633019 8.6634648 8.7440602 8.8118019 8.870312 8.9217786 8.9676473 9.008934 9.0463844 9.0805644 9.1119152 9.1407898 9.1674764 9.1922148 9.2152077 9.2366285 9.2566276 9.2753361 9.2928695 9.3093296 9.3248073 9.3393833 9.3531301 9.3661125 9.378389 9.3900121 9.4010295 9.411484 9.4214146 9.4308568 9.4398428 9.4484018 9.4565608 9.4643442 9.4717745 9.4788724 9.4856567 9.4921451 9.4983536 9.5042973 9.5099899 9.5154443 9.5206726 9.5256857 9.5304943 9.5351078 9.5395356 9.5437861 9.5478673 9.5517868 9.5555518 9.5591688
8.8105732 8.561228 8.2960146 8.0598662 7.9878035 8.1148502 8.2921763 8.4427352 8.5609764 8.6553616 8.7331862 8.7992335 8.8565433 8.9071061 8.9522831 8.9930447 9.0301074 9.0640158 9.0951952 9.1239848 9.1506609 9.175453 9.1985542 9.2201294 9.2403213 9.2592542 9.2770374 9.2937675 9.3095307 9.3244036 9.3384553 9.3517477 9.3643369 9.3762732 9.3876027 9.3983668 9.4086034 9.4183471 9.4276293 9.4364789 9.4449222 9.4529835 9.4606851 9.4680474 9.4750895 9.4818287 9.4882814 9.4944625 9.500386 9.5060649 9.5115113 9.5167364 9.5217509 9.5265646 9.5311868 9.5356262 9.5398911 9.543989 9.5479274 9.551713
8.7563234 8.5129757 8.299332 8.1700559 8.1527952 8.2251583 8.3393508 8.4561545 8.5595441 8.6474102 8.7220704 8.7863372 8.8425014 8.89226 8.936849 8.9771782 9.0139303 9.0476286 9.0786832 9.1074214 9.13411 9.1589694 9.1821853 9.2039155 9.2242964 9.2434465 9.26147 9.2784589 9.2944953 9.3096525 9.3239963 9.337586 9.3504754 9.362713 9.3743432 9.3854061 9.3959386 9.4059743 9.4155439 9.4246757 9.4333957 9.4417277 9.4496939 9.4573147 9.4646087 9.4715936 9.4782856 9.4846996 9.4908498 9.4967492 9.5024101 9.5078438 9.5130611 9.5180719 9.5228858 9.5275116 9.5319576 9.5362318 9.5403414 9.5442936
8.6722786 8.387708 8.107884 7.9660677 8.0442785 8.196943 8.335886 8.4536382 8.5532821 8.6378667 8.7102958 8.7730925 8.8282602 8.877319 8.9214059 8.9613751 8.9978768 9.0314135 9.0623809 9.0910959 9.1178162 9.1427553 9.166092 9.1879786 9.2085459 9.2279077 9.2461637 9.2634021 9.2797014 9.2951318 9.3097562 9.3236318 9.3368101 9.3493381 9.3612583 9.3726099 9.3834285 9.3937469 9.4035953 9.4130012 9.4219902 9.4305859 9.4388101 9.4466829 9.4542232 9.4614484 9.4683745 9.4750168 9.4813892 9.487505 9.4933765 9.4990152 9.5044319 9.5096367 9.5146393 9.5194487 9.5240732 9.528521 9.5327996 9.5369161
8.579676 8.253897 7.8630538 7.6517546 7.8533447 8.1225561 8.3094612 8.4411249 8.5429975 8.6267225 8.697853 8.7595518 8.8138955 8.862355 8.9060113 8.9456771 8.9819742 9.0153864 9.0462959 9.0750095 9.1017774 9.1268062 9.1502692 9.1723135 9.1930654 9.2126344 9.2311165 9.2485965 9.2651496 9.2808433 9.2957383 9.3098894 9.3233463 9.3361542 9.3483546 9.3599852 9.3710807 9.381673 9.3917916 9.4014637 9.4107142 9.4195664 9.4280419 9.4361606 9.4439412 9.451401 9.4585561 9.4654217 9.4720119 9.4783398 9.4844178 9.4902576 9.4958701 9.5012656 9.5064537 9.5114435 9.5162438 9.5208625 9.5253075 9.529586
8.5079362 8.2200245 7.8885929 7.7095189 7.8770633 8.1204855 8.3014361 8.4319395 8.5327403 8.6151932 8.6851438 8.7458897 8.7995126 8.8474438 8.8907218 8.9301252 8.966251 8.9995656 9.0304386 9.0591674 9.0859947 9.111121 9.1347145 9.1569176 9.1778524 9.1976248 9.2163275 9.234042 9.250841 9.2667894 9.2819458 9.2963629 9.3100888 9.3231673 9.3356383 9.3475387 9.3589022 9.36976 9.3801407 9.3900711 9.3995756 9.4086773 9.4173974 9.4257556 9.4337705 9.4414594 9.4488381 9.455922 9.4627251 9.4692606 9.4755409 9.4815779 9.4873824 9.4929649 9.4983351 9.5035023 9.5084752 9.513262 9.5178707 9.5223084
8.4346466 8.2190181 8.0440589 7.9682459 8.0370387 8.1768993 8.3138859 8.4290451 8.5241717 8.6040444 8.6725169 8.7322839 8.7852186 8.8326591 8.8755908 8.9147581 8.9507346 8.9839697 9.0148209 9.0435764 9.0704714 9.0957008 9.1194276 9.1417899 9.162906 9.1828784 9.2017966 9.2197395 9.2367772 9.2529725 9.2683818 9.2830563 9.2970424 9.3103825 9.3231154 9.335277 9.3469 9.3580149 9.3686499 9.3788308 9.3885821 9.3979262 9.4068842 9.4154756 9.4237188 9.4316309 9.4392279 9.4465248 9.4535359 9.4602743 9.4667526 9.4729825 9.4789751 9.4847409 9.4902897 9.4956308 9.5007731 9.505725 9.5104944 9.5150887
8.3074341 8.0849239 7.9702592 7.993813 8.0875549 8.2047387 8.321453 8.425901 8.5158665 8.5930962 8.6600437 8.7188307 8.7710934 8.8180619 8.8606642 8.89961 8.9354496 8.968616 8.9994544 9.0282437 9.055212 9.0805479 9.1044096 9.1269309 9.1482265 9.1683955 9.1875247 9.2056903 9.2229603 9.2393953 9.25505 9.2699738 9.2842118 9.2978052 9.3107917 9.3232061 9.3350805 9.3464446 9.3573259 9.36775 9.3777408 9.3873204 9.3965096 9.4053278 9.4137931 9.4219226 9.4297323 9.4372371 9.4444511 9.4513877 9.4580594 9.4644779 9.4706545 9.4765996 9.4823232 9.4878347 9.4931431 9.4982568 9.5031838 9.5079318
8.132994 7.7931721 7.6306277 7.7953031 8.0187183 8.1858816 8.3138433 8.4183763 8.5064665 8.5819969 8.6476873 8.7055739 8.7571915 8.8036992 8.8459788 8.8847084 8.9204162 8.9535188 8.9843491 9.0131763 9.0402208 9.0656652 9.0896623 9.112342 9.133815 9.1541776 9.1735135 9.1918967 9.209393 9.226061 9.2419539 9.2571195 9.2716018 9.2854405 9.2986726 9.311332 9.3234499 9.3350554 9.3461756 9.3568355 9.3670586 9.3768668 9.3862805 9.3953191 9.4040004 9.4123415 9.4203581 9.4280654 9.4354773 9.4426071 9.4494675 9.4560702 9.4624264 9.4685468 9.4744413 9.4801196 9.4855905 9.4908626 9.4959441 9.5008427
8.023311 7.6220898 7.4213687 7.665387 7.9617485 8.1625837 8.3019663 8.4088537 8.4964338 8.5708568 8.6355096 8.6925672 8.7435582 8.7896071 8.831562 8.8700739 8.9056495 8.9386892 8.9695129 8.9983796 9.0255018 9.0510554 9.075188 9.0980249 9.1196735 9.1402265 9.1597651 9.1783611 9.1960781 9.2129731 9.2290975 9.244498 9.2592171 9.2732937 9.2867638 9.2996604 9.3120143 9.3238537 9.3352053 9.3460937 9.3565421 9.366572 9.3762037 9.3854562 9.3943473 9.402894 9.4111119 9.4190161 9.4266206 9.4339387 9.4409829 9.4477651 9.4542967 9.4605881 9.4666496 9.4724906 9.4781204 9.4835475 9.4887801 9.493826
8.0288881 7.770386 7.6488569 7.7836145 7.9928197 8.1650388 8.2967664 8.4009987 8.486955 8.5600748 8.623664 8.6798829 8.7302347 8.7758118 8.8174317 8.8557188 8.8911585 8.9241337 8.9549506 8.9838575 9.011058 9.0367211 9.0609889 9.083982 9.105804 9.1265446 9.1462824 9.1650867 9.1830192 9.2001353 9.216485 9.2321136 9.2470626 9.2613699 9.2750707 9.2881972 9.3007795 9.3128455 9.3244212 9.335531 9.3461977 9.3564424 9.3662854 9.3757454 9.3848402 9.3935864 9.4019999 9.4100955 9.4178872 9.4253883 9.4326115 9.4395685 9.4462708 9.452729 9.4589532 9.4649531 9.4707379 9.4763163 9.4816965 9.4868865
7.9916422 7.8653857 7.8398686 7.9150664 8.0454129 8.1794996 8.2967338 8.3952832 8.4784873 8.5499011 8.6122703 8.6675766 8.7172468 8.7623257 8.8035941 8.8416469 8.8769457 8.9098544 8.9406643 8.9696119 8.9968913 9.0226644 9.0470672 9.0702157 9.0922094 9.113135 9.1330684 9.1520768 9.17022 9.1875518 9.2041208 9.2199711 9.2351433 9.2496744 9.2635987 9.2769479 9.2897514 9.3020368 9.3138295 9.3251536 9.3360315 9.3464844 9.356532 9.3661931 9.3754852 9.384425 9.3930281 9.4013093 9.4092828 9.4169618 9.4243588 9.4314858 9.4383542 9.4449746 9.4513573 9.457512 9.4634479 9.4691738 9.474698 9.4800285
7.7634873 7.6505991 7.7448875 7.9032834 8.0524907 8.1835361 8.295508 8.3901985 8.4707771 8.5403383 8.6013537 8.6556588 8.7045937 8.7491431 8.7900427 8.8278526 8.863007 8.8958489 8.926653 8.9556429 8.9830029 9.0088871 9.0334252 9.0567285 9.0788926 9.100001 9.1201269 9.1393355 9.1576848 9.175227 9.1920096 9.2080756 9.2234644 9.2382125 9.2523534 9.2659182 9.2789359 9.2914334 9.303436 9.3149674 9.3260497 9.3367038 9.3469494 9.3568051 9.3662882 9.3754154 9.3842022 9.3926634 9.4008131 9.4086645 9.4162303 9.4235223 9.430552 9.4373301 9.4438669 9.4501721 9.456255 9.4621245 9.4677889 9.4732564
7.4245725 7.2475587 7.5075224 7.8161227 8.0287353 8.1779029 8.2922853 8.3852945 8.4636514 8.5313145 8.5908689 8.6440918 8.6922427 8.7362372 8.7767569 8.814321 8.8493326 8.882111 8.9129132 8.9419493 8.9693931 8.9953905 9.0200653 9.0435235 9.0658571 9.0871463 9.107462 9.1268671 9.1454182 9.1631659 9.1801565 9.196432 9.2120313 9.2269897 9.2413404 9.2551139 9.2683386 9.2810412 9.2932467 9.3049783 9.316258 9.3271066 9.3375435 9.3475872 9.357255 9.3665633 9.3755278 9.3841632 9.3924835 9.400502 9.4082312 9.4156832 9.4228693 9.4298003 9.4364866 9.442938 9.4491638 9.4551728 9.4609737 9.4665744
7.3773247 7.2004151 7.4699509 7.7981086 8.0247321 8.1780546 8.2912637 8.3815372 8.4572311 8.5227587 8.5807204 8.6327932 8.6801304 8.7235616 8.7637041 8.8010298 8.8359077 8.8686317 8.8994403 8.9285293 8.9560621 8.9821765 9.0069902 9.0306042 9.0531069 9.0745755 9.0950784 9.1146767 9.1334252 9.1513735 9.1685667 9.1850461 9.2008494 9.2160117 9.2305653 9.2445405 9.2579653 9.270866 9.2832672 9.295192 9.3066623 9.3176985 9.32832 9.3385451 9.3483911 9.3578743 9.3670104 9.375814 9.3842992 9.3924791 9.4003665 9.4079732 9.4153108 9.42239 9.4292212 9.4358143 9.4421786 9.4483231 9.4542564 9.4599865
7.6506728 7.545802 7.6768796 7.8844105 8.0591314 8.1916016 8.2948879 8.3794427 8.4514496 8.5144872 8.57074 8.6216362 8.6681674 8.7110553 8.7508433 8.7879525 8.8227158 8.8554015 8.8862293 8.9153814 8.9430108 8.9692476 8.9942034 9.017975 9.0406468 9.0622936 9.0829814 9.1027696 9.1217115 9.1398557 9.1572461 9.1739233 9.1899245 9.2052841 9.220034 9.234204 9.2478218 9.2609134 9.2735033 9.2856143 9.2972681 9.308485 9.3192843 9.3296841 9.3397018 9.3493537 9.3586552 9.367621 9.3762652 9.384601 9.392641 9.4003972 9.4078811 9.4151035 9.4220749 9.4288051 9.4353036 9.4415794 9.447641 9.4534966
7.8755452 7.8294928 7.8819774 7.9909927 8.107292 8.2112661 8.3006487 8.3778824 8.4456744 8.5061074 8.5606763 8.6104584 8.6562491 8.698651 8.738132 8.7750627 8.8097413 8.8424121 8.873277 8.9025056 8.9302414 8.9566074 8.9817097 9.005641 9.0284826 9.0503066 9.0711772 9.091152 9.1102833 9.1286185 9.1462008 9.16307 9.1792627 9.194813 9.2097523 9.2241101 9.2379138 9.2511893 9.2639607 9.2762507 9.288081 9.2994716 9.3104418 9.3210097 9.3311925 9.3410065 9.3504671 9.3595891 9.3683864 9.3768723 9.3850593 9.3929597 9.4005847 9.4079454 9.4150521 9.4219148 9.4285429 9.4349455 9.4411313 9.4471085
7.9312001 7.9340198 7.9791645 8.0539559 8.1401484 8.2251356 8.303684 8.3747563 8.4389144 8.4971069 8.5502445 8.599094 8.644276 8.6862888 8.7255343 8.7623397 8.7969736 8.8296591 8.8605832 8.8899045 8.9177583 8.9442614 8.9695154 8.9936091 9.0166212 9.0386215 9.0596726 9.0798308 9.0991473 9.1176685 9.1354371 9.1524923 9.1688702 9.1846044 9.1997263 9.2142648 9.2282473 9.2416993 9.254645 9.2671068 9.2791063 9.2906636 9.3017978 9.3125269 9.3228681 9.3328377 9.3424512 9.3517231 9.3606674 9.3692976 9.3776261 9.385665 9.3934259 9.4009197 9.4081568 9.4151472 9.4219004 9.4284254 9.4347311 9.4408257
