Cobbity3/QGIS/eg_AVE10.asc
NCOLS 399
NROWS 289
XLLCORNER 150.661
YLLCORNER -34.0273
CELLSIZE 1e-05
NODATA_VALUE -9999
[rows 130 to 155 of 289, columns 180 to 239 of 399]
11.222818 11.215368 11.24767 11.342413 11.541691 11.85038 11.970661 11.648793 11.279935 11.033044 10.881195 10.816792 10.889077 11.137136 11.126797 10.482005 9.6432722 8.80322 8.2762785 8.3490415 8.7037132 9.0249185 9.254029 9.4131713 9.5270287 9.6116803 9.6766977 9.7278222 9.7686546 9.8015875 9.8283025 9.8500366 9.8677308 9.8821182 9.8937786 9.9031761 9.9106849 9.9166094 9.9211986 9.9246572 9.9271548 9.9288325 9.9298084 9.9301819 9.9300372 9.9294458 9.9284687 9.9271585 9.9255604 9.9237136 9.921652 9.9194053 9.9169995 9.9144574 9.911799 9.909042 9.906202 9.9032929 9.9003269 9.8973151
11.20916 11.206098 11.239594 11.329599 11.513161 11.788929 11.889498 11.596942 11.248088 11.007643 10.860131 10.798643 10.87359 11.133793 11.127178 10.492661 9.7879462 9.247473 8.9367093 8.8853661 9.0050049 9.1734685 9.3280285 9.453257 9.5513142 9.627986 9.688497 9.736783 9.7756754 9.8072142 9.8328984 9.8538568 9.870959 9.8848877 9.8961862 9.9052922 9.9125611 9.9182834 9.9226985 9.9260043 9.9283656 9.92992 9.9307834 9.9310536 9.9308134 9.9301335 9.9290744 9.927688 9.9260192 9.9241068 9.9219845 9.9196817 9.9172242 9.9146343 9.9119321 9.9091348 9.906258 9.9033153 9.9003188 9.8972792
11.194941 11.194258 11.221128 11.28192 11.384608 11.505332 11.523849 11.362778 11.142276 10.961094 10.835625 10.761566 10.741739 10.75508 10.601814 10.124923 9.5764061 9.2042547 9.0523264 9.0553548 9.1435518 9.2638924 9.3833454 9.4876673 9.5739065 9.6437609 9.7001048 9.745661 9.7826526 9.8128073 9.8374532 9.8576172 9.8741022 9.8875446 9.8984545 9.9072449 9.9142531 9.9197563 9.923984 9.927127 9.9293448 9.9307714 9.9315197 9.9316854 9.9313499 9.9305829 9.9294437 9.9279839 9.9262475 9.9242729 9.9220936 9.9197385 9.9172331 9.9145995 9.9118574 9.9090239 9.9061143 9.9031419 9.9001186 9.897055
11.183097 11.187461 11.211745 11.249509 11.289226 11.310838 11.280095 11.179902 11.045017 10.92183 10.832335 10.769496 10.69027 10.521285 10.173008 9.5878624 8.9469647 8.6484223 8.7410371 8.9490787 9.135929 9.2873789 9.4104819 9.5106778 9.5919268 9.6576714 9.710923 9.7541852 9.7894566 9.8183 9.8419309 9.861299 9.8771531 9.8900898 9.9005898 9.9090441 9.915773 9.9210412 9.9250685 9.9280383 9.9301049 9.931398 9.9320274 9.9320866 9.9316551 9.9308011 9.9295831 9.9280515 9.9262498 9.924216 9.9219827 9.9195786 9.9170287 9.9143551 9.9115768 9.9087108 9.9057721 9.9027738 9.8997275 9.8966437
11.17624 11.193327 11.231953 11.277896 11.300922 11.274573 11.201639 11.100602 10.994328 10.910334 10.875199 10.896911 10.892807 10.641225 10.012617 8.9948855 7.8361754 7.5541646 8.1446906 8.7085256 9.0583795 9.2740869 9.4191675 9.5248368 9.6058069 9.6696548 9.7208316 9.7622652 9.7960289 9.8236553 9.8463083 9.8648887 9.8801051 9.8925222 9.9025954 9.910696 9.9171292 9.9221476 9.9259618 9.9287483 9.9306554 9.9318088 9.9323149 9.9322646 9.9317355 9.9307941 9.9294976 9.9278954 9.9260303 9.9239393 9.9216547 9.9192045 9.9166135 9.913903 9.9110919 9.908197 9.9052328 9.9022121 9.8991465 9.896046
11.173928 11.212684 11.290251 11.395707 11.459981 11.394655 11.243578 11.095606 10.98215 10.920298 10.949718 11.142008 11.429293 11.182625 10.175428 8.690751 7.0085785 6.7502304 7.7615182 8.5625351 9.0106681 9.2662895 9.4265651 9.53681 9.6180351 9.6806066 9.7301392 9.7699993 9.8023943 9.8288738 9.8505795 9.8683803 9.8829545 9.8948405 9.9044725 9.9122041 9.9183267 9.9230817 9.926671 9.9292638 9.9310033 9.9320105 9.9323886 9.9322255 9.9315966 9.9305667 9.9291917 9.9275196 9.9255923 9.923446 9.9211123 9.9186186 9.9159892 9.9132449 9.9104044 9.9074838 9.9044975 9.901458 9.8983766 9.8952629
11.171067 11.232855 11.361715 11.574459 11.750611 11.626611 11.341146 11.120026 10.985083 10.927677 10.982675 11.25982 11.74037 11.516709 10.379887 9.0093863 7.7277421 7.4437236 8.0624264 8.6674821 9.0531654 9.2904529 9.444731 9.5520342 9.6310056 9.6915566 9.7392798 9.777566 9.8086233 9.833981 9.8547514 9.8717741 9.8856997 9.8970439 9.9062213 9.9135699 9.9193681 9.923847 9.9272 9.9295896 9.9311533 9.9320079 9.9322529 9.9319733 9.9312423 9.9301226 9.9286685 9.9269268 9.9249383 9.9227383 9.9203574 9.9178227 9.9151575 9.9123824 9.9095154 9.9065724 9.9035673 9.9005124 9.8974185 9.8942952
11.160851 11.231826 11.378767 11.63566 11.867772 11.715303 11.37112 11.124559 10.985261 10.923773 10.940937 11.072351 11.251236 11.018404 10.269214 9.4097983 8.7123285 8.455391 8.622569 8.9119387 9.1594472 9.3420119 9.4741711 9.5716755 9.6455853 9.7030172 9.7485261 9.7851015 9.8147801 9.8390047 9.8588348 9.8750725 9.8883402 9.8991308 9.9078406 9.9147929 9.9202539 9.9244448 9.9275508 9.9297278 9.931108 9.9318037 9.9319106 9.9315109 9.9306752 9.9294641 9.9279304 9.9261193 9.9240703 9.9218179 9.9193917 9.916818 9.9141196 9.9113164 9.908426 9.9054637 9.902443 9.899376 9.8962731 9.8931435
11.142463 11.2034 11.313467 11.478889 11.602505 11.503782 11.275953 11.091779 10.984473 10.936898 10.919666 10.892731 10.794347 10.507603 10.014431 9.4928146 9.1130431 8.9492947 8.979633 9.1115563 9.2633215 9.3979613 9.5071606 9.5933081 9.6611124 9.7148679 9.7578968 9.7926435 9.8208926 9.8439604 9.8628359 9.8782767 9.8908744 9.9010986 9.9093279 9.9158711 9.9209826 9.9248742 9.9277231 9.9296789 9.9308682 9.9313988 9.9313629 9.9308395 9.9298966 9.9285927 9.9269786 9.9250981 9.9229895 9.9206859 9.9182162 9.9156057 9.9128765 9.9100479 9.9071369 9.9041584 9.9011255 9.8980496 9.894941 9.8918086
11.125078 11.171435 11.233403 11.299472 11.32854 11.271036 11.154734 11.050846 11.000822 11.013897 11.052234 10.992387 10.715332 10.24216 9.6711237 9.1922198 8.9734294 8.9717303 9.0678623 9.1959444 9.3249664 9.4398672 9.5358837 9.6137964 9.6763926 9.7266823 9.7672539 9.8001545 9.8269537 9.8488477 9.8667539 9.8813842 9.8932984 9.902943 9.9106788 9.9168003 9.9215508 9.9251324 9.9277149 9.9294412 9.9304327 9.9307927 9.9306095 9.9299591 9.9289066 9.9275085 9.9258135 9.9238638 9.9216963 9.9193428 9.9168314 9.9141862 9.9114287 9.9085774 9.9056488 9.9026571 9.8996151 9.8965337 9.8934228 9.890291
11.122339 11.16994 11.212927 11.230339 11.210246 11.15394 11.080726 11.027759 11.039895 11.169654 11.428364 11.527352 11.017372 10.111827 9.1072404 8.3673596 8.3202705 8.6565096 8.967963 9.1873982 9.3450143 9.4644305 9.5577357 9.6316677 9.6907043 9.7381375 9.7764629 9.8075815 9.8329427 9.8536571 9.8705824 9.8843888 9.8956058 9.9046575 9.9118868 9.9175747 9.921953 9.9252148 9.9275221 9.9290115 9.9297988 9.9299831 9.9296486 9.9288682 9.9277043 9.9262108 9.9244345 9.922416 9.9201904 9.9177886 9.9152372 9.9125596 9.9097762 9.9069051 9.9039618 9.9009601 9.8979122 9.8948287 9.891719 9.8885912
11.142241 11.222828 11.296331 11.303274 11.230605 11.133446 11.053847 11.018031 11.068528 11.297947 11.826702 12.221441 11.430784 10.002419 8.3795912 7.1466822 7.4177291 8.2571427 8.8271944 9.1521632 9.3488129 9.4802308 9.5752838 9.6475596 9.7041426 9.7492093 9.7854903 9.814901 9.8388444 9.8583774 9.8743117 9.8872812 9.8977875 9.9062329 9.9129434 9.9181862 9.9221821 9.9251148 9.9271389 9.9283845 9.9289622 9.9289662 9.9284772 9.9275643 9.9262874 9.9246978 9.9228403 9.9207535 9.9184711 9.9160225 9.9134331 9.9107255 9.907919 9.9050308 9.9020759 9.8990675 9.8960171 9.8929349 9.8898298 9.8867096
11.174777 11.321488 11.492168 11.519777 11.348184 11.164885 11.05107 11.007835 11.049314 11.235828 11.639145 11.888343 11.190088 9.8671898 8.2608197 7.0200661 7.3217758 8.2055257 8.8108137 9.1573654 9.3641617 9.4985436 9.5929395 9.6631289 9.7173013 9.7600973 9.7943953 9.8221243 9.8446543 9.862999 9.8779305 9.8900496 9.8998317 9.9076579 9.9138378 9.9186247 9.9222285 9.924824 9.9265578 9.9275538 9.9279171 9.9277372 9.9270908 9.9260437 9.9246528 9.9229669 9.9210285 9.9188744 9.9165367 9.9140432 9.9114183 9.9086832 9.9058564 9.9029543 9.8999911 9.8969793 9.8939298 9.8908524 9.8877555 9.8846465
11.185326 11.380309 11.641034 11.695857 11.433673 11.184449 11.049487 11.000085 11.012164 11.075357 11.164229 11.104958 10.635197 9.8078814 8.8291907 8.1065583 8.1229034 8.5557308 8.9518869 9.222901 9.4022486 9.5251724 9.6135008 9.6796428 9.7307224 9.7710189 9.8032565 9.8292728 9.8503708 9.8675114 9.8814251 9.8926795 9.9017238 9.9089186 9.9145565 9.9188778 9.9220811 9.924332 9.9257696 9.9265111 9.9266561 9.9262895 9.9254839 9.9243016 9.9227963 9.9210145 9.9189962 9.9167764 9.9143852 9.9118492 9.9091913 9.9064316 9.9035876 9.9006749 9.8977067 9.894695 9.8916502 9.8885812 9.8854962 9.8824021
11.145767 11.306571 11.501609 11.535848 11.341537 11.144124 11.039351 11.016573 11.041503 11.050004 10.962061 10.725271 10.315002 9.7819899 9.2516201 8.883047 8.8020867 8.9406607 9.1400462 9.3169813 9.4545569 9.558272 9.6368292 9.6972694 9.7445492 9.7820508 9.8121029 9.8363491 9.8559838 9.8718992 9.8847779 9.8951528 9.9034463 9.909998 9.9150841 9.918931 9.9217265 9.9236268 9.9247633 9.9252466 9.9251707 9.9246156 9.9236498 9.9223321 9.920713 9.9188363 9.9167397 9.9144561 9.912014 9.9094382 9.9067503 9.9039692 9.9011115 9.8981917 9.8952223 9.8922145 9.889178 9.8861213 9.883052 9.8799767
11.076472 11.165671 11.250833 11.258159 11.169352 11.069602 11.02907 11.078514 11.216822 11.33214 11.172132 10.703797 10.133722 9.6194732 9.2704094 9.1053403 9.0837042 9.1588036 9.2777004 9.3995661 9.5057222 9.5921745 9.6609049 9.7153118 9.7585439 9.7931063 9.8208942 9.8433257 9.8614689 9.8761386 9.8879661 9.8974476 9.9049783 9.9108767 9.9154021 9.9187675 9.9211493 9.9226944 9.9235263 9.9237491 9.9234508 9.9227066 9.9215808 9.9201285 9.918397 9.9164273 9.9142547 9.91191 9.9094199 9.9068075 9.9040931 9.9012944 9.8984267 9.8955036 9.8925369 9.889537 9.8865129 9.8834725 9.880423 9.8773704
11.021453 11.063657 11.089868 11.082465 11.041851 11.003031 11.019655 11.160804 11.511376 11.960976 11.780447 10.855499 9.8625449 9.1099808 8.8168912 8.8940027 9.0618199 9.2132505 9.3426876 9.4535339 9.546421 9.6224344 9.6837435 9.7329128 9.7723378 9.80402 9.8295472 9.8501522 9.866789 9.8801983 9.8909612 9.8995374 9.9062952 9.9115318 9.9154896 9.918368 9.920332 9.9215191 9.9220447 9.9220059 9.9214853 9.9205528 9.9192683 9.9176832 9.9158417 9.9137817 9.9115363 9.909134 9.9065994 9.9039543 9.9012174 9.898405 9.8955315 9.8926094 9.8896497 9.8866619 9.8836544 9.8806346 9.877609 9.8745833
11.011089 11.044215 11.044181 11.013884 10.973776 10.950966 10.988225 11.163348 11.60281 12.225664 12.038871 10.7874 9.3317809 8.125534 7.9039019 8.4214198 8.8935696 9.1822383 9.3614114 9.4847218 9.5766626 9.6480887 9.7045751 9.7496081 9.7856742 9.81465 9.8379773 9.8567716 9.8719 9.8840411 9.8937299 9.9013921 9.9073692 9.9119377 9.9153233 9.9177113 9.9192554 9.9200835 9.9203027 9.9200033 9.9192618 9.9181431 9.9167026 9.9149879 9.9130398 9.9108934 9.9085791 9.9061233 9.9035488 9.9008754 9.8981204 9.895299 9.8924243 9.8895078 9.8865596 9.8835884 9.8806021 9.8776074 9.8746101 9.8716155
11.052214 11.119144 11.103531 11.021497 10.945909 10.906022 10.921701 11.034105 11.291466 11.567186 11.315785 10.320141 8.8869104 7.478423 7.3342746 8.1448154 8.7936004 9.1624109 9.3746556 9.5088683 9.6019553 9.6708439 9.7238221 9.7654347 9.7984969 9.8249292 9.8461251 9.8631326 9.8767572 9.8876265 9.8962353 9.9029774 9.9081689 9.9120658 9.9148768 9.9167736 9.9178981 9.9183683 9.9182832 9.917726 9.9167669 9.9154658 9.9138735 9.9120337 9.9099836 9.9077556 9.9053774 9.9028732 9.9002637 9.8975672 9.8947993 9.891974 9.8891031 9.8861972 9.8832655 9.8803159 9.8773555 9.8743905 9.8714262 9.8684673
11.09864 11.218493 11.192156 11.048585 10.931741 10.86639 10.842959 10.86014 10.905775 10.886165 10.602195 9.9505547 9.0044826 8.0846423 7.9154316 8.4038697 8.8916436 9.2109276 9.4094492 9.5385242 9.6278304 9.6929961 9.7423741 9.7807024 9.8108876 9.8348541 9.8539567 9.8691923 9.8813158 9.8909113 9.8984367 9.9042557 9.9086597 9.9118844 9.9141217 9.9155292 9.9162369 9.916353 9.915968 9.9151578 9.9139865 9.9125085 9.9107701 9.9088109 9.9066649 9.9043613 9.9019252 9.8993785 9.89674 9.8940261 9.8912512 9.8884275 9.8855661 9.8826762 9.8797663 9.8768435 9.8739142 9.8709838 9.8680573 9.8651388
11.065332 11.171469 11.147254 11.017803 10.906953 10.83756 10.788899 10.737756 10.657532 10.50395 10.220704 9.793249 9.2802562 8.8356846 8.6912352 8.8511029 9.0996322 9.3111479 9.4660785 9.5765886 9.6565489 9.7158568 9.7608866 9.7956988 9.8229478 9.8444381 9.8614467 9.8749091 9.8855295 9.8938488 9.9002894 9.9051854 9.9088035 9.911359 9.9130267 9.9139501 9.914247 9.9140156 9.9133376 9.9122816 9.9109054 9.909258 9.9073809 9.9053099 9.9030752 9.9007031 9.8982162 9.8956339 9.8929731 9.8902486 9.8874729 9.8846572 9.8818112 9.8789433 9.8760609 9.8731705 9.8702775 9.8673871 9.8645034 9.8616302
10.966138 11.021313 11.008443 10.941797 10.879111 10.837537 10.7966 10.718234 10.565138 10.319195 9.9911282 9.6353942 9.3351466 9.1442975 9.0862181 9.1509831 9.2796115 9.4143332 9.5288574 9.6186447 9.6872091 9.7394445 9.7795145 9.8105269 9.8347128 9.8536697 9.8685576 9.8802339 9.8893451 9.8963867 9.901744 9.9057207 9.9085586 9.910452 9.9115585 9.9120065 9.9119021 9.9113329 9.9103716 9.9090796 9.9075081 9.9057007 9.9036943 9.9015203 9.8992057 9.8967737 9.8942441 9.8916342 9.8889588 9.8862308 9.8834615 9.8806607 9.8778367 9.8749972 9.8721484 9.8692962 9.8664454 9.8636003 9.8607648 9.857942
10.870903 10.899089 10.900404 10.884795 10.878989 10.895961 10.913798 10.859476 10.645377 10.256711 9.7558692 9.2800269 9.0279418 9.0321311 9.1395653 9.2618363 9.3818579 9.4915195 9.5845192 9.6593364 9.7178497 9.7631058 9.7980537 9.8251115 9.8461307 9.8624935 9.8752278 9.8851024 9.8926994 9.8984648 9.9027449 9.9058114 9.9078799 9.9091233 9.9096812 9.9096672 9.9091746 9.9082805 9.9070489 9.9055333 9.9037787 9.9018229 9.8996982 9.8974321 9.8950478 9.8925656 9.8900027 9.887374 9.8846925 9.8819693 9.8792142 9.8764355 9.8736408 9.8708364 9.8680278 9.8652201 9.8624174 9.8596235 9.8568416 9.8540746
10.803481 10.826099 10.843566 10.866697 10.918885 11.027383 11.187576 11.253713 10.967619 10.318999 9.4577318 8.6078095 8.297392 8.6058571 8.9947846 9.2572999 9.4258144 9.5431505 9.6302155 9.6964907 9.7472748 9.7862514 9.8162113 9.8392858 9.8570839 9.8708108 9.8813676 9.8894316 9.8955162 9.9000142 9.9032301 9.9054021 9.9067186 9.90733 9.9073574 9.9068992 9.9060359 9.9048339 9.903348 9.9016242 9.899701 9.8976108 9.895381 9.893035 9.8905928 9.8880715 9.8854858 9.8828483 9.8801701 9.8774606 9.8747281 9.8719798 9.8692219 9.8664599 9.8636985 9.8609418 9.8581935 9.8554568 9.8527344 9.8500286
10.75994 10.786752 10.820321 10.873286 10.974102 11.177236 11.537929 11.844085 11.477703 10.501065 9.2556538 7.9876553 7.6146981 8.2379152 8.868615 9.2444827 9.4566814 9.5854792 9.6708482 9.7311938 9.7754883 9.8086597 9.8337631 9.8528615 9.867416 9.8784883 9.8868614 9.8931202 9.8977063 9.9009566 9.9031313 9.9044334 9.9050229 9.9050271 9.9045482 9.903669 9.902457 9.9009678 9.8992473 9.8973338 9.8952593 9.8930508 9.890731 9.8883194 9.8858326 9.8832846 9.8806877 9.8780525 9.8753878 9.8727018 9.870001 9.8672916 9.8645787 9.8618668 9.8591598 9.8564612 9.853774 9.8511007 9.8484436 9.8458049
10.732564 10.76727 10.814747 10.885947 11.005061 11.224646 11.61281 11.963261 11.597002 10.617278 9.4321208 8.306484 7.9500108 8.4160369 8.9564639 9.3071206 9.5118621 9.6345483 9.7127276 9.7656207 9.8030525 9.8303262 9.8505373 9.8656388 9.8769414 9.8853641 9.8915704 9.8960498 9.8991686 9.9012056 9.9023745 9.902842 9.9027387 9.9021683 9.9012139 9.8999425 9.8984088 9.8966575 9.8947257 9.892644 9.8904381 9.8881298 9.8857372 9.883276 9.8807592 9.8781984 9.8756032 9.872982 9.8703422 9.8676899 9.8650308 9.8623695 9.8597103 9.8570566 9.8544117 9.8517784 9.8491591 9.8465557 9.8439703 9.8414043
