Cobbity3/QGIS/eg_adj_AVE10.asc
NCOLS 399
NROWS 289
XLLCORNER 150.661
YLLCORNER -34.0273
CELLSIZE 1e-05
NODATA_VALUE -9999
[rows 130 to 155 of 289, columns 240 to 299 of 399]
9.8736388 9.8708063 9.8679481 9.8650709 9.8621809 9.8592835 9.8563836 9.8534857 9.8505936 9.847711 9.844841 9.8419864 9.8391499 9.8363338 9.83354 9.8307704 9.8280265 9.8253098 9.8226214 9.8199626 9.8173341 9.8147369 9.8121715 9.8096385 9.8071384 9.8046716 9.8022383 9.7998388 9.7974731 9.7951414 9.7928436 9.7905797 9.7883496 9.7861532 9.7839903 9.7818607 9.7797642 9.7777004 9.7756691 9.7736699 9.7717026 9.7697667 9.7678618 9.7659877 9.7641439 9.7623299 9.7605454 9.7587899 9.757063 9.7553643 9.7536933 9.7520496 9.7504328 9.7488423 9.7472778 9.7457389 9.744225 9.7427358 9.7412708 9.7398296
9.8724489 9.8696241 9.8667747 9.8639075 9.8610284 9.8581427 9.8552552 9.8523703 9.8494919 9.8466234 9.8437679 9.8409282 9.8381067 9.8353058 9.8325274 9.8297732 9.8270447 9.8243434 9.8216704 9.8190267 9.8164133 9.813831 9.8112803 9.8087618 9.806276 9.8038231 9.8014036 9.7990175 9.7966649 9.7943461 9.7920609 9.7898092 9.7875911 9.7854064 9.7832549 9.7811364 9.7790506 9.7769973 9.7749761 9.7729869 9.7710291 9.7691026 9.7672068 9.7653415 9.7635062 9.7617006 9.7599241 9.7581765 9.7564572 9.7547659 9.7531021 9.7514654 9.7498553 9.7482714 9.7467134 9.7451806 9.7436728 9.7421895 9.7407302 9.7392945
9.8710856 9.8682722 9.8654354 9.8625816 9.8597167 9.856846 9.8539743 9.8511056 9.8482439 9.8453924 9.8425543 9.8397322 9.8369286 9.8341456 9.8313852 9.828649 9.8259385 9.823255 9.8205998 9.8179738 9.8153778 9.8128127 9.8102789 9.8077772 9.8053078 9.8028711 9.8004674 9.7980968 9.7957595 9.7934555 9.7911848 9.7889474 9.7867432 9.784572 9.7824337 9.7803281 9.7782548 9.7762137 9.7742045 9.7722268 9.7702803 9.7683648 9.7664797 9.7646247 9.7627995 9.7610037 9.7592368 9.7574984 9.7557881 9.7541056 9.7524503 9.7508219 9.7492198 9.7476438 9.7460934 9.7445681 9.7430675 9.7415912 9.7401387 9.7387097
9.8695505 9.8667522 9.8639314 9.8610945 9.8582472 9.8553948 9.8525419 9.8496926 9.8468505 9.8440191 9.8412013 9.8383996 9.8356166 9.8328543 9.8301144 9.8273988 9.8247088 9.8220457 9.8194107 9.8168047 9.8142285 9.8116828 9.8091684 9.8066855 9.8042348 9.8018164 9.7994306 9.7970776 9.7947576 9.7924705 9.7902163 9.7879951 9.7858066 9.7836508 9.7815276 9.7794366 9.7773776 9.7753505 9.7733548 9.7713904 9.7694568 9.7675538 9.7656809 9.7638379 9.7620242 9.7602397 9.7584837 9.756756 9.7550562 9.7533837 9.7517383 9.7501195 9.7485268 9.7469598 9.7454182 9.7439015 9.7424093 9.7409412 9.7394967 9.7380755
9.8678453 9.8650656 9.8622643 9.8594476 9.8566213 9.8537903 9.8509594 9.8481324 9.845313 9.8425046 9.8397099 9.8369315 9.8341718 9.8314327 9.8287162 9.8260237 9.8233567 9.8207165 9.8181041 9.8155204 9.8129663 9.8104425 9.8079495 9.8054878 9.8030578 9.8006598 9.7982941 9.7959608 9.79366 9.7913918 9.7891561 9.7869529 9.7847821 9.7826435 9.7805371 9.7784625 9.7764196 9.7744081 9.7724277 9.7704782 9.7685591 9.7666702 9.7648111 9.7629815 9.7611809 9.7594091 9.7576656 9.7559499 9.7542618 9.7526009 9.7509666 9.7493586 9.7477765 9.7462199 9.7446883 9.7431814 9.7416988 9.7402399 9.7388045 9.7373921
9.8659715 9.8632139 9.8604354 9.8576423 9.8548401 9.8520338 9.8492279 9.8464263 9.8436326 9.84085 9.8380813 9.8353289 9.8325952 9.8298821 9.8271914 9.8245247 9.8218832 9.8192683 9.8166809 9.814122 9.8115923 9.8090925 9.8066233 9.8041849 9.8017779 9.7994024 9.7970588 9.7947472 9.7924677 9.7902203 9.788005 9.7858217 9.7836704 9.7815509 9.7794631 9.7774067 9.7753816 9.7733874 9.7714239 9.7694909 9.7675879 9.7657147 9.7638709 9.7620562 9.7602702 9.7585125 9.7567828 9.7550806 9.7534056 9.7517574 9.7501356 9.7485398 9.7469695 9.7454244 9.7439041 9.7424081 9.7409361 9.7394877 9.7380625 9.73666
9.863931 9.8611988 9.8584464 9.85568 9.8529051 9.8501266 9.8473488 9.8445756 9.8418105 9.8390566 9.8363166 9.8335931 9.8308881 9.8282036 9.8255414 9.8229029 9.8202894 9.8177022 9.8151422 9.8126104 9.8101075 9.8076341 9.8051907 9.8027779 9.8003959 9.7980451 9.7957257 9.7934378 9.7911815 9.7889568 9.7867638 9.7846024 9.7824724 9.7803738 9.7783064 9.7762699 9.7742642 9.7722891 9.7703441 9.7684292 9.7665439 9.7646879 9.7628609 9.7610626 9.7592926 9.7575505 9.755836 9.7541486 9.7524881 9.750854 9.7492459 9.7476635 9.7461062 9.7445739 9.743066 9.7415821 9.7401219 9.738685 9.7372709 9.7358794
9.8617254 9.8590218 9.8562987 9.8535622 9.8508177 9.84807 9.8453234 9.8425815 9.8398479 9.8371256 9.8344172 9.8317252 9.8290516 9.8263983 9.8237671 9.8211594 9.8185764 9.8160194 9.8134892 9.8109868 9.8085129 9.8060681 9.8036528 9.8012677 9.7989129 9.7965888 9.7942956 9.7920334 9.7898023 9.7876024 9.7854335 9.7832958 9.781189 9.779113 9.7770677 9.7750529 9.7730683 9.7711138 9.7691891 9.7672938 9.7654277 9.7635905 9.7617818 9.7600013 9.7582487 9.7565237 9.7548257 9.7531545 9.7515098 9.749891 9.748298 9.7467301 9.7451872 9.7436687 9.7421744 9.7407038 9.7392565 9.7378321 9.7364304 9.7350508
9.8593563 9.8566844 9.8539938 9.8512904 9.8485794 9.8458655 9.843153 9.8404454 9.8377462 9.8350582 9.8323842 9.8297264 9.8270869 9.8244675 9.8218699 9.8192954 9.8167454 9.8142209 9.811723 9.8092523 9.8068097 9.8043956 9.8020107 9.7996554 9.7973299 9.7950346 9.7927696 9.7905351 9.7883312 9.7861578 9.784015 9.7819028 9.7798209 9.7777694 9.7757479 9.7737565 9.7717947 9.7698625 9.7679595 9.7660855 9.7642401 9.7624232 9.7606343 9.7588731 9.7571394 9.7554326 9.7537526 9.752099 9.7504713 9.7488692 9.7472923 9.7457403 9.7442129 9.7427095 9.7412298 9.7397736 9.7383403 9.7369296 9.7355412 9.7341747
9.8568253 9.8541883 9.8515333 9.848866 9.8461915 9.8435145 9.840839 9.8381686 9.8355066 9.8328559 9.8302189 9.827598 9.8249952 9.8224123 9.8198508 9.8173122 9.8147976 9.8123081 9.8098446 9.807408 9.8049989 9.8026179 9.8002655 9.7979421 9.795648 9.7933835 9.7911488 9.7889439 9.7867691 9.7846242 9.7825093 9.7804243 9.7783692 9.7763438 9.774348 9.7723815 9.7704442 9.7685359 9.7666562 9.764805 9.7629819 9.7611867 9.759419 9.7576786 9.7559651 9.7542781 9.7526174 9.7509825 9.7493731 9.747789 9.7462296 9.7446947 9.7431838 9.7416967 9.7402329 9.7387921 9.7373739 9.7359779 9.7346039 9.7332514
9.8541341 9.8515351 9.8489187 9.8462905 9.8436556 9.8410184 9.8383828 9.8357525 9.8331306 9.8305198 9.8279227 9.8253414 9.822778 9.8202341 9.8177112 9.8152109 9.8127341 9.8102819 9.8078553 9.8054551 9.8030818 9.800736 9.7984182 9.7961289 9.7938683 9.7916366 9.7894341 9.7872608 9.7851169 9.7830024 9.7809173 9.7788614 9.7768348 9.7748373 9.7728687 9.7709289 9.7690177 9.7671348 9.7652801 9.7634532 9.7616539 9.7598818 9.7581368 9.7564185 9.7547266 9.7530607 9.7514206 9.7498058 9.7482161 9.746651 9.7451103 9.7435937 9.7421006 9.7406308 9.739184 9.7377597 9.7363577 9.7349775 9.7336189 9.7322814
9.8512842 9.8487262 9.8461514 9.8435654 9.840973 9.8383785 9.8357859 9.8331985 9.8306194 9.8280514 9.8254968 9.8229578 9.8204363 9.8179341 9.8154524 9.8129928 9.8105562 9.8081438 9.8057564 9.8033947 9.8010594 9.7987511 9.7964701 9.7942169 9.7919918 9.789795 9.7876266 9.7854869 9.7833759 9.7812936 9.77924 9.777215 9.7752187 9.7732507 9.7713111 9.7693996 9.767516 9.7656602 9.7638319 9.7620308 9.7602567 9.7585094 9.7567885 9.7550937 9.7534247 9.7517812 9.750163 9.7485696 9.7470007 9.745456 9.7439352 9.7424379 9.7409638 9.7395126 9.7380838 9.7366771 9.7352923 9.7339289 9.7325866 9.7312651
9.8482771 9.8457631 9.843233 9.8406921 9.8381452 9.8355964 9.8330495 9.8305079 9.8279745 9.825452 9.8229427 9.8204487 9.8179718 9.8155136 9.8130757 9.8106592 9.8082654 9.805895 9.8035491 9.8012283 9.7989332 9.7966644 9.7944223 9.7922074 9.7900198 9.7878598 9.7857276 9.7836233 9.781547 9.7794988 9.7774785 9.7754862 9.7735217 9.7715851 9.769676 9.7677944 9.7659401 9.7641129 9.7623125 9.7605388 9.7587914 9.7570701 9.7553747 9.7537048 9.7520601 9.7504404 9.7488453 9.7472745 9.7457277 9.7442046 9.7427049 9.7412281 9.7397741 9.7383424 9.7369328 9.7355448 9.7341782 9.7328326 9.7315077 9.7302032
9.8451143 9.8426474 9.840165 9.8376722 9.8351737 9.8326735 9.8301753 9.8276823 9.8251974 9.8227231 9.8202617 9.8178153 9.8153856 9.8129741 9.8105824 9.8082116 9.8058627 9.8035368 9.8012346 9.7989569 9.7967043 9.7944772 9.7922761 9.7901014 9.7879534 9.7858322 9.7837381 9.7816712 9.7796315 9.777619 9.7756339 9.7736759 9.7717451 9.7698414 9.7679645 9.7661145 9.764291 9.7624939 9.760723 9.758978 9.7572587 9.7555649 9.7538963 9.7522526 9.7506336 9.7490389 9.7474682 9.7459213 9.7443978 9.7428975 9.74142 9.7399649 9.7385321 9.7371211 9.7357316 9.7343634 9.733016 9.7316892 9.7303827 9.7290961
9.8417973 9.8393805 9.8369487 9.8345071 9.8320599 9.8296113 9.8271646 9.8247231 9.8222894 9.8198661 9.8174554 9.8150592 9.8126792 9.810317 9.8079739 9.8056512 9.8033497 9.8010706 9.7988144 9.7965821 9.794374 9.7921908 9.7900328 9.7879004 9.7857939 9.7837135 9.7816594 9.7796316 9.7776303 9.7756555 9.7737072 9.7717854 9.7698899 9.7680207 9.7661777 9.7643607 9.7625695 9.7608041 9.7590641 9.7573493 9.7556596 9.7539947 9.7523543 9.7507381 9.749146 9.7475776 9.7460326 9.7445108 9.7430118 9.7415354 9.7400812 9.738649 9.7372384 9.7358491 9.7344809 9.7331334 9.7318063 9.7304993 9.7292121 9.7279444
9.8383275 9.8359638 9.8335857 9.8311982 9.8288054 9.8264112 9.824019 9.8216317 9.8192521 9.8168825 9.8145252 9.8121818 9.8098542 9.8075437 9.8052518 9.8029795 9.8007278 9.7984977 9.7962899 9.794105 9.7919437 9.7898065 9.7876936 9.7856056 9.7835426 9.7815049 9.7794926 9.7775059 9.7755448 9.7736094 9.7716997 9.7698156 9.7679571 9.7661241 9.7643165 9.7625341 9.7607768 9.7590445 9.7573369 9.7556538 9.753995 9.7523603 9.7507494 9.7491621 9.7475982 9.7460573 9.7445392 9.7430436 9.7415703 9.740119 9.7386893 9.737281 9.7358937 9.7345273 9.7331813 9.7318556 9.7305497 9.7292635 9.7279965 9.7267486
9.8347062 9.8323987 9.8300774 9.827747 9.8254116 9.8230748 9.8207399 9.8184098 9.816087 9.8137739 9.8114725 9.8091846 9.8069119 9.8046557 9.8024174 9.8001979 9.7979984 9.7958196 9.7936623 9.7915272 9.7894148 9.7873256 9.78526 9.7832182 9.7812007 9.7792076 9.777239 9.7752952 9.7733761 9.7714819 9.7696124 9.7677678 9.7659479 9.7641527 9.762382 9.7606358 9.7589139 9.7572161 9.7555423 9.7538922 9.7522657 9.7506626 9.7490826 9.7475254 9.7459909 9.7444788 9.7429889 9.7415207 9.7400742 9.7386491 9.737245 9.7358616 9.7344988 9.7331562 9.7318335 9.7305305 9.7292469 9.7279823 9.7267366 9.7255093
9.8309349 9.8286867 9.8264253 9.8241551 9.82188 9.8196036 9.8173289 9.8150588 9.8127956 9.8105417 9.808299 9.8060692 9.803854 9.8016545 9.7994722 9.797308 9.795163 9.7930378 9.7909333 9.7888501 9.7867887 9.7847496 9.7827332 9.7807398 9.7787696 9.776823 9.7749 9.7730008 9.7711255 9.7692741 9.7674467 9.7656431 9.7638635 9.7621076 9.7603754 9.7586669 9.7569818 9.75532 9.7536814 9.7520658 9.7504729 9.7489027 9.7473548 9.745829 9.7443252 9.7428431 9.7413824 9.7399429 9.7385243 9.7371265 9.735749 9.7343917 9.7330543 9.7317366 9.7304382 9.7291589 9.7278984 9.7266565 9.7254328 9.7242272
9.8270148 9.8248292 9.8226308 9.8204239 9.8182122 9.8159991 9.8137876 9.8115803 9.8093796 9.8071876 9.8050063 9.8028372 9.8006819 9.7985418 9.7964179 9.7943114 9.7922231 9.7901538 9.7881043 9.7860751 9.7840669 9.7820799 9.7801147 9.7781716 9.7762508 9.7743525 9.7724769 9.7706241 9.7687943 9.7669875 9.7652037 9.7634428 9.761705 9.75999 9.7582979 9.7566284 9.7549816 9.7533573 9.7517553 9.7501754 9.7486175 9.7470814 9.7455669 9.7440738 9.7426019 9.7411509 9.7397207 9.7383109 9.7369214 9.7355519 9.7342022 9.732872 9.7315611 9.7302692 9.728996 9.7277414 9.726505 9.7252866 9.7240859 9.7229028
9.8229474 9.8208276 9.8186955 9.816555 9.8144098 9.812263 9.8101176 9.807976 9.8058405 9.8037132 9.8015959 9.7994902 9.7973975 9.7953191 9.7932561 9.7912095 9.7891803 9.7871692 9.7851768 9.7832039 9.7812508 9.7793181 9.7774061 9.7755151 9.7736455 9.7717974 9.769971 9.7681665 9.7663839 9.7646233 9.7628847 9.7611682 9.7594737 9.7578011 9.7561505 9.7545217 9.7529145 9.751329 9.749765 9.7482222 9.7467006 9.7451999 9.7437201 9.7422608 9.740822 9.7394033 9.7380046 9.7366257 9.7352664 9.7339263 9.7326054 9.7313033 9.7300198 9.7287547 9.7275078 9.7262787 9.7250674 9.7238734 9.7226966 9.7215367
9.8187341 9.8166834 9.8146208 9.8125499 9.8104743 9.8083969 9.8063205 9.8042475 9.8021801 9.8001203 9.7980697 9.7960298 9.7940022 9.791988 9.7899884 9.7880041 9.7860363 9.7840855 9.7821525 9.7802378 9.778342 9.7764655 9.7746087 9.7727719 9.7709553 9.7691592 9.7673838 9.7656292 9.7638955 9.7621827 9.760491 9.7588204 9.7571708 9.7555422 9.7539345 9.7523477 9.7507817 9.7492363 9.7477115 9.7462072 9.7447231 9.7432592 9.7418152 9.7403909 9.7389863 9.7376011 9.7362352 9.7348882 9.7335601 9.7322505 9.7309594 9.7296864 9.7284313 9.727194 9.7259742 9.7247717 9.7235862 9.7224175 9.7212654 9.7201297
9.8143763 9.8123981 9.8104083 9.8084102 9.8064073 9.8044024 9.8023981 9.8003966 9.7984001 9.7964104 9.7944292 9.7924579 9.790498 9.7885504 9.7866165 9.7846969 9.7827927 9.7809045 9.779033 9.7771787 9.7753422 9.7735239 9.7717242 9.7699433 9.7681817 9.7664394 9.7647167 9.7630137 9.7613305 9.7596673 9.7580241 9.7564008 9.7547976 9.7532144 9.7516511 9.7501078 9.7485842 9.7470804 9.7455962 9.7441315 9.7426862 9.7412602 9.7398532 9.7384652 9.737096 9.7357454 9.7344132 9.7330993 9.7318034 9.7305253 9.729265 9.7280221 9.7267964 9.7255878 9.724396 9.7232209 9.7220622 9.7209197 9.7197932 9.7186825
9.8098754 9.8079733 9.8060596 9.8041377 9.8022107 9.8002814 9.7983521 9.7964251 9.7945023 9.7925855 9.7906764 9.7887762 9.7868864 9.7850081 9.7831421 9.7812896 9.7794513 9.7776278 9.7758199 9.7740282 9.772253 9.7704948 9.7687541 9.7670311 9.7653261 9.7636394 9.7619711 9.7603215 9.7586905 9.7570784 9.7554852 9.7539109 9.7523555 9.7508191 9.7493017 9.7478031 9.7463234 9.7448624 9.7434201 9.7419963 9.740591 9.7392041 9.7378354 9.7364847 9.735152 9.7338371 9.7325397 9.7312599 9.7299972 9.7287517 9.7275231 9.7263112 9.7251159 9.7239369 9.7227741 9.7216273 9.7204962 9.7193807 9.7182806 9.7171956
9.805233 9.8034105 9.8015764 9.799734 9.7978862 9.7960355 9.7941843 9.7923347 9.7904885 9.7886474 9.786813 9.7849866 9.7831695 9.7813627 9.7795672 9.777784 9.7760138 9.7742573 9.7725151 9.7707879 9.769076 9.76738 9.7657001 9.7640368 9.7623903 9.7607609 9.7591488 9.757554 9.7559769 9.7544174 9.7528757 9.7513519 9.7498458 9.7483577 9.7468874 9.745435 9.7440004 9.7425835 9.7411843 9.7398028 9.7384387 9.737092 9.7357627 9.7344505 9.7331554 9.7318772 9.7306157 9.7293709 9.7281426 9.7269305 9.7257347 9.7245547 9.7233907 9.7222422 9.7211092 9.7199915 9.7188889 9.7178012 9.7167283 9.7156699
9.8004508 9.7987115 9.7969605 9.795201 9.7934357 9.7916668 9.7898968 9.7881275 9.7863607 9.7845981 9.7828411 9.781091 9.7793491 9.7776163 9.7758936 9.774182 9.7724821 9.7707947 9.7691203 9.7674596 9.765813 9.764181 9.7625639 9.7609621 9.7593758 9.7578054 9.7562511 9.7547129 9.7531911 9.7516859 9.7501972 9.7487252 9.74727 9.7458315 9.7444097 9.7430048 9.7416166 9.7402451 9.7388903 9.737552 9.7362303 9.7349251 9.7336362 9.7323636 9.7311072 9.7298667 9.7286422 9.7274335 9.7262404 9.7250628 9.7239005 9.7227535 9.7216215 9.7205045 9.7194022 9.7183144 9.7172411 9.716182 9.7151371 9.714106
9.7955304 9.793878 9.7922138 9.7905406 9.788861 9.7871772 9.7854914 9.7838054 9.7821209 9.7804395 9.7787626 9.7770914 9.7754271 9.7737708 9.7721232 9.7704854 9.7688581 9.7672418 9.7656374 9.7640452 9.7624658 9.7608997 9.7593472 9.7578086 9.7562844 9.7547746 9.7532797 9.7517997 9.7503348 9.7488853 9.7474511 9.7460324 9.7446293 9.7432418 9.7418699 9.7405137 9.7391732 9.7378483 9.736539 9.7352453 9.7339672 9.7327045 9.7314572 9.7302252 9.7290084 9.7278068 9.7266202 9.7254485 9.7242916 9.7231494 9.7220217 9.7209084 9.7198095 9.7187246 9.7176538 9.7165969 9.7155536 9.714524 9.7135077 9.7125047
