Cobbity3/QGIS/eg_adj_AVE10.asc
NCOLS 399
NROWS 289
XLLCORNER 150.661
YLLCORNER -34.0273
CELLSIZE 1e-05
NODATA_VALUE -9999
[rows 260 to 285 of 289, columns 120 to 179 of 399]
9.1835244 9.1783305 9.1729545 9.1673899 9.1616303 9.1556695 9.1495016 9.1431209 9.136522 9.1296998 9.1226497 9.1153673 9.1078488 9.1000907 9.0920899 9.0838438 9.0753502 9.0666073 9.0576141 9.04837 9.0388752 9.0291306 9.0191383 9.0089015 8.9984252 8.9877159 8.9767825 8.9656367 8.9542931 8.94277 8.9310899 8.9192797 8.9073714 8.8954023 8.8834153 8.8714591 8.859588 8.8478617 8.8363451 8.8251075 8.8142218 8.8037634 8.7938091 8.7844353 8.7757171 8.7677259 8.7605285 8.754185 8.7487479 8.7442601 8.740755 8.7382548 8.7367708 8.7363035 8.7368424 8.7383675 8.7408493 8.7442507 8.7485278 8.7536311
9.1846822 9.1795529 9.1742496 9.1687664 9.1630975 9.1572375 9.151181 9.1449229 9.1384586 9.1317836 9.1248938 9.1177858 9.1104561 9.1029021 9.0951213 9.087112 9.0788727 9.0704026 9.0617016 9.0527703 9.0436098 9.0342226 9.024612 9.0147826 9.0047408 8.9944946 8.9840544 8.9734328 8.9626457 8.951712 8.9406543 8.9294994 8.9182783 8.9070267 8.8957849 8.8845982 8.8735164 8.862594 8.8518894 8.8414647 8.8313847 8.8217159 8.8125259 8.8038815 8.7958482 8.7884882 8.7818595 8.7760145 8.7709986 8.7668497 8.763597 8.7612605 8.759851 8.7593699 8.7598094 8.7611533 8.7633774 8.7664506 8.7703357 8.7749906
9.185935 9.180874 9.1756469 9.1702484 9.1646734 9.1589169 9.1529742 9.1468409 9.1405128 9.1339863 9.1272577 9.1203242 9.1131831 9.1058323 9.0982701 9.0904954 9.0825076 9.0743067 9.0658935 9.0572693 9.0484365 9.0393986 9.0301598 9.0207262 9.011105 9.0013055 8.9913388 8.9812188 8.9709615 8.9605864 8.9501161 8.9395765 8.9289977 8.9184134 8.9078616 8.8973841 8.8870269 8.8768394 8.8668745 8.8571877 8.8478367 8.8388807 8.8303789 8.8223904 8.8149723 8.8081791 8.8020614 8.7966649 8.7920294 8.788188 8.7851668 8.7829836 8.7816488 8.7811642 8.7815243 8.7827159 8.784719 8.7875074 8.7910495 8.7953095
9.1872779 9.1822885 9.1771407 9.1718298 9.1663512 9.1607005 9.1548737 9.1488667 9.1426761 9.1362987 9.1297316 9.1229724 9.116019 9.1088701 9.1015244 9.0939817 9.0862419 9.0783058 9.070175 9.0618517 9.053339 9.0446413 9.0357639 9.0267135 9.0174983 9.0081284 8.9986157 8.9889744 8.9792209 8.9693747 8.9594579 8.9494958 8.9395171 8.9295538 8.9196413 8.9098184 8.9001272 8.8906128 8.8813229 8.8723076 8.8636182 8.8553072 8.8474274 8.8400305 8.8331668 8.8268843 8.8212272 8.8162355 8.8119444 8.808383 8.8055743 8.8035347 8.8022736 8.8017936 8.8020904 8.8031536 8.8049664 8.8075068 8.810748 8.8146591
9.1887063 9.1837913 9.1787254 9.1735045 9.1681245 9.1625815 9.1568719 9.1509924 9.14494 9.138712 9.1323061 9.1257204 9.1189536 9.1120045 9.1048729 9.0975588 9.090063 9.0823868 9.0745325 9.066503 9.0583023 9.0499352 9.0414079 9.0327278 9.0239038 9.0149463 9.0058679 8.9966827 8.9874076 8.9780616 8.9686662 8.959246 8.9498282 8.9404428 8.9311231 8.9219048 8.9128267 8.9039299 8.8952574 8.8868543 8.8787667 8.8710414 8.8637249 8.8568633 8.850501 8.8446799 8.8394393 8.8348143 8.8308359 8.8275299 8.8249169 8.8230115 8.8218225 8.8213529 8.8215997 8.8225543 8.8242029 8.8265268 8.829503 8.833105
9.1902155 9.1853773 9.1803956 9.1752666 9.1699869 9.164553 9.1589618 9.1532105 9.1472965 9.1412178 9.1349724 9.1285591 9.121977 9.1152255 9.1083049 9.1012157 9.0939592 9.0865376 9.0789534 9.0712103 9.0633127 9.0552663 9.0470775 9.0387545 9.0303064 9.0217442 9.0130804 9.0043295 8.9955081 8.9866348 8.9777304 8.9688185 8.9599249 8.9510778 8.9423082 8.9336492 8.9251363 8.9168069 8.9087002 8.9008567 8.8933178 8.8861253 8.8793208 8.8729449 8.8670371 8.8616344 8.8567716 8.8524796 8.8487859 8.8457135 8.8432806 8.8415007 8.8403819 8.8399272 8.8401347 8.8409974 8.8425037 8.8446378 8.8473801 8.8507075
9.1918009 9.1870415 9.1821458 9.1771105 9.1719323 9.1666085 9.1611364 9.1555135 9.1497379 9.1438079 9.1377221 9.1314796 9.12508 9.1185233 9.1118102 9.1049417 9.0979198 9.0907467 9.0834259 9.0759613 9.0683579 9.0606217 9.0527597 9.0447803 9.036693 9.028509 9.0202408 9.0119029 9.0035115 8.9950846 8.9866425 8.9782074 8.9698039 8.9614584 8.9531997 8.9450585 8.9370673 8.9292603 8.921673 8.9143421 8.9073047 8.9005983 8.89426 8.888326 8.8828314 8.8778092 8.8732899 8.8693012 8.8658674 8.863009 8.8607425 8.8590798 8.8580287 8.8575922 8.8577692 8.8585538 8.8599366 8.861904 8.8644391 8.8675219
9.193458 9.1887792 9.183971 9.1790304 9.1739549 9.1687418 9.163389 9.1578946 9.1522569 9.1464746 9.1405469 9.1344733 9.1282538 9.1218888 9.1153795 9.1087272 9.1019344 9.0950038 9.0879392 9.080745 9.0734264 9.06599 9.0584429 9.0507938 9.0430524 9.0352298 9.0273386 9.019393 9.0114087 9.0034034 8.9953963 8.9874087 8.9794636 8.9715858 8.9638021 8.9561408 8.9486318 8.9413064 8.9341969 8.9273363 8.9207583 8.9144963 8.9085838 8.903053 8.8979351 8.8932595 8.8890535 8.8853417 8.8821457 8.8794839 8.877371 8.875818 8.874832 8.8744162 8.8745697 8.8752881 8.8765632 8.8783836 8.8807347 8.8835991
9.1951824 9.1905855 9.1858659 9.1810211 9.1760488 9.1709468 9.1657134 9.160347 9.1548464 9.1492106 9.1434393 9.1375324 9.1314901 9.1253135 9.1190037 9.112563 9.1059937 9.0992992 9.0924835 9.0855513 9.0785083 9.0713609 9.0641169 9.0567848 9.0493745 9.041897 9.0343648 9.0267917 9.019193 9.0115856 9.0039879 8.9964202 8.9889039 8.9814626 8.9741208 8.9669049 8.9598423 8.9529616 8.9462922 8.9398641 8.9337076 8.9278529 8.92233 8.9171678 8.9123942 8.9080355 8.9041159 8.9006575 8.8976796 8.8951987 8.893228 8.8917775 8.8908539 8.8904603 8.8905963 8.8912583 8.8924394 8.8941299 8.8963171 8.8989859
9.1969698 9.1924559 9.1878258 9.1830774 9.1782086 9.1732177 9.1681034 9.1628643 9.1574997 9.152009 9.1463921 9.1406492 9.1347812 9.1287891 9.1226748 9.1164404 9.110089 9.103624 9.0970497 9.0903712 9.0835942 9.0767254 9.0697727 9.0627446 9.0556509 9.0485027 9.041312 9.0340924 9.0268585 9.0196267 9.0124145 9.0052409 8.9981262 8.9910923 8.9841621 8.97736 8.9707111 8.9642416 8.9579783 8.9519486 8.9461798 8.9406992 8.9355336 8.9307093 8.926251 8.9221825 8.9185253 8.9152993 8.9125218 8.9102076 8.9083687 8.9070143 8.9061503 8.90578 8.9059032 8.9065171 8.907616 8.9091913 8.9112322 8.9137254
9.1988161 9.194386 9.189846 9.1851942 9.180429 9.175549 9.1705531 9.1654404 9.1602104 9.154863 9.1493982 9.1438168 9.1381196 9.1323083 9.1263848 9.1203518 9.1142122 9.10797 9.1016297 9.0951963 9.0886759 9.0820753 9.0754022 9.0686654 9.0618744 9.05504 9.0481742 9.0412899 9.0344013 9.027524 9.0206746 9.0138711 9.0071325 9.0004793 8.9939328 8.9875155 8.9812505 8.9751618 8.969274 8.9636119 8.9582002 8.9530637 8.9482267 8.9437126 8.9395439 8.9357417 8.9323255 8.9293132 8.9267202 8.92456 8.9228434 8.9215788 8.9207718 8.9204253 8.9205397 8.9211126 8.9221392 8.9236122 8.9255221 8.9278573
9.2007171 9.1963713 9.1919217 9.1873667 9.1827049 9.1779353 9.173057 9.1680695 9.1629727 9.1577664 9.1524514 9.1470284 9.1414986 9.135864 9.1301268 9.1242896 9.118356 9.1123298 9.1062158 9.1000192 9.0937461 9.0874033 9.0809986 9.0745405 9.0680386 9.0615034 9.0549464 9.0483801 9.0418182 9.0352755 9.0287678 9.0223119 9.0159259 9.0096287 9.0034401 8.997381 8.9914727 8.9857373 8.980197 8.9748746 8.9697926 8.9649734 8.9604389 8.9562103 8.9523079 8.9487507 8.9455563 8.9427408 8.9403181 8.9383003 8.9366974 8.9355169 8.934764 8.9344418 8.9345505 8.9350884 8.9360514 8.9374332 8.9392255 8.9414182
9.2026689 9.1984079 9.1940487 9.1895903 9.1850315 9.1803715 9.1756098 9.1707462 9.1657806 9.1607134 9.1555454 9.1502777 9.1449118 9.1394497 9.1338939 9.1282473 9.1225135 9.1166966 9.1108014 9.1048332 9.0987981 9.0927031 9.0865557 9.0803643 9.0741384 9.0678881 9.0616246 9.0553599 9.0491072 9.0428803 9.0366944 9.0305653 9.0245098 9.0185457 9.0126915 9.0069663 9.0013898 8.9959823 8.9907643 8.9857564 8.9809791 8.9764529 8.9721975 8.9682322 8.9645753 8.9612439 8.958254 8.9556201 8.9533547 8.9514689 8.9499717 8.9488701 8.9481688 8.9478707 8.9479764 8.9484844 8.9493913 8.9506917 8.9523782 8.9544421
9.2046677 9.2004915 9.1962227 9.1918605 9.1874041 9.1828529 9.1782065 9.1734651 9.1686289 9.1636984 9.1586746 9.153559 9.1483531 9.1430593 9.1376801 9.1322186 9.1266786 9.1210642 9.1153803 9.1096323 9.1038262 9.097969 9.0920682 9.0861319 9.0801693 9.0741904 9.0682058 9.0622271 9.0562668 9.0503382 9.0444554 9.0386336 9.0328883 9.0272362 9.0216945 9.0162808 9.0110133 9.0059108 9.0009919 8.9962756 8.9917805 8.9875253 8.9835279 8.9798058 8.9763756 8.9732528 8.9704518 8.9679857 8.965866 8.9641027 8.962704 8.9616762 8.961024 8.9607499 8.9608546 8.9613371 8.9621944 8.9634218 8.9650129 8.96696
9.2067099 9.2026184 9.1984397 9.1941732 9.1898183 9.1853747 9.1808424 9.1762214 9.1715124 9.1667161 9.1618337 9.1568667 9.1518171 9.1466871 9.1414796 9.1361978 9.1308455 9.1254269 9.119947 9.1144111 9.1088253 9.1031963 9.0975315 9.0918391 9.0861277 9.0804071 9.0746875 9.06898 9.0632965 9.0576496 9.0520526 9.0465198 9.0410658 9.0357061 9.0304567 9.0253339 9.0203546 9.015536 9.0108952 9.0064496 9.0022163 8.9982122 8.9944537 8.9909566 8.9877361 8.9848061 8.9821799 8.9798693 8.9778847 8.9762352 8.9749283 8.9739699 8.9733642 8.9731137 8.9732192 8.9736798 8.9744932 8.9756551 8.97716 8.9790011
9.2087919 9.2047848 9.2006958 9.1965243 9.19227 9.1879327 9.1835127 9.1790104 9.1744264 9.1697616 9.1650176 9.1601959 9.1552985 9.1503281 9.1452874 9.1401798 9.1350092 9.1297798 9.1244965 9.1191648 9.1137906 9.1083805 9.1029418 9.0974823 9.0920106 9.0865359 9.0810681 9.0756177 9.0701962 9.0648154 9.059488 9.0542272 9.0490469 9.0439615 9.0389857 9.0341349 9.0294246 9.0248706 9.0204887 9.0162948 9.0123046 9.0085335 9.0049965 9.001708 8.9986818 8.9959306 8.9934664 8.9912999 8.9894407 8.9878972 8.986676 8.9857827 8.9852212 8.9849938 8.9851014 8.9855434 8.9863177 8.9874207 8.9888475 8.990592
9.2109103 9.2069872 9.2029872 9.1989098 9.194755 9.1905227 9.1862134 9.1818277 9.1773663 9.1728304 9.1682216 9.1635416 9.1587927 9.1539774 9.1490986 9.1441598 9.1391649 9.1341182 9.1290245 9.1238893 9.1187183 9.1135181 9.1082957 9.1030588 9.0978155 9.0925749 9.0873463 9.0821399 9.0769664 9.0718371 9.0667639 9.0617594 9.0568364 9.0520083 9.0472891 9.0426928 9.0382338 9.0339267 9.0297861 9.0258266 9.0220625 9.018508 9.0151767 9.0120818 9.0092359 9.0066506 9.0043367 9.0023042 9.0005617 8.9991168 8.9979758 8.9971436 8.996624 8.9964191 8.9965299 8.996956 8.9976955 8.9987453 9.0001012 9.0017577
9.2130618 9.2092222 9.2053104 9.2013262 9.1972696 9.1931408 9.1889404 9.1846691 9.180328 9.1759182 9.1714415 9.1668997 9.1622951 9.1576305 9.1529088 9.1481335 9.1433084 9.138438 9.133527 9.1285807 9.1236048 9.1186058 9.1135904 9.108566 9.1035407 9.0985228 9.0935215 9.0885465 9.0836079 9.0787163 9.0738832 9.06912 9.0644391 9.0598528 9.0553742 9.0510163 9.0467924 9.042716 9.0388006 9.0350595 9.031506 9.028153 9.025013 9.0220982 9.0194198 9.0169886 9.0148146 9.0129067 9.0112728 9.0099199 9.0088539 9.0080792 9.0075993 9.0074163 9.0075312 9.0079436 9.0086521 9.0096539 9.0109453 9.0125213
9.2152433 9.2114866 9.2076621 9.2037699 9.1998101 9.1957833 9.1916899 9.1875309 9.1833074 9.1790209 9.1746731 9.1702659 9.1658018 9.1612835 9.156714 9.1520969 9.147436 9.1427356 9.1380004 9.1332357 9.1284472 9.1236409 9.1188235 9.1140021 9.1091845 9.1043787 9.0995935 9.094838 9.0901219 9.0854552 9.0808486 9.0763131 9.07186 9.0675011 9.0632483 9.0591138 9.0551101 9.0512495 9.0475444 9.0440072 9.0406501 9.0374849 9.0345231 9.0317758 9.0292534 9.0269658 9.0249219 9.02313 9.0215974 9.0203305 9.0193346 9.018614 9.0181717 9.0180099 9.0181296 9.0185304 9.0192111 9.0201694 9.0214019 9.0229043
9.2174519 9.2137772 9.210039 9.2062376 9.2023733 9.1984466 9.1944583 9.1904093 9.186301 9.1821349 9.1779127 9.1736365 9.1693089 9.1649326 9.1605106 9.1560464 9.151544 9.1470075 9.1424417 9.1378516 9.1332427 9.128621 9.123993 9.1193656 9.114746 9.1101422 9.1055623 9.1010151 9.0965098 9.0920559 9.0876634 9.0833426 9.0791042 9.0749591 9.0709185 9.0669937 9.0631962 9.0595376 9.0560293 9.0526826 9.0495089 9.0465189 9.0437233 9.0411322 9.0387552 9.0366012 9.0346786 9.032995 9.031557 9.0303705 9.0294403 9.0287705 9.028364 9.0282227 9.0283475 9.0287384 9.0293942 9.030313 9.0314917 9.0329265
9.2196847 9.2160911 9.2124382 9.2087263 9.2049558 9.2011275 9.1972422 9.193301 9.1893052 9.1852565 9.1811568 9.1770081 9.1728131 9.1685744 9.1642952 9.1599789 9.1556295 9.151251 9.146848 9.1424256 9.1379892 9.1335444 9.1290976 9.1246552 9.1202246 9.1158129 9.1114283 9.1070788 9.1027733 9.0985208 9.0943306 9.0902125 9.0861764 9.0822327 9.0783916 9.0746637 9.0710598 9.0675905 9.0642663 9.0610979 9.0580956 9.0552693 9.0526288 9.0501835 9.0479421 9.045913 9.0441037 9.0425211 9.0411715 9.0400602 9.0391917 9.0385698 9.0381971 9.0380755 9.0382059 9.0385883 9.0392218 9.0401046 9.0412341 9.0426067
9.2219389 9.2184254 9.2148566 9.2112328 9.2075547 9.2038229 9.2000385 9.1962027 9.1923169 9.1883827 9.1844022 9.1803775 9.1763111 9.1722058 9.1680648 9.1638915 9.1596896 9.1554633 9.1512171 9.1469558 9.1426847 9.1384094 9.1341357 9.1298703 9.1256197 9.1213911 9.117192 9.1130304 9.1089144 9.1048525 9.1008537 9.096927 9.0930818 9.0893277 9.0856743 9.0821316 9.0787094 9.0754176 9.0722661 9.0692646 9.0664226 9.0637494 9.061254 9.0589449 9.0568303 9.0549177 9.0532142 9.0517262 9.0504592 9.0494184 9.0486078 9.048031 9.0476904 9.0475877 9.047724 9.0480992 9.0487126 9.0495626 9.0506469 9.0519623
9.224212 9.2207776 9.2172916 9.2137545 9.210167 9.2065299 9.2028444 9.1991115 9.195333 9.1915105 9.1876459 9.1837416 9.1798 9.175824 9.1718167 9.1677814 9.1637219 9.1596422 9.1555468 9.1514402 9.1473277 9.1432146 9.1391067 9.1350101 9.1309312 9.126877 9.1228545 9.1188712 9.1149349 9.1110537 9.1072359 9.1034901 9.099825 9.0962497 9.0927731 9.0894046 9.0861531 9.0830281 9.0800386 9.0771935 9.0745018 9.0719719 9.0696123 9.0674306 9.0654346 9.063631 9.0620265 9.0606269 9.0594374 9.0584626 9.0577065 9.0571721 9.0568619 9.0567774 9.0569197 9.0572888 9.057884 9.058704 9.0597467 9.0610093
9.2265015 9.2231451 9.2197406 9.2162887 9.2127901 9.2092458 9.2056569 9.2020247 9.1983508 9.1946369 9.1908852 9.1870978 9.1832773 9.1794265 9.1755484 9.1716465 9.1677242 9.1637857 9.1598352 9.1558773 9.1519169 9.1479591 9.1440097 9.1400743 9.1361593 9.1322712 9.1284166 9.1246028 9.1208371 9.1171271 9.1134806 9.1099058 9.1064109 9.1030042 9.0996943 9.0964897 9.0933989 9.0904306 9.0875931 9.0848949 9.082344 9.0799485 9.077716 9.0756538 9.0737687 9.0720673 9.0705555 9.0692387 9.0681218 9.0672091 9.0665041 9.0660097 9.0657283 9.0656613 9.0658097 9.0661736 9.0667524 9.0675449 9.0685493 9.0697631
9.2288051 9.2255255 9.2222012 9.2188329 9.2154215 9.211968 9.2084735 9.2049395 9.2013676 9.1977596 9.1941176 9.1904437 9.1867405 9.1830109 9.1792578 9.1754845 9.1716946 9.167892 9.1640809 9.1602657 9.1564511 9.1526422 9.1488442 9.145063 9.1413043 9.1375743 9.1338796 9.1302269 9.1266231 9.1230754 9.1195913 9.1161783 9.1128441 9.1095967 9.1064439 9.1033937 9.1004542 9.0976332 9.0949387 9.0923784 9.0899598 9.0876904 9.0855771 9.0836268 9.0818458 9.08024 9.0788151 9.0775761 9.0765273 9.0756728 9.0750159 9.0745594 9.0743052 9.074255 9.0744095 9.0747689 9.0753328 9.0761001 9.0770692 9.0782378
9.2311206 9.2279165 9.2246709 9.2213847 9.2180587 9.214694 9.2112919 9.2078538 9.2043812 9.2008762 9.1973406 9.1937769 9.1901874 9.186575 9.1829427 9.1792936 9.1756313 9.1719596 9.1682825 9.1646042 9.1609295 9.1572631 9.1536102 9.1499761 9.1463665 9.1427874 9.1392448 9.1357452 9.1322952 9.1289015 9.1255712 9.1223113 9.1191292 9.1160322 9.1130277 9.1101232 9.1073261 9.1046439 9.1020838 9.0996531 9.0973589 9.0952078 9.0932065 9.0913612 9.0896778 9.0881619 9.0868186 9.0856524 9.0846677 9.0838679 9.0832563 9.0828354 9.0826071 9.0825729 9.0827335 9.0830891 9.0836395 9.0843836 9.08532 9.0864466
