Cobbity3/QGIS/eg_AVE10.asc
NCOLS 399
NROWS 289
XLLCORNER 150.661
YLLCORNER -34.0273
CELLSIZE 1e-05
NODATA_VALUE -9999
[rows 26 to 51 of 289, columns 0 to 59 of 399]
9.594551 9.5943465 9.5941328 9.5939097 9.5936768 9.5934337 9.5931802 9.5929158 9.5926401 9.5923529 9.5920536 9.5917419 9.5914173 9.5910794 9.5907277 9.5903618 9.5899812 9.5895853 9.5891737 9.5887458 9.5883011 9.5878389 9.5873588 9.5868601 9.5863421 9.5858042 9.5852458 9.5846662 9.5840646 9.5834404 9.5827926 9.5821207 9.5814237 9.5807008 9.5799512 9.579174 9.5783682 9.5775329 9.5766671 9.5757698 9.57484 9.5738766 9.5728784 9.5718443 9.5707731 9.5696635 9.5685144 9.5673243 9.566092 9.564816 9.5634948 9.562127 9.5607109 9.559245 9.5577277 9.5561571 9.5545315 9.5528491 9.5511079 9.549306
9.5946533 9.5944544 9.5942463 9.5940289 9.5938018 9.5935646 9.5933171 9.5930587 9.5927892 9.5925081 9.5922151 9.5919097 9.5915916 9.5912602 9.590915 9.5905557 9.5901818 9.5897926 9.5893878 9.5889667 9.5885288 9.5880736 9.5876004 9.5871086 9.5865977 9.5860668 9.5855154 9.5849428 9.5843483 9.583731 9.5830903 9.5824253 9.5817352 9.5810192 9.5802764 9.5795059 9.5787067 9.577878 9.5770187 9.5761277 9.575204 9.5742466 9.5732543 9.5722258 9.5711601 9.5700557 9.5689116 9.5677262 9.5664982 9.5652262 9.5639088 9.5625442 9.5611311 9.5596677 9.5581523 9.5565831 9.5549585 9.5532763 9.5515348 9.5497318
9.5947552 9.5945619 9.5943596 9.5941481 9.5939269 9.5936957 9.5934543 9.5932021 9.5929389 9.5926642 9.5923776 9.5920788 9.5917672 9.5914425 9.5911041 9.5907516 9.5903845 9.5900023 9.5896045 9.5891905 9.5887597 9.5883116 9.5878457 9.5873611 9.5868574 9.5863339 9.5857898 9.5852245 9.5846373 9.5840274 9.583394 9.5827363 9.5820535 9.5813447 9.5806091 9.5798458 9.5790537 9.5782319 9.5773795 9.5764953 9.5755783 9.5746274 9.5736414 9.5726191 9.5715593 9.5704607 9.5693221 9.5681419 9.566919 9.5656516 9.5643385 9.5629779 9.5615683 9.560108 9.5585953 9.5570283 9.5554052 9.5537241 9.551983 9.5501797
9.5948563 9.5946688 9.5944725 9.5942669 9.5940518 9.5938268 9.5935916 9.5933458 9.593089 9.5928209 9.5925409 9.5922488 9.591944 9.5916261 9.5912947 9.5909492 9.5905892 9.5902142 9.5898236 9.5894169 9.5889935 9.5885528 9.5880943 9.5876173 9.5871211 9.5866052 9.5860687 9.5855111 9.5849315 9.5843293 9.5837036 9.5830535 9.5823784 9.5816773 9.5809493 9.5801934 9.5794088 9.5785945 9.5777494 9.5768724 9.5759626 9.5750186 9.5740395 9.5730239 9.5719706 9.5708784 9.5697458 9.5685715 9.5673541 9.566092 9.5647838 9.5634278 9.5620225 9.560566 9.5590566 9.5574925 9.5558718 9.5541925 9.5524525 9.5506498
9.5949567 9.5947751 9.5945847 9.5943853 9.5941764 9.5939577 9.5937289 9.5934896 9.5932394 9.5929779 9.5927048 9.5924195 9.5921217 9.5918108 9.5914866 9.5911483 9.5907956 9.590428 9.5900449 9.5896457 9.5892299 9.5887969 9.5883461 9.5878769 9.5873886 9.5868805 9.586352 9.5858024 9.5852308 9.5846365 9.5840188 9.5833768 9.5827097 9.5820166 9.5812966 9.5805487 9.579772 9.5789656 9.5781282 9.577259 9.5763567 9.5754203 9.5744485 9.5734401 9.5723939 9.5713085 9.5701825 9.5690147 9.5678034 9.5665473 9.5652446 9.5638939 9.5624935 9.5610415 9.5595362 9.5579757 9.5563581 9.5546813 9.5529434 9.551142
9.595056 9.5948804 9.5946962 9.594503 9.5943004 9.5940882 9.5938659 9.5936333 9.5933898 9.5931352 9.592869 9.5925908 9.5923001 9.5919965 9.5916796 9.5913488 9.5910036 9.5906436 9.5902681 9.5898767 9.5894688 9.5890437 9.5886009 9.5881398 9.5876596 9.5871597 9.5866395 9.5860981 9.5855348 9.5849489 9.5843396 9.583706 9.5830473 9.5823625 9.5816509 9.5809114 9.5801431 9.5793449 9.5785158 9.5776547 9.5767605 9.575832 9.5748681 9.5738675 9.5728288 9.5717509 9.5706322 9.5694713 9.5682669 9.5670172 9.5657209 9.5643761 9.5629812 9.5615344 9.5600339 9.5584777 9.556864 9.5551906 9.5534554 9.5516563
9.5951541 9.5949847 9.5948067 9.5946198 9.5944237 9.5942181 9.5940025 9.5937766 9.5935401 9.5932925 9.5930334 9.5927624 9.592479 9.5921829 9.5918735 9.5915503 9.5912129 9.5908607 9.5904932 9.5901098 9.5897099 9.5892931 9.5888585 9.5884057 9.5879339 9.5874425 9.5869308 9.586398 9.5858434 9.5852661 9.5846655 9.5840407 9.5833907 9.5827148 9.582012 9.5812812 9.5805217 9.5797322 9.5789118 9.5780594 9.5771737 9.5762538 9.5752982 9.5743059 9.5732754 9.5722054 9.5710945 9.5699413 9.5687442 9.5675017 9.5662122 9.5648741 9.5634854 9.5620446 9.5605496 9.5589986 9.5573895 9.5557202 9.5539887 9.5521925
9.5952508 9.5950877 9.594916 9.5947356 9.5945461 9.5943472 9.5941384 9.5939195 9.59369 9.5934496 9.5931977 9.5929341 9.5926583 9.5923698 9.5920681 9.5917527 9.5914232 9.5910791 9.5907197 9.5903446 9.5899531 9.5895446 9.5891186 9.5886744 9.5882113 9.5877287 9.5872258 9.5867019 9.5861562 9.585588 9.5849965 9.5843808 9.58374 9.5830732 9.5823795 9.581658 9.5809076 9.5801273 9.5793161 9.5784727 9.5775962 9.5766852 9.5757386 9.574755 9.5737332 9.5726718 9.5715693 9.5704243 9.5692352 9.5680006 9.5667186 9.5653877 9.5640061 9.5625719 9.5610832 9.559538 9.5579343 9.55627 9.5545429 9.5527506
9.595346 9.5951891 9.595024 9.5948502 9.5946674 9.5944753 9.5942735 9.5940616 9.5938393 9.5936062 9.5933618 9.5931058 9.5928376 9.5925569 9.5922631 9.5919558 9.5916345 9.5912985 9.5909475 9.5905809 9.5901979 9.5897982 9.589381 9.5889456 9.5884915 9.5880179 9.5875242 9.5870095 9.5864731 9.5859143 9.5853322 9.5847259 9.5840946 9.5834374 9.5827534 9.5820414 9.5813007 9.58053 9.5797283 9.5788946 9.5780276 9.5771261 9.5761889 9.5752147 9.5742021 9.5731498 9.5720563 9.5709201 9.5697398 9.5685135 9.5672398 9.5659169 9.5645429 9.5631161 9.5616344 9.5600959 9.5584984 9.5568399 9.555118 9.5533304
9.5954393 9.595289 9.5951304 9.5949633 9.5947873 9.5946022 9.5944074 9.5942028 9.5939879 9.5937622 9.5935254 9.5932771 9.5930168 9.592744 9.5924583 9.5921593 9.5918463 9.5915188 9.5911764 9.5908184 9.5904443 9.5900535 9.5896453 9.5892191 9.5887743 9.58831 9.5878257 9.5873206 9.5867938 9.5862447 9.5856723 9.5850759 9.5844545 9.5838073 9.5831332 9.5824313 9.5817005 9.5809399 9.5801483 9.5793246 9.5784677 9.5775762 9.5766489 9.5756846 9.5746818 9.5736392 9.5725553 9.5714286 9.5702575 9.5690404 9.5677756 9.5664613 9.5650957 9.563677 9.5622031 9.560672 9.5590815 9.5574296 9.5557138 9.5539318
9.5955307 9.5953869 9.595235 9.5950747 9.5949057 9.5947276 9.5945401 9.5943428 9.5941353 9.5939173 9.5936883 9.5934478 9.5931955 9.5929309 9.5926535 9.5923629 9.5920584 9.5917397 9.591406 9.591057 9.590692 9.5903103 9.5899114 9.5894946 9.5890593 9.5886047 9.5881301 9.5876348 9.587118 9.5865789 9.5860167 9.5854304 9.5848193 9.5841824 9.5835187 9.5828272 9.582107 9.5813569 9.5805758 9.5797626 9.5789162 9.5780352 9.5771184 9.5761645 9.5751721 9.5741398 9.573066 9.5719494 9.5707882 9.5695809 9.5683256 9.5670207 9.5656642 9.5642543 9.5627889 9.561266 9.5596835 9.5580389 9.5563301 9.5545546
9.5956199 9.5954827 9.5953376 9.5951842 9.5950223 9.5948514 9.5946712 9.5944814 9.5942816 9.5940713 9.5938502 9.5936178 9.5933736 9.5931174 9.5928484 9.5925664 9.5922707 9.5919608 9.5916362 9.5912963 9.5909406 9.5905683 9.590179 9.5897719 9.5893464 9.5889017 9.5884371 9.587952 9.5874454 9.5869167 9.5863649 9.5857892 9.5851887 9.5845625 9.5839096 9.583229 9.5825196 9.5817805 9.5810104 9.5802082 9.5793728 9.5785028 9.577597 9.5766541 9.5756726 9.5746511 9.5735882 9.5724822 9.5713316 9.5701347 9.5688897 9.5675948 9.5662482 9.5648479 9.5633918 9.5618779 9.5603039 9.5586677 9.5569667 9.5551985
9.5957066 9.5955762 9.5954379 9.5952916 9.5951368 9.5949733 9.5948006 9.5946184 9.5944263 9.5942239 9.5940108 9.5937866 9.5935508 9.5933031 9.5930428 9.5927695 9.5924827 9.592182 9.5918666 9.5915361 9.5911899 9.5908273 9.5904477 9.5900506 9.5896351 9.5892006 9.5887464 9.5882717 9.5877758 9.5872577 9.5867167 9.5861519 9.5855625 9.5849473 9.5843056 9.5836362 9.5829382 9.5822105 9.5814518 9.5806611 9.5798372 9.5789787 9.5780845 9.5771531 9.5761831 9.575173 9.5741215 9.5730268 9.5718874 9.5707015 9.5694675 9.5681834 9.5668473 9.5654573 9.5640113 9.5625072 9.5609427 9.5593156 9.5576233 9.5558633
9.5957907 9.5956671 9.5955359 9.5953966 9.5952491 9.595093 9.5949279 9.5947534 9.5945692 9.5943749 9.59417 9.5939541 9.5937269 9.5934878 9.5932363 9.592972 9.5926944 9.5924029 9.5920969 9.591776 9.5914395 9.5910869 9.5907174 9.5903304 9.5899253 9.5895013 9.5890577 9.5885938 9.5881087 9.5876016 9.5870718 9.5865183 9.5859402 9.5853365 9.5847064 9.5840487 9.5833624 9.5826465 9.5818997 9.581121 9.5803091 9.5794626 9.5785804 9.5776611 9.5767031 9.5757051 9.5746656 9.5735828 9.5724552 9.5712811 9.5700587 9.568786 9.5674613 9.5660824 9.5646472 9.5631537 9.5615995 9.5599823 9.5582996 9.5565488
9.595872 9.5957553 9.5956311 9.5954991 9.595359 9.5952104 9.5950529 9.5948863 9.5947101 9.5945239 9.5943274 9.5941201 9.5939015 9.5936712 9.5934287 9.5931735 9.5929052 9.5926232 9.5923269 9.5920158 9.5916893 9.5913468 9.5909876 9.5906111 9.5902165 9.5898033 9.5893706 9.5889177 9.5884439 9.5879482 9.5874298 9.5868879 9.5863215 9.5857297 9.5851116 9.584466 9.5837919 9.5830882 9.5823538 9.5815875 9.580788 9.5799542 9.5790845 9.5781778 9.5772324 9.576247 9.5752201 9.5741499 9.5730348 9.5718731 9.5706629 9.5694025 9.5680897 9.5667227 9.5652992 9.5638171 9.562274 9.5606676 9.5589953 9.5572546
9.5959501 9.5958404 9.5957234 9.5955987 9.5954661 9.5953251 9.5951755 9.5950168 9.5948488 9.5946709 9.5944828 9.5942841 9.5940743 9.593853 9.5936197 9.5933739 9.5931151 9.5928427 9.5925563 9.5922552 9.5919389 9.5916067 9.591258 9.5908922 9.5905086 9.5901064 9.5896849 9.5892434 9.588781 9.588297 9.5877904 9.5872605 9.5867062 9.5861266 9.5855208 9.5848877 9.5842262 9.5835352 9.5828137 9.5820602 9.5812738 9.5804529 9.5795964 9.5787028 9.5777706 9.5767984 9.5757846 9.5747276 9.5736256 9.572477 9.5712799 9.5700323 9.5687323 9.5673779 9.5659668 9.5644969 9.5629658 9.561371 9.5597101 9.5579804
9.596025 9.5959223 9.5958125 9.5956953 9.5955702 9.595437 9.5952952 9.5951447 9.5949848 9.5948154 9.5946359 9.594446 9.5942452 9.594033 9.593809 9.5935727 9.5933235 9.5930611 9.5927847 9.5924938 9.5921879 9.5918663 9.5915284 9.5911735 9.590801 9.5904101 9.5900001 9.5895702 9.5891197 9.5886476 9.5881532 9.5876356 9.5870938 9.5865268 9.5859338 9.5853135 9.5846651 9.5839872 9.5832789 9.5825389 9.5817659 9.5809586 9.5801157 9.5792357 9.5783173 9.5773589 9.5763589 9.5753156 9.5742275 9.5730926 9.5719091 9.5706751 9.5693887 9.5680476 9.5666498 9.5651929 9.5636745 9.5620923 9.5604436 9.5587258
9.5960962 9.5960008 9.5958983 9.5957885 9.5956711 9.5955457 9.5954119 9.5952695 9.5951181 9.5949572 9.5947865 9.5946054 9.5944137 9.5942108 9.5939963 9.5937697 9.5935304 9.5932779 9.5930118 9.5927314 9.5924361 9.5921253 9.5917984 9.5914547 9.5910936 9.5907142 9.590316 9.589898 9.5894596 9.5889999 9.5885179 9.5880129 9.5874839 9.58693 9.58635 9.5857431 9.5851081 9.5844438 9.5837492 9.583023 9.5822639 9.5814707 9.5806419 9.5797762 9.5788721 9.577928 9.5769424 9.5759136 9.5748398 9.5737193 9.5725503 9.5713306 9.5700584 9.5687314 9.5673476 9.5659045 9.5643998 9.562831 9.5611955 9.5594904
9.5961637 9.5960754 9.5959803 9.5958781 9.5957684 9.5956509 9.5955253 9.5953912 9.5952483 9.595096 9.5949341 9.5947622 9.5945797 9.5943862 9.5941813 9.5939645 9.5937352 9.593493 9.5932373 9.5929675 9.592683 9.5923833 9.5920676 9.5917354 9.5913858 9.5910183 9.5906321 9.5902264 9.5898004 9.5893532 9.5888841 9.5883921 9.5878763 9.5873356 9.5867692 9.586176 9.5855548 9.5849045 9.5842241 9.5835121 9.5827675 9.5819888 9.5811747 9.5803238 9.5794345 9.5785054 9.5775348 9.576521 9.5754623 9.5743569 9.5732028 9.5719982 9.570741 9.5694289 9.5680599 9.5666315 9.5651412 9.5635867 9.5619652 9.5602739
9.5962271 9.5961461 9.5960585 9.5959639 9.595862 9.5957525 9.5956351 9.5955094 9.595375 9.5952316 9.5950786 9.5949158 9.5947427 9.5945588 9.5943637 9.5941569 9.5939378 9.593706 9.5934609 9.5932019 9.5929284 9.5926399 9.5923357 9.5920151 9.5916775 9.5913221 9.5909481 9.5905549 9.5901416 9.5897074 9.5892514 9.5887727 9.5882703 9.5877434 9.5871909 9.5866117 9.5860048 9.585369 9.5847031 9.5840059 9.5832762 9.5825126 9.5817136 9.580878 9.5800042 9.5790905 9.5781355 9.5771374 9.5760944 9.5750047 9.5738664 9.5726776 9.571436 9.5701397 9.5687862 9.5673732 9.5658983 9.5643589 9.5627523 9.5610757
9.5962862 9.5962125 9.5961324 9.5960455 9.5959516 9.5958502 9.595741 9.5956238 9.5954981 9.5953635 9.5952197 9.5950661 9.5949025 9.5947283 9.5945432 9.5943464 9.5941377 9.5939165 9.5936821 9.5934342 9.5931719 9.5928949 9.5926023 9.5922936 9.5919681 9.591625 9.5912636 9.5908832 9.5904829 9.5900619 9.5896193 9.5891542 9.5886658 9.5881529 9.5876147 9.5870499 9.5864577 9.5858367 9.5851859 9.5845039 9.5837896 9.5830415 9.5822582 9.5814384 9.5805805 9.579683 9.5787441 9.5777623 9.5767356 9.5756624 9.5745406 9.5733681 9.5721431 9.5708631 9.569526 9.5681293 9.5666706 9.5651472 9.5635564 9.5618954
9.5963407 9.5962745 9.5962019 9.5961228 9.5960368 9.5959436 9.5958428 9.5957341 9.5956172 9.5954916 9.5953569 9.5952128 9.5950588 9.5948945 9.5947193 9.5945329 9.5943347 9.5941241 9.5939008 9.593664 9.5934132 9.5931478 9.5928671 9.5925705 9.5922573 9.5919268 9.5915782 9.5912109 9.5908238 9.5904163 9.5899875 9.5895364 9.5890621 9.5885637 9.58804 9.5874902 9.586913 9.5863073 9.5856719 9.5850056 9.5843071 9.583575 9.582808 9.5820045 9.5811632 9.5802823 9.5793602 9.5783952 9.5773856 9.5763294 9.5752247 9.5740694 9.5728615 9.5715988 9.5702788 9.5688992 9.5674575 9.565951 9.564377 9.5627325
9.5963904 9.5963316 9.5962667 9.5961954 9.5961174 9.5960324 9.5959401 9.5958401 9.595732 9.5956154 9.5954901 9.5953555 9.5952112 9.5950568 9.5948919 9.5947158 9.5945283 9.5943286 9.5941164 9.593891 9.5936518 9.5933982 9.5931296 9.5928453 9.5925447 9.592227 9.5918915 9.5915375 9.591164 9.5907703 9.5903555 9.5899187 9.5894589 9.5889752 9.5884666 9.587932 9.5873702 9.5867802 9.5861607 9.5855105 9.5848283 9.5841128 9.5833624 9.5825759 9.5817515 9.5808879 9.5799831 9.5790357 9.5780436 9.5770052 9.5759183 9.5747809 9.5735909 9.5723461 9.5710441 9.5696824 9.5682586 9.5667698 9.5652134 9.5635864
9.596435 9.5963837 9.5963264 9.596263 9.5961931 9.5961164 9.5960326 9.5959413 9.5958421 9.5957348 9.5956188 9.5954938 9.5953594 9.5952151 9.5950604 9.594895 9.5947182 9.5945296 9.5943286 9.5941147 9.5938873 9.5936458 9.5933895 9.5931177 9.5928299 9.5925253 9.5922031 9.5918626 9.5915029 9.5911233 9.5907228 9.5903006 9.5898557 9.5893872 9.5888939 9.5883748 9.5878289 9.587255 9.5866518 9.5860182 9.5853528 9.5846542 9.5839211 9.5831519 9.5823452 9.5814992 9.5806125 9.5796831 9.5787093 9.5776892 9.5766208 9.575502 9.5743307 9.5731046 9.5718213 9.5704784 9.5690732 9.5676031 9.5660652 9.5644566
9.5964742 9.5964304 9.5963809 9.5963254 9.5962637 9.5961953 9.5961201 9.5960375 9.5959474 9.5958493 9.5957428 9.5956275 9.595503 9.5953689 9.5952247 9.5950699 9.594904 9.5947266 9.5945371 9.5943349 9.5941194 9.5938901 9.5936463 9.5933873 9.5931125 9.5928211 9.5925125 9.5921858 9.5918402 9.591475 9.5910891 9.5906818 9.5902521 9.5897989 9.5893214 9.5888183 9.5882886 9.5877312 9.5871447 9.5865281 9.5858799 9.5851988 9.5844833 9.5837321 9.5829435 9.5821159 9.5812476 9.580337 9.579382 9.578381 9.5773317 9.5762322 9.5750803 9.5738736 9.5726098 9.5712864 9.5699008 9.5684502 9.5669318 9.5653425
9.5965078 9.5964715 9.5964298 9.5963823 9.5963287 9.5962688 9.5962021 9.5961285 9.5960474 9.5959586 9.5958617 9.5957562 9.5956417 9.5955179 9.5953842 9.5952403 9.5950855 9.5949194 9.5947414 9.594551 9.5943477 9.5941307 9.5938996 9.5936536 9.593392 9.5931141 9.5928193 9.5925066 9.5921754 9.5918248 9.5914539 9.5910617 9.5906475 9.5902101 9.5897486 9.5892618 9.5887487 9.5882082 9.5876389 9.5870396 9.5864091 9.5857459 9.5850487 9.5843158 9.5835459 9.5827372 9.581888 9.5809966 9.5800612 9.5790798 9.5780504 9.5769709 9.575839 9.5746526 9.5734091 9.572106 9.5707408 9.5693106 9.5678125 9.5662435
