Cobbity3/QGIS/eg_adj_AVE10.asc
NCOLS 399
NROWS 289
XLLCORNER 150.661
YLLCORNER -34.0273
CELLSIZE 1e-05
NODATA_VALUE -9999
[rows 52 to 77 of 289, columns 180 to 239 of 399]
9.7427897 9.804103 9.8829682 9.9824451 10.106436 10.259826 10.447386 10.669296 10.909526 11.117949 11.217302 11.17506 11.033944 10.845794 10.649165 10.470096 10.319678 10.198691 10.103766 10.031108 9.9788284 9.9496141 9.9484884 9.9513436 9.8882705 9.7535264 9.5970156 9.4433955 9.2984077 9.1651739 9.0493565 8.9574701 8.8851753 8.8010094 8.6428906 8.3161828 7.7449955 7.0673359 6.9757494 7.4099429 7.7871048 8.0356226 8.2108393 8.3472903 8.4607652 8.5586163 8.6446973 8.72133 8.7900865 8.8521246 8.908347 8.9594846 9.0061448 9.0488409 9.0880116 9.1240351 9.1572395 9.1879108 9.2162989 9.2426236
9.7944953 9.8540947 9.9306386 10.028125 10.152396 10.312189 10.520139 10.791529 11.130511 11.474047 11.620394 11.443216 11.132726 10.853746 10.630707 10.45383 10.314559 10.206547 10.124336 10.062683 10.015891 9.9779586 9.9434331 9.9016354 9.8305107 9.7202431 9.5846219 9.4401622 9.2972006 9.163601 9.0502856 8.9749837 8.9437815 8.8696917 8.6421945 8.3061494 7.9171381 7.5712235 7.4852235 7.6637185 7.8973938 8.095269 8.253268 8.3825472 8.4918789 8.5866748 8.6702443 8.7447321 8.8116315 8.8720508 8.926855 8.9767437 9.0222976 9.0640077 9.1022941 9.1375197 9.1699999 9.2000102 9.2277923 9.2535589
9.8357887 9.893053 9.9666798 10.06121 10.183907 10.346886 10.570862 10.889964 11.344476 11.887426 12.145717 11.803574 11.280311 10.888387 10.625916 10.443907 10.31281 10.217738 10.150695 10.105944 10.07586 10.046996 10.002572 9.9333886 9.8389621 9.7211515 9.5858991 9.4421548 9.2984109 9.1631687 9.0506741 8.9959618 9.0526408 9.0504697 8.6895299 8.2399443 7.9162152 7.7627897 7.7546583 7.8563588 8.0087841 8.163673 8.3023608 8.4225392 8.5267597 8.6180461 8.6988455 8.7709879 8.8358409 8.8944523 8.9476494 8.9961042 9.0403743 9.080931 9.1181773 9.1524613 9.184086 9.2133161 9.2403842 9.2654951
9.8680833 9.9223649 9.9920303 10.08153 10.198259 10.35491 10.573688 10.891734 11.352989 11.90782 12.170904 11.819867 11.274953 10.867268 10.602932 10.428938 10.31074 10.231086 10.18242 10.161956 10.165314 10.172169 10.138548 10.040753 9.904433 9.7560891 9.604366 9.4525354 9.3046104 9.1665046 9.0492714 8.982527 9.0165739 8.9829015 8.5181118 7.8727344 7.4901929 7.5221176 7.7130975 7.9010539 8.0687432 8.2182391 8.3496504 8.4641997 8.5642189 8.6521694 8.7301541 8.799833 8.8624916 8.9191337 8.9705582 9.0174147 9.060242 9.0994942 9.1355588 9.1687702 9.1994188 9.2277586 9.2540125 9.2783771
9.8923082 9.9431919 10.007928 10.090204 10.196129 10.335767 10.5252 10.786608 11.13267 11.49729 11.651225 11.44309 11.079147 10.768817 10.551249 10.404538 10.306657 10.245278 10.216519 10.224143 10.276326 10.354907 10.354235 10.205391 10.001572 9.8088603 9.6330608 9.4689976 9.3154507 9.1753281 9.0527986 8.9499106 8.8549766 8.6527673 8.0860646 7.127849 6.5769407 6.979041 7.5137776 7.8638814 8.0920331 8.2594579 8.3937086 8.5065141 8.6036834 8.6886968 8.7639168 8.8310535 8.8913901 8.9459171 8.9954177 9.0405262 9.0817659 9.119576 9.1543301 9.1863492 9.2159117 9.2432604 9.2686083 9.2921429
9.9090982 9.9566855 10.016114 10.089882 10.182034 10.298603 10.447415 10.634706 10.851839 11.0471 11.121139 11.023893 10.829885 10.636542 10.484165 10.37499 10.301926 10.259778 10.248395 10.275984 10.364225 10.515409 10.554835 10.345603 10.081571 9.8553516 9.6611762 9.4868263 9.328476 9.1895466 9.0748625 8.9702858 8.8146831 8.5023066 7.8556392 6.7686792 6.1494219 6.7394378 7.4306679 7.8588788 8.1217077 8.3019814 8.4391153 8.5507927 8.6454522 8.7276141 8.8000181 8.8644991 8.9223755 8.9746413 9.0220726 9.065292 9.1048097 9.1410515 9.1743774 9.2050954 9.2334716 9.2597376 9.2840958 9.3067246
9.9188243 9.9639877 10.018652 10.084064 10.162273 10.255859 10.366832 10.493437 10.623465 10.727223 10.765624 10.723109 10.62632 10.516709 10.420785 10.347966 10.299666 10.27577 10.277319 10.308278 10.379892 10.494151 10.519465 10.339391 10.098976 9.8783063 9.6816121 9.50307 9.34183 9.2065988 9.1192389 9.0836184 8.9646372 8.610314 8.0310216 7.2960256 6.8888836 7.1537426 7.6019942 7.9464465 8.1850841 8.3575674 8.4906053 8.5988216 8.6901349 8.7690703 8.8384235 8.9000602 8.9553073 9.0051553 9.0503712 9.0915655 9.1292351 9.1637918 9.1955819 9.2249 9.2519997 9.2771005 9.3003941 9.3220489
9.9215793 9.9661628 10.017599 10.076148 10.142468 10.217074 10.29929 10.385385 10.466177 10.526489 10.550759 10.534068 10.487086 10.428131 10.372556 10.3293 10.30289 10.296107 10.310672 10.344226 10.38427 10.408498 10.379154 10.258467 10.07818 9.8841328 9.6959781 9.5190581 9.3570971 9.2229811 9.1588751 9.2181831 9.1634575 8.7549703 8.2613187 7.8352297 7.6095656 7.6625682 7.868305 8.088513 8.2753658 8.4263128 8.5491183 8.6512257 8.7380113 8.8131303 8.8790821 8.9376266 8.9900466 9.0373084 9.0801607 9.1191974 9.1548995 9.1876632 9.2178197 9.2456493 9.271392 9.2952546 9.3174174 9.338038
9.9172868 9.9642427 10.014834 10.068871 10.126423 10.187213 10.249912 10.311296 10.365662 10.405515 10.424439 10.420998 10.400226 10.371068 10.34248 10.321407 10.313077 10.322397 10.354954 10.41378 10.480028 10.484947 10.39067 10.244188 10.072504 9.8907741 9.7107038 9.5387155 9.3793471 9.2415224 9.1555575 9.1644366 9.0724052 8.6634543 8.2275561 7.9666057 7.8842557 7.9340251 8.063725 8.2199783 8.3695976 8.5006827 8.6123462 8.7073335 8.7888635 8.8596701 8.9218689 8.9770559 9.0264379 9.0709392 9.1112799 9.1480313 9.1816542 9.2125263 9.2409616 9.2672243 9.2915396 9.3141008 9.3350755 9.3546103
9.9062026 9.9595363 10.012148 10.06429 10.116267 10.167915 10.218229 10.265102 10.30535 10.33537 10.352538 10.356715 10.350776 10.339714 10.32913 10.324235 10.329931 10.352171 10.401239 10.495474 10.63583 10.679158 10.504938 10.28562 10.088501 9.9047361 9.7296073 9.5647858 9.4140362 9.2785198 9.1518888 9.0140054 8.7581361 8.2567226 7.7548242 7.6260752 7.7758725 7.973345 8.1531732 8.3129625 8.4532615 8.5742858 8.6777001 8.7661181 8.8422466 8.9084401 8.9665901 9.0181663 9.0643008 9.1058691 9.1435552 9.1779011 9.2093426 9.2382351 9.2648725 9.289501 9.3123292 9.3335357 9.3532748 9.3716808
9.8901627 9.9542422 10.011549 10.064068 10.113117 10.159194 10.201992 10.240476 10.273106 10.298314 10.315208 10.324234 10.327404 10.327977 10.329828 10.336922 10.353157 10.382992 10.434274 10.524127 10.659245 10.703349 10.529574 10.30368 10.103005 9.9216818 9.7525946 9.5972273 9.463674 9.3575289 9.2461537 9.0174137 8.5214842 7.6317352 6.7668838 6.8626968 7.4436042 7.8939377 8.182169 8.379434 8.5278001 8.6464092 8.7444271 8.8270731 8.8978211 8.9591792 9.0130161 9.060741 9.1034268 9.1418979 9.1767962 9.2086279 9.2377981 9.2646357 9.2894112 9.3123503 9.3336433 9.3534527 9.3719184 9.3891618
9.8745503 9.9520789 10.015499 10.069757 10.117656 10.160569 10.19893 10.232568 10.261002 10.283802 10.300975 10.313301 10.322479 10.33103 10.342047 10.358861 10.384519 10.420748 10.466548 10.518476 10.567025 10.561516 10.450915 10.283473 10.108584 9.9396186 9.7793851 9.6341725 9.522301 9.4787417 9.4925322 9.2962934 8.584974 7.3194685 6.1517427 6.4154158 7.2683913 7.8692029 8.2257252 8.4494061 8.6042323 8.7207374 8.8135756 8.8903497 8.9554461 9.0116577 9.0608958 9.1045309 9.1435771 9.1788013 9.2107944 9.2400192 9.2668442 9.2915668 9.3144309 9.3356389 9.3553612 9.3737425 9.3909074 9.4069639
9.8691552 9.9580946 10.026758 10.082865 10.130457 10.171611 10.207339 10.238089 10.264077 10.285559 10.303081 10.317676 10.330983 10.345288 10.36352 10.38922 10.426197 10.476747 10.535919 10.581871 10.581583 10.523945 10.416639 10.274758 10.119044 9.962608 9.8117127 9.6744409 9.5737985 9.567248 9.6865329 9.5749459 8.8635405 7.7781013 6.9115853 6.9724309 7.5303373 8.0141479 8.3356242 8.5464717 8.6928074 8.8013767 8.8865737 8.9562717 9.015018 9.0656223 9.1099364 9.1492456 9.1844791 9.2163285 9.2453215 9.2718683 9.296294 9.3188599 9.3397795 9.3592298 9.3773591 9.3942936 9.4101414 9.4249965
9.8841229 9.976828 10.047666 10.104676 10.152076 10.192144 10.226179 10.255018 10.279336 10.299852 10.317491 10.333511 10.349612 10.368062 10.391935 10.425591 10.475523 10.550834 10.657767 10.767768 10.774986 10.640329 10.466347 10.300466 10.14375 9.9942592 9.8519817 9.7207166 9.615263 9.5706021 9.5915903 9.47013 9.0100039 8.371679 7.8779264 7.7925369 8.009224 8.2831768 8.5077603 8.6737416 8.7962499 8.8896927 8.9638272 9.0247443 9.0762292 9.1207004 9.1597661 9.1945398 9.225821 9.2542015 9.2801303 9.3039554 9.3259519 9.3463404 9.3653013 9.3829835 9.3995123 9.4149939 9.4295197 9.4431689
9.9218788 10.009755 10.079344 10.136063 10.183084 10.222319 10.255054 10.282322 10.305122 10.324537 10.341818 10.358448 10.376229 10.397437 10.425166 10.464203 10.523139 10.618687 10.777434 10.985248 11.028245 10.797856 10.540622 10.340524 10.177286 10.033296 9.900853 9.7778562 9.6676856 9.5788374 9.5016372 9.3643603 9.1015702 8.7670661 8.4955482 8.3936043 8.4483124 8.5738741 8.7053811 8.8183552 8.9098811 8.9837018 9.04423 9.0949722 9.13843 9.1763391 9.2099107 9.2400059 9.2672521 9.292117 9.3149574 9.3360505 9.3556159 9.3738304 9.3908384 9.4067599 9.4216957 9.4357317 9.448942 9.4613912
9.9751187 10.054796 10.121622 10.177562 10.224194 10.262724 10.294219 10.319803 10.340755 10.358528 10.374725 10.391098 10.40958 10.43239 10.462278 10.503161 10.561903 10.652527 10.799094 10.989421 11.0282 10.813042 10.563594 10.366727 10.209459 10.075562 9.9564824 9.8473269 9.7443219 9.6440626 9.5387463 9.4083345 9.2366116 9.0432006 8.8800596 8.7923965 8.7852094 8.8304761 8.8966646 8.9644663 9.0259835 9.0794709 9.1255807 9.165574 9.200659 9.2318172 9.2598021 9.2851826 9.3083897 9.3297531 9.3495286 9.3679177 9.3850815 9.401151 9.4162338 9.4304201 9.4437861 9.4563972 9.4683103 9.4795753
10.034403 10.10875 10.173975 10.229849 10.276585 10.314618 10.344713 10.368082 10.386366 10.401505 10.415576 10.430699 10.449018 10.472737 10.504151 10.545565 10.599196 10.667453 10.751923 10.833502 10.832662 10.707693 10.536239 10.3757 10.236934 10.117917 10.015722 9.9264964 9.842639 9.7533802 9.6505773 9.5312245 9.397411 9.2613548 9.1451287 9.0685378 9.0369122 9.041062 9.0664709 9.1011106 9.1377354 9.1728995 9.2053596 9.2349195 9.2617954 9.286319 9.3088185 9.329579 9.348836 9.3667806 9.3835673 9.3993215 9.4141462 9.4281265 9.4413338 9.4538288 9.4656637 9.4768838 9.4875294 9.4976362
10.095469 10.170143 10.236749 10.294422 10.342406 10.380341 10.408652 10.428748 10.442881 10.453767 10.464199 10.476825 10.494131 10.518534 10.552383 10.59745 10.65312 10.712649 10.760064 10.774258 10.736999 10.644058 10.517324 10.385112 10.263553 10.159169 10.074989 10.01086 9.9565023 9.8890917 9.7937681 9.6778862 9.5560854 9.4406617 9.3427215 9.2709055 9.2280041 9.2104419 9.211172 9.2230697 9.2407477 9.2608048 9.2813562 9.3014688 9.3207388 9.3390319 9.35634 9.372708 9.3881988 9.4028774 9.4168045 9.4300344 9.442615 9.4545883 9.4659914 9.476857 9.4872145 9.4970905 9.5065091 9.5154927
10.160276 10.24023 10.311901 10.374277 10.425493 10.46403 10.489812 10.5047 10.512121 10.516156 10.520709 10.529142 10.544367 10.569218 10.606916 10.661208 10.734773 10.821885 10.891795 10.889878 10.802681 10.673526 10.536667 10.407244 10.292852 10.198394 10.129633 10.092837 10.077828 10.037504 9.9418301 9.8178897 9.6951881 9.5858312 9.4947248 9.4245689 9.3758122 9.3463095 9.3321342 9.3289236 9.3328867 9.3411999 9.3519637 9.3639849 9.3765471 9.3892322 9.4018014 9.4141201 9.426114 9.4377436 9.4489895 9.4598439 9.470306 9.4803792 9.4900694 9.4993842 9.5083321 9.5169224 9.5251647 9.5330692
10.233742 10.322096 10.403062 10.474563 10.532459 10.572862 10.594662 10.600749 10.596985 10.589972 10.585336 10.587257 10.5989 10.623312 10.664714 10.730423 10.832826 10.983524 11.145568 11.164037 10.983609 10.763727 10.582714 10.439267 10.324322 10.234707 10.174543 10.156862 10.1799 10.164948 10.061213 9.9274064 9.8036791 9.6982295 9.6113972 9.542706 9.4912435 9.4552434 9.4321631 9.4191528 9.41354 9.4131149 9.4162033 9.4216089 9.4285067 9.4363392 9.4447312 9.4534301 9.4622639 9.4711144 9.479899 9.4885599 9.4970557 9.5053572 9.5134437 9.521301 9.5289194 9.5362931 9.5434189 9.550296
10.319354 10.418911 10.515178 10.603375 10.674551 10.719382 10.734255 10.724549 10.701567 10.676717 10.658137 10.650595 10.656862 10.679304 10.721744 10.792696 10.911429 11.110198 11.367408 11.417659 11.141879 10.841455 10.624833 10.470406 10.355556 10.269589 10.210673 10.188732 10.210691 10.204405 10.112145 9.9907327 9.8776765 9.7804508 9.6992323 9.6332148 9.5813552 9.5422477 9.5141157 9.4949908 9.4829489 9.4762884 9.4736133 9.4738375 9.4761451 9.4799355 9.4847712 9.4903338 9.4963905 9.50277 9.5093451 9.5160202 9.5227231 9.5293989 9.5360056 9.542511 9.5488906 9.5551257 9.5612023 9.5671103
10.41658 10.532249 10.653706 10.772647 10.870858 10.925907 10.927464 10.887617 10.830729 10.777313 10.738397 10.718135 10.717582 10.737094 10.777813 10.843808 10.946776 11.108202 11.306703 11.339638 11.111522 10.8448 10.640594 10.492686 10.385135 10.307337 10.25103 10.212618 10.195564 10.174085 10.109588 10.017875 9.9238142 9.8380782 9.7638453 9.7016528 9.6510491 9.6110816 9.5804899 9.5578589 9.5417652 9.5308934 9.5241045 9.5204586 9.5192063 9.5197634 9.5216807 9.5246143 9.5283017 9.5325416 9.5371791 9.542094 9.5471928 9.552402 9.5576638 9.5629325 9.568172 9.5733535 9.5784545 9.5834573
10.521125 10.660401 10.822161 10.997418 11.152451 11.231818 11.20516 11.104683 10.987675 10.890156 10.823548 10.787862 10.780325 10.798289 10.839207 10.89954 10.974409 11.057967 11.12816 11.114394 10.980874 10.800358 10.636258 10.506782 10.413115 10.351699 10.31133 10.271968 10.225033 10.174538 10.11151 10.034616 9.9539405 9.8778114 9.8101471 9.7521837 9.7038767 9.6645801 9.6333526 9.6091222 9.5907967 9.5773421 9.5678333 9.5614767 9.5576129 9.5557064 9.5553287 9.5561401 9.557872 9.5603127 9.5632945 9.5666845 9.5703767 9.5742864 9.5783456 9.5824992 9.5867031 9.5909213 9.5951248 9.5992902
10.626262 10.795695 11.014657 11.285756 11.55865 11.696876 11.606576 11.383785 11.166385 11.007603 10.907909 10.856182 10.843416 10.86423 10.914504 10.986398 11.06131 11.108825 11.103364 11.037758 10.918915 10.773212 10.632893 10.518167 10.439263 10.402217 10.399336 10.383712 10.313999 10.222043 10.134726 10.052419 9.9748634 9.9040479 9.8415003 9.7876896 9.742356 9.7048554 9.6743654 9.6499999 9.6308769 9.6161642 9.6051085 9.5970499 9.5914255 9.5877651 9.5856813 9.5848581 9.5850394 9.5860179 9.5876261 9.5897283 9.5922146 9.5949954 9.5979974 9.601161 9.604437 9.6077851 9.6111721 9.6145706
10.724048 10.921851 11.201655 11.600123 12.077145 12.340267 12.119852 11.68809 11.337207 11.112625 10.98249 10.918029 10.903463 10.932772 11.005679 11.120661 11.256451 11.343934 11.300139 11.144442 10.958947 10.786423 10.640942 10.529762 10.460607 10.447647 10.497547 10.523365 10.420306 10.277608 10.159607 10.065006 9.9856345 9.9176192 9.8593496 9.8098283 9.7681551 9.7334461 9.7048473 9.6815517 9.6628105 9.6479408 9.6363306 9.6274415 9.6208083 9.6160342 9.6127857 9.6107843 9.6097991 9.6096394 9.6101479 9.611195 9.6126733 9.6144944 9.616585 9.6188839 9.6213407 9.6239129 9.6265655 9.629269
10.8079 11.018438 11.327098 11.803183 12.450847 12.845676 12.489767 11.880955 11.442802 11.18266 11.037885 10.968385 10.955715 10.99629 11.099274 11.284799 11.557624 11.792884 11.715756 11.38129 11.059278 10.823001 10.655475 10.54034 10.473209 10.464369 10.527326 10.566339 10.451561 10.291487 10.161013 10.060796 9.9815212 9.9170125 9.8636973 9.8193255 9.7823161 9.751476 9.7258631 9.7047083 9.6873645 9.6732755 9.6619575 9.6529888 9.6460025 9.6406821 9.6367559 9.6339926 9.6321964 9.631202 9.6308701 9.6310839 9.6317451 9.6327709 9.6340918 9.6356493 9.6373939 9.6392838 9.6412838 9.643364
