Cobbity3/QGIS/HP31.asc
NCOLS 800
NROWS 450
XLLCORNER 150.66
YLLCORNER -34.028
CELLSIZE 1e-05
NODATA_VALUE -9999
[rows 425 to 449 of 450, columns 399 to 455 of 800]
0.2945375 0.29452581 0.29451452 0.29450363 0.29449312 0.29448302 0.2944733 0.29446398 0.29445505 0.29444651 0.29443836 0.2944306 0.29442323 0.29441624 0.29440963 0.2944034 0.29439755 0.29439208 0.29438698 0.29438225 0.29437789 0.2943739 0.29437027 0.29436701 0.2943641 0.29436154 0.29435934 0.29435748 0.29435597 0.29435481 0.29435398 0.29435349 0.29435333 0.29435349 0.29435399 0.2943548 0.29435593 0.29435738 0.29435914 0.2943612 0.29436357 0.29436623 0.29436919 0.29437244 0.29437598 0.2943798 0.2943839 0.29438828 0.29439292 0.29439784 0.29440302 0.29440845 0.29441415 0.29442009 0.29442628 0.29443272 0.29443939
0.29453657 0.29452518 0.29451417 0.29450354 0.2944933 0.29448345 0.29447398 0.2944649 0.29445619 0.29444787 0.29443993 0.29443237 0.29442519 0.29441838 0.29441195 0.29440589 0.2944002 0.29439488 0.29438993 0.29438534 0.29438111 0.29437724 0.29437373 0.29437057 0.29436776 0.2943653 0.29436319 0.29436141 0.29435998 0.29435888 0.29435812 0.29435768 0.29435758 0.29435779 0.29435832 0.29435917 0.29436033 0.2943618 0.29436358 0.29436566 0.29436803 0.2943707 0.29437366 0.2943769 0.29438043 0.29438424 0.29438832 0.29439268 0.2943973 0.29440218 0.29440733 0.29441273 0.29441838 0.29442428 0.29443042 0.29443681 0.29444343
0.29453552 0.29452441 0.29451368 0.29450333 0.29449335 0.29448375 0.29447452 0.29446567 0.29445719 0.29444909 0.29444136 0.294434 0.29442701 0.29442038 0.29441413 0.29440824 0.29440271 0.29439754 0.29439273 0.29438828 0.29438418 0.29438043 0.29437703 0.29437398 0.29437128 0.29436891 0.29436689 0.2943652 0.29436384 0.29436282 0.29436212 0.29436174 0.29436168 0.29436194 0.29436252 0.2943634 0.2943646 0.29436609 0.29436789 0.29436998 0.29437237 0.29437504 0.294378 0.29438125 0.29438477 0.29438856 0.29439263 0.29439696 0.29440156 0.29440642 0.29441153 0.2944169 0.29442251 0.29442837 0.29443446 0.2944408 0.29444737
0.29453436 0.29452353 0.29451308 0.29450299 0.29449327 0.29448392 0.29447493 0.29446632 0.29445806 0.29445017 0.29444265 0.29443549 0.29442868 0.29442224 0.29441616 0.29441044 0.29440507 0.29440005 0.29439538 0.29439107 0.2943871 0.29438348 0.2943802 0.29437726 0.29437465 0.29437238 0.29437045 0.29436884 0.29436756 0.29436661 0.29436597 0.29436566 0.29436565 0.29436596 0.29436658 0.2943675 0.29436873 0.29437025 0.29437207 0.29437418 0.29437658 0.29437926 0.29438223 0.29438547 0.29438898 0.29439277 0.29439682 0.29440114 0.29440571 0.29441054 0.29441563 0.29442096 0.29442654 0.29443235 0.29443841 0.2944447 0.29445121
0.29453308 0.29452254 0.29451236 0.29450254 0.29449307 0.29448397 0.29447522 0.29446683 0.2944588 0.29445112 0.2944438 0.29443684 0.29443023 0.29442397 0.29441806 0.2944125 0.29440729 0.29440242 0.2943979 0.29439372 0.29438988 0.29438638 0.29438322 0.29438039 0.29437789 0.29437572 0.29437387 0.29437235 0.29437115 0.29437026 0.2943697 0.29436944 0.29436949 0.29436985 0.29437051 0.29437147 0.29437273 0.29437428 0.29437613 0.29437825 0.29438067 0.29438336 0.29438633 0.29438957 0.29439308 0.29439686 0.2944009 0.2944052 0.29440976 0.29441456 0.29441962 0.29442492 0.29443046 0.29443624 0.29444225 0.2944485 0.29445497
0.2945317 0.29452144 0.29451153 0.29450197 0.29449276 0.2944839 0.29447539 0.29446722 0.29445941 0.29445195 0.29444483 0.29443806 0.29443164 0.29442556 0.29441982 0.29441443 0.29440937 0.29440466 0.29440028 0.29439624 0.29439253 0.29438915 0.2943861 0.29438338 0.29438099 0.29437891 0.29437716 0.29437572 0.2943746 0.29437379 0.29437329 0.29437309 0.2943732 0.29437361 0.29437431 0.29437532 0.29437661 0.29437819 0.29438006 0.29438221 0.29438463 0.29438734 0.29439031 0.29439356 0.29439707 0.29440084 0.29440487 0.29440915 0.29441369 0.29441848 0.29442351 0.29442878 0.29443429 0.29444003 0.29444601 0.29445221 0.29445863
0.29453023 0.29452024 0.2945106 0.29450129 0.29449233 0.29448371 0.29447543 0.2944675 0.2944599 0.29445265 0.29444573 0.29443916 0.29443292 0.29442702 0.29442146 0.29441623 0.29441133 0.29440677 0.29440253 0.29439862 0.29439505 0.29439179 0.29438886 0.29438625 0.29438395 0.29438198 0.29438031 0.29437896 0.29437792 0.29437718 0.29437675 0.29437661 0.29437678 0.29437724 0.29437799 0.29437903 0.29438036 0.29438198 0.29438387 0.29438604 0.29438848 0.2943912 0.29439418 0.29439743 0.29440094 0.29440471 0.29440873 0.294413 0.29441752 0.29442229 0.29442729 0.29443254 0.29443802 0.29444373 0.29444966 0.29445582 0.2944622
0.29452865 0.29451894 0.29450956 0.29450051 0.2944918 0.29448342 0.29447537 0.29446766 0.29446028 0.29445323 0.29444652 0.29444014 0.29443408 0.29442836 0.29442297 0.2944179 0.29441316 0.29440874 0.29440465 0.29440088 0.29439743 0.2943943 0.29439148 0.29438898 0.29438679 0.29438491 0.29438334 0.29438207 0.29438111 0.29438045 0.29438008 0.29438001 0.29438023 0.29438075 0.29438155 0.29438263 0.294384 0.29438564 0.29438756 0.29438976 0.29439222 0.29439495 0.29439794 0.29440119 0.2944047 0.29440847 0.29441248 0.29441674 0.29442125 0.294426 0.29443098 0.2944362 0.29444165 0.29444733 0.29445323 0.29445935 0.29446569
0.29452699 0.29451755 0.29450843 0.29449963 0.29449117 0.29448302 0.2944752 0.29446771 0.29446055 0.29445371 0.29444719 0.294441 0.29443513 0.29442958 0.29442436 0.29441945 0.29441487 0.2944106 0.29440665 0.29440302 0.29439969 0.29439668 0.29439398 0.29439159 0.29438951 0.29438772 0.29438624 0.29438506 0.29438418 0.29438359 0.29438329 0.29438329 0.29438357 0.29438413 0.29438498 0.29438611 0.29438751 0.29438919 0.29439114 0.29439336 0.29439584 0.29439858 0.29440159 0.29440485 0.29440836 0.29441212 0.29441613 0.29442038 0.29442488 0.29442961 0.29443457 0.29443977 0.29444519 0.29445083 0.2944567 0.29446279 0.29446909
0.29452525 0.29451607 0.29450721 0.29449866 0.29449043 0.29448252 0.29447493 0.29446766 0.29446071 0.29445407 0.29444775 0.29444175 0.29443606 0.29443069 0.29442563 0.29442089 0.29441646 0.29441234 0.29440853 0.29440503 0.29440184 0.29439895 0.29439636 0.29439408 0.2943921 0.29439041 0.29438902 0.29438793 0.29438713 0.29438661 0.29438639 0.29438644 0.29438678 0.2943874 0.2943883 0.29438947 0.29439091 0.29439263 0.29439461 0.29439685 0.29439935 0.29440211 0.29440513 0.29440839 0.29441191 0.29441567 0.29441968 0.29442392 0.2944284 0.29443312 0.29443806 0.29444324 0.29444863 0.29445425 0.29446009 0.29446614 0.2944724
0.29452342 0.2945145 0.2945059 0.2944976 0.29448961 0.29448193 0.29447457 0.29446751 0.29446076 0.29445433 0.2944482 0.29444239 0.29443688 0.29443168 0.29442679 0.29442221 0.29441793 0.29441396 0.29441029 0.29440693 0.29440386 0.29440109 0.29439863 0.29439645 0.29439457 0.29439299 0.29439169 0.29439068 0.29438996 0.29438952 0.29438936 0.29438948 0.29438988 0.29439056 0.2943915 0.29439272 0.2943942 0.29439595 0.29439796 0.29440023 0.29440275 0.29440553 0.29440856 0.29441184 0.29441536 0.29441912 0.29442312 0.29442736 0.29443183 0.29443654 0.29444146 0.29444662 0.29445199 0.29445758 0.29446339 0.2944694 0.29447563
0.29452152 0.29451286 0.2945045 0.29449645 0.2944887 0.29448125 0.2944741 0.29446726 0.29446072 0.29445449 0.29444855 0.29444292 0.2944376 0.29443257 0.29442785 0.29442342 0.2944193 0.29441547 0.29441194 0.29440871 0.29440577 0.29440313 0.29440077 0.29439871 0.29439693 0.29439544 0.29439424 0.29439332 0.29439267 0.29439231 0.29439223 0.29439241 0.29439287 0.2943936 0.2943946 0.29439586 0.29439738 0.29439917 0.29440121 0.2944035 0.29440605 0.29440885 0.29441189 0.29441518 0.29441871 0.29442247 0.29442647 0.29443071 0.29443517 0.29443986 0.29444477 0.2944499 0.29445526 0.29446082 0.2944666 0.29447258 0.29447877
0.29451954 0.29451114 0.29450303 0.29449522 0.2944877 0.29448048 0.29447355 0.29446692 0.29446059 0.29445455 0.29444881 0.29444336 0.29443821 0.29443336 0.2944288 0.29442453 0.29442056 0.29441688 0.29441349 0.29441039 0.29440757 0.29440505 0.29440281 0.29440085 0.29439918 0.29439779 0.29439668 0.29439584 0.29439528 0.29439499 0.29439498 0.29439523 0.29439575 0.29439654 0.29439758 0.29439889 0.29440046 0.29440228 0.29440435 0.29440667 0.29440925 0.29441206 0.29441512 0.29441842 0.29442196 0.29442572 0.29442973 0.29443396 0.29443841 0.29444309 0.29444799 0.2944531 0.29445843 0.29446398 0.29446972 0.29447568 0.29448184
0.2945175 0.29450935 0.29450149 0.29449391 0.29448662 0.29447962 0.29447291 0.29446649 0.29446036 0.29445452 0.29444897 0.29444371 0.29443873 0.29443405 0.29442965 0.29442554 0.29442172 0.29441818 0.29441493 0.29441196 0.29440927 0.29440687 0.29440474 0.29440289 0.29440132 0.29440003 0.29439901 0.29439826 0.29439778 0.29439757 0.29439762 0.29439794 0.29439852 0.29439936 0.29440046 0.29440182 0.29440343 0.29440528 0.29440739 0.29440974 0.29441234 0.29441518 0.29441825 0.29442156 0.29442511 0.29442888 0.29443288 0.29443711 0.29444156 0.29444623 0.29445112 0.29445622 0.29446153 0.29446705 0.29447277 0.2944787 0.29448482
0.29451539 0.29450749 0.29449987 0.29449253 0.29448547 0.29447869 0.29447219 0.29446598 0.29446005 0.2944544 0.29444904 0.29444395 0.29443916 0.29443464 0.2944304 0.29442645 0.29442277 0.29441938 0.29441626 0.29441342 0.29441086 0.29440858 0.29440657 0.29440483 0.29440336 0.29440216 0.29440123 0.29440057 0.29440017 0.29440004 0.29440016 0.29440055 0.29440119 0.29440209 0.29440324 0.29440464 0.29440629 0.29440819 0.29441033 0.29441271 0.29441533 0.29441819 0.29442129 0.29442461 0.29442817 0.29443195 0.29443595 0.29444018 0.29444462 0.29444928 0.29445416 0.29445924 0.29446454 0.29447003 0.29447573 0.29448163 0.29448773
0.29451323 0.29450557 0.29449819 0.29449108 0.29448424 0.29447768 0.2944714 0.29446539 0.29445966 0.2944542 0.29444902 0.29444412 0.29443949 0.29443514 0.29443106 0.29442726 0.29442373 0.29442048 0.2944175 0.29441479 0.29441236 0.29441019 0.29440829 0.29440666 0.29440529 0.29440419 0.29440336 0.29440278 0.29440246 0.2944024 0.2944026 0.29440305 0.29440376 0.29440471 0.29440592 0.29440737 0.29440906 0.294411 0.29441317 0.29441559 0.29441823 0.29442112 0.29442423 0.29442757 0.29443113 0.29443492 0.29443893 0.29444315 0.2944476 0.29445225 0.29445711 0.29446219 0.29446746 0.29447294 0.29447862 0.29448449 0.29449056
0.29451101 0.29450359 0.29449644 0.29448956 0.29448295 0.2944766 0.29447053 0.29446472 0.29445918 0.29445392 0.29444892 0.29444419 0.29443974 0.29443555 0.29443163 0.29442798 0.2944246 0.29442149 0.29441865 0.29441607 0.29441375 0.2944117 0.29440992 0.29440839 0.29440713 0.29440613 0.29440538 0.29440489 0.29440465 0.29440467 0.29440494 0.29440546 0.29440623 0.29440724 0.2944085 0.29440999 0.29441173 0.29441371 0.29441592 0.29441836 0.29442104 0.29442394 0.29442707 0.29443043 0.29443401 0.2944378 0.29444182 0.29444604 0.29445048 0.29445513 0.29445999 0.29446505 0.29447031 0.29447577 0.29448142 0.29448727 0.29449331
0.29450873 0.29450155 0.29449464 0.29448798 0.29448159 0.29447546 0.29446959 0.29446398 0.29445863 0.29445356 0.29444874 0.29444419 0.2944399 0.29443588 0.29443212 0.29442862 0.29442538 0.29442241 0.2944197 0.29441725 0.29441506 0.29441313 0.29441145 0.29441003 0.29440887 0.29440796 0.29440731 0.2944069 0.29440675 0.29440684 0.29440719 0.29440777 0.2944086 0.29440967 0.29441098 0.29441253 0.29441431 0.29441632 0.29441857 0.29442105 0.29442375 0.29442668 0.29442983 0.2944332 0.29443679 0.2944406 0.29444462 0.29444885 0.29445329 0.29445793 0.29446278 0.29446783 0.29447307 0.29447851 0.29448415 0.29448998 0.29449599
0.2945064 0.29449946 0.29449278 0.29448634 0.29448017 0.29447424 0.29446858 0.29446317 0.29445801 0.29445312 0.29444848 0.2944441 0.29443998 0.29443612 0.29443252 0.29442917 0.29442608 0.29442324 0.29442066 0.29441834 0.29441627 0.29441446 0.29441289 0.29441158 0.29441052 0.29440971 0.29440914 0.29440883 0.29440875 0.29440892 0.29440934 0.29440999 0.29441088 0.29441201 0.29441337 0.29441497 0.29441679 0.29441885 0.29442113 0.29442364 0.29442638 0.29442933 0.2944325 0.29443589 0.29443949 0.29444331 0.29444734 0.29445157 0.29445601 0.29446065 0.29446549 0.29447053 0.29447576 0.29448119 0.2944868 0.29449261 0.2944986
0.29450403 0.29449733 0.29449086 0.29448465 0.29447869 0.29447297 0.2944675 0.29446229 0.29445733 0.29445261 0.29444815 0.29444395 0.29443999 0.29443629 0.29443284 0.29442964 0.29442669 0.29442399 0.29442154 0.29441935 0.2944174 0.2944157 0.29441425 0.29441304 0.29441208 0.29441136 0.29441089 0.29441066 0.29441066 0.29441091 0.29441139 0.29441211 0.29441307 0.29441425 0.29441567 0.29441732 0.29441919 0.29442129 0.29442361 0.29442615 0.29442891 0.29443189 0.29443509 0.29443849 0.29444211 0.29444594 0.29444997 0.29445421 0.29445865 0.29446328 0.29446812 0.29447315 0.29447837 0.29448378 0.29448938 0.29449517 0.29450113
0.29450162 0.29449514 0.2944889 0.2944829 0.29447715 0.29447164 0.29446637 0.29446135 0.29445657 0.29445204 0.29444775 0.29444372 0.29443992 0.29443638 0.29443308 0.29443003 0.29442722 0.29442466 0.29442234 0.29442027 0.29441844 0.29441686 0.29441551 0.29441441 0.29441355 0.29441293 0.29441255 0.2944124 0.29441249 0.29441281 0.29441336 0.29441415 0.29441517 0.29441641 0.29441788 0.29441958 0.2944215 0.29442364 0.294426 0.29442857 0.29443136 0.29443437 0.29443759 0.29444101 0.29444465 0.29444848 0.29445253 0.29445677 0.29446121 0.29446584 0.29447068 0.2944757 0.29448091 0.29448631 0.29449189 0.29449766 0.2945036
0.29449917 0.29449291 0.29448689 0.29448111 0.29447556 0.29447025 0.29446518 0.29446035 0.29445575 0.2944514 0.29444729 0.29444342 0.29443979 0.2944364 0.29443325 0.29443034 0.29442768 0.29442525 0.29442306 0.29442111 0.2944194 0.29441793 0.2944167 0.2944157 0.29441494 0.29441441 0.29441412 0.29441406 0.29441422 0.29441462 0.29441525 0.2944161 0.29441718 0.29441848 0.29442001 0.29442176 0.29442372 0.2944259 0.2944283 0.29443091 0.29443373 0.29443676 0.29444 0.29444345 0.2944471 0.29445095 0.294455 0.29445925 0.29446369 0.29446833 0.29447316 0.29447817 0.29448337 0.29448876 0.29449433 0.29450007 0.294506
0.29449668 0.29449064 0.29448484 0.29447927 0.29447392 0.29446881 0.29446393 0.29445929 0.29445488 0.2944507 0.29444676 0.29444305 0.29443958 0.29443635 0.29443335 0.29443059 0.29442806 0.29442576 0.2944237 0.29442188 0.29442029 0.29441893 0.2944178 0.29441691 0.29441625 0.29441581 0.29441561 0.29441563 0.29441588 0.29441635 0.29441705 0.29441797 0.29441911 0.29442047 0.29442205 0.29442385 0.29442586 0.29442808 0.29443052 0.29443316 0.29443602 0.29443908 0.29444234 0.29444581 0.29444947 0.29445334 0.2944574 0.29446165 0.2944661 0.29447074 0.29447556 0.29448057 0.29448577 0.29449114 0.29449669 0.29450242 0.29450833
0.29449415 0.29448834 0.29448275 0.29447738 0.29447224 0.29446733 0.29446264 0.29445818 0.29445395 0.29444994 0.29444617 0.29444263 0.29443932 0.29443623 0.29443338 0.29443076 0.29442837 0.29442621 0.29442427 0.29442257 0.2944211 0.29441985 0.29441883 0.29441804 0.29441747 0.29441713 0.29441702 0.29441712 0.29441745 0.294418 0.29441877 0.29441976 0.29442096 0.29442238 0.29442402 0.29442586 0.29442792 0.29443019 0.29443266 0.29443534 0.29443823 0.29444131 0.2944446 0.29444809 0.29445177 0.29445565 0.29445972 0.29446398 0.29446844 0.29447307 0.2944779 0.2944829 0.29448809 0.29449345 0.29449899 0.29450471 0.29451059
0.2944916 0.294486 0.29448062 0.29447546 0.29447052 0.29446579 0.29446129 0.29445702 0.29445296 0.29444913 0.29444552 0.29444214 0.29443899 0.29443605 0.29443335 0.29443087 0.29442861 0.29442658 0.29442477 0.29442319 0.29442183 0.2944207 0.29441978 0.29441909 0.29441863 0.29441838 0.29441835 0.29441854 0.29441895 0.29441957 0.29442041 0.29442147 0.29442273 0.29442421 0.2944259 0.2944278 0.2944299 0.29443221 0.29443472 0.29443744 0.29444036 0.29444347 0.29444678 0.29445029 0.29445399 0.29445789 0.29446197 0.29446624 0.2944707 0.29447534 0.29448016 0.29448516 0.29449034 0.2944957 0.29450122 0.29450692 0.29451279
