Cobbity3/QGIS/HP31.asc
NCOLS 800
NROWS 450
XLLCORNER 150.66
YLLCORNER -34.028
CELLSIZE 1e-05
NODATA_VALUE -9999
[rows 375 to 399 of 450, columns 342 to 398 of 800]
0.29825968 0.29814619 0.29803402 0.29792322 0.29781381 0.29770582 0.2975993 0.29749425 0.29739072 0.29728871 0.29718825 0.29708936 0.29699205 0.29689634 0.29680223 0.29670975 0.2966189 0.29652968 0.2964421 0.29635617 0.2962719 0.29618927 0.2961083 0.29602898 0.29595131 0.29587529 0.29580091 0.29572817 0.29565706 0.29558758 0.29551973 0.29545348 0.29538883 0.29532578 0.29526431 0.29520442 0.29514608 0.29508929 0.29503404 0.29498031 0.2949281 0.29487737 0.29482813 0.29478035 0.29473403 0.29468914 0.29464567 0.29460361 0.29456293 0.29452363 0.29448568 0.29444908 0.29441379 0.29437981 0.29434711 0.29431569 0.29428552
0.29819591 0.29808543 0.29797621 0.29786827 0.29776166 0.2976564 0.29755252 0.29745006 0.29734904 0.29724947 0.29715139 0.2970548 0.29695974 0.2968662 0.29677421 0.29668377 0.29659491 0.29650761 0.2964219 0.29633778 0.29625525 0.29617431 0.29609497 0.29601722 0.29594108 0.29586652 0.29579356 0.29572219 0.2956524 0.29558419 0.29551755 0.29545247 0.29538896 0.29532699 0.29526656 0.29520765 0.29515027 0.2950944 0.29504002 0.29498712 0.2949357 0.29488573 0.29483721 0.29479012 0.29474445 0.29470018 0.2946573 0.29461579 0.29457564 0.29453683 0.29449935 0.29446318 0.2944283 0.2943947 0.29436236 0.29433127 0.29430141
0.29813243 0.2980249 0.29791855 0.29781342 0.29770954 0.29760695 0.29750568 0.29740575 0.29730719 0.29721002 0.29711427 0.29701996 0.29692709 0.2968357 0.29674579 0.29665737 0.29657046 0.29648506 0.29640119 0.29631885 0.29623804 0.29615877 0.29608104 0.29600486 0.29593022 0.29585712 0.29578556 0.29571554 0.29564706 0.29558011 0.29551468 0.29545077 0.29538837 0.29532748 0.29526808 0.29521017 0.29515374 0.29509877 0.29504527 0.2949932 0.29494258 0.29489337 0.29484558 0.29479918 0.29475416 0.29471051 0.29466822 0.29462727 0.29458765 0.29454934 0.29451233 0.2944766 0.29444214 0.29440893 0.29437695 0.2943462 0.29431665
0.29806926 0.29796461 0.29786107 0.29775869 0.29765749 0.29755752 0.29745879 0.29736135 0.29726521 0.2971704 0.29707694 0.29698485 0.29689416 0.29680487 0.296717 0.29663057 0.29654559 0.29646206 0.29638 0.29629942 0.29622031 0.29614269 0.29606656 0.29599191 0.29591876 0.29584711 0.29577694 0.29570826 0.29564108 0.29557537 0.29551114 0.29544839 0.29538711 0.29532729 0.29526892 0.295212 0.29515651 0.29510246 0.29504982 0.29499859 0.29494876 0.29490031 0.29485324 0.29480753 0.29476318 0.29472016 0.29467846 0.29463807 0.29459899 0.29456118 0.29452465 0.29448936 0.29445532 0.29442251 0.2943909 0.29436049 0.29433126
0.29800645 0.29790461 0.29780383 0.29770413 0.29760556 0.29750814 0.29741191 0.2973169 0.29722314 0.29713064 0.29703943 0.29694953 0.29686096 0.29677375 0.29668789 0.29660342 0.29652033 0.29643865 0.29635838 0.29627952 0.2962021 0.2961261 0.29605154 0.29597843 0.29590675 0.29583652 0.29576773 0.29570038 0.29563448 0.29557001 0.29550698 0.29544538 0.2953852 0.29532644 0.2952691 0.29521316 0.29515862 0.29510547 0.2950537 0.2950033 0.29495427 0.29490658 0.29486024 0.29481522 0.29477152 0.29472913 0.29468803 0.29464821 0.29460966 0.29457236 0.29453631 0.29450148 0.29446787 0.29443545 0.29440422 0.29437416 0.29434526
0.29794401 0.29784493 0.29774683 0.29764976 0.29755376 0.29745885 0.29736507 0.29727244 0.297181 0.29709077 0.29700177 0.29691402 0.29682755 0.29674237 0.29665849 0.29657594 0.29649472 0.29641486 0.29633634 0.2962592 0.29618343 0.29610904 0.29603604 0.29596443 0.29589421 0.29582539 0.29575796 0.29569193 0.2956273 0.29556406 0.29550221 0.29544175 0.29538267 0.29532497 0.29526865 0.29521369 0.29516008 0.29510784 0.29505693 0.29500736 0.29495912 0.2949122 0.29486658 0.29482226 0.29477922 0.29473746 0.29469696 0.29465771 0.2946197 0.29458291 0.29454734 0.29451297 0.29447979 0.29444778 0.29441693 0.29438723 0.29435866
0.29788199 0.29778559 0.29769013 0.29759563 0.29750213 0.29740968 0.29731829 0.297228 0.29713884 0.29705083 0.296964 0.29687836 0.29679394 0.29671076 0.29662884 0.29654818 0.2964688 0.29639072 0.29631394 0.29623848 0.29616435 0.29609154 0.29602008 0.29594995 0.29588117 0.29581375 0.29574767 0.29568294 0.29561957 0.29555754 0.29549687 0.29543754 0.29537955 0.2953229 0.29526759 0.2952136 0.29516093 0.29510958 0.29505954 0.2950108 0.29496335 0.29491718 0.29487229 0.29482866 0.29478629 0.29474516 0.29470526 0.29466658 0.29462911 0.29459284 0.29455776 0.29452385 0.29449111 0.29445951 0.29442904 0.2943997 0.29437147
0.29782041 0.29772663 0.29763373 0.29754175 0.29745071 0.29736065 0.29727161 0.29718361 0.29709669 0.29701086 0.29692615 0.29684258 0.29676018 0.29667897 0.29659895 0.29652015 0.29644259 0.29636626 0.2962912 0.2962174 0.29614487 0.29607363 0.29600368 0.29593502 0.29586767 0.29580162 0.29573687 0.29567344 0.29561131 0.29555049 0.29549097 0.29543277 0.29537586 0.29532026 0.29526595 0.29521293 0.29516119 0.29511073 0.29506155 0.29501363 0.29496698 0.29492157 0.2948774 0.29483446 0.29479275 0.29475225 0.29471295 0.29467485 0.29463793 0.29460218 0.29456759 0.29453414 0.29450184 0.29447065 0.29444058 0.29441161 0.29438372
0.29775928 0.29766807 0.29757768 0.29748815 0.29739951 0.2973118 0.29722506 0.2971393 0.29705456 0.29697087 0.29688825 0.29680672 0.2967263 0.29664701 0.29656888 0.29649191 0.29641612 0.29634153 0.29626814 0.29619598 0.29612504 0.29605534 0.29598688 0.29591968 0.29585373 0.29578904 0.29572561 0.29566345 0.29560255 0.29554292 0.29548456 0.29542747 0.29537163 0.29531706 0.29526375 0.29521169 0.29516088 0.29511131 0.29506299 0.29501589 0.29497002 0.29492536 0.29488192 0.29483967 0.29479862 0.29475876 0.29472006 0.29468254 0.29464616 0.29461093 0.29457683 0.29454386 0.29451199 0.29448123 0.29445155 0.29442295 0.29439541
0.29769864 0.29760993 0.29752199 0.29743486 0.29734857 0.29726316 0.29717866 0.2970951 0.2970125 0.29693091 0.29685033 0.29677079 0.29669232 0.29661492 0.29653863 0.29646346 0.29638943 0.29631654 0.29624481 0.29617425 0.29610488 0.29603669 0.29596971 0.29590393 0.29583937 0.29577602 0.2957139 0.295653 0.29559332 0.29553487 0.29547765 0.29542166 0.29536689 0.29531335 0.29526102 0.29520992 0.29516002 0.29511134 0.29506386 0.29501758 0.2949725 0.2949286 0.29488587 0.29484432 0.29480393 0.2947647 0.29472661 0.29468965 0.29465383 0.29461912 0.29458552 0.29455301 0.2945216 0.29449125 0.29446197 0.29443375 0.29440656
0.29763851 0.29755224 0.29746669 0.2973819 0.2972979 0.29721474 0.29713244 0.29705103 0.29697053 0.29689099 0.29681241 0.29673483 0.29665826 0.29658273 0.29650826 0.29643485 0.29636253 0.29629132 0.29622122 0.29615225 0.29608441 0.29601772 0.29595219 0.29588783 0.29582463 0.29576261 0.29570177 0.29564212 0.29558365 0.29552637 0.29547027 0.29541537 0.29536166 0.29530913 0.29525779 0.29520763 0.29515865 0.29511084 0.29506421 0.29501874 0.29497444 0.29493129 0.29488928 0.29484842 0.29480869 0.29477009 0.2947326 0.29469623 0.29466095 0.29462676 0.29459366 0.29456163 0.29453066 0.29450074 0.29447187 0.29444402 0.29441719
0.29757889 0.29749501 0.29741179 0.29732929 0.29724754 0.29716658 0.29708642 0.29700711 0.29692868 0.29685114 0.29677453 0.29669886 0.29662417 0.29655046 0.29647777 0.2964061 0.29633547 0.2962659 0.2961974 0.29612999 0.29606367 0.29599846 0.29593436 0.29587138 0.29580954 0.29574883 0.29568926 0.29563083 0.29557355 0.29551742 0.29546245 0.29540862 0.29535595 0.29530443 0.29525407 0.29520485 0.29515677 0.29510984 0.29506405 0.29501939 0.29497586 0.29493345 0.29489217 0.29485199 0.29481292 0.29477495 0.29473807 0.29470227 0.29466754 0.29463388 0.29460128 0.29456972 0.2945392 0.29450971 0.29448124 0.29445377 0.29442731
0.29751982 0.29743826 0.29735733 0.29727706 0.2971975 0.29711868 0.29704063 0.29696338 0.29688696 0.29681139 0.2967367 0.29666292 0.29659005 0.29651814 0.29644719 0.29637722 0.29630826 0.29624031 0.29617339 0.29610751 0.29604268 0.29597892 0.29591623 0.29585462 0.29579411 0.29573469 0.29567637 0.29561916 0.29556306 0.29550807 0.2954542 0.29540145 0.29534981 0.29529929 0.29524988 0.29520159 0.29515442 0.29510835 0.29506339 0.29501954 0.29497678 0.29493512 0.29489455 0.29485506 0.29481664 0.2947793 0.29474302 0.29470779 0.29467362 0.29464048 0.29460838 0.2945773 0.29454723 0.29451817 0.29449011 0.29446303 0.29443693
0.29746131 0.29738201 0.29730331 0.29722523 0.29714781 0.29707109 0.29699509 0.29691985 0.2968454 0.29677176 0.29669895 0.29662701 0.29655595 0.29648579 0.29641655 0.29634826 0.29628093 0.29621457 0.29614919 0.29608482 0.29602146 0.29595913 0.29589783 0.29583757 0.29577837 0.29572023 0.29566314 0.29560713 0.29555219 0.29549833 0.29544555 0.29539386 0.29534324 0.29529371 0.29524526 0.29519789 0.29515161 0.2951064 0.29506227 0.29501921 0.29497722 0.2949363 0.29489644 0.29485763 0.29481987 0.29478315 0.29474748 0.29471283 0.2946792 0.29464659 0.29461499 0.29458439 0.29455477 0.29452615 0.29449849 0.2944718 0.29444606
0.29740337 0.29732629 0.29724975 0.2971738 0.29709847 0.2970238 0.29694982 0.29687655 0.29680402 0.29673227 0.29666131 0.29659117 0.29652187 0.29645343 0.29638588 0.29631923 0.2962535 0.2961887 0.29612485 0.29606196 0.29600004 0.29593912 0.29587919 0.29582026 0.29576235 0.29570546 0.2956496 0.29559477 0.29554098 0.29548823 0.29543653 0.29538588 0.29533627 0.29528772 0.29524022 0.29519376 0.29514836 0.29510401 0.2950607 0.29501843 0.29497721 0.29493702 0.29489786 0.29485973 0.29482263 0.29478653 0.29475146 0.29471738 0.29468431 0.29465222 0.29462112 0.29459099 0.29456184 0.29453364 0.2945064 0.2944801 0.29445473
0.29734602 0.29727109 0.29719667 0.2971228 0.29704952 0.29697685 0.29690483 0.29683348 0.29676284 0.29669294 0.29662378 0.29655541 0.29648784 0.2964211 0.29635519 0.29629015 0.29622599 0.29616273 0.29610037 0.29603894 0.29597845 0.2959189 0.29586032 0.2958027 0.29574606 0.29569041 0.29563575 0.29558209 0.29552943 0.29547779 0.29542715 0.29537753 0.29532892 0.29528134 0.29523477 0.29518923 0.2951447 0.29510119 0.2950587 0.29501722 0.29497675 0.29493729 0.29489884 0.29486138 0.29482492 0.29478946 0.29475497 0.29472147 0.29468894 0.29465738 0.29462678 0.29459714 0.29456844 0.29454068 0.29451384 0.29448793 0.29446294
0.29728926 0.29721643 0.29714408 0.29707225 0.29700096 0.29693025 0.29686014 0.29679068 0.29672189 0.29665378 0.2965864 0.29651976 0.29645388 0.29638879 0.29632451 0.29626105 0.29619843 0.29613667 0.29607579 0.29601579 0.29595669 0.29589851 0.29584125 0.29578492 0.29572954 0.2956751 0.29562163 0.29556912 0.29551758 0.29546702 0.29541744 0.29536883 0.29532122 0.29527459 0.29522895 0.2951843 0.29514064 0.29509797 0.29505628 0.29501558 0.29497587 0.29493713 0.29489938 0.29486259 0.29482678 0.29479193 0.29475805 0.29472512 0.29469314 0.2946621 0.294632 0.29460283 0.29457459 0.29454726 0.29452084 0.29449533 0.29447071
0.29723311 0.29716234 0.297092 0.29702215 0.29695281 0.29688401 0.29681578 0.29674816 0.29668117 0.29661483 0.29654918 0.29648423 0.29642002 0.29635655 0.29629385 0.29623194 0.29617084 0.29611056 0.29605111 0.29599252 0.2959348 0.29587795 0.295822 0.29576694 0.29571279 0.29565956 0.29560725 0.29555588 0.29550544 0.29545595 0.29540741 0.29535981 0.29531317 0.29526749 0.29522277 0.295179 0.2951362 0.29509436 0.29505347 0.29501355 0.29497458 0.29493656 0.2948995 0.29486339 0.29482822 0.29479399 0.29476069 0.29472833 0.2946969 0.29466638 0.29463678 0.29460809 0.29458031 0.29455341 0.29452741 0.29450229 0.29447804
0.29717758 0.2971088 0.29704044 0.29697252 0.29690507 0.29683814 0.29677175 0.29670592 0.2966407 0.29657609 0.29651213 0.29644885 0.29638626 0.29632438 0.29626324 0.29620285 0.29614323 0.2960844 0.29602637 0.29596917 0.29591279 0.29585726 0.29580258 0.29574878 0.29569584 0.29564379 0.29559264 0.29554238 0.29549304 0.2954446 0.29539708 0.29535048 0.29530481 0.29526006 0.29521624 0.29517336 0.2951314 0.29509038 0.29505029 0.29501113 0.2949729 0.2949356 0.29489923 0.29486378 0.29482924 0.29479563 0.29476293 0.29473113 0.29470024 0.29467025 0.29464115 0.29461293 0.2945856 0.29455915 0.29453356 0.29450883 0.29448496
0.29712268 0.29705585 0.2969894 0.29692337 0.29685778 0.29679267 0.29672807 0.296664 0.2966005 0.29653758 0.29647528 0.29641362 0.29635262 0.2962923 0.29623268 0.29617378 0.29611562 0.29605822 0.29600159 0.29594574 0.29589069 0.29583645 0.29578303 0.29573045 0.29567871 0.29562783 0.29557781 0.29552866 0.29548038 0.29543299 0.29538648 0.29534086 0.29529614 0.29525232 0.2952094 0.29516738 0.29512627 0.29508606 0.29504675 0.29500835 0.29497086 0.29493426 0.29489857 0.29486378 0.29482988 0.29479688 0.29476476 0.29473353 0.29470318 0.2946737 0.2946451 0.29461737 0.29459049 0.29456447 0.2945393 0.29451497 0.29449147
0.29706841 0.29700348 0.2969389 0.29687471 0.29681093 0.2967476 0.29668475 0.2966224 0.29656058 0.29649932 0.29643864 0.29637857 0.29631913 0.29626033 0.29620221 0.29614477 0.29608804 0.29603203 0.29597676 0.29592225 0.2958685 0.29581553 0.29576336 0.29571198 0.29566142 0.29561169 0.29556278 0.29551471 0.29546749 0.29542113 0.29537562 0.29533097 0.29528719 0.29524428 0.29520224 0.29516108 0.2951208 0.2950814 0.29504287 0.29500522 0.29496846 0.29493256 0.29489755 0.29486341 0.29483014 0.29479774 0.29476621 0.29473554 0.29470573 0.29467677 0.29464867 0.29462141 0.29459499 0.2945694 0.29454464 0.29452071 0.29449759
0.29701478 0.2969517 0.29688895 0.29682655 0.29676454 0.29670294 0.2966418 0.29658113 0.29652096 0.29646132 0.29640222 0.29634371 0.29628579 0.29622849 0.29617183 0.29611583 0.2960605 0.29600586 0.29595193 0.29589872 0.29584625 0.29579453 0.29574357 0.29569339 0.29564399 0.29559538 0.29554757 0.29550058 0.2954544 0.29540904 0.29536452 0.29532083 0.29527797 0.29523597 0.2951948 0.29515449 0.29511503 0.29507642 0.29503866 0.29500176 0.29496571 0.29493052 0.29489618 0.29486269 0.29483004 0.29479825 0.29476729 0.29473718 0.29470791 0.29467947 0.29465185 0.29462507 0.2945991 0.29457395 0.29454961 0.29452607 0.29450333
0.29696179 0.29690052 0.29683955 0.2967789 0.29671861 0.29665871 0.29659924 0.2965402 0.29648164 0.29642358 0.29636604 0.29630905 0.29625263 0.29619679 0.29614156 0.29608696 0.29603301 0.29597971 0.2959271 0.29587518 0.29582396 0.29577347 0.2957237 0.29567469 0.29562642 0.29557893 0.2955322 0.29548626 0.2954411 0.29539675 0.29535319 0.29531044 0.29526851 0.29522739 0.29518709 0.29514761 0.29510896 0.29507114 0.29503415 0.29499798 0.29496265 0.29492814 0.29489447 0.29486162 0.2948296 0.2947984 0.29476802 0.29473846 0.29470972 0.29468179 0.29465468 0.29462836 0.29460285 0.29457813 0.2945542 0.29453106 0.2945087
0.29690946 0.29684995 0.2967907 0.29673176 0.29667316 0.29661492 0.29655707 0.29649964 0.29644265 0.29638613 0.29633011 0.29627461 0.29621965 0.29616524 0.29611142 0.29605819 0.29600558 0.29595361 0.29590228 0.29585162 0.29580164 0.29575235 0.29570376 0.29565589 0.29560875 0.29556234 0.29551668 0.29547177 0.29542763 0.29538426 0.29534166 0.29529984 0.29525881 0.29521857 0.29517912 0.29514047 0.29510262 0.29506558 0.29502934 0.29499391 0.29495928 0.29492545 0.29489244 0.29486023 0.29482882 0.29479821 0.29476841 0.2947394 0.29471119 0.29468377 0.29465714 0.2946313 0.29460624 0.29458195 0.29455844 0.29453569 0.29451371
0.29685778 0.29679998 0.29674243 0.29668515 0.29662819 0.29657156 0.2965153 0.29645943 0.29640398 0.29634898 0.29629444 0.2962404 0.29618686 0.29613386 0.29608141 0.29602953 0.29597824 0.29592756 0.2958775 0.29582808 0.2957793 0.29573119 0.29568376 0.29563702 0.29559098 0.29554564 0.29550103 0.29545714 0.29541399 0.29537159 0.29532993 0.29528903 0.29524889 0.29520951 0.29517091 0.29513308 0.29509602 0.29505975 0.29502425 0.29498954 0.29495561 0.29492246 0.2948901 0.29485852 0.29482772 0.29479771 0.29476847 0.29474001 0.29471233 0.29468542 0.29465927 0.2946339 0.29460928 0.29458543 0.29456233 0.29453998 0.29451837
