Cobbity3/QGIS/HP31.asc
NCOLS 800
NROWS 450
XLLCORNER 150.66
YLLCORNER -34.028
CELLSIZE 1e-05
NODATA_VALUE -9999
[rows 175 to 199 of 450, columns 342 to 398 of 800]
0.27656316 0.27734204 0.27810376 0.27884809 0.27957495 0.28028436 0.28097642 0.28165131 0.28230927 0.28295056 0.2835755 0.28418442 0.28477767 0.2853556 0.28591859 0.28646702 0.28700124 0.28752164 0.28802857 0.28852242 0.28900352 0.28947223 0.2899289 0.29037385 0.29080741 0.29122989 0.29164162 0.29204287 0.29243394 0.29281512 0.29318667 0.29354886 0.29390194 0.29424616 0.29458175 0.29490896 0.295228 0.29553908 0.29584243 0.29613823 0.29642669 0.296708 0.29698234 0.29724989 0.29751083 0.29776531 0.2980135 0.29825555 0.29849163 0.29872187 0.29894643 0.29916543 0.29937901 0.29958731 0.29979045 0.29998855 0.30018174
0.27560144 0.27638676 0.27715578 0.27790813 0.2786436 0.27936212 0.28006371 0.28074847 0.28141656 0.2820682 0.28270365 0.28332318 0.28392713 0.2845158 0.28508954 0.2856487 0.28619363 0.28672468 0.2872422 0.28774654 0.28823805 0.28871707 0.28918392 0.28963894 0.29008245 0.29051476 0.29093617 0.29134697 0.29174746 0.29213792 0.29251861 0.2928898 0.29325174 0.29360468 0.29394887 0.29428452 0.29461187 0.29493114 0.29524253 0.29554626 0.29584251 0.29613148 0.29641336 0.29668833 0.29695655 0.29721821 0.29747346 0.29772246 0.29796537 0.29820234 0.29843351 0.29865902 0.29887901 0.29909361 0.29930295 0.29950716 0.29970636
0.27467438 0.27546527 0.27624069 0.27700016 0.27774337 0.27847013 0.2791804 0.27987418 0.28055159 0.28121278 0.28185795 0.28248736 0.28310126 0.28369997 0.28428377 0.28485301 0.285408 0.28594908 0.28647658 0.28699084 0.2874922 0.28798097 0.2884575 0.28892208 0.28937505 0.28981671 0.29024735 0.29066727 0.29107675 0.29147607 0.2918655 0.29224531 0.29261574 0.29297704 0.29332946 0.29367323 0.29400857 0.29433569 0.29465483 0.29496617 0.29526992 0.29556628 0.29585542 0.29613754 0.2964128 0.29668138 0.29694345 0.29719916 0.29744867 0.29769214 0.29792971 0.29816152 0.29838771 0.29860841 0.29882376 0.29903388 0.2992389
0.273781 0.27457669 0.27535773 0.27612353 0.27687367 0.27760789 0.27832604 0.27902808 0.27971404 0.28038402 0.28103819 0.28167675 0.28229992 0.28290797 0.28350118 0.28407985 0.28464428 0.28519478 0.28573168 0.2862553 0.28676595 0.28726396 0.28774964 0.28822329 0.28868524 0.28913578 0.2895752 0.29000379 0.29042184 0.29082962 0.2912274 0.29161544 0.29199399 0.29236329 0.2927236 0.29307514 0.29341814 0.29375281 0.29407938 0.29439804 0.294709 0.29501245 0.29530859 0.29559759 0.29587963 0.29615489 0.29642353 0.29668571 0.2969416 0.29719134 0.29743508 0.29767298 0.29790516 0.29813177 0.29835293 0.29856878 0.29877944
0.27292031 0.27372014 0.27450612 0.27527756 0.27603393 0.27677488 0.2775002 0.27820977 0.27890356 0.27958164 0.28024412 0.28089114 0.28152291 0.28213966 0.28274164 0.28332912 0.28390239 0.28446174 0.28500747 0.28553989 0.2860593 0.28656602 0.28706034 0.28754258 0.28801303 0.28847199 0.28891975 0.28935659 0.28978279 0.29019862 0.29060435 0.29100024 0.29138654 0.29176349 0.29213134 0.29249031 0.29284064 0.29318254 0.29351623 0.29384192 0.2941598 0.29447007 0.29477292 0.29506854 0.2953571 0.29563878 0.29591375 0.29618217 0.29644419 0.29669999 0.29694969 0.29719346 0.29743143 0.29766373 0.29789051 0.29811189 0.298328
0.27209133 0.27289478 0.27368513 0.27446158 0.27522355 0.27597059 0.27670241 0.27741885 0.27811983 0.27880535 0.27947547 0.28013032 0.28077006 0.28139489 0.28200503 0.28260072 0.28318225 0.28374987 0.28430387 0.28484455 0.28537221 0.28588712 0.28638961 0.28687994 0.28735844 0.28782536 0.28828102 0.28872568 0.28915961 0.28958309 0.28999639 0.29039975 0.29079343 0.29117767 0.29155271 0.29191879 0.29227612 0.29262494 0.29296544 0.29329785 0.29362236 0.29393917 0.29424847 0.29455044 0.29484526 0.29513311 0.29541416 0.29568858 0.29595652 0.29621814 0.29647358 0.29672301 0.29696655 0.29720436 0.29743656 0.29766328 0.29788466
0.27129315 0.27209977 0.272894 0.27367496 0.27444196 0.2751945 0.27593224 0.27665494 0.27736249 0.27805483 0.27873199 0.27939405 0.28004115 0.28067346 0.28129118 0.28189452 0.28248373 0.28305908 0.28362082 0.28416924 0.28470462 0.28522724 0.2857374 0.28623536 0.28672143 0.28719589 0.28765901 0.28811106 0.28855232 0.28898306 0.28940353 0.28981399 0.29021469 0.29060587 0.29098776 0.2913606 0.29172462 0.29208003 0.29242705 0.29276589 0.29309674 0.2934198 0.29373527 0.29404333 0.29434415 0.29463793 0.29492482 0.29520499 0.29547861 0.29574583 0.2960068 0.29626167 0.29651059 0.29675369 0.29699111 0.29722298 0.29744944
0.27052487 0.27133434 0.27213205 0.27291704 0.27368859 0.27444612 0.27518923 0.27591764 0.27663118 0.27732976 0.27801338 0.27868209 0.27933598 0.27997521 0.28059993 0.28121037 0.28180674 0.28238927 0.28295823 0.28351388 0.28405649 0.28458633 0.28510368 0.28560881 0.28610201 0.28658355 0.28705371 0.28751275 0.28796093 0.28839853 0.2888258 0.28924299 0.28965034 0.2900481 0.29043651 0.29081579 0.29118617 0.29154787 0.29190109 0.29224606 0.29258296 0.292912 0.29323337 0.29354725 0.29385382 0.29415327 0.29444576 0.29473145 0.29501052 0.29528311 0.29554939 0.29580949 0.29606357 0.29631176 0.29655421 0.29679104 0.29702239
0.26978568 0.27059772 0.27139858 0.27218724 0.2729629 0.27372495 0.27447293 0.27520654 0.27592555 0.27662984 0.27731938 0.27799419 0.27865433 0.27929993 0.27993113 0.28054813 0.28115112 0.28174034 0.28231601 0.28287839 0.28342774 0.28396433 0.28448841 0.28500026 0.28550014 0.28598834 0.28646511 0.28693072 0.28738543 0.28782951 0.28826319 0.28868674 0.2891004 0.2895044 0.28989898 0.29028437 0.29066079 0.29102846 0.29138759 0.29173839 0.29208106 0.29241579 0.29274279 0.29306223 0.29337429 0.29367916 0.293977 0.29426798 0.29455227 0.29483001 0.29510137 0.2953665 0.29562553 0.29587862 0.29612589 0.29636749 0.29660354
0.26907481 0.26988923 0.27069298 0.27148497 0.27226436 0.27303052 0.27378294 0.27452127 0.27524526 0.27595476 0.27664971 0.2773301 0.27799597 0.27864742 0.27928459 0.27990764 0.28051676 0.28111215 0.28169404 0.28226268 0.2828183 0.28336116 0.28389152 0.28440964 0.28491578 0.28541021 0.28589319 0.28636497 0.28682582 0.28727598 0.28771571 0.28814526 0.28856486 0.28897475 0.28937517 0.28976634 0.29014849 0.29052182 0.29088656 0.2912429 0.29159105 0.29193121 0.29226356 0.2925883 0.2929056 0.29321564 0.29351859 0.29381462 0.29410389 0.29438656 0.29466279 0.29493272 0.2951965 0.29545428 0.29570618 0.29595235 0.29619292
0.26839156 0.26920824 0.27001465 0.27080969 0.2715925 0.27236239 0.27311883 0.27386145 0.27458997 0.27530422 0.27600409 0.27668957 0.27736068 0.27801749 0.27866013 0.27928874 0.27990349 0.28050458 0.28109222 0.28166664 0.28222807 0.28277676 0.28331296 0.28383691 0.28434889 0.28484913 0.2853379 0.28581546 0.28628205 0.28673793 0.28718334 0.28761853 0.28804373 0.28845918 0.2888651 0.28926173 0.28964928 0.29002798 0.29039802 0.29075961 0.29111296 0.29145827 0.29179571 0.29212548 0.29244776 0.29276272 0.29307054 0.29337139 0.29366542 0.29395279 0.29423367 0.29450819 0.29477652 0.29503878 0.29529512 0.29554567 0.29579057
0.26773531 0.26855415 0.26936306 0.27016092 0.27094685 0.27172013 0.27248023 0.27322674 0.27395936 0.2746779 0.27538225 0.27607236 0.27674823 0.27740994 0.27805757 0.27869127 0.27931118 0.2799175 0.28051043 0.28109018 0.28165697 0.28221104 0.28275264 0.28328201 0.28379939 0.28430505 0.28479922 0.28528216 0.28575412 0.28621534 0.28666606 0.28710654 0.28753699 0.28795765 0.28836876 0.28877052 0.28916317 0.28954692 0.28992197 0.29028853 0.2906468 0.29099697 0.29133924 0.29167378 0.29200079 0.29232043 0.29263288 0.2929383 0.29323686 0.29352872 0.29381402 0.29409293 0.29436559 0.29463214 0.29489272 0.29514746 0.2953965
0.26710552 0.26792646 0.26873773 0.2695382 0.27032698 0.27110336 0.27186677 0.27261679 0.27335312 0.27407554 0.27478393 0.27547822 0.27615841 0.27682455 0.27747672 0.27811505 0.27873967 0.27935077 0.27994853 0.28053316 0.28110488 0.28166391 0.28221049 0.28274485 0.28326724 0.2837779 0.28427708 0.28476502 0.28524197 0.28570817 0.28616385 0.28660926 0.28704462 0.28747017 0.28788612 0.28829271 0.28869015 0.28907865 0.28945842 0.28982965 0.29019256 0.29054733 0.29089415 0.29123322 0.29156469 0.29188877 0.2922056 0.29251537 0.29281823 0.29311435 0.29340387 0.29368695 0.29396374 0.29423437 0.294499 0.29475774 0.29501074
0.2665017 0.2673247 0.26813821 0.26894112 0.26973252 0.2705117 0.27127809 0.27203128 0.27277094 0.27349685 0.27420886 0.27490692 0.275591 0.27626113 0.2769174 0.27755992 0.27818881 0.27880425 0.27940641 0.27999549 0.28057171 0.28113527 0.28168641 0.28222536 0.28275235 0.28326763 0.28377143 0.284264 0.28474557 0.28521638 0.28567667 0.28612666 0.2865666 0.2869967 0.28741719 0.28782829 0.2882302 0.28862316 0.28900735 0.28938298 0.28975025 0.29010934 0.29046046 0.29080378 0.29113948 0.29146774 0.29178873 0.29210261 0.29240955 0.2927097 0.29300323 0.29329027 0.29357098 0.2938455 0.29411397 0.29437653 0.2946333
0.26592346 0.26674849 0.26756413 0.2683693 0.2691631 0.26994482 0.2707139 0.27146991 0.27221254 0.27294156 0.27365681 0.27435822 0.27504577 0.27571948 0.27637943 0.2770257 0.27765843 0.27827778 0.27888392 0.27947704 0.28005733 0.28062502 0.28118031 0.28172345 0.28225466 0.28277417 0.28328221 0.28377903 0.28426486 0.28473993 0.28520447 0.28565871 0.28610289 0.28653722 0.28696192 0.28737722 0.28778332 0.28818043 0.28856875 0.28894849 0.28931985 0.28968301 0.29003816 0.29038548 0.29072516 0.29105736 0.29138226 0.29170003 0.29201082 0.29231479 0.2926121 0.29290289 0.29318733 0.29346553 0.29373766 0.29400383 0.29426419
0.26537046 0.26619748 0.26701516 0.26782242 0.2686184 0.26940241 0.27017389 0.27093241 0.27167767 0.27240942 0.27312753 0.27383191 0.27452253 0.27519941 0.27586261 0.27651223 0.27714839 0.27777123 0.27838093 0.27897767 0.27956163 0.28013304 0.2806921 0.28123903 0.28177407 0.28229743 0.28280934 0.28331005 0.28379978 0.28427875 0.28474721 0.28520537 0.28565345 0.28609169 0.2865203 0.28693948 0.28734946 0.28775043 0.28814261 0.28852618 0.28890135 0.28926831 0.28962723 0.2899783 0.29032171 0.29065762 0.29098619 0.29130761 0.29162203 0.2919296 0.29223048 0.29252482 0.29281277 0.29309447 0.29337005 0.29363966 0.29390342
0.26484242 0.26567139 0.26649099 0.26730019 0.26809815 0.26888419 0.26965778 0.27041851 0.27116606 0.2719002 0.2726208 0.27332776 0.27402106 0.27470071 0.27536677 0.27601933 0.2766585 0.27728444 0.2778973 0.27849725 0.2790845 0.27965923 0.28022166 0.28077201 0.28131049 0.28183733 0.28235276 0.28285699 0.28335027 0.2838328 0.28430483 0.28476657 0.28521825 0.28566008 0.28609227 0.28651504 0.2869286 0.28733315 0.2877289 0.28811603 0.28849474 0.28886522 0.28922766 0.28958224 0.28992912 0.2902685 0.29060052 0.29092536 0.29124318 0.29155414 0.29185838 0.29215606 0.29244732 0.29273231 0.29301116 0.29328401 0.29355099
0.26433912 0.26516998 0.26599139 0.26680236 0.26760209 0.26838992 0.26916534 0.26992796 0.27067748 0.27141367 0.27213639 0.27284556 0.27354116 0.27422319 0.27489172 0.27554683 0.27618863 0.27681726 0.27743288 0.27803567 0.2786258 0.27920347 0.27976889 0.28032228 0.28086384 0.28139379 0.28191236 0.28241977 0.28291625 0.28340201 0.28387728 0.28434228 0.28479722 0.28524232 0.2856778 0.28610386 0.28652071 0.28692855 0.28732758 0.287718 0.28809999 0.28847374 0.28883944 0.28919726 0.28954739 0.28988999 0.29022522 0.29055326 0.29087427 0.29118839 0.29149578 0.2917966 0.29209097 0.29237906 0.29266099 0.29293689 0.29320691
0.2638604 0.26469307 0.26551615 0.26632871 0.26712998 0.26791935 0.26869634 0.26946055 0.2702117 0.2709496 0.2716741 0.27238512 0.27308264 0.27376668 0.27443729 0.27509456 0.2757386 0.27636954 0.27698754 0.27759277 0.2781854 0.27876564 0.27933368 0.27988973 0.280434 0.28096671 0.28148808 0.28199832 0.28249765 0.2829863 0.28346448 0.28393242 0.28439031 0.28483838 0.28527684 0.28570589 0.28612574 0.28653659 0.28693863 0.28733205 0.28771706 0.28809382 0.28846253 0.28882336 0.28917648 0.28952207 0.28986029 0.29019131 0.29051527 0.29083235 0.29114268 0.29144643 0.29174372 0.2920347 0.29231952 0.2925983 0.29287117
0.26340614 0.2642405 0.2650651 0.26587905 0.26668165 0.2674723 0.26825055 0.26901605 0.26976853 0.2705078 0.27123372 0.27194623 0.27264532 0.27333099 0.27400331 0.27466236 0.27530825 0.27594112 0.27656112 0.27716841 0.27776318 0.27834561 0.2789159 0.27947426 0.28002088 0.280556 0.28107981 0.28159254 0.2820944 0.2825856 0.28306637 0.28353692 0.28399746 0.28444819 0.28488933 0.28532108 0.28574365 0.28615722 0.28656199 0.28695816 0.28734592 0.28772544 0.2880969 0.28846049 0.28881638 0.28916472 0.2895057 0.28983947 0.29016618 0.290486 0.29079907 0.29110553 0.29140554 0.29169924 0.29198675 0.29226822 0.29254377
0.26297624 0.26381216 0.26463809 0.26545322 0.26625689 0.26704856 0.2678278 0.26859428 0.26934776 0.27008806 0.27081506 0.27152872 0.272229 0.27291594 0.2735896 0.27425006 0.27489743 0.27553186 0.27615348 0.27676247 0.277359 0.27794326 0.27851544 0.27907574 0.27962437 0.28016154 0.28068746 0.28120234 0.28170639 0.28219983 0.28268287 0.28315572 0.28361859 0.28407169 0.28451522 0.28494938 0.28537437 0.28579039 0.28619763 0.28659628 0.28698653 0.28736855 0.28774253 0.28810864 0.28846704 0.28881792 0.28916142 0.28949772 0.28982697 0.29014931 0.29046491 0.2907739 0.29107643 0.29137264 0.29166267 0.29194664 0.29222468
0.26257066 0.26340794 0.264235 0.26505107 0.26585556 0.26664797 0.2674279 0.26819505 0.26894921 0.2696902 0.27041794 0.27113238 0.27183351 0.27252135 0.27319598 0.27385748 0.27450598 0.27514159 0.27576448 0.2763748 0.27697273 0.27755845 0.27813217 0.27869407 0.27924436 0.27978324 0.28031093 0.28082762 0.28133354 0.2818289 0.28231389 0.28278874 0.28325364 0.2837088 0.28415443 0.28459071 0.28501786 0.28543606 0.2858455 0.28624636 0.28663885 0.28702312 0.28739936 0.28776775 0.28812844 0.28848162 0.28882743 0.28916604 0.2894976 0.28982227 0.29014019 0.29045151 0.29075636 0.2910549 0.29134725 0.29163354 0.29191391
0.26218934 0.26302777 0.26385572 0.26467248 0.26547752 0.26627037 0.26705068 0.26781819 0.26857269 0.26931405 0.27004218 0.27075705 0.27145866 0.27214705 0.27282229 0.27348448 0.27413372 0.27477016 0.27539395 0.27600524 0.27660422 0.27719106 0.27776596 0.27832911 0.27888072 0.27942098 0.2799501 0.28046829 0.28097576 0.28147271 0.28195935 0.28243589 0.28290252 0.28335946 0.28380689 0.28424502 0.28467404 0.28509415 0.28550552 0.28590835 0.28630282 0.28668909 0.28706736 0.28743779 0.28780054 0.28815578 0.28850368 0.28884439 0.28917805 0.28950484 0.28982488 0.29013833 0.29044532 0.29074599 0.29104048 0.29132891 0.29161142
0.26183227 0.2626716 0.26350016 0.26431734 0.26512262 0.26591561 0.26669599 0.26746353 0.26821804 0.26895942 0.26968759 0.27040255 0.27110429 0.27179287 0.27246836 0.27313087 0.27378051 0.27441742 0.27504175 0.27565366 0.27625333 0.27684094 0.27741669 0.27798075 0.27853333 0.27907464 0.27960488 0.28012424 0.28063294 0.28113118 0.28161916 0.28209708 0.28256516 0.28302357 0.28347254 0.28391224 0.28434286 0.28476461 0.28517765 0.28558219 0.28597838 0.28636642 0.28674647 0.2871187 0.28748329 0.28784038 0.28819014 0.28853273 0.28886829 0.28919698 0.28951895 0.28983433 0.29014326 0.29044588 0.29074233 0.29103273 0.2913172
0.26149944 0.26233937 0.26316825 0.26398553 0.26479075 0.26558356 0.26636368 0.26713091 0.26788509 0.26862614 0.26935402 0.2700687 0.27077022 0.27145863 0.27213403 0.2727965 0.27344618 0.2740832 0.27470772 0.27531991 0.27591993 0.27650796 0.27708421 0.27764885 0.27820208 0.27874411 0.27927514 0.27979535 0.28030497 0.28080419 0.28129321 0.28177223 0.28224145 0.28270107 0.28315128 0.28359227 0.28402424 0.28444736 0.28486182 0.28526781 0.28566549 0.28605504 0.28643664 0.28681045 0.28717663 0.28753535 0.28788676 0.28823102 0.28856828 0.28889867 0.28922236 0.28953948 0.28985016 0.29015455 0.29045277 0.29074496 0.29103123
