Cobbity3/QGIS/HP31.asc
NCOLS 800
NROWS 450
XLLCORNER 150.66
YLLCORNER -34.028
CELLSIZE 1e-05
NODATA_VALUE -9999
[rows 0 to 24 of 450, columns 513 to 569 of 800]
0.32166551 0.32146124 0.32125864 0.32105769 0.32085839 0.32066074 0.32046471 0.3202703 0.3200775 0.3198863 0.31969669 0.31950865 0.31932219 0.31913728 0.31895391 0.31877209 0.31859178 0.31841299 0.31823571 0.31805992 0.3178856 0.31771276 0.31754137 0.31737144 0.31720293 0.31703586 0.31687019 0.31670593 0.31654306 0.31638158 0.31622145 0.31606269 0.31590528 0.31574919 0.31559444 0.31544099 0.31528885 0.315138 0.31498843 0.31484013 0.31469308 0.31454728 0.31440272 0.31425939 0.31411727 0.31397635 0.31383662 0.31369808 0.31356071 0.31342451 0.31328945 0.31315554 0.31302275 0.31289109 0.31276054 0.31263108 0.31250272
0.32169718 0.32149307 0.32129063 0.32108985 0.32089071 0.3206932 0.32049733 0.32030307 0.32011042 0.31991937 0.3197299 0.31954201 0.31935569 0.31917092 0.31898769 0.31880599 0.31862582 0.31844716 0.31827 0.31809432 0.31792013 0.3177474 0.31757613 0.3174063 0.3172379 0.31707093 0.31690537 0.3167412 0.31657843 0.31641703 0.31625699 0.31609832 0.31594098 0.31578498 0.31563029 0.31547692 0.31532485 0.31517406 0.31502455 0.31487631 0.31472932 0.31458358 0.31443907 0.31429578 0.31415371 0.31401283 0.31387315 0.31373464 0.31359731 0.31346113 0.31332611 0.31319222 0.31305946 0.31292781 0.31279728 0.31266784 0.31253949
0.32172726 0.32152332 0.32132104 0.32112041 0.32092144 0.32072409 0.32052838 0.32033427 0.32014178 0.31995088 0.31976156 0.31957382 0.31938764 0.31920301 0.31901992 0.31883837 0.31865833 0.3184798 0.31830277 0.31812722 0.31795315 0.31778055 0.31760939 0.31743968 0.3172714 0.31710453 0.31693908 0.31677502 0.31661234 0.31645104 0.3162911 0.31613252 0.31597527 0.31581935 0.31566475 0.31551146 0.31535946 0.31520875 0.31505931 0.31491114 0.31476422 0.31461854 0.31447409 0.31433085 0.31418883 0.31404801 0.31390837 0.31376991 0.31363262 0.31349649 0.3133615 0.31322764 0.31309492 0.3129633 0.3128328 0.31270339 0.31257506
0.32175576 0.32155197 0.32134986 0.3211494 0.32095058 0.3207534 0.32055784 0.3203639 0.32017156 0.31998082 0.31979166 0.31960407 0.31941804 0.31923356 0.31905062 0.3188692 0.31868931 0.31851092 0.31833402 0.31815861 0.31798467 0.3178122 0.31764117 0.31747158 0.31730341 0.31713667 0.31697133 0.31680738 0.31664481 0.31648362 0.31632378 0.31616529 0.31600815 0.31585232 0.31569781 0.31554461 0.3153927 0.31524207 0.31509271 0.31494461 0.31479777 0.31465215 0.31450777 0.31436461 0.31422265 0.31408188 0.3139423 0.3138039 0.31366666 0.31353057 0.31339563 0.31326182 0.31312913 0.31299756 0.31286709 0.31273771 0.31260942
0.32178266 0.32157904 0.32137709 0.3211768 0.32097815 0.32078113 0.32058574 0.32039196 0.32019978 0.3200092 0.31982019 0.31963276 0.31944689 0.31926256 0.31907977 0.31889851 0.31871876 0.31854052 0.31836377 0.31818849 0.31801469 0.31784235 0.31767146 0.317502 0.31733396 0.31716734 0.31700212 0.31683829 0.31667584 0.31651476 0.31635504 0.31619666 0.31603961 0.31588389 0.31572948 0.31557637 0.31542456 0.31527402 0.31512475 0.31497674 0.31482997 0.31468444 0.31454013 0.31439704 0.31425515 0.31411446 0.31397494 0.3138366 0.31369942 0.3135634 0.31342851 0.31329475 0.31316211 0.31303059 0.31290016 0.31277083 0.31264257
0.32180796 0.32160451 0.32140273 0.32120261 0.32100413 0.32080728 0.32061205 0.32041844 0.32022643 0.32003601 0.31984717 0.3196599 0.31947419 0.31929002 0.31910739 0.31892628 0.31874669 0.3185686 0.31839199 0.31821687 0.31804321 0.31787101 0.31770026 0.31753094 0.31736304 0.31719655 0.31703146 0.31686776 0.31670543 0.31654447 0.31638487 0.3162266 0.31606967 0.31591406 0.31575976 0.31560676 0.31545504 0.3153046 0.31515543 0.31500751 0.31486083 0.31471539 0.31457117 0.31442816 0.31428635 0.31414574 0.3140063 0.31386803 0.31373092 0.31359495 0.31346013 0.31332643 0.31319386 0.31306239 0.31293201 0.31280273 0.31267452
0.32183167 0.32162839 0.32142678 0.32122683 0.32102852 0.32083185 0.32063679 0.32044335 0.32025151 0.32006126 0.31987259 0.31968549 0.31949994 0.31931594 0.31913348 0.31895253 0.3187731 0.31859516 0.31841871 0.31824374 0.31807024 0.31789819 0.31772758 0.3175584 0.31739065 0.3172243 0.31705934 0.31689578 0.31673358 0.31657275 0.31641327 0.31625514 0.31609833 0.31594283 0.31578865 0.31563576 0.31548416 0.31533382 0.31518476 0.31503694 0.31489036 0.31474502 0.31460089 0.31445797 0.31431625 0.31417572 0.31403636 0.31389818 0.31376114 0.31362526 0.3134905 0.31335688 0.31322437 0.31309296 0.31296265 0.31283343 0.31270528
0.32185378 0.32165068 0.32144924 0.32124946 0.32105133 0.32085483 0.32065996 0.32046669 0.32027503 0.32008495 0.31989646 0.31970953 0.31952415 0.31934032 0.31915803 0.31897725 0.31879798 0.31862021 0.31844393 0.31826912 0.31809577 0.31792388 0.31775342 0.3175844 0.31741679 0.31725059 0.31708578 0.31692236 0.3167603 0.31659961 0.31644027 0.31628226 0.31612558 0.31597022 0.31581615 0.31566339 0.3155119 0.31536169 0.31521273 0.31506502 0.31491856 0.31477332 0.31462929 0.31448647 0.31434485 0.31420441 0.31406515 0.31392705 0.3137901 0.3136543 0.31351963 0.31338608 0.31325365 0.31312231 0.31299207 0.31286292 0.31273483
0.32187429 0.32167136 0.32147011 0.32127051 0.32107255 0.32087624 0.32068154 0.32048846 0.32029697 0.32010708 0.31991876 0.31973201 0.31954682 0.31936316 0.31918104 0.31900044 0.31882134 0.31864374 0.31846763 0.31829299 0.31811981 0.31794808 0.31777779 0.31760892 0.31744147 0.31727543 0.31711077 0.3169475 0.31678559 0.31662504 0.31646584 0.31630798 0.31615143 0.31599621 0.31584228 0.31568964 0.31553828 0.31538819 0.31523936 0.31509177 0.31494542 0.31480029 0.31465638 0.31451367 0.31437215 0.31423182 0.31409265 0.31395465 0.3138178 0.31368209 0.31354751 0.31341405 0.3132817 0.31315045 0.31302029 0.31289121 0.3127632
0.32189319 0.32169045 0.32148937 0.32128996 0.32109219 0.32089606 0.32070155 0.32050865 0.32031735 0.32012764 0.31993951 0.31975295 0.31956793 0.31938446 0.31920252 0.3190221 0.31884319 0.31866577 0.31848983 0.31831536 0.31814236 0.3179708 0.31780068 0.31763198 0.31746469 0.31729881 0.31713431 0.3169712 0.31680945 0.31664906 0.31649001 0.31633229 0.31617589 0.31602081 0.31586702 0.31571452 0.3155633 0.31541334 0.31526464 0.31511718 0.31497095 0.31482595 0.31468215 0.31453956 0.31439816 0.31425794 0.31411888 0.31398099 0.31384424 0.31370863 0.31357415 0.31344078 0.31330853 0.31317737 0.31304729 0.3129183 0.31279037
0.32191049 0.32170793 0.32150704 0.32130781 0.32111023 0.32091429 0.32071997 0.32052727 0.32033616 0.32014664 0.3199587 0.31977233 0.31958751 0.31940423 0.31922248 0.31904224 0.31886351 0.31868628 0.31851052 0.31833624 0.31816341 0.31799203 0.31782209 0.31765357 0.31748645 0.31732074 0.31715642 0.31699347 0.31683188 0.31667165 0.31651276 0.3163552 0.31619896 0.31604402 0.31589039 0.31573803 0.31558695 0.31543714 0.31528858 0.31514125 0.31499516 0.31485029 0.31470662 0.31456416 0.31442288 0.31428277 0.31414384 0.31400606 0.31386942 0.31373392 0.31359955 0.31346629 0.31333413 0.31320307 0.3130731 0.3129442 0.31281636
0.32192618 0.3217238 0.32152311 0.32132407 0.32112669 0.32093094 0.32073682 0.32054431 0.3203534 0.32016408 0.31997634 0.31979016 0.31960554 0.31942245 0.3192409 0.31906086 0.31888232 0.31870528 0.31852972 0.31835562 0.31818298 0.31801179 0.31784203 0.31767369 0.31750676 0.31734122 0.31717708 0.3170143 0.31685289 0.31669283 0.3165341 0.31637671 0.31622063 0.31606586 0.31591238 0.31576018 0.31560925 0.31545959 0.31531117 0.315164 0.31501805 0.31487331 0.31472978 0.31458745 0.3144463 0.31430633 0.31416752 0.31402986 0.31389335 0.31375797 0.31362371 0.31349056 0.31335852 0.31322757 0.3130977 0.3129689 0.31284117
0.32194025 0.32173807 0.32153757 0.32133873 0.32114154 0.320946 0.32075208 0.32055977 0.32036907 0.32017995 0.31999241 0.31980644 0.31962202 0.31943914 0.31925778 0.31907795 0.31889961 0.31872277 0.31854741 0.31837351 0.31820107 0.31803007 0.3178605 0.31769235 0.31752561 0.31736026 0.3171963 0.31703371 0.31687247 0.31671259 0.31655404 0.31639682 0.31624092 0.31608631 0.315933 0.31578096 0.3156302 0.31548069 0.31533243 0.31518541 0.31503961 0.31489503 0.31475164 0.31460945 0.31446845 0.31432861 0.31418994 0.31405241 0.31391603 0.31378077 0.31364664 0.31351361 0.31338169 0.31325085 0.3131211 0.31299241 0.31286479
0.3219527 0.32175072 0.32155042 0.32135179 0.3211548 0.32095946 0.32076575 0.32057366 0.32038316 0.32019426 0.32000693 0.31982117 0.31963696 0.31945429 0.31927314 0.31909351 0.31891539 0.31873875 0.3185636 0.3183899 0.31821767 0.31804687 0.3178775 0.31770955 0.31754301 0.31737785 0.31721408 0.31705168 0.31689064 0.31673094 0.31657258 0.31641554 0.31625981 0.31610539 0.31595225 0.31580039 0.31564979 0.31550045 0.31535236 0.3152055 0.31505986 0.31491543 0.3147722 0.31463017 0.31448931 0.31434962 0.31421109 0.3140737 0.31393746 0.31380234 0.31366834 0.31353545 0.31340365 0.31327294 0.3131433 0.31301474 0.31288723
0.32196353 0.32176175 0.32156166 0.32136324 0.32116647 0.32097134 0.32077784 0.32058596 0.32039568 0.320207 0.32001989 0.31983434 0.31965035 0.3194679 0.31928697 0.31910756 0.31892965 0.31875323 0.31857829 0.31840481 0.31823278 0.31806219 0.31789303 0.31772529 0.31755895 0.317394 0.31723043 0.31706823 0.31690739 0.31674788 0.31658972 0.31643287 0.31627733 0.31612309 0.31597013 0.31581845 0.31566804 0.31551888 0.31537095 0.31522426 0.31507879 0.31493453 0.31479147 0.31464959 0.31450889 0.31436936 0.31423098 0.31409374 0.31395765 0.31382267 0.31368881 0.31355606 0.3134244 0.31329382 0.31316432 0.31303588 0.3129085
0.32197273 0.32177117 0.32157129 0.32137308 0.32117653 0.32098162 0.32078834 0.32059668 0.32040663 0.32021817 0.32003128 0.31984596 0.3196622 0.31947997 0.31929927 0.31912008 0.3189424 0.3187662 0.31859148 0.31841822 0.31824641 0.31807604 0.3179071 0.31773957 0.31757345 0.31740871 0.31724535 0.31708336 0.31692272 0.31676342 0.31660545 0.3164488 0.31629346 0.31613942 0.31598665 0.31583516 0.31568494 0.31553596 0.31538822 0.31524171 0.31509642 0.31495233 0.31480944 0.31466773 0.3145272 0.31438783 0.31424961 0.31411253 0.31397659 0.31384177 0.31370806 0.31357545 0.31344394 0.3133135 0.31318414 0.31305584 0.31292859
0.32198031 0.32177896 0.3215793 0.32138131 0.32118498 0.3209903 0.32079725 0.32060583 0.320416 0.32022777 0.32004112 0.31985603 0.3196725 0.3194905 0.31931004 0.31913108 0.31895363 0.31877766 0.31860317 0.31843014 0.31825856 0.31808842 0.3179197 0.3177524 0.3175865 0.31742198 0.31725884 0.31709706 0.31693664 0.31677755 0.31661979 0.31646335 0.31630822 0.31615437 0.31600181 0.31585052 0.31570049 0.31555171 0.31540416 0.31525784 0.31511273 0.31496883 0.31482612 0.31468459 0.31454423 0.31440503 0.31426698 0.31413008 0.3139943 0.31385964 0.31372609 0.31359364 0.31346228 0.31333199 0.31320278 0.31307463 0.31294752
0.32198625 0.32178512 0.32158569 0.32138793 0.32119183 0.32099739 0.32080457 0.32061338 0.3204238 0.32023581 0.32004939 0.31986455 0.31968126 0.3194995 0.31931927 0.31914056 0.31896335 0.31878762 0.31861337 0.31844058 0.31826923 0.31809933 0.31793084 0.31776377 0.3175981 0.31743381 0.3172709 0.31710934 0.31694914 0.31679028 0.31663274 0.31647652 0.3163216 0.31616797 0.31601562 0.31586453 0.31571471 0.31556612 0.31541878 0.31527265 0.31512774 0.31498403 0.31484151 0.31470016 0.31455999 0.31442097 0.31428311 0.31414637 0.31401077 0.31387628 0.3137429 0.31361061 0.31347941 0.31334929 0.31322023 0.31309223 0.31296528
0.32199054 0.32178965 0.32159045 0.32139293 0.32119707 0.32100287 0.3208103 0.32061935 0.32043001 0.32024227 0.32005611 0.31987151 0.31968847 0.31950696 0.31932698 0.31914852 0.31897155 0.31879607 0.31862207 0.31844952 0.31827842 0.31810876 0.31794052 0.31777369 0.31760826 0.31744421 0.31728153 0.31712021 0.31696024 0.31680161 0.3166443 0.3164883 0.3163336 0.31618019 0.31602806 0.31587719 0.31572758 0.31557921 0.31543207 0.31528615 0.31514145 0.31499794 0.31485561 0.31471447 0.31457448 0.31443566 0.31429798 0.31416143 0.31402601 0.3138917 0.3137585 0.31362638 0.31349536 0.3133654 0.31323651 0.31310867 0.31298188
0.3219932 0.32179254 0.32159359 0.32139631 0.3212007 0.32100674 0.32081443 0.32062373 0.32043465 0.32024716 0.32006125 0.31987691 0.31969413 0.31951288 0.31933316 0.31915495 0.31897825 0.31880302 0.31862927 0.31845698 0.31828614 0.31811673 0.31794874 0.31778216 0.31761697 0.31745317 0.31729074 0.31712966 0.31696993 0.31681154 0.31665447 0.3164987 0.31634424 0.31619106 0.31603915 0.31588851 0.31573912 0.31559097 0.31544405 0.31529835 0.31515385 0.31501055 0.31486844 0.31472749 0.31458772 0.31444909 0.31431161 0.31417525 0.31404002 0.3139059 0.31377288 0.31364095 0.3135101 0.31338032 0.31325161 0.31312394 0.31299732
0.32199421 0.3217938 0.32159509 0.32139807 0.32120271 0.32100901 0.32081696 0.32062653 0.3204377 0.32025048 0.32006484 0.31988076 0.31969824 0.31951726 0.31933781 0.31915987 0.31898343 0.31880847 0.31863498 0.31846296 0.31829238 0.31812323 0.3179555 0.31778918 0.31762425 0.3174607 0.31729852 0.3171377 0.31697822 0.31682007 0.31666325 0.31650773 0.3163535 0.31620056 0.3160489 0.31589849 0.31574933 0.31560141 0.31545472 0.31530924 0.31516496 0.31502188 0.31487998 0.31473925 0.31459969 0.31446127 0.31432399 0.31418784 0.31405281 0.31391888 0.31378606 0.31365432 0.31352366 0.31339407 0.31326553 0.31313805 0.3130116
0.32199356 0.32179341 0.32159496 0.3213982 0.32120311 0.32100968 0.32081789 0.32062772 0.32043918 0.32025222 0.32006686 0.31988306 0.31970081 0.31952011 0.31934093 0.31916326 0.3189871 0.31881241 0.3186392 0.31846745 0.31829714 0.31812826 0.3179608 0.31779475 0.31763008 0.3174668 0.31730488 0.31714432 0.3169851 0.31682721 0.31667064 0.31651538 0.3163614 0.31620871 0.31605729 0.31590713 0.31575821 0.31561053 0.31546407 0.31531882 0.31517478 0.31503193 0.31489025 0.31474975 0.3146104 0.3144722 0.31433513 0.31419919 0.31406437 0.31393065 0.31379803 0.31366649 0.31353603 0.31340663 0.31327829 0.31315099 0.31302473
0.32199126 0.32179137 0.32159319 0.3213967 0.32120188 0.32100872 0.32081721 0.32062733 0.32043906 0.32025239 0.32006731 0.31988379 0.31970183 0.31952141 0.31934252 0.31916514 0.31898925 0.31881485 0.31864193 0.31847045 0.31830043 0.31813183 0.31796465 0.31779887 0.31763448 0.31747147 0.31730983 0.31714954 0.31699059 0.31683297 0.31667666 0.31652165 0.31636794 0.31621551 0.31606434 0.31591443 0.31576576 0.31561833 0.31547211 0.31532711 0.31518331 0.31504069 0.31489925 0.31475898 0.31461986 0.31448188 0.31434504 0.31420932 0.31407471 0.31394121 0.3138088 0.31367747 0.31354721 0.31341802 0.31328987 0.31316277 0.31303671
0.3219873 0.32178768 0.32158977 0.32139356 0.32119903 0.32100616 0.32081493 0.32062534 0.32043736 0.32025099 0.32006619 0.31988297 0.3197013 0.31952118 0.31934258 0.31916549 0.3189899 0.31881579 0.31864316 0.31847198 0.31830224 0.31813393 0.31796704 0.31780155 0.31763745 0.31747472 0.31731336 0.31715335 0.31699467 0.31683733 0.31668129 0.31652656 0.31637312 0.31622095 0.31607005 0.3159204 0.31577199 0.31562481 0.31547885 0.3153341 0.31519055 0.31504818 0.31490698 0.31476695 0.31462806 0.31449032 0.31435371 0.31421822 0.31408384 0.31395056 0.31381837 0.31368726 0.31355722 0.31342823 0.3133003 0.3131734 0.31304754
0.32198167 0.32178233 0.32158471 0.32138879 0.32119455 0.32100197 0.32081105 0.32062175 0.32043408 0.320248 0.32006351 0.31988059 0.31969923 0.3195194 0.31934111 0.31916433 0.31898904 0.31881523 0.3186429 0.31847202 0.31830258 0.31813457 0.31796798 0.31780278 0.31763898 0.31747654 0.31731547 0.31715575 0.31699737 0.3168403 0.31668455 0.3165301 0.31637693 0.31622504 0.31607441 0.31592504 0.3157769 0.31562999 0.31548429 0.3153398 0.3151965 0.31505439 0.31491344 0.31477366 0.31463502 0.31449753 0.31436116 0.3142259 0.31409176 0.31395871 0.31382675 0.31369586 0.31356604 0.31343728 0.31330956 0.31318288 0.31305723
