Cobbity3/QGIS/HP45.asc
NCOLS 800
NROWS 450
XLLCORNER 150.66
YLLCORNER -34.028
CELLSIZE 1e-05
NODATA_VALUE -9999
[rows 208 to 233 of 450, columns 0 to 58 of 800]
1.4971816 1.496707 1.4962326 1.4957584 1.4952845 1.494811 1.4943378 1.493865 1.4933926 1.4929206 1.4924492 1.4919782 1.4915079 1.4910381 1.4905689 1.4901004 1.4896327 1.4891656 1.4886994 1.4882339 1.4877694 1.4873057 1.486843 1.4863813 1.4859207 1.4854611 1.4850027 1.4845454 1.4840894 1.4836347 1.4831813 1.4827292 1.4822786 1.4818295 1.481382 1.480936 1.4804917 1.4800492 1.4796083 1.4791694 1.4787323 1.4782972 1.4778641 1.4774331 1.4770042 1.4765776 1.4761533 1.4757313 1.4753117 1.4748947 1.4744802 1.4740684 1.4736594 1.4732531 1.4728498 1.4724494 1.4720521 1.4716579 1.4712669
1.4967478 1.4962739 1.4958002 1.4953268 1.4948537 1.494381 1.4939087 1.4934368 1.4929654 1.4924944 1.492024 1.4915542 1.4910849 1.4906163 1.4901483 1.489681 1.4892145 1.4887488 1.4882839 1.4878199 1.4873568 1.4868946 1.4864335 1.4859734 1.4855144 1.4850565 1.4845999 1.4841444 1.4836903 1.4832375 1.4827861 1.4823361 1.4818876 1.4814407 1.4809954 1.4805517 1.4801098 1.4796697 1.4792314 1.478795 1.4783606 1.4779283 1.477498 1.4770699 1.4766441 1.4762205 1.4757994 1.4753807 1.4749645 1.4745509 1.47414 1.4737319 1.4733266 1.4729242 1.4725248 1.4721285 1.4717354 1.4713455 1.470959
1.4963186 1.4958454 1.4953725 1.4948999 1.4944277 1.4939559 1.4934845 1.4930135 1.4925431 1.4920732 1.4916038 1.491135 1.4906669 1.4901994 1.4897327 1.4892667 1.4888015 1.4883371 1.4878736 1.4874111 1.4869494 1.4864888 1.4860293 1.4855708 1.4851135 1.4846574 1.4842025 1.4837489 1.4832967 1.4828459 1.4823965 1.4819486 1.4815023 1.4810576 1.4806146 1.4801733 1.4797338 1.4792962 1.4788605 1.4784267 1.4779951 1.4775655 1.4771381 1.476713 1.4762902 1.4758698 1.4754519 1.4750365 1.4746238 1.4742137 1.4738064 1.473402 1.4730005 1.4726021 1.4722068 1.4718146 1.4714258 1.4710403 1.4706583
1.4958939 1.4954215 1.4949494 1.4944777 1.4940064 1.4935355 1.493065 1.492595 1.4921256 1.4916567 1.4911884 1.4907208 1.4902538 1.4897876 1.4893221 1.4888574 1.4883935 1.4879305 1.4874685 1.4870074 1.4865473 1.4860883 1.4856303 1.4851735 1.484718 1.4842636 1.4838106 1.4833589 1.4829086 1.4824598 1.4820125 1.4815667 1.4811226 1.4806802 1.4802395 1.4798006 1.4793636 1.4789285 1.4784955 1.4780644 1.4776355 1.4772088 1.4767844 1.4763623 1.4759426 1.4755254 1.4751108 1.4746988 1.4742895 1.473883 1.4734794 1.4730788 1.4726812 1.4722868 1.4718955 1.4715076 1.4711231 1.4707421 1.4703647
1.4954738 1.4950022 1.494531 1.4940601 1.4935897 1.4931197 1.4926502 1.4921813 1.4917129 1.4912451 1.4907779 1.4903114 1.4898457 1.4893807 1.4889164 1.4884531 1.4879906 1.487529 1.4870684 1.4866088 1.4861503 1.4856928 1.4852366 1.4847815 1.4843277 1.4838752 1.483424 1.4829743 1.482526 1.4820792 1.481634 1.4811904 1.4807486 1.4803084 1.4798701 1.4794337 1.4789992 1.4785667 1.4781363 1.477708 1.4772819 1.4768581 1.4764367 1.4760176 1.4756011 1.4751872 1.4747759 1.4743673 1.4739616 1.4735587 1.4731589 1.4727621 1.4723684 1.471978 1.471591 1.4712074 1.4708273 1.4704508 1.4700781
1.4950583 1.4945875 1.4941171 1.4936471 1.4931776 1.4927086 1.4922401 1.4917722 1.4913049 1.4908382 1.4903722 1.4899069 1.4894423 1.4889786 1.4885157 1.4880537 1.4875926 1.4871325 1.4866733 1.4862153 1.4857584 1.4853026 1.484848 1.4843947 1.4839426 1.483492 1.4830427 1.4825949 1.4821487 1.481704 1.4812609 1.4808196 1.48038 1.4799422 1.4795063 1.4790724 1.4786404 1.4782106 1.4777829 1.4773574 1.4769341 1.4765133 1.4760949 1.475679 1.4752656 1.474855 1.4744471 1.474042 1.4736399 1.4732407 1.4728446 1.4724517 1.4720621 1.4716758 1.471293 1.4709137 1.4705381 1.4701663 1.4697983
1.4946471 1.4941772 1.4937077 1.4932387 1.4927701 1.4923021 1.4918346 1.4913678 1.4909015 1.490436 1.4899712 1.4895071 1.4890438 1.4885814 1.4881198 1.4876592 1.4871995 1.4867408 1.4862833 1.4858268 1.4853715 1.4849173 1.4844645 1.4840129 1.4835627 1.483114 1.4826666 1.4822209 1.4817767 1.4813341 1.4808932 1.4804541 1.4800169 1.4795815 1.479148 1.4787166 1.4782872 1.4778601 1.4774351 1.4770124 1.4765921 1.4761743 1.4757589 1.4753462 1.4749361 1.4745288 1.4741243 1.4737228 1.4733243 1.4729288 1.4725366 1.4721476 1.4717621 1.47138 1.4710014 1.4706266 1.4702555 1.4698883 1.4695251
1.4942405 1.4937714 1.4933028 1.4928347 1.4923671 1.4919001 1.4914337 1.4909679 1.4905028 1.4900385 1.4895748 1.489112 1.48865 1.4881889 1.4877287 1.4872695 1.4868113 1.4863541 1.4858981 1.4854432 1.4849895 1.4845371 1.484086 1.4836363 1.4831879 1.4827411 1.4822957 1.481852 1.4814099 1.4809695 1.4805308 1.480094 1.4796591 1.4792261 1.4787951 1.4783663 1.4779396 1.4775151 1.4770929 1.4766731 1.4762557 1.4758409 1.4754287 1.4750191 1.4746124 1.4742085 1.4738075 1.4734095 1.4730147 1.472623 1.4722347 1.4718497 1.4714683 1.4710904 1.4707162 1.4703458 1.4699793 1.4696168 1.4692585
1.4938382 1.49337 1.4929024 1.4924352 1.4919687 1.4915027 1.4910373 1.4905727 1.4901087 1.4896455 1.4891831 1.4887216 1.4882609 1.4878011 1.4873423 1.4868845 1.4864278 1.4859722 1.4855177 1.4850645 1.4846125 1.4841618 1.4837125 1.4832646 1.4828181 1.4823732 1.4819299 1.4814882 1.4810482 1.48061 1.4801736 1.4797391 1.4793066 1.478876 1.4784476 1.4780213 1.4775973 1.4771756 1.4767562 1.4763393 1.4759249 1.4755132 1.4751041 1.4746978 1.4742944 1.4738939 1.4734964 1.4731021 1.472711 1.4723231 1.4719387 1.4715578 1.4711805 1.4708069 1.4704371 1.4700712 1.4697094 1.4693517 1.4689982
1.4934402 1.492973 1.4925063 1.4920402 1.4915746 1.4911097 1.4906455 1.4901819 1.4897192 1.4892572 1.488796 1.4883358 1.4878764 1.487418 1.4869606 1.4865043 1.4860491 1.4855951 1.4851422 1.4846906 1.4842403 1.4837914 1.4833439 1.4828978 1.4824533 1.4820104 1.4815691 1.4811295 1.4806917 1.4802557 1.4798216 1.4793894 1.4789593 1.4785312 1.4781054 1.4776817 1.4772604 1.4768414 1.4764249 1.4760109 1.4755996 1.4751909 1.4747851 1.474382 1.473982 1.473585 1.4731911 1.4728004 1.472413 1.4720291 1.4716487 1.4712718 1.4708987 1.4705294 1.4701641 1.4698028 1.4694456 1.4690927 1.4687442
1.4930466 1.4925803 1.4921146 1.4916495 1.491185 1.4907212 1.490258 1.4897957 1.4893341 1.4888733 1.4884135 1.4879545 1.4874965 1.4870395 1.4865836 1.4861288 1.4856751 1.4852226 1.4847714 1.4843215 1.4838729 1.4834258 1.4829801 1.482536 1.4820934 1.4816525 1.4812132 1.4807758 1.4803401 1.4799064 1.4794746 1.4790448 1.4786171 1.4781916 1.4777683 1.4773473 1.4769287 1.4765125 1.4760989 1.4756879 1.4752796 1.4748741 1.4744715 1.4740718 1.4736751 1.4732816 1.4728913 1.4725043 1.4721208 1.4717407 1.4713643 1.4709916 1.4706228 1.4702578 1.469897 1.4695403 1.4691878 1.4688398 1.4684963
1.4926573 1.492192 1.4917272 1.4912631 1.4907997 1.490337 1.489875 1.4894138 1.4889535 1.488494 1.4880354 1.4875778 1.4871212 1.4866656 1.4862112 1.4857578 1.4853057 1.4848549 1.4844053 1.4839571 1.4835103 1.4830649 1.4826211 1.4821789 1.4817383 1.4812994 1.4808622 1.4804269 1.4799935 1.479562 1.4791325 1.4787052 1.4782799 1.477857 1.4774363 1.477018 1.4766021 1.4761888 1.4757781 1.4753702 1.4749649 1.4745626 1.4741632 1.4737669 1.4733736 1.4729837 1.472597 1.4722138 1.471834 1.471458 1.4710856 1.4707171 1.4703525 1.469992 1.4696356 1.4692836 1.4689359 1.4685928 1.4682543
1.4922721 1.4918078 1.4913441 1.4908811 1.4904188 1.4899572 1.4894963 1.4890364 1.4885772 1.488119 1.4876618 1.4872055 1.4867503 1.4862962 1.4858432 1.4853915 1.4849409 1.4844917 1.4840438 1.4835973 1.4831523 1.4827088 1.4822669 1.4818266 1.481388 1.4809511 1.4805161 1.4800829 1.4796517 1.4792225 1.4787954 1.4783705 1.4779478 1.4775274 1.4771093 1.4766937 1.4762807 1.4758702 1.4754625 1.4750575 1.4746554 1.4742563 1.4738602 1.4734672 1.4730775 1.4726911 1.4723081 1.4719286 1.4715528 1.4711806 1.4708124 1.4704481 1.4700878 1.4697317 1.4693799 1.4690325 1.4686897 1.4683515 1.4680181
1.4918912 1.4914279 1.4909652 1.4905033 1.4900421 1.4895816 1.489122 1.4886632 1.4882054 1.4877484 1.4872925 1.4868377 1.4863839 1.4859312 1.4854798 1.4850296 1.4845806 1.484133 1.4836869 1.4832421 1.4827989 1.4823573 1.4819172 1.4814789 1.4810423 1.4806075 1.4801746 1.4797437 1.4793147 1.4788879 1.4784632 1.4780407 1.4776205 1.4772027 1.4767873 1.4763744 1.4759642 1.4755567 1.4751519 1.47475 1.474351 1.4739551 1.4735623 1.4731727 1.4727865 1.4724037 1.4720244 1.4716487 1.4712768 1.4709087 1.4705445 1.4701844 1.4698285 1.4694769 1.4691297 1.468787 1.468449 1.4681158 1.4677876
1.4915144 1.4910522 1.4905906 1.4901297 1.4896696 1.4892103 1.4887519 1.4882944 1.4878378 1.4873822 1.4869276 1.4864742 1.4860218 1.4855707 1.4851207 1.4846721 1.4842248 1.4837789 1.4833344 1.4828915 1.4824501 1.4820103 1.4815722 1.4811358 1.4807013 1.4802686 1.4798379 1.4794091 1.4789825 1.4785579 1.4781356 1.4777156 1.477298 1.4768828 1.4764701 1.47606 1.4756526 1.475248 1.4748462 1.4744474 1.4740516 1.4736589 1.4732695 1.4728833 1.4725006 1.4721214 1.4717458 1.471374 1.471006 1.4706419 1.4702819 1.4699261 1.4695745 1.4692274 1.4688848 1.4685469 1.4682138 1.4678856 1.4675625
1.4911418 1.4906805 1.49022 1.4897603 1.4893013 1.4888432 1.488386 1.4879297 1.4874745 1.4870202 1.486567 1.486115 1.4856641 1.4852145 1.4847661 1.484319 1.4838734 1.4834292 1.4829864 1.4825453 1.4821057 1.4816678 1.4812317 1.4807973 1.4803648 1.4799343 1.4795057 1.4790792 1.4786548 1.4782327 1.4778128 1.4773953 1.4769802 1.4765676 1.4761577 1.4757504 1.4753458 1.4749441 1.4745454 1.4741496 1.473757 1.4733676 1.4729816 1.4725989 1.4722197 1.4718442 1.4714723 1.4711043 1.4707403 1.4703803 1.4700244 1.4696729 1.4693257 1.4689831 1.4686452 1.4683121 1.4679839 1.4676607 1.4673428
1.4907732 1.490313 1.4898536 1.489395 1.4889372 1.4884803 1.4880243 1.4875693 1.4871154 1.4866625 1.4862107 1.4857601 1.4853107 1.4848625 1.4844157 1.4839703 1.4835263 1.4830838 1.4826428 1.4822034 1.4817657 1.4813298 1.4808956 1.4804633 1.4800328 1.4796044 1.479178 1.4787538 1.4783318 1.477912 1.4774946 1.4770796 1.4766671 1.4762571 1.4758499 1.4754454 1.4750437 1.474645 1.4742493 1.4738567 1.4734673 1.4730812 1.4726985 1.4723193 1.4719437 1.4715718 1.4712037 1.4708396 1.4704795 1.4701236 1.4697719 1.4694247 1.469082 1.4687439 1.4684107 1.4680823 1.467759 1.467441 1.4671282
1.4904086 1.4899495 1.4894912 1.4890337 1.4885771 1.4881214 1.4876667 1.487213 1.4867604 1.4863089 1.4858585 1.4854093 1.4849614 1.4845148 1.4840696 1.4836258 1.4831835 1.4827427 1.4823035 1.481866 1.4814302 1.4809961 1.4805639 1.4801336 1.4797053 1.479279 1.4788549 1.4784329 1.4780132 1.4775958 1.4771808 1.4767684 1.4763585 1.4759512 1.4755467 1.475145 1.4747463 1.4743505 1.4739579 1.4735684 1.4731822 1.4727994 1.4724201 1.4720444 1.4716724 1.4713042 1.4709399 1.4705796 1.4702235 1.4698717 1.4695243 1.4691814 1.4688431 1.4685096 1.468181 1.4678575 1.4675392 1.4672262 1.4669187
1.490048 1.48959 1.4891328 1.4886765 1.4882211 1.4877667 1.4873132 1.4868608 1.4864095 1.4859594 1.4855105 1.4850628 1.4846164 1.4841713 1.4837277 1.4832856 1.4828449 1.4824059 1.4819685 1.4815328 1.4810988 1.4806667 1.4802365 1.4798083 1.4793821 1.478958 1.478536 1.4781164 1.477699 1.477284 1.4768715 1.4764616 1.4760543 1.4756498 1.475248 1.4748492 1.4744533 1.4740606 1.473671 1.4732847 1.4729017 1.4725222 1.4721464 1.4717742 1.4714057 1.4710412 1.4706807 1.4703244 1.4699723 1.4696246 1.4692814 1.4689428 1.468609 1.4682801 1.4679562 1.4676375 1.4673241 1.4670162 1.466714
1.4896914 1.4892345 1.4887784 1.4883233 1.4878691 1.4874159 1.4869637 1.4865127 1.4860628 1.485614 1.4851665 1.4847203 1.4842754 1.483832 1.48339 1.4829495 1.4825105 1.4820732 1.4816376 1.4812038 1.4807718 1.4803416 1.4799134 1.4794872 1.4790632 1.4786412 1.4782215 1.4778041 1.4773891 1.4769766 1.4765666 1.4761593 1.4757546 1.4753527 1.4749538 1.4745578 1.4741648 1.4737751 1.4733886 1.4730054 1.4726257 1.4722496 1.4718771 1.4715084 1.4711436 1.4707828 1.4704262 1.4700737 1.4697256 1.4693821 1.4690431 1.4687089 1.4683795 1.4680552 1.467736 1.4674222 1.4671138 1.466811 1.466514
1.4893386 1.4888829 1.488428 1.487974 1.487521 1.4870691 1.4866183 1.4861685 1.48572 1.4852726 1.4848266 1.4843819 1.4839386 1.4834967 1.4830563 1.4826175 1.4821803 1.4817447 1.4813109 1.480879 1.4804488 1.4800207 1.4795945 1.4791704 1.4787484 1.4783287 1.4779113 1.4774962 1.4770836 1.4766735 1.476266 1.4758612 1.4754592 1.47506 1.4746638 1.4742707 1.4738807 1.4734939 1.4731105 1.4727305 1.4723541 1.4719813 1.4716123 1.4712471 1.4708859 1.4705289 1.470176 1.4698275 1.4694834 1.469144 1.4688093 1.4684794 1.4681545 1.4678348 1.4675204 1.4672113 1.4669079 1.4666103 1.4663185
1.4889898 1.4885351 1.4880814 1.4876286 1.4871769 1.4867262 1.4862767 1.4858283 1.4853811 1.4849352 1.4844907 1.4840475 1.4836057 1.4831654 1.4827267 1.4822895 1.481854 1.4814203 1.4809883 1.4805582 1.48013 1.4797038 1.4792797 1.4788577 1.4784379 1.4780203 1.4776052 1.4771924 1.4767822 1.4763745 1.4759695 1.4755673 1.475168 1.4747715 1.4743781 1.4739879 1.4736008 1.4732171 1.4728367 1.4724599 1.4720868 1.4717173 1.4713518 1.4709901 1.4706326 1.4702792 1.4699302 1.4695856 1.4692456 1.4689103 1.4685798 1.4682543 1.4679339 1.4676188 1.467309 1.4670049 1.4667065 1.4664139 1.4661274
1.4886447 1.4881912 1.4877386 1.4872871 1.4868366 1.4863872 1.485939 1.485492 1.4850462 1.4846018 1.4841587 1.483717 1.4832768 1.4828381 1.482401 1.4819655 1.4815318 1.4810998 1.4806697 1.4802415 1.4798152 1.479391 1.4789689 1.478549 1.4781314 1.477716 1.4773031 1.4768927 1.4764849 1.4760797 1.4756772 1.4752776 1.4748809 1.4744872 1.4740966 1.4737092 1.4733251 1.4729443 1.4725671 1.4721935 1.4718236 1.4714575 1.4710954 1.4707373 1.4703834 1.4700338 1.4696886 1.4693479 1.4690119 1.4686807 1.4683545 1.4680334 1.4677175 1.4674069 1.4671019 1.4668026 1.4665092 1.4662218 1.4659405
1.4883034 1.487851 1.4873997 1.4869494 1.4865002 1.4860521 1.4856052 1.4851595 1.4847152 1.4842722 1.4838306 1.4833904 1.4829518 1.4825147 1.4820792 1.4816455 1.4812135 1.4807833 1.4803551 1.4799287 1.4795044 1.4790822 1.4786622 1.4782444 1.4778289 1.4774158 1.4770051 1.476597 1.4761916 1.4757889 1.4753889 1.4749919 1.4745978 1.4742069 1.4738191 1.4734345 1.4730534 1.4726757 1.4723016 1.4719312 1.4715646 1.4712018 1.4708431 1.4704886 1.4701383 1.4697924 1.469451 1.4691143 1.4687823 1.4684553 1.4681333 1.4678165 1.4675051 1.4671992 1.4668989 1.4666045 1.466316 1.4660337 1.4657577
1.4879658 1.4875147 1.4870645 1.4866154 1.4861675 1.4857207 1.4852752 1.4848309 1.4843879 1.4839464 1.4835063 1.4830676 1.4826306 1.4821951 1.4817614 1.4813293 1.4808991 1.4804707 1.4800443 1.4796199 1.4791975 1.4787773 1.4783593 1.4779436 1.4775303 1.4771194 1.4767111 1.4763053 1.4759023 1.475502 1.4751046 1.4747102 1.4743188 1.4739305 1.4735455 1.4731639 1.4727857 1.472411 1.47204 1.4716728 1.4713095 1.4709501 1.4705949 1.4702438 1.4698972 1.469555 1.4692175 1.4688846 1.4685567 1.4682338 1.4679161 1.4676037 1.4672967 1.4669954 1.4666998 1.4664102 1.4661267 1.4658495 1.4655787
1.487632 1.487182 1.486733 1.4862852 1.4858385 1.4853931 1.4849489 1.484506 1.4840645 1.4836244 1.4831857 1.4827487 1.4823132 1.4818794 1.4814473 1.481017 1.4805885 1.4801619 1.4797374 1.4793149 1.4788945 1.4784763 1.4780603 1.4776467 1.4772356 1.4768269 1.4764209 1.4760175 1.4756168 1.475219 1.4748242 1.4744323 1.4740436 1.4736581 1.4732759 1.4728971 1.4725219 1.4721503 1.4717824 1.4714183 1.4710582 1.4707022 1.4703504 1.470003 1.4696599 1.4693215 1.4689877 1.4686589 1.4683349 1.4680162 1.4677027 1.4673946 1.4670921 1.4667953 1.4665045 1.4662197 1.4659412 1.465669 1.4654035
