Cobbity3/QGIS/HP45.asc
NCOLS 800
NROWS 450
XLLCORNER 150.66
YLLCORNER -34.028
CELLSIZE 1e-05
NODATA_VALUE -9999
[rows 390 to 415 of 450, columns 413 to 471 of 800]
1.377528 1.3782204 1.3789217 1.3796318 1.3803505 1.3810778 1.3818134 1.3825572 1.383309 1.3840687 1.3848362 1.3856114 1.3863939 1.3871838 1.3879809 1.388785 1.3895959 1.3904137 1.391238 1.3920689 1.392906 1.3937494 1.3945989 1.3954542 1.3963154 1.3971823 1.3980547 1.3989325 1.3998156 1.4007039 1.4015972 1.4024955 1.4033985 1.4043062 1.4052185 1.4061353 1.4070563 1.4079816 1.4089109 1.4098443 1.4107815 1.4117225 1.4126671 1.4136153 1.4145669 1.4155219 1.4164801 1.4174414 1.4184058 1.4193731 1.4203433 1.4213162 1.4222917 1.4232698 1.4242504 1.4252333 1.4262185 1.4272059 1.4281954
1.3780798 1.3787678 1.3794646 1.3801702 1.3808843 1.3816068 1.3823376 1.3830765 1.3838234 1.3845781 1.3853405 1.3861105 1.3868878 1.3876724 1.3884641 1.3892629 1.3900684 1.3908807 1.3916995 1.3925247 1.3933563 1.394194 1.3950378 1.3958874 1.3967429 1.397604 1.3984705 1.3993425 1.4002198 1.4011022 1.4019896 1.402882 1.4037791 1.4046808 1.4055872 1.4064979 1.407413 1.4083323 1.4092556 1.410183 1.4111142 1.4120492 1.4129878 1.41393 1.4148756 1.4158246 1.4167768 1.4177322 1.4186906 1.4196519 1.4206161 1.421583 1.4225526 1.4235248 1.4244994 1.4254765 1.4264558 1.4274373 1.4284209
1.3786296 1.3793133 1.3800058 1.3807069 1.3814164 1.3821343 1.3828604 1.3835945 1.3843365 1.3850863 1.3858437 1.3866086 1.3873808 1.3881602 1.3889467 1.3897401 1.3905403 1.3913472 1.3921605 1.3929803 1.3938063 1.3946385 1.3954766 1.3963206 1.3971704 1.3980258 1.3988866 1.3997529 1.4006243 1.4015009 1.4023825 1.403269 1.4041603 1.4050562 1.4059566 1.4068615 1.4077706 1.408684 1.4096014 1.4105228 1.4114481 1.4123772 1.4133099 1.4142461 1.4151858 1.4161288 1.4170751 1.4180246 1.418977 1.4199325 1.4208908 1.4218518 1.4228155 1.4237818 1.4247506 1.4257217 1.4266952 1.4276709 1.4286487
1.3791776 1.3798571 1.3805453 1.381242 1.3819471 1.3826604 1.3833818 1.3841112 1.3848485 1.3855934 1.3863459 1.3871058 1.3878729 1.3886472 1.3894285 1.3902167 1.3910116 1.3918132 1.3926212 1.3934355 1.3942561 1.3950827 1.3959154 1.3967538 1.397598 1.3984477 1.3993029 1.4001635 1.4010292 1.4019001 1.402776 1.4036567 1.4045421 1.4054322 1.4063268 1.4072259 1.4081292 1.4090367 1.4099483 1.4108638 1.4117832 1.4127064 1.4136332 1.4145636 1.4154974 1.4164346 1.417375 1.4183186 1.4192652 1.4202148 1.4211672 1.4221224 1.4230803 1.4240407 1.4250037 1.4259691 1.4269368 1.4279067 1.4288788
1.3797238 1.3803992 1.3810831 1.3817755 1.3824762 1.383185 1.3839019 1.3846267 1.3853592 1.3860993 1.386847 1.3876019 1.3883641 1.3891334 1.3899096 1.3906927 1.3914824 1.3922787 1.3930814 1.3938904 1.3947056 1.3955268 1.396354 1.3971869 1.3980256 1.3988698 1.3997194 1.4005743 1.4014345 1.4022997 1.4031698 1.4040448 1.4049246 1.4058089 1.4066978 1.4075911 1.4084886 1.4093903 1.4102961 1.4112059 1.4121195 1.4130368 1.4139579 1.4148824 1.4158104 1.4167418 1.4176764 1.4186141 1.4195549 1.4204987 1.4214454 1.4223948 1.4233469 1.4243016 1.4252588 1.4262184 1.4271804 1.4281446 1.4291109
1.3802681 1.3809394 1.3816192 1.3823074 1.3830038 1.3837082 1.3844206 1.3851408 1.3858687 1.3866041 1.387347 1.3880971 1.3888544 1.3896187 1.3903899 1.3911679 1.3919525 1.3927436 1.3935411 1.3943449 1.3951548 1.3959707 1.3967924 1.39762 1.3984532 1.3992919 1.400136 1.4009854 1.40184 1.4026996 1.4035641 1.4044335 1.4053076 1.4061863 1.4070695 1.4079571 1.4088489 1.4097449 1.4106449 1.411549 1.4124568 1.4133684 1.4142837 1.4152025 1.4161248 1.4170504 1.4179792 1.4189112 1.4198463 1.4207843 1.4217252 1.4226689 1.4236153 1.4245643 1.4255158 1.4264697 1.427426 1.4283845 1.4293452
1.3808107 1.381478 1.3821537 1.3828377 1.3835298 1.38423 1.3849379 1.3856537 1.386377 1.3871078 1.387846 1.3885914 1.3893438 1.3901033 1.3908695 1.3916425 1.3924221 1.3932081 1.3940004 1.394799 1.3956037 1.3964143 1.3972308 1.398053 1.3988808 1.3997141 1.4005527 1.4013967 1.4022457 1.4030998 1.4039588 1.4048227 1.4056912 1.4065643 1.4074418 1.4083238 1.40921 1.4101003 1.4109947 1.411893 1.4127952 1.4137012 1.4146107 1.4155238 1.4164404 1.4173603 1.4182835 1.4192098 1.4201391 1.4210715 1.4220067 1.4229447 1.4238854 1.4248288 1.4257746 1.4267229 1.4276735 1.4286264 1.4295815
1.3813514 1.3820148 1.3826866 1.3833665 1.3840544 1.3847503 1.3854539 1.3861653 1.3868841 1.3876104 1.3883439 1.3890846 1.3898323 1.3905869 1.3913483 1.3921164 1.392891 1.393672 1.3944593 1.3952527 1.3960522 1.3968576 1.3976689 1.3984858 1.3993083 1.4001363 1.4009696 1.4018081 1.4026517 1.4035004 1.4043539 1.4052123 1.4060752 1.4069428 1.4078148 1.4086912 1.4095718 1.4104566 1.4113454 1.4122381 1.4131347 1.414035 1.4149389 1.4158464 1.4167573 1.4176716 1.4185891 1.4195098 1.4204335 1.4213602 1.4222898 1.4232222 1.4241573 1.425095 1.4260353 1.426978 1.427923 1.4288704 1.4298199
1.3818904 1.38255 1.3832178 1.3838937 1.3845775 1.3852692 1.3859686 1.3866756 1.38739 1.3881118 1.3888408 1.3895769 1.3903199 1.3910698 1.3918264 1.3925896 1.3933593 1.3941353 1.3949176 1.395706 1.3965004 1.3973007 1.3981068 1.3989185 1.3997358 1.4005585 1.4013865 1.4022197 1.403058 1.4039012 1.4047494 1.4056023 1.4064598 1.4073219 1.4081884 1.4090593 1.4099344 1.4108136 1.4116969 1.4125841 1.4134751 1.4143698 1.4152682 1.4161701 1.4170754 1.4179841 1.418896 1.4198111 1.4207293 1.4216504 1.4225745 1.4235013 1.4244308 1.425363 1.4262977 1.4272348 1.4281744 1.4291162 1.4300602
1.3824276 1.3830834 1.3837474 1.3844193 1.3850991 1.3857867 1.3864819 1.3871846 1.3878947 1.3886121 1.3893366 1.3900681 1.3908066 1.3915518 1.3923037 1.3930621 1.393827 1.3945981 1.3953755 1.3961589 1.3969483 1.3977436 1.3985445 1.3993511 1.4001632 1.4009807 1.4018035 1.4026314 1.4034644 1.4043023 1.4051451 1.4059927 1.4068448 1.4077015 1.4085626 1.409428 1.4102977 1.4111715 1.4120492 1.4129309 1.4138164 1.4147057 1.4155985 1.4164949 1.4173947 1.4182979 1.4192043 1.4201139 1.4210265 1.4219421 1.4228606 1.423782 1.424706 1.4256326 1.4265618 1.4274935 1.4284275 1.4293639 1.4303024
1.3829632 1.3836153 1.3842754 1.3849435 1.3856193 1.3863028 1.3869939 1.3876924 1.3883982 1.3891112 1.3898313 1.3905584 1.3912923 1.3920329 1.3927802 1.3935339 1.394294 1.3950603 1.3958329 1.3966114 1.3973958 1.3981861 1.398982 1.3997835 1.4005905 1.4014029 1.4022205 1.4030432 1.403871 1.4047037 1.4055412 1.4063834 1.4072303 1.4080816 1.4089374 1.4097974 1.4106617 1.41153 1.4124024 1.4132786 1.4141587 1.4150425 1.4159299 1.4168208 1.4177152 1.4186129 1.4195138 1.4204179 1.4213251 1.4222353 1.4231483 1.4240641 1.4249827 1.4259039 1.4268277 1.4277539 1.4286825 1.4296134 1.4305466
1.383497 1.3841454 1.3848018 1.3854661 1.386138 1.3868176 1.3875046 1.3881989 1.3889006 1.3896093 1.3903251 1.3910477 1.3917771 1.3925132 1.3932559 1.394005 1.3947604 1.395522 1.3962897 1.3970634 1.397843 1.3986283 1.3994193 1.4002158 1.4010177 1.401825 1.4026375 1.4034551 1.4042777 1.4051052 1.4059375 1.4067745 1.4076161 1.4084622 1.4093126 1.4101674 1.4110263 1.4118893 1.4127563 1.4136272 1.4145019 1.4153803 1.4162623 1.4171478 1.4180368 1.4189291 1.4198246 1.4207233 1.421625 1.4225298 1.4234374 1.4243478 1.425261 1.4261768 1.4270951 1.428016 1.4289392 1.4298647 1.4307925
1.3840291 1.384674 1.3853267 1.3859872 1.3866553 1.3873309 1.3880139 1.3887043 1.3894017 1.3901063 1.3908177 1.391536 1.3922611 1.3929927 1.3937308 1.3944753 1.3952261 1.3959831 1.396746 1.397515 1.3982897 1.3990702 1.3998563 1.4006478 1.4014448 1.4022471 1.4030545 1.4038671 1.4046846 1.405507 1.4063341 1.4071659 1.4080023 1.4088432 1.4096884 1.4105379 1.4113915 1.4122492 1.413111 1.4139765 1.4148459 1.415719 1.4165957 1.4174758 1.4183594 1.4192464 1.4201365 1.4210299 1.4219262 1.4228256 1.4237279 1.424633 1.4255408 1.4264512 1.4273642 1.4282797 1.4291976 1.4301178 1.4310402
1.3845596 1.385201 1.3858501 1.3865069 1.3871712 1.3878429 1.388522 1.3892083 1.3899017 1.3906021 1.3913094 1.3920234 1.3927441 1.3934713 1.394205 1.394945 1.3956912 1.3964435 1.3972018 1.3979661 1.3987361 1.3995117 1.400293 1.4010797 1.4018718 1.4026691 1.4034716 1.4042791 1.4050916 1.4059089 1.4067309 1.4075576 1.4083889 1.4092246 1.4100646 1.4109089 1.4117573 1.4126099 1.4134663 1.4143266 1.4151908 1.4160586 1.4169299 1.4178048 1.4186831 1.4195648 1.4204496 1.4213376 1.4222287 1.4231228 1.4240197 1.4249195 1.425822 1.4267271 1.4276348 1.428545 1.4294576 1.4303725 1.4312897
1.3850885 1.3857264 1.3863719 1.3870251 1.3876857 1.3883536 1.3890288 1.3897112 1.3904006 1.3910969 1.3918 1.3925098 1.3932262 1.3939491 1.3946784 1.3954139 1.3961556 1.3969034 1.3976571 1.3984167 1.399182 1.3999529 1.4007294 1.4015113 1.4022985 1.403091 1.4038885 1.4046911 1.4054986 1.4063109 1.407128 1.4079496 1.4087758 1.4096064 1.4104413 1.4112805 1.4121237 1.4129711 1.4138224 1.4146775 1.4155364 1.416399 1.4172651 1.4181348 1.4190079 1.4198842 1.4207638 1.4216466 1.4225324 1.4234212 1.4243129 1.4252074 1.4261046 1.4270045 1.427907 1.4288119 1.4297193 1.430629 1.4315409
1.3856157 1.3862502 1.3868923 1.3875418 1.3881988 1.388863 1.3895344 1.3902128 1.3908982 1.3915905 1.3922895 1.3929952 1.3937074 1.394426 1.3951509 1.3958821 1.3966194 1.3973627 1.3981118 1.3988668 1.3996275 1.4003938 1.4011655 1.4019427 1.4027251 1.4035128 1.4043055 1.4051032 1.4059058 1.4067131 1.4075252 1.4083418 1.409163 1.4099886 1.4108184 1.4116525 1.4124907 1.4133329 1.4141791 1.4150291 1.4158828 1.4167402 1.4176012 1.4184657 1.4193335 1.4202047 1.4210791 1.4219567 1.4228373 1.4237209 1.4246074 1.4254967 1.4263887 1.4272834 1.4281806 1.4290804 1.4299825 1.430887 1.4317938
1.3861414 1.3867725 1.3874111 1.3880571 1.3887105 1.389371 1.3900386 1.3907133 1.3913948 1.3920831 1.3927781 1.3934796 1.3941877 1.3949021 1.3956227 1.3963496 1.3970825 1.3978213 1.398566 1.3993165 1.4000726 1.4008343 1.4016014 1.4023738 1.4031516 1.4039344 1.4047223 1.4055152 1.4063129 1.4071154 1.4079226 1.4087343 1.4095505 1.4103711 1.4111959 1.412025 1.4128581 1.4136953 1.4145364 1.4153813 1.4162299 1.4170822 1.4179381 1.4187975 1.4196602 1.4205262 1.4213955 1.4222679 1.4231434 1.4240218 1.4249031 1.4257872 1.4266741 1.4275636 1.4284557 1.4293503 1.4302473 1.4311467 1.4320483
1.3866654 1.3872932 1.3879285 1.388571 1.3892208 1.3898777 1.3905417 1.3912125 1.3918902 1.3925746 1.3932656 1.3939631 1.394667 1.3953773 1.3960938 1.3968163 1.3975449 1.3982794 1.3990197 1.3997657 1.4005173 1.4012744 1.4020369 1.4028047 1.4035778 1.4043559 1.4051391 1.4059272 1.4067202 1.4075178 1.4083201 1.409127 1.4099382 1.4107539 1.4115738 1.4123979 1.4132261 1.4140582 1.4148943 1.4157342 1.4165778 1.417425 1.4182758 1.4191301 1.4199877 1.4208487 1.4217129 1.4225802 1.4234505 1.4243238 1.4252 1.4260791 1.4269608 1.4278452 1.4287322 1.4296217 1.4305136 1.4314079 1.4323044
1.387188 1.3878125 1.3884444 1.3890835 1.3897298 1.3903832 1.3910434 1.3917106 1.3923845 1.393065 1.3937521 1.3944456 1.3951455 1.3958517 1.396564 1.3972823 1.3980066 1.3987368 1.3994727 1.4002143 1.4009615 1.4017141 1.4024721 1.4032354 1.4040038 1.4047773 1.4055558 1.4063392 1.4071274 1.4079203 1.4087178 1.4095198 1.4103263 1.411137 1.4119521 1.4127712 1.4135945 1.4144217 1.4152528 1.4160877 1.4169263 1.4177685 1.4186143 1.4194636 1.4203162 1.4211721 1.4220312 1.4228935 1.4237588 1.424627 1.4254982 1.4263721 1.4272488 1.4281282 1.4290101 1.4298945 1.4307814 1.4316706 1.4325621
1.387709 1.3883303 1.3889589 1.3895947 1.3902375 1.3908873 1.391544 1.3922075 1.3928776 1.3935544 1.3942376 1.3949272 1.3956231 1.3963252 1.3970334 1.3977476 1.3984677 1.3991936 1.3999253 1.4006625 1.4014053 1.4021534 1.402907 1.4036657 1.4044296 1.4051985 1.4059724 1.4067511 1.4075346 1.4083228 1.4091156 1.4099128 1.4107145 1.4115204 1.4123306 1.4131449 1.4139633 1.4147856 1.4156118 1.4164418 1.4172755 1.4181128 1.4189536 1.4197979 1.4206455 1.4214964 1.4223505 1.4232078 1.4240681 1.4249313 1.4257975 1.4266664 1.4275381 1.4284124 1.4292893 1.4301687 1.4310505 1.4319347 1.4328212
1.3882284 1.3888466 1.389472 1.3901044 1.3907439 1.3913902 1.3920433 1.3927032 1.3933697 1.3940427 1.3947221 1.3954078 1.3960998 1.3967979 1.3975021 1.3982122 1.3989281 1.3996498 1.4003772 1.4011102 1.4018486 1.4025924 1.4033415 1.4040958 1.4048551 1.4056195 1.4063889 1.407163 1.4079419 1.4087254 1.4095135 1.410306 1.4111029 1.4119041 1.4127095 1.413519 1.4143326 1.4151501 1.4159714 1.4167965 1.4176253 1.4184577 1.4192936 1.4201329 1.4209756 1.4218216 1.4226708 1.4235231 1.4243784 1.4252367 1.4260979 1.4269618 1.4278285 1.4286979 1.4295698 1.4304443 1.4313211 1.4322004 1.4330819
1.3887464 1.3893615 1.3899837 1.3906128 1.3912489 1.3918918 1.3925415 1.3931978 1.3938606 1.3945299 1.3952056 1.3958875 1.3965756 1.3972698 1.3979699 1.398676 1.3993878 1.4001054 1.4008286 1.4015573 1.4022914 1.4030309 1.4037756 1.4045255 1.4052805 1.4060404 1.4068052 1.4075748 1.4083491 1.409128 1.4099114 1.4106993 1.4114915 1.412288 1.4130887 1.4138935 1.4147022 1.4155149 1.4163315 1.4171517 1.4179757 1.4188032 1.4196343 1.4204688 1.4213066 1.4221477 1.422992 1.4238393 1.4246898 1.4255431 1.4263994 1.4272584 1.4281202 1.4289846 1.4298516 1.4307211 1.4315931 1.4324674 1.433344
1.389263 1.3898749 1.390494 1.3911199 1.3917527 1.3923922 1.3930384 1.3936912 1.3943505 1.3950161 1.3956881 1.3963662 1.3970505 1.3977408 1.398437 1.3991391 1.3998469 1.4005603 1.4012794 1.4020039 1.4027338 1.403469 1.4042094 1.404955 1.4057055 1.406461 1.4072214 1.4079865 1.4087562 1.4095306 1.4103095 1.4110927 1.4118803 1.4126722 1.4134682 1.4142682 1.4150723 1.4158802 1.416692 1.4175075 1.4183267 1.4191494 1.4199757 1.4208053 1.4216383 1.4224746 1.423314 1.4241565 1.4250021 1.4258506 1.4267019 1.4275561 1.428413 1.4292725 1.4301347 1.4309993 1.4318664 1.4327358 1.4336075
1.389778 1.390387 1.3910029 1.3916257 1.3922552 1.3928914 1.3935342 1.3941835 1.3948392 1.3955013 1.3961696 1.396844 1.3975245 1.3982109 1.3989033 1.3996014 1.4003052 1.4010147 1.4017296 1.40245 1.4031757 1.4039067 1.4046429 1.4053841 1.4061303 1.4068814 1.4076374 1.408398 1.4091633 1.4099332 1.4107075 1.4114863 1.4122693 1.4130565 1.4138479 1.4146433 1.4154427 1.4162459 1.417053 1.4178638 1.4186782 1.4194962 1.4203177 1.4211426 1.4219708 1.4228022 1.4236369 1.4244746 1.4253153 1.426159 1.4270055 1.4278549 1.4287069 1.4295616 1.4304189 1.4312787 1.4321409 1.4330055 1.4338724
1.3902917 1.3908976 1.3915105 1.3921301 1.3927564 1.3933894 1.3940288 1.3946747 1.3953269 1.3959854 1.3966501 1.3973209 1.3979976 1.3986803 1.3993688 1.400063 1.4007629 1.4014683 1.4021793 1.4028956 1.4036172 1.404344 1.4050759 1.4058129 1.4065548 1.4073016 1.4080532 1.4088095 1.4095704 1.4103358 1.4111056 1.4118799 1.4126584 1.413441 1.4142278 1.4150186 1.4158134 1.416612 1.4174145 1.4182206 1.4190303 1.4198436 1.4206604 1.4214805 1.422304 1.4231307 1.4239605 1.4247935 1.4256295 1.4264684 1.4273101 1.4281547 1.4290019 1.4298518 1.4307043 1.4315593 1.4324168 1.4332766 1.4341387
1.3908039 1.3914069 1.3920167 1.3926333 1.3932564 1.3938861 1.3945222 1.3951648 1.3958136 1.3964686 1.3971297 1.3977968 1.3984699 1.3991488 1.3998335 1.4005239 1.4012199 1.4019214 1.4026283 1.4033406 1.4040581 1.4047808 1.4055086 1.4062414 1.4069791 1.4077216 1.4084689 1.4092208 1.4099773 1.4107384 1.4115038 1.4122735 1.4130476 1.4138257 1.414608 1.4153943 1.4161845 1.4169785 1.4177763 1.4185778 1.4193829 1.4201915 1.4210036 1.4218191 1.4226379 1.4234599 1.424285 1.4251133 1.4259445 1.4267787 1.4276157 1.4284555 1.429298 1.4301432 1.4309909 1.4318412 1.4326938 1.4335489 1.4344062
