Cobbity3/QGIS/HP45.asc
NCOLS 800
NROWS 450
XLLCORNER 150.66
YLLCORNER -34.028
CELLSIZE 1e-05
NODATA_VALUE -9999
[rows 286 to 311 of 450, columns 59 to 117 of 800]
1.4577134 1.4576315 1.45756 1.4574993 1.4574495 1.457411 1.4573841 1.4573691 1.4573662 1.4573758 1.4573983 1.4574339 1.457483 1.457546 1.4576232 1.4577151 1.4578219 1.4579442 1.4580822 1.4582365 1.4584075 1.4585956 1.4588013 1.459025 1.4592673 1.4595286 1.4598095 1.4601105 1.4604322 1.4607751 1.4611398 1.461527 1.4619372 1.462371 1.4628293 1.4633125 1.4638216 1.464357 1.4649198 1.4655105 1.4661301 1.4667793 1.467459 1.4681701 1.4689135 1.4696902 1.4705011 1.4713473 1.4722297 1.4731496 1.474108 1.4751061 1.4761451 1.4772263 1.4783509 1.4795202 1.4807358 1.481999 1.4833113
1.4575528 1.4574707 1.457399 1.4573379 1.4572878 1.4572489 1.4572214 1.4572058 1.4572023 1.4572111 1.4572328 1.4572675 1.4573156 1.4573775 1.4574535 1.4575441 1.4576495 1.4577702 1.4579066 1.4580591 1.4582281 1.4584141 1.4586176 1.4588389 1.4590786 1.4593372 1.4596152 1.4599131 1.4602315 1.4605709 1.4609318 1.461315 1.461721 1.4621504 1.4626039 1.4630821 1.4635858 1.4641157 1.4646724 1.4652569 1.4658697 1.4665119 1.4671842 1.4678874 1.4686225 1.4693904 1.4701921 1.4710285 1.4719007 1.4728097 1.4737567 1.4747427 1.4757689 1.4768366 1.477947 1.4791015 1.4803013 1.4815479 1.4828426
1.4573906 1.4573081 1.4572361 1.4571745 1.4571239 1.4570844 1.4570563 1.4570399 1.4570355 1.4570435 1.4570641 1.4570978 1.4571447 1.4572053 1.4572799 1.4573689 1.4574727 1.4575917 1.4577262 1.4578766 1.4580435 1.4582272 1.4584281 1.4586468 1.4588837 1.4591393 1.4594141 1.4597086 1.4600234 1.4603589 1.4607158 1.4610947 1.4614961 1.4619206 1.462369 1.4628419 1.4633398 1.4638637 1.464414 1.4649917 1.4655975 1.4662322 1.4668965 1.4675914 1.4683177 1.4690763 1.4698682 1.4706943 1.4715556 1.4724531 1.473388 1.4743612 1.4753741 1.4764276 1.4775231 1.4786619 1.4798451 1.4810743 1.4823507
1.4572267 1.4571438 1.4570712 1.4570091 1.4569578 1.4569175 1.4568886 1.4568714 1.456866 1.4568729 1.4568924 1.4569247 1.4569703 1.4570294 1.4571025 1.4571898 1.4572917 1.4574087 1.4575411 1.4576893 1.4578537 1.4580349 1.4582331 1.4584489 1.4586827 1.458935 1.4592063 1.4594971 1.459808 1.4601394 1.4604919 1.4608661 1.4612626 1.461682 1.4621249 1.462592 1.4630839 1.4636012 1.4641448 1.4647154 1.4653136 1.4659403 1.4665962 1.4672823 1.4679993 1.4687481 1.4695296 1.4703448 1.4711947 1.4720802 1.4730023 1.4739622 1.474961 1.4759997 1.4770796 1.478202 1.479368 1.4805789 1.4818362
1.4570612 1.4569778 1.4569045 1.4568417 1.4567896 1.4567484 1.4567186 1.4567002 1.4566938 1.4566994 1.4567176 1.4567485 1.4567925 1.45685 1.4569212 1.4570066 1.4571065 1.4572213 1.4573514 1.4574971 1.4576589 1.4578372 1.4580325 1.4582451 1.4584756 1.4587244 1.4589919 1.4592788 1.4595854 1.4599124 1.4602602 1.4606295 1.4610208 1.4614346 1.4618717 1.4623326 1.4628181 1.4633286 1.463865 1.464428 1.4650182 1.4656365 1.4662837 1.4669604 1.4676676 1.4684061 1.4691768 1.4699806 1.4708184 1.4716913 1.4726002 1.4735461 1.4745302 1.4755535 1.4766172 1.4777224 1.4788704 1.4800624 1.4812998
1.4568941 1.4568099 1.4567359 1.4566722 1.4566192 1.456577 1.4565461 1.4565266 1.4565188 1.4565231 1.4565397 1.456569 1.4566113 1.4566669 1.4567362 1.4568195 1.4569172 1.4570296 1.4571571 1.4573002 1.4574591 1.4576344 1.4578265 1.4580357 1.4582626 1.4585076 1.4587711 1.4590537 1.4593559 1.4596781 1.460021 1.460385 1.4607707 1.4611787 1.4616096 1.4620641 1.4625427 1.463046 1.4635749 1.4641299 1.4647117 1.4653212 1.4659591 1.466626 1.467323 1.4680507 1.4688101 1.469602 1.4704273 1.471287 1.4721821 1.4731135 1.4740822 1.4750895 1.4761363 1.4772237 1.4783531 1.4795255 1.4807423
1.4567254 1.4566404 1.4565655 1.4565008 1.4564467 1.4564034 1.4563712 1.4563503 1.4563411 1.4563439 1.4563588 1.4563864 1.4564268 1.4564804 1.4565475 1.4566285 1.4567238 1.4568336 1.4569584 1.4570986 1.4572545 1.4574265 1.4576151 1.4578207 1.4580438 1.4582847 1.4585439 1.458822 1.4591195 1.4594367 1.4597743 1.4601327 1.4605126 1.4609144 1.4613389 1.4617865 1.4622579 1.4627537 1.4632746 1.4638212 1.4643943 1.4649946 1.4656228 1.4662796 1.4669658 1.4676823 1.4684299 1.4692094 1.4700217 1.4708677 1.4717484 1.4726647 1.4736176 1.4746082 1.4756375 1.4767067 1.4778167 1.4789689 1.4801645
1.4565552 1.4564692 1.4563933 1.4563275 1.4562722 1.4562276 1.456194 1.4561716 1.4561608 1.4561619 1.456175 1.4562006 1.456239 1.4562904 1.4563552 1.4564337 1.4565264 1.4566334 1.4567553 1.4568924 1.457045 1.4572136 1.4573985 1.4576003 1.4578192 1.4580559 1.4583106 1.4585839 1.4588763 1.4591883 1.4595203 1.4598729 1.4602466 1.460642 1.4610596 1.4615001 1.4619639 1.4624519 1.4629645 1.4635024 1.4640664 1.464657 1.4652751 1.4659213 1.4665964 1.4673012 1.4680366 1.4688032 1.469602 1.4704339 1.4712997 1.4722004 1.473137 1.4741104 1.4751216 1.4761718 1.477262 1.4783934 1.479567
1.4563834 1.4562964 1.4562192 1.4561522 1.4560956 1.4560496 1.4560144 1.4559905 1.4559779 1.4559771 1.4559883 1.4560118 1.4560479 1.456097 1.4561593 1.4562352 1.4563251 1.4564292 1.4565479 1.4566817 1.4568308 1.4569957 1.4571768 1.4573745 1.4575891 1.4578212 1.4580712 1.4583395 1.4586266 1.458933 1.4592592 1.4596056 1.4599729 1.4603615 1.4607721 1.4612051 1.4616611 1.4621408 1.4626448 1.4631736 1.4637281 1.4643087 1.4649163 1.4655516 1.4662152 1.4669079 1.4676306 1.4683839 1.4691688 1.469986 1.4708365 1.4717211 1.4726408 1.4735965 1.4745892 1.4756199 1.4766896 1.4777995 1.4789506
1.4562101 1.4561219 1.4560435 1.4559751 1.455917 1.4558694 1.4558327 1.4558069 1.4557925 1.4557897 1.4557988 1.45582 1.4558538 1.4559003 1.45596 1.4560331 1.4561199 1.4562209 1.4563363 1.4564666 1.456612 1.4567731 1.4569501 1.4571434 1.4573536 1.4575809 1.4578259 1.4580889 1.4583705 1.4586711 1.4589912 1.4593312 1.4596918 1.4600734 1.4604765 1.4609017 1.4613496 1.4618208 1.4623158 1.4628352 1.4633798 1.4639502 1.4645469 1.4651708 1.4658225 1.4665028 1.4672123 1.4679519 1.4687224 1.4695246 1.4703593 1.4712273 1.4721297 1.4730672 1.4740408 1.4750515 1.4761003 1.4771882 1.4783163
1.4560353 1.4559458 1.455866 1.4557962 1.4557365 1.4556872 1.4556487 1.455621 1.4556046 1.4555996 1.4556065 1.4556253 1.4556565 1.4557004 1.4557572 1.4558273 1.455911 1.4560087 1.4561206 1.4562472 1.4563888 1.4565457 1.4567184 1.4569073 1.4571127 1.4573351 1.4575748 1.4578324 1.4581082 1.4584027 1.4587165 1.4590499 1.4594034 1.4597777 1.4601731 1.4605903 1.4610297 1.461492 1.4619777 1.4624875 1.4630219 1.4635816 1.4641671 1.4647793 1.4654187 1.4660861 1.4667822 1.4675077 1.4682634 1.4690501 1.4698686 1.4707197 1.4716042 1.4725231 1.4734772 1.4744674 1.4754948 1.4765602 1.4776648
1.455859 1.4557681 1.4556869 1.4556154 1.455554 1.455503 1.4554625 1.4554328 1.4554142 1.455407 1.4554114 1.4554277 1.4554563 1.4554973 1.4555511 1.4556181 1.4556985 1.4557927 1.4559009 1.4560236 1.4561612 1.4563139 1.4564821 1.4566662 1.4568667 1.4570839 1.4573181 1.45757 1.4578398 1.4581281 1.4584352 1.4587617 1.459108 1.4594747 1.4598622 1.460271 1.4607017 1.4611549 1.461631 1.4621308 1.4626546 1.4632033 1.4637774 1.4643775 1.4650043 1.4656585 1.4663408 1.4670518 1.4677924 1.4685632 1.469365 1.4701987 1.471065 1.4719648 1.472899 1.4738683 1.4748738 1.4759163 1.4769968
1.4556814 1.455589 1.4555061 1.4554329 1.4553697 1.4553167 1.4552742 1.4552424 1.4552215 1.4552119 1.4552138 1.4552274 1.4552531 1.4552911 1.4553418 1.4554055 1.4554824 1.4555729 1.4556773 1.455796 1.4559293 1.4560775 1.4562411 1.4564203 1.4566156 1.4568274 1.4570561 1.457302 1.4575656 1.4578473 1.4581476 1.458467 1.4588058 1.4591646 1.4595439 1.4599441 1.4603659 1.4608096 1.4612759 1.4617653 1.4622784 1.4628158 1.463378 1.4639658 1.4645796 1.4652203 1.4658884 1.4665846 1.4673096 1.4680642 1.4688491 1.469665 1.4705128 1.4713931 1.4723069 1.4732549 1.4742381 1.4752573 1.4763134
1.4555024 1.4554083 1.4553237 1.4552487 1.4551836 1.4551286 1.4550839 1.4550498 1.4550265 1.4550143 1.4550135 1.4550243 1.4550471 1.455082 1.4551294 1.4551896 1.4552629 1.4553496 1.45545 1.4555645 1.4556933 1.4558369 1.4559956 1.4561698 1.4563597 1.4565659 1.4567887 1.4570285 1.4572857 1.4575607 1.4578539 1.4581659 1.458497 1.4588477 1.4592186 1.45961 1.4600224 1.4604565 1.4609127 1.4613915 1.4618935 1.4624193 1.4629694 1.4635445 1.4641451 1.4647719 1.4654255 1.4661066 1.4668158 1.4675538 1.4683214 1.4691192 1.469948 1.4708085 1.4717016 1.472628 1.4735885 1.4745839 1.4756152
1.455322 1.4552263 1.4551398 1.4550629 1.4549957 1.4549385 1.4548916 1.4548551 1.4548293 1.4548144 1.4548108 1.4548186 1.4548383 1.4548699 1.4549139 1.4549705 1.45504 1.4551227 1.455219 1.4553291 1.4554534 1.4555922 1.4557458 1.4559147 1.4560991 1.4562995 1.4565163 1.4567497 1.4570003 1.4572683 1.4575543 1.4578587 1.4581819 1.4585243 1.4588864 1.4592687 1.4596717 1.4600958 1.4605416 1.4610096 1.4615003 1.4620142 1.462552 1.4631141 1.4637012 1.4643139 1.4649527 1.4656183 1.4663114 1.4670325 1.4677825 1.4685618 1.4693714 1.4702118 1.4710838 1.4719881 1.4729256 1.473897 1.4749031
1.4551404 1.4550428 1.4549544 1.4548755 1.4548061 1.4547467 1.4546973 1.4546583 1.4546298 1.4546122 1.4546056 1.4546104 1.4546268 1.4546551 1.4546955 1.4547483 1.4548139 1.4548925 1.4549844 1.45509 1.4552095 1.4553434 1.4554918 1.4556553 1.455834 1.4560284 1.4562389 1.4564658 1.4567096 1.4569705 1.4572491 1.4575456 1.4578606 1.4581945 1.4585478 1.4589208 1.459314 1.459728 1.4601632 1.4606201 1.4610992 1.461601 1.4621261 1.462675 1.4632483 1.4638466 1.4644703 1.4651202 1.4657969 1.4665009 1.4672329 1.4679935 1.4687835 1.4696035 1.4704541 1.4713362 1.4722504 1.4731974 1.4741781
1.4549575 1.454858 1.4547676 1.4546865 1.4546149 1.4545531 1.4545012 1.4544596 1.4544283 1.4544078 1.4543982 1.4543997 1.4544128 1.4544375 1.4544742 1.4545231 1.4545846 1.454659 1.4547464 1.4548473 1.454962 1.4550907 1.4552338 1.4553916 1.4555645 1.4557528 1.4559569 1.4561771 1.4564138 1.4566674 1.4569383 1.4572269 1.4575335 1.4578587 1.4582028 1.4585663 1.4589496 1.4593532 1.4597776 1.4602231 1.4606904 1.4611799 1.4616921 1.4622276 1.4627869 1.4633705 1.4639789 1.4646129 1.4652728 1.4659594 1.4666732 1.4674149 1.468185 1.4689843 1.4698134 1.4706729 1.4715635 1.4724859 1.4734409
1.4547735 1.4546719 1.4545794 1.4544961 1.4544221 1.4543578 1.4543033 1.4542589 1.4542248 1.4542012 1.4541885 1.4541867 1.4541962 1.4542173 1.4542501 1.4542951 1.4543524 1.4544223 1.4545052 1.4546013 1.4547109 1.4548343 1.4549719 1.4551239 1.4552908 1.4554728 1.4556703 1.4558836 1.4561132 1.4563593 1.4566223 1.4569027 1.4572009 1.4575171 1.4578519 1.4582057 1.4585789 1.4589719 1.4593852 1.4598192 1.4602744 1.4607514 1.4612505 1.4617723 1.4623173 1.462886 1.463479 1.4640967 1.4647397 1.4654087 1.4661041 1.4668265 1.4675766 1.468355 1.4691622 1.4699989 1.4708657 1.4717633 1.4726923
1.4545883 1.4544846 1.4543899 1.4543042 1.4542278 1.4541609 1.4541037 1.4540565 1.4540194 1.4539927 1.4539766 1.4539714 1.4539773 1.4539946 1.4540235 1.4540643 1.4541173 1.4541826 1.4542608 1.4543519 1.4544563 1.4545743 1.4547062 1.4548524 1.4550131 1.4551886 1.4553794 1.4555857 1.4558079 1.4560463 1.4563014 1.4565734 1.4568628 1.45717 1.4574953 1.4578392 1.458202 1.4585842 1.4589863 1.4594086 1.4598516 1.4603158 1.4608016 1.4613096 1.4618401 1.4623937 1.4629709 1.4635722 1.4641982 1.4648492 1.465526 1.4662291 1.4669589 1.4677161 1.4685013 1.469315 1.4701578 1.4710304 1.4719333
1.454402 1.4542962 1.4541991 1.454111 1.454032 1.4539625 1.4539025 1.4538523 1.4538121 1.4537821 1.4537627 1.4537539 1.4537561 1.4537695 1.4537943 1.4538308 1.4538793 1.4539401 1.4540133 1.4540994 1.4541985 1.4543109 1.454437 1.4545771 1.4547315 1.4549004 1.4550843 1.4552834 1.4554981 1.4557287 1.4559756 1.4562391 1.4565197 1.4568176 1.4571332 1.457467 1.4578194 1.4581906 1.4585813 1.4589917 1.4594223 1.4598736 1.4603459 1.4608398 1.4613557 1.461894 1.4624553 1.46304 1.4636486 1.4642817 1.4649396 1.4656231 1.4663325 1.4670684 1.4678313 1.4686219 1.4694406 1.4702879 1.4711646
1.4542147 1.4541066 1.4540071 1.4539165 1.4538349 1.4537626 1.4536996 1.4536464 1.453603 1.4535697 1.4535468 1.4535343 1.4535327 1.4535421 1.4535627 1.4535949 1.4536388 1.4536948 1.453763 1.4538438 1.4539375 1.4540443 1.4541644 1.4542983 1.4544462 1.4546084 1.4547853 1.4549771 1.4551841 1.4554067 1.4556453 1.4559002 1.4561717 1.4564602 1.456766 1.4570896 1.4574313 1.4577914 1.4581705 1.4585688 1.4589869 1.459425 1.4598837 1.4603634 1.4608644 1.4613873 1.4619325 1.4625005 1.4630916 1.4637065 1.4643455 1.4650092 1.465698 1.4664125 1.4671531 1.4679203 1.4687147 1.4695368 1.4703871
1.4540265 1.453916 1.453814 1.4537208 1.4536365 1.4535612 1.4534953 1.4534389 1.4533923 1.4533555 1.453329 1.4533128 1.4533072 1.4533125 1.4533288 1.4533565 1.4533957 1.4534468 1.4535099 1.4535854 1.4536735 1.4537745 1.4538886 1.4540162 1.4541575 1.4543128 1.4544825 1.4546668 1.4548661 1.4550806 1.4553108 1.4555568 1.4558191 1.456098 1.4563939 1.4567071 1.457038 1.4573869 1.4577542 1.4581404 1.4585457 1.4589706 1.4594155 1.4598808 1.4603669 1.4608742 1.4614031 1.4619542 1.4625278 1.4631243 1.4637442 1.464388 1.4650561 1.465749 1.4664671 1.467211 1.467981 1.4687778 1.4696016
1.4538373 1.4537244 1.4536199 1.4535239 1.4534368 1.4533586 1.4532896 1.45323 1.4531799 1.4531397 1.4531094 1.4530894 1.4530798 1.4530808 1.4530928 1.4531158 1.4531503 1.4531963 1.4532543 1.4533243 1.4534067 1.4535018 1.4536097 1.4537309 1.4538655 1.4540138 1.4541762 1.4543529 1.4545443 1.4547506 1.4549721 1.4552092 1.4554623 1.4557315 1.4560173 1.45632 1.4566399 1.4569774 1.4573329 1.4577067 1.4580991 1.4585107 1.4589416 1.4593924 1.4598634 1.460355 1.4608676 1.4614016 1.4619575 1.4625356 1.4631363 1.4637601 1.4644074 1.4650787 1.4657743 1.4664946 1.4672403 1.4680115 1.4688089
1.4536473 1.4535318 1.4534247 1.453326 1.4532359 1.4531547 1.4530826 1.4530196 1.4529661 1.4529222 1.4528882 1.4528642 1.4528504 1.4528472 1.4528546 1.452873 1.4529026 1.4529435 1.4529961 1.4530606 1.4531372 1.4532263 1.4533279 1.4534425 1.4535703 1.4537116 1.4538666 1.4540356 1.4542189 1.4544168 1.4546297 1.4548578 1.4551013 1.4553608 1.4556363 1.4559284 1.4562373 1.4565633 1.4569068 1.4572681 1.4576476 1.4580456 1.4584625 1.4588987 1.4593545 1.4598303 1.4603264 1.4608433 1.4613814 1.4619409 1.4625224 1.4631261 1.4637526 1.4644021 1.4650751 1.465772 1.4664931 1.4672389 1.4680098
1.4534565 1.4533385 1.4532286 1.453127 1.453034 1.4529497 1.4528743 1.452808 1.4527509 1.4527033 1.4526654 1.4526373 1.4526194 1.4526117 1.4526146 1.4526282 1.4526527 1.4526885 1.4527357 1.4527945 1.4528653 1.4529482 1.4530434 1.4531514 1.4532723 1.4534063 1.4535538 1.453715 1.4538902 1.4540797 1.4542837 1.4545026 1.4547366 1.4549861 1.4552514 1.4555327 1.4558304 1.4561448 1.4564762 1.456825 1.4571914 1.4575758 1.4579786 1.4584001 1.4588406 1.4593005 1.4597801 1.4602798 1.4607999 1.4613409 1.461903 1.4624866 1.4630921 1.4637199 1.4643703 1.4650437 1.4657403 1.4664607 1.4672052
1.453265 1.4531443 1.4530316 1.4529272 1.4528311 1.4527436 1.4526649 1.452595 1.4525343 1.452483 1.4524411 1.4524089 1.4523867 1.4523745 1.4523727 1.4523814 1.4524009 1.4524314 1.4524731 1.4525262 1.4525909 1.4526676 1.4527564 1.4528576 1.4529714 1.4530982 1.4532381 1.4533913 1.4535583 1.4537392 1.4539344 1.454144 1.4543684 1.4546079 1.4548627 1.4551332 1.4554197 1.4557223 1.4560416 1.4563777 1.4567309 1.4571017 1.4574902 1.4578969 1.4583221 1.458766 1.459229 1.4597114 1.4602136 1.4607359 1.4612787 1.4618422 1.4624268 1.4630328 1.4636605 1.4643104 1.4649826 1.4656776 1.4663957
