Cobbity3/QGIS/HP45.asc
NCOLS 800
NROWS 450
XLLCORNER 150.66
YLLCORNER -34.028
CELLSIZE 1e-05
NODATA_VALUE -9999
[rows 286 to 311 of 450, columns 177 to 235 of 800]
1.7825376 1.796364 1.8109054 1.826213 1.8423399 1.8593386 1.8772571 1.896132 1.9159776 1.9367696 1.958421 1.9807492 2.0034347 2.025975 2.0476475 2.0675033 2.0844226 2.0972496 2.1049861 2.1069638 2.102893 2.0927489 2.0765624 2.0542212 2.025317 1.9890061 1.9439058 1.8881855 1.8199975 1.7381326 1.6426172 1.5355453 1.4242056 1.330302 1.2920488 1.3112661 1.3397395 1.355727 1.3608237 1.358281 1.3506247 1.3403681 1.3302403 1.3230749 1.3209528 1.3240688 1.3306959 1.3384262 1.3454059 1.3507415 1.3543041 1.3563995 1.3575248 1.3582272 1.3590093 1.3602141 1.3618516 1.3634325 1.3641003
1.7709685 1.7838438 1.7973214 1.8114328 1.8262068 1.841667 1.8578263 1.8746807 1.8921981 1.910305 1.9288671 1.9476664 1.9663746 1.9845299 2.0015233 2.0166094 2.0289525 2.0377098 2.0421349 2.0416599 2.0359155 2.0246741 2.0077413 1.9848385 1.9555024 1.9190174 1.8744144 1.8206069 1.7567196 1.6826133 1.5996291 1.51177 1.4274856 1.3602362 1.3211083 1.306186 1.3047611 1.3093949 1.3124799 1.3095238 1.3005121 1.28756 1.2740281 1.2649015 1.2649148 1.274738 1.2904308 1.3069625 1.3211024 1.3317385 1.3390378 1.3436836 1.346463 1.3480908 1.3491368 1.3499777 1.3507549 1.3513873 1.3517503
1.7592473 1.7711772 1.7836017 1.7965351 1.8099859 1.8239537 1.8384246 1.8533641 1.8687087 1.8843545 1.9001429 1.9158455 1.9311486 1.9456413 1.9588145 1.9700737 1.9787733 1.984267 1.9859647 1.9833737 1.976108 1.9638575 1.9463299 1.9231829 1.8939688 1.8581065 1.8149096 1.7636996 1.7040332 1.6360542 1.5609814 1.4816792 1.4028899 1.3302099 1.2694753 1.232239 1.228993 1.244825 1.2563728 1.2556461 1.2449806 1.2272878 1.2058618 1.1897435 1.1909732 1.2117226 1.2421559 1.2716907 1.2953117 1.3123116 1.3237543 1.3310659 1.3355214 1.3381219 1.3395995 1.3404487 1.3409685 1.3413396 1.341779
1.7474419 1.7584428 1.7698378 1.7816265 1.793801 1.8063423 1.8192162 1.8323675 1.8457125 1.8591307 1.8724547 1.8854604 1.8978585 1.9092893 1.9193259 1.9274862 1.9332564 1.9361219 1.9355997 1.9312607 1.9227336 1.909689 1.8918065 1.8687378 1.840076 1.8053445 1.7640177 1.7155829 1.6596404 1.5960132 1.5247801 1.4460252 1.3590633 1.262414 1.1631955 1.1025077 1.1209478 1.1710985 1.1978069 1.1980876 1.1851234 1.1620918 1.1264222 1.0928652 1.0933471 1.1335795 1.1877467 1.2351585 1.2700829 1.2938643 1.3093668 1.3191404 1.3250964 1.3285854 1.3305343 1.331566 1.3321001 1.3324576 1.3329898
1.7356165 1.7457139 1.7561132 1.7668021 1.7777599 1.7889539 1.8003355 1.811836 1.8233604 1.8347813 1.845932 1.8566008 1.8665258 1.8753943 1.8828464 1.888485 1.8918917 1.8926463 1.8903458 1.8846173 1.8751203 1.8615381 1.8435594 1.8208578 1.7930732 1.7598039 1.7206087 1.6750168 1.6225199 1.562488 1.4938804 1.4145407 1.320058 1.2043917 1.0742867 0.99270508 1.034373 1.1153378 1.1447268 1.1353937 1.1206286 1.0995833 1.0472905 0.98144791 0.97946496 1.051284 1.1366609 1.2033591 1.2487972 1.2782601 1.2969186 1.3085078 1.3155408 1.3196791 1.3220129 1.3232567 1.3238932 1.3242926 1.3248228
1.7238299 1.7330566 1.7425019 1.7521447 1.7619543 1.7718883 1.7818889 1.7918795 1.80176 1.8114027 1.8206476 1.8292986 1.8371217 1.8438456 1.849165 1.8527488 1.8542508 1.8533224 1.8496243 1.8428346 1.8326506 1.8187839 1.8009507 1.7788594 1.7521979 1.720624 1.6837539 1.6411406 1.5922134 1.5361305 1.4714594 1.3956301 1.3045028 1.1944917 1.0763174 1.0055683 1.0390679 1.0983987 1.0960666 1.0578285 1.0448916 1.0491932 1.0005496 0.90976873 0.90697356 1.0030608 1.1076943 1.1846332 1.2351862 1.267257 1.2872851 1.2996173 1.3070807 1.3115002 1.3140436 1.315451 1.3162025 1.3166473 1.317102
1.7121352 1.7205294 1.7290685 1.7377243 1.7464594 1.7552249 1.7639576 1.7725773 1.7809835 1.789052 1.7966326 1.8035467 1.8095864 1.8145164 1.8180765 1.8199884 1.8199626 1.8177075 1.8129366 1.8053744 1.7947578 1.7808339 1.7633547 1.7420692 1.7167146 1.6870064 1.6526225 1.6131757 1.568157 1.5168321 1.4580914 1.3903686 1.3121874 1.225127 1.1422061 1.0946637 1.0981783 1.1015035 1.0487384 0.96941357 0.959737 1.0121794 1.0085082 0.94720236 0.94543504 1.0231496 1.1136554 1.1836611 1.2310841 1.2616345 1.2808053 1.2925949 1.299726 1.303997 1.3065469 1.3080611 1.3089458 1.309471 1.3098648
1.700579 1.708183 1.7158672 1.7235986 1.7313354 1.7390248 1.7466012 1.7539839 1.7610747 1.7677559 1.7738886 1.7793114 1.7838409 1.7872728 1.7893848 1.7899414 1.7886996 1.7854142 1.779844 1.7717553 1.7609241 1.7471349 1.7301784 1.7098467 1.6859276 1.6581972 1.6264081 1.5902715 1.5494315 1.5034381 1.451769 1.394052 1.3308742 1.2657633 1.2077912 1.1687901 1.1463818 1.1111085 1.0342907 0.94428175 0.93535829 1.0047337 1.0407516 1.0302479 1.0366736 1.0832266 1.1440208 1.1966308 1.2349888 1.2607083 1.2770879 1.2871412 1.2932017 1.2969174 1.2993185 1.3009486 1.3020576 1.3027821 1.3032477
1.6892018 1.6960603 1.7029432 1.7098143 1.7166291 1.7233333 1.7298609 1.7361329 1.7420556 1.7475189 1.7523958 1.7565418 1.7597952 1.7619791 1.7629031 1.7623677 1.7601679 1.7560981 1.7499559 1.7415454 1.730679 1.7171781 1.7008719 1.6815954 1.6591868 1.6334836 1.6043184 1.5715154 1.534892 1.4942861 1.4496512 1.4013133 1.350506 1.300105 1.2545973 1.2169931 1.1824489 1.1369411 1.0717637 1.0099845 1.0018444 1.0444572 1.080938 1.0954396 1.1108253 1.1409816 1.1794163 1.2153123 1.2432855 1.262732 1.2751404 1.2825484 1.2869072 1.2897511 1.2919822 1.2938948 1.2954587 1.2966173 1.2974094
1.6780377 1.6841968 1.6903326 1.6964073 1.7023753 1.7081819 1.7137628 1.7190418 1.7239309 1.7283286 1.7321196 1.7351752 1.7373535 1.7385011 1.7384552 1.7370465 1.7341024 1.7294508 1.7229229 1.7143564 1.7035973 1.6905012 1.6749336 1.65677 1.6358955 1.6122054 1.5856066 1.5560242 1.5234191 1.4878305 1.4494679 1.4088774 1.3671658 1.326093 1.2875412 1.2518858 1.2161994 1.1755727 1.1302349 1.0938705 1.0858351 1.1042276 1.1275892 1.1454639 1.1627791 1.1847345 1.2098593 1.2335845 1.2525815 1.265784 1.2737178 1.2777999 1.2798764 1.2816421 1.2839363 1.2865924 1.2890568 1.291007 1.2924743
1.6671149 1.672621 1.6780638 1.6834047 1.6885982 1.6935908 1.6983203 1.702715 1.7066927 1.7101608 1.7130155 1.7151425 1.7164177 1.7167084 1.7158754 1.7137753 1.710263 1.705195 1.6984318 1.6898406 1.6792974 1.6666885 1.6519124 1.6348804 1.615519 1.5937726 1.5696088 1.5430294 1.5140903 1.482939 1.4498745 1.4154248 1.3803999 1.3458051 1.3124641 1.2803912 1.2485384 1.2160069 1.184889 1.1619113 1.1539933 1.1602474 1.1729705 1.1866697 1.2010225 1.2169538 1.2336417 1.2489353 1.2608728 1.268453 1.2717095 1.2717337 1.2707351 1.2712713 1.2743323 1.2787188 1.2828158 1.2859869 1.2884784
1.6564563 1.6613553 1.6661578 1.6708254 1.6753135 1.6795704 1.6835372 1.6871466 1.6903232 1.6929827 1.6950323 1.6963709 1.6968902 1.6964758 1.6950087 1.6923678 1.6884316 1.6830812 1.6762022 1.6676875 1.6574392 1.6453706 1.6314084 1.6154946 1.5975897 1.5776767 1.5557678 1.5319148 1.5062266 1.4788936 1.4502192 1.4206463 1.3907492 1.3611482 1.3323263 1.30445 1.2774721 1.2517855 1.2291501 1.2127054 1.2050159 1.2056776 1.2117247 1.2203615 1.2303343 1.2411014 1.2517782 1.2610277 1.2674978 1.2701741 1.2686064 1.2634986 1.2579374 1.2569691 1.2623566 1.2702729 1.2769575 1.281653 1.2853105
1.6460798 1.6504164 1.6546296 1.6586817 1.6625294 1.6661237 1.6694091 1.6723234 1.6747976 1.6767557 1.6781148 1.6787862 1.6786754 1.677684 1.6757108 1.6726535 1.668411 1.6628853 1.6559838 1.6476211 1.6377217 1.6262219 1.6130718 1.5982384 1.5817086 1.5634934 1.5436344 1.5222127 1.4993601 1.4752743 1.4502321 1.424594 1.3987864 1.3732505 1.3483717 1.32445 1.3018109 1.2810809 1.2634247 1.2503354 1.2428315 1.2406934 1.2426163 1.2470904 1.2529879 1.2594617 1.2656246 1.2704329 1.2727502 1.2713981 1.2652411 1.2540423 1.2417095 1.2385962 1.2488336 1.2624861 1.2722839 1.2782258 1.28266
1.6359986 1.6398163 1.6434889 1.6469798 1.650248 1.6532472 1.6559256 1.6582262 1.6600863 1.6614374 1.6622062 1.6623148 1.6616812 1.6602209 1.6578479 1.6544765 1.6500227 1.6444066 1.6375536 1.6293971 1.6198804 1.6089583 1.5966004 1.5827927 1.5675413 1.5508766 1.5328576 1.5135792 1.4931791 1.4718455 1.4498219 1.4274053 1.4049319 1.3827532 1.3612115 1.3406465 1.3214548 1.3041837 1.2895596 1.2783275 1.2709174 1.2671796 1.2664407 1.2678119 1.2704422 1.2735553 1.276366 1.2780054 1.2774612 1.2734528 1.264286 1.2485237 1.2298064 1.2243876 1.2401378 1.2588573 1.2702183 1.2759854 1.2800241
1.6262224 1.6295624 1.6327404 1.6357215 1.6384666 1.6409326 1.6430718 1.6448318 1.6461561 1.6469835 1.6472491 1.6468847 1.6458195 1.6439811 1.6412968 1.6376948 1.633106 1.6274654 1.620714 1.6128007 1.6036839 1.5933341 1.5817353 1.568888 1.5548119 1.5395488 1.5231672 1.5057658 1.4874785 1.4684778 1.4489759 1.4292217 1.409492 1.3900805 1.3712899 1.3534385 1.3368824 1.3220369 1.3093539 1.299226 1.2918412 1.2870828 1.2845512 1.283683 1.2838675 1.2844938 1.2849384 1.2845259 1.2824561 1.2776589 1.2686214 1.2539131 1.236557 1.2316761 1.2467087 1.2633201 1.2718822 1.274975 1.2768382
1.616757 1.6196588 1.6223855 1.6249043 1.6271785 1.629168 1.6308291 1.6321141 1.6329721 1.6333486 1.6331866 1.6324265 1.6310072 1.6288668 1.6259442 1.6221795 1.617516 1.6119017 1.6052902 1.5976432 1.5889316 1.5791377 1.5682568 1.5562996 1.5432944 1.5292897 1.514357 1.4985932 1.4821238 1.4651038 1.4477174 1.4301757 1.4127108 1.3955707 1.3790148 1.3633154 1.3487611 1.335653 1.3242782 1.3148546 1.307465 1.3020158 1.2982482 1.2957904 1.2942187 1.2930965 1.2919887 1.2904574 1.2880354 1.2841722 1.2782144 1.2698622 1.261451 1.2604211 1.2687201 1.2758799 1.2769914 1.2747372 1.272679
1.6076056 1.6101061 1.6124221 1.6145227 1.6163739 1.6179385 1.6191765 1.620045 1.6204982 1.6204878 1.6199636 1.6188738 1.6171659 1.6147873 1.6116865 1.6078139 1.6031233 1.5975734 1.5911283 1.5837601 1.5754495 1.566188 1.5559791 1.5448404 1.5328053 1.519925 1.5062702 1.4919331 1.4770282 1.4616931 1.4460877 1.4303915 1.4148 1.3995213 1.384772 1.3707746 1.3577536 1.3459257 1.3354784 1.3265395 1.319145 1.3132227 1.3085993 1.3050293 1.302233 1.2999314 1.2978767 1.2958816 1.2938567 1.2918676 1.2902518 1.2898525 1.2921102 1.2970961 1.2995079 1.2943305 1.2842584 1.2742577 1.2672329
1.5987688 1.6009026 1.6028456 1.6045687 1.6060406 1.607227 1.6080916 1.6085956 1.6086981 1.6083565 1.6075268 1.6061639 1.6042229 1.601659 1.5984292 1.5944926 1.5898119 1.5843543 1.5780929 1.5710079 1.5630877 1.5543305 1.5447459 1.5343556 1.5231956 1.5113171 1.4987878 1.485693 1.4721361 1.4582383 1.4441374 1.4299861 1.415949 1.4021991 1.3889139 1.3762716 1.3644446 1.3535897 1.3438341 1.335257 1.3278752 1.3216362 1.3164256 1.3120869 1.3084503 1.3053664 1.3027475 1.3006238 1.2992314 1.2991619 1.3016044 1.3085659 1.3219213 1.3373665 1.3380356 1.3174739 1.2914649 1.2714514 1.2596766
1.590245 1.5920444 1.5936492 1.5950323 1.5961647 1.5970151 1.5975507 1.5977365 1.5975361 1.5969119 1.5958253 1.5942376 1.5921101 1.589405 1.5860864 1.5821208 1.5774781 1.5721329 1.5660653 1.5592618 1.551717 1.5434339 1.5344259 1.5247173 1.5143446 1.5033574 1.4918189 1.4798071 1.4674141 1.4547457 1.4419208 1.4290687 1.4163274 1.4038397 1.3917501 1.3801999 1.3693215 1.3592306 1.3500165 1.3417321 1.3343874 1.3279476 1.3223409 1.3174743 1.3132582 1.3096387 1.3066434 1.3044499 1.3034988 1.3046937 1.309742 1.3215718 1.34354 1.3710227 1.374892 1.3380487 1.293016 1.2620866 1.2475015
1.5820308 1.583526 1.5848247 1.585902 1.5867311 1.5872836 1.5875298 1.5874383 1.5869769 1.5861123 1.5848111 1.5830396 1.5807649 1.5779551 1.5745803 1.5706131 1.5660298 1.5608106 1.5549414 1.5484137 1.5412264 1.5333862 1.5249088 1.5158196 1.5061542 1.4959596 1.4852942 1.4742281 1.4628427 1.4512302 1.4394924 1.4277388 1.4160847 1.4046476 1.3935446 1.3828879 1.3727801 1.3633081 1.3545374 1.3465063 1.3392234 1.3326685 1.3268003 1.3215699 1.3169412 1.3129209 1.3096006 1.3072217 1.3062802 1.3077049 1.3131422 1.3252393 1.3467211 1.3728865 1.3763273 1.3357993 1.2814858 1.242505 1.2276211
1.5741215 1.5753402 1.5763625 1.5771651 1.5777237 1.5780126 1.5780047 1.5776723 1.5769865 1.5759184 1.5744386 1.5725183 1.5701293 1.5672448 1.5638402 1.5598931 1.5553847 1.5503004 1.54463 1.5383694 1.5315204 1.5240922 1.5161018 1.5075744 1.4985444 1.4890554 1.4791604 1.4689222 1.4584122 1.4477104 1.4369039 1.4260852 1.4153503 1.404796 1.3945174 1.384604 1.375136 1.3661804 1.3577872 1.3499862 1.3427866 1.3361793 1.3301437 1.3246588 1.3197205 1.315365 1.3117026 1.3089662 1.3075815 1.3082653 1.3121211 1.3205098 1.333739 1.3463831 1.3423146 1.310004 1.2633192 1.2244192 1.2106506
1.5665112 1.5674791 1.5682519 1.5688084 1.5691262 1.5691821 1.5689517 1.5684103 1.5675325 1.5662926 1.5646654 1.5626258 1.5601501 1.5572158 1.5538023 1.5498919 1.5454699 1.5405252 1.5350514 1.5290472 1.5225168 1.5154708 1.5079266 1.4999088 1.4914498 1.4825897 1.4733762 1.4638651 1.4541189 1.4442067 1.4342029 1.4241855 1.4142347 1.4044303 1.3948496 1.3855648 1.3766394 1.3681263 1.3600647 1.3524793 1.3453801 1.3387657 1.3326282 1.3269626 1.3217794 1.3171218 1.3130877 1.3098575 1.3077237 1.3071079 1.3085013 1.3121356 1.3169586 1.318762 1.310088 1.286758 1.2545859 1.2264032 1.2154755
1.559193 1.5599338 1.560482 1.5608181 1.5609219 1.5607722 1.5603474 1.5596253 1.5585835 1.5571995 1.5554514 1.5533179 1.5507785 1.5478145 1.5444092 1.5405482 1.5362201 1.5314172 1.5261356 1.5203761 1.5141446 1.5074524 1.5003169 1.4927617 1.4848166 1.4765182 1.4679094 1.4590393 1.4499626 1.4407388 1.4314314 1.4221063 1.4128305 1.4036701 1.3946884 1.3859438 1.3774876 1.3693621 1.3615991 1.3542195 1.347234 1.3406452 1.3344524 1.3286577 1.3232751 1.318341 1.3139258 1.3101441 1.3071552 1.3051347 1.3041674 1.303973 1.3033947 1.2999436 1.2905094 1.273982 1.253516 1.2357159 1.2263439
1.5521595 1.5526948 1.5530409 1.5531802 1.553094 1.5527635 1.5521691 1.5512912 1.55011 1.5486059 1.5467598 1.5445534 1.5419696 1.5389926 1.5356088 1.5318067 1.5275777 1.5229164 1.5178212 1.5122942 1.5063426 1.4999778 1.4932167 1.4860816 1.4785999 1.4708047 1.4627342 1.4544317 1.4459447 1.4373248 1.4286259 1.4199039 1.4112148 1.4026137 1.3941527 1.3858795 1.3778359 1.3700564 1.3625673 1.3553866 1.3485244 1.3419855 1.3357718 1.3298874 1.3243432 1.3191629 1.3143871 1.3100721 1.3062777 1.3030277 1.3002224 1.2974832 1.2939703 1.2883811 1.2794821 1.2671678 1.2531878 1.2405187 1.2311297
1.5454026 1.5457523 1.545917 1.5458805 1.5456261 1.5451367 1.5443949 1.5433831 1.542084 1.5404804 1.5385559 1.5362948 1.5336825 1.530706 1.5273542 1.523618 1.519491 1.5149698 1.5100542 1.5047476 1.4990576 1.4929956 1.486578 1.4798251 1.4727623 1.4654192 1.4578298 1.4500322 1.4420677 1.4339807 1.4258174 1.4176251 1.4094509 1.4013407 1.3933379 1.3854817 1.3778066 1.370341 1.3631067 1.3561191 1.3493876 1.3429171 1.3367098 1.3307683 1.3250981 1.3197096 1.3146181 1.309838 1.3053679 1.3011588 1.2970603 1.292752 1.2877031 1.2812571 1.2729276 1.2628141 1.251779 1.2410111 1.23103
1.5389139 1.5390961 1.5390981 1.5389052 1.538502 1.5378734 1.5370037 1.5358773 1.5344791 1.532794 1.5308078 1.5285071 1.5258797 1.5229146 1.519603 1.5159377 1.5119141 1.5075302 1.5027871 1.4976889 1.4922433 1.4864618 1.4803594 1.4739552 1.4672721 1.4603367 1.4531792 1.4458329 1.4383338 1.4307202 1.4230317 1.4153084 1.4075902 1.3999156 1.3923205 1.3848379 1.3774962 1.3703189 1.3633243 1.3565254 1.3499303 1.3435429 1.3373645 1.331395 1.325634 1.3200808 1.3147323 1.3095769 1.3045818 1.2996724 1.2947048 1.2894419 1.2835589 1.2767131 1.2686897 1.2595514 1.2496463 1.2393514 1.2286423
