Cobbity3/QGIS/OpenEM_con.asc
NCOLS 600
NROWS 430
XLLCORNER 150.661
YLLCORNER -34.0279
CELLSIZE 1e-05
NODATA_VALUE -9999
[rows 390 to 415 of 430, columns 120 to 179 of 600]
9.2362468 9.2345672 9.2328876 9.2312089 9.2295321 9.2278582 9.2261883 9.2245233 9.2228645 9.221213 9.2195699 9.2179367 9.2163145 9.2147046 9.2131086 9.2115277 9.2099635 9.2084174 9.206891 9.2053857 9.2039032 9.2024451 9.2010129 9.1996084 9.1982332 9.196889 9.1955774 9.1943001 9.1930588 9.1918552 9.190691 9.1895678 9.1884873 9.1874511 9.1864608 9.185518 9.1846242 9.1837808 9.1829895 9.1822515 9.1815682 9.1809409 9.1803709 9.1798592 9.1794071 9.1790155 9.1786854 9.1784176 9.178213 9.1780722 9.1779959 9.1779846 9.1780388 9.1781587 9.1783446 9.1785968 9.1789152 9.1792999 9.1797507 9.1802675
9.2382496 9.23661 9.2349711 9.2333338 9.231699 9.2300677 9.2284409 9.2268197 9.225205 9.2235982 9.2220003 9.2204125 9.2188362 9.2172726 9.215723 9.2141888 9.2126714 9.2111722 9.2096928 9.2082345 9.2067988 9.2053875 9.2040018 9.2026436 9.2013143 9.2000155 9.1987488 9.1975159 9.1963183 9.1951577 9.1940357 9.1929538 9.1919136 9.1909166 9.1899644 9.1890585 9.1882003 9.1873912 9.1866326 9.1859259 9.1852724 9.1846732 9.1841295 9.1836425 9.1832131 9.1828424 9.1825313 9.1822805 9.1820908 9.181963 9.1818976 9.181895 9.1819557 9.1820801 9.1822684 9.1825207 9.1828371 9.1832177 9.1836622 9.1841705
9.2402379 9.2386374 9.2370382 9.2354411 9.2338472 9.2322573 9.2306724 9.2290936 9.2275218 9.2259583 9.2244041 9.2228604 9.2213285 9.2198095 9.2183049 9.2168158 9.2153436 9.2138897 9.2124556 9.2110426 9.2096521 9.2082858 9.2069449 9.2056312 9.204346 9.2030909 9.2018674 9.2006772 9.1995216 9.1984022 9.1973206 9.1962783 9.1952767 9.1943173 9.1934017 9.192531 9.1917069 9.1909306 9.1902034 9.1895267 9.1889015 9.1883291 9.1878107 9.1873471 9.1869395 9.1865888 9.1862957 9.1860612 9.1858858 9.1857703 9.1857152 9.1857209 9.185788 9.1859166 9.186107 9.1863595 9.1866739 9.1870505 9.1874889 9.1879892
9.2422116 9.2406491 9.2390885 9.2375307 9.2359764 9.2344268 9.2328826 9.2313449 9.2298148 9.2282933 9.2267815 9.2252805 9.2237916 9.2223158 9.2208546 9.2194091 9.2179806 9.2165704 9.21518 9.2138107 9.2124638 9.2111408 9.2098431 9.2085722 9.2073294 9.2061164 9.2049344 9.2037851 9.2026698 9.2015901 9.2005473 9.1995429 9.1985784 9.197655 9.1967743 9.1959376 9.1951461 9.1944011 9.193704 9.1930559 9.1924579 9.1919112 9.1914168 9.1909757 9.1905888 9.1902571 9.1899813 9.1897623 9.1896005 9.1894968 9.1894515 9.1894652 9.1895382 9.1896708 9.1898633 9.1901158 9.1904284 9.1908011 9.1912337 9.1917261
9.2441703 9.2426449 9.2411219 9.2396022 9.2380867 9.2365761 9.2350715 9.2335738 9.2320841 9.2306033 9.2291326 9.227673 9.2262256 9.2247917 9.2233725 9.2219691 9.2205828 9.2192149 9.2178666 9.2165394 9.2152345 9.2139533 9.2126972 9.2114675 9.2102656 9.2090929 9.2079509 9.206841 9.2057644 9.2047227 9.2037172 9.2027492 9.2018202 9.2009314 9.2000842 9.1992799 9.1985196 9.1978047 9.1971364 9.1965156 9.1959436 9.1954214 9.1949501 9.1945304 9.1941634 9.1938499 9.1935907 9.1933863 9.1932376 9.1931451 9.1931092 9.1931304 9.1932091 9.1933455 9.1935399 9.1937925 9.1941032 9.1944721 9.194899 9.195384
9.2461139 9.2446247 9.2431384 9.2416558 9.2401778 9.2387052 9.2372391 9.2357802 9.2343297 9.2328884 9.2314575 9.2300379 9.2286309 9.2272375 9.2258588 9.2244962 9.2231506 9.2218235 9.220516 9.2192294 9.217965 9.2167241 9.215508 9.214318 9.2131554 9.2120217 9.2109181 9.2098459 9.2088066 9.2078014 9.2068316 9.2058986 9.2050037 9.2041481 9.203333 9.2025598 9.2018295 9.2011433 9.2005025 9.199908 9.1993609 9.1988621 9.1984128 9.1980137 9.1976657 9.1973695 9.197126 9.1969358 9.1967995 9.1967176 9.1966906 9.196719 9.1968031 9.1969431 9.1971394 9.1973919 9.1977007 9.198066 9.1984875 9.1989652
9.2480423 9.2465883 9.2451376 9.2436912 9.2422497 9.2408142 9.2393853 9.2379642 9.2365517 9.2351487 9.2337564 9.2323757 9.2310076 9.2296534 9.2283141 9.2269907 9.2256846 9.2243969 9.2231287 9.2218813 9.220656 9.2194539 9.2182763 9.2171246 9.2159999 9.2149036 9.2138369 9.2128011 9.2117976 9.2108275 9.2098921 9.2089926 9.2081304 9.2073066 9.2065224 9.2057789 9.2050773 9.2044188 9.2038043 9.2032349 9.2027116 9.2022353 9.201807 9.2014275 9.2010977 9.2008181 9.2005897 9.2004129 9.2002884 9.2002168 9.2001983 9.2002335 9.2003227 9.2004662 9.200664 9.2009165 9.2012236 9.2015853 9.2020015 9.2024722
9.2499552 9.2485355 9.2471196 9.2457083 9.2443024 9.2429028 9.2415103 9.2401257 9.2387501 9.2373844 9.2360294 9.2346863 9.2333561 9.2320398 9.2307385 9.2294532 9.2281852 9.2269355 9.2257053 9.2244957 9.2233081 9.2221434 9.2210031 9.2198882 9.2187999 9.2177397 9.2167085 9.2157077 9.2147386 9.2138022 9.2128998 9.2120326 9.2112018 9.2104085 9.2096538 9.2089389 9.2082649 9.2076327 9.2070435 9.2064982 9.2059977 9.2055429 9.2051348 9.2047741 9.2044616 9.2041979 9.2039839 9.2038199 9.2037068 9.2036448 9.2036345 9.2036762 9.2037703 9.2039169 9.2041163 9.2043686 9.2046739 9.2050322 9.2054434 9.2059073
9.2518526 9.2504663 9.2490843 9.2477072 9.2463359 9.2449712 9.2436139 9.2422649 9.2409252 9.2395955 9.2382768 9.2369702 9.2356766 9.234397 9.2331324 9.231884 9.2306528 9.2294399 9.2282463 9.2270733 9.225922 9.2247935 9.2236889 9.2226095 9.2215565 9.2205309 9.2195339 9.2185668 9.2176307 9.2167268 9.2158561 9.2150199 9.2142192 9.2134552 9.2127289 9.2120415 9.2113938 9.210787 9.210222 9.2096997 9.2092211 9.2087869 9.2083981 9.2080553 9.2077594 9.2075109 9.2073106 9.207159 9.2070566 9.2070039 9.2070013 9.2070492 9.2071479 9.2072975 9.2074984 9.2077506 9.2080541 9.208409 9.2088153 9.2092727
9.2537343 9.2523806 9.2510315 9.2496877 9.2483501 9.2470194 9.2456964 9.2443819 9.2430769 9.2417822 9.2404987 9.2392274 9.2379693 9.2367252 9.2354963 9.2342835 9.2330879 9.2319105 9.2307524 9.2296147 9.2284984 9.2274047 9.2263348 9.2252896 9.2242704 9.2232782 9.2223142 9.2213795 9.2204752 9.2196024 9.2187622 9.2179558 9.2171841 9.2164482 9.2157492 9.215088 9.2144657 9.2138832 9.2133414 9.2128412 9.2123835 9.2119691 9.2115987 9.2112731 9.2109931 9.2107592 9.210572 9.2104321 9.21034 9.2102962 9.2103009 9.2103547 9.2104577 9.2106103 9.2108124 9.2110644 9.2113662 9.2117179 9.2121193 9.2125704
9.2556003 9.2542783 9.2529613 9.2516499 9.250345 9.2490473 9.2477576 9.2464767 9.2452055 9.2439447 9.2426954 9.2414583 9.2402345 9.2390249 9.2378305 9.2366521 9.2354909 9.2343479 9.233224 9.2321203 9.231038 9.2299779 9.2289413 9.2279291 9.2269425 9.2259825 9.2250502 9.2241467 9.223273 9.2224302 9.2216194 9.2208415 9.2200977 9.2193888 9.218716 9.2180801 9.2174821 9.2169229 9.2164033 9.2159243 9.2154867 9.2150911 9.2147385 9.2144294 9.2141645 9.2139445 9.2137699 9.2136412 9.2135589 9.2135235 9.2135353 9.2135947 9.2137019 9.2138571 9.2140605 9.2143122 9.2146123 9.2149607 9.2153575 9.2158025
9.2574504 9.2561594 9.2548736 9.2535938 9.2523208 9.2510552 9.2497978 9.2485495 9.247311 9.2460832 9.244867 9.2436632 9.2424726 9.2412964 9.2401353 9.2389903 9.2378624 9.2367525 9.2356617 9.234591 9.2335413 9.2325137 9.2315092 9.2305289 9.2295737 9.2286447 9.227743 9.2268695 9.2260253 9.2252114 9.2244287 9.2236784 9.2229613 9.2222784 9.2216307 9.221019 9.2204444 9.2199075 9.2194093 9.2189507 9.2185322 9.2181548 9.2178191 9.2175258 9.2172754 9.2170687 9.2169061 9.2167882 9.2167153 9.216688 9.2167065 9.2167711 9.2168822 9.21704 9.2172445 9.2174959 9.2177943 9.2181396 9.2185319 9.218971
9.2592847 9.2580237 9.2567684 9.2555193 9.2542773 9.2530429 9.251817 9.2506003 9.2493937 9.2481979 9.2470137 9.2458421 9.2446839 9.2435399 9.2424111 9.2412984 9.2402027 9.239125 9.2380661 9.2370272 9.2360091 9.2350128 9.2340394 9.2330897 9.2321648 9.2312658 9.2303934 9.2295489 9.228733 9.2279469 9.2271914 9.2264675 9.2257761 9.2251182 9.2244947 9.2239063 9.223354 9.2228386 9.222361 9.2219218 9.2215218 9.2211617 9.2208423 9.220564 9.2203276 9.2201336 9.2199825 9.2198748 9.219811 9.2197913 9.2198162 9.2198859 9.2200007 9.2201608 9.2203663 9.2206174 9.2209141 9.2212564 9.2216443 9.2220776
9.261103 9.2598714 9.2586457 9.2574266 9.2562146 9.2550106 9.2538153 9.2526294 9.2514537 9.2502889 9.2491359 9.2479955 9.2468685 9.2457559 9.2446583 9.2435769 9.2425123 9.2414656 9.2404377 9.2394295 9.2384419 9.2374759 9.2365324 9.2356123 9.2347167 9.2338465 9.2330025 9.2321858 9.2313973 9.2306379 9.2299085 9.22921 9.2285434 9.2279095 9.2273091 9.2267432 9.2262124 9.2257177 9.2252596 9.2248391 9.2244569 9.2241134 9.2238095 9.2235458 9.2233227 9.2231409 9.2230008 9.2229029 9.2228476 9.2228352 9.2228662 9.2229407 9.223059 9.2232214 9.2234278 9.2236786 9.2239736 9.2243129 9.2246965 9.2251242
9.2629054 9.2617024 9.2605056 9.2593155 9.2581329 9.2569585 9.2557929 9.2546368 9.2534911 9.2523565 9.2512337 9.2501236 9.2490269 9.2479446 9.2468773 9.2458261 9.2447917 9.2437751 9.2427771 9.2417985 9.2408404 9.2399036 9.238989 9.2380975 9.2372301 9.2363877 9.235571 9.2347812 9.234019 9.2332853 9.2325811 9.2319071 9.2312643 9.2306535 9.2300754 9.2295309 9.2290209 9.2285459 9.2281068 9.2277042 9.2273389 9.2270115 9.2267225 9.2264726 9.2262623 9.2260922 9.2259626 9.225874 9.2258269 9.2258216 9.2258583 9.2259374 9.226059 9.2262234 9.2264307 9.2266811 9.2269744 9.2273108 9.2276902 9.2281125
9.2646918 9.2635167 9.262348 9.2611863 9.2600322 9.2588865 9.2577497 9.2566227 9.2555062 9.2544008 9.2533073 9.2522266 9.2511593 9.2501064 9.2490685 9.2480466 9.2470414 9.2460538 9.2450846 9.2441348 9.2432052 9.2422966 9.2414099 9.240546 9.2397058 9.2388902 9.2380999 9.2373359 9.2365991 9.2358902 9.2352102 9.2345598 9.2339399 9.2333512 9.2327946 9.2322709 9.2317806 9.2313247 9.2309037 9.2305184 9.2301693 9.2298572 9.2295826 9.229346 9.2291479 9.2289889 9.2288694 9.2287899 9.2287506 9.2287519 9.2287941 9.2288775 9.2290023 9.2291687 9.2293767 9.2296266 9.2299183 9.2302518 9.2306271 9.2310442
9.2664622 9.2653143 9.264173 9.2630388 9.2619126 9.2607948 9.2596861 9.2585873 9.2574991 9.2564221 9.2553571 9.2543049 9.2532661 9.2522416 9.2512322 9.2502386 9.2492617 9.2483022 9.247361 9.246439 9.2455368 9.2446555 9.2437958 9.2429585 9.2421446 9.2413548 9.24059 9.2398509 9.2391385 9.2384535 9.2377968 9.2371691 9.2365712 9.236004 9.235468 9.2349641 9.234493 9.2340553 9.2336517 9.233283 9.2329496 9.2326521 9.2323912 9.2321674 9.231981 9.2318328 9.2317229 9.2316519 9.23162 9.2316277 9.2316752 9.2317627 9.2318905 9.2320587 9.2322674 9.2325168 9.2328068 9.2331375 9.2335089 9.2339208
9.2682167 9.2670952 9.2659806 9.2648733 9.2637741 9.2626835 9.2616021 9.2605308 9.25947 9.2584206 9.2573832 9.2563586 9.2553475 9.2543506 9.2533688 9.2524026 9.2514531 9.2505208 9.2496067 9.2487115 9.247836 9.246981 9.2461473 9.2453358 9.2445472 9.2437823 9.243042 9.242327 9.2416382 9.2409762 9.2403419 9.2397361 9.2391595 9.2386127 9.2380966 9.2376118 9.2371591 9.2367389 9.2363521 9.2359992 9.2356809 9.2353975 9.2351498 9.2349382 9.2347631 9.234625 9.2345244 9.2344616 9.2344369 9.2344507 9.2345031 9.2345946 9.2347251 9.234895 9.2351043 9.2353532 9.2356416 9.2359695 9.236337 9.2367439
9.2699552 9.2688596 9.2677709 9.2666898 9.2656168 9.2645527 9.2634979 9.2624532 9.2614192 9.2603965 9.259386 9.2583882 9.2574039 9.2564338 9.2554786 9.2545391 9.253616 9.2527101 9.2518222 9.2509529 9.2501031 9.2492736 9.2484651 9.2476784 9.2469143 9.2461735 9.2454568 9.244765 9.2440989 9.2434591 9.2428465 9.2422617 9.2417055 9.2411786 9.2406816 9.2402152 9.23978 9.2393768 9.2390061 9.2386685 9.2383645 9.2380947 9.2378596 9.2376597 9.2374954 9.2373672 9.2372754 9.2372204 9.2372025 9.2372221 9.2372793 9.2373745 9.2375077 9.2376792 9.237889 9.2381372 9.238424 9.2387492 9.2391129 9.239515
9.2716778 9.2706073 9.269544 9.2684883 9.267441 9.2664025 9.2653736 9.2643548 9.2633467 9.2623501 9.2613656 9.2603938 9.2594355 9.2584914 9.2575621 9.2566484 9.255751 9.2548706 9.2540079 9.2531638 9.2523389 9.251534 9.2507498 9.2499871 9.2492466 9.2485291 9.2478352 9.2471658 9.2465216 9.2459032 9.2453114 9.2447469 9.2442104 9.2437025 9.2432239 9.2427752 9.2423571 9.2419701 9.2416148 9.2412919 9.2410017 9.240745 9.240522 9.2403333 9.2401794 9.2400605 9.2399772 9.2399297 9.2399184 9.2399435 9.2400052 9.2401039 9.2402396 9.2404125 9.2406228 9.2408705 9.2411556 9.2414781 9.2418381 9.2422355
9.2733846 9.2723386 9.2712999 9.2702691 9.2692466 9.2682332 9.2672294 9.2662358 9.265253 9.2642816 9.2633224 9.2623759 9.2614428 9.2605238 9.2596196 9.2587309 9.2578583 9.2570026 9.2561645 9.2553446 9.2545438 9.2537627 9.253002 9.2522625 9.2515448 9.2508497 9.2501779 9.2495302 9.248907 9.2483093 9.2477376 9.2471927 9.2466751 9.2461855 9.2457246 9.245293 9.2448912 9.2445198 9.2441794 9.2438706 9.2435938 9.2433495 9.2431381 9.2429603 9.2428162 9.2427064 9.2426312 9.2425908 9.2425857 9.2426161 9.2426822 9.2427841 9.2429222 9.2430965 9.2433071 9.2435542 9.2438377 9.2441576 9.244514 9.2449067
9.2750755 9.2740534 9.2730388 9.2720321 9.2710339 9.2700448 9.2690654 9.2680963 9.267138 9.2661912 9.2652565 9.2643345 9.2634259 9.2625314 9.2616515 9.260787 9.2599385 9.2591067 9.2582923 9.257496 9.2567184 9.2559603 9.2552224 9.2545052 9.2538096 9.2531362 9.2524857 9.2518588 9.2512561 9.2506782 9.2501259 9.2495998 9.2491005 9.2486286 9.2481848 9.2477695 9.2473834 9.2470271 9.246701 9.2464057 9.2461417 9.2459094 9.2457092 9.2455417 9.2454072 9.245306 9.2452385 9.2452051 9.2452059 9.2452413 9.2453115 9.2454166 9.2455569 9.2457324 9.2459434 9.2461897 9.2464716 9.2467889 9.2471417 9.24753
9.2767507 9.2757519 9.2747606 9.2737775 9.2728029 9.2718375 9.2708819 9.2699366 9.2690021 9.2680792 9.2671683 9.2662701 9.2653853 9.2645144 9.2636581 9.2628171 9.2619919 9.2611833 9.2603919 9.2596183 9.2588633 9.2581275 9.2574115 9.256716 9.2560417 9.2553893 9.2547593 9.2541525 9.2535694 9.2530108 9.2524772 9.2519692 9.2514875 9.2510327 9.2506052 9.2502058 9.2498348 9.249493 9.2491806 9.2488984 9.2486466 9.2484258 9.2482364 9.2480788 9.2479534 9.2478605 9.2478005 9.2477736 9.2477801 9.2478203 9.2478944 9.2480025 9.2481449 9.2483216 9.2485328 9.2487784 9.2490587 9.2493735 9.2497228 9.2501066
9.2784101 9.277434 9.2764656 9.2755053 9.2745538 9.2736115 9.272679 9.2717568 9.2708455 9.2699457 9.269058 9.2681829 9.2673212 9.2664733 9.2656399 9.2648216 9.264019 9.2632328 9.2624637 9.2617122 9.2609789 9.2602646 9.2595699 9.2588954 9.2582417 9.2576095 9.2569993 9.256412 9.2558479 9.2553078 9.2547922 9.2543018 9.253837 9.2533986 9.252987 9.2526027 9.2522464 9.2519184 9.2516193 9.2513496 9.2511096 9.2508999 9.2507209 9.2505728 9.2504561 9.2503712 9.2503182 9.2502976 9.2503096 9.2503544 9.2504321 9.2505431 9.2506874 9.2508652 9.2510765 9.2513215 9.2516001 9.2519124 9.2522583 9.2526378
9.280054 9.2791 9.2781538 9.2772159 9.2762867 9.2753668 9.2744568 9.2735571 9.2726684 9.2717911 9.2709259 9.2700733 9.2692339 9.2684083 9.2675971 9.2668008 9.2660202 9.2652558 9.2645082 9.263778 9.2630659 9.2623724 9.2616982 9.261044 9.2604102 9.2597975 9.2592066 9.2586379 9.2580922 9.25757 9.2570718 9.2565983 9.2561499 9.2557273 9.2553309 9.2549613 9.254619 9.2543044 9.254018 9.2537604 9.2535318 9.2533327 9.2531636 9.2530247 9.2529164 9.252839 9.2527929 9.2527783 9.2527955 9.2528446 9.2529259 9.2530396 9.2531857 9.2533645 9.2535759 9.2538201 9.2540971 9.2544069 9.2547495 9.2551248
9.2816823 9.2807499 9.2798253 9.2789091 9.2780018 9.2771037 9.2762156 9.2753378 9.274471 9.2736156 9.2727722 9.2719414 9.2711237 9.2703198 9.2695301 9.2687552 9.2679959 9.2672525 9.2665258 9.2658163 9.2651246 9.2644513 9.263797 9.2631623 9.2625478 9.261954 9.2613816 9.2608311 9.2603031 9.2597981 9.2593167 9.2588595 9.2584269 9.2580195 9.2576378 9.2572824 9.2569535 9.2566519 9.2563778 9.2561317 9.255914 9.2557252 9.2555656 9.2554355 9.2553352 9.2552652 9.2552256 9.2552168 9.2552389 9.2552922 9.2553768 9.255493 9.2556409 9.2558205 9.256032 9.2562755 9.2565508 9.2568582 9.2571975 9.2575687
