Cobbity3/QGIS/OpenEM_con.asc
NCOLS 600
NROWS 430
XLLCORNER 150.661
YLLCORNER -34.0279
CELLSIZE 1e-05
NODATA_VALUE -9999
[rows 26 to 51 of 430, columns 0 to 59 of 600]
9.4656068 9.4650107 9.4644059 9.4637924 9.4631701 9.4625388 9.4618986 9.4612493 9.4605908 9.4599232 9.4592462 9.4585599 9.4578642 9.4571589 9.4564442 9.4557198 9.4549857 9.454242 9.4534884 9.452725 9.4519518 9.4511686 9.4503756 9.4495725 9.4487594 9.4479363 9.4471032 9.44626 9.4454067 9.4445434 9.4436699 9.4427865 9.4418929 9.4409894 9.4400758 9.4391523 9.4382188 9.4372755 9.4363224 9.4353595 9.4343869 9.4334048 9.4324131 9.4314121 9.4304017 9.4293822 9.4283537 9.4273163 9.4262701 9.4252154 9.4241522 9.4230809 9.4220016 9.4209144 9.4198198 9.4187178 9.4176087 9.4164928 9.4153705 9.4142419
9.4654736 9.4648721 9.4642617 9.4636424 9.463014 9.4623766 9.46173 9.4610741 9.4604089 9.4597342 9.4590501 9.4583563 9.457653 9.4569399 9.456217 9.4554843 9.4547416 9.453989 9.4532264 9.4524537 9.4516709 9.4508778 9.4500746 9.4492611 9.4484373 9.4476032 9.4467588 9.445904 9.4450388 9.4441633 9.4432773 9.442381 9.4414743 9.4405572 9.4396298 9.4386921 9.4377441 9.4367859 9.4358175 9.434839 9.4338504 9.4328519 9.4318435 9.4308254 9.4297975 9.4287601 9.4277133 9.4266572 9.425592 9.4245178 9.4234348 9.4223432 9.4212432 9.420135 9.4190188 9.4178949 9.4167635 9.4156249 9.4144794 9.4133273
9.4653447 9.4647377 9.4641217 9.4634966 9.4628623 9.4622187 9.4615657 9.4609033 9.4602313 9.4595496 9.4588583 9.4581572 9.4574461 9.4567252 9.4559942 9.4552531 9.4545019 9.4537404 9.4529687 9.4521866 9.4513941 9.4505912 9.4497777 9.4489538 9.4481192 9.4472741 9.4464183 9.4455518 9.4446746 9.4437867 9.4428881 9.4419788 9.4410588 9.4401281 9.4391867 9.4382347 9.437272 9.4362987 9.4353149 9.4343206 9.4333159 9.4323008 9.4312755 9.43024 9.4291944 9.4281389 9.4270736 9.4259985 9.4249139 9.42382 9.4227168 9.4216046 9.4204835 9.4193539 9.4182158 9.4170696 9.4159155 9.4147538 9.4135847 9.4124086
9.4652201 9.4646077 9.4639862 9.4633553 9.462715 9.4620653 9.461406 9.460737 9.4600582 9.4593696 9.4586711 9.4579625 9.4572438 9.456515 9.4557759 9.4550264 9.4542666 9.4534963 9.4527154 9.4519239 9.4511217 9.4503088 9.4494852 9.4486507 9.4478053 9.446949 9.4460817 9.4452035 9.4443143 9.443414 9.4425027 9.4415803 9.4406469 9.4397024 9.4387469 9.4377804 9.4368028 9.4358143 9.4348149 9.4338047 9.4327836 9.4317517 9.4307093 9.4296562 9.4285927 9.4275188 9.4264346 9.4253404 9.4242361 9.4231221 9.4219984 9.4208653 9.4197229 9.4185714 9.4174111 9.4162422 9.415065 9.4138796 9.4126865 9.411486
9.4651 9.4644822 9.4638551 9.4632185 9.4625723 9.4619165 9.4612508 9.4605753 9.4598898 9.4591942 9.4584885 9.4577725 9.4570462 9.4563095 9.4555622 9.4548044 9.4540359 9.4532567 9.4524667 9.4516658 9.4508539 9.450031 9.4491971 9.448352 9.4474957 9.4466282 9.4457495 9.4448594 9.443958 9.4430453 9.4421211 9.4411856 9.4402386 9.4392803 9.4383105 9.4373294 9.4363369 9.435333 9.4343178 9.4332914 9.4322537 9.431205 9.4301451 9.4290743 9.4279925 9.4269 9.4257968 9.424683 9.4235589 9.4224245 9.42128 9.4201255 9.4189614 9.4177878 9.4166048 9.4154128 9.414212 9.4130027 9.4117851 9.4105596
9.4649844 9.4643614 9.4637287 9.4630864 9.4624343 9.4617724 9.4611004 9.4604184 9.4597261 9.4590236 9.4583107 9.4575874 9.4568534 9.4561088 9.4553535 9.4545873 9.4538101 9.453022 9.4522228 9.4514124 9.4505908 9.4497579 9.4489136 9.4480579 9.4471908 9.446312 9.4454217 9.4445197 9.4436061 9.4426808 9.4417437 9.4407949 9.4398343 9.438862 9.4378779 9.436882 9.4358743 9.4348549 9.4338238 9.432781 9.4317267 9.4306607 9.4295833 9.4284944 9.4273943 9.4262828 9.4251603 9.4240268 9.4228824 9.4217273 9.4205617 9.4193856 9.4181994 9.4170032 9.4157973 9.4145818 9.413357 9.4121232 9.4108807 9.4096297
9.4648736 9.4642452 9.4636071 9.4629591 9.4623012 9.4616331 9.4609549 9.4602664 9.4595675 9.458858 9.458138 9.4574072 9.4566656 9.4559132 9.4551497 9.4543751 9.4535893 9.4527923 9.4519839 9.4511641 9.4503327 9.4494897 9.4486351 9.4477687 9.4468906 9.4460005 9.4450986 9.4441847 9.4432588 9.4423208 9.4413707 9.4404085 9.4394342 9.4384478 9.4374491 9.4364383 9.4354154 9.4343803 9.4333332 9.4322739 9.4312026 9.4301193 9.4290241 9.427917 9.4267981 9.4256676 9.4245255 9.4233719 9.422207 9.4210309 9.4198438 9.4186459 9.4174372 9.4162181 9.4149887 9.4137493 9.4125001 9.4112414 9.4099735 9.4086966
9.4647676 9.464134 9.4634904 9.4628368 9.462173 9.4614989 9.4608145 9.4601195 9.4594139 9.4586975 9.4579703 9.4572322 9.456483 9.4557227 9.4549511 9.4541681 9.4533737 9.4525678 9.4517502 9.4509208 9.4500797 9.4492267 9.4483617 9.4474846 9.4465954 9.445694 9.4447804 9.4438545 9.4429162 9.4419655 9.4410023 9.4400267 9.4390385 9.4380378 9.4370246 9.4359988 9.4349605 9.4339096 9.4328461 9.4317702 9.4306818 9.429581 9.4284677 9.4273422 9.4262045 9.4250545 9.4238926 9.4227187 9.421533 9.4203356 9.4191267 9.4179065 9.416675 9.4154326 9.4141794 9.4129157 9.4116417 9.4103576 9.4090638 9.4077606
9.4646665 9.4640277 9.4633787 9.4627195 9.4620499 9.4613699 9.4606792 9.4599778 9.4592655 9.4585423 9.457808 9.4570625 9.4563058 9.4555376 9.4547579 9.4539665 9.4531635 9.4523486 9.4515218 9.450683 9.4498321 9.4489689 9.4480935 9.4472057 9.4463055 9.4453927 9.4444673 9.4435293 9.4425786 9.4416151 9.4406388 9.4396496 9.4386475 9.4376325 9.4366046 9.4355636 9.4345097 9.4334429 9.432363 9.4312703 9.4301646 9.429046 9.4279146 9.4267704 9.4256135 9.424444 9.4232619 9.4220674 9.4208606 9.4196417 9.4184107 9.4171678 9.4159132 9.4146471 9.4133697 9.4120813 9.410782 9.4094721 9.408152 9.4068218
9.4645705 9.4639265 9.4632722 9.4626074 9.4619321 9.4612461 9.4605492 9.4598414 9.4591226 9.4583925 9.4576511 9.4568983 9.456134 9.455358 9.4545702 9.4537705 9.4529588 9.452135 9.451299 9.4504507 9.44959 9.4487167 9.4478309 9.4469323 9.446021 9.4450968 9.4441597 9.4432095 9.4422463 9.4412699 9.4402804 9.4392776 9.4382615 9.437232 9.4361893 9.4351331 9.4340635 9.4329805 9.4318841 9.4307744 9.4296512 9.4285147 9.4273649 9.4262018 9.4250256 9.4238362 9.4226338 9.4214184 9.4201903 9.4189494 9.417696 9.4164301 9.415152 9.4138619 9.4125599 9.4112463 9.4099213 9.4085852 9.4072382 9.4058807
9.4644796 9.4638306 9.463171 9.4625007 9.4618197 9.4611277 9.4604248 9.4597106 9.4589852 9.4582483 9.4574999 9.4567398 9.4559679 9.4551841 9.4543882 9.4535802 9.4527599 9.4519272 9.451082 9.4502242 9.4493536 9.4484703 9.447574 9.4466646 9.4457422 9.4448066 9.4438576 9.4428953 9.4419195 9.4409302 9.4399274 9.4389109 9.4378806 9.4368367 9.435779 9.4347074 9.4336221 9.4325228 9.4314097 9.4302828 9.429142 9.4279874 9.426819 9.4256369 9.424441 9.4232315 9.4220085 9.420772 9.4195222 9.4182591 9.4169829 9.4156938 9.4143918 9.4130773 9.4117503 9.4104112 9.40906 9.4076972 9.4063229 9.4049374
9.4643941 9.46374 9.4630751 9.4623994 9.4617128 9.461015 9.4603059 9.4595854 9.4588535 9.4581098 9.4573544 9.4565871 9.4558077 9.4550161 9.4542122 9.4533958 9.4525669 9.4517253 9.4508709 9.4500036 9.4491233 9.4482298 9.447323 9.4464029 9.4454693 9.4445222 9.4435614 9.4425869 9.4415985 9.4405962 9.43958 9.4385497 9.4375053 9.4364468 9.435374 9.434287 9.4331857 9.4320701 9.4309401 9.4297959 9.4286373 9.4274644 9.4262772 9.4250758 9.4238601 9.4226303 9.4213865 9.4201286 9.4188568 9.4175712 9.4162719 9.4149591 9.413633 9.4122937 9.4109413 9.4095762 9.4081985 9.4068084 9.4054063 9.4039925
9.464314 9.4636549 9.4629849 9.4623038 9.4616115 9.4609079 9.4601928 9.4594661 9.4587276 9.4579773 9.4572149 9.4564403 9.4556534 9.4548541 9.4540422 9.4532176 9.4523801 9.4515296 9.4506661 9.4497893 9.4488991 9.4479955 9.4470783 9.4461474 9.4452026 9.444244 9.4432713 9.4422845 9.4412835 9.4402682 9.4392386 9.4381944 9.4371358 9.4360625 9.4349746 9.433872 9.4327547 9.4316226 9.4304757 9.429314 9.4281374 9.4269461 9.4257399 9.424519 9.4232833 9.4220329 9.4207679 9.4194884 9.4181943 9.416886 9.4155633 9.4142266 9.4128758 9.4115113 9.4101332 9.4087417 9.4073369 9.4059193 9.4044889 9.4030461
9.4642395 9.4635754 9.4629003 9.4622139 9.461516 9.4608067 9.4600856 9.4593527 9.4586078 9.4578508 9.4570815 9.4562998 9.4555054 9.4546984 9.4538785 9.4530456 9.4521996 9.4513403 9.4504676 9.4495813 9.4486814 9.4477676 9.44684 9.4458982 9.4449423 9.4439722 9.4429876 9.4419885 9.4409748 9.4399465 9.4389033 9.4378453 9.4367723 9.4356842 9.4345811 9.4334629 9.4323294 9.4311806 9.4300166 9.4288373 9.4276427 9.4264327 9.4252074 9.4239667 9.4227108 9.4214397 9.4201533 9.4188518 9.4175353 9.4162038 9.4148575 9.4134964 9.4121208 9.4107307 9.4093264 9.407908 9.4064758 9.4050301 9.4035709 9.4020987
9.4641707 9.4635017 9.4628215 9.4621298 9.4614265 9.4607115 9.4599845 9.4592455 9.4584942 9.4577306 9.4569544 9.4561655 9.4553638 9.4545491 9.4537213 9.4528802 9.4520257 9.4511575 9.4502757 9.44938 9.4484703 9.4475464 9.4466083 9.4456558 9.4446887 9.443707 9.4427105 9.4416991 9.4406727 9.4396312 9.4385746 9.4375025 9.4364152 9.4353123 9.4341939 9.4330598 9.4319101 9.4307446 9.4295634 9.4283663 9.4271534 9.4259246 9.4246799 9.4234194 9.4221431 9.4208509 9.419543 9.4182193 9.41688 9.4155251 9.4141547 9.412769 9.4113681 9.4099521 9.4085213 9.4070757 9.4056156 9.4041412 9.4026528 9.4011507
9.4641076 9.4634339 9.4627487 9.4620518 9.4613431 9.4606225 9.4598896 9.4591445 9.4583869 9.4576167 9.4568338 9.4560378 9.4552288 9.4544065 9.4535708 9.4527215 9.4518585 9.4509816 9.4500906 9.4491855 9.448266 9.4473321 9.4463835 9.4454202 9.444442 9.4434487 9.4424403 9.4414166 9.4403775 9.4393228 9.4382526 9.4371666 9.4360647 9.4349469 9.4338131 9.4326632 9.4314971 9.4303148 9.4291162 9.4279013 9.4266699 9.4254222 9.424158 9.4228775 9.4215805 9.420267 9.4189373 9.4175912 9.4162288 9.4148502 9.4134556 9.4120449 9.4106183 9.4091761 9.4077182 9.406245 9.4047566 9.4032532 9.401735 9.4002024
9.4640505 9.4633721 9.4626819 9.46198 9.4612659 9.4605397 9.4598011 9.45905 9.4582862 9.4575095 9.4567197 9.4559168 9.4551005 9.4542706 9.4534271 9.4525697 9.4516982 9.4508126 9.4499126 9.4489981 9.4480689 9.4471249 9.4461659 9.4451918 9.4442024 9.4431976 9.4421772 9.4411412 9.4400893 9.4390215 9.4379377 9.4368376 9.4357212 9.4345885 9.4334392 9.4322734 9.4310909 9.4298916 9.4286755 9.4274426 9.4261927 9.4249258 9.423642 9.4223412 9.4210233 9.4196885 9.4183366 9.4169678 9.4155822 9.4141796 9.4127603 9.4113244 9.4098719 9.4084029 9.4069177 9.4054164 9.4038992 9.4023663 9.4008179 9.3992543
9.4639994 9.4633164 9.4626214 9.4619144 9.4611951 9.4604634 9.4597191 9.4589621 9.4581921 9.457409 9.4566126 9.4558027 9.4549791 9.4541418 9.4532905 9.452425 9.4515451 9.4506508 9.4497418 9.4488179 9.4478791 9.446925 9.4459556 9.4449708 9.4439702 9.4429539 9.4419216 9.4408733 9.4398086 9.4387276 9.4376301 9.436516 9.4353851 9.4342373 9.4330725 9.4318907 9.4306916 9.4294753 9.4282417 9.4269906 9.425722 9.4244359 9.4231323 9.421811 9.4204721 9.4191156 9.4177415 9.4163498 9.4149405 9.4135137 9.4120695 9.4106079 9.4091291 9.4076331 9.4061202 9.4045904 9.403044 9.4014811 9.399902 9.3983069
9.4639545 9.4632669 9.4625672 9.4618553 9.4611308 9.4603937 9.4596438 9.4588809 9.4581048 9.4573154 9.4565123 9.4556956 9.4548649 9.4540202 9.4531611 9.4522876 9.4513994 9.4504965 9.4495785 9.4486453 9.4476968 9.4467328 9.445753 9.4447574 9.4437458 9.4427179 9.4416737 9.440613 9.4395356 9.4384414 9.4373303 9.436202 9.4350565 9.4338937 9.4327133 9.4315154 9.4302998 9.4290663 9.427815 9.4265457 9.4252583 9.4239528 9.4226292 9.4212873 9.4199272 9.4185488 9.4171522 9.4157373 9.4143042 9.4128529 9.4113835 9.409896 9.4083905 9.4068671 9.4053261 9.4037674 9.4021913 9.400598 9.3989877 9.3973606
9.463916 9.4632239 9.4625196 9.4618027 9.4610732 9.4603308 9.4595754 9.4588067 9.4580246 9.4572288 9.4564193 9.4555958 9.454758 9.4539059 9.4530392 9.4521577 9.4512613 9.4503498 9.4494229 9.4484805 9.4475224 9.4465484 9.4455583 9.444552 9.4435293 9.44249 9.4414339 9.4403608 9.4392707 9.4381633 9.4370384 9.435896 9.4347359 9.433558 9.432362 9.431148 9.4299157 9.428665 9.4273959 9.4261082 9.4248019 9.4234769 9.4221332 9.4207705 9.419389 9.4179886 9.4165693 9.415131 9.4136738 9.4121977 9.4107028 9.409189 9.4076565 9.4061055 9.4045359 9.4029479 9.4013417 9.3997175 9.3980755 9.3964158
9.4638838 9.4631874 9.4624785 9.4617569 9.4610223 9.4602748 9.4595139 9.4587395 9.4579515 9.4571496 9.4563336 9.4555033 9.4546586 9.4537992 9.452925 9.4520356 9.451131 9.450211 9.4492752 9.4483236 9.447356 9.4463721 9.4453718 9.4443548 9.443321 9.4422702 9.4412022 9.4401169 9.439014 9.4378934 9.4367549 9.4355984 9.4344236 9.4332305 9.4320189 9.4307887 9.4295397 9.4282717 9.4269848 9.4256787 9.4243533 9.4230087 9.4216446 9.4202611 9.418858 9.4174354 9.4159931 9.4145312 9.4130497 9.4115486 9.4100278 9.4084875 9.4069277 9.4053486 9.4037501 9.4021324 9.4004957 9.3988401 9.3971659 9.3954732
9.4638582 9.4631575 9.4624442 9.4617179 9.4609785 9.4602258 9.4594595 9.4586796 9.4578857 9.4570777 9.4562554 9.4554185 9.4545669 9.4537003 9.4528186 9.4519214 9.4510087 9.4500802 9.4491357 9.448175 9.4471979 9.4462042 9.4451936 9.4441661 9.4431213 9.4420591 9.4409792 9.4398816 9.438766 9.4376322 9.43648 9.4353094 9.43412 9.4329117 9.4316844 9.430438 9.4291721 9.4278869 9.426582 9.4252574 9.4239129 9.4225485 9.421164 9.4197594 9.4183347 9.4168896 9.4154242 9.4139385 9.4124324 9.410906 9.4093592 9.407792 9.4062046 9.404597 9.4029692 9.4013214 9.3996538 9.3979664 9.3962595 9.3945332
9.4638393 9.4631345 9.4624167 9.4616859 9.4609417 9.460184 9.4594125 9.4586271 9.4578275 9.4570135 9.4561849 9.4553415 9.4544831 9.4536094 9.4527203 9.4518154 9.4508947 9.4499578 9.4490047 9.4480349 9.4470484 9.4460449 9.4450242 9.443986 9.4429303 9.4418567 9.4407651 9.4396552 9.4385269 9.4373799 9.4362141 9.4350293 9.4338253 9.4326019 9.4313589 9.4300961 9.4288135 9.4275108 9.426188 9.4248448 9.4234811 9.4220968 9.4206918 9.419266 9.4178194 9.4163517 9.4148631 9.4133533 9.4118224 9.4102704 9.4086973 9.407103 9.4054876 9.4038512 9.4021938 9.4005156 9.3988165 9.3970969 9.3953568 9.3935964
9.4638272 9.4631183 9.4623963 9.461661 9.4609121 9.4601495 9.4593729 9.4585821 9.4577769 9.456957 9.4561223 9.4552725 9.4544073 9.4535267 9.4526302 9.4517178 9.4507891 9.449844 9.4488822 9.4479035 9.4469076 9.4458944 9.4448636 9.443815 9.4427484 9.4416635 9.4405601 9.4394381 9.4382971 9.437137 9.4359576 9.4347586 9.43354 9.4323014 9.4310427 9.4297637 9.4284642 9.4271441 9.4258031 9.4244413 9.4230583 9.421654 9.4202284 9.4187813 9.4173126 9.4158223 9.4143101 9.4127761 9.4112203 9.4096425 9.4080427 9.406421 9.4047774 9.4031119 9.4014245 9.3997153 9.3979845 9.3962322 9.3944584 9.3926634
9.463822 9.4631092 9.4623831 9.4616434 9.46089 9.4601225 9.4593409 9.4585449 9.4577341 9.4569085 9.4560677 9.4552116 9.4543399 9.4534523 9.4525487 9.4516287 9.4506922 9.4497389 9.4487686 9.447781 9.446776 9.4457531 9.4447123 9.4436533 9.4425759 9.4414797 9.4403647 9.4392304 9.4380769 9.4369037 9.4357107 9.4344976 9.4332643 9.4320106 9.4307361 9.4294409 9.4281245 9.4267869 9.4254279 9.4240473 9.4226449 9.4212207 9.4197743 9.4183058 9.416815 9.4153017 9.4137659 9.4122075 9.4106264 9.4090226 9.407396 9.4057466 9.4040744 9.4023795 9.4006617 9.3989213 9.3971583 9.3953728 9.393565 9.3917349
9.4638238 9.4631072 9.4623771 9.4616332 9.4608753 9.4601032 9.4593167 9.4585155 9.4576994 9.4568681 9.4560214 9.4551591 9.4542809 9.4533865 9.4524758 9.4515484 9.4506042 9.4496429 9.4486642 9.4476678 9.4466536 9.4456213 9.4445705 9.4435012 9.442413 9.4413057 9.440179 9.4390327 9.4378665 9.4366803 9.4354738 9.4342467 9.4329988 9.4317299 9.4304397 9.4291282 9.427795 9.4264399 9.4250627 9.4236634 9.4222416 9.4207972 9.41933 9.41784 9.4163269 9.4147906 9.413231 9.411648 9.4100415 9.4084114 9.4067577 9.4050804 9.4033794 9.4016546 9.3999062 9.3981342 9.3963386 9.3945195 9.3926771 9.3908114
