Cobbity3/QGIS/OpenEM_con.asc
NCOLS 600
NROWS 430
XLLCORNER 150.661
YLLCORNER -34.0279
CELLSIZE 1e-05
NODATA_VALUE -9999
[rows 286 to 311 of 430, columns 540 to 599 of 600]
9.5433702 9.5433116 9.5432532 9.543195 9.5431368 9.5430789 9.543021 9.5429634 9.5429058 9.5428484 9.5427912 9.5427341 9.5426772 9.5426204 9.5425638 9.5425073 9.542451 9.5423948 9.5423388 9.5422829 9.5422272 9.5421716 9.5421162 9.5420609 9.5420058 9.5419509 9.5418961 9.5418414 9.5417869 9.5417326 9.5416784 9.5416244 9.5415705 9.5415167 9.5414632 9.5414098 9.5413565 9.5413034 9.5412504 9.5411976 9.541145 9.5410925 9.5410401 9.5409879 9.5409359 9.540884 9.5408323 9.5407807 9.5407293 9.540678 9.5406269 9.5405759 9.5405251 9.5404744 9.5404239 9.5403736 9.5403233 9.5402733 9.5402234 9.5401736
9.54318 9.5431227 9.5430656 9.5430085 9.5429516 9.5428949 9.5428383 9.5427818 9.5427254 9.5426692 9.5426131 9.5425572 9.5425014 9.5424457 9.5423902 9.5423348 9.5422796 9.5422245 9.5421696 9.5421148 9.5420601 9.5420056 9.5419512 9.5418969 9.5418429 9.5417889 9.5417351 9.5416815 9.5416279 9.5415746 9.5415213 9.5414683 9.5414153 9.5413626 9.5413099 9.5412574 9.5412051 9.5411529 9.5411008 9.5410489 9.5409971 9.5409455 9.540894 9.5408427 9.5407915 9.5407405 9.5406896 9.5406389 9.5405883 9.5405378 9.5404875 9.5404373 9.5403873 9.5403374 9.5402877 9.5402381 9.5401887 9.5401394 9.5400902 9.5400412
9.5429892 9.5429332 9.5428773 9.5428215 9.5427658 9.5427103 9.5426548 9.5425995 9.5425444 9.5424893 9.5424344 9.5423796 9.542325 9.5422705 9.5422161 9.5421618 9.5421077 9.5420536 9.5419998 9.541946 9.5418924 9.541839 9.5417856 9.5417324 9.5416794 9.5416264 9.5415736 9.541521 9.5414684 9.541416 9.5413638 9.5413117 9.5412597 9.5412078 9.5411561 9.5411046 9.5410531 9.5410018 9.5409507 9.5408997 9.5408488 9.5407981 9.5407475 9.540697 9.5406467 9.5405965 9.5405464 9.5404965 9.5404467 9.5403971 9.5403476 9.5402983 9.540249 9.5402 9.540151 9.5401022 9.5400535 9.540005 9.5399566 9.5399084
9.5427977 9.542743 9.5426883 9.5426338 9.5425793 9.542525 9.5424708 9.5424167 9.5423627 9.5423089 9.5422551 9.5422015 9.542148 9.5420946 9.5420413 9.5419882 9.5419351 9.5418822 9.5418294 9.5417768 9.5417242 9.5416718 9.5416195 9.5415673 9.5415153 9.5414634 9.5414116 9.5413599 9.5413084 9.541257 9.5412057 9.5411545 9.5411035 9.5410526 9.5410019 9.5409512 9.5409007 9.5408503 9.5408001 9.54075 9.5407 9.5406501 9.5406004 9.5405508 9.5405013 9.540452 9.5404028 9.5403537 9.5403048 9.540256 9.5402073 9.5401587 9.5401103 9.540062 9.5400139 9.5399659 9.539918 9.5398702 9.5398226 9.5397751
9.5426057 9.5425522 9.5424988 9.5424455 9.5423923 9.5423392 9.5422862 9.5422333 9.5421805 9.5421278 9.5420753 9.5420228 9.5419704 9.5419182 9.541866 9.541814 9.5417621 9.5417102 9.5416585 9.541607 9.5415555 9.5415041 9.5414529 9.5414017 9.5413507 9.5412998 9.541249 9.5411984 9.5411478 9.5410974 9.5410471 9.5409969 9.5409468 9.5408969 9.5408471 9.5407974 9.5407478 9.5406983 9.540649 9.5405998 9.5405507 9.5405017 9.5404528 9.5404041 9.5403555 9.540307 9.5402587 9.5402104 9.5401623 9.5401144 9.5400665 9.5400188 9.5399712 9.5399237 9.5398763 9.5398291 9.539782 9.539735 9.5396881 9.5396414
9.542413 9.5423608 9.5423086 9.5422566 9.5422046 9.5421528 9.542101 9.5420493 9.5419977 9.5419462 9.5418948 9.5418435 9.5417923 9.5417412 9.5416902 9.5416393 9.5415884 9.5415377 9.5414871 9.5414366 9.5413862 9.5413359 9.5412857 9.5412356 9.5411856 9.5411357 9.541086 9.5410363 9.5409868 9.5409373 9.540888 9.5408388 9.5407897 9.5407407 9.5406918 9.540643 9.5405944 9.5405458 9.5404974 9.5404491 9.5404009 9.5403528 9.5403048 9.540257 9.5402092 9.5401616 9.5401141 9.5400667 9.5400195 9.5399723 9.5399253 9.5398784 9.5398316 9.5397849 9.5397383 9.5396919 9.5396455 9.5395993 9.5395532 9.5395073
9.5422197 9.5421688 9.5421179 9.5420671 9.5420164 9.5419658 9.5419152 9.5418648 9.5418144 9.5417641 9.5417138 9.5416637 9.5416136 9.5415637 9.5415138 9.541464 9.5414143 9.5413647 9.5413151 9.5412657 9.5412164 9.5411671 9.541118 9.541069 9.54102 9.5409712 9.5409224 9.5408738 9.5408252 9.5407768 9.5407284 9.5406802 9.540632 9.540584 9.5405361 9.5404882 9.5404405 9.5403929 9.5403454 9.540298 9.5402507 9.5402035 9.5401564 9.5401094 9.5400625 9.5400158 9.5399691 9.5399226 9.5398762 9.5398298 9.5397836 9.5397375 9.5396915 9.5396457 9.5395999 9.5395542 9.5395087 9.5394633 9.5394179 9.5393727
9.5420259 9.5419762 9.5419266 9.5418771 9.5418276 9.5417782 9.5417289 9.5416796 9.5416305 9.5415813 9.5415323 9.5414833 9.5414344 9.5413856 9.5413368 9.5412882 9.5412396 9.5411911 9.5411427 9.5410943 9.5410461 9.5409979 9.5409498 9.5409018 9.5408539 9.5408061 9.5407584 9.5407107 9.5406632 9.5406157 9.5405683 9.5405211 9.5404739 9.5404268 9.5403798 9.5403329 9.5402861 9.5402395 9.5401929 9.5401464 9.5401 9.5400537 9.5400075 9.5399614 9.5399154 9.5398695 9.5398237 9.539778 9.5397324 9.5396869 9.5396415 9.5395963 9.5395511 9.539506 9.539461 9.5394162 9.5393714 9.5393268 9.5392822 9.5392378
9.5418314 9.5417831 9.5417348 9.5416865 9.5416383 9.5415901 9.541542 9.541494 9.541446 9.5413981 9.5413502 9.5413024 9.5412547 9.541207 9.5411594 9.5411119 9.5410644 9.541017 9.5409697 9.5409224 9.5408752 9.5408281 9.5407811 9.5407342 9.5406873 9.5406405 9.5405938 9.5405472 9.5405006 9.5404542 9.5404078 9.5403615 9.5403153 9.5402692 9.5402231 9.5401772 9.5401313 9.5400856 9.5400399 9.5399943 9.5399488 9.5399034 9.5398581 9.5398129 9.5397678 9.5397227 9.5396778 9.539633 9.5395882 9.5395436 9.539499 9.5394546 9.5394102 9.539366 9.5393218 9.5392777 9.5392338 9.5391899 9.5391461 9.5391025
9.5416365 9.5415894 9.5415424 9.5414954 9.5414484 9.5414015 9.5413546 9.5413078 9.541261 9.5412143 9.5411676 9.541121 9.5410744 9.5410279 9.5409814 9.540935 9.5408887 9.5408424 9.5407962 9.54075 9.5407039 9.5406579 9.5406119 9.540566 9.5405202 9.5404745 9.5404288 9.5403832 9.5403376 9.5402922 9.5402468 9.5402015 9.5401562 9.5401111 9.540066 9.540021 9.5399761 9.5399313 9.5398865 9.5398418 9.5397973 9.5397527 9.5397083 9.539664 9.5396198 9.5395756 9.5395315 9.5394875 9.5394436 9.5393998 9.5393561 9.5393125 9.5392689 9.5392255 9.5391821 9.5391389 9.5390957 9.5390526 9.5390096 9.5389667
9.541441 9.5413952 9.5413494 9.5413037 9.541258 9.5412123 9.5411667 9.5411211 9.5410755 9.54103 9.5409845 9.5409391 9.5408937 9.5408483 9.540803 9.5407577 9.5407125 9.5406673 9.5406222 9.5405771 9.5405321 9.5404872 9.5404423 9.5403974 9.5403527 9.540308 9.5402633 9.5402187 9.5401742 9.5401297 9.5400853 9.540041 9.5399967 9.5399525 9.5399084 9.5398644 9.5398204 9.5397765 9.5397327 9.5396889 9.5396452 9.5396016 9.5395581 9.5395147 9.5394713 9.539428 9.5393848 9.5393417 9.5392986 9.5392557 9.5392128 9.53917 9.5391273 9.5390846 9.5390421 9.5389996 9.5389572 9.5389149 9.5388727 9.5388306
9.5412449 9.5412004 9.541156 9.5411115 9.5410671 9.5410227 9.5409783 9.5409339 9.5408895 9.5408452 9.5408009 9.5407566 9.5407124 9.5406682 9.540624 9.5405799 9.5405358 9.5404918 9.5404478 9.5404038 9.5403599 9.540316 9.5402722 9.5402284 9.5401847 9.540141 9.5400974 9.5400538 9.5400103 9.5399668 9.5399234 9.5398801 9.5398368 9.5397936 9.5397504 9.5397073 9.5396643 9.5396213 9.5395784 9.5395356 9.5394928 9.5394501 9.5394075 9.5393649 9.5393225 9.53928 9.5392377 9.5391954 9.5391532 9.5391111 9.5390691 9.5390271 9.5389852 9.5389434 9.5389016 9.53886 9.5388184 9.5387769 9.5387355 9.5386941
9.5410484 9.5410052 9.540962 9.5409188 9.5408757 9.5408325 9.5407893 9.5407462 9.5407031 9.5406599 9.5406168 9.5405737 9.5405307 9.5404876 9.5404446 9.5404016 9.5403587 9.5403157 9.5402728 9.54023 9.5401871 9.5401443 9.5401016 9.5400589 9.5400162 9.5399736 9.539931 9.5398884 9.5398459 9.5398035 9.5397611 9.5397187 9.5396764 9.5396342 9.539592 9.5395498 9.5395077 9.5394657 9.5394237 9.5393818 9.53934 9.5392982 9.5392565 9.5392148 9.5391732 9.5391317 9.5390902 9.5390488 9.5390074 9.5389662 9.538925 9.5388838 9.5388428 9.5388018 9.5387608 9.53872 9.5386792 9.5386385 9.5385978 9.5385573
9.5408513 9.5408095 9.5407676 9.5407257 9.5406838 9.5406418 9.5405999 9.540558 9.5405161 9.5404742 9.5404323 9.5403904 9.5403485 9.5403066 9.5402647 9.5402229 9.5401811 9.5401393 9.5400975 9.5400557 9.540014 9.5399723 9.5399306 9.5398889 9.5398473 9.5398057 9.5397641 9.5397226 9.5396811 9.5396397 9.5395983 9.5395569 9.5395156 9.5394743 9.5394331 9.5393919 9.5393508 9.5393097 9.5392687 9.5392277 9.5391867 9.5391459 9.539105 9.5390643 9.5390235 9.5389829 9.5389423 9.5389017 9.5388613 9.5388208 9.5387805 9.5387402 9.5386999 9.5386597 9.5386196 9.5385796 9.5385396 9.5384997 9.5384598 9.5384201
9.5406538 9.5406132 9.5405726 9.540532 9.5404914 9.5404507 9.54041 9.5403694 9.5403287 9.540288 9.5402473 9.5402065 9.5401658 9.5401251 9.5400844 9.5400437 9.540003 9.5399623 9.5399217 9.539881 9.5398404 9.5397997 9.5397591 9.5397185 9.539678 9.5396374 9.5395969 9.5395564 9.5395159 9.5394755 9.5394351 9.5393947 9.5393544 9.5393141 9.5392738 9.5392336 9.5391934 9.5391533 9.5391132 9.5390731 9.5390331 9.5389931 9.5389532 9.5389133 9.5388735 9.5388337 9.538794 9.5387543 9.5387147 9.5386751 9.5386356 9.5385961 9.5385567 9.5385174 9.5384781 9.5384388 9.5383997 9.5383605 9.5383215 9.5382825
9.5404558 9.5404166 9.5403772 9.5403379 9.5402985 9.5402591 9.5402197 9.5401803 9.5401408 9.5401013 9.5400618 9.5400223 9.5399827 9.5399432 9.5399036 9.5398641 9.5398245 9.539785 9.5397454 9.5397059 9.5396663 9.5396268 9.5395872 9.5395477 9.5395082 9.5394687 9.5394292 9.5393898 9.5393503 9.5393109 9.5392715 9.5392321 9.5391928 9.5391535 9.5391142 9.5390749 9.5390357 9.5389965 9.5389573 9.5389182 9.5388791 9.53884 9.538801 9.538762 9.5387231 9.5386842 9.5386453 9.5386065 9.5385678 9.538529 9.5384904 9.5384517 9.5384132 9.5383746 9.5383362 9.5382977 9.5382593 9.538221 9.5381828 9.5381445
9.5402574 9.5402194 9.5401814 9.5401433 9.5401052 9.5400671 9.5400289 9.5399907 9.5399525 9.5399142 9.5398759 9.5398376 9.5397992 9.5397608 9.5397224 9.539684 9.5396456 9.5396072 9.5395688 9.5395303 9.5394919 9.5394534 9.539415 9.5393765 9.5393381 9.5392996 9.5392612 9.5392227 9.5391843 9.5391459 9.5391075 9.5390692 9.5390308 9.5389925 9.5389541 9.5389158 9.5388776 9.5388393 9.5388011 9.5387629 9.5387247 9.5386865 9.5386484 9.5386104 9.5385723 9.5385343 9.5384963 9.5384584 9.5384205 9.5383826 9.5383448 9.538307 9.5382692 9.5382315 9.5381939 9.5381563 9.5381187 9.5380812 9.5380437 9.5380063
9.5400585 9.5400218 9.5399851 9.5399483 9.5399115 9.5398746 9.5398377 9.5398007 9.5397637 9.5397267 9.5396896 9.5396524 9.5396152 9.5395781 9.5395408 9.5395036 9.5394663 9.539429 9.5393917 9.5393543 9.539317 9.5392796 9.5392423 9.5392049 9.5391675 9.5391301 9.5390927 9.5390553 9.5390179 9.5389805 9.5389432 9.5389058 9.5388684 9.538831 9.5387937 9.5387564 9.538719 9.5386817 9.5386444 9.5386072 9.5385699 9.5385327 9.5384955 9.5384583 9.5384212 9.538384 9.5383469 9.5383099 9.5382728 9.5382358 9.5381988 9.5381619 9.538125 9.5380881 9.5380513 9.5380145 9.5379777 9.537941 9.5379043 9.5378677
9.5398592 9.5398238 9.5397884 9.5397529 9.5397174 9.5396817 9.5396461 9.5396103 9.5395745 9.5395387 9.5395028 9.5394669 9.5394309 9.5393949 9.5393588 9.5393227 9.5392866 9.5392504 9.5392142 9.539178 9.5391417 9.5391055 9.5390692 9.5390329 9.5389965 9.5389602 9.5389239 9.5388875 9.5388511 9.5388148 9.5387784 9.538742 9.5387056 9.5386693 9.5386329 9.5385965 9.5385602 9.5385238 9.5384875 9.5384511 9.5384148 9.5383785 9.5383422 9.5383059 9.5382697 9.5382334 9.5381972 9.538161 9.5381248 9.5380887 9.5380525 9.5380164 9.5379804 9.5379443 9.5379083 9.5378723 9.5378364 9.5378005 9.5377646 9.5377287
9.5396594 9.5396254 9.5395913 9.5395571 9.5395228 9.5394885 9.539454 9.5394195 9.539385 9.5393504 9.5393157 9.5392809 9.5392461 9.5392113 9.5391764 9.5391414 9.5391064 9.5390714 9.5390363 9.5390012 9.5389661 9.5389309 9.5388957 9.5388605 9.5388252 9.5387899 9.5387546 9.5387193 9.538684 9.5386486 9.5386133 9.5385779 9.5385425 9.5385071 9.5384717 9.5384363 9.5384009 9.5383655 9.5383301 9.5382947 9.5382593 9.5382239 9.5381885 9.5381532 9.5381178 9.5380824 9.5380471 9.5380118 9.5379765 9.5379412 9.5379059 9.5378707 9.5378354 9.5378002 9.537765 9.5377299 9.5376947 9.5376596 9.5376245 9.5375895
9.5394593 9.5394266 9.5393937 9.5393608 9.5393278 9.5392948 9.5392616 9.5392283 9.539195 9.5391616 9.5391281 9.5390946 9.539061 9.5390273 9.5389936 9.5389598 9.5389259 9.538892 9.5388581 9.5388241 9.5387901 9.538756 9.5387219 9.5386877 9.5386535 9.5386193 9.5385851 9.5385508 9.5385165 9.5384821 9.5384478 9.5384134 9.538379 9.5383446 9.5383102 9.5382758 9.5382413 9.5382069 9.5381724 9.538138 9.5381035 9.538069 9.5380345 9.5380001 9.5379656 9.5379312 9.5378967 9.5378622 9.5378278 9.5377934 9.537759 9.5377245 9.5376902 9.5376558 9.5376214 9.5375871 9.5375527 9.5375184 9.5374842 9.5374499
9.5392587 9.5392273 9.5391958 9.5391642 9.5391325 9.5391007 9.5390688 9.5390368 9.5390047 9.5389725 9.5389402 9.5389079 9.5388755 9.538843 9.5388104 9.5387778 9.5387451 9.5387123 9.5386795 9.5386466 9.5386137 9.5385807 9.5385477 9.5385146 9.5384815 9.5384483 9.5384151 9.5383819 9.5383486 9.5383153 9.538282 9.5382486 9.5382152 9.5381818 9.5381483 9.5381149 9.5380814 9.5380479 9.5380144 9.5379809 9.5379473 9.5379138 9.5378802 9.5378467 9.5378131 9.5377795 9.537746 9.5377124 9.5376788 9.5376452 9.5376117 9.5375781 9.5375446 9.537511 9.5374775 9.537444 9.5374105 9.537377 9.5373435 9.53731
9.5390578 9.5390277 9.5389975 9.5389672 9.5389368 9.5389062 9.5388756 9.5388448 9.538814 9.538783 9.538752 9.5387208 9.5386896 9.5386583 9.5386269 9.5385954 9.5385638 9.5385322 9.5385005 9.5384688 9.538437 9.5384051 9.5383731 9.5383411 9.5383091 9.538277 9.5382448 9.5382126 9.5381804 9.5381481 9.5381158 9.5380834 9.538051 9.5380186 9.5379861 9.5379536 9.5379211 9.5378886 9.537856 9.5378234 9.5377908 9.5377582 9.5377256 9.5376929 9.5376603 9.5376276 9.5375949 9.5375622 9.5375295 9.5374968 9.5374641 9.5374314 9.5373987 9.537366 9.5373333 9.5373006 9.5372679 9.5372352 9.5372025 9.5371698
9.5388566 9.5388278 9.5387989 9.5387699 9.5387407 9.5387114 9.538682 9.5386525 9.5386229 9.5385932 9.5385633 9.5385334 9.5385033 9.5384732 9.538443 9.5384127 9.5383823 9.5383518 9.5383212 9.5382906 9.5382599 9.5382291 9.5381982 9.5381673 9.5381363 9.5381053 9.5380742 9.538043 9.5380118 9.5379806 9.5379493 9.5379179 9.5378865 9.5378551 9.5378236 9.5377921 9.5377605 9.537729 9.5376973 9.5376657 9.537634 9.5376023 9.5375706 9.5375389 9.5375071 9.5374753 9.5374435 9.5374117 9.5373799 9.537348 9.5373162 9.5372843 9.5372525 9.5372206 9.5371887 9.5371569 9.537125 9.5370931 9.5370612 9.5370293
9.5386549 9.5386275 9.5385999 9.5385722 9.5385443 9.5385163 9.5384881 9.5384599 9.5384315 9.538403 9.5383744 9.5383456 9.5383168 9.5382878 9.5382588 9.5382296 9.5382004 9.538171 9.5381416 9.5381121 9.5380825 9.5380528 9.538023 9.5379932 9.5379633 9.5379333 9.5379033 9.5378731 9.537843 9.5378127 9.5377825 9.5377521 9.5377217 9.5376913 9.5376608 9.5376302 9.5375996 9.537569 9.5375384 9.5375077 9.5374769 9.5374461 9.5374153 9.5373845 9.5373536 9.5373228 9.5372919 9.5372609 9.53723 9.537199 9.537168 9.537137 9.537106 9.537075 9.5370439 9.5370129 9.5369818 9.5369507 9.5369197 9.5368886
9.538453 9.5384269 9.5384006 9.5383741 9.5383475 9.5383208 9.5382939 9.5382669 9.5382398 9.5382125 9.5381851 9.5381575 9.5381299 9.5381021 9.5380742 9.5380462 9.5380181 9.5379899 9.5379616 9.5379332 9.5379047 9.5378762 9.5378475 9.5378187 9.5377899 9.537761 9.537732 9.5377029 9.5376738 9.5376446 9.5376153 9.537586 9.5375566 9.5375271 9.5374976 9.5374681 9.5374384 9.5374088 9.5373791 9.5373493 9.5373195 9.5372897 9.5372598 9.5372299 9.5371999 9.5371699 9.5371399 9.5371098 9.5370798 9.5370497 9.5370195 9.5369894 9.5369592 9.536929 9.5368988 9.5368686 9.5368383 9.5368081 9.5367778 9.5367475
