Cobbity3/QGIS/OpenEM_con.asc
NCOLS 600
NROWS 430
XLLCORNER 150.661
YLLCORNER -34.0279
CELLSIZE 1e-05
NODATA_VALUE -9999
[rows 52 to 77 of 430, columns 60 to 119 of 600]
9.3879677 9.3860179 9.3840442 9.3820471 9.3800268 9.3779836 9.3759178 9.3738299 9.3717203 9.3695895 9.367438 9.3652663 9.3630752 9.3608653 9.3586373 9.356392 9.3541303 9.3518531 9.3495612 9.3472559 9.3449381 9.3426091 9.34027 9.3379221 9.3355669 9.3332057 9.3308401 9.3284717 9.3261021 9.323733 9.3213664 9.319004 9.3166479 9.3143 9.3119626 9.3096378 9.3073278 9.305035 9.3027618 9.3005106 9.2982841 9.2960847 9.2939151 9.2917781 9.2896764 9.2876127 9.2855898 9.2836107 9.2816783 9.2797953 9.2779647 9.2761894 9.2744724 9.2728165 9.2712245 9.2696994 9.2682438 9.2668606 9.2655524 9.2643218
9.3870187 9.38503 9.3830164 9.3809781 9.3789155 9.3768287 9.3747182 9.3725842 9.3704273 9.3682479 9.3660465 9.3638238 9.3615802 9.3593165 9.3570334 9.3547317 9.3524122 9.3500759 9.3477236 9.3453565 9.3429757 9.3405823 9.3381775 9.3357627 9.3333393 9.3309087 9.3284725 9.3260323 9.3235899 9.3211469 9.3187052 9.3162669 9.3138339 9.3114083 9.3089924 9.3065883 9.3041984 9.3018252 9.2994712 9.2971388 9.2948308 9.2925498 9.2902986 9.2880801 9.285897 9.2837524 9.2816491 9.2795902 9.2775786 9.2756176 9.27371 9.2718589 9.2700675 9.2683388 9.2666758 9.2650815 9.2635588 9.2621107 9.26074 9.2594496
9.3860763 9.3840482 9.381994 9.379914 9.3778083 9.3756772 9.3735211 9.3713403 9.3691353 9.3669064 9.3646541 9.3623791 9.360082 9.3577633 9.3554239 9.3530644 9.3506858 9.3482889 9.3458747 9.3434443 9.3409987 9.3385391 9.3360668 9.3335832 9.3310896 9.3285875 9.3260785 9.3235643 9.3210465 9.3185271 9.316008 9.313491 9.3109784 9.3084723 9.3059749 9.3034886 9.3010158 9.2985591 9.2961209 9.2937041 9.2913112 9.2889452 9.2866089 9.2843053 9.2820373 9.2798081 9.2776207 9.2754782 9.273384 9.271341 9.2693527 9.2674221 9.2655526 9.2637474 9.2620096 9.2603425 9.2587492 9.2572327 9.2557961 9.2544424
9.3851413 9.3830733 9.380978 9.3788555 9.3767061 9.37453 9.3723276 9.3700991 9.3678449 9.3655656 9.3632615 9.3609333 9.3585814 9.3562066 9.3538095 9.351391 9.3489518 9.3464929 9.3440152 9.3415197 9.3390076 9.3364801 9.3339385 9.331384 9.3288181 9.3262423 9.3236583 9.3210677 9.3184723 9.3158739 9.3132746 9.3106764 9.3080813 9.3054917 9.3029099 9.3003383 9.2977794 9.2952358 9.2927102 9.2902054 9.2877242 9.2852696 9.2828446 9.2804521 9.2780955 9.2757778 9.2735024 9.2712726 9.2690916 9.2669629 9.2648898 9.2628758 9.2609242 9.2590385 9.2572221 9.2554784 9.2538106 9.252222 9.2507159 9.2492954
9.3842145 9.382106 9.379969 9.3778034 9.3756097 9.3733879 9.3711383 9.3688613 9.3665572 9.3642265 9.3618696 9.359487 9.3570793 9.3546471 9.3521912 9.3497122 9.347211 9.3446885 9.3421457 9.3395836 9.3370033 9.334406 9.331793 9.3291657 9.3265254 9.3238738 9.3212124 9.318543 9.3158674 9.3131875 9.3105052 9.3078229 9.3051425 9.3024664 9.299797 9.2971369 9.2944886 9.2918548 9.2892382 9.2866419 9.2840687 9.2815217 9.279004 9.2765189 9.2740696 9.2716596 9.2692921 9.2669707 9.2646988 9.2624802 9.2603182 9.2582165 9.2561787 9.2542085 9.2523093 9.2504848 9.2487386 9.2470739 9.2454944 9.2440033
9.3832967 9.3811472 9.3789679 9.3767587 9.3745199 9.3722517 9.3699542 9.3676279 9.365273 9.36289 9.3604792 9.3580412 9.3555765 9.3530858 9.3505696 9.3480289 9.3454643 9.3428768 9.3402672 9.3376368 9.3349865 9.3323175 9.3296312 9.3269289 9.3242121 9.3214823 9.3187412 9.3159905 9.3132321 9.3104679 9.3077 9.3049306 9.3021618 9.2993962 9.296636 9.293884 9.2911428 9.2884152 9.2857041 9.2830125 9.2803434 9.2777001 9.2750858 9.2725039 9.2699579 9.2674511 9.2649873 9.26257 9.260203 9.25789 9.2556347 9.2534409 9.2513125 9.2492533 9.247267 9.2453575 9.2435284 9.2417835 9.2401264 9.2385607
9.3823887 9.3801978 9.3779756 9.3757222 9.3734377 9.3711223 9.3687763 9.3663998 9.3639932 9.3615569 9.3590913 9.3565968 9.354074 9.3515235 9.3489459 9.346342 9.3437125 9.3410584 9.3383805 9.33568 9.3329578 9.3302153 9.3274537 9.3246743 9.3218787 9.3190685 9.3162452 9.3134107 9.3105668 9.3077156 9.3048592 9.3019997 9.2991395 9.2962809 9.2934267 9.2905793 9.2877417 9.2849166 9.2821071 9.2793163 9.2765473 9.2738036 9.2710885 9.2684056 9.2657583 9.2631505 9.2605858 9.2580681 9.2556013 9.2531892 9.250836 9.2485455 9.2463218 9.2441689 9.2420908 9.2400916 9.2381752 9.2363456 9.2346066 9.2329619
9.3814916 9.3792587 9.3769931 9.3746949 9.372364 9.3700008 9.3676054 9.365178 9.3627188 9.3602283 9.3577069 9.3551548 9.3525728 9.3499613 9.3473209 9.3446525 9.3419567 9.3392344 9.3364865 9.3337142 9.3309184 9.3281003 9.3252613 9.3224028 9.3195261 9.316633 9.3137251 9.3108041 9.3078721 9.304931 9.301983 9.2990303 9.2960754 9.2931207 9.2901688 9.2872225 9.2842846 9.2813582 9.2784464 9.2755523 9.2726793 9.2698309 9.2670106 9.264222 9.261469 9.2587555 9.2560852 9.2534623 9.2508908 9.2483749 9.2459187 9.2435265 9.2412025 9.238951 9.2367763 9.2346826 9.232674 9.2307549 9.2289292 9.227201
9.3806061 9.3783308 9.3760213 9.3736776 9.3712999 9.3688882 9.3664426 9.3639635 9.3614509 9.3589053 9.356327 9.3537164 9.3510739 9.3484002 9.3456958 9.3429614 9.3401978 9.3374058 9.3345863 9.3317403 9.328869 9.3259734 9.323055 9.320115 9.317155 9.3141766 9.3111814 9.3081714 9.3051484 9.3021144 9.2990718 9.2960228 9.2929698 9.2899154 9.2868623 9.2838133 9.2807714 9.2777397 9.2747213 9.2717197 9.2687383 9.2657806 9.2628505 9.2599517 9.2570882 9.2542639 9.2514831 9.2487499 9.2460686 9.2434436 9.2408793 9.2383802 9.2359507 9.2335954 9.2313188 9.2291253 9.2270195 9.2250057 9.2230884 9.2212719
9.3797333 9.3774151 9.3750611 9.3726715 9.3702463 9.3677854 9.365289 9.3627573 9.3601905 9.3575889 9.3549528 9.3522825 9.3495785 9.3468413 9.3440716 9.3412699 9.338437 9.3355736 9.3326808 9.3297595 9.3268107 9.3238357 9.3208356 9.317812 9.3147663 9.3117001 9.3086151 9.3055132 9.3023963 9.2992665 9.2961261 9.2929774 9.2898229 9.2866652 9.2835072 9.2803516 9.2772016 9.2740604 9.2709313 9.2678177 9.2647232 9.2616517 9.2586069 9.2555929 9.2526137 9.2496737 9.246777 9.2439282 9.2411317 9.2383922 9.2357143 9.2331027 9.2305622 9.2280975 9.2257134 9.2234146 9.2212061 9.2190923 9.2170781 9.2151679
9.3788741 9.3765125 9.3741137 9.3716776 9.3692042 9.3666935 9.3641457 9.3615607 9.3589388 9.3562803 9.3535853 9.3508543 9.3480877 9.3452859 9.3424495 9.3395791 9.3366754 9.3337392 9.3307713 9.3277728 9.3247447 9.3216881 9.3186043 9.3154948 9.312361 9.3092044 9.3060269 9.3028303 9.2996165 9.2963878 9.2931464 9.2898946 9.286635 9.2833704 9.2801035 9.2768374 9.2735751 9.2703201 9.2670757 9.2638455 9.2606332 9.2574429 9.2542784 9.2511439 9.2480438 9.2449825 9.2419645 9.2389945 9.2360772 9.2332174 9.23042 9.2276901 9.2250326 9.2224526 9.2199551 9.2175453 9.2152281 9.2130086 9.2108918 9.2088825
9.3780295 9.3756243 9.3731801 9.370697 9.3681749 9.3656138 9.3630137 9.3603747 9.357697 9.3549806 9.3522259 9.3494332 9.3466028 9.3437351 9.3408308 9.3378902 9.3349143 9.3319035 9.328859 9.3257815 9.3226721 9.3195319 9.3163622 9.3131645 9.30994 9.3066906 9.3034178 9.3001236 9.29681 9.2934791 9.2901333 9.2867749 9.2834066 9.2800312 9.2766514 9.2732706 9.2698917 9.2665183 9.263154 9.2598023 9.2564673 9.253153 9.2498635 9.2466032 9.2433766 9.2401883 9.2370432 9.233946 9.2309017 9.2279156 9.2249926 9.2221381 9.2193574 9.2166558 9.2140388 9.2115116 9.2090797 9.2067483 9.2045228 9.2024084
9.3772007 9.3747513 9.3722614 9.3697308 9.3671595 9.3645474 9.3618944 9.3592007 9.3564662 9.3536912 9.3508758 9.3480203 9.345125 9.3421903 9.3392167 9.3362047 9.3331549 9.3300682 9.3269451 9.3237868 9.3205942 9.3173683 9.3141106 9.3108222 9.3075047 9.3041596 9.3007888 9.2973941 9.2939775 9.2905412 9.2870876 9.283619 9.2801382 9.2766479 9.2731513 9.2696513 9.2661513 9.2626549 9.2591657 9.2556876 9.2522246 9.2487809 9.2453609 9.241969 9.2386101 9.2352889 9.2320105 9.2287799 9.2256024 9.2224833 9.2194283 9.2164426 9.2135321 9.2107023 9.207959 9.2053078 9.2027545 9.2003047 9.1979641 9.1957382
9.3763888 9.3738949 9.3713588 9.3687802 9.3661592 9.3634954 9.360789 9.3580398 9.3552479 9.3524134 9.3495363 9.3466171 9.3436558 9.3406529 9.3376087 9.3345239 9.3313989 9.3282344 9.3250312 9.3217902 9.3185124 9.3151988 9.3118506 9.3084693 9.3050562 9.3016129 9.2981412 9.294643 9.2911202 9.2875751 9.2840101 9.2804276 9.2768304 9.2732212 9.2696033 9.2659797 9.262354 9.2587297 9.2551106 9.2515008 9.2479043 9.2443257 9.2407693 9.2372399 9.2337425 9.230282 9.2268638 9.2234933 9.2201758 9.2169171 9.213723 9.2105993 9.2075519 9.2045868 9.2017102 9.1989279 9.1962462 9.193671 9.1912084 9.1888643
9.3755947 9.373056 9.3704733 9.3678465 9.3651752 9.3624593 9.3596987 9.3568934 9.3540433 9.3511484 9.3482089 9.3452249 9.3421966 9.3391243 9.3360083 9.3328492 9.3296475 9.3264037 9.3231187 9.3197932 9.3164281 9.3130247 9.3095839 9.3061072 9.3025959 9.2990516 9.2954762 9.2918713 9.2882391 9.2845818 9.2809018 9.2772016 9.2734839 9.2697517 9.266008 9.2622563 9.2584999 9.2547427 9.2509885 9.2472414 9.2435058 9.2397863 9.2360874 9.2324142 9.2287719 9.2251656 9.2216008 9.2180833 9.2146188 9.2112133 9.2078728 9.2046036 9.2014119 9.198304 9.1952865 9.1923657 9.189548 9.18684 9.184248 9.1817783
9.3748198 9.372236 9.3696064 9.3669307 9.3642088 9.3614403 9.358625 9.3557629 9.3528539 9.3498979 9.346895 9.3438453 9.3407489 9.337606 9.334417 9.3311823 9.3279024 9.3245777 9.3212091 9.3177973 9.3143431 9.3108476 9.307312 9.3037374 9.3001253 9.2964774 9.2927951 9.2890805 9.2853356 9.2815626 9.2777639 9.2739419 9.2700997 9.26624 9.2623661 9.2584813 9.2545893 9.2506939 9.246799 9.2429091 9.2390284 9.2351618 9.2313142 9.2274906 9.2236965 9.2199373 9.2162189 9.2125471 9.2089281 9.2053681 9.2018736 9.198451 9.195107 9.1918484 9.1886819 9.1856145 9.182653 9.1798042 9.1770749 9.174472
9.3740651 9.371436 9.3687592 9.3660344 9.3632613 9.3604397 9.3575692 9.3546498 9.3516811 9.3486633 9.3455961 9.3424798 9.3393142 9.3360997 9.3328365 9.3295248 9.3261652 9.3227581 9.3193042 9.3158042 9.3122589 9.3086693 9.3050364 9.3013616 9.2976461 9.2938916 9.2900996 9.2862721 9.2824111 9.2785187 9.2745975 9.2706499 9.2666787 9.2626871 9.2586782 9.2546555 9.2506226 9.2465835 9.2425424 9.2385035 9.2344716 9.2304516 9.2264485 9.2224676 9.2185146 9.2145953 9.2107156 9.2068818 9.2031004 9.1993778 9.195721 9.1921367 9.1886321 9.1852142 9.1818903 9.1786678 9.1755538 9.1725557 9.1696807 9.1669362
9.3733321 9.3706573 9.367933 9.3651588 9.3623343 9.359459 9.3565329 9.3535554 9.3505266 9.3474461 9.3443139 9.34113 9.3378943 9.3346071 9.3312684 9.3278785 9.3244378 9.3209467 9.3174058 9.3138158 9.3101773 9.3064914 9.3027591 9.2989815 9.29516 9.2912961 9.2873914 9.2834477 9.2794671 9.2754517 9.271404 9.2673266 9.2632223 9.2590941 9.2549453 9.2507795 9.2466004 9.242412 9.2382186 9.2340247 9.2298351 9.2256549 9.2214893 9.2173439 9.2132246 9.2091373 9.2050884 9.2010845 9.1971323 9.1932386 9.1894108 9.185656 9.1819817 9.1783956 9.1749052 9.1715184 9.1682428 9.1650863 9.1620567 9.1591617
9.3726218 9.3699012 9.3671292 9.3643053 9.3614289 9.3584998 9.3555174 9.3524815 9.3493917 9.346248 9.34305 9.3397976 9.3364909 9.3331299 9.3297145 9.3262451 9.3227219 9.3191453 9.3155158 9.3118339 9.3081004 9.3043161 9.3004819 9.2965991 9.2926689 9.2886927 9.2846722 9.2806091 9.2765054 9.2723633 9.2681852 9.2639737 9.2597316 9.2554621 9.2511684 9.2468542 9.2425233 9.2381797 9.2338279 9.2294725 9.2251185 9.2207711 9.2164357 9.2121182 9.2078247 9.2035614 9.199335 9.1951523 9.1910204 9.1869467 9.1829386 9.1790039 9.1751505 9.1713865 9.1677199 9.164159 9.1607122 9.1573876 9.1541937 9.1511386
9.3719356 9.3691691 9.3663492 9.3634753 9.3605468 9.3575633 9.3545244 9.3514295 9.3482783 9.3450706 9.3418061 9.3384845 9.3351058 9.3316699 9.3281768 9.3246266 9.3210196 9.3173559 9.3136361 9.3098606 9.30603 9.3021452 9.2982069 9.2942164 9.2901748 9.2860835 9.281944 9.2777581 9.2735278 9.2692551 9.2649425 9.2605927 9.2562083 9.2517926 9.2473489 9.2428808 9.2383923 9.2338875 9.2293709 9.2248473 9.2203218 9.2157999 9.2112871 9.2067896 9.2023135 9.1978657 9.1934529 9.1890823 9.1847615 9.180498 9.1762999 9.1721754 9.1681328 9.1641806 9.1603275 9.1565822 9.1529536 9.1494506 9.146082 9.1428566
9.3712748 9.3684624 9.3655944 9.3626703 9.3596895 9.3566514 9.3535554 9.3504011 9.347188 9.3439158 9.340584 9.3371925 9.3337409 9.3302292 9.3266573 9.3230251 9.3193328 9.3155806 9.3117689 9.307898 9.3039684 9.2999809 9.2959363 9.2918356 9.2876799 9.2834706 9.279209 9.274897 9.2705364 9.2661293 9.2616781 9.2571855 9.2526541 9.2480872 9.2434881 9.2388605 9.2342084 9.2295361 9.2248481 9.2201493 9.2154451 9.210741 9.2060428 9.2013569 9.1966897 9.1920483 9.1874398 9.1828717 9.178352 9.1738888 9.1694903 9.1651654 9.1609227 9.1567714 9.1527207 9.14878 9.1449585 9.1412659 9.1377115 9.1343049
9.3706408 9.3677824 9.3648663 9.3618919 9.3588585 9.3557655 9.3526122 9.3493981 9.3461226 9.3427853 9.3393857 9.3359234 9.3323982 9.3288097 9.3251579 9.3214426 9.3176638 9.3138217 9.3099164 9.3059483 9.3019179 9.2978257 9.2936724 9.2894591 9.2851866 9.2808563 9.2764695 9.272028 9.2675334 9.262988 9.2583941 9.2537541 9.2490709 9.2443476 9.2395877 9.2347949 9.229973 9.2251267 9.2202604 9.2153792 9.2104886 9.2055943 9.2007024 9.1958193 9.1909519 9.1861075 9.1812935 9.1765178 9.1717888 9.167115 9.1625051 9.1579685 9.1535144 9.1491524 9.1448924 9.1407442 9.136718 9.1328238 9.1290718 9.1254721
9.3700351 9.3671305 9.3641663 9.3611415 9.3580554 9.3549073 9.3516965 9.3484222 9.345084 9.3416811 9.338213 9.3346794 9.3310797 9.3274136 9.3236809 9.3198813 9.3160148 9.3120813 9.308081 9.3040141 9.2998809 9.2956819 9.2914178 9.2870892 9.2826973 9.2782431 9.273728 9.2691535 9.2645214 9.2598337 9.2550926 9.2503007 9.2454608 9.240576 9.2356497 9.2306855 9.2256877 9.2206605 9.2156088 9.2105378 9.2054529 9.20036 9.1952656 9.1901762 9.1850991 9.1800416 9.1750118 9.1700179 9.1650685 9.1601727 9.1553398 9.1505795 9.1459017 9.1413166 9.1368346 9.1324664 9.1282226 9.1241141 9.1201518 9.1163464
9.3694589 9.3665084 9.363496 9.3604208 9.3572819 9.3540786 9.3508099 9.3474753 9.3440739 9.340605 9.337068 9.3334624 9.3297875 9.326043 9.3222285 9.3183436 9.3143882 9.310362 9.3062652 9.3020978 9.29786 9.2935522 9.2891749 9.2847288 9.2802148 9.2756339 9.2709872 9.2662763 9.2615029 9.2566689 9.2517764 9.246828 9.2418263 9.2367746 9.2316761 9.2265345 9.2213541 9.2161392 9.2108948 9.205626 9.2003386 9.1950385 9.1897324 9.1844272 9.1791303 9.1738494 9.1685928 9.1633693 9.1581879 9.153058 9.1479896 9.1429929 9.1380784 9.1332569 9.1285396 9.1239377 9.1194628 9.1151262 9.1109398 9.106915
9.3689138 9.3659174 9.3628569 9.3597313 9.3565396 9.353281 9.3499545 9.3465592 9.3430943 9.3395591 9.3359528 9.3322746 9.328524 9.3247003 9.3208031 9.3168319 9.3127864 9.3086663 9.3044715 9.300202 9.2958578 9.2914393 9.2869467 9.2823807 9.2777419 9.2730313 9.26825 9.2633993 9.2584809 9.2534965 9.2484482 9.2433385 9.2381701 9.2329459 9.2276693 9.2223441 9.2169744 9.2115647 9.2061198 9.2006453 9.1951467 9.1896304 9.1841032 9.178572 9.1730448 9.1675294 9.1620347 9.1565696 9.1511437 9.145767 9.1404499 9.1352033 9.1300382 9.1249662 9.1199992 9.1151491 9.1104282 9.1058489 9.1014236 9.0971648
9.3684012 9.3653592 9.3622507 9.3590748 9.3558304 9.3525164 9.3491319 9.3456759 9.3421474 9.3385455 9.3348694 9.3311183 9.3272913 9.3233878 9.3194071 9.3153487 9.3112121 9.3069968 9.3027027 9.2983296 9.2938774 9.2893461 9.2847361 9.2800478 9.2752817 9.2704386 9.2655195 9.2605256 9.2554584 9.2503196 9.2451111 9.2398354 9.2344949 9.2290928 9.2236322 9.2181169 9.212551 9.206939 9.2012859 9.1955971 9.1898786 9.1841366 9.1783782 9.1726107 9.1668421 9.1610807 9.1553357 9.1496165 9.143933 9.1382959 9.1327161 9.1272051 9.1217746 9.116437 9.1112048 9.1060909 9.1011084 9.0962704 9.0915905 9.0870819
