Cobbity3/QGIS/S10_run1.asc
NCOLS 800
NROWS 450
XLLCORNER 150.66
YLLCORNER -34.028
CELLSIZE 1e-05
NODATA_VALUE -9999
[rows 260 to 285 of 450, columns 720 to 779 of 800]
8.9631041 8.9624864 8.9618714 8.9612592 8.9606497 8.9600429 8.9594389 8.9588375 8.9582388 8.9576428 8.9570495 8.9564587 8.9558707 8.9552852 8.9547024 8.9541221 8.9535444 8.9529694 8.9523968 8.9518268 8.9512594 8.9506945 8.9501321 8.9495722 8.9490148 8.9484599 8.9479074 8.9473574 8.9468099 8.9462648 8.9457221 8.9451818 8.9446439 8.9441085 8.9435754 8.9430446 8.9425163 8.9419902 8.9414666 8.9409452 8.9404262 8.9399094 8.939395 8.9388828 8.9383729 8.9378653 8.9373599 8.9368568 8.9363559 8.9358572 8.9353607 8.9348665 8.9343744 8.9338845 8.9333968 8.9329112 8.9324278 8.9319465 8.9314674 8.9309904
8.9639729 8.9633538 8.9627374 8.9621238 8.9615129 8.9609047 8.9602992 8.9596964 8.9590963 8.9584989 8.9579041 8.9573119 8.9567224 8.9561355 8.9555513 8.9549696 8.9543905 8.9538139 8.95324 8.9526686 8.9520997 8.9515333 8.9509695 8.9504082 8.9498493 8.949293 8.9487391 8.9481876 8.9476387 8.9470921 8.946548 8.9460063 8.9454669 8.94493 8.9443955 8.9438633 8.9433335 8.942806 8.9422809 8.9417581 8.9412376 8.9407194 8.9402036 8.93969 8.9391786 8.9386696 8.9381627 8.9376582 8.9371558 8.9366557 8.9361578 8.9356621 8.9351686 8.9346773 8.9341881 8.9337011 8.9332163 8.9327336 8.932253 8.9317746
8.9648373 8.9642168 8.963599 8.962984 8.9623717 8.9617621 8.9611552 8.960551 8.9599495 8.9593506 8.9587545 8.9581609 8.95757 8.9569817 8.956396 8.9558129 8.9552324 8.9546544 8.9540791 8.9535062 8.9529359 8.9523682 8.9518029 8.9512402 8.9506799 8.9501221 8.9495668 8.949014 8.9484636 8.9479156 8.94737 8.9468269 8.9462862 8.9457478 8.9452119 8.9446783 8.944147 8.9436182 8.9430916 8.9425674 8.9420455 8.9415259 8.9410086 8.9404935 8.9399808 8.9394703 8.9389621 8.9384561 8.9379523 8.9374508 8.9369515 8.9364543 8.9359594 8.9354667 8.9349761 8.9344877 8.9340014 8.9335173 8.9330353 8.9325554
8.9656973 8.9650754 8.9644562 8.9638398 8.9632261 8.9626151 8.9620069 8.9614013 8.9607984 8.9601982 8.9596006 8.9590057 8.9584134 8.9578237 8.9572366 8.9566521 8.9560702 8.9554909 8.9549141 8.9543399 8.9537682 8.953199 8.9526324 8.9520682 8.9515066 8.9509474 8.9503907 8.9498364 8.9492846 8.9487352 8.9481883 8.9476438 8.9471016 8.9465619 8.9460245 8.9454895 8.9449569 8.9444266 8.9438986 8.943373 8.9428497 8.9423287 8.94181 8.9412936 8.9407794 8.9402675 8.9397579 8.9392505 8.9387453 8.9382424 8.9377417 8.9372432 8.9367468 8.9362527 8.9357607 8.9352709 8.9347832 8.9342977 8.9338143 8.9333331
8.9665527 8.9659295 8.965309 8.9646912 8.9640762 8.9634639 8.9628542 8.9622473 8.9616431 8.9610415 8.9604425 8.9598462 8.9592526 8.9586615 8.9580731 8.9574872 8.9569039 8.9563232 8.9557451 8.9551695 8.9545964 8.9540259 8.9534579 8.9528923 8.9523293 8.9517687 8.9512107 8.950655 8.9501018 8.9495511 8.9490028 8.9484568 8.9479133 8.9473722 8.9468334 8.9462971 8.945763 8.9452314 8.944702 8.944175 8.9436503 8.9431279 8.9426079 8.94209 8.9415745 8.9410612 8.9405502 8.9400414 8.9395349 8.9390306 8.9385285 8.9380286 8.9375308 8.9370353 8.936542 8.9360508 8.9355617 8.9350748 8.9345901 8.9341074
8.9674037 8.9667792 8.9661574 8.9655383 8.9649219 8.9643082 8.9636973 8.963089 8.9624834 8.9618805 8.9612802 8.9606826 8.9600876 8.9594952 8.9589054 8.9583182 8.9577336 8.9571515 8.956572 8.9559951 8.9554206 8.9548488 8.9542794 8.9537125 8.9531481 8.9525862 8.9520267 8.9514698 8.9509152 8.9503631 8.9498134 8.9492661 8.9487212 8.9481788 8.9476386 8.9471009 8.9465655 8.9460325 8.9455018 8.9449734 8.9444474 8.9439236 8.9434021 8.942883 8.9423661 8.9418514 8.941339 8.9408289 8.940321 8.9398153 8.9393118 8.9388106 8.9383115 8.9378146 8.9373199 8.9368273 8.9363369 8.9358486 8.9353625 8.9348785
8.9682503 8.9676244 8.9670013 8.9663809 8.9657633 8.9651483 8.964536 8.9639265 8.9633195 8.9627153 8.9621137 8.9615147 8.9609184 8.9603247 8.9597336 8.9591451 8.9585591 8.9579757 8.9573949 8.9568166 8.9562409 8.9556677 8.9550969 8.9545287 8.953963 8.9533997 8.952839 8.9522806 8.9517247 8.9511713 8.9506203 8.9500716 8.9495254 8.9489816 8.9484401 8.947901 8.9473643 8.9468299 8.9462979 8.9457682 8.9452408 8.9447157 8.9441929 8.9436723 8.9431541 8.9426381 8.9421244 8.9416129 8.9411036 8.9405966 8.9400918 8.9395891 8.9390887 8.9385905 8.9380944 8.9376005 8.9371087 8.9366191 8.9361317 8.9356463
8.9690925 8.9684653 8.9678409 8.9672192 8.9666003 8.965984 8.9653705 8.9647596 8.9641514 8.9635459 8.962943 8.9623427 8.9617451 8.9611501 8.9605577 8.9599678 8.9593806 8.9587959 8.9582138 8.9576342 8.9570571 8.9564826 8.9559105 8.955341 8.954774 8.9542094 8.9536473 8.9530877 8.9525305 8.9519757 8.9514233 8.9508734 8.9503258 8.9497807 8.9492379 8.9486975 8.9481594 8.9476237 8.9470904 8.9465593 8.9460306 8.9455041 8.94498 8.9444582 8.9439386 8.9434213 8.9429062 8.9423934 8.9418828 8.9413744 8.9408683 8.9403643 8.9398626 8.939363 8.9388656 8.9383704 8.9378773 8.9373863 8.9368975 8.9364108
8.9699302 8.9693018 8.9686761 8.9680532 8.9674329 8.9668154 8.9662006 8.9655885 8.964979 8.9643722 8.963768 8.9631665 8.9625676 8.9619713 8.9613776 8.9607865 8.960198 8.959612 8.9590286 8.9584477 8.9578693 8.9572935 8.9567202 8.9561494 8.955581 8.9550152 8.9544518 8.9538908 8.9533323 8.9527763 8.9522226 8.9516714 8.9511225 8.950576 8.950032 8.9494902 8.9489509 8.9484139 8.9478792 8.9473468 8.9468168 8.946289 8.9457636 8.9452404 8.9447196 8.9442009 8.9436845 8.9431704 8.9426585 8.9421488 8.9416414 8.9411361 8.940633 8.9401322 8.9396334 8.9391369 8.9386425 8.9381502 8.9376601 8.9371721
8.9707634 8.9701338 8.9695069 8.9688827 8.9682613 8.9676425 8.9670265 8.9664131 8.9658024 8.9651943 8.9645889 8.9639861 8.963386 8.9627884 8.9621935 8.9616011 8.9610113 8.960424 8.9598394 8.9592572 8.9586776 8.9581005 8.9575259 8.9569538 8.9563842 8.9558171 8.9552524 8.9546902 8.9541304 8.953573 8.9530181 8.9524656 8.9519154 8.9513677 8.9508223 8.9502793 8.9497387 8.9492004 8.9486644 8.9481307 8.9475994 8.9470704 8.9465436 8.9460192 8.945497 8.9449771 8.9444594 8.943944 8.9434308 8.9429198 8.9424111 8.9419045 8.9414001 8.9408979 8.9403979 8.9399001 8.9394044 8.9389108 8.9384194 8.9379301
8.9715923 8.9709615 8.9703334 8.969708 8.9690853 8.9684653 8.9678481 8.9672335 8.9666215 8.9660122 8.9654056 8.9648016 8.9642002 8.9636014 8.9630052 8.9624116 8.9618205 8.9612321 8.9606461 8.9600627 8.9594819 8.9589035 8.9583277 8.9577543 8.9571835 8.9566151 8.9560491 8.9554857 8.9549246 8.954366 8.9538098 8.953256 8.9527046 8.9521556 8.951609 8.9510647 8.9505228 8.9499832 8.949446 8.948911 8.9483784 8.9478481 8.9473201 8.9467944 8.9462709 8.9457497 8.9452308 8.9447141 8.9441996 8.9436874 8.9431773 8.9426695 8.9421638 8.9416604 8.9411591 8.94066 8.940163 8.9396682 8.9391755 8.9386849
8.9724167 8.9717847 8.9711554 8.9705289 8.969905 8.9692838 8.9686654 8.9680496 8.9674364 8.9668259 8.9662181 8.9656129 8.9650102 8.9644102 8.9638128 8.963218 8.9626257 8.962036 8.9614489 8.9608643 8.9602822 8.9597026 8.9591255 8.9585509 8.9579788 8.9574092 8.956842 8.9562773 8.955715 8.9551552 8.9545977 8.9540427 8.9534901 8.9529398 8.9523919 8.9518464 8.9513032 8.9507624 8.9502239 8.9496877 8.9491539 8.9486223 8.9480931 8.9475661 8.9470414 8.9465189 8.9459987 8.9454807 8.944965 8.9444515 8.9439402 8.9434311 8.9429242 8.9424195 8.9419169 8.9414165 8.9409183 8.9404222 8.9399282 8.9394364
8.9732368 8.9726036 8.9719732 8.9713454 8.9707204 8.9700981 8.9694784 8.9688614 8.9682471 8.9676354 8.9670264 8.96642 8.9658162 8.965215 8.9646164 8.9640203 8.9634269 8.962836 8.9622476 8.9616618 8.9610785 8.9604977 8.9599194 8.9593436 8.9587703 8.9581995 8.9576311 8.9570652 8.9565016 8.9559406 8.9553819 8.9548256 8.9542718 8.9537203 8.9531712 8.9526244 8.95208 8.951538 8.9509982 8.9504608 8.9499257 8.9493929 8.9488624 8.9483342 8.9478083 8.9472846 8.9467631 8.9462439 8.9457269 8.9452122 8.9446996 8.9441893 8.9436812 8.9431752 8.9426714 8.9421698 8.9416703 8.9411729 8.9406777 8.9401846
8.9740524 8.9734181 8.9727865 8.9721576 8.9715315 8.970908 8.9702872 8.969669 8.9690536 8.9684407 8.9678305 8.9672229 8.966618 8.9660156 8.9654158 8.9648186 8.964224 8.9636319 8.9630424 8.9624554 8.9618709 8.9612889 8.9607094 8.9601324 8.9595579 8.9589859 8.9584163 8.9578492 8.9572844 8.9567222 8.9561623 8.9556048 8.9550498 8.9544971 8.9539467 8.9533988 8.9528532 8.9523099 8.951769 8.9512303 8.950694 8.95016 8.9496283 8.9490988 8.9485717 8.9480467 8.9475241 8.9470036 8.9464855 8.9459695 8.9454557 8.9449441 8.9444348 8.9439276 8.9434225 8.9429197 8.942419 8.9419204 8.9414239 8.9409296
8.9748637 8.9742283 8.9735956 8.9729656 8.9723383 8.9717136 8.9710917 8.9704724 8.9698558 8.9692418 8.9686305 8.9680218 8.9674157 8.9668121 8.9662112 8.9656128 8.9650171 8.9644238 8.9638331 8.9632449 8.9626593 8.9620761 8.9614955 8.9609173 8.9603417 8.9597684 8.9591977 8.9586293 8.9580635 8.9575 8.9569389 8.9563803 8.955824 8.9552701 8.9547186 8.9541695 8.9536227 8.9530782 8.9525361 8.9519962 8.9514587 8.9509235 8.9503906 8.9498599 8.9493316 8.9488054 8.9482816 8.9477599 8.9472405 8.9467233 8.9462084 8.9456956 8.945185 8.9446766 8.9441703 8.9436663 8.9431643 8.9426646 8.9421669 8.9416714
8.9756706 8.9750341 8.9744003 8.9737692 8.9731407 8.972515 8.971892 8.9712716 8.9706539 8.9700388 8.9694263 8.9688165 8.9682092 8.9676046 8.9670025 8.966403 8.9658061 8.9652117 8.9646199 8.9640305 8.9634437 8.9628595 8.9622777 8.9616983 8.9611215 8.9605471 8.9599752 8.9594057 8.9588387 8.958274 8.9577118 8.957152 8.9565946 8.9560395 8.9554868 8.9549365 8.9543885 8.9538429 8.9532996 8.9527586 8.9522199 8.9516835 8.9511494 8.9506175 8.950088 8.9495607 8.9490356 8.9485128 8.9479922 8.9474738 8.9469576 8.9464437 8.9459319 8.9454223 8.9449148 8.9444096 8.9439064 8.9434055 8.9429066 8.9424099
8.9764731 8.9758355 8.9752006 8.9745684 8.973939 8.9733122 8.972688 8.9720665 8.9714477 8.9708315 8.970218 8.969607 8.9689987 8.9683929 8.9677897 8.9671891 8.9665911 8.9659956 8.9654026 8.9648122 8.9642243 8.9636388 8.9630559 8.9624755 8.9618975 8.961322 8.9607489 8.9601783 8.9596101 8.9590443 8.9584809 8.95792 8.9573614 8.9568052 8.9562513 8.9556999 8.9551507 8.9546039 8.9540594 8.9535173 8.9529774 8.9524399 8.9519046 8.9513716 8.9508409 8.9503124 8.9497862 8.9492622 8.9487404 8.9482208 8.9477035 8.9471884 8.9466754 8.9461646 8.945656 8.9451496 8.9446453 8.9441431 8.9436431 8.9431452
8.9772713 8.9766326 8.9759967 8.9753634 8.9747329 8.974105 8.9734798 8.9728573 8.9722374 8.9716201 8.9710055 8.9703934 8.969784 8.9691772 8.9685729 8.9679712 8.9673721 8.9667755 8.9661814 8.9655899 8.9650008 8.9644143 8.9638303 8.9632487 8.9626696 8.962093 8.9615188 8.9609471 8.9603777 8.9598108 8.9592463 8.9586842 8.9581245 8.9575672 8.9570122 8.9564596 8.9559093 8.9553614 8.9548157 8.9542724 8.9537314 8.9531927 8.9526563 8.9521222 8.9515903 8.9510607 8.9505333 8.9500081 8.9494852 8.9489645 8.948446 8.9479297 8.9474156 8.9469036 8.9463939 8.9458862 8.9453808 8.9448774 8.9443763 8.9438772
8.9780651 8.9774254 8.9767884 8.9761541 8.9755226 8.9748937 8.9742674 8.9736438 8.9730229 8.9724046 8.9717889 8.9711758 8.9705653 8.9699574 8.969352 8.9687492 8.968149 8.9675514 8.9669562 8.9663636 8.9657735 8.9651858 8.9646007 8.9640181 8.9634379 8.9628601 8.9622849 8.961712 8.9611416 8.9605736 8.960008 8.9594448 8.9588839 8.9583255 8.9577694 8.9572157 8.9566643 8.9561152 8.9555684 8.955024 8.9544819 8.9539421 8.9534045 8.9528692 8.9523362 8.9518054 8.9512769 8.9507506 8.9502266 8.9497047 8.9491851 8.9486676 8.9481524 8.9476393 8.9471284 8.9466196 8.946113 8.9456085 8.9451062 8.944606
8.9788545 8.9782138 8.9775759 8.9769406 8.976308 8.975678 8.9750508 8.9744262 8.9738042 8.9731848 8.9725681 8.971954 8.9713424 8.9707335 8.9701271 8.9695233 8.968922 8.9683233 8.967727 8.9671334 8.9665422 8.9659535 8.9653673 8.9647836 8.9642023 8.9636235 8.9630471 8.9624732 8.9619017 8.9613326 8.9607659 8.9602016 8.9596397 8.9590801 8.9585229 8.9579681 8.9574156 8.9568654 8.9563176 8.955772 8.9552288 8.9546878 8.9541492 8.9536128 8.9530787 8.9525468 8.9520171 8.9514897 8.9509645 8.9504416 8.9499208 8.9494022 8.9488859 8.9483716 8.9478596 8.9473497 8.946842 8.9463364 8.9458329 8.9453315
8.9796396 8.978998 8.978359 8.9777227 8.9770891 8.9764582 8.9758299 8.9752043 8.9745813 8.973961 8.9733432 8.9727281 8.9721155 8.9715055 8.9708981 8.9702932 8.9696909 8.9690912 8.9684939 8.9678992 8.967307 8.9667172 8.96613 8.9655452 8.9649629 8.964383 8.9638056 8.9632306 8.962658 8.9620878 8.9615201 8.9609547 8.9603917 8.9598311 8.9592728 8.9587169 8.9581633 8.957612 8.9570631 8.9565165 8.9559721 8.9554301 8.9548903 8.9543529 8.9538176 8.9532846 8.9527539 8.9522254 8.9516991 8.951175 8.9506532 8.9501335 8.949616 8.9491007 8.9485875 8.9480765 8.9475676 8.9470609 8.9465563 8.9460539
8.9804204 8.9797778 8.9791378 8.9785006 8.977866 8.9772341 8.9766049 8.9759783 8.9753543 8.974733 8.9741142 8.9734981 8.9728845 8.9722735 8.9716651 8.9710592 8.9704559 8.9698551 8.9692568 8.9686611 8.9680678 8.9674771 8.9668888 8.966303 8.9657196 8.9651387 8.9645602 8.9639842 8.9634106 8.9628393 8.9622705 8.9617041 8.96114 8.9605784 8.960019 8.959462 8.9589074 8.9583551 8.9578051 8.9572574 8.956712 8.9561688 8.955628 8.9550894 8.9545531 8.9540191 8.9534872 8.9529576 8.9524303 8.9519051 8.9513821 8.9508614 8.9503428 8.9498264 8.9493121 8.9488 8.9482901 8.9477822 8.9472765 8.946773
8.9811969 8.9805533 8.9799124 8.9792742 8.9786387 8.9780059 8.9773757 8.9767481 8.9761232 8.9755008 8.9748811 8.974264 8.9736494 8.9730375 8.9724281 8.9718212 8.9712169 8.9706151 8.9700158 8.9694191 8.9688248 8.968233 8.9676437 8.9670569 8.9664725 8.9658906 8.9653111 8.964734 8.9641594 8.9635871 8.9630173 8.9624498 8.9618847 8.961322 8.9607616 8.9602036 8.9596479 8.9590945 8.9585434 8.9579947 8.9574482 8.9569041 8.9563622 8.9558225 8.9552852 8.95475 8.9542171 8.9536865 8.953158 8.9526318 8.9521078 8.9515859 8.9510662 8.9505487 8.9500334 8.9495202 8.9490092 8.9485003 8.9479935 8.9474889
8.981969 8.9813245 8.9806827 8.9800436 8.9794072 8.9787734 8.9781422 8.9775137 8.9768878 8.9762646 8.9756439 8.9750258 8.9744103 8.9737974 8.973187 8.9725792 8.9719739 8.9713711 8.9707709 8.9701731 8.9695779 8.9689851 8.9683948 8.967807 8.9672216 8.9666387 8.9660582 8.9654801 8.9649044 8.9643312 8.9637603 8.9631918 8.9626257 8.9620619 8.9615005 8.9609415 8.9603848 8.9598303 8.9592783 8.9587285 8.958181 8.9576358 8.9570928 8.9565521 8.9560137 8.9554775 8.9549436 8.9544119 8.9538824 8.9533551 8.95283 8.9523071 8.9517864 8.9512678 8.9507514 8.9502372 8.9497251 8.9492151 8.9487073 8.9482015
8.9827369 8.9820915 8.9814488 8.9808088 8.9801714 8.9795367 8.9789046 8.9782752 8.9776484 8.9770242 8.9764026 8.9757836 8.9751671 8.9745532 8.9739419 8.9733331 8.9727269 8.9721232 8.971522 8.9709233 8.970327 8.9697333 8.969142 8.9685532 8.9679669 8.967383 8.9668015 8.9662224 8.9656457 8.9650715 8.9644996 8.9639301 8.963363 8.9627983 8.9622358 8.9616758 8.961118 8.9605626 8.9600095 8.9594587 8.9589102 8.9583639 8.95782 8.9572783 8.9567388 8.9562016 8.9556666 8.9551339 8.9546034 8.954075 8.9535489 8.9530249 8.9525032 8.9519836 8.9514661 8.9509508 8.9504377 8.9499267 8.9494178 8.948911
8.9835004 8.9828541 8.9822106 8.9815697 8.9809314 8.9802958 8.9796629 8.9790326 8.9784048 8.9777797 8.9771572 8.9765373 8.9759199 8.9753051 8.9746928 8.9740831 8.973476 8.9728713 8.9722691 8.9716695 8.9710723 8.9704776 8.9698854 8.9692956 8.9687083 8.9681234 8.967541 8.966961 8.9663833 8.9658081 8.9652352 8.9646648 8.9640967 8.9635309 8.9629675 8.9624065 8.9618477 8.9612913 8.9607372 8.9601854 8.9596359 8.9590886 8.9585437 8.9580009 8.9574605 8.9569223 8.9563863 8.9558525 8.9553209 8.9547916 8.9542644 8.9537395 8.9532167 8.952696 8.9521776 8.9516612 8.951147 8.950635 8.9501251 8.9496172
