Cobbity3/QGIS/S10_run1.asc
NCOLS 800
NROWS 450
XLLCORNER 150.66
YLLCORNER -34.028
CELLSIZE 1e-05
NODATA_VALUE -9999
[rows 390 to 415 of 450, columns 0 to 59 of 800]
9.2552963 9.2557306 9.2561628 9.2565931 9.2570213 9.2574474 9.2578714 9.2582932 9.2587128 9.2591302 9.2595453 9.2599582 9.2603686 9.2607768 9.2611825 9.2615857 9.2619865 9.2623848 9.2627805 9.2631736 9.2635641 9.263952 9.2643371 9.2647196 9.2650992 9.265476 9.26585 9.2662211 9.2665893 9.2669545 9.2673167 9.2676759 9.268032 9.268385 9.2687348 9.2690814 9.2694248 9.2697649 9.2701017 9.2704352 9.2707653 9.2710919 9.2714151 9.2717348 9.2720509 9.2723635 9.2726724 9.2729777 9.2732792 9.273577 9.2738711 9.2741613 9.2744477 9.2747302 9.2750087 9.2752833 9.2755538 9.2758204 9.2760828 9.2763411
9.2550871 9.2555196 9.2559502 9.2563787 9.2568052 9.2572296 9.2576519 9.258072 9.2584899 9.2589056 9.2593191 9.2597302 9.2601391 9.2605455 9.2609496 9.2613512 9.2617504 9.2621471 9.2625412 9.2629327 9.2633217 9.2637079 9.2640915 9.2644724 9.2648505 9.2652259 9.2655983 9.265968 9.2663347 9.2666984 9.2670592 9.267417 9.2677716 9.2681232 9.2684717 9.268817 9.269159 9.2694978 9.2698334 9.2701655 9.2704944 9.2708198 9.2711418 9.2714602 9.2717752 9.2720866 9.2723944 9.2726986 9.2729991 9.2732958 9.2735889 9.2738781 9.2741635 9.274445 9.2747226 9.2749963 9.275266 9.2755317 9.2757933 9.2760508
9.2548769 9.2553077 9.2557366 9.2561634 9.2565882 9.2570109 9.2574315 9.2578499 9.2582661 9.2586802 9.259092 9.2595015 9.2599086 9.2603135 9.2607159 9.2611159 9.2615135 9.2619085 9.2623011 9.2626911 9.2630784 9.2634632 9.2638452 9.2642246 9.2646012 9.264975 9.265346 9.2657141 9.2660794 9.2664417 9.266801 9.2671574 9.2675107 9.2678609 9.268208 9.2685519 9.2688926 9.2692301 9.2695644 9.2698953 9.2702229 9.2705471 9.2708678 9.2711851 9.2714989 9.2718092 9.2721159 9.272419 9.2727184 9.2730141 9.2733061 9.2735943 9.2738787 9.2741593 9.274436 9.2747088 9.2749776 9.2752425 9.2755033 9.27576
9.2546658 9.2550949 9.255522 9.2559472 9.2563702 9.2567912 9.2572101 9.2576269 9.2580415 9.2584539 9.258864 9.2592718 9.2596774 9.2600806 9.2604814 9.2608798 9.2612758 9.2616693 9.2620602 9.2624486 9.2628344 9.2632176 9.2635981 9.263976 9.2643511 9.2647234 9.2650929 9.2654596 9.2658234 9.2661843 9.2665422 9.2668971 9.267249 9.2675979 9.2679436 9.2682862 9.2686256 9.2689619 9.2692948 9.2696245 9.2699508 9.2702738 9.2705933 9.2709095 9.2712221 9.2715312 9.2718368 9.2721388 9.2724371 9.2727318 9.2730228 9.27331 9.2735935 9.2738731 9.2741489 9.2744208 9.2746888 9.2749527 9.2752127 9.2754687
9.2544537 9.2548811 9.2553066 9.25573 9.2561514 9.2565707 9.256988 9.257403 9.257816 9.2582267 9.2586352 9.2590414 9.2594453 9.2598469 9.2602461 9.2606429 9.2610373 9.2614292 9.2618186 9.2622054 9.2625897 9.2629713 9.2633504 9.2637267 9.2641003 9.2644711 9.2648392 9.2652044 9.2655667 9.2659262 9.2662827 9.2666363 9.2669868 9.2673343 9.2676787 9.2680199 9.2683581 9.268693 9.2690247 9.2693531 9.2696782 9.2699999 9.2703183 9.2706332 9.2709447 9.2712527 9.2715572 9.2718581 9.2721554 9.272449 9.272739 9.2730252 9.2733077 9.2735864 9.2738613 9.2741323 9.2743993 9.2746625 9.2749217 9.2751768
9.2542407 9.2546664 9.2550902 9.2555119 9.2559317 9.2563493 9.2567649 9.2571783 9.2575896 9.2579987 9.2584055 9.2588101 9.2592124 9.2596124 9.26001 9.2604052 9.260798 9.2611884 9.2615762 9.2619615 9.2623442 9.2627244 9.2631019 9.2634767 9.2638488 9.2642182 9.2645847 9.2649485 9.2653094 9.2656675 9.2660226 9.2663748 9.2667239 9.26707 9.2674131 9.2677531 9.2680899 9.2684235 9.2687539 9.2690811 9.269405 9.2697255 9.2700427 9.2703565 9.2706668 9.2709737 9.2712771 9.2715769 9.2718731 9.2721657 9.2724546 9.2727399 9.2730214 9.2732992 9.2735731 9.2738432 9.2741094 9.2743717 9.2746301 9.2748845
9.2540268 9.2544508 9.2548729 9.255293 9.255711 9.256127 9.256541 9.2569528 9.2573624 9.2577698 9.2581751 9.2585781 9.2589788 9.2593771 9.2597732 9.2601668 9.260558 9.2609468 9.2613331 9.2617168 9.262098 9.2624767 9.2628526 9.263226 9.2635966 9.2639645 9.2643297 9.264692 9.2650515 9.2654081 9.2657619 9.2661126 9.2664604 9.2668052 9.2671469 9.2674856 9.2678211 9.2681535 9.2684826 9.2688085 9.2691312 9.2694505 9.2697665 9.2700792 9.2703884 9.2706941 9.2709964 9.2712951 9.2715903 9.2718819 9.2721698 9.2724541 9.2727346 9.2730114 9.2732845 9.2735537 9.273819 9.2740805 9.274338 9.2745916
9.2538119 9.2542343 9.2546547 9.2550731 9.2554895 9.2559039 9.2563162 9.2567263 9.2571343 9.2575402 9.2579438 9.2583452 9.2587443 9.2591411 9.2595355 9.2599276 9.2603173 9.2607045 9.2610892 9.2614715 9.2618511 9.2622283 9.2626027 9.2629746 9.2633438 9.2637102 9.2640739 9.2644348 9.2647929 9.2651481 9.2655005 9.2658499 9.2661963 9.2665398 9.2668802 9.2672175 9.2675518 9.2678828 9.2682107 9.2685354 9.2688569 9.269175 9.2694899 9.2698013 9.2701094 9.270414 9.2707152 9.2710129 9.271307 9.2715975 9.2718845 9.2721677 9.2724473 9.2727232 9.2729953 9.2732636 9.2735281 9.2737887 9.2740455 9.2742983
9.2535962 9.2540169 9.2544357 9.2548524 9.2552672 9.2556799 9.2560906 9.2564991 9.2569055 9.2573097 9.2577117 9.2581115 9.258509 9.2589042 9.2592971 9.2596876 9.2600757 9.2604614 9.2608446 9.2612254 9.2616035 9.2619792 9.2623522 9.2627225 9.2630903 9.2634553 9.2638175 9.264177 9.2645337 9.2648875 9.2652385 9.2655865 9.2659316 9.2662738 9.2666128 9.2669489 9.2672818 9.2676117 9.2679383 9.2682618 9.268582 9.268899 9.2692126 9.269523 9.2698299 9.2701334 9.2704335 9.2707301 9.2710232 9.2713127 9.2715986 9.2718809 9.2721595 9.2724345 9.2727057 9.2729731 9.2732367 9.2734965 9.2737524 9.2740044
9.2533796 9.2537986 9.2542157 9.2546309 9.255044 9.2554551 9.2558641 9.256271 9.2566758 9.2570784 9.2574789 9.2578771 9.258273 9.2586666 9.259058 9.2594469 9.2598335 9.2602177 9.2605994 9.2609786 9.2613552 9.2617294 9.2621009 9.2624698 9.2628361 9.2631996 9.2635605 9.2639186 9.2642739 9.2646263 9.2649759 9.2653226 9.2656664 9.2660071 9.2663449 9.2666797 9.2670114 9.2673399 9.2676654 9.2679876 9.2683066 9.2686224 9.2689349 9.2692441 9.2695499 9.2698523 9.2701513 9.2704468 9.2707389 9.2710274 9.2713123 9.2715936 9.2718713 9.2721453 9.2724156 9.2726821 9.2729449 9.2732038 9.2734589 9.2737101
9.2531621 9.2535795 9.253995 9.2544085 9.25482 9.2552294 9.2556369 9.2560422 9.2564454 9.2568464 9.2572452 9.2576418 9.2580362 9.2584283 9.2588181 9.2592055 9.2595905 9.2599732 9.2603534 9.2607311 9.2611063 9.2614789 9.261849 9.2622164 9.2625813 9.2629434 9.2633028 9.2636595 9.2640134 9.2643645 9.2647127 9.2650581 9.2654005 9.26574 9.2660765 9.2664099 9.2667403 9.2670677 9.2673918 9.2677129 9.2680307 9.2683453 9.2686566 9.2689647 9.2692694 9.2695707 9.2698686 9.2701631 9.2704541 9.2707415 9.2710255 9.2713058 9.2715825 9.2718556 9.272125 9.2723907 9.2726526 9.2729107 9.2731649 9.2734153
9.2529437 9.2533595 9.2537733 9.2541852 9.2545951 9.255003 9.2554088 9.2558125 9.2562141 9.2566135 9.2570108 9.2574059 9.2577987 9.2581892 9.2585774 9.2589633 9.2593469 9.259728 9.2601067 9.2604829 9.2608566 9.2612278 9.2615964 9.2619624 9.2623258 9.2626865 9.2630445 9.2633998 9.2637523 9.264102 9.2644489 9.2647929 9.265134 9.2654722 9.2658074 9.2661396 9.2664688 9.2667948 9.2671178 9.2674376 9.2677543 9.2680677 9.2683779 9.2686848 9.2689884 9.2692886 9.2695854 9.2698788 9.2701688 9.2704552 9.2707382 9.2710176 9.2712933 9.2715655 9.271834 9.2720987 9.2723598 9.272617 9.2728705 9.2731201
9.2527245 9.2531386 9.2535509 9.2539612 9.2543694 9.2547757 9.2551799 9.255582 9.2559821 9.2563799 9.2567756 9.2571691 9.2575604 9.2579494 9.2583361 9.2587205 9.2591025 9.2594821 9.2598593 9.260234 9.2606063 9.260976 9.2613432 9.2617077 9.2620697 9.262429 9.2627856 9.2631395 9.2634907 9.263839 9.2641846 9.2645272 9.264867 9.2652039 9.2655378 9.2658687 9.2661966 9.2665215 9.2668432 9.2671619 9.2674773 9.2677896 9.2680986 9.2684044 9.2687068 9.269006 9.2693017 9.2695941 9.269883 9.2701685 9.2704504 9.2707288 9.2710037 9.2712749 9.2715425 9.2718064 9.2720665 9.272323 9.2725756 9.2728244
9.2525044 9.252917 9.2533276 9.2537363 9.254143 9.2545476 9.2549503 9.2553508 9.2557493 9.2561456 9.2565397 9.2569317 9.2573214 9.2577089 9.258094 9.2584769 9.2588574 9.2592355 9.2596112 9.2599845 9.2603553 9.2607236 9.2610893 9.2614524 9.261813 9.2621709 9.2625261 9.2628786 9.2632284 9.2635754 9.2639196 9.264261 9.2645995 9.264935 9.2652677 9.2655973 9.265924 9.2662476 9.2665681 9.2668856 9.2671999 9.267511 9.2678188 9.2681235 9.2684249 9.2687229 9.2690176 9.2693089 9.2695968 9.2698813 9.2701622 9.2704397 9.2707136 9.2709838 9.2712505 9.2715135 9.2717729 9.2720285 9.2722803 9.2725283
9.2522835 9.2526945 9.2531035 9.2535106 9.2539157 9.2543188 9.2547198 9.2551188 9.2555157 9.2559105 9.2563031 9.2566935 9.2570817 9.2574676 9.2578513 9.2582326 9.2586116 9.2589883 9.2593625 9.2597343 9.2601037 9.2604705 9.2608348 9.2611965 9.2615556 9.2619122 9.262266 9.2626171 9.2629656 9.2633112 9.2636541 9.2639942 9.2643313 9.2646656 9.264997 9.2653254 9.2656508 9.2659732 9.2662925 9.2666088 9.2669219 9.2672318 9.2675386 9.2678421 9.2681424 9.2684394 9.268733 9.2690233 9.2693102 9.2695936 9.2698736 9.2701501 9.270423 9.2706924 9.2709581 9.2712203 9.2714787 9.2717335 9.2719845 9.2722318
9.2520618 9.2524712 9.2528786 9.2532841 9.2536876 9.2540891 9.2544886 9.254886 9.2552814 9.2556746 9.2560657 9.2564545 9.2568412 9.2572257 9.2576078 9.2579877 9.2583652 9.2587404 9.2591131 9.2594835 9.2598514 9.2602168 9.2605796 9.26094 9.2612977 9.2616528 9.2620053 9.2623551 9.2627022 9.2630465 9.263388 9.2637268 9.2640627 9.2643957 9.2647258 9.265053 9.2653771 9.2656983 9.2660165 9.2663315 9.2666435 9.2669523 9.2672579 9.2675603 9.2678595 9.2681554 9.2684479 9.2687372 9.269023 9.2693055 9.2695845 9.26986 9.270132 9.2704005 9.2706653 9.2709266 9.2711842 9.2714381 9.2716884 9.2719348
9.2518393 9.252247 9.2526529 9.2530568 9.2534588 9.2538587 9.2542567 9.2546525 9.2550463 9.255438 9.2558275 9.2562149 9.2566001 9.256983 9.2573637 9.2577421 9.2581181 9.2584918 9.2588631 9.259232 9.2595985 9.2599624 9.2603239 9.2606828 9.2610392 9.2613929 9.261744 9.2620925 9.2624382 9.2627812 9.2631214 9.2634589 9.2637935 9.2641252 9.2644541 9.26478 9.265103 9.2654229 9.2657399 9.2660537 9.2663645 9.2666722 9.2669767 9.267278 9.2675761 9.2678709 9.2681624 9.2684506 9.2687355 9.2690169 9.269295 9.2695695 9.2698406 9.2701081 9.2703721 9.2706325 9.2708893 9.2711424 9.2713918 9.2716374
9.2516159 9.2520221 9.2524264 9.2528288 9.2532292 9.2536276 9.254024 9.2544183 9.2548105 9.2552007 9.2555887 9.2559746 9.2563582 9.2567397 9.2571189 9.2574958 9.2578704 9.2582426 9.2586125 9.2589799 9.2593449 9.2597075 9.2600676 9.2604251 9.26078 9.2611324 9.2614822 9.2618293 9.2621737 9.2625153 9.2628543 9.2631904 9.2635238 9.2638542 9.2641818 9.2645065 9.2648283 9.265147 9.2654628 9.2657755 9.2660851 9.2663917 9.266695 9.2669952 9.2672922 9.267586 9.2678765 9.2681637 9.2684475 9.2687279 9.269005 9.2692786 9.2695488 9.2698154 9.2700785 9.270338 9.2705939 9.2708462 9.2710948 9.2713397
9.2513918 9.2517964 9.2521992 9.2526 9.2529988 9.2533957 9.2537905 9.2541833 9.2545741 9.2549627 9.2553492 9.2557336 9.2561157 9.2564957 9.2568734 9.2572488 9.2576219 9.2579927 9.2583612 9.2587272 9.2590908 9.2594519 9.2598106 9.2601667 9.2605203 9.2608713 9.2612197 9.2615655 9.2619086 9.2622489 9.2625866 9.2629214 9.2632535 9.2635827 9.2639091 9.2642326 9.2645531 9.2648707 9.2651852 9.2654968 9.2658053 9.2661107 9.2664129 9.266712 9.267008 9.2673007 9.2675901 9.2678762 9.2681591 9.2684385 9.2687146 9.2689873 9.2692565 9.2695222 9.2697844 9.2700431 9.2702982 9.2705496 9.2707974 9.2710415
9.2511669 9.25157 9.2519712 9.2523704 9.2527677 9.253163 9.2535563 9.2539476 9.2543368 9.254724 9.255109 9.2554918 9.2558725 9.256251 9.2566272 9.2570012 9.2573729 9.2577422 9.2581092 9.2584739 9.258836 9.2591958 9.2595531 9.2599078 9.2602601 9.2606097 9.2609568 9.2613012 9.261643 9.261982 9.2623184 9.262652 9.2629827 9.2633107 9.2636359 9.2639581 9.2642774 9.2645938 9.2649072 9.2652176 9.2655249 9.2658292 9.2661304 9.2664284 9.2667232 9.2670149 9.2673033 9.2675884 9.2678702 9.2681487 9.2684239 9.2686956 9.2689639 9.2692287 9.26949 9.2697478 9.270002 9.2702526 9.2704996 9.270743
9.2509412 9.2513428 9.2517424 9.2521401 9.2525359 9.2529297 9.2533215 9.2537112 9.2540989 9.2544846 9.2548681 9.2552495 9.2556287 9.2560057 9.2563805 9.256753 9.2571232 9.2574911 9.2578567 9.2582199 9.2585807 9.2589391 9.2592949 9.2596483 9.2599992 9.2603475 9.2606932 9.2610363 9.2613768 9.2617146 9.2620496 9.2623819 9.2627115 9.2630382 9.2633621 9.2636832 9.2640013 9.2643165 9.2646287 9.264938 9.2652442 9.2655473 9.2658474 9.2661443 9.2664381 9.2667287 9.2670161 9.2673002 9.267581 9.2678585 9.2681327 9.2684035 9.2686708 9.2689348 9.2691952 9.2694521 9.2697055 9.2699553 9.2702015 9.270444
9.2507148 9.2511148 9.2515129 9.2519091 9.2523033 9.2526956 9.2530859 9.2534741 9.2538603 9.2542445 9.2546265 9.2550064 9.2553842 9.2557597 9.256133 9.2565041 9.2568729 9.2572394 9.2576036 9.2579654 9.2583248 9.2586817 9.2590363 9.2593883 9.2597378 9.2600848 9.2604292 9.260771 9.2611101 9.2614466 9.2617804 9.2621114 9.2624397 9.2627652 9.2630879 9.2634077 9.2637247 9.2640387 9.2643498 9.2646579 9.264963 9.265265 9.265564 9.2658598 9.2661525 9.2664421 9.2667284 9.2670115 9.2672914 9.2675679 9.2678411 9.268111 9.2683774 9.2686404 9.2689 9.2691561 9.2694086 9.2696576 9.269903 9.2701448
9.2504876 9.2508861 9.2512826 9.2516773 9.25207 9.2524608 9.2528496 9.2532363 9.2536211 9.2540037 9.2543843 9.2547627 9.255139 9.2555131 9.255885 9.2562546 9.256622 9.2569871 9.2573498 9.2577102 9.2580683 9.2584239 9.258777 9.2591277 9.2594759 9.2598215 9.2601646 9.2605051 9.2608429 9.2611781 9.2615106 9.2618404 9.2621675 9.2624918 9.2628132 9.2631319 9.2634476 9.2637605 9.2640704 9.2643773 9.2646813 9.2649822 9.2652801 9.2655749 9.2658666 9.2661551 9.2664404 9.2667225 9.2670013 9.2672769 9.2675492 9.2678181 9.2680836 9.2683458 9.2686044 9.2688597 9.2691114 9.2693595 9.2696041 9.2698451
9.2502597 9.2506566 9.2510517 9.2514448 9.251836 9.2522253 9.2526126 9.2529979 9.2533811 9.2537623 9.2541414 9.2545184 9.2548932 9.2552658 9.2556363 9.2560045 9.2563705 9.2567342 9.2570955 9.2574545 9.2578112 9.2581654 9.2585172 9.2588665 9.2592134 9.2595577 9.2598995 9.2602387 9.2605752 9.2609092 9.2612404 9.261569 9.2618948 9.2622178 9.2625381 9.2628555 9.2631701 9.2634818 9.2637906 9.2640964 9.2643992 9.2646991 9.2649958 9.2652896 9.2655802 9.2658676 9.2661519 9.2664331 9.2667109 9.2669855 9.2672568 9.2675248 9.2677895 9.2680507 9.2683085 9.2685629 9.2688138 9.2690611 9.2693049 9.2695452
9.2500311 9.2504265 9.25082 9.2512116 9.2516013 9.2519891 9.2523749 9.2527587 9.2531405 9.2535202 9.2538979 9.2542734 9.2546468 9.255018 9.255387 9.2557538 9.2561184 9.2564807 9.2568406 9.2571983 9.2575535 9.2579064 9.2582569 9.2586048 9.2589504 9.2592934 9.2596338 9.2599717 9.260307 9.2606397 9.2609697 9.261297 9.2616216 9.2619434 9.2622625 9.2625787 9.2628921 9.2632027 9.2635103 9.263815 9.2641167 9.2644155 9.2647112 9.2650038 9.2652934 9.2655798 9.2658631 9.2661432 9.2664201 9.2666938 9.2669642 9.2672312 9.2674949 9.2677553 9.2680123 9.2682658 9.2685158 9.2687624 9.2690054 9.2692448
9.2498017 9.2501956 9.2505876 9.2509777 9.251366 9.2517523 9.2521366 9.2525189 9.2528992 9.2532775 9.2536537 9.2540278 9.2543997 9.2547695 9.2551371 9.2555025 9.2558657 9.2562266 9.2565852 9.2569414 9.2572953 9.2576469 9.257996 9.2583426 9.2586868 9.2590285 9.2593677 9.2597043 9.2600383 9.2603697 9.2606985 9.2610246 9.2613479 9.2616686 9.2619864 9.2623015 9.2626137 9.2629231 9.2632296 9.2635332 9.2638338 9.2641315 9.2644261 9.2647177 9.2650062 9.2652917 9.2655739 9.2658531 9.266129 9.2664017 9.2666711 9.2669373 9.2672001 9.2674596 9.2677156 9.2679683 9.2682175 9.2684633 9.2687055 9.2689442
