Cobbity3/QGIS/S10_run1.asc
NCOLS 800
NROWS 450
XLLCORNER 150.66
YLLCORNER -34.028
CELLSIZE 1e-05
NODATA_VALUE -9999
[rows 78 to 103 of 450, columns 180 to 239 of 800]
9.0512069 9.0483632 9.0454638 9.0425087 9.0394984 9.0364333 9.0333138 9.0301407 9.0269147 9.0236367 9.0203077 9.0169289 9.0135017 9.0100276 9.0065082 9.0029454 8.9993411 8.9956976 8.9920173 8.9883027 8.9845567 8.9807822 8.9769823 8.9731605 8.9693202 8.9654654 8.9615998 8.9577277 8.9538534 8.9499813 8.9461159 8.9422622 8.9384249 8.934609 8.9308195 8.9270616 8.9233403 8.9196608 8.9160281 8.9124474 8.9089236 8.9054616 8.9020659 8.8987413 8.8954919 8.8923219 8.889235 8.8862349 8.8833246 8.880507 8.8777846 8.8751594 8.8726332 8.8702071 8.867882 8.8656581 8.8635353 8.861513 8.8595899 8.8577643
9.0529461 9.0500453 9.0470862 9.0440689 9.0409936 9.0378608 9.0346708 9.0314244 9.0281222 9.0247651 9.0213542 9.0178905 9.0143755 9.0108106 9.0071975 9.0035381 8.9998344 8.9960887 8.9923034 8.9884813 8.9846251 8.980738 8.9768233 8.9728845 8.9689254 8.9649499 8.9609622 8.9569667 8.9529679 8.9489707 8.9449798 8.9410005 8.9370379 8.9330974 8.9291844 8.9253044 8.9214629 8.9176656 8.9139179 8.9102253 8.9065934 8.9030273 8.8995322 8.8961131 8.8927747 8.8895216 8.8863579 8.8832876 8.8803143 8.877441 8.8746707 8.8720057 8.869448 8.866999 8.8646598 8.8624308 8.8603121 8.8583032 8.856403 8.8546099
9.0546717 9.0517121 9.0486915 9.0456099 9.0424675 9.0392646 9.0360016 9.0326792 9.0292979 9.0258587 9.0223625 9.0188104 9.0152037 9.0115441 9.007833 9.0040725 9.0002646 8.9964117 8.9925161 8.9885808 8.9846086 8.9806027 8.9765667 8.9725042 8.9684192 8.9643158 8.9601984 8.9560716 8.9519404 8.9478097 8.9436848 8.9395712 8.9354745 8.9314004 8.9273547 8.9233434 8.9193726 8.9154481 8.9115761 8.9077625 8.9040132 8.9003341 8.8967308 8.8932087 8.889773 8.8864288 8.8831806 8.8800329 8.8769895 8.8740541 8.8712299 8.8685194 8.8659251 8.8634486 8.8610913 8.8588538 8.8567363 8.8547386 8.8528596 8.8510979
9.0563853 9.0533653 9.0502812 9.0471333 9.0439216 9.0406464 9.0373079 9.0339067 9.0304435 9.026919 9.0233341 9.0196899 9.0159879 9.0122293 9.008416 9.0045497 9.0006327 8.9966672 8.9926559 8.9886015 8.9845071 8.9803761 8.976212 8.9720188 8.9678004 8.9635613 8.9593062 8.95504 8.9507677 8.9464948 8.9422269 8.9379697 8.9337294 8.929512 8.9253239 8.9211715 8.9170612 8.9129997 8.9089934 8.9050488 8.9011725 8.8973707 8.8936496 8.8900153 8.8864733 8.8830293 8.8796883 8.8764551 8.8733343 8.8703296 8.8674448 8.8646829 8.8620465 8.8595375 8.8571577 8.8549078 8.8527884 8.8507993 8.8489397 8.8472082
9.0580888 9.0550065 9.0518573 9.0486411 9.0453579 9.042008 9.0385914 9.0351088 9.0315606 9.0279476 9.0242707 9.0205308 9.0167293 9.0128677 9.0089476 9.0049708 9.0009395 8.9968562 8.9927233 8.9885438 8.9843209 8.980058 8.9757587 8.9714273 8.9670678 8.9626851 8.9582838 8.9538693 8.9494469 8.9450224 8.9406017 8.9361912 8.9317971 8.9274262 8.9230852 8.918781 8.9145207 8.9103114 8.90616 8.9020739 8.8980599 8.894125 8.8902759 8.8865192 8.8828613 8.879308 8.8758651 8.872538 8.8693314 8.8662499 8.8632974 8.8604773 8.8577927 8.8552459 8.8528387 8.8505723 8.8484474 8.8464641 8.8446217 8.8429189
9.0597839 9.0566378 9.0534216 9.0501352 9.0467784 9.0433513 9.0398542 9.0362874 9.0326513 9.0289466 9.0251741 9.0213348 9.0174299 9.0134609 9.0094294 9.0053372 9.0011864 8.9969796 8.9927192 8.9884084 8.9840502 8.9796484 8.9752066 8.9707291 8.9662205 8.9616854 8.9571291 8.952557 8.9479749 8.9433889 8.9388053 8.9342308 8.9296722 8.9251367 8.9206316 8.9161643 8.9117424 8.9073737 8.9030658 8.8988265 8.8946634 8.8905841 8.8865959 8.8827061 8.8789215 8.8752489 8.8716944 8.8682638 8.8649627 8.8617959 8.8587679 8.8558825 8.8531431 8.8505524 8.8481125 8.845825 8.8436907 8.84171 8.8398823 8.8382065
9.0614726 9.0582611 9.0549762 9.0516175 9.048185 9.0446786 9.0410984 9.0374446 9.0337176 9.0299179 9.0260464 9.0221039 9.0180916 9.0140108 9.0098631 9.0056504 9.0013748 8.9970387 8.9926448 8.988196 8.9836957 8.9791476 8.9745555 8.9699239 8.9652575 8.9605612 8.9558404 8.951101 8.946349 8.9415909 8.9368334 8.9320836 8.927349 8.9226371 8.9179558 8.9133131 8.9087174 8.9041768 8.8996999 8.895295 8.8909704 8.8867344 8.8825951 8.8785604 8.8746379 8.8708347 8.8671579 8.8636138 8.8602085 8.8569474 8.8538354 8.8508768 8.8480754 8.8454343 8.842956 8.8406422 8.8384942 8.8365123 8.8346965 8.8330458
9.0631571 9.0598786 9.0565232 9.0530905 9.0495801 9.045992 9.0423262 9.0385827 9.0347618 9.0308639 9.0268898 9.0228403 9.0187164 9.0145193 9.0102507 9.0059124 9.0015064 8.9970351 8.9925012 8.9879078 8.9832582 8.9785561 8.9738057 8.9690114 8.9641782 8.9593111 8.954416 8.9494989 8.9445662 8.9396247 8.9346817 8.9297447 8.9248216 8.9199206 8.9150502 8.9102191 8.9054362 8.9007104 8.8960509 8.8914669 8.8869675 8.8825616 8.8782581 8.8740657 8.8699927 8.8660471 8.8622364 8.8585678 8.8550478 8.8516825 8.8484772 8.8454369 8.8425657 8.8398671 8.8373439 8.8349982 8.8328316 8.8308447 8.8290375 8.8274095
9.0648396 9.0614926 9.058065 9.0545563 9.0509661 9.0472941 9.0435401 9.0397042 9.0357864 9.0317871 9.0277069 9.0235465 9.0193067 9.0149889 9.0105945 9.0061252 9.0015831 8.9969706 8.9922902 8.9875451 8.9827387 8.9778748 8.9729576 8.9679917 8.9629821 8.9579344 8.9528545 8.9477486 8.9426237 8.937487 8.9323461 8.927209 8.9220843 8.9169807 8.9119073 8.9068735 8.901889 8.8969635 8.8921069 8.8873292 8.8826403 8.8780502 8.8735684 8.8692045 8.8649675 8.8608663 8.8569092 8.853104 8.8494579 8.8459777 8.8426692 8.8395379 8.8365883 8.8338243 8.8312493 8.8288655 8.8266749 8.8246784 8.8228762 8.821268
9.0665223 9.0631054 9.0596041 9.0560176 9.0523456 9.0485874 9.0447428 9.0408118 9.0367942 9.0326902 9.0285003 9.0242251 9.0198653 9.0154222 9.010897 9.0062914 9.0016073 8.9968472 8.9920136 8.9871096 8.9821387 8.9771047 8.9720118 8.9668649 8.9616692 8.9564303 8.9511545 8.9458484 8.9405192 8.9351744 8.9298224 8.9244716 8.919131 8.9138102 8.9085189 8.9032672 8.8980656 8.8929246 8.8878551 8.882868 8.8779739 8.8731839 8.8685084 8.8639578 8.8595422 8.8552713 8.851154 8.8471992 8.8434147 8.8398078 8.8363851 8.8331526 8.8301153 8.8272776 8.824643 8.8222144 8.8199938 8.8179826 8.8161812 8.8145896
9.0682079 9.0647196 9.061143 9.0574771 9.0537212 9.0498747 9.0459372 9.0419083 9.037788 9.0335761 9.029273 9.0248791 9.0203951 9.0158219 9.0111608 9.0064134 9.0015816 8.9966674 8.9916737 8.9866034 8.9814599 8.9762471 8.9709695 8.9656319 8.9602396 8.9547985 8.9493152 8.9437965 8.93825 8.9326838 8.9271065 8.9215273 8.9159558 8.9104021 8.9048767 8.8993907 8.8939552 8.8885819 8.8832823 8.8780685 8.8729522 8.8679452 8.8630592 8.8583056 8.8536954 8.8492391 8.8449469 8.8408282 8.8368917 8.8331455 8.8295968 8.8262521 8.823117 8.8201962 8.8174938 8.8150128 8.8127557 8.8107241 8.8089188 8.8073399
9.0698988 9.0663379 9.0626845 9.0589375 9.0550959 9.0511591 9.0471263 9.042997 9.038771 9.034448 9.0300281 9.0255117 9.0208991 9.0161913 9.0113893 9.0064945 9.0015087 8.9964341 8.991273 8.9860287 8.9807044 8.975304 8.969832 8.9642934 8.9586937 8.9530389 8.9473357 8.9415915 8.9358141 8.9300121 8.9241946 8.9183713 8.9125525 8.906749 8.9009723 8.8952342 8.8895467 8.8839225 8.8783744 8.8729152 8.8675579 8.8623155 8.8572007 8.8522261 8.8474038 8.8427454 8.8382619 8.8339638 8.8298607 8.8259614 8.8222738 8.8188049 8.8155609 8.812547 8.8097676 8.8072261 8.8049253 8.802867 8.8010523 8.7994817
9.0715977 9.0679631 9.0642316 9.0604018 9.0564729 9.0524436 9.0483133 9.0440811 9.0397466 9.0353094 9.0307693 9.0261264 9.0213811 9.0165339 9.0115858 9.006538 9.0013922 8.9961502 8.9908147 8.9853883 8.9798746 8.9742775 8.9686013 8.962851 8.9570324 8.9511517 8.9452158 8.9392324 8.9332096 8.9271564 8.9210826 8.9149985 8.908915 8.9028438 8.896797 8.8907875 8.8848284 8.8789335 8.8731164 8.8673915 8.861773 8.8562749 8.8509114 8.8456962 8.8406426 8.8357635 8.8310711 8.8265768 8.822291 8.8182235 8.8143829 8.8107769 8.8074121 8.8042942 8.8014279 8.798817 8.7964644 8.7943724 8.7925422 8.7909748
9.0733076 9.0695982 9.0657872 9.0618733 9.0578552 9.0537317 9.0495016 9.0451641 9.0407184 9.0361639 9.0315001 9.026727 9.0218447 9.0168535 9.0117541 9.0065477 9.0012355 8.9958195 8.990302 8.9846856 8.9789737 8.9731702 8.9672795 8.9613065 8.9552572 8.9491378 8.9429556 8.9367184 8.9304348 8.9241143 8.9177672 8.9114042 8.9050373 8.8986788 8.8923418 8.8860402 8.8797882 8.8736007 8.8674928 8.86148 8.8555778 8.849802 8.8441678 8.8386905 8.8333849 8.8282649 8.8233441 8.818635 8.8141492 8.8098972 8.8058884 8.8021312 8.7986327 8.795399 8.792435 8.7897449 8.7873319 8.7851983 8.7833458 8.7817755
9.0750313 9.0712461 9.0673546 9.0633553 9.0592465 9.0550269 9.0506951 9.0462499 9.0416904 9.0370155 9.0322248 9.0273177 9.0222942 9.0171543 9.0118986 9.0065277 9.001043 8.995446 8.9897389 8.9839242 8.9780051 8.9719854 8.9658694 8.9596623 8.9533698 8.9469984 8.9405555 8.9340492 8.9274886 8.9208836 8.9142448 8.9075839 8.9009134 8.8942466 8.8875976 8.8809813 8.8744133 8.8679095 8.8614867 8.8551617 8.8489517 8.8428738 8.836945 8.8311821 8.8256013 8.8202183 8.8150479 8.8101039 8.8053989 8.8009446 8.7967511 8.7928274 8.7891813 8.785819 8.7827459 8.7799661 8.7774831 8.7752994 8.7734168 8.7718367
9.0767721 9.0729102 9.0689372 9.0648512 9.0606504 9.056333 9.0518976 9.0473425 9.0426666 9.0378686 9.0329476 9.0279029 9.0227341 9.0174409 9.0120236 9.0064827 9.0008191 8.9950342 8.9891298 8.9831083 8.9769728 8.9707268 8.9643746 8.9579213 8.9513726 8.9447353 8.9380167 8.9312252 8.9243704 8.9174623 8.9105125 8.903533 8.8965374 8.8895397 8.8825551 8.8755998 8.8686905 8.8618448 8.8550808 8.848417 8.8418723 8.8354657 8.8292158 8.8231413 8.8172603 8.8115898 8.8061464 8.8009453 8.7960004 8.7913244 8.7869283 8.7828217 8.7790128 8.7755083 8.7723136 8.769433 8.7668697 8.7646264 8.762705 8.7611073
9.0785329 9.0745938 9.0705384 9.0663647 9.0620705 9.057654 9.0531131 9.0484461 9.0436514 9.0387276 9.0336732 9.0284874 9.0231693 9.0177183 9.0121344 9.0064178 9.000569 8.994589 8.9884796 8.9822428 8.9758814 8.9693987 8.962799 8.9560871 8.9492689 8.9423509 8.9353408 8.9282472 8.9210798 8.9138494 8.9065677 8.8992478 8.8919037 8.8845507 8.8772051 8.8698842 8.8626062 8.8553903 8.8482563 8.8412246 8.8343159 8.8275511 8.820951 8.8145364 8.8083271 8.8023423 8.7966002 8.7911177 8.7859101 8.7809912 8.776373 8.7720658 8.7680782 8.7644169 8.7610874 8.7580938 8.7554392 8.753126 8.7511563 8.7495318
9.0803173 9.0763003 9.0721619 9.0678996 9.0635111 9.058994 9.0543461 9.0495653 9.0446497 9.0395974 9.0344067 9.0290763 9.023605 9.0179919 9.0122365 9.0063385 9.0002982 8.9941163 8.987794 8.9813332 8.9747362 8.9680063 8.9611473 8.9541641 8.9470623 8.9398485 8.9325304 8.9251168 8.9176176 8.910044 8.9024084 8.8947244 8.887007 8.8792724 8.8715381 8.8638227 8.8561462 8.8485293 8.8409937 8.8335619 8.8262567 8.8191013 8.8121189 8.8053323 8.7987639 8.792435 8.7863658 8.7805751 8.7750798 8.769895 8.7650337 8.7605069 8.7563232 8.7524897 8.7490115 8.7458922 8.7431346 8.7407407 8.738712 8.7370505
9.0821287 9.0780335 9.0738115 9.06946 9.0649761 9.0603573 9.0556011 9.0507048 9.0456663 9.0404831 9.0351534 9.0296752 9.0240471 9.0182675 9.0123357 9.0062509 9.0000129 8.993622 8.9870791 8.9803854 8.9735432 8.9665552 8.9594251 8.9521574 8.9447575 8.937232 8.9295887 8.9218363 8.913985 8.9060464 8.8980332 8.88996 8.8818424 8.8736978 8.8655448 8.8574037 8.8492959 8.8412442 8.8332723 8.8254049 8.8176674 8.8100854 8.8026848 8.7954911 8.7885292 8.7818231 8.7753954 8.7692669 8.7634564 8.7579805 8.7528533 8.7480863 8.7436884 8.7396664 8.736025 8.732767 8.7298941 8.7274077 8.7253085 8.7235983
9.0839705 9.079797 9.0754912 9.0710499 9.0664701 9.0617487 9.0568829 9.0518697 9.0467064 9.0413903 9.035919 9.0302901 9.0245015 9.0185515 9.0124386 9.0061616 8.9997199 8.9931131 8.9863417 8.9794065 8.9723093 8.9650522 8.9576388 8.950073 8.9423601 8.9345066 8.9265199 8.918409 8.9101842 8.9018573 8.8934416 8.8849521 8.8764055 8.8678202 8.8592162 8.8506152 8.8420404 8.8335167 8.8250702 8.8167281 8.8085184 8.8004698 8.7926111 8.7849709 8.7775773 8.7704572 8.7636358 8.7571367 8.7509807 8.7451861 8.7397682 8.734739 8.7301077 8.7258804 8.7220609 8.7186507 8.7156502 8.7130591 8.7108772 8.7091053
9.0858464 9.0815947 9.0772049 9.0726736 9.0679974 9.0631728 9.0581965 9.0530652 9.0477756 9.0423247 9.0367095 9.030927 9.0249749 9.0188506 9.0125522 9.0060779 8.9994265 8.9925971 8.9855895 8.9784041 8.9710419 8.9635048 8.9557956 8.9479179 8.9398768 8.9316782 8.9233294 8.9148395 8.9062186 8.8974788 8.8886338 8.8796994 8.8706929 8.8616337 8.8525434 8.8434452 8.8343644 8.8253279 8.8163645 8.8075041 8.798778 8.7902181 8.7818567 8.7737261 8.7658577 8.7582821 8.7510279 8.7441215 8.7375864 8.7314428 8.7257072 8.7203924 8.7155075 8.7110577 8.7070451 8.7034696 8.7003292 8.6976212 8.6953436 8.6934957
9.0877602 9.0834306 9.078957 9.0743357 9.0695628 9.0646346 9.0595472 9.0542968 9.0488798 9.0432924 9.0375312 9.0315929 9.0254741 9.019172 9.0126839 9.0060075 8.9991407 8.9920821 8.9848309 8.9773866 8.9697497 8.9619214 8.953904 8.9457004 8.9373152 8.928754 8.9200238 8.9111332 8.9020926 8.892914 8.8836116 8.8742014 8.8647017 8.855133 8.8455182 8.8358822 8.8262524 8.8166582 8.8071311 8.7977042 8.7884123 8.779291 8.7703768 8.761706 8.7533145 8.7452367 8.7375055 8.7301507 8.7231989 8.7166727 8.7105902 8.7049649 8.6998053 8.6951155 8.6908956 8.6871423 8.6838504 8.6810138 8.6786274 8.6766881
9.0897157 9.0853087 9.0807517 9.0760406 9.0711712 9.0661392 9.0609403 9.0555703 9.0500248 9.0442998 9.0383911 9.0322947 9.0260067 9.0195236 9.012842 9.0059588 8.9988713 8.9915773 8.984075 8.9763634 8.9684422 8.9603117 8.9519734 8.9434298 8.9346845 8.9257427 8.916611 8.9072975 8.8978124 8.8881677 8.8783778 8.8684591 8.8584306 8.8483138 8.838133 8.8279149 8.8176891 8.8074875 8.7973448 8.7872976 8.7773846 8.7676458 8.7581221 8.748855 8.7398853 8.7312525 8.7229941 8.7151444 8.7077337 8.7007876 8.6943262 8.6883636 8.6829078 8.6779611 8.6735204 8.6695785 8.6661253 8.6631498 8.6606419 8.658595
9.0917168 9.0872331 9.0825934 9.0777931 9.0728276 9.067692 9.0623816 9.0568916 9.0512172 9.0453536 9.039296 9.0330398 9.0265804 9.0199136 9.013035 9.0059408 8.9986276 8.9910922 8.9833319 8.9753449 8.9671298 8.9586862 8.9500146 8.9411166 8.9319951 8.9226544 8.9131005 8.903341 8.8933856 8.8832462 8.872937 8.8624749 8.8518795 8.8411731 8.8303814 8.8195329 8.8086593 8.7977957 8.7869797 8.7762521 8.7656558 8.7552359 8.7450388 8.7351115 8.7255009 8.7162525 8.7074095 8.6990119 8.6910945 8.6836868 8.6768111 8.6704826 8.6647086 8.6594889 8.6548161 8.6506774 8.6470561 8.6439338 8.6412937 8.6391228
9.0937673 9.0892081 9.0844866 9.079598 9.074537 9.0692983 9.0638768 9.058267 9.0524634 9.0464607 9.0402534 9.0338362 9.0272036 9.0203506 9.0132721 9.0059633 8.9984198 8.9906374 8.9826126 8.9743423 8.9658243 8.9570569 8.9480396 8.938773 8.929259 8.9195008 8.9095036 8.8992742 8.8888218 8.8781576 8.8672959 8.8562535 8.8450503 8.8337096 8.8222583 8.8107266 8.7991487 8.7875623 8.776009 8.7645337 8.7531842 8.7420114 8.7310678 8.7204072 8.7100835 8.7001498 8.6906562 8.6816496 8.6731707 8.6652538 8.6579247 8.6511996 8.6450852 8.6395778 8.6346648 8.6303256 8.6265341 8.6232619 8.6204817 8.6181716
9.0958714 9.0912379 9.0864359 9.0814601 9.0763046 9.0709639 9.0654319 9.0597027 9.0537703 9.0476285 9.0412711 9.034692 9.027885 9.020844 9.0135631 9.0060364 8.9982586 8.9902243 8.9819289 8.9733681 8.9645384 8.9554369 8.9460619 8.9364127 8.9264899 8.9162955 8.9058336 8.8951099 8.8841327 8.8729127 8.8614634 8.8498014 8.8379471 8.8259241 8.8137605 8.8014882 8.7891436 8.7767676 8.7644056 8.752107 8.7399255 8.727918 8.7161443 8.7046663 8.6935464 8.6828462 8.6726252 8.6629383 8.6538344 8.6453539 8.6375269 8.630372 8.6238948 8.6180877 8.612931 8.6083938 8.6044376 8.6010195 8.5980974 8.5956358
