Cobbity3/QGIS/S10_run1.asc
NCOLS 800
NROWS 450
XLLCORNER 150.66
YLLCORNER -34.028
CELLSIZE 1e-05
NODATA_VALUE -9999
[rows 52 to 77 of 450, columns 360 to 419 of 800]
7.7654378 7.7936151 7.8202602 7.8455057 7.8694688 7.8922527 7.9139488 7.9346384 7.9543938 7.9732797 7.9913542 8.0086698 8.0252741 8.0412101 8.0565173 8.0712318 8.0853869 8.0990131 8.1121388 8.1247902 8.1369917 8.1487662 8.1601349 8.1711176 8.181733 8.1919987 8.2019309 8.2115453 8.2208564 8.2298779 8.2386228 8.2471034 8.2553313 8.2633173 8.2710719 8.2786048 8.2859255 8.2930426 8.2999645 8.3066992 8.3132541 8.3196364 8.325853 8.3319101 8.3378139 8.3435703 8.3491847 8.3546624 8.3600084 8.3652275 8.3703241 8.3753026 8.3801671 8.3849216 8.3895696 8.3941149 8.3985608 8.4029105 8.4071671 8.4113337
7.7820316 7.8097378 7.8359614 7.8608244 7.884436 7.9068935 7.9282842 7.9486859 7.9681686 7.9867952 8.0046225 8.021702 8.0380802 8.0537997 8.0688993 8.0834147 8.0973786 8.1108212 8.1237706 8.1362526 8.1482913 8.1599092 8.1711273 8.1819651 8.1924409 8.2025721 8.2123747 8.221864 8.2310544 8.2399593 8.2485914 8.2569629 8.265085 8.2729686 8.2806239 8.2880603 8.2952872 8.3023131 8.3091462 8.3157944 8.3222649 8.3285649 8.334701 8.3406794 8.3465063 8.3521873 8.3577279 8.3631332 8.3684082 8.3735576 8.3785858 8.383497 8.3882953 8.3929847 8.3975687 8.4020509 8.4064346 8.410723 8.4149193 8.4190263
7.7990101 7.8261858 7.8519377 7.8763759 7.8996006 7.9217021 7.9427624 7.9628554 7.982048 8.0004008 8.0179687 8.0348015 8.0509449 8.0664403 8.0813258 8.0956363 8.1094041 8.1226589 8.1354281 8.1477373 8.1596101 8.1710686 8.1821334 8.1928239 8.2031579 8.2131525 8.2228236 8.2321861 8.241254 8.2500407 8.2585586 8.2668195 8.2748347 8.2826146 8.2901693 8.2975081 8.3046402 8.3115739 8.3183173 8.3248781 8.3312636 8.3374805 8.3435354 8.3494346 8.355184 8.3607892 8.3662555 8.3715881 8.3767917 8.381871 8.3868305 8.3916742 8.3964061 8.4010302 8.40555 8.409969 8.4142905 8.4185176 8.4226535 8.4267009
7.8163334 7.8429296 7.8681673 7.892144 7.9149502 7.9366689 7.9573759 7.9771409 7.9960269 8.0140919 8.0313883 8.0479645 8.0638643 8.0791281 8.0937931 8.1078933 8.1214602 8.1345228 8.147108 8.159241 8.1709448 8.1822411 8.1931503 8.2036911 8.2138812 8.2237374 8.2332751 8.242509 8.2514529 8.2601198 8.2685221 8.2766712 8.2845781 8.2922532 8.2997063 8.3069466 8.3139829 8.3208236 8.3274765 8.3339492 8.3402488 8.346382 8.3523552 8.3581747 8.3638461 8.369375 8.3747666 8.3800261 8.385158 8.3901671 8.3950575 8.3998335 8.4044989 8.4090576 8.413513 8.4178688 8.422128 8.4262938 8.4303692 8.4343571
7.8339539 7.8599326 7.8846218 7.9081066 7.9304676 7.95178 7.9721137 7.991533 8.0100975 8.0278616 8.0448756 8.0611854 8.0768335 8.0918587 8.106297 8.1201815 8.1335427 8.146409 8.1588066 8.1707601 8.182292 8.1934236 8.2041746 8.2145636 8.2246079 8.2343237 8.2437263 8.2528301 8.2616486 8.2701944 8.2784798 8.2865159 8.2943135 8.3018827 8.3092332 8.316374 8.3233138 8.3300606 8.3366223 8.3430063 8.3492194 8.3552683 8.3611593 8.3668985 8.3724915 8.3779437 8.3832604 8.3884464 8.3935064 8.3984449 8.4032662 8.4079742 8.412573 8.4170661 8.4214572 8.4257496 8.4299465 8.434051 8.438066 8.4419944
7.8518184 7.877153 7.9012682 7.9242374 7.9461317 7.9670185 7.9869615 8.0060202 8.0242498 8.0417016 8.058423 8.0744578 8.0898465 8.1046265 8.1188323 8.132496 8.1456472 8.1583133 8.1705199 8.1822908 8.193648 8.2046124 8.2152031 8.2254383 8.2353348 8.2449086 8.2541746 8.2631469 8.2718385 8.2802621 8.2884294 8.2963514 8.3040387 8.3115011 8.3187482 8.3257887 8.3326312 8.3392835 8.3457534 8.3520479 8.358174 8.3641382 8.3699465 8.375605 8.3811193 8.3864945 8.3917359 8.3968482 8.401836 8.4067038 8.4114557 8.4160958 8.4206277 8.4250553 8.4293819 8.4336109 8.4377455 8.4417886 8.4457433 8.4496122
7.8698719 7.8945464 7.9180707 7.9405073 7.9619186 7.9823647 8.0019032 8.0205886 8.0384721 8.0556016 8.0720217 8.0877737 8.1028963 8.1174251 8.1313933 8.1448316 8.1577687 8.170231 8.1822434 8.193829 8.2050091 8.215804 8.2262324 8.2363119 8.246059 8.2554893 8.2646172 8.2734566 8.2820203 8.2903205 8.2983686 8.3061756 8.3137517 8.3211066 8.3282494 8.335189 8.3419335 8.3484907 8.3548681 8.3610728 8.3671115 8.3729904 8.3787158 8.3842933 8.3897284 8.3950264 8.4001922 8.4052306 8.4101461 8.414943 8.4196254 8.4241974 8.4286625 8.4330244 8.4372866 8.4414522 8.4455244 8.4495063 8.4534006 8.4572102
7.8880597 7.9120679 7.934992 7.9568856 7.9778027 7.997797 8.0169205 8.0352228 8.0527513 8.0695503 8.0856617 8.1011245 8.1159751 8.1302476 8.1439735 8.1571825 8.1699018 8.1821573 8.1939727 8.2053704 8.2163711 8.2269945 8.2372587 8.2471809 8.2567771 8.2660625 8.2750512 8.2837566 8.2921913 8.3003671 8.3082953 8.3159864 8.3234505 8.3306971 8.3377351 8.3445731 8.3512191 8.3576807 8.3639653 8.3700797 8.3760304 8.3818239 8.3874658 8.392962 8.3983178 8.4035383 8.4086284 8.4135928 8.4184358 8.4231617 8.4277746 8.4322784 8.4366766 8.4409729 8.4451705 8.4492728 8.4532828 8.4572034 8.4610375 8.4647877
7.9063295 7.9296734 7.9519953 7.9733409 7.9937576 8.0132931 8.0319943 8.0499065 8.0670731 8.0835353 8.0993322 8.1145005 8.1290744 8.1430862 8.1565661 8.1695422 8.1820409 8.1940867 8.2057027 8.2169103 8.2277298 8.2381799 8.2482784 8.2580419 8.267486 8.2766253 8.2854737 8.2940441 8.3023489 8.3103995 8.318207 8.3257816 8.3331331 8.3402708 8.3472035 8.3539393 8.3604863 8.366852 8.3730433 8.379067 8.3849297 8.3906373 8.3961956 8.4016103 8.4068866 8.4120294 8.4170437 8.4219338 8.4267043 8.4313592 8.4359025 8.440338 8.4446694 8.4489 8.4530332 8.4570722 8.46102 8.4648794 8.4686533 8.4723444
7.9246334 7.9473217 7.9690449 7.9898427 8.0097569 8.0288303 8.047105 8.0646225 8.0814226 8.0975437 8.1130218 8.1278915 8.142185 8.1559329 8.1691637 8.1819043 8.1941798 8.2060138 8.2174284 8.2284442 8.2390807 8.2493562 8.2592877 8.2688913 8.2781821 8.2871744 8.2958816 8.3043163 8.3124904 8.3204152 8.3281014 8.3355589 8.3427973 8.3498257 8.3566525 8.363286 8.3697336 8.3760029 8.3821007 8.3880336 8.3938078 8.3994294 8.404904 8.410237 8.4154336 8.4204988 8.425437 8.430253 8.4349508 8.4395347 8.4440084 8.4483757 8.4526402 8.4568052 8.4608741 8.4648498 8.4687354 8.4725338 8.4762477 8.4798796
7.9429285 7.9649745 7.986107 8.0063613 8.0257747 8.0443857 8.0622327 8.0793534 8.0957847 8.1115618 8.1267186 8.141287 8.1552977 8.1687792 8.1817587 8.1942618 8.2063122 8.2179327 8.2291444 8.239967 8.2504194 8.2605191 8.2702826 8.2797254 8.2888622 8.2977067 8.306272 8.3145704 8.3226133 8.3304118 8.3379761 8.3453161 8.3524411 8.3593598 8.3660805 8.3726112 8.3789594 8.3851321 8.3911361 8.3969779 8.4026636 8.4081991 8.4135898 8.4188411 8.423958 8.4289453 8.4338076 8.4385493 8.4431746 8.4476874 8.4520915 8.4563907 8.4605884 8.4646879 8.4686924 8.4726051 8.4764287 8.4801661 8.4838201 8.4873931
7.9611771 7.9825973 8.0031505 8.0228687 8.041786 8.0599374 8.0773578 8.0940821 8.110144 8.1255763 8.1404103 8.1546763 8.1684026 8.1816164 8.1943433 8.2066074 8.2184317 8.2298375 8.2408452 8.2514738 8.2617412 8.2716643 8.2812591 8.2905405 8.2995227 8.308219 8.3166419 8.3248035 8.3327148 8.3403866 8.3478289 8.3550511 8.3620624 8.3688712 8.3754856 8.3819134 8.3881618 8.3942378 8.400148 8.4058987 8.4114958 8.4169451 8.4222519 8.4274214 8.4324586 8.4373681 8.4421545 8.446822 8.4513747 8.4558165 8.4601512 8.4643823 8.4685133 8.4725474 8.4764878 8.4803374 8.4840991 8.4877758 8.49137 8.4948842
7.9793466 8.0001593 8.0201468 8.0393391 8.0577675 8.0754642 8.0924616 8.1087915 8.1244853 8.1395734 8.1540851 8.1680484 8.18149 8.1944356 8.2069094 8.2189341 8.2305316 8.2417223 8.2525255 8.2629594 8.2730414 8.2827875 8.2922132 8.3013328 8.3101601 8.3187078 8.3269882 8.3350128 8.3427924 8.3503373 8.3576573 8.3647617 8.3716591 8.3783579 8.384866 8.3911908 8.3973394 8.4033187 8.4091351 8.4147946 8.4203031 8.4256662 8.4308891 8.4359769 8.4409344 8.4457662 8.4504767 8.4550701 8.4595503 8.4639213 8.4681866 8.4723498 8.4764142 8.4803831 8.4842594 8.4880462 8.4917463 8.4953623 8.4988969 8.5023525
7.9974089 8.0176333 8.0370702 8.0557483 8.0736969 8.0909461 8.1075257 8.1234653 8.138794 8.1535401 8.1677309 8.1813926 8.1945503 8.2072282 8.219449 8.2312345 8.2426053 8.2535808 8.2641795 8.2744188 8.2843152 8.2938843 8.3031408 8.3120987 8.3207709 8.3291701 8.3373079 8.3451954 8.3528432 8.3602613 8.3674591 8.3744456 8.3812292 8.387818 8.3942197 8.4004416 8.4064906 8.4123732 8.4180958 8.4236642 8.4290842 8.4343612 8.4395003 8.4445065 8.4493845 8.4541387 8.4587735 8.4632929 8.4677008 8.4720011 8.4761972 8.4802926 8.4842906 8.4881944 8.4920069 8.495731 8.4993696 8.5029252 8.5064004 8.5097976
8.0153393 8.0349946 8.053897 8.0720742 8.0895539 8.1063642 8.122533 8.1380879 8.1530559 8.1674635 8.1813361 8.1946983 8.2075739 8.2199854 8.2319544 8.2435015 8.2546463 8.2654071 8.2758018 8.2858468 8.2955581 8.3049504 8.314038 8.3228342 8.3313517 8.3396025 8.3475979 8.3553486 8.3628648 8.3701562 8.3772319 8.3841006 8.3907706 8.3972496 8.4035451 8.4096643 8.4156137 8.4213998 8.4270287 8.4325063 8.4378379 8.443029 8.4480845 8.4530093 8.4578079 8.4624847 8.4670439 8.4714895 8.4758253 8.480055 8.4841821 8.48821 8.4921418 8.4959807 8.4997295 8.5033912 8.5069685 8.5104639 8.5138799 8.517219
8.0331156 8.0522212 8.070606 8.0882966 8.1053195 8.121701 8.1374674 8.1526444 8.1672575 8.1813312 8.1948895 8.2079555 8.2205515 8.2326988 8.2444178 8.255728 8.266648 8.2771953 8.2873869 8.2972385 8.3067652 8.3159814 8.3249007 8.3335359 8.3418991 8.3500018 8.3578552 8.3654694 8.3728544 8.3800194 8.3869734 8.3937247 8.4002813 8.4066508 8.4128404 8.418857 8.4247072 8.430397 8.4359326 8.4413194 8.446563 8.4516684 8.4566405 8.4614841 8.4662035 8.4708031 8.475287 8.4796591 8.483923 8.4880824 8.4921408 8.4961013 8.4999672 8.5037414 8.5074269 8.5110264 8.5145425 8.517978 8.5213351 8.5246163
8.0507175 8.0692931 8.0871778 8.1043971 8.1209762 8.1369403 8.1523138 8.1671211 8.181386 8.1951316 8.2083805 8.2211543 8.2334742 8.2453602 8.2568317 8.2679071 8.2786042 8.2889396 8.2989294 8.3085888 8.3179321 8.3269732 8.335725 8.3441999 8.3524095 8.360365 8.3680769 8.3755552 8.3828095 8.3898487 8.3966813 8.4033156 8.4097593 8.4160197 8.4221038 8.4280183 8.4337695 8.4393634 8.4448059 8.4501024 8.4552582 8.4602782 8.4651673 8.4699299 8.4745706 8.4790933 8.4835021 8.4878009 8.4919932 8.4960826 8.5000725 8.5039659 8.5077661 8.5114759 8.5150983 8.5186359 8.5220912 8.525467 8.5287654 8.5319889
8.0681262 8.0861919 8.1035946 8.1203588 8.1365084 8.1520672 8.1670585 8.1815052 8.1954297 8.2088539 8.2217989 8.2342855 8.2463334 8.2579618 8.2691889 8.2800323 8.2905088 8.3006343 8.3104242 8.319893 8.3290544 8.3379216 8.3465071 8.3548227 8.3628797 8.3706888 8.3782601 8.3856033 8.3927275 8.3996415 8.4063535 8.4128714 8.4192027 8.4253545 8.4313336 8.4371464 8.4427991 8.4482976 8.4536475 8.4588541 8.4639224 8.4688575 8.4736638 8.4783459 8.482908 8.4873542 8.4916883 8.4959141 8.5000352 8.5040549 8.5079765 8.5118032 8.515538 8.5191838 8.5227433 8.5262192 8.5296141 8.5329304 8.5361705 8.5393366
8.085324 8.1029008 8.1198406 8.1361665 8.1519017 8.1670684 8.1816889 8.1957849 8.2093776 8.2224878 8.2351356 8.2473405 8.2591213 8.2704962 8.2814826 8.2920971 8.3023559 8.3122741 8.3218663 8.3311464 8.3401276 8.3488226 8.3572432 8.3654009 8.3733065 8.3809703 8.388402 8.395611 8.4026061 8.4093957 8.4159878 8.4223901 8.4286096 8.4346535 8.4405281 8.4462399 8.4517947 8.4571982 8.462456 8.4675731 8.4725545 8.477405 8.482129 8.486731 8.491215 8.495585 8.4998448 8.503998 8.5080482 8.5119985 8.5158523 8.5196126 8.5232824 8.5268644 8.5303614 8.5337759 8.5371106 8.5403678 8.5435498 8.5466589
8.1022948 8.1194046 8.1359013 8.1518069 8.1671433 8.1819318 8.1961937 8.2099497 8.22322 8.2360243 8.2483819 8.2603112 8.2718303 8.2829565 8.2937063 8.3040957 8.31414 8.3238537 8.3332508 8.3423446 8.3511478 8.3596723 8.3679298 8.3759312 8.3836868 8.3912066 8.3985 8.4055759 8.4124429 8.4191091 8.4255822 8.4318696 8.4379782 8.4439149 8.4496858 8.4552972 8.4607547 8.4660639 8.4712301 8.4762583 8.4811533 8.4859198 8.490562 8.4950843 8.4994907 8.503785 8.5079709 8.5120519 8.5160315 8.5199129 8.5236992 8.5273935 8.5309985 8.5345172 8.537952 8.5413056 8.5445804 8.5477788 8.5509031 8.5539554
8.1190241 8.1356902 8.1517645 8.1672681 8.1822221 8.196647 8.210563 8.2239901 8.2369478 8.2494549 8.2615298 8.2731904 8.2844537 8.2953363 8.3058542 8.3160225 8.325856 8.3353685 8.3445734 8.3534835 8.3621109 8.3704672 8.3785635 8.3864103 8.3940176 8.4013949 8.4085513 8.4154954 8.4222355 8.4287794 8.4351346 8.4413081 8.4473068 8.4531371 8.4588051 8.4643168 8.4696778 8.4748933 8.4799686 8.4849086 8.4897178 8.4944008 8.4989618 8.503405 8.5077342 8.5119532 8.5160657 8.520075 8.5239846 8.5277974 8.5315167 8.5351453 8.5386861 8.5421417 8.5455147 8.5488077 8.552023 8.555163 8.5582298 8.5612257
8.1355 8.1517463 8.1674196 8.1825404 8.1971288 8.2112048 8.2247881 8.237898 8.2505533 8.2627723 8.2745726 8.2859713 8.2969851 8.3076298 8.3179207 8.3278724 8.3374989 8.3468137 8.3558296 8.3645589 8.3730132 8.3812037 8.389141 8.3968352 8.404296 8.4115324 8.4185534 8.4253672 8.4319818 8.4384046 8.444643 8.4507038 8.4565935 8.4623184 8.4678845 8.4732974 8.4785626 8.4836853 8.4886705 8.4935228 8.4982469 8.5028471 8.5073275 8.5116921 8.5159447 8.5200891 8.5241286 8.5280667 8.5319066 8.5356515 8.5393041 8.5428675 8.5463444 8.5497374 8.553049 8.5562818 8.559438 8.5625199 8.5655297 8.5684695
8.1517131 8.1675644 8.1828586 8.1976157 8.2118555 8.2255978 8.2388618 8.2516663 8.2640298 8.2759699 8.2875038 8.2986482 8.309419 8.3198316 8.3299007 8.3396405 8.3490643 8.3581853 8.3670157 8.3755673 8.3838513 8.3918786 8.3996592 8.407203 8.4145193 8.4216168 8.4285041 8.4351892 8.4416796 8.4479828 8.4541057 8.4600549 8.4658368 8.4714574 8.4769225 8.4822376 8.487408 8.4924387 8.4973345 8.5021 8.5067397 8.5112577 8.5156581 8.5199448 8.5241215 8.5281917 8.5321589 8.5360264 8.5397972 8.5434744 8.547061 8.5505596 8.5539731 8.5573039 8.5605546 8.5637275 8.566825 8.5698492 8.5728023 8.5756864
8.1676573 8.1831385 8.1980754 8.212488 8.2263964 8.2398201 8.2527781 8.2652892 8.2773715 8.2890422 8.3003183 8.3112158 8.3217505 8.331937 8.3417899 8.3513226 8.3605483 8.3694794 8.3781279 8.3865051 8.394622 8.4024888 8.4101153 8.4175111 8.424685 8.4316456 8.4384011 8.4449591 8.4513271 8.4575121 8.4635209 8.4693599 8.4750352 8.4805527 8.4859179 8.4911362 8.4962127 8.5011523 8.5059596 8.5106392 8.5151952 8.5196318 8.523953 8.5281624 8.5322638 8.5362605 8.540156 8.5439533 8.5476556 8.5512658 8.5547867 8.5582211 8.5615716 8.5648407 8.5680309 8.5711444 8.5741836 8.5771505 8.5800474 8.5828761
8.1833299 8.1984654 8.2130664 8.2271536 8.2407472 8.2538671 8.2665326 8.2787621 8.2905737 8.3019846 8.3130113 8.3236697 8.3339751 8.3439419 8.353584 8.3629148 8.3719469 8.3806925 8.3891629 8.3973693 8.4053222 8.4130314 8.4205066 8.4277569 8.4347908 8.4416166 8.4482422 8.4546751 8.4609223 8.4669908 8.4728871 8.4786172 8.4841873 8.4896028 8.4948693 8.4999919 8.5049756 8.5098251 8.5145449 8.5191393 8.5236126 8.5279686 8.5322113 8.5363442 8.540371 8.5442949 8.5481192 8.551847 8.5554813 8.559025 8.5624809 8.5658516 8.5691396 8.5723475 8.5754776 8.5785321 8.5815134 8.5844235 8.5872645 8.5900384
8.1987312 8.2135445 8.2278303 8.2416102 8.2549054 8.2677361 8.2801218 8.2920814 8.3036329 8.3147933 8.3255792 8.3360061 8.3460891 8.3558425 8.3652797 8.3744138 8.3832571 8.3918214 8.4001178 8.408157 8.4159492 8.423504 8.4308307 8.4379381 8.4448344 8.4515277 8.4580256 8.4643352 8.4704636 8.4764173 8.4822025 8.4878254 8.4932915 8.4986065 8.5037756 8.5088037 8.5136956 8.518456 8.5230893 8.5275996 8.5319909 8.5362673 8.5404322 8.5444894 8.5484423 8.552294 8.5560479 8.5597069 8.5632738 8.5667517 8.570143 8.5734505 8.5766766 8.5798238 8.5828943 8.5858904 8.5888142 8.5916679 8.5944535 8.5971728
